,0,1,2,3,4,5,6,7
0,0.002897283,0.0,0.036339816,0.0072095552,0.0021361301,0.0,0.05179456,0.046963662
1,0.0028474063,0.0,0.037528038,0.0072084977,0.0020135927,0.0,0.049577523,0.04696469
2,0.002868109,0.0,0.03736123,0.0072070435,0.0020501113,0.0,0.05223703,0.04696512
3,0.0029205128,0.0,0.037647024,0.0072047007,0.0021294921,0.0,0.049843527,0.046965014
4,0.0028368195,0.0,0.036641933,0.0072011515,0.0021029112,0.0,0.049237568,0.046964284
5,0.0027096223,0.0,0.036707845,0.0071961763,0.002033857,0.0,0.048557267,0.04696253
6,0.0026151391,0.0,0.037025116,0.0071896156,0.0021128692,0.0,0.04849068,0.04695991
7,0.0028582101,0.0,0.036061674,0.0071817073,0.002035177,0.0,0.05185275,0.04695639
8,0.0028581175,0.0,0.03670413,0.0071724,0.0020273386,0.0,0.049082253,0.046953704
9,0.0026042664,0.0,0.03670768,0.0071617234,0.0019833604,0.0,0.04902384,0.04695061
10,0.0028746305,0.0,0.036067456,0.007149749,0.002106287,0.0,0.049841784,0.04694918
11,0.0027398174,0.0,0.037523445,0.0071417247,0.0020744447,0.0,0.05086457,0.046947688
12,0.0027349198,0.0,0.03650492,0.007135499,0.0020422025,0.0,0.050596587,0.04694873
13,0.0027590748,0.0,0.036760673,0.0071310094,0.001974237,0.0,0.049514886,0.04694602
14,0.002996909,0.0,0.036924664,0.0071278834,0.0022199405,0.0,0.049536806,0.046940517
15,0.0030140465,0.0,0.03725981,0.0071247206,0.002020984,0.0,0.050696943,0.046934094
16,0.002602792,0.0,0.037736893,0.0071211164,0.0021473805,0.0,0.049356863,0.046929244
17,0.0028577782,0.0,0.03772381,0.0071186177,0.0020386549,0.0,0.050521735,0.046924144
18,0.0028977934,0.0,0.036864806,0.0071155974,0.0021914376,0.0,0.05112455,0.046921022
19,0.002903431,0.0,0.037260804,0.007112198,0.002058602,0.0,0.05208799,0.046919417
20,0.002752009,0.0,0.03627835,0.00710833,0.0021546683,0.0,0.04815301,0.04691981
21,0.0029194434,0.0,0.037137605,0.007103348,0.002085519,0.0,0.049030934,0.046918422
22,0.0029159435,0.0,0.03731174,0.007097092,0.0020394013,0.0,0.04965246,0.046915416
23,0.0027841548,0.0,0.037388075,0.007089466,0.0020993005,0.0,0.049172092,0.046912543
24,0.0028955175,0.0,0.037220087,0.007081383,0.0020664667,0.0,0.050871238,0.046910062
25,0.0030573935,0.0,0.036936227,0.0070722615,0.0021719004,0.0,0.04961679,0.046907898
26,0.0029149891,0.0,0.037291028,0.0070620445,0.0023198721,0.0,0.051547203,0.046904456
27,0.002694573,0.0,0.037074737,0.00705088,0.0022095465,0.0,0.048395135,0.04690129
28,0.0026958913,0.0,0.036963005,0.007038915,0.0022656738,0.0,0.048130736,0.046898138
29,0.0027768656,0.0,0.037059624,0.007026404,0.0021691506,0.0,0.049134716,0.04689477
30,0.0026441773,0.0,0.038212907,0.0070131184,0.0021257142,0.0,0.05025739,0.04688894
31,0.0025087325,0.0,0.037576858,0.006999609,0.0020856916,0.0,0.050951697,0.04688543
32,0.0025705427,0.0,0.036305983,0.006987474,0.002055436,0.0,0.049478956,0.046882987
33,0.0029803615,0.0,0.037520874,0.0069755963,0.0020485723,0.0,0.048084848,0.046879884
34,0.0026129822,0.0,0.036783967,0.0069641657,0.0020845777,0.0,0.049463723,0.046874437
35,0.0026190528,0.0,0.03743877,0.0069526928,0.0022515457,0.0,0.051325545,0.046868928
36,0.0029866486,0.0,0.03675425,0.006941728,0.0020227092,0.0,0.051808834,0.046862967
37,0.0028146086,0.0,0.036806636,0.006930418,0.002122236,0.0,0.049780227,0.046858624
38,0.0027915346,0.0,0.03707193,0.0069194245,0.0019822265,0.0,0.050424933,0.04685473
39,0.002582841,0.0,0.038007643,0.006908207,0.002002067,0.0,0.049322844,0.046852242
40,0.0026928037,0.0,0.036089182,0.006896611,0.00198597,0.0,0.051297862,0.046849895
41,0.0029156501,0.0,0.03621755,0.0068855016,0.0021825037,0.0,0.05060827,0.04684815
42,0.0024767355,0.0,0.03728671,0.006875056,0.002141828,0.0,0.05065986,0.046845824
43,0.0026946003,0.0,0.037770122,0.006865358,0.0019560151,0.0,0.049430296,0.04684299
44,0.002925315,0.0,0.038290303,0.0068603503,0.00205487,0.0,0.048727445,0.04683951
45,0.0027147506,0.0,0.036931347,0.0068565025,0.0020699084,0.0,0.050850555,0.046833906
46,0.002611352,0.0,0.036808167,0.0068530464,0.0020210745,0.0,0.049258925,0.046827525
47,0.002575422,0.0,0.03825808,0.0068498715,0.0018924996,0.0,0.05005552,0.046824798
48,0.0026189436,0.0,0.037080217,0.0068461206,0.0019905632,0.0,0.05102927,0.04682273
49,0.0025848614,0.0,0.037323985,0.006843739,0.0020141024,0.0,0.04862417,0.04682201
50,0.0024179495,0.0,0.037839275,0.0068411776,0.0020709694,0.0,0.04922645,0.04682121
51,0.0027219513,0.0,0.037023675,0.0068383366,0.0019369011,0.0,0.05311129,0.046820242
52,0.0026890908,0.0,0.03583211,0.0068346527,0.001887314,0.0,0.049052138,0.04681806
53,0.0027452032,0.0,0.03724041,0.0068317624,0.002040348,0.0,0.048735373,0.04681696
54,0.0028494652,0.0,0.037046928,0.0068289214,0.002140896,0.0,0.05128073,0.04681432
55,0.002591901,0.0,0.036912374,0.0068264664,0.0019593763,0.0,0.05035436,0.04681081
56,0.0028121527,0.0,0.03696122,0.006828526,0.0020258734,0.0,0.055432707,0.046810426
57,0.002529485,0.0,0.03688874,0.006831768,0.0019785347,0.0,0.04904001,0.046809293
58,0.0026843715,0.0,0.03655828,0.0068362593,0.0019785592,0.0,0.047988772,0.046806768
59,0.0025737088,0.0,0.036614217,0.0068404,0.0019917928,0.0,0.050103433,0.04680064
60,0.0027422612,0.0,0.036736414,0.0068435427,0.0018622141,0.0,0.049098916,0.04679524
61,0.0029098138,0.0,0.037532788,0.0068449588,0.0020649491,0.0,0.049415547,0.04679077
62,0.002733399,0.0,0.03765276,0.006844892,0.0019800467,0.0,0.05159357,0.046786737
63,0.0025998368,0.0,0.03611935,0.006844173,0.001994416,0.0,0.052910935,0.04678441
64,0.0027723843,0.0,0.037570056,0.0068419804,0.0019340508,0.0,0.050423298,0.04678665
65,0.0027155902,0.0,0.036675867,0.006838528,0.0021005515,0.0,0.04711028,0.046793103
66,0.0029154976,0.0,0.03711042,0.006837286,0.0019763436,0.0,0.048026357,0.046798784
67,0.0026989395,0.0,0.037316643,0.0068360087,0.0021171155,0.0,0.053194262,0.04680271
68,0.002665779,0.0,0.03599131,0.006834274,0.0019396573,0.0,0.047526807,0.046810724
69,0.0027416905,0.0,0.035889573,0.0068317186,0.0020943298,0.0,0.051433347,0.046816662
70,0.0026151047,0.0,0.037542477,0.0068304385,0.0019383435,0.0,0.051128134,0.046821557
71,0.0027953645,0.0,0.036666844,0.006828854,0.0020418633,0.0,0.049548626,0.046826277
72,0.0026696958,0.0,0.037481617,0.006826674,0.00195554,0.0,0.051250078,0.04683074
73,0.00267064,0.0,0.036768,0.0068235938,0.0021170026,0.0,0.04848501,0.046833586
74,0.0025902267,0.0,0.03668269,0.006819441,0.002080833,0.0,0.04993454,0.046832792
75,0.0026811196,0.0,0.03701041,0.006814101,0.0020467157,0.0,0.047689397,0.046830207
76,0.002775458,0.0,0.037395623,0.006807544,0.0019490162,0.0,0.05082034,0.046827585
77,0.0027347768,0.0,0.03799149,0.0067997896,0.002109237,0.0,0.050388083,0.04682511
78,0.002733612,0.0,0.0368756,0.006790877,0.0020261968,0.0,0.05213876,0.046823785
79,0.00278743,0.0,0.03707523,0.0067811892,0.0022565196,0.0,0.048332997,0.04682466
80,0.0027764945,0.0,0.037376225,0.006770949,0.0020072982,0.0,0.04852687,0.046824414
81,0.0027733638,0.0,0.036620285,0.0067602796,0.0019830693,0.0,0.049769513,0.046825834
82,0.0029048487,0.0,0.03720746,0.00674896,0.002102216,0.0,0.050907217,0.046828702
83,0.0026268167,0.0,0.036873832,0.006737026,0.0021256462,0.0,0.050455652,0.046830487
84,0.0027488316,0.0,0.036325026,0.006724898,0.002137029,0.0,0.050914265,0.046831325
85,0.0029935865,0.0,0.03669118,0.0067123566,0.0020248664,0.0,0.050262094,0.046832997
86,0.002768829,0.0,0.03762432,0.0067013204,0.002024904,0.0,0.049327224,0.04683755
87,0.0027531537,0.0,0.0372711,0.006690406,0.001934437,0.0,0.050047934,0.04684127
88,0.0029031741,0.0,0.036853347,0.00667951,0.002186271,0.0,0.05046115,0.046846457
89,0.002696512,0.0,0.03789395,0.006668438,0.001956329,0.0,0.05075732,0.04685277
90,0.0027089182,0.0,0.037607424,0.006657097,0.0021720172,0.0,0.0492323,0.046863455
91,0.0028843784,0.0,0.037498754,0.006645438,0.0021123115,0.0,0.05107254,0.046874456
92,0.0027875453,0.0,0.036929633,0.0066334615,0.0021751553,0.0,0.051843625,0.046886068
93,0.0026613448,0.0,0.0379603,0.006621154,0.002028758,0.0,0.05325509,0.046896927
94,0.0026904345,0.0,0.03792962,0.006614624,0.002038843,0.0,0.049894627,0.046906073
95,0.0027260329,0.0,0.03625261,0.0066108354,0.0018865828,0.0,0.051367197,0.046914373
96,0.0027202482,0.0,0.037916258,0.0066101803,0.0021995376,0.0,0.05069638,0.046921574
97,0.0028598264,0.0,0.037746686,0.006610693,0.002060671,0.0,0.05058383,0.046931297
98,0.0029338715,0.0,0.036837894,0.006611406,0.0022424692,0.0,0.050514523,0.04694083
99,0.0027148367,0.0,0.037954867,0.0066125607,0.0020189495,0.0,0.04986879,0.04694873
100,0.0028758645,0.0,0.038074866,0.006613046,0.0021135171,0.0,0.048426367,0.046956573
101,0.0025731535,0.0,0.03723444,0.0066125444,0.0020079953,0.0,0.048444845,0.046960164
102,0.0026793613,0.0,0.036079828,0.0066131596,0.0020571842,0.0,0.050199445,0.046962325
103,0.0029258537,0.0,0.03766436,0.0066133286,0.0019910794,0.0,0.047101885,0.04696356
104,0.002668544,0.0,0.037095882,0.006612712,0.002023658,0.0,0.05013028,0.046960782
105,0.0026367747,0.0,0.037562855,0.0066111,0.0021363716,0.0,0.05030063,0.0469591
106,0.002843654,0.0,0.036547374,0.0066093085,0.002094234,0.0,0.050087586,0.046959393
107,0.0026264545,0.0,0.036216922,0.0066066687,0.0020433392,0.0,0.048259407,0.04696026
108,0.0027731885,0.0,0.036310982,0.0066031665,0.0020317128,0.0,0.050165087,0.04696277
109,0.002689603,0.0,0.0370528,0.0065988284,0.0020094316,0.0,0.048064824,0.04696237
110,0.0026546894,0.0,0.03834171,0.0065939142,0.002174535,0.0,0.052058462,0.046960816
111,0.002632768,0.0,0.037657913,0.006587905,0.0019377575,0.0,0.0507764,0.046959728
112,0.0025371832,0.0,0.037029117,0.0065809996,0.002277046,0.0,0.05094501,0.04695968
113,0.0028291577,0.0,0.036418192,0.006573222,0.0021305426,0.0,0.050766546,0.046961784
114,0.0024786596,0.0,0.03651982,0.006564654,0.0022216584,0.0,0.04917666,0.046964016
115,0.0026323856,0.0,0.037323564,0.0065556173,0.0021916283,0.0,0.050829265,0.046964686
116,0.002748392,0.0,0.03812529,0.0065459795,0.0021145071,0.0,0.050548185,0.046964195
117,0.0026501452,0.0,0.03780994,0.0065392847,0.0021426748,0.0,0.05266916,0.04696469
118,0.0026545036,0.0,0.03758968,0.0065357205,0.002022304,0.0,0.050055176,0.046967287
119,0.0026908887,0.0,0.03636506,0.006532879,0.0021357494,0.0,0.050620098,0.04696838
120,0.002642932,0.0,0.037674513,0.0065306504,0.0021245265,0.0,0.050783757,0.046968166
121,0.0025839817,0.0,0.037618108,0.0065303766,0.0022194483,0.0,0.050569773,0.04696752
122,0.002692427,0.0,0.037218474,0.0065357117,0.0020981182,0.0,0.051893458,0.046966925
123,0.002559049,0.0,0.03760629,0.0065428405,0.0023530016,0.0,0.051057193,0.04696588
124,0.0029163556,0.0,0.036654912,0.006551637,0.0020201146,0.0,0.048306145,0.046964843
125,0.0026424616,0.0,0.03729419,0.00656255,0.0022093833,0.0,0.048111964,0.046960376
126,0.0025631995,0.0,0.038164638,0.006573416,0.0020481215,0.0,0.051686134,0.04695435
127,0.0026774793,0.0,0.03764909,0.0065840115,0.0021103013,0.0,0.0519766,0.046948176
128,0.0028004025,0.0,0.037512332,0.006594312,0.002004552,0.0,0.048332546,0.04694252
129,0.0028789765,0.0,0.03710959,0.006603707,0.0021275498,0.0,0.050279155,0.046937156
130,0.0027074884,0.0,0.036609586,0.006611814,0.002053632,0.0,0.051691048,0.046932522
131,0.0027115357,0.0,0.03756504,0.0066192215,0.0019388116,0.0,0.049233172,0.046929333
132,0.0027280326,0.0,0.03680587,0.006625201,0.0018744536,0.0,0.049399853,0.046924952
133,0.002811239,0.0,0.036412906,0.0066293855,0.0021090053,0.0,0.049871285,0.046920087
134,0.0028982668,0.0,0.03653853,0.006633503,0.001893196,0.0,0.05071272,0.046914734
135,0.002601717,0.0,0.03675409,0.0066359784,0.002139917,0.0,0.049189646,0.046909954
136,0.0028270865,0.0,0.036265142,0.0066379565,0.0019569288,0.0,0.048313245,0.04690388
137,0.002790902,0.0,0.03692699,0.006638388,0.0020689704,0.0,0.05104208,0.046897907
138,0.002845097,0.0,0.037518814,0.006637315,0.0020090495,0.0,0.049435053,0.046891857
139,0.002699349,0.0,0.03755411,0.0066347374,0.002040934,0.0,0.049936444,0.046886597
140,0.0026005623,0.0,0.037157875,0.006632147,0.0021130214,0.0,0.05321239,0.04688352
141,0.002722205,0.0,0.037951656,0.006632155,0.0020841605,0.0,0.05090031,0.046881627
142,0.002683639,0.0,0.036651757,0.0066331765,0.0020279153,0.0,0.050622836,0.04688177
143,0.0026927723,0.0,0.03711928,0.006634497,0.002072734,0.0,0.049911182,0.046882458
144,0.002725812,0.0,0.036768954,0.006635709,0.00217836,0.0,0.05175712,0.04688137
145,0.0029303266,0.0,0.0374575,0.0066552833,0.002087813,0.0,0.051061604,0.04688046
146,0.0028460228,0.0,0.037121717,0.0066845687,0.0021209174,0.0,0.050464507,0.04688225
147,0.002671962,0.0,0.037804835,0.006721229,0.0022132518,0.0,0.050714843,0.04688594
148,0.002845315,0.0,0.03704618,0.00676111,0.0020311286,0.0,0.04772711,0.046888437
149,0.0025770534,0.0,0.03618711,0.0068017617,0.0020710418,0.0,0.05096324,0.046890672
150,0.0025927552,0.0,0.037376277,0.00684236,0.0019212392,0.0,0.051525798,0.046889253
151,0.0026091714,0.0,0.037046976,0.0068809204,0.0020149513,0.0,0.0495952,0.04688807
152,0.0028415814,0.0,0.036591355,0.006916936,0.0021277342,0.0,0.049054906,0.046885096
153,0.002778693,0.0,0.03652755,0.006949608,0.0020679818,0.0,0.04791954,0.04688026
154,0.0029746685,0.0,0.036539655,0.0069794045,0.0020657722,0.0,0.04768129,0.046876784
155,0.0028086116,0.0,0.036620107,0.0070054885,0.0019678914,0.0,0.05064209,0.04687258
156,0.002602081,0.0,0.036655396,0.0070276954,0.0019876903,0.0,0.049418412,0.046869602
157,0.0026561825,0.0,0.03695549,0.007046199,0.0021281175,0.0,0.051088084,0.04686523
158,0.0026697388,0.0,0.0363983,0.0070622033,0.001895999,0.0,0.05006233,0.04686403
159,0.0027934257,0.0,0.037187524,0.00707591,0.002059536,0.0,0.05018208,0.046861082
160,0.0027524813,0.0,0.03597629,0.0070867552,0.002055643,0.0,0.051028848,0.046861
161,0.002690397,0.0,0.036989596,0.0070962883,0.0020767027,0.0,0.04997419,0.04686125
162,0.0028035494,0.0,0.03738814,0.0071032606,0.0020849502,0.0,0.050853167,0.046862375
163,0.0028130414,0.0,0.037536535,0.0071080294,0.0019875339,0.0,0.050669987,0.04686187
164,0.002754651,0.0,0.0366174,0.007110113,0.0019686373,0.0,0.046731163,0.04686157
165,0.0029248956,0.0,0.03706711,0.0071114334,0.0021571268,0.0,0.049534425,0.046858918
166,0.0028067953,0.0,0.0377059,0.0071111424,0.001956643,0.0,0.048213944,0.046857562
167,0.0028111076,0.0,0.037047658,0.0071090236,0.0019202423,0.0,0.050913468,0.046856716
168,0.002763484,0.0,0.036700208,0.007107923,0.0019447115,0.0,0.048643954,0.046856012
169,0.0028766748,0.0,0.03675681,0.007109374,0.0018828121,0.0,0.05236543,0.04685433
170,0.0025277878,0.0,0.03641374,0.0071116234,0.0019955288,0.0,0.049893133,0.046853576
171,0.0026621823,0.0,0.037233163,0.0071135787,0.002006123,0.0,0.048562467,0.046851154
172,0.0026636382,0.0,0.03671353,0.0071146055,0.001863494,0.0,0.050974783,0.046850678
173,0.0029250877,0.0,0.03668128,0.0071142837,0.0020393245,0.0,0.04829002,0.046853032
174,0.0026355041,0.0,0.037942305,0.007112193,0.0019804272,0.0,0.049896117,0.04685729
175,0.0027076015,0.0,0.036884744,0.0071081603,0.002013562,0.0,0.04670005,0.04686217
176,0.0026790854,0.0,0.036762632,0.0071021286,0.0020154705,0.0,0.049270242,0.046865195
177,0.0029476744,0.0,0.03667575,0.007094158,0.0019579793,0.0,0.05037291,0.046867557
178,0.002638436,0.0,0.03631278,0.0070843818,0.0019079837,0.0,0.052889086,0.04686864
179,0.0026192432,0.0,0.03727128,0.0070732706,0.0019893954,0.0,0.050529037,0.046874095
180,0.002713847,0.0,0.037031945,0.0070649353,0.0020959026,0.0,0.05077422,0.04687818
181,0.002894146,0.0,0.037478883,0.0070572607,0.0021043404,0.0,0.04769567,0.046882175
182,0.0026984175,0.0,0.037063263,0.007052707,0.002063206,0.0,0.050251503,0.046885706
183,0.0028802692,0.0,0.036769662,0.0070487,0.0020209227,0.0,0.049907524,0.04689255
184,0.002779717,0.0,0.038123686,0.0070446855,0.0019840025,0.0,0.048741966,0.046896085
185,0.00277274,0.0,0.037329413,0.007040003,0.0020317927,0.0,0.052714545,0.046897836
186,0.0025536383,0.0,0.038021684,0.007040097,0.0021515663,0.0,0.048295937,0.046898715
187,0.002766925,0.0,0.036866277,0.007041963,0.0019721186,0.0,0.05188903,0.046897005
188,0.0026926007,0.0,0.036933403,0.0070443894,0.0020433886,0.0,0.04983581,0.046894345
189,0.002503427,0.0,0.037838668,0.007046454,0.0020572061,0.0,0.048442643,0.046888597
190,0.0025485193,0.0,0.0375343,0.007050422,0.0019269717,0.0,0.049718715,0.046884403
191,0.0026505045,0.0,0.037446484,0.007054034,0.0018989864,0.0,0.04986611,0.046880815
192,0.0024303151,0.0,0.036534004,0.0070567145,0.0019319502,0.0,0.04886367,0.04688142
193,0.0026224086,0.0,0.0361921,0.0070582917,0.0019778018,0.0,0.05248931,0.046879012
194,0.0027941822,0.0,0.03637482,0.007058248,0.001880538,0.0,0.050128546,0.0468781
195,0.0027249064,0.0,0.037277468,0.0070563466,0.0020325463,0.0,0.049255863,0.046876647
196,0.0029395462,0.0,0.037321363,0.007052842,0.0019410555,0.0,0.0510887,0.0468748
197,0.0027636597,0.0,0.037305094,0.007050247,0.0020254105,0.0,0.049787298,0.046873398
198,0.0024789667,0.0,0.036916517,0.007046838,0.0019536654,0.0,0.04960415,0.046872374
199,0.0028618732,0.0,0.037192687,0.007042367,0.0019884228,0.0,0.049236543,0.046873383
200,0.0026803222,0.0,0.036715005,0.0070380466,0.0021013739,0.0,0.048389107,0.046873406
201,0.0027375931,0.0,0.036476653,0.007032727,0.0019915919,0.0,0.049346503,0.04687282
202,0.0026983304,0.0,0.0375005,0.007026521,0.0020104395,0.0,0.053618107,0.046869934
203,0.0026009926,0.0,0.03759267,0.007019976,0.0019204402,0.0,0.04865842,0.04686653
204,0.002733228,0.0,0.036986094,0.007012258,0.002059539,0.0,0.049329136,0.04686264
205,0.0028793158,0.0,0.0372219,0.007003343,0.0019203203,0.0,0.051211573,0.04685937
206,0.0025773135,0.0,0.03725202,0.0069931406,0.0020732782,0.0,0.04928822,0.046856653
207,0.0027633768,0.0,0.037344802,0.0069820546,0.002031448,0.0,0.04832092,0.046854373
208,0.0025997176,0.0,0.037327435,0.00697225,0.0019594904,0.0,0.049621005,0.046852034
209,0.002631103,0.0,0.03743307,0.0069629257,0.0019595753,0.0,0.05055353,0.046848487
210,0.0027369072,0.0,0.03692097,0.0069540045,0.0019541816,0.0,0.04908022,0.046846677
211,0.0025374908,0.0,0.036951177,0.0069461986,0.0018551963,0.0,0.050170757,0.04684303
212,0.002824305,0.0,0.036697064,0.0069385683,0.0020231914,0.0,0.04883069,0.046840895
213,0.0029891615,0.0,0.036864955,0.0069303433,0.0018390546,0.0,0.047335625,0.04683984
214,0.0028909172,0.0,0.036984153,0.006921745,0.0019594703,0.0,0.04891125,0.04683641
215,0.0027600557,0.0,0.037259936,0.0069140494,0.0018911677,0.0,0.04833114,0.046830438
216,0.002578199,0.0,0.037465762,0.006905902,0.0019130744,0.0,0.050278313,0.046824962
217,0.0027023328,0.0,0.0368417,0.0068974267,0.0019921258,0.0,0.047452766,0.04682298
218,0.002797896,0.0,0.037513193,0.006889366,0.0018166433,0.0,0.04957601,0.046819635
219,0.0028051112,0.0,0.036796458,0.006881025,0.0019296912,0.0,0.048780855,0.04681381
220,0.002719535,0.0,0.037767712,0.0068719895,0.0019580459,0.0,0.051120497,0.046809137
221,0.0027519546,0.0,0.036740016,0.0068621687,0.0020767122,0.0,0.047377978,0.04680697
222,0.0026462085,0.0,0.037194356,0.0068515437,0.0019398734,0.0,0.050283615,0.046803232
223,0.0027179902,0.0,0.036857486,0.0068409564,0.0018498922,0.0,0.049769927,0.046799995
224,0.0026464586,0.0,0.036492523,0.0068313414,0.001911258,0.0,0.051983047,0.046799384
225,0.0028478384,0.0,0.037187815,0.0068214163,0.0017954848,0.0,0.048591178,0.04679826
226,0.002896772,0.0,0.037770655,0.006813857,0.0019752344,0.0,0.047610108,0.046797935
227,0.0027700972,0.0,0.037022237,0.006806888,0.0018153848,0.0,0.052132882,0.046797223
228,0.002688161,0.0,0.036392555,0.0067998404,0.0019022428,0.0,0.050582524,0.046798516
229,0.0026087204,0.0,0.038291138,0.006792393,0.002023306,0.0,0.050507918,0.046800345
230,0.0025321625,0.0,0.037165865,0.0067843376,0.0019385286,0.0,0.05114273,0.04680215
231,0.0027193192,0.0,0.037796568,0.0067754462,0.0020369051,0.0,0.04839078,0.046805307
232,0.0027556904,0.0,0.03693914,0.0067657903,0.0018500194,0.0,0.052514195,0.046808105
233,0.0025386503,0.0,0.03629671,0.006765674,0.0019276189,0.0,0.049727995,0.04681437
234,0.0028008646,0.0,0.037026785,0.006768045,0.0019776134,0.0,0.048943494,0.04681888
235,0.002568358,0.0,0.037303593,0.006772491,0.0019373232,0.0,0.049264334,0.046822667
236,0.0026940778,0.0,0.03702356,0.006777464,0.0019422774,0.0,0.04936924,0.046824586
237,0.0026184325,0.0,0.03721076,0.006783575,0.0020084728,0.0,0.0510279,0.046826284
238,0.0027024732,0.0,0.0360295,0.0067891264,0.0019566824,0.0,0.04961151,0.04682827
239,0.0027072057,0.0,0.03657732,0.0067936187,0.0021081676,0.0,0.05228196,0.046828378
240,0.0027301095,0.0,0.037231296,0.006796654,0.0019349727,0.0,0.048738513,0.046830107
241,0.0025957166,0.0,0.03627463,0.0067986115,0.0020349554,0.0,0.05227643,0.046830744
242,0.0028014958,0.0,0.03690788,0.006799099,0.001808762,0.0,0.048491526,0.04683372
243,0.0027195816,0.0,0.03736232,0.006798821,0.0019390116,0.0,0.05167025,0.04683497
244,0.002687158,0.0,0.03702641,0.0067970757,0.0020747206,0.0,0.050981943,0.046834245
245,0.002912654,0.0,0.036617223,0.00679399,0.0019979735,0.0,0.047469333,0.046835113
246,0.002804999,0.0,0.03722993,0.0067895325,0.002024212,0.0,0.050297484,0.046833683
247,0.0026673267,0.0,0.0382929,0.0067837383,0.002170485,0.0,0.04936788,0.04683102
248,0.0026894521,0.0,0.03613555,0.006784629,0.0019658583,0.0,0.050861813,0.04683062
249,0.0027042935,0.0,0.037291735,0.0067878393,0.001984579,0.0,0.05054162,0.046829663
250,0.0029349022,0.0,0.03683791,0.006795083,0.0018970217,0.0,0.04912672,0.046826374
251,0.002896905,0.0,0.03672285,0.006803333,0.0019576068,0.0,0.0490735,0.04682127
252,0.0028160093,0.0,0.037070654,0.006811798,0.001979568,0.0,0.051299114,0.0468147
253,0.002674701,0.0,0.036494162,0.0068195313,0.0021152522,0.0,0.04983897,0.04681282
254,0.002811418,0.0,0.037160557,0.0068259295,0.0020713722,0.0,0.049144715,0.046810467
255,0.0024839293,0.0,0.037074573,0.0068323943,0.0019442956,0.0,0.050684083,0.046808008
256,0.002658871,0.0,0.037535567,0.006837501,0.0020891298,0.0,0.050048683,0.046807755
257,0.0028013776,0.0,0.03788763,0.0068409042,0.0020042725,0.0,0.052360024,0.04680928
258,0.002729808,0.0,0.037734177,0.0068423897,0.0020253374,0.0,0.05058065,0.046812706
259,0.0027329102,0.0,0.036028784,0.006843524,0.001984575,0.0,0.049772292,0.04681965
260,0.0028313734,0.0,0.03694107,0.0068434575,0.0020225167,0.0,0.04991165,0.046825267
261,0.002834607,0.0,0.037240602,0.006842605,0.0018948343,0.0,0.04978865,0.04683272
262,0.0025896179,0.0,0.036953915,0.0068402644,0.001998665,0.0,0.05004481,0.0468393
263,0.0026937288,0.0,0.036546342,0.0068363813,0.0019861178,0.0,0.04891638,0.046846017
264,0.002855287,0.0,0.03784813,0.0068326434,0.0020467644,0.0,0.049438637,0.04685234
265,0.0025328563,0.0,0.03653627,0.006828063,0.0020618495,0.0,0.047167793,0.046859257
266,0.0026778956,0.0,0.037169646,0.0068222913,0.0018205981,0.0,0.050260875,0.04686131
267,0.0027088642,0.0,0.03718713,0.006816112,0.002036752,0.0,0.049483657,0.0468644
268,0.0026005586,0.0,0.037349116,0.006808799,0.0020056297,0.0,0.050469644,0.04686636
269,0.0028176263,0.0,0.036984913,0.0068003624,0.0019378557,0.0,0.04932882,0.046867356
270,0.00267461,0.0,0.036924396,0.006790853,0.0019061741,0.0,0.0492786,0.046868183
271,0.0027557963,0.0,0.036764845,0.006781352,0.002242744,0.0,0.047275152,0.046868503
272,0.0028854061,0.0,0.03725596,0.0067727477,0.0019060833,0.0,0.051315006,0.046867035
273,0.0027034357,0.0,0.038522612,0.006764513,0.0021831496,0.0,0.050461337,0.046863053
274,0.0029181684,0.0,0.037276093,0.006755911,0.0021525745,0.0,0.04959244,0.0468578
275,0.0027468528,0.0,0.03719193,0.006746864,0.0023145697,0.0,0.049310286,0.046852082
276,0.002736422,0.0,0.03754403,0.006738903,0.0020143387,0.0,0.0488809,0.046846546
277,0.0028227821,0.0,0.037253607,0.0067305714,0.0024214461,0.0,0.048423864,0.046842374
278,0.002770633,0.0,0.03739868,0.0067217075,0.002017507,0.0,0.04949189,0.04684095
279,0.003025469,0.0,0.03716459,0.006713498,0.0024738896,0.0,0.0530713,0.04683951
280,0.0028437148,0.0,0.036520567,0.006705595,0.0021180029,0.0,0.05083672,0.046838574
281,0.002956098,0.0,0.03651799,0.0066972855,0.0024195279,0.0,0.05158268,0.04683941
282,0.002844356,0.0,0.03689178,0.0066898568,0.001997383,0.0,0.050914064,0.046843182
283,0.0027532442,0.0,0.037631616,0.0066822655,0.0025093805,0.0,0.048260156,0.04684739
284,0.0028065536,0.0,0.03701295,0.006681061,0.0022548228,0.0,0.05157695,0.046849348
285,0.0027383945,0.0,0.038133122,0.0066825943,0.0027027358,0.0,0.049971938,0.046851005
286,0.0028164766,0.0,0.037031516,0.0066921404,0.0023358995,0.0,0.05123876,0.0468509
287,0.0028714954,0.0,0.03712211,0.006704711,0.0023973994,0.0,0.048957855,0.04685043
288,0.0028148647,0.0,0.036523778,0.0067188763,0.002364213,0.0,0.051234134,0.046848644
289,0.0026407456,0.0,0.037369125,0.006733065,0.0023705417,0.0,0.05097734,0.04684564
290,0.0027434502,0.0,0.03683373,0.006746282,0.0022798062,0.0,0.051070344,0.046844054
291,0.0028159237,0.0,0.037378542,0.0067604906,0.0022720918,0.0,0.04828957,0.046843592
292,0.0027857323,0.0,0.038220283,0.0067735575,0.002256116,0.0,0.04740549,0.046841763
293,0.0028780699,0.0,0.037687656,0.006786412,0.0022587304,0.0,0.052635353,0.04684055
294,0.0030137952,0.0,0.036452357,0.006797687,0.0022107603,0.0,0.04905227,0.046841856
295,0.0031109457,0.0,0.03720256,0.0068087094,0.0022009804,0.0,0.049501035,0.04684536
296,0.0026248433,0.0,0.037423372,0.0068179253,0.002176657,0.0,0.04907113,0.04684768
297,0.0027478943,0.0,0.037859365,0.0068251602,0.0021706426,0.0,0.05163536,0.04685007
298,0.0029551075,0.0,0.037756007,0.0068301065,0.0020834364,0.0,0.050486684,0.046852704
299,0.0026726907,0.0,0.036686227,0.0068327286,0.002143765,0.0,0.049143124,0.046854343
300,0.0029138199,0.0,0.037348423,0.0068330625,0.0021490892,0.0,0.04865311,0.04685714
301,0.002835424,0.0,0.03774781,0.0068314313,0.0022012345,0.0,0.04800758,0.046858955
302,0.0028066928,0.0,0.03698735,0.006828604,0.0021150266,0.0,0.05242172,0.04686184
303,0.0029839163,0.0,0.037283998,0.0068255495,0.0020483166,0.0,0.04823084,0.046863582
304,0.002900327,0.0,0.037127398,0.006821297,0.0020887523,0.0,0.05073773,0.046864107
305,0.00260589,0.0,0.037918992,0.006816611,0.002073033,0.0,0.049717,0.046866957
306,0.0028250061,0.0,0.036607306,0.006810912,0.002005489,0.0,0.048846584,0.046869308
307,0.0025930025,0.0,0.037084796,0.0068047205,0.0019202001,0.0,0.048126046,0.046871398
308,0.0030197583,0.0,0.03622386,0.006797542,0.0020626674,0.0,0.0480824,0.046870545
309,0.0029060117,0.0,0.03642505,0.006789263,0.002061927,0.0,0.05156637,0.046868924
310,0.002659245,0.0,0.03740238,0.0067798663,0.0019062867,0.0,0.05004757,0.046868905
311,0.0026571155,0.0,0.038129013,0.006769905,0.0020065804,0.0,0.047894727,0.04686975
312,0.0027631647,0.0,0.037172135,0.0067663356,0.0020446638,0.0,0.050375182,0.04687148
313,0.00280817,0.0,0.036289908,0.0067639137,0.0019392647,0.0,0.0497739,0.04687384
314,0.0028372696,0.0,0.036677632,0.0067620054,0.0020392328,0.0,0.04895394,0.04687706
315,0.002850757,0.0,0.036291573,0.006761443,0.0019187155,0.0,0.048178136,0.046880025
316,0.002850048,0.0,0.037030768,0.0067611714,0.0018910277,0.0,0.05008755,0.046881553
317,0.0029441218,0.0,0.0370037,0.0067605646,0.0018737051,0.0,0.05124459,0.046880003
318,0.0029310922,0.0,0.037615746,0.006759328,0.0017682883,0.0,0.049525023,0.046876848
319,0.0026653586,0.0,0.03700053,0.0067577204,0.001974438,0.0,0.051029813,0.046873353
320,0.0027111932,0.0,0.0370586,0.0067548826,0.0018667792,0.0,0.048784487,0.046869747
321,0.0028806925,0.0,0.037545826,0.0067513934,0.0019548347,0.0,0.050980687,0.046864685
322,0.002823731,0.0,0.036967833,0.0067468975,0.0019206861,0.0,0.050743658,0.04686427
323,0.0028782708,0.0,0.0373353,0.0067412043,0.0018794679,0.0,0.05067711,0.0468652
324,0.0031091203,0.0,0.037024688,0.0067342957,0.0017822221,0.0,0.052501656,0.046865195
325,0.0027854154,0.0,0.0369053,0.0067267506,0.0018985341,0.0,0.049409,0.046866186
326,0.0029065083,0.0,0.038137037,0.006718231,0.0017843072,0.0,0.051735375,0.04686712
327,0.0026950277,0.0,0.03739584,0.0067097913,0.0019331351,0.0,0.049002297,0.046870418
328,0.003010056,0.0,0.036200333,0.0067011844,0.0017808062,0.0,0.04933672,0.0468758
329,0.0024957568,0.0,0.03688315,0.006694792,0.0017499895,0.0,0.04915521,0.0468819
330,0.0025227147,0.0,0.037143216,0.0066886814,0.0018184157,0.0,0.04857187,0.046888977
331,0.002963391,0.0,0.036691457,0.0066846428,0.0018461257,0.0,0.052195232,0.04689411
332,0.0029011266,0.0,0.036480244,0.0066809556,0.0018848322,0.0,0.051125225,0.046899088
333,0.0025685234,0.0,0.037258036,0.0066770185,0.0020804545,0.0,0.050334413,0.046902813
334,0.0028556318,0.0,0.037917253,0.0066725286,0.0017284587,0.0,0.049238108,0.04690528
335,0.002692129,0.0,0.037158966,0.006667345,0.0019018247,0.0,0.051054128,0.04690562
336,0.0027128705,0.0,0.038045153,0.0066615776,0.0018269907,0.0,0.048967123,0.046906676
337,0.0027402022,0.0,0.037112717,0.00665549,0.0018899414,0.0,0.05087846,0.046908468
338,0.0029175808,0.0,0.037285108,0.006649406,0.0017920926,0.0,0.052434362,0.046914455
339,0.0026743659,0.0,0.03666814,0.0066424636,0.0019248455,0.0,0.050089374,0.04691983
340,0.0027328879,0.0,0.03746891,0.006634586,0.0020228366,0.0,0.048346248,0.046922088
341,0.0026619579,0.0,0.037598252,0.0066294894,0.0019675598,0.0,0.051127218,0.046927057
342,0.0027640203,0.0,0.03790025,0.0066253287,0.001870555,0.0,0.049801536,0.04692991
343,0.0026003048,0.0,0.037165835,0.006621258,0.0019203273,0.0,0.05188362,0.046934348
344,0.002857716,0.0,0.037629444,0.0066168653,0.0019119829,0.0,0.05010945,0.04693908
345,0.0027126898,0.0,0.037196025,0.006611953,0.0018843579,0.0,0.04790445,0.046943977
346,0.0026231653,0.0,0.036897954,0.0066067595,0.0019563604,0.0,0.049306154,0.04694716
347,0.00267614,0.0,0.0375052,0.006601398,0.0019108568,0.0,0.048438206,0.046951063
348,0.0026490912,0.0,0.03641287,0.0065966654,0.0019222897,0.0,0.051858235,0.04695191
349,0.0026212272,0.0,0.037039224,0.006594179,0.0018602322,0.0,0.04958336,0.04695136
350,0.0027393324,0.0,0.03769631,0.006595465,0.0018074359,0.0,0.050152693,0.046950713
351,0.0026896342,0.0,0.03680533,0.006597809,0.0018653396,0.0,0.05008833,0.046946283
352,0.0029701476,0.0,0.03726566,0.0066105267,0.0019343866,0.0,0.051448278,0.04693981
353,0.0026260326,0.0,0.037459455,0.0066262055,0.0020042683,0.0,0.051661957,0.04693292
354,0.0027243576,0.0,0.037535254,0.0066432348,0.0018206807,0.0,0.051743697,0.046925027
355,0.0028163302,0.0,0.03687552,0.006660983,0.0019505374,0.0,0.049357954,0.04691915
356,0.0027320709,0.0,0.037336886,0.0066777077,0.0019700124,0.0,0.0513203,0.04691285
357,0.0029071206,0.0,0.036308657,0.0066925823,0.0019530779,0.0,0.051564552,0.046907842
358,0.0027226596,0.0,0.037730385,0.0067058466,0.0018957402,0.0,0.0499887,0.04690675
359,0.0026366694,0.0,0.03709348,0.0067183906,0.0018783427,0.0,0.048917964,0.046908833
360,0.0028080854,0.0,0.036469474,0.0067292517,0.0019423072,0.0,0.05006897,0.04691086
361,0.002847301,0.0,0.037293226,0.006738121,0.0020701766,0.0,0.04958764,0.046914537
362,0.0028416286,0.0,0.036817547,0.0067447997,0.0018165688,0.0,0.052090917,0.046914216
363,0.0026097149,0.0,0.036444135,0.0067491964,0.0019286168,0.0,0.049483005,0.04691178
364,0.0028463374,0.0,0.038025204,0.0067512747,0.0019828572,0.0,0.049510613,0.046909638
365,0.0027205502,0.0,0.037242092,0.0067511573,0.0020071524,0.0,0.050961096,0.04690593
366,0.002739322,0.0,0.036896326,0.006748991,0.002119974,0.0,0.05137973,0.046902362
367,0.0028400982,0.0,0.03769045,0.0067469897,0.0019140594,0.0,0.047990978,0.04689987
368,0.002729111,0.0,0.03678981,0.0067510568,0.002017408,0.0,0.05059252,0.046900626
369,0.0027889013,0.0,0.037309878,0.006760551,0.0019527082,0.0,0.051007643,0.046902914
370,0.0028478743,0.0,0.036337264,0.0067747785,0.0019879017,0.0,0.050802708,0.046906088
371,0.0027131424,0.0,0.03707981,0.0067899954,0.0020808522,0.0,0.05016527,0.046908867
372,0.0025900016,0.0,0.03710971,0.006806475,0.0020309417,0.0,0.049265157,0.04691121
373,0.002568998,0.0,0.037568912,0.00682392,0.0019258896,0.0,0.04804182,0.046911996
374,0.0026036308,0.0,0.037042063,0.0068400386,0.0021023424,0.0,0.051674057,0.046911668
375,0.0028535533,0.0,0.036985263,0.006854147,0.00191958,0.0,0.0499644,0.046911985
376,0.0027260291,0.0,0.0372061,0.0068715326,0.0019939425,0.0,0.047010597,0.046911124
377,0.0027440211,0.0,0.037214614,0.0068883556,0.0019678378,0.0,0.050074585,0.046907168
378,0.0026368387,0.0,0.03783348,0.0069035934,0.0020404975,0.0,0.048707172,0.046904918
379,0.0026841753,0.0,0.037689615,0.006916422,0.0019468924,0.0,0.05014235,0.046901226
380,0.0027960811,0.0,0.03820662,0.006926595,0.002100746,0.0,0.04966274,0.046901625
381,0.0028500736,0.0,0.03649843,0.0069351993,0.001954583,0.0,0.049708277,0.04690282
382,0.0027480042,0.0,0.037799567,0.0069416887,0.0020514997,0.0,0.051855836,0.046903286
383,0.002825801,0.0,0.038120445,0.0069461656,0.0020346155,0.0,0.049561024,0.0469055
384,0.0027987813,0.0,0.03732844,0.006948982,0.0021494848,0.0,0.04942255,0.046906475
385,0.00291514,0.0,0.037237886,0.006957165,0.0019742183,0.0,0.048739456,0.046908557
386,0.0027441937,0.0,0.03698862,0.006967429,0.0019819548,0.0,0.050194222,0.046912078
387,0.0028812275,0.0,0.037028205,0.0069784126,0.0022095796,0.0,0.049908992,0.046916068
388,0.0027617677,0.0,0.036766957,0.0069889333,0.0020701487,0.0,0.05084857,0.046916723
389,0.0028766945,0.0,0.037134822,0.006998202,0.0021313748,0.0,0.050148334,0.0469175
390,0.0027640322,0.0,0.037714638,0.007005666,0.0020726034,0.0,0.0494079,0.046917174
391,0.0027079196,0.0,0.036996845,0.0070109772,0.0020790861,0.0,0.04940967,0.046916485
392,0.0028739697,0.0,0.037051845,0.007016294,0.0021180392,0.0,0.050364148,0.046917982
393,0.0026594412,0.0,0.037162114,0.0070197624,0.002049475,0.0,0.049096134,0.04692207
394,0.002604611,0.0,0.03668978,0.0070250984,0.0019790381,0.0,0.051229555,0.046923626
395,0.0025768473,0.0,0.037663907,0.0070298,0.002073817,0.0,0.051368993,0.04692971
396,0.0028639156,0.0,0.0371517,0.007034431,0.0019496749,0.0,0.049964704,0.046938095
397,0.0028787348,0.0,0.037783235,0.0070378445,0.002098529,0.0,0.048772253,0.04694514
398,0.0027272387,0.0,0.036039617,0.007039565,0.0021056368,0.0,0.05081992,0.046950303
399,0.002654824,0.0,0.0363714,0.007039599,0.0020327151,0.0,0.051434755,0.046956994
400,0.0029146944,0.0,0.037889574,0.007037559,0.002010025,0.0,0.049134724,0.04695971
401,0.0026274484,0.0,0.03759103,0.00703482,0.0019675656,0.0,0.050423194,0.046961036
402,0.0028017357,0.0,0.037768338,0.00703017,0.002000762,0.0,0.049634445,0.046962194
403,0.0027483846,0.0,0.03649549,0.007023604,0.0022887911,0.0,0.050710425,0.04696296
404,0.0026029523,0.0,0.03717783,0.007017138,0.0019569572,0.0,0.050675455,0.04696664
405,0.002756125,0.0,0.037139375,0.0070092753,0.0022114415,0.0,0.048580218,0.04697057
406,0.0026325756,0.0,0.036288545,0.0070000715,0.002136961,0.0,0.050786894,0.04697166
407,0.0028157143,0.0,0.037605446,0.00698953,0.0022443389,0.0,0.051278066,0.04697271
408,0.002934188,0.0,0.037197873,0.006987266,0.002078568,0.0,0.0488986,0.046974603
409,0.0026572512,0.0,0.037083674,0.006986568,0.0019223767,0.0,0.048668496,0.046974365
410,0.0026958948,0.0,0.036631346,0.006986437,0.0022197904,0.0,0.04974535,0.046972264
411,0.0028371925,0.0,0.038253147,0.006986273,0.0019789042,0.0,0.05125962,0.04696863
412,0.0028168692,0.0,0.035742674,0.0069854073,0.0021450957,0.0,0.049778663,0.046965674
413,0.0027284985,0.0,0.036908872,0.0069837463,0.0021884167,0.0,0.050137725,0.04696592
414,0.0027340215,0.0,0.037368935,0.0069806636,0.0022330186,0.0,0.049608946,0.046964616
415,0.0026818295,0.0,0.037010126,0.0069759795,0.002024881,0.0,0.049325723,0.046964057
416,0.002702451,0.0,0.0372737,0.00698045,0.0022891879,0.0,0.05017507,0.046961505
417,0.0029337804,0.0,0.03686106,0.006990403,0.002142097,0.0,0.048987485,0.046958547
418,0.002655393,0.0,0.03739114,0.007003335,0.0022663225,0.0,0.05027914,0.04695586
419,0.0027400483,0.0,0.037264626,0.007017522,0.002012309,0.0,0.04935684,0.04695565
420,0.0029327502,0.0,0.036994502,0.0070316624,0.0020351263,0.0,0.048871364,0.04695383
421,0.0026883169,0.0,0.037145715,0.0070452373,0.001988846,0.0,0.05181155,0.046950024
422,0.0027981175,0.0,0.037991025,0.007057276,0.0019603597,0.0,0.047580633,0.046947088
423,0.0027161005,0.0,0.036837373,0.007067275,0.0021241345,0.0,0.05065801,0.046944674
424,0.0027216475,0.0,0.03652165,0.0070749233,0.002083376,0.0,0.054381657,0.046941724
425,0.0027245726,0.0,0.03662484,0.007080072,0.002128698,0.0,0.048285555,0.046937983
426,0.0024916744,0.0,0.03712473,0.0070829187,0.0019452502,0.0,0.04928713,0.046932656
427,0.002957252,0.0,0.03753063,0.0070834514,0.0020549025,0.0,0.049207132,0.046928205
428,0.0026972017,0.0,0.036943417,0.007081673,0.0019853283,0.0,0.049322873,0.04692162
429,0.0027805953,0.0,0.037225995,0.0070777317,0.0021144338,0.0,0.050144836,0.046914183
430,0.0028306625,0.0,0.03605387,0.0070716976,0.0020726498,0.0,0.050960373,0.046907652
431,0.0028397567,0.0,0.03705753,0.007063707,0.0019857173,0.0,0.05088381,0.04690552
432,0.0028110126,0.0,0.037514195,0.0070540113,0.0020379424,0.0,0.04989554,0.046901416
433,0.002709007,0.0,0.036857568,0.00704331,0.0020852068,0.0,0.053159148,0.046897788
434,0.00264461,0.0,0.037634917,0.007031917,0.0019622615,0.0,0.04874677,0.04689688
435,0.0026764919,0.0,0.037068136,0.0070212455,0.0019649784,0.0,0.050155498,0.046895556
436,0.0026036636,0.0,0.03692067,0.0070103584,0.0019516932,0.0,0.050815873,0.046894062
437,0.0027482642,0.0,0.03823959,0.007000205,0.0019188327,0.0,0.052659605,0.046892844
438,0.0028979257,0.0,0.037026998,0.0069896937,0.001873255,0.0,0.051212776,0.04689693
439,0.002802808,0.0,0.037056476,0.006978487,0.0018126814,0.0,0.052855257,0.046897803
440,0.0027751098,0.0,0.037364807,0.0069714,0.0018401019,0.0,0.049355254,0.04689939
441,0.0029656265,0.0,0.036926065,0.006965115,0.0020229702,0.0,0.053652477,0.04690097
442,0.0025586002,0.0,0.03672913,0.006959287,0.0019327615,0.0,0.04942264,0.04690321
443,0.0027002194,0.0,0.037316155,0.0069545493,0.0019971067,0.0,0.0503977,0.046904925
444,0.0025934046,0.0,0.036406517,0.0069496073,0.0019154876,0.0,0.050187632,0.04690892
445,0.0030127766,0.0,0.036796924,0.006944169,0.0019848777,0.0,0.05160227,0.046910886
446,0.0028615415,0.0,0.036940288,0.0069388254,0.0020717557,0.0,0.050189707,0.046914473
447,0.0027018706,0.0,0.037015762,0.006932798,0.001988904,0.0,0.053080916,0.046917897
448,0.0028238872,0.0,0.037515834,0.006926166,0.0017988102,0.0,0.051404912,0.046920843
449,0.002765889,0.0,0.037871107,0.0069189104,0.002056787,0.0,0.052531328,0.046925317
450,0.0028846809,0.0,0.036775425,0.0069120717,0.0018190376,0.0,0.05176507,0.0469306
451,0.0026142255,0.0,0.03787903,0.00690629,0.0018506274,0.0,0.046795778,0.04693568
452,0.002797589,0.0,0.037017457,0.006900776,0.0018779199,0.0,0.05092244,0.046938643
453,0.0028095054,0.0,0.037028436,0.0068953778,0.0019569336,0.0,0.049709797,0.04694034
454,0.0026893897,0.0,0.037320353,0.0068894085,0.0019435296,0.0,0.049360838,0.046940226
455,0.0028946677,0.0,0.037924558,0.0068831015,0.0019038146,0.0,0.050366707,0.0469382
456,0.0028032456,0.0,0.037151456,0.006875906,0.0019236251,0.0,0.050181326,0.046937842
457,0.0027869102,0.0,0.037510663,0.006868011,0.002043415,0.0,0.049790137,0.046936017
458,0.0026541853,0.0,0.036693543,0.006859216,0.0020004208,0.0,0.05002049,0.046932593
459,0.002864246,0.0,0.0374013,0.0068532443,0.00201414,0.0,0.048873857,0.04692717
460,0.0026106779,0.0,0.03765959,0.0068474277,0.001900953,0.0,0.049864158,0.04691939
461,0.002831523,0.0,0.03770737,0.00684242,0.0019405085,0.0,0.051194414,0.04691182
462,0.0026849695,0.0,0.03694826,0.006837107,0.0019942452,0.0,0.050207615,0.046908196
463,0.0027056143,0.0,0.035826493,0.006831385,0.0019790728,0.0,0.051149607,0.046907287
464,0.002640827,0.0,0.036755674,0.0068248925,0.0020684362,0.0,0.05188866,0.046907675
465,0.0026484327,0.0,0.035937678,0.006817489,0.00207352,0.0,0.049802992,0.046907965
466,0.0027367289,0.0,0.035224795,0.006809213,0.0019519863,0.0,0.052674178,0.04690809
467,0.0026965616,0.0,0.038206268,0.0067999247,0.0021438336,0.0,0.050004844,0.04690701
468,0.0027824917,0.0,0.03636136,0.0067894743,0.0019551099,0.0,0.050448567,0.04690485
469,0.0025723672,0.0,0.036442436,0.0067800125,0.001999681,0.0,0.05237887,0.046904463
470,0.002708875,0.0,0.036879092,0.0067698187,0.001863002,0.0,0.050039705,0.0469058
471,0.0026045272,0.0,0.037649434,0.0067595528,0.0020546366,0.0,0.049485955,0.046905868
472,0.0029250376,0.0,0.037505142,0.006748773,0.0019964336,0.0,0.049697742,0.046906706
473,0.002630292,0.0,0.037016198,0.0067374357,0.0021009066,0.0,0.049274415,0.0469079
474,0.0027888755,0.0,0.036856256,0.0067343395,0.0019678248,0.0,0.05405501,0.04690779
475,0.002812178,0.0,0.037661273,0.006733563,0.0021843105,0.0,0.049250007,0.04691071
476,0.0027058378,0.0,0.03744065,0.0067341942,0.002015703,0.0,0.0486454,0.04691552
477,0.002576911,0.0,0.03629167,0.006735232,0.0021243503,0.0,0.04681159,0.0469201
478,0.0027618571,0.0,0.037567686,0.006736352,0.0020670001,0.0,0.050015926,0.04692415
479,0.0028369566,0.0,0.03712952,0.006736811,0.0020167665,0.0,0.05066067,0.04692762
480,0.0026726795,0.0,0.036977533,0.0067362706,0.0018851454,0.0,0.05101017,0.046931658
481,0.0027435732,0.0,0.037631035,0.0067345197,0.0020381848,0.0,0.052448947,0.046935238
482,0.0027940343,0.0,0.03641872,0.006731997,0.00199976,0.0,0.0489604,0.046937924
483,0.0027362385,0.0,0.036837205,0.0067282515,0.001923947,0.0,0.0498243,0.04693987
484,0.0028199344,0.0,0.03678098,0.006723511,0.0020493928,0.0,0.04765925,0.046942253
485,0.0029335509,0.0,0.03713507,0.0067174817,0.002023145,0.0,0.04908925,0.046944357
486,0.002749296,0.0,0.03810548,0.006710748,0.001812276,0.0,0.049290393,0.046946462
487,0.0028042088,0.0,0.036910534,0.006705273,0.0022009069,0.0,0.0515191,0.04694669
488,0.002823749,0.0,0.036618404,0.0067045745,0.0018154193,0.0,0.05261412,0.04694691
489,0.003019532,0.0,0.036520403,0.006707595,0.002083536,0.0,0.050329566,0.046946675
490,0.002678682,0.0,0.037137423,0.0067116157,0.001922564,0.0,0.049549308,0.04694633
491,0.0026767624,0.0,0.03619256,0.0067169666,0.0019747233,0.0,0.050618984,0.046945125
492,0.0028215467,0.0,0.037042763,0.006722064,0.0018905213,0.0,0.04766727,0.046942495
493,0.0026807026,0.0,0.03712562,0.0067262514,0.002040067,0.0,0.049302965,0.046939272
494,0.0027576978,0.0,0.0371006,0.0067315656,0.0019519965,0.0,0.05100413,0.046937373
495,0.0027417147,0.0,0.036822617,0.0067389384,0.001911443,0.0,0.04955991,0.04693463
496,0.0027545334,0.0,0.038077347,0.006746181,0.0018310818,0.0,0.04748657,0.04692919
497,0.00265417,0.0,0.03685968,0.0067534694,0.0020061452,0.0,0.049866743,0.04692372
498,0.0026933693,0.0,0.03737353,0.006761842,0.0019558885,0.0,0.053036585,0.046917118
499,0.0022861192,0.0,0.036678236,0.0067700474,0.0021522956,0.0,0.050513007,0.046913173
500,0.002810508,0.0,0.03754215,0.006777051,0.0019043143,0.0,0.05160515,0.04691169
501,0.0027441788,0.0,0.03638117,0.0067823837,0.0020532191,0.0,0.051600493,0.046911504
502,0.002890432,0.0,0.036587324,0.006788093,0.0020468666,0.0,0.04760491,0.046912897
503,0.0028282746,0.0,0.03774859,0.0067924466,0.0019553192,0.0,0.052692138,0.046913262
504,0.002886505,0.0,0.036312748,0.0067968215,0.001887762,0.0,0.05038828,0.046914816
505,0.0027750533,0.0,0.0369722,0.006800502,0.002041954,0.0,0.053039987,0.04691812
506,0.002645364,0.0,0.037321612,0.006802486,0.002031677,0.0,0.049909387,0.046919614
507,0.0027099203,0.0,0.03711938,0.0068033403,0.0021509621,0.0,0.04807833,0.046921182
508,0.002824165,0.0,0.038258314,0.0068027433,0.0019536738,0.0,0.051630184,0.046919554
509,0.0027065084,0.0,0.037766416,0.006800525,0.0018951441,0.0,0.052109282,0.046919886
510,0.0028821419,0.0,0.037718624,0.0068191383,0.0020275603,0.0,0.048355754,0.046920307
511,0.0025851007,0.0,0.036284674,0.006845186,0.0019110853,0.0,0.05019697,0.046920117
512,0.0026209566,0.0,0.03740317,0.0068753613,0.0019820496,0.0,0.05114953,0.046920337
513,0.002682035,0.0,0.037518535,0.006907013,0.0018894488,0.0,0.047981128,0.046919614
514,0.002621756,0.0,0.03745038,0.006938066,0.0019058635,0.0,0.04936714,0.046917796
515,0.0026224921,0.0,0.037078485,0.006967344,0.001988801,0.0,0.04908356,0.04691745
516,0.002564185,0.0,0.037235975,0.006996626,0.0019089067,0.0,0.04915786,0.046917796
517,0.0025843268,0.0,0.036576938,0.007023205,0.0018919475,0.0,0.048408017,0.04691747
518,0.002550243,0.0,0.037147164,0.007047029,0.0019242066,0.0,0.049863655,0.046918735
519,0.0028637925,0.0,0.037407488,0.007067371,0.0020123543,0.0,0.049361452,0.046917677
520,0.0026377002,0.0,0.03717351,0.007084025,0.0019693282,0.0,0.048229847,0.046918113
521,0.0028289258,0.0,0.037079968,0.0070969174,0.002052519,0.0,0.04891416,0.04691791
522,0.0028695597,0.0,0.037787385,0.0071061132,0.0020781476,0.0,0.049744017,0.0469189
523,0.002600963,0.0,0.037772447,0.0071117776,0.0020370658,0.0,0.05120532,0.04692007
524,0.0027728705,0.0,0.03772255,0.0071187867,0.0019781808,0.0,0.049083326,0.046924282
525,0.0027761066,0.0,0.03623896,0.0071252836,0.0020394288,0.0,0.054701414,0.046928745
526,0.002797832,0.0,0.036224477,0.0071305567,0.0018670976,0.0,0.049392838,0.046932843
527,0.0026941423,0.0,0.03738394,0.0071357093,0.0020112968,0.0,0.050043095,0.046936322
528,0.0028529179,0.0,0.037782606,0.007139205,0.0020096367,0.0,0.04847711,0.046939984
529,0.0028939934,0.0,0.036482334,0.007140733,0.0021140296,0.0,0.052190956,0.046943452
530,0.002678035,0.0,0.0362289,0.007140094,0.001951542,0.0,0.050591502,0.046945192
531,0.0027269942,0.0,0.037156373,0.0071371836,0.0020209048,0.0,0.050489735,0.04694738
532,0.0030157825,0.0,0.037091456,0.0071320157,0.0019024286,0.0,0.049244784,0.046948798
533,0.002829795,0.0,0.038401827,0.0071246573,0.0021340426,0.0,0.050280347,0.046948813
534,0.0026334948,0.0,0.037900746,0.0071152532,0.0020280278,0.0,0.05029918,0.046947587
535,0.0029475957,0.0,0.03641358,0.007103952,0.0022257748,0.0,0.049018424,0.046946418
536,0.0028629005,0.0,0.03712797,0.00709103,0.0019758772,0.0,0.0515238,0.046946596
537,0.0025793966,0.0,0.038280204,0.007076745,0.0019478513,0.0,0.05159549,0.04694804
538,0.0027248422,0.0,0.036783997,0.0070630126,0.0020110905,0.0,0.05017632,0.04695103
539,0.002634014,0.0,0.036903933,0.0070655714,0.001975921,0.0,0.049714293,0.046952147
540,0.002613226,0.0,0.03649029,0.0070776516,0.0018789701,0.0,0.049641173,0.04695134
541,0.0027159129,0.0,0.036678348,0.0070948713,0.0020256038,0.0,0.05074935,0.046947878
542,0.002861061,0.0,0.03839465,0.0071146814,0.0018760926,0.0,0.046884175,0.046944432
543,0.0025669883,0.0,0.03719573,0.007135085,0.0019516572,0.0,0.047719512,0.046937253
544,0.002611123,0.0,0.03692532,0.0071546803,0.00201349,0.0,0.048708756,0.046929907
545,0.002770198,0.0,0.0368127,0.007172376,0.001951606,0.0,0.050862174,0.04692169
546,0.0026341856,0.0,0.036642764,0.0071893716,0.0020481788,0.0,0.049729735,0.046913143
547,0.0028636018,0.0,0.037723612,0.0072042723,0.002125953,0.0,0.051398147,0.04690286
548,0.0028691376,0.0,0.037027612,0.00721624,0.0020204228,0.0,0.050721977,0.046892095
549,0.0025286097,0.0,0.036537945,0.007227082,0.0019949423,0.0,0.049803756,0.046884995
550,0.0026006019,0.0,0.03673279,0.0072355676,0.0020406966,0.0,0.050023157,0.046879057
551,0.0027057296,0.0,0.037686847,0.007241437,0.0019189987,0.0,0.04866619,0.04687186
552,0.0025290647,0.0,0.03635458,0.0072466587,0.0018033638,0.0,0.050209206,0.046861857
553,0.0027836028,0.0,0.037430443,0.0072501064,0.0020035838,0.0,0.051478848,0.046853602
554,0.0025597021,0.0,0.03760605,0.0072516077,0.0020241681,0.0,0.0504821,0.046844702
555,0.0028926611,0.0,0.03793899,0.007250848,0.0019664087,0.0,0.048870523,0.04683576
556,0.002700465,0.0,0.036859408,0.0072487895,0.0020443872,0.0,0.04972828,0.04682726
557,0.002548113,0.0,0.03650361,0.0072449166,0.001913887,0.0,0.05224162,0.04681684
558,0.002619355,0.0,0.036670867,0.007239041,0.0019960671,0.0,0.04756361,0.046808373
559,0.00268385,0.0,0.037387658,0.0072311955,0.0018940226,0.0,0.048857864,0.04680015
560,0.0026519662,0.0,0.036456537,0.0072216587,0.0019758146,0.0,0.051780645,0.04679163
561,0.0028018265,0.0,0.03774315,0.007214903,0.0019429075,0.0,0.049143963,0.046784356
562,0.0027888245,0.0,0.037621547,0.0072081964,0.0018744573,0.0,0.04968277,0.046779353
563,0.002556323,0.0,0.037968975,0.0072011664,0.0018148712,0.0,0.048416067,0.046776287
564,0.0027652308,0.0,0.036756083,0.00719321,0.0018760108,0.0,0.048266623,0.046772093
565,0.0027584312,0.0,0.0373621,0.007183987,0.0019914296,0.0,0.049259268,0.04676747
566,0.0027893072,0.0,0.037557144,0.007173326,0.0018897183,0.0,0.048340056,0.046763353
567,0.002569348,0.0,0.03625303,0.007161111,0.0018497099,0.0,0.048970707,0.046758786
568,0.0028132605,0.0,0.037551492,0.007147432,0.0019000456,0.0,0.0483957,0.04675323
569,0.0029318149,0.0,0.036158253,0.007132394,0.0018640732,0.0,0.05065792,0.046746425
570,0.0026129265,0.0,0.03721775,0.007116134,0.0018785318,0.0,0.04978905,0.04674117
571,0.002812741,0.0,0.036863204,0.007099253,0.00188077,0.0,0.05001266,0.046737593
572,0.0026399647,0.0,0.037104867,0.0070815454,0.002080832,0.0,0.052291673,0.046734326
573,0.0026022492,0.0,0.036560524,0.0070631956,0.0018745713,0.0,0.050920304,0.046733335
574,0.0026447661,0.0,0.03667323,0.0070444006,0.0019477976,0.0,0.050384674,0.046733156
575,0.0026308815,0.0,0.037011784,0.0070251697,0.0018879545,0.0,0.048299734,0.046733387
576,0.0027703058,0.0,0.037515823,0.0070055923,0.00186919,0.0,0.051167324,0.046733517
577,0.002560935,0.0,0.037442308,0.006986004,0.0018911962,0.0,0.051588666,0.04673333
578,0.0027321966,0.0,0.036489047,0.0069662086,0.0019437437,0.0,0.049442586,0.046733916
579,0.0028631524,0.0,0.03661199,0.00694759,0.0019809648,0.0,0.0507917,0.046734653
580,0.0026839126,0.0,0.03690117,0.0069293473,0.0018281371,0.0,0.05235686,0.046740517
581,0.0029358063,0.0,0.038255304,0.006911309,0.0019526245,0.0,0.050960932,0.046751115
582,0.0026664292,0.0,0.03659933,0.0068940637,0.0019017232,0.0,0.04997862,0.046762444
583,0.0027409925,0.0,0.03782324,0.006877513,0.00185451,0.0,0.04769783,0.04677338
584,0.0026346564,0.0,0.037469435,0.0068612034,0.0018649467,0.0,0.050076626,0.046782695
585,0.002908863,0.0,0.03698806,0.0068450696,0.0019534086,0.0,0.050648823,0.04679247
586,0.002737796,0.0,0.03722564,0.006828921,0.0018668964,0.0,0.05034925,0.046802577
587,0.002711386,0.0,0.037132017,0.006812685,0.0019297319,0.0,0.049438152,0.046810586
588,0.002661304,0.0,0.037428737,0.006799195,0.0017625,0.0,0.04876238,0.046816476
589,0.0028036695,0.0,0.037942704,0.0067866687,0.0018348964,0.0,0.050612982,0.046820242
590,0.0028384768,0.0,0.03833463,0.006774661,0.0018646732,0.0,0.04858353,0.046823714
591,0.002639228,0.0,0.03632296,0.0067628184,0.0018764334,0.0,0.04939289,0.046824038
592,0.0026744148,0.0,0.03748245,0.006751918,0.0018409861,0.0,0.05086483,0.046826854
593,0.0028348938,0.0,0.03642516,0.0067409463,0.0018578018,0.0,0.04974922,0.04683351
594,0.002679248,0.0,0.036548052,0.006729857,0.0019487763,0.0,0.049716268,0.046840433
595,0.0027619428,0.0,0.03717789,0.0067198332,0.0017935454,0.0,0.048015524,0.046845857
596,0.0027304627,0.0,0.037080236,0.0067098634,0.0018172346,0.0,0.050483815,0.046851818
597,0.0028304805,0.0,0.03757146,0.00669974,0.001959054,0.0,0.04821048,0.046857163
598,0.0026818018,0.0,0.037636835,0.0066911923,0.002001545,0.0,0.048350643,0.046858788
599,0.002645308,0.0,0.037627175,0.006684131,0.0019658634,0.0,0.049780264,0.046857655
600,0.002782599,0.0,0.03718869,0.0066771684,0.0019507433,0.0,0.05003493,0.046854187
601,0.002757352,0.0,0.037235998,0.006670056,0.0019322025,0.0,0.04864117,0.04685098
602,0.0027879945,0.0,0.037632316,0.0066750874,0.0017823629,0.0,0.05159646,0.04684563
603,0.0028875957,0.0,0.037447385,0.0066847913,0.0018452813,0.0,0.048976794,0.046838738
604,0.002626168,0.0,0.037302468,0.006697176,0.0018984507,0.0,0.04924678,0.04683292
605,0.002793686,0.0,0.037376273,0.006711911,0.0018517323,0.0,0.04949806,0.046828616
606,0.0027650495,0.0,0.037613075,0.0067267963,0.0019200203,0.0,0.050289564,0.046825398
607,0.0027238354,0.0,0.037187885,0.006740879,0.001892227,0.0,0.04909099,0.046823017
608,0.0026814728,0.0,0.037292156,0.006753491,0.0019406904,0.0,0.048769623,0.04682191
609,0.0028525202,0.0,0.03808495,0.0067664525,0.0019496881,0.0,0.050649907,0.046821192
610,0.0028147874,0.0,0.038040504,0.006778678,0.0019933216,0.0,0.047397584,0.046820782
611,0.0025396165,0.0,0.037550583,0.0067891423,0.0018622341,0.0,0.049965836,0.046818983
612,0.002715083,0.0,0.03813732,0.00679776,0.0019707875,0.0,0.047833942,0.04681448
613,0.0027046278,0.0,0.037161466,0.00680518,0.0017776819,0.0,0.04841147,0.04680694
614,0.0028041597,0.0,0.037458327,0.0068105767,0.0020819367,0.0,0.049677156,0.046798788
615,0.0028298702,0.0,0.03657979,0.006814271,0.0018017098,0.0,0.04948139,0.04678975
616,0.0026248426,0.0,0.037785698,0.006816825,0.0020484345,0.0,0.051019914,0.046779487
617,0.0028386256,0.0,0.03671129,0.006817552,0.0019039328,0.0,0.05090071,0.046768904
618,0.002816296,0.0,0.03657156,0.0068183905,0.002075151,0.0,0.051245894,0.046755947
619,0.0027339712,0.0,0.03759509,0.0068180454,0.0018254712,0.0,0.04840036,0.046743233
620,0.0028023124,0.0,0.0378924,0.0068162107,0.0021222208,0.0,0.050882153,0.046731036
621,0.0028542648,0.0,0.036497936,0.006813163,0.001785177,0.0,0.04993442,0.04672113
622,0.0028938681,0.0,0.037086893,0.006809277,0.002146343,0.0,0.051369358,0.046711113
623,0.002754466,0.0,0.03786962,0.0068068486,0.0019980168,0.0,0.052122924,0.046705473
624,0.0026795375,0.0,0.037149545,0.006804341,0.0019719116,0.0,0.049556814,0.04670131
625,0.0028613368,0.0,0.037779246,0.006801843,0.0019907856,0.0,0.05334493,0.046699844
626,0.002712372,0.0,0.036969878,0.0067987167,0.0019408276,0.0,0.051717598,0.046699625
627,0.0029834565,0.0,0.037561465,0.006796545,0.001926105,0.0,0.050731685,0.04670154
628,0.002864625,0.0,0.036118016,0.0067934925,0.0020354583,0.0,0.04975291,0.046701778
629,0.0027731776,0.0,0.03830675,0.006790018,0.002017185,0.0,0.05057745,0.046703737
630,0.0028008742,0.0,0.036944576,0.0067853727,0.0018134539,0.0,0.05079529,0.046706606
631,0.002703397,0.0,0.036802396,0.0067802705,0.0019273885,0.0,0.052550178,0.046710987
632,0.0026866286,0.0,0.038618833,0.0067741456,0.0017940301,0.0,0.052525345,0.04671499
633,0.0027465736,0.0,0.03671464,0.00676714,0.0019476116,0.0,0.051254287,0.046720564
634,0.0027508468,0.0,0.036952455,0.006759883,0.0018219083,0.0,0.049687378,0.046728622
635,0.002674692,0.0,0.03697455,0.0067532198,0.0019904166,0.0,0.050669074,0.046736777
636,0.0027234901,0.0,0.037613463,0.0067548016,0.001835521,0.0,0.049449548,0.046744276
637,0.0026093998,0.0,0.03668982,0.0067583825,0.0019225421,0.0,0.04919076,0.046752114
638,0.002692507,0.0,0.037249565,0.006762922,0.0018418031,0.0,0.05093946,0.04676127
639,0.0025511666,0.0,0.03731934,0.00678538,0.0020448694,0.0,0.05253679,0.046770286
640,0.002717032,0.0,0.0372922,0.006814844,0.0019057862,0.0,0.05275721,0.046779033
641,0.0028269626,0.0,0.036061525,0.0068481327,0.0019783182,0.0,0.051851485,0.046786387
642,0.0025440657,0.0,0.037612315,0.0068833553,0.0019127021,0.0,0.050833568,0.04679728
643,0.0027714944,0.0,0.037229773,0.00691832,0.002053386,0.0,0.048560027,0.04680818
644,0.0028196806,0.0,0.03747298,0.0069515547,0.001892558,0.0,0.048395418,0.046817977
645,0.002769337,0.0,0.03762132,0.006982063,0.0018885051,0.0,0.050199162,0.046827935
646,0.0028319587,0.0,0.037461076,0.007009343,0.0018866728,0.0,0.05046522,0.046839118
647,0.0026631786,0.0,0.03584973,0.0070329453,0.001786195,0.0,0.049630783,0.046847835
648,0.0027785688,0.0,0.03745148,0.0070527233,0.0018558971,0.0,0.048956472,0.046853703
649,0.002408894,0.0,0.037247986,0.007068616,0.0019201343,0.0,0.0495363,0.046859633
650,0.0026676392,0.0,0.036470953,0.007080686,0.0019929847,0.0,0.048880078,0.046863727
651,0.0025480222,0.0,0.03721682,0.0070890863,0.0019466358,0.0,0.050125703,0.046867017
652,0.0027227167,0.0,0.037130706,0.0070992773,0.0019308942,0.0,0.053974323,0.04687249
653,0.0026137761,0.0,0.037927072,0.0071088513,0.0019053688,0.0,0.05066588,0.046877764
654,0.002650158,0.0,0.03634232,0.007117911,0.0019500447,0.0,0.05102997,0.046882425
655,0.0026538162,0.0,0.037960038,0.00712552,0.0018230873,0.0,0.04933498,0.046888147
656,0.0028353669,0.0,0.038010135,0.0071336827,0.0020102775,0.0,0.051549967,0.046893395
657,0.0025184418,0.0,0.036185864,0.0071402327,0.0019750302,0.0,0.04983407,0.046900537
658,0.0026431852,0.0,0.03771725,0.007144674,0.0018787704,0.0,0.05085699,0.046907652
659,0.002723994,0.0,0.03716189,0.007146805,0.0019595062,0.0,0.05009371,0.046913307
660,0.0027630795,0.0,0.03678411,0.0071465336,0.0019483389,0.0,0.047345094,0.046918653
661,0.0026424897,0.0,0.037005387,0.007144293,0.001919034,0.0,0.04991902,0.046922427
662,0.0027411296,0.0,0.03756388,0.0071405396,0.0019521371,0.0,0.05092787,0.046926312
663,0.0025933261,0.0,0.036458485,0.0071353186,0.0019421398,0.0,0.04757897,0.046928737
664,0.0025078089,0.0,0.036246084,0.007131109,0.001977916,0.0,0.05069618,0.04693022
665,0.0026365025,0.0,0.03782933,0.0071263793,0.0018668848,0.0,0.05048094,0.046930276
666,0.0026979835,0.0,0.036602695,0.00712095,0.002018507,0.0,0.049390126,0.046929516
667,0.0026979034,0.0,0.037834547,0.0071153822,0.0018404126,0.0,0.048307188,0.0469279
668,0.0025052263,0.0,0.037007935,0.0071084844,0.0020381585,0.0,0.05075851,0.046926405
669,0.002598719,0.0,0.03688843,0.007100342,0.0020101916,0.0,0.048675068,0.046926845
670,0.0026472833,0.0,0.03692027,0.007090968,0.0019631765,0.0,0.04914271,0.04692834
671,0.002808557,0.0,0.037548933,0.0070802094,0.0019532244,0.0,0.050371584,0.046928663
672,0.002901516,0.0,0.03792951,0.00706811,0.0018332691,0.0,0.050581757,0.046928514
673,0.003086759,0.0,0.036928363,0.007054742,0.0019073364,0.0,0.05043678,0.046927553
674,0.002677432,0.0,0.036590822,0.0070407987,0.0019411057,0.0,0.050173838,0.046925314
675,0.0027277633,0.0,0.036906663,0.007026045,0.0018292716,0.0,0.050401658,0.0469202
676,0.0027721578,0.0,0.03749793,0.007010532,0.0019507939,0.0,0.048680805,0.046916414
677,0.0027380306,0.0,0.037665978,0.006995449,0.0019744497,0.0,0.051056672,0.046911553
678,0.0026629579,0.0,0.03723341,0.0069804373,0.0020242888,0.0,0.04787433,0.04690631
679,0.002876198,0.0,0.036963332,0.006965134,0.0019472088,0.0,0.05218435,0.04689735
680,0.0027108928,0.0,0.03754486,0.0069529023,0.0019839783,0.0,0.048640095,0.046886668
681,0.0026339123,0.0,0.036186192,0.006941845,0.0020345885,0.0,0.050425377,0.04687486
682,0.0026928154,0.0,0.03695174,0.0069317087,0.002029253,0.0,0.050617058,0.046866562
683,0.0024326236,0.0,0.036897317,0.0069224476,0.0020045354,0.0,0.050624903,0.046859033
684,0.002615149,0.0,0.035859227,0.0069131413,0.002121672,0.0,0.049337436,0.04685293
685,0.002551663,0.0,0.03677973,0.0069034775,0.002026086,0.0,0.05274661,0.04684498
686,0.0026849704,0.0,0.037400544,0.006893106,0.002026688,0.0,0.05076335,0.046839993
687,0.0026388522,0.0,0.038185652,0.006885874,0.00199358,0.0,0.05239478,0.046834804
688,0.0024591596,0.0,0.03674985,0.0068800426,0.002175811,0.0,0.051248223,0.046833154
689,0.0027389398,0.0,0.036792815,0.0068741706,0.001990313,0.0,0.051801268,0.046833277
690,0.0027985065,0.0,0.037827607,0.006867763,0.0022020426,0.0,0.050952997,0.046832863
691,0.0025851333,0.0,0.037339367,0.0068613025,0.0021207933,0.0,0.050170098,0.0468336
692,0.002499914,0.0,0.03712774,0.0068543986,0.0021958072,0.0,0.0486633,0.046834357
693,0.0027236005,0.0,0.03744604,0.006852179,0.002275335,0.0,0.049741816,0.046834104
694,0.002695452,0.0,0.037151467,0.006850123,0.0023393885,0.0,0.049987942,0.046832427
695,0.0027184295,0.0,0.037382595,0.0068479353,0.0023627412,0.0,0.049822967,0.046831515
696,0.0027562634,0.0,0.037413802,0.0068450626,0.0022109759,0.0,0.047649775,0.04683103
697,0.0028125707,0.0,0.037174486,0.006841559,0.0021505803,0.0,0.05125824,0.04682981
698,0.0028570949,0.0,0.037222095,0.006837792,0.002253778,0.0,0.0500618,0.046829563
699,0.0028180573,0.0,0.038136847,0.006833055,0.0021591354,0.0,0.049926016,0.046830688
700,0.0025614698,0.0,0.036989063,0.0068272203,0.0022602358,0.0,0.050096232,0.046832427
701,0.0026083554,0.0,0.03674707,0.006820986,0.0021110082,0.0,0.04773727,0.046834555
702,0.0027041628,0.0,0.03727681,0.0068137255,0.0021486282,0.0,0.05030466,0.046832822
703,0.002850696,0.0,0.037170593,0.0068054125,0.0021900635,0.0,0.048409544,0.046830155
704,0.002686134,0.0,0.036389027,0.0067960126,0.0021504154,0.0,0.04921559,0.046828438
705,0.0026897902,0.0,0.036760896,0.006785752,0.0022217876,0.0,0.050880983,0.046825375
706,0.0026534179,0.0,0.036386125,0.006780634,0.0021741944,0.0,0.051166996,0.046822473
707,0.0029785258,0.0,0.037278194,0.006780774,0.0019123914,0.0,0.052800484,0.046818707
708,0.0026956254,0.0,0.03663555,0.0067845075,0.0021206827,0.0,0.05342617,0.04681375
709,0.0027315014,0.0,0.03736888,0.0067893798,0.002028085,0.0,0.051016886,0.046811208
710,0.0024509914,0.0,0.037872523,0.006794854,0.0020878792,0.0,0.05099691,0.046805818
711,0.0026009434,0.0,0.037706938,0.0067998255,0.0021502841,0.0,0.050589647,0.046803504
712,0.0027796421,0.0,0.037484646,0.0068040066,0.0019296443,0.0,0.050069626,0.04680102
713,0.0026674834,0.0,0.03714947,0.006809731,0.0022079954,0.0,0.051425118,0.046798337
714,0.0027429585,0.0,0.03690811,0.006814552,0.0021836145,0.0,0.051107198,0.04679772
715,0.0027722213,0.0,0.036154047,0.0068180077,0.002019892,0.0,0.047663573,0.04679837
716,0.002850772,0.0,0.037174467,0.0068235034,0.0021303163,0.0,0.0525838,0.04679621
717,0.0028479004,0.0,0.037013438,0.006828063,0.0019989668,0.0,0.04896478,0.046794403
718,0.0027614692,0.0,0.036854744,0.006831974,0.002120663,0.0,0.049907576,0.046793133
719,0.002603248,0.0,0.03826661,0.00683466,0.0021426028,0.0,0.04918885,0.046793316
720,0.0025112738,0.0,0.03688317,0.00683611,0.0020678677,0.0,0.050146498,0.046792816
721,0.0027786442,0.0,0.037019946,0.00683589,0.002185589,0.0,0.048552543,0.04679319
722,0.002630879,0.0,0.038475204,0.006835116,0.0019549564,0.0,0.05183045,0.046792764
723,0.0027215988,0.0,0.037762854,0.0068333233,0.0021646724,0.0,0.051586457,0.046791762
724,0.0027461604,0.0,0.03725365,0.006832098,0.0020963494,0.0,0.052079193,0.046792075
725,0.0027871742,0.0,0.036572166,0.0068297395,0.0021653268,0.0,0.052614287,0.046792734
726,0.0026812102,0.0,0.037310634,0.0068352935,0.0020646586,0.0,0.050034072,0.046798877
727,0.0027748873,0.0,0.0378183,0.0068434617,0.002020147,0.0,0.049085286,0.04680815
728,0.0027784673,0.0,0.038075473,0.006852656,0.0018993064,0.0,0.049206957,0.046814036
729,0.0027365389,0.0,0.036968824,0.006861736,0.0021436675,0.0,0.050648898,0.046817977
730,0.0025731043,0.0,0.037725426,0.0068704397,0.002068592,0.0,0.050600447,0.046821747
731,0.0030246382,0.0,0.037800025,0.0068782,0.0020195092,0.0,0.05008586,0.046825342
732,0.0025408107,0.0,0.03744195,0.0068843486,0.0022472043,0.0,0.050128322,0.046829738
733,0.002752023,0.0,0.037052,0.006890462,0.0020235016,0.0,0.048584342,0.046833407
734,0.002763237,0.0,0.0368266,0.0068955473,0.002245924,0.0,0.0494627,0.046833195
735,0.0027414195,0.0,0.038429197,0.0069036735,0.0020898913,0.0,0.050015688,0.046834406
736,0.0025903974,0.0,0.036886595,0.006912472,0.0021407302,0.0,0.046969667,0.046835504
737,0.002796791,0.0,0.0371207,0.006925353,0.0019839625,0.0,0.0489633,0.04683465
738,0.0028326306,0.0,0.03703451,0.0069391043,0.002147341,0.0,0.04808074,0.04683206
739,0.0029039402,0.0,0.03781445,0.0069522513,0.0021075797,0.0,0.0504933,0.04682797
740,0.0026648282,0.0,0.03717529,0.0069639585,0.002125841,0.0,0.04915699,0.046827562
741,0.002843527,0.0,0.0378613,0.0069900146,0.0021518646,0.0,0.049661726,0.0468275
742,0.0029495053,0.0,0.03826238,0.007020629,0.0019092433,0.0,0.04855207,0.046827815
743,0.0027557148,0.0,0.037288517,0.0070531736,0.0020037326,0.0,0.050482385,0.04682936
744,0.0027547101,0.0,0.036832016,0.007085556,0.0019981856,0.0,0.05016944,0.046830695
745,0.0029014107,0.0,0.0370742,0.0071166167,0.0020320173,0.0,0.050431266,0.04683203
746,0.0026801338,0.0,0.036657304,0.0071452176,0.0019067206,0.0,0.050126884,0.0468341
747,0.0029107889,0.0,0.03796452,0.007171108,0.0019183374,0.0,0.051080402,0.046836823
748,0.0027893467,0.0,0.036844663,0.0071974657,0.002096048,0.0,0.0510828,0.04683822
749,0.0029544327,0.0,0.037056353,0.00722158,0.0020363827,0.0,0.050477568,0.046838973
750,0.0025708736,0.0,0.037886202,0.00724276,0.0019981766,0.0,0.05128194,0.04684146
751,0.0027185539,0.0,0.037090186,0.007262596,0.001996018,0.0,0.049903307,0.04684516
752,0.0029418378,0.0,0.03699592,0.00728014,0.0020641906,0.0,0.047853287,0.04684859
753,0.00272539,0.0,0.03733777,0.0072946292,0.0020211458,0.0,0.05033748,0.04685079
754,0.0029696955,0.0,0.03832813,0.0073062126,0.0021137216,0.0,0.049044076,0.04685272
755,0.0027197541,0.0,0.03714847,0.007316207,0.002095571,0.0,0.050477974,0.046853278
756,0.0029302498,0.0,0.037815887,0.0073245615,0.0020334264,0.0,0.04705321,0.04685149
757,0.0027833136,0.0,0.036761403,0.007330731,0.002098857,0.0,0.048517507,0.046849094
758,0.0027601179,0.0,0.03655262,0.007334365,0.0019086095,0.0,0.04807156,0.046845783
759,0.002770043,0.0,0.036570653,0.007335087,0.0019604622,0.0,0.04801827,0.0468408
760,0.0026474793,0.0,0.037350863,0.0073329313,0.0019766893,0.0,0.049796123,0.046836406
761,0.0029051746,0.0,0.036552712,0.007328133,0.0022703116,0.0,0.048459474,0.046833698
762,0.0026366436,0.0,0.036045633,0.0073214737,0.0020205157,0.0,0.049974754,0.04683313
763,0.002746536,0.0,0.03715054,0.0073137567,0.0019634988,0.0,0.048850674,0.046831984
764,0.0029114021,0.0,0.03764791,0.00730483,0.0019429431,0.0,0.048450403,0.046830997
765,0.002753816,0.0,0.036380827,0.007294659,0.0020450775,0.0,0.051343463,0.046829578
766,0.0026484018,0.0,0.037543274,0.007283287,0.0019769163,0.0,0.052460723,0.046832718
767,0.0027056532,0.0,0.037682462,0.007271339,0.0018757893,0.0,0.048149277,0.046838738
768,0.0026473214,0.0,0.03741739,0.0072581475,0.0020104174,0.0,0.04880962,0.04684385
769,0.00259678,0.0,0.037135452,0.0072438307,0.0020496615,0.0,0.050491545,0.046848077
770,0.0026892722,0.0,0.037149176,0.0072282986,0.0019269389,0.0,0.051436003,0.0468529
771,0.0029811242,0.0,0.03849587,0.007213093,0.0019997992,0.0,0.050326407,0.04685842
772,0.0026543145,0.0,0.037316076,0.0071969833,0.0020515078,0.0,0.052118607,0.046863005
773,0.0028562204,0.0,0.037156068,0.0072051347,0.0021603634,0.0,0.050265387,0.046870325
774,0.0026427922,0.0,0.03675901,0.007232213,0.0020260036,0.0,0.050757263,0.046876185
775,0.0027236221,0.0,0.03676465,0.007271174,0.0020073568,0.0,0.0518205,0.0468807
776,0.0028218892,0.0,0.037469674,0.0073183044,0.0019392363,0.0,0.052022498,0.04688637
777,0.0029544877,0.0,0.036656205,0.00736895,0.0019847734,0.0,0.0497369,0.046895117
778,0.002779767,0.0,0.0365945,0.0074201627,0.0019604345,0.0,0.052554138,0.046903808
779,0.0028223882,0.0,0.03752653,0.0074699083,0.0021073797,0.0,0.048485916,0.046912584
780,0.002928424,0.0,0.036503695,0.007516544,0.0019510774,0.0,0.050928455,0.0469203
781,0.0029677802,0.0,0.037461575,0.0075587146,0.0021441525,0.0,0.049763292,0.04692819
782,0.00281178,0.0,0.03784556,0.0075963666,0.0018708373,0.0,0.048451867,0.04693481
783,0.0028574811,0.0,0.03726273,0.0076286895,0.0019100199,0.0,0.04988155,0.04694163
784,0.002756316,0.0,0.036961712,0.0076555414,0.002000527,0.0,0.05084589,0.046948034
785,0.0026352878,0.0,0.03680845,0.007676969,0.0018916182,0.0,0.051531788,0.04695472
786,0.0027920704,0.0,0.037246857,0.0076931063,0.001996875,0.0,0.050359875,0.046957996
787,0.0027081897,0.0,0.036856417,0.0077046044,0.0019141719,0.0,0.050001457,0.046960905
788,0.0025855172,0.0,0.036877997,0.007711526,0.002047262,0.0,0.05073602,0.04696328
789,0.0026928075,0.0,0.037028752,0.00771439,0.0020038956,0.0,0.050220538,0.046964493
790,0.0029197743,0.0,0.037447166,0.007713278,0.0019348095,0.0,0.051814407,0.046962835
791,0.0026297132,0.0,0.03671331,0.0077107167,0.0019478237,0.0,0.051073406,0.046959992
792,0.0027992933,0.0,0.036466263,0.007707026,0.001835449,0.0,0.0518553,0.046958733
793,0.0026021285,0.0,0.037076253,0.007701772,0.001859941,0.0,0.047912717,0.04695747
794,0.0026339446,0.0,0.037417214,0.007694668,0.0019277086,0.0,0.048898563,0.04695332
795,0.0027554021,0.0,0.03770097,0.0076859226,0.0019609062,0.0,0.050073203,0.046948344
796,0.0026854,0.0,0.037085693,0.0076756803,0.002056161,0.0,0.050329313,0.046942662
797,0.0028587065,0.0,0.037426297,0.007665313,0.0019776549,0.0,0.050727643,0.046940945
798,0.0028525945,0.0,0.037833016,0.00765802,0.0019323821,0.0,0.050267264,0.04693825
799,0.0028116668,0.0,0.037409812,0.0076506273,0.0018328994,0.0,0.050927367,0.046935234
800,0.0027394027,0.0,0.036644127,0.0076424903,0.0020313188,0.0,0.048660558,0.04693443
801,0.0029197223,0.0,0.037150923,0.007633697,0.0018955757,0.0,0.05045275,0.046931986
802,0.0025765032,0.0,0.03735116,0.0076259742,0.0019412816,0.0,0.049117126,0.046931364
803,0.0027030762,0.0,0.037591573,0.007617797,0.001825396,0.0,0.04809675,0.04693458
804,0.002724361,0.0,0.036882967,0.0076116235,0.0020322532,0.0,0.05006255,0.046935696
805,0.0028167274,0.0,0.036262408,0.007604511,0.002021371,0.0,0.04902821,0.046935465
806,0.0025564826,0.0,0.037073627,0.0075960183,0.0020128062,0.0,0.05245631,0.046936303
807,0.0028703732,0.0,0.03697039,0.0075858384,0.0019752732,0.0,0.048546694,0.046936408
808,0.0029299613,0.0,0.037683845,0.007574414,0.0018835545,0.0,0.04994357,0.046933986
809,0.0029499738,0.0,0.037347764,0.0075616045,0.0019234605,0.0,0.049928427,0.046931505
810,0.0027054553,0.0,0.037365984,0.007548006,0.001808208,0.0,0.05120236,0.046926346
811,0.002866329,0.0,0.03696654,0.0075333803,0.0020119906,0.0,0.04833338,0.046920843
812,0.0026931649,0.0,0.03734285,0.007517637,0.0019403115,0.0,0.04924298,0.04691506
813,0.00280311,0.0,0.03699225,0.007501033,0.0020640746,0.0,0.051038496,0.046908323
814,0.0028118512,0.0,0.037215024,0.007483338,0.0019834908,0.0,0.050880663,0.046902575
815,0.0029257387,0.0,0.036631197,0.0074654855,0.0018954101,0.0,0.048217867,0.046894733
816,0.0028173237,0.0,0.03645986,0.007447065,0.0020704146,0.0,0.05184441,0.046884574
817,0.002921925,0.0,0.03689451,0.007428022,0.0019448634,0.0,0.052284475,0.0468753
818,0.0029375462,0.0,0.037313085,0.0074124285,0.0020276068,0.0,0.050484568,0.046874348
819,0.0029927387,0.0,0.036892176,0.007397873,0.0020198214,0.0,0.051201675,0.046871718
820,0.0029426527,0.0,0.03725167,0.007383712,0.0019756972,0.0,0.0494001,0.046868827
821,0.002811263,0.0,0.036930244,0.00736952,0.0018557407,0.0,0.04862674,0.046868987
822,0.0028447977,0.0,0.03774918,0.0073549654,0.001953199,0.0,0.049932394,0.04687071
823,0.0027830948,0.0,0.037602898,0.0073413206,0.0018568662,0.0,0.04882539,0.04687147
824,0.002662821,0.0,0.03783197,0.007327422,0.0022006913,0.0,0.05171326,0.04686996
825,0.0027992816,0.0,0.0363329,0.007312858,0.0019296412,0.0,0.05093577,0.046867996
826,0.002736731,0.0,0.03664041,0.007297477,0.0019967782,0.0,0.048496496,0.04686654
827,0.0026360815,0.0,0.03616402,0.0072812056,0.0019396127,0.0,0.048600413,0.046863582
828,0.0028310805,0.0,0.036785226,0.0072708325,0.0020134898,0.0,0.048684154,0.046860553
829,0.002630402,0.0,0.037343867,0.0072638,0.0021987923,0.0,0.04963975,0.0468586
830,0.002865681,0.0,0.037033375,0.007259811,0.0020506792,0.0,0.0492017,0.04685586
831,0.0027280475,0.0,0.03725273,0.00725688,0.002145814,0.0,0.049054455,0.04685041
832,0.0027187024,0.0,0.037357476,0.0072547337,0.0020363561,0.0,0.050314,0.046844874
833,0.0027335375,0.0,0.03675214,0.0072523165,0.002195335,0.0,0.049584325,0.046840463
834,0.0027818396,0.0,0.03603437,0.007249329,0.0019423845,0.0,0.051857863,0.046837747
835,0.002707422,0.0,0.037183516,0.007245169,0.0021480327,0.0,0.052584965,0.046836283
836,0.0028752582,0.0,0.037481062,0.0072423653,0.0019363848,0.0,0.051329743,0.04683596
837,0.0026110453,0.0,0.037323818,0.0072393883,0.0021320633,0.0,0.04953667,0.046836745
838,0.0028256357,0.0,0.03694787,0.007235689,0.0018298206,0.0,0.050273858,0.046838325
839,0.0027392416,0.0,0.0364773,0.0072308434,0.0020955876,0.0,0.04840506,0.046839174
840,0.0025656805,0.0,0.036417816,0.007224794,0.001861585,0.0,0.050729472,0.046836328
841,0.0028358374,0.0,0.037322372,0.007217624,0.0020577754,0.0,0.048700348,0.04683178
842,0.0026006266,0.0,0.035885658,0.0072089056,0.0019969638,0.0,0.049010683,0.046824876
843,0.0028201835,0.0,0.036923632,0.0071986467,0.0018684588,0.0,0.049045116,0.04681659
844,0.002842688,0.0,0.03652761,0.00718706,0.0019812535,0.0,0.047345288,0.04680742
845,0.0026664273,0.0,0.037336517,0.0071740984,0.0020585968,0.0,0.048955932,0.046799716
846,0.002754825,0.0,0.03753832,0.007160188,0.002004403,0.0,0.048694555,0.046792008
847,0.002786883,0.0,0.036863957,0.0071454756,0.0020161404,0.0,0.048008323,0.046787173
848,0.002716353,0.0,0.036551222,0.00712988,0.001998682,0.0,0.04958338,0.046780813
849,0.0028002544,0.0,0.03676671,0.007113502,0.0020480417,0.0,0.049695905,0.04677572
850,0.002687032,0.0,0.03609422,0.0070964503,0.001876533,0.0,0.04956094,0.04677164
851,0.002794153,0.0,0.036863606,0.007078857,0.0018922194,0.0,0.050139993,0.046769466
852,0.0028878916,0.0,0.036971554,0.0070617283,0.0021402794,0.0,0.049611818,0.046767402
853,0.0025231163,0.0,0.037330166,0.007044529,0.0020343314,0.0,0.050294492,0.046766914
854,0.002856805,0.0,0.03651485,0.007027591,0.0018965681,0.0,0.05076137,0.046765953
855,0.0027742404,0.0,0.037129782,0.007010671,0.0020558883,0.0,0.052067805,0.04676684
856,0.0028235996,0.0,0.037663125,0.0069938945,0.0018177927,0.0,0.051851913,0.046768576
857,0.002815642,0.0,0.036944747,0.0069770003,0.0020112435,0.0,0.0512401,0.046771653
858,0.0028224047,0.0,0.037266295,0.006960637,0.0020371324,0.0,0.051218916,0.046777226
859,0.0027630671,0.0,0.036969487,0.0069442256,0.0020180664,0.0,0.050823648,0.046780575
860,0.0028661424,0.0,0.03706966,0.006927694,0.00202305,0.0,0.049099825,0.046783537
861,0.002544186,0.0,0.03682615,0.0069115893,0.0019941186,0.0,0.050549734,0.04678678
862,0.0028836636,0.0,0.03670956,0.006895529,0.0020898639,0.0,0.048283134,0.046790853
863,0.0028124496,0.0,0.037992645,0.006879377,0.0020400842,0.0,0.05271078,0.04679086
864,0.0025701625,0.0,0.038963128,0.006863087,0.0020506242,0.0,0.05105337,0.046794426
865,0.002674317,0.0,0.03763566,0.006846646,0.002080951,0.0,0.048595045,0.04679628
866,0.0026153326,0.0,0.036678355,0.0068300455,0.0018689361,0.0,0.05042848,0.046798587
867,0.0026839504,0.0,0.037434597,0.006817405,0.0020825767,0.0,0.05013033,0.046799976
868,0.0027162204,0.0,0.037523538,0.0068057375,0.0019554927,0.0,0.0514043,0.046800785
869,0.0024663354,0.0,0.036068525,0.0067946105,0.0021303804,0.0,0.050515264,0.046801887
870,0.002856869,0.0,0.03819755,0.0067843124,0.0019329655,0.0,0.047791783,0.04680177
871,0.0027713892,0.0,0.037485044,0.006774066,0.0020264378,0.0,0.048226204,0.04680004
872,0.0026192472,0.0,0.036995694,0.006763625,0.001974987,0.0,0.049985513,0.046796426
873,0.0029641294,0.0,0.037311837,0.006752842,0.0021281268,0.0,0.051637203,0.04679463
874,0.0027359403,0.0,0.037059832,0.0067417757,0.0019528449,0.0,0.051835928,0.046791397
875,0.002700203,0.0,0.0367759,0.0067629986,0.0019979232,0.0,0.048302636,0.04678944
876,0.0025704647,0.0,0.03741481,0.0068094637,0.002030016,0.0,0.05001873,0.04678778
877,0.0025526215,0.0,0.037526883,0.006873045,0.0020855914,0.0,0.05041383,0.046786837
878,0.0027350427,0.0,0.036850523,0.0069488264,0.0020466277,0.0,0.05008644,0.04678651
879,0.002842925,0.0,0.036791075,0.0070325537,0.0021324875,0.0,0.050410748,0.04678662
880,0.0025693988,0.0,0.036653046,0.0071185087,0.0019070513,0.0,0.048169456,0.04678385
881,0.0027288636,0.0,0.03665323,0.0072033615,0.0021397562,0.0,0.048272528,0.046781216
882,0.0027262967,0.0,0.037472837,0.0072856243,0.0018886358,0.0,0.051131967,0.046777707
883,0.0028493851,0.0,0.03744472,0.0073632747,0.0020608655,0.0,0.050297424,0.04677388
884,0.0027440342,0.0,0.037063263,0.007434772,0.0019340006,0.0,0.048909076,0.04677147
885,0.0027583565,0.0,0.037492752,0.007500118,0.0019560999,0.0,0.051530637,0.04676768
886,0.0027558063,0.0,0.03766898,0.0075586005,0.0020864843,0.0,0.052465234,0.046762265
887,0.0026217112,0.0,0.0377047,0.0076119173,0.0019764095,0.0,0.048264436,0.046758812
888,0.0026833916,0.0,0.03752736,0.0076613445,0.0020628371,0.0,0.04886707,0.046754144
889,0.0027619442,0.0,0.03664212,0.007706036,0.0019068319,0.0,0.050588988,0.046748582
890,0.0026859636,0.0,0.036932804,0.0077456227,0.0020431667,0.0,0.050130416,0.046746034
891,0.0029162616,0.0,0.0366506,0.0077808658,0.0018172446,0.0,0.0508534,0.046747226
892,0.0027944013,0.0,0.03772779,0.007811868,0.001928528,0.0,0.04808851,0.04675139
893,0.0026527941,0.0,0.037454914,0.007839153,0.0018625018,0.0,0.04896718,0.046753407
894,0.0028246336,0.0,0.036458872,0.007862823,0.001997763,0.0,0.051903404,0.0467546
895,0.0028412258,0.0,0.03730394,0.007882722,0.0019439682,0.0,0.04856093,0.046758
896,0.0027264496,0.0,0.038652454,0.007898521,0.0019912035,0.0,0.050235074,0.04676269
897,0.0025806886,0.0,0.037116956,0.00791093,0.0019003705,0.0,0.045760855,0.046767488
898,0.0026280107,0.0,0.036407743,0.007921449,0.0021577175,0.0,0.05109377,0.04676878
899,0.0025814532,0.0,0.037235864,0.007929133,0.0019493761,0.0,0.049919143,0.04677184
900,0.0027870967,0.0,0.03717975,0.007933602,0.0019760625,0.0,0.04910142,0.04677303
901,0.0027537404,0.0,0.03787884,0.007935711,0.0019296044,0.0,0.048349116,0.046773475
902,0.0026386857,0.0,0.037370235,0.007937581,0.0018349686,0.0,0.053719904,0.046772778
903,0.0027037712,0.0,0.036440928,0.007937913,0.0019993535,0.0,0.0497777,0.04677368
904,0.0027791993,0.0,0.03720894,0.007936184,0.0018721364,0.0,0.051904112,0.04677402
905,0.0026803028,0.0,0.037285473,0.007932607,0.001861171,0.0,0.04886492,0.046773214
906,0.0026987696,0.0,0.03713894,0.007926774,0.0020125313,0.0,0.04895168,0.04677291
907,0.003002012,0.0,0.03695752,0.007919619,0.001897433,0.0,0.048200052,0.046770122
908,0.0027048269,0.0,0.037139878,0.007911269,0.0020283996,0.0,0.049685292,0.046765964
909,0.0029329746,0.0,0.03693614,0.007900898,0.0019030238,0.0,0.048089195,0.046761323
910,0.0028127874,0.0,0.03814828,0.007888411,0.0020043713,0.0,0.051061902,0.046759903
911,0.0027248021,0.0,0.037523706,0.007873778,0.0019552119,0.0,0.050693836,0.046759613
912,0.0029058126,0.0,0.03707105,0.007857079,0.0019465429,0.0,0.050945614,0.046760604
913,0.0027843402,0.0,0.03577536,0.007838601,0.001877715,0.0,0.048791256,0.046762645
914,0.0027178512,0.0,0.037349205,0.007818387,0.0019844344,0.0,0.048793156,0.04676658
915,0.0027081624,0.0,0.037389606,0.00779687,0.001983221,0.0,0.04960107,0.046768848
916,0.002665703,0.0,0.037002943,0.007775398,0.0018726491,0.0,0.05190576,0.046773694
917,0.002844469,0.0,0.036939308,0.0077531296,0.0021082093,0.0,0.05006507,0.046777684
918,0.0027320264,0.0,0.03635593,0.0077303182,0.0019592475,0.0,0.051281005,0.046784386
919,0.0030379745,0.0,0.037283365,0.0077068773,0.001885532,0.0,0.05025936,0.046787564
920,0.003000308,0.0,0.037884425,0.007682807,0.0018810275,0.0,0.049270853,0.046792973
921,0.002641281,0.0,0.036898986,0.0076589105,0.0019041828,0.0,0.049506273,0.046797995
922,0.0028098042,0.0,0.03646039,0.0076347236,0.0019162643,0.0,0.049676683,0.046801824
923,0.0027330774,0.0,0.037145503,0.0076100496,0.0019972895,0.0,0.052387644,0.046804797
924,0.0025423511,0.0,0.03718224,0.007585086,0.0019937218,0.0,0.05181245,0.04680696
925,0.0028157507,0.0,0.037590206,0.0075599984,0.0018787493,0.0,0.051143486,0.04681189
926,0.0026889488,0.0,0.037554126,0.007534731,0.0019001873,0.0,0.05078624,0.046815764
927,0.0027189362,0.0,0.037301145,0.0075116954,0.001925724,0.0,0.050173767,0.04682031
928,0.0025443586,0.0,0.03659313,0.0074891793,0.0018581518,0.0,0.05093664,0.046824425
929,0.0028121134,0.0,0.037171084,0.0074671376,0.0019096724,0.0,0.048965964,0.046828613
930,0.002652498,0.0,0.03718974,0.007445385,0.0020493087,0.0,0.048831265,0.046834495
931,0.0025676836,0.0,0.03694951,0.007424056,0.0019654434,0.0,0.048707467,0.04683975
932,0.002857399,0.0,0.037876986,0.0074032564,0.0020244021,0.0,0.050423756,0.0468454
933,0.0028535703,0.0,0.036436517,0.0073825973,0.0019267789,0.0,0.051788438,0.046850216
934,0.002743445,0.0,0.037015144,0.007361974,0.0019951223,0.0,0.050726146,0.04685484
935,0.0029043902,0.0,0.037381496,0.007341637,0.0017880142,0.0,0.050855976,0.046861146
936,0.0030380278,0.0,0.036190454,0.0073252628,0.0019788048,0.0,0.050857097,0.046867162
937,0.0027691792,0.0,0.03772064,0.007311142,0.0019135855,0.0,0.04865744,0.04687443
938,0.002813513,0.0,0.037299458,0.0072987974,0.0019895455,0.0,0.0507972,0.046877384
939,0.002608837,0.0,0.03725531,0.007287525,0.002014931,0.0,0.05054733,0.046882145
940,0.0028796813,0.0,0.03697935,0.007277455,0.001962506,0.0,0.049097847,0.046885494
941,0.0029518977,0.0,0.0366509,0.0072679333,0.0020842985,0.0,0.055586394,0.04689071
942,0.002786626,0.0,0.03699016,0.007258336,0.0019934068,0.0,0.047708932,0.046899438
943,0.0029153335,0.0,0.037967786,0.0072485856,0.0019750437,0.0,0.049527597,0.046905715
944,0.00265603,0.0,0.037971877,0.007240184,0.0019600927,0.0,0.049850002,0.04691098
945,0.002909922,0.0,0.03684172,0.0072318665,0.0019581094,0.0,0.048571046,0.046912763
946,0.0028390388,0.0,0.037233308,0.007223011,0.00199942,0.0,0.05027814,0.046914272
947,0.002700825,0.0,0.038232923,0.0072139334,0.0021099073,0.0,0.05206422,0.04691453
948,0.002639073,0.0,0.036777347,0.00720415,0.0019902412,0.0,0.05090259,0.046915233
949,0.0026856305,0.0,0.037699495,0.007195021,0.002111728,0.0,0.05059065,0.046915762
950,0.0027820163,0.0,0.037304096,0.007185836,0.0019950604,0.0,0.05032223,0.046915743
951,0.0027433292,0.0,0.037286647,0.0071774656,0.0021392633,0.0,0.048488576,0.04691461
952,0.0026417335,0.0,0.036317978,0.00717028,0.0019309091,0.0,0.049507946,0.046913337
953,0.0027691147,0.0,0.037028164,0.007163085,0.0019618405,0.0,0.052611087,0.046910796
954,0.0027075289,0.0,0.03781528,0.007155452,0.0019867884,0.0,0.04829932,0.04690891
955,0.002773402,0.0,0.037575755,0.0071470826,0.0020185942,0.0,0.049303744,0.046904866
956,0.0026518372,0.0,0.03734241,0.0071377764,0.0019635572,0.0,0.049226634,0.046900082
957,0.0025986356,0.0,0.037032556,0.007127477,0.0019794244,0.0,0.050946664,0.046895273
958,0.002674595,0.0,0.037018754,0.0071162824,0.0018997366,0.0,0.051073376,0.046890996
959,0.0025981911,0.0,0.036008954,0.007105893,0.001978078,0.0,0.049131304,0.04688688
960,0.0027434279,0.0,0.03696746,0.007095349,0.0019934822,0.0,0.049664225,0.046885986
961,0.002744159,0.0,0.037223745,0.007096269,0.0019691864,0.0,0.049743943,0.046884693
962,0.0028973243,0.0,0.0371733,0.007102535,0.0019303701,0.0,0.051798854,0.046884716
963,0.0028050314,0.0,0.037518326,0.00711189,0.0019428633,0.0,0.0514966,0.046883564
964,0.0026897406,0.0,0.036859542,0.007124673,0.0019852063,0.0,0.050752256,0.046882063
965,0.00290238,0.0,0.03770493,0.0071383896,0.0019261399,0.0,0.0488751,0.046881035
966,0.0027398695,0.0,0.03731762,0.007151859,0.002090657,0.0,0.05048778,0.046880502
967,0.0028280513,0.0,0.036686666,0.007165065,0.0018639127,0.0,0.049141303,0.046880193
968,0.0028976032,0.0,0.037191883,0.007177169,0.0019255981,0.0,0.04715931,0.046878453
969,0.002717289,0.0,0.03738168,0.0071873902,0.0020072183,0.0,0.049932633,0.04687737
970,0.003001684,0.0,0.037609056,0.007195351,0.0019478877,0.0,0.049321454,0.046875443
971,0.0026661477,0.0,0.037839476,0.0072016143,0.0018984921,0.0,0.048364058,0.046873227
972,0.002680827,0.0,0.037012443,0.007205538,0.001981812,0.0,0.04859134,0.046871826
973,0.0027838675,0.0,0.037132293,0.0072095776,0.001980459,0.0,0.049763046,0.04686919
974,0.0026405484,0.0,0.037697632,0.0072123627,0.0019513009,0.0,0.051160667,0.046864815
975,0.0029337958,0.0,0.037718594,0.007213587,0.0020309822,0.0,0.04953866,0.046862137
976,0.002714316,0.0,0.036613762,0.0072129415,0.0019583378,0.0,0.05061006,0.046856936
977,0.002766883,0.0,0.037066508,0.007211346,0.0019080705,0.0,0.048670106,0.046852782
978,0.0027484756,0.0,0.03735143,0.007210558,0.001979447,0.0,0.050975714,0.046846956
979,0.0028419103,0.0,0.03672638,0.007209856,0.0018882054,0.0,0.050377466,0.046841282
980,0.0029014696,0.0,0.037450362,0.007208123,0.0021244849,0.0,0.049792524,0.04683569
981,0.002722096,0.0,0.036941398,0.0072129695,0.0021409492,0.0,0.049402338,0.04683065
982,0.0026270493,0.0,0.036424503,0.007222188,0.0020796687,0.0,0.050071493,0.04682472
983,0.0027655698,0.0,0.037220653,0.007233849,0.0022038813,0.0,0.04976457,0.04682108
984,0.002676408,0.0,0.03719327,0.0072463043,0.0020535795,0.0,0.05152257,0.04681719
985,0.0029188406,0.0,0.03742496,0.007258948,0.0022318247,0.0,0.054147735,0.046812944
986,0.0030273094,0.0,0.03679662,0.007270874,0.0020984719,0.0,0.049118735,0.04681762
987,0.0029416042,0.0,0.0372987,0.007281197,0.0021511037,0.0,0.04952054,0.046820816
988,0.002464664,0.0,0.0373125,0.0072908094,0.002161061,0.0,0.048471957,0.04682379
989,0.0029679092,0.0,0.037102036,0.007299133,0.0021935606,0.0,0.05028308,0.046828322
990,0.0026095617,0.0,0.0368014,0.007305351,0.0020159592,0.0,0.04997829,0.04683092
991,0.0027149005,0.0,0.037812576,0.0073092547,0.0023077657,0.0,0.04890871,0.04683206
992,0.0028110552,0.0,0.03643963,0.0073108617,0.0020425413,0.0,0.049803,0.046830405
993,0.0027031833,0.0,0.037421986,0.0073102373,0.0022697637,0.0,0.049367305,0.04682837
994,0.0027460211,0.0,0.036057204,0.0073077427,0.0020216482,0.0,0.05060473,0.04682669
995,0.002805983,0.0,0.037146952,0.007303145,0.0023772244,0.0,0.049999017,0.046829008
996,0.0028062442,0.0,0.036907576,0.007296763,0.002105719,0.0,0.04925102,0.04683054
997,0.0028842632,0.0,0.037462004,0.0072885174,0.0023415387,0.0,0.04882898,0.04683281
998,0.0025699616,0.0,0.03749755,0.007278511,0.0021335434,0.0,0.048741978,0.04683542
999,0.0026815108,0.0,0.036560252,0.0072668856,0.002488351,0.0,0.04909427,0.04683857
1000,0.0028129346,0.0,0.036971632,0.0072539346,0.002141187,0.0,0.047336135,0.046840247
1001,0.002691191,0.0,0.03691687,0.0072397124,0.0025453588,0.0,0.05016056,0.046839807
1002,0.0026955414,0.0,0.03760914,0.0072243544,0.0022008498,0.0,0.04965553,0.046839673
1003,0.0027778922,0.0,0.03689636,0.0072080744,0.0024098952,0.0,0.051954664,0.04683861
1004,0.002582885,0.0,0.037641276,0.007192317,0.0023118337,0.0,0.048005916,0.046839274
1005,0.0027598008,0.0,0.037426405,0.0071768137,0.0025720145,0.0,0.04832516,0.046840306
1006,0.0026106285,0.0,0.03741366,0.0071623884,0.0021714142,0.0,0.051112097,0.0468396
1007,0.0024879018,0.0,0.037188392,0.007148228,0.0024810156,0.0,0.048511818,0.04684032
1008,0.0027282655,0.0,0.037522152,0.0071339197,0.002170832,0.0,0.049559664,0.046841014
1009,0.00283445,0.0,0.03751693,0.0071192877,0.0025807568,0.0,0.04896945,0.046842787
1010,0.0027942555,0.0,0.037109565,0.007104475,0.0020742202,0.0,0.049648084,0.046841323
1011,0.002757728,0.0,0.037767977,0.0070894198,0.0023025398,0.0,0.050531283,0.046840075
1012,0.0028088351,0.0,0.03689662,0.0070765615,0.002144197,0.0,0.050237663,0.046840947
1013,0.0030178851,0.0,0.036509365,0.007064111,0.0023884394,0.0,0.047809638,0.04684248
1014,0.0027528177,0.0,0.037501957,0.0070540966,0.0020906439,0.0,0.050383657,0.046844445
1015,0.0027893847,0.0,0.03731212,0.007044659,0.0025192483,0.0,0.05093398,0.04684782
1016,0.0029450506,0.0,0.036856685,0.0070364736,0.0021595564,0.0,0.04769314,0.046853006
1017,0.00265554,0.0,0.035889465,0.007028163,0.0023498032,0.0,0.050577484,0.046855938
1018,0.0024608849,0.0,0.037055366,0.007019338,0.0021323857,0.0,0.050237697,0.046857096
1019,0.003010155,0.0,0.037156574,0.007009738,0.0021760524,0.0,0.052422054,0.0468562
1020,0.0028044472,0.0,0.036257353,0.0069992375,0.0021725025,0.0,0.04689121,0.046855375
1021,0.0029003308,0.0,0.037787937,0.0069879503,0.0022092222,0.0,0.049118727,0.04685384
1022,0.002791351,0.0,0.037824668,0.0069757462,0.0022275518,0.0,0.049728703,0.046852607
1023,0.0029373213,0.0,0.036977123,0.0069642295,0.0022006326,0.0,0.050275907,0.04685426
1024,0.0027815702,0.0,0.036719333,0.006952839,0.002250588,0.0,0.050025318,0.04685755
1025,0.0029058196,0.0,0.03624496,0.00694244,0.0022119528,0.0,0.05118063,0.046859287
1026,0.0030508225,0.0,0.036395248,0.0069319988,0.0020811975,0.0,0.050297894,0.046862073
1027,0.0027866252,0.0,0.037030548,0.0069215205,0.0019576978,0.0,0.04998879,0.046864275
1028,0.002916663,0.0,0.036959875,0.0069108224,0.0021018228,0.0,0.04970021,0.04686612
1029,0.002783105,0.0,0.03697548,0.0068996404,0.0021245289,0.0,0.048988722,0.046867225
1030,0.0028731318,0.0,0.036785427,0.0068881465,0.002135783,0.0,0.052162457,0.046868905
1031,0.0028261135,0.0,0.03751306,0.0068760864,0.0021000227,0.0,0.04799741,0.046872247
1032,0.0025825193,0.0,0.03707784,0.006863407,0.0021807586,0.0,0.048527215,0.04687438
1033,0.0024914145,0.0,0.035955634,0.0068504787,0.0020938262,0.0,0.048605658,0.046875842
1034,0.0028438605,0.0,0.037559103,0.0068412856,0.0020556927,0.0,0.05126573,0.04687661
1035,0.0028561635,0.0,0.037398744,0.0068325694,0.0020336516,0.0,0.050187007,0.046876807
1036,0.0029396357,0.0,0.036324967,0.0068242927,0.0021308584,0.0,0.048469383,0.046878017
1037,0.0026950093,0.0,0.036135063,0.006815942,0.0022486753,0.0,0.051618844,0.04687751
1038,0.0026871965,0.0,0.036385275,0.006807286,0.00209723,0.0,0.05031216,0.046874512
1039,0.002972046,0.0,0.037259493,0.0067981486,0.0021760175,0.0,0.048715826,0.046871513
1040,0.0027800773,0.0,0.037171055,0.0067907968,0.002281797,0.0,0.050319184,0.046867203
1041,0.0028079348,0.0,0.036855165,0.0067986064,0.0020724074,0.0,0.050093383,0.04686172
1042,0.0031222354,0.0,0.036909763,0.006811672,0.0021369264,0.0,0.048586965,0.046858907
1043,0.0026796304,0.0,0.036436442,0.0068278946,0.0020459348,0.0,0.048558816,0.046855167
1044,0.0028800096,0.0,0.036846727,0.0068469546,0.0021132461,0.0,0.05109524,0.046851747
1045,0.0028753101,0.0,0.037083447,0.0068670227,0.0021062419,0.0,0.051404055,0.046850234
1046,0.0028544914,0.0,0.037243675,0.006886701,0.002150839,0.0,0.051035095,0.046849936
1047,0.0030559504,0.0,0.03683863,0.0069049094,0.002118596,0.0,0.048488688,0.04684898
1048,0.0027081568,0.0,0.036577746,0.0069212248,0.0021438545,0.0,0.05385731,0.04684932
1049,0.002666891,0.0,0.036659207,0.0069350908,0.0021342423,0.0,0.048522163,0.046857554
1050,0.0025421672,0.0,0.036681466,0.0069462117,0.0022369123,0.0,0.053252313,0.04686239
1051,0.0027387643,0.0,0.03608973,0.006957564,0.002218251,0.0,0.04976614,0.046867616
1052,0.00256588,0.0,0.03649206,0.0069690337,0.0021393257,0.0,0.051173706,0.046872396
1053,0.002972085,0.0,0.036474407,0.006979244,0.0021327196,0.0,0.04920031,0.046880905
1054,0.0026789545,0.0,0.03675255,0.006987849,0.0022244772,0.0,0.0492411,0.04688807
1055,0.002919261,0.0,0.036616616,0.006994442,0.0019983926,0.0,0.051395576,0.046894707
1056,0.002867977,0.0,0.037891522,0.0070017087,0.0022026706,0.0,0.04951567,0.04689997
1057,0.0028562075,0.0,0.037055638,0.0070083314,0.0019951502,0.0,0.049892604,0.04690188
1058,0.0030068194,0.0,0.036005482,0.007013826,0.0021201505,0.0,0.04923742,0.04690383
1059,0.0029087802,0.0,0.036297757,0.0070176674,0.0020075392,0.0,0.050459016,0.04690644
1060,0.0026939218,0.0,0.036601715,0.007019562,0.0020543144,0.0,0.051387772,0.046908703
1061,0.00278248,0.0,0.0371572,0.007019351,0.0020126174,0.0,0.04982537,0.046910394
1062,0.0030024545,0.0,0.037785307,0.0070170057,0.0022559399,0.0,0.05092912,0.04691138
1063,0.0027056767,0.0,0.03740055,0.0070134513,0.0020885542,0.0,0.052904002,0.046912618
1064,0.002779523,0.0,0.037099935,0.0070096864,0.0020845477,0.0,0.050778285,0.04691291
1065,0.0028210634,0.0,0.03714219,0.0070043798,0.0021114156,0.0,0.049026933,0.04691122
1066,0.0028212345,0.0,0.03647024,0.006997568,0.0021428491,0.0,0.050037574,0.046909492
1067,0.0027454153,0.0,0.036877647,0.006990329,0.0021351187,0.0,0.050063983,0.046906725
1068,0.0026105861,0.0,0.037420806,0.006983565,0.0020639806,0.0,0.048900407,0.04690569
1069,0.0026703174,0.0,0.03679239,0.0069764014,0.0020238517,0.0,0.04897886,0.046905257
1070,0.0026688017,0.0,0.036457647,0.006968522,0.0021482229,0.0,0.051222976,0.046902884
1071,0.0026508605,0.0,0.036507662,0.006959775,0.002012443,0.0,0.051522613,0.04689946
1072,0.0027764076,0.0,0.03758584,0.0069500664,0.002042888,0.0,0.04762799,0.046896562
1073,0.0027878752,0.0,0.038007483,0.0069393925,0.0020430733,0.0,0.05201509,0.046895426
1074,0.0026216963,0.0,0.036203243,0.0069277626,0.0020979887,0.0,0.048673168,0.046892837
1075,0.0028557586,0.0,0.037173677,0.0069158203,0.001970148,0.0,0.049395893,0.046890534
1076,0.0026472576,0.0,0.036137406,0.0069034672,0.0020172184,0.0,0.049679693,0.046891592
1077,0.0027874752,0.0,0.036596257,0.006891373,0.0019640722,0.0,0.051997837,0.046890885
1078,0.0027353698,0.0,0.03721753,0.0068787993,0.0018958151,0.0,0.04955829,0.04688786
1079,0.0026372164,0.0,0.03735742,0.0068657333,0.0019892242,0.0,0.050449975,0.04688488
1080,0.00274524,0.0,0.036450334,0.006853265,0.0019356735,0.0,0.051440336,0.04688279
1081,0.0026974936,0.0,0.03674607,0.0068478263,0.0020667543,0.0,0.05139416,0.04688465
1082,0.0025369746,0.0,0.03737007,0.0068458416,0.0019281507,0.0,0.048048485,0.046886332
1083,0.0028012274,0.0,0.038070433,0.0068459557,0.0020837141,0.0,0.050320055,0.046889275
1084,0.0028476804,0.0,0.036520958,0.0068472484,0.0019450464,0.0,0.0489684,0.04689304
1085,0.0025562118,0.0,0.03643659,0.0068487367,0.0022291339,0.0,0.050126225,0.046898082
1086,0.0027931675,0.0,0.037082296,0.006849904,0.0019589849,0.0,0.051770348,0.04690275
1087,0.0026356454,0.0,0.03782359,0.0068504065,0.001994428,0.0,0.051636625,0.046908576
1088,0.0027835756,0.0,0.036956638,0.006852286,0.0020300304,0.0,0.0501683,0.04691286
1089,0.0027852093,0.0,0.03716711,0.006853533,0.0021419404,0.0,0.049429227,0.046915844
1090,0.0029455035,0.0,0.036353227,0.00685417,0.0020852212,0.0,0.050948516,0.04691599
1091,0.002811946,0.0,0.0376647,0.006853842,0.0019894384,0.0,0.049645513,0.046914354
1092,0.0027819236,0.0,0.0369102,0.0068527902,0.0020359044,0.0,0.05069506,0.046912238
1093,0.0026896074,0.0,0.03781102,0.0068505504,0.0019727035,0.0,0.051089518,0.04690787
1094,0.0027134412,0.0,0.037000116,0.006847085,0.0020725043,0.0,0.04874967,0.046903715
1095,0.0026840358,0.0,0.036570538,0.006842323,0.0021238257,0.0,0.04969388,0.04689967
1096,0.0027630685,0.0,0.036958642,0.006836724,0.0020911728,0.0,0.047523174,0.046895836
1097,0.0026558398,0.0,0.037074223,0.006829953,0.0020213777,0.0,0.050766792,0.046890497
1098,0.0025439924,0.0,0.037157875,0.006822064,0.0021033164,0.0,0.05142698,0.046885833
1099,0.0027993862,0.0,0.037652344,0.0068131317,0.0019597628,0.0,0.05142621,0.04687834
1100,0.002798377,0.0,0.037530717,0.0068042516,0.0021287575,0.0,0.048805285,0.046872586
1101,0.0027396374,0.0,0.03678577,0.006794848,0.0020156747,0.0,0.051347498,0.04686575
1102,0.0028729187,0.0,0.038137097,0.006784744,0.00209693,0.0,0.049166415,0.046863247
1103,0.0027206813,0.0,0.03705294,0.0067743445,0.0018642965,0.0,0.050230417,0.04685963
1104,0.0027744703,0.0,0.036509126,0.006765145,0.002083574,0.0,0.049843732,0.046855412
1105,0.0028187945,0.0,0.036974095,0.00675632,0.0020071475,0.0,0.051233966,0.04685096
1106,0.0026893436,0.0,0.037134003,0.0067472965,0.0021502925,0.0,0.050533865,0.046848487
1107,0.0028547763,0.0,0.03760937,0.006737905,0.0020542438,0.0,0.050581712,0.046845846
1108,0.0027965738,0.0,0.038109105,0.006728878,0.0021402368,0.0,0.05143776,0.04684586
1109,0.0027465795,0.0,0.036905393,0.0067195063,0.0019977707,0.0,0.05232948,0.046843223
1110,0.002725708,0.0,0.03691164,0.006710014,0.0021476168,0.0,0.04916814,0.04684351
1111,0.0028129795,0.0,0.0374068,0.006700833,0.0020546177,0.0,0.049539834,0.046842754
1112,0.0027560496,0.0,0.03707624,0.006691453,0.001949948,0.0,0.048023276,0.046842042
1113,0.0028131946,0.0,0.037169863,0.0066823517,0.002117434,0.0,0.051880043,0.046838
1114,0.0028876655,0.0,0.036773458,0.0066729425,0.001973652,0.0,0.04983912,0.04683357
1115,0.002722016,0.0,0.036456462,0.0066634743,0.0020192415,0.0,0.051904425,0.046827145
1116,0.0028109972,0.0,0.03653303,0.00665403,0.0020231542,0.0,0.049774997,0.046823584
1117,0.0027811045,0.0,0.037574366,0.0066449577,0.001979299,0.0,0.053050432,0.046819355
1118,0.0026282414,0.0,0.03714344,0.0066366796,0.0019328318,0.0,0.04924472,0.046814635
1119,0.0026541918,0.0,0.037432462,0.006628384,0.0019759196,0.0,0.05055101,0.046811964
1120,0.0029061625,0.0,0.03721757,0.006622647,0.0020278005,0.0,0.048327077,0.046809666
1121,0.0026809953,0.0,0.037228614,0.006617643,0.0020932076,0.0,0.051778182,0.04680483
1122,0.0028654132,0.0,0.036581222,0.0066128694,0.0020625899,0.0,0.05028231,0.046804745
1123,0.0029061227,0.0,0.03768955,0.006607963,0.0019244155,0.0,0.049791966,0.04680412
1124,0.0029248027,0.0,0.037395746,0.0066026086,0.0019320165,0.0,0.04929756,0.046807192
1125,0.002607324,0.0,0.0374019,0.006597223,0.0021137232,0.0,0.04972562,0.046812683
1126,0.002746242,0.0,0.036401186,0.006591774,0.002140387,0.0,0.050702333,0.046818465
1127,0.002815774,0.0,0.036776215,0.0065878425,0.0019799925,0.0,0.050240494,0.04682503
1128,0.0024107744,0.0,0.036246654,0.0065840427,0.0019295601,0.0,0.053090554,0.046832025
1129,0.0028719394,0.0,0.03691028,0.0065805307,0.002096663,0.0,0.05188887,0.046843816
1130,0.0028987057,0.0,0.03721742,0.006577438,0.0020553083,0.0,0.04956422,0.046856422
1131,0.0027890464,0.0,0.03756735,0.0065740035,0.0018888094,0.0,0.05164412,0.0468682
1132,0.0028880264,0.0,0.037684772,0.0065745893,0.002105626,0.0,0.052446883,0.04688249
1133,0.0027504049,0.0,0.036161788,0.006575322,0.002041686,0.0,0.050885122,0.046894282
1134,0.00264536,0.0,0.036658585,0.0065764715,0.0019847734,0.0,0.05043083,0.04690759
1135,0.002628401,0.0,0.037028898,0.006580142,0.002077298,0.0,0.05109783,0.046919633
1136,0.0028508236,0.0,0.037020862,0.0065842215,0.0019365915,0.0,0.050129842,0.046930864
1137,0.0028261307,0.0,0.036865477,0.0065879775,0.0019176778,0.0,0.050155234,0.046940662
1138,0.0027531974,0.0,0.03804199,0.006590911,0.0018982294,0.0,0.052397043,0.046950508
1139,0.0027929752,0.0,0.03789035,0.006592776,0.0020324944,0.0,0.04893014,0.04695958
1140,0.0027267665,0.0,0.03669895,0.0065941457,0.001937671,0.0,0.05003097,0.046964552
1141,0.0027595907,0.0,0.036162496,0.0065946337,0.0019633323,0.0,0.049297392,0.046968166
1142,0.0025744676,0.0,0.03692003,0.006593944,0.0019002368,0.0,0.050683856,0.046970002
1143,0.002887412,0.0,0.036446705,0.006592006,0.0019791056,0.0,0.04994564,0.046972807
1144,0.0028423811,0.0,0.037907343,0.006589736,0.0018799362,0.0,0.048849788,0.046974033
1145,0.002705102,0.0,0.03736502,0.0065864967,0.0020564618,0.0,0.050055847,0.046976183
1146,0.002708899,0.0,0.03741534,0.0065820967,0.0018580183,0.0,0.05020161,0.046981644
1147,0.0028113057,0.0,0.03732568,0.006577353,0.0018920198,0.0,0.05151929,0.046986833
1148,0.002818209,0.0,0.03791852,0.006573757,0.0017739822,0.0,0.048762117,0.04699455
1149,0.0027608806,0.0,0.03607289,0.00657026,0.002018152,0.0,0.05053738,0.04700173
1150,0.0026908529,0.0,0.03726845,0.006566859,0.001881244,0.0,0.0500175,0.04700679
1151,0.0028304602,0.0,0.03625806,0.006562856,0.0018945187,0.0,0.050165407,0.047009867
1152,0.002630758,0.0,0.036504064,0.006558877,0.0019076854,0.0,0.049727935,0.0470123
1153,0.0026792956,0.0,0.036800053,0.0065541207,0.001882225,0.0,0.04970977,0.047011994
1154,0.002654712,0.0,0.036905587,0.0065489616,0.0019179583,0.0,0.04755957,0.047012996
1155,0.0028258776,0.0,0.036285806,0.0065431297,0.001944953,0.0,0.0487603,0.047011103
1156,0.002686776,0.0,0.03633467,0.0065373993,0.0018856481,0.0,0.049310062,0.047008466
1157,0.002689396,0.0,0.03702822,0.006534175,0.0018860054,0.0,0.051154766,0.04700488
1158,0.0028070211,0.0,0.036660686,0.0065311273,0.0017014515,0.0,0.048790786,0.04700068
1159,0.002915956,0.0,0.036666673,0.006529969,0.00195352,0.0,0.047620617,0.046994783
1160,0.002880856,0.0,0.03719647,0.0065292474,0.0018713352,0.0,0.05176923,0.046988804
1161,0.0029634812,0.0,0.037764948,0.0065287235,0.0019744898,0.0,0.051652312,0.04698323
1162,0.0027888727,0.0,0.037448853,0.006527768,0.001802768,0.0,0.048586413,0.046976328
1163,0.0026770404,0.0,0.036530446,0.006526076,0.0018980122,0.0,0.050401807,0.046969578
1164,0.0026174604,0.0,0.037108984,0.0065357992,0.0018175917,0.0,0.048905246,0.046963427
1165,0.002700758,0.0,0.0365074,0.0065500657,0.0020476251,0.0,0.048554875,0.046955306
1166,0.002785234,0.0,0.036276255,0.0065670814,0.0018723058,0.0,0.052787304,0.0469459
1167,0.0028623343,0.0,0.03663164,0.0065863943,0.002067785,0.0,0.051484857,0.046937883
1168,0.0027914217,0.0,0.037193466,0.0066064787,0.0019824912,0.0,0.048825838,0.046929453
1169,0.0026677384,0.0,0.03680702,0.006625864,0.0021358486,0.0,0.048299693,0.04692118
1170,0.0024688381,0.0,0.037525114,0.0066438,0.0019390804,0.0,0.049778506,0.046914678
1171,0.0028115239,0.0,0.037441276,0.006667839,0.0021487747,0.0,0.050317336,0.04690984
1172,0.0025207072,0.0,0.03741481,0.006696657,0.0019089626,0.0,0.04913712,0.046907008
1173,0.0028073152,0.0,0.03711095,0.0067263828,0.002127512,0.0,0.04988866,0.04690453
1174,0.003050113,0.0,0.037258588,0.0067558507,0.002003253,0.0,0.048089847,0.04690244
1175,0.0026403333,0.0,0.03776699,0.00678371,0.0019735084,0.0,0.050546225,0.046900213
1176,0.0029200916,0.0,0.03784202,0.0068129306,0.001994888,0.0,0.05047223,0.046898946
1177,0.0027801534,0.0,0.037395496,0.0068424763,0.0021212164,0.0,0.04876937,0.04689917
1178,0.0026336508,0.0,0.03784176,0.0068697454,0.0019606967,0.0,0.050783403,0.046898782
1179,0.0029531345,0.0,0.03723588,0.006893979,0.0020536012,0.0,0.048293337,0.04689695
1180,0.0027616457,0.0,0.0371149,0.0069150636,0.0019116036,0.0,0.04822851,0.046894442
1181,0.002668907,0.0,0.037217658,0.0069324914,0.0020980744,0.0,0.05099837,0.046890028
1182,0.0025534797,0.0,0.036736265,0.006946208,0.0020679997,0.0,0.049583953,0.046886627
1183,0.0027083457,0.0,0.036465414,0.0069568846,0.00208003,0.0,0.05171928,0.046882723
1184,0.0026297492,0.0,0.037187982,0.0069652996,0.0019565746,0.0,0.04835375,0.046882562
1185,0.002643698,0.0,0.03769228,0.0069710123,0.0021771148,0.0,0.052503005,0.046881784
1186,0.0026045793,0.0,0.037366282,0.0069740266,0.002043926,0.0,0.04621606,0.04688
1187,0.0027052262,0.0,0.037020266,0.0069744214,0.0021119188,0.0,0.050316118,0.0468757
1188,0.0025926863,0.0,0.037230115,0.006972767,0.0021064677,0.0,0.048536275,0.046869896
1189,0.002552179,0.0,0.037056085,0.006973261,0.0020529653,0.0,0.050400704,0.046863645
1190,0.0028042365,0.0,0.036615837,0.0069736578,0.0020689894,0.0,0.048756335,0.046855997
1191,0.0026487217,0.0,0.03630693,0.006973302,0.0020762912,0.0,0.050621446,0.04684864
1192,0.0026346822,0.0,0.037856784,0.006971664,0.001955809,0.0,0.050749984,0.046842884
1193,0.002466372,0.0,0.03684327,0.006968636,0.0018517479,0.0,0.047527455,0.04683758
1194,0.0028185346,0.0,0.03704729,0.006963947,0.001961156,0.0,0.051588073,0.046832465
1195,0.0027873775,0.0,0.03670484,0.006965938,0.001971517,0.0,0.050782744,0.04682929
1196,0.0026674485,0.0,0.03663845,0.0069693928,0.001988666,0.0,0.048485134,0.046825804
1197,0.0027145236,0.0,0.03642148,0.006973292,0.0019517717,0.0,0.051288277,0.04682256
1198,0.0025570027,0.0,0.037709165,0.00697669,0.0019962343,0.0,0.05245113,0.046821333
1199,0.0028685133,0.0,0.03738856,0.0069790357,0.0019469601,0.0,0.048977446,0.046820164
1200,0.0025996559,0.0,0.037379082,0.006979941,0.0019116397,0.0,0.049026377,0.04681887
1201,0.0026889718,0.0,0.036758613,0.00697918,0.001870987,0.0,0.048811,0.046817362
1202,0.0026158313,0.0,0.035797328,0.00697661,0.0019838025,0.0,0.051279623,0.046814505
1203,0.0027112782,0.0,0.037036058,0.006972213,0.0019789818,0.0,0.05041621,0.046812437
1204,0.0028466189,0.0,0.036274694,0.006967682,0.001912092,0.0,0.050806075,0.046811014
1205,0.0027906308,0.0,0.03727848,0.006962388,0.0018880297,0.0,0.048672047,0.046810977
1206,0.0026109929,0.0,0.037206385,0.0069558728,0.0018536116,0.0,0.050292075,0.046810277
1207,0.0027219532,0.0,0.03654996,0.0069480687,0.00183593,0.0,0.051744014,0.046808314
1208,0.0029204616,0.0,0.03680125,0.0069476836,0.001841671,0.0,0.049092766,0.04680475
1209,0.0028055306,0.0,0.036619417,0.0069487304,0.0018313249,0.0,0.050536416,0.046800926
1210,0.0025689474,0.0,0.03725443,0.0069505163,0.001711778,0.0,0.04765608,0.046795968
1211,0.0026587506,0.0,0.036742467,0.006951921,0.0018610227,0.0,0.050108727,0.046791628
1212,0.0029047662,0.0,0.037903268,0.0069523724,0.0017879622,0.0,0.049443897,0.04678711
1213,0.0027187923,0.0,0.03686114,0.0069529926,0.0018257183,0.0,0.04850933,0.046785627
1214,0.0025658892,0.0,0.037852377,0.006952919,0.0018673646,0.0,0.050493546,0.04678149
1215,0.0028422645,0.0,0.03689172,0.006952072,0.0019353692,0.0,0.04801944,0.046777774
1216,0.0027649268,0.0,0.03750947,0.006949767,0.0017755778,0.0,0.049766563,0.046773773
1217,0.0025965066,0.0,0.038024586,0.0069458676,0.0019935921,0.0,0.050114032,0.046771858
1218,0.0027210321,0.0,0.03885013,0.006940321,0.0018138185,0.0,0.050341185,0.046771653
1219,0.0025187484,0.0,0.036572643,0.006933308,0.0018372175,0.0,0.047195528,0.046773843
1220,0.0027783061,0.0,0.038548097,0.00692482,0.0018643856,0.0,0.051723514,0.04677593
1221,0.0027551155,0.0,0.037605602,0.006915042,0.0018373393,0.0,0.050511807,0.04677598
1222,0.0028093134,0.0,0.03714214,0.006904159,0.0018710505,0.0,0.050265655,0.046773862
1223,0.0026673186,0.0,0.037771497,0.00689341,0.0020825139,0.0,0.05203726,0.046773974
1224,0.0026386618,0.0,0.03684754,0.0068819933,0.0018980639,0.0,0.050206162,0.046773233
1225,0.002610961,0.0,0.037619386,0.006869843,0.0019166927,0.0,0.05219784,0.04677251
1226,0.0028023275,0.0,0.036405288,0.0068569626,0.0018579945,0.0,0.050955843,0.046774764
1227,0.0027248496,0.0,0.037638575,0.0068433536,0.0018916766,0.0,0.050174538,0.046778206
1228,0.002727159,0.0,0.03682273,0.006830426,0.001993954,0.0,0.05019089,0.046782758
1229,0.0028135926,0.0,0.036488593,0.006817384,0.0020265926,0.0,0.048871294,0.04678751
1230,0.002781195,0.0,0.037226576,0.006803989,0.0020077545,0.0,0.05031824,0.046792455
1231,0.0027493609,0.0,0.03702616,0.0067910356,0.002134782,0.0,0.05090835,0.04679564
1232,0.0027995103,0.0,0.037747193,0.0067778314,0.002033881,0.0,0.049983174,0.046796486
1233,0.0027383273,0.0,0.03747344,0.0067650094,0.0019072781,0.0,0.049696516,0.046797648
1234,0.0028112833,0.0,0.037037816,0.0067519736,0.0019258211,0.0,0.04869583,0.046797015
1235,0.0027651424,0.0,0.03696414,0.0067394273,0.00207116,0.0,0.050552838,0.04679806
1236,0.0026990836,0.0,0.037353463,0.006727386,0.0019606357,0.0,0.048916545,0.046801433
1237,0.0028660763,0.0,0.03672658,0.006715132,0.002067659,0.0,0.049150843,0.04680441
1238,0.0030097123,0.0,0.037045244,0.0067028888,0.0019462961,0.0,0.052993327,0.04680696
1239,0.0025921431,0.0,0.03732885,0.006692943,0.0019497672,0.0,0.04986258,0.046809923
1240,0.0027478032,0.0,0.037838668,0.00668369,0.0020015037,0.0,0.049185537,0.046810232
1241,0.0025399663,0.0,0.0374984,0.006680902,0.0019724285,0.0,0.05114174,0.04681
1242,0.0027479236,0.0,0.036775112,0.0066796425,0.0020402337,0.0,0.04974517,0.046810906
1243,0.0026184628,0.0,0.037198193,0.0066789873,0.0021011084,0.0,0.04856136,0.046811942
1244,0.0029353695,0.0,0.0363874,0.006678736,0.0019426988,0.0,0.050809965,0.046811555
1245,0.002740605,0.0,0.03743101,0.0066783885,0.002047319,0.0,0.050292984,0.04681218
1246,0.0028289054,0.0,0.037731234,0.0066771787,0.0021211777,0.0,0.051325027,0.046811562
1247,0.0026006426,0.0,0.037854407,0.00667503,0.0019602433,0.0,0.04873251,0.04681163
1248,0.0026135275,0.0,0.03705175,0.0066723274,0.0020361573,0.0,0.04788511,0.046811312
1249,0.0029509563,0.0,0.03777608,0.006669151,0.0019050101,0.0,0.04905996,0.046810042
1250,0.002593872,0.0,0.037717875,0.0066649723,0.0021713173,0.0,0.05026377,0.04680803
1251,0.002723728,0.0,0.03762173,0.006660845,0.0019178176,0.0,0.04791654,0.046809535
1252,0.0027217795,0.0,0.03772607,0.006658336,0.0021905964,0.0,0.054088697,0.046810146
1253,0.0026280812,0.0,0.037058357,0.0066586114,0.002069022,0.0,0.047824554,0.04681417
1254,0.0026534344,0.0,0.036901556,0.0066597057,0.0023471324,0.0,0.049916044,0.04681961
1255,0.002810475,0.0,0.036496244,0.0066613625,0.0020510799,0.0,0.04887836,0.046825778
1256,0.0028374016,0.0,0.03742713,0.0066645094,0.0020855987,0.0,0.04930404,0.046830647
1257,0.0026216619,0.0,0.037376665,0.006667557,0.0021177174,0.0,0.047514416,0.0468353
1258,0.0028626348,0.0,0.036409564,0.006669765,0.002104186,0.0,0.050308928,0.0468416
1259,0.0028250623,0.0,0.036747582,0.00667094,0.0021905627,0.0,0.04955385,0.046847623
1260,0.0029218912,0.0,0.03652082,0.0066710315,0.002080807,0.0,0.049732614,0.04685172
1261,0.0027062185,0.0,0.036414895,0.00666966,0.0022560728,0.0,0.049564555,0.046854924
1262,0.002704952,0.0,0.037027866,0.0066678273,0.0021036789,0.0,0.049042303,0.046856236
1263,0.002685569,0.0,0.036693938,0.0066650873,0.0023690164,0.0,0.052749608,0.04685723
1264,0.0027526626,0.0,0.037834153,0.006661244,0.0020729215,0.0,0.051562104,0.04685898
1265,0.0026565683,0.0,0.037485585,0.0066573694,0.0022506942,0.0,0.049148854,0.046862178
1266,0.0025854032,0.0,0.036909148,0.006653001,0.0021876763,0.0,0.05062553,0.046863303
1267,0.0027484791,0.0,0.037399396,0.006650168,0.0022709875,0.0,0.050890595,0.046864875
1268,0.0028385087,0.0,0.03677246,0.006647931,0.0021516974,0.0,0.05102595,0.046867922
1269,0.002855442,0.0,0.035940666,0.006645201,0.002284826,0.0,0.04914602,0.046871476
1270,0.002766321,0.0,0.037408877,0.006643463,0.002309201,0.0,0.0499584,0.04687273
1271,0.002749581,0.0,0.03690926,0.0066411733,0.002266886,0.0,0.04901186,0.046875827
1272,0.002882331,0.0,0.03853509,0.006638827,0.0021087343,0.0,0.04997015,0.04687709
1273,0.0024117269,0.0,0.037263177,0.0066410047,0.0021274502,0.0,0.05061942,0.046881013
1274,0.0026863376,0.0,0.036586452,0.00664411,0.0020923896,0.0,0.048707303,0.04688472
1275,0.0026816034,0.0,0.036977507,0.0066473875,0.0021471127,0.0,0.047219817,0.046888825
1276,0.0024485514,0.0,0.037659734,0.006650152,0.0021628733,0.0,0.049080733,0.046893902
1277,0.002836985,0.0,0.036799088,0.0066527543,0.0020950057,0.0,0.049913116,0.046897743
1278,0.0027592834,0.0,0.0366606,0.0066547403,0.002055995,0.0,0.048796628,0.046900395
1279,0.0028951687,0.0,0.037488457,0.006657897,0.0019436041,0.0,0.050845884,0.04690103
1280,0.002605365,0.0,0.036943477,0.006660475,0.0021265084,0.0,0.051158357,0.046904128
1281,0.0028576467,0.0,0.03743161,0.0066621783,0.002039614,0.0,0.04831375,0.046906002
1282,0.0027533423,0.0,0.037075005,0.0066627082,0.0021209896,0.0,0.049179863,0.046907365
1283,0.0027345682,0.0,0.037815128,0.0066632,0.0020325214,0.0,0.05191211,0.04690835
1284,0.0026997004,0.0,0.037334964,0.006671751,0.002244543,0.0,0.048243795,0.046910062
1285,0.0028385322,0.0,0.037577488,0.0066845203,0.0020748104,0.0,0.050714247,0.04691089
1286,0.0026868517,0.0,0.036968023,0.0066988044,0.0021090547,0.0,0.049958646,0.046909705
1287,0.002629156,0.0,0.03717758,0.0067147203,0.002038272,0.0,0.048665524,0.046908453
1288,0.0027055244,0.0,0.03709945,0.006732947,0.0021360205,0.0,0.05321436,0.046907723
1289,0.0028904784,0.0,0.036240608,0.0067503992,0.0022356932,0.0,0.05171168,0.04691038
1290,0.0028735623,0.0,0.03568746,0.006766496,0.0021737588,0.0,0.05067352,0.04691505
1291,0.0027546533,0.0,0.03756226,0.00678037,0.0022497869,0.0,0.04862169,0.046921574
1292,0.0027714146,0.0,0.03778333,0.0068018907,0.002156685,0.0,0.047305256,0.04692714
1293,0.002550493,0.0,0.03690997,0.006825243,0.0021651147,0.0,0.050601814,0.046931125
1294,0.0027715312,0.0,0.038097035,0.006848223,0.0021746175,0.0,0.050960343,0.046933446
1295,0.0027599747,0.0,0.03627399,0.0068698004,0.002129757,0.0,0.05099592,0.046935283
1296,0.00265127,0.0,0.037729282,0.0068920273,0.002188215,0.0,0.049687393,0.04693673
1297,0.0025665518,0.0,0.037157726,0.006912266,0.002169094,0.0,0.05009899,0.046935998
1298,0.0025824066,0.0,0.037291102,0.0069301776,0.001989025,0.0,0.050734736,0.046936218
1299,0.0026940913,0.0,0.036756687,0.006945225,0.0020076681,0.0,0.049070414,0.046937272
1300,0.0029793156,0.0,0.037730344,0.006957475,0.0021992184,0.0,0.04876023,0.046936627
1301,0.002681836,0.0,0.03645193,0.0069665764,0.002076157,0.0,0.051048774,0.04693563
1302,0.0027703664,0.0,0.036864907,0.006972663,0.0021675234,0.0,0.04872791,0.046936218
1303,0.0026121538,0.0,0.036855914,0.006976209,0.0021160713,0.0,0.049646616,0.046934363
1304,0.0027275106,0.0,0.037083853,0.0069771656,0.0020596308,0.0,0.0499257,0.046932105
1305,0.002608888,0.0,0.037514467,0.006975276,0.002135229,0.0,0.048150435,0.04693333
1306,0.0027661345,0.0,0.037529204,0.0069710724,0.0021747623,0.0,0.04843305,0.046935573
1307,0.0027620783,0.0,0.037665065,0.0069647813,0.002088758,0.0,0.048828725,0.04693646
1308,0.0029678731,0.0,0.036109153,0.006959181,0.002190276,0.0,0.048112426,0.046935916
1309,0.0028655042,0.0,0.03716957,0.0069525936,0.0020167157,0.0,0.048374817,0.04693429
1310,0.002875865,0.0,0.03682638,0.0069445698,0.002089862,0.0,0.051589154,0.046929408
1311,0.0028416375,0.0,0.036703784,0.0069355518,0.0020915032,0.0,0.052103125,0.046923105
1312,0.002789608,0.0,0.03645054,0.0069258483,0.002163231,0.0,0.049736198,0.046918586
1313,0.0029958223,0.0,0.03740557,0.0069177425,0.002060609,0.0,0.048977006,0.046915628
1314,0.0027642911,0.0,0.037085157,0.0069092168,0.0022130446,0.0,0.050358757,0.046914086
1315,0.002825482,0.0,0.03713659,0.0069005825,0.002011001,0.0,0.0524867,0.04691036
1316,0.0026528537,0.0,0.037162606,0.006891386,0.002005755,0.0,0.048471227,0.046906766
1317,0.002687105,0.0,0.037318286,0.006881352,0.002043337,0.0,0.05038966,0.04690405
1318,0.0027835239,0.0,0.037349474,0.006870467,0.0020911365,0.0,0.050724037,0.046902813
1319,0.0028121052,0.0,0.03686123,0.0068586897,0.002035337,0.0,0.05171374,0.046901736
1320,0.002684764,0.0,0.03747619,0.0068489555,0.0021971317,0.0,0.05041093,0.046899136
1321,0.0027456915,0.0,0.037641868,0.006839128,0.0021057164,0.0,0.048512854,0.04689636
1322,0.0030013404,0.0,0.03672749,0.0068311584,0.0019614203,0.0,0.050043546,0.04689361
1323,0.002997588,0.0,0.038402036,0.006823335,0.0019889097,0.0,0.050032925,0.046895206
1324,0.002696049,0.0,0.03773851,0.006816132,0.0019563502,0.0,0.051380355,0.04689585
1325,0.0029077688,0.0,0.03744542,0.006809837,0.0020561342,0.0,0.05141588,0.046897627
1326,0.0027493678,0.0,0.037189323,0.0068032863,0.0020078504,0.0,0.04794294,0.04690031
1327,0.0028216536,0.0,0.037112832,0.006796096,0.0020774305,0.0,0.049485747,0.04690075
1328,0.0030469925,0.0,0.03618842,0.006788218,0.0019516331,0.0,0.04971514,0.046900276
1329,0.0030917872,0.0,0.037678286,0.0067801,0.0020235532,0.0,0.051431574,0.046899334
1330,0.0028635485,0.0,0.037218817,0.0067710266,0.0020675475,0.0,0.049394075,0.046900027
1331,0.002940334,0.0,0.03765486,0.0067612436,0.0019431921,0.0,0.052204356,0.046902172
1332,0.0029415297,0.0,0.037625752,0.006750588,0.0021204585,0.0,0.05228326,0.046905145
1333,0.002885521,0.0,0.037434604,0.0067390758,0.0018865431,0.0,0.04820653,0.04690589
1334,0.0029420513,0.0,0.037955683,0.006727046,0.0019626329,0.0,0.05008861,0.046906166
1335,0.0028362216,0.0,0.036584973,0.00671431,0.0018716275,0.0,0.050507627,0.046908055
1336,0.0026965914,0.0,0.036881674,0.0067009404,0.0018923407,0.0,0.05101603,0.04691078
1337,0.0028851146,0.0,0.036322556,0.0066888966,0.0019557634,0.0,0.051849008,0.04691184
1338,0.0028206732,0.0,0.036883924,0.0066771465,0.0019514193,0.0,0.050421443,0.04691267
1339,0.0028720046,0.0,0.03714152,0.006665462,0.0019766435,0.0,0.050898667,0.04691186
1340,0.002912866,0.0,0.03656794,0.006655203,0.0019985875,0.0,0.048087128,0.046914697
1341,0.00269753,0.0,0.03717692,0.0066450443,0.0020350304,0.0,0.049489476,0.046917327
1342,0.0028634844,0.0,0.037169725,0.0066351327,0.0020684137,0.0,0.04956725,0.046919804
1343,0.0029034861,0.0,0.03682203,0.0066259364,0.0019685836,0.0,0.05208631,0.04692339
1344,0.0026038073,0.0,0.03744236,0.006616969,0.0020811306,0.0,0.050681036,0.046927094
1345,0.002842338,0.0,0.036485128,0.0066082445,0.002088262,0.0,0.051387183,0.04692786
1346,0.0027902848,0.0,0.03729478,0.006599291,0.0019603,0.0,0.05245123,0.046930578
1347,0.0026385367,0.0,0.037315197,0.006589871,0.002020582,0.0,0.04984174,0.046932887
1348,0.0027996644,0.0,0.036534373,0.0065805423,0.0019736118,0.0,0.048169646,0.04693568
1349,0.0026388923,0.0,0.037459604,0.006571127,0.0019790288,0.0,0.05453212,0.046940327
1350,0.0029987027,0.0,0.036564548,0.0065619494,0.0019267678,0.0,0.051118,0.046945915
1351,0.002650731,0.0,0.037400156,0.0065541333,0.0019039956,0.0,0.049019758,0.046952013
1352,0.0028448766,0.0,0.03708477,0.0065467255,0.0018744894,0.0,0.0490465,0.04695711
1353,0.002616492,0.0,0.037891675,0.0065401555,0.0019145188,0.0,0.050559226,0.046960127
1354,0.002944911,0.0,0.036968112,0.006533896,0.0019098312,0.0,0.052213203,0.046962716
1355,0.002516466,0.0,0.03660473,0.0065309145,0.001910647,0.0,0.051007587,0.046962507
1356,0.0027767858,0.0,0.03723369,0.0065286453,0.002068031,0.0,0.049943026,0.046958856
1357,0.0028281624,0.0,0.036813736,0.0065268357,0.0019599115,0.0,0.052914236,0.046952486
1358,0.0028461097,0.0,0.036605008,0.006525751,0.0017776714,0.0,0.052785374,0.046947088
1359,0.0029043565,0.0,0.037676413,0.0065242066,0.0020363603,0.0,0.049980998,0.046947103
1360,0.0026588836,0.0,0.038663898,0.0065227523,0.001942573,0.0,0.050916646,0.04694803
1361,0.0028048689,0.0,0.036402095,0.006520606,0.0019932454,0.0,0.04988316,0.046949044
1362,0.002705659,0.0,0.036435105,0.006518516,0.0018796588,0.0,0.049680114,0.046948384
1363,0.0028853212,0.0,0.036521073,0.006516215,0.0020050271,0.0,0.051477592,0.046947967
1364,0.0027029624,0.0,0.03746532,0.006513127,0.0020606485,0.0,0.050477035,0.046949416
1365,0.0026089135,0.0,0.036603387,0.0065089865,0.0019992327,0.0,0.049892403,0.04695005
1366,0.0030198335,0.0,0.036535222,0.0065041375,0.0018472649,0.0,0.048554633,0.0469504
1367,0.0029247985,0.0,0.03799193,0.0064979503,0.0019040895,0.0,0.048938233,0.046948593
1368,0.0026496712,0.0,0.036496133,0.0064910026,0.0018851148,0.0,0.05087546,0.04694668
1369,0.00272193,0.0,0.037699495,0.0064836224,0.0018771817,0.0,0.048478372,0.046945363
1370,0.002686814,0.0,0.036451656,0.0064766,0.0019797299,0.0,0.048918284,0.04694446
1371,0.002732869,0.0,0.036913596,0.0064692125,0.0020625263,0.0,0.05264817,0.046941925
1372,0.0028220394,0.0,0.038361177,0.0064612245,0.0019182839,0.0,0.050286807,0.046940677
1373,0.002837126,0.0,0.037881285,0.006455684,0.002053377,0.0,0.048699804,0.04693902
1374,0.0027814254,0.0,0.03582819,0.0064504747,0.001818101,0.0,0.05077463,0.04693661
1375,0.0026683381,0.0,0.037542652,0.0064451224,0.0019895856,0.0,0.051681776,0.046932522
1376,0.0027823667,0.0,0.036269244,0.006441592,0.0019348623,0.0,0.05119544,0.046929896
1377,0.0028296309,0.0,0.036688656,0.006437941,0.0019683745,0.0,0.0486087,0.04692687
1378,0.0027949216,0.0,0.036947217,0.006434193,0.0019230595,0.0,0.05169595,0.046922386
1379,0.0028059955,0.0,0.03701495,0.0064325877,0.0020470007,0.0,0.04925594,0.04691869
1380,0.0027052043,0.0,0.037362188,0.0064358646,0.0018077,0.0,0.048298176,0.046914384
1381,0.0028012346,0.0,0.036920544,0.006440109,0.0018890483,0.0,0.049307168,0.04691297
1382,0.0026175198,0.0,0.036903683,0.0064450735,0.0018115445,0.0,0.048229855,0.046914127
1383,0.0026151265,0.0,0.036741216,0.0064514834,0.00188224,0.0,0.05145773,0.046914037
1384,0.002540015,0.0,0.037417334,0.006459825,0.0019440991,0.0,0.051627383,0.046913322
1385,0.0027403533,0.0,0.0372277,0.006470083,0.0018014554,0.0,0.04953294,0.046915915
1386,0.0027227388,0.0,0.037602317,0.0064796773,0.002029744,0.0,0.04857153,0.046918694
1387,0.002572296,0.0,0.036425583,0.006492985,0.0018919307,0.0,0.05208033,0.04692331
1388,0.0025964389,0.0,0.038225103,0.0065061427,0.0020725152,0.0,0.05087541,0.046926215
1389,0.0027704313,0.0,0.03659708,0.0065207724,0.001937478,0.0,0.049333952,0.046927914
1390,0.0027226529,0.0,0.03676355,0.006534385,0.0019417137,0.0,0.0484176,0.046927873
1391,0.002782041,0.0,0.0368357,0.0065571545,0.001978859,0.0,0.05010628,0.046928737
1392,0.0027113315,0.0,0.037581246,0.006585579,0.0020296143,0.0,0.050568048,0.046930034
1393,0.0027487965,0.0,0.03742715,0.0066163726,0.0020590692,0.0,0.049360834,0.04693251
1394,0.002609519,0.0,0.036864642,0.006648323,0.0020032753,0.0,0.051839832,0.046936136
1395,0.0025442296,0.0,0.036845397,0.0066793547,0.0018409655,0.0,0.051199052,0.04693995
1396,0.0026824423,0.0,0.036723852,0.006710214,0.0019711577,0.0,0.049359668,0.04694422
1397,0.0028288115,0.0,0.03687636,0.006738589,0.0019075503,0.0,0.047349427,0.046947513
1398,0.0027502705,0.0,0.03873544,0.0067644026,0.0019482637,0.0,0.05017352,0.04694993
1399,0.0027068364,0.0,0.03787038,0.006787817,0.0020261873,0.0,0.0528194,0.04695354
1400,0.0025705015,0.0,0.037312157,0.006818477,0.0020416735,0.0,0.052067917,0.04695763
1401,0.0028538723,0.0,0.036033474,0.006850749,0.0019550284,0.0,0.049908526,0.046963926
1402,0.0027408819,0.0,0.03671245,0.0068829777,0.0019584408,0.0,0.04914841,0.046969626
1403,0.0027072798,0.0,0.037883654,0.006913401,0.001862057,0.0,0.050451975,0.046975426
1404,0.0027828182,0.0,0.037206165,0.006941126,0.0020091701,0.0,0.050040785,0.046978958
1405,0.002780757,0.0,0.037588358,0.006965433,0.0019848633,0.0,0.05238622,0.04698166
1406,0.00305296,0.0,0.03727127,0.006985934,0.0019278621,0.0,0.04997947,0.04698363
1407,0.002906982,0.0,0.037508063,0.00700245,0.0018234096,0.0,0.05270662,0.046985816
1408,0.0027118635,0.0,0.03603785,0.0070151794,0.0018507071,0.0,0.049597397,0.04698741
1409,0.0029162567,0.0,0.03729482,0.0070240996,0.001936085,0.0,0.051697534,0.046989843
1410,0.002649169,0.0,0.036498707,0.0070293746,0.0019683465,0.0,0.049379878,0.046991885
1411,0.0028751057,0.0,0.037251044,0.0070312396,0.0019691982,0.0,0.04947753,0.046992235
1412,0.0027870198,0.0,0.036953133,0.0070299087,0.0018652454,0.0,0.050001934,0.046989754
1413,0.0027485723,0.0,0.0374346,0.0070292125,0.0020039587,0.0,0.049453035,0.046987116
1414,0.002838297,0.0,0.03676622,0.0070293425,0.0018842317,0.0,0.048618022,0.046983648
1415,0.0027095003,0.0,0.0376975,0.007029532,0.0018301057,0.0,0.05076332,0.046980333
1416,0.0028865298,0.0,0.037606563,0.0070291795,0.0018770588,0.0,0.050292276,0.046977326
1417,0.0029259203,0.0,0.03811521,0.0070281513,0.001844698,0.0,0.052037407,0.04697366
1418,0.0025748322,0.0,0.036765944,0.0070276675,0.0018505998,0.0,0.04912886,0.046971466
1419,0.0026655088,0.0,0.03710664,0.0070359404,0.0019183094,0.0,0.05079179,0.046967957
1420,0.002797846,0.0,0.03701038,0.0070468024,0.0017730496,0.0,0.04908184,0.046962373
1421,0.0026248132,0.0,0.03737018,0.0070584905,0.0019531057,0.0,0.048043117,0.046957385
1422,0.002751307,0.0,0.036925185,0.0070736906,0.0018909278,0.0,0.048968118,0.04695496
1423,0.00258462,0.0,0.037801087,0.007100348,0.001983221,0.0,0.047456354,0.046954036
1424,0.0026332464,0.0,0.03694979,0.007133575,0.0019125812,0.0,0.053471074,0.04695284
1425,0.0028112237,0.0,0.03722077,0.007169879,0.0018686232,0.0,0.049291287,0.046947453
1426,0.0025803596,0.0,0.036952663,0.0072061443,0.0019623353,0.0,0.049111135,0.046945445
1427,0.0026888808,0.0,0.036041714,0.0072410083,0.0017750802,0.0,0.049501155,0.046944242
1428,0.0027097089,0.0,0.036616333,0.0072728135,0.0019898056,0.0,0.047884483,0.046942726
1429,0.0027877633,0.0,0.037361726,0.0073022284,0.0019310183,0.0,0.050907586,0.046940368
1430,0.0026511294,0.0,0.037551012,0.007327428,0.001977141,0.0,0.04970193,0.046939146
1431,0.0027781813,0.0,0.03779172,0.0073490073,0.0019400462,0.0,0.050447103,0.04694064
1432,0.0026816104,0.0,0.036353275,0.007365986,0.0019693163,0.0,0.047192805,0.04694341
1433,0.002556691,0.0,0.037418757,0.0073784525,0.0018535248,0.0,0.049393095,0.046947356
1434,0.002922958,0.0,0.036535315,0.0073865587,0.0020848806,0.0,0.04853427,0.04694993
1435,0.0026199187,0.0,0.03651354,0.0073905583,0.001975156,0.0,0.04960719,0.046950664
1436,0.0026410015,0.0,0.037223507,0.007390757,0.0020913403,0.0,0.04987784,0.046951726
1437,0.0028080787,0.0,0.037325043,0.007387469,0.0019271034,0.0,0.04898115,0.046954066
1438,0.002721131,0.0,0.036564916,0.0073811226,0.001986729,0.0,0.04907403,0.046955846
1439,0.002599542,0.0,0.03642616,0.0073728533,0.002014241,0.0,0.050504398,0.04695581
1440,0.0026604806,0.0,0.03715685,0.007362317,0.0019108589,0.0,0.049158707,0.04695437
1441,0.0026101177,0.0,0.036992703,0.007349406,0.0020516354,0.0,0.04977464,0.046951562
1442,0.0028337678,0.0,0.037429724,0.007334499,0.0020598045,0.0,0.051103137,0.04694773
1443,0.002757359,0.0,0.037701167,0.007317795,0.0018887811,0.0,0.05009605,0.046945333
1444,0.0026707605,0.0,0.035427507,0.0072997394,0.0020869393,0.0,0.049787626,0.04694379
1445,0.0027585784,0.0,0.03774232,0.0072805025,0.001972639,0.0,0.04941188,0.046943273
1446,0.0026246062,0.0,0.03675382,0.0072601093,0.0019958045,0.0,0.04893597,0.04694605
1447,0.002842846,0.0,0.036689486,0.007238758,0.0020210736,0.0,0.05121175,0.046947513
1448,0.0028079061,0.0,0.03740071,0.0072164633,0.0019062584,0.0,0.048995335,0.04694843
1449,0.0027365207,0.0,0.037792657,0.007193461,0.0019672215,0.0,0.049574345,0.04695077
1450,0.002669711,0.0,0.037314028,0.0071714004,0.0018364928,0.0,0.04930415,0.04695214
1451,0.0024810156,0.0,0.03746506,0.0071498016,0.0020215313,0.0,0.04845636,0.04695693
1452,0.0026505655,0.0,0.03654015,0.007140189,0.0020251072,0.0,0.04916617,0.04696104
1453,0.0027298299,0.0,0.03682057,0.0071397335,0.0019705212,0.0,0.05064365,0.046964
1454,0.0024930653,0.0,0.03734591,0.007145053,0.0019405743,0.0,0.04966564,0.046966244
1455,0.0027783602,0.0,0.03811744,0.0071534333,0.0019706113,0.0,0.051387347,0.046968438
1456,0.0028387452,0.0,0.03698079,0.0071631474,0.0020112286,0.0,0.05116598,0.04697338
1457,0.0026809722,0.0,0.037859075,0.0071744346,0.0019591136,0.0,0.049187023,0.04698152
1458,0.0027208463,0.0,0.037127886,0.007185071,0.0019291374,0.0,0.05097155,0.046987012
1459,0.002991072,0.0,0.036054965,0.007194798,0.0019486869,0.0,0.049439866,0.04699181
1460,0.0026226956,0.0,0.037321053,0.007202352,0.0019035756,0.0,0.051125504,0.04699444
1461,0.002620369,0.0,0.036279492,0.0072075254,0.0019177372,0.0,0.04918161,0.046994153
1462,0.0028598334,0.0,0.03721462,0.00721377,0.0019247865,0.0,0.050188757,0.04699354
1463,0.0028656796,0.0,0.036849007,0.007218535,0.0020002658,0.0,0.0496905,0.046990585
1464,0.0026200793,0.0,0.03754587,0.0072234073,0.0019340127,0.0,0.049552634,0.04698817
1465,0.0027963887,0.0,0.03616569,0.0072268713,0.0019634643,0.0,0.048749644,0.046986587
1466,0.0029285622,0.0,0.036693413,0.0072291614,0.0020317556,0.0,0.046776626,0.04698369
1467,0.0027247223,0.0,0.037434522,0.007229484,0.0019594324,0.0,0.0504134,0.04697731
1468,0.0027590108,0.0,0.036941748,0.007228808,0.0018951078,0.0,0.048751045,0.046972793
1469,0.0026618955,0.0,0.0372516,0.0072260415,0.0018963862,0.0,0.049387485,0.046969138
1470,0.0029666398,0.0,0.037145738,0.0072213537,0.0018692836,0.0,0.049386427,0.04696653
1471,0.0026636356,0.0,0.036375694,0.0072146063,0.0020037864,0.0,0.050252613,0.04696482
1472,0.0027816454,0.0,0.03635287,0.0072058314,0.0018899664,0.0,0.05036159,0.046962492
1473,0.0026600843,0.0,0.037124537,0.0071958066,0.0019436899,0.0,0.04974148,0.04696017
1474,0.0028315682,0.0,0.036494233,0.007184493,0.002016443,0.0,0.050663542,0.046957266
1475,0.002738816,0.0,0.036802992,0.0071716933,0.0020860503,0.0,0.049659554,0.046955124
1476,0.002752462,0.0,0.03674752,0.0071575185,0.0019880587,0.0,0.049503095,0.04695434
1477,0.0027905353,0.0,0.036411915,0.00714211,0.0020366653,0.0,0.051154166,0.046954013
1478,0.0028110493,0.0,0.037331358,0.0071255784,0.001988031,0.0,0.05023447,0.046953373
1479,0.0026648527,0.0,0.038015813,0.007110123,0.0018157968,0.0,0.049504757,0.046952553
1480,0.0028175795,0.0,0.03651322,0.007094831,0.0018675183,0.0,0.051317453,0.046950217
1481,0.0027089273,0.0,0.037703697,0.0070794956,0.0019176712,0.0,0.04945399,0.046948746
1482,0.0027500007,0.0,0.03702455,0.0070641697,0.0018377932,0.0,0.047669373,0.046946846
1483,0.002711098,0.0,0.037490413,0.0070514265,0.001929912,0.0,0.049300916,0.04694311
1484,0.0029576703,0.0,0.03768731,0.0070388173,0.0019882163,0.0,0.04900164,0.046937846
1485,0.0026478744,0.0,0.036985476,0.0070261415,0.0018885091,0.0,0.050610498,0.046930615
1486,0.002776139,0.0,0.038092364,0.007014767,0.0019015335,0.0,0.049054973,0.046924446
1487,0.0029086305,0.0,0.036449727,0.007003622,0.0018901703,0.0,0.049894635,0.046915326
1488,0.0027423468,0.0,0.037310924,0.0069923336,0.0018142629,0.0,0.050794054,0.0469055
1489,0.0027249644,0.0,0.0374919,0.0069824634,0.001966326,0.0,0.04895295,0.046897244
1490,0.0028933326,0.0,0.036804132,0.006972469,0.0019674818,0.0,0.049235567,0.046890274
1491,0.0027437683,0.0,0.03720587,0.006964227,0.0020829386,0.0,0.048916783,0.04688589
1492,0.0027064476,0.0,0.037542343,0.0069559943,0.0018785596,0.0,0.049674585,0.046882752
1493,0.0028403122,0.0,0.037288006,0.006949636,0.0019339218,0.0,0.04927207,0.04688003
1494,0.002868266,0.0,0.03650853,0.0069452473,0.0020505867,0.0,0.050345264,0.046878602
1495,0.0027347654,0.0,0.036884,0.0069409497,0.002069602,0.0,0.050464742,0.04687906
1496,0.0027847853,0.0,0.036964003,0.00694333,0.002083034,0.0,0.050944917,0.046881944
1497,0.0027205404,0.0,0.03793262,0.0069475295,0.0020883905,0.0,0.049466826,0.04688579
1498,0.0027149243,0.0,0.03677601,0.006951987,0.0020807986,0.0,0.050216626,0.046887666
1499,0.0026396005,0.0,0.03752117,0.006955765,0.0020244243,0.0,0.04879987,0.04688955
1500,0.0026973654,0.0,0.03721299,0.0069664423,0.0020423047,0.0,0.04777536,0.046892855
1501,0.0025897275,0.0,0.03744955,0.006978279,0.0020550052,0.0,0.05058712,0.046894312
1502,0.002640473,0.0,0.036746733,0.006992115,0.0019830056,0.0,0.052510194,0.046897177
1503,0.0026896799,0.0,0.03707289,0.007007174,0.0019124212,0.0,0.04812162,0.04689835
1504,0.0028250439,0.0,0.036695298,0.007022127,0.00206717,0.0,0.049688186,0.046899885
1505,0.0027313111,0.0,0.0364875,0.0070355153,0.0019491578,0.0,0.049809627,0.046900515
1506,0.002824521,0.0,0.03669822,0.007046803,0.0021080638,0.0,0.04996325,0.046900824
1507,0.0027270173,0.0,0.03760014,0.007056048,0.0020399597,0.0,0.050130542,0.04690356
1508,0.0024785495,0.0,0.036353596,0.007062813,0.0019238881,0.0,0.05134914,0.046906676
1509,0.0030515923,0.0,0.03721753,0.007066972,0.001994543,0.0,0.049077027,0.04691324
1510,0.0027619295,0.0,0.03761304,0.007069671,0.0020600597,0.0,0.049732756,0.046917707
1511,0.002640065,0.0,0.03706637,0.007070125,0.0018785638,0.0,0.051411517,0.04692091
1512,0.002691327,0.0,0.036649067,0.0070683504,0.0019348286,0.0,0.049453348,0.046924967
1513,0.002606284,0.0,0.037285257,0.0070643458,0.0018765278,0.0,0.04988803,0.046926394
1514,0.0029107335,0.0,0.036795467,0.007058219,0.0019184701,0.0,0.0501666,0.046927173
1515,0.0025583277,0.0,0.036485482,0.0070500947,0.001939224,0.0,0.048696086,0.046929196
1516,0.0026050135,0.0,0.038260996,0.007040143,0.0020645359,0.0,0.051459424,0.04692792
1517,0.0024621885,0.0,0.036604613,0.0070289406,0.0020087792,0.0,0.050337534,0.04692584
1518,0.0028006833,0.0,0.036332905,0.0070163063,0.0021371087,0.0,0.05037931,0.046923507
1519,0.0027189774,0.0,0.037325397,0.007002399,0.0019228095,0.0,0.052804545,0.04691996
1520,0.0026497326,0.0,0.036719013,0.0069873724,0.0019448404,0.0,0.048987117,0.04691595
1521,0.002904888,0.0,0.03627592,0.00697136,0.0018186582,0.0,0.050351836,0.0469124
1522,0.0028337499,0.0,0.03784558,0.0069545032,0.002030616,0.0,0.050277557,0.046907455
1523,0.002868211,0.0,0.037163936,0.0069403294,0.0020992572,0.0,0.049944755,0.046902087
1524,0.0026988734,0.0,0.0367869,0.0069267773,0.0019258849,0.0,0.049542,0.046896175
1525,0.0025346775,0.0,0.038381297,0.006913126,0.0019624867,0.0,0.0502308,0.04689267
1526,0.0024798708,0.0,0.036960486,0.006899308,0.0020506682,0.0,0.050267912,0.046891246
1527,0.0026265786,0.0,0.037925083,0.0068851337,0.001946676,0.0,0.049673878,0.046891138
1528,0.0026374904,0.0,0.037446126,0.0068720845,0.0020319205,0.0,0.05116144,0.04689228
1529,0.002640243,0.0,0.03668717,0.0068590236,0.0019522244,0.0,0.050388824,0.046896216
1530,0.002758432,0.0,0.03715036,0.006846757,0.0019326034,0.0,0.049963262,0.046901513
1531,0.0026538093,0.0,0.03772416,0.0068347105,0.0020292609,0.0,0.0525246,0.046902638
1532,0.0027462256,0.0,0.037787046,0.0068225977,0.0019360167,0.0,0.05071654,0.046900798
1533,0.0024341685,0.0,0.037387792,0.006810237,0.0019296778,0.0,0.05089271,0.046898857
1534,0.002951192,0.0,0.036908235,0.0067992276,0.0020295554,0.0,0.050504617,0.046899088
1535,0.002662606,0.0,0.037036814,0.006788317,0.0018878798,0.0,0.04863669,0.046897944
1536,0.0027087852,0.0,0.037719212,0.006777287,0.0019182105,0.0,0.049695447,0.046897538
1537,0.0027019647,0.0,0.038286302,0.0067662406,0.001989204,0.0,0.049863417,0.04689658
1538,0.002681737,0.0,0.036870707,0.006755103,0.0018600618,0.0,0.05086786,0.046895254
1539,0.0025001126,0.0,0.03679671,0.0067435666,0.0019221032,0.0,0.050918985,0.046893235
1540,0.002585519,0.0,0.03711009,0.006732198,0.0019856296,0.0,0.049124166,0.046891656
1541,0.002734831,0.0,0.03658121,0.0067203394,0.0019045413,0.0,0.051975574,0.046890896
1542,0.0028774173,0.0,0.03724669,0.006708548,0.0018201997,0.0,0.050188564,0.046888433
1543,0.0027239271,0.0,0.037107922,0.0066963793,0.0018548194,0.0,0.052566152,0.04688578
1544,0.0027854892,0.0,0.03686127,0.006683876,0.0018393126,0.0,0.048431322,0.04688338
1545,0.002727151,0.0,0.03718373,0.006671391,0.00182661,0.0,0.047961634,0.04688036
1546,0.0025482608,0.0,0.037467048,0.0066585722,0.0018457986,0.0,0.049585808,0.04687615
1547,0.0028110791,0.0,0.03740989,0.0066454117,0.0017998304,0.0,0.048661478,0.04687313
1548,0.0025101602,0.0,0.03824774,0.0066333488,0.0019496916,0.0,0.050379787,0.04687136
1549,0.0030084506,0.0,0.03712966,0.0066211266,0.0017831089,0.0,0.048516743,0.04687014
1550,0.002698938,0.0,0.037734006,0.0066240565,0.001982308,0.0,0.050034728,0.046865836
1551,0.002586008,0.0,0.037939075,0.0066347257,0.0018436606,0.0,0.048931208,0.04686405
1552,0.0026608347,0.0,0.03725242,0.006649922,0.0018361257,0.0,0.050783057,0.046862517
1553,0.0027437583,0.0,0.03721768,0.0066668005,0.0019492413,0.0,0.049339343,0.046862446
1554,0.0028685299,0.0,0.037007503,0.006686683,0.0019659756,0.0,0.049722854,0.046863835
1555,0.0027105706,0.0,0.03695829,0.0067072734,0.001894517,0.0,0.047947064,0.046862774
1556,0.002764923,0.0,0.036703512,0.0067266617,0.0019283176,0.0,0.0502842,0.04686063
1557,0.002545909,0.0,0.037530318,0.006744257,0.0018498994,0.0,0.04839512,0.0468572
1558,0.0025742452,0.0,0.037138022,0.00676089,0.0020283663,0.0,0.050074115,0.04685263
1559,0.0026781291,0.0,0.03676764,0.0067751147,0.0019143057,0.0,0.050495837,0.046848018
1560,0.002748481,0.0,0.036367554,0.006787263,0.0020035068,0.0,0.049107436,0.04684547
1561,0.0028860967,0.0,0.03760938,0.006796802,0.0018322731,0.0,0.048823014,0.04684048
1562,0.0026360461,0.0,0.03707068,0.0068039005,0.0019029585,0.0,0.051799066,0.046838902
1563,0.0025241808,0.0,0.03682284,0.006808344,0.0019377865,0.0,0.050708402,0.04683963
1564,0.0027086004,0.0,0.036564294,0.0068102223,0.0019175783,0.0,0.048750896,0.046841133
1565,0.002755906,0.0,0.037479475,0.0068111527,0.0018719496,0.0,0.050294194,0.04684341
1566,0.0028832892,0.0,0.03780441,0.006811502,0.0019898536,0.0,0.050072014,0.046852518
1567,0.002859377,0.0,0.037403528,0.006810697,0.0018403411,0.0,0.053155668,0.04686275
1568,0.0027790563,0.0,0.037531476,0.0068125622,0.0019317296,0.0,0.049072377,0.046874244
1569,0.002909265,0.0,0.036322348,0.006817222,0.0018369126,0.0,0.053030346,0.046885643
1570,0.0028205528,0.0,0.03862293,0.006822415,0.001983358,0.0,0.050874997,0.04689949
1571,0.0027632723,0.0,0.036470737,0.0068271556,0.0018165676,0.0,0.051814992,0.046911612
1572,0.002857694,0.0,0.036484893,0.00683616,0.0018990614,0.0,0.048992444,0.046924274
1573,0.0028107606,0.0,0.037088253,0.0068463404,0.0018704841,0.0,0.05193799,0.046935808
1574,0.002764979,0.0,0.036728807,0.006856473,0.001785191,0.0,0.050124675,0.046945266
1575,0.00268804,0.0,0.03743741,0.0068656844,0.0019639418,0.0,0.049905643,0.04695392
1576,0.0028184424,0.0,0.036689132,0.0068732877,0.0019322833,0.0,0.05054813,0.046962112
1577,0.0024874036,0.0,0.03641439,0.0068789194,0.0018656661,0.0,0.04791147,0.04696865
1578,0.0028189078,0.0,0.037289534,0.0068831393,0.001838429,0.0,0.048743103,0.04697314
1579,0.0027329242,0.0,0.036474336,0.0068853176,0.001817666,0.0,0.050656706,0.04697434
1580,0.002562189,0.0,0.037158728,0.0068869633,0.0018710481,0.0,0.051946986,0.04697312
1581,0.002723191,0.0,0.038960695,0.0068869526,0.0018650661,0.0,0.050164558,0.046972074
1582,0.0028527463,0.0,0.037323944,0.0068856687,0.0018975573,0.0,0.0513805,0.046972346
1583,0.002583597,0.0,0.036594387,0.0068826764,0.0018647909,0.0,0.049831945,0.04697613
1584,0.0027584902,0.0,0.037391655,0.0068779513,0.0018571228,0.0,0.04936821,0.046980623
1585,0.0025349439,0.0,0.037658457,0.006871554,0.0018615859,0.0,0.050199922,0.046985693
1586,0.0028287426,0.0,0.03661488,0.0068637375,0.0018906922,0.0,0.052036557,0.046989784
1587,0.002710509,0.0,0.037032202,0.0068544587,0.0019951782,0.0,0.050076857,0.046996973
1588,0.0026573031,0.0,0.0372355,0.006843857,0.001844996,0.0,0.050173886,0.047005218
1589,0.0026370494,0.0,0.037580736,0.0068337354,0.0020563523,0.0,0.049808774,0.04701161
1590,0.002624787,0.0,0.038275894,0.0068228478,0.0018128871,0.0,0.052338753,0.04701499
1591,0.0025666147,0.0,0.03794128,0.006814595,0.0018403346,0.0,0.048760675,0.047017083
1592,0.0025537147,0.0,0.037037395,0.0068089156,0.0019002018,0.0,0.05122641,0.0470158
1593,0.0026786455,0.0,0.037206817,0.0068043377,0.0019439349,0.0,0.049539633,0.04701796
1594,0.0028600178,0.0,0.03715682,0.0068003684,0.0019556936,0.0,0.049039517,0.047018506
1595,0.0028530485,0.0,0.03737374,0.0067960485,0.0019125014,0.0,0.05086833,0.047017638
1596,0.0027287384,0.0,0.037411317,0.0067910138,0.0020031368,0.0,0.049576975,0.047018617
1597,0.0025810595,0.0,0.03788775,0.0067861686,0.0019129507,0.0,0.05065627,0.04701693
1598,0.0028204003,0.0,0.036660075,0.006781871,0.0019703878,0.0,0.050305847,0.04701662
1599,0.002575798,0.0,0.036838103,0.0067766756,0.0018795423,0.0,0.0509098,0.04701807
1600,0.0025818069,0.0,0.03820178,0.006771491,0.001713442,0.0,0.04969496,0.04701958
1601,0.0026859404,0.0,0.03646888,0.0067656534,0.0019672236,0.0,0.051133905,0.04702235
1602,0.0027568685,0.0,0.03685085,0.0067587784,0.0019981652,0.0,0.049678903,0.04702447
1603,0.0026952813,0.0,0.036971323,0.0067507597,0.0019877732,0.0,0.04870374,0.04702495
1604,0.0027267179,0.0,0.037220675,0.0067422423,0.0020300697,0.0,0.049347855,0.047023952
1605,0.0029433232,0.0,0.03701221,0.006732818,0.0020990798,0.0,0.048042797,0.047023624
1606,0.0028707683,0.0,0.037067246,0.0067225117,0.002094808,0.0,0.04829375,0.047021396
1607,0.0027407068,0.0,0.037210956,0.006711607,0.0019526854,0.0,0.051548265,0.047019295
1608,0.0029789563,0.0,0.03726862,0.0067000436,0.0019874484,0.0,0.050588664,0.047019083
1609,0.0029265538,0.0,0.036233414,0.006688539,0.0019447766,0.0,0.051067233,0.0470175
1610,0.0027876927,0.0,0.037553493,0.006677151,0.0021516115,0.0,0.051974744,0.04701827
1611,0.0027462796,0.0,0.036310967,0.00666549,0.0020704833,0.0,0.05503625,0.04701869
1612,0.0027378658,0.0,0.03805282,0.0066534374,0.0020458417,0.0,0.048652824,0.047023073
1613,0.0026938654,0.0,0.036553275,0.0066410047,0.001938521,0.0,0.050685126,0.04702958
1614,0.0027210375,0.0,0.037163142,0.0066291285,0.0021916153,0.0,0.053667292,0.047035404
1615,0.0026081656,0.0,0.037019383,0.0066174804,0.002071636,0.0,0.051644906,0.04704353
1616,0.002851801,0.0,0.036893465,0.0066232085,0.0021295873,0.0,0.05052692,0.047050085
1617,0.0028427164,0.0,0.036444902,0.0066372124,0.0020163644,0.0,0.050335787,0.04705575
1618,0.0028586616,0.0,0.03780591,0.0066562635,0.0022336799,0.0,0.049692728,0.047060084
1619,0.002710915,0.0,0.036367238,0.0066845417,0.0020306057,0.0,0.05110887,0.047061734
1620,0.0027224466,0.0,0.038105935,0.00671672,0.0020631338,0.0,0.05068157,0.04706166
1621,0.0026905627,0.0,0.036826413,0.00675028,0.0022025362,0.0,0.048937153,0.04706106
1622,0.002711958,0.0,0.03690808,0.0067833303,0.0019144113,0.0,0.050350364,0.047058992
1623,0.0026936068,0.0,0.036364764,0.0068145087,0.0020840361,0.0,0.051506393,0.04705711
1624,0.003058601,0.0,0.03755688,0.00684303,0.00191675,0.0,0.0510884,0.047057156
1625,0.0028967394,0.0,0.03726933,0.006868336,0.0021469346,0.0,0.05000865,0.04705777
1626,0.0029519168,0.0,0.0372233,0.0068919035,0.0018789271,0.0,0.050303165,0.047058184
1627,0.0027237255,0.0,0.037018523,0.0069119367,0.0021695641,0.0,0.05069359,0.047058277
1628,0.0025881554,0.0,0.0365944,0.006928281,0.001837746,0.0,0.05407593,0.047057457
1629,0.0026468174,0.0,0.036809195,0.0069409325,0.0020347664,0.0,0.052790537,0.04705732
1630,0.0024805893,0.0,0.036806177,0.0069502397,0.0019118314,0.0,0.05307084,0.047055278
1631,0.0026294114,0.0,0.038592678,0.0069561717,0.0019970736,0.0,0.051404815,0.047053803
1632,0.0025378442,0.0,0.037181355,0.006962734,0.0020026597,0.0,0.04884852,0.047054425
1633,0.0027588203,0.0,0.038138073,0.0069672824,0.0020015086,0.0,0.05061667,0.04705503
1634,0.0025775784,0.0,0.036981735,0.0069707697,0.0019458721,0.0,0.051262576,0.047054168
1635,0.002740981,0.0,0.037205637,0.0069735674,0.001972959,0.0,0.051814534,0.04705586
1636,0.0025195668,0.0,0.03687973,0.0069781714,0.0018286022,0.0,0.053098567,0.04705668
1637,0.0028519877,0.0,0.03751153,0.0069825333,0.0020288865,0.0,0.04939101,0.047058076
1638,0.0026954634,0.0,0.037265968,0.006985998,0.0018728537,0.0,0.04796939,0.0470551
1639,0.0025707064,0.0,0.036916234,0.006987999,0.0018235527,0.0,0.050322507,0.04705135
1640,0.0026937881,0.0,0.037409108,0.0069884676,0.0019369023,0.0,0.050758377,0.047044992
1641,0.0026812926,0.0,0.03677633,0.00698704,0.0019582794,0.0,0.048082195,0.047037594
1642,0.0025694906,0.0,0.03658008,0.006984681,0.002012117,0.0,0.051393285,0.047027916
1643,0.0028883237,0.0,0.038001303,0.0069805146,0.001990104,0.0,0.0523778,0.047018763
1644,0.00283403,0.0,0.03743521,0.006974504,0.0019723033,0.0,0.052494787,0.047010247
1645,0.002904708,0.0,0.037320446,0.006966848,0.0018052057,0.0,0.0513741,0.047005553
1646,0.0028104936,0.0,0.037572965,0.006960842,0.00190944,0.0,0.052477106,0.04700028
1647,0.0026345162,0.0,0.0372393,0.006953874,0.0018871379,0.0,0.052728325,0.04699514
1648,0.0027449597,0.0,0.037366223,0.006945805,0.0018226189,0.0,0.048249442,0.046990138
1649,0.0025892796,0.0,0.03682703,0.0069366214,0.0019370305,0.0,0.048403528,0.046986777
1650,0.0026945625,0.0,0.036743674,0.0069264374,0.0018084286,0.0,0.050965987,0.04698357
1651,0.0027010147,0.0,0.037052162,0.006916193,0.0018823865,0.0,0.051842794,0.04697889
1652,0.0028764813,0.0,0.037245624,0.006905367,0.001854796,0.0,0.049176592,0.046973355
1653,0.0029760548,0.0,0.03747635,0.0068942388,0.0018071813,0.0,0.04868517,0.04696656
1654,0.0026202158,0.0,0.037783906,0.0068829404,0.0017906338,0.0,0.05115467,0.04695947
1655,0.002720182,0.0,0.036540937,0.006873106,0.0019922303,0.0,0.054509085,0.046952795
1656,0.00276522,0.0,0.03748589,0.006863742,0.001769317,0.0,0.050600205,0.046943247
1657,0.0028675138,0.0,0.036941778,0.006855359,0.0018997202,0.0,0.04967246,0.04693482
1658,0.0026609213,0.0,0.03684497,0.006847805,0.0019166875,0.0,0.054302055,0.04692804
1659,0.00279527,0.0,0.036852114,0.0068401387,0.0018903381,0.0,0.05034468,0.046924815
1660,0.0027065163,0.0,0.035759356,0.0068322653,0.0020577183,0.0,0.05118471,0.046922255
1661,0.0025831824,0.0,0.036589727,0.0068241525,0.0019045137,0.0,0.05270269,0.046921935
1662,0.0026568603,0.0,0.03829345,0.006815654,0.0020873495,0.0,0.05111553,0.046923984
1663,0.0027017589,0.0,0.037963692,0.006807586,0.0019064458,0.0,0.04998041,0.046927426
1664,0.0028264432,0.0,0.036295716,0.0067990306,0.0020150125,0.0,0.050297674,0.04692759
1665,0.0027939337,0.0,0.0375304,0.006789746,0.0019103845,0.0,0.051504593,0.046928074
1666,0.0029237012,0.0,0.03662706,0.006780204,0.0018912432,0.0,0.050412804,0.046929948
1667,0.002763295,0.0,0.037492894,0.006769847,0.0019204939,0.0,0.048136815,0.046931215
1668,0.0027122193,0.0,0.037806112,0.006758782,0.0020581295,0.0,0.052155122,0.046935502
1669,0.0027020276,0.0,0.036831103,0.0067520165,0.0019202841,0.0,0.051498186,0.046938505
1670,0.0030306,0.0,0.037586994,0.0067473548,0.002068393,0.0,0.048634265,0.046940017
1671,0.0025969718,0.0,0.036838688,0.006743817,0.0019016439,0.0,0.0496747,0.04694135
1672,0.0028623685,0.0,0.037085526,0.006740658,0.0018893682,0.0,0.053554997,0.04694226
1673,0.0027516952,0.0,0.03629672,0.0067385114,0.0019535848,0.0,0.049042474,0.046944827
1674,0.0027054287,0.0,0.03693647,0.00673633,0.0019528222,0.0,0.04899867,0.046946976
1675,0.002681219,0.0,0.037284717,0.006734431,0.0019374264,0.0,0.051374435,0.04694942
1676,0.002675707,0.0,0.036897913,0.006732031,0.0019743966,0.0,0.05054213,0.046952486
1677,0.0026087516,0.0,0.037560828,0.0067322585,0.0017796163,0.0,0.049695577,0.04695662
1678,0.003003907,0.0,0.037113834,0.0067323507,0.0018778548,0.0,0.048722535,0.0469624
1679,0.0027127303,0.0,0.038534768,0.0067317327,0.0019520482,0.0,0.04986933,0.046968333
1680,0.0025369884,0.0,0.03782779,0.006805768,0.001957669,0.0,0.050022855,0.046972718
1681,0.0028432733,0.0,0.036908485,0.006944756,0.0018866338,0.0,0.048680186,0.046974856
1682,0.0027811164,0.0,0.037863553,0.007126964,0.0020076153,0.0,0.048631318,0.046976037
1683,0.002652668,0.0,0.03743391,0.0073352656,0.0020020262,0.0,0.050895866,0.04697595
1684,0.0027181485,0.0,0.03694338,0.0075568967,0.0019185089,0.0,0.049062967,0.046977524
1685,0.0028290767,0.0,0.03781926,0.007781466,0.001893189,0.0,0.0496392,0.046976052
1686,0.0026474763,0.0,0.037250996,0.008006306,0.0017781727,0.0,0.04792169,0.046972975
1687,0.0026478122,0.0,0.03721573,0.008224895,0.0020734936,0.0,0.049008217,0.04697006
1688,0.0027075938,0.0,0.03720662,0.008432665,0.002019913,0.0,0.049318857,0.04696624
1689,0.0028513083,0.0,0.036633886,0.008626125,0.0017987441,0.0,0.050695453,0.04696142
1690,0.002906193,0.0,0.03620995,0.008805191,0.0018722104,0.0,0.051067084,0.046955995
1691,0.0027374804,0.0,0.036711145,0.008968182,0.0019172465,0.0,0.047785494,0.04695225
1692,0.002720647,0.0,0.037385143,0.009114209,0.0019019294,0.0,0.049562763,0.046946403
1693,0.0025425144,0.0,0.037541576,0.009246143,0.0019492994,0.0,0.050187238,0.046940517
1694,0.002546742,0.0,0.037094634,0.009362945,0.0020242787,0.0,0.048430227,0.046933282
1695,0.002789522,0.0,0.037654627,0.009464353,0.0020508175,0.0,0.050245404,0.04692494
1696,0.0027580077,0.0,0.037162185,0.009552993,0.0020749152,0.0,0.0518049,0.046917688
1697,0.0028900597,0.0,0.037006076,0.009629555,0.002028455,0.0,0.051193573,0.046911452
1698,0.0028341003,0.0,0.036984883,0.009693843,0.002052482,0.0,0.04945659,0.046906672
1699,0.002825106,0.0,0.037242144,0.009746192,0.001993441,0.0,0.050248098,0.046900388
1700,0.0028336372,0.0,0.036638983,0.009787182,0.0021086163,0.0,0.047401223,0.04689414
1701,0.0026624233,0.0,0.037483092,0.009817525,0.0022549063,0.0,0.050230663,0.04688825
1702,0.0027509974,0.0,0.036567964,0.009838713,0.0020467883,0.0,0.048983477,0.04688562
1703,0.002703089,0.0,0.03684531,0.009854129,0.0020834159,0.0,0.049174998,0.04688478
1704,0.0028222834,0.0,0.036942236,0.009864262,0.0021070333,0.0,0.05072515,0.046881836
1705,0.002721569,0.0,0.037879094,0.00988017,0.0021915827,0.0,0.05111062,0.046877496
1706,0.0027942397,0.0,0.037292212,0.009899035,0.0021878534,0.0,0.05068523,0.046872802
1707,0.002748316,0.0,0.037715368,0.009918896,0.0020972735,0.0,0.049848486,0.046868876
1708,0.0027157117,0.0,0.037088506,0.00993771,0.002154102,0.0,0.05007272,0.04686198
1709,0.0028043455,0.0,0.037264742,0.009953678,0.0021200727,0.0,0.050784722,0.046853635
1710,0.002869388,0.0,0.03655961,0.009967084,0.0022332827,0.0,0.049166285,0.04684594
1711,0.002926127,0.0,0.03619397,0.009985637,0.002321949,0.0,0.050176445,0.04683905
1712,0.0029237852,0.0,0.037764996,0.01000723,0.0021698845,0.0,0.05045024,0.046831984
1713,0.0026620533,0.0,0.03735405,0.0100289015,0.0021097406,0.0,0.05243301,0.046826523
1714,0.002735389,0.0,0.037178606,0.010048513,0.002260181,0.0,0.051501647,0.046824966
1715,0.0028925822,0.0,0.037873674,0.010064567,0.0021472818,0.0,0.053805806,0.046821423
1716,0.002629572,0.0,0.036825992,0.010076313,0.0020794757,0.0,0.04897746,0.046816945
1717,0.0025681588,0.0,0.03715961,0.010082915,0.0020738486,0.0,0.050008472,0.04681277
1718,0.0027194896,0.0,0.036601003,0.010084176,0.0021238727,0.0,0.048535567,0.04681205
1719,0.0027872527,0.0,0.03749234,0.010080006,0.0020252455,0.0,0.049806166,0.046814542
1720,0.0027507062,0.0,0.036963,0.010070628,0.0021026975,0.0,0.049198728,0.046821177
1721,0.0028401448,0.0,0.036629602,0.010056148,0.0022144278,0.0,0.049425527,0.046828322
1722,0.0028411548,0.0,0.03763301,0.010036968,0.0020290483,0.0,0.053301588,0.04683536
1723,0.00261704,0.0,0.03742715,0.010013405,0.0020964635,0.0,0.04940788,0.04684185
1724,0.0029291566,0.0,0.036873635,0.009986841,0.0019570305,0.0,0.051960863,0.04684765
1725,0.0026352394,0.0,0.036486443,0.00995728,0.0022275914,0.0,0.04833813,0.046853386
1726,0.002771381,0.0,0.038504224,0.0099249305,0.0019415021,0.0,0.050587766,0.046860952
1727,0.002793855,0.0,0.037483536,0.009890614,0.0022411759,0.0,0.05009459,0.04686964
1728,0.0026730772,0.0,0.036759727,0.009854027,0.0021465993,0.0,0.048909727,0.04687809
1729,0.0025335231,0.0,0.03734278,0.009815301,0.0021020873,0.0,0.049514778,0.04688647
1730,0.0027207548,0.0,0.03760705,0.009774607,0.0020868613,0.0,0.05044902,0.046894222
1731,0.002742884,0.0,0.036828995,0.009732162,0.0019397276,0.0,0.04834531,0.046901688
1732,0.00287511,0.0,0.037182476,0.009688351,0.0021899857,0.0,0.05089637,0.04690655
1733,0.0025891229,0.0,0.036985405,0.00964332,0.0020892515,0.0,0.04994897,0.046909634
1734,0.002765605,0.0,0.037490297,0.0095972745,0.0021324176,0.0,0.050876155,0.04691678
1735,0.0026823136,0.0,0.0371014,0.009551066,0.0020314201,0.0,0.05016517,0.046921827
1736,0.002780416,0.0,0.03821035,0.009504934,0.0022778134,0.0,0.051926345,0.046926007
1737,0.0028704468,0.0,0.036309753,0.009458558,0.0022636538,0.0,0.04969039,0.046933237
1738,0.0024997506,0.0,0.036610775,0.009411963,0.0019834375,0.0,0.048756428,0.046942633
1739,0.002738994,0.0,0.03713419,0.009365185,0.0019739554,0.0,0.05033921,0.04695294
1740,0.0025262632,0.0,0.037310794,0.009318288,0.0019197841,0.0,0.050313335,0.046961624
1741,0.0029463212,0.0,0.03726877,0.009271341,0.002013044,0.0,0.0506582,0.046971705
1742,0.0026761768,0.0,0.036588613,0.009224324,0.002015292,0.0,0.05029896,0.046978414
1743,0.002723333,0.0,0.03745149,0.009177445,0.0020279011,0.0,0.050435722,0.046984993
1744,0.0026184646,0.0,0.037744004,0.00913156,0.0020908525,0.0,0.048177358,0.046992313
1745,0.002701764,0.0,0.037808895,0.009086639,0.0020497537,0.0,0.053318877,0.046997543
1746,0.003011694,0.0,0.03819113,0.009042405,0.0020118633,0.0,0.04929916,0.047002282
1747,0.002944893,0.0,0.03748903,0.00899884,0.0020689522,0.0,0.05116637,0.047004547
1748,0.0026201329,0.0,0.036343377,0.008956103,0.0020862927,0.0,0.04803823,0.047008336
1749,0.0027888666,0.0,0.03712517,0.008914534,0.0020452645,0.0,0.050158378,0.04701032
1750,0.0028416035,0.0,0.0371489,0.008873803,0.0020622723,0.0,0.04811926,0.04701193
1751,0.0028485893,0.0,0.03727978,0.008833605,0.0019125558,0.0,0.050379355,0.04701348
1752,0.0028860618,0.0,0.03743396,0.0087941205,0.0019997745,0.0,0.04993766,0.047011375
1753,0.002733104,0.0,0.038336344,0.008755067,0.0019249638,0.0,0.050789192,0.04700911
1754,0.0029180073,0.0,0.036450263,0.008716393,0.0021142222,0.0,0.04987763,0.047008257
1755,0.002971801,0.0,0.036597043,0.008679152,0.0019895402,0.0,0.050090145,0.047006972
1756,0.00300454,0.0,0.036639977,0.008642449,0.0018726732,0.0,0.05027313,0.047007088
1757,0.0026853457,0.0,0.036872476,0.008623116,0.002053168,0.0,0.049783424,0.047003895
1758,0.0028416668,0.0,0.036496166,0.0086218845,0.001966611,0.0,0.05034944,0.04699888
1759,0.0028572225,0.0,0.036936317,0.008633099,0.001946373,0.0,0.04764564,0.04699511
1760,0.0027266147,0.0,0.036680024,0.008652262,0.0019093555,0.0,0.04718097,0.046991356
1761,0.0027067044,0.0,0.037399754,0.008676083,0.001957424,0.0,0.050119296,0.046987057
1762,0.0027265574,0.0,0.03707145,0.008701743,0.0021390861,0.0,0.05166254,0.046982646
1763,0.002858147,0.0,0.037087888,0.008727257,0.0019491963,0.0,0.050855003,0.046981294
1764,0.0027930546,0.0,0.03674496,0.008751165,0.0019097162,0.0,0.05110088,0.046980392
1765,0.0028041867,0.0,0.03649917,0.008772447,0.0019094626,0.0,0.050078057,0.046979968
1766,0.002727827,0.0,0.037907656,0.0087904325,0.0019077755,0.0,0.049525447,0.04698221
1767,0.0027539341,0.0,0.037436016,0.008804713,0.0018838596,0.0,0.04931111,0.04698644
1768,0.0025912751,0.0,0.03737777,0.008815164,0.001888585,0.0,0.04853527,0.046988923
1769,0.00292808,0.0,0.036950868,0.008821657,0.001958778,0.0,0.051168777,0.046990722
1770,0.0026596298,0.0,0.03657259,0.008824245,0.0018969342,0.0,0.048715208,0.046992257
1771,0.0027459606,0.0,0.03663113,0.008823052,0.0017845099,0.0,0.049465608,0.046993565
1772,0.0027611046,0.0,0.03760046,0.008818473,0.0020113199,0.0,0.048904352,0.046996303
1773,0.002592285,0.0,0.037087202,0.008810808,0.0018986101,0.0,0.051628795,0.046997562
1774,0.0026671197,0.0,0.03733612,0.008800763,0.0018651177,0.0,0.051281914,0.046999015
1775,0.0026628615,0.0,0.037116267,0.008788334,0.00194679,0.0,0.052980576,0.047001813
1776,0.0027770132,0.0,0.037770502,0.008773712,0.0018683122,0.0,0.051339213,0.04700645
1777,0.0027625132,0.0,0.03805403,0.008756863,0.001882334,0.0,0.049812008,0.04701013
1778,0.0027913444,0.0,0.037277713,0.008738643,0.0018906685,0.0,0.049489494,0.04701433
1779,0.0026873965,0.0,0.0363956,0.008718783,0.001931155,0.0,0.050281357,0.0470194
1780,0.002822679,0.0,0.038378526,0.008697597,0.0020582005,0.0,0.04823332,0.04702591
1781,0.0028311552,0.0,0.037149873,0.008675846,0.0020318383,0.0,0.050990175,0.04702867
1782,0.003053362,0.0,0.036893804,0.008653291,0.0019045994,0.0,0.048049226,0.047030922
1783,0.0026473359,0.0,0.037131365,0.00863007,0.0018674788,0.0,0.04893124,0.04702902
1784,0.0028162533,0.0,0.03745169,0.008605908,0.001972536,0.0,0.049231168,0.04702725
1785,0.002738586,0.0,0.037603214,0.008580849,0.0020096267,0.0,0.053341772,0.047023255
1786,0.0029245259,0.0,0.038011804,0.008554884,0.001935142,0.0,0.049366567,0.04702055
1787,0.0027665088,0.0,0.03681653,0.008528302,0.0020009077,0.0,0.052258294,0.04701574
1788,0.002956636,0.0,0.037249528,0.008501075,0.002070331,0.0,0.052898124,0.047016747
1789,0.002610539,0.0,0.037455,0.008473198,0.0019930631,0.0,0.04970411,0.04701952
1790,0.0025384554,0.0,0.038263522,0.008447817,0.0021013902,0.0,0.050145935,0.04702247
1791,0.0028378526,0.0,0.037153587,0.008434171,0.0020078723,0.0,0.05157934,0.047027525
1792,0.002621006,0.0,0.037864547,0.008432976,0.0019861897,0.0,0.048969284,0.04703266
1793,0.0025595934,0.0,0.03669698,0.008440376,0.0020661408,0.0,0.051121045,0.047038946
1794,0.002696006,0.0,0.036925316,0.008452869,0.0020058102,0.0,0.051449213,0.04704318
1795,0.0026488418,0.0,0.037257995,0.0084678335,0.0020102896,0.0,0.048951015,0.04704518
1796,0.0025813733,0.0,0.036587622,0.008483455,0.0021427139,0.0,0.049877368,0.047043763
1797,0.0026412723,0.0,0.036140054,0.00849815,0.002024988,0.0,0.0476696,0.047040537
1798,0.002747308,0.0,0.037338298,0.008510988,0.002126604,0.0,0.04816317,0.04703447
1799,0.0026617383,0.0,0.036948204,0.008521125,0.0020630232,0.0,0.049723726,0.04702643
1800,0.0026474656,0.0,0.0375673,0.0085280705,0.0023454349,0.0,0.049647033,0.047018427
1801,0.0027312005,0.0,0.03782947,0.008531574,0.0021061567,0.0,0.050241627,0.04700929
1802,0.0027128425,0.0,0.037009437,0.008534171,0.0022427237,0.0,0.050410017,0.047000267
1803,0.0027501627,0.0,0.036437973,0.008533937,0.0022170965,0.0,0.049569532,0.046991315
1804,0.0027450607,0.0,0.03706175,0.008530801,0.0020623787,0.0,0.049077526,0.046981324
1805,0.002690116,0.0,0.03766632,0.008524801,0.0021206439,0.0,0.050695404,0.046971567
1806,0.0029166394,0.0,0.037115842,0.0085160835,0.0022454662,0.0,0.049110983,0.046961416
1807,0.0028715767,0.0,0.037051536,0.008504747,0.0021388663,0.0,0.051450085,0.046950553
1808,0.0028420433,0.0,0.03741595,0.008491034,0.0021002502,0.0,0.050146308,0.04694156
1809,0.0029860649,0.0,0.036655676,0.008475149,0.002184899,0.0,0.049507886,0.04693263
1810,0.0026898226,0.0,0.0382814,0.008458817,0.00230632,0.0,0.049765047,0.04692343
1811,0.0025824117,0.0,0.036821,0.008440987,0.002079446,0.0,0.049904797,0.04691326
1812,0.0027249618,0.0,0.0372999,0.008421739,0.0020522946,0.0,0.04893318,0.04690298
1813,0.002906836,0.0,0.036964923,0.008401161,0.0021763144,0.0,0.050831497,0.04689122
1814,0.0026851033,0.0,0.037142444,0.008379389,0.0021127781,0.0,0.051447455,0.046879698
1815,0.002645266,0.0,0.037174065,0.0083607,0.002122622,0.0,0.049824487,0.04687162
1816,0.0026811294,0.0,0.037956633,0.008344945,0.0020433562,0.0,0.04936068,0.04686612
1817,0.002605798,0.0,0.036586877,0.00833103,0.0020197683,0.0,0.04892861,0.04686138
1818,0.0027091294,0.0,0.037080076,0.008318013,0.002001645,0.0,0.050252024,0.0468593
1819,0.0025139074,0.0,0.037233535,0.008305184,0.002072574,0.0,0.050785117,0.04685879
1820,0.0025863363,0.0,0.03632612,0.008292012,0.002086796,0.0,0.04884177,0.0468579
1821,0.002689432,0.0,0.037027534,0.008278134,0.002222975,0.0,0.05149544,0.046855573
1822,0.0027994702,0.0,0.03606084,0.008263296,0.0021458576,0.0,0.05089585,0.046855174
1823,0.0026089773,0.0,0.036892254,0.008247375,0.0021912,0.0,0.049826648,0.046854474
1824,0.0026993114,0.0,0.036650058,0.0082303295,0.0021150236,0.0,0.04970417,0.04685348
1825,0.0027632804,0.0,0.0379695,0.008212171,0.0021594441,0.0,0.051692612,0.046852566
1826,0.002907987,0.0,0.037271302,0.008192938,0.0021411872,0.0,0.05202778,0.046850547
1827,0.0027023281,0.0,0.036845796,0.008172727,0.002180299,0.0,0.04921312,0.04685013
1828,0.0025525142,0.0,0.03776192,0.0081516495,0.0020421713,0.0,0.04775214,0.04684858
1829,0.0028764976,0.0,0.03699091,0.008129807,0.00211438,0.0,0.049462058,0.046847306
1830,0.0028039454,0.0,0.037506748,0.008107527,0.0023694718,0.0,0.047953818,0.04684608
1831,0.002853262,0.0,0.037035678,0.008085043,0.0021411413,0.0,0.050051242,0.046845715
1832,0.0027094567,0.0,0.0368885,0.008062212,0.0022016268,0.0,0.049993563,0.04684531
1833,0.0026473394,0.0,0.035532452,0.008039984,0.0022022193,0.0,0.050989747,0.046844654
1834,0.0027168246,0.0,0.036497127,0.008017663,0.0021682982,0.0,0.04860765,0.04684479
1835,0.0029036494,0.0,0.038039304,0.007995206,0.0022877033,0.0,0.050667133,0.04684431
1836,0.00270844,0.0,0.037455816,0.007972574,0.0022223715,0.0,0.047724478,0.04684656
1837,0.0027358185,0.0,0.03609966,0.007949769,0.0021374228,0.0,0.052098434,0.046850223
1838,0.0029765274,0.0,0.037415985,0.007926796,0.0020337591,0.0,0.048990775,0.046853375
1839,0.0026710217,0.0,0.036832318,0.007903672,0.0021018148,0.0,0.049483187,0.046856787
1840,0.002583396,0.0,0.038048636,0.007880422,0.0021353501,0.0,0.048309628,0.046861928
1841,0.0027231674,0.0,0.037358437,0.007857285,0.0021917957,0.0,0.050925598,0.046863988
1842,0.002736938,0.0,0.036767248,0.0078342585,0.0020853628,0.0,0.048198443,0.046865765
1843,0.0028340796,0.0,0.0359957,0.007811252,0.0020727247,0.0,0.05245495,0.046868365
1844,0.002572007,0.0,0.037083846,0.007788275,0.002041443,0.0,0.049455438,0.046870537
1845,0.0026872098,0.0,0.037122663,0.0077653686,0.0022716506,0.0,0.0487364,0.046871208
1846,0.0026227327,0.0,0.038207855,0.007742551,0.0021381371,0.0,0.049041722,0.0468719
1847,0.0026059302,0.0,0.036154754,0.0077198166,0.0020186082,0.0,0.05014863,0.046873536
1848,0.0025713989,0.0,0.037540592,0.0076971967,0.002159425,0.0,0.04963295,0.04687213
1849,0.002760136,0.0,0.03710847,0.0076747052,0.0019661875,0.0,0.050656263,0.046872117
1850,0.002657279,0.0,0.037321977,0.0076543028,0.0022407132,0.0,0.048109293,0.046873406
1851,0.0028486454,0.0,0.037388396,0.0076351315,0.0020506957,0.0,0.051136922,0.046874907
1852,0.002809941,0.0,0.03737979,0.0076168003,0.0021309864,0.0,0.049908504,0.04687822
1853,0.0026901623,0.0,0.035930067,0.007598971,0.0019897197,0.0,0.05008477,0.046881624
1854,0.0025879573,0.0,0.03758497,0.0075814775,0.0020449022,0.0,0.05014708,0.046885747
1855,0.0027927381,0.0,0.03670438,0.0075641796,0.0020292157,0.0,0.05167311,0.04688935
1856,0.0027846335,0.0,0.037916485,0.007546834,0.002140826,0.0,0.048877064,0.046895757
1857,0.002863941,0.0,0.037641715,0.0075293723,0.0020552948,0.0,0.050311446,0.04690086
1858,0.0028173954,0.0,0.03732003,0.007512192,0.0023414239,0.0,0.048608866,0.04690722
1859,0.0028136848,0.0,0.03704202,0.007494866,0.0020458146,0.0,0.04935436,0.04691063
1860,0.0026476248,0.0,0.0368954,0.0074773957,0.0022464404,0.0,0.04964208,0.04691401
1861,0.002587002,0.0,0.03735993,0.007459807,0.0020793865,0.0,0.050195497,0.046915255
1862,0.0026565988,0.0,0.03664998,0.00744276,0.0021282625,0.0,0.04848265,0.04691342
1863,0.0028087958,0.0,0.036460645,0.007425802,0.0019408293,0.0,0.050354153,0.04691106
1864,0.0026804025,0.0,0.03747201,0.0074095405,0.0021575468,0.0,0.047997925,0.04690884
1865,0.0026778844,0.0,0.03674671,0.007393471,0.002045978,0.0,0.05076883,0.046903435
1866,0.002774021,0.0,0.03697752,0.0073774997,0.0021174191,0.0,0.04869381,0.046901565
1867,0.002591229,0.0,0.03675188,0.0073629585,0.0019767494,0.0,0.050802518,0.046897627
1868,0.0026497564,0.0,0.03563975,0.007350829,0.0021372538,0.0,0.049518075,0.046895456
1869,0.0026781266,0.0,0.037947282,0.00733965,0.00195373,0.0,0.049845673,0.04689475
1870,0.0028493616,0.0,0.038145382,0.0073292037,0.0020793001,0.0,0.05057326,0.04689165
1871,0.0027955573,0.0,0.036560625,0.007319037,0.002053748,0.0,0.04823741,0.046887442
1872,0.0027356222,0.0,0.039219733,0.007308777,0.0019967875,0.0,0.052171443,0.046883408
1873,0.0028948504,0.0,0.036429506,0.007298171,0.0020958383,0.0,0.04803339,0.046879716
1874,0.0027400933,0.0,0.037279543,0.007287071,0.0020257246,0.0,0.04884579,0.046879508
1875,0.0025708142,0.0,0.037542854,0.0072779655,0.0021152592,0.0,0.049591895,0.046879314
1876,0.002542609,0.0,0.036736414,0.0072695105,0.00219239,0.0,0.052425828,0.04688011
1877,0.00256889,0.0,0.036780313,0.007261324,0.0019555914,0.0,0.04963232,0.046878092
1878,0.0026783044,0.0,0.03655808,0.0072532073,0.0021544427,0.0,0.05159264,0.046877317
1879,0.0028196224,0.0,0.036606435,0.0072448375,0.00209592,0.0,0.051058482,0.046876475
1880,0.0025884036,0.0,0.037313804,0.007236044,0.0021830748,0.0,0.05018098,0.04687663
1881,0.00283059,0.0,0.03652384,0.0072269705,0.0021530518,0.0,0.04718485,0.04687809
1882,0.0025378151,0.0,0.03720707,0.0072173765,0.0021965317,0.0,0.05124729,0.04687602
1883,0.0027286173,0.0,0.036793813,0.0072072274,0.0021912819,0.0,0.049318973,0.046873283
1884,0.0026087724,0.0,0.036591854,0.007204035,0.002226226,0.0,0.048880845,0.04687013
1885,0.0027909516,0.0,0.037892826,0.007203402,0.0022299574,0.0,0.048680883,0.04686433
1886,0.0028742417,0.0,0.03743492,0.007204108,0.0022546067,0.0,0.049845356,0.046859
1887,0.0026038883,0.0,0.037673857,0.0072054677,0.002103016,0.0,0.049320433,0.046853617
1888,0.0026618405,0.0,0.036410656,0.007206651,0.0023788416,0.0,0.04917016,0.04684966
1889,0.0027575633,0.0,0.036660075,0.007207161,0.002119639,0.0,0.049759116,0.04684638
1890,0.002604121,0.0,0.03788126,0.007206827,0.002356155,0.0,0.050293833,0.046842072
1891,0.0028695564,0.0,0.036921315,0.0072061047,0.0020318218,0.0,0.05354481,0.046837773
1892,0.0028832653,0.0,0.03712186,0.0072050886,0.0022881348,0.0,0.048326418,0.04683664
1893,0.0028679003,0.0,0.036170907,0.007203119,0.0020675105,0.0,0.050745398,0.046836082
1894,0.002750963,0.0,0.036571074,0.0072000534,0.0021502206,0.0,0.048278246,0.046839964
1895,0.0028010935,0.0,0.03762858,0.007195805,0.0021233594,0.0,0.051523175,0.046841327
1896,0.0027959778,0.0,0.036880445,0.007190367,0.0022395148,0.0,0.048678383,0.04684306
1897,0.0027475564,0.0,0.03641923,0.007183752,0.0020129492,0.0,0.05135886,0.04684343
1898,0.0029337613,0.0,0.037370145,0.0071766274,0.0022614347,0.0,0.048203547,0.046842966
1899,0.002710381,0.0,0.03747813,0.007168544,0.0022043495,0.0,0.050958585,0.046842612
1900,0.0026547045,0.0,0.037000768,0.0071595698,0.0021560297,0.0,0.050374158,0.046843037
1901,0.0026297867,0.0,0.037530467,0.0071497713,0.0020074705,0.0,0.046748172,0.046845086
1902,0.0028196243,0.0,0.0371744,0.0071392176,0.0020664386,0.0,0.046932265,0.04684741
1903,0.0028771139,0.0,0.037116915,0.007128,0.0021471076,0.0,0.049122766,0.046848398
1904,0.002692828,0.0,0.03693958,0.007117718,0.0019986082,0.0,0.053885166,0.046849992
1905,0.0027057321,0.0,0.03704017,0.007107393,0.0021026134,0.0,0.050254118,0.046849776
1906,0.00280461,0.0,0.03722689,0.007096897,0.0019743338,0.0,0.051632408,0.046850096
1907,0.0024992928,0.0,0.038001835,0.0070861503,0.002092097,0.0,0.0493452,0.046852455
1908,0.0027635917,0.0,0.038087256,0.0070750844,0.0020757453,0.0,0.05034617,0.046852846
1909,0.0028816105,0.0,0.03702491,0.007063772,0.002260799,0.0,0.050110318,0.04685102
1910,0.0026761377,0.0,0.036651444,0.007052109,0.0019934832,0.0,0.050798226,0.046847157
1911,0.002753093,0.0,0.037046563,0.0070400904,0.0021840308,0.0,0.048806828,0.046846237
1912,0.0029004538,0.0,0.03778809,0.007027726,0.0019642175,0.0,0.050497424,0.046843987
1913,0.0026524677,0.0,0.03775533,0.0070151035,0.0019790002,0.0,0.051611785,0.046842303
1914,0.0027493266,0.0,0.037388302,0.007005313,0.002034167,0.0,0.048760485,0.046840757
1915,0.0028219412,0.0,0.03744741,0.006996936,0.002140232,0.0,0.052441273,0.046838257
1916,0.002806808,0.0,0.037728015,0.0069894223,0.0018646349,0.0,0.049126323,0.046835747
1917,0.0027465045,0.0,0.03738732,0.0069823232,0.0021224676,0.0,0.05348529,0.04683247
1918,0.0028018402,0.0,0.03729982,0.0069792913,0.001984369,0.0,0.049435537,0.046828553
1919,0.0026917881,0.0,0.03712267,0.006977682,0.0021519416,0.0,0.050529655,0.046827596
1920,0.0030089892,0.0,0.036462076,0.0069792476,0.0021720068,0.0,0.052775078,0.04682727
1921,0.002732946,0.0,0.037481412,0.00698288,0.0020683995,0.0,0.051552568,0.0468308
1922,0.002769786,0.0,0.037091788,0.0069870986,0.0020920294,0.0,0.050512575,0.04683313
1923,0.0026336825,0.0,0.036689855,0.0069931303,0.0019884,0.0,0.051076427,0.046835214
1924,0.0027360008,0.0,0.03750121,0.0069988696,0.0020336763,0.0,0.048345003,0.046837527
1925,0.0027530852,0.0,0.036933754,0.007003661,0.002045767,0.0,0.052564193,0.046839017
1926,0.002728173,0.0,0.03744258,0.0070070866,0.0020572885,0.0,0.051185425,0.046840727
1927,0.0026755868,0.0,0.03671311,0.0070088925,0.0020136316,0.0,0.04969573,0.046840966
1928,0.0027788782,0.0,0.036740616,0.00700907,0.0021859747,0.0,0.051802758,0.046840165
1929,0.0027278732,0.0,0.03647347,0.0070077083,0.0020254848,0.0,0.049614694,0.046840318
1930,0.0027479199,0.0,0.038224332,0.0070048175,0.0020373398,0.0,0.050463248,0.04684009
1931,0.0027126262,0.0,0.03720456,0.007000497,0.0019601916,0.0,0.04892332,0.046839997
1932,0.0027328944,0.0,0.036895406,0.0069950037,0.002162084,0.0,0.049096115,0.0468378
1933,0.002687316,0.0,0.036933262,0.006988383,0.0020188258,0.0,0.049684033,0.046835583
1934,0.0028674856,0.0,0.03722554,0.0069807866,0.002290107,0.0,0.051010337,0.046835538
1935,0.0027069303,0.0,0.03701491,0.0069723492,0.0019572207,0.0,0.050287757,0.04683442
1936,0.0029202679,0.0,0.036694303,0.0069631697,0.002295971,0.0,0.050310686,0.046831854
1937,0.0029221354,0.0,0.037397996,0.0069542537,0.0021106426,0.0,0.052574653,0.046831008
1938,0.002715762,0.0,0.037142273,0.006944998,0.0020489793,0.0,0.053070836,0.046835247
1939,0.0027693326,0.0,0.03803342,0.006935361,0.0020738442,0.0,0.0506834,0.046842527
1940,0.0028329263,0.0,0.03655055,0.0069254776,0.002093645,0.0,0.048872534,0.046848197
1941,0.0026680192,0.0,0.037162453,0.0069158864,0.0020421345,0.0,0.049714044,0.046853244
1942,0.0029864057,0.0,0.037165377,0.006906368,0.0022421058,0.0,0.04937124,0.04685857
1943,0.0027282038,0.0,0.036221497,0.006897125,0.002109519,0.0,0.05069067,0.046860266
1944,0.0024847551,0.0,0.037176687,0.006891517,0.0021688885,0.0,0.049838044,0.04686196
1945,0.002694232,0.0,0.037464075,0.0068869987,0.001975609,0.0,0.051325098,0.046863046
1946,0.0027188475,0.0,0.03749095,0.0068829823,0.0020746067,0.0,0.048009884,0.04686236
1947,0.002667888,0.0,0.03708256,0.0068807444,0.0019601295,0.0,0.05128122,0.046863414
1948,0.0028350197,0.0,0.0369723,0.006879632,0.0021102324,0.0,0.048344348,0.04686247
1949,0.0026382508,0.0,0.037900146,0.006878863,0.0020145013,0.0,0.048118375,0.046860915
1950,0.0025902684,0.0,0.03659232,0.0068782223,0.0020799148,0.0,0.04981555,0.046858065
1951,0.0028126442,0.0,0.037800536,0.0068771574,0.0019428362,0.0,0.05097854,0.04685413
1952,0.002747811,0.0,0.036837596,0.0068829837,0.0020642339,0.0,0.049047604,0.046851683
1953,0.002824073,0.0,0.03818121,0.0068906983,0.0020396395,0.0,0.052025262,0.046850894
1954,0.0027147315,0.0,0.03741281,0.006899216,0.0020301624,0.0,0.05009818,0.046850022
1955,0.0026967456,0.0,0.036912996,0.006907592,0.0020238173,0.0,0.05053537,0.046850394
1956,0.0026313127,0.0,0.03670547,0.0069163647,0.0019848684,0.0,0.04933786,0.046852082
1957,0.0027005903,0.0,0.037448283,0.006924506,0.001990178,0.0,0.04955726,0.046852797
1958,0.0028339028,0.0,0.037489444,0.0069315624,0.0020510214,0.0,0.050281387,0.04685368
1959,0.0027149091,0.0,0.03590874,0.006937208,0.00206704,0.0,0.048886046,0.046856817
1960,0.0026008452,0.0,0.037674215,0.006941235,0.0020113126,0.0,0.049148593,0.04685972
1961,0.0028102836,0.0,0.0370029,0.0069437353,0.001973992,0.0,0.051133603,0.046859726
1962,0.0029408783,0.0,0.037044685,0.0069448184,0.0019671714,0.0,0.050282218,0.046859454
1963,0.0028514373,0.0,0.036435384,0.0069443914,0.0019277508,0.0,0.05185115,0.046858087
1964,0.002702723,0.0,0.037280306,0.0069433814,0.0018594962,0.0,0.050296262,0.04685549
1965,0.0027742162,0.0,0.03654837,0.006941315,0.0020946378,0.0,0.05090426,0.04685252
1966,0.002586702,0.0,0.036355577,0.006938312,0.0019097808,0.0,0.049000397,0.04685241
1967,0.0027700015,0.0,0.038070034,0.0069342805,0.0019891048,0.0,0.050247103,0.046851583
1968,0.00277998,0.0,0.036069974,0.0069291973,0.0019782516,0.0,0.05014729,0.04685236
1969,0.00269021,0.0,0.03727602,0.006923693,0.0020231202,0.0,0.051707786,0.046852022
1970,0.0026913374,0.0,0.03698168,0.0069173095,0.0019888242,0.0,0.050342355,0.046854943
1971,0.002749928,0.0,0.036755633,0.0069110477,0.0020186137,0.0,0.0506462,0.046856582
1972,0.0028335254,0.0,0.036977544,0.006904298,0.0019065303,0.0,0.048029225,0.046858214
1973,0.0025778592,0.0,0.036198124,0.0068975603,0.0018838688,0.0,0.049794223,0.046858
1974,0.0028319377,0.0,0.03635092,0.0068917577,0.0019376504,0.0,0.050752766,0.046856947
1975,0.0026080224,0.0,0.03830686,0.0068946625,0.0019061217,0.0,0.049827907,0.046855967
1976,0.0025584283,0.0,0.03752988,0.0069025666,0.0018030743,0.0,0.05145724,0.046853825
1977,0.0027264876,0.0,0.03719555,0.006915859,0.0018116054,0.0,0.05078364,0.046854384
1978,0.0027447678,0.0,0.037186313,0.0069305166,0.0018946261,0.0,0.0472512,0.04685316
1979,0.0028042095,0.0,0.036292847,0.006944971,0.0018840695,0.0,0.049452074,0.04684992
1980,0.0027484081,0.0,0.03683546,0.0069582583,0.0018519307,0.0,0.04808359,0.04684633
1981,0.0028701618,0.0,0.03704656,0.006969625,0.0019502605,0.0,0.049876355,0.046843074
1982,0.0028042095,0.0,0.03751048,0.0069786473,0.00187227,0.0,0.050364643,0.04683906
1983,0.0026651816,0.0,0.036605127,0.006987441,0.002174894,0.0,0.04939148,0.046835374
1984,0.002903112,0.0,0.036323532,0.006995049,0.0019709643,0.0,0.04869344,0.046830337
1985,0.002690345,0.0,0.036600366,0.007001187,0.0018149586,0.0,0.049572513,0.04682322
1986,0.00278951,0.0,0.03782867,0.007006462,0.0018852112,0.0,0.05394894,0.04681559
1987,0.0027442253,0.0,0.036225382,0.007016295,0.001849934,0.0,0.05120665,0.046811838
1988,0.0027241437,0.0,0.037275113,0.0070258128,0.002032735,0.0,0.054597594,0.046808105
1989,0.0029464122,0.0,0.037403297,0.007034556,0.0020620157,0.0,0.04869535,0.04680313
1990,0.0029797098,0.0,0.036800776,0.007042876,0.0019442772,0.0,0.051343903,0.046799522
1991,0.0029591238,0.0,0.03716575,0.007049727,0.0019378408,0.0,0.04906252,0.04679576
1992,0.0029067467,0.0,0.037238155,0.007054787,0.0019916068,0.0,0.049661636,0.046792038
1993,0.002919121,0.0,0.037123296,0.007057894,0.0019299294,0.0,0.049954318,0.046788014
1994,0.002827,0.0,0.036658168,0.007058981,0.0018657321,0.0,0.052756015,0.046783704
1995,0.0027707913,0.0,0.03756137,0.00705821,0.0019932333,0.0,0.04872139,0.04678471
1996,0.0026720483,0.0,0.035975892,0.007055616,0.0020256096,0.0,0.04858273,0.046785805
1997,0.0028915645,0.0,0.036685824,0.0070517403,0.0017909636,0.0,0.04966022,0.046787832
1998,0.0028431057,0.0,0.03712453,0.0070463447,0.0019326004,0.0,0.05077529,0.046789978
1999,0.002716282,0.0,0.036750853,0.0070395386,0.0018765398,0.0,0.04999656,0.046792146
2000,0.0026052878,0.0,0.036943235,0.007031518,0.0019345294,0.0,0.051734842,0.046795107
2001,0.0027463918,0.0,0.03738795,0.007022392,0.0018728033,0.0,0.049419362,0.04679975
2002,0.0028167758,0.0,0.03710908,0.0070126145,0.0017702735,0.0,0.050934307,0.046801265
2003,0.0026540193,0.0,0.036449593,0.0070020854,0.0019125434,0.0,0.04959809,0.04680337
2004,0.0027781832,0.0,0.036941845,0.0069908295,0.0018875306,0.0,0.05021558,0.046804063
2005,0.0027582657,0.0,0.037541337,0.006979479,0.0019261859,0.0,0.0499575,0.04680428
2006,0.0028923939,0.0,0.036617532,0.006968072,0.0019499598,0.0,0.050516978,0.04680568
2007,0.0029311648,0.0,0.036783457,0.006956566,0.0018447593,0.0,0.049285013,0.046808284
2008,0.0027342685,0.0,0.03749458,0.006944876,0.0020469688,0.0,0.049556565,0.04681104
2009,0.002651709,0.0,0.036426418,0.0069336947,0.0018340577,0.0,0.051787432,0.04681181
2010,0.0030103794,0.0,0.0374521,0.0069223875,0.0020293903,0.0,0.05057492,0.046813294
2011,0.0026726443,0.0,0.037012856,0.0069108326,0.0019476473,0.0,0.049864665,0.046820212
2012,0.0027306757,0.0,0.0366867,0.0068992074,0.0018884899,0.0,0.051650357,0.046827275
2013,0.0027231255,0.0,0.0370798,0.0068874154,0.0018938512,0.0,0.05155527,0.046837162
2014,0.0026719968,0.0,0.03726605,0.0068755522,0.0019809988,0.0,0.05227518,0.04684634
2015,0.0025536777,0.0,0.03735757,0.006866285,0.0019224415,0.0,0.050747015,0.046855956
2016,0.002831381,0.0,0.036175355,0.0068583945,0.0019018874,0.0,0.051086724,0.046863586
2017,0.002903268,0.0,0.03772933,0.006850894,0.0020875784,0.0,0.053797714,0.046870627
2018,0.0028414212,0.0,0.03830837,0.0068433937,0.0020380265,0.0,0.051268846,0.046878926
2019,0.0028812368,0.0,0.036116816,0.006835602,0.0020652572,0.0,0.052204233,0.04688562
2020,0.0030172612,0.0,0.037261743,0.006827578,0.0017853205,0.0,0.052258607,0.04688906
2021,0.0027490854,0.0,0.03690398,0.0068189884,0.0019206534,0.0,0.049965095,0.046893496
2022,0.002647585,0.0,0.036798876,0.00681005,0.001892252,0.0,0.04759568,0.046896078
2023,0.0027001868,0.0,0.038085196,0.0068008834,0.0019466482,0.0,0.05069681,0.046897486
2024,0.0028357604,0.0,0.037342705,0.0067960597,0.0019208037,0.0,0.05096546,0.04690125
2025,0.0026258065,0.0,0.03838365,0.006792887,0.0018542841,0.0,0.05036087,0.046904843
2026,0.0026669414,0.0,0.0373721,0.0067912275,0.0018435265,0.0,0.051822107,0.0469076
2027,0.0024859454,0.0,0.036842935,0.0067914375,0.0019051792,0.0,0.050927036,0.046912923
2028,0.0028784121,0.0,0.03742521,0.006792157,0.0019276493,0.0,0.04904986,0.046918113
2029,0.0028809046,0.0,0.03734731,0.0067925546,0.0019435622,0.0,0.053808164,0.04692291
2030,0.0026715891,0.0,0.03753248,0.006792394,0.0020128225,0.0,0.051367745,0.046931777
2031,0.0025789212,0.0,0.036565196,0.006791169,0.0019087009,0.0,0.050946493,0.046938635
2032,0.0031159874,0.0,0.03678117,0.0067887446,0.0019695952,0.0,0.04848518,0.04694572
2033,0.0027598683,0.0,0.037339307,0.006785078,0.0018418821,0.0,0.049019907,0.04695235
2034,0.0027909772,0.0,0.037069686,0.0067802914,0.001960842,0.0,0.04905632,0.046958134
2035,0.002729701,0.0,0.036939286,0.0067750327,0.0019325748,0.0,0.051227838,0.046963222
2036,0.0025894695,0.0,0.036328696,0.0067688855,0.0018811392,0.0,0.049656034,0.046968598
2037,0.0026086187,0.0,0.037932094,0.0067644026,0.0018653155,0.0,0.051816255,0.04697291
2038,0.0028106596,0.0,0.036773473,0.0067601847,0.002082685,0.0,0.052097987,0.046978865
2039,0.0027563425,0.0,0.038783412,0.006755612,0.0018501483,0.0,0.050580878,0.04698328
2040,0.0025692582,0.0,0.03691489,0.0067511695,0.0018836195,0.0,0.047566023,0.04698585
2041,0.002814953,0.0,0.036935456,0.006746316,0.0019794363,0.0,0.050505932,0.046985686
2042,0.002735606,0.0,0.03674792,0.0067409277,0.0018381805,0.0,0.049861964,0.046983466
2043,0.0026700993,0.0,0.03785247,0.0067348797,0.0020064525,0.0,0.0524997,0.046982173
2044,0.002581653,0.0,0.037424646,0.006729941,0.0020324467,0.0,0.04910798,0.04698156
2045,0.0028321932,0.0,0.037539735,0.006724758,0.0021104284,0.0,0.047226984,0.046979412
2046,0.0027229101,0.0,0.036726095,0.0067217015,0.0019984082,0.0,0.049653213,0.04697411
2047,0.0026085533,0.0,0.036872648,0.006718896,0.001930291,0.0,0.048332453,0.04696785
2048,0.00283595,0.0,0.036671646,0.0067172027,0.0019518837,0.0,0.050394423,0.046960834
2049,0.002653774,0.0,0.036492586,0.006715504,0.002007821,0.0,0.049314793,0.046955813
2050,0.0024885538,0.0,0.036250606,0.00671329,0.0019390171,0.0,0.0500434,0.046950296
2051,0.003045255,0.0,0.03746276,0.0067129517,0.0020250084,0.0,0.050326947,0.046944864
2052,0.0025171847,0.0,0.03729763,0.0067132483,0.001951467,0.0,0.049856592,0.04694241
2053,0.002686526,0.0,0.03750344,0.006713094,0.002117611,0.0,0.05054675,0.04693957
2054,0.0027049968,0.0,0.03684269,0.006712125,0.0019647414,0.0,0.05053067,0.046937257
2055,0.0025720003,0.0,0.037867483,0.0067100353,0.0019346073,0.0,0.049953517,0.04693686
2056,0.0026047616,0.0,0.037236664,0.0067075402,0.0020069773,0.0,0.048707616,0.04693614
2057,0.0027566843,0.0,0.037563924,0.0067045144,0.0019597632,0.0,0.0496904,0.046932694
2058,0.002532134,0.0,0.036998637,0.006714769,0.0019093765,0.0,0.04975204,0.0469309
2059,0.0026455524,0.0,0.03709029,0.0067320596,0.001994273,0.0,0.048704173,0.046931062
2060,0.0025918775,0.0,0.037430294,0.0067537245,0.0019127527,0.0,0.05151,0.046929374
2061,0.0027565942,0.0,0.037599247,0.006777714,0.0019137292,0.0,0.048057675,0.046927463
2062,0.0025928367,0.0,0.037399188,0.00680239,0.0019790956,0.0,0.050749645,0.046923045
2063,0.0025954433,0.0,0.036604803,0.006826541,0.002023516,0.0,0.047700945,0.046918523
2064,0.0028284467,0.0,0.037505317,0.00686164,0.0018443327,0.0,0.050647955,0.04691306
2065,0.0027668434,0.0,0.036375005,0.006900258,0.0020503125,0.0,0.04850296,0.04690713
2066,0.0026715926,0.0,0.036912616,0.006940281,0.0019490381,0.0,0.0502772,0.046902142
2067,0.0026054832,0.0,0.036592912,0.0069817468,0.0020801835,0.0,0.0539026,0.046897072
2068,0.002663008,0.0,0.037581295,0.0070220046,0.0021045965,0.0,0.048303522,0.046895087
2069,0.0029203254,0.0,0.036887232,0.0070604626,0.0019965803,0.0,0.052171055,0.046891827
2070,0.0028392076,0.0,0.037567824,0.0070956205,0.0019460465,0.0,0.049209885,0.046888143
2071,0.002549937,0.0,0.036607925,0.0071278303,0.0021382829,0.0,0.048974648,0.04688416
2072,0.0027672837,0.0,0.0374775,0.0071558836,0.0019333748,0.0,0.05284992,0.04688085
2073,0.0027425613,0.0,0.037208375,0.007180338,0.002037945,0.0,0.051607307,0.0468779
2074,0.0026897087,0.0,0.037262566,0.0072006388,0.0019810519,0.0,0.05327915,0.046873394
2075,0.002540179,0.0,0.03634882,0.007217532,0.0019582107,0.0,0.049767908,0.046871465
2076,0.0027285083,0.0,0.03667602,0.00723086,0.0020532259,0.0,0.049999468,0.04687225
2077,0.0025503605,0.0,0.035853628,0.0072405566,0.002027814,0.0,0.05147575,0.046874102
2078,0.0027712225,0.0,0.037638802,0.0072468664,0.00198661,0.0,0.04812073,0.046876416
2079,0.0025872819,0.0,0.03626667,0.007249864,0.0020177395,0.0,0.049388867,0.04687803
2080,0.002653059,0.0,0.036380347,0.007249631,0.0019439643,0.0,0.050292708,0.046880282
2081,0.0027781997,0.0,0.037750687,0.007247245,0.001983896,0.0,0.048810367,0.046885308
2082,0.0025052472,0.0,0.03692331,0.0072426265,0.0019028117,0.0,0.050855063,0.04689006
2083,0.0027257572,0.0,0.037586764,0.0072363946,0.002000868,0.0,0.05031696,0.046890795
2084,0.0027716723,0.0,0.03690606,0.0072285375,0.0019557495,0.0,0.050489917,0.04689142
2085,0.002583668,0.0,0.038188744,0.0072190366,0.0020191004,0.0,0.04854866,0.046890996
2086,0.0025632086,0.0,0.037587915,0.0072082914,0.0019151223,0.0,0.05014092,0.046889585
2087,0.0027665843,0.0,0.036728997,0.007197031,0.0019956597,0.0,0.04966372,0.046890482
2088,0.0026001816,0.0,0.0371664,0.0071847527,0.00182035,0.0,0.04932048,0.04689095
2089,0.002717846,0.0,0.036455344,0.007171457,0.0020502582,0.0,0.050000586,0.046888724
2090,0.0025970358,0.0,0.03747774,0.007157167,0.0019600873,0.0,0.047968686,0.046884876
2091,0.0025958756,0.0,0.03734198,0.007141968,0.0020130938,0.0,0.048981056,0.04688156
2092,0.0027175748,0.0,0.037825435,0.007125914,0.00202889,0.0,0.0515183,0.046878558
2093,0.0027375564,0.0,0.03730885,0.0071091014,0.0019511164,0.0,0.0496073,0.046873316
2094,0.002806607,0.0,0.037266932,0.007097121,0.0019951349,0.0,0.048692025,0.046867132
2095,0.0025647343,0.0,0.035958555,0.007086768,0.0020215083,0.0,0.049737558,0.04686104
2096,0.0026597057,0.0,0.036328275,0.0070772865,0.0019854351,0.0,0.048943296,0.046857703
2097,0.0026884922,0.0,0.036398828,0.007068088,0.0019781992,0.0,0.052744128,0.046854287
2098,0.0025858593,0.0,0.03790691,0.007058723,0.0019600186,0.0,0.049542263,0.046851333
2099,0.002667699,0.0,0.0369476,0.007048965,0.0018809614,0.0,0.05454128,0.046847988
2100,0.0026730984,0.0,0.03702101,0.00703855,0.0019092564,0.0,0.0499422,0.04684505
2101,0.0026568999,0.0,0.037603203,0.007027564,0.0018918624,0.0,0.05027976,0.046840467
2102,0.0025575915,0.0,0.03711237,0.0070210253,0.0019781117,0.0,0.047762223,0.04683717
2103,0.0027627177,0.0,0.037192296,0.0070161954,0.0019672462,0.0,0.051988266,0.046835065
2104,0.0026966254,0.0,0.037272844,0.007012946,0.0019132504,0.0,0.048084117,0.04683322
2105,0.002875317,0.0,0.037408885,0.007010762,0.002036351,0.0,0.050779134,0.04683438
2106,0.0026603977,0.0,0.03758459,0.007008632,0.0017706722,0.0,0.051592406,0.04683744
2107,0.0027652462,0.0,0.037295017,0.0070060445,0.0020336146,0.0,0.049341805,0.04684003
2108,0.00268839,0.0,0.03815151,0.0070024906,0.0019817392,0.0,0.04815174,0.046843156
2109,0.002555028,0.0,0.037700318,0.006997918,0.0020083913,0.0,0.04950242,0.046846136
2110,0.0028557458,0.0,0.037743445,0.0069921985,0.0019017739,0.0,0.04980318,0.04684894
2111,0.0028716538,0.0,0.037723914,0.006985584,0.0019400383,0.0,0.05172639,0.04685118
2112,0.0028467467,0.0,0.037138145,0.0069777896,0.0018610761,0.0,0.051317602,0.046857007
2113,0.0026466348,0.0,0.03672182,0.0069696093,0.002038999,0.0,0.05010258,0.04686364
2114,0.0027879293,0.0,0.03645929,0.0069608805,0.002052365,0.0,0.049848393,0.0468691
2115,0.0028283189,0.0,0.03736522,0.0069514182,0.0019255757,0.0,0.04858315,0.046873692
2116,0.002716347,0.0,0.036101095,0.006941405,0.0019938622,0.0,0.04920649,0.046876725
2117,0.0027981238,0.0,0.036782783,0.006930699,0.0020845563,0.0,0.04835395,0.04687751
2118,0.0026053032,0.0,0.036715157,0.00691931,0.0019586533,0.0,0.05245297,0.04687746
2119,0.0025966796,0.0,0.03718833,0.0069077625,0.0019323532,0.0,0.048857767,0.046876997
2120,0.0026356976,0.0,0.03760565,0.0068972944,0.0019200414,0.0,0.0494214,0.0468747
2121,0.0027591432,0.0,0.03655622,0.0068868846,0.0019048663,0.0,0.047473993,0.046873234
2122,0.0026061719,0.0,0.036865022,0.0068768156,0.0020528291,0.0,0.051215097,0.046871405
2123,0.002776877,0.0,0.037392233,0.006866904,0.0019135914,0.0,0.049464542,0.04686625
2124,0.002757818,0.0,0.036317516,0.0068566287,0.002015685,0.0,0.05116905,0.0468623
2125,0.0027742262,0.0,0.03748405,0.0068458654,0.001947328,0.0,0.050607048,0.046856582
2126,0.0026487068,0.0,0.037785254,0.0068345396,0.001915862,0.0,0.04949296,0.046847593
2127,0.0027060292,0.0,0.037282676,0.006823178,0.001945216,0.0,0.050340775,0.04683964
2128,0.0026982257,0.0,0.037635677,0.0068126065,0.0019927546,0.0,0.047334906,0.046832263
2129,0.0028869926,0.0,0.03662606,0.0068031037,0.002065863,0.0,0.04893915,0.046825536
2130,0.0028021652,0.0,0.036234356,0.0067937775,0.0019652913,0.0,0.05182999,0.04681855
2131,0.002768394,0.0,0.037165657,0.00678463,0.0019603535,0.0,0.05041376,0.046812017
2132,0.002710478,0.0,0.03720532,0.0067752553,0.0020436863,0.0,0.050385527,0.046807118
2133,0.0027357892,0.0,0.03735973,0.0067656077,0.0021646207,0.0,0.050669644,0.046802234
2134,0.0026957253,0.0,0.036511082,0.006755536,0.0019962166,0.0,0.048449937,0.04680045
2135,0.0027095485,0.0,0.037634786,0.006745015,0.0020631452,0.0,0.049225178,0.04680072
2136,0.0026238426,0.0,0.036053427,0.0067340545,0.0021320998,0.0,0.049915098,0.046800625
2137,0.00260037,0.0,0.036120106,0.006722948,0.0020242392,0.0,0.048809692,0.04680108
2138,0.002551889,0.0,0.036773577,0.0067114425,0.002055808,0.0,0.05043874,0.046801277
2139,0.0026825557,0.0,0.03777237,0.0067045735,0.0019970858,0.0,0.052553333,0.04680101
2140,0.0027174016,0.0,0.037087526,0.0067002787,0.0019522235,0.0,0.049173735,0.04680071
2141,0.0026254859,0.0,0.037346605,0.0066990857,0.0020923137,0.0,0.049334917,0.04679754
2142,0.0026216165,0.0,0.036940396,0.0066992384,0.002038003,0.0,0.05211006,0.046793435
2143,0.0029024328,0.0,0.036815364,0.0066998373,0.0020279733,0.0,0.049807485,0.046788804
2144,0.002798327,0.0,0.036605056,0.006700424,0.00224019,0.0,0.051349796,0.04678521
2145,0.0027432973,0.0,0.037357666,0.00670038,0.0020469339,0.0,0.050071117,0.046782468
2146,0.0028765663,0.0,0.036562737,0.0067004566,0.0020724866,0.0,0.04857278,0.04677965
2147,0.0026251571,0.0,0.03616093,0.006699672,0.0021390081,0.0,0.050439104,0.046775375
2148,0.002833762,0.0,0.03726343,0.0066979174,0.0020407124,0.0,0.049895436,0.046771944
2149,0.0027938548,0.0,0.037170332,0.0066954135,0.002463837,0.0,0.054656122,0.046769332
2150,0.002454801,0.0,0.03622198,0.0066925297,0.002295075,0.0,0.053151425,0.04677217
2151,0.0025202327,0.0,0.036859512,0.006688495,0.0025745486,0.0,0.054526716,0.04678028
2152,0.0028104496,0.0,0.036889426,0.0066854055,0.0020782908,0.0,0.049753767,0.046790928
2153,0.0028150785,0.0,0.03723604,0.006683316,0.0024133704,0.0,0.048839204,0.04679986
2154,0.002703157,0.0,0.03717494,0.006683706,0.002134719,0.0,0.051583387,0.046809837
2155,0.0028198247,0.0,0.036847886,0.00668578,0.0023004543,0.0,0.051679723,0.046820924
2156,0.0025354428,0.0,0.03753822,0.0066891406,0.0021928467,0.0,0.051992092,0.046834443
2157,0.0028210673,0.0,0.037961155,0.006692451,0.002373399,0.0,0.052253485,0.046848226
2158,0.0026541064,0.0,0.037008706,0.006695306,0.0021817433,0.0,0.04956007,0.04686518
2159,0.00292246,0.0,0.035902485,0.0066979076,0.0023575453,0.0,0.051830404,0.04687817
2160,0.0029853492,0.0,0.037075296,0.006702575,0.0021489684,0.0,0.050626174,0.046886977
2161,0.0026198786,0.0,0.036325336,0.006710367,0.0022764688,0.0,0.05125246,0.046897598
2162,0.0028872534,0.0,0.03763548,0.006718294,0.0019447403,0.0,0.049173355,0.046909496
2163,0.0027846927,0.0,0.036584996,0.0067261825,0.0021563247,0.0,0.050433442,0.046920907
2164,0.002798831,0.0,0.03720977,0.006733364,0.0020618076,0.0,0.05114657,0.04692839
2165,0.0026505208,0.0,0.03652095,0.006739231,0.0022056447,0.0,0.053300332,0.04693489
2166,0.0027989598,0.0,0.03757767,0.0067440667,0.0021816199,0.0,0.049046613,0.046939977
2167,0.002959265,0.0,0.037843075,0.0067471853,0.0019240478,0.0,0.050971203,0.046943545
2168,0.0029275173,0.0,0.03742666,0.0067484896,0.0020827753,0.0,0.04852205,0.046946023
2169,0.00280265,0.0,0.037559614,0.0067479983,0.0021828234,0.0,0.050703287,0.046948083
2170,0.002917496,0.0,0.03719033,0.0067457706,0.0021766855,0.0,0.04908352,0.046949375
2171,0.0028146277,0.0,0.037075132,0.006741906,0.0021283294,0.0,0.051323052,0.046950385
2172,0.0025766895,0.0,0.037236914,0.006738789,0.002086009,0.0,0.049814146,0.046952926
2173,0.0026738574,0.0,0.03759976,0.0067349086,0.0020705133,0.0,0.04910167,0.046956137
2174,0.0028856671,0.0,0.03622922,0.006734308,0.0021352225,0.0,0.050862584,0.04696012
2175,0.002750736,0.0,0.03752364,0.006734358,0.0022502441,0.0,0.05094219,0.04696296
2176,0.0026799971,0.0,0.03717973,0.0067343805,0.0022063276,0.0,0.053820394,0.046964616
2177,0.0029075984,0.0,0.037382055,0.0067338506,0.0022079954,0.0,0.05043373,0.046964426
2178,0.0029283122,0.0,0.037019778,0.0067324233,0.0023073761,0.0,0.050098438,0.04696379
2179,0.0028202902,0.0,0.036805797,0.006729892,0.0021965017,0.0,0.049692187,0.046962254
2180,0.0028784287,0.0,0.03692953,0.0067265793,0.002116955,0.0,0.048216272,0.0469598
2181,0.002741361,0.0,0.03674834,0.006724479,0.0023402702,0.0,0.050746925,0.04695557
2182,0.0027171106,0.0,0.036471892,0.006722678,0.0020981107,0.0,0.05100072,0.0469509
2183,0.0029150043,0.0,0.03561643,0.006720308,0.002035754,0.0,0.052316062,0.04694823
2184,0.002729984,0.0,0.037271563,0.0067178183,0.0021884174,0.0,0.04983507,0.04694481
2185,0.0028743756,0.0,0.036817525,0.0067150807,0.002078972,0.0,0.05042658,0.046940126
2186,0.0027395093,0.0,0.037131313,0.0067130644,0.002204044,0.0,0.050541926,0.046936423
2187,0.0028063208,0.0,0.03661739,0.0067105144,0.002017647,0.0,0.04947822,0.046933714
2188,0.0026028838,0.0,0.036972802,0.006707449,0.002089826,0.0,0.049868926,0.04692674
2189,0.002840614,0.0,0.037337773,0.0067035058,0.0019380051,0.0,0.04902398,0.04691888
2190,0.0028766145,0.0,0.03742098,0.0066991104,0.002025309,0.0,0.048326213,0.04691372
2191,0.0028054148,0.0,0.037425645,0.0066937814,0.0021043497,0.0,0.048739526,0.0469066
2192,0.0026384273,0.0,0.037092354,0.006688088,0.002118718,0.0,0.051902764,0.04689815
2193,0.002745919,0.0,0.03747635,0.0066817435,0.0020058516,0.0,0.05201335,0.046890944
2194,0.0025927406,0.0,0.03689145,0.0066755596,0.002032244,0.0,0.050433118,0.046886463
2195,0.0026382178,0.0,0.03656169,0.00666871,0.0020693303,0.0,0.047948536,0.046883292
2196,0.0027475914,0.0,0.03716661,0.0066611543,0.0020488417,0.0,0.051350277,0.046879254
2197,0.002696241,0.0,0.03751328,0.0066531473,0.0020346064,0.0,0.050148375,0.046876874
2198,0.0027193816,0.0,0.037647657,0.0066451253,0.002154216,0.0,0.048702136,0.046874724
2199,0.0026742562,0.0,0.03668601,0.0066366345,0.0020624553,0.0,0.051783815,0.04687323
2200,0.002789709,0.0,0.03695171,0.006628369,0.002024668,0.0,0.052043207,0.0468696
2201,0.002512713,0.0,0.038299296,0.006637973,0.0019920415,0.0,0.053280663,0.046867475
2202,0.002697236,0.0,0.038138095,0.0066653965,0.0020674944,0.0,0.051221043,0.04686324
2203,0.00273352,0.0,0.037202336,0.006704677,0.0019985065,0.0,0.048872296,0.046858005
2204,0.0028227998,0.0,0.037181884,0.00675172,0.0019457189,0.0,0.04916374,0.046851203
2205,0.0028603927,0.0,0.037367154,0.0068025235,0.0018733529,0.0,0.050624046,0.04684683
2206,0.0026574533,0.0,0.036511526,0.0068542757,0.001992056,0.0,0.048837245,0.046843555
2207,0.0028640418,0.0,0.03680291,0.006905698,0.0020573,0.0,0.050826166,0.046839118
2208,0.0028857624,0.0,0.03728846,0.0069598877,0.0021667688,0.0,0.049138553,0.046834726
2209,0.0027189255,0.0,0.036734432,0.0070124995,0.0020650378,0.0,0.051737446,0.046832442
2210,0.00294307,0.0,0.038326494,0.007061893,0.0020723303,0.0,0.049766716,0.046827715
2211,0.002738886,0.0,0.036327526,0.007108212,0.0020325244,0.0,0.050387707,0.046820678
2212,0.002549416,0.0,0.03730762,0.0071514673,0.0020272534,0.0,0.051411677,0.04681469
2213,0.0026855979,0.0,0.036696367,0.0071930694,0.0019538924,0.0,0.0504616,0.046807352
2214,0.0028192725,0.0,0.037920207,0.0072308574,0.001998415,0.0,0.04933246,0.04679967
2215,0.002709459,0.0,0.037133336,0.0072648185,0.001964729,0.0,0.05196317,0.046793733
2216,0.002650547,0.0,0.03864026,0.0072950735,0.00222046,0.0,0.04899208,0.046787526
2217,0.0031705403,0.0,0.037318558,0.007339162,0.002134388,0.0,0.052495092,0.046781886
2218,0.0027651861,0.0,0.036958016,0.007394185,0.0020101552,0.0,0.05061765,0.046776533
2219,0.0027936264,0.0,0.037135225,0.00745599,0.0021383758,0.0,0.051152054,0.04677535
2220,0.0027657936,0.0,0.03700348,0.007520676,0.0020673955,0.0,0.05253338,0.046777245
2221,0.0028176056,0.0,0.03761434,0.00758542,0.0020825113,0.0,0.049174167,0.046778817
2222,0.0026995812,0.0,0.03788329,0.0076495656,0.0020098058,0.0,0.049821954,0.04678197
2223,0.0027994462,0.0,0.036805376,0.0077102454,0.0021115213,0.0,0.050541274,0.046787072
2224,0.0028438317,0.0,0.036838986,0.007782541,0.0020046595,0.0,0.050334033,0.046790484
2225,0.0026722327,0.0,0.036891673,0.007861647,0.0019201157,0.0,0.050465837,0.046792656
2226,0.0027169213,0.0,0.03649467,0.007942701,0.0019947682,0.0,0.051003,0.046795152
2227,0.0025965539,0.0,0.038021978,0.00802215,0.0021104764,0.0,0.047992725,0.046797182
2228,0.0028645312,0.0,0.037639562,0.008098038,0.0021411087,0.0,0.05212774,0.046801083
2229,0.002746576,0.0,0.03716908,0.008168508,0.0020474696,0.0,0.048388813,0.04680704
2230,0.0029061907,0.0,0.03780271,0.008233215,0.0020698684,0.0,0.051076632,0.046810366
2231,0.0026504109,0.0,0.03753404,0.008290712,0.0019783517,0.0,0.050425623,0.046815377
2232,0.0030421976,0.0,0.037228573,0.008340564,0.0019916266,0.0,0.05110379,0.04681999
2233,0.0025484492,0.0,0.036935586,0.008382921,0.0019407689,0.0,0.048974864,0.046823725
2234,0.0027149539,0.0,0.036323044,0.00841782,0.0020391783,0.0,0.049652945,0.046826564
2235,0.0029766376,0.0,0.03757868,0.008445547,0.0020196273,0.0,0.04944389,0.046831824
2236,0.0027001654,0.0,0.036349554,0.008466338,0.002067434,0.0,0.050133094,0.04683664
2237,0.0026528428,0.0,0.036871657,0.008480977,0.0019191819,0.0,0.05106502,0.046842575
2238,0.0029047797,0.0,0.037065007,0.008489633,0.0020666933,0.0,0.05001914,0.046848208
2239,0.0027109378,0.0,0.03690017,0.008492702,0.0019184154,0.0,0.047834136,0.046855778
2240,0.0028119606,0.0,0.03761595,0.00849058,0.002127138,0.0,0.048911512,0.046861675
2241,0.0027991964,0.0,0.03675543,0.008483722,0.0020129203,0.0,0.048792694,0.04686669
2242,0.002900847,0.0,0.037150223,0.008472556,0.0020932893,0.0,0.05275401,0.04686897
2243,0.0028293924,0.0,0.03722651,0.008457543,0.0019900287,0.0,0.051866602,0.04686882
2244,0.002986102,0.0,0.036971666,0.008439358,0.002284145,0.0,0.050064106,0.046870813
2245,0.0030932436,0.0,0.037669405,0.008418506,0.001956951,0.0,0.04807707,0.04687373
2246,0.0027963135,0.0,0.037661344,0.008395239,0.0021703253,0.0,0.051043592,0.046874568
2247,0.0027090583,0.0,0.037603904,0.00836981,0.00198988,0.0,0.050608072,0.046877038
2248,0.0029181978,0.0,0.037089117,0.008342625,0.0018978444,0.0,0.04883873,0.046880797
2249,0.0029289145,0.0,0.03618411,0.008314035,0.0020860732,0.0,0.0497345,0.046884485
2250,0.0027665654,0.0,0.03791654,0.008284691,0.0019457353,0.0,0.04928061,0.046887066
2251,0.0028131858,0.0,0.03644291,0.00825664,0.0019952406,0.0,0.049576662,0.046887103
2252,0.0028153467,0.0,0.03766323,0.008229678,0.0018844398,0.0,0.049169287,0.04688596
2253,0.0028382863,0.0,0.03684548,0.008203168,0.0020187506,0.0,0.04963296,0.04688457
2254,0.002721548,0.0,0.037678696,0.008176937,0.0020003503,0.0,0.049532827,0.04688194
2255,0.002857782,0.0,0.037180115,0.008151613,0.0020335554,0.0,0.050144337,0.0468783
2256,0.0027866103,0.0,0.036814548,0.008126694,0.0019590235,0.0,0.047908965,0.046877544
2257,0.00259806,0.0,0.037759572,0.008101752,0.0020716165,0.0,0.04960928,0.046873853
2258,0.0024982363,0.0,0.0376429,0.008076498,0.0018869998,0.0,0.05184238,0.046870664
2259,0.0027345456,0.0,0.035829768,0.008050775,0.0020225074,0.0,0.04993227,0.04686947
2260,0.0028447844,0.0,0.036633328,0.008024485,0.0019111594,0.0,0.050734438,0.046869982
2261,0.002530472,0.0,0.03728493,0.007997605,0.0019060457,0.0,0.049638018,0.046872348
2262,0.0026910792,0.0,0.036778085,0.0079701645,0.001973144,0.0,0.05008511,0.0468731
2263,0.002729344,0.0,0.037645314,0.007942262,0.0020660916,0.0,0.049334962,0.046874408
2264,0.002688567,0.0,0.037391804,0.007913965,0.0019156518,0.0,0.053289525,0.04687466
2265,0.0025827333,0.0,0.037015416,0.007885348,0.0020438721,0.0,0.05050769,0.04687426
2266,0.002741542,0.0,0.036412988,0.007856501,0.0019672955,0.0,0.05204924,0.046876755
2267,0.0026948065,0.0,0.037203114,0.007827468,0.0019657437,0.0,0.050525103,0.04687699
2268,0.0026357886,0.0,0.03709799,0.007804588,0.0018957064,0.0,0.05093125,0.046875976
2269,0.0028221915,0.0,0.037246805,0.0077857133,0.0019555015,0.0,0.05086368,0.046875298
2270,0.0027978066,0.0,0.036130343,0.007772442,0.0020042446,0.0,0.048993513,0.046873696
2271,0.0027029202,0.0,0.037056632,0.0077619753,0.0019009757,0.0,0.048922513,0.046871156
2272,0.0027188363,0.0,0.03656862,0.007753008,0.00204246,0.0,0.04892147,0.046868496
2273,0.0027291768,0.0,0.036764517,0.0077445162,0.0019406558,0.0,0.050357904,0.046864428
2274,0.0028657443,0.0,0.038068958,0.007736289,0.0019274784,0.0,0.051180776,0.0468583
2275,0.002815194,0.0,0.036334787,0.007728211,0.0019102219,0.0,0.050068744,0.046856247
2276,0.00262831,0.0,0.038603403,0.0077195074,0.0019456551,0.0,0.049842913,0.046858158
2277,0.0024249833,0.0,0.037887827,0.0077096163,0.0020056013,0.0,0.049075637,0.046859913
2278,0.0027189425,0.0,0.037094083,0.0076990295,0.0019967342,0.0,0.051480453,0.04686087
2279,0.0027105415,0.0,0.03620211,0.007687138,0.002064403,0.0,0.050081503,0.04686074
2280,0.0027992027,0.0,0.037130594,0.0076738684,0.002072748,0.0,0.049405478,0.04686265
2281,0.0026895984,0.0,0.036600847,0.0076594884,0.0019887423,0.0,0.048832938,0.046862938
2282,0.0026296491,0.0,0.03706002,0.007643841,0.0019629875,0.0,0.052488245,0.046862286
2283,0.0026012668,0.0,0.036525425,0.0076270048,0.002036987,0.0,0.050302226,0.046862956
2284,0.0027483124,0.0,0.036762398,0.0076090903,0.0019807771,0.0,0.04816522,0.046866484
2285,0.0027226552,0.0,0.03704746,0.007590215,0.0020045661,0.0,0.04930063,0.04687052
2286,0.002817192,0.0,0.03824281,0.0075713582,0.0019786118,0.0,0.048455387,0.046874035
2287,0.0027140328,0.0,0.03654098,0.0075520743,0.0021028505,0.0,0.05010743,0.04687656
2288,0.0027926539,0.0,0.036457848,0.0075374106,0.002065399,0.0,0.05200491,0.04688058
2289,0.0027431706,0.0,0.03737834,0.007524846,0.002123728,0.0,0.05028472,0.046887644
2290,0.0026116217,0.0,0.037768755,0.007515236,0.0020701638,0.0,0.046604935,0.046895072
2291,0.0027891917,0.0,0.036957845,0.0075072707,0.0021525396,0.0,0.049518563,0.04690064
2292,0.0029024398,0.0,0.037655596,0.0075005693,0.0020437697,0.0,0.049444426,0.046902813
2293,0.0026084722,0.0,0.03640973,0.007513335,0.0021735688,0.0,0.05150039,0.046902437
2294,0.002820748,0.0,0.03742921,0.0075385724,0.002021276,0.0,0.05278851,0.046903625
2295,0.0025855992,0.0,0.036870863,0.007572104,0.0022079307,0.0,0.050233074,0.046901893
2296,0.002836546,0.0,0.037024222,0.0076105497,0.0020304737,0.0,0.051529057,0.046902
2297,0.0027799725,0.0,0.036882013,0.0076504597,0.0021784466,0.0,0.049936242,0.046902403
2298,0.002757236,0.0,0.037726857,0.00768959,0.0020334006,0.0,0.048759498,0.04690094
2299,0.00294207,0.0,0.036413826,0.007726947,0.0021948486,0.0,0.048207205,0.04689978
2300,0.0026937367,0.0,0.037085902,0.007761295,0.002100129,0.0,0.048732273,0.04690113
2301,0.0025660882,0.0,0.03730589,0.007792092,0.0021276705,0.0,0.05011276,0.04690401
2302,0.0026595865,0.0,0.037658844,0.0078187715,0.0020621417,0.0,0.051560577,0.046906777
2303,0.0027082423,0.0,0.037343487,0.00784112,0.0021419153,0.0,0.050825413,0.046911642
2304,0.0027574566,0.0,0.036623295,0.00785933,0.0020530382,0.0,0.04814466,0.046913974
2305,0.0026407323,0.0,0.03673357,0.007873284,0.0020393818,0.0,0.049224347,0.04691539
2306,0.002753685,0.0,0.03720681,0.007883093,0.0022169258,0.0,0.048391383,0.046914708
2307,0.0026400166,0.0,0.036820672,0.007888953,0.0022247569,0.0,0.0506165,0.04691486
2308,0.0027500084,0.0,0.037293617,0.0078912135,0.0022813338,0.0,0.048323855,0.046916105
2309,0.0027315065,0.0,0.03757694,0.0078900065,0.0022197783,0.0,0.04950898,0.046915516
2310,0.0024654795,0.0,0.03751433,0.007885676,0.002212786,0.0,0.051956087,0.046913907
2311,0.0026427107,0.0,0.03594691,0.007879608,0.0020822494,0.0,0.04942046,0.046914767
2312,0.0027656648,0.0,0.037061345,0.007871325,0.002591237,0.0,0.050381202,0.046915412
2313,0.0027634092,0.0,0.03629905,0.007860838,0.002255719,0.0,0.05080969,0.046917096
2314,0.0026370883,0.0,0.037869122,0.0078482805,0.0021548737,0.0,0.04933346,0.04691894
2315,0.0027121818,0.0,0.036294762,0.007835312,0.0022661088,0.0,0.05318174,0.046919744
2316,0.0028552609,0.0,0.03729004,0.007821697,0.0020875523,0.0,0.04974304,0.046920713
2317,0.0027950178,0.0,0.037089296,0.0078070224,0.0021423318,0.0,0.049907487,0.046919588
2318,0.00273428,0.0,0.037916996,0.0077912672,0.0021145702,0.0,0.048342578,0.046919692
2319,0.0027711086,0.0,0.0372149,0.007774367,0.002081081,0.0,0.054137077,0.046917986
2320,0.0029119842,0.0,0.037341285,0.0077563836,0.001992422,0.0,0.050357882,0.04692082
2321,0.0026429952,0.0,0.036807455,0.007739326,0.0020941738,0.0,0.049729537,0.046920437
2322,0.0026273227,0.0,0.036955424,0.007723635,0.0020309319,0.0,0.050093736,0.046919763
2323,0.002713794,0.0,0.03689466,0.0077076117,0.0021410221,0.0,0.05121446,0.046921685
2324,0.0026980848,0.0,0.03687017,0.0076916344,0.0020956364,0.0,0.05112621,0.04692391
2325,0.0028780082,0.0,0.036186375,0.007679886,0.0019434976,0.0,0.047072493,0.04692748
2326,0.0027954662,0.0,0.03653365,0.0076748417,0.0021287312,0.0,0.04885942,0.046929676
2327,0.0027276804,0.0,0.03670453,0.0076742107,0.0020340753,0.0,0.049349822,0.046932522
2328,0.0026715437,0.0,0.037793525,0.007676255,0.0020944534,0.0,0.051163584,0.046932943
2329,0.003020441,0.0,0.036905363,0.0076795015,0.0021223295,0.0,0.0507853,0.04693336
2330,0.0028001764,0.0,0.037749194,0.0076829633,0.0020685073,0.0,0.05224855,0.046936195
2331,0.0027220114,0.0,0.037709083,0.007686131,0.0020498892,0.0,0.048576824,0.04693777
2332,0.002974514,0.0,0.037533585,0.007688357,0.0021155279,0.0,0.048991773,0.046938404
2333,0.003014643,0.0,0.037226666,0.0076891603,0.0019474181,0.0,0.049807068,0.04693695
2334,0.0027467401,0.0,0.03650891,0.007688406,0.0021893713,0.0,0.0485514,0.04693474
2335,0.002725017,0.0,0.037637193,0.007685876,0.0020115513,0.0,0.050065756,0.04693308
2336,0.002921757,0.0,0.037674442,0.007681441,0.0022698655,0.0,0.047530435,0.046929207
2337,0.00279038,0.0,0.036859933,0.007675065,0.0020606741,0.0,0.051560655,0.046923596
2338,0.002649653,0.0,0.036306802,0.007666862,0.002069088,0.0,0.051222816,0.046918876
2339,0.0027713487,0.0,0.037506193,0.007656849,0.0020035952,0.0,0.050618596,0.04691532
2340,0.0029477875,0.0,0.037321273,0.007645128,0.0019181848,0.0,0.048955966,0.046910223
2341,0.0027078802,0.0,0.037418652,0.007631825,0.0021551107,0.0,0.05165251,0.046905223
2342,0.002846813,0.0,0.03771637,0.0076171164,0.0020327324,0.0,0.049319036,0.04690116
2343,0.0025422128,0.0,0.037381504,0.0076023485,0.0021785388,0.0,0.0508303,0.046898097
2344,0.0027439923,0.0,0.037402354,0.0075868117,0.0019979158,0.0,0.049504012,0.04689631
2345,0.0027664965,0.0,0.038175035,0.0075713056,0.0020001447,0.0,0.048061293,0.046894327
2346,0.0025160087,0.0,0.037688244,0.0075561926,0.0020730214,0.0,0.049922965,0.046891987
2347,0.0026431559,0.0,0.03713817,0.00754119,0.0019678564,0.0,0.048779305,0.046887826
2348,0.0026854163,0.0,0.03830427,0.007525788,0.0021677925,0.0,0.04863227,0.046884265
2349,0.0027890534,0.0,0.03755506,0.007510221,0.0021116282,0.0,0.052254517,0.04688013
2350,0.0025903378,0.0,0.036859244,0.0074940724,0.002050241,0.0,0.050739463,0.046875767
2351,0.0028989946,0.0,0.037340306,0.0074821534,0.0020978844,0.0,0.049136374,0.046871867
2352,0.0026221906,0.0,0.03729219,0.0074760513,0.0020480738,0.0,0.04827553,0.046867985
2353,0.0028493816,0.0,0.03722773,0.0074734436,0.0020212804,0.0,0.04952607,0.04686174
2354,0.0027075016,0.0,0.03695467,0.0074726916,0.0019317316,0.0,0.05202743,0.04685547
2355,0.002636683,0.0,0.03784272,0.0074908645,0.001973127,0.0,0.05032105,0.046849813
2356,0.0025739495,0.0,0.037024546,0.0075152395,0.0021822457,0.0,0.050966643,0.04684664
2357,0.0026214211,0.0,0.037105273,0.0075427704,0.0019118369,0.0,0.05165302,0.04684215
2358,0.002632983,0.0,0.037188914,0.007571145,0.0020489804,0.0,0.049502436,0.046839196
2359,0.00262364,0.0,0.037468795,0.007598759,0.0019863418,0.0,0.048399806,0.04683775
2360,0.0025884158,0.0,0.037687644,0.0076325177,0.0021478718,0.0,0.04921247,0.046836026
2361,0.002888897,0.0,0.035617046,0.007666589,0.0019170572,0.0,0.053208996,0.04683549
2362,0.0027477418,0.0,0.03677458,0.007699267,0.0021498299,0.0,0.05106029,0.046834487
2363,0.0026645318,0.0,0.03733871,0.007729388,0.0020441136,0.0,0.049571685,0.04683495
2364,0.0027641482,0.0,0.037680633,0.0077561582,0.0020912907,0.0,0.049803928,0.046833877
2365,0.0029564523,0.0,0.037907965,0.007779176,0.002079205,0.0,0.050693132,0.04683324
2366,0.0025900453,0.0,0.037334576,0.007798125,0.00198747,0.0,0.050272208,0.046832856
2367,0.0027320744,0.0,0.036289267,0.007812877,0.0021883158,0.0,0.050110824,0.04683149
2368,0.0026231522,0.0,0.03782994,0.007824206,0.0021378903,0.0,0.053042244,0.046829537
2369,0.0027723797,0.0,0.03688413,0.007831648,0.0021646454,0.0,0.048993517,0.04682782
2370,0.0029423775,0.0,0.03737269,0.007835698,0.0020464133,0.0,0.051310286,0.046826042
2371,0.002586441,0.0,0.0372868,0.007836267,0.0019237741,0.0,0.050986256,0.046823524
2372,0.0026228037,0.0,0.03658065,0.0078335535,0.0021082696,0.0,0.049509868,0.046819948
2373,0.002691833,0.0,0.037716936,0.007827763,0.0021903212,0.0,0.048659775,0.046814512
2374,0.002685818,0.0,0.0369111,0.007819147,0.002034605,0.0,0.046978544,0.04680802
2375,0.002770375,0.0,0.0364433,0.007807974,0.0020482587,0.0,0.049153905,0.04680049
2376,0.0028284902,0.0,0.037053112,0.0077945166,0.0019614848,0.0,0.04995583,0.046793528
2377,0.0027304282,0.0,0.036787204,0.007779136,0.0021994358,0.0,0.04953249,0.046786863
2378,0.0026463568,0.0,0.03757472,0.0077619827,0.0020242275,0.0,0.047149565,0.04678009
2379,0.0026658475,0.0,0.037458602,0.0077433027,0.0022445137,0.0,0.051746137,0.046774775
2380,0.0027174482,0.0,0.038204595,0.007723903,0.0019057818,0.0,0.04877836,0.04677299
2381,0.0027386723,0.0,0.037066005,0.0077035045,0.002167489,0.0,0.051078536,0.046770718
2382,0.0027856987,0.0,0.036262266,0.007682498,0.0019877453,0.0,0.05100683,0.046770234
2383,0.0025933818,0.0,0.037482794,0.007660763,0.0021250865,0.0,0.053243574,0.04677307
2384,0.0028547759,0.0,0.036676113,0.0076384502,0.0020456463,0.0,0.050409984,0.046777714
2385,0.0027423433,0.0,0.036744308,0.0076165837,0.0022641902,0.0,0.05374734,0.046784088
2386,0.0028067648,0.0,0.03677613,0.007594517,0.0019810975,0.0,0.052201483,0.046787385
2387,0.002794423,0.0,0.036929514,0.007573183,0.0021969627,0.0,0.048039373,0.046788555
2388,0.002634172,0.0,0.03684876,0.0075518508,0.002071027,0.0,0.049684044,0.046788517
2389,0.002725483,0.0,0.03739202,0.0075304178,0.0021285263,0.0,0.04802898,0.046790637
2390,0.002511489,0.0,0.03727166,0.0075088465,0.0020440547,0.0,0.049705774,0.046790898
2391,0.0027141634,0.0,0.03724784,0.0074879276,0.002017839,0.0,0.050362524,0.046791106
2392,0.002727434,0.0,0.03662328,0.0074673914,0.0020399864,0.0,0.0521957,0.04679185
2393,0.002757959,0.0,0.03727265,0.0074468916,0.0021338186,0.0,0.048182625,0.046793733
2394,0.002955431,0.0,0.036803838,0.007426896,0.0020217441,0.0,0.050771024,0.046793815
2395,0.0028220976,0.0,0.03658836,0.0074069276,0.0020780035,0.0,0.05184883,0.04679471
2396,0.002627282,0.0,0.036196638,0.0073869047,0.0019057124,0.0,0.050473556,0.04679724
2397,0.0025003762,0.0,0.037261173,0.007366775,0.0020072688,0.0,0.05072434,0.04680089
2398,0.0027131634,0.0,0.03732389,0.0073471596,0.0019669614,0.0,0.052207466,0.04680352
2399,0.0026949092,0.0,0.037242867,0.0073275254,0.001944041,0.0,0.048404854,0.04680678
2400,0.002791574,0.0,0.037460614,0.0073078214,0.0018787016,0.0,0.050362643,0.04680774
2401,0.0026081302,0.0,0.03651866,0.007288053,0.0019552063,0.0,0.05000821,0.046809595
2402,0.0027080788,0.0,0.037287593,0.007268251,0.002008089,0.0,0.052003577,0.046812974
2403,0.0029071474,0.0,0.03772387,0.0072483816,0.0018825067,0.0,0.048060633,0.046816092
2404,0.0026425305,0.0,0.036476772,0.0072286827,0.0020085657,0.0,0.051255208,0.0468227
2405,0.0027464107,0.0,0.036256842,0.007209431,0.0019346724,0.0,0.050070245,0.04682778
2406,0.0026515517,0.0,0.036912147,0.007190367,0.0019910971,0.0,0.04821,0.046834823
2407,0.0027785657,0.0,0.037443165,0.007171471,0.0018959806,0.0,0.049308058,0.04684121
2408,0.0027097,0.0,0.036581982,0.007152771,0.001982156,0.0,0.05205537,0.046849895
2409,0.002593982,0.0,0.03784444,0.0071342005,0.0020370944,0.0,0.04891053,0.046857674
2410,0.0027843146,0.0,0.038345225,0.007116509,0.0018029354,0.0,0.0491147,0.0468643
2411,0.0028111807,0.0,0.036816504,0.007101951,0.0019093561,0.0,0.04953801,0.04686805
2412,0.002669063,0.0,0.037708018,0.0070919497,0.0019438463,0.0,0.051601935,0.046870068
2413,0.002516744,0.0,0.0363932,0.0070848083,0.00198464,0.0,0.05006156,0.04687165
2414,0.0026590033,0.0,0.036183953,0.0070791105,0.0019591379,0.0,0.05028345,0.04687415
2415,0.0026809608,0.0,0.03813189,0.0070744813,0.002089685,0.0,0.05183754,0.04687516
2416,0.0027392518,0.0,0.037911195,0.007069903,0.0018463095,0.0,0.047771994,0.046874564
2417,0.0026600442,0.0,0.036783963,0.007064761,0.002072737,0.0,0.050639987,0.04687396
2418,0.002601343,0.0,0.03734923,0.0070589418,0.0018759161,0.0,0.05175171,0.046873536
2419,0.0026706734,0.0,0.03619144,0.007052272,0.0020658255,0.0,0.05231246,0.046872273
2420,0.0028569787,0.0,0.037480865,0.00704465,0.0018416914,0.0,0.047771502,0.046870634
2421,0.0028295827,0.0,0.037546344,0.0070360606,0.0020393943,0.0,0.04868416,0.046868797
2422,0.0029855534,0.0,0.036506,0.007026742,0.0020755264,0.0,0.05127061,0.046867162
2423,0.0028849011,0.0,0.036591012,0.0070166416,0.0020264168,0.0,0.050049026,0.046869263
2424,0.002769857,0.0,0.0362081,0.007005991,0.0020387485,0.0,0.050416887,0.046874058
2425,0.0026134283,0.0,0.03693969,0.0069954055,0.0020784715,0.0,0.0493659,0.046877567
2426,0.002643835,0.0,0.037778024,0.0069845743,0.0019606862,0.0,0.049040016,0.046879992
2427,0.0028552413,0.0,0.037084755,0.006973577,0.0018883804,0.0,0.04795568,0.046880987
2428,0.0027684614,0.0,0.037278913,0.006962215,0.0018471286,0.0,0.052550394,0.04687971
2429,0.0027793318,0.0,0.037587017,0.0069505,0.0019029831,0.0,0.050642584,0.046877015
2430,0.0028338507,0.0,0.037100434,0.006938445,0.0020273763,0.0,0.050093055,0.046873722
2431,0.0029795612,0.0,0.037114214,0.006926233,0.0018904703,0.0,0.05126833,0.046873074
2432,0.0028428168,0.0,0.037717,0.006914074,0.0021102354,0.0,0.05025976,0.04687655
2433,0.0028259081,0.0,0.03706097,0.0069028344,0.0019007653,0.0,0.05083415,0.04688034
2434,0.0027946895,0.0,0.03646569,0.006892055,0.002003446,0.0,0.050385028,0.046882637
2435,0.002971845,0.0,0.036722172,0.006881454,0.0019187086,0.0,0.05182259,0.04688529
2436,0.0029675998,0.0,0.036985777,0.006871035,0.0019869807,0.0,0.050926764,0.046890385
2437,0.0029922095,0.0,0.03746252,0.0068624695,0.0019199182,0.0,0.051179808,0.046895243
2438,0.0027800456,0.0,0.037395157,0.006856973,0.0019935223,0.0,0.05133585,0.04690358
2439,0.002899434,0.0,0.036902767,0.0068527088,0.0018291959,0.0,0.05071591,0.046911202
2440,0.002635283,0.0,0.036916655,0.006849155,0.0019736525,0.0,0.052564938,0.046920624
2441,0.002966341,0.0,0.03695248,0.0068456605,0.0020167008,0.0,0.050209388,0.046932492
2442,0.0027746656,0.0,0.037142903,0.0068416484,0.0018217323,0.0,0.05087999,0.046944045
2443,0.002768862,0.0,0.03725737,0.006843324,0.0019902429,0.0,0.048215285,0.046955314
2444,0.0027253071,0.0,0.036385674,0.0068475124,0.0019652948,0.0,0.049529195,0.046962705
2445,0.0027198365,0.0,0.037920393,0.0068532014,0.0018426995,0.0,0.050226476,0.046966966
2446,0.0027702544,0.0,0.03737263,0.00686008,0.00200337,0.0,0.0502025,0.046967708
2447,0.0025761735,0.0,0.037661158,0.006866987,0.0020258923,0.0,0.049565554,0.046964094
2448,0.0026711563,0.0,0.037368566,0.0068731825,0.0019856906,0.0,0.05001745,0.046958614
2449,0.0028016719,0.0,0.03718598,0.0068782466,0.0019083229,0.0,0.05024904,0.04695168
2450,0.00264924,0.0,0.03790701,0.0068818945,0.001875488,0.0,0.048548635,0.046945564
2451,0.002698797,0.0,0.037378617,0.006883982,0.0018593699,0.0,0.050165534,0.046938732
2452,0.002750176,0.0,0.037350394,0.0068848026,0.0019290574,0.0,0.050371323,0.046932988
2453,0.002873795,0.0,0.036413994,0.006884067,0.0019429058,0.0,0.04997898,0.04692733
2454,0.0026160274,0.0,0.03713803,0.0068818335,0.0017631656,0.0,0.050474502,0.046923097
2455,0.0026260943,0.0,0.03633519,0.0068781613,0.0018008754,0.0,0.05053613,0.046921372
2456,0.0027725566,0.0,0.03712903,0.006873149,0.0018100159,0.0,0.051350374,0.04692205
2457,0.002636171,0.0,0.03787566,0.0068672155,0.0018038601,0.0,0.04865028,0.046922553
2458,0.0026091577,0.0,0.037130285,0.0068605416,0.0019135686,0.0,0.04864889,0.046922747
2459,0.0028294292,0.0,0.037829,0.0068531153,0.0019378426,0.0,0.04993046,0.046920575
2460,0.002658891,0.0,0.036800947,0.006847894,0.0018906076,0.0,0.050079577,0.0469183
2461,0.0029271683,0.0,0.036827896,0.0068461807,0.0018322729,0.0,0.04992176,0.046916395
2462,0.0025614514,0.0,0.038085453,0.006846002,0.002021042,0.0,0.05183244,0.046916153
2463,0.0027551218,0.0,0.03701674,0.0068464885,0.0019292645,0.0,0.04975281,0.046916906
2464,0.0027702977,0.0,0.037129983,0.0068472335,0.0020142794,0.0,0.050558906,0.046916913
2465,0.0028094559,0.0,0.036895767,0.006849081,0.0019380728,0.0,0.050835695,0.046917643
2466,0.0028323068,0.0,0.03741772,0.0068508205,0.0018198311,0.0,0.05101394,0.046918835
2467,0.0026914882,0.0,0.03719264,0.0068527525,0.0018137275,0.0,0.048311535,0.046919357
2468,0.0026410879,0.0,0.03655531,0.00685437,0.0019521666,0.0,0.0486123,0.04691749
2469,0.0027419447,0.0,0.036472987,0.0068556806,0.001853516,0.0,0.048740227,0.046914045
2470,0.0027382856,0.0,0.03697572,0.0068568024,0.0019609004,0.0,0.049266387,0.04691238
2471,0.0028585996,0.0,0.037353158,0.0068587074,0.0020037584,0.0,0.04821257,0.046911765
2472,0.0026472644,0.0,0.03763411,0.0068600127,0.0019827154,0.0,0.049693063,0.046909936
2473,0.0027015933,0.0,0.037369378,0.006860907,0.0018633805,0.0,0.050340276,0.046909664
2474,0.0029165768,0.0,0.036822513,0.006861466,0.0020428514,0.0,0.05096021,0.04690891
2475,0.002701686,0.0,0.03680436,0.0068609794,0.002098572,0.0,0.048572104,0.04690872
2476,0.0026287336,0.0,0.03719716,0.00685962,0.0018678643,0.0,0.04984552,0.046906408
2477,0.0026832367,0.0,0.03756633,0.0068570874,0.001971979,0.0,0.04937211,0.046901133
2478,0.0026825285,0.0,0.036563087,0.0068534147,0.0018633698,0.0,0.0488794,0.046896182
2479,0.00247313,0.0,0.03679087,0.0068493723,0.001851507,0.0,0.050324418,0.046891753
2480,0.0028275533,0.0,0.037480876,0.0068442253,0.0019799303,0.0,0.049770985,0.04688823
2481,0.0027667768,0.0,0.036888584,0.0068381913,0.0019959311,0.0,0.050322738,0.046883736
2482,0.0028881328,0.0,0.03589721,0.0068337647,0.0020155166,0.0,0.049855273,0.046877574
2483,0.002476708,0.0,0.03691583,0.0068311784,0.0019500322,0.0,0.050031014,0.046873182
2484,0.002752844,0.0,0.0367735,0.0068285814,0.0020617205,0.0,0.05034083,0.046868227
2485,0.0027685044,0.0,0.037095938,0.0068259444,0.0020005663,0.0,0.05067098,0.04686474
2486,0.0027499148,0.0,0.036759563,0.006822622,0.0020684197,0.0,0.049131226,0.046864945
2487,0.0028308565,0.0,0.037000574,0.0068216664,0.0018776252,0.0,0.052342307,0.04686432
2488,0.0029548293,0.0,0.037116725,0.00682165,0.0019945838,0.0,0.050406467,0.046865042
2489,0.002620527,0.0,0.03770708,0.0068229605,0.0018653079,0.0,0.050378893,0.046866074
2490,0.0027203965,0.0,0.036467742,0.0068238988,0.0019385477,0.0,0.05115394,0.04686827
2491,0.0028156105,0.0,0.037702203,0.0068245325,0.0018659096,0.0,0.05116693,0.04687039
2492,0.002777255,0.0,0.036788877,0.006826915,0.001955828,0.0,0.051185265,0.04687351
2493,0.0028563142,0.0,0.036578283,0.0068294113,0.0020366854,0.0,0.05069427,0.04687616
2494,0.0027043724,0.0,0.035642862,0.0068314667,0.0019105923,0.0,0.049707446,0.04687765
2495,0.0026866188,0.0,0.037272524,0.0068325894,0.0021981562,0.0,0.05109911,0.04688001
2496,0.0026589565,0.0,0.038363792,0.006832482,0.0017921368,0.0,0.048662636,0.046884235
2497,0.002623917,0.0,0.03686056,0.0068310676,0.0020649354,0.0,0.050737653,0.046887103
2498,0.0026419158,0.0,0.037449207,0.006828211,0.0018793077,0.0,0.049103823,0.04688997
2499,0.0026267527,0.0,0.03747517,0.0068238964,0.0020429497,0.0,0.048572253,0.046892807
2500,0.0027133664,0.0,0.036966983,0.0068181804,0.0019295781,0.0,0.049529795,0.046896696
2501,0.0029314568,0.0,0.037222628,0.0068121036,0.0019635444,0.0,0.048301037,0.046900902
2502,0.0026721903,0.0,0.037421077,0.0068050283,0.0019379872,0.0,0.04904991,0.046905294
2503,0.0027771394,0.0,0.036954522,0.006805563,0.0021728335,0.0,0.050754514,0.046909478
2504,0.0027959612,0.0,0.03799372,0.006808904,0.0019293638,0.0,0.05037079,0.046915736
2505,0.0026707675,0.0,0.037609566,0.006813742,0.0019857173,0.0,0.049914513,0.04692007
2506,0.0027933146,0.0,0.03705636,0.006820024,0.001974685,0.0,0.0514208,0.04692254
2507,0.002817852,0.0,0.037652165,0.0068262233,0.001910765,0.0,0.05008731,0.046926685
2508,0.0027058423,0.0,0.037143584,0.00683174,0.0019063533,0.0,0.05110952,0.04693056
2509,0.0026505247,0.0,0.037214123,0.006836163,0.0019710152,0.0,0.04948476,0.046934802
2510,0.0027775033,0.0,0.03690659,0.0068392046,0.0019056315,0.0,0.048621517,0.046936754
2511,0.002718481,0.0,0.036395613,0.0068407054,0.0018897387,0.0,0.052130792,0.04693846
2512,0.0027610417,0.0,0.037093952,0.0068406053,0.0019533902,0.0,0.048925504,0.046939477
2513,0.0027418928,0.0,0.037543956,0.006838899,0.001814347,0.0,0.047541633,0.0469385
2514,0.0027559595,0.0,0.03794508,0.0068358527,0.002047366,0.0,0.051234007,0.046936013
2515,0.0029034899,0.0,0.036473338,0.0068315617,0.0019762798,0.0,0.052160673,0.046932742
2516,0.002745812,0.0,0.037501287,0.0068259756,0.001803806,0.0,0.050925866,0.046935573
2517,0.0027087298,0.0,0.037073158,0.006820188,0.0018961062,0.0,0.050217558,0.046939183
2518,0.0028103068,0.0,0.03719587,0.006813682,0.0019596315,0.0,0.048401386,0.046942744
2519,0.0026674662,0.0,0.037848473,0.0068063783,0.0018799779,0.0,0.04913133,0.04694666
2520,0.002738957,0.0,0.036260415,0.006798106,0.0018068135,0.0,0.050482377,0.046949092
2521,0.002760237,0.0,0.037535302,0.006789108,0.0019836733,0.0,0.05152537,0.04695279
2522,0.0025518565,0.0,0.036914833,0.0067793746,0.0019743945,0.0,0.04951224,0.046955016
2523,0.0028638782,0.0,0.03737081,0.006769008,0.001977683,0.0,0.049324967,0.04695689
2524,0.0025165062,0.0,0.036812432,0.0067711,0.0019041076,0.0,0.0502132,0.04695669
2525,0.0026841708,0.0,0.036947604,0.006784735,0.001842263,0.0,0.049243562,0.04695991
2526,0.0028271794,0.0,0.03771747,0.0068071233,0.0018446791,0.0,0.050195552,0.046962917
2527,0.002831374,0.0,0.03694403,0.006836444,0.0018858456,0.0,0.049370408,0.046965193
2528,0.002530992,0.0,0.036478676,0.006871265,0.0019097745,0.0,0.049129978,0.04696898
2529,0.0025885282,0.0,0.037134904,0.0069078025,0.0018541142,0.0,0.050122675,0.046972502
2530,0.0029212045,0.0,0.036309876,0.0069594434,0.0020288809,0.0,0.049726162,0.046976276
2531,0.0028457462,0.0,0.037464127,0.007017603,0.0019295263,0.0,0.048822016,0.046977855
2532,0.0026737768,0.0,0.037378885,0.0070784013,0.0019258946,0.0,0.051211156,0.04697855
2533,0.0028428982,0.0,0.037432242,0.0071446826,0.0019396106,0.0,0.0490329,0.046979513
2534,0.002596667,0.0,0.03641233,0.007210449,0.002130203,0.0,0.047522042,0.046977185
2535,0.002716052,0.0,0.036642816,0.007273952,0.001872277,0.0,0.050336037,0.04697415
2536,0.0026717226,0.0,0.036806498,0.0073341825,0.0020872608,0.0,0.048592,0.04697147
2537,0.0025517016,0.0,0.037266158,0.007389588,0.002015071,0.0,0.05008049,0.046969652
2538,0.002760818,0.0,0.03607928,0.007440302,0.0019891248,0.0,0.047470603,0.04696889
2539,0.0025577971,0.0,0.037798874,0.0074852128,0.0019972597,0.0,0.05112118,0.046968285
2540,0.0029237492,0.0,0.03680358,0.0075241593,0.0020127299,0.0,0.04927385,0.04696893
2541,0.0027930413,0.0,0.03639993,0.0075570494,0.0019587283,0.0,0.04925703,0.04696788
2542,0.0027205334,0.0,0.036411975,0.007583971,0.0019266031,0.0,0.051814303,0.046967927
2543,0.002879194,0.0,0.037087195,0.0076053417,0.0019252129,0.0,0.050547715,0.04696784
2544,0.0027775217,0.0,0.036475424,0.0076257335,0.0018337952,0.0,0.05069643,0.04696679
2545,0.0028376833,0.0,0.037274294,0.0076424917,0.0018840765,0.0,0.04946322,0.04696518
2546,0.0029862116,0.0,0.037098974,0.007655362,0.0019787156,0.0,0.05097512,0.04696253
2547,0.0025334423,0.0,0.03740286,0.007664857,0.0019042703,0.0,0.049259804,0.04695762
2548,0.002913556,0.0,0.036317196,0.007670564,0.0018258671,0.0,0.052007157,0.046953067
2549,0.0026395062,0.0,0.03652098,0.0076726126,0.0019478472,0.0,0.049392056,0.04695342
2550,0.0027298033,0.0,0.037291378,0.0076711895,0.0018801319,0.0,0.05090041,0.046950664
2551,0.0025272088,0.0,0.037117817,0.0076669194,0.0018538152,0.0,0.04938048,0.04694534
2552,0.002666706,0.0,0.037986677,0.007659832,0.0018744881,0.0,0.051156282,0.04694154
2553,0.0025066754,0.0,0.037903536,0.007650597,0.0019471876,0.0,0.049680065,0.046936553
2554,0.0026672177,0.0,0.03762079,0.007639126,0.0019268126,0.0,0.04931698,0.04693276
2555,0.0026134197,0.0,0.036031403,0.0076257475,0.001838889,0.0,0.050507154,0.04692922
2556,0.002771831,0.0,0.037381325,0.007613265,0.0020237255,0.0,0.050437603,0.046924964
2557,0.0027581612,0.0,0.037615128,0.0076005775,0.0018241701,0.0,0.05255165,0.04692253
2558,0.0027480284,0.0,0.036920298,0.0075871823,0.0017703183,0.0,0.05252343,0.046919204
2559,0.0025762157,0.0,0.03720975,0.00757283,0.0017971208,0.0,0.048688315,0.046916094
2560,0.002591634,0.0,0.037644632,0.007559059,0.0018530344,0.0,0.049777173,0.04691231
2561,0.00274431,0.0,0.036919486,0.0075463816,0.0018966029,0.0,0.0517619,0.046908908
2562,0.002664498,0.0,0.037260257,0.007533298,0.0018828765,0.0,0.050465513,0.04690619
2563,0.0025935166,0.0,0.037652045,0.007519678,0.0017844058,0.0,0.048143156,0.046902686
2564,0.0024945082,0.0,0.036418267,0.0075052045,0.0018102659,0.0,0.049575076,0.046898402
2565,0.0026591618,0.0,0.037310116,0.0074911565,0.0019747426,0.0,0.048463464,0.046895508
2566,0.0026779473,0.0,0.037623573,0.007476589,0.0018759844,0.0,0.04783679,0.046894092
2567,0.0026422506,0.0,0.03611765,0.0074615674,0.0019249213,0.0,0.050497055,0.046891745
2568,0.0025128971,0.0,0.03700029,0.0074459272,0.001944453,0.0,0.050613794,0.04688912
2569,0.002761843,0.0,0.036780614,0.0074295662,0.0018984072,0.0,0.04793655,0.04688501
2570,0.0026446057,0.0,0.037519258,0.007414796,0.0019760062,0.0,0.04895879,0.046882346
2571,0.0027289155,0.0,0.03657071,0.0074018217,0.0019358558,0.0,0.05188272,0.046878923
2572,0.002790888,0.0,0.037284464,0.0073897014,0.0018508025,0.0,0.04875825,0.046878986
2573,0.0025290463,0.0,0.036527008,0.0073818606,0.0019334368,0.0,0.051468678,0.04687794
2574,0.002836636,0.0,0.036155622,0.007375771,0.0018625568,0.0,0.051012266,0.046876933
2575,0.0027420481,0.0,0.03791167,0.00737083,0.001938912,0.0,0.048080534,0.046874788
2576,0.002735254,0.0,0.037279513,0.0073664766,0.0017809625,0.0,0.052900884,0.04687214
2577,0.0028657098,0.0,0.036476515,0.007361673,0.0018579285,0.0,0.048081297,0.04686927
2578,0.002782384,0.0,0.03738565,0.0073572104,0.0018432843,0.0,0.04793475,0.046865955
2579,0.0027049994,0.0,0.03662959,0.007351736,0.001856337,0.0,0.050519492,0.046862908
2580,0.002897551,0.0,0.037298318,0.0073449602,0.0018110933,0.0,0.04970861,0.04685892
2581,0.0027808235,0.0,0.037454166,0.0073382813,0.0018942908,0.0,0.049597263,0.046856806
2582,0.0026797445,0.0,0.03701516,0.007330642,0.0018261038,0.0,0.048549894,0.046853833
2583,0.0028303917,0.0,0.037382793,0.0073231244,0.001851143,0.0,0.04879082,0.046851452
2584,0.0028404545,0.0,0.037441216,0.0073148827,0.0019061943,0.0,0.04904372,0.046849113
2585,0.002850346,0.0,0.03682975,0.0073054577,0.0019747454,0.0,0.051437944,0.04684545
2586,0.0027697238,0.0,0.03666838,0.0072948257,0.001850379,0.0,0.04870964,0.046841335
2587,0.002728577,0.0,0.03675624,0.007286337,0.0018825884,0.0,0.049241222,0.046836574
2588,0.0027929246,0.0,0.037168734,0.0072789458,0.001821253,0.0,0.049443945,0.046832077
2589,0.0026948128,0.0,0.03800969,0.0072719455,0.001856924,0.0,0.050029393,0.046829212
2590,0.0026356191,0.0,0.037688907,0.007265237,0.001965074,0.0,0.048578545,0.046828732
2591,0.0025945473,0.0,0.03760249,0.0072581135,0.0018297175,0.0,0.047716994,0.046828136
2592,0.0027985706,0.0,0.037319,0.0072513423,0.0019529159,0.0,0.049975324,0.046823777
2593,0.002713146,0.0,0.037351735,0.007244007,0.001866901,0.0,0.051263373,0.046820134
2594,0.0027696188,0.0,0.03779433,0.007235848,0.0017885432,0.0,0.04849867,0.046818152
2595,0.0028317564,0.0,0.037974104,0.0072266976,0.0019583444,0.0,0.049199734,0.04681402
2596,0.0030293835,0.0,0.03672697,0.0072168126,0.0017920807,0.0,0.051245324,0.0468112
2597,0.0028253272,0.0,0.03602806,0.00721258,0.0018996206,0.0,0.050245933,0.046810057
2598,0.0028971755,0.0,0.036675204,0.0072097634,0.0018136186,0.0,0.050844766,0.046810564
2599,0.002692795,0.0,0.03627679,0.007207553,0.0019390769,0.0,0.047395628,0.046810996
2600,0.0025324272,0.0,0.037259832,0.0072055287,0.0018992752,0.0,0.04879146,0.046810973
2601,0.0027224293,0.0,0.036546003,0.007202968,0.0018418916,0.0,0.04884248,0.046812784
2602,0.0026267555,0.0,0.036352947,0.0071994746,0.0018512671,0.0,0.048682358,0.046812516
2603,0.0027867213,0.0,0.037792254,0.007194967,0.0017796233,0.0,0.047696717,0.046811543
2604,0.0026654238,0.0,0.037568912,0.0071898717,0.0019925365,0.0,0.053496648,0.04680904
2605,0.0028589456,0.0,0.03682573,0.0071835076,0.0017649325,0.0,0.049972933,0.046810772
2606,0.002769291,0.0,0.037760746,0.007176649,0.0018134684,0.0,0.049463425,0.046810597
2607,0.0027688576,0.0,0.036713418,0.007168776,0.0018132473,0.0,0.049650468,0.04681136
2608,0.0027408137,0.0,0.03671147,0.0071597993,0.0018348311,0.0,0.048618436,0.046813987
2609,0.0027185893,0.0,0.03813685,0.0071501997,0.0018834124,0.0,0.051715784,0.046815645
2610,0.0027147366,0.0,0.037551094,0.007139741,0.0018294348,0.0,0.046929903,0.046822026
2611,0.0028703753,0.0,0.0358897,0.007128708,0.0018934928,0.0,0.046858866,0.046826348
2612,0.0026785263,0.0,0.036871113,0.0071189315,0.0019546598,0.0,0.050082058,0.046830475
2613,0.0024314146,0.0,0.03619267,0.007109395,0.001914872,0.0,0.049686704,0.046836104
2614,0.002722956,0.0,0.03705803,0.007100373,0.0019886568,0.0,0.047441036,0.046840623
2615,0.0026362103,0.0,0.03715727,0.0070913513,0.0019392336,0.0,0.05113651,0.04684353
2616,0.002756092,0.0,0.03695415,0.007081737,0.0018944793,0.0,0.050756544,0.046843912
2617,0.0028201297,0.0,0.037705317,0.0070715463,0.0019321501,0.0,0.051179096,0.04684402
2618,0.002667627,0.0,0.03692346,0.007062031,0.0018408016,0.0,0.048391614,0.046843216
2619,0.0026988697,0.0,0.03762748,0.007052204,0.0019095982,0.0,0.052878056,0.04684097
2620,0.0026199254,0.0,0.037210327,0.007042098,0.0019271205,0.0,0.04923296,0.046836454
2621,0.002756104,0.0,0.035858314,0.007031445,0.001987801,0.0,0.048104372,0.046830915
2622,0.0026797226,0.0,0.036632746,0.007021119,0.0019885937,0.0,0.04944739,0.046825044
2623,0.0026254803,0.0,0.03697011,0.007010305,0.001967725,0.0,0.04928274,0.04681915
2624,0.0028825877,0.0,0.036814887,0.006998927,0.0019385254,0.0,0.046176456,0.046814427
2625,0.0024464517,0.0,0.037080515,0.0069869473,0.0019536882,0.0,0.048486527,0.046807565
2626,0.00290591,0.0,0.036527537,0.0069825295,0.0019742374,0.0,0.053279225,0.046801746
2627,0.0027736588,0.0,0.035958964,0.0069808825,0.0021385832,0.0,0.05146158,0.046799086
2628,0.0028768927,0.0,0.036458265,0.006980815,0.001905334,0.0,0.049233336,0.046798225
2629,0.0028049666,0.0,0.037046507,0.0069815833,0.0020938513,0.0,0.050083075,0.04679681
2630,0.0027698826,0.0,0.03673416,0.006982333,0.0020137324,0.0,0.04893747,0.046797432
2631,0.0027777557,0.0,0.037183676,0.006982546,0.0020902015,0.0,0.051676255,0.0467961
2632,0.0027850352,0.0,0.036054082,0.006981869,0.0019591192,0.0,0.051746562,0.046796624
2633,0.0026658226,0.0,0.03685212,0.006980073,0.001994878,0.0,0.050139267,0.046800688
2634,0.0027391133,0.0,0.03740549,0.0069776685,0.001994943,0.0,0.051321898,0.04680633
2635,0.0028104864,0.0,0.036591623,0.0069743,0.001977414,0.0,0.049200673,0.046813004
2636,0.0028401692,0.0,0.037609886,0.0069697388,0.0019897,0.0,0.050450653,0.046817794
2637,0.0029455617,0.0,0.03576843,0.0069639445,0.0019943805,0.0,0.04837872,0.04682189
2638,0.0027506088,0.0,0.037644558,0.0069569307,0.001993122,0.0,0.05062439,0.04682378
2639,0.002851228,0.0,0.03753383,0.0069486457,0.0021494206,0.0,0.049361486,0.04682516
2640,0.0027354478,0.0,0.037285965,0.0069394675,0.0020207546,0.0,0.048516147,0.04682508
2641,0.0027104444,0.0,0.036767945,0.006929326,0.0019708434,0.0,0.047995396,0.04682396
2642,0.0026165477,0.0,0.0364578,0.0069188504,0.0021633715,0.0,0.04808778,0.046822727
2643,0.0026365952,0.0,0.037116576,0.006908091,0.0020348495,0.0,0.04873108,0.046819802
2644,0.0028302972,0.0,0.03717272,0.006898075,0.0021396086,0.0,0.05027492,0.046815306
2645,0.003029351,0.0,0.037332043,0.0068886583,0.0020697273,0.0,0.049783006,0.046813358
2646,0.002638697,0.0,0.036573417,0.006879058,0.0020523965,0.0,0.050382897,0.046810016
2647,0.0028470187,0.0,0.037431233,0.006870094,0.0019763573,0.0,0.049775332,0.04680832
2648,0.0027777196,0.0,0.03728196,0.0068609356,0.0021396815,0.0,0.04874258,0.04680611
2649,0.0027912348,0.0,0.036684632,0.0068529816,0.0021698542,0.0,0.051018454,0.046806652
2650,0.0029636861,0.0,0.03747933,0.0068450114,0.002307328,0.0,0.04944199,0.046808474
2651,0.0029958794,0.0,0.036788393,0.0068367356,0.0020279682,0.0,0.050744552,0.046811923
2652,0.002694556,0.0,0.038150556,0.0068281656,0.002199167,0.0,0.052488472,0.046813495
2653,0.0027892468,0.0,0.037012093,0.0068222117,0.002142872,0.0,0.048716504,0.046819355
2654,0.0028079865,0.0,0.036412135,0.006816681,0.0019961789,0.0,0.050221227,0.046824213
2655,0.003133404,0.0,0.036927447,0.0068111415,0.0020078921,0.0,0.051245473,0.04682769
2656,0.0030255555,0.0,0.037921507,0.006805256,0.0019242255,0.0,0.047640912,0.046831224
2657,0.0028607945,0.0,0.037389316,0.006803364,0.0020762319,0.0,0.04926983,0.046831794
2658,0.0029701565,0.0,0.036415298,0.0068031834,0.0021042235,0.0,0.05148359,0.04683112
2659,0.0028848723,0.0,0.037542917,0.006811423,0.0020640444,0.0,0.052340485,0.046830483
2660,0.0028649212,0.0,0.03715132,0.0068230405,0.002087235,0.0,0.05038498,0.046832483
2661,0.0026516232,0.0,0.037044123,0.0068388637,0.001880268,0.0,0.04948841,0.046835653
2662,0.0030788276,0.0,0.036180265,0.0068556205,0.00207915,0.0,0.04939686,0.046839174
2663,0.0028388328,0.0,0.036056798,0.0068722856,0.001767726,0.0,0.05201733,0.046840157
2664,0.0028108817,0.0,0.03658982,0.006887953,0.0019228572,0.0,0.050929092,0.046842158
2665,0.002495536,0.0,0.037095476,0.006904365,0.0019993505,0.0,0.048777413,0.04684252
2666,0.0028989618,0.0,0.037560575,0.006920275,0.0019699791,0.0,0.050201558,0.046841316
2667,0.0029506444,0.0,0.03675545,0.006934703,0.0019677614,0.0,0.052892916,0.04683741
2668,0.002707641,0.0,0.037466235,0.0069470517,0.0018968867,0.0,0.04796186,0.046833802
2669,0.0026518987,0.0,0.03628946,0.006956891,0.0019151663,0.0,0.048458435,0.046830628
2670,0.0026992876,0.0,0.037705954,0.006964175,0.0018612156,0.0,0.04859315,0.0468261
2671,0.002667337,0.0,0.036738943,0.006970632,0.0019009087,0.0,0.05024286,0.046822518
2672,0.0027078954,0.0,0.03637983,0.006975551,0.001943856,0.0,0.048921213,0.046818625
2673,0.0026547404,0.0,0.036971554,0.0069803433,0.0019273775,0.0,0.05096958,0.0468129
2674,0.0027029957,0.0,0.037451766,0.00698402,0.001980414,0.0,0.053613402,0.046807036
2675,0.0028518825,0.0,0.03761553,0.0069861826,0.0018058661,0.0,0.051666114,0.046803292
2676,0.0027929365,0.0,0.036244396,0.0069865757,0.0017974209,0.0,0.05226567,0.04680016
2677,0.0029018007,0.0,0.037916146,0.006985361,0.0019334682,0.0,0.049230807,0.04679995
2678,0.0027911752,0.0,0.036553446,0.0069823544,0.0020219355,0.0,0.048234854,0.046798483
2679,0.0027007372,0.0,0.037282612,0.006977548,0.0019335762,0.0,0.050193794,0.046796363
2680,0.002830036,0.0,0.03703307,0.0069726454,0.0019947148,0.0,0.052764997,0.046793193
2681,0.002812407,0.0,0.03740936,0.0069668684,0.001922558,0.0,0.051046632,0.0467915
2682,0.0027156994,0.0,0.036556166,0.0069676167,0.001966336,0.0,0.04924777,0.046789832
2683,0.0028177036,0.0,0.036919355,0.0069748196,0.0020164363,0.0,0.04988238,0.046787895
2684,0.0027534675,0.0,0.038152162,0.0069856453,0.0018586832,0.0,0.049738564,0.046786558
2685,0.0026284177,0.0,0.03629804,0.0070180413,0.0020317943,0.0,0.04983591,0.046784587
2686,0.0028103082,0.0,0.038043402,0.0070575713,0.0018397502,0.0,0.050111268,0.04678138
2687,0.0026540558,0.0,0.03685231,0.007100753,0.0020312057,0.0,0.048832837,0.046778154
2688,0.0027653587,0.0,0.03818703,0.0071449815,0.0019313855,0.0,0.04871485,0.04677222
2689,0.002920451,0.0,0.03646678,0.0071903546,0.0019808677,0.0,0.0504898,0.04676745
2690,0.0028552443,0.0,0.036470197,0.007234282,0.00203878,0.0,0.048571747,0.04676293
2691,0.002811121,0.0,0.03828447,0.0072753816,0.0019070819,0.0,0.04769102,0.046759203
2692,0.0026576687,0.0,0.037287217,0.0073341513,0.0020202503,0.0,0.0492517,0.046756547
2693,0.0026059945,0.0,0.036864735,0.007409883,0.0021163875,0.0,0.04865732,0.046753615
2694,0.0027163024,0.0,0.03701247,0.00749544,0.0019652606,0.0,0.05082477,0.046751164
2695,0.0026032866,0.0,0.036400083,0.007585336,0.0020038541,0.0,0.04824704,0.046752278
2696,0.0028725357,0.0,0.03802443,0.0076754666,0.0020248028,0.0,0.05147542,0.046754226
2697,0.0028404852,0.0,0.03780526,0.0077628344,0.0019248023,0.0,0.046334837,0.04675578
2698,0.0027779893,0.0,0.03660083,0.007845293,0.0021277072,0.0,0.04717981,0.046754844
2699,0.002722251,0.0,0.038266487,0.00792141,0.0019723235,0.0,0.052351736,0.046755277
2700,0.0028697245,0.0,0.036977958,0.007990487,0.002035438,0.0,0.048925478,0.046758614
2701,0.002569429,0.0,0.037045818,0.008051844,0.00196307,0.0,0.05091436,0.04676061
2702,0.0026285572,0.0,0.037347708,0.008105297,0.0021001028,0.0,0.049790967,0.046763726
2703,0.002792579,0.0,0.036634613,0.008150875,0.0019775971,0.0,0.04858559,0.046764556
2704,0.0028351336,0.0,0.037091475,0.008188801,0.0020175476,0.0,0.04927114,0.04676643
2705,0.002655025,0.0,0.037168417,0.008219392,0.0020383373,0.0,0.04904053,0.046769954
2706,0.0026340042,0.0,0.03775887,0.008243168,0.0019874822,0.0,0.051661205,0.046774205
2707,0.0027875903,0.0,0.03794934,0.008260518,0.002042878,0.0,0.048689343,0.04677912
2708,0.0026672063,0.0,0.037101604,0.00827192,0.0019841653,0.0,0.049720008,0.046783887
2709,0.0027156929,0.0,0.037491888,0.0082778465,0.0018943123,0.0,0.047564343,0.046790056
2710,0.0026052033,0.0,0.03735958,0.008278782,0.002040825,0.0,0.052277017,0.0467942
2711,0.0026808076,0.0,0.0377292,0.0082752025,0.0018843164,0.0,0.05131795,0.046800885
2712,0.0027129313,0.0,0.03690009,0.008267696,0.0019675468,0.0,0.05272971,0.046810254
2713,0.0025501174,0.0,0.037123892,0.008259247,0.0019160187,0.0,0.05052983,0.046819873
2714,0.0027108034,0.0,0.037891902,0.008248598,0.0019510515,0.0,0.04804901,0.046829097
2715,0.0025777845,0.0,0.03720526,0.008236497,0.0020317521,0.0,0.052871816,0.046838365
2716,0.0025435563,0.0,0.037119564,0.008223778,0.0019668937,0.0,0.049560044,0.046849396
2717,0.0027575977,0.0,0.037415493,0.008209873,0.0020278487,0.0,0.052219834,0.04685855
2718,0.002723438,0.0,0.037325416,0.0081972405,0.002081878,0.0,0.051391266,0.046869185
2719,0.0026610766,0.0,0.037934322,0.008184089,0.0019400112,0.0,0.049042083,0.046880536
2720,0.0025836932,0.0,0.037620623,0.008170951,0.0021225372,0.0,0.04987096,0.046891082
2721,0.0026644105,0.0,0.038201485,0.00815689,0.001965001,0.0,0.048789,0.0469
2722,0.002720151,0.0,0.03784179,0.008141555,0.0020122817,0.0,0.05009749,0.046908554
2723,0.0028281535,0.0,0.03696579,0.008124723,0.0018915929,0.0,0.05179758,0.04691786
2724,0.0028428803,0.0,0.03718238,0.008106316,0.0019894028,0.0,0.05116849,0.046926305
2725,0.0026449903,0.0,0.036591936,0.008086346,0.0021422661,0.0,0.050068595,0.046932403
2726,0.0027536545,0.0,0.037194386,0.008065243,0.0021324768,0.0,0.05311304,0.046936754
2727,0.0028757902,0.0,0.036069646,0.008043187,0.0019050153,0.0,0.053713158,0.046937928
2728,0.0025467828,0.0,0.03726342,0.008020276,0.0018560489,0.0,0.05290107,0.0469397
2729,0.0026469454,0.0,0.03728466,0.007996536,0.0020605533,0.0,0.0483394,0.046941116
2730,0.0026886824,0.0,0.037145447,0.007972043,0.0020035405,0.0,0.050102755,0.046939824
2731,0.0026367423,0.0,0.036637705,0.007946874,0.0020476605,0.0,0.051875953,0.04694041
2732,0.0025955995,0.0,0.037048854,0.007922094,0.0019291538,0.0,0.048705332,0.04693941
2733,0.0024932274,0.0,0.03651801,0.007898055,0.0020678884,0.0,0.050158396,0.046936672
2734,0.002531231,0.0,0.036945954,0.007874259,0.00203628,0.0,0.050654244,0.04693342
2735,0.0026001725,0.0,0.037639428,0.007850716,0.0020164277,0.0,0.051933058,0.0469273
2736,0.0026709442,0.0,0.03622168,0.007826971,0.0018458975,0.0,0.050744098,0.04692204
2737,0.0027901141,0.0,0.03633558,0.0078032888,0.0022606226,0.0,0.049111072,0.04691455
2738,0.002826179,0.0,0.037179936,0.0077794637,0.0022212337,0.0,0.050350767,0.046909418
2739,0.0026824854,0.0,0.036932867,0.0077553065,0.0022482283,0.0,0.048304178,0.04690898
2740,0.0025739695,0.0,0.037195396,0.0077309352,0.0021366398,0.0,0.05282887,0.046905793
2741,0.0027276853,0.0,0.03704895,0.007709057,0.002086017,0.0,0.051503554,0.046902932
2742,0.0028391336,0.0,0.038588572,0.007689238,0.0021584074,0.0,0.05030182,0.046901803
2743,0.0026424732,0.0,0.037441373,0.0076710954,0.002099291,0.0,0.04909108,0.046902977
2744,0.0026393852,0.0,0.037211888,0.0076538865,0.0020239358,0.0,0.050803144,0.046904925
2745,0.0026628633,0.0,0.03588604,0.007637066,0.0021077346,0.0,0.051636487,0.0469053
2746,0.0028523456,0.0,0.03739822,0.007620222,0.0020166896,0.0,0.051082864,0.046906337
2747,0.0026246705,0.0,0.03834642,0.007603047,0.0020815542,0.0,0.050826237,0.046907306
2748,0.002746831,0.0,0.037134163,0.0075853174,0.0020771334,0.0,0.05123281,0.04690592
2749,0.0027448738,0.0,0.03688317,0.007568742,0.002019826,0.0,0.050397806,0.046903737
2750,0.0026862633,0.0,0.037924476,0.007552201,0.0020758868,0.0,0.05238517,0.04690333
2751,0.0027665212,0.0,0.03616674,0.0075356695,0.002175516,0.0,0.048870977,0.046905756
2752,0.0025788113,0.0,0.037005853,0.0075214766,0.0018548067,0.0,0.04941697,0.04690886
2753,0.002606777,0.0,0.0366194,0.007507863,0.0023542454,0.0,0.0492086,0.046913475
2754,0.0028594364,0.0,0.03597202,0.00749439,0.0019877923,0.0,0.05155271,0.04691574
2755,0.0028236648,0.0,0.037119556,0.0074814013,0.0019998427,0.0,0.051649366,0.046921413
2756,0.0028546245,0.0,0.037509084,0.00746816,0.0019757862,0.0,0.049759857,0.046929553
2757,0.0026565096,0.0,0.03734611,0.0074544437,0.002128323,0.0,0.05060823,0.04693774
2758,0.002691323,0.0,0.03759227,0.007440106,0.0019778037,0.0,0.049554173,0.04694479
2759,0.0028076505,0.0,0.037920013,0.0074250665,0.0021278253,0.0,0.051818978,0.04695067
2760,0.002820221,0.0,0.03626012,0.0074093044,0.0019655435,0.0,0.05081729,0.046958465
2761,0.0026487177,0.0,0.03775056,0.007392854,0.002156139,0.0,0.04861355,0.046963867
2762,0.002653852,0.0,0.036845814,0.0073757716,0.0019337209,0.0,0.051110696,0.046966992
2763,0.0026679104,0.0,0.037326083,0.007358517,0.0020140265,0.0,0.04969862,0.04697367
2764,0.0024264986,0.0,0.036848407,0.00734128,0.0020249207,0.0,0.05028959,0.046979133
2765,0.0027828976,0.0,0.037102416,0.0073248115,0.0019513485,0.0,0.051475246,0.046983667
2766,0.0027269234,0.0,0.03648327,0.007309163,0.0020356032,0.0,0.04869326,0.046987083
2767,0.0028516022,0.0,0.037294198,0.007293621,0.002068949,0.0,0.049577482,0.04698923
2768,0.0027719662,0.0,0.03802275,0.0072779963,0.0022464134,0.0,0.0479752,0.046989184
2769,0.0026360014,0.0,0.03638447,0.007262169,0.001968124,0.0,0.051465627,0.046987057
2770,0.002482895,0.0,0.03636849,0.0072463723,0.002121357,0.0,0.052912984,0.046986453
2771,0.0028124684,0.0,0.03602318,0.007230349,0.001985263,0.0,0.04913299,0.046987247
2772,0.0026651416,0.0,0.036925584,0.007214047,0.0021416931,0.0,0.052097797,0.046986934
2773,0.0026787475,0.0,0.03576086,0.0071973708,0.0020398446,0.0,0.04987437,0.046984743
2774,0.002949005,0.0,0.03689758,0.007180427,0.0019527065,0.0,0.05245044,0.04698333
2775,0.002882183,0.0,0.037530255,0.0071632536,0.0018811012,0.0,0.05034773,0.046982452
2776,0.0026271285,0.0,0.03690649,0.0071458793,0.0021528208,0.0,0.04923548,0.04698108
2777,0.0027355233,0.0,0.03721401,0.007128341,0.002170465,0.0,0.05040953,0.046979222
2778,0.0025931725,0.0,0.03737705,0.007110666,0.0019735135,0.0,0.051393043,0.04698001
2779,0.0027986353,0.0,0.03766286,0.0070935027,0.0020849407,0.0,0.04869876,0.046982285
2780,0.0026023637,0.0,0.037623968,0.0070785247,0.0019588755,0.0,0.049009208,0.046985526
2781,0.00273781,0.0,0.03618005,0.007064086,0.0019365865,0.0,0.051807832,0.046988092
2782,0.002560978,0.0,0.03647682,0.0070504234,0.0019140732,0.0,0.0503657,0.046993554
2783,0.0025978135,0.0,0.036699224,0.007037094,0.001995637,0.0,0.05004079,0.04699846
2784,0.0027249458,0.0,0.036460105,0.007023843,0.0018989398,0.0,0.051509652,0.047002874
2785,0.002493694,0.0,0.037469793,0.0070108133,0.0017549475,0.0,0.04749859,0.04700719
2786,0.0027789131,0.0,0.037241828,0.006997699,0.0020490338,0.0,0.048394386,0.047008593
2787,0.0027418742,0.0,0.037292548,0.0069846283,0.00204984,0.0,0.04831032,0.047009014
2788,0.0027615377,0.0,0.03724525,0.006971391,0.002035631,0.0,0.050935004,0.047006685
2789,0.002644283,0.0,0.036585767,0.0069579454,0.0019994357,0.0,0.04959233,0.047003638
2790,0.0025886062,0.0,0.03711217,0.006944851,0.0020696186,0.0,0.049194854,0.046998046
2791,0.00264709,0.0,0.038033694,0.006932684,0.002057583,0.0,0.052090786,0.04699273
2792,0.0026587916,0.0,0.036569994,0.006920877,0.0020956327,0.0,0.048926406,0.046986684
2793,0.0026896964,0.0,0.037208423,0.0069093145,0.00205237,0.0,0.053083707,0.04697776
2794,0.0027968965,0.0,0.037123017,0.0068978556,0.0019639493,0.0,0.047711696,0.046969786
2795,0.002731424,0.0,0.036498733,0.0068879826,0.0019399129,0.0,0.050730977,0.04696246
2796,0.0024217207,0.0,0.037105016,0.006879847,0.0021616747,0.0,0.049897216,0.046955865
2797,0.0026247485,0.0,0.036448527,0.0068730596,0.0018319519,0.0,0.049045473,0.04694964
2798,0.002934913,0.0,0.03811297,0.006866589,0.0020775252,0.0,0.051247835,0.04694301
2799,0.002695727,0.0,0.0374851,0.006859954,0.0020515707,0.0,0.051395178,0.046939224
2800,0.0025418052,0.0,0.03767733,0.0068532354,0.0020029307,0.0,0.0497835,0.04693503
2801,0.0026866638,0.0,0.037460536,0.006852675,0.0018702244,0.0,0.047226544,0.04693203
2802,0.0025801077,0.0,0.036858354,0.006854895,0.0019579614,0.0,0.050011642,0.046928488
2803,0.0026017441,0.0,0.037911016,0.0068585146,0.0020087585,0.0,0.04767509,0.04692458
2804,0.0024318343,0.0,0.03769376,0.0068627233,0.001975801,0.0,0.049923085,0.04692069
2805,0.002519314,0.0,0.037095252,0.0068666968,0.0019710327,0.0,0.050892185,0.04691653
2806,0.00269414,0.0,0.036871143,0.0068699205,0.0019269265,0.0,0.048632517,0.046915043
2807,0.0026907425,0.0,0.036816694,0.006872054,0.0019905076,0.0,0.05196573,0.046912715
2808,0.002607862,0.0,0.036691852,0.006873464,0.0019668632,0.0,0.05042527,0.046911817
2809,0.0027883851,0.0,0.037501983,0.0068739075,0.0019457832,0.0,0.050342057,0.04691395
2810,0.0025751763,0.0,0.035749827,0.0068730535,0.0020808307,0.0,0.05129351,0.046918035
2811,0.002661178,0.0,0.037451386,0.006878226,0.0020568375,0.0,0.052266818,0.04692199
2812,0.0026172223,0.0,0.03693322,0.0068885228,0.0019365764,0.0,0.0491274,0.046928193
2813,0.002465185,0.0,0.036966678,0.0069012675,0.002168647,0.0,0.05239,0.046933006
2814,0.0025691325,0.0,0.037398655,0.006914982,0.0020299538,0.0,0.05349754,0.046940457
2815,0.0027259553,0.0,0.036249917,0.006928747,0.0021420182,0.0,0.050112583,0.04695078
2816,0.0027300075,0.0,0.036665566,0.00694134,0.0020649447,0.0,0.050952688,0.046960864
2817,0.0027264613,0.0,0.03649128,0.006952322,0.0020061394,0.0,0.05121277,0.046970587
2818,0.0026470257,0.0,0.037392907,0.006961288,0.0020425736,0.0,0.051623434,0.04697905
2819,0.0027092497,0.0,0.036895014,0.006968125,0.0019289308,0.0,0.04857152,0.046986252
2820,0.0028412044,0.0,0.036931157,0.0069726296,0.0020593537,0.0,0.048246197,0.046989776
2821,0.0026182453,0.0,0.037128545,0.0069748242,0.001968057,0.0,0.05057335,0.046992444
2822,0.0028030497,0.0,0.035917554,0.006974838,0.0021232534,0.0,0.050366387,0.04699461
2823,0.0027856661,0.0,0.037314773,0.0069728033,0.0020183558,0.0,0.047814164,0.04699638
2824,0.002640707,0.0,0.03729774,0.0069689415,0.0021373364,0.0,0.050516393,0.046996824
2825,0.0025128594,0.0,0.03792136,0.006963768,0.0019457805,0.0,0.049731806,0.046995454
2826,0.0028345797,0.0,0.036848266,0.0069577727,0.0019942378,0.0,0.051814876,0.04699313
2827,0.0026707167,0.0,0.036579046,0.006950658,0.0019567788,0.0,0.05000084,0.046990186
2828,0.0026866964,0.0,0.036237795,0.006942515,0.0020492908,0.0,0.049765605,0.04698477
2829,0.0026705305,0.0,0.037501235,0.00693373,0.0019873835,0.0,0.049891558,0.04698322
2830,0.002956808,0.0,0.0362044,0.006925123,0.0019314627,0.0,0.048623115,0.046983678
2831,0.0027521246,0.0,0.03732307,0.0069162757,0.0018825395,0.0,0.051881496,0.046984687
2832,0.002833576,0.0,0.037764955,0.006907028,0.0019714925,0.0,0.05175174,0.046984315
2833,0.0028166045,0.0,0.036770202,0.006897544,0.0019115033,0.0,0.05203828,0.046984047
2834,0.0027991938,0.0,0.036791,0.0068909544,0.002015825,0.0,0.049169865,0.046981856
2835,0.0028880835,0.0,0.037382286,0.0068900464,0.0023612853,0.0,0.05067161,0.04698088
2836,0.002988785,0.0,0.036587592,0.006892341,0.001990894,0.0,0.047967322,0.046979688
2837,0.0026509515,0.0,0.037158966,0.006896032,0.0019853374,0.0,0.05004061,0.046977904
2838,0.0026525394,0.0,0.037716623,0.0069021457,0.002112233,0.0,0.049699586,0.046976145
2839,0.0028959094,0.0,0.036196332,0.006909428,0.0020710283,0.0,0.049727146,0.046973165
2840,0.002900422,0.0,0.037302766,0.006919604,0.0020246385,0.0,0.048521385,0.046970367
2841,0.0027279754,0.0,0.037740123,0.006930252,0.0021631762,0.0,0.04919533,0.04696821
2842,0.0029049458,0.0,0.037809342,0.0069415625,0.002012226,0.0,0.050148692,0.046964772
2843,0.0027836468,0.0,0.03634541,0.0069518145,0.002004236,0.0,0.047228765,0.046961557
2844,0.0028045932,0.0,0.037709676,0.0069603776,0.0020165201,0.0,0.05026427,0.04695558
2845,0.0030769014,0.0,0.03805929,0.0069668153,0.0019133441,0.0,0.048499387,0.046949044
2846,0.002646758,0.0,0.03697872,0.006970913,0.001955079,0.0,0.051207997,0.04694073
2847,0.0026290151,0.0,0.03697066,0.0069726184,0.0019440927,0.0,0.049477845,0.04693247
2848,0.0028493835,0.0,0.03706268,0.0069726305,0.001842208,0.0,0.049145777,0.046925683
2849,0.0026224006,0.0,0.0381636,0.0069706985,0.0019022996,0.0,0.05037345,0.046921585
2850,0.0029060566,0.0,0.03757888,0.006967059,0.0019205076,0.0,0.051218383,0.04691403
2851,0.0026673228,0.0,0.036592323,0.0069618365,0.0018874059,0.0,0.0533885,0.046906166
2852,0.002924504,0.0,0.037882034,0.006955667,0.0018599204,0.0,0.04908975,0.046902757
2853,0.0027513627,0.0,0.037139982,0.0069483216,0.0019634848,0.0,0.050946746,0.04689919
2854,0.0027044164,0.0,0.036716364,0.0069406186,0.001985613,0.0,0.05036153,0.04689576
2855,0.0031319514,0.0,0.036566887,0.006932313,0.0019893383,0.0,0.04953992,0.046893623
2856,0.0027929468,0.0,0.037198424,0.006923213,0.0020619002,0.0,0.050163582,0.04689276
2857,0.0027842629,0.0,0.036485873,0.0069132727,0.0019514819,0.0,0.049932938,0.04688963
2858,0.0027016178,0.0,0.036833722,0.006902507,0.0019680478,0.0,0.04815798,0.046888642
2859,0.0028586541,0.0,0.037083834,0.006891944,0.0019302942,0.0,0.049577903,0.046886075
2860,0.0029138823,0.0,0.03834883,0.006880967,0.0019330404,0.0,0.049323503,0.046883743
2861,0.0032118624,0.0,0.0367612,0.006869487,0.0019263031,0.0,0.048152406,0.046880655
2862,0.0030262875,0.0,0.037176006,0.0068576075,0.0019701344,0.0,0.04980677,0.046875898
2863,0.0028595328,0.0,0.0376286,0.0068456787,0.0018611595,0.0,0.04792653,0.046873208
2864,0.0030726565,0.0,0.036969785,0.0068339086,0.0019748255,0.0,0.05023906,0.04686874
2865,0.002945099,0.0,0.035828773,0.006821796,0.0018928441,0.0,0.049654003,0.046863407
2866,0.0027057251,0.0,0.03730022,0.006811952,0.0020944318,0.0,0.049070336,0.046859078
2867,0.0027404528,0.0,0.037160877,0.006802357,0.0020911335,0.0,0.050028007,0.04685601
2868,0.003135225,0.0,0.037910573,0.006792938,0.0019104437,0.0,0.04983265,0.04685459
2869,0.0029729248,0.0,0.036929697,0.006784041,0.0020839293,0.0,0.05079201,0.04685387
2870,0.002668424,0.0,0.03733401,0.006775067,0.0019441497,0.0,0.050188962,0.046855964
2871,0.0030461694,0.0,0.0356484,0.0067665013,0.0021431404,0.0,0.052178953,0.046857003
2872,0.0029382692,0.0,0.0368997,0.0067614014,0.0020887624,0.0,0.049930364,0.04685775
2873,0.0027697124,0.0,0.03752595,0.006757155,0.0019571192,0.0,0.050522044,0.0468595
2874,0.0029909243,0.0,0.036885552,0.006753197,0.0019262845,0.0,0.050528154,0.046861358
2875,0.0028923084,0.0,0.037214175,0.00674911,0.0019527102,0.0,0.04776214,0.04686348
2876,0.0030130476,0.0,0.036986757,0.0067445836,0.0020440773,0.0,0.05056325,0.046864793
2877,0.003017865,0.0,0.03729572,0.006740903,0.0020941887,0.0,0.052057218,0.046863955
2878,0.0027176966,0.0,0.036707457,0.006736643,0.002133484,0.0,0.050225623,0.046863988
2879,0.002832973,0.0,0.036969263,0.006731812,0.0019974997,0.0,0.048605483,0.046864282
2880,0.0028908667,0.0,0.036023144,0.006726116,0.0021322286,0.0,0.04928401,0.046864096
2881,0.0026794341,0.0,0.037294038,0.006721933,0.0020202696,0.0,0.050785247,0.046864014
2882,0.002600265,0.0,0.03726062,0.0067196717,0.0020157518,0.0,0.048776135,0.04686322
2883,0.0027977105,0.0,0.03767001,0.0067181946,0.0020008697,0.0,0.049389634,0.046862718
2884,0.0027589435,0.0,0.036738873,0.006716905,0.002065649,0.0,0.049356945,0.046862308
2885,0.0029334638,0.0,0.036592487,0.006715265,0.0020005351,0.0,0.051624835,0.046862967
2886,0.0028764596,0.0,0.037750855,0.006712914,0.0020494792,0.0,0.050272472,0.04686233
2887,0.002778152,0.0,0.036408328,0.006709754,0.002024197,0.0,0.049624894,0.046863195
2888,0.0025647758,0.0,0.037657797,0.0067057693,0.0019715636,0.0,0.04828755,0.046861902
2889,0.002838752,0.0,0.036525372,0.006700729,0.0019414715,0.0,0.050905377,0.04685953
2890,0.002742927,0.0,0.03729731,0.0066946405,0.0019316159,0.0,0.049820065,0.046855316
2891,0.0026542637,0.0,0.036884524,0.006687542,0.002050854,0.0,0.051962525,0.046851277
2892,0.0028209917,0.0,0.03741548,0.0066795317,0.0021413022,0.0,0.048972562,0.046851262
2893,0.0028960337,0.0,0.03694068,0.0066707563,0.0019913109,0.0,0.048905253,0.046850476
2894,0.002930074,0.0,0.03712882,0.006662112,0.0019680078,0.0,0.050627243,0.046848454
2895,0.0026999773,0.0,0.037649482,0.006653066,0.0020869605,0.0,0.04856369,0.046846848
2896,0.0026578868,0.0,0.03644244,0.006644511,0.001831914,0.0,0.048872307,0.04684487
2897,0.0026225985,0.0,0.037427966,0.006636871,0.0019169512,0.0,0.049447615,0.046842784
2898,0.0027698467,0.0,0.03684963,0.006630249,0.0019574908,0.0,0.04831094,0.046838053
2899,0.0026117978,0.0,0.036618855,0.0066239866,0.0020501988,0.0,0.04880127,0.046834074
2900,0.0028202634,0.0,0.037511446,0.0066178595,0.0018587629,0.0,0.050282437,0.046831004
2901,0.0027230706,0.0,0.03688599,0.006611699,0.0020287198,0.0,0.050095294,0.04682758
2902,0.0028705483,0.0,0.036149472,0.0066051953,0.0020224198,0.0,0.0506012,0.04682656
2903,0.0027448859,0.0,0.03678922,0.00659841,0.0019573574,0.0,0.04830454,0.04682521
2904,0.0028835756,0.0,0.037065748,0.00659257,0.0020068549,0.0,0.05177063,0.04682655
2905,0.002634059,0.0,0.037804022,0.0065877796,0.002044587,0.0,0.049269978,0.04682703
2906,0.0026362322,0.0,0.036441907,0.0065828455,0.001986303,0.0,0.051304873,0.046826743
2907,0.0027984588,0.0,0.03728253,0.006577657,0.0018937754,0.0,0.049870778,0.046825938
2908,0.0030456712,0.0,0.036510866,0.006572285,0.0019527321,0.0,0.049243666,0.046824582
2909,0.0027432358,0.0,0.037164863,0.0065689706,0.002020133,0.0,0.050388616,0.046821482
2910,0.0028284732,0.0,0.036943484,0.0065664644,0.001983093,0.0,0.05077895,0.046822723
2911,0.0028741544,0.0,0.037039973,0.006564032,0.0020303747,0.0,0.04960602,0.04682476
2912,0.0027124803,0.0,0.036957838,0.006561399,0.0020187225,0.0,0.050707467,0.046826623
2913,0.002840424,0.0,0.036732677,0.0065613496,0.0019695072,0.0,0.048537277,0.046827614
2914,0.0027976986,0.0,0.0367692,0.006561246,0.0019146162,0.0,0.050979994,0.046827756
2915,0.0027194482,0.0,0.036404245,0.00656107,0.001816401,0.0,0.04979439,0.046827886
2916,0.0027132626,0.0,0.03687527,0.006573333,0.0020013563,0.0,0.049618352,0.046830058
2917,0.0028220532,0.0,0.037214693,0.006592805,0.0019813406,0.0,0.051234685,0.04683326
2918,0.0028729476,0.0,0.037934598,0.006617211,0.0020455776,0.0,0.04886364,0.046839334
2919,0.0028193388,0.0,0.038174715,0.0066441414,0.0018807575,0.0,0.053272083,0.046844643
2920,0.002709233,0.0,0.037515853,0.006671621,0.0019990609,0.0,0.04683529,0.0468491
2921,0.0027515073,0.0,0.036732078,0.0066986913,0.0019552195,0.0,0.04949157,0.046853494
2922,0.0027911689,0.0,0.03650334,0.006724166,0.001965099,0.0,0.047495957,0.046859108
2923,0.0027086975,0.0,0.03717426,0.0067473985,0.0019866033,0.0,0.051073804,0.04686279
2924,0.0026495697,0.0,0.03722674,0.0067679165,0.001987023,0.0,0.04784256,0.04686654
2925,0.0029323697,0.0,0.036053482,0.006785424,0.002016379,0.0,0.04918445,0.046869613
2926,0.0028186985,0.0,0.036939483,0.0067999545,0.002041382,0.0,0.049916673,0.04687226
2927,0.002750432,0.0,0.036639836,0.006811512,0.0020065557,0.0,0.053136505,0.046875414
2928,0.002647275,0.0,0.037747167,0.0068209847,0.0019303195,0.0,0.052220125,0.046882045
2929,0.0028526082,0.0,0.03719503,0.0068280837,0.0019878696,0.0,0.050254427,0.046891425
2930,0.0027426693,0.0,0.037085228,0.0068327743,0.0019868931,0.0,0.0501676,0.046901643
2931,0.0028000372,0.0,0.03733342,0.0068364316,0.001967749,0.0,0.047719635,0.046911743
2932,0.0024593384,0.0,0.03749325,0.0068389717,0.002001276,0.0,0.052474294,0.046919487
2933,0.0026990422,0.0,0.036652464,0.0068409774,0.0019789864,0.0,0.050789505,0.046926614
2934,0.0026425302,0.0,0.0367435,0.0068419436,0.0020220592,0.0,0.048180863,0.046932217
2935,0.0029642172,0.0,0.036554717,0.0068433224,0.0020939608,0.0,0.049574334,0.046936642
2936,0.0025981257,0.0,0.03715039,0.00684597,0.002062216,0.0,0.04929295,0.046938576
2937,0.0027133438,0.0,0.036947567,0.0068483213,0.0019401101,0.0,0.048573647,0.04694035
2938,0.0027280285,0.0,0.03734907,0.006853422,0.0019423484,0.0,0.04981262,0.046939977
2939,0.002811397,0.0,0.037032906,0.0068598352,0.0019225925,0.0,0.04746616,0.046939943
2940,0.002577836,0.0,0.036622103,0.006865642,0.0019778819,0.0,0.050006073,0.046939485
2941,0.002705476,0.0,0.037997656,0.0068700556,0.002006618,0.0,0.0495899,0.04693972
2942,0.002858537,0.0,0.036444727,0.0068730637,0.001976359,0.0,0.049660403,0.04694094
2943,0.0025899422,0.0,0.036294155,0.0068743126,0.00199818,0.0,0.04889408,0.04694138
2944,0.00274574,0.0,0.036926735,0.006874351,0.0018865725,0.0,0.049430244,0.046941034
2945,0.0027811679,0.0,0.037776295,0.006872808,0.0020155807,0.0,0.049931712,0.046938363
2946,0.002747726,0.0,0.037246637,0.006872808,0.0019247747,0.0,0.05050392,0.046933778
2947,0.0026718776,0.0,0.037617847,0.0068757813,0.0020009426,0.0,0.049966846,0.04693079
2948,0.0027474677,0.0,0.037480745,0.0068788645,0.0020207048,0.0,0.049979687,0.046926506
2949,0.0027699228,0.0,0.037262894,0.006881598,0.0020079159,0.0,0.051084686,0.04692457
2950,0.0027409075,0.0,0.037991915,0.0068837083,0.0020209572,0.0,0.049564574,0.046925183
2951,0.0024741888,0.0,0.03626516,0.006884486,0.0019156066,0.0,0.04801101,0.046926674
2952,0.0026987656,0.0,0.037907545,0.0068836557,0.0020392877,0.0,0.0518228,0.046927065
2953,0.0027684842,0.0,0.037599847,0.00688108,0.0018520554,0.0,0.049454775,0.04692883
2954,0.002503339,0.0,0.037881352,0.0068769134,0.0020327538,0.0,0.05174278,0.046929844
2955,0.0027358055,0.0,0.037138995,0.006871293,0.0018633915,0.0,0.05091605,0.046930723
2956,0.002797331,0.0,0.037394185,0.0068652923,0.0018861522,0.0,0.049862728,0.04693097
2957,0.0026446306,0.0,0.036755484,0.0068592215,0.001887495,0.0,0.051197056,0.046932757
2958,0.002881069,0.0,0.03707161,0.0068523088,0.0019508186,0.0,0.0501202,0.046933033
2959,0.0027470759,0.0,0.03769032,0.006845848,0.0019564787,0.0,0.05193221,0.04693308
2960,0.0026363686,0.0,0.037178375,0.006839377,0.0018267247,0.0,0.049219146,0.046931166
2961,0.002709185,0.0,0.036798183,0.0068326406,0.001967137,0.0,0.04935639,0.046927225
2962,0.00285382,0.0,0.037356883,0.0068252734,0.0018749106,0.0,0.05131016,0.04692575
2963,0.0026169445,0.0,0.036030225,0.006819943,0.0019112339,0.0,0.04978648,0.046922725
2964,0.0027420025,0.0,0.03708427,0.0068146912,0.001968894,0.0,0.05029885,0.046920847
2965,0.0025057963,0.0,0.03719858,0.0068121394,0.0019593243,0.0,0.05343094,0.046919566
2966,0.0026707351,0.0,0.036636762,0.00680975,0.0020096556,0.0,0.051341247,0.046920333
2967,0.0028799898,0.0,0.035815302,0.0068069585,0.0019399633,0.0,0.049178414,0.04692353
2968,0.0028650928,0.0,0.03795822,0.0068033747,0.002025565,0.0,0.053260017,0.046927594
2969,0.0030801056,0.0,0.037219208,0.0068001733,0.0018107995,0.0,0.048149206,0.04693392
2970,0.0026963532,0.0,0.037579194,0.0067962175,0.0019162908,0.0,0.04852328,0.046938453
2971,0.0027432023,0.0,0.037337143,0.006792624,0.0019377376,0.0,0.049934328,0.046942204
2972,0.0027469713,0.0,0.038191628,0.006788526,0.0018472553,0.0,0.04995551,0.04694396
2973,0.002741436,0.0,0.03673498,0.006783661,0.0020578105,0.0,0.050788686,0.046943244
2974,0.0024541912,0.0,0.037305214,0.006777839,0.0019077589,0.0,0.049596865,0.046940356
2975,0.0026515832,0.0,0.037070937,0.0067709913,0.0020592366,0.0,0.048487894,0.046938993
2976,0.0027025267,0.0,0.036780305,0.0067630885,0.0019670785,0.0,0.05102342,0.046938647
2977,0.0028348118,0.0,0.03700236,0.0067813443,0.002125736,0.0,0.049353827,0.046936736
2978,0.0028979322,0.0,0.036174115,0.006814366,0.0020720458,0.0,0.050200842,0.04693534
2979,0.0027852645,0.0,0.036058825,0.006857145,0.0021888916,0.0,0.048752047,0.046935543
2980,0.00279732,0.0,0.036649927,0.00690568,0.0019636517,0.0,0.049547702,0.046935376
2981,0.0027100805,0.0,0.037057146,0.006957236,0.0021083348,0.0,0.050628614,0.04693542
2982,0.002667231,0.0,0.037406705,0.0070101256,0.0020091047,0.0,0.047906432,0.04693676
2983,0.0027172144,0.0,0.036550254,0.0070620263,0.0020418598,0.0,0.049153358,0.046937905
2984,0.002766947,0.0,0.037100367,0.007111266,0.0018794631,0.0,0.052246835,0.046937834
2985,0.0027347333,0.0,0.03638378,0.00715673,0.0020218666,0.0,0.05019887,0.046938226
2986,0.0028795032,0.0,0.037518743,0.0071989456,0.0019293752,0.0,0.049096074,0.046937633
2987,0.0027331158,0.0,0.03656883,0.0072367634,0.0020686295,0.0,0.04856406,0.04693723
2988,0.0027195837,0.0,0.03615573,0.0072697033,0.001954357,0.0,0.049424406,0.04693649
2989,0.0028623643,0.0,0.037113722,0.007298072,0.0018971979,0.0,0.05015913,0.046933834
2990,0.0025716568,0.0,0.037367366,0.007322447,0.0019059308,0.0,0.04861702,0.046934392
2991,0.002588913,0.0,0.036184296,0.007342446,0.0019306886,0.0,0.049173113,0.046934083
2992,0.0026975416,0.0,0.036871895,0.007358702,0.0019839492,0.0,0.050154533,0.04693273
2993,0.0027068327,0.0,0.0367122,0.0073712687,0.0018998549,0.0,0.048529077,0.046932973
2994,0.0026695987,0.0,0.037418358,0.0073800883,0.0021304032,0.0,0.051521588,0.04693178
2995,0.0026315479,0.0,0.038163226,0.0073853177,0.0019965747,0.0,0.049347732,0.046930205
2996,0.0029878814,0.0,0.03750956,0.007387191,0.0022046058,0.0,0.050900325,0.04693138
2997,0.002799447,0.0,0.037459012,0.007386617,0.0019591306,0.0,0.049720827,0.046933416
2998,0.0026263334,0.0,0.03769981,0.0073832716,0.0019396103,0.0,0.050237812,0.04693539
2999,0.002765561,0.0,0.03635204,0.0073787714,0.0020949522,0.0,0.05200363,0.04693454
3000,0.0026211545,0.0,0.037371945,0.007373058,0.0020075305,0.0,0.04832414,0.046932712
3001,0.0028116594,0.0,0.03727494,0.007365701,0.0021199107,0.0,0.050340563,0.04693119
3002,0.0025636056,0.0,0.037995752,0.007357407,0.002003685,0.0,0.04899862,0.046929713
3003,0.0027320897,0.0,0.036669344,0.007348253,0.0021435753,0.0,0.049032208,0.04692726
3004,0.0029659483,0.0,0.03780012,0.0073378608,0.0020875577,0.0,0.04903128,0.046924572
3005,0.003025491,0.0,0.036360364,0.007326172,0.002037747,0.0,0.048498128,0.046921
3006,0.0029258947,0.0,0.036925994,0.0073131793,0.002010396,0.0,0.05019854,0.046915196
3007,0.002982968,0.0,0.036591593,0.0072989166,0.002121454,0.0,0.05065564,0.046911106
3008,0.0027132302,0.0,0.037914377,0.0072846124,0.002056951,0.0,0.04899584,0.046907958
3009,0.0028789854,0.0,0.037156954,0.007270905,0.001974079,0.0,0.049246926,0.04690343
3010,0.0026057758,0.0,0.036541652,0.0072682104,0.0020307063,0.0,0.050137613,0.046900593
3011,0.0028348672,0.0,0.037709724,0.0072724833,0.0020003393,0.0,0.052518923,0.04689847
3012,0.002819418,0.0,0.0375875,0.0072807353,0.0021284348,0.0,0.049602605,0.046896923
3013,0.002817693,0.0,0.037250087,0.007290747,0.0021612984,0.0,0.04703989,0.046894856
3014,0.0025059707,0.0,0.03645402,0.0073007974,0.0021455532,0.0,0.051972795,0.046891607
3015,0.0027036553,0.0,0.037182026,0.0073097562,0.0022286787,0.0,0.049825747,0.0468884
3016,0.0026402213,0.0,0.037681896,0.0073167346,0.002012734,0.0,0.053756874,0.04688854
3017,0.0026413735,0.0,0.037099585,0.007321424,0.0019921735,0.0,0.050153986,0.046890467
3018,0.0026668767,0.0,0.036790807,0.0073233885,0.0021645795,0.0,0.052897584,0.046893664
3019,0.0026497755,0.0,0.036651365,0.007323824,0.0021064708,0.0,0.051075857,0.046898168
3020,0.002870351,0.0,0.037161984,0.0073218723,0.0019761394,0.0,0.05221664,0.046904054
3021,0.0024652204,0.0,0.03840875,0.0073175854,0.002013752,0.0,0.051742647,0.04690785
3022,0.0026807918,0.0,0.037213452,0.0073115593,0.0020423736,0.0,0.048458092,0.046913132
3023,0.0028458147,0.0,0.03723013,0.0073036286,0.002057662,0.0,0.049309585,0.0469164
3024,0.0029702699,0.0,0.03637173,0.0072939247,0.0019513232,0.0,0.04862976,0.04692051
3025,0.002460856,0.0,0.037066627,0.00728274,0.0019900627,0.0,0.050686773,0.04692314
3026,0.0026530093,0.0,0.037551574,0.0072711995,0.0020599875,0.0,0.050980482,0.046924077
3027,0.0026313325,0.0,0.037194476,0.0072587077,0.0019467907,0.0,0.04835363,0.046926804
3028,0.0027606562,0.0,0.038091574,0.007245276,0.0020439888,0.0,0.05183259,0.04692741
3029,0.0028526625,0.0,0.038405396,0.0072310017,0.0019444587,0.0,0.051579885,0.04692599
3030,0.0027756486,0.0,0.037832104,0.0072160144,0.0021096603,0.0,0.048776515,0.046924204
3031,0.0025581494,0.0,0.037445985,0.007200816,0.0019671274,0.0,0.049364686,0.046920415
3032,0.0028704065,0.0,0.038282398,0.0071858624,0.002128062,0.0,0.049942702,0.046918053
3033,0.0027074763,0.0,0.036333345,0.0071766945,0.002015868,0.0,0.050239205,0.046914566
3034,0.0026874307,0.0,0.03725265,0.007169881,0.0020418284,0.0,0.050111953,0.04691134
3035,0.0026404876,0.0,0.037271023,0.0071643996,0.0020466452,0.0,0.050155114,0.04690638
3036,0.0027037496,0.0,0.036689967,0.0071597346,0.0020231337,0.0,0.048180293,0.04689987
3037,0.002747898,0.0,0.038206346,0.007155261,0.0020127187,0.0,0.053206436,0.046893563
3038,0.0026541536,0.0,0.03744202,0.007150657,0.0019415187,0.0,0.04924948,0.04688626
3039,0.0027153974,0.0,0.037411824,0.0071469955,0.0020677263,0.0,0.050727278,0.04687806
3040,0.0029156457,0.0,0.037252367,0.0071429457,0.0019450142,0.0,0.051807832,0.046871487
3041,0.0027411159,0.0,0.036633916,0.007138076,0.0021060081,0.0,0.04941655,0.046866484
3042,0.0026410515,0.0,0.036919147,0.007132813,0.0021703586,0.0,0.04938624,0.046859067
3043,0.0027456277,0.0,0.037891187,0.0071266997,0.0021438904,0.0,0.052486442,0.046853792
3044,0.002672962,0.0,0.03760727,0.007119482,0.0020986055,0.0,0.048416454,0.046849165
3045,0.0030422304,0.0,0.037863318,0.0071143606,0.002074804,0.0,0.04902064,0.0468452
3046,0.0027679198,0.0,0.037440058,0.0071089063,0.0019632059,0.0,0.050123915,0.046840426
3047,0.0028564562,0.0,0.036867935,0.00710297,0.0021273883,0.0,0.050911065,0.04683407
3048,0.0028974076,0.0,0.03827057,0.0071008294,0.001845738,0.0,0.04780895,0.046827275
3049,0.0027370832,0.0,0.03644633,0.0070990874,0.0019975898,0.0,0.04877878,0.046820156
3050,0.0025534988,0.0,0.037251726,0.0070970873,0.002046857,0.0,0.04842416,0.04681142
3051,0.0025844122,0.0,0.03813563,0.007094333,0.002122459,0.0,0.048481457,0.046801727
3052,0.0027003528,0.0,0.037673544,0.0070906915,0.0019402807,0.0,0.049688086,0.046792455
3053,0.0024505411,0.0,0.03827114,0.0070863324,0.002035164,0.0,0.05179745,0.046784453
3054,0.0027862606,0.0,0.037477992,0.0070833075,0.0019466941,0.0,0.052334283,0.046775836
3055,0.0029356757,0.0,0.038502917,0.0070932377,0.0019703393,0.0,0.049775574,0.04676836
3056,0.0024019622,0.0,0.037415605,0.007131788,0.0020315072,0.0,0.052056704,0.046760023
3057,0.0025955483,0.0,0.03716179,0.0071854945,0.002138721,0.0,0.048831712,0.04675334
3058,0.0027940318,0.0,0.03728525,0.0072480743,0.001997252,0.0,0.051132105,0.04674891
3059,0.0027550873,0.0,0.03769099,0.0073149097,0.001970549,0.0,0.05119593,0.046743657
3060,0.00271489,0.0,0.03685772,0.0073824846,0.0021138603,0.0,0.050781276,0.046738736
3061,0.002727197,0.0,0.036076397,0.007448215,0.0019998709,0.0,0.049334947,0.04673332
3062,0.0028519055,0.0,0.038003206,0.0075103743,0.0020486778,0.0,0.049927685,0.046727546
3063,0.002688248,0.0,0.036975317,0.007567995,0.001943508,0.0,0.05087927,0.04672363
3064,0.0026975384,0.0,0.03707655,0.0076200156,0.0021192937,0.0,0.048806686,0.04672243
3065,0.0027200112,0.0,0.0371705,0.0076659503,0.0019936545,0.0,0.050116036,0.046720624
3066,0.0026160763,0.0,0.03781013,0.0077058617,0.0019360845,0.0,0.05286986,0.046718426
3067,0.0026168695,0.0,0.03792828,0.0077396263,0.001990892,0.0,0.051156353,0.046719156
3068,0.0028454005,0.0,0.036670074,0.0077673406,0.0018784682,0.0,0.049125038,0.046725385
3069,0.002738818,0.0,0.037976045,0.0077893515,0.0020277223,0.0,0.050292395,0.04673227
3070,0.0029332687,0.0,0.036673028,0.007805849,0.0019423339,0.0,0.050385207,0.046738204
3071,0.0028415835,0.0,0.03638654,0.007817247,0.0020751155,0.0,0.048302315,0.046744797
3072,0.002687158,0.0,0.037273806,0.007823902,0.0019438652,0.0,0.049177065,0.046749614
3073,0.0026943863,0.0,0.038933475,0.007826438,0.0020297673,0.0,0.05222783,0.046753954
3074,0.002806415,0.0,0.03780405,0.007825159,0.0020675927,0.0,0.04936538,0.046762314
3075,0.002708641,0.0,0.036364585,0.007852323,0.0019813036,0.0,0.04961962,0.046769947
3076,0.0027985452,0.0,0.03706295,0.007894026,0.0021005145,0.0,0.050995015,0.046774957
3077,0.0028470487,0.0,0.036754124,0.007944593,0.001971655,0.0,0.04837417,0.046780206
3078,0.002797313,0.0,0.037777536,0.008000591,0.0020653396,0.0,0.050058253,0.046785016
3079,0.002838744,0.0,0.037192505,0.008058801,0.0020418433,0.0,0.050649118,0.046790153
3080,0.0027935738,0.0,0.037113417,0.008116091,0.0018893224,0.0,0.04940881,0.046795152
3081,0.0026085873,0.0,0.035937946,0.0081707565,0.002037753,0.0,0.049237475,0.046799667
3082,0.0028446822,0.0,0.037762262,0.008221391,0.002013644,0.0,0.049421962,0.046801068
3083,0.002701354,0.0,0.036282692,0.008267076,0.001898058,0.0,0.04947137,0.0468023
3084,0.0026639844,0.0,0.03707751,0.008307107,0.0019972273,0.0,0.05107567,0.04680171
3085,0.002853685,0.0,0.036473576,0.008341135,0.0019537522,0.0,0.048838023,0.046798937
3086,0.0026714185,0.0,0.03712899,0.0083698295,0.0019813539,0.0,0.050248176,0.046796717
3087,0.0027292669,0.0,0.037527315,0.00839312,0.0019500663,0.0,0.04986568,0.046795692
3088,0.0027485122,0.0,0.037084483,0.008411572,0.0019877797,0.0,0.047325835,0.04679343
3089,0.0029373057,0.0,0.036613416,0.008424987,0.0018359981,0.0,0.051478926,0.04678963
3090,0.0028339908,0.0,0.03598953,0.008433999,0.002084433,0.0,0.050293066,0.046785224
3091,0.002781773,0.0,0.037704132,0.008439025,0.0018735945,0.0,0.049258146,0.046781003
3092,0.0027060723,0.0,0.03690563,0.008440458,0.0018306324,0.0,0.04901894,0.04678251
3093,0.0029354456,0.0,0.038160957,0.008438121,0.0019700786,0.0,0.048805602,0.04678542
3094,0.0028405113,0.0,0.03663223,0.008439105,0.0020028676,0.0,0.050814703,0.046790555
3095,0.0025948838,0.0,0.03654613,0.008455865,0.0020294434,0.0,0.052438833,0.046798952
3096,0.00285918,0.0,0.037413232,0.008482752,0.0019743366,0.0,0.04882454,0.046810463
3097,0.002744856,0.0,0.03687826,0.008515537,0.0018701133,0.0,0.04712081,0.04682031
3098,0.0026762972,0.0,0.03664673,0.008550716,0.002024517,0.0,0.049840778,0.04682886
3099,0.0025060377,0.0,0.036701273,0.008585678,0.0019119921,0.0,0.050793264,0.0468356
3100,0.002587534,0.0,0.037338544,0.008618557,0.0020491178,0.0,0.04855457,0.046841487
3101,0.0026321495,0.0,0.036670312,0.008648042,0.002016015,0.0,0.047956135,0.04684715
3102,0.002697183,0.0,0.036350463,0.008673352,0.0019986005,0.0,0.050174158,0.0468542
3103,0.0026305811,0.0,0.037450116,0.008694488,0.0020759536,0.0,0.051925562,0.04686228
3104,0.0027898366,0.0,0.036988545,0.008711288,0.0019082703,0.0,0.050712887,0.04686677
3105,0.0026570328,0.0,0.036776893,0.008723464,0.0022212048,0.0,0.052004922,0.046869595
3106,0.002704321,0.0,0.037547868,0.008731758,0.0019459935,0.0,0.049866002,0.046871964
3107,0.0027371903,0.0,0.037213247,0.008736104,0.0021847037,0.0,0.049322177,0.046873525
3108,0.0028586357,0.0,0.037157204,0.008736679,0.0020198012,0.0,0.05022872,0.046875827
3109,0.0027591255,0.0,0.036922783,0.008733292,0.0022179475,0.0,0.048863135,0.04687768
3110,0.002802403,0.0,0.037103906,0.008727975,0.002063572,0.0,0.05036483,0.046878725
3111,0.0027165,0.0,0.037367016,0.008719465,0.0021127816,0.0,0.051120613,0.04688047
3112,0.002742448,0.0,0.037172068,0.008716704,0.0020005384,0.0,0.05101893,0.046883043
3113,0.0027667622,0.0,0.03700792,0.008717565,0.0021315864,0.0,0.04976765,0.046886772
3114,0.002700142,0.0,0.036588255,0.008720016,0.0020997494,0.0,0.04881487,0.046890292
3115,0.0027226948,0.0,0.037023593,0.00872253,0.0020017729,0.0,0.050619427,0.046891134
3116,0.002699613,0.0,0.03694165,0.008726217,0.0020696647,0.0,0.049196403,0.04689111
3117,0.0026724867,0.0,0.03648976,0.008729088,0.0018962147,0.0,0.04950939,0.046888042
3118,0.0026780176,0.0,0.037892565,0.008730218,0.002189301,0.0,0.05033089,0.046889067
3119,0.0027884238,0.0,0.036872618,0.008729025,0.0021012146,0.0,0.051096153,0.0468889
3120,0.0026922869,0.0,0.03705491,0.008725153,0.002071086,0.0,0.05076582,0.046890847
3121,0.0026905206,0.0,0.03698858,0.008718896,0.002058814,0.0,0.05203363,0.046892285
3122,0.0028129544,0.0,0.036458973,0.008709918,0.0020657612,0.0,0.051943123,0.04689336
3123,0.0027236347,0.0,0.036837794,0.008698076,0.0019975046,0.0,0.0485501,0.046895865
3124,0.0027392302,0.0,0.03704216,0.008683564,0.0019330039,0.0,0.050256275,0.046897445
3125,0.0027860266,0.0,0.037587374,0.008666962,0.0021926283,0.0,0.05134363,0.046897307
3126,0.0026750779,0.0,0.037479643,0.00864821,0.0020480175,0.0,0.049774654,0.046897154
3127,0.0028749998,0.0,0.037107464,0.008627416,0.002105775,0.0,0.050313782,0.046897154
3128,0.0027187641,0.0,0.03749578,0.008614775,0.0020389382,0.0,0.048828997,0.046898305
3129,0.0026355824,0.0,0.036678348,0.0086045405,0.0020320276,0.0,0.049486954,0.046900764
3130,0.00258723,0.0,0.037765805,0.008596847,0.002204524,0.0,0.049942773,0.046902582
3131,0.002965346,0.0,0.03725458,0.008590364,0.0020765357,0.0,0.050596934,0.046902306
3132,0.0025928568,0.0,0.037201904,0.008584944,0.0020401145,0.0,0.049954932,0.046903152
3133,0.0027605658,0.0,0.037124313,0.008579531,0.0021283885,0.0,0.050707575,0.046905354
3134,0.002887649,0.0,0.03702031,0.008572983,0.0019023955,0.0,0.047713887,0.046906922
3135,0.0028121844,0.0,0.03692657,0.008564709,0.0019069252,0.0,0.05046679,0.04690584
3136,0.0029687409,0.0,0.037648216,0.008554331,0.0020118488,0.0,0.050100952,0.046901952
3137,0.0026886533,0.0,0.036790527,0.008541852,0.0021277636,0.0,0.048984002,0.046895307
3138,0.002697819,0.0,0.037956815,0.008527072,0.0021453763,0.0,0.049936526,0.046887945
3139,0.0028049545,0.0,0.037566286,0.008510036,0.002014446,0.0,0.049591422,0.046878695
3140,0.0027473131,0.0,0.036984786,0.008490886,0.0021853733,0.0,0.049072247,0.046868946
3141,0.0027662131,0.0,0.037636496,0.008469805,0.0021898216,0.0,0.053748082,0.04685966
3142,0.0026974436,0.0,0.0368119,0.008447726,0.0021476017,0.0,0.052237246,0.046856973
3143,0.0027139795,0.0,0.036583025,0.00842461,0.0022034445,0.0,0.047890775,0.046855617
3144,0.0026368492,0.0,0.037224922,0.008401447,0.0021910311,0.0,0.04917469,0.04685145
3145,0.0026608934,0.0,0.037287112,0.008377988,0.002148946,0.0,0.050718997,0.046847437
3146,0.0027807679,0.0,0.037308414,0.008354075,0.0021393523,0.0,0.04874403,0.04684447
3147,0.0027798433,0.0,0.03775631,0.008329604,0.0021498397,0.0,0.050572537,0.046842255
3148,0.002880769,0.0,0.037440903,0.008304861,0.0020528203,0.0,0.04937939,0.046841267
3149,0.002660031,0.0,0.037257012,0.008279508,0.0021019157,0.0,0.052356236,0.046841253
3150,0.0027789806,0.0,0.03774317,0.008253559,0.0020772584,0.0,0.050403178,0.046844747
3151,0.0027130353,0.0,0.03747483,0.008228069,0.0019699142,0.0,0.047737908,0.04684795
3152,0.0027888254,0.0,0.036926717,0.0082022315,0.0020055803,0.0,0.049474616,0.04685082
3153,0.0026373449,0.0,0.03616493,0.008176695,0.002065972,0.0,0.047585305,0.046853676
3154,0.002517722,0.0,0.037276722,0.0081509445,0.001965413,0.0,0.051825676,0.04685659
3155,0.0027515679,0.0,0.037495036,0.008125105,0.0021217165,0.0,0.0480467,0.046857454
3156,0.0028733534,0.0,0.03813441,0.008099368,0.0021053324,0.0,0.051344506,0.046856545
3157,0.0025584598,0.0,0.037152894,0.00807343,0.0020692747,0.0,0.05039742,0.046856407
3158,0.0025931536,0.0,0.037050962,0.008047278,0.0021444352,0.0,0.049938112,0.04685526
3159,0.0026884815,0.0,0.035907663,0.008020927,0.0020868676,0.0,0.051365413,0.04685635
3160,0.0027759352,0.0,0.037934337,0.007994415,0.0020887293,0.0,0.04928228,0.046856776
3161,0.002723199,0.0,0.037404466,0.007968606,0.0019789066,0.0,0.048591398,0.046856724
3162,0.002542828,0.0,0.03701283,0.007942901,0.002078046,0.0,0.04993374,0.046856456
3163,0.0026968983,0.0,0.037098695,0.00791724,0.0020859658,0.0,0.04973383,0.04685623
3164,0.0025861443,0.0,0.03713756,0.007899967,0.0020436181,0.0,0.048422735,0.046852525
3165,0.0026294857,0.0,0.03611953,0.007885268,0.0019891574,0.0,0.050930437,0.046848774
3166,0.0027145953,0.0,0.036662992,0.007872165,0.0020285046,0.0,0.050365545,0.046845496
3167,0.0027366749,0.0,0.0382238,0.007859892,0.0020184908,0.0,0.049690243,0.046842355
3168,0.0026395102,0.0,0.0372615,0.007847842,0.002020051,0.0,0.048983693,0.046838854
3169,0.0025331392,0.0,0.037326828,0.007835582,0.0021638707,0.0,0.051040187,0.046833694
3170,0.0027878105,0.0,0.037590105,0.007822801,0.0020051016,0.0,0.048813462,0.04682837
3171,0.0027525804,0.0,0.037513543,0.007809307,0.002005894,0.0,0.05096012,0.046823505
3172,0.0028016155,0.0,0.03785553,0.0077949883,0.0020236971,0.0,0.050935242,0.046817813
3173,0.0027195988,0.0,0.03668419,0.007779808,0.0019580477,0.0,0.0496873,0.046814162
3174,0.002836323,0.0,0.03778089,0.007764244,0.0019101873,0.0,0.04981718,0.046810687
3175,0.00276497,0.0,0.03662664,0.007747877,0.0021355664,0.0,0.050819572,0.046803687
3176,0.002801752,0.0,0.038015,0.007732127,0.0020362549,0.0,0.04931896,0.046798453
3177,0.0027659363,0.0,0.037662733,0.0077161794,0.0020362348,0.0,0.04938411,0.046794284
3178,0.0027466507,0.0,0.036668602,0.0076999147,0.00198922,0.0,0.050868772,0.046789587
3179,0.002753661,0.0,0.03697136,0.0076836976,0.0020097673,0.0,0.04895516,0.046785228
3180,0.002717032,0.0,0.036702704,0.0076711094,0.0019177464,0.0,0.04875672,0.04678142
3181,0.002932684,0.0,0.036895245,0.0076589556,0.0021165658,0.0,0.04965616,0.04677704
3182,0.0025896225,0.0,0.036330998,0.0076468964,0.0019226111,0.0,0.05005318,0.04677466
3183,0.002685065,0.0,0.037874375,0.0076344963,0.001977938,0.0,0.05138023,0.046771884
3184,0.0027234326,0.0,0.036532395,0.00762151,0.0020664223,0.0,0.051622722,0.046773423
3185,0.0026990352,0.0,0.037633803,0.007607804,0.0020117327,0.0,0.05513062,0.046777226
3186,0.0025304786,0.0,0.038523413,0.007593324,0.0018742132,0.0,0.050645255,0.04678194
3187,0.0029254716,0.0,0.036485568,0.007578076,0.00200454,0.0,0.04966824,0.046787117
3188,0.0030049009,0.0,0.03688804,0.0075620734,0.0019670741,0.0,0.053015936,0.04679351
3189,0.0027285842,0.0,0.037419837,0.0075453874,0.0019473048,0.0,0.050413806,0.046800178
3190,0.0026228025,0.0,0.035857648,0.007529591,0.0018501795,0.0,0.05057121,0.04680418
3191,0.0026015148,0.0,0.036919706,0.007513832,0.0019020609,0.0,0.050306406,0.046809115
3192,0.0027466074,0.0,0.03753692,0.0074979905,0.0018831255,0.0,0.052073304,0.04681598
3193,0.0028780133,0.0,0.037741136,0.0074819606,0.0018509786,0.0,0.050276823,0.04682478
3194,0.0028429595,0.0,0.035703544,0.007465931,0.0020485912,0.0,0.048138954,0.04683712
3195,0.0026819368,0.0,0.03609623,0.007449716,0.0018425119,0.0,0.04880017,0.046845835
3196,0.0027080388,0.0,0.037349295,0.0074333935,0.0020146503,0.0,0.048588324,0.046851944
3197,0.002632969,0.0,0.03697878,0.007416823,0.0020102684,0.0,0.050639816,0.046857208
3198,0.0027257265,0.0,0.036680575,0.0073999944,0.0018929295,0.0,0.047209818,0.04686087
3199,0.0027649992,0.0,0.03721761,0.0073829615,0.0019567388,0.0,0.05372289,0.0468632
3200,0.0029085064,0.0,0.037781447,0.007365745,0.0017725473,0.0,0.051774405,0.04686583
3201,0.0027855525,0.0,0.0380562,0.0073487395,0.0018979395,0.0,0.05127099,0.046871364
3202,0.0028485914,0.0,0.036377516,0.0073347148,0.0018660662,0.0,0.051273998,0.046879392
3203,0.0029369965,0.0,0.038325053,0.0073216897,0.0018039845,0.0,0.053085793,0.046885002
3204,0.0025417423,0.0,0.03754289,0.0073101637,0.0019162446,0.0,0.05078264,0.04689097
3205,0.002815515,0.0,0.036800276,0.0072990926,0.0018327902,0.0,0.05107935,0.04689536
3206,0.002834576,0.0,0.036152158,0.00729577,0.0020418507,0.0,0.05003458,0.046898432
3207,0.0028515602,0.0,0.037496123,0.007297189,0.0019173311,0.0,0.050248045,0.046903014
3208,0.0028406254,0.0,0.037609592,0.0073014516,0.0019259527,0.0,0.049702022,0.046905737
3209,0.0028031506,0.0,0.037551783,0.0073071434,0.0019622918,0.0,0.049103443,0.046908
3210,0.0027132414,0.0,0.036779284,0.0073132054,0.0019001804,0.0,0.04949027,0.04690646
3211,0.0027448987,0.0,0.037069947,0.007318871,0.0018349206,0.0,0.05095829,0.04690695
3212,0.0027756772,0.0,0.03838584,0.007323756,0.0018385123,0.0,0.04846557,0.046907417
3213,0.0028427464,0.0,0.037489254,0.007327493,0.0020052067,0.0,0.050508115,0.04690765
3214,0.002794477,0.0,0.037423268,0.007329754,0.00203803,0.0,0.048354395,0.04690599
3215,0.002756887,0.0,0.03638417,0.0073303897,0.001994764,0.0,0.050220665,0.04690356
3216,0.0027311367,0.0,0.03740846,0.0073293364,0.0021927652,0.0,0.048508298,0.046903
3217,0.0026463806,0.0,0.03751703,0.007326516,0.0020729674,0.0,0.049823895,0.04690382
3218,0.0028440456,0.0,0.036379278,0.0073221126,0.0020761797,0.0,0.049467873,0.046901386
3219,0.0026338752,0.0,0.037026096,0.0073162667,0.002010268,0.0,0.04909974,0.046897918
3220,0.002699632,0.0,0.03741417,0.007309271,0.0021169751,0.0,0.050492264,0.046895508
3221,0.002518497,0.0,0.037114836,0.0073010535,0.0020549174,0.0,0.050866127,0.04689216
3222,0.0027442821,0.0,0.037022036,0.0072955573,0.0020171574,0.0,0.04894305,0.046889868
3223,0.0026849308,0.0,0.03651471,0.0073007327,0.0020668064,0.0,0.047329236,0.046887014
3224,0.0025488017,0.0,0.036386896,0.0073093143,0.0020509653,0.0,0.04965294,0.046883646
3225,0.002857594,0.0,0.036521774,0.0073199794,0.0020986586,0.0,0.047766134,0.046880644
3226,0.0028606348,0.0,0.036512546,0.0073313084,0.0019860878,0.0,0.04722274,0.04687536
3227,0.002550601,0.0,0.03693096,0.007342292,0.0019693212,0.0,0.049586672,0.046868637
3228,0.002765241,0.0,0.036518145,0.0073520145,0.0022300652,0.0,0.049100935,0.046865344
3229,0.0026730304,0.0,0.037895154,0.007360079,0.0021111781,0.0,0.050798044,0.046862464
3230,0.0029221259,0.0,0.035636343,0.007368442,0.0021392426,0.0,0.049007922,0.0468592
3231,0.0027871856,0.0,0.03682599,0.007375921,0.001988244,0.0,0.051699717,0.04685697
3232,0.0029003762,0.0,0.03759319,0.007382005,0.0019590547,0.0,0.04972437,0.046855688
3233,0.002825868,0.0,0.03734395,0.007386307,0.002072664,0.0,0.0479583,0.046854228
3234,0.0028454661,0.0,0.037668977,0.007388625,0.0019834335,0.0,0.04940481,0.046851274
3235,0.0027154598,0.0,0.036933232,0.0073892674,0.0018949074,0.0,0.051139355,0.046847966
3236,0.0027905589,0.0,0.036718186,0.0073880833,0.0020347373,0.0,0.050204277,0.046844915
3237,0.0028196762,0.0,0.037728373,0.0073849726,0.0019615744,0.0,0.052387506,0.046840947
3238,0.002459797,0.0,0.03733452,0.0073799714,0.0019500554,0.0,0.050536882,0.04683791
3239,0.002513202,0.0,0.03805544,0.007373159,0.0020117392,0.0,0.05023168,0.046834733
3240,0.002789568,0.0,0.03649483,0.0073646563,0.0020331168,0.0,0.04773588,0.04683024
3241,0.0028180676,0.0,0.037987567,0.0073546288,0.0020361827,0.0,0.050025932,0.04682507
3242,0.0027493872,0.0,0.03740477,0.007343815,0.0019244949,0.0,0.05168271,0.04682104
3243,0.0027356932,0.0,0.03656404,0.007332065,0.0020353177,0.0,0.050120395,0.04681809
3244,0.0027011468,0.0,0.0378239,0.007319438,0.0020827164,0.0,0.051633112,0.04681684
3245,0.0025718457,0.0,0.037670337,0.00730598,0.0019758907,0.0,0.050749302,0.046820194
3246,0.0027885912,0.0,0.037067223,0.007291773,0.0020420381,0.0,0.051487725,0.046823677
3247,0.0027429461,0.0,0.037134066,0.0072769085,0.0019110873,0.0,0.048009668,0.046824973
3248,0.0028056642,0.0,0.03711761,0.007261579,0.002048853,0.0,0.05095272,0.046826754
3249,0.0025425567,0.0,0.037446614,0.007245874,0.0018506445,0.0,0.050921828,0.04683244
3250,0.0026994552,0.0,0.037533097,0.007229857,0.0019235457,0.0,0.049707286,0.0468415
3251,0.0027340197,0.0,0.03702294,0.0072159106,0.0020848433,0.0,0.048204638,0.046850305
3252,0.0027113499,0.0,0.037545163,0.0072028334,0.0019833054,0.0,0.04979361,0.046856783
3253,0.0026045104,0.0,0.036951564,0.007189967,0.0019142571,0.0,0.05076557,0.046862416
3254,0.0028454324,0.0,0.036586676,0.0071770814,0.001966555,0.0,0.04899116,0.046872143
3255,0.0027286229,0.0,0.038334273,0.0071641984,0.0019026105,0.0,0.049852133,0.04688429
3256,0.0024988567,0.0,0.036841225,0.0071509946,0.0020736663,0.0,0.051025424,0.046893865
3257,0.002637649,0.0,0.03839915,0.007140022,0.0022023602,0.0,0.049097866,0.046900436
3258,0.0027152926,0.0,0.03718692,0.0071295938,0.0019724874,0.0,0.05016743,0.046905346
3259,0.0025760622,0.0,0.03795159,0.007119333,0.0018733665,0.0,0.049659688,0.046909668
3260,0.0028252676,0.0,0.037142515,0.0071089347,0.0018804476,0.0,0.049294297,0.046913072
3261,0.0028756894,0.0,0.036567133,0.007098192,0.0020308725,0.0,0.050964538,0.046915375
3262,0.0028428102,0.0,0.036677156,0.0070869857,0.0018347158,0.0,0.050950084,0.046918515
3263,0.0026721002,0.0,0.0370155,0.0070752352,0.0019635607,0.0,0.050125346,0.046923663
3264,0.0028087648,0.0,0.036225323,0.007063945,0.0018092485,0.0,0.04790142,0.046926845
3265,0.0027981002,0.0,0.03642393,0.0070523885,0.002059046,0.0,0.0491533,0.04692925
3266,0.0024784447,0.0,0.03661772,0.007040253,0.0020477928,0.0,0.04893145,0.04693001
3267,0.0027836908,0.0,0.03627526,0.0070277927,0.001932481,0.0,0.0480124,0.04693117
3268,0.0028770587,0.0,0.036730826,0.007014992,0.0019899295,0.0,0.04931811,0.046928268
3269,0.002906555,0.0,0.037071135,0.007003691,0.0020042842,0.0,0.052558996,0.046924204
3270,0.0029556314,0.0,0.03735242,0.006992564,0.002092276,0.0,0.049287185,0.046921622
3271,0.002708058,0.0,0.03580803,0.0069813877,0.0019380291,0.0,0.050950047,0.04691872
3272,0.0027540205,0.0,0.036613006,0.006970003,0.0021215437,0.0,0.050735503,0.046912618
3273,0.0029718766,0.0,0.036691196,0.0069583342,0.0020657699,0.0,0.050336063,0.046908297
3274,0.0026187361,0.0,0.037263386,0.0069463355,0.002086251,0.0,0.049098667,0.046905592
3275,0.0027340397,0.0,0.036929227,0.0069339825,0.0021040426,0.0,0.0510461,0.04690208
3276,0.002818488,0.0,0.036667395,0.006921418,0.0020477308,0.0,0.051033527,0.046900075
3277,0.0026722315,0.0,0.036796793,0.006908569,0.0021409472,0.0,0.051934496,0.046897963
3278,0.0028198424,0.0,0.037454467,0.0068955272,0.0020811528,0.0,0.051048405,0.04689192
3279,0.0027480607,0.0,0.03738999,0.0068822997,0.0021385062,0.0,0.051274933,0.046887882
3280,0.002859439,0.0,0.036880646,0.0068688923,0.0019751773,0.0,0.048166938,0.046883587
3281,0.0029142073,0.0,0.036949135,0.00685537,0.0020711266,0.0,0.04633964,0.04688108
3282,0.002948197,0.0,0.037446395,0.006842478,0.0020709143,0.0,0.04959388,0.046877224
3283,0.0026095696,0.0,0.037429564,0.006829572,0.0018897973,0.0,0.05113806,0.046872888
3284,0.0028894204,0.0,0.03649762,0.006816704,0.0021379422,0.0,0.04986357,0.046868954
3285,0.0028630076,0.0,0.0365935,0.00680386,0.0020428647,0.0,0.0486156,0.046863824
3286,0.002682182,0.0,0.03784916,0.0067910324,0.00214616,0.0,0.05065977,0.046858653
3287,0.0026045642,0.0,0.037390854,0.006778514,0.0020739657,0.0,0.048994828,0.04685301
3288,0.0026889062,0.0,0.036767498,0.0067664343,0.0020611535,0.0,0.050551694,0.046848085
3289,0.0027207942,0.0,0.03766315,0.006769428,0.0020300106,0.0,0.04960641,0.04684532
3290,0.0028453872,0.0,0.036774106,0.006779198,0.0020996039,0.0,0.04980966,0.046843335
3291,0.0027214545,0.0,0.037652396,0.0067933663,0.002126569,0.0,0.051448897,0.046843726
3292,0.0025724322,0.0,0.036960293,0.0068100602,0.0020918094,0.0,0.051008392,0.046845026
3293,0.002794664,0.0,0.037168417,0.0068278303,0.00206929,0.0,0.05093702,0.046847194
3294,0.0027078548,0.0,0.036943845,0.0068456517,0.001951364,0.0,0.04966473,0.04685026
3295,0.0024962053,0.0,0.03649196,0.0068629445,0.002159599,0.0,0.05067931,0.046852957
3296,0.0027062187,0.0,0.037479278,0.0068787904,0.0020330641,0.0,0.048457593,0.046857256
3297,0.0026291679,0.0,0.036040258,0.006893646,0.0020148985,0.0,0.047829732,0.046860103
3298,0.0029554674,0.0,0.0371706,0.006906652,0.0019056193,0.0,0.050565433,0.04686369
3299,0.002579426,0.0,0.03708827,0.006918278,0.0020326152,0.0,0.050038937,0.046868317
3300,0.0026497548,0.0,0.03724187,0.0069278693,0.0019408024,0.0,0.0509324,0.046873882
3301,0.00274265,0.0,0.037248094,0.0069353445,0.0019139468,0.0,0.049268935,0.046878405
3302,0.0026744693,0.0,0.037169367,0.0069406996,0.0019414432,0.0,0.05051085,0.046881553
3303,0.0028080721,0.0,0.037709504,0.006943984,0.0020519963,0.0,0.05081221,0.046886418
3304,0.002663709,0.0,0.03587881,0.0069481097,0.0019840752,0.0,0.04933673,0.046891022
3305,0.0026745535,0.0,0.037526067,0.006950925,0.0018753149,0.0,0.04947177,0.0468941
3306,0.00266449,0.0,0.037542336,0.006952306,0.0018997804,0.0,0.049876392,0.046896994
3307,0.0027550345,0.0,0.036401343,0.0069531486,0.0019931109,0.0,0.049909804,0.046900485
3308,0.0027534517,0.0,0.036280062,0.006974175,0.0018375533,0.0,0.05231788,0.046901625
3309,0.0028660044,0.0,0.03749671,0.0070043327,0.0019457117,0.0,0.05004343,0.046905957
3310,0.0028576474,0.0,0.03720662,0.0070401104,0.0019202975,0.0,0.050051928,0.046906065
3311,0.0026811743,0.0,0.037395723,0.0070790523,0.0020478205,0.0,0.049867593,0.04690607
3312,0.0028776661,0.0,0.03641975,0.007119143,0.0019656105,0.0,0.04986944,0.04690774
3313,0.0027757043,0.0,0.037088238,0.0071583274,0.0021666037,0.0,0.05119106,0.04690966
3314,0.0027101962,0.0,0.037399657,0.007195789,0.0019029392,0.0,0.048694674,0.046909533
3315,0.003166851,0.0,0.036481023,0.00723022,0.0019439086,0.0,0.050300855,0.046908736
3316,0.0029524418,0.0,0.03674367,0.0072614737,0.0019312155,0.0,0.050431445,0.046907872
3317,0.002757326,0.0,0.037157696,0.0072888695,0.002104108,0.0,0.049061522,0.04690624
3318,0.0027890909,0.0,0.03610017,0.007313583,0.0020105152,0.0,0.051476303,0.04690276
3319,0.0029492734,0.0,0.037782904,0.007334662,0.0020112628,0.0,0.049686924,0.046902202
3320,0.0028287445,0.0,0.0367574,0.007352839,0.002038243,0.0,0.051663216,0.04690007
3321,0.0027635426,0.0,0.03669259,0.007367815,0.0021189349,0.0,0.049366523,0.046900697
3322,0.0025990126,0.0,0.037628233,0.007379512,0.0020617773,0.0,0.051598325,0.04689956
3323,0.0026483708,0.0,0.036887247,0.0073886947,0.0020796582,0.0,0.050075807,0.04689731
3324,0.002923531,0.0,0.036872532,0.007394829,0.0020425285,0.0,0.04857703,0.04689616
3325,0.002582164,0.0,0.037144847,0.0073991986,0.00189893,0.0,0.055752493,0.046895146
3326,0.002588587,0.0,0.037447046,0.00740109,0.002006654,0.0,0.052624226,0.046895776
3327,0.0025944063,0.0,0.03787543,0.007400507,0.0022066818,0.0,0.050372727,0.04689886
3328,0.002853309,0.0,0.03718396,0.0073984032,0.0020321629,0.0,0.051080313,0.046899464
3329,0.0026155638,0.0,0.036280274,0.0073943897,0.0021360982,0.0,0.0520588,0.04689972
3330,0.0025281792,0.0,0.037216637,0.007388462,0.0020691121,0.0,0.051237542,0.04690253
3331,0.0027090847,0.0,0.03788734,0.0073806676,0.0022240805,0.0,0.05067281,0.04690351
3332,0.0026397048,0.0,0.036255054,0.007371086,0.0021031713,0.0,0.049666706,0.04690461
3333,0.0025019695,0.0,0.036619116,0.007359978,0.0022545664,0.0,0.047306903,0.04690513
3334,0.0027855488,0.0,0.036599714,0.0073477575,0.001981531,0.0,0.0516085,0.04690634
3335,0.0027415764,0.0,0.03740811,0.007334393,0.0021637434,0.0,0.05052373,0.046910297
3336,0.0025923843,0.0,0.036498483,0.007321936,0.0021147577,0.0,0.048920598,0.046914034
3337,0.002648331,0.0,0.03753756,0.0073090056,0.0022636636,0.0,0.0525416,0.04691605
3338,0.0028226892,0.0,0.03715097,0.007295815,0.0021033073,0.0,0.050611105,0.046920214
3339,0.0026807874,0.0,0.036617856,0.0072843023,0.0022099784,0.0,0.051719923,0.04692345
3340,0.0024504943,0.0,0.036147088,0.0072729974,0.002077105,0.0,0.048027936,0.04692627
3341,0.0028342928,0.0,0.036853705,0.0072613778,0.0021886677,0.0,0.05096282,0.046924252
3342,0.002652002,0.0,0.036386047,0.0072492077,0.0021120016,0.0,0.05124108,0.04692085
3343,0.0026754881,0.0,0.03773155,0.0072365915,0.0020686225,0.0,0.04936535,0.046916746
3344,0.0027694746,0.0,0.037380487,0.00724757,0.0020466207,0.0,0.050000332,0.04691386
3345,0.0028242804,0.0,0.037266523,0.0072727534,0.002090247,0.0,0.04931793,0.04691106
3346,0.0029201328,0.0,0.037170827,0.0073073925,0.0019331711,0.0,0.0509871,0.04690717
3347,0.0026382937,0.0,0.037393093,0.007347425,0.0019997337,0.0,0.052026555,0.046902597
3348,0.0027059354,0.0,0.03685867,0.00738988,0.0021316747,0.0,0.04996034,0.046898168
3349,0.0025957737,0.0,0.03691385,0.0074325595,0.0022148252,0.0,0.050619148,0.046893694
3350,0.002747876,0.0,0.036472406,0.0074738148,0.0021599173,0.0,0.04983126,0.046889633
3351,0.0026808127,0.0,0.036319215,0.0075124553,0.00207853,0.0,0.04982273,0.046885904
3352,0.0027188107,0.0,0.037544474,0.0075477054,0.0020323847,0.0,0.050794717,0.04688196
3353,0.0027466763,0.0,0.03691523,0.0075790854,0.0021230802,0.0,0.05044115,0.046876915
3354,0.0025979788,0.0,0.036187995,0.0076063275,0.0020567197,0.0,0.049802765,0.046872735
3355,0.0027366083,0.0,0.037224352,0.0076291896,0.002078158,0.0,0.04861369,0.046870098
3356,0.0025170639,0.0,0.03637623,0.0076478017,0.0022410895,0.0,0.048613485,0.046866003
3357,0.00290851,0.0,0.03666248,0.0076635876,0.0019934436,0.0,0.05011886,0.04686069
3358,0.002901098,0.0,0.037334673,0.0076772817,0.0020636271,0.0,0.04959065,0.046857126
3359,0.0027266685,0.0,0.035917286,0.0076936316,0.0020208675,0.0,0.050895877,0.046852708
3360,0.0025660298,0.0,0.0375563,0.0077099274,0.0022042121,0.0,0.048809376,0.04685164
3361,0.0028037534,0.0,0.036604278,0.0077250134,0.00203321,0.0,0.048264537,0.046849657
3362,0.0029201189,0.0,0.037207246,0.007738041,0.0020896944,0.0,0.05092448,0.046847105
3363,0.0026460441,0.0,0.03736876,0.007748905,0.0018927333,0.0,0.05217287,0.046845745
3364,0.0026813764,0.0,0.037097096,0.007756973,0.0022749386,0.0,0.050064467,0.04684418
3365,0.0026548954,0.0,0.036611423,0.007761987,0.0021184385,0.0,0.05141712,0.04684224
3366,0.0028594509,0.0,0.036571875,0.007763855,0.0020301233,0.0,0.049088024,0.046841107
3367,0.002690633,0.0,0.037111763,0.0077626198,0.0019422516,0.0,0.05331594,0.04683951
3368,0.0027106486,0.0,0.037087224,0.007758411,0.0019674334,0.0,0.050186347,0.04683517
3369,0.0028354467,0.0,0.037487525,0.0077519217,0.0020506526,0.0,0.04898402,0.046829414
3370,0.0027669822,0.0,0.03664697,0.0077441083,0.0020896916,0.0,0.049601827,0.046824034
3371,0.0027237285,0.0,0.037427753,0.0077347145,0.0020529567,0.0,0.051169064,0.04681748
3372,0.0027400362,0.0,0.03695141,0.0077235512,0.0019454873,0.0,0.049257074,0.04681223
3373,0.0029074596,0.0,0.037385754,0.007711186,0.0020435846,0.0,0.05052087,0.046808854
3374,0.003023826,0.0,0.036945075,0.007697476,0.0020322585,0.0,0.050023362,0.046806306
3375,0.0027229036,0.0,0.037773427,0.00768247,0.002027139,0.0,0.0508846,0.046804693
3376,0.0028589836,0.0,0.036259238,0.0076661906,0.0019751217,0.0,0.048051707,0.04680529
3377,0.002696263,0.0,0.037191212,0.007648732,0.0021378119,0.0,0.05051764,0.046805404
3378,0.0029692452,0.0,0.037522566,0.007630204,0.002243327,0.0,0.048205648,0.04680653
3379,0.0028733208,0.0,0.037682474,0.007610785,0.0019258616,0.0,0.050886687,0.046807367
3380,0.0026521445,0.0,0.035307154,0.00759068,0.0021666652,0.0,0.049955994,0.04680773
3381,0.0027866603,0.0,0.03703356,0.0075702425,0.001965166,0.0,0.0503246,0.04680903
3382,0.00273267,0.0,0.037242632,0.0075498745,0.002171798,0.0,0.049517103,0.04681111
3383,0.0030244116,0.0,0.037352007,0.007529367,0.00200178,0.0,0.051353566,0.046815556
3384,0.0025052028,0.0,0.03628425,0.00750876,0.0021175956,0.0,0.050828442,0.046819814
3385,0.0027450665,0.0,0.03733729,0.007487958,0.0019752353,0.0,0.05095893,0.04682343
3386,0.0027353426,0.0,0.03568136,0.007471736,0.0021447046,0.0,0.05187873,0.046829946
3387,0.0027890413,0.0,0.03710283,0.0074647474,0.002113227,0.0,0.0510564,0.046833582
3388,0.002751254,0.0,0.03667842,0.0074617057,0.0019239152,0.0,0.049743626,0.046832334
3389,0.0024870383,0.0,0.03788406,0.0074609844,0.0021381497,0.0,0.05101189,0.04683071
3390,0.0028228073,0.0,0.037729852,0.007461221,0.0019975053,0.0,0.052691065,0.046830315
3391,0.002858923,0.0,0.037028726,0.007461511,0.0019679382,0.0,0.05090766,0.04683406
3392,0.0028912742,0.0,0.0377864,0.007461506,0.001878081,0.0,0.050075818,0.0468378
3393,0.0027207478,0.0,0.036902893,0.0074606054,0.0020057803,0.0,0.05245644,0.046844617
3394,0.0027440055,0.0,0.03713805,0.007458382,0.0019090956,0.0,0.05042569,0.04685107
3395,0.0026941542,0.0,0.038238056,0.0074547483,0.0021792725,0.0,0.04870719,0.04685619
3396,0.0027279947,0.0,0.036549054,0.0074494006,0.0020125897,0.0,0.04731242,0.04685971
3397,0.002791576,0.0,0.03826201,0.007442278,0.0020872522,0.0,0.0509642,0.04686393
3398,0.002758662,0.0,0.036512505,0.0074334457,0.0019934883,0.0,0.053074867,0.046868924
3399,0.0028307887,0.0,0.037455034,0.0074230344,0.0020792694,0.0,0.049082506,0.04687381
3400,0.0026637223,0.0,0.037697166,0.0074112,0.0019690744,0.0,0.050599195,0.046877574
3401,0.0027367682,0.0,0.03725079,0.0074017565,0.001957066,0.0,0.05100291,0.04688152
3402,0.0025332854,0.0,0.037766423,0.007393078,0.0019722662,0.0,0.04968316,0.046884242
3403,0.0026944834,0.0,0.03680365,0.0073846797,0.0019991894,0.0,0.049285468,0.0468851
3404,0.0027200226,0.0,0.036944073,0.0073763095,0.0019485665,0.0,0.049461238,0.046886735
3405,0.0027846296,0.0,0.03571145,0.0073675355,0.0020159548,0.0,0.049244497,0.046890534
3406,0.0028147046,0.0,0.036438268,0.0073585734,0.0019345233,0.0,0.047321938,0.046894737
3407,0.0028736403,0.0,0.036947418,0.007349182,0.0019471012,0.0,0.04952747,0.04689879
3408,0.0026409074,0.0,0.036187235,0.007338994,0.0018813417,0.0,0.049705394,0.046901677
3409,0.0028662095,0.0,0.037159175,0.0073283156,0.0018960207,0.0,0.051321924,0.046904434
3410,0.0027615274,0.0,0.03732743,0.007316895,0.0021964312,0.0,0.050681926,0.04690858
3411,0.0026531552,0.0,0.03736325,0.007304652,0.0019849518,0.0,0.051702283,0.046913248
3412,0.0027260352,0.0,0.037819948,0.007291605,0.002024519,0.0,0.05114166,0.046921063
3413,0.0025637047,0.0,0.036697183,0.007280669,0.0021923285,0.0,0.048725914,0.04692716
3414,0.0026997637,0.0,0.037341274,0.0072703133,0.002097979,0.0,0.05148174,0.046933226
3415,0.002616339,0.0,0.03685433,0.007261099,0.0020423834,0.0,0.050259043,0.04693907
3416,0.0026989179,0.0,0.036894824,0.0072533875,0.0020158743,0.0,0.04818133,0.04694376
3417,0.0029466401,0.0,0.037251357,0.0072457627,0.00218153,0.0,0.04804717,0.046946965
3418,0.0025800304,0.0,0.03735638,0.007238044,0.0019693135,0.0,0.049043696,0.04695191
3419,0.002728715,0.0,0.037362594,0.0072296546,0.0020245225,0.0,0.052354455,0.04695884
3420,0.0026480223,0.0,0.037933413,0.007220396,0.0019945859,0.0,0.04957158,0.04696476
3421,0.0026581201,0.0,0.03818242,0.007212213,0.0019767499,0.0,0.04684993,0.046970747
3422,0.0026098783,0.0,0.03749234,0.0072036767,0.002003388,0.0,0.04996829,0.04697662
3423,0.0027517003,0.0,0.037502754,0.007194562,0.0020151588,0.0,0.050201472,0.046983477
3424,0.002848403,0.0,0.03708228,0.007184717,0.0019768684,0.0,0.051335707,0.04698948
3425,0.0029556097,0.0,0.03678615,0.0071749454,0.0020365894,0.0,0.047215007,0.046994332
3426,0.0026835913,0.0,0.037167735,0.007164758,0.001933831,0.0,0.050416324,0.046994697
3427,0.0027778065,0.0,0.03646468,0.0071542417,0.001918794,0.0,0.049316876,0.04699442
3428,0.003023845,0.0,0.0367306,0.007143143,0.002028651,0.0,0.05079354,0.04699264
3429,0.0027608941,0.0,0.036551397,0.007131997,0.001930998,0.0,0.051017847,0.04698977
3430,0.0028482398,0.0,0.0363539,0.0071210265,0.0020268296,0.0,0.050026517,0.04698464
3431,0.0027994474,0.0,0.037448905,0.007109788,0.002126579,0.0,0.04890777,0.046977907
3432,0.0028787076,0.0,0.037380084,0.0070983125,0.0019632094,0.0,0.04918637,0.046969354
3433,0.0029247468,0.0,0.03712364,0.007086442,0.0019159367,0.0,0.04998726,0.046961635
3434,0.00279044,0.0,0.037432488,0.007075368,0.0019630638,0.0,0.05179619,0.046954375
3435,0.003189279,0.0,0.037194386,0.0070642373,0.0019792642,0.0,0.04907194,0.04694887
3436,0.0029297273,0.0,0.037167557,0.0070527256,0.0021892188,0.0,0.05056425,0.046941895
3437,0.0030187939,0.0,0.03766905,0.007041281,0.0019607006,0.0,0.05173523,0.046934538
3438,0.003015296,0.0,0.036419477,0.0070302454,0.002096527,0.0,0.050274674,0.046927594
3439,0.0030004182,0.0,0.037471876,0.007018917,0.0019207435,0.0,0.04962223,0.04692158
3440,0.0028356009,0.0,0.037535045,0.0070167654,0.0020892168,0.0,0.048994165,0.046917357
3441,0.0028150915,0.0,0.035631783,0.0070192968,0.002068599,0.0,0.052014675,0.04691147
3442,0.0027325936,0.0,0.037282217,0.0070245448,0.0020286555,0.0,0.047841948,0.046905655
3443,0.002896362,0.0,0.0362047,0.0070312354,0.0019709712,0.0,0.050730325,0.046899695
3444,0.00295957,0.0,0.036779504,0.00703928,0.0019374823,0.0,0.050494373,0.04689485
3445,0.0028488059,0.0,0.039010823,0.007047242,0.002165155,0.0,0.050706934,0.04689101
3446,0.002788375,0.0,0.036932442,0.007087206,0.0019524224,0.0,0.048312455,0.046885613
3447,0.0029199952,0.0,0.036180664,0.0071481583,0.0019269186,0.0,0.04775617,0.046880074
3448,0.002686108,0.0,0.03821941,0.0072231144,0.0020772691,0.0,0.049188334,0.04687447
3449,0.002652448,0.0,0.036529373,0.0073070936,0.0019906997,0.0,0.053450216,0.04686974
3450,0.0029493237,0.0,0.036219034,0.007398431,0.001967669,0.0,0.050811313,0.046865948
3451,0.0029970342,0.0,0.03650818,0.0074908757,0.0021850553,0.0,0.0542449,0.04686223
3452,0.0027440966,0.0,0.03736234,0.007581122,0.0019739373,0.0,0.049415622,0.04686245
3453,0.0028332984,0.0,0.037874855,0.007666771,0.0020414016,0.0,0.050646815,0.046865124
3454,0.0027414674,0.0,0.037498094,0.0077466173,0.0019723044,0.0,0.051143724,0.046866726
3455,0.0028109665,0.0,0.03846329,0.007819358,0.0019122849,0.0,0.05030201,0.0468699
3456,0.002483365,0.0,0.037793297,0.007884313,0.0020807453,0.0,0.050212856,0.046875633
3457,0.0026958175,0.0,0.035810977,0.007941761,0.0020782182,0.0,0.048580218,0.046879075
3458,0.0027777168,0.0,0.03650032,0.007991386,0.0019389093,0.0,0.049767885,0.0468829
3459,0.0026762977,0.0,0.037071384,0.008033709,0.0020265675,0.0,0.04724893,0.046886288
3460,0.0027319565,0.0,0.038298536,0.008068708,0.0018813545,0.0,0.05026787,0.046889074
3461,0.0029510686,0.0,0.038285736,0.008096766,0.00188391,0.0,0.049936723,0.046891604
3462,0.0029983227,0.0,0.036530696,0.008118347,0.0020377114,0.0,0.047897957,0.04689323
3463,0.002597115,0.0,0.038254686,0.008133947,0.002065095,0.0,0.047181673,0.046892803
3464,0.0027759168,0.0,0.037139166,0.008144067,0.0018510985,0.0,0.05150138,0.04689111
3465,0.0028963923,0.0,0.03683991,0.008149221,0.0020820678,0.0,0.04961412,0.046893604
3466,0.002855131,0.0,0.03703657,0.00815062,0.0019655507,0.0,0.04958919,0.046894044
3467,0.0027563067,0.0,0.0371406,0.008152426,0.0019279077,0.0,0.052131422,0.046896715
3468,0.0026126627,0.0,0.037600562,0.00815464,0.001955027,0.0,0.051094502,0.046898957
3469,0.0026718173,0.0,0.03718991,0.008156334,0.0019742723,0.0,0.050684676,0.046899542
3470,0.0027435808,0.0,0.037338585,0.008156831,0.0020401233,0.0,0.05004683,0.046904095
3471,0.0026854263,0.0,0.036915407,0.008155702,0.00184768,0.0,0.047479652,0.04690652
3472,0.0028328171,0.0,0.03718143,0.008153141,0.001997683,0.0,0.05135256,0.04690861
3473,0.0029060196,0.0,0.037040275,0.008148806,0.0020452256,0.0,0.049507,0.046911757
3474,0.0028361885,0.0,0.03620152,0.008142429,0.0019395659,0.0,0.04975817,0.046913408
3475,0.0028212143,0.0,0.037384875,0.008133904,0.0020948914,0.0,0.049612492,0.046911605
3476,0.0024836715,0.0,0.03780822,0.008125198,0.0019113916,0.0,0.04872465,0.046908922
3477,0.0026216651,0.0,0.03752522,0.008121066,0.0021542406,0.0,0.04987931,0.046906233
3478,0.0025827163,0.0,0.036839727,0.0081197545,0.0020966039,0.0,0.049207225,0.046901785
3479,0.002748563,0.0,0.0371897,0.008120744,0.0022195752,0.0,0.04817996,0.046897825
3480,0.002738666,0.0,0.036515243,0.0081222365,0.0020616213,0.0,0.05037496,0.046893813
3481,0.002714687,0.0,0.037617333,0.008122854,0.0019614636,0.0,0.048358046,0.046890907
3482,0.0026860302,0.0,0.037255686,0.008122736,0.0020649757,0.0,0.04999786,0.04688991
3483,0.0024832988,0.0,0.036563125,0.008120672,0.0021452473,0.0,0.05086178,0.0468879
3484,0.0026250307,0.0,0.0365897,0.008116265,0.002127392,0.0,0.05091434,0.04688508
3485,0.002651747,0.0,0.037822366,0.008109383,0.0020716817,0.0,0.0493689,0.04688177
3486,0.002756048,0.0,0.03695094,0.008100674,0.0020128733,0.0,0.048002336,0.04687553
3487,0.0027792815,0.0,0.03739591,0.008089454,0.0021028116,0.0,0.049508452,0.046870586
3488,0.002787377,0.0,0.036750898,0.008076213,0.0020593437,0.0,0.051137898,0.046865262
3489,0.0026510993,0.0,0.03671515,0.008061066,0.0021518667,0.0,0.050871924,0.04686125
3490,0.00252122,0.0,0.037765235,0.008044576,0.00212005,0.0,0.050912697,0.046858117
3491,0.0028204028,0.0,0.03769926,0.008026722,0.0022172204,0.0,0.05080198,0.04685683
3492,0.0027207478,0.0,0.035821505,0.008007587,0.0022399628,0.0,0.049654596,0.04685579
3493,0.0026271476,0.0,0.03685332,0.0079872785,0.0020850396,0.0,0.05170146,0.04685386
3494,0.0027928564,0.0,0.037498843,0.007966167,0.0020703734,0.0,0.049615435,0.046850935
3495,0.002703253,0.0,0.03730248,0.007944278,0.0020652444,0.0,0.051962886,0.046845227
3496,0.0029955267,0.0,0.035960704,0.00792166,0.0020147418,0.0,0.04809387,0.046840563
3497,0.002705881,0.0,0.036769796,0.0078983605,0.0021505828,0.0,0.049668945,0.046839535
3498,0.0025660752,0.0,0.03681322,0.007875012,0.0022245648,0.0,0.04944136,0.04683737
3499,0.0028066996,0.0,0.037219383,0.007851263,0.0019065284,0.0,0.04936787,0.046833783
3500,0.0028161819,0.0,0.037095487,0.007827125,0.0022371705,0.0,0.048239432,0.046830688
3501,0.0028728899,0.0,0.036763407,0.007806145,0.0020869975,0.0,0.047474027,0.046829227
3502,0.0026045144,0.0,0.036863316,0.007786732,0.002142635,0.0,0.04982294,0.04682782
3503,0.0027648255,0.0,0.037596203,0.0077693295,0.0021211246,0.0,0.05152699,0.04682606
3504,0.0025951706,0.0,0.037868224,0.0077530215,0.00207491,0.0,0.05025855,0.04682688
3505,0.0027370711,0.0,0.03754289,0.0077371937,0.002115073,0.0,0.05026453,0.046826724
3506,0.002982353,0.0,0.03697139,0.007721396,0.0021010549,0.0,0.05042711,0.046827722
3507,0.002865237,0.0,0.037045397,0.007709031,0.002286076,0.0,0.048465,0.046828646
3508,0.002856126,0.0,0.03665616,0.007697914,0.0021600942,0.0,0.049682666,0.046830732
3509,0.002716282,0.0,0.036837988,0.007686994,0.002027702,0.0,0.04875289,0.04683089
3510,0.0029870956,0.0,0.03618229,0.007675772,0.0021694456,0.0,0.050056312,0.046829227
3511,0.0028163488,0.0,0.037889704,0.0076639033,0.0020231626,0.0,0.05123112,0.046828005
3512,0.002721773,0.0,0.03772604,0.0076511535,0.0022117533,0.0,0.049780045,0.046827167
3513,0.0027956318,0.0,0.03904341,0.0076374235,0.0022016044,0.0,0.049188305,0.046825398
3514,0.0027171304,0.0,0.037457593,0.0076418924,0.0021480012,0.0,0.048493966,0.04682553
3515,0.00280804,0.0,0.037165556,0.007661403,0.0021114638,0.0,0.049056657,0.04682973
3516,0.002822587,0.0,0.03660663,0.0076908325,0.0021061113,0.0,0.050428025,0.046834104
3517,0.0028725418,0.0,0.037031192,0.0077268253,0.0021175384,0.0,0.04866921,0.04683995
3518,0.0027743236,0.0,0.037230212,0.0077664037,0.0020700833,0.0,0.049876425,0.046846543
3519,0.0028646379,0.0,0.03781662,0.007807832,0.0020722414,0.0,0.04717185,0.046855
3520,0.0027490277,0.0,0.0368706,0.007848451,0.002004613,0.0,0.047855683,0.04686435
3521,0.0028122242,0.0,0.03728722,0.007890931,0.0019876813,0.0,0.050753403,0.04687275
3522,0.002906732,0.0,0.037472013,0.0079323,0.0020299351,0.0,0.051107556,0.0468811
3523,0.002916501,0.0,0.037334338,0.007970877,0.0018940677,0.0,0.049834736,0.04688694
3524,0.0025575932,0.0,0.03687641,0.008005698,0.0020349901,0.0,0.04954857,0.04689054
3525,0.0027586678,0.0,0.037560493,0.008036129,0.0019112033,0.0,0.05087358,0.04689233
3526,0.0028028868,0.0,0.037110876,0.008061854,0.001976508,0.0,0.04829367,0.04689295
3527,0.0026569937,0.0,0.03760733,0.008082761,0.0020468817,0.0,0.049300544,0.04689311
3528,0.002637437,0.0,0.036415838,0.0080989,0.0018917156,0.0,0.05039278,0.046890695
3529,0.0028970584,0.0,0.037050128,0.008110467,0.0019474621,0.0,0.0514581,0.046890106
3530,0.0027418288,0.0,0.037655227,0.00811786,0.0019183931,0.0,0.05237245,0.04689139
3531,0.0026806148,0.0,0.03771792,0.00812124,0.0019728055,0.0,0.053449564,0.046892736
3532,0.0027444442,0.0,0.03645641,0.0081542935,0.002015514,0.0,0.05047276,0.046893608
3533,0.00292994,0.0,0.03664781,0.008203486,0.0018689255,0.0,0.052083388,0.046896394
3534,0.0026731496,0.0,0.036614493,0.008262399,0.0019283089,0.0,0.052660886,0.046900198
3535,0.0025831982,0.0,0.036541756,0.008326207,0.0018768507,0.0,0.050750215,0.04690276
3536,0.0025869454,0.0,0.037667695,0.008391279,0.001903715,0.0,0.04971843,0.046905126
3537,0.0025760883,0.0,0.037371047,0.008454885,0.0019240112,0.0,0.053079277,0.046907738
3538,0.0028065077,0.0,0.03675106,0.008515083,0.0019502079,0.0,0.049772073,0.046910077
3539,0.0027666036,0.0,0.03682237,0.008570506,0.0019464063,0.0,0.050092436,0.0469125
3540,0.002898404,0.0,0.037899025,0.00862049,0.0020912995,0.0,0.051668905,0.046913072
3541,0.002590189,0.0,0.03742502,0.008665372,0.0018388361,0.0,0.053843934,0.046915032
3542,0.0027879742,0.0,0.036637925,0.0087049,0.0019423674,0.0,0.05390558,0.04692081
3543,0.0026971395,0.0,0.036672767,0.008738681,0.0019030089,0.0,0.048487436,0.04693044
3544,0.0027468216,0.0,0.03725648,0.008766565,0.0020315815,0.0,0.049024016,0.046939924
3545,0.0026537136,0.0,0.036391754,0.008788562,0.0018989639,0.0,0.052401934,0.046949655
3546,0.0024975461,0.0,0.037147358,0.008804814,0.0018785499,0.0,0.05000097,0.046958867
3547,0.00286338,0.0,0.037883323,0.008815575,0.0019982497,0.0,0.050377127,0.04696535
3548,0.0025289068,0.0,0.03689444,0.008821162,0.002012249,0.0,0.050339054,0.046971638
3549,0.0027178195,0.0,0.037103456,0.008821983,0.0019173778,0.0,0.05132231,0.046977043
3550,0.0025508786,0.0,0.0370498,0.008818414,0.00208329,0.0,0.04804379,0.046981335
3551,0.002589501,0.0,0.037444267,0.008811031,0.0019223064,0.0,0.05021994,0.04698318
3552,0.003021478,0.0,0.0370953,0.008801139,0.0018983225,0.0,0.05112674,0.0469835
3553,0.0026534917,0.0,0.037434407,0.008789625,0.0019014544,0.0,0.05018607,0.046985265
3554,0.0026853008,0.0,0.03713856,0.008775818,0.0019144214,0.0,0.04957364,0.046987616
3555,0.0026164884,0.0,0.03705502,0.008759792,0.0019396611,0.0,0.04899632,0.046988674
3556,0.0027670716,0.0,0.03706151,0.008742343,0.0019468126,0.0,0.05124008,0.046989415
3557,0.0027324469,0.0,0.037139297,0.008723926,0.0019469743,0.0,0.052327305,0.046992272
3558,0.0025736138,0.0,0.037256796,0.008704357,0.001931027,0.0,0.049011484,0.046993043
3559,0.0025369485,0.0,0.037171673,0.008683603,0.0018454845,0.0,0.05038623,0.046990886
3560,0.0026786812,0.0,0.03639196,0.0086622145,0.0019540442,0.0,0.052510384,0.046988852
3561,0.0026445645,0.0,0.037248064,0.008640345,0.0020830103,0.0,0.050389808,0.046990693
3562,0.0025970158,0.0,0.03742583,0.00861783,0.0018452021,0.0,0.04888645,0.046993088
3563,0.0027280252,0.0,0.03756807,0.008594501,0.001874563,0.0,0.04966143,0.04699546
3564,0.002715148,0.0,0.03786092,0.008570222,0.0018273453,0.0,0.048054274,0.046998587
3565,0.002975508,0.0,0.03748476,0.008545161,0.0020308986,0.0,0.04971749,0.047000434
3566,0.0024847311,0.0,0.037631508,0.008519247,0.0019221078,0.0,0.050851148,0.04700048
3567,0.0026558556,0.0,0.037074536,0.0084927175,0.0019140969,0.0,0.04942112,0.047001887
3568,0.0029294053,0.0,0.037628703,0.008465794,0.0018986322,0.0,0.047726385,0.047002044
3569,0.0027395517,0.0,0.037225805,0.0084384065,0.0020477066,0.0,0.04828451,0.047001228
3570,0.0028642206,0.0,0.037444543,0.008410879,0.0019667805,0.0,0.049686957,0.047001515
3571,0.0028495153,0.0,0.036447886,0.008383033,0.0020394183,0.0,0.051536065,0.046998255
3572,0.0026906729,0.0,0.03733536,0.008354871,0.0018331772,0.0,0.04849104,0.046995644
3573,0.0026029528,0.0,0.037290394,0.008326413,0.0020379748,0.0,0.04950797,0.04698986
3574,0.0026840512,0.0,0.037202112,0.008297738,0.0019674494,0.0,0.049664687,0.04698339
3575,0.0027407408,0.0,0.03712748,0.008268892,0.002028431,0.0,0.0499217,0.046976734
3576,0.0028490892,0.0,0.037803132,0.008240125,0.0019627542,0.0,0.049092572,0.04697027
3577,0.0030534018,0.0,0.03777554,0.008211467,0.0020005943,0.0,0.04933788,0.046963405
3578,0.0028313515,0.0,0.03669834,0.008183196,0.002064267,0.0,0.050084677,0.046959702
3579,0.0028359154,0.0,0.037038304,0.008155867,0.0019780155,0.0,0.05195862,0.046954803
3580,0.0025526234,0.0,0.036797628,0.008128931,0.0020318255,0.0,0.05158236,0.046950113
3581,0.0027162007,0.0,0.038229045,0.008102378,0.002001211,0.0,0.049025837,0.04694744
3582,0.0028423343,0.0,0.037236113,0.008076058,0.0020637042,0.0,0.047996037,0.04694457
3583,0.002612177,0.0,0.037448842,0.008054565,0.002128716,0.0,0.04863814,0.046944134
3584,0.0026420823,0.0,0.036197033,0.008037062,0.0020149653,0.0,0.05231698,0.046944335
3585,0.002605106,0.0,0.036854062,0.008022318,0.0021440333,0.0,0.05211289,0.046944704
3586,0.0027604096,0.0,0.037591618,0.008009244,0.0019890396,0.0,0.049225323,0.046945084
3587,0.0026269853,0.0,0.03632823,0.0079974625,0.0020262063,0.0,0.05022549,0.046946228
3588,0.002661734,0.0,0.03698787,0.007986068,0.0020492766,0.0,0.050710034,0.046944212
3589,0.0030178865,0.0,0.03760729,0.007974571,0.0019799715,0.0,0.04953637,0.046942074
3590,0.002676783,0.0,0.0366417,0.007962601,0.0020365533,0.0,0.050536964,0.04693871
3591,0.0025714522,0.0,0.03736616,0.007949924,0.0020280087,0.0,0.051118337,0.04693276
3592,0.0027595093,0.0,0.03710931,0.007936395,0.002059188,0.0,0.052852705,0.046929557
3593,0.0025841792,0.0,0.0366084,0.0079219835,0.0019598717,0.0,0.050488815,0.04692945
3594,0.002895968,0.0,0.036276102,0.007907368,0.0019029992,0.0,0.052905407,0.046929896
3595,0.002796944,0.0,0.036202032,0.007892238,0.002009135,0.0,0.050768226,0.046931192
3596,0.0026615604,0.0,0.038263123,0.007876466,0.0019862188,0.0,0.048678383,0.046932787
3597,0.0027496256,0.0,0.037394904,0.007860005,0.0019220317,0.0,0.05222908,0.046932403
3598,0.0027308995,0.0,0.03647236,0.007842866,0.0020306413,0.0,0.0513471,0.04692997
3599,0.0026637733,0.0,0.03663192,0.007826148,0.0020111448,0.0,0.052140255,0.04692647
3600,0.0027221066,0.0,0.037159514,0.007809193,0.0018124819,0.0,0.05031074,0.046923596
3601,0.0028167404,0.0,0.036371917,0.0077919113,0.0019846542,0.0,0.049428847,0.046921637
3602,0.0026373004,0.0,0.037220858,0.0077742557,0.0019111047,0.0,0.04951367,0.04691667
3603,0.0026318913,0.0,0.037303068,0.007756205,0.0019264285,0.0,0.050030623,0.04691303
3604,0.0027706807,0.0,0.037488703,0.00773874,0.0019482685,0.0,0.05037848,0.04691163
3605,0.0027365535,0.0,0.037373085,0.007721301,0.002023277,0.0,0.05185669,0.04691118
3606,0.0026813152,0.0,0.038081616,0.0077090943,0.0017918717,0.0,0.05145057,0.04690946
3607,0.0028487518,0.0,0.03671631,0.007700889,0.0019402605,0.0,0.05018765,0.04690751
3608,0.0029496832,0.0,0.037215855,0.0076958826,0.0018594739,0.0,0.050555848,0.046905052
3609,0.0028210918,0.0,0.037138958,0.007692249,0.0019929905,0.0,0.051494952,0.046902675
3610,0.002656846,0.0,0.037461016,0.0076889526,0.0019251906,0.0,0.048734553,0.046900276
3611,0.0028126691,0.0,0.03649175,0.0076854783,0.0021688228,0.0,0.048276972,0.046895523
3612,0.003027809,0.0,0.036494065,0.0076811984,0.0018898636,0.0,0.051507805,0.046888918
3613,0.002668045,0.0,0.03621915,0.0076757832,0.002249927,0.0,0.047260188,0.046883594
3614,0.0026657656,0.0,0.037027933,0.0076690596,0.0021720338,0.0,0.048791144,0.046878956
3615,0.0029099674,0.0,0.036800023,0.007660958,0.0021255817,0.0,0.050494183,0.04687269
3616,0.0027678963,0.0,0.03712406,0.007651511,0.0020013552,0.0,0.051583488,0.04686541
3617,0.002888762,0.0,0.03663276,0.007640799,0.002093759,0.0,0.05000879,0.046859276
3618,0.0026443568,0.0,0.03720788,0.007629011,0.0019981528,0.0,0.04938446,0.046856467
3619,0.002735131,0.0,0.037746787,0.0076163663,0.0020751727,0.0,0.051082283,0.04685668
3620,0.0027516407,0.0,0.03708044,0.0076031163,0.0020907223,0.0,0.04919128,0.046857577
3621,0.0028164296,0.0,0.03713272,0.007589236,0.0019658103,0.0,0.05071844,0.04686071
3622,0.002661466,0.0,0.03697967,0.0075747455,0.0022124376,0.0,0.050337274,0.0468655
3623,0.0027298362,0.0,0.037171897,0.007559686,0.0020308166,0.0,0.053251226,0.046866775
3624,0.0026663535,0.0,0.036961403,0.0075445706,0.0021239629,0.0,0.053128507,0.04686952
3625,0.0026889797,0.0,0.037440047,0.0075291935,0.0020069284,0.0,0.051451523,0.046872966
3626,0.0028777628,0.0,0.03740965,0.0075140656,0.0021937261,0.0,0.049454365,0.04687632
3627,0.0025469332,0.0,0.036578927,0.007498842,0.0020568536,0.0,0.050175752,0.046879906
3628,0.002564541,0.0,0.03681162,0.0074834474,0.002131798,0.0,0.04817086,0.04688648
3629,0.002737204,0.0,0.036689542,0.0074680774,0.0019799552,0.0,0.047916405,0.046891656
3630,0.0025379693,0.0,0.037363607,0.0074525075,0.0023573702,0.0,0.04706273,0.04689617
3631,0.0025316353,0.0,0.036862485,0.0074367067,0.0021026148,0.0,0.04897898,0.046899885
3632,0.0026457566,0.0,0.037002683,0.0074206716,0.0020143671,0.0,0.052351627,0.046903
3633,0.0026739226,0.0,0.03615197,0.007404407,0.0020150195,0.0,0.050976317,0.046904646
3634,0.0027307102,0.0,0.036873892,0.0073879277,0.002081091,0.0,0.05150126,0.046909068
3635,0.0025518318,0.0,0.036595266,0.0073719146,0.0019721321,0.0,0.051504366,0.04691329
3636,0.002695226,0.0,0.03659759,0.007356362,0.0021158808,0.0,0.04967403,0.046918996
3637,0.002702725,0.0,0.037019126,0.0073409663,0.0020382202,0.0,0.050161313,0.04692544
3638,0.002494875,0.0,0.03775666,0.0073256497,0.002121511,0.0,0.052298147,0.046929736
3639,0.0026375283,0.0,0.037493166,0.0073106666,0.0020388225,0.0,0.049192686,0.046936065
3640,0.0023957586,0.0,0.036772776,0.007295699,0.0021319776,0.0,0.050936833,0.046941817
3641,0.002619937,0.0,0.03632719,0.007280712,0.0020932425,0.0,0.05066397,0.046945065
3642,0.0026030354,0.0,0.037769727,0.0072656227,0.002144881,0.0,0.05271765,0.046947226
3643,0.0027474842,0.0,0.038015947,0.007250481,0.002075527,0.0,0.04913345,0.04694912
3644,0.002504302,0.0,0.037391838,0.007235364,0.0021803165,0.0,0.047703467,0.046950094
3645,0.0026308764,0.0,0.037249494,0.0072211977,0.0019543811,0.0,0.048528824,0.046949025
3646,0.0027318806,0.0,0.037437346,0.007208308,0.0020320176,0.0,0.052927185,0.046948723
3647,0.0027340301,0.0,0.03637175,0.007195849,0.002059027,0.0,0.050624162,0.04695229
3648,0.0026651465,0.0,0.03709887,0.007184168,0.0020642004,0.0,0.04966475,0.046957385
3649,0.0027959666,0.0,0.037132744,0.0071726553,0.0019113474,0.0,0.05096178,0.04696091
3650,0.0027720446,0.0,0.037455175,0.0071612443,0.002201532,0.0,0.049270533,0.046962336
3651,0.0025768187,0.0,0.036286596,0.0071497383,0.0022757112,0.0,0.05050705,0.046963334
3652,0.0027889146,0.0,0.037145156,0.007138045,0.0020285721,0.0,0.04793586,0.04696455
3653,0.0026766579,0.0,0.03643155,0.0071269004,0.0022301734,0.0,0.049642786,0.04696599
3654,0.0025346617,0.0,0.03723366,0.007115667,0.0020365447,0.0,0.051796023,0.046967037
3655,0.002541918,0.0,0.038242765,0.0071042194,0.0020593032,0.0,0.04946945,0.046969485
3656,0.0025691665,0.0,0.03717241,0.0070928023,0.002277051,0.0,0.05201825,0.04697242
3657,0.002458569,0.0,0.03677191,0.007087168,0.002108528,0.0,0.04758537,0.046979032
3658,0.002697035,0.0,0.03716485,0.0070849736,0.0021443085,0.0,0.04934469,0.046983726
3659,0.002632605,0.0,0.036490686,0.0070850193,0.001976544,0.0,0.048981555,0.046987556
3660,0.002565963,0.0,0.036322087,0.0070874956,0.0021617285,0.0,0.048302725,0.0469916
3661,0.0026814842,0.0,0.0366873,0.007090561,0.0021244322,0.0,0.04840011,0.046993658
3662,0.0026381598,0.0,0.037055906,0.0070937905,0.0020613563,0.0,0.049777545,0.046993
3663,0.0025969353,0.0,0.037117574,0.0070963446,0.0021207933,0.0,0.0501549,0.046991736
3664,0.0024671669,0.0,0.03755434,0.007097985,0.0021885652,0.0,0.047957696,0.046990316
3665,0.0025569866,0.0,0.038080636,0.0071128597,0.0020713722,0.0,0.048013367,0.046988335
3666,0.0027826552,0.0,0.037420165,0.007133627,0.002130689,0.0,0.048073977,0.046988774
3667,0.0025984126,0.0,0.036670253,0.007157582,0.0020737513,0.0,0.05017951,0.04698842
3668,0.0026141664,0.0,0.037338242,0.0071828505,0.0021498739,0.0,0.04994222,0.046986528
3669,0.0025199836,0.0,0.037501153,0.0072115087,0.0020711191,0.0,0.048828926,0.04698284
3670,0.0028589729,0.0,0.037038468,0.0072402274,0.002136735,0.0,0.050755598,0.04697865
3671,0.0026914056,0.0,0.037099842,0.0072683026,0.0021370733,0.0,0.050858364,0.046975426
3672,0.002762961,0.0,0.0361756,0.0072945463,0.0020696819,0.0,0.048905943,0.046971902
3673,0.002594924,0.0,0.03736108,0.007318273,0.0021222555,0.0,0.048155528,0.046966244
3674,0.002680329,0.0,0.0371458,0.007339048,0.0020744668,0.0,0.048676472,0.046961565
3675,0.0025115877,0.0,0.037000872,0.0073566246,0.002095152,0.0,0.048785876,0.046957485
3676,0.0027406316,0.0,0.036996786,0.0073708612,0.0021544576,0.0,0.048003267,0.04695366
3677,0.0026918028,0.0,0.038393863,0.007381856,0.0020901596,0.0,0.05076023,0.046949867
3678,0.0028876464,0.0,0.036567077,0.007405992,0.0022259592,0.0,0.049548864,0.046947274
3679,0.0027420777,0.0,0.03616406,0.007437208,0.0021487756,0.0,0.051194295,0.046946697
3680,0.0026725163,0.0,0.0382101,0.0074724257,0.0021122533,0.0,0.05185942,0.046949662
3681,0.0027314012,0.0,0.037429955,0.007522128,0.0022832428,0.0,0.049270563,0.04695665
3682,0.002760376,0.0,0.03672552,0.0075786295,0.0021499686,0.0,0.049429014,0.046961702
3683,0.0025426806,0.0,0.03742155,0.0076383715,0.0024889654,0.0,0.04991509,0.046967007
3684,0.002618199,0.0,0.03713061,0.0077004978,0.0021948684,0.0,0.047957912,0.04697415
3685,0.0024658453,0.0,0.037104346,0.0077614826,0.0022961095,0.0,0.050277438,0.046978183
3686,0.0026075162,0.0,0.036825594,0.007819601,0.0020143872,0.0,0.04866222,0.0469815
3687,0.0027779778,0.0,0.03718541,0.007877736,0.0022426073,0.0,0.051274,0.0469848
3688,0.0026263078,0.0,0.03672439,0.007932653,0.0021656665,0.0,0.049281374,0.0469887
3689,0.0026139836,0.0,0.03722432,0.007983321,0.0023754148,0.0,0.048728764,0.046992704
3690,0.0025939932,0.0,0.03659826,0.008028943,0.0020213188,0.0,0.05002417,0.04699595
3691,0.002750328,0.0,0.036663514,0.008068894,0.002358901,0.0,0.05118646,0.046998482
3692,0.002677385,0.0,0.0362064,0.008103283,0.0021867256,0.0,0.049685247,0.0470001
3693,0.0026365346,0.0,0.03725216,0.00813209,0.0025531221,0.0,0.050784025,0.04700088
3694,0.0029095148,0.0,0.038247816,0.008155195,0.002239943,0.0,0.050372418,0.047001608
3695,0.0025505621,0.0,0.03660947,0.008174558,0.0022556745,0.0,0.054315243,0.047002282
3696,0.0028906728,0.0,0.036999647,0.008191045,0.0021566781,0.0,0.05148415,0.047006473
3697,0.002632395,0.0,0.036686383,0.008204474,0.0023217548,0.0,0.049336497,0.047011673
3698,0.0026309069,0.0,0.037939627,0.008214409,0.0023063808,0.0,0.049293462,0.04701579
3699,0.0025928468,0.0,0.03742304,0.008224283,0.0020595437,0.0,0.049862225,0.047020175
3700,0.002640061,0.0,0.036718324,0.008233732,0.0022076827,0.0,0.048053257,0.047023248
3701,0.0027291547,0.0,0.036763374,0.00824174,0.0024354565,0.0,0.051651403,0.047024503
3702,0.0027678385,0.0,0.036551718,0.008247615,0.002378873,0.0,0.048109706,0.047025733
3703,0.002615196,0.0,0.03720869,0.008250922,0.0021474287,0.0,0.05221224,0.047024045
3704,0.0025093732,0.0,0.037406858,0.008251583,0.0022333448,0.0,0.047915753,0.047023773
3705,0.00276134,0.0,0.037620828,0.008251172,0.0021749658,0.0,0.04927767,0.04702221
3706,0.0028504238,0.0,0.037088744,0.008248844,0.0021974642,0.0,0.051472526,0.047020443
3707,0.0026818789,0.0,0.036696773,0.008244148,0.0021173267,0.0,0.051630236,0.04702036
3708,0.002728265,0.0,0.03727642,0.008237009,0.0023425545,0.0,0.05089612,0.047023375
3709,0.0027828463,0.0,0.037101764,0.008227416,0.0021834895,0.0,0.05033848,0.04702916
3710,0.0027917072,0.0,0.036914006,0.008215847,0.002348507,0.0,0.05140686,0.047033228
3711,0.0026280056,0.0,0.03787581,0.008202143,0.002405433,0.0,0.049579296,0.047036707
3712,0.003035572,0.0,0.038066138,0.008186673,0.0023836517,0.0,0.04752223,0.047039207
3713,0.0027889444,0.0,0.03728508,0.008169245,0.0023960245,0.0,0.050494704,0.047040224
3714,0.002600925,0.0,0.037091184,0.008150737,0.0023303078,0.0,0.049016964,0.04704011
3715,0.0027921316,0.0,0.03759084,0.008131139,0.0021971397,0.0,0.04963082,0.047039673
3716,0.00264341,0.0,0.036694773,0.008110504,0.002230994,0.0,0.05211162,0.047038488
3717,0.002728653,0.0,0.03737515,0.008089056,0.0021516772,0.0,0.050334938,0.047039423
3718,0.0026115985,0.0,0.036647674,0.008067198,0.0023317337,0.0,0.05153075,0.04704236
3719,0.0028650323,0.0,0.037681334,0.00804461,0.002123261,0.0,0.05117698,0.04704415
3720,0.0030113673,0.0,0.038142417,0.008021435,0.0022827107,0.0,0.048310056,0.047045734
3721,0.0027121159,0.0,0.037325084,0.007997711,0.0020593652,0.0,0.049601704,0.04704505
3722,0.0028255682,0.0,0.03726486,0.007973478,0.0021209484,0.0,0.051102232,0.04704502
3723,0.002874463,0.0,0.036464587,0.007949254,0.002087579,0.0,0.050953906,0.047043186
3724,0.0027692113,0.0,0.037728813,0.007924756,0.0022066117,0.0,0.050834227,0.047043804
3725,0.0025571105,0.0,0.037628,0.007901297,0.0020929505,0.0,0.050773356,0.047047228
3726,0.0025783377,0.0,0.037749577,0.0078781955,0.0021815216,0.0,0.04905642,0.0470488
3727,0.0030175669,0.0,0.037198104,0.007855194,0.0022133412,0.0,0.051291004,0.047049463
3728,0.00283916,0.0,0.0368217,0.007832176,0.0021766196,0.0,0.051243275,0.04704997
3729,0.0028154196,0.0,0.037277713,0.0078091747,0.0020590296,0.0,0.048350014,0.047048725
3730,0.0028336751,0.0,0.0365805,0.0077860593,0.0020695045,0.0,0.052078206,0.047045078
3731,0.0027812528,0.0,0.037366208,0.0077628074,0.0021160205,0.0,0.04809058,0.04704225
3732,0.00291278,0.0,0.03845925,0.007739621,0.002119072,0.0,0.04932042,0.047038157
3733,0.0025500432,0.0,0.038897123,0.007716346,0.0022031418,0.0,0.04924774,0.04703499
3734,0.0025940745,0.0,0.036872633,0.0076930095,0.0022140588,0.0,0.0527395,0.047032088
3735,0.0028862343,0.0,0.037636276,0.0076696677,0.0020607237,0.0,0.05033268,0.047028527
3736,0.0028346274,0.0,0.037371594,0.007646729,0.0020571703,0.0,0.046728943,0.047025796
3737,0.002643864,0.0,0.037650827,0.007623989,0.0020009344,0.0,0.05017312,0.047023956
3738,0.0025816893,0.0,0.03732401,0.0076014297,0.0021398966,0.0,0.049923323,0.047023546
3739,0.0027622147,0.0,0.03844205,0.0075790286,0.0022021404,0.0,0.048583403,0.04702304
3740,0.002608216,0.0,0.03741206,0.007556797,0.0020334467,0.0,0.049644116,0.047022212
3741,0.0027558745,0.0,0.036612768,0.0075347153,0.0021136506,0.0,0.051447686,0.047019873
3742,0.0026681214,0.0,0.03702377,0.007512783,0.0021706552,0.0,0.051682115,0.04702223
3743,0.0025214478,0.0,0.036626555,0.0074912,0.0021486187,0.0,0.049727026,0.047023553
3744,0.0026251494,0.0,0.037449248,0.007469922,0.0021475588,0.0,0.053696793,0.04702484
3745,0.0026592077,0.0,0.037656933,0.007456327,0.0022774423,0.0,0.05113687,0.047028083
3746,0.0025469419,0.0,0.03701283,0.0074451687,0.0021210045,0.0,0.046836015,0.047034003
3747,0.0028015375,0.0,0.03623483,0.007435709,0.0022236311,0.0,0.05040236,0.047038026
3748,0.002823624,0.0,0.03681708,0.0074270754,0.0021549442,0.0,0.049624387,0.04703976
3749,0.0030381,0.0,0.036836,0.0074290726,0.002211502,0.0,0.050402123,0.04703867
3750,0.0028580371,0.0,0.03703507,0.007435364,0.0020040506,0.0,0.05071627,0.047034945
3751,0.0026601532,0.0,0.03716325,0.0074437438,0.0022719528,0.0,0.049411155,0.047032233
3752,0.0026600258,0.0,0.037474964,0.0074532027,0.002234472,0.0,0.049383204,0.047028735
3753,0.002647532,0.0,0.03723637,0.007462506,0.0025386016,0.0,0.0513467,0.047024168
3754,0.0028077052,0.0,0.036077026,0.0074709547,0.002116906,0.0,0.049795482,0.047018565
3755,0.0029007392,0.0,0.036404975,0.0074779433,0.0023644192,0.0,0.04839523,0.047013886
3756,0.0026592105,0.0,0.03755603,0.0074831224,0.0022020566,0.0,0.049810305,0.047008853
3757,0.0026607653,0.0,0.036211938,0.0074862964,0.0024067655,0.0,0.05206573,0.04700515
3758,0.002879527,0.0,0.03685019,0.007487805,0.0021219214,0.0,0.05192444,0.047003318
3759,0.0026173315,0.0,0.037139352,0.007487374,0.0023996464,0.0,0.049552083,0.047000293
3760,0.0024138703,0.0,0.037273485,0.007485256,0.0022309457,0.0,0.0505353,0.04699936
3761,0.0026336128,0.0,0.03765143,0.007481385,0.0023177774,0.0,0.04882565,0.046997555
3762,0.0026370042,0.0,0.037446786,0.007475859,0.0021462222,0.0,0.04843908,0.0469938
3763,0.0026648983,0.0,0.037080515,0.0074688485,0.0022134245,0.0,0.051353574,0.046990782
3764,0.002564936,0.0,0.03759996,0.0074604303,0.002011767,0.0,0.049533453,0.04699128
3765,0.0027291437,0.0,0.036886178,0.007450693,0.002190543,0.0,0.050239045,0.046993498
3766,0.0027552638,0.0,0.03766532,0.0074397484,0.0022348538,0.0,0.04715256,0.0469957
3767,0.0027552443,0.0,0.037200794,0.0074277017,0.0021031818,0.0,0.05191526,0.04699655
3768,0.002639035,0.0,0.036973912,0.0074147885,0.0021376251,0.0,0.05216836,0.046995476
3769,0.0027305668,0.0,0.03703076,0.0074010277,0.00200021,0.0,0.05203222,0.046996105
3770,0.0024182836,0.0,0.036421303,0.007386631,0.0021004365,0.0,0.050924513,0.04699882
3771,0.0027073405,0.0,0.036721412,0.007371627,0.0021938672,0.0,0.049356326,0.047007054
3772,0.0026454746,0.0,0.03679766,0.0073572104,0.0019349699,0.0,0.049767606,0.047015436
3773,0.0028676668,0.0,0.037803356,0.007343114,0.0020848697,0.0,0.049514063,0.04702215
3774,0.002508538,0.0,0.037678767,0.007329001,0.002062165,0.0,0.04933759,0.04702766
3775,0.0026091565,0.0,0.03695704,0.0073157907,0.002037667,0.0,0.052519366,0.04703294
3776,0.002663545,0.0,0.037955195,0.00730256,0.002080058,0.0,0.051484022,0.047038965
3777,0.0027454544,0.0,0.03777899,0.007292123,0.0019323681,0.0,0.048451696,0.047044102
3778,0.0025994624,0.0,0.036726627,0.007282618,0.001956419,0.0,0.049449626,0.04704753
3779,0.0027838256,0.0,0.03738645,0.007273488,0.0020605058,0.0,0.04858669,0.047049765
3780,0.002802746,0.0,0.037125036,0.0072643096,0.0018779888,0.0,0.048453454,0.047049955
3781,0.0025760655,0.0,0.036643934,0.0072547914,0.0020632213,0.0,0.04940591,0.04704994
3782,0.002681105,0.0,0.035985805,0.0072447476,0.0020609156,0.0,0.04982904,0.047047753
3783,0.0027546764,0.0,0.03727318,0.007234068,0.0018966876,0.0,0.04921737,0.047044232
3784,0.0028295312,0.0,0.03736186,0.0072227344,0.0020815344,0.0,0.048320774,0.04703905
3785,0.0028503821,0.0,0.03754272,0.0072107534,0.0019043075,0.0,0.050451715,0.04703192
3786,0.0028167183,0.0,0.036687255,0.007198498,0.0020528997,0.0,0.052926626,0.047024254
3787,0.0027430917,0.0,0.038508233,0.0071861134,0.0019419653,0.0,0.050970048,0.047021996
3788,0.0025604558,0.0,0.037197355,0.0071733883,0.002006511,0.0,0.049990997,0.047021676
3789,0.0027782891,0.0,0.036538318,0.007161364,0.0021767898,0.0,0.04859287,0.047021043
3790,0.0025161412,0.0,0.036783498,0.007149366,0.002099078,0.0,0.050729427,0.047021106
3791,0.0027446707,0.0,0.037926834,0.0071372525,0.0021160506,0.0,0.045924895,0.04702049
3792,0.002691724,0.0,0.037081964,0.0071253274,0.0020393212,0.0,0.050142933,0.047020584
3793,0.0027431184,0.0,0.036725003,0.0071132286,0.0018959763,0.0,0.05023745,0.047020916
3794,0.0026866463,0.0,0.037093867,0.0071019023,0.0021433143,0.0,0.047892373,0.0470186
3795,0.0028877917,0.0,0.03668279,0.0070904703,0.0020037862,0.0,0.04993182,0.047015365
3796,0.0026227788,0.0,0.038014118,0.0070791417,0.0021029834,0.0,0.049067587,0.04700975
3797,0.0028253575,0.0,0.037156206,0.00706807,0.0021411902,0.0,0.049798403,0.047003314
3798,0.0026793897,0.0,0.037077688,0.0070568696,0.0021388724,0.0,0.05065768,0.04699436
3799,0.0027527951,0.0,0.036520075,0.007045458,0.0020142032,0.0,0.049477432,0.04698425
3800,0.0026419058,0.0,0.037240513,0.007033792,0.0022113642,0.0,0.050684128,0.046975918
3801,0.0027570603,0.0,0.036574434,0.007022467,0.0020016844,0.0,0.050800517,0.046970543
3802,0.0029045264,0.0,0.03681794,0.0070112916,0.002119869,0.0,0.05043525,0.04696973
3803,0.0026859168,0.0,0.03689367,0.0069998903,0.0021343513,0.0,0.04865574,0.046971045
3804,0.002609101,0.0,0.036522873,0.0069902786,0.0019933113,0.0,0.05079821,0.04697002
3805,0.0025889094,0.0,0.037454437,0.006981119,0.002021729,0.0,0.04977982,0.04696795
3806,0.0028277787,0.0,0.03694275,0.0069771083,0.002034521,0.0,0.05183541,0.046969462
3807,0.0028330423,0.0,0.037480116,0.0069753607,0.001916071,0.0,0.04948721,0.046970755
3808,0.0027202438,0.0,0.037125915,0.006977751,0.0021424503,0.0,0.050486874,0.046970367
3809,0.002660946,0.0,0.03790377,0.00698153,0.0020252417,0.0,0.04774955,0.046968926
3810,0.0026963104,0.0,0.03686471,0.006985721,0.0021792585,0.0,0.050762787,0.04696839
3811,0.0028165667,0.0,0.03738036,0.0069895787,0.0019073322,0.0,0.051106486,0.046967432
3812,0.0027274736,0.0,0.036969166,0.0069925813,0.001956948,0.0,0.05021236,0.046969745
3813,0.0026926682,0.0,0.03724706,0.00699477,0.0020335838,0.0,0.049149726,0.04696897
3814,0.0029361881,0.0,0.037441947,0.006995539,0.0019399384,0.0,0.04925631,0.0469681
3815,0.0029045818,0.0,0.03724153,0.0069949054,0.002023793,0.0,0.048297606,0.04696847
3816,0.0029429956,0.0,0.037544046,0.0069932626,0.0019617218,0.0,0.05329221,0.046968877
3817,0.002910443,0.0,0.037320796,0.0069912234,0.002141616,0.0,0.049718395,0.046974882
3818,0.0028437127,0.0,0.037359845,0.0069881817,0.0021933485,0.0,0.04924032,0.04697809
3819,0.002718486,0.0,0.036861483,0.006984158,0.002040812,0.0,0.04740563,0.046979968
3820,0.0029142415,0.0,0.038126573,0.0069790906,0.0019339814,0.0,0.050442997,0.04697887
3821,0.0028927198,0.0,0.03649365,0.006976763,0.0020863924,0.0,0.05026354,0.046978746
3822,0.0029359509,0.0,0.037553657,0.0069743916,0.0019486065,0.0,0.051748425,0.04697801
3823,0.0026955064,0.0,0.03711035,0.006972388,0.0021806306,0.0,0.05126679,0.046976805
3824,0.0026330957,0.0,0.037282374,0.006969939,0.0018956302,0.0,0.04834395,0.046976488
3825,0.002878648,0.0,0.037641898,0.00696668,0.0020935654,0.0,0.051010244,0.046972416
3826,0.0027648977,0.0,0.037187215,0.0069625624,0.0020407503,0.0,0.04896025,0.04696701
3827,0.0029986908,0.0,0.037441283,0.006957479,0.001993135,0.0,0.050158642,0.046961315
3828,0.0027380243,0.0,0.03804635,0.0069547445,0.0020070577,0.0,0.049089417,0.046954136
3829,0.0027256722,0.0,0.037658017,0.0069523207,0.0017817158,0.0,0.049724806,0.046946738
3830,0.0026808113,0.0,0.037097346,0.0069502783,0.001961391,0.0,0.052102838,0.04693761
3831,0.0025701255,0.0,0.037611324,0.0069484087,0.0018525851,0.0,0.049186397,0.046931237
3832,0.002899732,0.0,0.0376536,0.0069466163,0.0020584022,0.0,0.0501966,0.046926294
3833,0.0026514742,0.0,0.037953243,0.006944118,0.0019573173,0.0,0.049393523,0.04692384
3834,0.0029809882,0.0,0.03791461,0.0069408272,0.0020073978,0.0,0.049267765,0.046924483
3835,0.0029395565,0.0,0.037198815,0.00693699,0.0019097006,0.0,0.049259543,0.046926264
3836,0.0029939406,0.0,0.0366314,0.006932362,0.0018875075,0.0,0.04857629,0.04692877
3837,0.0027660194,0.0,0.036981378,0.006926862,0.0018963888,0.0,0.048895143,0.046930365
3838,0.002702938,0.0,0.03709789,0.00692086,0.001922485,0.0,0.051602516,0.04693276
3839,0.0027567889,0.0,0.037522532,0.0069165234,0.0020090495,0.0,0.050257955,0.046935096
3840,0.0027130076,0.0,0.036486052,0.0069122706,0.0019828805,0.0,0.049399093,0.04693595
3841,0.0027739785,0.0,0.03768735,0.0069078985,0.0019007805,0.0,0.05022923,0.046936933
3842,0.0026833445,0.0,0.037498593,0.0069031124,0.0019623945,0.0,0.051089045,0.046936903
3843,0.0027948723,0.0,0.03711331,0.0068977145,0.002015224,0.0,0.04930329,0.046936885
3844,0.0028180843,0.0,0.03828191,0.006891696,0.0018135787,0.0,0.050653204,0.04693573
3845,0.0027655736,0.0,0.03691628,0.006884856,0.001970159,0.0,0.048944067,0.046933975
3846,0.0027967861,0.0,0.037514616,0.0068789804,0.0018562528,0.0,0.049152948,0.04693425
3847,0.0027935738,0.0,0.036586262,0.0068727247,0.0018263797,0.0,0.049985275,0.04693166
3848,0.0025461607,0.0,0.03746287,0.0068660732,0.0018485929,0.0,0.051931046,0.046928395
3849,0.002712223,0.0,0.037460867,0.0068593887,0.0019546428,0.0,0.051067267,0.046926077
3850,0.0027485127,0.0,0.037066977,0.006852222,0.001848328,0.0,0.050708167,0.04692362
3851,0.0026637486,0.0,0.036466196,0.0068448074,0.0018100265,0.0,0.047996104,0.0469229
3852,0.0026802719,0.0,0.036481086,0.0068370933,0.0017972137,0.0,0.05027757,0.046924654
3853,0.0026559085,0.0,0.03594942,0.0068289046,0.0018919231,0.0,0.04850137,0.046926327
3854,0.003027617,0.0,0.03733749,0.0068202037,0.0018323,0.0,0.050803054,0.046928577
3855,0.0026612699,0.0,0.038090963,0.0068108467,0.0019252752,0.0,0.05495319,0.046929516
3856,0.0027654697,0.0,0.036898587,0.006801049,0.0018352313,0.0,0.048439484,0.046929806
3857,0.0026770937,0.0,0.03625855,0.0067916573,0.0019855965,0.0,0.050521705,0.046930537
3858,0.0027374392,0.0,0.038495444,0.0067826374,0.0019366805,0.0,0.048210297,0.046929672
3859,0.0028744536,0.0,0.037507176,0.006774852,0.0019128323,0.0,0.05003812,0.046928104
3860,0.0026691149,0.0,0.03699927,0.006767651,0.0019242503,0.0,0.04996647,0.04692821
3861,0.0027385836,0.0,0.03803429,0.006760567,0.0018708847,0.0,0.051211674,0.046927094
3862,0.002743674,0.0,0.036825173,0.006754549,0.0019307683,0.0,0.048174914,0.04692474
3863,0.0028616253,0.0,0.037335508,0.0067486833,0.001967827,0.0,0.049221072,0.046920024
3864,0.0027847467,0.0,0.03605297,0.006742649,0.0018596866,0.0,0.04868276,0.0469146
3865,0.0028171574,0.0,0.03797207,0.0067362357,0.0018317151,0.0,0.05031893,0.046908215
3866,0.0026819387,0.0,0.03708888,0.006729294,0.0021075122,0.0,0.04976455,0.04690116
3867,0.0027369894,0.0,0.037395872,0.0067217667,0.0020459061,0.0,0.0488163,0.046895243
3868,0.0026153433,0.0,0.036743604,0.0067136674,0.0020045456,0.0,0.048520606,0.04688645
3869,0.0028661124,0.0,0.036720254,0.006706512,0.0020301677,0.0,0.048765887,0.046877574
3870,0.0029085323,0.0,0.037742164,0.006699476,0.0019474032,0.0,0.050219323,0.046870865
3871,0.0028400356,0.0,0.03732918,0.006694527,0.0020476466,0.0,0.05255236,0.0468666
3872,0.002665994,0.0,0.037232205,0.00669056,0.0018416819,0.0,0.050592005,0.04686458
3873,0.0025469614,0.0,0.03701548,0.006687164,0.002004698,0.0,0.050203364,0.046864167
3874,0.0025277815,0.0,0.037160996,0.0066843135,0.0019942245,0.0,0.05002132,0.04686429
3875,0.002682929,0.0,0.037766684,0.0066822036,0.0018520941,0.0,0.050674397,0.046865407
3876,0.0026377093,0.0,0.037272945,0.0066801165,0.0018096026,0.0,0.04889634,0.04686816
3877,0.002727754,0.0,0.036042552,0.0066775903,0.0017931889,0.0,0.051399272,0.046868302
3878,0.0027364872,0.0,0.03736496,0.006675507,0.0019261214,0.0,0.04878718,0.04686814
3879,0.002601034,0.0,0.0377428,0.0066728736,0.0019626035,0.0,0.048761025,0.046868626
3880,0.002863497,0.0,0.03666826,0.0066823517,0.0019313917,0.0,0.05009017,0.046868965
3881,0.002644846,0.0,0.03726964,0.006704681,0.0019644198,0.0,0.05215879,0.046867292
3882,0.0026375137,0.0,0.037421007,0.006735519,0.0019499059,0.0,0.050943792,0.046865713
3883,0.0026742842,0.0,0.03763436,0.0067718406,0.0019469629,0.0,0.047482412,0.04686452
3884,0.0028645738,0.0,0.036627848,0.006810973,0.0019822977,0.0,0.049113825,0.046861634
3885,0.0026184823,0.0,0.036749497,0.0068510952,0.0019890147,0.0,0.048680183,0.046856374
3886,0.0027948986,0.0,0.0365146,0.006890585,0.0019047171,0.0,0.050103057,0.04685101
3887,0.002628681,0.0,0.037555557,0.0069339513,0.002072455,0.0,0.050265502,0.046847217
3888,0.0026372867,0.0,0.03637296,0.0069835763,0.0019130426,0.0,0.04876334,0.04684438
3889,0.002786818,0.0,0.036587503,0.0070344936,0.0020884671,0.0,0.04914058,0.046840075
3890,0.0026159077,0.0,0.03800369,0.007084119,0.0019415468,0.0,0.049239572,0.046833955
3891,0.0025228895,0.0,0.03744541,0.007130958,0.0020200904,0.0,0.04992826,0.046829097
3892,0.002702631,0.0,0.037348278,0.007174385,0.0020463516,0.0,0.050971862,0.04682559
3893,0.0025567908,0.0,0.037483867,0.0072134854,0.0021084114,0.0,0.050304666,0.046822123
3894,0.0028310774,0.0,0.03763492,0.007247825,0.0021224518,0.0,0.05075975,0.046820458
3895,0.0026629649,0.0,0.036690388,0.0072772186,0.0020090968,0.0,0.05113348,0.046819508
3896,0.0027991354,0.0,0.036555655,0.007301752,0.0023134628,0.0,0.048986584,0.04681823
3897,0.0028395453,0.0,0.037359525,0.007322264,0.0020690507,0.0,0.04778988,0.046814878
3898,0.0027466042,0.0,0.03808986,0.0073386137,0.0020342013,0.0,0.048679017,0.04681397
3899,0.0026935071,0.0,0.03719872,0.0073704384,0.0021798627,0.0,0.049303927,0.0468134
3900,0.00278912,0.0,0.03742613,0.0074106827,0.0021998282,0.0,0.049742594,0.04681173
3901,0.0026916794,0.0,0.03778574,0.0074552423,0.0022262076,0.0,0.050210454,0.046808805
3902,0.002872809,0.0,0.03665899,0.0075014234,0.0020360206,0.0,0.058559522,0.046805453
3903,0.0028028844,0.0,0.036967594,0.007547638,0.0019950888,0.0,0.048814338,0.046802282
3904,0.0026759417,0.0,0.037314456,0.0075920806,0.0020464743,0.0,0.048226856,0.0467991
3905,0.0024559277,0.0,0.037536025,0.0076337834,0.0019596017,0.0,0.051030833,0.046796206
3906,0.0028297915,0.0,0.03714851,0.007671681,0.0019396988,0.0,0.05027497,0.046795588
3907,0.0027694916,0.0,0.03612483,0.007705151,0.0020091878,0.0,0.05095623,0.046798058
3908,0.0027369806,0.0,0.036383994,0.007733894,0.00197369,0.0,0.0519246,0.04680017
3909,0.002603285,0.0,0.036350165,0.007757722,0.0018605011,0.0,0.04937622,0.046802424
3910,0.0028668311,0.0,0.03703917,0.0077796527,0.0019738579,0.0,0.047968768,0.04680371
3911,0.0026769342,0.0,0.03702949,0.007798775,0.0019755885,0.0,0.048827846,0.04680684
3912,0.002708102,0.0,0.036929972,0.007815235,0.0018997429,0.0,0.048609335,0.04680931
3913,0.0025146806,0.0,0.03745264,0.007828213,0.0018845511,0.0,0.04998146,0.04681098
3914,0.0025245226,0.0,0.03653059,0.007846318,0.0020589172,0.0,0.04908049,0.04681366
3915,0.0027141038,0.0,0.03727251,0.007863172,0.0019206484,0.0,0.049091607,0.04681813
3916,0.00270255,0.0,0.03753554,0.007877844,0.0019169586,0.0,0.048985425,0.046822127
3917,0.0027040357,0.0,0.037282538,0.007890285,0.0020353938,0.0,0.049656972,0.046824448
3918,0.0029073956,0.0,0.03690699,0.00789964,0.0018309337,0.0,0.05236848,0.046826456
3919,0.002589902,0.0,0.03723302,0.007910179,0.0020160337,0.0,0.05088005,0.046833336
3920,0.0028344933,0.0,0.03749609,0.007919125,0.0019740413,0.0,0.049949437,0.046840556
3921,0.0026773943,0.0,0.037152547,0.007925726,0.0020558147,0.0,0.049877264,0.046846822
3922,0.0026156702,0.0,0.036593445,0.0079295905,0.001971758,0.0,0.04721798,0.04685318
3923,0.0025474604,0.0,0.037613813,0.007930515,0.0021148717,0.0,0.050238986,0.046856347
3924,0.0025956347,0.0,0.037062414,0.007928412,0.0019852093,0.0,0.049991187,0.046858225
3925,0.0024850096,0.0,0.037377857,0.007923599,0.0020754505,0.0,0.049218968,0.04686183
3926,0.0025862847,0.0,0.037274234,0.007916065,0.0019572142,0.0,0.04916,0.046868153
3927,0.0028617103,0.0,0.03675694,0.007905983,0.0020092737,0.0,0.04880813,0.046871997
3928,0.0027320955,0.0,0.036355704,0.007893538,0.0020340844,0.0,0.049399223,0.04687561
3929,0.0026934792,0.0,0.03699159,0.007878968,0.0018857392,0.0,0.04894731,0.04687688
3930,0.0026887353,0.0,0.03684922,0.007862512,0.0021461993,0.0,0.0501809,0.046878904
3931,0.0025680072,0.0,0.037633754,0.007844467,0.0020207355,0.0,0.0488006,0.046880707
3932,0.0026892999,0.0,0.037878044,0.007825513,0.0020771648,0.0,0.052157823,0.04688205
3933,0.0025942829,0.0,0.037646733,0.0078055086,0.0019446631,0.0,0.049319427,0.046883073
3934,0.0027337833,0.0,0.038253944,0.007784613,0.002105935,0.0,0.048135575,0.046881616
3935,0.0028600898,0.0,0.037418097,0.007763365,0.002123319,0.0,0.050669346,0.04688039
3936,0.0027075734,0.0,0.037050016,0.0077424524,0.002048919,0.0,0.049724787,0.04687784
3937,0.0026725978,0.0,0.036366493,0.007721362,0.002088626,0.0,0.049964268,0.04687346
3938,0.0024557426,0.0,0.037015397,0.0076999883,0.0019479627,0.0,0.04900508,0.046870124
3939,0.0026714944,0.0,0.03608999,0.0076792836,0.0019341909,0.0,0.05046742,0.046868388
3940,0.002876133,0.0,0.037097026,0.0076584965,0.0020296702,0.0,0.049016792,0.046866514
3941,0.0025571107,0.0,0.036984492,0.0076377913,0.0020120617,0.0,0.049383555,0.046866324
3942,0.0025974016,0.0,0.037960332,0.007616839,0.0019664331,0.0,0.050705273,0.046866547
3943,0.0026411898,0.0,0.036833335,0.007595577,0.0019832025,0.0,0.050085075,0.046869446
3944,0.0028105422,0.0,0.037254434,0.007574066,0.001984336,0.0,0.051070366,0.046872336
3945,0.0026692776,0.0,0.036571942,0.007553375,0.0019458322,0.0,0.05004981,0.04687552
3946,0.0027864499,0.0,0.03582213,0.007532609,0.0018895983,0.0,0.049247917,0.04688213
3947,0.0026079207,0.0,0.037813257,0.007513481,0.0019718339,0.0,0.05139265,0.04689064
3948,0.0025791347,0.0,0.036579154,0.0074950904,0.0020431152,0.0,0.050170828,0.046901308
3949,0.0027423461,0.0,0.037183758,0.0074770227,0.0020188803,0.0,0.04924576,0.046912372
3950,0.002614134,0.0,0.037761424,0.0074590393,0.0018780701,0.0,0.05076903,0.0469216
3951,0.0026052517,0.0,0.03804789,0.007440974,0.0021552325,0.0,0.04952324,0.04692886
3952,0.002595823,0.0,0.03703277,0.0074281134,0.0019623435,0.0,0.05043832,0.046933856
3953,0.0026275201,0.0,0.036465377,0.0074166656,0.0019803266,0.0,0.046997458,0.046939693
3954,0.0026403582,0.0,0.03782949,0.007406025,0.0019090322,0.0,0.048872724,0.046942495
3955,0.0024403755,0.0,0.03785351,0.0073956256,0.0019619311,0.0,0.05126692,0.046944816
3956,0.0026255324,0.0,0.037438136,0.00738559,0.0021271007,0.0,0.04770692,0.046948142
3957,0.0025701344,0.0,0.037262265,0.0073752133,0.0019221874,0.0,0.047095273,0.046949014
3958,0.0026724383,0.0,0.03645369,0.0073642363,0.0019078868,0.0,0.050373714,0.046945628
3959,0.0025969937,0.0,0.037389,0.0073524974,0.0021464163,0.0,0.049276438,0.046940647
3960,0.002716225,0.0,0.037740994,0.0073399544,0.0018508086,0.0,0.05035907,0.04693449
3961,0.0026728925,0.0,0.0367093,0.00732721,0.0020314713,0.0,0.0498987,0.046933495
3962,0.002706932,0.0,0.037276268,0.0073139947,0.0019149381,0.0,0.05118329,0.046933036
3963,0.0028067555,0.0,0.037559144,0.007300365,0.0020196757,0.0,0.04866798,0.04693344
3964,0.0027956283,0.0,0.037127063,0.007286295,0.0019569104,0.0,0.050110694,0.04693142
3965,0.0026992424,0.0,0.037334543,0.007273129,0.0021533093,0.0,0.051170398,0.046926912
3966,0.002735869,0.0,0.037263576,0.0072598867,0.0020219136,0.0,0.049450055,0.046926685
3967,0.0027132982,0.0,0.037104554,0.007247034,0.0021139085,0.0,0.047121532,0.046926945
3968,0.0028640383,0.0,0.036451183,0.007234068,0.0021073655,0.0,0.04975256,0.046927296
3969,0.0028515046,0.0,0.037314303,0.0072208173,0.0021218196,0.0,0.04975199,0.046927597
3970,0.0027927863,0.0,0.036717452,0.007208303,0.0020418009,0.0,0.050048836,0.046927966
3971,0.002573793,0.0,0.037895784,0.007195636,0.0020483024,0.0,0.04792002,0.046928767
3972,0.0026756115,0.0,0.037293456,0.0072028637,0.0021352142,0.0,0.05014391,0.046928685
3973,0.0027615547,0.0,0.03691794,0.0072185234,0.0021470601,0.0,0.05062592,0.046925332
3974,0.0026863588,0.0,0.037274107,0.007239246,0.001959155,0.0,0.049082153,0.046922695
3975,0.0025756152,0.0,0.037493434,0.0072630798,0.0020060965,0.0,0.051007815,0.046922363
3976,0.0026385034,0.0,0.03704384,0.007288108,0.0020529921,0.0,0.047896147,0.046919864
3977,0.0026417517,0.0,0.038007785,0.0073139835,0.002108942,0.0,0.049216203,0.04691464
3978,0.00277574,0.0,0.037119087,0.0073387753,0.0020363738,0.0,0.0491779,0.046908084
3979,0.0028585836,0.0,0.03778505,0.00736177,0.0021064256,0.0,0.052907243,0.046903584
3980,0.002699412,0.0,0.03645148,0.007382227,0.0020424596,0.0,0.052518085,0.046899263
3981,0.002744606,0.0,0.036711387,0.0073997118,0.0019587243,0.0,0.047216125,0.046897933
3982,0.0026266878,0.0,0.037631758,0.0074140215,0.0019068894,0.0,0.048910014,0.046897676
3983,0.0028346586,0.0,0.0374453,0.0074250386,0.0019153887,0.0,0.05098741,0.04689664
3984,0.0026667288,0.0,0.037369188,0.007433071,0.0020372227,0.0,0.0501686,0.046896506
3985,0.002693648,0.0,0.037398774,0.0074380897,0.0020071927,0.0,0.04687282,0.046898153
3986,0.002740697,0.0,0.037864435,0.007440281,0.0020867942,0.0,0.048456263,0.046898343
3987,0.0027284925,0.0,0.037965838,0.0074398466,0.0020763571,0.0,0.050376374,0.046895985
3988,0.0027487553,0.0,0.037393257,0.007443107,0.0020515372,0.0,0.051244035,0.04689353
3989,0.0027791962,0.0,0.037134506,0.007446657,0.002222145,0.0,0.051933408,0.046892636
3990,0.0026629702,0.0,0.036801852,0.0074497634,0.0019455547,0.0,0.048487946,0.046894398
3991,0.0028218278,0.0,0.03573313,0.0074530537,0.0021760298,0.0,0.04655897,0.046895184
3992,0.002663214,0.0,0.03801594,0.007459276,0.0020297905,0.0,0.04870847,0.046895146
3993,0.0027994786,0.0,0.0368756,0.0074669737,0.0020825295,0.0,0.049200848,0.046896856
3994,0.0027068306,0.0,0.036372367,0.0074743778,0.002036326,0.0,0.048984464,0.046897084
3995,0.0027556457,0.0,0.037437197,0.0074805613,0.0020369366,0.0,0.051786676,0.04689551
3996,0.0027367224,0.0,0.037101332,0.007484902,0.0020936313,0.0,0.050331425,0.046894178
3997,0.0028796007,0.0,0.03687727,0.007487524,0.0018960891,0.0,0.049446367,0.046894055
3998,0.0027651773,0.0,0.03720517,0.0074887327,0.0019367635,0.0,0.04826269,0.046893533
3999,0.0026190283,0.0,0.03704579,0.0074888496,0.0019358195,0.0,0.049157396,0.04689181
4000,0.0028579622,0.0,0.037852526,0.007489062,0.0019585434,0.0,0.049420968,0.046893757
4001,0.002719913,0.0,0.037169475,0.007489378,0.0019111765,0.0,0.047385994,0.046898663
4002,0.0027040394,0.0,0.036834035,0.0074884165,0.0018949014,0.0,0.04964134,0.046906013
4003,0.002783013,0.0,0.036675185,0.007485894,0.0019513937,0.0,0.048147663,0.046911813
4004,0.0026905423,0.0,0.036827806,0.0074818917,0.001979358,0.0,0.04852499,0.046917208
4005,0.0028099297,0.0,0.037373252,0.007476275,0.0018495718,0.0,0.050855365,0.04692057
4006,0.0027920846,0.0,0.03643832,0.007468971,0.0019393476,0.0,0.050120857,0.04692633
4007,0.0027017184,0.0,0.036593907,0.0074600764,0.0018722544,0.0,0.050555952,0.04693148
4008,0.0027886787,0.0,0.03776107,0.0074497387,0.001961488,0.0,0.050053157,0.046936058
4009,0.002592855,0.0,0.036247246,0.0074382694,0.0019245996,0.0,0.05326644,0.046941545
4010,0.002724803,0.0,0.03701865,0.0074267187,0.001867078,0.0,0.050314285,0.046948474
4011,0.0029445346,0.0,0.03711849,0.007414954,0.001995731,0.0,0.04767469,0.046956044
4012,0.0027974038,0.0,0.037568685,0.007402773,0.0019683645,0.0,0.050331704,0.04696028
4013,0.002554063,0.0,0.03687616,0.0073899766,0.0019059308,0.0,0.04789094,0.046963613
4014,0.002700478,0.0,0.03708368,0.007376397,0.0019325025,0.0,0.051292285,0.0469646
4015,0.0029567333,0.0,0.037195392,0.007362921,0.0019911102,0.0,0.050044753,0.046965387
4016,0.0027459795,0.0,0.03643214,0.0073489104,0.0018680644,0.0,0.051869903,0.04696561
4017,0.0027472794,0.0,0.037332155,0.007334319,0.0018759549,0.0,0.048494305,0.04696612
4018,0.002738834,0.0,0.037415046,0.00731917,0.0018922691,0.0,0.04996226,0.04696474
4019,0.00249267,0.0,0.036940176,0.0073034475,0.0020432854,0.0,0.050778132,0.046963368
4020,0.0026639362,0.0,0.037441492,0.0072888425,0.001960242,0.0,0.051829036,0.04696118
4021,0.0026761647,0.0,0.03708816,0.0072743623,0.0019159794,0.0,0.050502017,0.046958786
4022,0.002754037,0.0,0.037005737,0.007259809,0.0019233371,0.0,0.05042939,0.046955395
4023,0.002754495,0.0,0.037792604,0.007245034,0.0018483462,0.0,0.049842227,0.04695068
4024,0.002655031,0.0,0.037845768,0.0072301333,0.0018130762,0.0,0.04940066,0.046948116
4025,0.002917178,0.0,0.036010038,0.007216122,0.002059438,0.0,0.049978375,0.046945386
4026,0.002837431,0.0,0.03737675,0.007202301,0.001967292,0.0,0.048389032,0.04693979
4027,0.002926696,0.0,0.037331697,0.007188379,0.0019228737,0.0,0.04944328,0.04693377
4028,0.002708797,0.0,0.03669301,0.0071742632,0.0018302118,0.0,0.05086181,0.046925902
4029,0.0026401659,0.0,0.037010804,0.0071652997,0.0019463276,0.0,0.050986536,0.04691919
4030,0.0026583802,0.0,0.036200788,0.007157877,0.0018698039,0.0,0.050643418,0.04691352
4031,0.0028545104,0.0,0.037103374,0.0071522295,0.0020148181,0.0,0.049438912,0.046905775
4032,0.0026610233,0.0,0.03738575,0.0071473764,0.0020332816,0.0,0.049345613,0.046896894
4033,0.0023956983,0.0,0.035916407,0.007142577,0.001996739,0.0,0.050588846,0.046889693
4034,0.0029113786,0.0,0.03742741,0.0071374024,0.0019412352,0.0,0.05102268,0.046881597
4035,0.0026306221,0.0,0.03663685,0.007134126,0.0018553222,0.0,0.050092407,0.046876997
4036,0.0026577106,0.0,0.036519475,0.0071311677,0.0018837996,0.0,0.048654325,0.046874143
4037,0.002794893,0.0,0.03678812,0.0071288156,0.0019048075,0.0,0.053222544,0.046872064
4038,0.0028333936,0.0,0.03801218,0.0071258647,0.0019193358,0.0,0.049248125,0.04687348
4039,0.0028941617,0.0,0.03747936,0.007122024,0.0019171849,0.0,0.04849732,0.046874564
4040,0.002636085,0.0,0.03750015,0.0071174805,0.0018643899,0.0,0.048903443,0.046876635
4041,0.0029675262,0.0,0.036496077,0.0071117985,0.0018330641,0.0,0.05017642,0.046878833
4042,0.0030257225,0.0,0.03717075,0.007104939,0.0018703793,0.0,0.05024039,0.04687961
4043,0.0028800229,0.0,0.036830727,0.007096952,0.0018429684,0.0,0.050229844,0.04688064
4044,0.0028719455,0.0,0.036369752,0.0070898775,0.0018378934,0.0,0.05011409,0.046880372
4045,0.0028236466,0.0,0.03744727,0.0070823533,0.0017781941,0.0,0.04838451,0.046877425
4046,0.0029645418,0.0,0.036893107,0.007074411,0.0018648264,0.0,0.051176365,0.046876848
4047,0.002761608,0.0,0.03662902,0.007066101,0.0018934871,0.0,0.05138899,0.046875287
4048,0.0028058346,0.0,0.03657016,0.00705713,0.0018811335,0.0,0.04930385,0.046871964
4049,0.0027133685,0.0,0.0374488,0.0070474586,0.0019139702,0.0,0.050682228,0.046867482
4050,0.0027415187,0.0,0.037139975,0.007037096,0.0019713624,0.0,0.049545456,0.046860315
4051,0.002493364,0.0,0.03728315,0.007026063,0.0019404697,0.0,0.051308125,0.046853762
4052,0.0028102908,0.0,0.037289713,0.007014437,0.0018408807,0.0,0.048966423,0.046847865
4053,0.0027598217,0.0,0.03715364,0.0070022526,0.001930573,0.0,0.049185004,0.046841983
4054,0.002784428,0.0,0.037789814,0.0069895606,0.0018669717,0.0,0.05082546,0.04683534
4055,0.0026823836,0.0,0.037374888,0.0069765104,0.0018432136,0.0,0.050608557,0.046830002
4056,0.0026366888,0.0,0.036291312,0.0069639073,0.002088605,0.0,0.05113858,0.04682687
4057,0.0026283583,0.0,0.03759172,0.0069527603,0.0019199721,0.0,0.05122273,0.046825428
4058,0.002508211,0.0,0.0371229,0.0069579603,0.00187069,0.0,0.048421886,0.046825062
4059,0.0024700642,0.0,0.03604369,0.00697193,0.0019415534,0.0,0.048725374,0.046824455
4060,0.0028582814,0.0,0.036892153,0.0069913943,0.00192741,0.0,0.05185715,0.04682287
4061,0.0028457164,0.0,0.037693202,0.007013749,0.0018891585,0.0,0.049515713,0.046823405
4062,0.0027077799,0.0,0.037656214,0.007036945,0.0019334905,0.0,0.05161131,0.04682426
4063,0.0026343316,0.0,0.037815586,0.0070599196,0.0019307417,0.0,0.049559284,0.046826296
4064,0.0026526558,0.0,0.03783616,0.0070819305,0.0019328331,0.0,0.050263915,0.046826076
4065,0.0026513464,0.0,0.037209786,0.007103875,0.0019686471,0.0,0.049355183,0.046826255
4066,0.0027868082,0.0,0.037592463,0.007124411,0.001987044,0.0,0.050262235,0.046825916
4067,0.0027840568,0.0,0.037201226,0.0071426295,0.0018770978,0.0,0.04922777,0.04682575
4068,0.0026938145,0.0,0.037097596,0.0071582375,0.0019278268,0.0,0.050808873,0.04682417
4069,0.0025967155,0.0,0.03813549,0.0071708956,0.001925594,0.0,0.04887429,0.046825018
4070,0.0027854422,0.0,0.036901627,0.0071805622,0.0018779013,0.0,0.04817025,0.046826348
4071,0.0027699827,0.0,0.037092112,0.0071876636,0.00199484,0.0,0.049619738,0.046828568
4072,0.0027295807,0.0,0.038325883,0.0071922634,0.0019467815,0.0,0.049183216,0.046830293
4073,0.0026783964,0.0,0.03704778,0.0071947095,0.0021104314,0.0,0.048822377,0.04683184
4074,0.0027374101,0.0,0.03742436,0.007194863,0.0018684369,0.0,0.050459947,0.046832178
4075,0.0026673288,0.0,0.037600026,0.007193858,0.0021327974,0.0,0.04907878,0.046831194
4076,0.0024950334,0.0,0.03690911,0.007191383,0.0020972218,0.0,0.05027198,0.046830945
4077,0.0026747861,0.0,0.03855215,0.0071873404,0.0021113013,0.0,0.047674324,0.046831146
4078,0.002820657,0.0,0.038351845,0.0071831658,0.0019606138,0.0,0.048425175,0.046832528
4079,0.0027983068,0.0,0.037046306,0.007178222,0.0019626853,0.0,0.050592337,0.046836313
4080,0.0027155762,0.0,0.037350878,0.0071730404,0.0020516505,0.0,0.050080214,0.04683972
4081,0.002748585,0.0,0.03698535,0.0071672946,0.002123913,0.0,0.050843284,0.046842013
4082,0.002670736,0.0,0.03695668,0.007161634,0.001899079,0.0,0.055066522,0.04684732
4083,0.0026445717,0.0,0.036337845,0.00715508,0.0020963366,0.0,0.04979984,0.046852704
4084,0.0029938302,0.0,0.03716877,0.007147842,0.001916458,0.0,0.048543032,0.046861116
4085,0.0025131952,0.0,0.037582807,0.007139604,0.0018712874,0.0,0.049594022,0.046867706
4086,0.002724666,0.0,0.03665322,0.0071304063,0.0020034276,0.0,0.04985415,0.04687756
4087,0.0027038644,0.0,0.035853248,0.0071201897,0.0019572517,0.0,0.052498445,0.04688871
4088,0.0025241436,0.0,0.03722307,0.0071089827,0.002004922,0.0,0.048844807,0.046898197
4089,0.0026586968,0.0,0.037711177,0.0071004806,0.0019531539,0.0,0.050165493,0.046905074
4090,0.0027884021,0.0,0.03688972,0.0070931115,0.0019825643,0.0,0.051068887,0.046912752
4091,0.002781159,0.0,0.037867144,0.007086129,0.0019947414,0.0,0.049140904,0.04691864
4092,0.0025710256,0.0,0.036973946,0.007079234,0.001922621,0.0,0.049719334,0.0469227
4093,0.002798007,0.0,0.03705185,0.0070719416,0.0020566562,0.0,0.04952717,0.046925377
4094,0.002907001,0.0,0.036868375,0.007063986,0.0018588103,0.0,0.052293632,0.04693092
4095,0.0028190408,0.0,0.037724007,0.0070554465,0.001957505,0.0,0.049383815,0.04693632
4096,0.0027923798,0.0,0.03722714,0.007046593,0.0020022576,0.0,0.048939403,0.046940528
4097,0.0025375495,0.0,0.037578724,0.0070372773,0.0020054306,0.0,0.05012613,0.04694304
4098,0.0028257975,0.0,0.036958344,0.0070272572,0.0018782926,0.0,0.05018136,0.046944797
4099,0.0028900483,0.0,0.037690654,0.007016448,0.0019360132,0.0,0.04950021,0.046947464
4100,0.002516278,0.0,0.03774585,0.0070049693,0.001945653,0.0,0.051950168,0.046948817
4101,0.0027642865,0.0,0.03759749,0.00699274,0.0019900259,0.0,0.04814005,0.046950858
4102,0.0027225132,0.0,0.036195382,0.0069812676,0.0018887572,0.0,0.048008498,0.046952788
4103,0.0029722964,0.0,0.037046954,0.0069697564,0.0020543304,0.0,0.048796024,0.046953306
4104,0.0026425023,0.0,0.037139468,0.006958149,0.0019653304,0.0,0.05242866,0.046952333
4105,0.0026333341,0.0,0.036803547,0.0069469046,0.0021252444,0.0,0.05094557,0.046951488
4106,0.0028029825,0.0,0.036430046,0.006936035,0.0018618337,0.0,0.048934877,0.046953477
4107,0.002689835,0.0,0.037107926,0.0069250325,0.001987253,0.0,0.050079085,0.046953525
4108,0.0028166855,0.0,0.037661463,0.0069137826,0.0019186503,0.0,0.049817774,0.046952102
4109,0.00258927,0.0,0.036399018,0.0069022817,0.0020664267,0.0,0.051741574,0.04695092
4110,0.0027630304,0.0,0.036847904,0.0068906303,0.002005548,0.0,0.05144202,0.046948526
4111,0.0029464343,0.0,0.037898447,0.0068786843,0.0019978539,0.0,0.05041373,0.046946954
4112,0.0027164887,0.0,0.036919143,0.0068668844,0.0019647782,0.0,0.047892243,0.046943795
4113,0.0026240512,0.0,0.037199736,0.00685513,0.0022272263,0.0,0.05095571,0.046939857
4114,0.002620325,0.0,0.036676202,0.0068431967,0.0019903083,0.0,0.050008662,0.046938296
4115,0.0028028581,0.0,0.03783095,0.0068310783,0.0021628272,0.0,0.049007,0.046938233
4116,0.0026964732,0.0,0.037754618,0.006818745,0.0021022975,0.0,0.051063787,0.0469382
4117,0.0025653755,0.0,0.0366416,0.006807013,0.0021926893,0.0,0.05057628,0.0469421
4118,0.002747479,0.0,0.0371797,0.0067952406,0.0020387976,0.0,0.04871743,0.046947222
4119,0.002651961,0.0,0.0365858,0.0067833816,0.002005279,0.0,0.05041263,0.046949603
4120,0.0025988785,0.0,0.0374522,0.0067716883,0.0020916204,0.0,0.050590225,0.0469499
4121,0.0027660101,0.0,0.03753995,0.006759916,0.0020560755,0.0,0.051883094,0.046948187
4122,0.0026640878,0.0,0.037577987,0.006748054,0.0020182724,0.0,0.051610503,0.046946842
4123,0.002548641,0.0,0.03617872,0.006736531,0.0019826277,0.0,0.050705336,0.046945304
4124,0.002701843,0.0,0.036835358,0.006729794,0.0019461778,0.0,0.04893776,0.04694647
4125,0.0029549634,0.0,0.037064165,0.006724552,0.0019927588,0.0,0.050007273,0.046945263
4126,0.0026284994,0.0,0.03647617,0.0067200484,0.00201411,0.0,0.048513785,0.04694172
4127,0.0027916345,0.0,0.03603435,0.0067157955,0.0020456433,0.0,0.04892728,0.046939444
4128,0.0028891065,0.0,0.03684827,0.006711405,0.0020077673,0.0,0.0506221,0.046936102
4129,0.0026676864,0.0,0.035879955,0.0067066154,0.001967166,0.0,0.04766175,0.046932124
4130,0.002771192,0.0,0.037319034,0.0067012818,0.0017583523,0.0,0.04810501,0.04692573
4131,0.0028160524,0.0,0.037391458,0.006698608,0.0019566808,0.0,0.05105374,0.046918713
4132,0.002775567,0.0,0.0369441,0.0066964566,0.0019078152,0.0,0.050852034,0.046912346
4133,0.0028317685,0.0,0.037453353,0.006694423,0.0019156635,0.0,0.04858269,0.04690777
4134,0.002706241,0.0,0.036829527,0.0066927993,0.0019564573,0.0,0.049397174,0.046900954
4135,0.0025732047,0.0,0.03799126,0.006691046,0.001961941,0.0,0.048327412,0.046894286
4136,0.0026368394,0.0,0.037235938,0.006688855,0.0019666934,0.0,0.048430704,0.04688729
4137,0.0029188134,0.0,0.03639174,0.00668614,0.001891614,0.0,0.050343137,0.04688116
4138,0.002491654,0.0,0.037682664,0.006682684,0.0019849048,0.0,0.05049221,0.04687533
4139,0.00287818,0.0,0.037581675,0.006678887,0.0018913847,0.0,0.050152384,0.04687026
4140,0.0026586,0.0,0.03778569,0.0066751726,0.0019766085,0.0,0.048220035,0.046864793
4141,0.002866649,0.0,0.037467003,0.0066708443,0.0019562996,0.0,0.050554153,0.046858028
4142,0.0025692882,0.0,0.03768043,0.0066658487,0.0018574175,0.0,0.050433055,0.0468516
4143,0.0027904033,0.0,0.037991527,0.0066613993,0.001877669,0.0,0.048798785,0.04684611
4144,0.0027693883,0.0,0.036183275,0.006656449,0.0018566317,0.0,0.04920385,0.046845347
4145,0.0026781077,0.0,0.036886852,0.0066509787,0.001979576,0.0,0.05236335,0.046846844
4146,0.0028501179,0.0,0.03733161,0.0066506257,0.001952481,0.0,0.048932347,0.046848893
4147,0.002736277,0.0,0.03751622,0.006652318,0.0020023328,0.0,0.05203369,0.046849
4148,0.0028082207,0.0,0.036227282,0.006655072,0.0019230406,0.0,0.049106017,0.04685185
4149,0.0030034224,0.0,0.036733758,0.0066594817,0.0017764148,0.0,0.049043447,0.04685488
4150,0.0027450335,0.0,0.03737026,0.006663814,0.0017494981,0.0,0.04943114,0.046858918
4151,0.002735261,0.0,0.037751973,0.006667554,0.0018354789,0.0,0.049141962,0.04686249
4152,0.0026314296,0.0,0.03649812,0.0066702804,0.0019330286,0.0,0.0508154,0.046863902
4153,0.0027341943,0.0,0.037645955,0.0066720457,0.0017970736,0.0,0.053796016,0.04686631
4154,0.0028798408,0.0,0.0377975,0.0066731866,0.0018249518,0.0,0.05160299,0.046867535
4155,0.0029120883,0.0,0.036615174,0.006673402,0.0018732465,0.0,0.049606316,0.046869036
4156,0.0024504228,0.0,0.037038334,0.0066727325,0.001933228,0.0,0.051653095,0.04686855
4157,0.0025470469,0.0,0.037791435,0.0066710077,0.0018743046,0.0,0.049358353,0.04686961
4158,0.0029083039,0.0,0.036073197,0.0066784574,0.001817131,0.0,0.049885947,0.046871312
4159,0.0028797165,0.0,0.0380118,0.0066906647,0.0019583716,0.0,0.04897096,0.046873525
4160,0.0027165362,0.0,0.0361993,0.00670768,0.0020097303,0.0,0.048987977,0.046874966
4161,0.0027458714,0.0,0.037440367,0.006725991,0.0018549785,0.0,0.048578214,0.0468779
4162,0.0028766228,0.0,0.036643077,0.006744373,0.001991162,0.0,0.04954252,0.046878975
4163,0.0027125294,0.0,0.036785774,0.006762962,0.0018955978,0.0,0.05044381,0.046879463
4164,0.0029623974,0.0,0.03848939,0.006780347,0.0019865385,0.0,0.050334945,0.046878878
4165,0.0026379044,0.0,0.036862765,0.006795861,0.0017777488,0.0,0.05067146,0.046879377
4166,0.0027739573,0.0,0.036281347,0.006809203,0.0020735303,0.0,0.049016897,0.046879027
4167,0.002800906,0.0,0.036861595,0.006821192,0.0018523852,0.0,0.04873007,0.046876706
4168,0.002905172,0.0,0.036954865,0.00683136,0.0019495768,0.0,0.052153327,0.046875
4169,0.0028226932,0.0,0.037433445,0.0068394216,0.001906648,0.0,0.050630126,0.046873428
4170,0.0026913786,0.0,0.037738185,0.0068459557,0.0020787343,0.0,0.049453124,0.046870787
4171,0.0026819084,0.0,0.03669309,0.0068554403,0.002017659,0.0,0.048417497,0.046867087
4172,0.0026840237,0.0,0.03755686,0.006863901,0.0021654435,0.0,0.04968498,0.046866223
4173,0.002742428,0.0,0.03671098,0.0068709534,0.001967378,0.0,0.0504108,0.04686563
4174,0.0025909152,0.0,0.037292413,0.006876809,0.001983494,0.0,0.049726803,0.046866115
4175,0.0028694903,0.0,0.03707903,0.00688095,0.0019900505,0.0,0.053825814,0.046865523
4176,0.0027354131,0.0,0.036285978,0.0068833004,0.0020418316,0.0,0.05235587,0.04686753
4177,0.0028204992,0.0,0.03689958,0.006883863,0.0019868829,0.0,0.050455466,0.0468706
4178,0.0030459836,0.0,0.037486166,0.0068833088,0.0019779855,0.0,0.052186616,0.04687156
4179,0.0026934866,0.0,0.036883216,0.0068812408,0.0019544712,0.0,0.051336765,0.046874158
4180,0.0028424775,0.0,0.037465572,0.0068783974,0.0019473649,0.0,0.049339518,0.046876635
4181,0.0029170066,0.0,0.037378415,0.0068749157,0.0019477484,0.0,0.052775964,0.046877857
4182,0.002604475,0.0,0.036619995,0.006876457,0.0019523028,0.0,0.052360486,0.046880543
4183,0.0026988958,0.0,0.036938068,0.006879798,0.0020151902,0.0,0.051398873,0.04687938
4184,0.0027797022,0.0,0.03655013,0.0068840454,0.0019530661,0.0,0.05229025,0.046877153
4185,0.0026867515,0.0,0.037526537,0.006890818,0.002015485,0.0,0.053362843,0.04687334
4186,0.0028777528,0.0,0.03692496,0.0068977177,0.001971364,0.0,0.05094146,0.046869945
4187,0.002633981,0.0,0.037169427,0.0069039147,0.0018482807,0.0,0.04787836,0.04686701
4188,0.0024924143,0.0,0.03663293,0.0069096354,0.0020116956,0.0,0.049043614,0.046862222
4189,0.0027072842,0.0,0.037203208,0.0069140857,0.0018861075,0.0,0.050360627,0.046855576
4190,0.0024858888,0.0,0.03654956,0.006916951,0.001954933,0.0,0.049327347,0.04684809
4191,0.0027231644,0.0,0.037117194,0.006919693,0.0020274073,0.0,0.050683912,0.046843346
4192,0.0030216605,0.0,0.036572002,0.0069208406,0.0019024342,0.0,0.047547966,0.046840817
4193,0.0027321074,0.0,0.037445214,0.006920464,0.0019008925,0.0,0.051616564,0.046838176
4194,0.0027173758,0.0,0.036790106,0.0069243237,0.0018469786,0.0,0.049643405,0.046835687
4195,0.0027064998,0.0,0.03671875,0.0069299927,0.0018910143,0.0,0.04961669,0.04683247
4196,0.0025702443,0.0,0.036906682,0.0069356947,0.001965169,0.0,0.048113298,0.04682991
4197,0.0026234216,0.0,0.037127297,0.006941854,0.0018100749,0.0,0.04952526,0.046826717
4198,0.0025769798,0.0,0.036834396,0.0069497223,0.0019810884,0.0,0.049264077,0.046823684
4199,0.0028275007,0.0,0.037475515,0.0069586947,0.0018738257,0.0,0.05055016,0.046819907
4200,0.0028462848,0.0,0.037111185,0.006966775,0.001949312,0.0,0.05026826,0.04681718
4201,0.0028447132,0.0,0.036938842,0.006974614,0.001796137,0.0,0.049374532,0.046815634
4202,0.0029762075,0.0,0.037343632,0.006983889,0.0019340629,0.0,0.04910082,0.0468131
4203,0.0026435878,0.0,0.036954936,0.0069920737,0.0019210778,0.0,0.048957873,0.04681183
4204,0.0028729134,0.0,0.036297075,0.006999112,0.0019617614,0.0,0.048272047,0.046806525
4205,0.002730297,0.0,0.0377911,0.0070053455,0.001862444,0.0,0.052190892,0.046798818
4206,0.0026817764,0.0,0.036661502,0.0070103207,0.0019004641,0.0,0.05087366,0.04679378
4207,0.0026804782,0.0,0.037231892,0.0070158886,0.0019461096,0.0,0.05147347,0.046789914
4208,0.0030438283,0.0,0.03623189,0.007019903,0.0018568346,0.0,0.049745172,0.04678751
4209,0.002835446,0.0,0.036379285,0.007022372,0.0020060875,0.0,0.050455205,0.046784822
4210,0.0026740108,0.0,0.03692676,0.00702288,0.0019385065,0.0,0.049843326,0.04678273
4211,0.0030332447,0.0,0.036954664,0.0070214015,0.00193828,0.0,0.05096113,0.046781164
4212,0.0027274964,0.0,0.037894536,0.0070188805,0.0018855254,0.0,0.049912494,0.046779215
4213,0.0027118793,0.0,0.03678014,0.0070146904,0.0019720562,0.0,0.047760975,0.046778627
4214,0.002648446,0.0,0.03675652,0.007008888,0.002091369,0.0,0.04851857,0.046776377
4215,0.0026706576,0.0,0.037723966,0.0070015937,0.002068318,0.0,0.050863244,0.046773594
4216,0.0028800194,0.0,0.03677315,0.006992924,0.0021193211,0.0,0.054067217,0.046771444
4217,0.0026140076,0.0,0.036805935,0.0069830227,0.001916402,0.0,0.05169205,0.046770044
4218,0.0026081875,0.0,0.038028393,0.006972727,0.0020297116,0.0,0.050057005,0.046769556
4219,0.0027696232,0.0,0.037632786,0.006962066,0.0019457551,0.0,0.048091013,0.046769485
4220,0.002852032,0.0,0.037255898,0.0069508054,0.001989859,0.0,0.04851736,0.046767857
4221,0.0026203315,0.0,0.0376232,0.0069389488,0.0019346374,0.0,0.048593815,0.04676695
4222,0.0027451883,0.0,0.036400415,0.006926481,0.0021536208,0.0,0.049226087,0.046764225
4223,0.0030614838,0.0,0.03644475,0.006920429,0.0019278564,0.0,0.05057116,0.046762343
4224,0.002924831,0.0,0.036708985,0.006916084,0.0021051485,0.0,0.050316587,0.046757136
4225,0.0028149744,0.0,0.036692746,0.0069125807,0.0019044385,0.0,0.049765702,0.04675
4226,0.0027331118,0.0,0.037793797,0.0069108726,0.0020148545,0.0,0.053398475,0.046744063
4227,0.0026228053,0.0,0.03685636,0.0069090812,0.0019058791,0.0,0.05066526,0.046741195
4228,0.0027043412,0.0,0.0369565,0.0069072503,0.002115546,0.0,0.05138794,0.04673765
4229,0.0027155522,0.0,0.037795585,0.0069049955,0.0018422042,0.0,0.049765144,0.046735134
4230,0.0027593544,0.0,0.038032275,0.0069015604,0.0021412787,0.0,0.047495697,0.04673256
4231,0.0025841186,0.0,0.03669909,0.006896802,0.0017381113,0.0,0.04935212,0.046729952
4232,0.0027692462,0.0,0.03793393,0.0068910257,0.0019213187,0.0,0.052183423,0.046728518
4233,0.0027035389,0.0,0.037925474,0.006883987,0.002030621,0.0,0.050433867,0.046729613
4234,0.0027859923,0.0,0.037317,0.00687596,0.0019968462,0.0,0.051448725,0.04673114
4235,0.0026357467,0.0,0.037084278,0.006866874,0.0019783434,0.0,0.049964342,0.04673184
4236,0.002726161,0.0,0.03707984,0.0068567665,0.0019016328,0.0,0.05053699,0.046733133
4237,0.0026157089,0.0,0.03737188,0.006851535,0.0019355215,0.0,0.052856404,0.0467356
4238,0.002522325,0.0,0.037043843,0.006847017,0.0021328998,0.0,0.049712993,0.04673976
4239,0.0027787944,0.0,0.037146315,0.0068438016,0.002060281,0.0,0.04963514,0.046744
4240,0.0025089816,0.0,0.03706855,0.0068464302,0.0019820035,0.0,0.049183015,0.046747763
4241,0.0028164291,0.0,0.036030237,0.00685032,0.0019487761,0.0,0.04998767,0.046752237
4242,0.002690128,0.0,0.03651311,0.0068551605,0.0020864566,0.0,0.04754459,0.04675662
4243,0.0025997306,0.0,0.03747037,0.006859569,0.002122878,0.0,0.048906762,0.046758253
4244,0.0026952426,0.0,0.03763027,0.006863043,0.0020713527,0.0,0.047835868,0.046759557
4245,0.00253894,0.0,0.036549516,0.0068654683,0.0020073983,0.0,0.049479738,0.046760812
4246,0.002794201,0.0,0.037879463,0.006866375,0.002094541,0.0,0.04822306,0.04676266
4247,0.002641224,0.0,0.037898205,0.006867423,0.0020945761,0.0,0.0511645,0.04676428
4248,0.0028097068,0.0,0.036350425,0.0068674353,0.0020254964,0.0,0.048903972,0.046764784
4249,0.00279952,0.0,0.03692254,0.0068662683,0.0020569488,0.0,0.053887114,0.046766184
4250,0.002883308,0.0,0.037830386,0.006863711,0.0020623202,0.0,0.052224077,0.046769213
4251,0.002538366,0.0,0.037013352,0.0068598515,0.0020174985,0.0,0.04937052,0.046773337
4252,0.0026668208,0.0,0.03775199,0.006855025,0.0019706273,0.0,0.048919704,0.04677786
4253,0.0026648655,0.0,0.037354346,0.0068496196,0.0019968813,0.0,0.050818086,0.04677912
4254,0.002741898,0.0,0.037734173,0.0068431725,0.002012757,0.0,0.05241511,0.046779864
4255,0.0026401037,0.0,0.03673746,0.0068357023,0.002039411,0.0,0.050561577,0.046782095
4256,0.0026019742,0.0,0.03828494,0.0068274294,0.0021776394,0.0,0.048622783,0.046786785
4257,0.002905176,0.0,0.03739588,0.0068220855,0.0020338318,0.0,0.04760581,0.046791244
4258,0.002687105,0.0,0.03741465,0.006819455,0.0020814643,0.0,0.051129866,0.04679384
4259,0.0026637067,0.0,0.036688454,0.0068170815,0.001966177,0.0,0.050243486,0.046797756
4260,0.0026557324,0.0,0.03764111,0.006814666,0.0020437334,0.0,0.048541203,0.046800066
4261,0.0026738113,0.0,0.036951482,0.006811767,0.0018312983,0.0,0.04887925,0.046802737
4262,0.002734368,0.0,0.037440013,0.0068080914,0.002106878,0.0,0.051484175,0.04680519
4263,0.0026371817,0.0,0.037272416,0.0068034176,0.0018240112,0.0,0.051187407,0.046807855
4264,0.0024475926,0.0,0.037042458,0.0067976783,0.0021494993,0.0,0.050136648,0.046809305
4265,0.0026732634,0.0,0.03687116,0.006790811,0.0020369354,0.0,0.04889916,0.046812564
4266,0.0027479986,0.0,0.036733612,0.0067830165,0.0021534602,0.0,0.048429966,0.046818864
4267,0.0028738223,0.0,0.036759887,0.0067743044,0.0018843961,0.0,0.04991185,0.04682416
4268,0.0028056635,0.0,0.03751093,0.006764746,0.0020512629,0.0,0.0559563,0.04683068
4269,0.0027076208,0.0,0.037130818,0.006754413,0.0020051594,0.0,0.05020825,0.04683793
4270,0.0028341995,0.0,0.03684128,0.006743593,0.0020134076,0.0,0.052518114,0.04684338
4271,0.002771776,0.0,0.03765142,0.0067322454,0.0020799357,0.0,0.04973258,0.046848293
4272,0.002550841,0.0,0.036808427,0.0067265974,0.0018199801,0.0,0.050837036,0.046852816
4273,0.002575078,0.0,0.03786682,0.006722648,0.0019429523,0.0,0.048750564,0.04685602
4274,0.0027420665,0.0,0.037768982,0.0067196777,0.001973888,0.0,0.050698448,0.046860177
4275,0.002575587,0.0,0.036487725,0.0067170165,0.0019084299,0.0,0.04915257,0.046867058
4276,0.0027091803,0.0,0.037346616,0.0067153606,0.0021191936,0.0,0.05027128,0.046872653
4277,0.0026365805,0.0,0.037399743,0.0067133685,0.001977225,0.0,0.05113359,0.04687741
4278,0.0028325643,0.0,0.03776932,0.006710767,0.001853211,0.0,0.0510088,0.046879668
4279,0.0025447486,0.0,0.036789905,0.0067095864,0.0019056986,0.0,0.051314246,0.04687989
4280,0.0025807198,0.0,0.037201013,0.0067078904,0.0019607868,0.0,0.05002317,0.046880413
4281,0.0025403216,0.0,0.03740117,0.0067054825,0.0020067482,0.0,0.050176255,0.046881314
4282,0.0024548306,0.0,0.03761922,0.00670338,0.0019247455,0.0,0.049735148,0.04688213
4283,0.0025434026,0.0,0.0370665,0.00670072,0.0018777892,0.0,0.053888828,0.046881698
4284,0.002703905,0.0,0.037815254,0.006697362,0.001935634,0.0,0.050489396,0.046885755
4285,0.0026424087,0.0,0.0378785,0.006693629,0.0018612287,0.0,0.04871476,0.046889544
4286,0.0026762497,0.0,0.037220772,0.006689993,0.0019484326,0.0,0.04863546,0.04689148
4287,0.0026377847,0.0,0.03734386,0.006685736,0.0018712456,0.0,0.04898856,0.046892066
4288,0.0029058931,0.0,0.03636721,0.006684018,0.0018899488,0.0,0.050148025,0.04689202
4289,0.002747772,0.0,0.035887804,0.0066825566,0.0018717055,0.0,0.05303944,0.04689408
4290,0.002833405,0.0,0.03714291,0.006680952,0.00196863,0.0,0.05107252,0.046896506
4291,0.0025728364,0.0,0.037531476,0.0066788844,0.0019438035,0.0,0.050598294,0.046899643
4292,0.0027437457,0.0,0.0370461,0.006675963,0.0019127771,0.0,0.053857215,0.046902996
4293,0.0027596646,0.0,0.03667264,0.00667206,0.0020002287,0.0,0.051303208,0.04690705
4294,0.0026987642,0.0,0.036344282,0.006667235,0.0019043974,0.0,0.053003535,0.046908703
4295,0.0025160827,0.0,0.037742335,0.006661437,0.0020527774,0.0,0.04816305,0.046911523
4296,0.0027322506,0.0,0.036644362,0.0066546807,0.0018879466,0.0,0.049945984,0.04691479
4297,0.002595163,0.0,0.036032993,0.006648153,0.0020624672,0.0,0.050626013,0.046916857
4298,0.002770165,0.0,0.03670133,0.0066426266,0.0019649696,0.0,0.05035955,0.046919614
4299,0.0026249816,0.0,0.036535796,0.006636935,0.0021660114,0.0,0.052031923,0.04692132
4300,0.002923309,0.0,0.037740126,0.0066318633,0.0020180116,0.0,0.05148943,0.04692594
4301,0.0027221993,0.0,0.03690593,0.006626797,0.0020814727,0.0,0.050310668,0.046931833
4302,0.0026239364,0.0,0.036968414,0.0066214027,0.001884755,0.0,0.049590446,0.046938177
4303,0.0026939209,0.0,0.036938597,0.006615945,0.002102999,0.0,0.05113437,0.04694551
4304,0.00279777,0.0,0.037393417,0.0066106217,0.0019416593,0.0,0.05186694,0.046951577
4305,0.0028625377,0.0,0.03719798,0.0066050906,0.001926615,0.0,0.0551828,0.04695932
4306,0.0027204182,0.0,0.0368284,0.0066084242,0.0021238679,0.0,0.049944717,0.046972487
4307,0.0025915368,0.0,0.03660802,0.0066210288,0.0022059053,0.0,0.048803277,0.04698439
4308,0.002679635,0.0,0.03743458,0.006639716,0.002133987,0.0,0.051449936,0.046994623
4309,0.0025375893,0.0,0.036585514,0.006661968,0.0021809435,0.0,0.04886434,0.047003742
4310,0.0026286785,0.0,0.037358955,0.006687649,0.0021214841,0.0,0.048587404,0.047010694
4311,0.0026253772,0.0,0.037992246,0.006717844,0.002273215,0.0,0.048581257,0.047018506
4312,0.0027161494,0.0,0.036496513,0.0067505557,0.00217353,0.0,0.051931307,0.047022138
4313,0.0027852834,0.0,0.037543487,0.006783637,0.0021811088,0.0,0.049496267,0.047024645
4314,0.0028557675,0.0,0.03683049,0.006816286,0.0019343662,0.0,0.052498195,0.047025997
4315,0.0025940195,0.0,0.03673928,0.006846787,0.0019373901,0.0,0.05035132,0.04702633
4316,0.0027390858,0.0,0.037875313,0.0068744994,0.001956522,0.0,0.048927173,0.047026146
4317,0.0027481546,0.0,0.03792924,0.006899648,0.0019451571,0.0,0.04735794,0.047024194
4318,0.002679568,0.0,0.03740151,0.006921262,0.0021592462,0.0,0.05070532,0.047024436
4319,0.0026754602,0.0,0.037045646,0.006948949,0.0019645223,0.0,0.049586963,0.047022752
4320,0.0027115732,0.0,0.03769842,0.006978122,0.002103791,0.0,0.051407147,0.047023967
4321,0.0030307726,0.0,0.03738812,0.007007892,0.0019243627,0.0,0.05201278,0.04702593
4322,0.0026388,0.0,0.037617546,0.0070364657,0.0021251142,0.0,0.048496142,0.047026385
4323,0.0027514333,0.0,0.03579027,0.0070632077,0.0019209154,0.0,0.04962102,0.047027115
4324,0.0027142956,0.0,0.037415106,0.0070873755,0.0021303217,0.0,0.049184904,0.047028568
4325,0.0025374815,0.0,0.037726194,0.0071091186,0.0019476697,0.0,0.051759794,0.04702984
4326,0.0026373013,0.0,0.035872236,0.0071276585,0.0020715108,0.0,0.050063767,0.04703191
4327,0.0027773683,0.0,0.037522983,0.007143187,0.0020451231,0.0,0.048887644,0.047035962
4328,0.0028223712,0.0,0.03724746,0.0071556973,0.0020411706,0.0,0.05106889,0.047037985
4329,0.0028649562,0.0,0.037421092,0.0071651675,0.002063798,0.0,0.049613647,0.047042638
4330,0.0028489586,0.0,0.03627254,0.007173067,0.0019589625,0.0,0.047736913,0.047047287
4331,0.002940862,0.0,0.037641753,0.0071789124,0.0019035083,0.0,0.051847834,0.04705176
4332,0.0028638605,0.0,0.037179757,0.007186131,0.00199247,0.0,0.050114,0.047058344
4333,0.002783715,0.0,0.037910383,0.007194207,0.0019666434,0.0,0.048540726,0.047065645
4334,0.0027611463,0.0,0.037052132,0.0072019305,0.0019810398,0.0,0.04880814,0.04707278
4335,0.0026968115,0.0,0.03697606,0.007213507,0.001810561,0.0,0.04885606,0.047075305
4336,0.0027498833,0.0,0.036746334,0.007224227,0.0019961994,0.0,0.04680063,0.04707565
4337,0.0027524978,0.0,0.036097057,0.0072331815,0.0019176234,0.0,0.051902644,0.047073342
4338,0.0026236319,0.0,0.03679096,0.0072406842,0.0019898654,0.0,0.05096434,0.047070973
4339,0.0028708552,0.0,0.0368962,0.007245902,0.0019993542,0.0,0.050621793,0.04706875
4340,0.002685327,0.0,0.037614685,0.007248581,0.0020031203,0.0,0.04850178,0.047063988
4341,0.002888694,0.0,0.03724192,0.0072486517,0.001987172,0.0,0.04948114,0.047059726
4342,0.002722396,0.0,0.03757309,0.0072486782,0.0019568135,0.0,0.048816252,0.047055192
4343,0.0028638078,0.0,0.03735231,0.007251726,0.0019419132,0.0,0.048477165,0.047051374
4344,0.0025319767,0.0,0.037638687,0.007254356,0.0019421863,0.0,0.051398207,0.047046095
4345,0.002826293,0.0,0.037180744,0.007257327,0.0019919847,0.0,0.049973942,0.047041114
4346,0.0027894739,0.0,0.037550997,0.007259139,0.00197024,0.0,0.05075573,0.047038257
4347,0.0027197846,0.0,0.0363943,0.0072683226,0.0019218725,0.0,0.047412053,0.04703502
4348,0.0026820877,0.0,0.037969243,0.0072804815,0.0020467285,0.0,0.04788071,0.047029156
4349,0.0025862332,0.0,0.036551923,0.0072939736,0.0020312015,0.0,0.05077135,0.047021072
4350,0.0028273114,0.0,0.037180997,0.0073074233,0.0020572625,0.0,0.048297442,0.04701401
4351,0.002720911,0.0,0.03708528,0.007319694,0.0021218325,0.0,0.050118417,0.04700758
4352,0.0026871988,0.0,0.037356466,0.0073303357,0.002085687,0.0,0.04943129,0.047000255
4353,0.0026423186,0.0,0.036467034,0.0073387455,0.0018931084,0.0,0.052085415,0.046993233
4354,0.002825204,0.0,0.037857942,0.007344656,0.0020565076,0.0,0.048391506,0.046985064
4355,0.002633212,0.0,0.03772699,0.007347925,0.0020215262,0.0,0.05051565,0.046975102
4356,0.0027970765,0.0,0.036972817,0.0073486017,0.0019808372,0.0,0.050339546,0.046963174
4357,0.0029118932,0.0,0.036820795,0.0073469407,0.0019885753,0.0,0.049458154,0.046951797
4358,0.0027137867,0.0,0.037400547,0.007344108,0.0019326031,0.0,0.04814771,0.046939224
4359,0.0027325016,0.0,0.038288258,0.007339368,0.0019872603,0.0,0.050023973,0.04692765
4360,0.002768287,0.0,0.037174027,0.0073327036,0.001932069,0.0,0.049339805,0.046916764
4361,0.0026731824,0.0,0.03727336,0.007324164,0.0020756552,0.0,0.05306929,0.04690646
4362,0.0028703453,0.0,0.03750084,0.007313818,0.0019548547,0.0,0.049714543,0.046896663
4363,0.0026499555,0.0,0.036920995,0.0073017958,0.001932614,0.0,0.048911188,0.046884898
4364,0.0027686306,0.0,0.03686504,0.0072884937,0.0020584513,0.0,0.050945282,0.04687584
4365,0.002676887,0.0,0.037209615,0.0072738533,0.0020014078,0.0,0.05211437,0.046869997
4366,0.0027074807,0.0,0.036490608,0.007258491,0.0019178882,0.0,0.049415264,0.04686709
4367,0.0026667763,0.0,0.037580673,0.007242819,0.0021678417,0.0,0.05075311,0.046865363
4368,0.0025247587,0.0,0.037066594,0.0072265137,0.0019511782,0.0,0.05054781,0.046861745
4369,0.0027464237,0.0,0.037003882,0.0072096214,0.0020359019,0.0,0.05113112,0.046858475
4370,0.002888722,0.0,0.0371251,0.0071921656,0.0020497374,0.0,0.050982673,0.04685436
4371,0.0027847327,0.0,0.037044633,0.007174187,0.0018906817,0.0,0.0497787,0.04685069
4372,0.0027566736,0.0,0.036843058,0.0071559884,0.0018914948,0.0,0.050944686,0.04684512
4373,0.0026526442,0.0,0.036181632,0.0071380213,0.0020457832,0.0,0.049234327,0.046840042
4374,0.0026846204,0.0,0.03766324,0.0071199606,0.0020249316,0.0,0.049340464,0.04683392
4375,0.0025783842,0.0,0.037150286,0.007101762,0.0019287348,0.0,0.05114905,0.046827894
4376,0.0027267828,0.0,0.037043072,0.0070841615,0.0018239046,0.0,0.052586813,0.04682298
4377,0.0027974609,0.0,0.036119487,0.0070672925,0.0021838786,0.0,0.052727792,0.04681646
4378,0.002808702,0.0,0.036616437,0.0070505524,0.0021289464,0.0,0.050768185,0.04681301
4379,0.0026877585,0.0,0.036921185,0.0070339222,0.0019638466,0.0,0.0529404,0.046810824
4380,0.0027397266,0.0,0.037884522,0.0070173456,0.0021213929,0.0,0.051673412,0.046811517
4381,0.0027191238,0.0,0.03684787,0.007000791,0.0020369499,0.0,0.047784295,0.046813097
4382,0.0028275142,0.0,0.03728937,0.0069841594,0.0021075527,0.0,0.04965065,0.04681252
4383,0.0027421382,0.0,0.036104575,0.006967423,0.0020930867,0.0,0.052099887,0.046812434
4384,0.0027441264,0.0,0.03648418,0.0069505777,0.0022752688,0.0,0.049097374,0.046810497
4385,0.0026404217,0.0,0.037168648,0.0069344486,0.0020548666,0.0,0.049419854,0.0468099
4386,0.0027393047,0.0,0.037679456,0.006919655,0.0020060528,0.0,0.04987381,0.046809703
4387,0.0027073964,0.0,0.036950868,0.0069071483,0.0021480357,0.0,0.047232796,0.046809573
4388,0.0025683313,0.0,0.036523446,0.006895517,0.001971217,0.0,0.050057504,0.04680896
4389,0.0025685304,0.0,0.03781575,0.0068850415,0.002158513,0.0,0.04944488,0.04680774
4390,0.0026181806,0.0,0.036223937,0.006876096,0.00217467,0.0,0.04729,0.046805847
4391,0.002943561,0.0,0.037198298,0.0068677636,0.0020211707,0.0,0.0512645,0.046802357
4392,0.0028777483,0.0,0.037444863,0.0068598865,0.0018856681,0.0,0.050170634,0.04679797
4393,0.0027844156,0.0,0.03695961,0.006851996,0.0020435383,0.0,0.048857007,0.046793908
4394,0.002729792,0.0,0.037781473,0.006843797,0.0019848659,0.0,0.04982093,0.046792027
4395,0.0025734853,0.0,0.03703439,0.006838329,0.0019912669,0.0,0.049686704,0.046790417
4396,0.002721236,0.0,0.03718516,0.006833668,0.0019874445,0.0,0.047020026,0.046791892
4397,0.0027551174,0.0,0.037316326,0.0068307994,0.0019904296,0.0,0.0468533,0.046791077
4398,0.0026119142,0.0,0.03707856,0.0068286387,0.0020118144,0.0,0.05339211,0.04678876
4399,0.0026625816,0.0,0.03641977,0.006829615,0.0019836873,0.0,0.049312167,0.046787877
4400,0.0026081898,0.0,0.037597153,0.006831136,0.0018793608,0.0,0.052109145,0.04678785
4401,0.002773855,0.0,0.03761476,0.006832858,0.0019449228,0.0,0.0493221,0.04679238
4402,0.002740371,0.0,0.037528977,0.006833958,0.0019397736,0.0,0.046852067,0.0467984
4403,0.0026871837,0.0,0.03686796,0.0068361065,0.0019239828,0.0,0.053533886,0.046800498
4404,0.0027789006,0.0,0.036323577,0.006838969,0.00209681,0.0,0.05187081,0.046804506
4405,0.0026797946,0.0,0.03702298,0.0068434738,0.0020054628,0.0,0.051330503,0.04680802
4406,0.002723398,0.0,0.03694253,0.006849585,0.0019462678,0.0,0.05017354,0.046810396
4407,0.002818573,0.0,0.03771932,0.0068557593,0.0019541006,0.0,0.04836871,0.046813883
4408,0.0028387303,0.0,0.03652489,0.0068612974,0.0019467026,0.0,0.047706507,0.046815716
4409,0.0026878163,0.0,0.037097063,0.006868419,0.0019839613,0.0,0.053495772,0.04681673
4410,0.00261407,0.0,0.038120024,0.0068747434,0.0018555959,0.0,0.04921316,0.046822898
4411,0.0027589616,0.0,0.036642358,0.006886762,0.0019724257,0.0,0.050639804,0.04682957
4412,0.0028237395,0.0,0.037233178,0.0068996954,0.0019533942,0.0,0.050479177,0.046836283
4413,0.0030756418,0.0,0.037103083,0.006912336,0.0019545828,0.0,0.048478547,0.0468429
4414,0.002797091,0.0,0.037901707,0.0069241556,0.0019022241,0.0,0.053927336,0.046849895
4415,0.0030059826,0.0,0.03648843,0.00693433,0.0018705345,0.0,0.051074095,0.046858426
4416,0.0027631635,0.0,0.035985626,0.0069424356,0.0018281142,0.0,0.049320187,0.04686606
4417,0.002803816,0.0,0.037172563,0.006948254,0.0018167631,0.0,0.049647078,0.046875566
4418,0.002673208,0.0,0.037045762,0.0069517107,0.0018983769,0.0,0.04870043,0.046880107
4419,0.002705288,0.0,0.03663458,0.0069528376,0.0018257818,0.0,0.050379407,0.046882577
4420,0.0029846122,0.0,0.036673624,0.006951724,0.0019230376,0.0,0.048293922,0.046886098
4421,0.0029651637,0.0,0.036339622,0.006949148,0.0019050236,0.0,0.048973758,0.046888832
4422,0.0029817615,0.0,0.0374578,0.0069458704,0.0018726287,0.0,0.04852855,0.046888728
4423,0.002921309,0.0,0.036845397,0.006942627,0.0019362516,0.0,0.04884936,0.04688816
4424,0.0028432005,0.0,0.037029743,0.006938207,0.0019941202,0.0,0.049462143,0.04688574
4425,0.0028318067,0.0,0.03721198,0.0069326493,0.0019833008,0.0,0.05133211,0.046883367
4426,0.0027870594,0.0,0.03674205,0.0069268723,0.0019588931,0.0,0.049998906,0.046880372
4427,0.0029502593,0.0,0.036570042,0.006920533,0.0020737357,0.0,0.051374223,0.046877973
4428,0.0027688525,0.0,0.03713654,0.006913569,0.0019055123,0.0,0.047515664,0.04687633
4429,0.0028637806,0.0,0.036329206,0.0069063865,0.0018814338,0.0,0.047531396,0.04687344
4430,0.0028345173,0.0,0.03731361,0.0068983543,0.0020842145,0.0,0.04908834,0.046870254
4431,0.0026224356,0.0,0.03712532,0.006889531,0.0020282224,0.0,0.049898554,0.04686634
4432,0.0029087649,0.0,0.036333397,0.006880041,0.001896675,0.0,0.050337624,0.04686185
4433,0.0026103288,0.0,0.0360597,0.0068696802,0.0019917286,0.0,0.051421672,0.04685742
4434,0.0027156468,0.0,0.037566923,0.0068584397,0.001996435,0.0,0.051812634,0.04685327
4435,0.002915806,0.0,0.03650274,0.006846452,0.0020659347,0.0,0.049739238,0.046854105
4436,0.0028536206,0.0,0.036288504,0.0068337913,0.0020632104,0.0,0.049429342,0.046856284
4437,0.002771985,0.0,0.03648072,0.006822254,0.0020186426,0.0,0.049867637,0.04685686
4438,0.0028484175,0.0,0.037914097,0.0068107666,0.0020183276,0.0,0.050677888,0.04685645
4439,0.0026942047,0.0,0.037262708,0.006799088,0.0020083953,0.0,0.051173452,0.046855725
4440,0.0027234275,0.0,0.037606988,0.006788008,0.001869391,0.0,0.04860525,0.046852566
4441,0.002848584,0.0,0.03735251,0.0067769606,0.0020508945,0.0,0.049533345,0.046849176
4442,0.002702718,0.0,0.036917925,0.0067657623,0.0019577406,0.0,0.053075615,0.046844788
4443,0.0025916866,0.0,0.0373094,0.0067542717,0.0019802307,0.0,0.049358882,0.046842
4444,0.0028846466,0.0,0.035923388,0.006742688,0.0019859883,0.0,0.049499065,0.04684118
4445,0.0026536563,0.0,0.036590435,0.00673076,0.0018745095,0.0,0.052337512,0.046838842
4446,0.002483267,0.0,0.037530936,0.0067186137,0.0018958963,0.0,0.048607267,0.04683812
4447,0.0025333695,0.0,0.03775078,0.0067061502,0.0018838728,0.0,0.04684584,0.04683634
4448,0.0026529785,0.0,0.037740365,0.0066938275,0.0017973443,0.0,0.052400883,0.046833497
4449,0.0028983355,0.0,0.036754422,0.0066812886,0.001915016,0.0,0.04876968,0.04683104
4450,0.002672589,0.0,0.03712872,0.0066691833,0.0019099265,0.0,0.05196924,0.046828825
4451,0.0026039095,0.0,0.037170656,0.0066586277,0.0019399313,0.0,0.05018843,0.046828814
4452,0.0027050807,0.0,0.036875844,0.0066531384,0.0018184873,0.0,0.05013185,0.046829786
4453,0.0025710468,0.0,0.037978984,0.0066499705,0.001989855,0.0,0.048146002,0.046832822
4454,0.0025740548,0.0,0.036182813,0.0066481624,0.0019537583,0.0,0.050590996,0.04683312
4455,0.0025672144,0.0,0.036835786,0.006647208,0.0019482254,0.0,0.053188812,0.04683492
4456,0.002664107,0.0,0.036747575,0.006648281,0.0018799073,0.0,0.04820816,0.046840947
4457,0.0027224433,0.0,0.037000947,0.006650473,0.0020647505,0.0,0.048291955,0.046848882
4458,0.0027284303,0.0,0.036501624,0.00665212,0.0018908388,0.0,0.049332175,0.04685522
4459,0.0026624925,0.0,0.03692732,0.006652789,0.0019786088,0.0,0.04970231,0.046860456
4460,0.0026712106,0.0,0.037920788,0.00665627,0.0020660164,0.0,0.050087642,0.0468652
4461,0.0028384358,0.0,0.036902953,0.006662904,0.0020581658,0.0,0.049236972,0.046868697
4462,0.0026019642,0.0,0.0361453,0.0066716936,0.0020053517,0.0,0.051576003,0.04686931
4463,0.0025331064,0.0,0.03694055,0.0066808546,0.0020278986,0.0,0.05002165,0.046870846
4464,0.0028193712,0.0,0.03709108,0.0066891955,0.0018953114,0.0,0.050626732,0.046870697
4465,0.002464293,0.0,0.0370229,0.0066964403,0.0021494543,0.0,0.049795445,0.04687227
4466,0.0027000126,0.0,0.037726913,0.006702056,0.00206436,0.0,0.051294487,0.046874225
4467,0.0028615447,0.0,0.036823392,0.006709211,0.0020709212,0.0,0.050361846,0.046875957
4468,0.002882294,0.0,0.037064612,0.00671745,0.0021572856,0.0,0.05085383,0.046877984
4469,0.0026939968,0.0,0.03728222,0.0067252386,0.0019260036,0.0,0.05103694,0.046878606
4470,0.0027044725,0.0,0.036945947,0.006731866,0.0021685665,0.0,0.050593898,0.046880875
4471,0.002750347,0.0,0.036844324,0.0067370357,0.0019206913,0.0,0.050459385,0.04688359
4472,0.00269283,0.0,0.037719093,0.006740575,0.0020462433,0.0,0.05004521,0.04688743
4473,0.0027324646,0.0,0.036030784,0.0067447834,0.0020476435,0.0,0.050797794,0.04689286
4474,0.0025056466,0.0,0.036837976,0.00674792,0.0019198463,0.0,0.0491303,0.046899065
4475,0.002649358,0.0,0.037575137,0.006749684,0.0020492144,0.0,0.049248647,0.046907593
4476,0.0028629727,0.0,0.0369194,0.006750957,0.0019902561,0.0,0.04858871,0.046912868
4477,0.0025524718,0.0,0.03761269,0.006751107,0.0019423949,0.0,0.051036026,0.0469186
4478,0.002634145,0.0,0.036645915,0.006750483,0.0019542712,0.0,0.048727494,0.04692439
4479,0.0027657172,0.0,0.036486942,0.0067488574,0.0021473751,0.0,0.054434992,0.046928536
4480,0.0028411774,0.0,0.037392322,0.0067470577,0.0020469783,0.0,0.050971907,0.046934187
4481,0.0027212633,0.0,0.038488586,0.006758022,0.0021599066,0.0,0.05306085,0.04694173
4482,0.0028095224,0.0,0.03660915,0.006773141,0.0019159347,0.0,0.049170233,0.04694961
4483,0.0024953093,0.0,0.036941584,0.006790396,0.0019811576,0.0,0.051261574,0.046953857
4484,0.0026007376,0.0,0.03793484,0.0068082325,0.0018779114,0.0,0.04936843,0.046955913
4485,0.0026043816,0.0,0.037113175,0.0068256254,0.0019711037,0.0,0.050196216,0.046957403
4486,0.0027326208,0.0,0.03701639,0.006842843,0.0019034971,0.0,0.05069579,0.046960708
4487,0.0026310752,0.0,0.03685901,0.0068582096,0.0019301648,0.0,0.053407058,0.046964053
4488,0.002554491,0.0,0.036933277,0.0068714055,0.0020787595,0.0,0.050728828,0.046964962
4489,0.0024817537,0.0,0.037682135,0.00688242,0.0019054838,0.0,0.052063275,0.046967015
4490,0.0026807988,0.0,0.036581326,0.006890953,0.002165399,0.0,0.04860762,0.046966977
4491,0.002701514,0.0,0.0378262,0.006896964,0.0020407084,0.0,0.04831407,0.046966124
4492,0.002536106,0.0,0.03640212,0.0069006938,0.0020841737,0.0,0.05105369,0.04696534
4493,0.002652408,0.0,0.037243873,0.0069021066,0.002001308,0.0,0.049891163,0.04696175
4494,0.002660983,0.0,0.036218785,0.006901905,0.0019383573,0.0,0.050533596,0.046958223
4495,0.0026028652,0.0,0.037055764,0.0068999105,0.0022105698,0.0,0.049474813,0.0469537
4496,0.002736283,0.0,0.037048984,0.0068962844,0.0020928234,0.0,0.04775103,0.046946224
4497,0.0025899613,0.0,0.037090406,0.006891241,0.001985006,0.0,0.049864147,0.046937563
4498,0.002601537,0.0,0.03692488,0.006884764,0.0020654616,0.0,0.04758153,0.04692924
4499,0.0026490109,0.0,0.03652416,0.0068769506,0.0019709803,0.0,0.04825657,0.046922144
4500,0.0026016347,0.0,0.03650142,0.0068688476,0.0020047992,0.0,0.050865013,0.046915554
4501,0.0027462963,0.0,0.035560872,0.006859834,0.0020298217,0.0,0.048820738,0.04691211
4502,0.0028871307,0.0,0.03718636,0.006849928,0.001991516,0.0,0.050342526,0.046906047
4503,0.0027073487,0.0,0.036483407,0.006844811,0.0020016788,0.0,0.051284496,0.046901066
4504,0.0026107596,0.0,0.037568975,0.0068408162,0.0020188526,0.0,0.04774211,0.046898566
4505,0.0025682023,0.0,0.037219934,0.006837163,0.0021056798,0.0,0.050503492,0.046892703
4506,0.0026124548,0.0,0.03681077,0.0068339813,0.002000562,0.0,0.04836421,0.046887696
4507,0.0026067973,0.0,0.036819354,0.0068304148,0.0020002625,0.0,0.048996177,0.046882927
4508,0.0026408562,0.0,0.036517937,0.006826097,0.0021170098,0.0,0.04835844,0.04687662
4509,0.0025542013,0.0,0.037546948,0.0068208184,0.001986615,0.0,0.050432906,0.04686734
4510,0.0028728037,0.0,0.03753265,0.0068144496,0.002146704,0.0,0.051277637,0.04686041
4511,0.0026931565,0.0,0.036931626,0.006807405,0.0020450095,0.0,0.049462788,0.04685574
4512,0.0026795988,0.0,0.037555173,0.006799332,0.0023114204,0.0,0.052398548,0.04685412
4513,0.0028279608,0.0,0.038016964,0.0067903483,0.0022044987,0.0,0.050541397,0.04685485
4514,0.0025529063,0.0,0.036960736,0.006781293,0.002201802,0.0,0.049679935,0.04685549
4515,0.0030175173,0.0,0.03685121,0.0067717256,0.0019344175,0.0,0.04938512,0.046858512
4516,0.0024293673,0.0,0.03747325,0.00676601,0.002483435,0.0,0.050837506,0.046861134
4517,0.0026626666,0.0,0.036960356,0.0067605884,0.0021747237,0.0,0.049721386,0.04686424
4518,0.0026610016,0.0,0.037524674,0.0067555103,0.0025016551,0.0,0.050260097,0.046868935
4519,0.0027200226,0.0,0.037238635,0.0067527294,0.001998102,0.0,0.050846457,0.046872396
4520,0.0028786513,0.0,0.037457086,0.006750463,0.002652081,0.0,0.051123295,0.046878867
4521,0.002804431,0.0,0.037362806,0.006748157,0.0020283046,0.0,0.050326046,0.04688322
4522,0.002623354,0.0,0.037524004,0.0067464747,0.0022296493,0.0,0.049613856,0.046887282
4523,0.002794849,0.0,0.03730885,0.0067450753,0.002112405,0.0,0.049110014,0.04688819
4524,0.0025627885,0.0,0.037373547,0.0067430343,0.0022361255,0.0,0.050556038,0.046886243
4525,0.0027475972,0.0,0.03720454,0.0067401626,0.0021240925,0.0,0.047565196,0.04688272
4526,0.0026939048,0.0,0.03644135,0.0067363866,0.002192968,0.0,0.05087549,0.04687828
4527,0.0027481616,0.0,0.036540955,0.0067319945,0.0020863186,0.0,0.049344324,0.046873398
4528,0.0025985928,0.0,0.036142863,0.006726599,0.0022072385,0.0,0.05381871,0.046869796
4529,0.0025943299,0.0,0.037473273,0.006720171,0.0023085806,0.0,0.050723266,0.046868376
4530,0.0025042475,0.0,0.037532315,0.00671398,0.0021833538,0.0,0.049282193,0.04686381
4531,0.0026620538,0.0,0.036752947,0.0067075673,0.002179408,0.0,0.05159665,0.04686254
4532,0.002598464,0.0,0.03730517,0.0067008263,0.0020213122,0.0,0.051215816,0.04686409
4533,0.0026939972,0.0,0.037121046,0.0066937753,0.0023245485,0.0,0.0506078,0.046867702
4534,0.0026740695,0.0,0.037365116,0.006685995,0.0021994745,0.0,0.047981292,0.046870925
4535,0.0025771444,0.0,0.036568627,0.006677732,0.002184699,0.0,0.050688904,0.046873007
4536,0.002648205,0.0,0.03617268,0.0066692024,0.002065031,0.0,0.048784114,0.046877243
4537,0.0026891339,0.0,0.03784489,0.006660056,0.002159774,0.0,0.05104135,0.04688095
4538,0.0026329218,0.0,0.037088435,0.006650277,0.0022101162,0.0,0.053666312,0.046886574
4539,0.0026504337,0.0,0.037037317,0.0066399015,0.0020297836,0.0,0.052322984,0.04689374
4540,0.0026096106,0.0,0.03760551,0.0066309595,0.0020360374,0.0,0.049946304,0.046903897
4541,0.0028227577,0.0,0.037055463,0.006625606,0.00203445,0.0,0.049144123,0.04691307
4542,0.002660656,0.0,0.0371441,0.006623076,0.0021136294,0.0,0.051978685,0.046920046
4543,0.0026299867,0.0,0.036612377,0.0066215093,0.0022377204,0.0,0.051118985,0.046928603
4544,0.002662552,0.0,0.03740457,0.0066209263,0.002049843,0.0,0.051542766,0.046936415
4545,0.0026549331,0.0,0.03584749,0.0066202157,0.0021109348,0.0,0.05128002,0.046941895
4546,0.0024211323,0.0,0.03673816,0.0066192765,0.0020814429,0.0,0.0520186,0.046948694
4547,0.002740315,0.0,0.03749102,0.0066177896,0.002271789,0.0,0.053210974,0.046956107
4548,0.0026805007,0.0,0.037140284,0.0066153267,0.0020055105,0.0,0.049718652,0.046966136
4549,0.0025904977,0.0,0.03668195,0.006611784,0.0021153335,0.0,0.048433874,0.046973664
4550,0.0027184417,0.0,0.03717092,0.006607361,0.0020742638,0.0,0.05119893,0.04697899
4551,0.002691557,0.0,0.036364503,0.006601891,0.002101235,0.0,0.04949071,0.046984404
4552,0.002811795,0.0,0.036370054,0.0065954034,0.0019313343,0.0,0.049586527,0.046987716
4553,0.0026816935,0.0,0.03633222,0.0065884176,0.0019773343,0.0,0.050996874,0.04699432
4554,0.0026628887,0.0,0.03631139,0.0065823765,0.002126455,0.0,0.04942248,0.047000725
4555,0.0025465395,0.0,0.0380217,0.006576345,0.0019576615,0.0,0.05222163,0.047007088
4556,0.002440458,0.0,0.037777707,0.00657164,0.002009601,0.0,0.050547853,0.047011685
4557,0.0025531799,0.0,0.036611732,0.0065685534,0.0018847595,0.0,0.048673317,0.047014054
4558,0.002767999,0.0,0.03732974,0.006571516,0.0020230133,0.0,0.04819743,0.04701403
4559,0.002694962,0.0,0.03755325,0.006577893,0.0019660543,0.0,0.048946593,0.04701248
4560,0.0026966606,0.0,0.037214898,0.0065857777,0.0019810558,0.0,0.04831976,0.047009587
4561,0.0027416176,0.0,0.03756309,0.0065957066,0.0020450528,0.0,0.05030557,0.0470057
4562,0.002743312,0.0,0.037383728,0.0066060224,0.0020151227,0.0,0.050966643,0.047002986
4563,0.0026429524,0.0,0.037006244,0.006615491,0.0020069068,0.0,0.051546585,0.04699814
4564,0.0026082862,0.0,0.03675634,0.0066236965,0.001930697,0.0,0.049017258,0.04699399
4565,0.002831808,0.0,0.036581013,0.0066300146,0.0021642526,0.0,0.0510135,0.046988048
4566,0.0026239827,0.0,0.03726943,0.0066345898,0.0019286332,0.0,0.05289716,0.046984054
4567,0.002576832,0.0,0.037787333,0.006637325,0.002020813,0.0,0.05063665,0.046978798
4568,0.0026265625,0.0,0.0368203,0.006641133,0.0019289488,0.0,0.051018387,0.04697307
4569,0.0027060222,0.0,0.037149932,0.00664414,0.0020621358,0.0,0.049604405,0.046968576
4570,0.0025595822,0.0,0.036568012,0.006646023,0.0019280133,0.0,0.051571634,0.04696513
4571,0.0027465052,0.0,0.038007706,0.0066476283,0.002069166,0.0,0.050909504,0.04696372
4572,0.0026629544,0.0,0.037079208,0.006648677,0.002038393,0.0,0.05102085,0.046963584
4573,0.0027350376,0.0,0.0384553,0.006655581,0.0021343837,0.0,0.05035654,0.04696223
4574,0.0027867802,0.0,0.038248096,0.006664242,0.002071923,0.0,0.050847396,0.046959218
4575,0.0027075096,0.0,0.036744826,0.006673627,0.002012134,0.0,0.051544905,0.04695464
4576,0.002641244,0.0,0.03681261,0.0066914377,0.0020103087,0.0,0.048981205,0.04695093
4577,0.002703397,0.0,0.037127063,0.0067122197,0.0019883844,0.0,0.05090004,0.046948772
4578,0.002749589,0.0,0.036668643,0.006733923,0.0021784082,0.0,0.04961919,0.04694673
4579,0.002759675,0.0,0.03687654,0.0067551928,0.0018670055,0.0,0.050022777,0.046943627
4580,0.0028023915,0.0,0.036847036,0.006775505,0.0020134056,0.0,0.050855834,0.046941258
4581,0.0026612594,0.0,0.037771415,0.0067939297,0.0020076793,0.0,0.049714874,0.046938576
4582,0.0027397568,0.0,0.036985036,0.0068104286,0.0018557735,0.0,0.052152015,0.04693469
4583,0.0027246932,0.0,0.036632426,0.0068246163,0.0018747235,0.0,0.050066106,0.04693336
4584,0.0026148688,0.0,0.037034307,0.006836145,0.001988287,0.0,0.04985437,0.046930335
4585,0.0026986743,0.0,0.037533864,0.006844837,0.0017956379,0.0,0.048717197,0.04692542
4586,0.0024443339,0.0,0.036657773,0.0068510906,0.0021193374,0.0,0.05095663,0.04691976
4587,0.0027347112,0.0,0.037082173,0.0068546897,0.0018251626,0.0,0.049621053,0.04691505
4588,0.002543654,0.0,0.037900805,0.0068558217,0.0019131742,0.0,0.04909636,0.046908513
4589,0.0026456576,0.0,0.036466416,0.006854918,0.002119423,0.0,0.052049145,0.046902344
4590,0.0029245804,0.0,0.0368513,0.0068520964,0.0019527159,0.0,0.04930481,0.04689875
4591,0.0027837676,0.0,0.036233485,0.0068477187,0.0020044153,0.0,0.049990464,0.04689529
4592,0.00288135,0.0,0.037147,0.006841906,0.0020237402,0.0,0.050179396,0.046890464
4593,0.002875815,0.0,0.0379447,0.0068367403,0.0021265638,0.0,0.050770525,0.0468857
4594,0.0026712304,0.0,0.03708636,0.006831435,0.002113618,0.0,0.05071535,0.046881665
4595,0.0026079188,0.0,0.037171047,0.0068256054,0.0020466784,0.0,0.050485585,0.046877988
4596,0.0024930923,0.0,0.036705915,0.0068194172,0.0019885984,0.0,0.048111644,0.046874814
4597,0.0027816782,0.0,0.037199873,0.0068123047,0.0022009674,0.0,0.04839805,0.04687156
4598,0.0027177872,0.0,0.036350407,0.0068041915,0.0019134855,0.0,0.04926776,0.046866763
4599,0.0026219166,0.0,0.036490794,0.0067952895,0.002264611,0.0,0.051309258,0.046863876
4600,0.0027373654,0.0,0.036737602,0.0067864875,0.0021476995,0.0,0.049203444,0.046862643
4601,0.0024630053,0.0,0.037261356,0.006778806,0.0019901686,0.0,0.049894154,0.046861514
4602,0.0025680815,0.0,0.038942903,0.0067720693,0.0021182443,0.0,0.0494758,0.04685924
4603,0.0028007226,0.0,0.03786578,0.0067661153,0.002031617,0.0,0.048557043,0.046855576
4604,0.0025486473,0.0,0.037094444,0.00676086,0.0020248557,0.0,0.049807295,0.04684954
4605,0.0026133705,0.0,0.037512455,0.006755367,0.0021828942,0.0,0.05089469,0.046843167
4606,0.0028247433,0.0,0.037159253,0.0067522894,0.0021537968,0.0,0.050672963,0.04683823
4607,0.00268591,0.0,0.03645129,0.0067490437,0.0019843997,0.0,0.048783697,0.046834145
4608,0.0025632654,0.0,0.036785793,0.0067465757,0.0021244208,0.0,0.050218184,0.046828657
4609,0.002684243,0.0,0.036706097,0.0067435256,0.0021931233,0.0,0.047670603,0.046826586
4610,0.002516807,0.0,0.03742524,0.006740087,0.0022473615,0.0,0.050978664,0.04682624
4611,0.002982968,0.0,0.03680149,0.0067356336,0.0019649365,0.0,0.04964074,0.04682656
4612,0.0028105844,0.0,0.038002204,0.006731089,0.0021461307,0.0,0.05154629,0.04682973
4613,0.0027515918,0.0,0.037569672,0.006727513,0.0022404229,0.0,0.048839316,0.046833996
4614,0.0028317703,0.0,0.037493892,0.0067234775,0.002164563,0.0,0.050771896,0.046842195
4615,0.0027590368,0.0,0.036577497,0.0067199627,0.0021175768,0.0,0.048241857,0.046849336
4616,0.0026900333,0.0,0.03775401,0.0067156884,0.0021008935,0.0,0.050525833,0.04685643
4617,0.0030387721,0.0,0.037052125,0.006710977,0.002143909,0.0,0.05001378,0.046865664
4618,0.0029581545,0.0,0.036629915,0.00670703,0.0020131434,0.0,0.047844082,0.046874654
4619,0.0027255462,0.0,0.03759205,0.0067044497,0.0019816086,0.0,0.049457796,0.046882775
4620,0.0030403903,0.0,0.037773617,0.0067020296,0.0021040342,0.0,0.048947375,0.04689084
4621,0.0030018997,0.0,0.03702409,0.006699089,0.0020915363,0.0,0.049668178,0.046896618
4622,0.0028107732,0.0,0.03716805,0.006695305,0.0020075433,0.0,0.051410224,0.046901077
4623,0.0026728497,0.0,0.037441898,0.006690441,0.0021055818,0.0,0.050224636,0.046907138
4624,0.0028588518,0.0,0.037347656,0.0066843666,0.0021262413,0.0,0.049539838,0.04691327
4625,0.00288549,0.0,0.03798256,0.006677086,0.0021083965,0.0,0.05027826,0.046916053
4626,0.00292737,0.0,0.03758917,0.0066692247,0.002079383,0.0,0.052509658,0.04692007
4627,0.0028035487,0.0,0.037736192,0.00666053,0.0019682106,0.0,0.04907683,0.046926636
4628,0.002717275,0.0,0.037777834,0.0066509796,0.0020387631,0.0,0.049381685,0.046931654
4629,0.0027346737,0.0,0.03714014,0.0066410773,0.0019112309,0.0,0.049019918,0.04693398
4630,0.0027078048,0.0,0.037068564,0.006631259,0.0020797392,0.0,0.05201902,0.046933834
4631,0.0028295573,0.0,0.037572287,0.0066212215,0.0019205764,0.0,0.050430138,0.046934273
4632,0.0026021018,0.0,0.037204035,0.0066120164,0.0020214955,0.0,0.05073031,0.046937495
4633,0.0027141327,0.0,0.037239373,0.006602595,0.001937264,0.0,0.04789896,0.046938784
4634,0.0025995453,0.0,0.03709218,0.0066290353,0.0019537534,0.0,0.05232394,0.046939284
4635,0.0027530845,0.0,0.036744714,0.006672934,0.0021423304,0.0,0.050199185,0.04693974
4636,0.0028946963,0.0,0.037231773,0.0067279283,0.0020868464,0.0,0.04879331,0.046941686
4637,0.0026918922,0.0,0.037055235,0.0067892266,0.0021487768,0.0,0.05240572,0.046942137
4638,0.002735446,0.0,0.036536854,0.006853078,0.0022037963,0.0,0.049582005,0.046940986
4639,0.0029545368,0.0,0.03707928,0.006916664,0.0021492243,0.0,0.05275678,0.04693766
4640,0.0027835364,0.0,0.037732165,0.00697855,0.0020103592,0.0,0.050059587,0.046933122
4641,0.002940384,0.0,0.036100127,0.0070366934,0.0021135013,0.0,0.051010143,0.04692764
4642,0.0027324017,0.0,0.038331423,0.00709016,0.0020144656,0.0,0.047159594,0.04692298
4643,0.0026069174,0.0,0.037672132,0.007138334,0.002156585,0.0,0.04877603,0.046916228
4644,0.0027840585,0.0,0.036768243,0.007180908,0.0019222958,0.0,0.049246456,0.04690953
4645,0.002742319,0.0,0.037891675,0.007217797,0.0019823592,0.0,0.05040162,0.04690286
4646,0.0026558293,0.0,0.037487652,0.0072490713,0.0019511901,0.0,0.0487231,0.046895485
4647,0.002886462,0.0,0.03749133,0.007277425,0.0020494983,0.0,0.04869954,0.046889856
4648,0.002779483,0.0,0.036687065,0.007306083,0.0020071974,0.0,0.05020876,0.046884716
4649,0.0027400046,0.0,0.0369678,0.0073349285,0.0019989647,0.0,0.050392844,0.046880025
4650,0.0027259756,0.0,0.03667476,0.007363605,0.0019603337,0.0,0.049023677,0.046877038
4651,0.0028761718,0.0,0.03729708,0.0073909704,0.0019548505,0.0,0.04989233,0.046874523
4652,0.0027857574,0.0,0.0373085,0.0074158963,0.0020799828,0.0,0.04888334,0.046873424
4653,0.0027363852,0.0,0.037213143,0.007437744,0.001991537,0.0,0.05079038,0.046873957
4654,0.0026349104,0.0,0.03777247,0.007455826,0.0020586774,0.0,0.048887692,0.046877462
4655,0.0026407605,0.0,0.036893766,0.007471056,0.002054566,0.0,0.046617527,0.04688222
4656,0.0027930716,0.0,0.038425103,0.007482698,0.0021142468,0.0,0.05043788,0.046883967
4657,0.0025683744,0.0,0.036841337,0.00749043,0.001973718,0.0,0.051474124,0.046888415
4658,0.0025491423,0.0,0.03694571,0.0074951677,0.002083833,0.0,0.04959645,0.046893097
4659,0.0026973754,0.0,0.03696549,0.007496475,0.002106799,0.0,0.048748683,0.0468989
4660,0.0028130645,0.0,0.03634169,0.0074947285,0.001968948,0.0,0.048193604,0.046903357
4661,0.0026767715,0.0,0.03719981,0.007490374,0.0020713678,0.0,0.048824273,0.046906002
4662,0.0027478938,0.0,0.037479877,0.0074834055,0.0018825531,0.0,0.04857178,0.0469085
4663,0.0025804131,0.0,0.03739641,0.0074744304,0.0020866673,0.0,0.049626764,0.046911
4664,0.0027165073,0.0,0.037048962,0.007463989,0.0018903118,0.0,0.049622837,0.046914436
4665,0.0025693874,0.0,0.03710173,0.0074517736,0.002047213,0.0,0.051646717,0.04691474
4666,0.0027790368,0.0,0.036675103,0.007439263,0.001880452,0.0,0.049424637,0.046915233
4667,0.0028065639,0.0,0.036852177,0.0074259434,0.0020185073,0.0,0.049768545,0.046915486
4668,0.0028429423,0.0,0.037131198,0.0074118143,0.0018021172,0.0,0.050110914,0.046917442
4669,0.0025513193,0.0,0.03760663,0.0073966864,0.0019620946,0.0,0.04939611,0.046917118
4670,0.0027420272,0.0,0.03738721,0.0073805386,0.0018795492,0.0,0.047411848,0.046916343
4671,0.0027597034,0.0,0.037357204,0.007363965,0.0020001344,0.0,0.05020384,0.04691473
4672,0.0026899208,0.0,0.03707738,0.0073465435,0.0019842063,0.0,0.049611498,0.046911515
4673,0.0027341882,0.0,0.036576945,0.007330837,0.0019952946,0.0,0.05080643,0.046910115
4674,0.002706955,0.0,0.037307438,0.007317619,0.0019742814,0.0,0.048793904,0.04690671
4675,0.0025158788,0.0,0.036406398,0.007305403,0.0019768463,0.0,0.048670586,0.046905905
4676,0.0027013833,0.0,0.03732792,0.007294046,0.0018552634,0.0,0.04884537,0.046902876
4677,0.0027710989,0.0,0.037079565,0.0072826417,0.0019476257,0.0,0.04925112,0.04689885
4678,0.0026788996,0.0,0.037334654,0.0072711804,0.0019122914,0.0,0.049571667,0.04689453
4679,0.002657397,0.0,0.036903184,0.0072590914,0.0019245384,0.0,0.04959882,0.046889834
4680,0.002756163,0.0,0.03682385,0.0072461683,0.0019912403,0.0,0.05067357,0.04688318
4681,0.002617903,0.0,0.03691488,0.007232318,0.0020147199,0.0,0.054452304,0.046878032
4682,0.0026450807,0.0,0.036804948,0.007218007,0.00216812,0.0,0.049868505,0.04687512
4683,0.0027326162,0.0,0.037992943,0.0072031487,0.0020802382,0.0,0.04998477,0.04687575
4684,0.0029922584,0.0,0.037551932,0.00719021,0.0021149248,0.0,0.050394226,0.04687997
4685,0.0027462807,0.0,0.038080677,0.007178471,0.0020277645,0.0,0.050388295,0.046883866
4686,0.002596142,0.0,0.03641568,0.0071673836,0.0021001324,0.0,0.051106673,0.04688661
4687,0.0027085438,0.0,0.037437797,0.007156485,0.0019625153,0.0,0.050591983,0.04688679
4688,0.0026393037,0.0,0.0373802,0.0071453378,0.0020771986,0.0,0.04944322,0.046887495
4689,0.002554363,0.0,0.037638668,0.007133664,0.0021225319,0.0,0.050558433,0.046886615
4690,0.0025614377,0.0,0.03708579,0.007121289,0.002004329,0.0,0.05159746,0.04688484
4691,0.0025303971,0.0,0.036916304,0.007108123,0.0020193758,0.0,0.051173028,0.04688552
4692,0.002635171,0.0,0.036275476,0.0070950976,0.0021383006,0.0,0.049764015,0.046885435
4693,0.0026954247,0.0,0.03836836,0.0070812576,0.0019851346,0.0,0.052736584,0.046883848
4694,0.0024946588,0.0,0.036879007,0.0070679355,0.0020286043,0.0,0.049851023,0.046882603
4695,0.0026333155,0.0,0.036639813,0.007054254,0.001886937,0.0,0.048628267,0.04688375
4696,0.0025948766,0.0,0.03724765,0.007040128,0.0019864468,0.0,0.048831735,0.046884656
4697,0.0026144446,0.0,0.036780924,0.007025833,0.0020175665,0.0,0.04924701,0.046884
4698,0.0027267877,0.0,0.037924267,0.007011164,0.0018563966,0.0,0.050694562,0.046883564
4699,0.0027950823,0.0,0.036328133,0.0069960905,0.0020019943,0.0,0.051650945,0.04688385
4700,0.002708714,0.0,0.036770828,0.006980625,0.0018894188,0.0,0.04954104,0.04688432
4701,0.0027112272,0.0,0.037436977,0.006966722,0.0018989566,0.0,0.04674744,0.04688431
4702,0.0027008285,0.0,0.03643037,0.006952911,0.0019090145,0.0,0.051097445,0.04688468
4703,0.0027840862,0.0,0.03640945,0.0069390466,0.002083013,0.0,0.05027994,0.04688322
4704,0.002890356,0.0,0.037010476,0.0069250003,0.0019510845,0.0,0.049775477,0.04688188
4705,0.0026801992,0.0,0.036726553,0.006910671,0.0020456407,0.0,0.05017615,0.046879794
4706,0.0027670495,0.0,0.0381943,0.006897083,0.0020974344,0.0,0.049715765,0.046877567
4707,0.002815344,0.0,0.03705908,0.0068833707,0.0019146213,0.0,0.048108708,0.046873525
4708,0.0028674628,0.0,0.03704557,0.006869583,0.0020484298,0.0,0.04908202,0.0468684
4709,0.0026465973,0.0,0.036615316,0.0068565197,0.0019531478,0.0,0.0508574,0.046865594
4710,0.002707153,0.0,0.03845022,0.0068436125,0.0020233055,0.0,0.048645753,0.046860106
4711,0.0027552936,0.0,0.037784215,0.0068312576,0.0020508005,0.0,0.04884235,0.046853065
4712,0.0026951293,0.0,0.03685716,0.0068189343,0.0020822235,0.0,0.048417173,0.04684621
4713,0.002422838,0.0,0.037445474,0.0068070972,0.0020351722,0.0,0.051647637,0.046839777
4714,0.0026826058,0.0,0.03772122,0.006795341,0.002071203,0.0,0.04897734,0.046833217
4715,0.002699831,0.0,0.0370716,0.006783431,0.0019313894,0.0,0.04904932,0.04682781
4716,0.0027380046,0.0,0.03699076,0.00677127,0.0019661842,0.0,0.050190836,0.04682269
4717,0.0026113102,0.0,0.03704115,0.00675898,0.0019385179,0.0,0.049616743,0.046817835
4718,0.0026613628,0.0,0.03682335,0.0067464462,0.001923992,0.0,0.04944926,0.04681166
4719,0.0027101838,0.0,0.037087463,0.006733909,0.0018726259,0.0,0.0495481,0.046802692
4720,0.0028354253,0.0,0.036731467,0.0067214128,0.0021428107,0.0,0.04960356,0.046796456
4721,0.00260969,0.0,0.03726228,0.0067097335,0.001897608,0.0,0.049464863,0.046792302
4722,0.002960207,0.0,0.037165128,0.0066988943,0.0020299235,0.0,0.05239474,0.046787556
4723,0.0026073183,0.0,0.037269667,0.006693244,0.0020417874,0.0,0.049832486,0.046786446
4724,0.002618596,0.0,0.036661476,0.006691145,0.0020214429,0.0,0.04895753,0.046788245
4725,0.0027489068,0.0,0.037088864,0.006692044,0.0020040055,0.0,0.04847822,0.046790533
4726,0.0027019577,0.0,0.03666257,0.0066954,0.0021370798,0.0,0.0506324,0.046793442
4727,0.002775943,0.0,0.036848307,0.006699568,0.0022271296,0.0,0.05078805,0.04679634
4728,0.002795459,0.0,0.03783285,0.00670365,0.002010634,0.0,0.05029026,0.04679888
4729,0.0028406244,0.0,0.0375321,0.0067075016,0.0021136699,0.0,0.05228172,0.046800558
4730,0.0028616507,0.0,0.03643969,0.0067107277,0.0019171668,0.0,0.049086954,0.046803586
4731,0.0026428034,0.0,0.037192516,0.0067129303,0.0020203565,0.0,0.05011301,0.04680564
4732,0.0027085764,0.0,0.0370569,0.0067140036,0.0020018448,0.0,0.04792754,0.0468126
4733,0.0026944121,0.0,0.037243716,0.006713762,0.0018590123,0.0,0.052938048,0.04681811
4734,0.0027340304,0.0,0.03608552,0.0067121712,0.0020303354,0.0,0.048333596,0.046825908
4735,0.0027851036,0.0,0.037174605,0.0067091724,0.0020973936,0.0,0.049879853,0.046833593
4736,0.0026490313,0.0,0.037235208,0.006711298,0.0020849314,0.0,0.051583204,0.046840716
4737,0.002581518,0.0,0.037346356,0.0067181955,0.0019655768,0.0,0.04864429,0.04684479
4738,0.0026916708,0.0,0.036975916,0.006726805,0.0020787914,0.0,0.049283918,0.046847787
4739,0.002649651,0.0,0.036787573,0.0067358166,0.002078995,0.0,0.05178439,0.046849873
4740,0.0029228576,0.0,0.0372776,0.0067443997,0.0019956324,0.0,0.049009785,0.04685104
4741,0.0027347922,0.0,0.03756989,0.0067525464,0.0020266103,0.0,0.05171859,0.046850063
4742,0.0026580472,0.0,0.037051987,0.0067598717,0.002007717,0.0,0.05306902,0.046849452
4743,0.002704595,0.0,0.03704667,0.0067736516,0.0021040237,0.0,0.05026578,0.04684991
4744,0.0025716934,0.0,0.037372522,0.00678894,0.0019713475,0.0,0.05388606,0.046849318
4745,0.0027198442,0.0,0.03598435,0.006806302,0.0019868254,0.0,0.047843892,0.046847872
4746,0.0026577783,0.0,0.03766206,0.00682372,0.0019517173,0.0,0.04973415,0.046845466
4747,0.0027570114,0.0,0.03707916,0.0068401694,0.0019835192,0.0,0.049929053,0.046843924
4748,0.0028597508,0.0,0.038013965,0.006882087,0.001972603,0.0,0.049610734,0.04684437
4749,0.0028275778,0.0,0.0370289,0.0069418964,0.0018272265,0.0,0.04823829,0.046847127
4750,0.0025191838,0.0,0.037319034,0.0070127524,0.0019863234,0.0,0.051500045,0.04685341
4751,0.0027493695,0.0,0.037881162,0.0070892493,0.002072146,0.0,0.052998364,0.046860687
4752,0.0027641254,0.0,0.03796821,0.007167437,0.0018948974,0.0,0.048435792,0.046870183
4753,0.0025260816,0.0,0.03675795,0.0072454554,0.0021257713,0.0,0.0510321,0.046878636
4754,0.002834495,0.0,0.03671393,0.0073216087,0.0021457123,0.0,0.051030677,0.046886947
4755,0.002694136,0.0,0.036790486,0.007393026,0.0020024998,0.0,0.05085841,0.046896618
4756,0.0026122446,0.0,0.03727728,0.007459361,0.0019007442,0.0,0.05035474,0.046905503
4757,0.0027637861,0.0,0.03741963,0.0075200284,0.0019707184,0.0,0.051133357,0.046912573
4758,0.0026238943,0.0,0.03656553,0.007574316,0.0018386806,0.0,0.050909717,0.046918295
4759,0.0027558499,0.0,0.036849324,0.0076221395,0.0021290933,0.0,0.05375251,0.046923034
4760,0.002835076,0.0,0.03701523,0.0076633235,0.002095974,0.0,0.050667103,0.046931107
4761,0.0027708474,0.0,0.036024492,0.007697905,0.0018840588,0.0,0.049186237,0.046940196
4762,0.0028957007,0.0,0.03724197,0.007727881,0.0018697113,0.0,0.049911533,0.04694824
4763,0.002641723,0.0,0.037598036,0.0077523342,0.0020094614,0.0,0.0491066,0.04695398
4764,0.002652606,0.0,0.037091427,0.0077714366,0.0019942755,0.0,0.04830908,0.04695996
4765,0.002723662,0.0,0.036947966,0.0077854395,0.0020523209,0.0,0.05057767,0.046962585
4766,0.0028154186,0.0,0.037178814,0.00779461,0.0019001799,0.0,0.049259886,0.04696422
4767,0.0027411042,0.0,0.037357416,0.00780501,0.0020510585,0.0,0.0524468,0.04696398
4768,0.0026678382,0.0,0.03697036,0.007815737,0.0020223164,0.0,0.0474,0.046964806
4769,0.0028156822,0.0,0.03710599,0.007827348,0.0019652247,0.0,0.047606766,0.04696309
4770,0.0027263225,0.0,0.037168376,0.0078387065,0.0019265088,0.0,0.05115857,0.046959344
4771,0.0025306726,0.0,0.036775284,0.007848796,0.0019652832,0.0,0.048978467,0.04695772
4772,0.0027453532,0.0,0.03670434,0.007856749,0.0020114167,0.0,0.049267918,0.046956457
4773,0.0026294915,0.0,0.037817135,0.007862155,0.0019876054,0.0,0.04932109,0.0469536
4774,0.0027319237,0.0,0.03724214,0.007878738,0.0019247247,0.0,0.04894089,0.046950445
4775,0.002996756,0.0,0.037290588,0.007899427,0.001927265,0.0,0.051035378,0.04694805
4776,0.0025427232,0.0,0.03694979,0.007921649,0.0020103066,0.0,0.051604193,0.046947192
4777,0.0026791608,0.0,0.036965273,0.00794356,0.0019416185,0.0,0.051083002,0.046948038
4778,0.002533111,0.0,0.037032284,0.007963916,0.0019892533,0.0,0.05092481,0.046950676
4779,0.0028761714,0.0,0.03689348,0.007981931,0.00201508,0.0,0.050772835,0.046954308
4780,0.0025150431,0.0,0.037650086,0.007997341,0.0021583615,0.0,0.047901217,0.046958566
4781,0.0027386723,0.0,0.037108295,0.008009839,0.0018695188,0.0,0.048882034,0.046962705
4782,0.002633209,0.0,0.036857087,0.0080187665,0.0020441408,0.0,0.048758198,0.046967078
4783,0.0028716223,0.0,0.036739115,0.008023981,0.001877858,0.0,0.04917083,0.04697109
4784,0.0027689622,0.0,0.036798924,0.008025477,0.0020787253,0.0,0.046610646,0.04697289
4785,0.002682163,0.0,0.03783408,0.00802335,0.002031917,0.0,0.04671564,0.046972714
4786,0.002782559,0.0,0.037406597,0.008017668,0.0019945388,0.0,0.048172068,0.046973314
4787,0.0027270091,0.0,0.03762356,0.00800892,0.0019113088,0.0,0.04944799,0.0469718
4788,0.0026258375,0.0,0.0370451,0.007997294,0.0019854966,0.0,0.04889945,0.04696776
4789,0.0026353279,0.0,0.036387876,0.00798352,0.0020678232,0.0,0.04824849,0.04696423
4790,0.002670295,0.0,0.03746287,0.007967865,0.001868236,0.0,0.048127953,0.046961375
4791,0.0025341313,0.0,0.037033003,0.007950347,0.0020043831,0.0,0.050138384,0.046956297
4792,0.0026058173,0.0,0.036588557,0.007931096,0.0019447274,0.0,0.047798786,0.046950463
4793,0.0027376642,0.0,0.037425287,0.007910306,0.002002881,0.0,0.048048098,0.046941824
4794,0.0028999003,0.0,0.036974017,0.007888276,0.0019469467,0.0,0.051010773,0.04693357
4795,0.002560769,0.0,0.036028307,0.007865584,0.0019202767,0.0,0.050079405,0.04692623
4796,0.0027764058,0.0,0.036157504,0.00784254,0.0018983058,0.0,0.05140802,0.04691822
4797,0.0025765353,0.0,0.037763897,0.007818859,0.0020235698,0.0,0.050185584,0.046912014
4798,0.0029775836,0.0,0.03693061,0.0077945115,0.0018321007,0.0,0.049623962,0.046904504
4799,0.0027445774,0.0,0.037917472,0.007769917,0.0019979004,0.0,0.048128877,0.04689655
4800,0.0026546835,0.0,0.037105504,0.007745457,0.0019057113,0.0,0.051230874,0.04688897
4801,0.0026692692,0.0,0.036906958,0.007721954,0.0019524685,0.0,0.052778132,0.0468807
4802,0.0025008381,0.0,0.036590364,0.007698335,0.0020207304,0.0,0.049766365,0.046872973
4803,0.0026072871,0.0,0.037146527,0.007674516,0.0019686944,0.0,0.047981244,0.04686374
4804,0.002644602,0.0,0.03671405,0.0076504084,0.0020412202,0.0,0.05020483,0.04685305
4805,0.0027164826,0.0,0.03680141,0.007625967,0.0019805068,0.0,0.050804958,0.046843544
4806,0.002619975,0.0,0.037073355,0.0076014684,0.002005003,0.0,0.051488932,0.046838026
4807,0.0027631412,0.0,0.037286565,0.0075773317,0.0020160084,0.0,0.051117387,0.046831433
4808,0.0025455754,0.0,0.037501927,0.007553319,0.0020224066,0.0,0.050018094,0.04682459
4809,0.002890716,0.0,0.03803698,0.0075292657,0.001851732,0.0,0.048441425,0.04681849
4810,0.0026457414,0.0,0.03797463,0.0075051156,0.0019679675,0.0,0.051602215,0.046810728
4811,0.0026178309,0.0,0.03791107,0.0074808686,0.0019105243,0.0,0.048330467,0.046806157
4812,0.0028806927,0.0,0.038026683,0.00745651,0.001925837,0.0,0.050584145,0.046801705
4813,0.0028951892,0.0,0.03774733,0.007432069,0.0020182137,0.0,0.05204362,0.046800658
4814,0.0027997086,0.0,0.0376915,0.007407811,0.001882003,0.0,0.049117424,0.046802618
4815,0.0027429683,0.0,0.03691277,0.007384013,0.0020073636,0.0,0.049221408,0.046802185
4816,0.0025960691,0.0,0.03735046,0.0073603266,0.0019196105,0.0,0.050279267,0.046803117
4817,0.0026807874,0.0,0.03751431,0.0073376107,0.0018614578,0.0,0.048328917,0.046806287
4818,0.0027033223,0.0,0.036651123,0.0073155854,0.00198803,0.0,0.049093544,0.046808504
4819,0.0026310564,0.0,0.03700752,0.0072943917,0.0020057259,0.0,0.0499461,0.046810526
4820,0.0026768958,0.0,0.037041362,0.007274058,0.0018837032,0.0,0.049764626,0.04681174
4821,0.002770973,0.0,0.037326515,0.0072538774,0.002111734,0.0,0.050030578,0.046811633
4822,0.0025135307,0.0,0.037274953,0.0072352984,0.0018962127,0.0,0.048771456,0.04681312
4823,0.0027686395,0.0,0.03818418,0.007217169,0.0020649675,0.0,0.04933414,0.046815537
4824,0.002867025,0.0,0.036673155,0.007199343,0.0020810992,0.0,0.051114775,0.046818852
4825,0.0026174872,0.0,0.03701632,0.0071815876,0.0019050622,0.0,0.051560633,0.046820138
4826,0.0026462646,0.0,0.037842885,0.007163778,0.002049771,0.0,0.04881459,0.04682408
4827,0.0027150714,0.0,0.036655083,0.0071458155,0.002019934,0.0,0.047989625,0.046827976
4828,0.002559477,0.0,0.03652197,0.007127694,0.001920704,0.0,0.050304882,0.04683022
4829,0.0028245107,0.0,0.036245592,0.0071167303,0.0021230048,0.0,0.048841044,0.04683159
4830,0.0027409748,0.0,0.035914302,0.0071082404,0.001996169,0.0,0.052141793,0.046833936
4831,0.0028694365,0.0,0.038428705,0.007102339,0.002113326,0.0,0.050195884,0.046835743
4832,0.0027045016,0.0,0.037061818,0.007099049,0.0021901517,0.0,0.049396276,0.046836354
4833,0.0026129638,0.0,0.03603972,0.0071003377,0.0019464513,0.0,0.050047547,0.0468368
4834,0.00274396,0.0,0.037101455,0.007105318,0.001960668,0.0,0.04988769,0.046838015
4835,0.002618319,0.0,0.036908213,0.0071129245,0.0019649798,0.0,0.052190408,0.04683794
4836,0.0028323797,0.0,0.036691472,0.0071211774,0.0020225893,0.0,0.050531298,0.046836767
4837,0.0026342475,0.0,0.037365865,0.0071310345,0.002021409,0.0,0.050927,0.04683418
4838,0.0027616164,0.0,0.036538277,0.0071403817,0.0019790647,0.0,0.047835674,0.046832293
4839,0.0028948837,0.0,0.036889583,0.007148292,0.0019321511,0.0,0.04741772,0.046829585
4840,0.002608244,0.0,0.03615115,0.0071542463,0.001988168,0.0,0.051643107,0.04682724
4841,0.0026508654,0.0,0.037757132,0.007158878,0.0019027102,0.0,0.04878523,0.04682575
4842,0.0028369382,0.0,0.03751883,0.007161283,0.0019975468,0.0,0.048132963,0.04682342
4843,0.0028724745,0.0,0.03641197,0.007161489,0.0018429804,0.0,0.048947785,0.046819724
4844,0.0027028553,0.0,0.038256988,0.0071599297,0.0019786651,0.0,0.049912594,0.04681472
4845,0.0029919932,0.0,0.03747924,0.00715959,0.0018729563,0.0,0.048828386,0.04681091
4846,0.0028669452,0.0,0.0370255,0.00715834,0.0020909926,0.0,0.049409945,0.046808507
4847,0.002600859,0.0,0.037082776,0.007155845,0.0019253711,0.0,0.048218332,0.046805486
4848,0.0027550901,0.0,0.03709007,0.007151939,0.0019033117,0.0,0.050895493,0.04680048
4849,0.0025544192,0.0,0.037055563,0.0071464935,0.00207584,0.0,0.04983673,0.04679583
4850,0.0026374306,0.0,0.03649542,0.0071395314,0.0020020625,0.0,0.048767854,0.046791427
4851,0.002885814,0.0,0.037783742,0.0071310857,0.0019417524,0.0,0.050211836,0.04678801
4852,0.0027214547,0.0,0.036799803,0.0071213664,0.0020706095,0.0,0.049265627,0.046782706
4853,0.002685867,0.0,0.03717571,0.007110392,0.0018658498,0.0,0.049525246,0.046777274
4854,0.0027307328,0.0,0.037142675,0.0070984056,0.0020105487,0.0,0.05019161,0.046772555
4855,0.0026940645,0.0,0.03645359,0.0070857746,0.001972933,0.0,0.048640046,0.046768304
4856,0.0025981832,0.0,0.03722916,0.0070723826,0.0019828884,0.0,0.04993436,0.046762913
4857,0.002637867,0.0,0.03656641,0.0070582326,0.0019811445,0.0,0.04886411,0.046758503
4858,0.002568486,0.0,0.0358533,0.0070443614,0.0018784563,0.0,0.04887781,0.046754405
4859,0.0027845686,0.0,0.036814176,0.0070364974,0.0021309638,0.0,0.053874403,0.04675345
4860,0.0027178056,0.0,0.036947563,0.0070321863,0.001872542,0.0,0.051325805,0.046752013
4861,0.002831919,0.0,0.037263643,0.007049174,0.0021560877,0.0,0.04988931,0.046750598
4862,0.002898233,0.0,0.037083723,0.0070764977,0.0019755934,0.0,0.048964817,0.04674938
4863,0.002439934,0.0,0.038035627,0.007110334,0.0020404402,0.0,0.050453432,0.046747115
4864,0.0027152102,0.0,0.03711203,0.0071472577,0.0021736876,0.0,0.049889553,0.046746958
4865,0.0027839302,0.0,0.037120122,0.007188302,0.0020095925,0.0,0.048710585,0.046746064
4866,0.00278775,0.0,0.03605759,0.007229308,0.001985808,0.0,0.051101778,0.04674588
4867,0.0027310657,0.0,0.037888717,0.0072692465,0.0019703016,0.0,0.050588954,0.046746798
4868,0.002761591,0.0,0.036957238,0.007306644,0.0019641602,0.0,0.050574336,0.046747893
4869,0.0027498817,0.0,0.037526865,0.0073404037,0.0019879516,0.0,0.050239816,0.04674807
4870,0.002949071,0.0,0.036280565,0.0073699635,0.002002862,0.0,0.048925016,0.046748992
4871,0.0028025955,0.0,0.03676202,0.007395055,0.0021053527,0.0,0.049420506,0.046750057
4872,0.0027655845,0.0,0.036235664,0.0074156327,0.0019946122,0.0,0.04848736,0.046750236
4873,0.0028320302,0.0,0.036943074,0.0074319975,0.002235739,0.0,0.05199748,0.046748728
4874,0.0026311527,0.0,0.037029542,0.007444122,0.0019044504,0.0,0.047637723,0.046747517
4875,0.002697234,0.0,0.036420207,0.007452306,0.0020118395,0.0,0.051230583,0.046747807
4876,0.0028658258,0.0,0.03774219,0.0074600414,0.0021687124,0.0,0.051429342,0.046749197
4877,0.0028087918,0.0,0.037888877,0.00746625,0.0021235417,0.0,0.04917312,0.0467521
4878,0.0027555325,0.0,0.036708705,0.0074737235,0.0019397241,0.0,0.050595745,0.04675339
4879,0.0027467206,0.0,0.036967084,0.007479622,0.002055111,0.0,0.05117842,0.04675737
4880,0.002690616,0.0,0.036887106,0.007483661,0.0020101478,0.0,0.051588003,0.04676391
4881,0.0026669682,0.0,0.036354344,0.00748555,0.002095337,0.0,0.05180083,0.046770006
4882,0.0025346614,0.0,0.03652764,0.0074853734,0.001980025,0.0,0.050684165,0.046775527
4883,0.0026317309,0.0,0.03656581,0.00748274,0.0021585787,0.0,0.05064913,0.04678146
4884,0.0027861614,0.0,0.03711283,0.007477803,0.0020243013,0.0,0.050851393,0.04678602
4885,0.0025054258,0.0,0.036859974,0.007470548,0.002160421,0.0,0.05168775,0.046790984
4886,0.0029306933,0.0,0.03681185,0.0074644326,0.0021789714,0.0,0.047295973,0.046798937
4887,0.0027440938,0.0,0.03755976,0.0074572274,0.0019696578,0.0,0.049883936,0.046802476
4888,0.0027178824,0.0,0.03730173,0.0074489606,0.001898659,0.0,0.053044427,0.0468042
4889,0.002757832,0.0,0.037081446,0.007439259,0.002155001,0.0,0.050665166,0.046805177
4890,0.0029808767,0.0,0.03694792,0.007428697,0.0020850005,0.0,0.05073649,0.04680804
4891,0.0028554702,0.0,0.037096404,0.007417027,0.0020069932,0.0,0.051288195,0.04681073
4892,0.0026169596,0.0,0.036710855,0.007404178,0.0019473128,0.0,0.050438378,0.04681456
4893,0.0028259798,0.0,0.037344754,0.007390125,0.0019693193,0.0,0.04891581,0.046816833
4894,0.0026656473,0.0,0.036691397,0.0073749092,0.0020706553,0.0,0.0522547,0.046817925
4895,0.0027952448,0.0,0.03792875,0.0073588807,0.0018519319,0.0,0.053397793,0.046817992
4896,0.002604995,0.0,0.03795375,0.00734224,0.0019650513,0.0,0.05504563,0.046820648
4897,0.002650242,0.0,0.037184715,0.007324827,0.0019567031,0.0,0.05060541,0.04682235
4898,0.002635927,0.0,0.03774415,0.0073067094,0.0019276129,0.0,0.050642163,0.04682653
4899,0.0026292533,0.0,0.03708343,0.0072879717,0.0019362635,0.0,0.050648678,0.046830915
4900,0.0027523567,0.0,0.036964454,0.0072688116,0.0019714972,0.0,0.052665155,0.04683512
4901,0.0027825476,0.0,0.03744513,0.0072492477,0.0018727492,0.0,0.048845444,0.046838
4902,0.0027129273,0.0,0.03725558,0.0072293594,0.00203413,0.0,0.05152951,0.04684181
4903,0.002852525,0.0,0.0372444,0.007209223,0.0020307202,0.0,0.049824048,0.046846755
4904,0.0029323022,0.0,0.03746552,0.0071896166,0.0020018895,0.0,0.050015163,0.046852697
4905,0.0029310726,0.0,0.03768859,0.0071700574,0.0019898461,0.0,0.05044156,0.046858154
4906,0.0027251819,0.0,0.037507534,0.0071511045,0.0019920669,0.0,0.050693884,0.04686279
4907,0.0026619167,0.0,0.03724898,0.0071322788,0.0019730602,0.0,0.04828553,0.046869725
4908,0.002899754,0.0,0.036794703,0.0071135033,0.002005364,0.0,0.049578883,0.04687659
4909,0.0028226415,0.0,0.03759077,0.0070945937,0.00198277,0.0,0.049099635,0.046881896
4910,0.002549189,0.0,0.038208812,0.007075798,0.0020314492,0.0,0.04956209,0.046885557
4911,0.0030393193,0.0,0.03712106,0.007057041,0.0020516138,0.0,0.048850928,0.046886306
4912,0.0027994548,0.0,0.037664037,0.007038397,0.0019800882,0.0,0.049422983,0.046886202
4913,0.0026949162,0.0,0.03794654,0.007020475,0.0019805909,0.0,0.05062463,0.04688465
4914,0.0028527835,0.0,0.037008863,0.0070027914,0.0019541052,0.0,0.049024377,0.0468873
4915,0.0026690632,0.0,0.037267167,0.006985302,0.0019200918,0.0,0.049322467,0.046889413
4916,0.002914435,0.0,0.037392627,0.006967958,0.0020052462,0.0,0.05282074,0.046892256
4917,0.0027873889,0.0,0.03637634,0.006951603,0.001864311,0.0,0.049391005,0.046893194
4918,0.0028069203,0.0,0.037135452,0.0069357273,0.0020198016,0.0,0.047472168,0.046892013
4919,0.0030674585,0.0,0.036816627,0.0069200723,0.0020021454,0.0,0.047364593,0.04689337
4920,0.0025718964,0.0,0.03662738,0.0069045266,0.0018705169,0.0,0.051803894,0.04689237
4921,0.0027672925,0.0,0.037121285,0.0068896096,0.0019113079,0.0,0.048727486,0.046893753
4922,0.0029110932,0.0,0.03684436,0.006874851,0.002048343,0.0,0.0531019,0.046896886
4923,0.002956897,0.0,0.03692071,0.006860073,0.0019543087,0.0,0.049696576,0.046899397
4924,0.0027513052,0.0,0.037361804,0.00684546,0.0019859953,0.0,0.05162674,0.046901826
4925,0.0028297482,0.0,0.036525402,0.0068307845,0.0020911386,0.0,0.04779878,0.046905577
4926,0.0028086498,0.0,0.038078547,0.0068181492,0.0018979653,0.0,0.049867798,0.046908658
4927,0.0028291345,0.0,0.036772665,0.0068061054,0.0021753667,0.0,0.049901057,0.046911564
4928,0.002983922,0.0,0.037619185,0.0067943027,0.0019008745,0.0,0.050654568,0.04691477
4929,0.0027415508,0.0,0.03584953,0.0067825504,0.002092289,0.0,0.051563334,0.046916086
4930,0.0028619687,0.0,0.037961047,0.00677073,0.0019818598,0.0,0.048243627,0.04691898
4931,0.0028442778,0.0,0.037762336,0.006759805,0.0019901518,0.0,0.051475924,0.046920888
4932,0.0027257944,0.0,0.036997844,0.006748992,0.0020907025,0.0,0.04971934,0.04692125
4933,0.0027383103,0.0,0.03771154,0.0067381267,0.0020258005,0.0,0.050386406,0.046919763
4934,0.0026988834,0.0,0.036880884,0.0067307334,0.0019805084,0.0,0.04892262,0.04692007
4935,0.0027694057,0.0,0.037673242,0.006724834,0.0020128458,0.0,0.051927082,0.046920966
4936,0.0027497276,0.0,0.03663563,0.0067199017,0.0020655005,0.0,0.048389975,0.046923615
4937,0.0027201022,0.0,0.035435904,0.0067152465,0.0020741934,0.0,0.048333995,0.046926223
4938,0.002758995,0.0,0.035803616,0.006711676,0.0019131365,0.0,0.048842374,0.046926368
4939,0.0026823212,0.0,0.03665665,0.006708257,0.0021259452,0.0,0.051103424,0.046926007
4940,0.0029713535,0.0,0.03665068,0.006709571,0.0019053099,0.0,0.048699304,0.04692475
4941,0.0026598254,0.0,0.036917035,0.006711542,0.0020513604,0.0,0.050569106,0.04692306
4942,0.0025902155,0.0,0.036447536,0.0067149964,0.0019902212,0.0,0.050361875,0.046921667
4943,0.0026283304,0.0,0.03649485,0.0067189685,0.0020018911,0.0,0.05085249,0.04692145
4944,0.0028252334,0.0,0.036707822,0.0067233676,0.001978089,0.0,0.04945551,0.046921294
4945,0.002788939,0.0,0.03698346,0.006727856,0.0020950914,0.0,0.049562678,0.046920575
4946,0.0028674684,0.0,0.0371459,0.006731514,0.002023782,0.0,0.049936052,0.046919003
4947,0.0028329194,0.0,0.03719108,0.006740166,0.0020026301,0.0,0.049278073,0.046921134
4948,0.0028277016,0.0,0.03676206,0.0067540463,0.0019531597,0.0,0.04985004,0.04692406
4949,0.0027830093,0.0,0.03685203,0.0067701833,0.0020451432,0.0,0.050449137,0.046926755
4950,0.003114406,0.0,0.037207413,0.0067879534,0.0020046143,0.0,0.05075109,0.04692876
4951,0.002803949,0.0,0.03697435,0.0068055275,0.0019219338,0.0,0.050310936,0.046928868
4952,0.0028963233,0.0,0.03715675,0.0068219886,0.0018918711,0.0,0.05020615,0.046929765
4953,0.0026832067,0.0,0.036895484,0.006836678,0.0020625258,0.0,0.04676666,0.046931297
4954,0.002733015,0.0,0.03685309,0.0068491697,0.0019890328,0.0,0.05089805,0.046932533
4955,0.0026933404,0.0,0.03621812,0.0068594967,0.0019453411,0.0,0.04951745,0.046932764
4956,0.0028535903,0.0,0.037765045,0.006868177,0.0019290224,0.0,0.05138929,0.04693066
4957,0.002683582,0.0,0.03690928,0.006874601,0.0020150656,0.0,0.04913466,0.046930227
4958,0.0026364785,0.0,0.036602672,0.006878717,0.0019206043,0.0,0.04947584,0.046929
4959,0.0026313039,0.0,0.037025057,0.006880626,0.001899197,0.0,0.051626623,0.046928536
4960,0.0026532074,0.0,0.03691473,0.006880424,0.0018080892,0.0,0.049192682,0.04692881
4961,0.0025577904,0.0,0.03779964,0.006878724,0.002070935,0.0,0.048065852,0.046927303
4962,0.0027354644,0.0,0.037405133,0.006877301,0.0018736154,0.0,0.051932406,0.046923168
4963,0.0025273038,0.0,0.03646611,0.0068767597,0.0019082769,0.0,0.050073233,0.0469197
4964,0.0026581741,0.0,0.03660755,0.0068793823,0.0019291188,0.0,0.051504213,0.046915587
4965,0.0028539093,0.0,0.037681565,0.006883933,0.0019624068,0.0,0.048117552,0.046913356
4966,0.0027830983,0.0,0.03679677,0.0068883183,0.0019822826,0.0,0.05183064,0.04691245
4967,0.0025549051,0.0,0.03698006,0.006892515,0.0018817171,0.0,0.051321216,0.046910252
4968,0.0027437343,0.0,0.03711018,0.006895704,0.0019758383,0.0,0.049546886,0.04690795
4969,0.0026098338,0.0,0.037829306,0.0068973666,0.0019661617,0.0,0.0514558,0.04690624
4970,0.00262916,0.0,0.036990948,0.0068975664,0.0018801168,0.0,0.050211642,0.046905793
4971,0.0027944227,0.0,0.036767505,0.006897239,0.0020151369,0.0,0.051526804,0.04690969
4972,0.0026449286,0.0,0.036656603,0.006899563,0.0018735225,0.0,0.050445374,0.046912473
4973,0.0027685564,0.0,0.03721975,0.006902682,0.0020186922,0.0,0.048616048,0.046915695
4974,0.0027488465,0.0,0.036378406,0.006905362,0.0019836568,0.0,0.051044736,0.0469186
4975,0.00280349,0.0,0.03693087,0.0069082887,0.0020384127,0.0,0.052262638,0.04692306
4976,0.0025917168,0.0,0.036520753,0.006910076,0.0019815671,0.0,0.05219116,0.046926234
4977,0.002830196,0.0,0.037092805,0.0069118347,0.0020236485,0.0,0.052470356,0.046929404
4978,0.0026236733,0.0,0.037240617,0.0069133905,0.0019339124,0.0,0.050592493,0.046934415
4979,0.00275653,0.0,0.037408493,0.006928882,0.0020313822,0.0,0.050873246,0.046940096
4980,0.0026862398,0.0,0.037981488,0.0069477386,0.002008332,0.0,0.051940642,0.046946354
4981,0.0026698613,0.0,0.03704354,0.0069679855,0.0021673196,0.0,0.04896894,0.04695555
4982,0.002802017,0.0,0.03759721,0.006993986,0.0020072411,0.0,0.049565695,0.04696422
4983,0.002824125,0.0,0.0372003,0.007022804,0.0019186154,0.0,0.048879307,0.04697189
4984,0.002869936,0.0,0.036192458,0.007052942,0.0021462291,0.0,0.050725587,0.046979293
4985,0.0026395428,0.0,0.037078697,0.007082826,0.0020331836,0.0,0.049681783,0.04698611
4986,0.002766648,0.0,0.03689147,0.007110828,0.0021429395,0.0,0.049406268,0.04699218
4987,0.0026971872,0.0,0.036471505,0.007136061,0.0020467343,0.0,0.049250666,0.04699458
4988,0.002655924,0.0,0.037766203,0.0071579874,0.002196506,0.0,0.05203819,0.046994176
4989,0.0029784148,0.0,0.0379791,0.007176917,0.0020964784,0.0,0.048212815,0.04699463
4990,0.0028475772,0.0,0.037798997,0.0071922797,0.0021766585,0.0,0.0486187,0.04699477
4991,0.002689948,0.0,0.038529236,0.007204043,0.0020057391,0.0,0.04864261,0.04699259
4992,0.0027629454,0.0,0.03744253,0.007213012,0.0020008602,0.0,0.047103763,0.0469889
4993,0.0027413652,0.0,0.03701875,0.0072187674,0.0020204007,0.0,0.049240816,0.04698272
4994,0.002857047,0.0,0.036845997,0.007221446,0.001991422,0.0,0.050028086,0.046978496
4995,0.002688749,0.0,0.0376379,0.007221289,0.0021199523,0.0,0.05026673,0.04697339
4996,0.0027347852,0.0,0.0373063,0.00721847,0.0020648206,0.0,0.052167017,0.04696939
4997,0.0026944205,0.0,0.03680549,0.007213213,0.0020107697,0.0,0.05083755,0.046965126
4998,0.0026673868,0.0,0.037459124,0.007207159,0.0019734243,0.0,0.051614437,0.04696055
4999,0.0027156281,0.0,0.036773123,0.0071994057,0.0019142667,0.0,0.052852314,0.046958342
5000,0.0028118477,0.0,0.03695821,0.007191109,0.001971992,0.0,0.05070966,0.046957735
5001,0.0027575379,0.0,0.03723324,0.0071814787,0.0020711424,0.0,0.049302228,0.04695934
5002,0.0028566527,0.0,0.03753724,0.007170555,0.002087108,0.0,0.049908195,0.046957314
5003,0.002772378,0.0,0.036868304,0.007158401,0.0019822842,0.0,0.049107045,0.046955436
5004,0.0026698895,0.0,0.036594152,0.007145098,0.002013641,0.0,0.051074676,0.04695328
5005,0.0028163109,0.0,0.03737401,0.007131782,0.0020634935,0.0,0.05007495,0.046948295
5006,0.0026958366,0.0,0.037580237,0.0071181045,0.0020369287,0.0,0.052447584,0.046943784
5007,0.002879393,0.0,0.0367155,0.007103957,0.0020382812,0.0,0.05333301,0.04694258
5008,0.0028090952,0.0,0.037245817,0.007089247,0.0021289198,0.0,0.052199457,0.04694043
5009,0.002789197,0.0,0.037282445,0.0070739607,0.0020119157,0.0,0.04970449,0.04693967
5010,0.0028319054,0.0,0.036785748,0.0070581026,0.0019545888,0.0,0.05171704,0.046941098
5011,0.002758205,0.0,0.037319,0.007041721,0.0019515842,0.0,0.05047063,0.04694159
5012,0.0028052593,0.0,0.03702632,0.007024861,0.0019907386,0.0,0.04933475,0.046942353
5013,0.0026743722,0.0,0.036886796,0.007007479,0.0019899844,0.0,0.050854158,0.04694176
5014,0.002781069,0.0,0.03782172,0.00698975,0.0020540392,0.0,0.049408276,0.04693952
5015,0.0027043375,0.0,0.037423708,0.0069717355,0.0018662649,0.0,0.051502228,0.046935305
5016,0.0030425296,0.0,0.0368179,0.006953727,0.0019270164,0.0,0.05046367,0.04693023
5017,0.0030853855,0.0,0.036878515,0.0069417963,0.0019584894,0.0,0.046640866,0.046927445
5018,0.0029655262,0.0,0.03832593,0.0069320877,0.0019107421,0.0,0.051829543,0.04692146
5019,0.0029392794,0.0,0.037655436,0.006923901,0.00187755,0.0,0.04781947,0.04691727
5020,0.0027894694,0.0,0.03711156,0.0069163716,0.0020335624,0.0,0.049861167,0.04691211
5021,0.0027103845,0.0,0.037434313,0.0069091604,0.0020223302,0.0,0.04954914,0.046907775
5022,0.003052324,0.0,0.03765281,0.0069038686,0.0019658336,0.0,0.048908807,0.046903737
5023,0.0027398423,0.0,0.036986563,0.0068997005,0.0020290297,0.0,0.04944378,0.046903152
5024,0.0026222218,0.0,0.03793884,0.0068970365,0.0019499841,0.0,0.04952453,0.04690216
5025,0.0027633812,0.0,0.036933977,0.0068949778,0.002012301,0.0,0.04944365,0.046903078
5026,0.0027918764,0.0,0.036870614,0.006892781,0.0019688995,0.0,0.05185257,0.046904694
5027,0.0025945455,0.0,0.037895177,0.0068901894,0.0018704854,0.0,0.052188147,0.04690799
5028,0.0028156966,0.0,0.03635045,0.0068884753,0.0019675323,0.0,0.050697163,0.04691298
5029,0.002693073,0.0,0.03634662,0.006887144,0.0019953847,0.0,0.04993415,0.046917174
5030,0.0027367836,0.0,0.0367477,0.0068851598,0.0018388393,0.0,0.050118595,0.046924524
5031,0.002856315,0.0,0.03644634,0.0068885335,0.0018737294,0.0,0.0492987,0.046930306
5032,0.002759052,0.0,0.036584944,0.006892314,0.0018263917,0.0,0.05097879,0.046935733
5033,0.0027414565,0.0,0.037242472,0.006895652,0.0020376637,0.0,0.048474938,0.046943124
5034,0.0025993937,0.0,0.037727024,0.0068982686,0.0019845555,0.0,0.051034663,0.04694724
5035,0.0026782905,0.0,0.036917847,0.00690103,0.0020826692,0.0,0.049339015,0.046949632
5036,0.002733654,0.0,0.036388204,0.006903332,0.0019764053,0.0,0.048561864,0.04695152
5037,0.0026731407,0.0,0.036445163,0.006904393,0.0018935436,0.0,0.052588377,0.04695163
5038,0.002765526,0.0,0.03685433,0.00690392,0.0020039333,0.0,0.04994607,0.046949595
5039,0.0027290112,0.0,0.03716107,0.006902966,0.0019026429,0.0,0.05026875,0.046946574
5040,0.0028489954,0.0,0.036629368,0.006901065,0.0019807897,0.0,0.052741274,0.046943255
5041,0.002875556,0.0,0.037168942,0.0068983347,0.0019325062,0.0,0.04792401,0.046942443
5042,0.0028199984,0.0,0.035754893,0.0068943147,0.0019700602,0.0,0.05033534,0.046939913
5043,0.002473338,0.0,0.037116606,0.0068889544,0.0018987325,0.0,0.05307208,0.046938006
5044,0.002667997,0.0,0.036399487,0.0068823914,0.0019310691,0.0,0.04959241,0.04693663
5045,0.0028324183,0.0,0.03627459,0.006875116,0.0018268183,0.0,0.049874075,0.046935014
5046,0.0026726208,0.0,0.037723564,0.0068667643,0.0019916792,0.0,0.04900149,0.046931222
5047,0.0026807024,0.0,0.037446454,0.006857528,0.0020410686,0.0,0.050857957,0.046926845
5048,0.002686868,0.0,0.036498997,0.0068477187,0.0019637982,0.0,0.048841693,0.046921313
5049,0.0024725276,0.0,0.03739579,0.0068370905,0.0019462302,0.0,0.05028223,0.04691473
5050,0.00244987,0.0,0.036543414,0.0068257055,0.0019458274,0.0,0.049570926,0.04690771
5051,0.0026452015,0.0,0.035833195,0.0068136416,0.0020054434,0.0,0.05153711,0.0469032
5052,0.0025496462,0.0,0.037807498,0.006800959,0.002019653,0.0,0.048190556,0.04690236
5053,0.002501731,0.0,0.03711684,0.0067877094,0.0018808449,0.0,0.05086358,0.046900976
5054,0.0025301632,0.0,0.03738178,0.006773984,0.0019154071,0.0,0.049572747,0.04690015
5055,0.0027716768,0.0,0.036958102,0.0067602433,0.001936799,0.0,0.049233355,0.04689811
5056,0.0026078825,0.0,0.037493493,0.006746191,0.0019839196,0.0,0.047339186,0.04689353
5057,0.0027307663,0.0,0.037851408,0.006731869,0.0019898599,0.0,0.04977027,0.046887968
5058,0.0026826668,0.0,0.037064385,0.0067173406,0.0019630243,0.0,0.04948867,0.046883654
5059,0.002651406,0.0,0.035918295,0.006702926,0.0019812856,0.0,0.048075948,0.046878997
5060,0.0025275862,0.0,0.03650601,0.0066884584,0.0018318023,0.0,0.051494908,0.04687528
5061,0.0027810063,0.0,0.03716541,0.0066762194,0.002019546,0.0,0.049451724,0.04687421
5062,0.0025517053,0.0,0.03674293,0.006665176,0.0018744793,0.0,0.049937185,0.04687279
5063,0.0028901438,0.0,0.036821626,0.0066564614,0.0021241982,0.0,0.04930836,0.046872642
5064,0.0027743746,0.0,0.03634061,0.0066494877,0.0019414114,0.0,0.049169336,0.04687445
5065,0.0026678408,0.0,0.036954936,0.0066430527,0.0019962643,0.0,0.051326852,0.046876866
5066,0.0026600107,0.0,0.03680504,0.0066369763,0.001939069,0.0,0.04933544,0.046878535
5067,0.0026047837,0.0,0.03645148,0.0066310745,0.0019866147,0.0,0.049683306,0.046879973
5068,0.0026204437,0.0,0.037443336,0.0066248258,0.0020885936,0.0,0.05090579,0.046880845
5069,0.0028589151,0.0,0.0378584,0.0066181645,0.0020050667,0.0,0.04863965,0.046880413
5070,0.0028864557,0.0,0.037019353,0.0066114124,0.002075792,0.0,0.04941495,0.04688014
5071,0.002704156,0.0,0.037177954,0.006604277,0.002019492,0.0,0.05129462,0.046879027
5072,0.0027678183,0.0,0.038103215,0.006596769,0.0019950003,0.0,0.04970843,0.04687942
5073,0.002569887,0.0,0.036880273,0.006591373,0.0019102161,0.0,0.05049254,0.046879467
5074,0.002785413,0.0,0.037532497,0.006587752,0.0021521742,0.0,0.049992617,0.046877634
5075,0.002809149,0.0,0.03773203,0.006587658,0.0018937486,0.0,0.049836688,0.04687688
5076,0.002696068,0.0,0.037414685,0.006589987,0.0019989894,0.0,0.04854206,0.04687565
5077,0.00284802,0.0,0.037698522,0.006593001,0.0019108728,0.0,0.050828274,0.04687535
5078,0.0026854964,0.0,0.037187163,0.0065965867,0.002099696,0.0,0.04795043,0.04687513
5079,0.002857455,0.0,0.03707183,0.006599937,0.0019176234,0.0,0.048349176,0.04687511
5080,0.002905527,0.0,0.036781043,0.006602366,0.0019989673,0.0,0.048144564,0.046873257
5081,0.0026168125,0.0,0.037024174,0.0066041476,0.0020764316,0.0,0.04932962,0.04686898
5082,0.0028516217,0.0,0.036716543,0.0066105467,0.0019359865,0.0,0.050652362,0.046863705
5083,0.0028169085,0.0,0.037656244,0.006618055,0.0019859364,0.0,0.05111776,0.04685611
5084,0.0029020652,0.0,0.036314998,0.006626989,0.0019761727,0.0,0.050523914,0.04684994
5085,0.002829021,0.0,0.036745075,0.0066357716,0.0019062499,0.0,0.05034422,0.04684443
5086,0.0026424632,0.0,0.036162905,0.0066437093,0.001821345,0.0,0.04858495,0.046839222
5087,0.0027464053,0.0,0.037292257,0.0066503747,0.0020096225,0.0,0.05198259,0.046835747
5088,0.002702304,0.0,0.03828873,0.006655511,0.0018270867,0.0,0.04803715,0.04683378
5089,0.0027414737,0.0,0.036930896,0.006660042,0.0018572141,0.0,0.050462637,0.04683208
5090,0.0027427922,0.0,0.036014844,0.0066632014,0.002010626,0.0,0.04794849,0.046830036
5091,0.0030224991,0.0,0.03789498,0.006667097,0.0019283396,0.0,0.061023924,0.04682731
5092,0.002852698,0.0,0.036713358,0.006672614,0.0019296298,0.0,0.050348137,0.04682663
5093,0.0026458339,0.0,0.037554342,0.0066776494,0.0018208531,0.0,0.051752895,0.04682841
5094,0.0027711708,0.0,0.037629835,0.006681693,0.0018603548,0.0,0.050302766,0.046833687
5095,0.0031663217,0.0,0.036668904,0.0066843713,0.0018119711,0.0,0.050672583,0.046837628
5096,0.0029950766,0.0,0.037372265,0.006685801,0.0018945838,0.0,0.05053199,0.046841595
5097,0.0028229689,0.0,0.037979834,0.006688477,0.0018337264,0.0,0.054789398,0.046843015
5098,0.0027822864,0.0,0.03712915,0.006690201,0.0019601209,0.0,0.048978835,0.046845555
5099,0.0027528075,0.0,0.037166983,0.006691468,0.0019027926,0.0,0.04975838,0.046846528
5100,0.0028520767,0.0,0.036784448,0.0066916305,0.0019784423,0.0,0.04918898,0.046847343
5101,0.0030425652,0.0,0.03692544,0.0066908626,0.001862639,0.0,0.051521808,0.046847466
5102,0.0027240105,0.0,0.03706463,0.006688901,0.0018950942,0.0,0.049524494,0.04684744
5103,0.002791164,0.0,0.03621954,0.00668586,0.0018414917,0.0,0.049790923,0.04684696
5104,0.0028274525,0.0,0.036229413,0.0066826544,0.0018438859,0.0,0.04818426,0.046845566
5105,0.002882984,0.0,0.03735474,0.0066788783,0.0019284484,0.0,0.048118036,0.04684449
5106,0.0026139016,0.0,0.036838688,0.006674305,0.0020274946,0.0,0.04979876,0.046844408
5107,0.0027631202,0.0,0.03727697,0.006669198,0.002007928,0.0,0.04999611,0.046842825
5108,0.0025813042,0.0,0.037304085,0.0066671623,0.0019988825,0.0,0.05088508,0.04684058
5109,0.002876532,0.0,0.03715905,0.006665094,0.0020410514,0.0,0.05198267,0.046838645
5110,0.0026035805,0.0,0.03698772,0.00666279,0.0020525241,0.0,0.04893208,0.04683793
5111,0.0029553934,0.0,0.03715551,0.006660152,0.0020972698,0.0,0.050409183,0.04683611
5112,0.0030395444,0.0,0.037390757,0.006657828,0.0021946984,0.0,0.051003423,0.046835486
5113,0.0027964856,0.0,0.03783692,0.0066547818,0.0019791638,0.0,0.053672496,0.046836656
5114,0.0027663095,0.0,0.03708394,0.006651286,0.0021006183,0.0,0.048965197,0.046841424
5115,0.0025757807,0.0,0.037242893,0.006658524,0.0019803317,0.0,0.050472848,0.046845287
5116,0.0030818433,0.0,0.03764871,0.0066692745,0.0020952988,0.0,0.050577674,0.046849135
5117,0.0028287014,0.0,0.037734598,0.006681681,0.001999026,0.0,0.05295957,0.046854325
5118,0.0027583747,0.0,0.03674505,0.006695226,0.0020256035,0.0,0.047035903,0.04686141
5119,0.0028883154,0.0,0.037104722,0.006708712,0.0020680353,0.0,0.050218582,0.046868198
5120,0.0028256155,0.0,0.03735456,0.0067213015,0.0019590622,0.0,0.0500904,0.04687327
5121,0.002842225,0.0,0.037354823,0.0067324536,0.0019985875,0.0,0.048707347,0.04687818
5122,0.0027783697,0.0,0.036991373,0.006742172,0.0019346811,0.0,0.04952821,0.046881072
5123,0.0028030653,0.0,0.03783998,0.006749923,0.0020576862,0.0,0.04898791,0.04688404
5124,0.0028213207,0.0,0.036222726,0.006756121,0.0017908345,0.0,0.050245337,0.046886507
5125,0.0028294304,0.0,0.03731903,0.006760296,0.0020267733,0.0,0.050719894,0.04688752
5126,0.0029476886,0.0,0.03673036,0.0067629283,0.0020036825,0.0,0.051042113,0.046887413
5127,0.00278699,0.0,0.037533324,0.0067636212,0.0019054755,0.0,0.049122106,0.04688793
5128,0.002860938,0.0,0.03745637,0.0067624208,0.0018458614,0.0,0.052854713,0.046890236
5129,0.0027457038,0.0,0.036810987,0.0067610377,0.0020846163,0.0,0.05242357,0.04689873
5130,0.0028634435,0.0,0.036587343,0.0067621367,0.0018621983,0.0,0.050186213,0.046904724
5131,0.003013541,0.0,0.03768952,0.006763314,0.0019955963,0.0,0.048088707,0.04691113
5132,0.0027404756,0.0,0.037621487,0.006764492,0.0018832639,0.0,0.05076108,0.04691521
5133,0.0028622267,0.0,0.037525266,0.0067647756,0.0020030907,0.0,0.052010585,0.04692067
5134,0.0028831477,0.0,0.03736517,0.006765884,0.0018761421,0.0,0.050372593,0.046931997
5135,0.0028259328,0.0,0.036877584,0.0067663854,0.0020829772,0.0,0.051018182,0.046944275
5136,0.0029412792,0.0,0.036763232,0.006765737,0.001922669,0.0,0.049146175,0.046955597
5137,0.0029260013,0.0,0.03823504,0.0067637837,0.0019786858,0.0,0.051192068,0.046964176
5138,0.0030295362,0.0,0.03684629,0.0067605674,0.0020206028,0.0,0.04948658,0.04697281
5139,0.0027477331,0.0,0.036828943,0.006756231,0.0020549272,0.0,0.049378976,0.046979006
5140,0.0029257205,0.0,0.03715591,0.0067515476,0.0020045182,0.0,0.052569143,0.04698754
5141,0.002928832,0.0,0.036747277,0.006748393,0.002012214,0.0,0.05034491,0.04699517
5142,0.0030153228,0.0,0.037560157,0.0067456854,0.002165313,0.0,0.04841326,0.04700101
5143,0.0029568288,0.0,0.03695891,0.006742761,0.0020092062,0.0,0.048981875,0.047003515
5144,0.0028820399,0.0,0.037396643,0.0067388606,0.0020618958,0.0,0.048324194,0.047006164
5145,0.0026717514,0.0,0.03725676,0.0067342552,0.0020367617,0.0,0.050232574,0.04700822
5146,0.0029212248,0.0,0.03737998,0.00673041,0.0021650568,0.0,0.049978822,0.047011692
5147,0.0030165738,0.0,0.037461005,0.0067260284,0.001981205,0.0,0.049885344,0.047012046
5148,0.0029531887,0.0,0.037481256,0.0067280033,0.0020045,0.0,0.049222063,0.04701245
5149,0.002803037,0.0,0.037198775,0.0067312713,0.0021642277,0.0,0.048451815,0.047014847
5150,0.002656522,0.0,0.03798286,0.006735729,0.0019744714,0.0,0.0503367,0.047014356
5151,0.0026616717,0.0,0.037107937,0.0067401836,0.0020176792,0.0,0.049472935,0.047013078
5152,0.002687338,0.0,0.0365915,0.0067438306,0.0020035282,0.0,0.049465902,0.047011025
5153,0.00261014,0.0,0.037643246,0.0067462884,0.0020367184,0.0,0.05147337,0.047010023
5154,0.0027952993,0.0,0.036747813,0.0067472514,0.0020445182,0.0,0.050056335,0.047009345
5155,0.0027516652,0.0,0.03674324,0.0067469184,0.0020711236,0.0,0.051058087,0.047010474
5156,0.002809691,0.0,0.037133195,0.006745333,0.0019065225,0.0,0.049288366,0.047012776
5157,0.0027406926,0.0,0.037373852,0.006742291,0.0021078384,0.0,0.049428575,0.047015157
5158,0.002737724,0.0,0.037363518,0.0067381817,0.0020388728,0.0,0.051681176,0.047017295
5159,0.0029235666,0.0,0.03711348,0.006733863,0.002036744,0.0,0.050883558,0.047018934
5160,0.0028793663,0.0,0.03677334,0.006731536,0.0018834949,0.0,0.051066168,0.047019165
5161,0.0026740516,0.0,0.03803836,0.00673009,0.00200792,0.0,0.05218731,0.047020726
5162,0.0026846542,0.0,0.037355598,0.0067283725,0.0018997414,0.0,0.05111656,0.047021467
5163,0.0026264675,0.0,0.037280533,0.00672688,0.0021104848,0.0,0.050128814,0.04702276
5164,0.0026512856,0.0,0.0365146,0.00672602,0.0020367855,0.0,0.048849877,0.04702404
5165,0.002979491,0.0,0.038214404,0.006724574,0.0021043725,0.0,0.048890155,0.047023963
5166,0.0028019473,0.0,0.03684382,0.006722328,0.002161444,0.0,0.051053107,0.047022928
5167,0.0028205875,0.0,0.03640576,0.00671963,0.0021898176,0.0,0.049392197,0.04702037
5168,0.00294464,0.0,0.03641618,0.0067178467,0.0021161155,0.0,0.050074775,0.04701937
5169,0.0029434978,0.0,0.03729529,0.0067159543,0.0022061476,0.0,0.04921222,0.047016423
5170,0.0027407077,0.0,0.03682026,0.00672838,0.0020989552,0.0,0.052310873,0.047011923
5171,0.0027600678,0.0,0.037635885,0.006748945,0.002107589,0.0,0.051230915,0.047008574
5172,0.002737255,0.0,0.037621275,0.0067770886,0.002039282,0.0,0.049521144,0.047009878
5173,0.0027958078,0.0,0.036830146,0.0068083326,0.0020924376,0.0,0.050054606,0.04700934
5174,0.0025614435,0.0,0.037517864,0.0068406546,0.0021521214,0.0,0.05108934,0.04701031
5175,0.0028058111,0.0,0.03726299,0.0068724924,0.002039529,0.0,0.048893724,0.047012202
5176,0.0028926812,0.0,0.03684678,0.0069023315,0.002043976,0.0,0.049107924,0.047015645
5177,0.0029621904,0.0,0.037630964,0.0069294786,0.0019305951,0.0,0.048697233,0.047021076
5178,0.002709005,0.0,0.036845915,0.006953344,0.0018448768,0.0,0.048728116,0.047026217
5179,0.0028299054,0.0,0.037352107,0.00697546,0.0019925183,0.0,0.04967196,0.047031492
5180,0.0026277099,0.0,0.036928527,0.0069944058,0.0019843907,0.0,0.05044149,0.047036253
5181,0.0028868932,0.0,0.03685569,0.007010021,0.0019891982,0.0,0.049343143,0.047040492
5182,0.0024568483,0.0,0.036867,0.0070222523,0.0019243412,0.0,0.048768494,0.047044218
5183,0.0026851809,0.0,0.037452564,0.0070322314,0.0021427695,0.0,0.054751836,0.04704772
5184,0.0027655235,0.0,0.036652368,0.0070393803,0.00191608,0.0,0.048851315,0.047052123
5185,0.0028344763,0.0,0.03721764,0.0070451484,0.0020609149,0.0,0.049306314,0.047054037
5186,0.0026760548,0.0,0.037140556,0.007048974,0.001982169,0.0,0.048282772,0.047053248
5187,0.0026661388,0.0,0.03717254,0.0070513343,0.0019798812,0.0,0.04879478,0.047051333
5188,0.0029730618,0.0,0.0366594,0.007053992,0.0020031114,0.0,0.049686834,0.047047578
5189,0.002896596,0.0,0.037744902,0.0070587606,0.0019795492,0.0,0.049471036,0.047041096
5190,0.0028656244,0.0,0.037317082,0.007063374,0.0020039175,0.0,0.049630836,0.047037102
5191,0.0026127598,0.0,0.03666411,0.00707252,0.0020533975,0.0,0.05105701,0.047035407
5192,0.0028294546,0.0,0.036639627,0.007082224,0.002100192,0.0,0.048965096,0.047034625
5193,0.003044037,0.0,0.036915824,0.007091426,0.0022420897,0.0,0.04980269,0.04703228
5194,0.0029047765,0.0,0.03685728,0.007100783,0.0021123642,0.0,0.051463842,0.047026493
5195,0.002874777,0.0,0.037374496,0.0071114986,0.002196372,0.0,0.05018035,0.047023114
5196,0.0028324986,0.0,0.036880914,0.007123005,0.002187994,0.0,0.052673716,0.047019552
5197,0.0028145134,0.0,0.036439024,0.007133215,0.0021722168,0.0,0.04956154,0.047015846
5198,0.0028650605,0.0,0.03664101,0.007141933,0.0020881132,0.0,0.049338304,0.047011442
5199,0.002693012,0.0,0.036762826,0.0071485424,0.0022988643,0.0,0.050293062,0.047005817
5200,0.0026408078,0.0,0.036657874,0.007152669,0.0020816734,0.0,0.049962696,0.0470029
5201,0.002914156,0.0,0.03679803,0.0071550542,0.002195733,0.0,0.052294645,0.047002073
5202,0.0027813122,0.0,0.037656736,0.007155218,0.001966691,0.0,0.04973205,0.04700096
5203,0.0027904145,0.0,0.03758903,0.007153007,0.002314607,0.0,0.0509807,0.046999726
5204,0.0028989124,0.0,0.03765245,0.0071484833,0.0020297223,0.0,0.049440596,0.04699723
5205,0.0027337994,0.0,0.03669281,0.007141771,0.0021551528,0.0,0.050450794,0.04699477
5206,0.0027275363,0.0,0.036872026,0.0071350196,0.0021834057,0.0,0.05031221,0.046989758
5207,0.002665155,0.0,0.03697863,0.007128344,0.0021829705,0.0,0.052282963,0.046983678
5208,0.0028339098,0.0,0.036194105,0.007120767,0.0021133355,0.0,0.05065752,0.04697555
5209,0.0028586609,0.0,0.035879772,0.0071122716,0.0020829549,0.0,0.04911997,0.04696878
5210,0.0027446512,0.0,0.037359063,0.0071027013,0.0021109956,0.0,0.048404776,0.046961583
5211,0.0026640808,0.0,0.037001878,0.007091972,0.0020510568,0.0,0.050642405,0.0469561
5212,0.0026119153,0.0,0.036708735,0.007080161,0.0021631834,0.0,0.049669616,0.046949916
5213,0.0027279619,0.0,0.03780684,0.0070685567,0.00196956,0.0,0.051392037,0.046942934
5214,0.002718777,0.0,0.036954235,0.007056228,0.0023337319,0.0,0.052005187,0.046938255
5215,0.0027539923,0.0,0.03668495,0.007045064,0.0020282657,0.0,0.048804224,0.04693456
5216,0.0027914806,0.0,0.037427925,0.007034179,0.0022491405,0.0,0.050161827,0.046929747
5217,0.0027343002,0.0,0.037583437,0.0070227096,0.002022471,0.0,0.049335964,0.0469234
5218,0.0027470258,0.0,0.037842017,0.0070107826,0.0021504422,0.0,0.04953149,0.04691684
5219,0.002732355,0.0,0.03703076,0.006998213,0.002046649,0.0,0.05101201,0.046911735
5220,0.0027480891,0.0,0.037236426,0.006984781,0.0021094214,0.0,0.049764927,0.046908643
5221,0.0027901297,0.0,0.036899783,0.006971255,0.0021376878,0.0,0.04876557,0.04690491
5222,0.002731211,0.0,0.037948404,0.0069572125,0.0021418836,0.0,0.049734082,0.046899978
5223,0.0030011863,0.0,0.037434313,0.0069428273,0.0019738933,0.0,0.04943678,0.04689772
5224,0.0029007455,0.0,0.036829617,0.0069287037,0.002126504,0.0,0.04873757,0.0468954
5225,0.0025432755,0.0,0.036017776,0.006919963,0.0022122255,0.0,0.04813974,0.04689399
5226,0.002706195,0.0,0.037220776,0.0069126524,0.00207578,0.0,0.04978616,0.04689045
5227,0.0027292478,0.0,0.0361495,0.0069080284,0.0020436863,0.0,0.051849578,0.046885774
5228,0.0027712716,0.0,0.037784476,0.0069037937,0.0019295816,0.0,0.05005028,0.04688112
5229,0.0028319522,0.0,0.036661766,0.006900143,0.0021358698,0.0,0.048786767,0.046875615
5230,0.0026641353,0.0,0.03736121,0.006895888,0.0019198323,0.0,0.04986186,0.046870787
5231,0.0027153918,0.0,0.03695231,0.0068907244,0.0020652418,0.0,0.049198102,0.046867013
5232,0.0029521603,0.0,0.037432097,0.006885782,0.0021077092,0.0,0.048774183,0.04686409
5233,0.0029857531,0.0,0.037236214,0.006880209,0.0020927861,0.0,0.048955794,0.04686061
5234,0.0026307574,0.0,0.03718424,0.0068744128,0.0019466904,0.0,0.04942878,0.046858706
5235,0.0029264295,0.0,0.03809594,0.006867895,0.002069835,0.0,0.050902423,0.046855535
5236,0.002842254,0.0,0.037762165,0.006860764,0.0018655588,0.0,0.049907487,0.046853688
5237,0.002747218,0.0,0.03710859,0.0068528405,0.0019476784,0.0,0.051276896,0.04685621
5238,0.0027793506,0.0,0.037672292,0.0068439315,0.0021390188,0.0,0.04906737,0.04686069
5239,0.002793016,0.0,0.03734656,0.006834155,0.0018782608,0.0,0.049936533,0.046865467
5240,0.0027781464,0.0,0.03617649,0.006823367,0.0020426547,0.0,0.050809197,0.046871144
5241,0.0026655947,0.0,0.03767555,0.0068123923,0.00218333,0.0,0.049556963,0.0468816
5242,0.0028862238,0.0,0.036267996,0.006800712,0.0020607072,0.0,0.049559306,0.046893083
5243,0.002797753,0.0,0.03705122,0.0067883306,0.0020222003,0.0,0.051600758,0.046903633
5244,0.002799048,0.0,0.036402132,0.006781718,0.0022557548,0.0,0.04926406,0.046913777
5245,0.0028853172,0.0,0.037051685,0.0067909285,0.0021284954,0.0,0.050895307,0.046922076
5246,0.0026161512,0.0,0.03740959,0.006809307,0.0021947208,0.0,0.051151786,0.04693036
5247,0.0029243445,0.0,0.036819577,0.006833447,0.0020229956,0.0,0.047995407,0.04693672
5248,0.0028324565,0.0,0.03721083,0.0068668816,0.0022597068,0.0,0.048379995,0.046939578
5249,0.0026783615,0.0,0.037101667,0.0069043105,0.0022566367,0.0,0.050562024,0.046942003
5250,0.002755383,0.0,0.037156515,0.0069427695,0.0021469335,0.0,0.050566282,0.046943214
5251,0.0029150501,0.0,0.03699692,0.00699451,0.002060153,0.0,0.049021047,0.04694076
5252,0.0027514664,0.0,0.037313994,0.007049527,0.0022010107,0.0,0.050407935,0.046935905
5253,0.0027316494,0.0,0.037777297,0.007104783,0.0020548943,0.0,0.048956085,0.046932157
5254,0.0027281216,0.0,0.037197445,0.007158075,0.0023508205,0.0,0.049255636,0.046926558
5255,0.0030114434,0.0,0.037164997,0.0072083855,0.002103359,0.0,0.05088291,0.046920534
5256,0.0029431933,0.0,0.037883848,0.007255937,0.0020967415,0.0,0.0502291,0.04691506
5257,0.0025286449,0.0,0.037001926,0.0072986875,0.0021328423,0.0,0.046959158,0.046911012
5258,0.0027592562,0.0,0.037505157,0.007336123,0.0020293887,0.0,0.049385164,0.046905775
5259,0.0025890102,0.0,0.03749399,0.007367996,0.0021465677,0.0,0.050229806,0.046902414
5260,0.0027401317,0.0,0.036739558,0.0073942724,0.0021023895,0.0,0.049071867,0.046898555
5261,0.0026880312,0.0,0.03824839,0.0074167755,0.0023081012,0.0,0.048734806,0.04689501
5262,0.0029264675,0.0,0.036260184,0.007434732,0.0020534368,0.0,0.04939161,0.046888165
5263,0.0030000955,0.0,0.037413944,0.007449083,0.0020550645,0.0,0.048524298,0.046882823
5264,0.002894061,0.0,0.03616679,0.00745954,0.0022545971,0.0,0.049583435,0.046878826
5265,0.002802396,0.0,0.036735013,0.007466038,0.0019512067,0.0,0.048601046,0.04687552
5266,0.0026795457,0.0,0.03802671,0.0074687283,0.0020854494,0.0,0.048963044,0.046870805
5267,0.002871596,0.0,0.03783988,0.0074679754,0.0020527989,0.0,0.048788078,0.046863563
5268,0.0027660807,0.0,0.036489345,0.00746401,0.0020525886,0.0,0.049470194,0.046855755
5269,0.0027017808,0.0,0.037179343,0.0074570784,0.0021217605,0.0,0.049657226,0.046847403
5270,0.002959944,0.0,0.035944983,0.0074490593,0.0021157588,0.0,0.04970702,0.046840623
5271,0.0025677003,0.0,0.03708225,0.0074397065,0.002096642,0.0,0.048747186,0.046835035
5272,0.0028163663,0.0,0.037057415,0.0074288845,0.0021036859,0.0,0.04862374,0.046831477
5273,0.0026340757,0.0,0.03717204,0.007416542,0.0020092055,0.0,0.050039127,0.0468306
5274,0.0028175323,0.0,0.03682631,0.007402672,0.0021882488,0.0,0.047512133,0.04682797
5275,0.002734435,0.0,0.037413392,0.0073879315,0.002099544,0.0,0.04927562,0.046824034
5276,0.0026821417,0.0,0.037973795,0.0073747355,0.0022301162,0.0,0.049230758,0.046821326
5277,0.0028734377,0.0,0.03691371,0.0073613096,0.002050298,0.0,0.049791127,0.04681884
5278,0.0026473745,0.0,0.037332416,0.007358122,0.0021053369,0.0,0.049369358,0.0468164
5279,0.0026364024,0.0,0.03726543,0.007358881,0.0020583174,0.0,0.048448723,0.046815544
5280,0.0027136921,0.0,0.037862398,0.007361791,0.002225773,0.0,0.050386734,0.04681486
5281,0.0026660815,0.0,0.036992684,0.0073770457,0.001956655,0.0,0.051777065,0.046813473
5282,0.0028333187,0.0,0.0363091,0.0074006473,0.0022337574,0.0,0.050086964,0.046814546
5283,0.0027210831,0.0,0.037630327,0.007428651,0.0021701772,0.0,0.051156487,0.046817172
5284,0.0025825936,0.0,0.03720007,0.007458388,0.002287662,0.0,0.051900774,0.04681821
5285,0.0026901972,0.0,0.037161827,0.0074878647,0.0021953534,0.0,0.049826223,0.0468183
5286,0.0027902373,0.0,0.037790798,0.0075156586,0.00221424,0.0,0.050080497,0.04681852
5287,0.002665498,0.0,0.037410095,0.0075411233,0.0020594273,0.0,0.04785859,0.046816915
5288,0.0026386592,0.0,0.0373926,0.00756404,0.002016386,0.0,0.049303547,0.046815593
5289,0.002700435,0.0,0.036307584,0.0075836238,0.0020424977,0.0,0.050303634,0.046813224
5290,0.0027951433,0.0,0.03684964,0.007599506,0.0020294837,0.0,0.052083507,0.046810962
5291,0.002760156,0.0,0.036256652,0.007612116,0.00200847,0.0,0.050712682,0.04680747
5292,0.0029342924,0.0,0.036684673,0.007621116,0.002176269,0.0,0.05033637,0.04680425
5293,0.0030396294,0.0,0.037727665,0.0076265167,0.002127476,0.0,0.048529137,0.046799995
5294,0.003026418,0.0,0.03558612,0.007628629,0.0020995429,0.0,0.05286186,0.046794217
5295,0.0026961945,0.0,0.036938444,0.00762741,0.001993304,0.0,0.050512522,0.04679241
5296,0.0026495415,0.0,0.037061892,0.007625182,0.002072262,0.0,0.05109318,0.046791855
5297,0.0028890218,0.0,0.037276197,0.007621189,0.0020210762,0.0,0.05206492,0.046794336
5298,0.0027504265,0.0,0.037169904,0.0076151066,0.0020392698,0.0,0.051800642,0.0467982
5299,0.0029260772,0.0,0.03638177,0.0076069627,0.0019654925,0.0,0.047843818,0.04680466
5300,0.0027318576,0.0,0.03890036,0.0075967335,0.0020032327,0.0,0.050215844,0.046812396
5301,0.0027652858,0.0,0.037063178,0.0075844806,0.0019679163,0.0,0.051466864,0.046819285
5302,0.0027868426,0.0,0.037091676,0.0075703226,0.0018868104,0.0,0.052088648,0.046825588
5303,0.0026735174,0.0,0.03806077,0.007554389,0.0019386661,0.0,0.0485535,0.046833143
5304,0.0028278434,0.0,0.03720811,0.0075418893,0.0019588827,0.0,0.051975362,0.0468375
5305,0.0027374951,0.0,0.036946233,0.0075316876,0.0018426224,0.0,0.052303918,0.0468449
5306,0.0031215681,0.0,0.037653357,0.00752234,0.002149259,0.0,0.047748826,0.046851724
5307,0.0026584025,0.0,0.037760958,0.0075131487,0.0019857308,0.0,0.051203594,0.046856515
5308,0.0027806761,0.0,0.036917135,0.0075035873,0.0020197653,0.0,0.04871661,0.046861894
5309,0.002789781,0.0,0.03713412,0.0074935467,0.0019416463,0.0,0.050322637,0.04686447
5310,0.0028441357,0.0,0.037379656,0.0074854554,0.0018928746,0.0,0.050677873,0.046865135
5311,0.0027873553,0.0,0.03679819,0.0074770865,0.0019554333,0.0,0.04995906,0.046866775
5312,0.0027326902,0.0,0.0372741,0.007468019,0.0019261705,0.0,0.049716797,0.046866484
5313,0.002709547,0.0,0.035948727,0.007458936,0.0018574012,0.0,0.049235478,0.04686465
5314,0.0028215304,0.0,0.03784215,0.007448893,0.0019791068,0.0,0.048355475,0.046862382
5315,0.0025844928,0.0,0.037210144,0.0074376995,0.0019962941,0.0,0.050911166,0.046861496
5316,0.0027307791,0.0,0.036487028,0.007425654,0.0019538926,0.0,0.047319986,0.046859942
5317,0.0027570787,0.0,0.036986217,0.0074124835,0.0019285373,0.0,0.048727136,0.046857603
5318,0.0029615622,0.0,0.036509775,0.0073981322,0.002084932,0.0,0.050235845,0.046856362
5319,0.0027098474,0.0,0.036713794,0.007382645,0.0019969165,0.0,0.05029512,0.046852633
5320,0.0027994113,0.0,0.037187286,0.007366099,0.002055877,0.0,0.050332714,0.046850603
5321,0.00274388,0.0,0.0371643,0.007348587,0.0017565928,0.0,0.050165374,0.04684861
5322,0.002982071,0.0,0.037568457,0.0073302295,0.00201252,0.0,0.048571166,0.04684774
5323,0.0026915304,0.0,0.037363265,0.0073111355,0.0020548,0.0,0.049325507,0.046845112
5324,0.0027568387,0.0,0.037334353,0.007293116,0.0018837161,0.0,0.048624244,0.046841383
5325,0.002663943,0.0,0.03695111,0.0072753187,0.0019359263,0.0,0.04889641,0.046838015
5326,0.0027143504,0.0,0.037404403,0.0072577205,0.0017982573,0.0,0.05223755,0.04683533
5327,0.0028857423,0.0,0.037185542,0.0072419723,0.0018932931,0.0,0.050251275,0.04683338
5328,0.0029171628,0.0,0.037890367,0.0072264187,0.0020460929,0.0,0.050017793,0.04683139
5329,0.002920776,0.0,0.03700715,0.0072107366,0.0019817303,0.0,0.05375925,0.04683107
5330,0.0026093512,0.0,0.036531992,0.007195197,0.0019501619,0.0,0.052863315,0.046832513
5331,0.0027719785,0.0,0.037119012,0.007179355,0.001913853,0.0,0.05122405,0.046834383
5332,0.0027416602,0.0,0.037247777,0.0071630925,0.0020476186,0.0,0.050134107,0.04683797
5333,0.002757226,0.0,0.03657768,0.007146489,0.0018162536,0.0,0.049840394,0.046844296
5334,0.0026222223,0.0,0.036971897,0.0071294256,0.0019870931,0.0,0.050278854,0.04684971
5335,0.0027439822,0.0,0.03757331,0.0071119275,0.0019229151,0.0,0.049966063,0.046853356
5336,0.0025998051,0.0,0.03652956,0.0070940345,0.0019574654,0.0,0.050664246,0.046857566
5337,0.0028335517,0.0,0.03753819,0.0070758183,0.0019629926,0.0,0.053893846,0.046861988
5338,0.0028109543,0.0,0.03737051,0.0070574796,0.0019619048,0.0,0.050839823,0.04686786
5339,0.0025996552,0.0,0.036402486,0.007038962,0.0018426344,0.0,0.049944393,0.0468721
5340,0.00264256,0.0,0.037236135,0.007020968,0.0018573329,0.0,0.04987004,0.04688129
5341,0.0027911807,0.0,0.036205802,0.0070120767,0.002089437,0.0,0.049918953,0.046890635
5342,0.002862109,0.0,0.036557738,0.007006563,0.0018602816,0.0,0.05110093,0.046898898
5343,0.0027661577,0.0,0.037362494,0.0070032645,0.0019366842,0.0,0.052285153,0.046906352
5344,0.0028522979,0.0,0.037861448,0.0070148604,0.0019545949,0.0,0.05084525,0.046914827
5345,0.002701954,0.0,0.03554221,0.007034187,0.0019790875,0.0,0.05343377,0.0469206
5346,0.0027223371,0.0,0.03699853,0.0070580887,0.0020309542,0.0,0.048412118,0.04692649
5347,0.0028099075,0.0,0.037476357,0.007084144,0.0019008324,0.0,0.049759973,0.046933915
5348,0.0028979594,0.0,0.03647625,0.0071106046,0.0019600382,0.0,0.05037395,0.046941902
5349,0.002789254,0.0,0.037650608,0.0071392288,0.0019480209,0.0,0.049609568,0.046950065
5350,0.0028002192,0.0,0.037491366,0.007166921,0.0019523951,0.0,0.05074192,0.04695665
5351,0.0027168265,0.0,0.03701435,0.0071926042,0.0019541627,0.0,0.04821595,0.0469623
5352,0.002922758,0.0,0.03723114,0.007216716,0.0018930358,0.0,0.05176103,0.046966936
5353,0.0027883833,0.0,0.03701718,0.007237667,0.0019388383,0.0,0.049080495,0.046970647
5354,0.0026726301,0.0,0.037832547,0.007256161,0.0019861953,0.0,0.047138482,0.046975564
5355,0.0028080335,0.0,0.037714206,0.0072714593,0.0018681305,0.0,0.04753258,0.04697967
5356,0.0024300944,0.0,0.037407216,0.0072834035,0.0019269024,0.0,0.047616825,0.0469826
5357,0.0028866276,0.0,0.03691003,0.0072919154,0.0019965738,0.0,0.049531493,0.046982873
5358,0.002837489,0.0,0.037551317,0.0072995704,0.0019046135,0.0,0.051162753,0.04698433
5359,0.002831332,0.0,0.036771283,0.0073052626,0.0018775582,0.0,0.049989365,0.04698443
5360,0.0027252587,0.0,0.037834264,0.007309032,0.0019423637,0.0,0.05288034,0.046984453
5361,0.0026677412,0.0,0.036950648,0.0073110857,0.0017697639,0.0,0.048329398,0.04698552
5362,0.0027177637,0.0,0.038071673,0.007321205,0.0019728383,0.0,0.049954847,0.04698845
5363,0.0026654068,0.0,0.037232224,0.007334712,0.0019625307,0.0,0.05263563,0.046991125
5364,0.0026474243,0.0,0.036484603,0.007349805,0.0018853567,0.0,0.047392786,0.04699323
5365,0.002718305,0.0,0.036734045,0.0073649264,0.0018946367,0.0,0.050350457,0.046992637
5366,0.0026466567,0.0,0.03749205,0.007379002,0.0018953825,0.0,0.05271903,0.046992626
5367,0.0025995495,0.0,0.036474325,0.007391302,0.0018905672,0.0,0.05446503,0.046995375
5368,0.00262504,0.0,0.036309596,0.00740143,0.0018243556,0.0,0.049095124,0.047000844
5369,0.002784396,0.0,0.037606224,0.0074124797,0.0018005702,0.0,0.050539855,0.047007762
5370,0.0026753074,0.0,0.03724265,0.0074214344,0.0018343948,0.0,0.04800582,0.047012508
5371,0.0026260626,0.0,0.036811758,0.0074283457,0.0018908798,0.0,0.050214935,0.047013063
5372,0.0027968015,0.0,0.03757956,0.0074329018,0.0018213803,0.0,0.04831171,0.047017176
5373,0.0027863344,0.0,0.038074188,0.0074350154,0.0017962302,0.0,0.050593186,0.04702159
5374,0.002595755,0.0,0.037125245,0.0074345153,0.0018018755,0.0,0.050365705,0.047023565
5375,0.0026911935,0.0,0.03706795,0.0074314247,0.0018639212,0.0,0.047870845,0.047026336
5376,0.0027889323,0.0,0.037057918,0.0074258167,0.0018729605,0.0,0.050727528,0.047029752
5377,0.0025785004,0.0,0.037329186,0.007417905,0.0018002193,0.0,0.048873503,0.047031824
5378,0.0027519718,0.0,0.03789974,0.007409127,0.001918372,0.0,0.048970558,0.04703241
5379,0.0025298407,0.0,0.037823103,0.0073988177,0.0017687748,0.0,0.05162092,0.04703139
5380,0.0027578447,0.0,0.03726371,0.0073871072,0.0018327318,0.0,0.05011801,0.0470293
5381,0.0025953432,0.0,0.0379054,0.007373992,0.0018429622,0.0,0.051674977,0.04702628
5382,0.002757865,0.0,0.037590645,0.00735957,0.0019015946,0.0,0.04651053,0.047022864
5383,0.002805624,0.0,0.0381052,0.0073554805,0.0019040327,0.0,0.048809595,0.04701933
5384,0.0027129615,0.0,0.03771659,0.007355547,0.0018194498,0.0,0.05000269,0.047015537
5385,0.002688742,0.0,0.0372986,0.0073580383,0.0019004524,0.0,0.048195276,0.04701145
5386,0.002697755,0.0,0.03750991,0.0073616947,0.0018402562,0.0,0.05107537,0.04700621
5387,0.0029654147,0.0,0.0361084,0.0073685315,0.0018526491,0.0,0.05108405,0.047002386
5388,0.0027221472,0.0,0.036430527,0.007375415,0.0017830771,0.0,0.049839787,0.04699639
5389,0.0029391553,0.0,0.03651193,0.0073814793,0.0018226757,0.0,0.049422376,0.04698824
5390,0.002720275,0.0,0.037212722,0.0073860954,0.0017866063,0.0,0.047818087,0.04697921
5391,0.0028365713,0.0,0.03649583,0.0073888167,0.0017003494,0.0,0.04910541,0.046971682
5392,0.0028489952,0.0,0.03585758,0.0073895333,0.0017766262,0.0,0.052217897,0.046962406
5393,0.0029775181,0.0,0.03690102,0.0073881065,0.0017957338,0.0,0.05138609,0.046954945
5394,0.0027943144,0.0,0.037949137,0.007386836,0.0017807764,0.0,0.04747881,0.046950344
5395,0.0027405217,0.0,0.036935765,0.0073841484,0.0019046592,0.0,0.051342383,0.04694391
5396,0.002973476,0.0,0.03695405,0.007379851,0.0019138582,0.0,0.0504294,0.04693885
5397,0.0027472645,0.0,0.037932165,0.0073738066,0.0018870184,0.0,0.05052081,0.046934936
5398,0.0025868386,0.0,0.038044292,0.0073659164,0.002014192,0.0,0.048912883,0.046931114
5399,0.002623709,0.0,0.036660347,0.007356479,0.0018857621,0.0,0.050808426,0.046930533
5400,0.00282369,0.0,0.037512656,0.0073527237,0.0019214936,0.0,0.050036166,0.04692891
5401,0.0029201843,0.0,0.036981884,0.0073509268,0.0018777223,0.0,0.05213755,0.04692825
5402,0.0027425801,0.0,0.036317836,0.0073500113,0.0017889814,0.0,0.049597614,0.046927437
5403,0.0025684172,0.0,0.037513122,0.0073491707,0.0019384205,0.0,0.047709696,0.046926368
5404,0.002769259,0.0,0.036443572,0.007347805,0.0019889676,0.0,0.05123117,0.046923827
5405,0.0029312884,0.0,0.036875222,0.0073456964,0.0021874954,0.0,0.0487667,0.046921432
5406,0.0028650393,0.0,0.03923116,0.007343558,0.001956111,0.0,0.047910776,0.046919923
5407,0.0026572589,0.0,0.037616875,0.0073418543,0.0017985561,0.0,0.04904211,0.04691747
5408,0.0028674097,0.0,0.037041545,0.0073395004,0.001956248,0.0,0.050149966,0.04691398
5409,0.0028808468,0.0,0.037217457,0.0073360503,0.001895431,0.0,0.049605582,0.04691256
5410,0.0027131187,0.0,0.036906634,0.007331195,0.0019219391,0.0,0.051428754,0.04690788
5411,0.0028237412,0.0,0.036528237,0.0073248227,0.002043983,0.0,0.049447056,0.046903785
5412,0.002768051,0.0,0.038318295,0.0073210974,0.0019950152,0.0,0.049589258,0.046900295
5413,0.002832696,0.0,0.037037533,0.007318053,0.0018174631,0.0,0.050225645,0.046898726
5414,0.0024466354,0.0,0.036419142,0.007314909,0.0021474638,0.0,0.05046343,0.04689923
5415,0.002764126,0.0,0.037118353,0.007311099,0.0019888624,0.0,0.05244987,0.046901494
5416,0.0026192784,0.0,0.037351932,0.007306225,0.0018857546,0.0,0.0506137,0.0469043
5417,0.0029213154,0.0,0.036974985,0.0073000523,0.0019622785,0.0,0.050618324,0.046906587
5418,0.0028442638,0.0,0.036546912,0.0072924444,0.0018262848,0.0,0.051017985,0.04690899
5419,0.0026119265,0.0,0.03696897,0.0072833644,0.002028615,0.0,0.049848516,0.04691195
5420,0.0025195235,0.0,0.037260566,0.0072736205,0.0019035741,0.0,0.04837947,0.046913773
5421,0.0026693668,0.0,0.036576074,0.0072642956,0.0019085569,0.0,0.049869455,0.04691763
5422,0.0026733228,0.0,0.03684543,0.007254011,0.0018604293,0.0,0.05160689,0.046922866
5423,0.0025017892,0.0,0.036829285,0.0072436007,0.0021090338,0.0,0.04963613,0.04693283
5424,0.0026769692,0.0,0.036812212,0.0072323447,0.0019871122,0.0,0.048300035,0.04694101
5425,0.002567906,0.0,0.03731076,0.0072201346,0.0020022239,0.0,0.05067212,0.04694689
5426,0.0027361189,0.0,0.035812512,0.007214007,0.0021175002,0.0,0.05160005,0.046951506
5427,0.002681585,0.0,0.036862183,0.007209136,0.0018267273,0.0,0.052593376,0.046956077
5428,0.0028063061,0.0,0.037302993,0.0072047426,0.0020881996,0.0,0.050949354,0.046958983
5429,0.0029017832,0.0,0.037256237,0.0072000283,0.0021536197,0.0,0.051819842,0.04696205
5430,0.0026882454,0.0,0.036563795,0.0071946383,0.002037192,0.0,0.04949704,0.046966676
5431,0.002702658,0.0,0.036718063,0.0071886703,0.002133415,0.0,0.04819307,0.046970416
5432,0.0024319075,0.0,0.036874678,0.0071818503,0.002028654,0.0,0.0499836,0.046971083
5433,0.0027243898,0.0,0.0369475,0.0071739643,0.0019810335,0.0,0.049442768,0.04697035
5434,0.0024322064,0.0,0.037677526,0.007165035,0.0021650235,0.0,0.04731733,0.046969514
5435,0.0024190699,0.0,0.036857206,0.007155003,0.0021153803,0.0,0.049688175,0.046969227
5436,0.002764615,0.0,0.0363481,0.0071452865,0.002007257,0.0,0.050389282,0.046968296
5437,0.0027918497,0.0,0.036700316,0.0071359044,0.0020733573,0.0,0.050415292,0.0469681
5438,0.0026419077,0.0,0.038070124,0.007127282,0.0019804395,0.0,0.050045308,0.04696881
5439,0.0029185875,0.0,0.03651709,0.007121404,0.0022001073,0.0,0.051270973,0.046972554
5440,0.0027383673,0.0,0.037345275,0.0071164365,0.0020574797,0.0,0.05266451,0.046978664
5441,0.0026107605,0.0,0.036754835,0.007111799,0.0019072167,0.0,0.051326606,0.04698548
5442,0.0026815203,0.0,0.037113745,0.0071081333,0.0020350362,0.0,0.05042692,0.04698978
5443,0.002840785,0.0,0.03681238,0.0071055265,0.0020768603,0.0,0.049606837,0.0469958
5444,0.002681471,0.0,0.037032478,0.007103886,0.0020721063,0.0,0.053553957,0.04700156
5445,0.0028846185,0.0,0.037565064,0.007101575,0.0019774134,0.0,0.050513428,0.04700702
5446,0.0027128174,0.0,0.037004273,0.007098143,0.0020026753,0.0,0.049023475,0.047010634
5447,0.002753094,0.0,0.036747,0.0070932554,0.0020077054,0.0,0.050868377,0.04701569
5448,0.0027352914,0.0,0.037044823,0.007086884,0.002061369,0.0,0.049501073,0.047018453
5449,0.0028489141,0.0,0.037054952,0.007079055,0.0018986113,0.0,0.051246785,0.04701717
5450,0.0027874634,0.0,0.036042202,0.007070069,0.0020395517,0.0,0.05002212,0.0470174
5451,0.0027132116,0.0,0.03712143,0.0070600878,0.0020592564,0.0,0.04929009,0.047016673
5452,0.0028303075,0.0,0.03656152,0.007050249,0.0021415337,0.0,0.048608266,0.04701298
5453,0.0027725962,0.0,0.03753601,0.00703974,0.0018517603,0.0,0.047803123,0.047010686
5454,0.002788723,0.0,0.037666228,0.007028536,0.0019951658,0.0,0.048991553,0.047008533
5455,0.0026816668,0.0,0.036925036,0.0070168492,0.0019794365,0.0,0.049868327,0.047006756
5456,0.0028573363,0.0,0.037628107,0.0070048138,0.0018444064,0.0,0.049699567,0.047004893
5457,0.0027338061,0.0,0.0375384,0.006992161,0.0020655936,0.0,0.049724866,0.04700286
5458,0.002931701,0.0,0.03676385,0.0069789025,0.0019613088,0.0,0.048289586,0.047001287
5459,0.0027073862,0.0,0.03712418,0.006965052,0.002008313,0.0,0.05211732,0.046998322
5460,0.0028115732,0.0,0.036626775,0.006959873,0.0019067872,0.0,0.051095016,0.046999853
5461,0.002777466,0.0,0.037278652,0.006961528,0.0019946774,0.0,0.049586885,0.047000274
5462,0.0029576141,0.0,0.037213497,0.006970588,0.0018630743,0.0,0.050536044,0.047001224
5463,0.0026087263,0.0,0.036994077,0.006982611,0.0019818714,0.0,0.049235728,0.04700412
5464,0.002800325,0.0,0.03759954,0.0069958293,0.001948183,0.0,0.048915368,0.047007233
5465,0.0025885166,0.0,0.03748464,0.007009019,0.001872171,0.0,0.04947187,0.047008548
5466,0.00270224,0.0,0.03722343,0.007021759,0.002051424,0.0,0.049880918,0.047009647
5467,0.0026887392,0.0,0.03667849,0.007033267,0.0020220634,0.0,0.048799045,0.047011375
5468,0.002714417,0.0,0.037155468,0.0070427447,0.0020262625,0.0,0.050818134,0.04701403
5469,0.002853883,0.0,0.03659455,0.007049853,0.0018797403,0.0,0.051046614,0.047012836
5470,0.0026098632,0.0,0.037396718,0.007054454,0.0021188566,0.0,0.049014114,0.047011565
5471,0.0028543815,0.0,0.037301857,0.0070566195,0.0018982383,0.0,0.048538726,0.047009904
5472,0.0026803827,0.0,0.0367599,0.007056608,0.0020954343,0.0,0.04940269,0.047008242
5473,0.002713402,0.0,0.03754083,0.0070543215,0.002029742,0.0,0.050047763,0.04700472
5474,0.0028860846,0.0,0.0370465,0.007050844,0.0022209724,0.0,0.049142107,0.047002178
5475,0.0026479573,0.0,0.037085507,0.0070457584,0.001976082,0.0,0.050901763,0.04699876
5476,0.0028932968,0.0,0.03741831,0.0070395316,0.0019895285,0.0,0.050751243,0.046997778
5477,0.002807621,0.0,0.03723493,0.0070320973,0.0019310482,0.0,0.048638955,0.046996962
5478,0.002580216,0.0,0.037197564,0.0070235417,0.0020930618,0.0,0.049091093,0.04699485
5479,0.0025651355,0.0,0.03754565,0.007013875,0.001971793,0.0,0.04943308,0.046993446
5480,0.0027506344,0.0,0.038422305,0.007006422,0.0020817334,0.0,0.04977238,0.046993747
5481,0.0028338034,0.0,0.036786348,0.007000083,0.002104424,0.0,0.04898652,0.04699355
5482,0.0026626484,0.0,0.038029525,0.0069936127,0.0019683526,0.0,0.049631707,0.046993855
5483,0.0028942782,0.0,0.036799908,0.0069868406,0.0022086413,0.0,0.049593814,0.046993237
5484,0.0027829693,0.0,0.037165135,0.0069807703,0.0020378232,0.0,0.052613866,0.04699323
5485,0.0028684395,0.0,0.036892503,0.006974234,0.0020904639,0.0,0.049788147,0.046994615
5486,0.002994194,0.0,0.036657788,0.0069669522,0.0020168212,0.0,0.049069904,0.046997663
5487,0.0025193403,0.0,0.036455315,0.006958737,0.002180864,0.0,0.050371338,0.047000006
5488,0.0028870692,0.0,0.03665131,0.0069496008,0.002042575,0.0,0.05146989,0.047001295
5489,0.002804395,0.0,0.036638625,0.006939728,0.0019753522,0.0,0.05091692,0.047001544
5490,0.002707954,0.0,0.037386842,0.006928945,0.0021355818,0.0,0.049950756,0.047001086
5491,0.002767692,0.0,0.036656726,0.006917321,0.0020814827,0.0,0.05039646,0.047000512
5492,0.0027298578,0.0,0.03750746,0.0069049303,0.0021540707,0.0,0.0490848,0.047000404
5493,0.0026746728,0.0,0.03778499,0.006892264,0.0019438786,0.0,0.049529087,0.047000244
5494,0.0027037642,0.0,0.036895983,0.006880019,0.0021013254,0.0,0.050679248,0.046997473
5495,0.002700427,0.0,0.038766567,0.0068675433,0.0019865036,0.0,0.05048929,0.046995025
5496,0.0027914478,0.0,0.03658627,0.0068546915,0.0019631789,0.0,0.049870513,0.04699161
5497,0.002695509,0.0,0.036751274,0.006841578,0.0020230461,0.0,0.048987504,0.046989728
5498,0.0027268622,0.0,0.03742692,0.006828954,0.0019566822,0.0,0.04707178,0.046985388
5499,0.002648878,0.0,0.037124272,0.0068251714,0.0019828847,0.0,0.048800033,0.04698088
5500,0.0028450543,0.0,0.037158817,0.0068257255,0.0020203313,0.0,0.05062454,0.046977486
5501,0.0027854997,0.0,0.03760115,0.0068289423,0.0019770788,0.0,0.04801026,0.04697559
5502,0.0025561252,0.0,0.037622467,0.0068335803,0.00195612,0.0,0.04623936,0.046971064
5503,0.0026912452,0.0,0.03641305,0.006840191,0.0018805894,0.0,0.04949038,0.046965875
5504,0.0026909292,0.0,0.037505224,0.006847778,0.0020703783,0.0,0.049427472,0.046959613
5505,0.0027070825,0.0,0.036776826,0.0068740854,0.0020563996,0.0,0.049717523,0.046952877
5506,0.0026040399,0.0,0.038196754,0.00690988,0.0021067162,0.0,0.050850425,0.046946604
5507,0.0026021802,0.0,0.036597233,0.0069517316,0.0020311188,0.0,0.05042661,0.046941865
5508,0.0026505126,0.0,0.038017437,0.006996236,0.0022048715,0.0,0.05102284,0.046938445
5509,0.0026029148,0.0,0.037880294,0.0070417374,0.001832136,0.0,0.04976882,0.046935704
5510,0.0027685564,0.0,0.03662374,0.007113116,0.0022087689,0.0,0.05014822,0.046934873
5511,0.0028595752,0.0,0.037340924,0.007198575,0.0019750756,0.0,0.050447702,0.046933632
5512,0.002604016,0.0,0.03707057,0.0072916616,0.002312261,0.0,0.051743492,0.04693324
5513,0.0027939593,0.0,0.03721288,0.0073893196,0.0019911965,0.0,0.049097776,0.046932712
5514,0.0030191336,0.0,0.0377005,0.0074865883,0.002210351,0.0,0.04785527,0.04693178
5515,0.0029818083,0.0,0.03721083,0.0075802235,0.0019910913,0.0,0.05049126,0.04692817
5516,0.0028703855,0.0,0.036641065,0.0076681226,0.002046297,0.0,0.05032036,0.046924863
5517,0.002659094,0.0,0.03756453,0.0077492762,0.002214847,0.0,0.050429247,0.046922456
5518,0.0027915563,0.0,0.036586903,0.00782272,0.0021167877,0.0,0.05172343,0.04691945
5519,0.0028807898,0.0,0.03752564,0.007887797,0.001999347,0.0,0.049305923,0.04691611
5520,0.0028198226,0.0,0.036647417,0.007944399,0.002062181,0.0,0.0496833,0.046912353
5521,0.0026728846,0.0,0.036567234,0.007992613,0.0022704755,0.0,0.049319267,0.04691044
5522,0.0026700813,0.0,0.036608167,0.008032708,0.0020721797,0.0,0.051505383,0.046906434
5523,0.002617896,0.0,0.03774392,0.008065085,0.0021602875,0.0,0.04780913,0.04690442
5524,0.0026437768,0.0,0.03640546,0.008090221,0.0021782818,0.0,0.047990315,0.04690247
5525,0.0025873592,0.0,0.036691904,0.008108961,0.0020824743,0.0,0.048729442,0.046897877
5526,0.00281864,0.0,0.036984507,0.008122027,0.002129456,0.0,0.04780631,0.04689317
5527,0.002887919,0.0,0.037078228,0.008129808,0.0022295958,0.0,0.05156151,0.046888445
5528,0.0027199734,0.0,0.036591213,0.008133549,0.0021410433,0.0,0.04951501,0.04688459
5529,0.002789289,0.0,0.03670264,0.00813361,0.0020076532,0.0,0.050542653,0.046880066
5530,0.0026554214,0.0,0.037727773,0.008132778,0.0019594154,0.0,0.04930595,0.046877164
5531,0.0028442112,0.0,0.037190575,0.0081297355,0.00205227,0.0,0.052199636,0.04687634
5532,0.0027232885,0.0,0.037064556,0.008124605,0.0021003827,0.0,0.0497995,0.04687797
5533,0.002679656,0.0,0.037751064,0.008116945,0.0021145085,0.0,0.04905395,0.046877716
5534,0.0026974538,0.0,0.036679685,0.008106933,0.0019993875,0.0,0.05009068,0.04687465
5535,0.002623012,0.0,0.036550887,0.008106086,0.0021272802,0.0,0.049558043,0.046870474
5536,0.002905937,0.0,0.03668143,0.008107663,0.002086107,0.0,0.05106639,0.04686528
5537,0.0027757282,0.0,0.03760114,0.008110324,0.0020572464,0.0,0.04972028,0.0468585
5538,0.0025559964,0.0,0.037047815,0.008112771,0.0020714959,0.0,0.04969004,0.046854418
5539,0.0025302165,0.0,0.03786429,0.008114471,0.00196662,0.0,0.050763875,0.04685166
5540,0.0026499506,0.0,0.03665008,0.008128882,0.0020586564,0.0,0.048517033,0.04684996
5541,0.002747733,0.0,0.036927994,0.008149966,0.0020499756,0.0,0.051839408,0.046846703
5542,0.0027217928,0.0,0.036920335,0.008175142,0.0019217707,0.0,0.047974143,0.04684684
5543,0.0027148088,0.0,0.037413478,0.00820136,0.0019156383,0.0,0.050967813,0.046845656
5544,0.0028099963,0.0,0.03650253,0.0082269395,0.0020484456,0.0,0.050080623,0.046845622
5545,0.0026567657,0.0,0.037510112,0.008250412,0.0019334509,0.0,0.051799178,0.046846874
5546,0.0026745507,0.0,0.03654431,0.008270955,0.0020067284,0.0,0.050607085,0.046849877
5547,0.0028872285,0.0,0.037391428,0.008288185,0.0020552257,0.0,0.05093123,0.046852425
5548,0.0024934325,0.0,0.03683954,0.00831124,0.0019073534,0.0,0.04973181,0.046858545
5549,0.0028308907,0.0,0.03745246,0.008346774,0.002016228,0.0,0.047579624,0.04686534
5550,0.0026186116,0.0,0.036366995,0.008389073,0.0018868002,0.0,0.052148737,0.046872146
5551,0.002622399,0.0,0.037142824,0.008434212,0.0019150368,0.0,0.047648333,0.04687578
5552,0.0025757377,0.0,0.036897358,0.008479267,0.0019165319,0.0,0.051403888,0.046876173
5553,0.0027865241,0.0,0.03710691,0.00852259,0.0018495724,0.0,0.049265884,0.046878323
5554,0.0027099545,0.0,0.03737721,0.00856236,0.0018869226,0.0,0.052127812,0.04687847
5555,0.0028461255,0.0,0.03626703,0.008597413,0.0018670164,0.0,0.05040599,0.046878435
5556,0.0029230372,0.0,0.037696846,0.008627103,0.001905546,0.0,0.051206958,0.046879243
5557,0.0026210349,0.0,0.03682243,0.008651091,0.0018635743,0.0,0.050446864,0.046879824
5558,0.0027043426,0.0,0.037429355,0.008670401,0.0018418493,0.0,0.050002757,0.04688004
5559,0.002648658,0.0,0.037115067,0.008684296,0.0018346332,0.0,0.04895484,0.04688101
5560,0.0025915683,0.0,0.03731877,0.008692872,0.0019579006,0.0,0.048113327,0.0468807
5561,0.0027653077,0.0,0.03815738,0.008696348,0.0018991019,0.0,0.05132814,0.04688013
5562,0.002622419,0.0,0.03639876,0.008694995,0.0019131522,0.0,0.049387332,0.046880905
5563,0.002565407,0.0,0.03760124,0.008689149,0.0019761866,0.0,0.050026935,0.046880137
5564,0.0027525544,0.0,0.037091456,0.008679402,0.0019151332,0.0,0.04826436,0.046878453
5565,0.002569812,0.0,0.036811452,0.008665952,0.0019570512,0.0,0.05051973,0.046876673
5566,0.0029093828,0.0,0.036568232,0.008649789,0.0019369336,0.0,0.050869443,0.046875555
5567,0.002651151,0.0,0.038110387,0.008630893,0.0019157369,0.0,0.050019316,0.04687395
5568,0.002641467,0.0,0.037072707,0.008609714,0.0019753287,0.0,0.050594036,0.04687163
5569,0.002698084,0.0,0.036844086,0.008586361,0.0021012423,0.0,0.049152806,0.046869345
5570,0.0026998187,0.0,0.036428753,0.008561048,0.0017975661,0.0,0.048093483,0.046866808
5571,0.0027188112,0.0,0.03578059,0.008534418,0.001951915,0.0,0.047922704,0.046861235
5572,0.0025858672,0.0,0.03646739,0.008506327,0.0018677058,0.0,0.048607048,0.046855748
5573,0.0027476791,0.0,0.037168145,0.008476791,0.0020348644,0.0,0.05124238,0.04684984
5574,0.0027892718,0.0,0.037545934,0.008446467,0.0019882477,0.0,0.052811105,0.046845414
5575,0.0026612107,0.0,0.037590545,0.008415338,0.0020411648,0.0,0.05006025,0.04684334
5576,0.0029367467,0.0,0.037279885,0.008383723,0.0019549788,0.0,0.049581338,0.04684309
5577,0.0028011494,0.0,0.0362466,0.0083525535,0.001957651,0.0,0.049509153,0.04684295
5578,0.002858375,0.0,0.037013154,0.008321293,0.00209025,0.0,0.04919214,0.04684296
5579,0.0024562492,0.0,0.037657656,0.00829011,0.0021927804,0.0,0.051173624,0.046842594
5580,0.0026820044,0.0,0.037808977,0.008258733,0.0021061222,0.0,0.051165674,0.04684485
5581,0.002579348,0.0,0.036643162,0.008227369,0.0019850573,0.0,0.04815991,0.046848133
5582,0.002657999,0.0,0.037840553,0.008195828,0.0020715727,0.0,0.05080435,0.04685079
5583,0.0028324937,0.0,0.037701093,0.008164598,0.0020598685,0.0,0.049899615,0.046851993
5584,0.0026568584,0.0,0.03636228,0.008136456,0.002137256,0.0,0.049110807,0.046855517
5585,0.0028870828,0.0,0.036234003,0.0081098415,0.0019349237,0.0,0.050673295,0.046858765
5586,0.002853975,0.0,0.03826042,0.008084194,0.001954256,0.0,0.04903934,0.046861656
5587,0.002707457,0.0,0.03684883,0.008059064,0.0020750056,0.0,0.04674891,0.046862878
5588,0.002848939,0.0,0.03681897,0.008034134,0.001986465,0.0,0.049622692,0.04686222
5589,0.0029098415,0.0,0.03793046,0.008009167,0.0019272916,0.0,0.051642388,0.046860844
5590,0.0028606588,0.0,0.03697937,0.007984024,0.0019685903,0.0,0.051670734,0.046859298
5591,0.00274251,0.0,0.037360873,0.007958614,0.0020174403,0.0,0.049967375,0.04685683
5592,0.0028807735,0.0,0.037047077,0.007932904,0.002116909,0.0,0.049412902,0.046854146
5593,0.0026191429,0.0,0.037376657,0.007907075,0.0020349585,0.0,0.049238887,0.046852287
5594,0.0027278103,0.0,0.037616022,0.007881419,0.0019387647,0.0,0.048826404,0.04684851
5595,0.0029649273,0.0,0.0363165,0.007856676,0.0019847816,0.0,0.05279637,0.046842784
5596,0.002754087,0.0,0.03592285,0.007831936,0.001891989,0.0,0.05168628,0.046838645
5597,0.0025145009,0.0,0.037063368,0.0078071556,0.0019258064,0.0,0.04792501,0.04683371
5598,0.002850886,0.0,0.037520047,0.0077824416,0.0019484207,0.0,0.04770483,0.04682921
5599,0.0027451736,0.0,0.03729585,0.007757827,0.0019404126,0.0,0.04888294,0.04682557
5600,0.0027774724,0.0,0.036701012,0.007733259,0.0019532084,0.0,0.051768634,0.046821762
5601,0.0028336637,0.0,0.036875043,0.007708713,0.0018508842,0.0,0.04858291,0.046818182
5602,0.0027359552,0.0,0.037407685,0.007684014,0.002043441,0.0,0.05204821,0.046816714
5603,0.0026981484,0.0,0.036713995,0.007659409,0.0019050633,0.0,0.049547892,0.04681824
5604,0.0026935874,0.0,0.03738845,0.007634892,0.0020138829,0.0,0.050191138,0.046820827
5605,0.0026211818,0.0,0.037549376,0.007610957,0.0018854174,0.0,0.05005218,0.04682507
5606,0.0026878612,0.0,0.036725342,0.007587227,0.001880339,0.0,0.051479798,0.04682958
5607,0.0026082639,0.0,0.03637078,0.007564042,0.0019298635,0.0,0.049506743,0.046833664
5608,0.002546145,0.0,0.037311394,0.0075410623,0.0019083838,0.0,0.048859883,0.046837177
5609,0.0026720362,0.0,0.037838206,0.0075182538,0.0020076425,0.0,0.05144495,0.04684111
5610,0.0027831534,0.0,0.037947018,0.007495534,0.002082886,0.0,0.049427755,0.04684788
5611,0.0027959023,0.0,0.03695344,0.0074730422,0.001991495,0.0,0.04985764,0.046854936
5612,0.0027528214,0.0,0.036000155,0.0074507543,0.0021471828,0.0,0.05038871,0.04685901
5613,0.002655388,0.0,0.03743337,0.0074286372,0.0020551076,0.0,0.05117428,0.04686103
5614,0.0027650686,0.0,0.036454868,0.007406837,0.002063123,0.0,0.04862213,0.046863366
5615,0.0027702735,0.0,0.03733031,0.007386078,0.0021927913,0.0,0.048857484,0.046864115
5616,0.0028279296,0.0,0.036910776,0.007365676,0.002031158,0.0,0.04947059,0.046863675
5617,0.0026336936,0.0,0.037790872,0.0073468224,0.0021609608,0.0,0.04923812,0.04686276
5618,0.00259367,0.0,0.037150316,0.007328705,0.0020184417,0.0,0.05151271,0.046861533
5619,0.0027062893,0.0,0.03720644,0.0073112184,0.0020747771,0.0,0.05100573,0.046863213
5620,0.0028146885,0.0,0.036540106,0.0072940523,0.0021747136,0.0,0.050691817,0.046865214
5621,0.002617378,0.0,0.036948506,0.00727705,0.0021934505,0.0,0.04872541,0.0468707
5622,0.0028892802,0.0,0.037363037,0.007260086,0.0021581226,0.0,0.05198468,0.046874896
5623,0.0028672845,0.0,0.03686676,0.0072448365,0.0020283933,0.0,0.04923171,0.04687843
5624,0.0026183457,0.0,0.037174582,0.0072298404,0.0020256117,0.0,0.04824182,0.04688077
5625,0.0025385595,0.0,0.036368903,0.0072149043,0.0021873454,0.0,0.050669637,0.046880595
5626,0.0028170848,0.0,0.03792111,0.0071999123,0.0021670053,0.0,0.051223133,0.046880074
5627,0.0028531302,0.0,0.036718026,0.0071852165,0.0019823809,0.0,0.04964846,0.046878934
5628,0.0027074427,0.0,0.037133638,0.0071706465,0.0022677109,0.0,0.053133298,0.04687639
5629,0.0026018985,0.0,0.037507962,0.007155882,0.002336541,0.0,0.051571816,0.04687891
5630,0.0028348875,0.0,0.03784464,0.0071409056,0.0020736917,0.0,0.04851544,0.04688387
5631,0.002684314,0.0,0.037212484,0.0071257236,0.002178606,0.0,0.051762618,0.04689137
5632,0.0026183059,0.0,0.03688081,0.007110367,0.0022131423,0.0,0.050409935,0.046900377
5633,0.0027729531,0.0,0.036762428,0.007096591,0.0021356111,0.0,0.051508497,0.046909235
5634,0.0027072872,0.0,0.03751205,0.0070833024,0.002184606,0.0,0.04798153,0.046915945
5635,0.0027224617,0.0,0.037989344,0.007070303,0.0020978644,0.0,0.051917814,0.0469189
5636,0.0027208023,0.0,0.037249867,0.0070574074,0.002172195,0.0,0.04963908,0.046919845
5637,0.0027587414,0.0,0.03708579,0.0070444494,0.0023534738,0.0,0.050243594,0.046919
5638,0.0027746507,0.0,0.03659787,0.0070313355,0.0018776918,0.0,0.051056243,0.046917707
5639,0.0027882103,0.0,0.03729065,0.0070180483,0.0020808256,0.0,0.051177286,0.046917062
5640,0.0027520165,0.0,0.03630891,0.007004536,0.00204955,0.0,0.048957642,0.046918787
5641,0.002829353,0.0,0.0373981,0.0069908765,0.0020930911,0.0,0.047679733,0.04692118
5642,0.0028141837,0.0,0.036579393,0.0069770277,0.0021673643,0.0,0.049163397,0.046923798
5643,0.002587365,0.0,0.036402885,0.0069630216,0.0020943696,0.0,0.04903229,0.046924848
5644,0.002828592,0.0,0.03653168,0.006949476,0.0020523816,0.0,0.051199358,0.046924967
5645,0.0025200371,0.0,0.036305837,0.0069360337,0.0021383709,0.0,0.047805395,0.046926446
5646,0.0025645234,0.0,0.03619733,0.0069235307,0.0022292694,0.0,0.049146887,0.04692731
5647,0.0027264142,0.0,0.037377153,0.0069145095,0.0020111247,0.0,0.04935055,0.04692919
5648,0.0029014472,0.0,0.037850752,0.006907969,0.0020742787,0.0,0.05052943,0.046929915
5649,0.0028674738,0.0,0.036975063,0.006902752,0.0019335195,0.0,0.050283607,0.046928722
5650,0.0027867819,0.0,0.03692839,0.006898531,0.0021238422,0.0,0.050458103,0.04692428
5651,0.0027965005,0.0,0.036887784,0.006894704,0.0020353594,0.0,0.04885385,0.046920083
5652,0.0026467405,0.0,0.037058424,0.0068908054,0.0019790297,0.0,0.050909553,0.046917062
5653,0.0029393295,0.0,0.036566775,0.00688737,0.0020296404,0.0,0.050313246,0.046914693
5654,0.0027288622,0.0,0.036711894,0.0068834363,0.0019469458,0.0,0.049312957,0.04691536
5655,0.0027172342,0.0,0.03780958,0.006878843,0.0019332957,0.0,0.050400842,0.046913963
5656,0.0025657127,0.0,0.036657292,0.0068804165,0.0019275763,0.0,0.048565377,0.046908688
5657,0.0026459917,0.0,0.03687633,0.0068855076,0.001941258,0.0,0.05103363,0.0469024
5658,0.002686519,0.0,0.03747461,0.0068922704,0.0018933889,0.0,0.050130017,0.04689931
5659,0.002589788,0.0,0.036741648,0.006899759,0.0019290443,0.0,0.04904302,0.046897862
5660,0.0027105345,0.0,0.037035163,0.0069105565,0.0019495899,0.0,0.05131692,0.046896998
5661,0.0027274257,0.0,0.03708906,0.0069214143,0.00205729,0.0,0.05095618,0.04689931
5662,0.002482269,0.0,0.036862914,0.0069316085,0.0019920424,0.0,0.047614735,0.046900764
5663,0.0027009628,0.0,0.03635028,0.0069406372,0.0018289615,0.0,0.04914532,0.046901345
5664,0.0027572855,0.0,0.035938065,0.006948144,0.0019411966,0.0,0.05020296,0.046901807
5665,0.0026113682,0.0,0.037229653,0.006956432,0.0019177668,0.0,0.047775473,0.04690398
5666,0.002614429,0.0,0.03729647,0.006963405,0.0019426341,0.0,0.051496327,0.046907563
5667,0.0027433385,0.0,0.037006028,0.0069687823,0.0019117787,0.0,0.05236589,0.046913918
5668,0.002711683,0.0,0.037165508,0.006972399,0.0020791963,0.0,0.049255546,0.046921786
5669,0.002657956,0.0,0.03740647,0.006974141,0.0019024729,0.0,0.05014438,0.046929024
5670,0.0028149858,0.0,0.036355242,0.006974267,0.0021021455,0.0,0.04921293,0.04693374
5671,0.0026246954,0.0,0.037340563,0.0069727283,0.0018636247,0.0,0.050273992,0.046937928
5672,0.0027486726,0.0,0.037125833,0.0069710673,0.0019552435,0.0,0.047822006,0.046941623
5673,0.002734848,0.0,0.036841527,0.006969562,0.0019404287,0.0,0.050251827,0.046947077
5674,0.0025452985,0.0,0.038363982,0.0069792294,0.0020311791,0.0,0.05053738,0.04694914
5675,0.0028317028,0.0,0.037060995,0.006999963,0.0018652414,0.0,0.048969343,0.046949938
5676,0.0025811037,0.0,0.037460256,0.007025644,0.0019692895,0.0,0.05384719,0.04694987
5677,0.00264458,0.0,0.036903176,0.007057237,0.0020378032,0.0,0.05034755,0.046950005
5678,0.0024767786,0.0,0.03751646,0.007090429,0.0019404334,0.0,0.053180028,0.046951823
5679,0.0026903697,0.0,0.036992453,0.007123379,0.001996721,0.0,0.050793394,0.046958104
5680,0.002621311,0.0,0.036785327,0.0071546957,0.0020916644,0.0,0.051922232,0.046964623
5681,0.0027825867,0.0,0.037124995,0.0071835886,0.0020109932,0.0,0.051205136,0.04697639
5682,0.0025754452,0.0,0.036245003,0.0072093494,0.0020220892,0.0,0.05112378,0.04698682
5683,0.00269967,0.0,0.03686635,0.0072324458,0.0019726902,0.0,0.05018798,0.047000714
5684,0.0028320262,0.0,0.037448775,0.00725186,0.0020495588,0.0,0.049935374,0.047013268
5685,0.0028665261,0.0,0.036444258,0.0072673885,0.0020403278,0.0,0.050699107,0.047020223
5686,0.0027017777,0.0,0.03682238,0.007279841,0.002108176,0.0,0.048115112,0.047022987
5687,0.0028103627,0.0,0.03706344,0.007289105,0.0020330753,0.0,0.047722004,0.047025826
5688,0.00278103,0.0,0.036651634,0.007295097,0.002118821,0.0,0.051005177,0.047028445
5689,0.002696374,0.0,0.037066158,0.0073044947,0.0021035592,0.0,0.04982212,0.047031403
5690,0.0026697528,0.0,0.037155725,0.0073141456,0.0020175814,0.0,0.050299786,0.04703273
5691,0.0027368877,0.0,0.03708329,0.0073232683,0.0019727543,0.0,0.049656503,0.047035098
5692,0.0028513763,0.0,0.036771793,0.0073310975,0.0020281784,0.0,0.049061,0.047036342
5693,0.0026994268,0.0,0.036600336,0.0073371823,0.001972795,0.0,0.049041245,0.04703596
5694,0.0027396316,0.0,0.03748935,0.007341687,0.0020612127,0.0,0.049606517,0.04703188
5695,0.0027491087,0.0,0.03663897,0.0073441383,0.0017956898,0.0,0.051311493,0.047029976
5696,0.0027139345,0.0,0.03630392,0.0073442454,0.0019823893,0.0,0.048799604,0.04703027
5697,0.0028209744,0.0,0.0375435,0.0073422124,0.0019978986,0.0,0.052015692,0.04702828
5698,0.002631266,0.0,0.03642552,0.0073380773,0.0019741235,0.0,0.052049223,0.04702808
5699,0.0027532922,0.0,0.03912917,0.0073319343,0.0020337424,0.0,0.05016397,0.04702956
5700,0.0027104383,0.0,0.037634727,0.007323906,0.0018784846,0.0,0.05001876,0.04703112
5701,0.002755345,0.0,0.0359929,0.00731416,0.0018387099,0.0,0.05399332,0.047032874
5702,0.0026071758,0.0,0.037448816,0.0073029236,0.0019640268,0.0,0.04890982,0.047035314
5703,0.0028028411,0.0,0.038477074,0.007290317,0.0018671453,0.0,0.05172497,0.047038868
5704,0.002588827,0.0,0.03719623,0.0072764894,0.0019937109,0.0,0.050623957,0.04703913
5705,0.0027831576,0.0,0.037034195,0.007262666,0.0018531067,0.0,0.049185548,0.04703726
5706,0.0027426959,0.0,0.037439305,0.0072485995,0.0019494295,0.0,0.05182317,0.04703401
5707,0.0029778038,0.0,0.037870187,0.0072340183,0.0018447734,0.0,0.049294088,0.04703093
5708,0.0028499884,0.0,0.036557324,0.0072188675,0.0020476228,0.0,0.049710784,0.04702709
5709,0.002792731,0.0,0.03694838,0.007203339,0.0019096739,0.0,0.049641475,0.04702484
5710,0.002479264,0.0,0.036641646,0.007187279,0.0020430274,0.0,0.051740702,0.047021467
5711,0.0025692242,0.0,0.037061453,0.0071706944,0.0019086091,0.0,0.05124514,0.047021423
5712,0.00252603,0.0,0.036379915,0.007157717,0.001903903,0.0,0.04890882,0.047024406
5713,0.002662034,0.0,0.036516167,0.0071466826,0.0019526514,0.0,0.050090764,0.04702464
5714,0.0026119614,0.0,0.037831143,0.0071366993,0.002039671,0.0,0.048847627,0.047024034
5715,0.0028672516,0.0,0.037498854,0.007127214,0.0019438391,0.0,0.049302556,0.04702386
5716,0.0025779519,0.0,0.037627112,0.007117663,0.0020042325,0.0,0.051396504,0.04702237
5717,0.0027772638,0.0,0.03659401,0.007107954,0.001912644,0.0,0.048803885,0.047019824
5718,0.0029062887,0.0,0.03676421,0.00709807,0.0019711694,0.0,0.04877505,0.04701538
5719,0.002645583,0.0,0.037310917,0.007087506,0.0018979964,0.0,0.049203347,0.047009885
5720,0.0028548895,0.0,0.037524495,0.007076206,0.0019759755,0.0,0.049898345,0.04700475
5721,0.0028921333,0.0,0.037436668,0.00706546,0.0018977578,0.0,0.050093558,0.04699948
5722,0.0026238027,0.0,0.03696557,0.007055067,0.0019846936,0.0,0.050576728,0.0469933
5723,0.0030912345,0.0,0.0365519,0.0070450683,0.0019191399,0.0,0.04858068,0.046989813
5724,0.0030628375,0.0,0.03686299,0.0070352145,0.001887112,0.0,0.048834387,0.04698835
5725,0.002664795,0.0,0.037340876,0.0070253178,0.0020544403,0.0,0.05156609,0.046987575
5726,0.0025406142,0.0,0.03695774,0.007014991,0.0019294863,0.0,0.04856119,0.046991467
5727,0.0028880467,0.0,0.03738604,0.007004119,0.0019464485,0.0,0.048110947,0.046996504
5728,0.0028476743,0.0,0.036727063,0.006997009,0.0019621977,0.0,0.05239987,0.04699977
5729,0.002718214,0.0,0.037712034,0.006995304,0.001982453,0.0,0.04979342,0.04700379
5730,0.0027306706,0.0,0.036932588,0.006996472,0.001963022,0.0,0.052161906,0.047007695
5731,0.0027097468,0.0,0.03713422,0.0069991895,0.0019672597,0.0,0.04908975,0.047012053
5732,0.002788283,0.0,0.037233796,0.007002463,0.0020172575,0.0,0.047514766,0.047016233
5733,0.0027654758,0.0,0.037499554,0.007005855,0.0019170786,0.0,0.048255127,0.047020294
5734,0.0027908755,0.0,0.037037086,0.007008909,0.0019001836,0.0,0.047749322,0.047024477
5735,0.0026602745,0.0,0.03724711,0.0070124073,0.0018950718,0.0,0.049295574,0.0470273
5736,0.0027059957,0.0,0.036761034,0.007016502,0.0019402141,0.0,0.051391687,0.04702964
5737,0.0027647067,0.0,0.037276153,0.0070201308,0.0018420283,0.0,0.05169429,0.047030814
5738,0.0027327384,0.0,0.038099367,0.0070225373,0.001954251,0.0,0.050377462,0.047029648
5739,0.0028490627,0.0,0.037565164,0.007023478,0.0018496693,0.0,0.05004013,0.047025926
5740,0.0028415045,0.0,0.036223862,0.0070267348,0.0020281326,0.0,0.051106557,0.047019944
5741,0.0028390281,0.0,0.037795123,0.007030201,0.0018349724,0.0,0.049020424,0.04701473
5742,0.0027263472,0.0,0.03691462,0.00703428,0.0019489343,0.0,0.049494836,0.047009636
5743,0.0027926199,0.0,0.035971694,0.0070390897,0.001819294,0.0,0.0508806,0.047004312
5744,0.0025412012,0.0,0.03729398,0.00704442,0.0020471688,0.0,0.05173415,0.04699967
5745,0.0026610175,0.0,0.037028313,0.007049214,0.001929683,0.0,0.05016427,0.046996024
5746,0.0027585365,0.0,0.037503976,0.0070528095,0.0018244656,0.0,0.050577383,0.046993792
5747,0.0028128615,0.0,0.03635014,0.007055216,0.0019074242,0.0,0.050409675,0.04699096
5748,0.0027177238,0.0,0.037777286,0.007055969,0.0017999862,0.0,0.05306209,0.046988055
5749,0.0027648597,0.0,0.0377942,0.0070549324,0.0018511126,0.0,0.050516684,0.046985347
5750,0.0026854253,0.0,0.03742925,0.0070521035,0.0019664948,0.0,0.049476795,0.046983264
5751,0.0027320073,0.0,0.036697794,0.0070475205,0.0018649434,0.0,0.050332647,0.04698162
5752,0.0027724123,0.0,0.037454836,0.007041451,0.0019096824,0.0,0.050581425,0.0469802
5753,0.002775154,0.0,0.03717562,0.0070461915,0.001796448,0.0,0.04866838,0.046978258
5754,0.0027804305,0.0,0.03721271,0.0070574833,0.0018404233,0.0,0.050358802,0.046975408
5755,0.0028048411,0.0,0.037080083,0.0070727617,0.0018193225,0.0,0.05153369,0.04697045
5756,0.0028763546,0.0,0.037914496,0.0070900847,0.00178906,0.0,0.048405297,0.0469633
5757,0.002670352,0.0,0.03701531,0.0071080797,0.0018775886,0.0,0.05154701,0.04695338
5758,0.0027360618,0.0,0.038073372,0.007128105,0.001879792,0.0,0.051540725,0.046942215
5759,0.0028778582,0.0,0.03747565,0.007159603,0.0018672551,0.0,0.04921438,0.04693399
5760,0.0029852954,0.0,0.037392586,0.0071960175,0.001893082,0.0,0.049514562,0.046923686
5761,0.0028973918,0.0,0.036974862,0.0072339694,0.0019117388,0.0,0.051733706,0.046913687
5762,0.0029826437,0.0,0.038026158,0.0072717047,0.0019238398,0.0,0.050293606,0.046906453
5763,0.003103714,0.0,0.03737421,0.007308594,0.0018239004,0.0,0.049233627,0.046901632
5764,0.0025859706,0.0,0.037591234,0.0073428163,0.0017851996,0.0,0.04907339,0.046895593
5765,0.0029772376,0.0,0.03730924,0.007373339,0.0019222652,0.0,0.050684776,0.046889286
5766,0.0029761666,0.0,0.03730895,0.007400551,0.0020243076,0.0,0.050994124,0.04688341
5767,0.0026976808,0.0,0.037064943,0.007423397,0.0020184456,0.0,0.05236055,0.04687786
5768,0.0028911026,0.0,0.038014587,0.0074417815,0.0020085117,0.0,0.04961055,0.04687358
5769,0.0029108454,0.0,0.03719481,0.0074561443,0.0019241596,0.0,0.049121514,0.046869814
5770,0.002822117,0.0,0.036343805,0.00746688,0.001966076,0.0,0.050419603,0.046866417
5771,0.0028526671,0.0,0.03665175,0.0074738436,0.0018527242,0.0,0.048027262,0.04686429
5772,0.0029721204,0.0,0.0366046,0.007477227,0.00207649,0.0,0.049670115,0.046860565
5773,0.0029806315,0.0,0.03751006,0.0074772704,0.0019488028,0.0,0.049322467,0.046858717
5774,0.0030911653,0.0,0.037550032,0.0074742464,0.0020409683,0.0,0.0487075,0.04685561
5775,0.0027407298,0.0,0.036977395,0.007468594,0.002096093,0.0,0.04973342,0.046852536
5776,0.0027261493,0.0,0.03702502,0.0074601104,0.0020102684,0.0,0.05171449,0.046849728
5777,0.0027240377,0.0,0.037543282,0.0074506067,0.0019447255,0.0,0.050100114,0.046846896
5778,0.0026745745,0.0,0.037533753,0.0074396427,0.0020647848,0.0,0.0483655,0.046843104
5779,0.002646299,0.0,0.037410427,0.0074272035,0.0021446666,0.0,0.048439123,0.04684095
5780,0.0027896608,0.0,0.037605822,0.007413759,0.0018576622,0.0,0.050789326,0.046838954
5781,0.00274532,0.0,0.037333433,0.0073990854,0.002037659,0.0,0.048642468,0.046835583
5782,0.0029430776,0.0,0.037726354,0.00738693,0.0021172655,0.0,0.05024357,0.046831578
5783,0.0026672767,0.0,0.038049653,0.0073752846,0.0019658129,0.0,0.049618423,0.046827435
5784,0.0028370677,0.0,0.035869457,0.007363613,0.0020482307,0.0,0.0506759,0.046824392
5785,0.002931924,0.0,0.036874212,0.007353417,0.0021262441,0.0,0.05067605,0.04682307
5786,0.0029308265,0.0,0.036239307,0.007343674,0.0020469476,0.0,0.050169818,0.046823226
5787,0.0025634815,0.0,0.036721945,0.007333581,0.002288176,0.0,0.052531403,0.04682274
5788,0.0027819732,0.0,0.03731224,0.0073241172,0.0020979897,0.0,0.04926008,0.04682267
5789,0.0026628668,0.0,0.037270334,0.007317757,0.002093728,0.0,0.051460136,0.04682398
5790,0.0029826886,0.0,0.036189795,0.0073134196,0.0020778354,0.0,0.049672887,0.046827387
5791,0.0025744438,0.0,0.03769396,0.007309231,0.002051789,0.0,0.048901867,0.046831995
5792,0.0027732188,0.0,0.037422996,0.0073045506,0.0019976518,0.0,0.049420573,0.046833526
5793,0.0030267288,0.0,0.036568094,0.0072989175,0.0022044068,0.0,0.049424417,0.046835482
5794,0.0028607736,0.0,0.036741897,0.0072926767,0.0019780505,0.0,0.0504652,0.046838544
5795,0.0027842876,0.0,0.036439408,0.0072851465,0.0021343401,0.0,0.049400568,0.046840686
5796,0.0028476499,0.0,0.0375875,0.007276232,0.0020945703,0.0,0.05180954,0.04684213
5797,0.0027921402,0.0,0.03690669,0.00726592,0.0021340356,0.0,0.048314158,0.046847828
5798,0.002469715,0.0,0.03711941,0.0072556636,0.0021140403,0.0,0.05035801,0.04685244
5799,0.0026051083,0.0,0.037750445,0.0072445627,0.0020541798,0.0,0.04900655,0.04685747
5800,0.0025446014,0.0,0.03757798,0.007232591,0.002049437,0.0,0.04796094,0.046860255
5801,0.0026815657,0.0,0.037219975,0.007219709,0.0019446748,0.0,0.05134559,0.046861485
5802,0.0027948662,0.0,0.037126463,0.0072059706,0.0020304038,0.0,0.05109616,0.04686282
5803,0.002908684,0.0,0.036465432,0.007191532,0.001976135,0.0,0.049508777,0.046862327
5804,0.0026792437,0.0,0.037128173,0.0071763787,0.0020851924,0.0,0.048974786,0.046860687
5805,0.0027178074,0.0,0.037366662,0.0071614766,0.0020322113,0.0,0.05007835,0.046857994
5806,0.0029204886,0.0,0.03724749,0.007146197,0.0020342998,0.0,0.049849674,0.04685629
5807,0.0026943474,0.0,0.038574696,0.007132052,0.0019253539,0.0,0.05121595,0.046856087
5808,0.0027913407,0.0,0.036992677,0.007117876,0.0020334257,0.0,0.04925117,0.04685722
5809,0.0027010937,0.0,0.03770998,0.0071042594,0.0020161238,0.0,0.049339067,0.04685837
5810,0.0027277707,0.0,0.0378208,0.007095927,0.0020211556,0.0,0.05198136,0.046860006
5811,0.0027262806,0.0,0.036952615,0.0070902123,0.0019695542,0.0,0.052353412,0.04686138
5812,0.0026468248,0.0,0.03649602,0.00708596,0.0021374698,0.0,0.050196573,0.04686584
5813,0.0025392226,0.0,0.036534976,0.0070824656,0.0018654083,0.0,0.04821249,0.046872262
5814,0.002558609,0.0,0.037435196,0.0070789712,0.0020611307,0.0,0.04815725,0.046879712
5815,0.0026522463,0.0,0.036842536,0.007074974,0.0020401676,0.0,0.049468987,0.046888344
5816,0.0026034773,0.0,0.03672935,0.0070701675,0.0020385818,0.0,0.047858246,0.046897113
5817,0.0026436672,0.0,0.036597434,0.0070643495,0.0019856878,0.0,0.05020599,0.046904754
5818,0.0027026958,0.0,0.037336525,0.007057481,0.0018952079,0.0,0.049321022,0.046910793
5819,0.002664487,0.0,0.037400264,0.007049536,0.0020545863,0.0,0.053511333,0.046912923
5820,0.0027718581,0.0,0.037179157,0.007040516,0.0019656874,0.0,0.04976751,0.04691502
5821,0.0028149022,0.0,0.037334785,0.0070304726,0.0021314514,0.0,0.050289698,0.04691408
5822,0.0026555485,0.0,0.03628788,0.007019476,0.0020011237,0.0,0.051127885,0.04691281
5823,0.002543888,0.0,0.036955778,0.0070075993,0.001928106,0.0,0.050663758,0.046913408
5824,0.0026193436,0.0,0.036565676,0.006994881,0.0020916204,0.0,0.04831252,0.046914276
5825,0.0027349496,0.0,0.037009988,0.0069818296,0.0019612368,0.0,0.04811042,0.04691129
5826,0.002801947,0.0,0.036298953,0.0069682086,0.0021227342,0.0,0.051749457,0.046908226
5827,0.0028801938,0.0,0.03769663,0.0069540786,0.0019560095,0.0,0.048536364,0.046908304
5828,0.0026617125,0.0,0.03630965,0.0069395243,0.0020729532,0.0,0.050314378,0.046911225
5829,0.0025592642,0.0,0.036759418,0.006924695,0.0021090584,0.0,0.0509296,0.046914194
5830,0.002787285,0.0,0.03685373,0.006909583,0.0021295268,0.0,0.048616584,0.046918597
5831,0.0026234288,0.0,0.03678807,0.0068942476,0.0019590522,0.0,0.049322784,0.046921697
5832,0.0025949657,0.0,0.03727936,0.0068807765,0.002169205,0.0,0.05175425,0.046926502
5833,0.0028524532,0.0,0.036961764,0.006867482,0.0021082177,0.0,0.049822967,0.04693107
5834,0.0027858093,0.0,0.037173312,0.006854274,0.0020797763,0.0,0.051039077,0.046937402
5835,0.0028438687,0.0,0.03711714,0.0068468624,0.002026516,0.0,0.049842983,0.046941835
5836,0.0026473124,0.0,0.0369145,0.0068414826,0.001975502,0.0,0.049283132,0.046944126
5837,0.0030009106,0.0,0.03697422,0.0068376525,0.0018822375,0.0,0.04845207,0.04694794
5838,0.002669751,0.0,0.036547273,0.0068346434,0.0021089797,0.0,0.048424713,0.046951286
5839,0.0026969751,0.0,0.038104266,0.0068317153,0.0019819348,0.0,0.047740493,0.04695216
5840,0.002680406,0.0,0.036019463,0.0068296813,0.002080365,0.0,0.050639138,0.04695074
5841,0.0026522458,0.0,0.037395168,0.0068280105,0.0018588464,0.0,0.04958985,0.046947874
5842,0.0028962677,0.0,0.036109354,0.0068269027,0.0021588698,0.0,0.048094306,0.046944536
5843,0.0024565128,0.0,0.037331287,0.006826201,0.0018828097,0.0,0.049186483,0.046941277
5844,0.0026720157,0.0,0.036946736,0.006824788,0.002148957,0.0,0.048504207,0.046939723
5845,0.0026330159,0.0,0.037097923,0.0068224203,0.0019535746,0.0,0.04720113,0.04693845
5846,0.002592438,0.0,0.03714428,0.006818898,0.0021050791,0.0,0.051124584,0.046933312
5847,0.0029517803,0.0,0.03643384,0.0068171876,0.0020379426,0.0,0.05092714,0.046931524
5848,0.0026658126,0.0,0.036847457,0.0068162307,0.0020820706,0.0,0.047688123,0.04693409
5849,0.002756972,0.0,0.037214212,0.006815939,0.0019817308,0.0,0.049340617,0.046936583
5850,0.0027783539,0.0,0.036974095,0.006823088,0.0020915472,0.0,0.051282577,0.046937343
5851,0.0028938206,0.0,0.03747757,0.0068345526,0.0019979486,0.0,0.049730603,0.046938315
5852,0.0026995647,0.0,0.03737188,0.0068480065,0.0020122945,0.0,0.04990422,0.046939112
5853,0.0028449942,0.0,0.03632797,0.006862245,0.0020663496,0.0,0.050592374,0.046939094
5854,0.0028952037,0.0,0.036784433,0.006876793,0.0020976593,0.0,0.05093916,0.04693861
5855,0.002499093,0.0,0.037321903,0.0068904995,0.001872103,0.0,0.05321152,0.04693861
5856,0.002780334,0.0,0.03641975,0.0069043394,0.0020531267,0.0,0.049655788,0.046937466
5857,0.002633005,0.0,0.037268292,0.006916923,0.0021598646,0.0,0.051021565,0.046936452
5858,0.0027394071,0.0,0.03696279,0.0069277356,0.00209387,0.0,0.05398927,0.046937592
5859,0.0027301023,0.0,0.037356086,0.0069364877,0.001960734,0.0,0.050069354,0.046943083
5860,0.0028512427,0.0,0.036729198,0.00694302,0.0023825655,0.0,0.048181728,0.046949036
5861,0.002668841,0.0,0.037784886,0.006947941,0.0020247663,0.0,0.048177876,0.046952996
5862,0.0029785838,0.0,0.037018932,0.006950988,0.0021442047,0.0,0.04989999,0.046955585
5863,0.0030210721,0.0,0.03746877,0.00695251,0.002117469,0.0,0.049698837,0.04695785
5864,0.0025694217,0.0,0.037586186,0.006952859,0.0021615752,0.0,0.050016556,0.0469612
5865,0.0028585715,0.0,0.037155863,0.0069514704,0.0019041235,0.0,0.048830364,0.04696186
5866,0.0026858747,0.0,0.036592904,0.0069486517,0.0022633225,0.0,0.05146381,0.046962313
5867,0.002747209,0.0,0.037981734,0.006944187,0.0020648583,0.0,0.052675102,0.0469608
5868,0.002572084,0.0,0.036780883,0.006938147,0.0021751255,0.0,0.050019514,0.046961818
5869,0.0026170914,0.0,0.037475884,0.006930643,0.0020391599,0.0,0.048754726,0.04696333
5870,0.0026372485,0.0,0.03633875,0.006921796,0.0021120429,0.0,0.04937963,0.046963695
5871,0.0025822064,0.0,0.036627073,0.0069125807,0.0019917313,0.0,0.049175948,0.046963107
5872,0.002714637,0.0,0.03748037,0.006902503,0.0021110682,0.0,0.050688498,0.04696097
5873,0.0026598128,0.0,0.037111774,0.006894795,0.0022302398,0.0,0.051849294,0.046959314
5874,0.0027069543,0.0,0.036726486,0.0068874173,0.0021181281,0.0,0.049745847,0.046960905
5875,0.0027605733,0.0,0.037197717,0.0068809544,0.0021755344,0.0,0.0474045,0.046959836
5876,0.0025334014,0.0,0.0361158,0.0068743345,0.001914705,0.0,0.04996637,0.046957083
5877,0.0027241027,0.0,0.03641027,0.006867187,0.0019462558,0.0,0.049178913,0.046955403
5878,0.002699192,0.0,0.03632505,0.0068592485,0.0019560289,0.0,0.05008478,0.046952523
5879,0.0029170252,0.0,0.03658541,0.006851133,0.002006535,0.0,0.049615752,0.04695024
5880,0.0025992922,0.0,0.036629952,0.0068459176,0.0020329754,0.0,0.050401147,0.04694854
5881,0.0029773568,0.0,0.03639707,0.006841778,0.0020202864,0.0,0.05012757,0.046947856
5882,0.002808153,0.0,0.037736848,0.006837905,0.0020112107,0.0,0.05151053,0.04694754
5883,0.0026346515,0.0,0.037466533,0.00683466,0.002075174,0.0,0.051931117,0.046946306
5884,0.0026077102,0.0,0.037149493,0.0068310797,0.0020653158,0.0,0.04727382,0.046948187
5885,0.0027354911,0.0,0.03724889,0.0068268515,0.00208562,0.0,0.050537568,0.0469491
5886,0.0027171043,0.0,0.036781557,0.006822689,0.0021241028,0.0,0.048511244,0.0469505
5887,0.0026235667,0.0,0.037807606,0.0068183104,0.0021898567,0.0,0.049954362,0.04695067
5888,0.0027913705,0.0,0.03649704,0.0068135434,0.0021559116,0.0,0.04967575,0.046948083
5889,0.0029099938,0.0,0.03812375,0.0068079624,0.0020848333,0.0,0.046793286,0.046943903
5890,0.0025777502,0.0,0.03760286,0.006801884,0.002133184,0.0,0.049542,0.046940252
5891,0.0026032517,0.0,0.037400335,0.0067952694,0.0021367758,0.0,0.051786304,0.04693578
5892,0.0025903392,0.0,0.037458498,0.0067878296,0.0021949436,0.0,0.05241731,0.046933398
5893,0.0027120553,0.0,0.037995696,0.0067803743,0.0022614142,0.0,0.049098983,0.04693105
5894,0.0026157831,0.0,0.038068116,0.0067723934,0.0022327225,0.0,0.05027674,0.04692927
5895,0.002725096,0.0,0.037247807,0.006763814,0.0021558704,0.0,0.049217723,0.046929218
5896,0.0024907747,0.0,0.03767348,0.0067546,0.0022510807,0.0,0.051225394,0.04692838
5897,0.0026594345,0.0,0.037291862,0.006746721,0.0021548627,0.0,0.050530493,0.046925645
5898,0.0026374906,0.0,0.037154425,0.006742424,0.0021201132,0.0,0.05192801,0.046924543
5899,0.0026034862,0.0,0.036328588,0.006740385,0.0021529675,0.0,0.050425936,0.046925478
5900,0.0027459478,0.0,0.037045993,0.0067396373,0.001975087,0.0,0.049088225,0.046927884
5901,0.002607424,0.0,0.036704034,0.0067390744,0.002164392,0.0,0.05175106,0.046929926
5902,0.002590315,0.0,0.036869526,0.0067382855,0.0022681402,0.0,0.05196256,0.04693142
5903,0.0027482829,0.0,0.037588652,0.0067366906,0.0020063496,0.0,0.050073236,0.046935182
5904,0.002680088,0.0,0.037067942,0.0067340117,0.002186452,0.0,0.052027535,0.046937793
5905,0.0025205559,0.0,0.03685504,0.0067300745,0.0020575072,0.0,0.05136517,0.046942152
5906,0.002913726,0.0,0.036969114,0.0067249704,0.0020107906,0.0,0.051156618,0.04694581
5907,0.002846639,0.0,0.036126602,0.00671875,0.001988415,0.0,0.052598093,0.04694889
5908,0.0025879864,0.0,0.037790064,0.006720872,0.0021293878,0.0,0.04865018,0.046955913
5909,0.0028072433,0.0,0.038238082,0.0067274035,0.002223713,0.0,0.048492484,0.046961267
5910,0.0028053524,0.0,0.037571523,0.0067360587,0.0018956721,0.0,0.04875366,0.046967868
5911,0.0025570043,0.0,0.03646493,0.0067512095,0.0020653578,0.0,0.051921833,0.046973493
5912,0.002525184,0.0,0.03706628,0.006768715,0.001911364,0.0,0.050773468,0.046978734
5913,0.0028513577,0.0,0.036782518,0.0067870016,0.0020301284,0.0,0.050659236,0.04698464
5914,0.0026897958,0.0,0.036164586,0.006804557,0.0020625875,0.0,0.050633095,0.046990007
5915,0.0026873255,0.0,0.03731206,0.0068204007,0.0019899292,0.0,0.050406106,0.046994146
5916,0.0026683765,0.0,0.037013263,0.006835451,0.0020783474,0.0,0.05099976,0.046999395
5917,0.002535696,0.0,0.036866743,0.006851874,0.0020210592,0.0,0.0506083,0.047003854
5918,0.0026336878,0.0,0.036652572,0.0068864985,0.00199023,0.0,0.05164474,0.047006913
5919,0.0027824931,0.0,0.038240306,0.0069312896,0.002017007,0.0,0.0495843,0.04701223
5920,0.0026991756,0.0,0.03753844,0.0069826813,0.0020042255,0.0,0.04984111,0.047016144
5921,0.0025963099,0.0,0.03650078,0.007036691,0.0020390868,0.0,0.050408814,0.04702123
5922,0.0028886225,0.0,0.03725631,0.0070907176,0.0018804801,0.0,0.048502095,0.047023993
5923,0.0026548456,0.0,0.03611326,0.007142983,0.0019663253,0.0,0.047908925,0.047023404
5924,0.0027211844,0.0,0.036743943,0.007192089,0.0019402272,0.0,0.050277233,0.0470186
5925,0.0027384777,0.0,0.03683243,0.0072371583,0.0020139983,0.0,0.050028455,0.047012795
5926,0.0025889233,0.0,0.036711544,0.0072786002,0.0018764993,0.0,0.04778127,0.047005348
5927,0.0027934401,0.0,0.036576755,0.0073153237,0.0019188126,0.0,0.05283956,0.046995975
5928,0.002759265,0.0,0.036519814,0.0073493533,0.0019898808,0.0,0.05063371,0.046989452
5929,0.002921407,0.0,0.036486857,0.0073800334,0.0018897622,0.0,0.050110962,0.04698533
5930,0.0027054525,0.0,0.037907507,0.00740645,0.0019411343,0.0,0.049753897,0.046981342
5931,0.002913603,0.0,0.037204854,0.007428725,0.0019300056,0.0,0.050329737,0.04697917
5932,0.0026769761,0.0,0.037583046,0.0074466215,0.0018775284,0.0,0.050802723,0.046976045
5933,0.0025650423,0.0,0.03696889,0.007460028,0.0019406021,0.0,0.049592044,0.04697546
5934,0.0029631883,0.0,0.037341975,0.0074693738,0.0019216117,0.0,0.051300067,0.04697651
5935,0.0029317876,0.0,0.037202112,0.007475015,0.0018274712,0.0,0.05032096,0.0469766
5936,0.002708111,0.0,0.037045978,0.007477084,0.0019097793,0.0,0.04841919,0.046978638
5937,0.0027439613,0.0,0.03729978,0.007476214,0.001855243,0.0,0.052624743,0.046979725
5938,0.002862793,0.0,0.038005058,0.007473432,0.0018690194,0.0,0.052223317,0.046981305
5939,0.0028725911,0.0,0.036017794,0.0074680955,0.0018814243,0.0,0.050707012,0.046985146
5940,0.0026712776,0.0,0.03634312,0.0074603907,0.0019972979,0.0,0.049347434,0.046988465
5941,0.0028982814,0.0,0.03660253,0.0074503063,0.0018755026,0.0,0.049181614,0.04699139
5942,0.002609952,0.0,0.03664459,0.007438342,0.0019000575,0.0,0.050480794,0.04699225
5943,0.002623836,0.0,0.03619823,0.0074253688,0.0018970848,0.0,0.04993551,0.046993736
5944,0.0027814144,0.0,0.037332054,0.007411131,0.0019083738,0.0,0.04954915,0.046994597
5945,0.0029691223,0.0,0.03684945,0.0073955897,0.001792621,0.0,0.04869295,0.046994135
5946,0.0028999238,0.0,0.036931824,0.007379106,0.0019386034,0.0,0.0501366,0.04699179
5947,0.002730749,0.0,0.037494734,0.0073616947,0.0018942622,0.0,0.05336425,0.046988856
5948,0.0026558638,0.0,0.036897633,0.0073434217,0.0019064575,0.0,0.051575694,0.046984885
5949,0.0028141232,0.0,0.03752003,0.0073243952,0.0020209847,0.0,0.05064461,0.0469821
5950,0.0024959347,0.0,0.03708332,0.007304691,0.002018554,0.0,0.049784765,0.04697998
5951,0.0027759399,0.0,0.036648694,0.0072853905,0.001890381,0.0,0.05177312,0.046977725
5952,0.002900122,0.0,0.037902232,0.007265761,0.002132223,0.0,0.049153972,0.046973575
5953,0.0028651312,0.0,0.037804816,0.0072458102,0.0018600913,0.0,0.0504588,0.04696689
5954,0.0026475012,0.0,0.03762405,0.0072255735,0.0020025328,0.0,0.05077939,0.04695861
5955,0.0027691766,0.0,0.036852095,0.007205087,0.0020122922,0.0,0.048277967,0.0469527
5956,0.002714982,0.0,0.036399323,0.0071873493,0.0019727647,0.0,0.050670743,0.04694542
5957,0.0027345195,0.0,0.037388287,0.007170855,0.0018865861,0.0,0.050479826,0.04693881
5958,0.0028483975,0.0,0.036435794,0.007154927,0.0020734686,0.0,0.050914742,0.046933223
5959,0.0027008078,0.0,0.03736634,0.0071395864,0.0019109162,0.0,0.04850939,0.046926506
5960,0.0024542182,0.0,0.03684516,0.007124783,0.0020851947,0.0,0.04775129,0.046917193
5961,0.0025878618,0.0,0.03704427,0.00711117,0.0018744136,0.0,0.050131686,0.046907656
5962,0.002713336,0.0,0.037114114,0.0070977015,0.0020237712,0.0,0.05222085,0.04690269
5963,0.0028585172,0.0,0.03702916,0.0070841126,0.0018076267,0.0,0.049102165,0.04689807
5964,0.002809815,0.0,0.03691916,0.0070708646,0.0021278425,0.0,0.04945275,0.046895735
5965,0.002663041,0.0,0.03720583,0.0070572635,0.0019609248,0.0,0.05246286,0.046890497
5966,0.00253829,0.0,0.037585314,0.007043248,0.0020399683,0.0,0.048980497,0.046886507
5967,0.0028486345,0.0,0.037839953,0.0070290808,0.0018442611,0.0,0.049589537,0.046882853
5968,0.002758517,0.0,0.037775595,0.007014872,0.001982818,0.0,0.04992577,0.046877015
5969,0.002701323,0.0,0.036963917,0.0070004314,0.002096922,0.0,0.049683735,0.04687057
5970,0.002631826,0.0,0.037171878,0.0069855517,0.001970233,0.0,0.049113546,0.046864107
5971,0.00290317,0.0,0.037857145,0.006970396,0.0021222357,0.0,0.050374787,0.046857163
5972,0.0026967633,0.0,0.037751634,0.0069555924,0.0020695222,0.0,0.050837997,0.046850637
5973,0.002667406,0.0,0.03672178,0.0069412286,0.0020972511,0.0,0.050341357,0.046843424
5974,0.0028400363,0.0,0.038177676,0.0069268635,0.0021272455,0.0,0.049591966,0.04683561
5975,0.0027159306,0.0,0.037062567,0.006912376,0.0021875857,0.0,0.049622606,0.04682981
5976,0.0027460635,0.0,0.03777709,0.0068977354,0.002161747,0.0,0.048141677,0.046823263
5977,0.0025758976,0.0,0.037129577,0.006883293,0.002189144,0.0,0.048454005,0.046819255
5978,0.0025599487,0.0,0.03685896,0.0068687815,0.002088193,0.0,0.050012074,0.046813328
5979,0.0028827437,0.0,0.03777252,0.00685456,0.0022339385,0.0,0.051849224,0.046807863
5980,0.0029155512,0.0,0.037989058,0.0068618436,0.0021391576,0.0,0.04750757,0.046803463
5981,0.0028779947,0.0,0.036864717,0.0068896175,0.0019922496,0.0,0.0512965,0.046800926
5982,0.0027555772,0.0,0.036995593,0.006929957,0.002150455,0.0,0.04978609,0.046797745
5983,0.0025950645,0.0,0.037529096,0.0069783423,0.0020627647,0.0,0.049150858,0.0467921
5984,0.002826067,0.0,0.03600035,0.007030753,0.0020273,0.0,0.04965496,0.04678452
5985,0.0026352585,0.0,0.036698673,0.0070842816,0.0019315911,0.0,0.050564058,0.04677646
5986,0.0028357918,0.0,0.03617243,0.0071390537,0.0020552848,0.0,0.052334484,0.04677053
5987,0.0025578674,0.0,0.037114806,0.0071925884,0.00184402,0.0,0.048367653,0.046766344
5988,0.002697781,0.0,0.036474984,0.0072432607,0.0019973184,0.0,0.05083788,0.046763863
5989,0.0027180086,0.0,0.03709677,0.00729073,0.0018792389,0.0,0.049990717,0.046764098
5990,0.0027779846,0.0,0.03689083,0.0073336386,0.0020896744,0.0,0.048255756,0.046764527
5991,0.0026570763,0.0,0.03689275,0.0073716203,0.002101855,0.0,0.0501237,0.04676425
5992,0.0027824747,0.0,0.03755867,0.007404322,0.0020688716,0.0,0.049649213,0.046762273
5993,0.0026500914,0.0,0.037304007,0.0074316976,0.0021319648,0.0,0.051662944,0.046761394
5994,0.0028481914,0.0,0.037362155,0.0074542467,0.0021527421,0.0,0.051617935,0.046761036
5995,0.0026716774,0.0,0.037415896,0.007471988,0.0019378252,0.0,0.050150555,0.046761844
5996,0.0026589343,0.0,0.037075743,0.007485131,0.001997595,0.0,0.048830453,0.046762828
5997,0.002745879,0.0,0.0367862,0.0074949674,0.0019327524,0.0,0.0498777,0.04676222
5998,0.0027154044,0.0,0.036956456,0.0075034634,0.0019428491,0.0,0.051680908,0.046761367
5999,0.0026781205,0.0,0.037581086,0.007510701,0.0019373725,0.0,0.05115779,0.046759978
6000,0.0027345822,0.0,0.036791842,0.007515934,0.0019595867,0.0,0.051956367,0.046760656
6001,0.002703683,0.0,0.036620125,0.007518828,0.0019473521,0.0,0.049591113,0.046759702
6002,0.0028172971,0.0,0.037535384,0.0075192717,0.0020649538,0.0,0.04862868,0.046760082
6003,0.0028900446,0.0,0.03642098,0.0075211567,0.0018969357,0.0,0.05188011,0.04676114
6004,0.0027841334,0.0,0.036449887,0.007521946,0.0020767115,0.0,0.049845647,0.046762075
6005,0.002733082,0.0,0.038136132,0.0075223995,0.00199874,0.0,0.049259484,0.046763435
6006,0.002922525,0.0,0.037092797,0.007521119,0.0020155509,0.0,0.050569143,0.046765126
6007,0.002649885,0.0,0.037745073,0.007518828,0.0019731282,0.0,0.05067656,0.046767183
6008,0.0025560877,0.0,0.0370577,0.0075147543,0.001995015,0.0,0.049245447,0.04676857
6009,0.0026858111,0.0,0.03754835,0.007508837,0.0018321774,0.0,0.049476974,0.04676959
6010,0.00282377,0.0,0.03689693,0.0075015086,0.0019825504,0.0,0.050400674,0.046768986
6011,0.0026135303,0.0,0.03699193,0.007492805,0.0021085136,0.0,0.048918113,0.046768636
6012,0.0027801616,0.0,0.037460864,0.007491301,0.0020140468,0.0,0.05091313,0.046768
6013,0.0025565138,0.0,0.03750502,0.0074920845,0.002016525,0.0,0.05177864,0.046766564
6014,0.0026158765,0.0,0.037681,0.0074940533,0.001998277,0.0,0.048142,0.04676449
6015,0.0025516723,0.0,0.03745901,0.0074961083,0.0021078356,0.0,0.04844841,0.04676367
6016,0.0028578837,0.0,0.036479272,0.007497539,0.001995549,0.0,0.0478522,0.046761874
6017,0.0027978031,0.0,0.037248585,0.007497838,0.0020239411,0.0,0.047000438,0.0467581
6018,0.0027774796,0.0,0.03751845,0.007496647,0.002052947,0.0,0.04983104,0.04675145
6019,0.0029180727,0.0,0.037788622,0.0074937805,0.002097256,0.0,0.0497973,0.046743855
6020,0.002814871,0.0,0.03679223,0.007489133,0.002084453,0.0,0.046712294,0.046737302
6021,0.002862383,0.0,0.037170175,0.007482805,0.0019611905,0.0,0.046378717,0.046729762
6022,0.0027194694,0.0,0.037571054,0.0074746865,0.0020650788,0.0,0.05121826,0.046723805
6023,0.00267822,0.0,0.037778087,0.007465259,0.0021894977,0.0,0.04962257,0.046717606
6024,0.0026840249,0.0,0.03747886,0.0074550197,0.0021070724,0.0,0.047386363,0.046710476
6025,0.0027922683,0.0,0.037476044,0.007444809,0.002047646,0.0,0.049944382,0.046702243
6026,0.0026495187,0.0,0.037094638,0.007433577,0.002093102,0.0,0.04971569,0.046694633
6027,0.0027431452,0.0,0.03824463,0.007421302,0.0020651876,0.0,0.049438562,0.046686076
6028,0.0029797016,0.0,0.03720926,0.0074079838,0.0020434672,0.0,0.05288694,0.046679176
6029,0.0026880952,0.0,0.036325015,0.007393597,0.0019512996,0.0,0.04967334,0.046673488
6030,0.0027181183,0.0,0.037227318,0.007379178,0.0020720258,0.0,0.049894266,0.04667087
6031,0.0028383753,0.0,0.0371211,0.0073672505,0.0020208897,0.0,0.051446382,0.046672024
6032,0.0025381858,0.0,0.03667679,0.0073566223,0.002077609,0.0,0.050542727,0.04667526
6033,0.002735012,0.0,0.038366448,0.007348078,0.00203227,0.0,0.048551805,0.046679575
6034,0.0027605,0.0,0.03712893,0.007340511,0.001989148,0.0,0.050944377,0.046683896
6035,0.0026538987,0.0,0.03770368,0.0073330444,0.0019874154,0.0,0.05299674,0.04668408
6036,0.0028852776,0.0,0.036572877,0.0073255673,0.0019702995,0.0,0.051592447,0.046685055
6037,0.0027271083,0.0,0.036806025,0.0073184706,0.0019580384,0.0,0.04913528,0.046686936
6038,0.0028179015,0.0,0.037239596,0.007310605,0.0020207518,0.0,0.049892697,0.046687465
6039,0.0030290915,0.0,0.037036553,0.007301754,0.0019854878,0.0,0.04874855,0.046689063
6040,0.0026875501,0.0,0.037797317,0.0072917924,0.0020119378,0.0,0.051825214,0.046692163
6041,0.0026282559,0.0,0.037117124,0.0072808242,0.002033128,0.0,0.051607504,0.046696004
6042,0.002693524,0.0,0.03712465,0.007269693,0.0019872522,0.0,0.05039612,0.046700865
6043,0.0026951248,0.0,0.03683254,0.0072577544,0.0018659356,0.0,0.048640728,0.04670576
6044,0.0029035045,0.0,0.037006356,0.00724496,0.0021610775,0.0,0.051679984,0.04670899
6045,0.0027609444,0.0,0.03761828,0.0072319503,0.0020221937,0.0,0.04913223,0.04671319
6046,0.0026603162,0.0,0.03691716,0.007218763,0.00202674,0.0,0.050100584,0.046716284
6047,0.002954684,0.0,0.037485808,0.007204984,0.002091898,0.0,0.050738733,0.046718393
6048,0.0027994139,0.0,0.036119048,0.007196648,0.0019290136,0.0,0.049418516,0.046718925
6049,0.002814953,0.0,0.03680196,0.0071897455,0.0019420333,0.0,0.05178921,0.04671655
6050,0.002865516,0.0,0.036318764,0.0071838964,0.0018840102,0.0,0.048971463,0.04671107
6051,0.0026594817,0.0,0.036646076,0.007178259,0.0018859019,0.0,0.05098789,0.04670732
6052,0.0028913901,0.0,0.036804017,0.00717236,0.0020515616,0.0,0.05277625,0.04670431
6053,0.0029541238,0.0,0.037752565,0.0071658627,0.0020492976,0.0,0.049335793,0.0467048
6054,0.002671793,0.0,0.03712584,0.0071585914,0.0020307656,0.0,0.048088998,0.046707954
6055,0.0027707054,0.0,0.037688408,0.0071503296,0.001982407,0.0,0.049434874,0.046710417
6056,0.0027420656,0.0,0.036474314,0.007140993,0.0018824096,0.0,0.049358513,0.046714105
6057,0.0027196798,0.0,0.037206132,0.007130574,0.0019798444,0.0,0.04751532,0.04671499
6058,0.002709885,0.0,0.03768237,0.007119123,0.0019876568,0.0,0.04992737,0.046716183
6059,0.0026948452,0.0,0.038063567,0.0071069687,0.0019400775,0.0,0.04923171,0.04672086
6060,0.0027870757,0.0,0.036779836,0.0070939427,0.001930291,0.0,0.049273316,0.04672644
6061,0.0028048975,0.0,0.036961447,0.007080231,0.002022551,0.0,0.052090418,0.04673022
6062,0.0027338627,0.0,0.03747116,0.007066383,0.0018477469,0.0,0.04958636,0.046732973
6063,0.0028219498,0.0,0.037599582,0.0070602973,0.0018412374,0.0,0.050680567,0.04673805
6064,0.0028408652,0.0,0.037223093,0.007056503,0.0019303109,0.0,0.049530324,0.046744335
6065,0.0028917845,0.0,0.036842957,0.007053824,0.0019017688,0.0,0.05039654,0.046749733
6066,0.0028485388,0.0,0.035746973,0.0070514088,0.0020833884,0.0,0.04991088,0.04675825
6067,0.0026623565,0.0,0.036784984,0.007048889,0.0018821917,0.0,0.049328066,0.04676773
6068,0.002810922,0.0,0.036961548,0.0070457445,0.002030958,0.0,0.051400762,0.046776187
6069,0.0028058107,0.0,0.03778546,0.0070416625,0.0018538748,0.0,0.04926176,0.046784244
6070,0.002813933,0.0,0.037929896,0.0070364675,0.0020858552,0.0,0.049716424,0.046791404
6071,0.002835247,0.0,0.03754268,0.007030101,0.0018240535,0.0,0.048810743,0.046796653
6072,0.0026152928,0.0,0.037177496,0.0070225527,0.0019789918,0.0,0.048525248,0.046801154
6073,0.0026632508,0.0,0.037569445,0.007015666,0.001967512,0.0,0.051741917,0.04680489
6074,0.0026058783,0.0,0.036117863,0.0070082624,0.0021460794,0.0,0.049021717,0.046808086
6075,0.0028748321,0.0,0.03689489,0.0070002214,0.0019587947,0.0,0.049391314,0.046809565
6076,0.0028265954,0.0,0.037266035,0.006991436,0.0020679557,0.0,0.054162193,0.046811156
6077,0.002654524,0.0,0.037283104,0.006982142,0.0019930354,0.0,0.049311716,0.046812803
6078,0.002705301,0.0,0.037726305,0.0069721304,0.002149433,0.0,0.050326075,0.046812348
6079,0.0026635278,0.0,0.036732413,0.0069663245,0.0020409813,0.0,0.050390106,0.046810567
6080,0.0027361382,0.0,0.037156552,0.006965095,0.0020317333,0.0,0.04887689,0.04681225
6081,0.0026021076,0.0,0.03641258,0.0069659045,0.0021079008,0.0,0.05056983,0.046811752
6082,0.002795798,0.0,0.0373772,0.0069687176,0.002033004,0.0,0.050475035,0.04681239
6083,0.0025797705,0.0,0.038099807,0.006971856,0.0020902827,0.0,0.052289244,0.046813883
6084,0.0028782384,0.0,0.037708435,0.006974624,0.002075773,0.0,0.05024748,0.046815895
6085,0.0028248325,0.0,0.03661681,0.006977362,0.0021178108,0.0,0.04960141,0.046816055
6086,0.002699969,0.0,0.03721347,0.0069802287,0.002070653,0.0,0.052540496,0.04681616
6087,0.0026974112,0.0,0.03685491,0.006982091,0.0020803828,0.0,0.050517496,0.04681521
6088,0.0027907062,0.0,0.037702225,0.006982642,0.0021546923,0.0,0.051770546,0.04681488
6089,0.0028833067,0.0,0.036662564,0.0069828657,0.0020440465,0.0,0.047126357,0.04681261
6090,0.0026278435,0.0,0.037519913,0.006981826,0.0020548373,0.0,0.0509441,0.04681081
6091,0.0027298604,0.0,0.038232494,0.006982941,0.0020388493,0.0,0.049565904,0.0468097
6092,0.0028439988,0.0,0.03697748,0.00698367,0.0019761329,0.0,0.04851826,0.04680681
6093,0.0026609725,0.0,0.037251726,0.006985526,0.0020176794,0.0,0.04865596,0.046801418
6094,0.0029467687,0.0,0.03746399,0.006986891,0.0019452453,0.0,0.048498925,0.046797853
6095,0.0028904784,0.0,0.037455898,0.006987406,0.0021471446,0.0,0.051668715,0.046793483
6096,0.0026939423,0.0,0.03657906,0.006986854,0.0018876791,0.0,0.048270702,0.04679181
6097,0.002590104,0.0,0.037583366,0.0069850287,0.002215706,0.0,0.04812834,0.04678857
6098,0.0026547406,0.0,0.037109334,0.0069818078,0.0019971216,0.0,0.04867646,0.04678636
6099,0.0026100155,0.0,0.036733333,0.0069771064,0.002052652,0.0,0.050245777,0.046788286
6100,0.0026079086,0.0,0.036789276,0.006970875,0.0019731522,0.0,0.052477438,0.046789262
6101,0.0027197858,0.0,0.036860783,0.006963336,0.001972433,0.0,0.05242643,0.046789255
6102,0.002789857,0.0,0.037823334,0.006954586,0.0019923993,0.0,0.049691215,0.04679032
6103,0.0027686798,0.0,0.037626047,0.0069559915,0.0019678716,0.0,0.05398651,0.04679273
6104,0.0026729796,0.0,0.036213703,0.0069611673,0.0019696257,0.0,0.04903873,0.046792734
6105,0.0025997863,0.0,0.037113935,0.006968326,0.0021741411,0.0,0.05080943,0.04679098
6106,0.0027423888,0.0,0.037151027,0.006976306,0.0019352245,0.0,0.050171513,0.046789695
6107,0.0027133476,0.0,0.03691592,0.0069842315,0.0020027508,0.0,0.047557306,0.04679002
6108,0.002849547,0.0,0.037046637,0.006991499,0.001966525,0.0,0.049975164,0.046791546
6109,0.0026896426,0.0,0.0377069,0.0069980444,0.0020739948,0.0,0.050216697,0.046795417
6110,0.0026630023,0.0,0.03749997,0.0070066378,0.0020638315,0.0,0.05158694,0.046801616
6111,0.0027716293,0.0,0.03630068,0.0070146257,0.0019319067,0.0,0.050076127,0.046806492
6112,0.002813958,0.0,0.03696711,0.00702142,0.0020854622,0.0,0.047670353,0.04681448
6113,0.0027070506,0.0,0.036323786,0.0070265755,0.0021474827,0.0,0.048978224,0.046821352
6114,0.002767616,0.0,0.037544433,0.00702982,0.0020121345,0.0,0.050148614,0.046828
6115,0.0026673009,0.0,0.036963873,0.007031013,0.001972174,0.0,0.04812834,0.046833612
6116,0.0028739679,0.0,0.037144266,0.0070301252,0.0019225664,0.0,0.050779454,0.046837486
6117,0.0026853343,0.0,0.037092082,0.007027082,0.0019559127,0.0,0.051973503,0.046840772
6118,0.002730477,0.0,0.03676773,0.0070223026,0.0018575481,0.0,0.04877785,0.046847057
6119,0.0025473635,0.0,0.036780566,0.007016747,0.002002119,0.0,0.048349652,0.04685157
6120,0.0025365236,0.0,0.03695636,0.0070111235,0.0018998911,0.0,0.050976004,0.046857376
6121,0.0027696579,0.0,0.036941044,0.0070045567,0.0019974846,0.0,0.049640577,0.046861786
6122,0.0028057897,0.0,0.03656661,0.006997015,0.001942005,0.0,0.049999125,0.046863917
6123,0.0027416998,0.0,0.037482433,0.006988348,0.0020671324,0.0,0.05038049,0.04686566
6124,0.0030482758,0.0,0.037924036,0.0069792154,0.0018286464,0.0,0.052295733,0.046867065
6125,0.0026771023,0.0,0.036964305,0.006969769,0.0019399633,0.0,0.050043613,0.046869867
6126,0.0026387847,0.0,0.037290208,0.0069599967,0.001961843,0.0,0.049400065,0.04687226
6127,0.0025164546,0.0,0.03674028,0.006949592,0.0019406629,0.0,0.049336877,0.046874225
6128,0.0028192825,0.0,0.03729605,0.0069389977,0.0019331964,0.0,0.05007867,0.046875387
6129,0.0026395349,0.0,0.03765777,0.0069284244,0.0020158484,0.0,0.04996731,0.046878837
6130,0.0027471834,0.0,0.03687357,0.0069173495,0.0021764927,0.0,0.048912875,0.046882126
6131,0.0026501587,0.0,0.03687345,0.006905751,0.0019194734,0.0,0.0510691,0.046883736
6132,0.0029104343,0.0,0.037332717,0.0068952227,0.0020621438,0.0,0.049743533,0.046884615
6133,0.0025899378,0.0,0.036475956,0.0068849414,0.00199448,0.0,0.049525514,0.04688894
6134,0.0027548075,0.0,0.037904896,0.0068745543,0.0020611107,0.0,0.049638193,0.046892904
6135,0.0028248816,0.0,0.036236413,0.006863879,0.0019276375,0.0,0.04927948,0.046898313
6136,0.0027000676,0.0,0.03713069,0.0068527902,0.0018741523,0.0,0.050658304,0.046903573
6137,0.0027199418,0.0,0.037570253,0.00684126,0.0020358507,0.0,0.0494615,0.046908814
6138,0.002866776,0.0,0.03765684,0.0068310634,0.0022044566,0.0,0.04901738,0.04691219
6139,0.0029040019,0.0,0.037087437,0.006821367,0.0019651083,0.0,0.052140955,0.046913408
6140,0.0026710883,0.0,0.037316296,0.0068133995,0.0021751309,0.0,0.049801715,0.046918582
6141,0.0027535264,0.0,0.037812557,0.0068065994,0.0020341391,0.0,0.051291388,0.04692398
6142,0.0025347779,0.0,0.03731277,0.006803218,0.0020817681,0.0,0.050140355,0.046927303
6143,0.0028317487,0.0,0.03770471,0.0068008923,0.002170074,0.0,0.050136294,0.04693032
6144,0.0026710331,0.0,0.037355736,0.006798786,0.0019204875,0.0,0.051491585,0.046930596
6145,0.0028528608,0.0,0.037563935,0.006802541,0.0020815546,0.0,0.047726434,0.0469326
6146,0.0030018254,0.0,0.036924455,0.0068076584,0.0020864187,0.0,0.04956833,0.046931274
6147,0.0025719746,0.0,0.036500145,0.006813454,0.0020627994,0.0,0.0504692,0.04693053
6148,0.0025191521,0.0,0.036583092,0.006818781,0.0020363666,0.0,0.047738027,0.046928328
6149,0.0029317986,0.0,0.037324343,0.0068234354,0.0021328086,0.0,0.050549626,0.046924584
6150,0.002628964,0.0,0.03668886,0.0068268264,0.0021698428,0.0,0.04960265,0.04692004
6151,0.0024666516,0.0,0.036032718,0.0068286536,0.0020118353,0.0,0.05196673,0.046912733
6152,0.0028449143,0.0,0.036776688,0.0068288874,0.0023344273,0.0,0.053081576,0.046905644
6153,0.0028422787,0.0,0.03709935,0.0068273908,0.002198331,0.0,0.04854931,0.04690274
6154,0.0028228017,0.0,0.03728203,0.006824969,0.0021277564,0.0,0.05040464,0.04689968
6155,0.0030601232,0.0,0.036015935,0.006821252,0.002178342,0.0,0.049772583,0.0468975
6156,0.0026806667,0.0,0.036761228,0.0068168864,0.0020552767,0.0,0.04879544,0.046892338
6157,0.0026381481,0.0,0.037344925,0.0068115117,0.0021289198,0.0,0.051986687,0.046889067
6158,0.0025771712,0.0,0.03773231,0.0068051326,0.0021725306,0.0,0.049920607,0.046887368
6159,0.002795041,0.0,0.03662155,0.0067979293,0.0020252515,0.0,0.05048768,0.046886418
6160,0.0027554377,0.0,0.03764461,0.006791114,0.0020735823,0.0,0.04984991,0.046887055
6161,0.0026739254,0.0,0.037895054,0.0067853513,0.0021111171,0.0,0.049990002,0.04688906
6162,0.0028860818,0.0,0.037339736,0.006785882,0.0021209305,0.0,0.049065463,0.046889912
6163,0.0029827082,0.0,0.037440173,0.0067889276,0.0021572402,0.0,0.05142851,0.046887625
6164,0.0026495075,0.0,0.03822713,0.0067929556,0.0022516206,0.0,0.048388697,0.04688618
6165,0.0027037275,0.0,0.036619484,0.0067972066,0.002080675,0.0,0.049221046,0.046884324
6166,0.002802862,0.0,0.037725687,0.0068007736,0.0022721523,0.0,0.04922149,0.04688312
6167,0.0028367275,0.0,0.03747431,0.006803215,0.0021391425,0.0,0.051516537,0.04688086
6168,0.0026884403,0.0,0.03709479,0.006804118,0.0019868333,0.0,0.052254654,0.04687948
6169,0.002815781,0.0,0.03646711,0.006803404,0.0019911393,0.0,0.047957104,0.04687983
6170,0.0027516189,0.0,0.03691407,0.006801005,0.0021550432,0.0,0.05181412,0.046878807
6171,0.0029261718,0.0,0.037588786,0.006797426,0.0020491604,0.0,0.048871756,0.04687772
6172,0.0025949168,0.0,0.037443623,0.0067927134,0.0020919582,0.0,0.049675234,0.0468753
6173,0.0029172443,0.0,0.036762405,0.0067868177,0.002125315,0.0,0.05116673,0.04687182
6174,0.0029807393,0.0,0.036874723,0.006783376,0.0019890964,0.0,0.051546067,0.046867542
6175,0.002752995,0.0,0.03731163,0.0067836093,0.002095823,0.0,0.051839735,0.04686339
6176,0.0027056322,0.0,0.037517373,0.006784693,0.002184131,0.0,0.048402827,0.046859942
6177,0.0026755105,0.0,0.037338838,0.006785682,0.0021394908,0.0,0.050304763,0.046855062
6178,0.0027811793,0.0,0.03726357,0.006786006,0.001986844,0.0,0.05042224,0.046852827
6179,0.0027027053,0.0,0.03684588,0.0067852237,0.0022420099,0.0,0.05061738,0.04685251
6180,0.0027491392,0.0,0.0377697,0.006785185,0.0020955512,0.0,0.04763379,0.046852406
6181,0.0026453733,0.0,0.037061755,0.006785012,0.0021470347,0.0,0.049788855,0.046852697
6182,0.0027413666,0.0,0.03705245,0.006784679,0.002286507,0.0,0.048824605,0.046852745
6183,0.002556845,0.0,0.035838127,0.006783317,0.0020452752,0.0,0.05290053,0.046853695
6184,0.0024936511,0.0,0.037590988,0.006780724,0.0021324728,0.0,0.053624965,0.046853606
6185,0.0026024024,0.0,0.037709292,0.006777629,0.00200419,0.0,0.05176041,0.04685569
6186,0.0025186979,0.0,0.037757628,0.006776073,0.0023327689,0.0,0.04907385,0.04685883
6187,0.0027932625,0.0,0.037250713,0.006773808,0.0020662262,0.0,0.0519859,0.046866085
6188,0.0027613486,0.0,0.037302528,0.0067729554,0.0023714937,0.0,0.049303655,0.04687392
6189,0.0026394152,0.0,0.036752086,0.0067718816,0.0020483865,0.0,0.050376985,0.046882533
6190,0.0026392732,0.0,0.037257627,0.0067710807,0.002123634,0.0,0.052455317,0.04689295
6191,0.0028146454,0.0,0.0376023,0.0067696082,0.0020648334,0.0,0.051267423,0.046901297
6192,0.002781364,0.0,0.037507392,0.0067686304,0.0023613076,0.0,0.049635597,0.04691341
6193,0.002629594,0.0,0.03700715,0.0067670494,0.001957492,0.0,0.050926607,0.046922687
6194,0.0026304123,0.0,0.036797218,0.006764403,0.002347841,0.0,0.05119599,0.04693091
6195,0.0027630867,0.0,0.037297662,0.0067612026,0.0019151045,0.0,0.05072119,0.046939008
6196,0.0027273195,0.0,0.03765679,0.0067579383,0.0021695069,0.0,0.04888481,0.04694566
6197,0.0029472045,0.0,0.03662793,0.0067546694,0.002158881,0.0,0.05355997,0.046949167
6198,0.002655049,0.0,0.037469953,0.006750763,0.0022361025,0.0,0.049149096,0.04695357
6199,0.0028911575,0.0,0.03747789,0.006748248,0.0021465074,0.0,0.05102332,0.04695431
6200,0.0027528878,0.0,0.036815774,0.0067453464,0.0020380341,0.0,0.050744757,0.046955504
6201,0.0025551214,0.0,0.036938373,0.0067419047,0.0020065054,0.0,0.05189829,0.046956763
6202,0.0027292364,0.0,0.037311293,0.006738457,0.0022344391,0.0,0.05023385,0.046960905
6203,0.0026764136,0.0,0.036359675,0.0067342203,0.0022533983,0.0,0.049032114,0.04696292
6204,0.0028270304,0.0,0.037541036,0.006729049,0.0021687418,0.0,0.049964886,0.046963762
6205,0.0028375608,0.0,0.036153592,0.006723227,0.002056367,0.0,0.050189067,0.046964034
6206,0.002919249,0.0,0.03628899,0.00671698,0.0021015985,0.0,0.054717157,0.046962235
6207,0.0025977944,0.0,0.03618755,0.0067097964,0.0019708986,0.0,0.04749848,0.046958126
6208,0.0028168883,0.0,0.037758447,0.0067016985,0.0021138056,0.0,0.051090296,0.04695203
6209,0.002565039,0.0,0.03716871,0.006692732,0.001957139,0.0,0.054704007,0.04694506
6210,0.0029016356,0.0,0.036929585,0.006682515,0.0021418093,0.0,0.050125785,0.046939798
6211,0.0028803772,0.0,0.037331626,0.0066717463,0.0019653365,0.0,0.04888272,0.04693501
6212,0.0026801457,0.0,0.036490235,0.0066604675,0.002060814,0.0,0.050049566,0.046932712
6213,0.002747019,0.0,0.03648532,0.006649527,0.0020635303,0.0,0.050413582,0.046931863
6214,0.0028448815,0.0,0.036581986,0.0066392994,0.0021838609,0.0,0.050366674,0.04693187
6215,0.002824476,0.0,0.03843766,0.006628889,0.0021446,0.0,0.054598145,0.046931226
6216,0.0027926674,0.0,0.036727227,0.0066182395,0.0021044335,0.0,0.050390936,0.046937447
6217,0.0026457454,0.0,0.03619024,0.006607323,0.0019560135,0.0,0.049965713,0.046943083
6218,0.0027140162,0.0,0.037339687,0.0065961163,0.0020864578,0.0,0.04897843,0.04694555
6219,0.0029493251,0.0,0.036962528,0.0065876707,0.0021741218,0.0,0.05164209,0.046947233
6220,0.0026440644,0.0,0.03765278,0.0065833447,0.0020720323,0.0,0.048847172,0.04694989
6221,0.002914538,0.0,0.037287712,0.0065805484,0.001999847,0.0,0.050169446,0.046952356
6222,0.0027456663,0.0,0.037210643,0.0065906662,0.0019828784,0.0,0.05049167,0.046952948
6223,0.0029036333,0.0,0.03721064,0.0066053662,0.0020371692,0.0,0.050150394,0.046954367
6224,0.002728024,0.0,0.038001835,0.006622735,0.0021066605,0.0,0.048428893,0.046956252
6225,0.002980719,0.0,0.037406497,0.0066415863,0.0020765907,0.0,0.05006066,0.046954665
6226,0.002816464,0.0,0.037578505,0.0066611264,0.001981469,0.0,0.047302812,0.04695257
6227,0.002718335,0.0,0.03697964,0.006679997,0.0019572263,0.0,0.04955119,0.046950027
6228,0.002602178,0.0,0.037405737,0.006697007,0.001992513,0.0,0.04956387,0.04694642
6229,0.0027415475,0.0,0.036625646,0.006711655,0.0018428577,0.0,0.052401125,0.046941593
6230,0.0028480773,0.0,0.037546277,0.0067236763,0.0019590713,0.0,0.05037384,0.0469392
6231,0.0027686178,0.0,0.03703218,0.0067329947,0.0019618107,0.0,0.050122544,0.046938684
6232,0.0027028532,0.0,0.03664617,0.0067402823,0.001995721,0.0,0.04709266,0.04693829
6233,0.0027301463,0.0,0.036121063,0.006747376,0.0019286958,0.0,0.051659003,0.04693665
6234,0.002761389,0.0,0.03715834,0.006755091,0.0018866481,0.0,0.04810569,0.046933986
6235,0.0026856242,0.0,0.03708676,0.0067623383,0.0020030313,0.0,0.04746815,0.046930395
6236,0.0027585207,0.0,0.0368843,0.006768025,0.0020380768,0.0,0.048336368,0.046925418
6237,0.0028594513,0.0,0.03689714,0.006771887,0.001978844,0.0,0.04932273,0.04692012
6238,0.0031762118,0.0,0.037594337,0.006776441,0.0020361692,0.0,0.05147872,0.04691533
6239,0.0028067091,0.0,0.03662176,0.006779956,0.0021491332,0.0,0.048210774,0.04691387
6240,0.002805413,0.0,0.03605276,0.0067821913,0.0020164037,0.0,0.0496084,0.046909124
6241,0.0030339593,0.0,0.03781282,0.0067829927,0.0019059427,0.0,0.052505884,0.04690226
6242,0.0028625438,0.0,0.03790717,0.006785185,0.0020371727,0.0,0.049191244,0.04689803
6243,0.0028991816,0.0,0.03743891,0.0067867874,0.0020355354,0.0,0.050951403,0.046891652
6244,0.0028648186,0.0,0.03722048,0.0067928783,0.0018930663,0.0,0.049679853,0.0468874
6245,0.002873664,0.0,0.03750524,0.0067990525,0.0019870957,0.0,0.050863102,0.04688317
6246,0.0029697379,0.0,0.037935123,0.0068054674,0.0019340711,0.0,0.049829613,0.046880215
6247,0.0027488323,0.0,0.036512546,0.0068107676,0.001992472,0.0,0.049555223,0.046876825
6248,0.0028786678,0.0,0.036147907,0.0068148165,0.0019496311,0.0,0.04942363,0.046874244
6249,0.0027684842,0.0,0.037843324,0.0068175923,0.0020313517,0.0,0.051394526,0.046870768
6250,0.002780753,0.0,0.03652673,0.006818601,0.001903295,0.0,0.050002344,0.046866942
6251,0.0028704659,0.0,0.03583345,0.006818219,0.0019390071,0.0,0.050680127,0.046863295
6252,0.0031502976,0.0,0.036744654,0.006816178,0.0017090832,0.0,0.047902156,0.046858832
6253,0.0029762108,0.0,0.037385568,0.0068125012,0.0019039599,0.0,0.04934362,0.04685374
6254,0.0027310255,0.0,0.037590012,0.0068072896,0.0017283867,0.0,0.049369987,0.04684856
6255,0.0029266998,0.0,0.037749816,0.0068028513,0.0018041523,0.0,0.05135114,0.046844352
6256,0.0028605163,0.0,0.03727907,0.006804474,0.00196216,0.0,0.050004404,0.046840403
6257,0.002541033,0.0,0.036728457,0.0068083517,0.0018885583,0.0,0.050548594,0.046836767
6258,0.0029590044,0.0,0.036649644,0.006813359,0.0018635725,0.0,0.05046433,0.046833634
6259,0.0027812864,0.0,0.037745483,0.006819015,0.0019939726,0.0,0.04906579,0.046833415
6260,0.002893567,0.0,0.03758526,0.006824809,0.0019206549,0.0,0.052681077,0.046833385
6261,0.0027605728,0.0,0.037911065,0.006829563,0.001987935,0.0,0.052255914,0.046834897
6262,0.0028914625,0.0,0.036915254,0.006833035,0.0018966292,0.0,0.048764564,0.04683728
6263,0.002752243,0.0,0.03673387,0.0068348716,0.0020181765,0.0,0.05173478,0.046838652
6264,0.002700174,0.0,0.03734198,0.006834933,0.0020299966,0.0,0.04878241,0.046841823
6265,0.0027425608,0.0,0.03691461,0.006835019,0.0019384128,0.0,0.04836205,0.04684319
6266,0.0026865005,0.0,0.036561098,0.006833881,0.0019781657,0.0,0.04977046,0.04684418
6267,0.0028522392,0.0,0.036915556,0.0068313912,0.0019343334,0.0,0.048703145,0.04684348
6268,0.002676799,0.0,0.037299465,0.0068286075,0.0018870841,0.0,0.050264,0.046840977
6269,0.0028692374,0.0,0.037117586,0.006825023,0.0018649355,0.0,0.051677767,0.046839274
6270,0.0029547329,0.0,0.03739328,0.006820208,0.0019445166,0.0,0.049414966,0.046837837
6271,0.002734158,0.0,0.036930483,0.0068142656,0.0018923747,0.0,0.048953034,0.046836052
6272,0.002763192,0.0,0.037452098,0.0068081673,0.0019063731,0.0,0.050991185,0.046836294
6273,0.0028444023,0.0,0.037198056,0.0068012187,0.0019287164,0.0,0.049044225,0.046837732
6274,0.0027057424,0.0,0.03703722,0.00679373,0.0018544731,0.0,0.047750633,0.0468418
6275,0.002695464,0.0,0.03666952,0.0067854295,0.0019145297,0.0,0.049384523,0.046843763
6276,0.0024810627,0.0,0.03723049,0.006776231,0.0018668517,0.0,0.051361308,0.04684791
6277,0.0028298488,0.0,0.03697857,0.0067662313,0.0019466691,0.0,0.050542697,0.04684953
6278,0.0025840483,0.0,0.03668194,0.006758915,0.001844355,0.0,0.048899245,0.04684983
6279,0.0026111195,0.0,0.037448745,0.0067522577,0.002008581,0.0,0.049658734,0.04684991
6280,0.0024921438,0.0,0.037669208,0.0067471713,0.0020159942,0.0,0.05111557,0.046847794
6281,0.0026040091,0.0,0.03712171,0.006742429,0.0018789965,0.0,0.049920622,0.046846516
6282,0.0026773866,0.0,0.03705308,0.0067376145,0.0018610157,0.0,0.048264742,0.046846244
6283,0.0027725988,0.0,0.037049834,0.006732729,0.0019565378,0.0,0.050814755,0.046845295
6284,0.0027242035,0.0,0.036549576,0.006727843,0.0019773582,0.0,0.052253343,0.046842195
6285,0.0029124697,0.0,0.037545294,0.0067224507,0.0018486872,0.0,0.047949888,0.046840154
6286,0.0027743236,0.0,0.037228733,0.0067162174,0.0019896452,0.0,0.05109705,0.04683778
6287,0.0027288874,0.0,0.037010144,0.006709425,0.0018458185,0.0,0.05217196,0.04683713
6288,0.0026561213,0.0,0.03706348,0.006701767,0.0020494803,0.0,0.051835634,0.046840064
6289,0.002574205,0.0,0.037837878,0.0066939862,0.0019692618,0.0,0.04910505,0.046841566
6290,0.0028194457,0.0,0.037461225,0.0066941893,0.001961921,0.0,0.04825231,0.046841137
6291,0.0029361893,0.0,0.037197582,0.0066976435,0.002089079,0.0,0.05037528,0.04683853
6292,0.0026273543,0.0,0.037728943,0.006707435,0.0019109013,0.0,0.04940347,0.046836548
6293,0.0026193939,0.0,0.037049584,0.006720521,0.0020261316,0.0,0.048951775,0.04683378
6294,0.002624247,0.0,0.037890237,0.0067354087,0.0020134656,0.0,0.050982807,0.0468332
6295,0.002862213,0.0,0.03692716,0.006750442,0.002303402,0.0,0.050483435,0.046838973
6296,0.0027262708,0.0,0.036696758,0.006764792,0.0019389401,0.0,0.049719226,0.046843313
6297,0.002755837,0.0,0.037036616,0.006777419,0.0021932803,0.0,0.048554096,0.046847574
6298,0.0027250457,0.0,0.03643533,0.006787867,0.0020398116,0.0,0.04947726,0.046850253
6299,0.0028345287,0.0,0.03853631,0.006796127,0.001933178,0.0,0.04862319,0.04685264
6300,0.0029425833,0.0,0.037639704,0.006801882,0.0019479444,0.0,0.053097032,0.046854094
6301,0.0026905367,0.0,0.03798441,0.006805151,0.002063714,0.0,0.050007973,0.046853803
6302,0.0028780017,0.0,0.036949433,0.0068062507,0.0020417408,0.0,0.05037496,0.046851188
6303,0.0025917129,0.0,0.037139114,0.006805069,0.0022825957,0.0,0.046633314,0.046848092
6304,0.0027691156,0.0,0.03668314,0.006801883,0.0020434428,0.0,0.050335877,0.046842705
6305,0.0028377203,0.0,0.03660716,0.006797196,0.0022217955,0.0,0.04968623,0.046836223
6306,0.0026413142,0.0,0.037369255,0.006791945,0.0019581532,0.0,0.05147894,0.04682999
6307,0.0030449254,0.0,0.037537597,0.0067874826,0.0022002964,0.0,0.050248463,0.04682346
6308,0.0028607766,0.0,0.03750229,0.0067849336,0.002038243,0.0,0.05092301,0.046819873
6309,0.0027658616,0.0,0.037062943,0.00678233,0.00222781,0.0,0.04716466,0.046819407
6310,0.002671929,0.0,0.0363638,0.006779082,0.0019547094,0.0,0.047777005,0.04681662
6311,0.0029770096,0.0,0.037516404,0.0067745983,0.0021002474,0.0,0.051513065,0.046813764
6312,0.0026021316,0.0,0.036858156,0.006770075,0.001977757,0.0,0.049694333,0.04681233
6313,0.0027569432,0.0,0.037868984,0.006764548,0.002034332,0.0,0.05102694,0.04681105
6314,0.0028575524,0.0,0.03690702,0.006757905,0.0020746142,0.0,0.051999472,0.04681164
6315,0.0026264186,0.0,0.036877647,0.006750114,0.0019775196,0.0,0.049223136,0.04681538
6316,0.00278857,0.0,0.03727302,0.0067417086,0.0020368968,0.0,0.05029396,0.04681894
6317,0.0028706123,0.0,0.03686425,0.006733887,0.0019415234,0.0,0.04907197,0.046822242
6318,0.0029034538,0.0,0.036572892,0.006726665,0.0019387931,0.0,0.053106893,0.04682398
6319,0.0025058212,0.0,0.037395705,0.0067194668,0.0018964437,0.0,0.04938315,0.046826124
6320,0.0027436898,0.0,0.03768775,0.006711809,0.0019267293,0.0,0.048873715,0.046826925
6321,0.0025562423,0.0,0.038273837,0.00670468,0.0019055846,0.0,0.052317023,0.04682527
6322,0.002592113,0.0,0.038552362,0.006697734,0.0020057787,0.0,0.04928833,0.046821333
6323,0.0027633295,0.0,0.037267268,0.006690658,0.0018722264,0.0,0.048928767,0.046816826
6324,0.0027817525,0.0,0.036655888,0.0066831983,0.0020346742,0.0,0.049370766,0.046813972
6325,0.0025436347,0.0,0.03702126,0.0066751516,0.001925864,0.0,0.047604356,0.04681111
6326,0.0027639112,0.0,0.03690059,0.0066671157,0.001992937,0.0,0.051510308,0.04680755
6327,0.0028032837,0.0,0.036826197,0.006659573,0.0019391457,0.0,0.05285458,0.046804182
6328,0.0024876294,0.0,0.037203975,0.006651843,0.0019741834,0.0,0.049395278,0.046801034
6329,0.0028068442,0.0,0.03848714,0.0066453107,0.0020002578,0.0,0.04950146,0.04679841
6330,0.0027465385,0.0,0.03813989,0.006638442,0.0019320193,0.0,0.050185665,0.046795495
6331,0.002797402,0.0,0.036497474,0.0066310707,0.001991053,0.0,0.051613618,0.04679282
6332,0.0027498375,0.0,0.03694619,0.006624882,0.001944066,0.0,0.05000248,0.046791274
6333,0.0028101648,0.0,0.03734206,0.006618566,0.0019946953,0.0,0.05232887,0.0467898
6334,0.002572307,0.0,0.037073314,0.006612564,0.0018337691,0.0,0.05128768,0.04678828
6335,0.0026197324,0.0,0.037078764,0.006606188,0.0019995803,0.0,0.050232854,0.04678597
6336,0.002700763,0.0,0.036331072,0.0066006505,0.0019843671,0.0,0.04875237,0.046782985
6337,0.0026904007,0.0,0.036317132,0.006594761,0.0019823613,0.0,0.049745116,0.046779275
6338,0.0025998652,0.0,0.03726935,0.006588694,0.0019865434,0.0,0.049385317,0.04677711
6339,0.0026669353,0.0,0.036486585,0.0065819942,0.0019778819,0.0,0.049541432,0.046775114
6340,0.002721503,0.0,0.037653286,0.0065750265,0.0019537734,0.0,0.051705733,0.04677418
6341,0.0027024404,0.0,0.036497023,0.00656718,0.0020773076,0.0,0.050334245,0.046773534
6342,0.0024794037,0.0,0.036476884,0.006562599,0.00206739,0.0,0.050418004,0.04677208
6343,0.0026932922,0.0,0.03764904,0.006558488,0.0020257684,0.0,0.0487044,0.046771053
6344,0.0028037045,0.0,0.036891215,0.0065548825,0.0020944753,0.0,0.049390815,0.04676978
6345,0.0027160298,0.0,0.035900135,0.0065543544,0.002142432,0.0,0.0483003,0.046770353
6346,0.0026899686,0.0,0.038181033,0.0065538925,0.00196428,0.0,0.05132481,0.046770703
6347,0.0027816633,0.0,0.037893947,0.0065530483,0.0020672122,0.0,0.05068407,0.046768434
6348,0.0028336672,0.0,0.03721777,0.0065521104,0.0019961763,0.0,0.049622927,0.046765406
6349,0.0026722879,0.0,0.036908396,0.006559078,0.0020159734,0.0,0.04937517,0.04676321
6350,0.0029276102,0.0,0.03754418,0.006567445,0.0020311878,0.0,0.049672898,0.046763297
6351,0.0026401232,0.0,0.03713409,0.006576983,0.0021395588,0.0,0.047761176,0.04676734
6352,0.0026397123,0.0,0.036880787,0.006587681,0.0021323073,0.0,0.049061857,0.046771098
6353,0.0026717475,0.0,0.037094615,0.0065985154,0.0021171172,0.0,0.052292958,0.046774898
6354,0.002657893,0.0,0.038297247,0.0066082682,0.0020710279,0.0,0.04905989,0.04678138
6355,0.0025874255,0.0,0.037379492,0.00661664,0.0021388344,0.0,0.050762564,0.046786997
6356,0.0027343153,0.0,0.036937404,0.0066232565,0.0019419345,0.0,0.053764004,0.046794415
6357,0.0026805406,0.0,0.03669463,0.0066279653,0.00213436,0.0,0.0488069,0.046804085
6358,0.0025800907,0.0,0.03641991,0.0066307313,0.0020719606,0.0,0.050320458,0.046812207
6359,0.0026980375,0.0,0.03728564,0.0066316016,0.0021011925,0.0,0.048139494,0.046815567
6360,0.0029823207,0.0,0.037664644,0.0066306675,0.0019079052,0.0,0.05013426,0.04681814
6361,0.0027876606,0.0,0.03758038,0.006630923,0.0022176786,0.0,0.048448816,0.046821468
6362,0.0027655805,0.0,0.037131507,0.0066301627,0.0022457014,0.0,0.049460728,0.046823025
6363,0.002714695,0.0,0.0377173,0.00662866,0.0020818403,0.0,0.051193777,0.046824
6364,0.0025210949,0.0,0.037817623,0.006626572,0.0020462577,0.0,0.049493752,0.046827145
6365,0.0026801387,0.0,0.03740951,0.006625635,0.0020071527,0.0,0.049183544,0.046830982
6366,0.0025431202,0.0,0.037648924,0.006624367,0.0020621726,0.0,0.049180724,0.046833295
6367,0.0028314418,0.0,0.037259232,0.006629692,0.0021679492,0.0,0.047599774,0.046833377
6368,0.002593167,0.0,0.037557464,0.0066371383,0.0020856813,0.0,0.04926273,0.046832617
6369,0.0027848005,0.0,0.03723302,0.0066450364,0.0019696339,0.0,0.050187442,0.046831314
6370,0.0026374082,0.0,0.036391616,0.006652397,0.0019898228,0.0,0.04879927,0.046828575
6371,0.0026618515,0.0,0.037001926,0.0066585853,0.0020237614,0.0,0.050182335,0.04682769
6372,0.00289726,0.0,0.037298203,0.0066635916,0.0021642451,0.0,0.049435608,0.04682726
6373,0.0026697104,0.0,0.03742865,0.006666985,0.002015621,0.0,0.05008355,0.046828054
6374,0.0026088231,0.0,0.03697742,0.006669164,0.0020226715,0.0,0.05086744,0.046830688
6375,0.0024439285,0.0,0.037530567,0.0066698864,0.0022472455,0.0,0.05002246,0.046832435
6376,0.0029998028,0.0,0.037231136,0.0066696457,0.0021828085,0.0,0.04872992,0.04683259
6377,0.0027358613,0.0,0.037842583,0.006667975,0.0021597564,0.0,0.051931597,0.046831463
6378,0.002948993,0.0,0.037650738,0.006665655,0.0022868589,0.0,0.052113503,0.046831142
6379,0.0027142363,0.0,0.037637193,0.0066624396,0.002087232,0.0,0.048673946,0.046830602
6380,0.0026019465,0.0,0.037140805,0.0066601606,0.002273897,0.0,0.051745668,0.046829376
6381,0.0027566233,0.0,0.037436917,0.0066569927,0.0020274064,0.0,0.049320653,0.04682862
6382,0.0028200923,0.0,0.03822006,0.0066623087,0.0021487116,0.0,0.050141845,0.046828553
6383,0.0026967626,0.0,0.03634832,0.0066721686,0.0022053816,0.0,0.051701292,0.046829447
6384,0.0027828747,0.0,0.036913916,0.00668507,0.0020682176,0.0,0.04981843,0.04682992
6385,0.0027321826,0.0,0.03702146,0.006701598,0.0022837042,0.0,0.051121723,0.046831522
6386,0.0026551601,0.0,0.036830813,0.0067188824,0.0020364185,0.0,0.051674124,0.046833497
6387,0.0026498344,0.0,0.03806732,0.006737265,0.0020411373,0.0,0.05007548,0.046836607
6388,0.0027103673,0.0,0.037645414,0.006754764,0.0019759554,0.0,0.050811406,0.04683857
6389,0.002672475,0.0,0.03659263,0.0067706113,0.0022375728,0.0,0.04899431,0.046841435
6390,0.0027468144,0.0,0.038236596,0.0067842677,0.0020287572,0.0,0.048520327,0.04684482
6391,0.0025940458,0.0,0.037234895,0.0067957197,0.0021763449,0.0,0.049426004,0.04684725
6392,0.0027648201,0.0,0.037625086,0.0068046967,0.0020568024,0.0,0.048932776,0.046847027
6393,0.0027534112,0.0,0.036772158,0.006811107,0.002203842,0.0,0.050356302,0.046845328
6394,0.0026094231,0.0,0.036835656,0.006814971,0.0021229351,0.0,0.051623795,0.046842616
6395,0.0026950883,0.0,0.0365175,0.0068163755,0.0022755167,0.0,0.04861078,0.046842374
6396,0.0026546186,0.0,0.037675332,0.006815483,0.0020354004,0.0,0.05008986,0.04684334
6397,0.0026941365,0.0,0.03698528,0.0068123145,0.0023589565,0.0,0.050737593,0.046843648
6398,0.0026882747,0.0,0.03745393,0.0068085217,0.002015825,0.0,0.04839918,0.04684705
6399,0.0025404443,0.0,0.037112266,0.0068032523,0.0022892714,0.0,0.04994084,0.046850488
6400,0.0025761435,0.0,0.036983483,0.006796754,0.0018896937,0.0,0.050937563,0.046853535
6401,0.0028169753,0.0,0.037084375,0.006792305,0.0021775533,0.0,0.050719436,0.046858314
6402,0.0024790769,0.0,0.038005378,0.0067876866,0.0020897633,0.0,0.04896431,0.046866424
6403,0.0025644004,0.0,0.03739081,0.006782344,0.0022256593,0.0,0.050422326,0.04687384
6404,0.002816076,0.0,0.03692537,0.0067763044,0.001977898,0.0,0.049823586,0.04688269
6405,0.0027118486,0.0,0.037575316,0.0067762183,0.0019821385,0.0,0.04790377,0.046891123
6406,0.0025769656,0.0,0.037807226,0.006779915,0.0021104743,0.0,0.047192812,0.046896804
6407,0.0025506015,0.0,0.03658334,0.00678447,0.0021220467,0.0,0.050154988,0.046901118
6408,0.0026779126,0.0,0.036980167,0.0067897,0.0019852342,0.0,0.050621882,0.046902884
6409,0.0026057048,0.0,0.036748994,0.0067948545,0.0020470072,0.0,0.049315635,0.04690442
6410,0.0027925114,0.0,0.03732601,0.006800898,0.0020945063,0.0,0.05080286,0.04690585
6411,0.0028885088,0.0,0.036143214,0.006805879,0.0020507039,0.0,0.051743202,0.046906356
6412,0.0026332357,0.0,0.036836658,0.006809357,0.002001886,0.0,0.05010521,0.04690721
6413,0.002583043,0.0,0.037348166,0.006811067,0.0020406211,0.0,0.0499805,0.0469086
6414,0.002793776,0.0,0.037760194,0.0068108705,0.001893278,0.0,0.05035312,0.046909347
6415,0.002711646,0.0,0.03789237,0.006808739,0.0020217705,0.0,0.049744103,0.04690838
6416,0.002720282,0.0,0.036745694,0.006804738,0.0020132076,0.0,0.049595427,0.04690697
6417,0.0025224106,0.0,0.037270077,0.0067989742,0.0020922436,0.0,0.051368196,0.046908554
6418,0.0027773366,0.0,0.03689797,0.0067915916,0.002056295,0.0,0.050613362,0.04691117
6419,0.0027335114,0.0,0.03709897,0.0067855204,0.00201058,0.0,0.05202511,0.046914656
6420,0.00275668,0.0,0.03609212,0.006779042,0.0020799697,0.0,0.05277242,0.046917967
6421,0.0028021014,0.0,0.03816833,0.006773193,0.001978993,0.0,0.04966437,0.0469253
6422,0.0025532013,0.0,0.036954094,0.0067673097,0.0020390316,0.0,0.04969313,0.046932988
6423,0.0027196428,0.0,0.037030794,0.0067616343,0.0020077706,0.0,0.047232553,0.046939828
6424,0.002797487,0.0,0.038067494,0.00675545,0.001957562,0.0,0.050314426,0.046948265
6425,0.002666129,0.0,0.03772171,0.0067495652,0.0019977519,0.0,0.04834077,0.046954796
6426,0.0025546562,0.0,0.037183914,0.0067440206,0.0020622776,0.0,0.049996804,0.046959177
6427,0.0026136185,0.0,0.037026763,0.006738334,0.0020551432,0.0,0.049273267,0.046960965
6428,0.002851527,0.0,0.036434066,0.0067322105,0.0018632553,0.0,0.05119725,0.04696055
6429,0.002479536,0.0,0.037219737,0.0067252787,0.0018479767,0.0,0.04755683,0.046957992
6430,0.0026750383,0.0,0.03594769,0.0067173913,0.001888528,0.0,0.050201613,0.046956003
6431,0.0026127049,0.0,0.037309002,0.0067085093,0.0018810441,0.0,0.049095247,0.046953972
6432,0.002605116,0.0,0.036851127,0.006699034,0.0019719845,0.0,0.052593503,0.046950188
6433,0.0024684346,0.0,0.037238818,0.006688929,0.0018917945,0.0,0.0522302,0.0469472
6434,0.0026610454,0.0,0.035943735,0.006679256,0.0020202328,0.0,0.048894014,0.04694391
6435,0.0026849634,0.0,0.03674918,0.006669311,0.0018043795,0.0,0.04954242,0.046939127
6436,0.0025829046,0.0,0.036782436,0.0066592307,0.0018645346,0.0,0.051451884,0.046933655
6437,0.0026145435,0.0,0.037048273,0.0066489438,0.0018334674,0.0,0.05026511,0.046929263
6438,0.0027578985,0.0,0.036797773,0.006647722,0.002051154,0.0,0.05086026,0.046925496
6439,0.0026400406,0.0,0.038331717,0.0066523277,0.0018715516,0.0,0.050476212,0.04692376
6440,0.002653222,0.0,0.036671516,0.0066591543,0.0020106484,0.0,0.05257106,0.04692169
6441,0.0025943466,0.0,0.036728423,0.0066697383,0.0018293507,0.0,0.050634082,0.04692069
6442,0.0026181312,0.0,0.037918657,0.0066818786,0.0020666162,0.0,0.051453218,0.046921372
6443,0.0026665386,0.0,0.03659794,0.0066946647,0.001817313,0.0,0.048309546,0.04692243
6444,0.0027242168,0.0,0.03820724,0.0067092082,0.0019504441,0.0,0.053528104,0.04692028
6445,0.002628318,0.0,0.036846694,0.0067232745,0.0018706383,0.0,0.051306628,0.04691653
6446,0.0028500706,0.0,0.03730963,0.0067372248,0.0019835273,0.0,0.0478767,0.04691078
6447,0.002748187,0.0,0.037344106,0.006750728,0.0019747291,0.0,0.05145746,0.046902858
6448,0.0026642191,0.0,0.03644392,0.0067621446,0.0019319049,0.0,0.0489292,0.04689647
6449,0.0029138294,0.0,0.03678928,0.0067737717,0.0019352561,0.0,0.04983436,0.046887096
6450,0.0026966776,0.0,0.03597958,0.0067835366,0.0018770252,0.0,0.047433414,0.046877462
6451,0.0027057584,0.0,0.037489247,0.0067915325,0.0019468766,0.0,0.04944448,0.046866503
6452,0.002746568,0.0,0.03625748,0.006797197,0.001843781,0.0,0.050886154,0.046855427
6453,0.0026976608,0.0,0.03779555,0.006800721,0.0018649206,0.0,0.049607117,0.046847533
6454,0.0027158917,0.0,0.038052145,0.0068018395,0.0019623656,0.0,0.05064404,0.046840053
6455,0.0025543624,0.0,0.037048142,0.006800766,0.0019564023,0.0,0.050119095,0.046834785
6456,0.0027252361,0.0,0.03630223,0.00679858,0.0018688269,0.0,0.051563077,0.046830308
6457,0.0026337937,0.0,0.03679022,0.0067957956,0.0018172793,0.0,0.050818954,0.04682849
6458,0.0025822986,0.0,0.037453808,0.006791658,0.0019726767,0.0,0.0509011,0.046828713
6459,0.0029067078,0.0,0.036933217,0.006786112,0.0019535073,0.0,0.050539903,0.046829082
6460,0.002657092,0.0,0.03813176,0.006779177,0.0019282782,0.0,0.048775215,0.04683159
6461,0.002542351,0.0,0.036377795,0.0067708725,0.0019562107,0.0,0.04891556,0.04683092
6462,0.0026776872,0.0,0.037084624,0.0067619444,0.0019143497,0.0,0.052589633,0.04683026
6463,0.0027258163,0.0,0.037814002,0.0067522987,0.0019008048,0.0,0.050816696,0.046830874
6464,0.0026972394,0.0,0.03772336,0.006746856,0.0019727077,0.0,0.048366103,0.046830032
6465,0.0027352057,0.0,0.037775647,0.0067426604,0.0019487723,0.0,0.04922773,0.046829514
6466,0.00275011,0.0,0.03775988,0.006739296,0.0019803718,0.0,0.04840697,0.046827693
6467,0.0027923076,0.0,0.03741637,0.006736454,0.0019953481,0.0,0.05100154,0.046826597
6468,0.0028797907,0.0,0.037720934,0.006733106,0.001940159,0.0,0.047281995,0.04682865
6469,0.0026641148,0.0,0.03720034,0.006728684,0.0020025512,0.0,0.052094076,0.04683016
6470,0.0026332745,0.0,0.03706197,0.006723192,0.0019708595,0.0,0.04931039,0.046835463
6471,0.002500174,0.0,0.036794905,0.006716895,0.0020344092,0.0,0.047648225,0.04683979
6472,0.0026706986,0.0,0.036721393,0.0067095137,0.0019775275,0.0,0.048154958,0.04684355
6473,0.0026884535,0.0,0.036840472,0.0067011295,0.0019385827,0.0,0.0486118,0.046846617
6474,0.0027478891,0.0,0.03729928,0.006691715,0.0018960921,0.0,0.050226767,0.04684962
6475,0.0026689088,0.0,0.036737345,0.0066811987,0.0020966956,0.0,0.04986202,0.046852823
6476,0.0026383786,0.0,0.037348446,0.006670499,0.0019818186,0.0,0.052230928,0.04685346
6477,0.0025930882,0.0,0.03770083,0.0066592745,0.001979044,0.0,0.051257417,0.046850346
6478,0.0028716286,0.0,0.03740711,0.0066476003,0.0019278763,0.0,0.05101072,0.046847943
6479,0.0024107988,0.0,0.03712357,0.006635865,0.0021884565,0.0,0.05200491,0.046844304
6480,0.0026691079,0.0,0.038104452,0.006626639,0.0018883764,0.0,0.051426176,0.046843648
6481,0.0025874155,0.0,0.03761357,0.006619373,0.0022234966,0.0,0.04831711,0.046842173
6482,0.0027049722,0.0,0.03766333,0.006612801,0.001975297,0.0,0.050027862,0.046840157
6483,0.0026621302,0.0,0.036944736,0.006607165,0.0021649103,0.0,0.049574614,0.04683756
6484,0.0026764288,0.0,0.0370835,0.0066013644,0.0021425455,0.0,0.047536407,0.046834335
6485,0.0026822507,0.0,0.037311364,0.006596024,0.0021851442,0.0,0.050330903,0.046831015
6486,0.002857935,0.0,0.03647907,0.006590551,0.0020318532,0.0,0.0481898,0.04682716
6487,0.0026728453,0.0,0.03755296,0.006584299,0.0020823653,0.0,0.050612044,0.046822067
6488,0.00270921,0.0,0.037759326,0.0065960106,0.0022102534,0.0,0.048860334,0.046816245
6489,0.00290573,0.0,0.0371943,0.006616855,0.002055503,0.0,0.049723353,0.0468105
6490,0.0026562468,0.0,0.037274227,0.0066428804,0.0021343266,0.0,0.04983568,0.046808064
6491,0.0025287406,0.0,0.037141904,0.006671475,0.0020048406,0.0,0.04954578,0.046806503
6492,0.0028455337,0.0,0.037416402,0.00670062,0.0022115607,0.0,0.052746017,0.046805374
6493,0.002760323,0.0,0.03688278,0.0067288415,0.0022708927,0.0,0.04785439,0.04680392
6494,0.002697343,0.0,0.03716255,0.0067550666,0.0020301233,0.0,0.048945878,0.046802025
6495,0.0028668777,0.0,0.036824178,0.0067784265,0.0021894479,0.0,0.04754038,0.04679797
6496,0.0027503136,0.0,0.03790565,0.0067993808,0.0022761072,0.0,0.047576867,0.046793688
6497,0.0026014112,0.0,0.037843935,0.0068173073,0.0022044308,0.0,0.0509693,0.046788126
6498,0.0028512224,0.0,0.036485605,0.0068320627,0.0020256012,0.0,0.0524582,0.046785284
6499,0.0028741758,0.0,0.037972696,0.0068441597,0.0022647148,0.0,0.049790777,0.046785194
6500,0.0026217746,0.0,0.037223205,0.0068533444,0.0019349667,0.0,0.048335966,0.046785254
6501,0.0026355141,0.0,0.037070107,0.0068737054,0.0022039711,0.0,0.04982968,0.046785887
6502,0.0025000633,0.0,0.036974832,0.006899176,0.0020939617,0.0,0.0513134,0.0467882
6503,0.002905535,0.0,0.036717415,0.006926988,0.002201715,0.0,0.04748345,0.04678959
6504,0.0028427446,0.0,0.03735841,0.0069592157,0.002176247,0.0,0.049515218,0.046792734
6505,0.0024874837,0.0,0.03630055,0.006992781,0.002102538,0.0,0.049764823,0.046794944
6506,0.002610064,0.0,0.037661523,0.0070262896,0.0021518923,0.0,0.048849065,0.046794947
6507,0.0028295617,0.0,0.037270658,0.0070585413,0.002050388,0.0,0.05169639,0.04679521
6508,0.0027499099,0.0,0.037972666,0.007088933,0.0022147181,0.0,0.049165156,0.04679589
6509,0.0027566,0.0,0.037034992,0.007116116,0.0021400256,0.0,0.050266042,0.046797123
6510,0.0028347804,0.0,0.03768406,0.0071395687,0.0021129786,0.0,0.04933559,0.046798583
6511,0.003046536,0.0,0.0372009,0.0071594203,0.0020904497,0.0,0.047156632,0.046800695
6512,0.0027396278,0.0,0.037326787,0.0071752327,0.0021617024,0.0,0.048964817,0.046800625
6513,0.002717047,0.0,0.0365652,0.007190521,0.0019794544,0.0,0.04964551,0.04680048
6514,0.0026333432,0.0,0.03662795,0.0072032656,0.0020837537,0.0,0.050603364,0.04680042
6515,0.0026735412,0.0,0.0369541,0.007213563,0.0020914986,0.0,0.05210862,0.046800017
6516,0.0028365164,0.0,0.036526967,0.007225337,0.002031094,0.0,0.051467802,0.046797596
6517,0.0027982243,0.0,0.03728679,0.00723774,0.002137901,0.0,0.048166107,0.046796568
6518,0.0027660092,0.0,0.03686707,0.0072490256,0.0020787918,0.0,0.04927,0.046798218
6519,0.0026512141,0.0,0.036189135,0.007259652,0.0020824263,0.0,0.05074405,0.046798985
6520,0.0026471233,0.0,0.03653187,0.007267951,0.0020434412,0.0,0.050383855,0.046801258
6521,0.0026878386,0.0,0.036844455,0.0072741257,0.0020418037,0.0,0.049111176,0.046802487
6522,0.002817978,0.0,0.03808399,0.0072796876,0.0020575598,0.0,0.052148,0.046802033
6523,0.002815237,0.0,0.03714834,0.0072837994,0.0023240512,0.0,0.05119223,0.04680373
6524,0.002626413,0.0,0.03746995,0.0072857793,0.0019311616,0.0,0.050167426,0.04680604
6525,0.0027221362,0.0,0.037630565,0.007285592,0.0021710026,0.0,0.052699957,0.046805877
6526,0.0027044206,0.0,0.03693418,0.007282817,0.002013951,0.0,0.05056226,0.046809327
6527,0.002666179,0.0,0.038108144,0.0072774813,0.0022217792,0.0,0.047882453,0.046817493
6528,0.0027478875,0.0,0.036905814,0.007269684,0.0020893712,0.0,0.049712207,0.04682333
6529,0.002656717,0.0,0.03691005,0.0072595277,0.0022213955,0.0,0.049824063,0.04682808
6530,0.0027428414,0.0,0.038105577,0.0072489986,0.0019847474,0.0,0.049747817,0.0468319
6531,0.0028264432,0.0,0.036599826,0.0072375396,0.0022561874,0.0,0.049649015,0.046837628
6532,0.0028333527,0.0,0.036991287,0.007225259,0.0021192043,0.0,0.05108788,0.046842635
6533,0.0025301962,0.0,0.03700743,0.007212034,0.0020477185,0.0,0.051049024,0.046845395
6534,0.0029629315,0.0,0.03707947,0.00719792,0.0020546264,0.0,0.05097094,0.046849925
6535,0.0025570365,0.0,0.036944263,0.007182984,0.00209604,0.0,0.049128756,0.046850823
6536,0.0025556118,0.0,0.037392657,0.007167096,0.0020534925,0.0,0.04853231,0.046851505
6537,0.002820554,0.0,0.036407895,0.0071508987,0.002052564,0.0,0.05045864,0.046849843
6538,0.0026194719,0.0,0.03754932,0.007133972,0.0021274588,0.0,0.04941765,0.04684643
6539,0.002698021,0.0,0.037675325,0.007116919,0.0019721712,0.0,0.052716825,0.0468449
6540,0.00276576,0.0,0.036653437,0.007105798,0.0020398663,0.0,0.047469757,0.04684548
6541,0.0027039377,0.0,0.035724785,0.007096238,0.0020685615,0.0,0.050355375,0.046844747
6542,0.0027511239,0.0,0.03710363,0.007087537,0.002234547,0.0,0.051386703,0.046844605
6543,0.002534009,0.0,0.036873266,0.0070788898,0.0019636468,0.0,0.04974032,0.046843763
6544,0.0025879452,0.0,0.036584727,0.007070078,0.0021569757,0.0,0.0489283,0.046845507
6545,0.0027612334,0.0,0.037929907,0.0070608426,0.0021623324,0.0,0.04662089,0.046848495
6546,0.0026581893,0.0,0.037489895,0.007050815,0.0020328423,0.0,0.050373327,0.046849992
6547,0.0026761387,0.0,0.03710472,0.0070405267,0.002198626,0.0,0.050143696,0.04685099
6548,0.0026903157,0.0,0.036784053,0.0070296247,0.0020875891,0.0,0.048606373,0.04684987
6549,0.0027195462,0.0,0.03718396,0.0070190453,0.0021947094,0.0,0.048819702,0.046846967
6550,0.0028017869,0.0,0.038128767,0.0070080836,0.0020558974,0.0,0.04985012,0.046845447
6551,0.0026988923,0.0,0.03714978,0.006996503,0.0020971664,0.0,0.049262587,0.046841513
6552,0.0029511664,0.0,0.036104042,0.006984587,0.0020003861,0.0,0.048697498,0.046836298
6553,0.0026933078,0.0,0.037191704,0.00697191,0.0020491758,0.0,0.049491864,0.046831165
6554,0.0025667434,0.0,0.03722852,0.006958637,0.002090405,0.0,0.04915421,0.046827484
6555,0.0027146623,0.0,0.037139155,0.006949746,0.0020667105,0.0,0.047394022,0.046821937
6556,0.002762854,0.0,0.036620885,0.006942647,0.0020687154,0.0,0.051617876,0.046815984
6557,0.0025977,0.0,0.03752626,0.00693648,0.001960829,0.0,0.052429285,0.04681089
6558,0.0026221382,0.0,0.0381779,0.0069328966,0.0021758492,0.0,0.047146626,0.046805337
6559,0.002728253,0.0,0.03698474,0.0069331396,0.0020527511,0.0,0.04976987,0.04679775
6560,0.002625341,0.0,0.037356075,0.0069339722,0.0021849761,0.0,0.054184176,0.046791878
6561,0.0028240387,0.0,0.036485344,0.0069374903,0.0019202522,0.0,0.05049441,0.046787165
6562,0.0027181918,0.0,0.03771697,0.006941274,0.0020428011,0.0,0.04866353,0.046781704
6563,0.0027944883,0.0,0.036791936,0.0069444994,0.0020982292,0.0,0.052429233,0.0467752
6564,0.002823516,0.0,0.036749724,0.0069465814,0.0021707362,0.0,0.04877541,0.046769477
6565,0.00259003,0.0,0.0373197,0.00695086,0.0020821823,0.0,0.052240558,0.046763096
6566,0.0028340667,0.0,0.03728702,0.0069558267,0.0022532812,0.0,0.050535582,0.04675935
6567,0.0027300154,0.0,0.037064888,0.006959929,0.0020725965,0.0,0.048252854,0.04675643
6568,0.002547232,0.0,0.037162337,0.0069626262,0.00216164,0.0,0.04968432,0.046751868
6569,0.0025628607,0.0,0.036984324,0.006963555,0.002059504,0.0,0.052786,0.046748757
6570,0.002749976,0.0,0.03747841,0.0069626668,0.0022145181,0.0,0.048251554,0.046747554
6571,0.0027828438,0.0,0.037248705,0.0069598914,0.0021663685,0.0,0.05163685,0.046746083
6572,0.0028525323,0.0,0.03617764,0.006956856,0.0021383746,0.0,0.051323295,0.046747174
6573,0.002679724,0.0,0.03698568,0.0069561303,0.002173538,0.0,0.051370878,0.046749197
6574,0.0027162917,0.0,0.037055667,0.006954981,0.0020703033,0.0,0.0496432,0.046754226
6575,0.00286198,0.0,0.036428683,0.006953368,0.0022027902,0.0,0.049065735,0.046758562
6576,0.0025813133,0.0,0.038555454,0.006952147,0.0021195284,0.0,0.052645776,0.04676371
6577,0.0028503865,0.0,0.037013784,0.0069500087,0.0020943938,0.0,0.053400245,0.046771273
6578,0.0026403042,0.0,0.036528934,0.006946667,0.0020748386,0.0,0.050057627,0.046780106
6579,0.0025804176,0.0,0.036842532,0.0069419327,0.0020094563,0.0,0.051399857,0.04678925
6580,0.002639623,0.0,0.037275657,0.0069357143,0.0019516274,0.0,0.051570863,0.04679531
6581,0.0026916794,0.0,0.037713885,0.0069279918,0.0019464502,0.0,0.051308606,0.046796054
6582,0.0026657402,0.0,0.03641979,0.0069188005,0.0018963317,0.0,0.05023884,0.046796836
6583,0.0027382334,0.0,0.037423745,0.00690823,0.0020642057,0.0,0.053823605,0.046798177
6584,0.0027779543,0.0,0.036442026,0.00689662,0.0019500137,0.0,0.050777476,0.046801843
6585,0.0027155434,0.0,0.03742594,0.006883892,0.0019573956,0.0,0.04966246,0.046805255
6586,0.0025563056,0.0,0.037803728,0.0068743667,0.0019203392,0.0,0.051032536,0.046808835
6587,0.0028312122,0.0,0.0367696,0.006864987,0.001969009,0.0,0.0483934,0.0468128
6588,0.002773583,0.0,0.0377795,0.0068553127,0.0018816945,0.0,0.05490056,0.046815448
6589,0.002681471,0.0,0.03638444,0.006847249,0.0019301,0.0,0.051595267,0.04681986
6590,0.0028115523,0.0,0.036896583,0.006839358,0.0019203657,0.0,0.05134525,0.046824936
6591,0.0025802548,0.0,0.03756573,0.0068313438,0.0019534493,0.0,0.04922735,0.046828035
6592,0.002715325,0.0,0.037404217,0.006822777,0.0019946867,0.0,0.04779222,0.04683206
6593,0.0025464152,0.0,0.037765224,0.0068154414,0.0020415233,0.0,0.051566936,0.046836905
6594,0.0025910786,0.0,0.03684468,0.006807771,0.0020005817,0.0,0.049413893,0.046841174
6595,0.0027803804,0.0,0.03668549,0.0067995144,0.0020185565,0.0,0.050447155,0.046843104
6596,0.0024941354,0.0,0.037305094,0.006790511,0.0020992213,0.0,0.050842334,0.046845168
6597,0.0026125386,0.0,0.036479354,0.006780698,0.0020190573,0.0,0.051041063,0.046849236
6598,0.0026373253,0.0,0.03802122,0.006770054,0.0020806724,0.0,0.05144971,0.04685195
6599,0.0027728428,0.0,0.03679059,0.006758684,0.0020688088,0.0,0.0492119,0.04685522
6600,0.0025453253,0.0,0.03731717,0.0067522265,0.0018691982,0.0,0.04803703,0.04685946
6601,0.002641876,0.0,0.03742327,0.006750677,0.001971612,0.0,0.051443167,0.046861954
6602,0.002776593,0.0,0.03639014,0.0067511606,0.0019805504,0.0,0.05152479,0.046861876
6603,0.0028072887,0.0,0.036702845,0.0067536808,0.0020299377,0.0,0.05023449,0.0468633
6604,0.00274226,0.0,0.037513465,0.006756745,0.0018853068,0.0,0.0492467,0.046866655
6605,0.0027032595,0.0,0.036402375,0.00675946,0.0020585202,0.0,0.04967025,0.04686864
6606,0.002730073,0.0,0.036412638,0.0067676296,0.0021636588,0.0,0.05073621,0.046870016
6607,0.0026512062,0.0,0.036665034,0.0067789056,0.001939515,0.0,0.048925843,0.046870876
6608,0.0026742257,0.0,0.036929093,0.0067914063,0.0019227999,0.0,0.050018422,0.046869237
6609,0.002663069,0.0,0.03785486,0.0068156216,0.002006689,0.0,0.049798634,0.04686876
6610,0.0026796008,0.0,0.03597878,0.0068452065,0.001943072,0.0,0.049822234,0.046868082
6611,0.0026241725,0.0,0.037148118,0.00687744,0.001957571,0.0,0.049489427,0.046867494
6612,0.0026925209,0.0,0.036853824,0.006910751,0.0020372802,0.0,0.047396217,0.04686677
6613,0.002892114,0.0,0.03653016,0.0069446517,0.0019658345,0.0,0.048273776,0.04686632
6614,0.0027633284,0.0,0.036793236,0.0069765677,0.0019174223,0.0,0.048879195,0.046866912
6615,0.0030303667,0.0,0.03779019,0.007005977,0.0018827381,0.0,0.048822355,0.04686643
6616,0.002867363,0.0,0.03702855,0.007031894,0.0019325735,0.0,0.04960459,0.04686593
6617,0.0027199527,0.0,0.03687629,0.007055658,0.0019732772,0.0,0.04781911,0.046867307
6618,0.0028775295,0.0,0.03749351,0.0070767915,0.0019520248,0.0,0.050355077,0.046868205
6619,0.0031193811,0.0,0.03654186,0.0070948284,0.0018918621,0.0,0.049512837,0.046867657
6620,0.0026869345,0.0,0.03696668,0.007109364,0.0019195268,0.0,0.05143765,0.04686633
6621,0.002641308,0.0,0.037386846,0.0071211867,0.0018659773,0.0,0.05091245,0.046863787
6622,0.0027120924,0.0,0.037033543,0.007129507,0.0019499093,0.0,0.0502596,0.0468606
6623,0.002869695,0.0,0.03746268,0.007134835,0.0020230094,0.0,0.048611607,0.04685736
6624,0.0028017575,0.0,0.03757514,0.007137564,0.002047342,0.0,0.049618695,0.046852957
6625,0.002585941,0.0,0.037498664,0.0071374313,0.001951962,0.0,0.05230418,0.046850324
6626,0.0028899517,0.0,0.03760396,0.0071346737,0.00203714,0.0,0.049229685,0.04685031
6627,0.0026346683,0.0,0.035577126,0.0071294243,0.0020697683,0.0,0.0508708,0.046850007
6628,0.002839754,0.0,0.036902953,0.007121885,0.0019833227,0.0,0.049170956,0.046848897
6629,0.0028138873,0.0,0.037727203,0.007112259,0.0021342377,0.0,0.049113665,0.046846952
6630,0.0026124883,0.0,0.037389267,0.0071009095,0.001806839,0.0,0.05044652,0.046843108
6631,0.0027965491,0.0,0.037433125,0.0070931977,0.0019996816,0.0,0.04853463,0.046837557
6632,0.00275683,0.0,0.037298825,0.007086365,0.0020613924,0.0,0.049660467,0.046832163
6633,0.0026756863,0.0,0.036404934,0.0070802458,0.001978695,0.0,0.051367495,0.046826545
6634,0.0025040593,0.0,0.036906607,0.007073625,0.0020347848,0.0,0.049416147,0.046821833
6635,0.0030534933,0.0,0.037492592,0.0070666987,0.0018748172,0.0,0.05884791,0.04681888
6636,0.0030384774,0.0,0.036394615,0.007059018,0.0020575502,0.0,0.04853747,0.04682136
6637,0.003002348,0.0,0.03643511,0.0070502926,0.0019838114,0.0,0.04820741,0.04682251
6638,0.0027089282,0.0,0.0376894,0.007040491,0.0019155331,0.0,0.053771503,0.046823468
6639,0.002756005,0.0,0.037097216,0.007030453,0.0020188247,0.0,0.05214086,0.046823043
6640,0.0028644628,0.0,0.03809523,0.0070198686,0.0021380647,0.0,0.051800504,0.04682394
6641,0.0026642322,0.0,0.037937336,0.0070083323,0.0019645775,0.0,0.050615594,0.046825957
6642,0.0027231732,0.0,0.03664558,0.0069964724,0.0019604522,0.0,0.04946325,0.04682819
6643,0.0027188081,0.0,0.037297163,0.006985676,0.0019002627,0.0,0.053605087,0.046832327
6644,0.00264112,0.0,0.036885213,0.0069744894,0.0019505019,0.0,0.049999345,0.046835326
6645,0.0024723941,0.0,0.037473254,0.0069627664,0.0019206918,0.0,0.050547805,0.046838295
6646,0.0026588568,0.0,0.037670452,0.0069507537,0.0018989935,0.0,0.052364867,0.046840835
6647,0.0026556612,0.0,0.03749471,0.0069386903,0.0020418148,0.0,0.048584133,0.046844333
6648,0.0026666974,0.0,0.037188426,0.0069260695,0.0019367596,0.0,0.048248433,0.046844788
6649,0.002679994,0.0,0.03719448,0.006912827,0.0020326548,0.0,0.05026536,0.046844095
6650,0.002834389,0.0,0.03755147,0.0069004074,0.0019524512,0.0,0.050573736,0.046843674
6651,0.0027772351,0.0,0.037585154,0.006889232,0.002042674,0.0,0.049136028,0.04684212
6652,0.0026901334,0.0,0.037684172,0.0068779276,0.0020187853,0.0,0.049052056,0.04684016
6653,0.0027319652,0.0,0.0374667,0.006866838,0.002177092,0.0,0.050695203,0.046837993
6654,0.0027295337,0.0,0.036328353,0.0068565044,0.0019416373,0.0,0.051273264,0.04683455
6655,0.0028730289,0.0,0.036592707,0.006846683,0.00223808,0.0,0.047853384,0.046834342
6656,0.0029290244,0.0,0.037083525,0.0068365354,0.0019618943,0.0,0.049691234,0.046832368
6657,0.002770188,0.0,0.037389856,0.006826087,0.0021291634,0.0,0.051101994,0.0468303
6658,0.002768786,0.0,0.037416898,0.00681507,0.0020351945,0.0,0.04949982,0.04682965
6659,0.0027850086,0.0,0.03637892,0.00680366,0.0020508543,0.0,0.048702795,0.046830617
6660,0.002721132,0.0,0.037119422,0.006791639,0.0020887016,0.0,0.051353164,0.04683209
6661,0.0027043289,0.0,0.037907753,0.0067872815,0.0020316353,0.0,0.049848676,0.04683367
6662,0.0025662056,0.0,0.038515728,0.00678762,0.0020684958,0.0,0.051511593,0.046835396
6663,0.002570953,0.0,0.037210982,0.0067896014,0.0020651612,0.0,0.052471522,0.046838824
6664,0.002547573,0.0,0.03707547,0.00679233,0.0021062305,0.0,0.050685294,0.046840876
6665,0.0027545947,0.0,0.036729258,0.006795366,0.002071417,0.0,0.050752927,0.04684616
6666,0.0026392704,0.0,0.036809873,0.0067987097,0.002096051,0.0,0.050893154,0.046852425
6667,0.002747755,0.0,0.037340097,0.006802043,0.001979076,0.0,0.050505664,0.04685764
6668,0.0027227616,0.0,0.0364277,0.0068048444,0.0019084009,0.0,0.049694244,0.04686509
6669,0.0028551137,0.0,0.03792989,0.00680732,0.0020726738,0.0,0.050173495,0.046872444
6670,0.0027367151,0.0,0.035320673,0.0068084653,0.0020151113,0.0,0.05191409,0.046878383
6671,0.0026000366,0.0,0.037174016,0.006808584,0.0019772216,0.0,0.051029317,0.046881918
6672,0.0026192062,0.0,0.036392093,0.0068075513,0.0019727608,0.0,0.04762194,0.04688506
6673,0.0025470408,0.0,0.03783891,0.0068084802,0.002074565,0.0,0.05014872,0.046888188
6674,0.0025359988,0.0,0.036817823,0.006808834,0.0019606987,0.0,0.05150834,0.04688994
6675,0.0026786446,0.0,0.037500728,0.0068083704,0.0019050516,0.0,0.05032376,0.046891548
6676,0.002492121,0.0,0.03747267,0.0068067284,0.002012031,0.0,0.049136326,0.04689255
6677,0.0026639183,0.0,0.037359096,0.0068037556,0.0020624115,0.0,0.048754383,0.046895113
6678,0.0025612682,0.0,0.037421122,0.006801201,0.0019924918,0.0,0.050750926,0.04689525
6679,0.0028167132,0.0,0.037033923,0.0067994352,0.002116338,0.0,0.05129934,0.046897985
6680,0.002654939,0.0,0.03786276,0.006797792,0.0018616437,0.0,0.05018333,0.04690075
6681,0.0026203676,0.0,0.037000116,0.0067951647,0.0019156376,0.0,0.05248529,0.04690465
6682,0.0027842293,0.0,0.036946956,0.00679138,0.0020307489,0.0,0.049958725,0.046908803
6683,0.0026806295,0.0,0.036901537,0.0067861285,0.001980877,0.0,0.051402774,0.04691256
6684,0.0026804376,0.0,0.036411177,0.0067821085,0.0020508564,0.0,0.048576742,0.046916496
6685,0.0026944275,0.0,0.03678893,0.0067776404,0.0019880035,0.0,0.051162116,0.04691955
6686,0.0026877567,0.0,0.037723325,0.006772467,0.0019962748,0.0,0.05418239,0.046920378
6687,0.0027989617,0.0,0.03736787,0.00676639,0.0018888143,0.0,0.051883943,0.046924092
6688,0.0027121545,0.0,0.037349246,0.0067595853,0.0020044355,0.0,0.048063096,0.04692674
6689,0.002754321,0.0,0.037879135,0.0067530735,0.001980559,0.0,0.04950152,0.046929188
6690,0.0026689228,0.0,0.036164694,0.0067459065,0.00197928,0.0,0.048858672,0.04693349
6691,0.002627989,0.0,0.03641831,0.0067444136,0.0019255608,0.0,0.047485273,0.046938077
6692,0.0026066073,0.0,0.03690647,0.0067441897,0.0021158014,0.0,0.054232817,0.046940967
6693,0.0027437361,0.0,0.037615754,0.006744331,0.0019619856,0.0,0.050195277,0.046947483
6694,0.0028318642,0.0,0.036646612,0.0067442423,0.002032809,0.0,0.04913656,0.04695342
6695,0.0027073806,0.0,0.036812276,0.0067436644,0.0021243975,0.0,0.049890444,0.046956696
6696,0.0027399024,0.0,0.036830373,0.0067426553,0.0019870868,0.0,0.05045712,0.04696041
6697,0.0028268222,0.0,0.037336558,0.0067405864,0.0019845723,0.0,0.050873257,0.046966013
6698,0.0027034357,0.0,0.037688818,0.006737305,0.0020485169,0.0,0.049314428,0.04697019
6699,0.0025750408,0.0,0.03659757,0.0067327307,0.0019802127,0.0,0.050467607,0.04697404
6700,0.0029767693,0.0,0.0373648,0.0067302994,0.0019237357,0.0,0.05001298,0.046976626
6701,0.002582029,0.0,0.037845258,0.006729499,0.001959605,0.0,0.04894859,0.046977744
6702,0.0025774618,0.0,0.037210554,0.0067292876,0.002064235,0.0,0.04977377,0.046977352
6703,0.0026674108,0.0,0.037413895,0.0067287,0.0019779685,0.0,0.048617046,0.04697757
6704,0.002677703,0.0,0.0373995,0.0067273504,0.0018796066,0.0,0.04943614,0.046978246
6705,0.0028071092,0.0,0.036700487,0.0067249355,0.0020016034,0.0,0.05052173,0.04697921
6706,0.0027806517,0.0,0.037735626,0.006721326,0.0020791164,0.0,0.051103763,0.046978608
6707,0.0026809096,0.0,0.03694232,0.006716721,0.0019967076,0.0,0.04878269,0.046978477
6708,0.002819983,0.0,0.03762156,0.006711331,0.001988029,0.0,0.052285574,0.046975814
6709,0.0025730755,0.0,0.037328307,0.0067064804,0.0022712036,0.0,0.051562168,0.046973772
6710,0.0027947498,0.0,0.03689022,0.006700798,0.0020819516,0.0,0.048442658,0.046971068
6711,0.0027372069,0.0,0.037215784,0.0066945557,0.0022736362,0.0,0.051267892,0.04696845
6712,0.002705695,0.0,0.037903268,0.0066877273,0.0019085942,0.0,0.04969237,0.046967737
6713,0.0027183078,0.0,0.037112482,0.006684539,0.0023482132,0.0,0.050000083,0.046967153
6714,0.0028176827,0.0,0.037520483,0.0066818665,0.0019048089,0.0,0.050409954,0.046966385
6715,0.0028469164,0.0,0.03704335,0.006679335,0.0021190222,0.0,0.05123133,0.046963893
6716,0.0027748025,0.0,0.036217142,0.0066780546,0.0020040432,0.0,0.049859077,0.046959847
6717,0.002825155,0.0,0.037548028,0.0066768937,0.0020642634,0.0,0.04956338,0.046955764
6718,0.0026631944,0.0,0.037156213,0.0066761286,0.0020648134,0.0,0.050404094,0.046951644
6719,0.002731523,0.0,0.037627906,0.006676417,0.0021766317,0.0,0.04858452,0.04694956
6720,0.0024709983,0.0,0.036260623,0.0066760057,0.0019912277,0.0,0.051306732,0.046949573
6721,0.0027519413,0.0,0.037380375,0.0066757016,0.0021252765,0.0,0.050821565,0.04695436
6722,0.0026656233,0.0,0.037071127,0.0066743945,0.0020133795,0.0,0.051247645,0.046959613
6723,0.0025663632,0.0,0.037218217,0.0066720336,0.0019479523,0.0,0.049358852,0.046964508
6724,0.0027071377,0.0,0.0371673,0.006687831,0.002058372,0.0,0.05010842,0.046967886
6725,0.0027943011,0.0,0.037999537,0.0067081233,0.0020936653,0.0,0.048348628,0.046972767
6726,0.002850008,0.0,0.036697697,0.006733833,0.0020210333,0.0,0.052481573,0.04697626
6727,0.0026578421,0.0,0.037098773,0.006761056,0.0020346656,0.0,0.049137097,0.046979982
6728,0.0027845332,0.0,0.036623962,0.0067889863,0.0021447754,0.0,0.04951919,0.04698167
6729,0.0028015666,0.0,0.037135065,0.006815832,0.0021443625,0.0,0.050560974,0.046981648
6730,0.0027222813,0.0,0.037725862,0.0068404926,0.0021212182,0.0,0.048503567,0.04698237
6731,0.002675192,0.0,0.037231296,0.0068622287,0.0019955486,0.0,0.049080152,0.046986163
6732,0.002845958,0.0,0.037441302,0.006880449,0.001957423,0.0,0.047126114,0.04698819
6733,0.002667723,0.0,0.03742498,0.0068951016,0.0020224983,0.0,0.04848412,0.04698743
6734,0.002659699,0.0,0.03672749,0.0069059413,0.0019936163,0.0,0.04922404,0.04698592
6735,0.002525968,0.0,0.037611112,0.0069135516,0.0021125653,0.0,0.05144802,0.046985146
6736,0.0028294798,0.0,0.03725993,0.0069180336,0.0021243235,0.0,0.04971359,0.046981804
6737,0.0026994594,0.0,0.037557483,0.0069195884,0.0021305282,0.0,0.052376144,0.04697732
6738,0.002688947,0.0,0.036119033,0.0069186254,0.002059673,0.0,0.051427394,0.046972707
6739,0.0026896491,0.0,0.037197877,0.006915919,0.0020939428,0.0,0.052208766,0.046967432
6740,0.0027606988,0.0,0.03798226,0.006912431,0.0020867188,0.0,0.053712677,0.04696131
6741,0.0024287254,0.0,0.036588978,0.0069073294,0.001979347,0.0,0.05108381,0.046955764
6742,0.0027826985,0.0,0.03782645,0.0069006374,0.0019820093,0.0,0.049206443,0.046948083
6743,0.0026266926,0.0,0.036092903,0.0068925275,0.0019885073,0.0,0.05029501,0.04694009
6744,0.0029233224,0.0,0.03718127,0.006883173,0.0019106942,0.0,0.053863004,0.046932895
6745,0.0029680869,0.0,0.03738286,0.0068724845,0.0019411138,0.0,0.05123369,0.046929438
6746,0.0028070556,0.0,0.038194213,0.0068611037,0.0019506003,0.0,0.050583463,0.046926897
6747,0.0028148945,0.0,0.037310366,0.0068487856,0.0020064577,0.0,0.050904106,0.046923794
6748,0.0028710833,0.0,0.03584429,0.006838063,0.0019271937,0.0,0.050342146,0.046922136
6749,0.002521744,0.0,0.037269574,0.006827422,0.0019558214,0.0,0.051354382,0.046919998
6750,0.0025295992,0.0,0.037229083,0.006817295,0.0018990055,0.0,0.05139571,0.04691835
6751,0.0027418802,0.0,0.037084214,0.006809547,0.0020492843,0.0,0.049150977,0.04691859
6752,0.0026488246,0.0,0.036438942,0.006805007,0.002141424,0.0,0.05052092,0.0469198
6753,0.0029100215,0.0,0.037076376,0.006800999,0.0020730032,0.0,0.04999283,0.046920516
6754,0.002703847,0.0,0.037396673,0.006797583,0.0019592405,0.0,0.051907614,0.046918705
6755,0.002605811,0.0,0.037237335,0.0067937565,0.0020607647,0.0,0.050331887,0.046918232
6756,0.002645987,0.0,0.03678184,0.006797238,0.001985001,0.0,0.05014585,0.046915155
6757,0.0027718942,0.0,0.037503667,0.006804489,0.0020770526,0.0,0.050510857,0.046910845
6758,0.002728152,0.0,0.03649664,0.006813873,0.0019218464,0.0,0.049642086,0.04690475
6759,0.0026271977,0.0,0.03674458,0.0068239435,0.0020427834,0.0,0.0513531,0.046901863
6760,0.002834748,0.0,0.03794257,0.0068337102,0.0020067499,0.0,0.05072377,0.04689932
6761,0.0025104517,0.0,0.03740904,0.006845824,0.0020054723,0.0,0.048793625,0.046896186
6762,0.0026739384,0.0,0.03698608,0.0068615773,0.0021414359,0.0,0.051765773,0.046890907
6763,0.0027358087,0.0,0.038012967,0.006877551,0.0018834464,0.0,0.048913587,0.046885982
6764,0.0027805502,0.0,0.03648828,0.0068930057,0.0018495284,0.0,0.05093344,0.04687911
6765,0.0029126478,0.0,0.037955187,0.0069066943,0.0019321337,0.0,0.05157663,0.04687261
6766,0.0028742035,0.0,0.037395377,0.00691823,0.0019139886,0.0,0.051792912,0.046865556
6767,0.0025936894,0.0,0.03734979,0.006927139,0.002004441,0.0,0.05026227,0.04685808
6768,0.0027915677,0.0,0.037091695,0.006933282,0.0020608634,0.0,0.04956491,0.04685082
6769,0.0025003667,0.0,0.0374861,0.006936643,0.0019850514,0.0,0.047511782,0.04684372
6770,0.0027745003,0.0,0.037510004,0.0069377758,0.0018901356,0.0,0.047141034,0.046835918
6771,0.0026837315,0.0,0.036775485,0.006936539,0.0020077466,0.0,0.04872121,0.04682944
6772,0.0026750925,0.0,0.03739831,0.0069332644,0.0019269354,0.0,0.049807508,0.04682314
6773,0.0028399825,0.0,0.036890928,0.0069284807,0.002123013,0.0,0.051041696,0.046817448
6774,0.0027858645,0.0,0.037460104,0.006922404,0.001892479,0.0,0.051750492,0.046813924
6775,0.0026648005,0.0,0.037341785,0.006914846,0.0019524632,0.0,0.04915384,0.046815082
6776,0.0026996648,0.0,0.035770588,0.0069057224,0.001974892,0.0,0.048672307,0.046814647
6777,0.002671782,0.0,0.037264623,0.006895268,0.001890822,0.0,0.04945069,0.04681283
6778,0.0029149181,0.0,0.036750384,0.006883816,0.0019752576,0.0,0.049454533,0.046812214
6779,0.0028272204,0.0,0.037508707,0.0068712835,0.0018896579,0.0,0.047782682,0.046810962
6780,0.0028630015,0.0,0.037257325,0.0068581128,0.0019300429,0.0,0.05010827,0.046807438
6781,0.0027242454,0.0,0.036158748,0.0068464573,0.0019205277,0.0,0.047957968,0.046806507
6782,0.0025458478,0.0,0.037942473,0.006843268,0.0019362387,0.0,0.052656732,0.04680514
6783,0.0027632464,0.0,0.03672948,0.006845686,0.0018162252,0.0,0.048328765,0.04680619
6784,0.002677388,0.0,0.037094507,0.006851241,0.0018666588,0.0,0.049203116,0.04680675
6785,0.002638071,0.0,0.036511574,0.0068581495,0.0018230418,0.0,0.04876441,0.046804514
6786,0.0027086993,0.0,0.03779048,0.006866598,0.0018935204,0.0,0.048676364,0.046802606
6787,0.002691241,0.0,0.037009746,0.006878321,0.0019360177,0.0,0.050745286,0.04679993
6788,0.0029504462,0.0,0.03755228,0.006890913,0.0017992429,0.0,0.05199552,0.046796508
6789,0.0025036486,0.0,0.036768537,0.0069029396,0.0019001262,0.0,0.051699605,0.04679631
6790,0.0030383454,0.0,0.036829647,0.006913698,0.0018738101,0.0,0.051223822,0.04679734
6791,0.0027587002,0.0,0.037708502,0.006924032,0.0018788668,0.0,0.051031955,0.04679943
6792,0.0028877705,0.0,0.03645535,0.006932409,0.0017531523,0.0,0.050279576,0.04680016
6793,0.002652658,0.0,0.0373602,0.00693872,0.0019564962,0.0,0.049243435,0.04680007
6794,0.002678477,0.0,0.037083294,0.006942691,0.0017649012,0.0,0.050653387,0.04680097
6795,0.0026911332,0.0,0.0369935,0.0069442517,0.0018425597,0.0,0.04987221,0.046800245
6796,0.0027225777,0.0,0.037097488,0.0069438587,0.00180808,0.0,0.049979694,0.046800703
6797,0.0028581498,0.0,0.03716945,0.0069414475,0.0018830724,0.0,0.049641043,0.046799406
6798,0.0027704523,0.0,0.03686255,0.0069369725,0.0017763237,0.0,0.049701307,0.046799026
6799,0.0028922462,0.0,0.036517892,0.006932373,0.0017896543,0.0,0.050080664,0.046796124
6800,0.0027277071,0.0,0.037227254,0.006929838,0.0017988555,0.0,0.048033603,0.046797253
6801,0.002668337,0.0,0.03731874,0.006930039,0.0019450878,0.0,0.05015153,0.046798147
6802,0.0025357772,0.0,0.03703561,0.0069310893,0.00182221,0.0,0.049346734,0.046799377
6803,0.0028226615,0.0,0.039003838,0.006932147,0.0017133047,0.0,0.048738316,0.046800464
6804,0.0027607738,0.0,0.037301518,0.0069496483,0.001911436,0.0,0.049770158,0.04679952
6805,0.002544755,0.0,0.036201525,0.006970878,0.0018604656,0.0,0.048957773,0.04679907
6806,0.0029012943,0.0,0.03627463,0.006993464,0.001806429,0.0,0.05021108,0.04679618
6807,0.002740254,0.0,0.03685028,0.0070172893,0.0018579114,0.0,0.050109603,0.046792496
6808,0.0028751935,0.0,0.03834917,0.007039648,0.001882799,0.0,0.05148594,0.046786714
6809,0.0025786676,0.0,0.03751163,0.0070601,0.0018714602,0.0,0.04869063,0.046780314
6810,0.0026234034,0.0,0.036350172,0.0070775305,0.0017939778,0.0,0.049274985,0.046772495
6811,0.0027900008,0.0,0.03768201,0.007091533,0.0017983328,0.0,0.04922069,0.046765033
6812,0.0027381568,0.0,0.037555028,0.007101955,0.0019220131,0.0,0.05010769,0.04675938
6813,0.0026710911,0.0,0.03663544,0.007108881,0.0020149925,0.0,0.048787545,0.046753265
6814,0.0029057348,0.0,0.03695968,0.007113327,0.001983076,0.0,0.048095386,0.046746045
6815,0.0026307073,0.0,0.03770265,0.0071147894,0.0018660096,0.0,0.048196767,0.0467384
6816,0.0029296656,0.0,0.03613445,0.0071135433,0.0018807781,0.0,0.04854163,0.0467324
6817,0.002596065,0.0,0.037527177,0.0071097305,0.001920896,0.0,0.047571715,0.04672741
6818,0.0026509967,0.0,0.037224855,0.0071036196,0.0019171099,0.0,0.049733095,0.0467237
6819,0.002731819,0.0,0.03721219,0.007095424,0.0018762688,0.0,0.0530059,0.046723224
6820,0.0026892766,0.0,0.036046736,0.0070853606,0.0018671431,0.0,0.050046865,0.04672204
6821,0.0025271128,0.0,0.03564362,0.007073907,0.0019216693,0.0,0.04790728,0.046720948
6822,0.0028146466,0.0,0.037030406,0.0070629437,0.001821796,0.0,0.051313244,0.046720695
6823,0.0025180369,0.0,0.036988873,0.0070519177,0.001920256,0.0,0.051105928,0.04671917
6824,0.002629694,0.0,0.037071142,0.0070404103,0.0019032824,0.0,0.050754588,0.046718
6825,0.002658834,0.0,0.036677912,0.007028613,0.0018938715,0.0,0.05035782,0.046719316
6826,0.0028122694,0.0,0.036553167,0.0070163603,0.0017141777,0.0,0.048949383,0.046719674
6827,0.0028282965,0.0,0.036853228,0.0070033697,0.0020281475,0.0,0.0514374,0.046719402
6828,0.0026251355,0.0,0.03707543,0.0069901804,0.00190982,0.0,0.049510296,0.04672026
6829,0.002784155,0.0,0.036326725,0.006976328,0.0019483347,0.0,0.049453557,0.04671942
6830,0.002800165,0.0,0.037590075,0.006961765,0.0017916383,0.0,0.050619856,0.046716057
6831,0.0027146116,0.0,0.037447788,0.006946449,0.0019277267,0.0,0.051443458,0.04671297
6832,0.0024808212,0.0,0.036954362,0.0069304057,0.001820741,0.0,0.05064763,0.046709348
6833,0.0028056689,0.0,0.03730016,0.006913976,0.0018724081,0.0,0.049261704,0.046707537
6834,0.00283455,0.0,0.03734203,0.00689701,0.0018510699,0.0,0.050563768,0.046707302
6835,0.002629729,0.0,0.03695489,0.0068793707,0.001934078,0.0,0.049891494,0.0467076
6836,0.0028659408,0.0,0.03731327,0.0068618255,0.0019897192,0.0,0.04918117,0.04670592
6837,0.0026279863,0.0,0.03738958,0.006846419,0.0019000359,0.0,0.04883987,0.0467047
6838,0.0027004976,0.0,0.03782107,0.006833996,0.0020284166,0.0,0.05020574,0.04670439
6839,0.002842253,0.0,0.03668973,0.0068225204,0.0018993574,0.0,0.050965793,0.04670321
6840,0.0029627457,0.0,0.03708566,0.006811718,0.001941056,0.0,0.04891242,0.046703093
6841,0.0027956062,0.0,0.037849925,0.0068030665,0.0019704467,0.0,0.049407095,0.046702597
6842,0.0028244548,0.0,0.03727992,0.0067946613,0.0019381056,0.0,0.052219156,0.046702463
6843,0.0026183473,0.0,0.03719493,0.006786845,0.0018114247,0.0,0.050698224,0.04670445
6844,0.0027002667,0.0,0.037035648,0.0067794695,0.0020906862,0.0,0.05420855,0.046705678
6845,0.0027322036,0.0,0.037962332,0.0067717354,0.0020173406,0.0,0.048841715,0.046710093
6846,0.0027374725,0.0,0.03748365,0.0067650457,0.0019525798,0.0,0.050896917,0.0467169
6847,0.002638216,0.0,0.03716476,0.006757962,0.0020745508,0.0,0.051480904,0.04672419
6848,0.0027355903,0.0,0.03619461,0.0067513622,0.0019208717,0.0,0.05070215,0.046729904
6849,0.0027876762,0.0,0.03596881,0.0067449724,0.0020485902,0.0,0.05088326,0.046733554
6850,0.0028254439,0.0,0.03727293,0.006739207,0.001905367,0.0,0.051629145,0.046737865
6851,0.0027809625,0.0,0.037131537,0.0067330985,0.0018896242,0.0,0.050330266,0.04674315
6852,0.0028429658,0.0,0.037663996,0.0067267832,0.0019696215,0.0,0.052676823,0.046748105
6853,0.00274576,0.0,0.037565146,0.0067246,0.0018733973,0.0,0.048287734,0.046753146
6854,0.002536362,0.0,0.03800218,0.0067234933,0.0019358817,0.0,0.050393272,0.04675897
6855,0.0026938263,0.0,0.036925133,0.006722464,0.0018939408,0.0,0.050547138,0.046763763
6856,0.0027790284,0.0,0.036995944,0.006721027,0.0020482629,0.0,0.049739487,0.046769418
6857,0.00255347,0.0,0.03799202,0.0067285313,0.0019302495,0.0,0.049774274,0.04677229
6858,0.0026539552,0.0,0.037464906,0.0067377714,0.0019383724,0.0,0.049630225,0.04677576
6859,0.002745855,0.0,0.037797403,0.0067474665,0.0018870338,0.0,0.04915865,0.046778563
6860,0.0026563178,0.0,0.036549147,0.006758476,0.0019236858,0.0,0.048615962,0.046779342
6861,0.002467373,0.0,0.03813042,0.006769354,0.0018657849,0.0,0.049719587,0.046779957
6862,0.0026326422,0.0,0.037392933,0.006781888,0.0020163183,0.0,0.050315302,0.046781145
6863,0.0027820375,0.0,0.03731675,0.0067943316,0.0019281164,0.0,0.047993634,0.046780832
6864,0.002768174,0.0,0.036738172,0.0068054628,0.001733891,0.0,0.05229244,0.046779174
6865,0.0028600337,0.0,0.036734734,0.006814764,0.0019013851,0.0,0.053711683,0.04677835
6866,0.002789638,0.0,0.037335012,0.006821775,0.0018864068,0.0,0.046992324,0.04678028
6867,0.0025942884,0.0,0.037218854,0.0068279235,0.001909742,0.0,0.051962644,0.046781734
6868,0.0027565092,0.0,0.036705688,0.006831958,0.0018541765,0.0,0.0494742,0.04678366
6869,0.0026939726,0.0,0.03668537,0.006833901,0.0018773767,0.0,0.049228642,0.046785507
6870,0.002874507,0.0,0.037100945,0.0068346867,0.0018015603,0.0,0.048792575,0.046786953
6871,0.0024453208,0.0,0.037034124,0.0068338322,0.0019204962,0.0,0.051452637,0.046786882
6872,0.002776771,0.0,0.037545,0.006831328,0.0017604749,0.0,0.049469214,0.046784434
6873,0.0026329514,0.0,0.03721968,0.006827569,0.0018772418,0.0,0.048706826,0.046781816
6874,0.0027805394,0.0,0.036854926,0.006822309,0.0019515626,0.0,0.05003159,0.04678038
6875,0.0027759615,0.0,0.036978945,0.00681562,0.0019729102,0.0,0.0518725,0.04677823
6876,0.0027360802,0.0,0.036242504,0.006808833,0.0017195246,0.0,0.04936033,0.046778858
6877,0.002751244,0.0,0.036940098,0.0068011573,0.0018361385,0.0,0.049087897,0.04678125
6878,0.0026479247,0.0,0.037646953,0.00679338,0.0018317741,0.0,0.050818827,0.046781138
6879,0.0026055814,0.0,0.0362717,0.0067855665,0.0019461563,0.0,0.04994549,0.04678044
6880,0.0028951585,0.0,0.03671787,0.0067795976,0.0017337352,0.0,0.052823182,0.046780743
6881,0.0027333065,0.0,0.037124988,0.0067735654,0.0017815694,0.0,0.0484178,0.046783976
6882,0.002732805,0.0,0.037108246,0.0067671346,0.0020488794,0.0,0.051042456,0.046784367
6883,0.0026811888,0.0,0.03672362,0.006760912,0.0019306177,0.0,0.051289998,0.046786614
6884,0.0029209293,0.0,0.03685281,0.006753942,0.0019213029,0.0,0.048587393,0.04679005
6885,0.0027190149,0.0,0.036431223,0.0067460355,0.0018102919,0.0,0.051238187,0.046794962
6886,0.002722458,0.0,0.0369518,0.0067371163,0.0018121065,0.0,0.048681896,0.046800047
6887,0.002694017,0.0,0.03725587,0.00672715,0.0018156146,0.0,0.050214,0.046803817
6888,0.00288039,0.0,0.036866616,0.0067161773,0.001975639,0.0,0.050161157,0.04680514
6889,0.0027080618,0.0,0.036371853,0.0067054615,0.0019684436,0.0,0.04968761,0.046807535
6890,0.0026195326,0.0,0.03764763,0.006694143,0.0018755136,0.0,0.0499103,0.04680815
6891,0.002794974,0.0,0.03738877,0.006685287,0.0019479359,0.0,0.051151387,0.046808135
6892,0.0027539828,0.0,0.037597086,0.0066768182,0.0018966402,0.0,0.05263793,0.04681143
6893,0.0026782348,0.0,0.038011443,0.006668138,0.0019525732,0.0,0.049912438,0.0468151
6894,0.0028443132,0.0,0.037399992,0.006660918,0.0019246817,0.0,0.052445937,0.04681579
6895,0.0027514233,0.0,0.036536083,0.0066534234,0.0018891315,0.0,0.051056776,0.046814017
6896,0.0026234349,0.0,0.037749663,0.0066454466,0.001983276,0.0,0.05004605,0.04681284
6897,0.0027351216,0.0,0.037310466,0.006637029,0.0018256436,0.0,0.049361486,0.04681201
6898,0.0028597857,0.0,0.03674109,0.0066279913,0.001946913,0.0,0.0494091,0.046811696
6899,0.002749358,0.0,0.036593746,0.0066182925,0.001824217,0.0,0.05168355,0.046810236
6900,0.002723766,0.0,0.036372542,0.006608481,0.0020136093,0.0,0.052284155,0.046809208
6901,0.002811177,0.0,0.036342025,0.0065985704,0.0019021534,0.0,0.048687767,0.046808276
6902,0.0024567782,0.0,0.036926523,0.0065881563,0.0020069613,0.0,0.050044704,0.046806682
6903,0.0025831808,0.0,0.036653683,0.006579831,0.0019908017,0.0,0.052873436,0.046804555
6904,0.002625436,0.0,0.03572018,0.0065743737,0.0017966367,0.0,0.051634423,0.046803016
6905,0.0024349988,0.0,0.037401654,0.0065693576,0.0020615289,0.0,0.05022375,0.04680189
6906,0.0026317826,0.0,0.037322372,0.0065643913,0.0018934623,0.0,0.051072624,0.046802677
6907,0.0026124883,0.0,0.037420373,0.0065591717,0.0019133118,0.0,0.051577967,0.046803094
6908,0.002806252,0.0,0.036512323,0.006553646,0.0018189766,0.0,0.052007016,0.04680394
6909,0.0028254797,0.0,0.03707528,0.0065473504,0.0019082511,0.0,0.047794625,0.046804424
6910,0.0028176617,0.0,0.036143098,0.006540461,0.0019413268,0.0,0.048097976,0.046805464
6911,0.0027650283,0.0,0.03778629,0.006533147,0.0019168044,0.0,0.048649423,0.046807878
6912,0.002586249,0.0,0.037187655,0.006525669,0.00196876,0.0,0.050864823,0.046811078
6913,0.0027418707,0.0,0.0370688,0.006517869,0.0019915486,0.0,0.048677906,0.0468112
6914,0.002870431,0.0,0.036651783,0.006509478,0.0019125139,0.0,0.049909756,0.046809543
6915,0.002773187,0.0,0.036718976,0.006500428,0.0020528857,0.0,0.05148314,0.046809234
6916,0.0027384255,0.0,0.037381206,0.0064908587,0.0018337789,0.0,0.050101187,0.046809167
6917,0.0028657513,0.0,0.036857575,0.0064813728,0.0018955377,0.0,0.04982729,0.046808638
6918,0.0030124427,0.0,0.03643499,0.006471584,0.0018950698,0.0,0.048981342,0.04680658
6919,0.0028221998,0.0,0.036652114,0.006462469,0.0019392277,0.0,0.050872512,0.046805654
6920,0.0029864644,0.0,0.037129823,0.006454592,0.0019386455,0.0,0.050551828,0.046807285
6921,0.002930952,0.0,0.037848882,0.0064477283,0.0019397448,0.0,0.04955967,0.046806905
6922,0.0025363883,0.0,0.03749354,0.0064421934,0.0020142293,0.0,0.05047968,0.046806633
6923,0.0028416212,0.0,0.037576705,0.0064369715,0.0019816577,0.0,0.049558733,0.046805393
6924,0.0030307337,0.0,0.03717382,0.0064431936,0.0019156031,0.0,0.052323863,0.046802863
6925,0.002693753,0.0,0.037256066,0.0064579276,0.0020696723,0.0,0.050318394,0.04680018
6926,0.0026354298,0.0,0.037141513,0.006476974,0.001976853,0.0,0.052173603,0.046794605
6927,0.0027497404,0.0,0.036352355,0.006498598,0.0019930603,0.0,0.051849708,0.046791926
6928,0.002991539,0.0,0.03725342,0.006521522,0.0020972223,0.0,0.049692854,0.04679338
6929,0.0028488848,0.0,0.036490995,0.00655105,0.002059739,0.0,0.049274586,0.046794876
6930,0.002779868,0.0,0.03667186,0.006581153,0.002103486,0.0,0.049241442,0.046796642
6931,0.0026842544,0.0,0.037206553,0.0066103353,0.0020001435,0.0,0.051219225,0.046800166
6932,0.0028781916,0.0,0.03706929,0.006638049,0.0021037525,0.0,0.051078424,0.046805613
6933,0.0027882068,0.0,0.036757022,0.006663598,0.0020225819,0.0,0.047859892,0.04680987
6934,0.0027407964,0.0,0.03676138,0.00668737,0.0021280507,0.0,0.050024554,0.046813454
6935,0.0026941046,0.0,0.03707901,0.0067080753,0.0021018062,0.0,0.05133392,0.04681657
6936,0.0028594201,0.0,0.036976933,0.006725767,0.0022045483,0.0,0.05093022,0.046821233
6937,0.00294086,0.0,0.03770958,0.0067404774,0.002156791,0.0,0.04864988,0.046824887
6938,0.0028060551,0.0,0.037653554,0.0067531103,0.002141761,0.0,0.049132735,0.04682973
6939,0.002727881,0.0,0.03726578,0.006762943,0.002058245,0.0,0.04968787,0.046833303
6940,0.0029509598,0.0,0.036725316,0.0067699496,0.0020285388,0.0,0.04976174,0.04683682
6941,0.0028202995,0.0,0.037725683,0.006774167,0.0021204327,0.0,0.04928732,0.046839613
6942,0.0027114647,0.0,0.03765452,0.006779212,0.0021769877,0.0,0.0500892,0.046842422
6943,0.0029060566,0.0,0.03666917,0.006782699,0.002029863,0.0,0.049881574,0.04684353
6944,0.0028873226,0.0,0.038087625,0.0067886207,0.0021272525,0.0,0.048299994,0.046844672
6945,0.0026647523,0.0,0.037185438,0.0067981947,0.0020906366,0.0,0.048411995,0.046842225
6946,0.0028712926,0.0,0.03734642,0.006808873,0.0021323953,0.0,0.049027715,0.046839714
6947,0.002759191,0.0,0.037538525,0.006819052,0.0020879342,0.0,0.050558273,0.04683801
6948,0.002671128,0.0,0.036539093,0.006828581,0.0020415836,0.0,0.04872627,0.04683571
6949,0.0026617525,0.0,0.037818726,0.006843625,0.0020255367,0.0,0.048205424,0.046833467
6950,0.0029023695,0.0,0.037958354,0.006858513,0.0020595666,0.0,0.048596133,0.046831258
6951,0.002731723,0.0,0.037093513,0.006872164,0.0019797678,0.0,0.051410746,0.0468266
6952,0.002840008,0.0,0.03722839,0.0068841767,0.0021157397,0.0,0.0499203,0.046824455
6953,0.002807037,0.0,0.03695187,0.0068939463,0.0021600197,0.0,0.050757583,0.04682406
6954,0.0027602504,0.0,0.03653644,0.006904223,0.0020905922,0.0,0.048950996,0.046825837
6955,0.002995036,0.0,0.03676017,0.006913135,0.0020420214,0.0,0.050878875,0.046826217
6956,0.0029988212,0.0,0.03684082,0.006920464,0.0021306337,0.0,0.048440725,0.046825606
6957,0.002618987,0.0,0.037131265,0.006926825,0.002064168,0.0,0.047775432,0.046820763
6958,0.0026963244,0.0,0.036838993,0.0069326516,0.0019976196,0.0,0.04962031,0.046814222
6959,0.0029362738,0.0,0.035818156,0.006936574,0.002106315,0.0,0.049891632,0.04680912
6960,0.0026583143,0.0,0.03721677,0.0069382796,0.0019647225,0.0,0.05141883,0.046804465
6961,0.0026842058,0.0,0.036685802,0.0069376943,0.001992783,0.0,0.048401177,0.046799954
6962,0.0025891617,0.0,0.03689689,0.0069348444,0.0019671177,0.0,0.04993428,0.04679489
6963,0.0029022878,0.0,0.036540985,0.0069298,0.0020292317,0.0,0.050262425,0.046792075
6964,0.002851107,0.0,0.036778413,0.006922719,0.0019794228,0.0,0.049712647,0.046791203
6965,0.0025000712,0.0,0.03691376,0.0069137667,0.0020233241,0.0,0.04869028,0.046787817
6966,0.0027127143,0.0,0.03663961,0.0069031394,0.00199449,0.0,0.04761833,0.04678479
6967,0.002603153,0.0,0.03704984,0.0068922103,0.0018910766,0.0,0.048854105,0.04678199
6968,0.0027459662,0.0,0.03636398,0.0068810466,0.001986367,0.0,0.04981532,0.046777464
6969,0.0027323186,0.0,0.036315504,0.006869174,0.0019410573,0.0,0.049402338,0.04677194
6970,0.0025467917,0.0,0.036573123,0.006857807,0.0019258857,0.0,0.05329738,0.04676633
6971,0.0027691529,0.0,0.03748295,0.0068460642,0.0021250998,0.0,0.050497588,0.04675856
6972,0.0028026793,0.0,0.03672934,0.0068342593,0.0018907803,0.0,0.04906713,0.04675165
6973,0.0026537091,0.0,0.037608765,0.00682208,0.0020859262,0.0,0.04866977,0.046744213
6974,0.0026717514,0.0,0.037811883,0.0068093548,0.0020148181,0.0,0.050307352,0.046738498
6975,0.0028503567,0.0,0.036081742,0.0067975405,0.0020182002,0.0,0.047920093,0.0467356
6976,0.002813186,0.0,0.037811343,0.0067853183,0.0021594097,0.0,0.04683498,0.046734266
6977,0.002544996,0.0,0.036526598,0.0067743417,0.0018858905,0.0,0.052237716,0.04673008
6978,0.0028249142,0.0,0.03641325,0.0067632976,0.0021279822,0.0,0.05047648,0.046727363
6979,0.0027705708,0.0,0.03705828,0.006751956,0.0021155605,0.0,0.050928697,0.04672477
6980,0.0027455583,0.0,0.03721292,0.0067402236,0.002085753,0.0,0.05030087,0.046721805
6981,0.0026812733,0.0,0.03701611,0.006728397,0.0019403438,0.0,0.04900292,0.04671942
6982,0.0027742265,0.0,0.03711149,0.0067165378,0.00207584,0.0,0.049178608,0.046716735
6983,0.0025874204,0.0,0.03711,0.0067054853,0.0019592806,0.0,0.05083132,0.046713218
6984,0.0026882857,0.0,0.037323076,0.0066943644,0.001997466,0.0,0.04934895,0.04671051
6985,0.002567156,0.0,0.036927797,0.0066908626,0.0020128554,0.0,0.052046698,0.046707373
6986,0.0027516326,0.0,0.03780025,0.006692825,0.002051659,0.0,0.047471587,0.046704836
6987,0.0028786068,0.0,0.037031695,0.0067037577,0.002010564,0.0,0.0512376,0.046701945
6988,0.0025926817,0.0,0.037285727,0.0067213927,0.001986037,0.0,0.04996028,0.046701938
6989,0.0027461974,0.0,0.037015256,0.0067521655,0.0019055412,0.0,0.048312314,0.046700902
6990,0.0029442096,0.0,0.037002593,0.0067882496,0.0020858322,0.0,0.051014844,0.04669738
6991,0.0027397233,0.0,0.03764416,0.006826896,0.0019709682,0.0,0.04957516,0.046697997
6992,0.0029709176,0.0,0.037708264,0.006866024,0.0019818197,0.0,0.05000289,0.04670009
6993,0.0029023895,0.0,0.036583032,0.006903451,0.0019856358,0.0,0.051213525,0.046701834
6994,0.0029354196,0.0,0.036821008,0.006938191,0.0019106041,0.0,0.050813172,0.04670391
6995,0.002716767,0.0,0.037615977,0.0069700503,0.0019644871,0.0,0.04914515,0.046707112
6996,0.0028098067,0.0,0.037278645,0.0070148483,0.0019828787,0.0,0.05036304,0.046710018
6997,0.0026849508,0.0,0.03707889,0.007069371,0.0019659656,0.0,0.049683593,0.046714317
6998,0.0024607265,0.0,0.037338115,0.007129031,0.0019080593,0.0,0.049668767,0.046717245
6999,0.0024966327,0.0,0.037072994,0.0071900873,0.002068137,0.0,0.05044803,0.046719026
7000,0.0025867156,0.0,0.03616913,0.007250614,0.00200219,0.0,0.049623016,0.046719905
7001,0.0024489516,0.0,0.036983643,0.007308653,0.0020919526,0.0,0.0521704,0.04672395
7002,0.0029584721,0.0,0.037588906,0.007380563,0.0020359997,0.0,0.05198051,0.046727575
7003,0.0028006514,0.0,0.03719853,0.007456312,0.0020512568,0.0,0.04810289,0.04673079
7004,0.0027705443,0.0,0.037154883,0.007532709,0.0021269198,0.0,0.050057482,0.046733703
7005,0.002741537,0.0,0.037590757,0.007606482,0.0019879602,0.0,0.05117774,0.046738807
7006,0.0026790416,0.0,0.03731561,0.007675686,0.002209106,0.0,0.050503556,0.04674561
7007,0.0027277225,0.0,0.035693146,0.007739117,0.0021704533,0.0,0.050603803,0.046750203
7008,0.0027334436,0.0,0.037270743,0.0077957436,0.0021603336,0.0,0.049389537,0.04675526
7009,0.002615496,0.0,0.037917677,0.007845066,0.0020612462,0.0,0.0497086,0.046760764
7010,0.0028017506,0.0,0.03663609,0.007886883,0.0020189201,0.0,0.050400745,0.04676353
7011,0.0027617824,0.0,0.03641279,0.007921071,0.002092124,0.0,0.0511076,0.046766512
7012,0.0027618457,0.0,0.036867514,0.007948105,0.0021063602,0.0,0.0508593,0.04677128
7013,0.0027651056,0.0,0.037389826,0.007968644,0.002185682,0.0,0.048359845,0.046775337
7014,0.002539823,0.0,0.036591865,0.007983007,0.0021186755,0.0,0.050959535,0.046778873
7015,0.0026888542,0.0,0.037630852,0.008001114,0.0021876793,0.0,0.048451312,0.046784885
7016,0.0026394622,0.0,0.038467765,0.0080205295,0.0020014318,0.0,0.050394464,0.046789948
7017,0.0027183648,0.0,0.03770819,0.00804023,0.0022531438,0.0,0.048573915,0.046794068
7018,0.002919799,0.0,0.036776774,0.00805929,0.0019775897,0.0,0.047811158,0.046795886
7019,0.002851844,0.0,0.037181146,0.008077094,0.002062136,0.0,0.04920818,0.046798453
7020,0.002638423,0.0,0.037254907,0.008091825,0.002168789,0.0,0.046465807,0.046799697
7021,0.0029350908,0.0,0.037389986,0.008102773,0.00202309,0.0,0.04982649,0.046796326
7022,0.0027030408,0.0,0.037605666,0.008109715,0.0020504862,0.0,0.051072247,0.046792697
7023,0.0027620208,0.0,0.03736815,0.0081126625,0.0020505171,0.0,0.053024586,0.046791244
7024,0.0027183653,0.0,0.03660787,0.008111633,0.002090541,0.0,0.05128106,0.046790738
7025,0.0029127616,0.0,0.03740351,0.00810665,0.0019077777,0.0,0.048978996,0.046790227
7026,0.0027172936,0.0,0.03708539,0.0081216255,0.0020185383,0.0,0.051613305,0.046788383
7027,0.0028732035,0.0,0.037153736,0.008150132,0.0019120515,0.0,0.04818343,0.046789244
7028,0.0026922738,0.0,0.037205964,0.00818673,0.0020344376,0.0,0.05002643,0.046789065
7029,0.0028693,0.0,0.03672925,0.008227277,0.0020246967,0.0,0.050796755,0.046787973
7030,0.0027743387,0.0,0.03664778,0.008268708,0.0022020843,0.0,0.04779058,0.046787456
7031,0.0026843087,0.0,0.037642963,0.008308616,0.0020536655,0.0,0.05072611,0.04678602
7032,0.0027902813,0.0,0.03664881,0.008345323,0.0022782683,0.0,0.04910761,0.046787042
7033,0.0026103198,0.0,0.037622143,0.008377871,0.0020058996,0.0,0.048934773,0.04678759
7034,0.0028522173,0.0,0.03712136,0.008405415,0.0023100956,0.0,0.04962001,0.046788435
7035,0.0026756749,0.0,0.037382945,0.008427579,0.0019679782,0.0,0.049182847,0.046788417
7036,0.0027850447,0.0,0.037112802,0.008444323,0.0020691275,0.0,0.050223477,0.046789702
7037,0.0028183903,0.0,0.036595177,0.008455652,0.001963973,0.0,0.05059123,0.046791147
7038,0.0028421725,0.0,0.037919674,0.008461756,0.0019601146,0.0,0.049431715,0.04679376
7039,0.0027685906,0.0,0.03735191,0.008462894,0.001884076,0.0,0.050861035,0.046794564
7040,0.0027795762,0.0,0.03695076,0.008459429,0.0018934918,0.0,0.05309642,0.04679982
7041,0.0028213046,0.0,0.03627783,0.008451703,0.0018687514,0.0,0.04803694,0.0468063
7042,0.0026280123,0.0,0.037771318,0.008440093,0.0019611816,0.0,0.04985098,0.04681273
7043,0.0028695583,0.0,0.03775925,0.008425125,0.001949692,0.0,0.051387284,0.046817597
7044,0.0027759264,0.0,0.036431562,0.00840702,0.001842615,0.0,0.046882607,0.046824723
7045,0.0028207372,0.0,0.037665144,0.008386198,0.0020684993,0.0,0.05053521,0.046829533
7046,0.002614112,0.0,0.037089784,0.008362845,0.0018245965,0.0,0.04877811,0.046833463
7047,0.0028276062,0.0,0.036550026,0.00833734,0.0019439617,0.0,0.04799456,0.046837486
7048,0.0027773462,0.0,0.037132032,0.008310022,0.0018075069,0.0,0.048962936,0.046839956
7049,0.0029186963,0.0,0.037446547,0.008281108,0.002077133,0.0,0.05032658,0.046843246
7050,0.0026367863,0.0,0.037272148,0.008250815,0.0019420618,0.0,0.051652256,0.0468452
7051,0.0026997917,0.0,0.03649502,0.008219359,0.0022548528,0.0,0.051790856,0.04684578
7052,0.0026327793,0.0,0.03700379,0.008187812,0.00189347,0.0,0.04984976,0.04684699
7053,0.002669068,0.0,0.03718903,0.008155724,0.001958309,0.0,0.047195077,0.046846326
7054,0.0027837746,0.0,0.036995176,0.008123177,0.0019560293,0.0,0.04751974,0.04684451
7055,0.0027964767,0.0,0.036890842,0.008090216,0.0019707847,0.0,0.04849489,0.046843383
7056,0.0025844,0.0,0.03756001,0.008056897,0.002177994,0.0,0.050170746,0.0468422
7057,0.0026940496,0.0,0.037643563,0.008023148,0.0019226047,0.0,0.05134844,0.046839908
7058,0.002822648,0.0,0.037474077,0.00798926,0.0020852408,0.0,0.051041365,0.046838306
7059,0.0027119396,0.0,0.036966458,0.007955275,0.0020125918,0.0,0.04826575,0.046838425
7060,0.0025864518,0.0,0.037205953,0.007921271,0.0021566018,0.0,0.047771398,0.04683936
7061,0.0026945476,0.0,0.037186567,0.007887314,0.0019980832,0.0,0.048608225,0.046839725
7062,0.0026948936,0.0,0.03746183,0.0078534745,0.0020992607,0.0,0.05096705,0.04684086
7063,0.002692534,0.0,0.03746395,0.007819824,0.0019775906,0.0,0.050767127,0.046840962
7064,0.0025736229,0.0,0.036192033,0.0077864025,0.0018997657,0.0,0.053696256,0.046841368
7065,0.0027941226,0.0,0.036628492,0.0077550095,0.002090114,0.0,0.049628332,0.046841767
7066,0.0027369799,0.0,0.037185557,0.0077252374,0.0020644926,0.0,0.049031567,0.046840448
7067,0.0026113647,0.0,0.036918644,0.0076969834,0.002105754,0.0,0.051902153,0.0468398
7068,0.0026282168,0.0,0.037178162,0.007672586,0.0018716299,0.0,0.050730646,0.046839558
7069,0.00259715,0.0,0.036056943,0.0076496005,0.002007945,0.0,0.052066803,0.04683832
7070,0.0025514902,0.0,0.0378443,0.007627437,0.001815074,0.0,0.050780218,0.046834495
7071,0.0027541567,0.0,0.036131535,0.0076056193,0.0020387191,0.0,0.05121698,0.046828467
7072,0.0027720605,0.0,0.036805514,0.0075838235,0.0018611873,0.0,0.047745496,0.046824597
7073,0.0026462649,0.0,0.03754629,0.007561812,0.001989411,0.0,0.050114345,0.046819925
7074,0.0026377933,0.0,0.035873387,0.0075394716,0.0020022935,0.0,0.050566643,0.04681859
7075,0.0027634178,0.0,0.0364822,0.0075167567,0.0019984737,0.0,0.050136037,0.04681596
7076,0.002675019,0.0,0.036769476,0.0074949204,0.0019382782,0.0,0.048493817,0.04681497
7077,0.0027280967,0.0,0.036307476,0.007474249,0.002040235,0.0,0.048833206,0.04681107
7078,0.0028088668,0.0,0.036845397,0.007453944,0.0019672012,0.0,0.050210226,0.04680857
7079,0.002740726,0.0,0.03728471,0.007433795,0.0021632132,0.0,0.04992075,0.046807516
7080,0.002843692,0.0,0.037709825,0.0074136313,0.001917775,0.0,0.051703427,0.04680602
7081,0.0027101394,0.0,0.03697025,0.007393922,0.0019469191,0.0,0.050420158,0.046804268
7082,0.0027760933,0.0,0.03698661,0.0073743295,0.0019469669,0.0,0.050248463,0.046804834
7083,0.0029484623,0.0,0.036136765,0.0073546236,0.002034242,0.0,0.048599884,0.046805654
7084,0.0026885292,0.0,0.03746109,0.0073347352,0.0018586396,0.0,0.04934193,0.046806864
7085,0.002678128,0.0,0.03744572,0.007314647,0.0019217469,0.0,0.049272027,0.04680594
7086,0.0025839906,0.0,0.03649653,0.007294365,0.0020985492,0.0,0.049151614,0.046805788
7087,0.0025508474,0.0,0.036158662,0.007274238,0.0021015708,0.0,0.049290426,0.04680616
7088,0.0026949358,0.0,0.036692068,0.0072541037,0.0019764702,0.0,0.049705926,0.046804633
7089,0.0028084503,0.0,0.037197746,0.007235155,0.0021733127,0.0,0.05032949,0.04680164
7090,0.0028622888,0.0,0.03580906,0.0072164615,0.0017952457,0.0,0.04710368,0.046799473
7091,0.0027040427,0.0,0.037373435,0.007198633,0.0020005812,0.0,0.04876162,0.046797093
7092,0.0026061346,0.0,0.036757234,0.0071810656,0.0020688593,0.0,0.049815487,0.046795905
7093,0.0028311159,0.0,0.03688257,0.007163598,0.0019635558,0.0,0.051001374,0.046798322
7094,0.002684621,0.0,0.03736565,0.0071461136,0.0019717924,0.0,0.052401893,0.046797488
7095,0.0029352072,0.0,0.037144892,0.007128585,0.002037605,0.0,0.04826794,0.04679959
7096,0.0026730404,0.0,0.036669828,0.0071113827,0.0020173623,0.0,0.048702948,0.046800178
7097,0.0027156363,0.0,0.037425626,0.007094212,0.0020203812,0.0,0.04913032,0.046800215
7098,0.0025008735,0.0,0.03768601,0.007080572,0.002005247,0.0,0.049283955,0.046800658
7099,0.0028926933,0.0,0.037062846,0.007067794,0.0019250105,0.0,0.047641844,0.046799965
7100,0.0025877568,0.0,0.03704961,0.007055511,0.0019868233,0.0,0.04736962,0.046798088
7101,0.0027588734,0.0,0.03679014,0.00704338,0.0019407115,0.0,0.05193398,0.046797153
7102,0.0028111567,0.0,0.037398513,0.007031124,0.0019367466,0.0,0.048153345,0.046795495
7103,0.0026342857,0.0,0.037702564,0.007018568,0.0020255093,0.0,0.048193302,0.046791654
7104,0.0027916038,0.0,0.038307067,0.0070055984,0.0019730655,0.0,0.051612325,0.046788152
7105,0.0026787722,0.0,0.035851963,0.0069927955,0.0019950678,0.0,0.052150432,0.046786956
7106,0.0028169428,0.0,0.03747266,0.006979727,0.0019694848,0.0,0.050524496,0.046785366
7107,0.0026627884,0.0,0.036886368,0.006966575,0.0020034467,0.0,0.04903144,0.046786554
7108,0.002804489,0.0,0.036493495,0.006953065,0.0020451734,0.0,0.05049855,0.046790097
7109,0.002714609,0.0,0.03738185,0.0069394056,0.0020216166,0.0,0.051206995,0.046794534
7110,0.0026031644,0.0,0.036896944,0.0069256146,0.0019745221,0.0,0.05211211,0.046797596
7111,0.0025732697,0.0,0.03827262,0.006911637,0.0019130083,0.0,0.049269862,0.046799943
7112,0.0028464606,0.0,0.037328936,0.006897714,0.0019780102,0.0,0.04859915,0.046801932
7113,0.0029717563,0.0,0.03771942,0.006883458,0.0019565856,0.0,0.04954948,0.046802532
7114,0.0029168567,0.0,0.037031293,0.0068699094,0.0021468843,0.0,0.049427256,0.04680433
7115,0.0025996203,0.0,0.037822966,0.0068564625,0.0020117143,0.0,0.052530218,0.04680574
7116,0.002710485,0.0,0.036223453,0.006843005,0.0021105898,0.0,0.050355956,0.04680962
7117,0.002732895,0.0,0.037123967,0.006829454,0.0019527572,0.0,0.050384223,0.046814505
7118,0.002618054,0.0,0.037518483,0.0068177516,0.0021302,0.0,0.05079275,0.046817522
7119,0.0026759936,0.0,0.03731626,0.0068061706,0.0020052935,0.0,0.050058432,0.04682209
7120,0.0026849406,0.0,0.037485424,0.006794908,0.002034541,0.0,0.047863644,0.046826843
7121,0.0026350722,0.0,0.037270483,0.0067835758,0.0019631102,0.0,0.052194253,0.046830516
7122,0.0024890995,0.0,0.036503028,0.0067720534,0.0020214657,0.0,0.050419424,0.046833463
7123,0.0026539548,0.0,0.038051218,0.0067608436,0.0019296057,0.0,0.051393643,0.0468362
7124,0.002664059,0.0,0.036766198,0.0067494153,0.0019348509,0.0,0.048023462,0.046840347
7125,0.0027167911,0.0,0.03764522,0.006737727,0.0020370542,0.0,0.049938556,0.04684539
7126,0.0027070632,0.0,0.03739053,0.0067268354,0.0020189986,0.0,0.048835836,0.04685032
7127,0.0027640904,0.0,0.036565844,0.006715957,0.0020476854,0.0,0.049116176,0.04685445
7128,0.002711313,0.0,0.03808642,0.006705573,0.0019580792,0.0,0.051109638,0.04685837
7129,0.002610503,0.0,0.03678311,0.0066951695,0.002061722,0.0,0.05094126,0.046858765
7130,0.0027633586,0.0,0.037182402,0.0066855405,0.0020329664,0.0,0.05117799,0.04686011
7131,0.0024955724,0.0,0.038318597,0.0066760886,0.002075691,0.0,0.05028273,0.046864305
7132,0.0027448032,0.0,0.03701947,0.0066669695,0.0020423578,0.0,0.049999755,0.046867985
7133,0.0027073508,0.0,0.03679318,0.0066577476,0.0022099828,0.0,0.049520485,0.04687491
7134,0.0026092182,0.0,0.035658207,0.0066483268,0.002072106,0.0,0.050134897,0.04688139
7135,0.0028680896,0.0,0.03660404,0.006639426,0.0021280842,0.0,0.04967035,0.04688932
7136,0.002841697,0.0,0.037239697,0.006630481,0.0020549453,0.0,0.05132447,0.046895128
7137,0.0026885036,0.0,0.036982097,0.006621937,0.0020868962,0.0,0.04811831,0.046901952
7138,0.0028808918,0.0,0.036983553,0.006614204,0.002014613,0.0,0.051633693,0.046908725
7139,0.0027848566,0.0,0.03686372,0.0066066375,0.0020812466,0.0,0.050661746,0.046917114
7140,0.0027390977,0.0,0.03610223,0.006606565,0.0020474677,0.0,0.047609307,0.046924543
7141,0.0029339695,0.0,0.03745827,0.006609289,0.0020812983,0.0,0.049952894,0.046932716
7142,0.002591349,0.0,0.036509838,0.0066233897,0.0021037783,0.0,0.051342644,0.046938166
7143,0.0025587955,0.0,0.037539084,0.006644603,0.0019646669,0.0,0.05105307,0.046944007
7144,0.002824528,0.0,0.037144784,0.0066692196,0.0019710881,0.0,0.049498983,0.046947844
7145,0.0028206299,0.0,0.037023302,0.0066950973,0.0021318684,0.0,0.05108127,0.046949442
7146,0.0028316048,0.0,0.03665269,0.006721175,0.0019301928,0.0,0.051057108,0.046952676
7147,0.0026677856,0.0,0.037508573,0.0067474577,0.0020268506,0.0,0.04934954,0.046955988
7148,0.0031136696,0.0,0.036445037,0.0067718606,0.0019743897,0.0,0.048366506,0.046960298
7149,0.0025951634,0.0,0.037154514,0.0067942706,0.0019822503,0.0,0.049679264,0.04696454
7150,0.0027058767,0.0,0.036706496,0.0068140873,0.0019396263,0.0,0.051916845,0.04696901
7151,0.002727074,0.0,0.03693911,0.0068332814,0.0020838932,0.0,0.049034476,0.046973474
7152,0.0029284551,0.0,0.037607066,0.00685158,0.0019572696,0.0,0.04881184,0.046976898
7153,0.0026977444,0.0,0.036562175,0.006868132,0.0020526974,0.0,0.0490633,0.04697831
7154,0.0028349785,0.0,0.037812795,0.0068822363,0.0020752128,0.0,0.050987337,0.04698084
7155,0.002699,0.0,0.03734795,0.0068936585,0.0020715832,0.0,0.052861024,0.046983484
7156,0.0028753772,0.0,0.037530184,0.006902297,0.002008059,0.0,0.04984503,0.046985995
7157,0.002617752,0.0,0.03681427,0.0069082337,0.0018934853,0.0,0.049284633,0.046987142
7158,0.0027018879,0.0,0.03789235,0.006911727,0.0019897972,0.0,0.047163397,0.046988986
7159,0.0028371348,0.0,0.037787512,0.006912726,0.0020021095,0.0,0.049847838,0.04698867
7160,0.002747639,0.0,0.0369781,0.0069114263,0.0020511497,0.0,0.049450733,0.046990328
7161,0.0025201093,0.0,0.036591977,0.0069080107,0.0021265626,0.0,0.049564753,0.046996612
7162,0.0029181598,0.0,0.036839902,0.0069026854,0.00204526,0.0,0.051007614,0.047003735
7163,0.0026121503,0.0,0.03736051,0.006899864,0.0021137383,0.0,0.050302148,0.04701072
7164,0.002527386,0.0,0.038404435,0.00689759,0.0019660508,0.0,0.050372943,0.047013912
7165,0.0027166535,0.0,0.036935207,0.0068953065,0.0020284562,0.0,0.047523413,0.04701746
7166,0.0026981558,0.0,0.037362535,0.006892563,0.0020205418,0.0,0.048585217,0.047018755
7167,0.002650303,0.0,0.03712757,0.0068890583,0.0019604503,0.0,0.04917748,0.04702089
7168,0.0026470993,0.0,0.03686992,0.0068905703,0.0019975204,0.0,0.0487828,0.047021482
7169,0.0029064212,0.0,0.036903694,0.0068945824,0.0020515851,0.0,0.049294792,0.047019765
7170,0.0026280824,0.0,0.038069304,0.0068990015,0.002080048,0.0,0.048728663,0.047016013
7171,0.002729751,0.0,0.037769184,0.0069030332,0.0019364664,0.0,0.048527163,0.047009144
7172,0.0026505515,0.0,0.036702164,0.0069060735,0.0020060341,0.0,0.051675566,0.047001753
7173,0.0026707526,0.0,0.03703537,0.0069076824,0.0019403843,0.0,0.04996313,0.046994127
7174,0.0028965932,0.0,0.036762446,0.0069113714,0.0019016034,0.0,0.04813551,0.046987683
7175,0.0027236536,0.0,0.03667469,0.0069142533,0.001820594,0.0,0.051997848,0.046980634
7176,0.002701053,0.0,0.037452932,0.006915894,0.0020366309,0.0,0.048989747,0.04697699
7177,0.002967394,0.0,0.03777325,0.0069160145,0.0019293487,0.0,0.048818503,0.04697374
7178,0.0026268233,0.0,0.037470184,0.006914481,0.0018546531,0.0,0.048873063,0.046968725
7179,0.0026304699,0.0,0.036699638,0.0069142096,0.0018812028,0.0,0.048876103,0.046963606
7180,0.0026884528,0.0,0.038046718,0.00691292,0.0018840866,0.0,0.050571155,0.046958998
7181,0.0027687983,0.0,0.037892558,0.0069104307,0.0019297021,0.0,0.050605837,0.046956144
7182,0.0026682252,0.0,0.037307534,0.0069066454,0.0019500685,0.0,0.049218617,0.046951756
7183,0.0026983235,0.0,0.03680743,0.0069013652,0.0019486519,0.0,0.05067655,0.046948247
7184,0.0026940007,0.0,0.03690226,0.00689811,0.0019627486,0.0,0.04875756,0.046944045
7185,0.0025843,0.0,0.036980577,0.0068974765,0.0020217167,0.0,0.048309628,0.04694356
7186,0.002705951,0.0,0.037603322,0.006898575,0.002038471,0.0,0.052916575,0.046946663
7187,0.0026182844,0.0,0.036998026,0.0068995855,0.0021972505,0.0,0.0492305,0.0469526
7188,0.002672841,0.0,0.037315987,0.006899943,0.0019519537,0.0,0.049592983,0.04695889
7189,0.0027888454,0.0,0.03634488,0.0069002756,0.0020411818,0.0,0.05019434,0.046966817
7190,0.0028128782,0.0,0.037562147,0.006899794,0.0021601205,0.0,0.05090753,0.04697524
7191,0.0028007438,0.0,0.036853153,0.0068996777,0.0022900498,0.0,0.048839424,0.046983134
7192,0.0029223557,0.0,0.036878157,0.006899231,0.0021585773,0.0,0.048785996,0.046988465
7193,0.0027411834,0.0,0.03685363,0.0069209817,0.002179322,0.0,0.049346462,0.046990667
7194,0.0026301334,0.0,0.036325652,0.0069617424,0.0020676798,0.0,0.046885643,0.046990767
7195,0.0028819987,0.0,0.03705752,0.00701405,0.0021209752,0.0,0.05058138,0.046989895
7196,0.002699841,0.0,0.03700862,0.00707291,0.0022167624,0.0,0.051021837,0.046990044
7197,0.0027235479,0.0,0.035958998,0.007135215,0.0022894945,0.0,0.04980745,0.046988625
7198,0.0025806453,0.0,0.037877884,0.007199348,0.0021352463,0.0,0.050189216,0.046988286
7199,0.0026721284,0.0,0.037054323,0.0072671096,0.0023970422,0.0,0.049346995,0.046987046
7200,0.002646624,0.0,0.03684674,0.007334632,0.0021032153,0.0,0.047230456,0.04698513
7201,0.0027077894,0.0,0.036913276,0.007402004,0.0023062339,0.0,0.04883604,0.046983536
7202,0.0027194482,0.0,0.0372201,0.007466621,0.0022382808,0.0,0.05057567,0.046978723
7203,0.0025241193,0.0,0.036468197,0.0075263656,0.0023321602,0.0,0.05016867,0.04697493
7204,0.0027796314,0.0,0.037726376,0.007580192,0.0023604757,0.0,0.04995801,0.0469687
7205,0.0027571884,0.0,0.03732063,0.007632315,0.002483694,0.0,0.053481936,0.046962906
7206,0.0027097007,0.0,0.03724858,0.0076800175,0.0024455348,0.0,0.05251622,0.0469574
7207,0.002474987,0.0,0.03734882,0.0077221515,0.002405858,0.0,0.0507783,0.046953272
7208,0.0027479792,0.0,0.037809927,0.0077585573,0.0022719076,0.0,0.048772488,0.046947986
7209,0.0027614841,0.0,0.03735786,0.0077889552,0.002199914,0.0,0.04906305,0.04694432
7210,0.002683557,0.0,0.037378073,0.007813311,0.0022757684,0.0,0.049463402,0.04694213
7211,0.002631992,0.0,0.037837453,0.007831771,0.0021424324,0.0,0.049657535,0.046939146
7212,0.0030104746,0.0,0.03706297,0.00784457,0.0020596057,0.0,0.04820285,0.046937935
7213,0.0026137163,0.0,0.037381724,0.007852259,0.0021750566,0.0,0.049989756,0.04693648
7214,0.0027790896,0.0,0.036315687,0.007856909,0.002155991,0.0,0.04876738,0.04693465
7215,0.002680884,0.0,0.0360392,0.00785879,0.0022069789,0.0,0.0519167,0.04693038
7216,0.0027030895,0.0,0.03720025,0.007857571,0.0020668972,0.0,0.04739196,0.04692611
7217,0.0027561004,0.0,0.036285736,0.007853249,0.002227603,0.0,0.05082285,0.0469225
7218,0.002593003,0.0,0.03710263,0.007845866,0.0020915966,0.0,0.049426783,0.046919696
7219,0.0028346078,0.0,0.036102027,0.007835454,0.0021382766,0.0,0.05006655,0.046915684
7220,0.002894755,0.0,0.03697312,0.0078222705,0.0020632648,0.0,0.048930913,0.046910148
7221,0.0026872177,0.0,0.036893252,0.0078066057,0.002125076,0.0,0.048957035,0.04690405
7222,0.0027539134,0.0,0.03616302,0.007789059,0.0021216795,0.0,0.050810996,0.046897616
7223,0.0026918591,0.0,0.036778603,0.007769907,0.0020015393,0.0,0.05014292,0.046891656
7224,0.0025932516,0.0,0.037102357,0.0077558463,0.002176108,0.0,0.052052353,0.046885952
7225,0.00256468,0.0,0.0373187,0.0077452315,0.0021160606,0.0,0.050386343,0.046879746
7226,0.0028101,0.0,0.036729686,0.0077361856,0.0022049143,0.0,0.049957577,0.046873525
7227,0.0024638327,0.0,0.03790658,0.0077281836,0.002212996,0.0,0.05121212,0.046866674
7228,0.0027090332,0.0,0.03818698,0.0077205896,0.0022121577,0.0,0.053545665,0.046862602
7229,0.0026138863,0.0,0.036528803,0.007716729,0.001979436,0.0,0.04999837,0.04686072
7230,0.002754591,0.0,0.03725191,0.0077135996,0.0022745633,0.0,0.050409567,0.04686103
7231,0.0026140744,0.0,0.0381176,0.007710212,0.0020691191,0.0,0.049240872,0.04686087
7232,0.0026183699,0.0,0.036781486,0.0077057355,0.0021007545,0.0,0.047881376,0.046862688
7233,0.0026259166,0.0,0.0372967,0.0076996246,0.002025241,0.0,0.0479636,0.04686152
7234,0.0028939277,0.0,0.03679482,0.0076917717,0.002102315,0.0,0.049409326,0.046861064
7235,0.0027797602,0.0,0.03775821,0.0076819453,0.0020165949,0.0,0.052709844,0.0468617
7236,0.0027976716,0.0,0.036855225,0.0076720132,0.0019998988,0.0,0.052205794,0.046865683
7237,0.0028064803,0.0,0.038179077,0.007666541,0.0021009967,0.0,0.052536685,0.04687128
7238,0.002794322,0.0,0.035959527,0.007661864,0.0020440505,0.0,0.051090702,0.04687408
7239,0.0027082681,0.0,0.0371498,0.0076604583,0.0020984933,0.0,0.049649913,0.04687356
7240,0.0025840714,0.0,0.03761953,0.007659502,0.0019710783,0.0,0.048478063,0.046871312
7241,0.0025718056,0.0,0.036504947,0.007658269,0.0020083508,0.0,0.05327867,0.046867914
7242,0.0026955502,0.0,0.037093315,0.00765596,0.001850843,0.0,0.049974363,0.04686477
7243,0.0029704545,0.0,0.037141677,0.0076527004,0.002154864,0.0,0.051654603,0.04685896
7244,0.0026328783,0.0,0.03716201,0.007649573,0.0019904345,0.0,0.052082848,0.046855778
7245,0.0029107167,0.0,0.0372671,0.0076453965,0.0021766513,0.0,0.050606634,0.046857584
7246,0.002649247,0.0,0.037161026,0.0076395734,0.0021169558,0.0,0.049052272,0.04686077
7247,0.0027272496,0.0,0.03714573,0.0076319,0.002159028,0.0,0.053343605,0.046864796
7248,0.0029184842,0.0,0.03753562,0.0076221507,0.0021359767,0.0,0.04879139,0.0468685
7249,0.0027891928,0.0,0.03690073,0.0076106847,0.0021583939,0.0,0.05020063,0.046871655
7250,0.0025583352,0.0,0.036820106,0.00759757,0.0022652857,0.0,0.048324466,0.046875656
7251,0.0028698458,0.0,0.03699821,0.0075834435,0.0020798084,0.0,0.052124128,0.04688183
7252,0.0026714953,0.0,0.037566137,0.007570036,0.0023018967,0.0,0.050263125,0.046893556
7253,0.0031089087,0.0,0.03607904,0.0075556384,0.0021892262,0.0,0.05469807,0.046901707
7254,0.0026691032,0.0,0.036388177,0.0075401757,0.0021844204,0.0,0.048285432,0.0469092
7255,0.0030537653,0.0,0.03718455,0.0075236205,0.0021813016,0.0,0.047866542,0.046917353
7256,0.0027789613,0.0,0.03720869,0.007505977,0.002356178,0.0,0.0498646,0.046924017
7257,0.0026617527,0.0,0.03686208,0.0074878125,0.002042522,0.0,0.050445054,0.046930943
7258,0.0027029768,0.0,0.03659385,0.007468735,0.0021604646,0.0,0.05272729,0.04693721
7259,0.0027296434,0.0,0.037598282,0.0074488055,0.0021795703,0.0,0.052498188,0.046941992
7260,0.0026096322,0.0,0.03702348,0.0074280244,0.0020415282,0.0,0.04792378,0.04694571
7261,0.002733529,0.0,0.036926426,0.007406561,0.002061506,0.0,0.05012863,0.046947077
7262,0.0028369254,0.0,0.036256902,0.007384495,0.0021501589,0.0,0.049456075,0.046951007
7263,0.0026182672,0.0,0.037796065,0.007361934,0.0020912378,0.0,0.051126212,0.046954405
7264,0.002604708,0.0,0.036483064,0.007338957,0.0020941591,0.0,0.051227268,0.04695785
7265,0.0026824267,0.0,0.037549492,0.007315648,0.0019304854,0.0,0.049498957,0.04695908
7266,0.0026771026,0.0,0.037513845,0.0072920877,0.0021344025,0.0,0.04811063,0.046963446
7267,0.0028317373,0.0,0.037083767,0.007268877,0.0019317195,0.0,0.047583055,0.04696697
7268,0.0027397997,0.0,0.0376513,0.00724658,0.0021450012,0.0,0.050543927,0.046966597
7269,0.002774656,0.0,0.03658557,0.007224479,0.001988332,0.0,0.049832437,0.04696391
7270,0.0028041808,0.0,0.037564434,0.0072025433,0.0019829632,0.0,0.050963607,0.046960235
7271,0.0027235681,0.0,0.03752864,0.0071837464,0.00212123,0.0,0.04848604,0.04695575
7272,0.0027240457,0.0,0.036838494,0.007165794,0.002069745,0.0,0.047605034,0.04694753
7273,0.002767748,0.0,0.036749084,0.007148167,0.001989054,0.0,0.047141578,0.046939276
7274,0.002710646,0.0,0.0376822,0.007130765,0.001958755,0.0,0.048430808,0.046931073
7275,0.002702161,0.0,0.0361216,0.0071133208,0.0019874156,0.0,0.051106658,0.046923656
7276,0.0029831985,0.0,0.03619727,0.007095677,0.0020154,0.0,0.049907528,0.046916377
7277,0.0028994,0.0,0.037308153,0.0070777545,0.0020436107,0.0,0.050123032,0.046909794
7278,0.002803784,0.0,0.03708207,0.00705992,0.0019151367,0.0,0.049053635,0.04690583
7279,0.0025252763,0.0,0.03689713,0.007041997,0.0019278425,0.0,0.052279994,0.04690174
7280,0.0028861884,0.0,0.037132494,0.0070272875,0.0019456069,0.0,0.050697833,0.046898205
7281,0.0026063258,0.0,0.036807258,0.0070136804,0.0018807473,0.0,0.051683594,0.04689463
7282,0.002754907,0.0,0.036296576,0.007000794,0.00196967,0.0,0.051249526,0.046896003
7283,0.0029719188,0.0,0.03726077,0.0069882413,0.0018688081,0.0,0.04971706,0.046899293
7284,0.002621811,0.0,0.037374333,0.0069759134,0.001987447,0.0,0.050350953,0.04690156
7285,0.0025887343,0.0,0.036873158,0.0069653355,0.0019062941,0.0,0.050534803,0.046906512
7286,0.0027775979,0.0,0.03703599,0.0069564623,0.0020268485,0.0,0.05063731,0.04691116
7287,0.0028691972,0.0,0.037705358,0.006947976,0.0018803842,0.0,0.04943861,0.046913482
7288,0.0027099105,0.0,0.03666264,0.0069394438,0.0020283416,0.0,0.0503307,0.04691517
7289,0.0027430912,0.0,0.036292132,0.0069305734,0.0019219312,0.0,0.048433054,0.046916556
7290,0.0027212836,0.0,0.03750423,0.0069287876,0.0019661693,0.0,0.047998928,0.04691661
7291,0.0028429339,0.0,0.037226636,0.006931726,0.002025337,0.0,0.049206767,0.04691708
7292,0.002809688,0.0,0.03725715,0.0069372295,0.0019239172,0.0,0.05024395,0.0469191
7293,0.0027683212,0.0,0.037824716,0.006943596,0.0020299,0.0,0.048300218,0.046919674
7294,0.0029116962,0.0,0.037292246,0.006951542,0.0019582435,0.0,0.049607072,0.046918027
7295,0.0029420522,0.0,0.037778385,0.006958957,0.0020807867,0.0,0.048513982,0.046916716
7296,0.0026919073,0.0,0.036919136,0.0069671227,0.0019492947,0.0,0.051855437,0.046913844
7297,0.0029210746,0.0,0.03807253,0.0069745816,0.002039633,0.0,0.051053613,0.046909727
7298,0.002866948,0.0,0.037707962,0.0069836117,0.0018581735,0.0,0.048983805,0.046904255
7299,0.0026878023,0.0,0.037339978,0.0069914795,0.0020414323,0.0,0.051358342,0.046898954
7300,0.0026723263,0.0,0.036937658,0.0069976863,0.0020638814,0.0,0.049353153,0.046893
7301,0.0026325386,0.0,0.036212575,0.0070019253,0.00201392,0.0,0.051171567,0.04688837
7302,0.0027657582,0.0,0.03728047,0.007004045,0.0019459652,0.0,0.04936759,0.04688638
7303,0.0026969386,0.0,0.037251353,0.0070040203,0.0019384675,0.0,0.050131146,0.04688426
7304,0.0028290262,0.0,0.037259158,0.0070019052,0.0020380097,0.0,0.049365506,0.046882268
7305,0.0026732937,0.0,0.036400046,0.0069978326,0.0018898189,0.0,0.049613196,0.04687951
7306,0.002893029,0.0,0.035699558,0.006991756,0.0019594869,0.0,0.0493925,0.04687646
7307,0.0027389636,0.0,0.03789011,0.0069841207,0.002065738,0.0,0.0487793,0.046871662
7308,0.0024860387,0.0,0.036226988,0.0069769677,0.0019925188,0.0,0.05049918,0.04686776
7309,0.0026658531,0.0,0.03717893,0.0069697057,0.0020276436,0.0,0.05135198,0.04686411
7310,0.002955602,0.0,0.0371719,0.0069617773,0.002137713,0.0,0.050538667,0.046861134
7311,0.002843168,0.0,0.037538312,0.006953041,0.002056725,0.0,0.04923021,0.046858143
7312,0.0025157018,0.0,0.03804911,0.0069436063,0.002003253,0.0,0.050678216,0.046855774
7313,0.0030057714,0.0,0.036720745,0.006933282,0.0019944678,0.0,0.0488795,0.046852637
7314,0.0027133687,0.0,0.03813161,0.006922055,0.002208403,0.0,0.04909884,0.046850104
7315,0.0026643847,0.0,0.037181586,0.006958708,0.001841324,0.0,0.04911879,0.046845872
7316,0.0028336872,0.0,0.037624262,0.0070204614,0.0020739743,0.0,0.048271466,0.04684327
7317,0.002759922,0.0,0.0361693,0.007098451,0.0019229961,0.0,0.051897705,0.04684179
7318,0.0027831132,0.0,0.037582576,0.007185686,0.0019632324,0.0,0.04766155,0.046842914
7319,0.002592316,0.0,0.037078466,0.00727676,0.0019732842,0.0,0.050442718,0.04684408
7320,0.0026247762,0.0,0.037168987,0.007367602,0.001866091,0.0,0.0483426,0.046844102
7321,0.002929522,0.0,0.037165932,0.0074552614,0.0019442218,0.0,0.05437103,0.04684473
7322,0.0026872933,0.0,0.03584964,0.007537642,0.0018870655,0.0,0.048236135,0.046843197
7323,0.0027999077,0.0,0.036604144,0.007613398,0.0021028905,0.0,0.04933995,0.04684064
7324,0.002761807,0.0,0.03716839,0.0076816916,0.0020097021,0.0,0.051737525,0.04683744
7325,0.0027573192,0.0,0.0361167,0.007742092,0.0018987728,0.0,0.049591344,0.046833742
7326,0.0027473897,0.0,0.03713041,0.007794542,0.002076081,0.0,0.050510857,0.046831913
7327,0.0025885247,0.0,0.03699876,0.007839472,0.0019480442,0.0,0.052093133,0.046833012
7328,0.00289203,0.0,0.036816757,0.007877837,0.0018951247,0.0,0.050528202,0.04683671
7329,0.0025527382,0.0,0.036412872,0.007909305,0.0020792182,0.0,0.0497339,0.046842422
7330,0.0027572145,0.0,0.037119273,0.007937873,0.0018573526,0.0,0.051152263,0.046848387
7331,0.0027775355,0.0,0.037699778,0.007962821,0.0019855942,0.0,0.052034665,0.04685435
7332,0.0026727952,0.0,0.037408452,0.007983697,0.0018636707,0.0,0.050617035,0.046859708
7333,0.0027635947,0.0,0.03681266,0.008002959,0.0019515516,0.0,0.050987158,0.046866633
7334,0.0028749437,0.0,0.03803082,0.008020857,0.0019705815,0.0,0.049526557,0.046872973
7335,0.0026295925,0.0,0.037135966,0.008036373,0.0018794438,0.0,0.05066382,0.046875987
7336,0.0029250332,0.0,0.036890317,0.008048829,0.0018530291,0.0,0.051177286,0.04687966
7337,0.0029040885,0.0,0.03748151,0.008057756,0.001842355,0.0,0.049645815,0.0468821
7338,0.00270085,0.0,0.03575101,0.008063134,0.0018533386,0.0,0.051873405,0.04688177
7339,0.0028038288,0.0,0.037633214,0.008065137,0.0018535042,0.0,0.05029998,0.04688105
7340,0.0027505308,0.0,0.037694823,0.008063537,0.0019088936,0.0,0.048160452,0.04688312
7341,0.0026736506,0.0,0.03775998,0.008058444,0.0018851674,0.0,0.050325945,0.046883926
7342,0.0026406902,0.0,0.03658702,0.008050323,0.0018371071,0.0,0.048438948,0.046884686
7343,0.002587561,0.0,0.036924664,0.008039303,0.0018903688,0.0,0.049576785,0.046883956
7344,0.0025917392,0.0,0.03747284,0.008025794,0.001955083,0.0,0.049892973,0.04688223
7345,0.0026002126,0.0,0.037586514,0.008009865,0.001930125,0.0,0.051058915,0.04688001
7346,0.0027235681,0.0,0.037983052,0.007991739,0.0018612695,0.0,0.051513795,0.046878573
7347,0.0026729037,0.0,0.036866125,0.007971688,0.001965726,0.0,0.048839547,0.046877485
7348,0.0025898365,0.0,0.036965307,0.007949932,0.0017562265,0.0,0.05077679,0.046876434
7349,0.0026904151,0.0,0.03718984,0.007927197,0.0019899546,0.0,0.047632374,0.046878953
7350,0.0027213325,0.0,0.037143435,0.00790323,0.0018165457,0.0,0.048474837,0.046880662
7351,0.0026231597,0.0,0.037961565,0.007879746,0.0019348233,0.0,0.049302783,0.046882283
7352,0.0025966337,0.0,0.03788482,0.007855938,0.0018241811,0.0,0.051464386,0.046882514
7353,0.0027850117,0.0,0.03659922,0.00783171,0.0018584738,0.0,0.05284399,0.04688447
7354,0.0026506037,0.0,0.03762008,0.0078073624,0.0017790836,0.0,0.050326683,0.04688636
7355,0.0027080523,0.0,0.03716002,0.007782624,0.0019613118,0.0,0.049671132,0.046888262
7356,0.0026189352,0.0,0.036840416,0.007757464,0.0018605448,0.0,0.05063179,0.04688716
7357,0.0026358524,0.0,0.03719387,0.007731914,0.0019756833,0.0,0.050147682,0.04688738
7358,0.0029086762,0.0,0.038020667,0.007706023,0.0019167666,0.0,0.048609152,0.04688642
7359,0.00257827,0.0,0.03738001,0.007679917,0.0019202001,0.0,0.04915229,0.04688325
7360,0.0027207483,0.0,0.036535118,0.007653634,0.0018693042,0.0,0.049558077,0.04687811
7361,0.0029152338,0.0,0.037833072,0.0076271924,0.00200724,0.0,0.048652608,0.046873275
7362,0.0027262135,0.0,0.036847267,0.0076018074,0.0019852838,0.0,0.050880354,0.046867784
7363,0.0027619659,0.0,0.036782004,0.007577054,0.001898921,0.0,0.05039874,0.046862215
7364,0.002583356,0.0,0.037287205,0.0075528673,0.0020271053,0.0,0.05118424,0.046856776
7365,0.0025732599,0.0,0.036954626,0.0075293835,0.0018527659,0.0,0.04914898,0.046852536
7366,0.0026851494,0.0,0.037764724,0.0075114965,0.0019291337,0.0,0.050733544,0.046849206
7367,0.0028253142,0.0,0.037083063,0.007496131,0.0018880694,0.0,0.050534293,0.046848804
7368,0.0026846672,0.0,0.037786134,0.0074820397,0.001941015,0.0,0.052054875,0.04684762
7369,0.0026895907,0.0,0.03758201,0.007468516,0.001850759,0.0,0.05063258,0.0468486
7370,0.0025400615,0.0,0.037121985,0.007455099,0.0019714742,0.0,0.049023822,0.046849236
7371,0.002679963,0.0,0.037036177,0.0074413526,0.0018912102,0.0,0.049363352,0.046849396
7372,0.0026458476,0.0,0.036949854,0.007427179,0.0019650443,0.0,0.05256588,0.046846896
7373,0.0027272552,0.0,0.037261732,0.007414391,0.0018989273,0.0,0.04985033,0.046845276
7374,0.0026230623,0.0,0.037044518,0.007402806,0.001969771,0.0,0.05003822,0.046843924
7375,0.0026217715,0.0,0.03685861,0.007395148,0.0017794676,0.0,0.052193116,0.046840742
7376,0.0028833563,0.0,0.03563736,0.007394235,0.0019289545,0.0,0.048420683,0.046838675
7377,0.0024638486,0.0,0.03733027,0.0073972517,0.0019194874,0.0,0.04984645,0.046838477
7378,0.002603853,0.0,0.038141746,0.0074027586,0.0020125022,0.0,0.049825747,0.046837837
7379,0.002534098,0.0,0.036758415,0.007409182,0.0018737527,0.0,0.047313333,0.046836838
7380,0.0025627078,0.0,0.037120987,0.007421123,0.0018515353,0.0,0.049674943,0.046834394
7381,0.0027686532,0.0,0.037261724,0.007434354,0.0018175716,0.0,0.049000047,0.04683514
7382,0.0026511878,0.0,0.03663005,0.0074473023,0.0019095957,0.0,0.05061922,0.046834625
7383,0.0027634304,0.0,0.036931984,0.007458932,0.001810856,0.0,0.049971055,0.046834745
7384,0.0025575666,0.0,0.036238495,0.007468885,0.0018644892,0.0,0.05191986,0.046837475
7385,0.0027121422,0.0,0.037689827,0.0074764453,0.0018053862,0.0,0.049621083,0.046845317
7386,0.0026879595,0.0,0.037154667,0.007488067,0.0017653276,0.0,0.0503274,0.04685127
7387,0.0026751515,0.0,0.037492592,0.007499932,0.0017941509,0.0,0.050084013,0.046859834
7388,0.002682219,0.0,0.037354004,0.007511025,0.0018397381,0.0,0.050592776,0.046865605
7389,0.0029726643,0.0,0.037013043,0.007521138,0.0018629367,0.0,0.04898108,0.046870247
7390,0.00271918,0.0,0.037593447,0.0075326017,0.00177265,0.0,0.05027922,0.046874724
7391,0.0028397683,0.0,0.03731682,0.0075433133,0.0018379114,0.0,0.048434775,0.046877116
7392,0.0027240633,0.0,0.037498783,0.0075526848,0.0018269427,0.0,0.04996283,0.046876427
7393,0.002822308,0.0,0.03665201,0.0075600534,0.0018216289,0.0,0.05080768,0.046873204
7394,0.0029228264,0.0,0.036378223,0.0075655463,0.0017975628,0.0,0.050490174,0.046871338
7395,0.0026775128,0.0,0.035996012,0.0075686458,0.0019414653,0.0,0.049248535,0.046870075
7396,0.0026975716,0.0,0.03721936,0.007569211,0.0019704353,0.0,0.049538374,0.046868965
7397,0.00294075,0.0,0.03779916,0.0075711585,0.0018226454,0.0,0.05257143,0.0468659
7398,0.0027963188,0.0,0.037599962,0.0075723287,0.0018688719,0.0,0.051218137,0.046863005
7399,0.0027265255,0.0,0.03823954,0.0075721173,0.0019346563,0.0,0.048698172,0.04685914
7400,0.0026716539,0.0,0.037410505,0.0075700628,0.0017877156,0.0,0.05121509,0.04685547
7401,0.0027586455,0.0,0.037260342,0.007565903,0.0018384551,0.0,0.050595388,0.046853207
7402,0.0028056628,0.0,0.036334503,0.0075594936,0.0018188354,0.0,0.051096417,0.046850014
7403,0.0027464817,0.0,0.038253583,0.007551778,0.0019697372,0.0,0.04863676,0.046847288
7404,0.002950689,0.0,0.03680435,0.0075422833,0.0018697868,0.0,0.04915048,0.046845548
7405,0.0026303604,0.0,0.037381027,0.007530952,0.0018945257,0.0,0.049519006,0.046841685
7406,0.0027599835,0.0,0.0375189,0.007517877,0.0020601237,0.0,0.049294792,0.046836045
7407,0.0028402542,0.0,0.038035337,0.0075032758,0.0019080854,0.0,0.050051372,0.046829317
7408,0.0026377349,0.0,0.037397206,0.0074875997,0.0019436645,0.0,0.04938181,0.046823997
7409,0.002697963,0.0,0.03704405,0.0074707223,0.0018689946,0.0,0.052495707,0.046817627
7410,0.002595883,0.0,0.03750543,0.0074529555,0.0019038868,0.0,0.049034458,0.046813436
7411,0.0028439132,0.0,0.03733487,0.007436664,0.0019382683,0.0,0.053011242,0.046808362
7412,0.0028702312,0.0,0.03666973,0.007420125,0.0018845906,0.0,0.04848885,0.04680668
7413,0.002725547,0.0,0.037433956,0.007403211,0.0019099643,0.0,0.049703315,0.046803422
7414,0.0028896104,0.0,0.03707132,0.0073861917,0.001995723,0.0,0.049134992,0.046801146
7415,0.0028298735,0.0,0.037600096,0.007369527,0.0019095234,0.0,0.05155532,0.046797838
7416,0.0027859602,0.0,0.03709557,0.0073525105,0.0019230102,0.0,0.04838209,0.04679624
7417,0.0027225201,0.0,0.036750782,0.007335045,0.0018618238,0.0,0.047322884,0.046796277
7418,0.0027361894,0.0,0.03663153,0.007317379,0.0019843113,0.0,0.051177725,0.04679546
7419,0.0027390653,0.0,0.03781024,0.007299333,0.0018592444,0.0,0.049153138,0.0467926
7420,0.0027617957,0.0,0.03751418,0.0072813868,0.0018357867,0.0,0.051309206,0.046790253
7421,0.0029018193,0.0,0.036839962,0.0072631896,0.001985404,0.0,0.047656655,0.046787284
7422,0.002883313,0.0,0.036335595,0.0072447313,0.0019273802,0.0,0.048340376,0.04678321
7423,0.0029354158,0.0,0.0371825,0.0072260303,0.0017621584,0.0,0.049637977,0.04678026
7424,0.0029930307,0.0,0.036903247,0.0072070835,0.0020057461,0.0,0.04832211,0.046779897
7425,0.0027867216,0.0,0.037525106,0.007187792,0.0018430339,0.0,0.051110134,0.046778057
7426,0.0029088159,0.0,0.037140775,0.0071683754,0.0019935847,0.0,0.048500706,0.046776026
7427,0.0029630864,0.0,0.036910776,0.007148845,0.0018840132,0.0,0.05097789,0.046773914
7428,0.0026287402,0.0,0.03777905,0.00713046,0.0018009588,0.0,0.04984489,0.046771396
7429,0.0027639135,0.0,0.036177274,0.007113057,0.0018661618,0.0,0.049571197,0.046769872
7430,0.0028068207,0.0,0.0371077,0.0070961784,0.0019536857,0.0,0.049370814,0.04676673
7431,0.0029494143,0.0,0.036722913,0.0070796227,0.0019757072,0.0,0.052135777,0.046763033
7432,0.0029883345,0.0,0.036690705,0.007064111,0.001980546,0.0,0.048922695,0.04675964
7433,0.002829511,0.0,0.03579132,0.0070492956,0.0019505742,0.0,0.049444046,0.04675539
7434,0.0029625422,0.0,0.037162293,0.0070351767,0.002066798,0.0,0.050094873,0.046749733
7435,0.0030917618,0.0,0.03658897,0.0070211226,0.0018611274,0.0,0.05163059,0.046746217
7436,0.002769614,0.0,0.036221273,0.007006979,0.0019498055,0.0,0.048406634,0.046743214
7437,0.0030455003,0.0,0.03672393,0.006992819,0.001994291,0.0,0.05198439,0.046742957
7438,0.002759974,0.0,0.037693486,0.006978421,0.0019070469,0.0,0.052003454,0.046741776
7439,0.0029478017,0.0,0.03714864,0.006963765,0.0020921347,0.0,0.05311219,0.046741337
7440,0.002948885,0.0,0.036684774,0.0069521233,0.0021410908,0.0,0.05206195,0.04674292
7441,0.002949537,0.0,0.037321024,0.00694125,0.001906609,0.0,0.048023753,0.04674471
7442,0.0027494903,0.0,0.03679378,0.0069305757,0.0019996052,0.0,0.04876812,0.046748914
7443,0.0027473054,0.0,0.03735794,0.0069261347,0.0020212498,0.0,0.048889365,0.04675355
7444,0.0026976548,0.0,0.03715935,0.0069228467,0.0020232568,0.0,0.04832227,0.04675695
7445,0.0028569736,0.0,0.038222555,0.0069199847,0.0019934825,0.0,0.049266584,0.04675907
7446,0.0027054225,0.0,0.037370585,0.0069170534,0.0019843406,0.0,0.049701754,0.046759143
7447,0.0028204,0.0,0.036550775,0.0069136,0.0020178442,0.0,0.045899753,0.04675719
7448,0.0026805862,0.0,0.03702573,0.006909342,0.0019098297,0.0,0.04847144,0.04675587
7449,0.0027887642,0.0,0.03640621,0.006905546,0.002061681,0.0,0.052648608,0.046752717
7450,0.0026514092,0.0,0.03597739,0.00690191,0.0018081577,0.0,0.049988255,0.046751592
7451,0.002700486,0.0,0.03679514,0.0068977545,0.0020023852,0.0,0.050163243,0.046750937
7452,0.0028022213,0.0,0.037498944,0.006892944,0.0021208692,0.0,0.048887942,0.04674983
7453,0.0028123364,0.0,0.0373792,0.006887399,0.0020307724,0.0,0.05118126,0.04674965
7454,0.0026612827,0.0,0.03708624,0.006881138,0.002105947,0.0,0.048326056,0.046750534
7455,0.002699017,0.0,0.036592785,0.006874118,0.002095592,0.0,0.049302444,0.046751354
7456,0.0027464076,0.0,0.037313003,0.0068666628,0.0018791604,0.0,0.05118556,0.046751834
7457,0.002812747,0.0,0.037309036,0.006858663,0.0020914662,0.0,0.05047568,0.04675156
7458,0.0027694353,0.0,0.037397195,0.0068526906,0.0020516138,0.0,0.049911894,0.04675496
7459,0.0026522344,0.0,0.038121063,0.006847066,0.0022652398,0.0,0.049305353,0.046760537
7460,0.002632487,0.0,0.037543595,0.0068414393,0.0018756278,0.0,0.048574958,0.046765972
7461,0.0027733,0.0,0.037096966,0.0068354225,0.0020921805,0.0,0.050442364,0.046772815
7462,0.0028515137,0.0,0.036718402,0.0068293675,0.0019269213,0.0,0.049453624,0.046780303
7463,0.0027270177,0.0,0.037373118,0.006822697,0.0021335427,0.0,0.05096822,0.04678819
7464,0.0026390508,0.0,0.036835887,0.0068152766,0.0019006083,0.0,0.050115068,0.046798505
7465,0.0026562756,0.0,0.03756666,0.006807296,0.0020556469,0.0,0.051334158,0.046805274
7466,0.0029113234,0.0,0.037197735,0.006801285,0.001963487,0.0,0.048432525,0.046809264
7467,0.0027490472,0.0,0.037845176,0.0067967,0.0018378103,0.0,0.049671054,0.04681224
7468,0.002723584,0.0,0.03642995,0.006792494,0.0021492627,0.0,0.05051568,0.04681334
7469,0.0028591263,0.0,0.037178505,0.006788421,0.0019457327,0.0,0.048522376,0.046814002
7470,0.0027531881,0.0,0.03700209,0.006784492,0.0020449935,0.0,0.049833916,0.046815865
7471,0.0030357805,0.0,0.037424468,0.006781793,0.0019816288,0.0,0.05027379,0.04681896
7472,0.0027548103,0.0,0.035763472,0.0067787366,0.0021435742,0.0,0.05156238,0.04682022
7473,0.00253786,0.0,0.037844274,0.0067752213,0.0019818526,0.0,0.050223645,0.046820465
7474,0.0028622046,0.0,0.037061665,0.0067708762,0.002202654,0.0,0.05272291,0.046823416
7475,0.0026275897,0.0,0.03640921,0.0067656636,0.0019272312,0.0,0.049944285,0.0468231
7476,0.0029752774,0.0,0.036651723,0.0067596016,0.0021094738,0.0,0.04930112,0.0468212
7477,0.002948329,0.0,0.03712348,0.0067525315,0.0019161355,0.0,0.049627345,0.04681929
7478,0.0029136671,0.0,0.036526073,0.0067445925,0.0020672444,0.0,0.04941772,0.046817023
7479,0.0026232828,0.0,0.036944263,0.00673583,0.0020402335,0.0,0.050001334,0.046816982
7480,0.0028161206,0.0,0.03720327,0.006726351,0.0020887787,0.0,0.048312973,0.04681808
7481,0.0028337575,0.0,0.037647303,0.006717168,0.0021754152,0.0,0.050265018,0.046816923
7482,0.002855342,0.0,0.03782712,0.0067097186,0.0019007454,0.0,0.0486354,0.046816684
7483,0.0027248801,0.0,0.036299597,0.006702983,0.0018891885,0.0,0.04967785,0.046817146
7484,0.0027990264,0.0,0.036626324,0.006696923,0.0020227584,0.0,0.050835863,0.046816483
7485,0.002689182,0.0,0.038189273,0.00669083,0.0019603986,0.0,0.04890097,0.04681644
7486,0.0028216762,0.0,0.037067905,0.0066844304,0.0019524405,0.0,0.049170464,0.046816386
7487,0.002741428,0.0,0.036459327,0.006677543,0.001983716,0.0,0.047879174,0.046814047
7488,0.0029038843,0.0,0.036204454,0.0066700503,0.0018939314,0.0,0.049105432,0.046810146
7489,0.002894494,0.0,0.037018586,0.006661917,0.0018942606,0.0,0.047035936,0.04680749
7490,0.002741747,0.0,0.03681774,0.006653271,0.001971205,0.0,0.047846965,0.046803117
7491,0.0028411364,0.0,0.037056535,0.0066441447,0.0019081235,0.0,0.050790824,0.046798598
7492,0.0026673318,0.0,0.037671737,0.0066372664,0.0019321508,0.0,0.049395043,0.04679506
7493,0.002640534,0.0,0.03710242,0.006631649,0.0019103083,0.0,0.05192273,0.046789274
7494,0.002786328,0.0,0.036705185,0.006627151,0.0020180494,0.0,0.051548243,0.04678441
7495,0.0027114123,0.0,0.036490053,0.006622732,0.0019051807,0.0,0.051545825,0.04678093
7496,0.0029426946,0.0,0.036515355,0.0066190413,0.0019404354,0.0,0.04763262,0.046780765
7497,0.002650232,0.0,0.036873553,0.0066151773,0.001914742,0.0,0.04926207,0.046782143
7498,0.0027580438,0.0,0.036465615,0.006610966,0.0018871536,0.0,0.0515662,0.046785638
7499,0.0027517953,0.0,0.037638832,0.0066062394,0.0018880762,0.0,0.050678,0.046789862
7500,0.0025869862,0.0,0.038126007,0.006601198,0.001918149,0.0,0.051266737,0.04679366
7501,0.0028424193,0.0,0.037130494,0.006622348,0.0020082463,0.0,0.052412923,0.04679903
7502,0.002758093,0.0,0.038053352,0.0066619515,0.001922243,0.0,0.053057574,0.04680516
7503,0.0028659995,0.0,0.03757344,0.0067137745,0.0018913271,0.0,0.051301338,0.04681249
7504,0.0027742505,0.0,0.036962327,0.006774156,0.001967151,0.0,0.05072419,0.046820372
7505,0.0026066476,0.0,0.037425056,0.006838351,0.0019110038,0.0,0.047260128,0.046826266
7506,0.0029104503,0.0,0.037284873,0.0069031212,0.001967186,0.0,0.051651157,0.04683101
7507,0.0028161067,0.0,0.036790166,0.006966087,0.0020005857,0.0,0.05079138,0.0468357
7508,0.0024821789,0.0,0.037284058,0.007027765,0.0019524463,0.0,0.051782403,0.04684064
7509,0.0026337479,0.0,0.036820713,0.007086307,0.0020985773,0.0,0.05069352,0.04684457
7510,0.0025881166,0.0,0.03779224,0.0071403477,0.0019373968,0.0,0.050554156,0.04684982
7511,0.0026860738,0.0,0.03769738,0.007193443,0.0019273043,0.0,0.05233858,0.04685767
7512,0.0026408213,0.0,0.03707726,0.007243657,0.0019497692,0.0,0.051470883,0.046866868
7513,0.0027470642,0.0,0.036613528,0.007290232,0.001899142,0.0,0.05114803,0.046875317
7514,0.0027756302,0.0,0.037165023,0.0073320954,0.0019037157,0.0,0.04840607,0.046882536
7515,0.0026734518,0.0,0.0373614,0.0073687634,0.0018829894,0.0,0.04930733,0.046890076
7516,0.0028340563,0.0,0.037022516,0.0074004736,0.0019430483,0.0,0.053072236,0.046896048
7517,0.0028938367,0.0,0.036903776,0.007426928,0.0018755198,0.0,0.04969776,0.046903465
7518,0.0026811427,0.0,0.037110154,0.007448169,0.002004807,0.0,0.048876327,0.04690876
7519,0.0029005155,0.0,0.036550432,0.0074644685,0.0018492058,0.0,0.05137605,0.04691498
7520,0.0026810607,0.0,0.036466587,0.007476368,0.0017795985,0.0,0.05053732,0.046920665
7521,0.0026867737,0.0,0.036716286,0.0074841077,0.0018975469,0.0,0.04963971,0.046925586
7522,0.0029080687,0.0,0.037661344,0.007487881,0.0019157375,0.0,0.05074995,0.04692965
7523,0.002795445,0.0,0.0378258,0.0074898764,0.0019424742,0.0,0.051899727,0.046934485
7524,0.0029341502,0.0,0.03631176,0.007523665,0.0018257397,0.0,0.05065481,0.046937536
7525,0.002596909,0.0,0.0376739,0.0075743548,0.0019775415,0.0,0.053362247,0.04693961
7526,0.0027875581,0.0,0.037159476,0.0076358207,0.0019373978,0.0,0.049678802,0.046942562
7527,0.0028276972,0.0,0.037359945,0.00770776,0.0019985284,0.0,0.048726205,0.046946846
7528,0.0027028585,0.0,0.037552238,0.0077867303,0.0021060053,0.0,0.050531246,0.046949532
7529,0.0028459784,0.0,0.037201345,0.007868349,0.0019757105,0.0,0.049643565,0.046952352
7530,0.0026635632,0.0,0.03715807,0.007948573,0.0019285617,0.0,0.050380107,0.046957143
7531,0.002738513,0.0,0.03641588,0.008025007,0.0019344589,0.0,0.049713936,0.046961345
7532,0.0028973995,0.0,0.036337454,0.008095784,0.0018384263,0.0,0.050507877,0.04696531
7533,0.0025753346,0.0,0.038050383,0.008159696,0.0018495257,0.0,0.050773717,0.046967857
7534,0.002586134,0.0,0.03693866,0.008216032,0.002099193,0.0,0.050825574,0.046967767
7535,0.0027591372,0.0,0.03708792,0.008264472,0.0019145729,0.0,0.05384283,0.04696944
7536,0.0028558972,0.0,0.037508722,0.0083050085,0.0019873893,0.0,0.0487021,0.046970695
7537,0.0028794964,0.0,0.036770828,0.008337796,0.001993137,0.0,0.049066804,0.046972092
7538,0.0027911586,0.0,0.036891103,0.008363235,0.0020897633,0.0,0.052617773,0.046974894
7539,0.0027932872,0.0,0.03712663,0.008382251,0.0019491459,0.0,0.049349014,0.046979565
7540,0.0027227914,0.0,0.03810412,0.008395406,0.00209,0.0,0.05067576,0.04698382
7541,0.0030835853,0.0,0.03750526,0.008403423,0.0019231369,0.0,0.05025208,0.046988994
7542,0.0026214488,0.0,0.037022244,0.008406797,0.0020467571,0.0,0.048817817,0.046994776
7543,0.0030140888,0.0,0.03698063,0.008405519,0.0019605032,0.0,0.050536525,0.04700193
7544,0.0027626683,0.0,0.036865003,0.008401663,0.0019917646,0.0,0.050315768,0.04700786
7545,0.002713089,0.0,0.0368843,0.008400758,0.0020212838,0.0,0.049124654,0.04701172
7546,0.002891017,0.0,0.037310205,0.00840111,0.0019726797,0.0,0.048962798,0.047014188
7547,0.0028441902,0.0,0.037327323,0.008402011,0.0019358622,0.0,0.051576354,0.047014482
7548,0.0028707066,0.0,0.036888488,0.008403409,0.0019634117,0.0,0.049279705,0.047011685
7549,0.0028539095,0.0,0.03623266,0.008404422,0.0019850384,0.0,0.049532413,0.047008988
7550,0.0027925402,0.0,0.037306625,0.008403928,0.0020037547,0.0,0.049932826,0.047007054
7551,0.002865384,0.0,0.037379947,0.008401308,0.0020095462,0.0,0.050458234,0.047005113
7552,0.0026447042,0.0,0.036829725,0.00839614,0.0018974999,0.0,0.04806204,0.047002714
7553,0.0030282885,0.0,0.036618423,0.0083881905,0.002041513,0.0,0.049677663,0.046998885
7554,0.0029491102,0.0,0.036240395,0.00837846,0.0019171004,0.0,0.05041275,0.04699483
7555,0.0028591168,0.0,0.03782811,0.008366686,0.0018701265,0.0,0.049435243,0.046989977
7556,0.0026898046,0.0,0.035708077,0.008352737,0.0018466823,0.0,0.049531307,0.046985578
7557,0.002909334,0.0,0.03693231,0.008336747,0.0019290763,0.0,0.051032513,0.04698137
7558,0.002756446,0.0,0.0369847,0.008319706,0.0019737307,0.0,0.048989113,0.046975937
7559,0.0026700844,0.0,0.036775142,0.008301834,0.0019681614,0.0,0.04938159,0.046970375
7560,0.0027841525,0.0,0.037422705,0.008284384,0.001907222,0.0,0.05173819,0.0469654
7561,0.0027102234,0.0,0.03635699,0.008267745,0.0018860952,0.0,0.050748635,0.046963315
7562,0.0027732763,0.0,0.03703498,0.0082506025,0.0020028276,0.0,0.050649766,0.04696464
7563,0.0027712276,0.0,0.037078086,0.008233097,0.0020423832,0.0,0.04878069,0.046966095
7564,0.002949025,0.0,0.03661584,0.00821468,0.0020424933,0.0,0.049870465,0.04696511
7565,0.0028178748,0.0,0.037611738,0.0081951525,0.0020141557,0.0,0.04664175,0.046962097
7566,0.002864154,0.0,0.03749074,0.00817516,0.001993038,0.0,0.048220705,0.046959627
7567,0.0027440444,0.0,0.036519036,0.008154132,0.0019000716,0.0,0.051867686,0.046956506
7568,0.0028137867,0.0,0.03643202,0.008132097,0.002016554,0.0,0.048922636,0.046953835
7569,0.0028612635,0.0,0.036868937,0.008109019,0.001959408,0.0,0.04838837,0.046950195
7570,0.0028496184,0.0,0.036830116,0.008084896,0.0021537556,0.0,0.0490929,0.046946235
7571,0.0028012882,0.0,0.03667721,0.008059788,0.0019666404,0.0,0.04931999,0.046940926
7572,0.0026980096,0.0,0.037332315,0.008034336,0.0020316944,0.0,0.04856642,0.046936158
7573,0.0025755912,0.0,0.03751363,0.0080082,0.0019759103,0.0,0.04893775,0.0469293
7574,0.0026706818,0.0,0.037030686,0.007981449,0.0019342909,0.0,0.0510729,0.04692171
7575,0.0028027499,0.0,0.03748876,0.0079541765,0.0021403916,0.0,0.047966354,0.046914347
7576,0.0027702297,0.0,0.037000686,0.007938783,0.0019623782,0.0,0.050151777,0.04690871
7577,0.002745538,0.0,0.03624705,0.007938205,0.0021239612,0.0,0.05030269,0.046906672
7578,0.00262464,0.0,0.03668367,0.0079475995,0.001894382,0.0,0.049830798,0.046907056
7579,0.0026716953,0.0,0.037139345,0.007963276,0.0019007782,0.0,0.050348837,0.04690977
7580,0.0029069837,0.0,0.0379015,0.007982365,0.0019915835,0.0,0.048983596,0.046911743
7581,0.002800994,0.0,0.037548248,0.00800267,0.002238925,0.0,0.050032828,0.04691435
7582,0.002825966,0.0,0.03683548,0.008022751,0.0018538489,0.0,0.04963618,0.04691643
7583,0.002816402,0.0,0.03650871,0.00804128,0.0021846462,0.0,0.050497215,0.04691742
7584,0.0027633759,0.0,0.03721267,0.008057432,0.0018630155,0.0,0.049443323,0.046918765
7585,0.002690866,0.0,0.03720459,0.00807067,0.0021394505,0.0,0.05082625,0.046920303
7586,0.0029019902,0.0,0.0387824,0.008080711,0.0019653693,0.0,0.049560774,0.04692017
7587,0.0026374832,0.0,0.037324686,0.008088706,0.0022333593,0.0,0.048854385,0.0469196
7588,0.0026244635,0.0,0.037244324,0.008093833,0.0020358397,0.0,0.049727403,0.046917662
7589,0.0025222823,0.0,0.037556134,0.008096015,0.002169241,0.0,0.049852286,0.046915535
7590,0.002645136,0.0,0.037647605,0.008095238,0.001971912,0.0,0.048571378,0.046909593
7591,0.002829147,0.0,0.03886421,0.0080915475,0.002198472,0.0,0.048144132,0.046903405
7592,0.0027378201,0.0,0.03679632,0.008085101,0.0020891128,0.0,0.05030454,0.046895564
7593,0.002726848,0.0,0.03648249,0.008088761,0.0020448253,0.0,0.051873047,0.046887796
7594,0.002678141,0.0,0.036926866,0.008099956,0.0021311436,0.0,0.051529374,0.046882905
7595,0.0027434083,0.0,0.03783205,0.008115809,0.0019934329,0.0,0.051190358,0.0468802
7596,0.0026359684,0.0,0.03691833,0.008133934,0.0020574064,0.0,0.048152156,0.046877507
7597,0.0025195326,0.0,0.037192136,0.008155315,0.0021166413,0.0,0.048632286,0.046874378
7598,0.0028263559,0.0,0.036630902,0.008177099,0.0021031187,0.0,0.051370714,0.046872176
7599,0.0027530408,0.0,0.036310095,0.008197781,0.0021760666,0.0,0.0519083,0.046872124
7600,0.0024548527,0.0,0.037828587,0.008217549,0.0021391758,0.0,0.049215943,0.046874918
7601,0.002648105,0.0,0.036106963,0.008234934,0.002387816,0.0,0.048123576,0.04687761
7602,0.0026037488,0.0,0.037617415,0.008249234,0.0020520433,0.0,0.051163744,0.046878982
7603,0.0027900895,0.0,0.035308626,0.008259987,0.0022485591,0.0,0.049544964,0.04687961
7604,0.0024901668,0.0,0.037354577,0.008266957,0.0021291133,0.0,0.048775896,0.04687968
7605,0.0027319356,0.0,0.037064154,0.008270088,0.002316907,0.0,0.05028533,0.046879828
7606,0.0027394637,0.0,0.037307866,0.008269799,0.0020258715,0.0,0.048322532,0.0468761
7607,0.0028477674,0.0,0.036755055,0.008266347,0.0021837712,0.0,0.0509461,0.046871614
7608,0.0029018244,0.0,0.037235912,0.008259692,0.0022230241,0.0,0.05040147,0.046867613
7609,0.0026793529,0.0,0.037573002,0.008250045,0.0020794417,0.0,0.04718438,0.046862334
7610,0.0027624564,0.0,0.037264746,0.008237633,0.002213633,0.0,0.048042532,0.046857767
7611,0.002555365,0.0,0.037758112,0.00822293,0.0022636007,0.0,0.050217077,0.046852402
7612,0.002619405,0.0,0.036832362,0.008206227,0.00230838,0.0,0.050078854,0.046852227
7613,0.0026710704,0.0,0.036883667,0.00818764,0.0021816716,0.0,0.049669456,0.046854354
7614,0.002737717,0.0,0.03732094,0.0081700245,0.0023732742,0.0,0.050235488,0.046855833
7615,0.0025072764,0.0,0.03723473,0.008152757,0.0021672484,0.0,0.049423464,0.04685624
7616,0.002636915,0.0,0.037273217,0.008135321,0.0022200483,0.0,0.047663793,0.046854764
7617,0.002782627,0.0,0.036233563,0.00811787,0.0022007858,0.0,0.051353708,0.046853006
7618,0.0026437973,0.0,0.037150953,0.008104252,0.0022581725,0.0,0.05052469,0.046853106
7619,0.002556283,0.0,0.03731208,0.008091787,0.002046112,0.0,0.048535798,0.046853196
7620,0.0027416465,0.0,0.03745952,0.008079554,0.0023135543,0.0,0.04710806,0.04685197
7621,0.0026972946,0.0,0.0367196,0.008066861,0.0021472857,0.0,0.04986653,0.046850525
7622,0.0027780754,0.0,0.035741605,0.008053291,0.0023300005,0.0,0.048093017,0.046850454
7623,0.0027571088,0.0,0.037154183,0.008038884,0.0021227472,0.0,0.04977784,0.046850313
7624,0.0027651088,0.0,0.03741635,0.008023415,0.0021423632,0.0,0.050183192,0.046851326
7625,0.0027503497,0.0,0.037296437,0.008006728,0.002112397,0.0,0.05009767,0.046851818
7626,0.002672507,0.0,0.037379082,0.007989878,0.0023128528,0.0,0.051733226,0.046852343
7627,0.0026526859,0.0,0.037268985,0.00797199,0.0020015016,0.0,0.049175058,0.04685389
7628,0.002856696,0.0,0.036423445,0.007953012,0.0021074463,0.0,0.05018692,0.046853315
7629,0.0027529453,0.0,0.036952946,0.00793297,0.0021277189,0.0,0.049976237,0.04685182
7630,0.00264189,0.0,0.03776001,0.007912079,0.001937639,0.0,0.049560435,0.046850704
7631,0.002640904,0.0,0.037226245,0.007890385,0.0022289723,0.0,0.049258687,0.04684978
7632,0.0025616237,0.0,0.038429882,0.007868372,0.0020703226,0.0,0.048436537,0.046848647
7633,0.002630653,0.0,0.0372886,0.007845937,0.0020928734,0.0,0.050768968,0.046847474
7634,0.0028477032,0.0,0.037080456,0.007823109,0.002043809,0.0,0.04893958,0.046847355
7635,0.002595906,0.0,0.037972767,0.0077998494,0.0019142564,0.0,0.049870268,0.046847276
7636,0.0026177217,0.0,0.037372652,0.0077763684,0.0021469614,0.0,0.04968036,0.04684852
7637,0.0026738208,0.0,0.037325058,0.007752669,0.0021324905,0.0,0.049082097,0.046847753
7638,0.0027967922,0.0,0.037080307,0.0077289925,0.0020898806,0.0,0.052443393,0.046847485
7639,0.002625299,0.0,0.036784817,0.0077051637,0.0020655154,0.0,0.05046699,0.046845898
7640,0.0026182036,0.0,0.03690756,0.0076812184,0.002107502,0.0,0.051887378,0.046844248
7641,0.0027009915,0.0,0.037320606,0.007657174,0.0020064365,0.0,0.050111342,0.04684514
7642,0.002825789,0.0,0.037331615,0.007634312,0.0020410449,0.0,0.05314459,0.046847474
7643,0.0027003335,0.0,0.03677395,0.007611775,0.001960086,0.0,0.04956101,0.046851415
7644,0.0025270048,0.0,0.036262296,0.0075894482,0.0019263715,0.0,0.056292534,0.046854448
7645,0.0026010969,0.0,0.037258126,0.007567257,0.002073241,0.0,0.050001252,0.04686078
7646,0.0027740274,0.0,0.035998765,0.0075452686,0.0018899803,0.0,0.051482644,0.046865206
7647,0.0027506133,0.0,0.037883416,0.0075233555,0.0020098684,0.0,0.049812365,0.0468688
7648,0.0026101063,0.0,0.036864392,0.0075014834,0.001955411,0.0,0.049005065,0.04687318
7649,0.0028052519,0.0,0.037739746,0.0074796295,0.0019324385,0.0,0.05009394,0.046876974
7650,0.0026405954,0.0,0.036946442,0.007457801,0.0019538775,0.0,0.052359167,0.04688139
7651,0.002600403,0.0,0.037195064,0.007436014,0.0018394351,0.0,0.05038866,0.046882797
7652,0.0027337442,0.0,0.037146162,0.0074150977,0.0019564375,0.0,0.051237263,0.046885747
7653,0.0029037518,0.0,0.036694054,0.0073946128,0.0019081183,0.0,0.049034216,0.04688683
7654,0.0025224206,0.0,0.037581395,0.0073744385,0.0019389781,0.0,0.048899435,0.04688952
7655,0.0026147861,0.0,0.03769196,0.0073551815,0.0019694045,0.0,0.050031196,0.046891972
7656,0.0024835677,0.0,0.03660166,0.0073363427,0.00201942,0.0,0.04848728,0.046894167
7657,0.0026991554,0.0,0.038087815,0.007317904,0.0018977321,0.0,0.050263356,0.04689806
7658,0.0028720624,0.0,0.037397463,0.0072996654,0.0021050815,0.0,0.050144367,0.046901923
7659,0.0026908263,0.0,0.036888395,0.0072820387,0.0018223708,0.0,0.051994808,0.04690595
7660,0.0026881353,0.0,0.036834985,0.00726571,0.0020710682,0.0,0.04880299,0.046909884
7661,0.0027461844,0.0,0.037269894,0.00724999,0.0018513207,0.0,0.050322782,0.046911813
7662,0.00265316,0.0,0.037395872,0.007234621,0.0020051608,0.0,0.052240025,0.04691472
7663,0.0026787291,0.0,0.036151655,0.00721938,0.0018883015,0.0,0.049741518,0.046919007
7664,0.0027010855,0.0,0.037829023,0.007204223,0.0020035948,0.0,0.047103267,0.046921387
7665,0.0026796102,0.0,0.037237097,0.0071889805,0.0019219461,0.0,0.048369385,0.04692132
7666,0.0027040585,0.0,0.03793746,0.0071756053,0.002028592,0.0,0.04911969,0.046920493
7667,0.0026943549,0.0,0.037040066,0.007162588,0.0018293719,0.0,0.04932603,0.046918318
7668,0.002705527,0.0,0.037222832,0.0071497,0.0021198315,0.0,0.05191327,0.046914335
7669,0.0026741344,0.0,0.03665373,0.007138324,0.0019240642,0.0,0.04885328,0.046911683
7670,0.0028639098,0.0,0.03697122,0.0071274773,0.0019554286,0.0,0.049037598,0.046906717
7671,0.0027217593,0.0,0.037075747,0.007116803,0.0019974862,0.0,0.049152777,0.046900503
7672,0.0026719943,0.0,0.036804035,0.0071060457,0.0020605656,0.0,0.05003639,0.046892256
7673,0.002787736,0.0,0.03706412,0.007095004,0.0020734437,0.0,0.04875095,0.046883743
7674,0.002640079,0.0,0.03798247,0.0070835147,0.002120475,0.0,0.049082093,0.046875857
7675,0.0027968928,0.0,0.037720222,0.007071595,0.002029507,0.0,0.0485132,0.04686858
7676,0.0025687034,0.0,0.03736028,0.007062286,0.0021980866,0.0,0.04993462,0.046861112
7677,0.0027929018,0.0,0.03743917,0.007053348,0.0019367732,0.0,0.04846167,0.046855852
7678,0.0026157221,0.0,0.0372554,0.0070443903,0.0021286416,0.0,0.048153415,0.04685236
7679,0.0028612432,0.0,0.036290772,0.007035228,0.0020659785,0.0,0.050282236,0.046849474
7680,0.0027994905,0.0,0.037630647,0.007025723,0.0020936986,0.0,0.049781073,0.04684431
7681,0.0025599399,0.0,0.03769415,0.0070162704,0.0019427021,0.0,0.05082416,0.046839125
7682,0.0026851709,0.0,0.037212834,0.0070066284,0.0020590886,0.0,0.04889948,0.04683442
7683,0.00280415,0.0,0.037703246,0.0069967825,0.0018038402,0.0,0.051326245,0.046828218
7684,0.0027405208,0.0,0.037900742,0.006986598,0.0021203945,0.0,0.049662907,0.046823617
7685,0.0027116814,0.0,0.037860245,0.006976015,0.0019278965,0.0,0.051532313,0.046819683
7686,0.0026924033,0.0,0.036934096,0.006964835,0.0020184994,0.0,0.050291706,0.046818405
7687,0.0027984355,0.0,0.036802676,0.006953331,0.0018878728,0.0,0.048859626,0.046818037
7688,0.0028266027,0.0,0.037066687,0.0069428245,0.002036936,0.0,0.049055535,0.046819367
7689,0.002796076,0.0,0.03645583,0.006933941,0.001961414,0.0,0.049655907,0.04681962
7690,0.0028853945,0.0,0.03713523,0.0069253114,0.0020050344,0.0,0.049708057,0.046820946
7691,0.0026892931,0.0,0.036644015,0.006916941,0.0020569689,0.0,0.05050919,0.04682291
7692,0.0026791657,0.0,0.037460636,0.0069083977,0.0019576426,0.0,0.050013248,0.04683011
7693,0.00271584,0.0,0.03714852,0.0069001303,0.0019224532,0.0,0.050242998,0.04684031
7694,0.002972519,0.0,0.037394132,0.0068917777,0.002076639,0.0,0.049419187,0.046850674
7695,0.0026943118,0.0,0.037479274,0.0068831868,0.0020909081,0.0,0.049695056,0.04686019
7696,0.002595098,0.0,0.037356492,0.006875073,0.002289029,0.0,0.05171571,0.046868682
7697,0.0026238363,0.0,0.036592707,0.006866745,0.002027168,0.0,0.047302093,0.046876576
7698,0.0027805262,0.0,0.03700772,0.006858089,0.0022192115,0.0,0.04952329,0.046883
7699,0.002609221,0.0,0.037041474,0.006849202,0.0020681932,0.0,0.051719703,0.04688884
7700,0.0026513336,0.0,0.037734147,0.006839902,0.002151281,0.0,0.048289962,0.046891216
7701,0.0027407338,0.0,0.03740723,0.0068334597,0.0020463003,0.0,0.050745178,0.046891976
7702,0.002714477,0.0,0.03663671,0.0068278154,0.0021851878,0.0,0.050287414,0.04689059
7703,0.0025787686,0.0,0.037465993,0.0068244976,0.002117837,0.0,0.053675618,0.046887573
7704,0.0027205164,0.0,0.036698833,0.0068218852,0.001993278,0.0,0.0513515,0.046888143
7705,0.0026361356,0.0,0.037948728,0.006820543,0.0021164368,0.0,0.05063664,0.046889395
7706,0.0026153773,0.0,0.037649296,0.0068197614,0.002053554,0.0,0.048507795,0.046889216
7707,0.0027728125,0.0,0.037221614,0.0068208748,0.0021677443,0.0,0.05044055,0.046889037
7708,0.0027682793,0.0,0.037423175,0.0068219616,0.002149132,0.0,0.050213434,0.046888933
7709,0.0029821387,0.0,0.036575835,0.0068235286,0.0021137944,0.0,0.050748963,0.046886772
7710,0.0025983765,0.0,0.037371248,0.006825044,0.0021060745,0.0,0.051982798,0.04688409
7711,0.0027273416,0.0,0.037523754,0.0068266084,0.0021362104,0.0,0.05009029,0.046883557
7712,0.0026861967,0.0,0.036291957,0.006828287,0.002085743,0.0,0.049863134,0.04688409
7713,0.0026951332,0.0,0.03677338,0.0068292175,0.0021183542,0.0,0.051011994,0.046884205
7714,0.002861139,0.0,0.037642233,0.0068290476,0.0019912524,0.0,0.04959302,0.046885557
7715,0.0027245511,0.0,0.035881918,0.006827753,0.0020838152,0.0,0.05311316,0.046888113
7716,0.0028008926,0.0,0.037334427,0.0068252115,0.0018604341,0.0,0.0507889,0.046891503
7717,0.0027604238,0.0,0.038824774,0.0068233283,0.0019317261,0.0,0.050947744,0.046893682
7718,0.0028932577,0.0,0.037354205,0.0068209083,0.0020735543,0.0,0.051129714,0.046895705
7719,0.00285188,0.0,0.037440017,0.0068184803,0.0020533467,0.0,0.0507478,0.04689607
7720,0.002916355,0.0,0.03800912,0.006815563,0.0021259864,0.0,0.04909202,0.046896763
7721,0.0027084607,0.0,0.03736059,0.0068119434,0.002101867,0.0,0.04876146,0.046897274
7722,0.0027161867,0.0,0.037085142,0.0068076197,0.001950182,0.0,0.049677987,0.04689921
7723,0.0026384082,0.0,0.036424965,0.0068024592,0.001954871,0.0,0.049037967,0.04690095
7724,0.0027757506,0.0,0.03722796,0.006796429,0.0019149736,0.0,0.047852095,0.04690254
7725,0.0027413552,0.0,0.038159244,0.0067895604,0.0020541616,0.0,0.04937271,0.046902757
7726,0.0026359921,0.0,0.036875933,0.0067818863,0.0020857672,0.0,0.050025247,0.04690164
7727,0.002556783,0.0,0.03767067,0.0067739342,0.001868493,0.0,0.05030085,0.046899945
7728,0.0028944756,0.0,0.036961585,0.006765391,0.0020525884,0.0,0.04903914,0.046899106
7729,0.0026885632,0.0,0.037166078,0.006756281,0.002023253,0.0,0.052382316,0.046897154
7730,0.002704766,0.0,0.037447914,0.0067466474,0.0018915015,0.0,0.051614292,0.046897065
7731,0.0025972663,0.0,0.03612984,0.006736529,0.0020264138,0.0,0.050459996,0.04689468
7732,0.0027022064,0.0,0.037294634,0.006726219,0.0018735769,0.0,0.04951536,0.046892308
7733,0.0025775074,0.0,0.037700087,0.0067155594,0.0019489207,0.0,0.051116943,0.046891466
7734,0.0025589531,0.0,0.037396856,0.0067045786,0.0019907786,0.0,0.0496755,0.046893053
7735,0.0026201396,0.0,0.038109507,0.0066933297,0.0019518549,0.0,0.048496388,0.04689368
7736,0.0026243147,0.0,0.037494455,0.0066822763,0.0020440638,0.0,0.048176575,0.04689063
7737,0.0026668918,0.0,0.037153736,0.0066745174,0.0019116029,0.0,0.048962556,0.04688813
7738,0.0027075473,0.0,0.038070064,0.0066705253,0.0019838586,0.0,0.048646044,0.046888415
7739,0.0026598086,0.0,0.03701044,0.0066865575,0.0018152067,0.0,0.049358748,0.046886638
7740,0.0027934255,0.0,0.03892963,0.0067187734,0.0019580296,0.0,0.050681178,0.046886273
7741,0.0028535256,0.0,0.037980314,0.006762017,0.0018831969,0.0,0.05059682,0.046886962
7742,0.0026371751,0.0,0.037347507,0.006812117,0.001985919,0.0,0.049712095,0.046885338
7743,0.002702205,0.0,0.03629796,0.0068651666,0.0019070714,0.0,0.05056451,0.046885826
7744,0.0028346733,0.0,0.03661317,0.006918872,0.0018591061,0.0,0.05102398,0.046887286
7745,0.0026386066,0.0,0.037260532,0.006970813,0.001973685,0.0,0.051854707,0.046890646
7746,0.0028223642,0.0,0.038588017,0.0070196507,0.0019435773,0.0,0.050705794,0.046893794
7747,0.00280839,0.0,0.03650227,0.0070825317,0.0019992497,0.0,0.048546854,0.04689374
7748,0.0027849127,0.0,0.036859408,0.007156722,0.0019437971,0.0,0.0478985,0.046893302
7749,0.0028770128,0.0,0.0373005,0.0072369087,0.0020687182,0.0,0.04908285,0.046894383
7750,0.0027011663,0.0,0.036240418,0.007319814,0.0018492028,0.0,0.048732907,0.046895847
7751,0.0026663984,0.0,0.03640482,0.007401868,0.001969686,0.0,0.048589665,0.046897087
7752,0.0028812522,0.0,0.036604945,0.007480517,0.0019169077,0.0,0.05404908,0.046896
7753,0.0030213299,0.0,0.036707222,0.007558642,0.0018905228,0.0,0.051316414,0.046894003
7754,0.002687082,0.0,0.037292577,0.007632047,0.002066706,0.0,0.047985345,0.046892475
7755,0.0028312618,0.0,0.038999178,0.007699611,0.001929783,0.0,0.048529368,0.046888977
7756,0.0026547774,0.0,0.03707019,0.0077866134,0.0020103934,0.0,0.049053732,0.04688711
7757,0.002670773,0.0,0.037369072,0.007914949,0.0020026579,0.0,0.05024309,0.046885315
7758,0.002807158,0.0,0.03638759,0.008069937,0.002030548,0.0,0.04994787,0.04688435
7759,0.0027195045,0.0,0.036810167,0.008241085,0.0018627822,0.0,0.05221133,0.04688376
7760,0.0028994507,0.0,0.037648026,0.008419057,0.0019112946,0.0,0.04775203,0.04688507
7761,0.0027784612,0.0,0.037496854,0.008596666,0.001918715,0.0,0.05009802,0.046889998
7762,0.002824122,0.0,0.03685689,0.008768578,0.002019008,0.0,0.051020175,0.046895087
7763,0.0029297927,0.0,0.0361497,0.008931952,0.0021055157,0.0,0.04867448,0.046903126
7764,0.0026540004,0.0,0.0380144,0.009084249,0.0019971535,0.0,0.05024949,0.046909217
7765,0.0027692032,0.0,0.03806944,0.009223726,0.0019622564,0.0,0.048852034,0.046916913
7766,0.002709196,0.0,0.03765895,0.009349505,0.0021198958,0.0,0.047427878,0.046922628
7767,0.0027883123,0.0,0.03677772,0.009460961,0.001940203,0.0,0.050304618,0.04692718
7768,0.0026923313,0.0,0.036492568,0.009560804,0.002012288,0.0,0.049289133,0.046931215
7769,0.002850139,0.0,0.03733665,0.009649588,0.001967982,0.0,0.05107517,0.046936966
7770,0.0027859006,0.0,0.03755004,0.0097324755,0.001968078,0.0,0.048301615,0.046940103
7771,0.0027731732,0.0,0.03679973,0.0098086875,0.002038825,0.0,0.049421772,0.04694216
7772,0.0028127192,0.0,0.037917137,0.009876724,0.0019444372,0.0,0.048852466,0.046945497
7773,0.0027407338,0.0,0.037360877,0.00993554,0.0020005007,0.0,0.050517067,0.046948254
7774,0.0026548896,0.0,0.036434624,0.009984619,0.001955997,0.0,0.050330225,0.04695069
7775,0.0029398818,0.0,0.036292627,0.010023795,0.001929705,0.0,0.05254115,0.046952616
7776,0.0027374881,0.0,0.03731871,0.010053473,0.0019688567,0.0,0.051227957,0.046956692
7777,0.0028489758,0.0,0.03771345,0.010076693,0.0019421284,0.0,0.05014139,0.046961624
7778,0.002620436,0.0,0.03724005,0.010095021,0.0019414112,0.0,0.0501688,0.046962958
7779,0.0027781432,0.0,0.037442226,0.010107919,0.0018736591,0.0,0.04964386,0.046963107
7780,0.0029244774,0.0,0.036829505,0.010115065,0.0018542185,0.0,0.049537655,0.04696253
7781,0.0026598473,0.0,0.037067417,0.010116502,0.0020071538,0.0,0.049995985,0.046962388
7782,0.002851959,0.0,0.037414286,0.010118539,0.0018467692,0.0,0.05213407,0.046963546
7783,0.00280759,0.0,0.03725221,0.010118666,0.0020062083,0.0,0.049779523,0.046962254
7784,0.002812453,0.0,0.037386075,0.010116338,0.0020108784,0.0,0.051184192,0.046959236
7785,0.0027593165,0.0,0.03817895,0.01011085,0.0019411949,0.0,0.049810562,0.046957783
7786,0.0027473413,0.0,0.03772948,0.010101687,0.0019202441,0.0,0.05130356,0.0469571
7787,0.0029986969,0.0,0.037357226,0.010089905,0.0018758404,0.0,0.04848976,0.04695444
7788,0.002744069,0.0,0.03655946,0.010075016,0.002007927,0.0,0.050098572,0.04695011
7789,0.002823628,0.0,0.037277754,0.010056699,0.0018596071,0.0,0.051467527,0.046944942
7790,0.0028324672,0.0,0.036674865,0.010034852,0.0017970122,0.0,0.05267049,0.0469394
7791,0.0028153379,0.0,0.037208114,0.010009611,0.0020675173,0.0,0.05049494,0.046932507
7792,0.0027828962,0.0,0.037026946,0.009981131,0.001909968,0.0,0.05167724,0.046926066
7793,0.002622516,0.0,0.036526557,0.009949582,0.0018673986,0.0,0.05010636,0.046921417
7794,0.0027240876,0.0,0.03719779,0.009915306,0.0018979552,0.0,0.049829815,0.046917118
7795,0.0027426134,0.0,0.036437552,0.0098786,0.0019726153,0.0,0.05018127,0.04691452
7796,0.0028439441,0.0,0.036904085,0.009839793,0.0017594831,0.0,0.04995713,0.046910726
7797,0.002790423,0.0,0.03714217,0.009799202,0.0019466393,0.0,0.047836766,0.046907034
7798,0.0026441356,0.0,0.036932617,0.009757104,0.0019824903,0.0,0.04962314,0.046902537
7799,0.0026132923,0.0,0.037340168,0.009713782,0.0019070436,0.0,0.05009756,0.04689966
7800,0.0027689333,0.0,0.036926314,0.009669428,0.0019799846,0.0,0.050531242,0.046899207
7801,0.002939791,0.0,0.036157385,0.009624714,0.0018791552,0.0,0.05122133,0.046900284
7802,0.002495045,0.0,0.037678786,0.009581094,0.0021239324,0.0,0.050437637,0.046898514
7803,0.002956503,0.0,0.03640643,0.009538195,0.0020074763,0.0,0.051928494,0.04689731
7804,0.0027960339,0.0,0.03758825,0.009498699,0.0019590727,0.0,0.05011471,0.04689525
7805,0.0028690891,0.0,0.03727222,0.009460887,0.0019144379,0.0,0.05281159,0.046890628
7806,0.002832598,0.0,0.03677091,0.009424058,0.0020969526,0.0,0.050480507,0.04688519
7807,0.0026197229,0.0,0.036922876,0.009388527,0.0018009986,0.0,0.05202525,0.046878368
7808,0.003085765,0.0,0.03655389,0.009354244,0.0019441036,0.0,0.052034054,0.046872895
7809,0.0025102005,0.0,0.03734328,0.009321628,0.0019092604,0.0,0.048397217,0.046867453
7810,0.0025533447,0.0,0.03750542,0.009290035,0.0019759873,0.0,0.052399356,0.046862207
7811,0.0028592183,0.0,0.03761093,0.009258869,0.0020151092,0.0,0.049845785,0.046860483
7812,0.002576648,0.0,0.036835615,0.009227669,0.0019800141,0.0,0.0529023,0.046857584
7813,0.0025954882,0.0,0.03668997,0.009196252,0.0019926592,0.0,0.051005088,0.046855625
7814,0.0027915493,0.0,0.03731232,0.0091644,0.002093842,0.0,0.04965543,0.04685473
7815,0.0028673827,0.0,0.036894742,0.0091320155,0.0018793785,0.0,0.05261525,0.046855703
7816,0.0026986531,0.0,0.037402663,0.009099053,0.0019656867,0.0,0.048813343,0.046857115
7817,0.0028005932,0.0,0.03710293,0.009065478,0.0019085576,0.0,0.05094591,0.046858326
7818,0.0028086843,0.0,0.03691566,0.009031432,0.0020156428,0.0,0.048701752,0.046860483
7819,0.0027318057,0.0,0.037023716,0.008997379,0.001934531,0.0,0.051266048,0.046864413
7820,0.0026879795,0.0,0.03650321,0.008963019,0.0018929414,0.0,0.051795147,0.046868436
7821,0.0027188906,0.0,0.036873396,0.008928404,0.0018702447,0.0,0.051029947,0.04687245
7822,0.0026879322,0.0,0.037361983,0.008893626,0.0018382119,0.0,0.047403082,0.04687749
7823,0.002810064,0.0,0.037195805,0.0088587515,0.0020260594,0.0,0.048112232,0.046881743
7824,0.0028272201,0.0,0.03679049,0.008823825,0.001902628,0.0,0.05006185,0.04688671
7825,0.0028470503,0.0,0.036547437,0.0087889,0.002000814,0.0,0.048263226,0.046891138
7826,0.0028964232,0.0,0.037113447,0.008754013,0.0018493156,0.0,0.04955755,0.046893045
7827,0.0028506003,0.0,0.03732142,0.008719862,0.0018120162,0.0,0.04984149,0.04689584
7828,0.0026481852,0.0,0.036846265,0.008685894,0.0018889534,0.0,0.048180558,0.04689738
7829,0.0027754605,0.0,0.036583,0.008652114,0.0018588844,0.0,0.051717732,0.046899933
7830,0.0027240552,0.0,0.03733921,0.00862119,0.0019390195,0.0,0.0493234,0.046904407
7831,0.0028974444,0.0,0.037496287,0.008591475,0.0018971891,0.0,0.050747998,0.046910167
7832,0.002773174,0.0,0.03846898,0.008562591,0.0018559094,0.0,0.0508258,0.046918288
7833,0.0027092972,0.0,0.037092004,0.008534103,0.0018325122,0.0,0.050410368,0.046925616
7834,0.0029567238,0.0,0.03785049,0.008505846,0.001970282,0.0,0.048955496,0.046933383
7835,0.0027699987,0.0,0.036982093,0.008477692,0.0020012858,0.0,0.048311025,0.046939205
7836,0.002749202,0.0,0.03700435,0.008449572,0.0019408236,0.0,0.049040016,0.04694429
7837,0.0025734615,0.0,0.036102604,0.008421434,0.0019489444,0.0,0.04946311,0.046947498
7838,0.0028517295,0.0,0.037358116,0.008393275,0.002045298,0.0,0.05088989,0.046949804
7839,0.002591153,0.0,0.037653346,0.008365111,0.001819274,0.0,0.051394533,0.04695095
7840,0.002465036,0.0,0.03762662,0.008337116,0.0020305265,0.0,0.05047702,0.046953112
7841,0.0027521302,0.0,0.036729865,0.008309206,0.00194416,0.0,0.051584218,0.046955742
7842,0.0025639185,0.0,0.03715493,0.008281433,0.0019621754,0.0,0.049938057,0.04695807
7843,0.0026679223,0.0,0.0373875,0.008254027,0.001989674,0.0,0.047332916,0.046960875
7844,0.002877532,0.0,0.037015438,0.008226861,0.0019339862,0.0,0.04846329,0.046963807
7845,0.0026949574,0.0,0.036674347,0.0081998985,0.002158908,0.0,0.048142742,0.04696727
7846,0.0024690402,0.0,0.03681631,0.008174212,0.002124204,0.0,0.05107114,0.04696829
7847,0.0027875367,0.0,0.03732356,0.00814931,0.00195041,0.0,0.050641064,0.046966914
7848,0.0029008884,0.0,0.037503332,0.008124983,0.0020494706,0.0,0.050031018,0.046967886
7849,0.002582525,0.0,0.037007723,0.008101271,0.0019431136,0.0,0.05076291,0.046969816
7850,0.0025788506,0.0,0.03671676,0.00807779,0.0020004287,0.0,0.049866818,0.046971396
7851,0.003042833,0.0,0.03666724,0.008054412,0.0019621328,0.0,0.048883326,0.046973057
7852,0.002801243,0.0,0.036529165,0.008031048,0.0018770633,0.0,0.049376637,0.04697399
7853,0.0025736282,0.0,0.037043322,0.008007784,0.0019425255,0.0,0.051404044,0.046974383
7854,0.0028085867,0.0,0.03768263,0.007985008,0.0018807101,0.0,0.04960462,0.046976898
7855,0.003014799,0.0,0.03691043,0.007962332,0.0020197195,0.0,0.05057408,0.046978813
7856,0.0027304436,0.0,0.03728762,0.007942251,0.0019324529,0.0,0.048775043,0.04698004
7857,0.0028186932,0.0,0.037328765,0.007922999,0.0019157687,0.0,0.051686298,0.046980165
7858,0.0025802793,0.0,0.037253182,0.007904284,0.0018377247,0.0,0.04983113,0.046986025
7859,0.0028679515,0.0,0.03767959,0.0078858435,0.0018947172,0.0,0.049717784,0.04699212
7860,0.00284111,0.0,0.036925294,0.007874501,0.0020878485,0.0,0.052484896,0.04699431
7861,0.0026729878,0.0,0.037840053,0.007865568,0.0019915076,0.0,0.052157473,0.04699923
7862,0.0026812877,0.0,0.03619982,0.00785886,0.0019122596,0.0,0.049897928,0.047007184
7863,0.0025374296,0.0,0.03679859,0.007854717,0.001979395,0.0,0.048571046,0.047014374
7864,0.0026392438,0.0,0.037297193,0.007853161,0.002037809,0.0,0.04894715,0.047019843
7865,0.0025883494,0.0,0.03696173,0.007855391,0.0021121064,0.0,0.049939558,0.04702515
7866,0.0026530651,0.0,0.038010143,0.007858594,0.0022651264,0.0,0.048011914,0.047030177
7867,0.0028794426,0.0,0.03645284,0.007861829,0.002088655,0.0,0.050672565,0.047033187
7868,0.002736225,0.0,0.03743673,0.007864097,0.0020349221,0.0,0.049645796,0.04703417
7869,0.0024457767,0.0,0.036604144,0.007864806,0.0019686199,0.0,0.050167345,0.04703406
7870,0.0027218068,0.0,0.037417613,0.00786366,0.0020375357,0.0,0.05133522,0.04703477
7871,0.0028051375,0.0,0.036433656,0.007861656,0.0019608482,0.0,0.04923191,0.047037136
7872,0.0026913963,0.0,0.037310928,0.007857966,0.002006847,0.0,0.05162575,0.047038708
7873,0.0027791604,0.0,0.036941547,0.007852492,0.0021290435,0.0,0.048606426,0.047039818
7874,0.002765321,0.0,0.036558375,0.007845594,0.0020991857,0.0,0.048837025,0.04704278
7875,0.0027508368,0.0,0.036656473,0.007837017,0.0018890693,0.0,0.049386285,0.04704235
7876,0.0026315742,0.0,0.036946155,0.007826877,0.0019946417,0.0,0.050240763,0.04704285
7877,0.002700522,0.0,0.036879655,0.007816402,0.001960498,0.0,0.051331732,0.04704131
7878,0.0029393244,0.0,0.036954187,0.007805221,0.0020122286,0.0,0.053751115,0.047039673
7879,0.0027323053,0.0,0.03761225,0.007793331,0.0018484071,0.0,0.050695274,0.047037985
7880,0.0027493292,0.0,0.036512528,0.0077809934,0.002105018,0.0,0.049785048,0.04703623
7881,0.0026894852,0.0,0.037647985,0.0077681025,0.0018998613,0.0,0.0515727,0.04703213
7882,0.0028375126,0.0,0.037533354,0.0077544902,0.0020492165,0.0,0.048705008,0.047027607
7883,0.002912943,0.0,0.037469767,0.007740128,0.0019502655,0.0,0.050315466,0.04702348
7884,0.0026263609,0.0,0.037761003,0.0077357893,0.0021608656,0.0,0.051336084,0.04701813
7885,0.0027881633,0.0,0.036728147,0.0077355467,0.0019990338,0.0,0.049193963,0.047010735
7886,0.0026866533,0.0,0.03710488,0.0077377823,0.0022133733,0.0,0.048526745,0.04700253
7887,0.0028133753,0.0,0.036577396,0.0077412403,0.0019890661,0.0,0.049078558,0.046992633
7888,0.0029081106,0.0,0.036631893,0.0077450112,0.00208028,0.0,0.048317738,0.04698052
7889,0.0026901376,0.0,0.038851224,0.0077483784,0.0019325631,0.0,0.048863135,0.046965625
7890,0.00316637,0.0,0.036429845,0.0077507747,0.002093982,0.0,0.050911132,0.04695094
7891,0.002517208,0.0,0.037064124,0.0077519324,0.001975466,0.0,0.051915914,0.046940275
7892,0.0027456714,0.0,0.03787528,0.0077516246,0.0021050784,0.0,0.05111416,0.04693207
7893,0.0026747016,0.0,0.037093654,0.007751033,0.0019855457,0.0,0.05044865,0.04692362
7894,0.0025182406,0.0,0.038300008,0.007749032,0.0021968898,0.0,0.050400447,0.046914816
7895,0.0026431517,0.0,0.03715445,0.007745518,0.0019950124,0.0,0.050532293,0.04690958
7896,0.00271893,0.0,0.03739368,0.0077404543,0.0020082593,0.0,0.050519396,0.04690379
7897,0.0028010397,0.0,0.036122005,0.007733833,0.0020205528,0.0,0.04950652,0.04690399
7898,0.0027646339,0.0,0.036143355,0.0077257114,0.0019860482,0.0,0.050256167,0.046905346
7899,0.0029621152,0.0,0.036275838,0.00771625,0.0019422404,0.0,0.050585005,0.04690647
7900,0.0027830524,0.0,0.037535343,0.0077054976,0.001958988,0.0,0.04704373,0.0469093
7901,0.0028900662,0.0,0.037080526,0.0076935636,0.0020495513,0.0,0.049802873,0.046912033
7902,0.0026489515,0.0,0.036603164,0.007680537,0.0018647651,0.0,0.05100077,0.0469151
7903,0.0026054112,0.0,0.037735503,0.0076665203,0.0020500082,0.0,0.051605467,0.04691637
7904,0.0028327485,0.0,0.0376961,0.007662247,0.0019788353,0.0,0.050198413,0.046916015
7905,0.0025972812,0.0,0.03763459,0.007661553,0.0021150068,0.0,0.049370036,0.046914365
7906,0.002743947,0.0,0.037039332,0.0076630064,0.0019420035,0.0,0.049898602,0.046910815
7907,0.0027196158,0.0,0.036603175,0.0076654875,0.002052931,0.0,0.050580263,0.04690552
7908,0.0025749851,0.0,0.036880113,0.007668158,0.00211557,0.0,0.04937868,0.046899177
7909,0.002776766,0.0,0.037275974,0.0076705855,0.0020346735,0.0,0.04997683,0.046894293
7910,0.0026959553,0.0,0.03650047,0.0076721036,0.0021524604,0.0,0.047913034,0.046889275
7911,0.002826482,0.0,0.036464065,0.0076723886,0.0021176331,0.0,0.05000477,0.04688395
7912,0.0028002297,0.0,0.036034066,0.00767128,0.0019606045,0.0,0.050692797,0.046877462
7913,0.0026323034,0.0,0.036733083,0.0076686456,0.0020290513,0.0,0.0507909,0.04687056
7914,0.0026134495,0.0,0.037491456,0.0076644407,0.0019109177,0.0,0.048372325,0.04686735
7915,0.0027426132,0.0,0.036781438,0.007659634,0.0022177366,0.0,0.0477824,0.04686359
7916,0.0028226448,0.0,0.03684041,0.007653965,0.0018083435,0.0,0.049574234,0.04686216
7917,0.0025919268,0.0,0.0369251,0.0076472643,0.002105066,0.0,0.04995267,0.04685916
7918,0.002749897,0.0,0.037898462,0.007639416,0.0019979246,0.0,0.04905094,0.046855647
7919,0.002676047,0.0,0.03704948,0.0076319245,0.002037565,0.0,0.051601402,0.046852723
7920,0.0027249854,0.0,0.037453804,0.0076237414,0.0020239372,0.0,0.049950656,0.04684965
7921,0.0027515506,0.0,0.03695176,0.007614682,0.0018829129,0.0,0.049533304,0.046848375
7922,0.0026708904,0.0,0.036826316,0.007605186,0.0019595479,0.0,0.048681915,0.046846505
7923,0.002812669,0.0,0.036990367,0.007594746,0.002063604,0.0,0.049447186,0.046845455
7924,0.002706366,0.0,0.037481807,0.0075833136,0.0019824996,0.0,0.04876758,0.046844468
7925,0.0026270917,0.0,0.035914883,0.007571112,0.0020182326,0.0,0.050152246,0.0468435
7926,0.0028764145,0.0,0.03651627,0.007558093,0.002054083,0.0,0.049393654,0.04684216
7927,0.0027550876,0.0,0.037158508,0.007544777,0.002083019,0.0,0.048069555,0.046841435
7928,0.0025700491,0.0,0.036593724,0.007530873,0.0018712532,0.0,0.048716575,0.046840306
7929,0.002886436,0.0,0.036777914,0.0075176386,0.0020478307,0.0,0.0509926,0.04683756
7930,0.002696957,0.0,0.036232274,0.007504473,0.0018370777,0.0,0.04905179,0.046836004
7931,0.0027806584,0.0,0.03680776,0.00749116,0.002091318,0.0,0.051604968,0.04683423
7932,0.0024883167,0.0,0.03750577,0.00747753,0.0018597051,0.0,0.051191647,0.046831198
7933,0.002669091,0.0,0.03665836,0.007463462,0.0021422466,0.0,0.050961766,0.046830125
7934,0.0025837065,0.0,0.036544412,0.007448943,0.0018216175,0.0,0.049645364,0.046830855
7935,0.0027374953,0.0,0.037785202,0.007433929,0.0020195618,0.0,0.050241075,0.04683146
7936,0.0026165182,0.0,0.035769902,0.007418442,0.0019671938,0.0,0.048604462,0.046833023
7937,0.002658183,0.0,0.03774899,0.007402546,0.0019707107,0.0,0.04829285,0.04683529
7938,0.002698746,0.0,0.03658609,0.0073868735,0.0021169225,0.0,0.049970236,0.04683644
7939,0.0026225473,0.0,0.035873987,0.007371019,0.0019246401,0.0,0.049536753,0.046836592
7940,0.0028624337,0.0,0.03765244,0.0073550125,0.0021789663,0.0,0.04926535,0.046834763
7941,0.002561999,0.0,0.036412887,0.0073388857,0.0018843405,0.0,0.051327117,0.04683461
7942,0.0028372286,0.0,0.037512913,0.0073228995,0.0019441913,0.0,0.05087646,0.04683271
7943,0.0027227344,0.0,0.037057944,0.007307191,0.0021450943,0.0,0.050292104,0.046830542
7944,0.0025308793,0.0,0.03713123,0.0072918176,0.0018298116,0.0,0.049400385,0.046828143
7945,0.0027482242,0.0,0.03693105,0.007276459,0.0020105375,0.0,0.047664057,0.046825934
7946,0.002728215,0.0,0.037491657,0.007266504,0.0019296793,0.0,0.051226366,0.04682575
7947,0.0026787121,0.0,0.036933724,0.007259314,0.0020372416,0.0,0.05228959,0.04682995
7948,0.0026301148,0.0,0.037584513,0.0072538713,0.0020046711,0.0,0.050298557,0.04683616
7949,0.0029482895,0.0,0.037620336,0.0072492776,0.0020042062,0.0,0.05128658,0.04684001
7950,0.0025668365,0.0,0.03783212,0.007245065,0.0018742111,0.0,0.05081396,0.046843078
7951,0.002554423,0.0,0.037652843,0.007240873,0.0019545055,0.0,0.050111894,0.046845917
7952,0.0028441106,0.0,0.037248027,0.0072375652,0.0019216428,0.0,0.05029503,0.046849895
7953,0.0028485963,0.0,0.037409186,0.0072345897,0.0019256641,0.0,0.048915952,0.046852734
7954,0.00276616,0.0,0.036716815,0.007231344,0.0019153948,0.0,0.050168186,0.04685331
7955,0.0027749166,0.0,0.03763846,0.0072292765,0.0019517175,0.0,0.051611274,0.046854146
7956,0.0027332434,0.0,0.037010983,0.0072273333,0.0019195387,0.0,0.051070962,0.0468577
7957,0.0028482492,0.0,0.037137583,0.0072255884,0.0020161588,0.0,0.04859073,0.046863846
7958,0.0027299605,0.0,0.036687084,0.0072235377,0.0020565197,0.0,0.04758874,0.04686824
7959,0.0026572696,0.0,0.03726327,0.0072206142,0.002091339,0.0,0.049712624,0.046871807
7960,0.0029168702,0.0,0.03784933,0.0072166002,0.0020879894,0.0,0.05097488,0.046876002
7961,0.002819774,0.0,0.037171047,0.007216826,0.0019457479,0.0,0.049486782,0.046878077
7962,0.0028483872,0.0,0.03760988,0.007218579,0.002098175,0.0,0.050625823,0.046878513
7963,0.002728485,0.0,0.037224635,0.0072206124,0.0018923276,0.0,0.050511174,0.046879128
7964,0.0027071198,0.0,0.037294637,0.0072222226,0.0019170359,0.0,0.050548766,0.046878215
7965,0.0027493765,0.0,0.036263883,0.0072250366,0.001898111,0.0,0.05012391,0.046878487
7966,0.0027199367,0.0,0.037257414,0.007227079,0.0018746721,0.0,0.051087126,0.046877604
7967,0.002660931,0.0,0.036819972,0.007227961,0.0018381485,0.0,0.051186934,0.04687817
7968,0.0025283606,0.0,0.036625445,0.007227567,0.0017940785,0.0,0.04892424,0.046879657
7969,0.0027588028,0.0,0.03735713,0.0072261216,0.0019293643,0.0,0.050386604,0.04688191
7970,0.002722295,0.0,0.037053324,0.007225173,0.0021689509,0.0,0.04847024,0.046884432
7971,0.0027359715,0.0,0.036394008,0.007223426,0.0018833622,0.0,0.05080038,0.046886522
7972,0.0027437685,0.0,0.03716316,0.0072206897,0.0018109969,0.0,0.04918649,0.046886727
7973,0.0027156353,0.0,0.037160017,0.007219735,0.0018907667,0.0,0.05243037,0.046885747
7974,0.0028019894,0.0,0.03771227,0.007218566,0.0018552827,0.0,0.051370878,0.046884373
7975,0.0027460626,0.0,0.03738188,0.0072167525,0.0017101908,0.0,0.050459072,0.046884336
7976,0.0024545619,0.0,0.037065506,0.007214149,0.001896206,0.0,0.048603352,0.04688599
7977,0.0026617658,0.0,0.03723679,0.0072104293,0.0018741327,0.0,0.052051615,0.046888165
7978,0.0026020051,0.0,0.037158787,0.0072056144,0.0018966123,0.0,0.04924905,0.046893165
7979,0.002783432,0.0,0.037436515,0.007199531,0.0017858978,0.0,0.050929718,0.04689576
7980,0.0025494266,0.0,0.03754375,0.007192223,0.0019126469,0.0,0.051339958,0.046898413
7981,0.0025047846,0.0,0.037076507,0.0071837557,0.0019426383,0.0,0.04925836,0.046901707
7982,0.002638384,0.0,0.03653428,0.007174237,0.0019039884,0.0,0.051738594,0.046904
7983,0.002545383,0.0,0.036904983,0.007163993,0.0019512487,0.0,0.049456406,0.04690551
7984,0.0026764134,0.0,0.036706243,0.0071530445,0.0018216507,0.0,0.049700603,0.046906654
7985,0.0027220496,0.0,0.037114065,0.0071414737,0.0018661452,0.0,0.049382314,0.046905488
7986,0.0027331747,0.0,0.03682151,0.0071293185,0.0018862981,0.0,0.049901173,0.04690459
7987,0.0025913843,0.0,0.038049236,0.007116659,0.0018369735,0.0,0.0509039,0.046903454
7988,0.0026278617,0.0,0.037382707,0.0071035796,0.0019066776,0.0,0.05137801,0.046900824
7989,0.0027370541,0.0,0.037305806,0.007090301,0.0019266397,0.0,0.050673198,0.04689971
7990,0.0027866901,0.0,0.0364721,0.007076729,0.0019386051,0.0,0.051970456,0.04689855
7991,0.0026819592,0.0,0.03645925,0.0070630554,0.0018963888,0.0,0.049002632,0.04689899
7992,0.002628926,0.0,0.037731424,0.0070495266,0.0019881104,0.0,0.051489037,0.046900317
7993,0.0029883247,0.0,0.03767636,0.0070358645,0.0018718061,0.0,0.050888687,0.04690144
7994,0.0028194163,0.0,0.036493964,0.007022077,0.0020661603,0.0,0.051301222,0.04690468
7995,0.002815524,0.0,0.03603754,0.0070083397,0.0019484768,0.0,0.0469529,0.046910048
7996,0.0027312317,0.0,0.037116457,0.006994531,0.0019874903,0.0,0.04909401,0.046914503
7997,0.0028428594,0.0,0.03661511,0.006980865,0.0020684437,0.0,0.049950846,0.046918485
7998,0.0025765162,0.0,0.036799137,0.0069684475,0.0019696916,0.0,0.04879582,0.046924155
7999,0.0025919492,0.0,0.03807841,0.0069564898,0.0020247237,0.0,0.05116063,0.046928003
8000,0.002777086,0.0,0.037828237,0.0069448184,0.0019196689,0.0,0.04934353,0.046930328
8001,0.0028683397,0.0,0.037307028,0.006933266,0.00202747,0.0,0.04955176,0.046931017
8002,0.0026746648,0.0,0.038109574,0.0069222976,0.0020196943,0.0,0.05099617,0.046931207
8003,0.0028512154,0.0,0.03635703,0.006911718,0.0019815937,0.0,0.050144434,0.0469301
8004,0.0030474195,0.0,0.036875926,0.0069014104,0.001953943,0.0,0.04943827,0.04692975
8005,0.0026187073,0.0,0.036321647,0.0068911533,0.001937633,0.0,0.050447505,0.046925474
8006,0.0027955486,0.0,0.037711643,0.006883702,0.0018651714,0.0,0.050099354,0.0469202
8007,0.0027172486,0.0,0.037596956,0.0068771834,0.0019506804,0.0,0.050119758,0.046913985
8008,0.00277086,0.0,0.036628682,0.0068711354,0.0018816516,0.0,0.051297188,0.046909038
8009,0.0027648832,0.0,0.036174946,0.006865417,0.0019191504,0.0,0.05034,0.046907682
8010,0.0028740065,0.0,0.037897725,0.006861414,0.001956695,0.0,0.051502258,0.046907
8011,0.0027476167,0.0,0.036557384,0.006858029,0.001807569,0.0,0.051527657,0.046907276
8012,0.0028045855,0.0,0.037296772,0.0068565398,0.001989352,0.0,0.050798584,0.046906535
8013,0.0028792704,0.0,0.036206473,0.006855289,0.001904891,0.0,0.049284186,0.046906423
8014,0.0025561175,0.0,0.038129676,0.006854409,0.0020109678,0.0,0.053129446,0.046909057
8015,0.0027671256,0.0,0.037228886,0.006853028,0.0018749838,0.0,0.05096399,0.046912424
8016,0.0027879889,0.0,0.036542755,0.0068508596,0.0020046255,0.0,0.04835875,0.04691655
8017,0.002553522,0.0,0.03734137,0.0068486216,0.0018101252,0.0,0.05210926,0.04691891
8018,0.0028188303,0.0,0.036640685,0.006845491,0.0019985978,0.0,0.04909516,0.046920504
8019,0.0027915915,0.0,0.037326686,0.006844751,0.0021560017,0.0,0.049071424,0.0469229
8020,0.0028292264,0.0,0.037271924,0.006844626,0.0018169641,0.0,0.048847824,0.04692124
8021,0.0025466979,0.0,0.036666665,0.0068444647,0.001977544,0.0,0.048967775,0.046919964
8022,0.0027893647,0.0,0.037324782,0.006843714,0.0018430355,0.0,0.048358094,0.046920653
8023,0.0028483425,0.0,0.03720723,0.006842172,0.0019439139,0.0,0.049558192,0.04692114
8024,0.0026752606,0.0,0.037684686,0.0068399142,0.0019189067,0.0,0.0496084,0.046921477
8025,0.0027705845,0.0,0.036824454,0.0068407464,0.001929599,0.0,0.050896816,0.0469226
8026,0.0026237685,0.0,0.03689118,0.006843487,0.0019327562,0.0,0.05128716,0.046925995
8027,0.0028743984,0.0,0.03700019,0.0068468433,0.0019985782,0.0,0.048519492,0.046930585
8028,0.0031040278,0.0,0.036745835,0.0068500554,0.001938091,0.0,0.050337594,0.046932787
8029,0.0026041577,0.0,0.0374005,0.006852935,0.002133343,0.0,0.048860032,0.046934634
8030,0.0026442944,0.0,0.036781423,0.006854726,0.0019757813,0.0,0.049478166,0.046936024
8031,0.0026867131,0.0,0.037296195,0.0068553425,0.001894004,0.0,0.049371988,0.046937678
8032,0.0027482908,0.0,0.03706231,0.006854642,0.001977472,0.0,0.049234625,0.046942245
8033,0.0028981557,0.0,0.037682127,0.0068530426,0.0018784562,0.0,0.050255127,0.046945527
8034,0.0026546263,0.0,0.037530832,0.006850423,0.0019079921,0.0,0.05003979,0.046947453
8035,0.0026624927,0.0,0.037930656,0.006846857,0.001778343,0.0,0.05335643,0.046949588
8036,0.002770746,0.0,0.037254535,0.0068427883,0.0019359544,0.0,0.05129107,0.04695319
8037,0.0030220589,0.0,0.036595233,0.006837899,0.001773226,0.0,0.05011058,0.04695392
8038,0.0027215192,0.0,0.03649168,0.006836436,0.0019318061,0.0,0.04885272,0.046954263
8039,0.002666996,0.0,0.037476137,0.006836767,0.0018703798,0.0,0.0524116,0.04695542
8040,0.0028643087,0.0,0.036509674,0.006838319,0.0018252465,0.0,0.049812444,0.046953045
8041,0.0030707454,0.0,0.036833007,0.0068401345,0.0018560133,0.0,0.051902834,0.04695279
8042,0.0026768178,0.0,0.03703807,0.0068421843,0.0019658345,0.0,0.05195907,0.046952862
8043,0.0028961296,0.0,0.03687846,0.0068436763,0.001792574,0.0,0.05231213,0.046953715
8044,0.0029466357,0.0,0.03685811,0.0068442896,0.0017757699,0.0,0.04871436,0.0469575
8045,0.0028043094,0.0,0.036419224,0.0068445546,0.0018624271,0.0,0.054056834,0.04696082
8046,0.0026988203,0.0,0.03727624,0.0068473383,0.0018763237,0.0,0.04975199,0.046965584
8047,0.002808159,0.0,0.03682663,0.0068662902,0.0016996758,0.0,0.051737577,0.046972066
8048,0.0027330841,0.0,0.03672033,0.0068935035,0.0018849355,0.0,0.049369164,0.04697789
8049,0.0028295494,0.0,0.036146123,0.006931053,0.0018486701,0.0,0.048932325,0.04698471
8050,0.0029721651,0.0,0.037468858,0.006972095,0.0018793498,0.0,0.05166058,0.04699131
8051,0.002788422,0.0,0.03677314,0.00701511,0.0019216056,0.0,0.04939475,0.04699785
8052,0.0027787362,0.0,0.03799865,0.0070581227,0.0019367539,0.0,0.04729791,0.04700463
8053,0.0029862956,0.0,0.03731556,0.0070990706,0.0018494901,0.0,0.05062588,0.047009904
8054,0.0027004967,0.0,0.036764406,0.007136985,0.0018599989,0.0,0.049300168,0.04701451
8055,0.0027490372,0.0,0.036654674,0.007171104,0.0018786388,0.0,0.049867846,0.047019865
8056,0.0027521423,0.0,0.03748991,0.007201074,0.0017535012,0.0,0.049938172,0.047023736
8057,0.0026589439,0.0,0.03688734,0.0072267125,0.0019830535,0.0,0.05246255,0.04702565
8058,0.0026963174,0.0,0.037091486,0.0072480445,0.001917925,0.0,0.047621816,0.047025986
8059,0.0026861073,0.0,0.0378802,0.00727306,0.0019667705,0.0,0.052090704,0.047026016
8060,0.0029574682,0.0,0.03655325,0.007297233,0.001966589,0.0,0.049669188,0.047024246
8061,0.0026946876,0.0,0.03661587,0.007323825,0.0021456946,0.0,0.04900434,0.047026053
8062,0.0027037256,0.0,0.03763637,0.0073492043,0.0019578945,0.0,0.05067644,0.047025844
8063,0.0028896034,0.0,0.036520474,0.0073731234,0.0020192326,0.0,0.051783778,0.047023684
8064,0.0027203034,0.0,0.03719305,0.0073946416,0.0018885767,0.0,0.050688542,0.04702199
8065,0.0026978722,0.0,0.038170904,0.007413101,0.002130597,0.0,0.050052237,0.047017157
8066,0.0027434407,0.0,0.03613716,0.0074281497,0.0018063372,0.0,0.050185975,0.047012493
8067,0.002967913,0.0,0.036889374,0.007439653,0.0020927726,0.0,0.049421884,0.047006816
8068,0.0027916972,0.0,0.03703653,0.0074475924,0.0020609258,0.0,0.053203225,0.04699865
8069,0.002796806,0.0,0.036374364,0.0074520833,0.0021742205,0.0,0.05049533,0.046992265
8070,0.0027905048,0.0,0.037223548,0.0074532977,0.0022065875,0.0,0.050303712,0.046986446
8071,0.0028396496,0.0,0.03679333,0.007451723,0.002020211,0.0,0.047982395,0.04698084
8072,0.0027347186,0.0,0.036484536,0.0074479347,0.0019021777,0.0,0.052485798,0.046972558
8073,0.0027707776,0.0,0.03758324,0.0074419416,0.0019702578,0.0,0.047730662,0.04696487
8074,0.0029750066,0.0,0.03687619,0.0074339565,0.0021143935,0.0,0.049890544,0.046960067
8075,0.002730346,0.0,0.03648555,0.007424142,0.0020404516,0.0,0.048074815,0.04695589
8076,0.002870181,0.0,0.036263708,0.0074126786,0.0019198708,0.0,0.049634792,0.046951786
8077,0.002685826,0.0,0.037485134,0.007400211,0.002021042,0.0,0.048640534,0.046947878
8078,0.0027377887,0.0,0.036754653,0.0073867063,0.0020300488,0.0,0.048771527,0.046943292
8079,0.0028251642,0.0,0.0363005,0.0073722294,0.002048238,0.0,0.052478764,0.046937317
8080,0.0028861088,0.0,0.03732461,0.007356844,0.0019201882,0.0,0.050379124,0.046932023
8081,0.0027367491,0.0,0.03690559,0.0073406203,0.0020986123,0.0,0.050033513,0.046928115
8082,0.0029373704,0.0,0.036996476,0.0073236413,0.0019328644,0.0,0.051264156,0.046923794
8083,0.0028659333,0.0,0.03729744,0.00730719,0.0020675045,0.0,0.05164782,0.046920992
8084,0.0025121307,0.0,0.03651468,0.0072903917,0.0020489746,0.0,0.050060313,0.04691819
8085,0.0029092028,0.0,0.037310872,0.0072732894,0.0018142825,0.0,0.04749016,0.046918176
8086,0.002714415,0.0,0.03650356,0.007258529,0.0019538875,0.0,0.05009915,0.046917856
8087,0.0027696483,0.0,0.037353132,0.007244206,0.0020275002,0.0,0.04918517,0.046914726
8088,0.0028806413,0.0,0.037742347,0.007231429,0.001996379,0.0,0.05070976,0.04691231
8089,0.0026429025,0.0,0.03720348,0.0072191022,0.0020173548,0.0,0.04943428,0.046911713
8090,0.0026423822,0.0,0.037818704,0.007206842,0.0019713263,0.0,0.04836179,0.046910256
8091,0.0028177686,0.0,0.037378017,0.007195016,0.001964974,0.0,0.050746284,0.046907756
8092,0.0027552214,0.0,0.036280744,0.0071843863,0.0020766973,0.0,0.052550647,0.046903387
8093,0.0027245681,0.0,0.0367475,0.007173767,0.0018260432,0.0,0.048423063,0.046899687
8094,0.0027558114,0.0,0.036721826,0.0071643745,0.0021361911,0.0,0.05082626,0.046896648
8095,0.0027149294,0.0,0.038032126,0.007155175,0.0019827809,0.0,0.049380094,0.046895687
8096,0.00283719,0.0,0.036714025,0.007146185,0.0019704113,0.0,0.054101028,0.046892796
8097,0.0027555043,0.0,0.037165985,0.0071369633,0.0020654264,0.0,0.049489364,0.046892814
8098,0.0027089955,0.0,0.036970433,0.007127256,0.002055417,0.0,0.050041128,0.046891764
8099,0.0026975686,0.0,0.037643503,0.0071169278,0.0021778166,0.0,0.050250214,0.046889074
8100,0.00280782,0.0,0.03688937,0.007106221,0.0022133172,0.0,0.051304203,0.046886746
8101,0.002714387,0.0,0.03887775,0.007096321,0.0019009163,0.0,0.04748582,0.046885874
8102,0.0027435068,0.0,0.037494857,0.0070862886,0.0020567293,0.0,0.05231168,0.046882436
8103,0.0027092032,0.0,0.037957083,0.0070759174,0.0021012295,0.0,0.049497645,0.046879314
8104,0.002879088,0.0,0.036867782,0.007065165,0.0021669797,0.0,0.04772086,0.04687496
8105,0.0024738922,0.0,0.03670904,0.0070541804,0.0021871044,0.0,0.048962284,0.046869926
8106,0.0027145047,0.0,0.037051484,0.007043308,0.002117441,0.0,0.050678067,0.046863835
8107,0.0027683554,0.0,0.036794845,0.007032101,0.002018616,0.0,0.050155878,0.04685828
8108,0.0027946052,0.0,0.038272787,0.0070203426,0.0022582854,0.0,0.049482614,0.046850417
8109,0.0026213485,0.0,0.03678084,0.0070079933,0.0020678586,0.0,0.05108385,0.046843193
8110,0.0026932722,0.0,0.037741072,0.0069958917,0.002136316,0.0,0.05048477,0.04683645
8111,0.0027197187,0.0,0.037659302,0.006983624,0.0019087075,0.0,0.04902193,0.046831552
8112,0.002794095,0.0,0.038201913,0.006971122,0.0020186128,0.0,0.053423446,0.046827015
8113,0.0028017422,0.0,0.03742751,0.0069583515,0.0020141378,0.0,0.0498586,0.046824444
8114,0.0026399288,0.0,0.037091922,0.0069493516,0.00196216,0.0,0.049410935,0.046824694
8115,0.002893021,0.0,0.036393277,0.006942107,0.0020528794,0.0,0.052528318,0.04682439
8116,0.0026812246,0.0,0.037213303,0.0069358307,0.001928667,0.0,0.04843609,0.046827335
8117,0.0027129161,0.0,0.03758964,0.006929905,0.0020685785,0.0,0.051184684,0.046831436
8118,0.0028912004,0.0,0.03702128,0.006925146,0.001986012,0.0,0.047658052,0.046835653
8119,0.0026762288,0.0,0.037263233,0.0069206744,0.0020605642,0.0,0.050766148,0.046837837
8120,0.0026535122,0.0,0.03610399,0.0069186403,0.0019322067,0.0,0.048565064,0.046842694
8121,0.0028136987,0.0,0.03758638,0.0069174976,0.0019751426,0.0,0.050104942,0.046847448
8122,0.0025677911,0.0,0.03684888,0.006916781,0.0021280237,0.0,0.047999118,0.046852212
8123,0.0028005147,0.0,0.037771687,0.006915491,0.0020103732,0.0,0.047172587,0.046856374
8124,0.0028565563,0.0,0.03752388,0.006913205,0.0020204778,0.0,0.052256737,0.046857767
8125,0.0024878522,0.0,0.036660384,0.006910615,0.0019001615,0.0,0.05044144,0.046860624
8126,0.002710915,0.0,0.03760899,0.006906908,0.002028861,0.0,0.04997756,0.046864443
8127,0.0026961628,0.0,0.037482325,0.006902004,0.0019309846,0.0,0.049975086,0.046867456
8128,0.0027423436,0.0,0.036794946,0.0068959743,0.0019968583,0.0,0.049944095,0.046869032
8129,0.0028024341,0.0,0.036853265,0.006889119,0.0019537474,0.0,0.04907446,0.04687007
8130,0.0026968888,0.0,0.03591555,0.006881404,0.0019929507,0.0,0.04939615,0.04687158
8131,0.0026525725,0.0,0.03728187,0.006873035,0.0019260779,0.0,0.050777115,0.04687335
8132,0.00267688,0.0,0.03622307,0.0068639372,0.0018262143,0.0,0.04832002,0.04687596
8133,0.0028052463,0.0,0.03678669,0.006854197,0.0018339357,0.0,0.04908641,0.046876952
8134,0.002762061,0.0,0.037420403,0.0068438877,0.0018038739,0.0,0.050037958,0.04687982
8135,0.002752838,0.0,0.036784388,0.0068330634,0.0018377968,0.0,0.051197868,0.04688523
8136,0.002735436,0.0,0.03657131,0.0068246154,0.001998763,0.0,0.05033227,0.046892323
8137,0.0025558656,0.0,0.037103806,0.006816542,0.0019030208,0.0,0.0503796,0.046901233
8138,0.0028186976,0.0,0.036938105,0.0068085156,0.0018500449,0.0,0.048938308,0.046910882
8139,0.0025193177,0.0,0.036872655,0.00680038,0.0020032206,0.0,0.047135483,0.046919055
8140,0.0027408833,0.0,0.03753725,0.006791979,0.0019905327,0.0,0.049749907,0.046924893
8141,0.0027636488,0.0,0.03776858,0.00678388,0.0020517125,0.0,0.052220892,0.04692808
8142,0.002677166,0.0,0.03784618,0.006777545,0.0019973055,0.0,0.050240107,0.046931736
8143,0.0028218017,0.0,0.036782235,0.0067723207,0.0020675566,0.0,0.049295515,0.046936754
8144,0.0024904702,0.0,0.036772083,0.0067674224,0.0018793448,0.0,0.053336002,0.04694174
8145,0.0027792156,0.0,0.03748277,0.006762517,0.0019553646,0.0,0.049008902,0.046949845
8146,0.0027377652,0.0,0.03733349,0.0067580896,0.0021675585,0.0,0.050029833,0.04695649
8147,0.002744574,0.0,0.036946397,0.0067535113,0.0019471623,0.0,0.05182695,0.046962194
8148,0.002982052,0.0,0.037162956,0.006749461,0.0020625228,0.0,0.05011436,0.04696476
8149,0.002710263,0.0,0.037166197,0.0067517553,0.0020519162,0.0,0.049053166,0.046967167
8150,0.0026992203,0.0,0.036210343,0.0067563476,0.0019927379,0.0,0.050086997,0.046968322
8151,0.0028671601,0.0,0.037569437,0.006762446,0.0020080383,0.0,0.050243974,0.046967115
8152,0.0027074546,0.0,0.037351202,0.006769865,0.0019691377,0.0,0.05085363,0.046966493
8153,0.002564908,0.0,0.03661391,0.006777121,0.0021018025,0.0,0.049387146,0.04696704
8154,0.0024543786,0.0,0.03717824,0.0067837085,0.002073871,0.0,0.049910292,0.046968173
8155,0.0027315184,0.0,0.036530204,0.006789999,0.0019831993,0.0,0.0496409,0.046969447
8156,0.0025608689,0.0,0.0371199,0.0067950804,0.0019797673,0.0,0.050658084,0.046970602
8157,0.002539797,0.0,0.036619216,0.0067987205,0.002009823,0.0,0.047034048,0.04697143
8158,0.0027727406,0.0,0.036370985,0.006800876,0.0019973004,0.0,0.04908648,0.046971064
8159,0.0028128468,0.0,0.0365196,0.0068018357,0.002159091,0.0,0.048126195,0.046969403
8160,0.0027612327,0.0,0.03743701,0.006801349,0.0020102735,0.0,0.050122604,0.046966206
8161,0.0025988768,0.0,0.03790072,0.006799654,0.0020675266,0.0,0.049314898,0.046963062
8162,0.0024894814,0.0,0.036882065,0.0067969714,0.0019618396,0.0,0.048124712,0.046960223
8163,0.0026898477,0.0,0.03671757,0.0067937383,0.0020504391,0.0,0.048881438,0.04695784
8164,0.002736724,0.0,0.037647955,0.0067894217,0.002147314,0.0,0.050999187,0.04695454
8165,0.0025386503,0.0,0.03677231,0.0067840572,0.002039059,0.0,0.04912494,0.046951696
8166,0.0027284399,0.0,0.037185613,0.0067797396,0.0019932485,0.0,0.04826057,0.046949357
8167,0.0027471746,0.0,0.037029147,0.006782787,0.0019859558,0.0,0.050881412,0.046947494
8168,0.0026544237,0.0,0.03735568,0.0067901528,0.0021645576,0.0,0.051199235,0.046948843
8169,0.0026014545,0.0,0.037212342,0.006799898,0.00199186,0.0,0.051466998,0.0469507
8170,0.0024695564,0.0,0.03739326,0.006810697,0.002111588,0.0,0.052439105,0.046952058
8171,0.002556455,0.0,0.036801085,0.0068215677,0.001983164,0.0,0.048310343,0.04695368
8172,0.0026222758,0.0,0.037826244,0.006831764,0.0021302386,0.0,0.048420604,0.04695493
8173,0.002671652,0.0,0.03766664,0.006846412,0.0018892738,0.0,0.04915963,0.04695842
8174,0.0026422322,0.0,0.036952525,0.006862283,0.001993307,0.0,0.05116633,0.04696137
8175,0.0026228135,0.0,0.03715726,0.0068781064,0.0020535602,0.0,0.048943073,0.046961915
8176,0.0026069516,0.0,0.037802123,0.0068929195,0.0020693033,0.0,0.049511187,0.046962887
8177,0.0025879461,0.0,0.037430756,0.0069063352,0.00207801,0.0,0.049550842,0.046960607
8178,0.0027941281,0.0,0.036448404,0.006917615,0.0020589274,0.0,0.05006461,0.046959445
8179,0.0026021285,0.0,0.037247594,0.006926445,0.002020634,0.0,0.04950266,0.046957098
8180,0.0026459089,0.0,0.03674308,0.0069329543,0.0020949729,0.0,0.049322937,0.046955515
8181,0.0026880961,0.0,0.03649467,0.006937901,0.0020096765,0.0,0.051108923,0.046952676
8182,0.0027969403,0.0,0.036166158,0.006943301,0.002078345,0.0,0.04771356,0.04695147
8183,0.0028683653,0.0,0.037053593,0.006947516,0.0021047448,0.0,0.052219536,0.046950694
8184,0.0026227848,0.0,0.036912125,0.006950275,0.0020869402,0.0,0.04816016,0.046946786
8185,0.0024951338,0.0,0.037573956,0.0069528203,0.00207533,0.0,0.05010644,0.04694217
8186,0.0028879324,0.0,0.037898406,0.0069543957,0.0021062777,0.0,0.04983529,0.046936348
8187,0.0025857587,0.0,0.037218742,0.006955625,0.00202284,0.0,0.04818588,0.046930093
8188,0.002637637,0.0,0.036638856,0.0069562867,0.0021020859,0.0,0.053013887,0.04692196
8189,0.002669895,0.0,0.03681429,0.006955724,0.00198246,0.0,0.051702272,0.04691527
8190,0.0027374104,0.0,0.036347408,0.0069538406,0.0020480712,0.0,0.05159755,0.0469086
8191,0.0026925618,0.0,0.038065813,0.00695057,0.0020198615,0.0,0.049506586,0.046904348
8192,0.0028186934,0.0,0.037254572,0.0069463737,0.0022480795,0.0,0.050992757,0.046900667
8193,0.0028305566,0.0,0.037501,0.00694116,0.0020273312,0.0,0.049688913,0.046898976
8194,0.002544056,0.0,0.03643928,0.0069356086,0.002146777,0.0,0.05124148,0.04689741
8195,0.0026917642,0.0,0.03773386,0.0069291284,0.0020611028,0.0,0.048794594,0.046896055
8196,0.0026305288,0.0,0.03632878,0.0069219507,0.0021021217,0.0,0.050767705,0.046894345
8197,0.0025614065,0.0,0.03660535,0.006913864,0.002189734,0.0,0.05011879,0.046890803
8198,0.002747314,0.0,0.036368825,0.006904867,0.0021521207,0.0,0.051169332,0.046887904
8199,0.002852202,0.0,0.036312856,0.006899553,0.0021823235,0.0,0.04951238,0.04688582
8200,0.0027504424,0.0,0.037041076,0.006897147,0.0020351876,0.0,0.050596856,0.046882987
8201,0.0026698306,0.0,0.03711236,0.0068954946,0.0020857507,0.0,0.050535306,0.04688046
8202,0.002780074,0.0,0.037243046,0.006893845,0.0021414668,0.0,0.050028924,0.04687844
8203,0.0027845197,0.0,0.03703768,0.006891865,0.0020999303,0.0,0.051257715,0.046875194
8204,0.0026539452,0.0,0.036641687,0.0068895034,0.0020342348,0.0,0.05051711,0.046872094
8205,0.0024757753,0.0,0.037743386,0.0068869833,0.0023502186,0.0,0.050292883,0.04687149
8206,0.0026207443,0.0,0.03649427,0.006883555,0.002094055,0.0,0.050123267,0.04687092
8207,0.0026032329,0.0,0.037131067,0.0068790917,0.0022551608,0.0,0.051077373,0.046868563
8208,0.0028158873,0.0,0.03773183,0.006875431,0.0020925528,0.0,0.04991964,0.046868782
8209,0.002692816,0.0,0.03789893,0.0068724873,0.0023200437,0.0,0.047372546,0.04686738
8210,0.002799252,0.0,0.037350487,0.006869468,0.0020927738,0.0,0.04982171,0.0468642
8211,0.0024785558,0.0,0.037410386,0.0068659107,0.0022546109,0.0,0.050000805,0.046858724
8212,0.0029088543,0.0,0.037078444,0.006862359,0.0021297915,0.0,0.049612008,0.046853162
8213,0.002788495,0.0,0.036706503,0.0068595526,0.0021745334,0.0,0.052229345,0.046848033
8214,0.002702034,0.0,0.036472846,0.0068574343,0.0020475874,0.0,0.04863712,0.046843484
8215,0.0027064641,0.0,0.03751998,0.006854923,0.0022147621,0.0,0.047939204,0.046839643
8216,0.0026775394,0.0,0.03746652,0.0068523553,0.0021491675,0.0,0.05376518,0.046835534
8217,0.002404291,0.0,0.03726136,0.0068504605,0.0022158886,0.0,0.0510041,0.046835594
8218,0.0027831215,0.0,0.03739896,0.0068484293,0.0021664435,0.0,0.05059072,0.04683461
8219,0.0027182112,0.0,0.036568653,0.006845619,0.0020968176,0.0,0.052499037,0.046831686
8220,0.0026283015,0.0,0.03551841,0.0068421406,0.002176084,0.0,0.050863203,0.0468299
8221,0.0027260748,0.0,0.036199898,0.0068382416,0.0020939875,0.0,0.05158944,0.046828702
8222,0.0027516831,0.0,0.036174096,0.0068338336,0.0022725954,0.0,0.049861807,0.046830352
8223,0.0029376869,0.0,0.037674405,0.0068285745,0.002033556,0.0,0.049301643,0.046832334
8224,0.0026419836,0.0,0.036933955,0.006822529,0.0022532218,0.0,0.047972955,0.046832874
8225,0.0027775262,0.0,0.036536608,0.00683664,0.0020969033,0.0,0.05247719,0.0468312
8226,0.0025890633,0.0,0.03653063,0.006866047,0.0021398203,0.0,0.050126996,0.04683163
8227,0.0026348243,0.0,0.037252724,0.006907321,0.0021596907,0.0,0.051175747,0.04683529
8228,0.002565604,0.0,0.03701691,0.006955091,0.0021209766,0.0,0.048340805,0.046840783
8229,0.002466869,0.0,0.03636396,0.0070059337,0.0021883703,0.0,0.04981896,0.04684758
8230,0.0027536917,0.0,0.037115507,0.007060051,0.0021075257,0.0,0.05135773,0.04685275
8231,0.00256615,0.0,0.03739822,0.0071131587,0.0021113292,0.0,0.0498036,0.046858463
8232,0.0025556171,0.0,0.038080256,0.0071635265,0.0020831665,0.0,0.051054567,0.046861146
8233,0.0027253823,0.0,0.036930118,0.0072100866,0.0022706299,0.0,0.048859388,0.046861194
8234,0.0027872056,0.0,0.03715705,0.0072524115,0.002078929,0.0,0.05086563,0.04686075
8235,0.0027126314,0.0,0.036735523,0.0072915815,0.0021945676,0.0,0.050532762,0.046861824
8236,0.00295719,0.0,0.03689236,0.007327342,0.0020691818,0.0,0.04857614,0.046865158
8237,0.0026344955,0.0,0.036846824,0.0073585887,0.0021332896,0.0,0.04983494,0.04686528
8238,0.0025744827,0.0,0.03722793,0.0073850965,0.0020752707,0.0,0.04779235,0.04686431
8239,0.0026171212,0.0,0.03773068,0.0074068005,0.0022294107,0.0,0.04996395,0.04686356
8240,0.0027204142,0.0,0.0371611,0.007423792,0.0020736922,0.0,0.04963947,0.0468621
8241,0.0026752923,0.0,0.037015248,0.0074363877,0.0020314932,0.0,0.0532171,0.046860427
8242,0.0025450997,0.0,0.036742672,0.007444912,0.0022011837,0.0,0.050875258,0.046861634
8243,0.002744787,0.0,0.037918724,0.007449821,0.002194873,0.0,0.048557606,0.046867065
8244,0.0027165844,0.0,0.03687643,0.0074514947,0.0019959065,0.0,0.04746174,0.046870723
8245,0.0026692525,0.0,0.036747966,0.007450101,0.002104434,0.0,0.048753586,0.046872936
8246,0.0024770843,0.0,0.037380982,0.007446055,0.0019558086,0.0,0.050955717,0.046874084
8247,0.0028146158,0.0,0.037137765,0.0074394783,0.0021125097,0.0,0.04873397,0.04687407
8248,0.0027851854,0.0,0.037646312,0.00743161,0.0019895637,0.0,0.052386727,0.046872538
8249,0.002703312,0.0,0.037329976,0.0074219382,0.001987335,0.0,0.052441154,0.046871252
8250,0.0029532737,0.0,0.037279177,0.0074107326,0.001966462,0.0,0.051070943,0.04686957
8251,0.002739101,0.0,0.03780553,0.0073981183,0.0019391039,0.0,0.052244164,0.046867564
8252,0.0026671216,0.0,0.037593763,0.007384193,0.0020258622,0.0,0.05076386,0.04686661
8253,0.0029261885,0.0,0.037856694,0.0073719616,0.0018858219,0.0,0.04914465,0.046865776
8254,0.0027237204,0.0,0.036961544,0.0073818085,0.0019105024,0.0,0.048501834,0.046862245
8255,0.002751349,0.0,0.03713466,0.007402737,0.0020452766,0.0,0.049817886,0.046857633
8256,0.0028246522,0.0,0.0372722,0.007430411,0.0019209263,0.0,0.04948255,0.046852726
8257,0.0024862697,0.0,0.036731724,0.007463777,0.0019748297,0.0,0.050354812,0.04684884
8258,0.0025975537,0.0,0.037982408,0.007499309,0.0019984175,0.0,0.051563732,0.046843663
8259,0.0026517874,0.0,0.03662305,0.007534648,0.0019893537,0.0,0.051010467,0.046837926
8260,0.0027087121,0.0,0.03660663,0.007569291,0.0020240028,0.0,0.05055398,0.04683265
8261,0.0027443892,0.0,0.038199574,0.007601536,0.0020189176,0.0,0.048886873,0.04682785
8262,0.0026040676,0.0,0.037376042,0.0076303277,0.0018079033,0.0,0.04872083,0.046822373
8263,0.0027464137,0.0,0.037773687,0.007655266,0.0019935134,0.0,0.051259693,0.046820927
8264,0.002776844,0.0,0.03721632,0.0076757604,0.0018761408,0.0,0.050266083,0.046820853
8265,0.002557051,0.0,0.036125757,0.00769588,0.0020662416,0.0,0.050296437,0.046818044
8266,0.0027669498,0.0,0.037580185,0.0077136005,0.0019239314,0.0,0.047640435,0.046816055
8267,0.0028423835,0.0,0.03744354,0.007728965,0.0019739405,0.0,0.04847603,0.046813134
8268,0.0027078623,0.0,0.035962384,0.007741398,0.0019296298,0.0,0.049349196,0.046812918
8269,0.0027386288,0.0,0.03634567,0.007750751,0.0018145045,0.0,0.049830306,0.046812307
8270,0.0026529555,0.0,0.036200214,0.0077568274,0.0019568237,0.0,0.049929794,0.046812654
8271,0.002658401,0.0,0.03707721,0.0077597145,0.001941162,0.0,0.048486263,0.046811905
8272,0.0029500525,0.0,0.03792581,0.007759409,0.0019991735,0.0,0.049017955,0.046812296
8273,0.002899131,0.0,0.037018105,0.0077560474,0.0019639,0.0,0.052494477,0.046812743
8274,0.002799046,0.0,0.03729652,0.007749953,0.002087036,0.0,0.05454013,0.0468138
8275,0.002668631,0.0,0.036319453,0.0077421525,0.0019289638,0.0,0.05240996,0.046815917
8276,0.002586923,0.0,0.037364524,0.007732158,0.0019924834,0.0,0.048570402,0.04681663
8277,0.0026738509,0.0,0.037521604,0.0077202558,0.0019093459,0.0,0.049752437,0.04681485
8278,0.002580914,0.0,0.037693247,0.0077066487,0.0020383885,0.0,0.050305836,0.04681226
8279,0.002904885,0.0,0.03670461,0.0076914313,0.0019030045,0.0,0.047823977,0.046808906
8280,0.0029279094,0.0,0.03710673,0.0076748086,0.001974924,0.0,0.05037637,0.046806008
8281,0.0027489103,0.0,0.037256613,0.0076576383,0.0020275314,0.0,0.054640114,0.046801604
8282,0.0028360663,0.0,0.036889598,0.007640209,0.0019179955,0.0,0.050546758,0.046800688
8283,0.0028236404,0.0,0.036393434,0.007622181,0.001891844,0.0,0.051859833,0.046799067
8284,0.002692917,0.0,0.037020814,0.007605108,0.0019049881,0.0,0.04963272,0.04679981
8285,0.0026148849,0.0,0.037587848,0.0075922157,0.0019390329,0.0,0.050162803,0.046800397
8286,0.0026044324,0.0,0.037533298,0.007580866,0.0019975468,0.0,0.049980894,0.046801157
8287,0.0027924462,0.0,0.03643932,0.007570288,0.0020341452,0.0,0.0515432,0.04679927
8288,0.002651547,0.0,0.037154015,0.007564931,0.00180958,0.0,0.048867512,0.04679944
8289,0.002732243,0.0,0.03653095,0.0075613447,0.0018327638,0.0,0.050341018,0.04679974
8290,0.0025895606,0.0,0.036913496,0.0075582936,0.0018658715,0.0,0.04909453,0.04680244
8291,0.0028529672,0.0,0.037751142,0.007555645,0.0018247055,0.0,0.0496351,0.04680309
8292,0.0025329504,0.0,0.03659591,0.007553469,0.0018581674,0.0,0.0497039,0.046805993
8293,0.0028812517,0.0,0.03741523,0.007551183,0.0018733775,0.0,0.050516352,0.046808973
8294,0.0028571365,0.0,0.03760061,0.0075479588,0.0018532604,0.0,0.052233204,0.046810016
8295,0.0028931329,0.0,0.036285352,0.007543362,0.0019209271,0.0,0.05015022,0.046812214
8296,0.0026787845,0.0,0.036608536,0.007537123,0.0019124702,0.0,0.04891385,0.046811882
8297,0.0027578694,0.0,0.037353054,0.0075307414,0.0018440073,0.0,0.04900105,0.04680881
8298,0.0027067382,0.0,0.036966316,0.007523005,0.0018244704,0.0,0.04946893,0.046807025
8299,0.002669942,0.0,0.037118338,0.007513887,0.0018492192,0.0,0.049990006,0.04680383
8300,0.0028269677,0.0,0.036998875,0.007503344,0.0018546042,0.0,0.05084002,0.046799097
8301,0.002940065,0.0,0.038498677,0.00749141,0.0019226258,0.0,0.049459066,0.046796083
8302,0.0027161152,0.0,0.037435737,0.0074783415,0.001913247,0.0,0.050184403,0.04679601
8303,0.0025779775,0.0,0.037478343,0.0074641,0.0019809923,0.0,0.04954538,0.04679527
8304,0.0027151678,0.0,0.03666203,0.007449003,0.001806859,0.0,0.047551617,0.046796337
8305,0.0027061843,0.0,0.03769931,0.007433295,0.0018666533,0.0,0.04949314,0.04679511
8306,0.0029166974,0.0,0.037654992,0.0074167917,0.002065424,0.0,0.05011488,0.046792533
8307,0.0029024302,0.0,0.037260555,0.0073995707,0.0022169985,0.0,0.0523379,0.04678921
8308,0.0027380746,0.0,0.03735029,0.0073817084,0.0023243725,0.0,0.05000585,0.046784285
8309,0.0028304583,0.0,0.036898725,0.007363841,0.0018917295,0.0,0.04984378,0.0467792
8310,0.002923852,0.0,0.03706622,0.0073463744,0.0020961766,0.0,0.050688807,0.046774276
8311,0.0026525438,0.0,0.037364807,0.007328801,0.0020179022,0.0,0.049649764,0.046769813
8312,0.0026735847,0.0,0.036780406,0.0073109954,0.0021978698,0.0,0.050116252,0.04676728
8313,0.0026218928,0.0,0.03807129,0.0072936546,0.0020605908,0.0,0.051588003,0.04676463
8314,0.0026467198,0.0,0.037233625,0.0072763255,0.002282741,0.0,0.050454874,0.046761785
8315,0.0027670483,0.0,0.037148982,0.0072588734,0.002105204,0.0,0.049747083,0.04675874
8316,0.0026499361,0.0,0.036564115,0.007241208,0.0020086076,0.0,0.05136074,0.04675505
8317,0.002625307,0.0,0.036769114,0.0072232876,0.0020457709,0.0,0.04864565,0.046752676
8318,0.0026547338,0.0,0.03627765,0.0072053713,0.0021336735,0.0,0.051023487,0.046749867
8319,0.002676987,0.0,0.037690878,0.0071872203,0.0019042391,0.0,0.049686737,0.046745654
8320,0.0028638982,0.0,0.037187237,0.0071690693,0.001979709,0.0,0.050245468,0.046743885
8321,0.0027708379,0.0,0.037603837,0.007161069,0.0021378489,0.0,0.052102108,0.04674522
8322,0.002925037,0.0,0.037831984,0.007157058,0.0018659207,0.0,0.049089096,0.046749536
8323,0.002642625,0.0,0.037246566,0.0071555986,0.002209879,0.0,0.05258058,0.04675401
8324,0.0027122088,0.0,0.036900643,0.007156063,0.0019671738,0.0,0.050420124,0.046759505
8325,0.002760842,0.0,0.037494276,0.0071571884,0.0020199774,0.0,0.050882474,0.046765402
8326,0.0026423382,0.0,0.037469555,0.0071583064,0.0018238897,0.0,0.051500447,0.04677275
8327,0.0027134113,0.0,0.036929432,0.0071588876,0.0019925295,0.0,0.0491652,0.046779025
8328,0.0027371815,0.0,0.03784434,0.0071585528,0.0019197593,0.0,0.050991163,0.04678362
8329,0.002725518,0.0,0.036225416,0.007157531,0.0020800377,0.0,0.049822174,0.04678855
8330,0.0027571807,0.0,0.036874056,0.0071574,0.0018448273,0.0,0.04826093,0.046794113
8331,0.0027209774,0.0,0.037022945,0.0071565136,0.002045821,0.0,0.050478753,0.04679895
8332,0.0028756754,0.0,0.036965292,0.007154564,0.001808035,0.0,0.049002264,0.046806782
8333,0.0027297416,0.0,0.037038866,0.00715127,0.0018856322,0.0,0.049143303,0.046817284
8334,0.0025671315,0.0,0.036237665,0.0071466626,0.0018482436,0.0,0.04919908,0.04682953
8335,0.0029125535,0.0,0.036804818,0.007140728,0.0019414918,0.0,0.05037047,0.046841122
8336,0.0027673186,0.0,0.03668578,0.0071334844,0.0018796697,0.0,0.04770754,0.04684936
8337,0.002713287,0.0,0.037494075,0.007125581,0.0018845864,0.0,0.048270185,0.046856925
8338,0.0025673565,0.0,0.03639969,0.00711661,0.0018161549,0.0,0.052573863,0.04686334
8339,0.00254777,0.0,0.037234407,0.00710662,0.0019802053,0.0,0.050164357,0.04686895
8340,0.002988405,0.0,0.036809705,0.0070957467,0.0018291103,0.0,0.048031107,0.0468751
8341,0.0029028393,0.0,0.037492815,0.0070849396,0.001816362,0.0,0.047168113,0.046878736
8342,0.002428678,0.0,0.035875853,0.0070737647,0.0019227336,0.0,0.0521366,0.04687866
8343,0.002575473,0.0,0.03655372,0.0070620845,0.0019565395,0.0,0.051208604,0.04688006
8344,0.0027120423,0.0,0.037176047,0.0070498683,0.0018322195,0.0,0.050620597,0.04687909
8345,0.0025756012,0.0,0.036985118,0.0070375525,0.0019414544,0.0,0.049461126,0.04687892
8346,0.0027071547,0.0,0.03694139,0.0070249885,0.0018112255,0.0,0.049060564,0.046876997
8347,0.0025387611,0.0,0.03756125,0.0070120543,0.0019389308,0.0,0.049849413,0.04687586
8348,0.002678805,0.0,0.036810793,0.0069987373,0.0019223752,0.0,0.04906582,0.04687463
8349,0.0026403966,0.0,0.037282705,0.0069853878,0.0018466463,0.0,0.049779627,0.046873365
8350,0.0027777583,0.0,0.037448686,0.0069717965,0.0018857262,0.0,0.049435306,0.0468744
8351,0.0025734259,0.0,0.037254263,0.006958303,0.0018523664,0.0,0.052589778,0.046878617
8352,0.0027189304,0.0,0.03680227,0.006954082,0.0018776397,0.0,0.05039638,0.046885766
8353,0.0029013052,0.0,0.03668254,0.0069531524,0.0018705463,0.0,0.048737254,0.046891615
8354,0.0025643362,0.0,0.036291886,0.0069543105,0.0020047538,0.0,0.050784197,0.046894826
8355,0.0028969892,0.0,0.036183853,0.006957715,0.0018808668,0.0,0.04954526,0.046899818
8356,0.0026994487,0.0,0.036731012,0.0069616996,0.0019578794,0.0,0.04905728,0.046903394
8357,0.002662547,0.0,0.03748936,0.0069661047,0.001992833,0.0,0.049697742,0.046903837
8358,0.002847885,0.0,0.036766566,0.0069698617,0.001908731,0.0,0.050879143,0.046903975
8359,0.0026682694,0.0,0.03729417,0.0069725905,0.0020788696,0.0,0.050184786,0.046904344
8360,0.0027830396,0.0,0.036969326,0.006973933,0.0020058043,0.0,0.049273267,0.04690519
8361,0.0026939227,0.0,0.03759867,0.006973729,0.0019563173,0.0,0.050397042,0.046903107
8362,0.0027421648,0.0,0.037264194,0.006971936,0.0018522255,0.0,0.050581336,0.0469028
8363,0.0026547245,0.0,0.03694137,0.0069699227,0.0020507697,0.0,0.048444584,0.046903733
8364,0.0028894038,0.0,0.03653698,0.006968849,0.0018591151,0.0,0.05038026,0.046905223
8365,0.0027893872,0.0,0.037517525,0.006969031,0.002009543,0.0,0.048582878,0.0469053
8366,0.0025015732,0.0,0.03719664,0.0069734585,0.0018879793,0.0,0.05029394,0.046904575
8367,0.002696702,0.0,0.036676563,0.0069807786,0.0021721881,0.0,0.05067281,0.04690556
8368,0.002717311,0.0,0.037017528,0.006988918,0.0020038136,0.0,0.05142691,0.04690648
8369,0.0027358981,0.0,0.037480965,0.006997524,0.0020339445,0.0,0.050344076,0.046905592
8370,0.002719375,0.0,0.03690478,0.0070053306,0.0019484309,0.0,0.050433118,0.04690515
8371,0.0026550232,0.0,0.0363805,0.0070117577,0.001958444,0.0,0.05139423,0.046902437
8372,0.0027151776,0.0,0.03680112,0.0070164204,0.0019068862,0.0,0.05012052,0.046900775
8373,0.002695698,0.0,0.037466526,0.0070191193,0.0020301398,0.0,0.052878365,0.04690059
8374,0.0028285016,0.0,0.03702198,0.0070215757,0.0020694046,0.0,0.048858915,0.046901513
8375,0.0030403633,0.0,0.036624487,0.007022416,0.0019103835,0.0,0.05027098,0.046901982
8376,0.0025533587,0.0,0.03794722,0.007021733,0.0019855744,0.0,0.052786365,0.04690311
8377,0.0027702157,0.0,0.037034508,0.0070194197,0.0018476432,0.0,0.04895291,0.046902906
8378,0.0028591761,0.0,0.03783858,0.0070154914,0.0019085245,0.0,0.04885653,0.04690142
8379,0.0026958324,0.0,0.03671153,0.0070099407,0.001851198,0.0,0.05072392,0.046901967
8380,0.0027064246,0.0,0.036680143,0.007003021,0.0020535428,0.0,0.05021812,0.04690334
8381,0.0026915523,0.0,0.037012655,0.006994816,0.0020106207,0.0,0.050909076,0.046905693
8382,0.002741851,0.0,0.03664685,0.006985964,0.0018958986,0.0,0.046184506,0.046909038
8383,0.0029291336,0.0,0.037164506,0.0069761765,0.001954269,0.0,0.051779874,0.046911113
8384,0.0028073515,0.0,0.03719675,0.0069655185,0.0020037338,0.0,0.053205464,0.046916656
8385,0.002849757,0.0,0.037585683,0.0069545675,0.0018397412,0.0,0.049303412,0.046920583
8386,0.0026865215,0.0,0.036937743,0.0069444305,0.0020094768,0.0,0.051490437,0.046925675
8387,0.0028136987,0.0,0.03658173,0.006934133,0.0018285485,0.0,0.050642807,0.04693152
8388,0.0030547495,0.0,0.036981113,0.006923578,0.0021162026,0.0,0.050021186,0.04693795
8389,0.0028756296,0.0,0.037783124,0.0069126557,0.0018983019,0.0,0.051644668,0.046944913
8390,0.002718993,0.0,0.03643813,0.0069076894,0.0019553893,0.0,0.050056394,0.046953496
8391,0.0028017121,0.0,0.036035765,0.006906614,0.0020137732,0.0,0.048515312,0.046960372
8392,0.0028378412,0.0,0.037676267,0.0069074393,0.0020678882,0.0,0.049496967,0.046965715
8393,0.002705723,0.0,0.036492966,0.0069132755,0.0019758397,0.0,0.051989064,0.046972215
8394,0.0028925969,0.0,0.036513586,0.006920366,0.0022619497,0.0,0.05008281,0.046977147
8395,0.003115613,0.0,0.036227617,0.0069277026,0.0021970002,0.0,0.04997696,0.04698242
8396,0.0030004585,0.0,0.03703189,0.0069361073,0.0022043441,0.0,0.050279737,0.046987794
8397,0.0030144122,0.0,0.037430223,0.006944014,0.002145886,0.0,0.052669797,0.046991162
8398,0.0029431758,0.0,0.03674112,0.0069507575,0.0020096854,0.0,0.048438612,0.046995055
8399,0.0027170859,0.0,0.03671465,0.006955979,0.0020351172,0.0,0.050706968,0.04699637
8400,0.0028641312,0.0,0.037054036,0.0069597,0.002009779,0.0,0.051895928,0.046998955
8401,0.0027636949,0.0,0.037540674,0.006961692,0.002003955,0.0,0.05122039,0.047000553
8402,0.0028365646,0.0,0.037585262,0.006962749,0.0021072533,0.0,0.050387464,0.047000244
8403,0.0026619965,0.0,0.03682196,0.0069622085,0.0021322658,0.0,0.050577093,0.0469986
8404,0.0027414318,0.0,0.03679182,0.0069602053,0.0020640413,0.0,0.05252831,0.04699586
8405,0.0024751697,0.0,0.03681008,0.006957978,0.002125988,0.0,0.05208896,0.046993937
8406,0.0026600258,0.0,0.03717534,0.0069544646,0.0020698335,0.0,0.048644528,0.04699198
8407,0.0027139648,0.0,0.03678015,0.006951405,0.0020237558,0.0,0.050203428,0.046991087
8408,0.002649288,0.0,0.036832117,0.006947612,0.0021277,0.0,0.052615035,0.046990562
8409,0.002723333,0.0,0.03647256,0.00694325,0.0019289325,0.0,0.050129805,0.046991136
8410,0.00283883,0.0,0.038838767,0.0069385525,0.0020706898,0.0,0.050959602,0.04699185
8411,0.0028389266,0.0,0.03682885,0.0069337348,0.002058362,0.0,0.05093142,0.046991367
8412,0.0028224818,0.0,0.037305474,0.0069283945,0.0020481697,0.0,0.049504302,0.046988174
8413,0.002714956,0.0,0.037226684,0.006924675,0.0018933854,0.0,0.050236907,0.046982817
8414,0.0028327545,0.0,0.03750654,0.006920363,0.0020020402,0.0,0.050335705,0.046978164
8415,0.002775934,0.0,0.036608603,0.0069152927,0.002018558,0.0,0.047429074,0.046975072
8416,0.0028677331,0.0,0.036743823,0.006909294,0.0019729338,0.0,0.047996767,0.04697172
8417,0.002807884,0.0,0.03771704,0.006902327,0.0020201935,0.0,0.05011499,0.046967354
8418,0.0025978682,0.0,0.03700846,0.0068943626,0.0019582424,0.0,0.049096137,0.046962738
8419,0.0028404098,0.0,0.037893996,0.006886006,0.002024352,0.0,0.048558645,0.046958685
8420,0.002728032,0.0,0.03750778,0.0068768347,0.0020559416,0.0,0.049691513,0.046953566
8421,0.0028304665,0.0,0.037625916,0.0068668867,0.0019492875,0.0,0.04948546,0.04694694
8422,0.0025867675,0.0,0.037412174,0.0068654944,0.0021070538,0.0,0.050255373,0.04693996
8423,0.0027326725,0.0,0.03766566,0.006866691,0.0019334577,0.0,0.047624096,0.04693441
8424,0.0026388976,0.0,0.03722612,0.0068693003,0.0019009749,0.0,0.049761947,0.046927124
8425,0.0026363935,0.0,0.037289906,0.0068724556,0.001952902,0.0,0.050153755,0.046922546
8426,0.0027294536,0.0,0.036748998,0.00687559,0.0020697508,0.0,0.049870964,0.04691662
8427,0.0026093505,0.0,0.03646803,0.006879492,0.0019547269,0.0,0.05077532,0.04691338
8428,0.0026388962,0.0,0.03822383,0.006885319,0.0020295659,0.0,0.048448224,0.046909485
8429,0.0026943588,0.0,0.03662554,0.0068911496,0.0020864597,0.0,0.05030602,0.046903674
8430,0.0026897606,0.0,0.037311815,0.0068962,0.0019252975,0.0,0.051361687,0.046897378
8431,0.002720507,0.0,0.037109558,0.006900254,0.0020180638,0.0,0.050248027,0.046890244
8432,0.0026927146,0.0,0.037072547,0.0069028623,0.0019477172,0.0,0.04801662,0.046885062
8433,0.002565278,0.0,0.03561778,0.006903839,0.00208979,0.0,0.050072715,0.046878144
8434,0.002763212,0.0,0.03684525,0.0069036554,0.00193824,0.0,0.05006082,0.046874385
8435,0.002722394,0.0,0.036680587,0.0069024004,0.002027491,0.0,0.049538467,0.04687411
8436,0.0025738631,0.0,0.037975445,0.006899837,0.0020880913,0.0,0.048637595,0.046875637
8437,0.0026179308,0.0,0.037399437,0.0068965065,0.001967904,0.0,0.051509038,0.046876475
8438,0.0026605597,0.0,0.03678886,0.0068919947,0.002028653,0.0,0.048798025,0.046878
8439,0.002787662,0.0,0.037286416,0.006886288,0.0020118398,0.0,0.0504832,0.046880566
8440,0.0026287693,0.0,0.037860792,0.006879457,0.0019357954,0.0,0.051172853,0.046883017
8441,0.002774073,0.0,0.036748573,0.006871545,0.0018792219,0.0,0.05007747,0.046884075
8442,0.002875119,0.0,0.037987147,0.0068626255,0.0020948465,0.0,0.050487656,0.046886094
8443,0.002554372,0.0,0.03663019,0.006852785,0.0019307581,0.0,0.05098958,0.046887908
8444,0.0027772232,0.0,0.03555134,0.006842193,0.0019876272,0.0,0.04916966,0.046888046
8445,0.0027219297,0.0,0.037044056,0.006830894,0.0020286327,0.0,0.05209354,0.04688626
8446,0.0026114665,0.0,0.036952004,0.006819377,0.0021052603,0.0,0.05016034,0.046886127
8447,0.002861529,0.0,0.037291974,0.0068126363,0.0019495259,0.0,0.05106358,0.04688591
8448,0.0028869584,0.0,0.037099272,0.006807257,0.0020059466,0.0,0.049464203,0.046887867
8449,0.002397379,0.0,0.03655545,0.00680237,0.0019401413,0.0,0.05011932,0.04688957
8450,0.002788593,0.0,0.036915604,0.006798794,0.0019032574,0.0,0.049986765,0.046889525
8451,0.0026954897,0.0,0.037963904,0.006795592,0.0019346493,0.0,0.049201563,0.046887565
8452,0.0025031243,0.0,0.03584206,0.006792175,0.002107289,0.0,0.050857645,0.04688529
8453,0.0027571598,0.0,0.03824462,0.0067882296,0.0019568289,0.0,0.05111766,0.04688239
8454,0.002801924,0.0,0.03706519,0.0067835366,0.0019104443,0.0,0.052398242,0.046879414
8455,0.0027303174,0.0,0.037168253,0.006777974,0.0019085815,0.0,0.047904942,0.046878368
8456,0.0025602311,0.0,0.03740105,0.006787927,0.0019147537,0.0,0.049023263,0.04687719
8457,0.0028180098,0.0,0.036666468,0.006802902,0.0018355073,0.0,0.051824775,0.046875466
8458,0.0025801435,0.0,0.037197743,0.006821082,0.0019076013,0.0,0.05047301,0.046873007
8459,0.0026664168,0.0,0.03778257,0.006840245,0.0019238648,0.0,0.048480075,0.046869013
8460,0.0029427998,0.0,0.036954988,0.00685885,0.0019518358,0.0,0.04695653,0.046862554
8461,0.002808742,0.0,0.036726553,0.006875799,0.0019385556,0.0,0.051196713,0.04685416
8462,0.002596998,0.0,0.03743996,0.0068909368,0.0017651878,0.0,0.048445083,0.04684589
8463,0.0025603562,0.0,0.038148396,0.0069038128,0.0018733019,0.0,0.050880376,0.046839587
8464,0.002673318,0.0,0.03695407,0.006913968,0.0017852398,0.0,0.05124792,0.046835847
8465,0.002737057,0.0,0.037510764,0.0069213407,0.0019158721,0.0,0.048711777,0.046835918
8466,0.0028541281,0.0,0.03676338,0.006926041,0.0019110319,0.0,0.05227305,0.046835974
8467,0.0027282694,0.0,0.037140902,0.0069282292,0.0018610249,0.0,0.050930116,0.04683792
8468,0.0025966896,0.0,0.036564603,0.006928423,0.0019225526,0.0,0.052715287,0.04684078
8469,0.002734231,0.0,0.03708136,0.0069265924,0.0019542375,0.0,0.049405653,0.046846274
8470,0.0025519172,0.0,0.037014946,0.0069235642,0.001899996,0.0,0.05166638,0.046852197
8471,0.0027572017,0.0,0.03688009,0.0069208364,0.00192768,0.0,0.051107682,0.046857525
8472,0.0025320216,0.0,0.037839174,0.0069170496,0.002078582,0.0,0.050228827,0.04686244
8473,0.0027233346,0.0,0.036355514,0.0069122924,0.0018857429,0.0,0.04987559,0.0468693
8474,0.0027668222,0.0,0.037086464,0.0069062435,0.001914754,0.0,0.04861007,0.046872027
8475,0.0027498736,0.0,0.03856745,0.006899489,0.0019999414,0.0,0.050434902,0.046874855
8476,0.0027443978,0.0,0.03743618,0.00689161,0.0019391637,0.0,0.049432814,0.046878602
8477,0.0025230274,0.0,0.03776364,0.0068832138,0.0019866342,0.0,0.05137883,0.04688274
8478,0.0027367931,0.0,0.03593651,0.0068740766,0.0020255456,0.0,0.049233966,0.046886932
8479,0.002976602,0.0,0.03691065,0.006864622,0.0019491618,0.0,0.050916348,0.04689115
8480,0.0028332528,0.0,0.037790358,0.0068544876,0.0019766574,0.0,0.04982066,0.04689528
8481,0.0026371325,0.0,0.03779571,0.0068448964,0.002037169,0.0,0.048829194,0.04690155
8482,0.0028655743,0.0,0.038294602,0.0068348544,0.0019217993,0.0,0.050420523,0.046907
8483,0.0025679918,0.0,0.03719036,0.0068296352,0.0020260666,0.0,0.0529667,0.046910875
8484,0.0027851735,0.0,0.037209965,0.0068264324,0.0019824207,0.0,0.051131632,0.046916142
8485,0.0026601255,0.0,0.037350483,0.006824281,0.0019142058,0.0,0.04940822,0.04692072
8486,0.002541081,0.0,0.036371876,0.006827363,0.001920573,0.0,0.051240634,0.0469233
8487,0.0028452885,0.0,0.037755147,0.0068320553,0.0020155706,0.0,0.04963872,0.046923585
8488,0.0029279075,0.0,0.037890926,0.006837221,0.001987714,0.0,0.048391324,0.04692254
8489,0.0025573552,0.0,0.036876492,0.006841995,0.0019509718,0.0,0.05248348,0.046919264
8490,0.0026388827,0.0,0.037321977,0.0068460708,0.0018328968,0.0,0.04885126,0.046915255
8491,0.002698349,0.0,0.036516067,0.0068487567,0.0019143833,0.0,0.050059255,0.04690972
8492,0.0028311247,0.0,0.037929595,0.006850448,0.0018582506,0.0,0.050808262,0.0469044
8493,0.0026740865,0.0,0.036758564,0.006850868,0.0019203124,0.0,0.04957914,0.04690067
8494,0.0027861113,0.0,0.03691341,0.006849627,0.0019227485,0.0,0.04919355,0.04689498
8495,0.002657023,0.0,0.037140604,0.0068467846,0.0020964877,0.0,0.04856637,0.046888486
8496,0.0027933107,0.0,0.0361284,0.0068424037,0.0020044227,0.0,0.049629036,0.046884555
8497,0.0028883144,0.0,0.036430538,0.006836608,0.0020655424,0.0,0.049159918,0.04687862
8498,0.002632284,0.0,0.037829354,0.006829535,0.0019041181,0.0,0.050910626,0.046876755
8499,0.002600889,0.0,0.037683163,0.0068213237,0.002070374,0.0,0.04929112,0.046878405
8500,0.0027914832,0.0,0.03633411,0.0068119396,0.0018353795,0.0,0.051646065,0.046879873
8501,0.0026906133,0.0,0.03701156,0.0068021747,0.0020855789,0.0,0.049527287,0.04688099
8502,0.00269994,0.0,0.037547167,0.0067918426,0.0020145325,0.0,0.048917014,0.04687932
8503,0.0029295976,0.0,0.036567993,0.0067812116,0.0019237543,0.0,0.04831647,0.046875585
8504,0.002817133,0.0,0.03884246,0.0067700786,0.0019716553,0.0,0.049151458,0.04687154
8505,0.0025862001,0.0,0.0378171,0.006758442,0.002023899,0.0,0.048456453,0.046865873
8506,0.0025941571,0.0,0.036862634,0.0067466036,0.00196595,0.0,0.05123855,0.046859078
8507,0.00264767,0.0,0.036787342,0.0067367945,0.0020543248,0.0,0.048827678,0.046852
8508,0.0027218952,0.0,0.036404673,0.0067273234,0.0020245626,0.0,0.05067891,0.046843812
8509,0.0026866223,0.0,0.037210815,0.006718102,0.0020009752,0.0,0.049633533,0.04683785
8510,0.002772288,0.0,0.036848642,0.0067134416,0.0020762356,0.0,0.050149083,0.046831515
8511,0.0026785175,0.0,0.037551202,0.0067099654,0.0020499404,0.0,0.049109012,0.046829347
8512,0.0026584992,0.0,0.03636551,0.006708005,0.0021010996,0.0,0.04707624,0.04682754
8513,0.002758071,0.0,0.03679966,0.006706349,0.0021080317,0.0,0.052091885,0.046824828
8514,0.0027554615,0.0,0.036936052,0.0067044394,0.0020392165,0.0,0.049181428,0.046822846
8515,0.0029775565,0.0,0.036636837,0.006701932,0.0020788515,0.0,0.050399173,0.0468195
8516,0.0027698188,0.0,0.036841813,0.006698478,0.0019325796,0.0,0.05000755,0.046819203
8517,0.0026684161,0.0,0.036934543,0.0066958684,0.0020070826,0.0,0.049003597,0.046820372
8518,0.0027410989,0.0,0.037234347,0.006693122,0.001941716,0.0,0.048547436,0.046820223
8519,0.0025754063,0.0,0.036512207,0.006689822,0.0019122653,0.0,0.051680017,0.046818994
8520,0.002882511,0.0,0.03687463,0.006697311,0.0020322562,0.0,0.049057294,0.046816353
8521,0.0026253026,0.0,0.036575753,0.0067078825,0.0021553985,0.0,0.05012391,0.04681327
8522,0.0027810107,0.0,0.03822058,0.0067199715,0.002067717,0.0,0.049710386,0.046810456
8523,0.0026627579,0.0,0.03754972,0.0067365156,0.0020439788,0.0,0.051549,0.046808224
8524,0.0027616038,0.0,0.03741829,0.006753705,0.0020556515,0.0,0.051963434,0.046806037
8525,0.0025651152,0.0,0.03723611,0.0067712376,0.0019817955,0.0,0.053737313,0.046806987
8526,0.0025198855,0.0,0.037296467,0.006788393,0.002088214,0.0,0.049087446,0.046812475
8527,0.002662826,0.0,0.03713905,0.0068057477,0.0021145036,0.0,0.048305627,0.046818867
8528,0.0027602867,0.0,0.037055932,0.006821411,0.002021287,0.0,0.049754284,0.046824925
8529,0.0026567832,0.0,0.03721214,0.006835312,0.0021333317,0.0,0.05031179,0.04683059
8530,0.0025087409,0.0,0.036411915,0.006846686,0.0019434276,0.0,0.050117034,0.046838112
8531,0.002646846,0.0,0.037096437,0.0068558496,0.0020789404,0.0,0.050642274,0.046847593
8532,0.002732565,0.0,0.037479278,0.0068624406,0.0020317435,0.0,0.049420748,0.046857808
8533,0.0026313036,0.0,0.03749497,0.006870895,0.0018797758,0.0,0.050259374,0.046866294
8534,0.002614024,0.0,0.037039574,0.0068794885,0.002012745,0.0,0.04982369,0.046873223
8535,0.0027653812,0.0,0.037280567,0.006893333,0.0019665514,0.0,0.047641814,0.046880025
8536,0.0025782594,0.0,0.037266146,0.0069070994,0.0018942724,0.0,0.05056182,0.046883617
8537,0.0027757343,0.0,0.03706324,0.0069200066,0.0019599104,0.0,0.051314957,0.046886563
8538,0.00289419,0.0,0.03727351,0.006931492,0.001982753,0.0,0.049112424,0.046888247
8539,0.0026877895,0.0,0.037661597,0.0069411676,0.0019943882,0.0,0.048412308,0.046887975
8540,0.0026190649,0.0,0.036426686,0.006951173,0.0019779825,0.0,0.04703326,0.046886556
8541,0.0027209385,0.0,0.037145633,0.0069596577,0.001920324,0.0,0.048995167,0.046881925
8542,0.002627162,0.0,0.03765987,0.006967265,0.0019235451,0.0,0.049419045,0.046875536
8543,0.0024530466,0.0,0.036918115,0.0069730445,0.0018994865,0.0,0.051995285,0.046866827
8544,0.0026589518,0.0,0.036731895,0.006976716,0.0019942143,0.0,0.049332056,0.0468616
8545,0.0029393255,0.0,0.037071083,0.006978849,0.0018703344,0.0,0.05055878,0.04685747
8546,0.002633965,0.0,0.037278224,0.006978748,0.002027506,0.0,0.04971326,0.046855193
8547,0.0026671547,0.0,0.036936242,0.0069764503,0.0018859357,0.0,0.050392576,0.04685503
8548,0.002731718,0.0,0.036161188,0.006972073,0.0019186845,0.0,0.049378052,0.046854537
8549,0.0027508107,0.0,0.03808919,0.0069657755,0.001940678,0.0,0.051372718,0.04685345
8550,0.0026665472,0.0,0.03677159,0.0069901026,0.0020226336,0.0,0.04994164,0.046851717
8551,0.0027440211,0.0,0.037717033,0.0070347516,0.0020071636,0.0,0.051886495,0.046848193
8552,0.0025564893,0.0,0.03712786,0.007092697,0.0020837067,0.0,0.047952693,0.04684591
8553,0.0027563756,0.0,0.036757976,0.0071702693,0.0018726803,0.0,0.050210603,0.046841227
8554,0.002699299,0.0,0.036625948,0.0072577843,0.0017371172,0.0,0.05056572,0.04683695
8555,0.0027632015,0.0,0.036884673,0.0073498185,0.0019588436,0.0,0.04953479,0.04683052
8556,0.0025304097,0.0,0.036076996,0.0074423547,0.0018748554,0.0,0.04993608,0.046824843
8557,0.0028417322,0.0,0.03678461,0.0075328466,0.0020849456,0.0,0.04971547,0.04681769
8558,0.002498643,0.0,0.037022274,0.0076202787,0.0019772674,0.0,0.050295327,0.046810634
8559,0.0025896563,0.0,0.03676772,0.007704097,0.0020520797,0.0,0.04927222,0.04680356
8560,0.002533003,0.0,0.03691702,0.007782384,0.0020022884,0.0,0.047895502,0.046796177
8561,0.0026542435,0.0,0.037164815,0.007853815,0.0020542864,0.0,0.04966241,0.04678989
8562,0.0026794139,0.0,0.03750343,0.007919197,0.0021504178,0.0,0.050333563,0.04678488
8563,0.0028336737,0.0,0.036857758,0.007977573,0.00199954,0.0,0.05046589,0.046781797
8564,0.0026586712,0.0,0.037571963,0.008029418,0.0021400356,0.0,0.047054067,0.046777558
8565,0.0027429094,0.0,0.036920965,0.008074029,0.0020930937,0.0,0.049987014,0.04677153
8566,0.0028807304,0.0,0.036604855,0.008111725,0.0020629757,0.0,0.047962494,0.046764147
8567,0.0026361886,0.0,0.0372494,0.008142496,0.0020737827,0.0,0.048928984,0.04675844
8568,0.0026090965,0.0,0.037646495,0.00816702,0.002133064,0.0,0.049313605,0.04675529
8569,0.002679442,0.0,0.03735328,0.008186434,0.001996042,0.0,0.051986217,0.04675555
8570,0.0026336338,0.0,0.03720291,0.008200693,0.0019533224,0.0,0.048215732,0.046757795
8571,0.0025941057,0.0,0.037506133,0.008209918,0.0019862065,0.0,0.048647966,0.046760786
8572,0.0027401038,0.0,0.037231363,0.008214443,0.0020172198,0.0,0.048266575,0.046763927
8573,0.0025747723,0.0,0.036772575,0.008216308,0.0020268103,0.0,0.049387276,0.046766445
8574,0.0027118837,0.0,0.03695808,0.008216381,0.0020476808,0.0,0.049978375,0.04677122
8575,0.0028171376,0.0,0.036928132,0.008215142,0.0019308596,0.0,0.05309744,0.046778303
8576,0.0026246328,0.0,0.03759892,0.008215165,0.0020655608,0.0,0.050833825,0.046787027
8577,0.0028682293,0.0,0.03674308,0.00821611,0.0020429618,0.0,0.049803037,0.04680066
8578,0.0026533082,0.0,0.036230475,0.008216365,0.001995835,0.0,0.049471606,0.04681236
8579,0.002726223,0.0,0.036606494,0.008215146,0.0022369367,0.0,0.047855232,0.046821464
8580,0.0026452541,0.0,0.037291918,0.008212009,0.0019730886,0.0,0.048239153,0.046828434
8581,0.002639147,0.0,0.037108004,0.008206878,0.0020598215,0.0,0.04719507,0.046832815
8582,0.0027911174,0.0,0.036873613,0.00820075,0.0020605302,0.0,0.048344187,0.046836592
8583,0.0027081252,0.0,0.037212703,0.008193064,0.0020080586,0.0,0.052218683,0.046838116
8584,0.0026314978,0.0,0.036977366,0.008183462,0.001955667,0.0,0.048121676,0.046841662
8585,0.0028183544,0.0,0.03590595,0.008171714,0.0019939146,0.0,0.049108837,0.046845116
8586,0.002567458,0.0,0.036095917,0.008157722,0.0020233751,0.0,0.047802452,0.04684887
8587,0.0025074885,0.0,0.038103756,0.008141504,0.0020042534,0.0,0.04997681,0.04685035
8588,0.0028501924,0.0,0.03710881,0.008123163,0.0019290511,0.0,0.050939288,0.04685059
8589,0.0027578212,0.0,0.037385512,0.008102863,0.0020899188,0.0,0.04897724,0.046851277
8590,0.0026698024,0.0,0.037547562,0.008081374,0.0019975055,0.0,0.049011175,0.04685151
8591,0.0026713968,0.0,0.036761712,0.008061979,0.0018845322,0.0,0.04889913,0.046851784
8592,0.002716689,0.0,0.036883246,0.008043044,0.0020623733,0.0,0.05162104,0.046850283
8593,0.002698677,0.0,0.03725665,0.008023826,0.001959568,0.0,0.051430408,0.046849392
8594,0.0027172551,0.0,0.037890438,0.008004032,0.001983539,0.0,0.04888986,0.046850055
8595,0.0027582555,0.0,0.037187558,0.007983446,0.0018613321,0.0,0.049064953,0.046851143
8596,0.0028407762,0.0,0.03739458,0.007961946,0.0021180327,0.0,0.050939646,0.04685398
8597,0.002778797,0.0,0.03695778,0.007940171,0.0020955096,0.0,0.050173607,0.04685805
8598,0.002570634,0.0,0.037644025,0.0079177385,0.0018212276,0.0,0.049047228,0.046862863
8599,0.0025490602,0.0,0.03671103,0.007894614,0.0020234266,0.0,0.048177473,0.046866484
8600,0.002675738,0.0,0.037225127,0.007871651,0.001982554,0.0,0.051277366,0.046868134
8601,0.002692128,0.0,0.03679643,0.00784953,0.0019921507,0.0,0.049253523,0.046867132
8602,0.0026901711,0.0,0.037289683,0.007827529,0.0019209475,0.0,0.048651107,0.046866857
8603,0.0026065325,0.0,0.037416905,0.0078053502,0.0019622564,0.0,0.049443897,0.046867803
8604,0.0027088616,0.0,0.036319297,0.0077829165,0.0018882885,0.0,0.04866132,0.046866003
8605,0.0028294623,0.0,0.036614537,0.007760286,0.0020546515,0.0,0.047433052,0.046862498
8606,0.0026208407,0.0,0.036970157,0.0077373176,0.0021329806,0.0,0.04946607,0.046859127
8607,0.00288583,0.0,0.0369347,0.007714222,0.0018648764,0.0,0.0513089,0.04685506
8608,0.0028059063,0.0,0.036324978,0.0076908246,0.0020616774,0.0,0.04889538,0.046851348
8609,0.0026905977,0.0,0.037555672,0.00766714,0.0019051314,0.0,0.05013202,0.04684735
8610,0.0030814572,0.0,0.037647255,0.0076432666,0.0020872224,0.0,0.0474759,0.04684295
8611,0.002671539,0.0,0.037489686,0.0076203626,0.0018944583,0.0,0.04921785,0.046838734
8612,0.0026972666,0.0,0.03802868,0.0075981775,0.0018943982,0.0,0.0486005,0.046834033
8613,0.002669245,0.0,0.036692955,0.0075769625,0.0020142698,0.0,0.047312096,0.04683163
8614,0.0025507782,0.0,0.037651822,0.007556102,0.0018482879,0.0,0.049259692,0.046829417
8615,0.0027335575,0.0,0.03751198,0.0075353016,0.0018873675,0.0,0.050639965,0.046827734
8616,0.0027325454,0.0,0.03729034,0.007514412,0.0019426736,0.0,0.05135463,0.04682373
8617,0.0027653864,0.0,0.036926635,0.007493368,0.0020982544,0.0,0.049972426,0.04682244
8618,0.0028117222,0.0,0.037366107,0.007472124,0.0019028557,0.0,0.05051562,0.046820886
8619,0.0028856858,0.0,0.037077155,0.007450634,0.002032194,0.0,0.051186748,0.046820708
8620,0.0030177673,0.0,0.03634436,0.0074289762,0.0020408398,0.0,0.049320858,0.04682321
8621,0.0026051002,0.0,0.036580715,0.0074072382,0.0020936339,0.0,0.049025394,0.04682321
8622,0.0029189265,0.0,0.036922827,0.0073862104,0.0019702269,0.0,0.04934671,0.04682371
8623,0.0027760863,0.0,0.03708629,0.007369075,0.0020253523,0.0,0.052731466,0.046822846
8624,0.0026390755,0.0,0.037256017,0.007352888,0.0021949525,0.0,0.048665702,0.04682162
8625,0.002740934,0.0,0.037334803,0.0073372684,0.0019345661,0.0,0.05253455,0.046820354
8626,0.0028099017,0.0,0.036624454,0.007321904,0.0019711067,0.0,0.05027252,0.046818696
8627,0.0027924525,0.0,0.03761266,0.0073116035,0.0020957275,0.0,0.052081577,0.046817668
8628,0.0026790616,0.0,0.036811817,0.007302542,0.0019753072,0.0,0.050001144,0.046818316
8629,0.0026000333,0.0,0.037577674,0.007294074,0.0019905427,0.0,0.049581192,0.046819434
8630,0.0026003062,0.0,0.037246816,0.0072857044,0.0021768531,0.0,0.050193913,0.04681843
8631,0.002711521,0.0,0.037619494,0.0072771297,0.0021060766,0.0,0.048893522,0.04681658
8632,0.0028648148,0.0,0.036836226,0.0072683124,0.0020455604,0.0,0.050721556,0.04681435
8633,0.0029199033,0.0,0.03708687,0.0072588585,0.0022643902,0.0,0.050926305,0.046813246
8634,0.002574795,0.0,0.03789783,0.0072496086,0.0019474954,0.0,0.048236094,0.046814118
8635,0.0025434142,0.0,0.037300367,0.0072398563,0.002208849,0.0,0.048123732,0.046814796
8636,0.0028984856,0.0,0.03705244,0.007230588,0.0022810975,0.0,0.04912289,0.04681536
8637,0.0027314988,0.0,0.036343537,0.007220913,0.0022414026,0.0,0.052687015,0.04681585
8638,0.0026850174,0.0,0.036482852,0.0072107506,0.0022249024,0.0,0.050437663,0.0468171
8639,0.0029495824,0.0,0.036798924,0.0071999133,0.0021863177,0.0,0.050976608,0.04681715
8640,0.002883166,0.0,0.037846416,0.0071883537,0.0021080775,0.0,0.054119796,0.046815906
8641,0.0027642206,0.0,0.036995538,0.0071760723,0.0021895152,0.0,0.04944122,0.046816524
8642,0.0027169343,0.0,0.037871145,0.0071631153,0.0021282802,0.0,0.051150456,0.046817273
8643,0.0029811452,0.0,0.037537042,0.007149556,0.0020825358,0.0,0.049336616,0.0468198
8644,0.002680465,0.0,0.03659417,0.007135454,0.0021086738,0.0,0.050023377,0.046823118
8645,0.002740736,0.0,0.03664243,0.0071208985,0.0020512468,0.0,0.0484972,0.046826925
8646,0.0028432778,0.0,0.036938608,0.007105937,0.00213728,0.0,0.05212499,0.046829578
8647,0.0026599516,0.0,0.036219027,0.0070906477,0.0020095587,0.0,0.051564906,0.04683173
8648,0.0027601763,0.0,0.036696393,0.0070763286,0.002052067,0.0,0.047061387,0.046834316
8649,0.0027640439,0.0,0.03673241,0.0070628067,0.0019844389,0.0,0.05005329,0.046835214
8650,0.002893283,0.0,0.03699132,0.0070498507,0.002096051,0.0,0.04860897,0.046833172
8651,0.0028351177,0.0,0.037931137,0.0070379907,0.0020125892,0.0,0.049462304,0.046832427
8652,0.002722539,0.0,0.037048,0.0070319697,0.0021372065,0.0,0.048783563,0.046830546
8653,0.0030207997,0.0,0.036306053,0.0070288754,0.0020042527,0.0,0.05068593,0.046829447
8654,0.0028831793,0.0,0.036808625,0.007027519,0.0020162878,0.0,0.047869936,0.04682747
8655,0.002839171,0.0,0.037052415,0.0070268638,0.001924212,0.0,0.04952359,0.046825584
8656,0.0028117392,0.0,0.036762416,0.007026088,0.0021291322,0.0,0.050147098,0.04682409
8657,0.0024781902,0.0,0.03719145,0.0070257867,0.001839721,0.0,0.049330607,0.04682316
8658,0.002774728,0.0,0.037920456,0.0070248023,0.0020397622,0.0,0.04919606,0.04682305
8659,0.0028800333,0.0,0.037235707,0.0070230598,0.0019704674,0.0,0.051964376,0.046826392
8660,0.002700147,0.0,0.036985725,0.0070202826,0.0020715727,0.0,0.04801987,0.046826974
8661,0.0028329645,0.0,0.036121316,0.0070163724,0.0019037473,0.0,0.04987241,0.046827476
8662,0.002993052,0.0,0.037528813,0.007011553,0.00197108,0.0,0.052580297,0.04682483
8663,0.0028529617,0.0,0.037540756,0.007006244,0.0021024246,0.0,0.051389147,0.046825152
8664,0.0026376355,0.0,0.03704606,0.007002435,0.0019282815,0.0,0.048602246,0.04682345
8665,0.002699234,0.0,0.03681297,0.006998153,0.0019554247,0.0,0.050303217,0.046822093
8666,0.0026188716,0.0,0.03687816,0.006993382,0.0020334928,0.0,0.051279727,0.0468222
8667,0.002824881,0.0,0.036951073,0.0069878274,0.0020311405,0.0,0.050131526,0.046819676
8668,0.0026974324,0.0,0.03761547,0.006981789,0.0022359584,0.0,0.048468806,0.04681539
8669,0.0026881266,0.0,0.0364092,0.0069750184,0.0019358399,0.0,0.051715825,0.046810906
8670,0.002811196,0.0,0.037464827,0.0069674505,0.0020663908,0.0,0.052282345,0.046806354
8671,0.0026730022,0.0,0.038097136,0.0069590495,0.0019790935,0.0,0.047771778,0.04680641
8672,0.00276571,0.0,0.037645817,0.006949738,0.0020465588,0.0,0.050829697,0.0468069
8673,0.0026111503,0.0,0.03773593,0.0069406074,0.0021274397,0.0,0.04922549,0.04680685
8674,0.0027819828,0.0,0.036868017,0.006931205,0.0019208789,0.0,0.056644764,0.04680859
8675,0.002676256,0.0,0.03677821,0.0069213817,0.0019870813,0.0,0.050149146,0.046811994
8676,0.0028512105,0.0,0.03719869,0.0069151786,0.0019187676,0.0,0.049446926,0.046817116
8677,0.0027001416,0.0,0.036916997,0.006909848,0.0019514011,0.0,0.051417805,0.046823397
8678,0.0027803709,0.0,0.037557133,0.0069056232,0.0020182952,0.0,0.04880505,0.04683071
8679,0.0028078347,0.0,0.03790614,0.006901375,0.0019916606,0.0,0.05257104,0.046835355
8680,0.002730973,0.0,0.03786964,0.0068967054,0.0020502075,0.0,0.049538195,0.046840157
8681,0.0026453272,0.0,0.036660086,0.006891338,0.0019633905,0.0,0.049507245,0.046842974
8682,0.0026705142,0.0,0.03605184,0.0068856594,0.001970328,0.0,0.04930269,0.046846844
8683,0.0027660886,0.0,0.03672548,0.006888512,0.0019499265,0.0,0.047750082,0.04684921
8684,0.002899575,0.0,0.037527114,0.0068964385,0.001997027,0.0,0.050478842,0.046848975
8685,0.002895692,0.0,0.0371648,0.006907816,0.0018855564,0.0,0.04654269,0.04684862
8686,0.0029319467,0.0,0.036673773,0.0069209696,0.0019190098,0.0,0.048940253,0.046847157
8687,0.0029080538,0.0,0.0364853,0.006934515,0.0018806015,0.0,0.05259815,0.04684343
8688,0.0027135108,0.0,0.03693538,0.006947747,0.0018840702,0.0,0.049630318,0.046840627
8689,0.0026592745,0.0,0.037119165,0.0069597815,0.002011394,0.0,0.05025577,0.046834495
8690,0.0026278608,0.0,0.0380023,0.0069701327,0.0017924183,0.0,0.050342355,0.046828337
8691,0.0026142518,0.0,0.03672413,0.006978941,0.0019960324,0.0,0.047537446,0.046821397
8692,0.0026540072,0.0,0.037760895,0.0069858143,0.0019894396,0.0,0.051140968,0.046812244
8693,0.002645723,0.0,0.036621854,0.0069909603,0.0018458656,0.0,0.05092012,0.046801064
8694,0.0027431946,0.0,0.036340848,0.006994151,0.0018775617,0.0,0.051487073,0.046792965
8695,0.0027431797,0.0,0.03743414,0.006997693,0.0018777001,0.0,0.049818136,0.046788145
8696,0.002604747,0.0,0.037390117,0.007002249,0.0018714793,0.0,0.04768615,0.04678501
8697,0.0029392058,0.0,0.037617095,0.007005967,0.0018269493,0.0,0.049511094,0.04678112
8698,0.0025766834,0.0,0.0363646,0.0070084785,0.0019250574,0.0,0.048641913,0.046778426
8699,0.0026821315,0.0,0.037167177,0.0070216097,0.0019743922,0.0,0.050539125,0.046774838
8700,0.0027289097,0.0,0.036657844,0.0070389537,0.0020880222,0.0,0.048170093,0.046770755
8701,0.0026929365,0.0,0.036977354,0.007057932,0.0019320977,0.0,0.04883692,0.04676486
8702,0.002722153,0.0,0.03735841,0.0070770164,0.0019421547,0.0,0.049885478,0.046758574
8703,0.0026359814,0.0,0.037069127,0.0070951264,0.0019355587,0.0,0.051870763,0.04675263
8704,0.002624922,0.0,0.037181407,0.0071114986,0.0018902846,0.0,0.04986219,0.04675232
8705,0.0029392096,0.0,0.038067713,0.0071256226,0.0020366844,0.0,0.04982407,0.046753734
8706,0.002499943,0.0,0.037198592,0.0071371915,0.002008371,0.0,0.05329034,0.046754044
8707,0.0027647023,0.0,0.037104312,0.0071473517,0.0018950785,0.0,0.04797021,0.046754494
8708,0.0028542958,0.0,0.03735031,0.007155767,0.001970349,0.0,0.04871052,0.04675632
8709,0.0027526023,0.0,0.036490593,0.0071619498,0.0019319551,0.0,0.051353153,0.04675896
8710,0.00277425,0.0,0.03731215,0.00716568,0.0019205682,0.0,0.046624105,0.046762742
8711,0.0027206435,0.0,0.037317526,0.0071671507,0.0020333445,0.0,0.051396266,0.046765983
8712,0.002666718,0.0,0.037175257,0.0071671447,0.0018642523,0.0,0.04998838,0.046770304
8713,0.0028108086,0.0,0.03715619,0.007166243,0.0018197147,0.0,0.051034845,0.046771765
8714,0.0027363303,0.0,0.03672783,0.0071636387,0.0018469678,0.0,0.05049983,0.04677362
8715,0.002561745,0.0,0.036266446,0.0071592983,0.001909391,0.0,0.05056015,0.046775118
8716,0.002777044,0.0,0.036722478,0.0071557947,0.001861713,0.0,0.049801428,0.04677578
8717,0.0024994335,0.0,0.037976716,0.0071518156,0.0019325425,0.0,0.049640957,0.04677733
8718,0.0027472947,0.0,0.03785871,0.00714701,0.0018309853,0.0,0.047676995,0.04677728
8719,0.0027197024,0.0,0.037968285,0.007141147,0.0019180618,0.0,0.051120277,0.046775263
8720,0.002861109,0.0,0.03690815,0.007134017,0.0019707337,0.0,0.053340334,0.046773426
8721,0.0025848309,0.0,0.036579315,0.0071257073,0.0018494723,0.0,0.051822633,0.046773434
8722,0.0028336663,0.0,0.03769883,0.0071162065,0.0019000024,0.0,0.050081514,0.046771206
8723,0.002729696,0.0,0.03693866,0.0071061724,0.0018587976,0.0,0.049688973,0.046771377
8724,0.0026250586,0.0,0.03704538,0.0070961043,0.001996931,0.0,0.049951352,0.046772473
8725,0.0029730003,0.0,0.036647648,0.007085781,0.0019864743,0.0,0.050786853,0.04677533
8726,0.0026499773,0.0,0.036907014,0.007075394,0.0018884997,0.0,0.05205901,0.046780124
8727,0.0027357345,0.0,0.036685582,0.007064502,0.001975962,0.0,0.04941979,0.046787452
8728,0.002675563,0.0,0.037238814,0.0070530274,0.0019313837,0.0,0.05087374,0.046794325
8729,0.0028997767,0.0,0.037542693,0.0070435377,0.0018796298,0.0,0.04981768,0.04680226
8730,0.0026945341,0.0,0.036550567,0.0070347153,0.0018528794,0.0,0.051581074,0.04681444
8731,0.002760443,0.0,0.037005175,0.007025772,0.0020452358,0.0,0.051819026,0.04682813
8732,0.0026760013,0.0,0.037773255,0.007016439,0.002052354,0.0,0.047508862,0.046839356
8733,0.0026363407,0.0,0.036766317,0.007006726,0.0019842233,0.0,0.049407408,0.046849385
8734,0.0027210042,0.0,0.036894944,0.006996408,0.0020490906,0.0,0.051102996,0.046860565
8735,0.0026279076,0.0,0.0372662,0.006985406,0.0019800905,0.0,0.050365303,0.046870835
8736,0.0028183688,0.0,0.03724692,0.0069737285,0.001834532,0.0,0.050801713,0.046881992
8737,0.0026076625,0.0,0.038128547,0.0069670635,0.0021854371,0.0,0.04784645,0.046891686
8738,0.0027784908,0.0,0.036803592,0.006963013,0.0020210613,0.0,0.047741164,0.046898335
8739,0.0027666753,0.0,0.036597256,0.0069607957,0.002109405,0.0,0.04998205,0.046905164
8740,0.0025686696,0.0,0.036425177,0.0069590257,0.0021832052,0.0,0.05011331,0.046910897
8741,0.0026192605,0.0,0.037095424,0.006958591,0.0019711426,0.0,0.04823061,0.046914764
8742,0.0027171168,0.0,0.037313312,0.006957974,0.0023640026,0.0,0.051013637,0.046917178
8743,0.0027870773,0.0,0.03709481,0.0069566555,0.0020390064,0.0,0.049754523,0.046919633
8744,0.002719852,0.0,0.036845118,0.006954635,0.002154336,0.0,0.05465177,0.046923593
8745,0.0025681043,0.0,0.037759263,0.0069517493,0.0020048264,0.0,0.05116607,0.04692728
8746,0.002884644,0.0,0.03714131,0.006947816,0.0021599412,0.0,0.052306693,0.046931244
8747,0.0026756388,0.0,0.03713309,0.0069438424,0.0019535501,0.0,0.049641155,0.046935864
8748,0.002748696,0.0,0.037432656,0.006940781,0.0021530655,0.0,0.05351482,0.046941567
8749,0.002809879,0.0,0.03723838,0.006938016,0.002036486,0.0,0.049409572,0.04694792
8750,0.002727523,0.0,0.038243446,0.0069348533,0.0019368834,0.0,0.05074093,0.046951767
8751,0.0028021233,0.0,0.036629118,0.006931032,0.0020811113,0.0,0.0510092,0.046953365
8752,0.0029194925,0.0,0.036799297,0.0069269547,0.0020674106,0.0,0.04994272,0.04695137
8753,0.0026677323,0.0,0.035825554,0.0069238455,0.002010776,0.0,0.04940033,0.04694915
8754,0.0026686888,0.0,0.037241697,0.0069214995,0.0021109015,0.0,0.050730098,0.04694678
8755,0.0028646423,0.0,0.037126876,0.0069186417,0.0018667303,0.0,0.048139315,0.04694677
8756,0.0027390514,0.0,0.037350483,0.0069149383,0.0021721057,0.0,0.050739024,0.046943743
8757,0.002758546,0.0,0.037178807,0.006910031,0.0018183766,0.0,0.051035967,0.046942502
8758,0.0026297723,0.0,0.03687147,0.006903999,0.0021425018,0.0,0.047672495,0.046941362
8759,0.0028972272,0.0,0.036394756,0.006896959,0.002081871,0.0,0.049800493,0.046939198
8760,0.0029500653,0.0,0.037533756,0.006889325,0.0019929956,0.0,0.05340056,0.046937354
8761,0.0028170764,0.0,0.037312586,0.006880774,0.0020762596,0.0,0.048854243,0.046938796
8762,0.0025666738,0.0,0.036262233,0.0068722405,0.002002418,0.0,0.051067825,0.046939626
8763,0.0028129872,0.0,0.037475362,0.006865996,0.0020125443,0.0,0.051514428,0.046944227
8764,0.002618093,0.0,0.037035584,0.006860104,0.002024075,0.0,0.0481443,0.046949398
8765,0.0029135866,0.0,0.03753523,0.006854148,0.0020503157,0.0,0.050653365,0.04695429
8766,0.0026786313,0.0,0.038122784,0.00684782,0.0019219778,0.0,0.051672745,0.04695908
8767,0.0027056367,0.0,0.03716649,0.0068412214,0.0019846656,0.0,0.049629968,0.04696262
8768,0.0027997012,0.0,0.037847277,0.0068339175,0.002214016,0.0,0.049187962,0.04696575
8769,0.0027651808,0.0,0.036864273,0.0068352344,0.001973981,0.0,0.049220476,0.046968702
8770,0.002564077,0.0,0.037653882,0.006841518,0.002073588,0.0,0.053500913,0.046971574
8771,0.0028777148,0.0,0.036651004,0.006850149,0.002061656,0.0,0.050647553,0.046974946
8772,0.0030276533,0.0,0.036044598,0.0068601095,0.001884478,0.0,0.05197255,0.046980206
8773,0.0028077806,0.0,0.03771805,0.006872401,0.001993596,0.0,0.050700217,0.04698377
8774,0.0027131578,0.0,0.036690377,0.0068844133,0.0021019639,0.0,0.052382212,0.046986785
8775,0.00262741,0.0,0.037218302,0.006895427,0.0019722993,0.0,0.050894458,0.04699079
8776,0.002783842,0.0,0.036719296,0.0069049546,0.0021329436,0.0,0.052921552,0.046992473
8777,0.0028010574,0.0,0.036990322,0.006912674,0.0020914099,0.0,0.05083967,0.046993826
8778,0.0029504292,0.0,0.03789864,0.0069184215,0.0022980224,0.0,0.049,0.046995096
8779,0.0026011942,0.0,0.037381966,0.0069221496,0.0021739367,0.0,0.05049838,0.046997838
8780,0.002489311,0.0,0.035766196,0.0069242497,0.0020875514,0.0,0.05093636,0.046998397
8781,0.002572867,0.0,0.036423303,0.006924491,0.0021942526,0.0,0.051420502,0.046999566
8782,0.0027991545,0.0,0.037201896,0.006922939,0.0022646592,0.0,0.048480812,0.04700022
8783,0.0025310465,0.0,0.036783956,0.0069199787,0.002330077,0.0,0.05131441,0.047000434
8784,0.0027011712,0.0,0.037557114,0.0069155265,0.0021614416,0.0,0.04869272,0.04699863
8785,0.00273408,0.0,0.03719333,0.006910057,0.0021003485,0.0,0.05075523,0.046993967
8786,0.0027599013,0.0,0.037742,0.0069033457,0.002186125,0.0,0.049965985,0.046987668
8787,0.0026521834,0.0,0.036320865,0.006895546,0.002167772,0.0,0.050480016,0.046980042
8788,0.0026652052,0.0,0.037096187,0.00688686,0.0022556926,0.0,0.04782084,0.04697121
8789,0.0025262702,0.0,0.03696382,0.0068772323,0.0025177568,0.0,0.04907037,0.046962865
8790,0.002724336,0.0,0.037250575,0.0068682237,0.0021271328,0.0,0.050835386,0.046954468
8791,0.0026281076,0.0,0.03629668,0.006860172,0.0022600233,0.0,0.04986351,0.04694354
8792,0.002779972,0.0,0.036775988,0.006852167,0.002226515,0.0,0.050313678,0.046935618
8793,0.0027662406,0.0,0.036685713,0.0068437452,0.00232075,0.0,0.050595697,0.046929557
8794,0.002793683,0.0,0.03708606,0.0068347747,0.0024663017,0.0,0.04951365,0.046923485
8795,0.002758624,0.0,0.03702501,0.0068259444,0.0021880532,0.0,0.04894364,0.046917647
8796,0.0026116173,0.0,0.036615655,0.00681694,0.0023142407,0.0,0.05116655,0.046912014
8797,0.002968502,0.0,0.037015397,0.0068076337,0.0022635474,0.0,0.048400898,0.046904933
8798,0.0026986732,0.0,0.03722522,0.0068023135,0.002303193,0.0,0.050539058,0.046899248
8799,0.0027556368,0.0,0.037518818,0.0067976373,0.0021334102,0.0,0.048346486,0.046892565
8800,0.0028871521,0.0,0.036727477,0.006792998,0.0022133305,0.0,0.050375286,0.046885263
8801,0.0026936848,0.0,0.0369088,0.0068016215,0.0022197608,0.0,0.05103596,0.04687766
8802,0.0027276347,0.0,0.03676617,0.006825,0.002372995,0.0,0.050069697,0.04687
8803,0.0027089543,0.0,0.037230358,0.006858275,0.002401785,0.0,0.05158426,0.046862204
8804,0.0028754352,0.0,0.03687133,0.0068979743,0.0024717073,0.0,0.0508308,0.046855535
8805,0.0026617278,0.0,0.03705715,0.0069406796,0.0022577604,0.0,0.049763773,0.046851035
8806,0.002826182,0.0,0.036813885,0.006984044,0.002203402,0.0,0.048123654,0.046846848
8807,0.0026169207,0.0,0.03724202,0.0070263166,0.0021847386,0.0,0.04756907,0.046843767
8808,0.0025824641,0.0,0.037341066,0.007066243,0.002160487,0.0,0.049220253,0.04684009
8809,0.0026537215,0.0,0.03709887,0.0071029626,0.002286716,0.0,0.051326904,0.046834987
8810,0.00280603,0.0,0.037555706,0.007135933,0.0021920726,0.0,0.050321907,0.04682974
8811,0.002686286,0.0,0.038123034,0.0071656667,0.0021767232,0.0,0.05059319,0.046824783
8812,0.002597283,0.0,0.037655696,0.007191474,0.0021826432,0.0,0.048699543,0.04682208
8813,0.0025308887,0.0,0.037150666,0.007213489,0.0021379264,0.0,0.05093553,0.046821494
8814,0.00260613,0.0,0.037960265,0.007231567,0.0022611006,0.0,0.049469154,0.04682207
8815,0.0026081805,0.0,0.03712582,0.0072460445,0.0020282269,0.0,0.051066764,0.046822265
8816,0.002603522,0.0,0.036901396,0.0072573707,0.002132607,0.0,0.047257457,0.046824604
8817,0.0025943993,0.0,0.037064694,0.007265775,0.002229353,0.0,0.051002465,0.046825442
8818,0.0027858075,0.0,0.038057003,0.0072723534,0.0020500324,0.0,0.050188106,0.046827484
8819,0.002728403,0.0,0.03700276,0.007276741,0.002114835,0.0,0.048800044,0.046828818
8820,0.002665456,0.0,0.03769165,0.0072788955,0.0020537646,0.0,0.04870668,0.046830673
8821,0.0029043583,0.0,0.03556156,0.007278843,0.0019175239,0.0,0.049125876,0.0468325
8822,0.0026981116,0.0,0.03680558,0.007285897,0.0021177675,0.0,0.04924174,0.04683327
8823,0.0026173925,0.0,0.037308495,0.007298655,0.0021585503,0.0,0.05005394,0.04683426
8824,0.0027067296,0.0,0.0376395,0.007314481,0.002026637,0.0,0.048145775,0.046833057
8825,0.0027471825,0.0,0.037763875,0.0073358603,0.002157709,0.0,0.05067352,0.04683104
8826,0.0028085238,0.0,0.037741,0.007358442,0.0020603524,0.0,0.049587213,0.046830196
8827,0.002690132,0.0,0.037124254,0.007380718,0.0020842587,0.0,0.052132823,0.046830986
8828,0.0028563489,0.0,0.037153546,0.007401346,0.0020629435,0.0,0.04984192,0.046835903
8829,0.0025274763,0.0,0.03699506,0.0074199615,0.0021037804,0.0,0.04865217,0.046839308
8830,0.002677367,0.0,0.036963087,0.007436225,0.0020355596,0.0,0.051009577,0.046843264
8831,0.0025637816,0.0,0.03692456,0.007449371,0.0020999012,0.0,0.047745418,0.046847235
8832,0.002702085,0.0,0.037772298,0.0074598202,0.002000343,0.0,0.049367115,0.046851147
8833,0.0027007612,0.0,0.03697645,0.007467065,0.0021102524,0.0,0.051376995,0.04685419
8834,0.0026675418,0.0,0.03728501,0.0074709686,0.0021803873,0.0,0.053690787,0.04685617
8835,0.002719001,0.0,0.036949214,0.007471718,0.0021008982,0.0,0.049703237,0.04685837
8836,0.0027911454,0.0,0.03660605,0.007469464,0.0021419749,0.0,0.05096079,0.046857715
8837,0.0024960048,0.0,0.03726565,0.007464441,0.002162698,0.0,0.0465253,0.04685853
8838,0.0026457277,0.0,0.036377978,0.007457304,0.0020228312,0.0,0.050881896,0.046855535
8839,0.0026303425,0.0,0.03727316,0.007449017,0.0020497604,0.0,0.050323173,0.04685221
8840,0.0027039305,0.0,0.035846412,0.007439204,0.0020828496,0.0,0.051388513,0.046848822
8841,0.0027524352,0.0,0.036747064,0.0074290335,0.002098027,0.0,0.047841992,0.04684777
8842,0.0027663813,0.0,0.037155684,0.007418575,0.0019892494,0.0,0.049536683,0.04684555
8843,0.0026486032,0.0,0.037914604,0.0074102688,0.0020393329,0.0,0.048185878,0.046845626
8844,0.0027762298,0.0,0.03604123,0.0074025756,0.002012355,0.0,0.049686607,0.046846207
8845,0.0026072646,0.0,0.036923368,0.00739488,0.0020249009,0.0,0.050525866,0.04684929
8846,0.0026773582,0.0,0.037303545,0.007387804,0.0021237086,0.0,0.050084725,0.046854064
8847,0.0029148103,0.0,0.037176974,0.0073800413,0.0021562383,0.0,0.051587813,0.046860162
8848,0.0027326301,0.0,0.0357841,0.007371375,0.0019899998,0.0,0.049644694,0.046866953
8849,0.0026475538,0.0,0.037666198,0.007361638,0.0020028455,0.0,0.049663886,0.046874896
8850,0.0026296605,0.0,0.03669164,0.0073511605,0.0020958134,0.0,0.05085717,0.04688311
8851,0.0027148982,0.0,0.036908723,0.007339941,0.0020776151,0.0,0.04996317,0.046894766
8852,0.0027229043,0.0,0.037916727,0.007327612,0.0021329988,0.0,0.049301926,0.04690474
8853,0.0026014987,0.0,0.03746738,0.007314192,0.0020460587,0.0,0.050033107,0.04691152
8854,0.0027199457,0.0,0.036923468,0.00729995,0.0019396218,0.0,0.049674656,0.046917424
8855,0.0026729826,0.0,0.03712204,0.0072856997,0.0019426309,0.0,0.050223097,0.04692168
8856,0.0026760139,0.0,0.037347127,0.007270791,0.0020727962,0.0,0.048977822,0.046925783
8857,0.0026333262,0.0,0.03742929,0.0072552306,0.0019962452,0.0,0.048570625,0.046926573
8858,0.0028287051,0.0,0.03639996,0.0072390307,0.0021007087,0.0,0.049922377,0.046922818
8859,0.0025857682,0.0,0.037138257,0.007222252,0.0018511598,0.0,0.05027323,0.046918355
8860,0.0027983473,0.0,0.036575403,0.007204954,0.0021410284,0.0,0.04944481,0.046914317
8861,0.0029896782,0.0,0.03747217,0.0071871905,0.001986546,0.0,0.050110225,0.046910748
8862,0.0026337598,0.0,0.037769098,0.007168958,0.0020955687,0.0,0.051230535,0.0469086
8863,0.0025797803,0.0,0.03663234,0.0071506794,0.002091989,0.0,0.050820567,0.046906736
8864,0.0028056428,0.0,0.03712147,0.007132221,0.002104784,0.0,0.049853954,0.046905853
8865,0.0026775207,0.0,0.03754493,0.007115367,0.0021330763,0.0,0.049599074,0.046905316
8866,0.002805145,0.0,0.03707877,0.007101241,0.0021165654,0.0,0.048830166,0.046904843
8867,0.0026429335,0.0,0.03665676,0.0070878775,0.0019449092,0.0,0.04999697,0.046904676
8868,0.0027552505,0.0,0.036090884,0.0070748604,0.0022100143,0.0,0.049182676,0.046903003
8869,0.0026165838,0.0,0.036953244,0.0070618945,0.0020598066,0.0,0.05141611,0.046901494
8870,0.0024960598,0.0,0.037009172,0.007048759,0.0020290087,0.0,0.05038978,0.046901323
8871,0.0027215108,0.0,0.037623376,0.0070353094,0.0020244813,0.0,0.04868647,0.046901457
8872,0.00272495,0.0,0.03761599,0.007021668,0.002032756,0.0,0.049727093,0.046901323
8873,0.0026446057,0.0,0.03625389,0.007007683,0.0019797964,0.0,0.051064834,0.04690016
8874,0.0026966468,0.0,0.03718576,0.0069933366,0.0021022768,0.0,0.05151197,0.046898704
8875,0.0026294615,0.0,0.036278162,0.006978791,0.0021153407,0.0,0.049966995,0.046897277
8876,0.0025855778,0.0,0.036419958,0.006964869,0.0019217414,0.0,0.052321713,0.04689603
8877,0.0025481537,0.0,0.036574554,0.0069508916,0.0019472174,0.0,0.050028965,0.046894666
8878,0.002696133,0.0,0.036803328,0.0069370456,0.0019955798,0.0,0.04949844,0.046893887
8879,0.0028301172,0.0,0.037366226,0.0069230916,0.0020745054,0.0,0.05011294,0.046894483
8880,0.0027162507,0.0,0.036943253,0.0069097592,0.0020869581,0.0,0.052018866,0.046893645
8881,0.0026706627,0.0,0.03709592,0.0068998965,0.0020971184,0.0,0.052046955,0.046893805
8882,0.0025506641,0.0,0.037524942,0.006891506,0.0020374004,0.0,0.047148738,0.04689506
8883,0.0028424342,0.0,0.037556,0.0068844957,0.0021204543,0.0,0.049652897,0.04689562
8884,0.002629732,0.0,0.038214117,0.006878145,0.002111063,0.0,0.05400661,0.046895355
8885,0.0025884772,0.0,0.037259404,0.0068716244,0.0020083503,0.0,0.049901325,0.046895448
8886,0.0028507658,0.0,0.03735863,0.0068646655,0.002170007,0.0,0.050913062,0.046896532
8887,0.0027420998,0.0,0.0376783,0.0068588196,0.0020094006,0.0,0.049097043,0.046899084
8888,0.0025048952,0.0,0.03759288,0.0068532894,0.0020115648,0.0,0.05006921,0.04689971
8889,0.0027781376,0.0,0.035912715,0.006849514,0.0022004833,0.0,0.051000234,0.04689982
8890,0.0027248948,0.0,0.03704629,0.0068463227,0.0018498542,0.0,0.048526265,0.046901584
8891,0.0026216244,0.0,0.03643235,0.0068429396,0.0021352803,0.0,0.05196267,0.046903986
8892,0.0028464452,0.0,0.036769006,0.0068389853,0.0020814866,0.0,0.049390294,0.04690512
8893,0.0026269604,0.0,0.03756563,0.0068341778,0.0019383082,0.0,0.05214785,0.046905007
8894,0.0026235601,0.0,0.037280574,0.00682837,0.0020263507,0.0,0.049669653,0.04690424
8895,0.0025553678,0.0,0.03730546,0.006823667,0.001977399,0.0,0.05007854,0.046903316
8896,0.0026956717,0.0,0.0363193,0.0068197404,0.0018687906,0.0,0.050834607,0.04690257
8897,0.0026249548,0.0,0.03694401,0.0068344884,0.0019915125,0.0,0.051148325,0.04690069
8898,0.0026292978,0.0,0.03676181,0.0068590576,0.0019681687,0.0,0.052598868,0.046900075
8899,0.0024948465,0.0,0.037404742,0.006888975,0.0020778838,0.0,0.048782084,0.046900544
8900,0.0027387878,0.0,0.036608633,0.006922673,0.0021124673,0.0,0.0498634,0.046900805
8901,0.0028948023,0.0,0.03762642,0.0069588283,0.0019053874,0.0,0.050688248,0.04690069
8902,0.0027685044,0.0,0.037061844,0.0069951066,0.0020143406,0.0,0.050008453,0.046898868
8903,0.002684783,0.0,0.03794063,0.0070302426,0.0019777413,0.0,0.05334297,0.04689843
8904,0.0027287598,0.0,0.037855018,0.0070628487,0.001879103,0.0,0.049783725,0.04689868
8905,0.0027179616,0.0,0.037578773,0.00709222,0.0018677026,0.0,0.048479855,0.04689838
8906,0.0029839107,0.0,0.03746971,0.0071179057,0.0018250204,0.0,0.050132535,0.046898138
8907,0.002701481,0.0,0.038185414,0.0071454053,0.0018867274,0.0,0.05278307,0.04689828
8908,0.0027202438,0.0,0.036982767,0.007170809,0.0020101126,0.0,0.050315376,0.04690009
8909,0.0027468863,0.0,0.037033353,0.007193494,0.0019789971,0.0,0.051851306,0.046902332
8910,0.002662856,0.0,0.03754512,0.0072135036,0.0019587884,0.0,0.048232276,0.04690395
8911,0.0026954678,0.0,0.037266124,0.0072308374,0.0019732562,0.0,0.048650693,0.04690295
8912,0.0026255224,0.0,0.0369087,0.007244926,0.0018981949,0.0,0.04956791,0.04690231
8913,0.0028406535,0.0,0.03720684,0.0072558243,0.0019890228,0.0,0.049989916,0.046902947
8914,0.0027124558,0.0,0.036544677,0.0072634877,0.0018778697,0.0,0.049824253,0.04690492
8915,0.0026396478,0.0,0.03688449,0.007268071,0.001988491,0.0,0.048963252,0.0469043
8916,0.0027329186,0.0,0.03733876,0.007269821,0.0019994585,0.0,0.04721292,0.046904318
8917,0.0026784325,0.0,0.03668618,0.007269567,0.002007543,0.0,0.05000306,0.04690321
8918,0.0027793841,0.0,0.0378934,0.007267062,0.0019343127,0.0,0.049005277,0.04690147
8919,0.0028315575,0.0,0.03711314,0.007262347,0.001963144,0.0,0.05183797,0.04689857
8920,0.002729109,0.0,0.037239425,0.0072555523,0.0019212891,0.0,0.04967801,0.046900574
8921,0.0026007139,0.0,0.037346292,0.0072468114,0.0018997937,0.0,0.051241063,0.046901032
8922,0.0026944773,0.0,0.03655069,0.007236244,0.002016053,0.0,0.049760576,0.046905957
8923,0.0028093138,0.0,0.03716119,0.0072240755,0.0019970138,0.0,0.048823085,0.04691044
8924,0.002690894,0.0,0.0358307,0.007210505,0.002014989,0.0,0.047837026,0.04691511
8925,0.0028454456,0.0,0.03739627,0.007195706,0.0020049135,0.0,0.050454758,0.04691973
8926,0.002816169,0.0,0.036687654,0.0071798516,0.0021002437,0.0,0.047593612,0.04692149
8927,0.0026474937,0.0,0.03742094,0.0071631386,0.001991248,0.0,0.04806951,0.04692237
8928,0.0029472439,0.0,0.03656613,0.0071464963,0.0019844563,0.0,0.049310356,0.04692322
8929,0.0027764163,0.0,0.03772108,0.0071583786,0.0021134308,0.0,0.049521968,0.046920806
8930,0.0027738328,0.0,0.03686424,0.0071837734,0.002005806,0.0,0.050429184,0.04691633
8931,0.002664195,0.0,0.037403278,0.0072175805,0.0020125862,0.0,0.050944194,0.046913084
8932,0.0027008017,0.0,0.03765639,0.0072563286,0.0020500044,0.0,0.047819838,0.04691298
8933,0.0027178728,0.0,0.037131857,0.007297831,0.0020079534,0.0,0.048831597,0.046911485
8934,0.0027737413,0.0,0.036636453,0.0073393383,0.0021799982,0.0,0.051982675,0.04690999
8935,0.002776991,0.0,0.037012745,0.0073791994,0.0019181827,0.0,0.05003666,0.04690861
8936,0.0028774326,0.0,0.03687015,0.007417237,0.0022027066,0.0,0.049456034,0.046909496
8937,0.002674143,0.0,0.0379378,0.0074518896,0.0019734001,0.0,0.051832005,0.046913233
8938,0.0027105547,0.0,0.03699631,0.007482591,0.0020445315,0.0,0.049485557,0.04691977
8939,0.00280665,0.0,0.037708793,0.007509029,0.001816868,0.0,0.05042818,0.046926655
8940,0.0026150162,0.0,0.0372978,0.0075314743,0.0021214127,0.0,0.049626987,0.046933386
8941,0.0026942913,0.0,0.036876593,0.0075510265,0.0018689155,0.0,0.049929563,0.04693882
8942,0.002664779,0.0,0.036568936,0.00756717,0.0020854373,0.0,0.04912689,0.046945136
8943,0.0026975363,0.0,0.038088195,0.007579583,0.001804815,0.0,0.051080544,0.04694993
8944,0.0029299157,0.0,0.03685329,0.0075885076,0.0020782847,0.0,0.050031397,0.046952814
8945,0.0027599644,0.0,0.036575407,0.007594073,0.0019723603,0.0,0.05097936,0.04695813
8946,0.0026695721,0.0,0.03657667,0.007596457,0.0018616775,0.0,0.047190163,0.04696071
8947,0.0027337472,0.0,0.036886748,0.0075957277,0.0020738044,0.0,0.050969817,0.04696207
8948,0.0026806653,0.0,0.036559917,0.007593697,0.0018610127,0.0,0.047880597,0.046962935
8949,0.0027243933,0.0,0.037880182,0.0075904573,0.0021250618,0.0,0.048967965,0.046965305
8950,0.0028747541,0.0,0.036283836,0.0075909523,0.0019103403,0.0,0.04925831,0.046968073
8951,0.002590193,0.0,0.036954354,0.0075925547,0.0020625792,0.0,0.051736157,0.0469693
8952,0.0025731064,0.0,0.03706733,0.0075961445,0.001942273,0.0,0.048840165,0.046972714
8953,0.002577658,0.0,0.037404545,0.0076008155,0.002030001,0.0,0.05213888,0.046974514
8954,0.0029817603,0.0,0.037014637,0.007622806,0.0020028139,0.0,0.04977161,0.04697667
8955,0.002679142,0.0,0.037567865,0.007652906,0.002099118,0.0,0.048982125,0.046979506
8956,0.0028594758,0.0,0.03696654,0.007687302,0.001997751,0.0,0.049313225,0.046981934
8957,0.0027057321,0.0,0.0364497,0.0077230562,0.0021864856,0.0,0.05067131,0.046983328
8958,0.0027079454,0.0,0.03743654,0.0077584614,0.0019197188,0.0,0.04755536,0.046984076
8959,0.0026174453,0.0,0.037705455,0.007791564,0.002095393,0.0,0.048504297,0.046980295
8960,0.0026994739,0.0,0.03855194,0.007822758,0.0020634788,0.0,0.049466413,0.046974573
8961,0.0026952066,0.0,0.038153987,0.007862747,0.0019748851,0.0,0.051241953,0.046968203
8962,0.0024989878,0.0,0.0374015,0.007919067,0.0021511998,0.0,0.049920544,0.046960875
8963,0.0026569092,0.0,0.037010167,0.007984994,0.0020586767,0.0,0.048933618,0.046955314
8964,0.0025054563,0.0,0.036974475,0.0080555845,0.0020513309,0.0,0.04826338,0.04695028
8965,0.0026679663,0.0,0.037875682,0.008126709,0.0019934012,0.0,0.050899725,0.046944387
8966,0.002812973,0.0,0.036752455,0.008195547,0.0020742284,0.0,0.04836183,0.046938375
8967,0.0028059836,0.0,0.036789257,0.008260048,0.0021315592,0.0,0.04838497,0.046932213
8968,0.0026714017,0.0,0.03761745,0.00831906,0.00211807,0.0,0.048870083,0.046925396
8969,0.0028738398,0.0,0.036819458,0.008371559,0.0021969203,0.0,0.049500424,0.0469186
8970,0.0026340962,0.0,0.03689277,0.0084179845,0.0023101983,0.0,0.050151605,0.046911217
8971,0.002743547,0.0,0.03682337,0.008457556,0.0019446062,0.0,0.050815895,0.046904437
8972,0.0025908095,0.0,0.036823235,0.008490217,0.0021312786,0.0,0.048982356,0.046899535
8973,0.0026865867,0.0,0.03699295,0.008516114,0.0020169055,0.0,0.050578937,0.046893444
8974,0.0026141028,0.0,0.037813384,0.008535355,0.0019960885,0.0,0.05152281,0.046889365
8975,0.0025832858,0.0,0.0365962,0.008548514,0.0020447045,0.0,0.04771575,0.04688675
8976,0.0026979167,0.0,0.03654995,0.008555986,0.0019068683,0.0,0.04817702,0.046883844
8977,0.0027934639,0.0,0.03628539,0.008558274,0.002248628,0.0,0.04980845,0.04687976
8978,0.0026772665,0.0,0.037422873,0.008555792,0.0020366414,0.0,0.050570086,0.046875734
8979,0.0026395693,0.0,0.037748516,0.0085489685,0.0020670192,0.0,0.05002582,0.046872202
8980,0.0028452137,0.0,0.03721937,0.008538399,0.0018756422,0.0,0.047993787,0.046872005
8981,0.002680947,0.0,0.03650825,0.008524414,0.0021093087,0.0,0.050995324,0.046870805
8982,0.0026727498,0.0,0.03718509,0.008507358,0.002049744,0.0,0.051616427,0.046867974
8983,0.0025904097,0.0,0.036613688,0.008487576,0.0021216532,0.0,0.050705504,0.046865012
8984,0.0028379762,0.0,0.037307516,0.008465369,0.0021346342,0.0,0.049190436,0.046863068
8985,0.0025294677,0.0,0.036702015,0.008441362,0.0020980935,0.0,0.050094668,0.046861604
8986,0.0027015503,0.0,0.036860608,0.00841572,0.0021381085,0.0,0.050842416,0.04686053
8987,0.002646983,0.0,0.03602821,0.008388529,0.0020622618,0.0,0.050625548,0.046858966
8988,0.0029625187,0.0,0.036786623,0.008360022,0.0021377003,0.0,0.04981566,0.04685842
8989,0.002712159,0.0,0.03720803,0.0083304,0.0020151986,0.0,0.05123361,0.046858534
8990,0.0028586711,0.0,0.03631391,0.008301186,0.001992422,0.0,0.049049143,0.04685846
8991,0.0026498225,0.0,0.03712848,0.008271753,0.001992738,0.0,0.04850905,0.046857323
8992,0.002721437,0.0,0.037635572,0.008242042,0.0020137362,0.0,0.04797159,0.046855953
8993,0.0026589697,0.0,0.03602209,0.008212801,0.0019634312,0.0,0.052412875,0.04685403
8994,0.0026873527,0.0,0.037442192,0.008183343,0.0021302307,0.0,0.052398283,0.046851587
8995,0.002851846,0.0,0.03710148,0.008153497,0.0018425527,0.0,0.05031073,0.04684737
8996,0.0026844277,0.0,0.03621391,0.008123896,0.0020233113,0.0,0.0513116,0.04684532
8997,0.0028782045,0.0,0.037515294,0.008094379,0.002033172,0.0,0.05042443,0.046841234
8998,0.0026782535,0.0,0.037527353,0.008064926,0.001991022,0.0,0.052887138,0.04683682
8999,0.002847117,0.0,0.036738344,0.008035433,0.0019688595,0.0,0.052103017,0.046834435
9000,0.0028302863,0.0,0.037738845,0.008006129,0.0021131064,0.0,0.04994307,0.046833623
9001,0.0028431637,0.0,0.03708931,0.007976945,0.0020928478,0.0,0.05152966,0.046831228
9002,0.0026746744,0.0,0.03712147,0.007947879,0.002021203,0.0,0.04863584,0.046830382
9003,0.0028235943,0.0,0.036691394,0.00791886,0.00203997,0.0,0.04950687,0.046830036
9004,0.0025673409,0.0,0.037236452,0.007891282,0.002030595,0.0,0.049406145,0.046828672
9005,0.0026058627,0.0,0.037764624,0.007864449,0.0020047883,0.0,0.051845122,0.04682715
9006,0.002695126,0.0,0.037208516,0.007838582,0.0019690432,0.0,0.04950379,0.046826884
9007,0.002710795,0.0,0.03682648,0.007815791,0.002075874,0.0,0.05022118,0.04682436
9008,0.0027576277,0.0,0.036889415,0.007794757,0.0021186082,0.0,0.04981903,0.04682307
9009,0.0026765848,0.0,0.036731273,0.0077746646,0.002130898,0.0,0.049334966,0.046823516
9010,0.0028945436,0.0,0.03695718,0.0077553573,0.0020496005,0.0,0.049908135,0.046824116
9011,0.0027146966,0.0,0.03665407,0.0077364314,0.0020416393,0.0,0.049328327,0.04682304
9012,0.0026685183,0.0,0.036754332,0.007717528,0.002086869,0.0,0.051471144,0.04682045
9013,0.00274551,0.0,0.036952287,0.0076982067,0.0019046642,0.0,0.049574316,0.04681975
9014,0.002541626,0.0,0.036511503,0.0076787523,0.0020731026,0.0,0.05080406,0.04681581
9015,0.0028140354,0.0,0.03723504,0.0076589067,0.0020993447,0.0,0.049192946,0.04681319
9016,0.002773558,0.0,0.03759358,0.0076387897,0.0021051005,0.0,0.049627848,0.046809003
9017,0.0028614958,0.0,0.03741227,0.0076182797,0.0020302152,0.0,0.04958457,0.0468052
9018,0.0025253138,0.0,0.037322093,0.007599207,0.002232551,0.0,0.050766323,0.04680122
9019,0.0030263378,0.0,0.037535097,0.0075806333,0.0020756298,0.0,0.048267093,0.046797883
9020,0.0027780284,0.0,0.037189297,0.007562341,0.0020998984,0.0,0.050160553,0.04679454
9021,0.0027233546,0.0,0.037274033,0.007544094,0.0019790793,0.0,0.04825871,0.04679101
9022,0.0027927577,0.0,0.037520956,0.0075257216,0.0021109853,0.0,0.05105428,0.04678693
9023,0.0026123482,0.0,0.03769472,0.0075070937,0.0019972315,0.0,0.05056063,0.046784885
9024,0.0027341913,0.0,0.03768444,0.0075058136,0.0020060237,0.0,0.050884765,0.046781953
9025,0.0028016218,0.0,0.036353912,0.0075200587,0.001984583,0.0,0.05058841,0.04677846
9026,0.0028223135,0.0,0.036605977,0.007544828,0.002196217,0.0,0.048243694,0.046778988
9027,0.002834618,0.0,0.03672235,0.0075763874,0.0020609677,0.0,0.050406635,0.046777427
9028,0.0027017458,0.0,0.03791136,0.007611288,0.001975702,0.0,0.04930772,0.046775565
9029,0.0027664849,0.0,0.03695848,0.0076470943,0.002064786,0.0,0.04853023,0.046772745
9030,0.0029258195,0.0,0.037426274,0.007683108,0.0020559693,0.0,0.049330797,0.04676844
9031,0.0026102848,0.0,0.036518328,0.007717299,0.001991563,0.0,0.05308158,0.04676633
9032,0.0028810434,0.0,0.037261616,0.0077486224,0.0020688672,0.0,0.051714037,0.04676773
9033,0.002956734,0.0,0.03651676,0.007776423,0.0019296035,0.0,0.05048493,0.046772625
9034,0.0027949086,0.0,0.037106715,0.0078003006,0.0019592324,0.0,0.049671553,0.046777993
9035,0.002624165,0.0,0.03697765,0.007819941,0.0020184575,0.0,0.049971566,0.046784483
9036,0.0028593007,0.0,0.03567683,0.007835442,0.0020245735,0.0,0.05049207,0.046789687
9037,0.002788942,0.0,0.037877295,0.0078468835,0.002047669,0.0,0.050640285,0.046795614
9038,0.0026489052,0.0,0.03755425,0.007854453,0.0018958941,0.0,0.050307434,0.046804022
9039,0.0028010556,0.0,0.036847133,0.007858368,0.0022696194,0.0,0.049358103,0.046812173
9040,0.0027928764,0.0,0.037042134,0.007858871,0.0019308773,0.0,0.04911832,0.046817005
9041,0.0027125457,0.0,0.037340183,0.007856246,0.0021347485,0.0,0.049789444,0.046819154
9042,0.0025719933,0.0,0.035607792,0.007850886,0.0020546564,0.0,0.052832626,0.046822965
9043,0.0028640728,0.0,0.036762144,0.007843047,0.001992692,0.0,0.05226866,0.046827562
9044,0.0027269109,0.0,0.03712075,0.007833397,0.0020263558,0.0,0.049115054,0.046833117
9045,0.00265834,0.0,0.03719328,0.00782196,0.0019768933,0.0,0.05194882,0.0468371
9046,0.0027076239,0.0,0.037481863,0.0078090816,0.0019647076,0.0,0.05024492,0.046840955
9047,0.0025257969,0.0,0.03786026,0.007794731,0.0019845446,0.0,0.052224007,0.046843823
9048,0.0027085973,0.0,0.03754818,0.0077790134,0.0019602661,0.0,0.04795638,0.046846766
9049,0.0025656135,0.0,0.03753113,0.007762769,0.001958982,0.0,0.049110416,0.04685059
9050,0.002893948,0.0,0.036803845,0.007745797,0.001984586,0.0,0.048883677,0.046855155
9051,0.0026452783,0.0,0.037772745,0.0077281664,0.001963996,0.0,0.04672287,0.046860736
9052,0.0026150024,0.0,0.03789609,0.0077097816,0.0019848114,0.0,0.049098413,0.046864793
9053,0.0027098807,0.0,0.037972786,0.00769062,0.0019575143,0.0,0.049102154,0.04686881
9054,0.0027165646,0.0,0.03678716,0.007670994,0.0019908363,0.0,0.04927687,0.04687156
9055,0.0026241967,0.0,0.037295744,0.0076510888,0.0018954737,0.0,0.05125676,0.046875864
9056,0.0026816155,0.0,0.036991797,0.007631252,0.0019182252,0.0,0.049512353,0.046880268
9057,0.0028172673,0.0,0.03689548,0.0076117553,0.0021943408,0.0,0.048165333,0.046880845
9058,0.002594035,0.0,0.03780905,0.007593024,0.0020556268,0.0,0.050562065,0.046880107
9059,0.00261563,0.0,0.036923513,0.0075748954,0.0021143942,0.0,0.051131565,0.046878394
9060,0.0028399562,0.0,0.036976695,0.007557639,0.0020711927,0.0,0.04934588,0.046876684
9061,0.002739326,0.0,0.038168307,0.0075403815,0.0020697175,0.0,0.05108625,0.046873853
9062,0.0027521346,0.0,0.036725033,0.0075229723,0.0020609787,0.0,0.05166495,0.046870597
9063,0.0026685186,0.0,0.03694544,0.007505284,0.0021071173,0.0,0.04946544,0.046867438
9064,0.002672262,0.0,0.03733432,0.007487396,0.0021764587,0.0,0.049020633,0.04686634
9065,0.0027976825,0.0,0.03719822,0.007487581,0.0020313927,0.0,0.04851083,0.04686575
9066,0.00280872,0.0,0.036790818,0.0074955267,0.002081449,0.0,0.04820737,0.046865217
9067,0.002992924,0.0,0.03689088,0.007508403,0.0020952853,0.0,0.049479637,0.046864446
9068,0.0027004823,0.0,0.03724087,0.007525385,0.0020167078,0.0,0.052740414,0.046861943
9069,0.0028047268,0.0,0.036002398,0.007543958,0.0020180077,0.0,0.048120238,0.046863295
9070,0.002776656,0.0,0.0371399,0.0075627775,0.0021118515,0.0,0.05110603,0.046865255
9071,0.002720626,0.0,0.036717076,0.007582877,0.002132688,0.0,0.050272495,0.046872076
9072,0.0028164138,0.0,0.036837403,0.0076021953,0.0019943116,0.0,0.050022636,0.046878647
9073,0.0027753597,0.0,0.037891448,0.0076195607,0.0023050474,0.0,0.049593154,0.04688237
9074,0.0027315454,0.0,0.03675796,0.0076351147,0.0020456973,0.0,0.050229646,0.04688684
9075,0.0027889733,0.0,0.037420683,0.007648097,0.002085715,0.0,0.049496353,0.04689118
9076,0.002942337,0.0,0.037596297,0.007660695,0.0021748666,0.0,0.05068861,0.046893805
9077,0.0028207798,0.0,0.035801936,0.0076709194,0.0021487428,0.0,0.04955324,0.04689575
9078,0.0025883054,0.0,0.037303872,0.007679405,0.0020339112,0.0,0.052287843,0.046896525
9079,0.0026966576,0.0,0.037544787,0.007685465,0.0021966454,0.0,0.052602652,0.04689678
9080,0.0029568993,0.0,0.036372025,0.007689072,0.0021734133,0.0,0.051767204,0.046897
9081,0.002868074,0.0,0.036961157,0.0076900185,0.0021209554,0.0,0.053925365,0.04690198
9082,0.002622359,0.0,0.036543284,0.007688311,0.002184261,0.0,0.051333528,0.046909276
9083,0.0026854877,0.0,0.037032273,0.0076841973,0.0021331245,0.0,0.05081926,0.04691738
9084,0.0028431118,0.0,0.03609587,0.0076777665,0.0020543146,0.0,0.051112067,0.046927284
9085,0.0026931663,0.0,0.036944907,0.0076691797,0.0020426689,0.0,0.04994211,0.0469345
9086,0.0031743455,0.0,0.036706027,0.0076604662,0.0022592242,0.0,0.04872586,0.046939068
9087,0.002988632,0.0,0.037673377,0.0076503344,0.002124651,0.0,0.050487354,0.046941087
9088,0.0026343926,0.0,0.037525646,0.0076391636,0.0021998947,0.0,0.04739047,0.046942346
9089,0.0027697592,0.0,0.037434734,0.0076267896,0.0020308194,0.0,0.052699305,0.04694412
9090,0.0026908573,0.0,0.03786935,0.007613739,0.0020720786,0.0,0.04739992,0.0469471
9091,0.0028262292,0.0,0.037190557,0.0075999163,0.0020722642,0.0,0.047731377,0.04694918
9092,0.002736473,0.0,0.03749212,0.00758551,0.002240264,0.0,0.04898629,0.04694921
9093,0.002651223,0.0,0.03750268,0.007570478,0.002068535,0.0,0.05118015,0.04694682
9094,0.002649527,0.0,0.037025746,0.007555026,0.0020668772,0.0,0.050487112,0.04694706
9095,0.0028622258,0.0,0.03670529,0.0075389496,0.002002205,0.0,0.048548017,0.046942957
9096,0.0027661659,0.0,0.037855074,0.007522751,0.0021815149,0.0,0.05045158,0.046937108
9097,0.0026740367,0.0,0.036664464,0.0075060125,0.0020848433,0.0,0.049084246,0.046932634
9098,0.0028221884,0.0,0.036294337,0.007492493,0.0021181009,0.0,0.04977567,0.04692614
9099,0.002671397,0.0,0.036196906,0.0074810428,0.0019872694,0.0,0.049699683,0.04691807
9100,0.0027864866,0.0,0.036664557,0.0074703856,0.002033437,0.0,0.049953237,0.04690906
9101,0.0027446942,0.0,0.0369899,0.0074601625,0.0019930373,0.0,0.051494684,0.046897866
9102,0.002831375,0.0,0.036662176,0.007451337,0.002126271,0.0,0.04814338,0.046887226
9103,0.0028442626,0.0,0.036625884,0.007443022,0.0020809344,0.0,0.049263373,0.046878967
9104,0.0027198931,0.0,0.036649134,0.0074345293,0.002133819,0.0,0.04953042,0.046868388
9105,0.0027091636,0.0,0.037466332,0.007425534,0.0021505312,0.0,0.04915668,0.046859052
9106,0.0026965118,0.0,0.037504435,0.00741578,0.0019880629,0.0,0.050821185,0.046849053
9107,0.0025679278,0.0,0.036395017,0.007405101,0.0020117084,0.0,0.051078163,0.046841092
9108,0.002466388,0.0,0.036393832,0.007393426,0.0021679203,0.0,0.050369117,0.04683574
9109,0.0026174646,0.0,0.0369228,0.0073815817,0.002048731,0.0,0.048254892,0.04683099
9110,0.0026728548,0.0,0.03635434,0.0073691653,0.0020616502,0.0,0.051230922,0.04682412
9111,0.0026517517,0.0,0.03749879,0.0073580206,0.0020452572,0.0,0.051297758,0.046818096
9112,0.0027326175,0.0,0.037175726,0.0073469845,0.0020860655,0.0,0.051577028,0.04681535
9113,0.0026559045,0.0,0.038266327,0.0073360503,0.0020438358,0.0,0.0498133,0.04681321
9114,0.0028196627,0.0,0.037222996,0.00732479,0.0020538345,0.0,0.04952709,0.046810865
9115,0.0028273535,0.0,0.03701945,0.0073133633,0.0020340644,0.0,0.052546915,0.04680797
9116,0.0025252183,0.0,0.03731839,0.0073014405,0.001963884,0.0,0.05040417,0.046807185
9117,0.0026322026,0.0,0.037576675,0.0072889063,0.0019300528,0.0,0.050136004,0.046808813
9118,0.002637563,0.0,0.03712253,0.0072757252,0.0019176649,0.0,0.04880579,0.046812374
9119,0.002778506,0.0,0.03694421,0.0072618844,0.001824851,0.0,0.04872402,0.046817157
9120,0.0027081743,0.0,0.036049776,0.007247429,0.0020134698,0.0,0.050097488,0.04682217
9121,0.002625998,0.0,0.036937013,0.0072324136,0.001894205,0.0,0.04906438,0.04682666
9122,0.0027164381,0.0,0.036664292,0.007216906,0.0019143916,0.0,0.048872136,0.046829816
9123,0.002476995,0.0,0.036993276,0.007200984,0.0018516196,0.0,0.049980078,0.04683268
9124,0.0028661678,0.0,0.037029184,0.0071847094,0.0019166961,0.0,0.0495967,0.046832725
9125,0.0026845215,0.0,0.037671424,0.007168593,0.0020361415,0.0,0.048754387,0.046829652
9126,0.0025702526,0.0,0.03658057,0.0071528708,0.001921134,0.0,0.0499809,0.046826296
9127,0.0026837976,0.0,0.03781898,0.007137046,0.0019581367,0.0,0.04983421,0.046822585
9128,0.0027555625,0.0,0.0370194,0.007121359,0.0018497197,0.0,0.052573442,0.046819575
9129,0.0027117985,0.0,0.037276205,0.007105629,0.0019159808,0.0,0.051891726,0.046818886
9130,0.0027830105,0.0,0.036933906,0.0070899446,0.0018370347,0.0,0.05026541,0.046821397
9131,0.0028010847,0.0,0.03709231,0.0070742653,0.0018689834,0.0,0.052688915,0.046823874
9132,0.002480925,0.0,0.037295848,0.007058569,0.0020119953,0.0,0.048988145,0.046830207
9133,0.0026833173,0.0,0.03717797,0.007042896,0.0019273129,0.0,0.049213592,0.046835676
9134,0.002770777,0.0,0.035917215,0.0070298286,0.0018271746,0.0,0.04811294,0.046840567
9135,0.002807125,0.0,0.03699484,0.007019049,0.0018751435,0.0,0.05091128,0.046846636
9136,0.0028019096,0.0,0.036968872,0.007017036,0.0019492296,0.0,0.049840268,0.04685368
9137,0.0026343674,0.0,0.037536833,0.0070193997,0.0018974555,0.0,0.04965595,0.046858624
9138,0.002688856,0.0,0.03744553,0.0070249285,0.0019049491,0.0,0.051192217,0.046864975
9139,0.002844518,0.0,0.03695784,0.007036122,0.0018570364,0.0,0.04883135,0.046871986
9140,0.0028102244,0.0,0.03714823,0.0070485724,0.0018741853,0.0,0.050704803,0.046880443
9141,0.002818211,0.0,0.03701345,0.0070614605,0.0018963588,0.0,0.051658753,0.046887424
9142,0.0026165703,0.0,0.036736988,0.0070733936,0.0020113909,0.0,0.049763042,0.046892405
9143,0.0028950146,0.0,0.03697164,0.00708388,0.0019188002,0.0,0.04723111,0.046895705
9144,0.002800774,0.0,0.03799226,0.0070922887,0.0017774656,0.0,0.048081182,0.046899613
9145,0.0026282687,0.0,0.03718424,0.0070983907,0.0017231583,0.0,0.0473878,0.0469014
9146,0.0028334386,0.0,0.036784627,0.007102789,0.0019501055,0.0,0.05065541,0.0469016
9147,0.002719784,0.0,0.036901727,0.0071053407,0.0019672413,0.0,0.05122613,0.04690294
9148,0.002701985,0.0,0.037193608,0.00710632,0.0019181502,0.0,0.0510856,0.046903055
9149,0.0027336725,0.0,0.038046695,0.007105443,0.0018485454,0.0,0.04925854,0.046901837
9150,0.002707401,0.0,0.036630757,0.0071028825,0.0018609951,0.0,0.049479157,0.04689795
9151,0.0027883635,0.0,0.03672174,0.0070986906,0.0018108755,0.0,0.048227876,0.046891958
9152,0.0028077473,0.0,0.0369975,0.0070929853,0.0019100164,0.0,0.049855314,0.04688759
9153,0.0025881336,0.0,0.03725223,0.007085916,0.0018565719,0.0,0.051591355,0.046882644
9154,0.0025890428,0.0,0.037334595,0.007077838,0.00190481,0.0,0.05247693,0.04687875
9155,0.0026704592,0.0,0.03640437,0.0070697437,0.0018979408,0.0,0.049952418,0.04687519
9156,0.0024759306,0.0,0.037188683,0.0070608878,0.001958129,0.0,0.05138963,0.046869602
9157,0.002599053,0.0,0.0367948,0.0070512854,0.0018045512,0.0,0.046978116,0.04686561
9158,0.0027496675,0.0,0.037201542,0.0070411507,0.0018820179,0.0,0.047898382,0.04686204
9159,0.0027658602,0.0,0.037176665,0.0070305243,0.001975106,0.0,0.0501041,0.046858005
9160,0.0025049686,0.0,0.036871057,0.007019371,0.0018920635,0.0,0.04889801,0.04685318
9161,0.002578188,0.0,0.03729066,0.007007652,0.0019707966,0.0,0.050427653,0.046848442
9162,0.0026619663,0.0,0.037384257,0.006995749,0.0019676557,0.0,0.048491374,0.04684627
9163,0.0027051466,0.0,0.036729556,0.006983379,0.0018090092,0.0,0.049013656,0.04684182
9164,0.002760892,0.0,0.03775761,0.0069728293,0.0020569782,0.0,0.04946708,0.046837185
9165,0.0027374364,0.0,0.03740519,0.006963243,0.001906361,0.0,0.04873318,0.046831854
9166,0.0028399616,0.0,0.037391823,0.0069614723,0.0019876708,0.0,0.047869835,0.04682685
9167,0.0026234388,0.0,0.037037425,0.0069622165,0.0018964033,0.0,0.05305887,0.04682097
9168,0.0027803897,0.0,0.037247524,0.0069646924,0.0019550866,0.0,0.05301644,0.046819795
9169,0.0026083735,0.0,0.037063196,0.006970917,0.0020519583,0.0,0.05101879,0.046818107
9170,0.0027016788,0.0,0.03662908,0.006978186,0.0020109906,0.0,0.050173886,0.04681452
9171,0.0029021022,0.0,0.03775758,0.0069867484,0.0019608315,0.0,0.049946222,0.04681053
9172,0.002710388,0.0,0.03665152,0.0069949077,0.0020590653,0.0,0.048828494,0.046808057
9173,0.0028126708,0.0,0.03736646,0.0070019686,0.0018217053,0.0,0.048645068,0.046807937
9174,0.0026636326,0.0,0.036158536,0.007008422,0.0020910006,0.0,0.05067483,0.046806682
9175,0.0027678753,0.0,0.036531236,0.0070163603,0.0019789692,0.0,0.049089395,0.046807323
9176,0.0027822065,0.0,0.036621362,0.007023438,0.001973093,0.0,0.048352696,0.046808325
9177,0.0028120487,0.0,0.03764022,0.007029176,0.0018961318,0.0,0.048989177,0.04681154
9178,0.0028745297,0.0,0.03623127,0.007033227,0.0019887409,0.0,0.049706016,0.046815347
9179,0.0027938515,0.0,0.037126493,0.0070354054,0.0018691237,0.0,0.049998116,0.046818793
9180,0.0026030878,0.0,0.036817297,0.007035679,0.0019412527,0.0,0.05202082,0.04682418
9181,0.0026328478,0.0,0.037601653,0.0070340857,0.0019309556,0.0,0.052116666,0.046832316
9182,0.0027643198,0.0,0.036940034,0.0070306826,0.0019219676,0.0,0.04989365,0.04683892
9183,0.0027339559,0.0,0.03678237,0.007025582,0.0017826669,0.0,0.049500547,0.046845187
9184,0.0026644946,0.0,0.03710496,0.0070189363,0.0019631025,0.0,0.051659107,0.046851773
9185,0.0027023382,0.0,0.037215464,0.0070108995,0.0019158011,0.0,0.050334286,0.04685896
9186,0.0026491608,0.0,0.0368249,0.0070016636,0.0019611917,0.0,0.050421372,0.046866868
9187,0.0027368385,0.0,0.037043784,0.006991728,0.0020426158,0.0,0.05021432,0.04687557
9188,0.002748289,0.0,0.03685026,0.0069811153,0.0018093417,0.0,0.050360613,0.046883747
9189,0.0025741935,0.0,0.03798868,0.0069699045,0.0019856885,0.0,0.05217562,0.046891302
9190,0.0028730636,0.0,0.037085153,0.0069584283,0.001998977,0.0,0.050053786,0.04689855
9191,0.0027670702,0.0,0.037460074,0.006946539,0.0018583633,0.0,0.049574587,0.046904717
9192,0.0026536444,0.0,0.03620663,0.006934205,0.0019102978,0.0,0.04976689,0.046908848
9193,0.0029107132,0.0,0.03678526,0.006922323,0.0020536487,0.0,0.050594218,0.04691148
9194,0.0028061403,0.0,0.03737788,0.006910415,0.0018089662,0.0,0.05192373,0.046911526
9195,0.0028002362,0.0,0.038198646,0.006898348,0.0018795523,0.0,0.05012046,0.04691424
9196,0.002819622,0.0,0.03643825,0.0068860403,0.0019035997,0.0,0.048122548,0.046920173
9197,0.0028134738,0.0,0.037173867,0.006873459,0.0019332662,0.0,0.04991212,0.04692355
9198,0.0026934952,0.0,0.038167834,0.0068605994,0.0019687673,0.0,0.053437993,0.04692595
9199,0.0027302806,0.0,0.037859105,0.0068474934,0.0017948478,0.0,0.04920623,0.046928618
9200,0.002861024,0.0,0.03745989,0.0068362504,0.0019406314,0.0,0.048428092,0.04693078
9201,0.0028853086,0.0,0.03726075,0.0068254694,0.0019059065,0.0,0.050463617,0.046932638
9202,0.002834326,0.0,0.036679395,0.0068149166,0.0018281832,0.0,0.050927553,0.046932306
9203,0.0028246995,0.0,0.037901815,0.006804489,0.00186722,0.0,0.05182884,0.046930637
9204,0.002697063,0.0,0.037292693,0.0067944117,0.001968497,0.0,0.048229232,0.046926223
9205,0.0028417262,0.0,0.03758169,0.0067843813,0.0019565434,0.0,0.049833916,0.04692019
9206,0.0030000412,0.0,0.037783388,0.0067741885,0.0018708115,0.0,0.05083944,0.046913322
9207,0.0027938096,0.0,0.037444092,0.006763768,0.0018626611,0.0,0.051550318,0.04690534
9208,0.0028206746,0.0,0.03836066,0.006753017,0.0019158077,0.0,0.050524447,0.046900723
9209,0.0030626392,0.0,0.037284136,0.006742022,0.0018979184,0.0,0.050328415,0.046895515
9210,0.0028751502,0.0,0.037176374,0.0067317053,0.0018407545,0.0,0.049115583,0.046892073
9211,0.0027347917,0.0,0.037097763,0.0067215078,0.0019216717,0.0,0.049640145,0.046888042
9212,0.0026411475,0.0,0.037816364,0.006711764,0.0017088661,0.0,0.050893895,0.046885286
9213,0.0027079023,0.0,0.037534267,0.0067040147,0.0018640702,0.0,0.048545655,0.046884175
9214,0.0026740567,0.0,0.037011463,0.006696691,0.0019157283,0.0,0.050527167,0.046881624
9215,0.0029389958,0.0,0.03794666,0.0066917115,0.001957324,0.0,0.04930733,0.04687996
9216,0.0026543364,0.0,0.03713273,0.006687733,0.0018480731,0.0,0.048688684,0.046879534
9217,0.0027552024,0.0,0.03749672,0.0066876095,0.0018090757,0.0,0.049394764,0.0468825
9218,0.002666078,0.0,0.03698576,0.0066883336,0.0019345743,0.0,0.049567383,0.046884675
9219,0.0025337902,0.0,0.036966063,0.0066896356,0.0018448661,0.0,0.050270483,0.046886943
9220,0.0028131027,0.0,0.037469767,0.0066906237,0.0019144661,0.0,0.047885116,0.046887547
9221,0.0027647822,0.0,0.036331996,0.006697295,0.0019002035,0.0,0.04953704,0.04688853
9222,0.0027463385,0.0,0.036518,0.006705854,0.0018317454,0.0,0.04876345,0.046889484
9223,0.0026634287,0.0,0.036679085,0.006715092,0.0017753044,0.0,0.05014561,0.04688929
9224,0.002492545,0.0,0.03658433,0.0067246594,0.0018769029,0.0,0.051625315,0.04689135
9225,0.0027940818,0.0,0.03665993,0.0067337113,0.0017890049,0.0,0.04899246,0.046892677
9226,0.0027415548,0.0,0.037707187,0.006742245,0.0018472794,0.0,0.049870584,0.04689482
9227,0.0027272329,0.0,0.036958247,0.006750113,0.0018038551,0.0,0.049794003,0.046898697
9228,0.0025377139,0.0,0.037596248,0.00675756,0.0018613343,0.0,0.048650093,0.04690264
9229,0.0027189564,0.0,0.037598785,0.0067644534,0.0017620932,0.0,0.04925409,0.046908304
9230,0.0024025422,0.0,0.03817471,0.0067702783,0.001997699,0.0,0.049780488,0.04691252
9231,0.0026207564,0.0,0.036777068,0.0067746295,0.001710992,0.0,0.0488281,0.046917092
9232,0.002662053,0.0,0.03813031,0.00677747,0.0019561623,0.0,0.049211502,0.046922326
9233,0.0026423961,0.0,0.036823988,0.0067798,0.0019158055,0.0,0.050744213,0.04692239
9234,0.0027659724,0.0,0.037120007,0.0067814747,0.0019090704,0.0,0.051532246,0.046921182
9235,0.0027162512,0.0,0.036899902,0.006782333,0.0018083005,0.0,0.049502984,0.046918306
9236,0.0027720965,0.0,0.037371922,0.0067820437,0.0019225483,0.0,0.05163011,0.04691668
9237,0.0026497692,0.0,0.037431814,0.006780429,0.0020185844,0.0,0.048042845,0.046915844
9238,0.0026853934,0.0,0.035983473,0.00677746,0.002000914,0.0,0.049136166,0.046912406
9239,0.0028083299,0.0,0.037125804,0.0067742644,0.001903175,0.0,0.048180304,0.046907563
9240,0.0025892225,0.0,0.0371501,0.006770087,0.0020718642,0.0,0.048862085,0.0469002
9241,0.0026951383,0.0,0.037283693,0.0067649055,0.0020384102,0.0,0.050929092,0.04689137
9242,0.002596891,0.0,0.03730666,0.0067590526,0.0020281428,0.0,0.049190577,0.046884645
9243,0.0026892563,0.0,0.03594709,0.0067525227,0.002043484,0.0,0.05001174,0.046877716
9244,0.0026581867,0.0,0.03709687,0.0067466986,0.0021646728,0.0,0.046734378,0.04687253
9245,0.002880253,0.0,0.03637014,0.006741616,0.0019446003,0.0,0.04917286,0.04686619
9246,0.0025551252,0.0,0.037502363,0.0067363842,0.0021826827,0.0,0.04716341,0.04686216
9247,0.0026103074,0.0,0.037625108,0.006735521,0.0021077439,0.0,0.051957812,0.046859417
9248,0.0027225737,0.0,0.036895096,0.0067394506,0.0020731047,0.0,0.04755119,0.046855308
9249,0.0026104003,0.0,0.037527673,0.0067446083,0.0019772016,0.0,0.04959421,0.046852216
9250,0.0026630699,0.0,0.037622396,0.006750938,0.0021042575,0.0,0.049286835,0.046848144
9251,0.0027113443,0.0,0.03744885,0.0067570163,0.0020514803,0.0,0.048361823,0.046843607
9252,0.0026376105,0.0,0.037494052,0.0067626135,0.0019643544,0.0,0.05151415,0.046840273
9253,0.002606117,0.0,0.037138566,0.006767493,0.0021415204,0.0,0.050636325,0.046836387
9254,0.0024932965,0.0,0.036798812,0.0067712315,0.0019394133,0.0,0.04876575,0.04682875
9255,0.00269228,0.0,0.03770593,0.0067733238,0.002006654,0.0,0.051428843,0.04681974
9256,0.0024839705,0.0,0.037288148,0.0067757578,0.002011197,0.0,0.050366964,0.046809454
9257,0.002797398,0.0,0.036671687,0.00677956,0.0019959623,0.0,0.05076752,0.046799533
9258,0.0026440336,0.0,0.037038717,0.0067825643,0.0018564383,0.0,0.048864666,0.046791095
9259,0.0026171755,0.0,0.037495445,0.006785848,0.0020409087,0.0,0.04920915,0.0467818
9260,0.0027011784,0.0,0.03827691,0.0067884405,0.0019771704,0.0,0.047972105,0.046772458
9261,0.0025562504,0.0,0.036613736,0.006791196,0.0018916011,0.0,0.04970189,0.046761733
9262,0.0026292438,0.0,0.035624903,0.006792819,0.0018574431,0.0,0.053391162,0.046755135
9263,0.002733174,0.0,0.036939386,0.006793392,0.0018349623,0.0,0.050017577,0.0467547
9264,0.0027268864,0.0,0.037343644,0.0067932336,0.0020958392,0.0,0.050157335,0.046753466
9265,0.0026933004,0.0,0.037983943,0.006792013,0.002109592,0.0,0.049535427,0.046753775
9266,0.0026725542,0.0,0.037805025,0.006789893,0.0020122954,0.0,0.05031359,0.046754144
9267,0.0028146782,0.0,0.036785554,0.006786716,0.001896853,0.0,0.04818591,0.046754386
9268,0.002621378,0.0,0.03701976,0.0067823897,0.002045167,0.0,0.052311387,0.04675285
9269,0.0026188758,0.0,0.037764333,0.0067768493,0.0019092847,0.0,0.052258633,0.04675048
9270,0.0027515849,0.0,0.03746135,0.006771736,0.0018979465,0.0,0.051129013,0.046747994
9271,0.0028367743,0.0,0.037355594,0.0067666317,0.0019918452,0.0,0.051938765,0.046748668
9272,0.0027497446,0.0,0.037381966,0.006761716,0.0020857418,0.0,0.049327828,0.046751726
9273,0.0027213395,0.0,0.037920546,0.006756281,0.0019234153,0.0,0.04974396,0.046754383
9274,0.0027864191,0.0,0.037355483,0.006750816,0.001983724,0.0,0.04757402,0.046756905
9275,0.0027128365,0.0,0.037855603,0.0067449887,0.0020189076,0.0,0.052215897,0.046758235
9276,0.0025899585,0.0,0.037278533,0.0067384993,0.0019188821,0.0,0.049613744,0.046762176
9277,0.0027271223,0.0,0.036642823,0.0067322045,0.0020562578,0.0,0.05190087,0.046764694
9278,0.0025653585,0.0,0.0374429,0.006726386,0.0019560915,0.0,0.05217627,0.046766788
9279,0.0027794496,0.0,0.037297152,0.0067235534,0.0020357703,0.0,0.052485853,0.04677236
9280,0.0027327756,0.0,0.036734316,0.006721365,0.0019684087,0.0,0.051260974,0.046778183
9281,0.0026399926,0.0,0.0367095,0.006723031,0.002052163,0.0,0.05101404,0.046788428
9282,0.0027843066,0.0,0.037458118,0.006725104,0.0019073541,0.0,0.04972301,0.046801593
9283,0.00274234,0.0,0.037452098,0.0067275655,0.0021867196,0.0,0.048556853,0.046812788
9284,0.0027864263,0.0,0.03684365,0.006729717,0.0018878952,0.0,0.0494867,0.046821084
9285,0.0024452237,0.0,0.036516264,0.0067310827,0.0021942528,0.0,0.049746886,0.04682993
9286,0.0026344452,0.0,0.037625153,0.006731407,0.001977442,0.0,0.049937688,0.04683791
9287,0.0027282024,0.0,0.035758477,0.006732999,0.0020833027,0.0,0.050329383,0.04684794
9288,0.0025066047,0.0,0.03652808,0.006734023,0.002024377,0.0,0.051840246,0.046858285
9289,0.002825884,0.0,0.036458176,0.0067342683,0.0020343568,0.0,0.04865936,0.046870083
9290,0.0027658502,0.0,0.036856484,0.0067336513,0.0019702176,0.0,0.049467143,0.046879083
9291,0.0026163645,0.0,0.036927164,0.0067320196,0.0020320385,0.0,0.047959097,0.046889044
9292,0.0027063044,0.0,0.037817888,0.006729185,0.0020855204,0.0,0.050368953,0.046897218
9293,0.0028012642,0.0,0.036853854,0.0067254473,0.001885776,0.0,0.04945761,0.04690495
9294,0.002537566,0.0,0.036634855,0.0067205266,0.0019944413,0.0,0.049680248,0.046909742
9295,0.0024870476,0.0,0.03734626,0.0067145852,0.001958569,0.0,0.051564507,0.04691636
9296,0.0026999295,0.0,0.03668607,0.006707585,0.0020072623,0.0,0.050942104,0.046923313
9297,0.0026220323,0.0,0.036907,0.0067029665,0.0020032625,0.0,0.049899153,0.046930417
9298,0.0027433108,0.0,0.03737357,0.0066990354,0.0019461617,0.0,0.04874927,0.046934444
9299,0.002621659,0.0,0.037040036,0.006695013,0.0019551537,0.0,0.052239552,0.046937034
9300,0.0026638887,0.0,0.037932865,0.00669137,0.0019648683,0.0,0.046958253,0.046940133
9301,0.0028414596,0.0,0.036390614,0.006688006,0.0018965984,0.0,0.049995437,0.046940956
9302,0.0028010537,0.0,0.036484517,0.0066851107,0.0018465377,0.0,0.04973225,0.046940595
9303,0.0026331008,0.0,0.037198577,0.006681655,0.0019503705,0.0,0.050289504,0.0469395
9304,0.0027822915,0.0,0.03638045,0.006677793,0.0018741541,0.0,0.049778428,0.046940234
9305,0.0027811758,0.0,0.0369734,0.0066737607,0.0017785224,0.0,0.050344035,0.0469386
9306,0.0026427046,0.0,0.037323486,0.006669237,0.001901224,0.0,0.050355814,0.046936702
9307,0.0027013877,0.0,0.03733683,0.0066645443,0.0019073918,0.0,0.050873537,0.046937857
9308,0.002497507,0.0,0.03647725,0.006660052,0.0019639852,0.0,0.050877918,0.046937786
9309,0.002831166,0.0,0.03710161,0.0066555524,0.001894438,0.0,0.050845202,0.046936683
9310,0.0027302518,0.0,0.035868123,0.0066510597,0.0019805524,0.0,0.050293982,0.0469322
9311,0.002766057,0.0,0.03668283,0.0066461125,0.0019510699,0.0,0.05118311,0.04692839
9312,0.0026653218,0.0,0.037283335,0.006640576,0.0020580941,0.0,0.05031909,0.046924703
9313,0.0026432422,0.0,0.037238758,0.00663474,0.0019692013,0.0,0.05232459,0.04692376
9314,0.00261753,0.0,0.03739746,0.0066320123,0.0018724762,0.0,0.048693378,0.046925265
9315,0.0026438173,0.0,0.03737301,0.006629696,0.0019222014,0.0,0.048056826,0.046927623
9316,0.0027139545,0.0,0.03752586,0.006627615,0.0021269093,0.0,0.051348377,0.04692771
9317,0.0028111578,0.0,0.03699638,0.006625271,0.0020026134,0.0,0.049365647,0.046929426
9318,0.0029547904,0.0,0.037661538,0.006623091,0.0019943758,0.0,0.049514446,0.046933807
9319,0.002593558,0.0,0.037170053,0.0066204923,0.0020150824,0.0,0.048697773,0.04693711
9320,0.0027833644,0.0,0.036979564,0.0066170753,0.0019175936,0.0,0.05102349,0.046940662
9321,0.002784554,0.0,0.036909766,0.0066138348,0.002037218,0.0,0.049908575,0.04694497
9322,0.0027513972,0.0,0.03727424,0.0066129416,0.0020126884,0.0,0.050148077,0.04694734
9323,0.00265865,0.0,0.03697028,0.006612632,0.0019041096,0.0,0.049422972,0.046948176
9324,0.0028704181,0.0,0.0362842,0.0066123027,0.0019699119,0.0,0.04928858,0.046948697
9325,0.0026737982,0.0,0.036884874,0.006611481,0.0021230646,0.0,0.05414972,0.04694492
9326,0.0026684606,0.0,0.03679755,0.006610902,0.0020773031,0.0,0.050296947,0.046940874
9327,0.002869062,0.0,0.03755916,0.0066096555,0.0020447825,0.0,0.05136131,0.046936408
9328,0.0028910884,0.0,0.036746178,0.006607513,0.0020190252,0.0,0.05247442,0.046932414
9329,0.0026919283,0.0,0.037355885,0.0066056503,0.0019964671,0.0,0.047652204,0.04693082
9330,0.002801223,0.0,0.03651391,0.006602924,0.0019680543,0.0,0.04934073,0.04693026
9331,0.0025539205,0.0,0.037418887,0.0065996945,0.002123242,0.0,0.049867883,0.046931755
9332,0.002601062,0.0,0.037638918,0.006598454,0.0022709484,0.0,0.05064926,0.046934016
9333,0.0025329967,0.0,0.0365928,0.006597739,0.002062646,0.0,0.050179414,0.046934802
9334,0.0027462472,0.0,0.03750812,0.006597048,0.0021178517,0.0,0.04973834,0.04693466
9335,0.002727523,0.0,0.037096836,0.0065963706,0.0022581841,0.0,0.05352493,0.046932194
9336,0.0026452614,0.0,0.036853895,0.0065958407,0.002023599,0.0,0.05111226,0.04692896
9337,0.0028254776,0.0,0.03663502,0.0065998463,0.0022978976,0.0,0.052621193,0.046928328
9338,0.0027184847,0.0,0.03732808,0.0066053616,0.0019893993,0.0,0.0479486,0.046927564
9339,0.0027364916,0.0,0.03656529,0.006611291,0.0021844332,0.0,0.049991712,0.04692562
9340,0.0026836179,0.0,0.036257036,0.0066171777,0.0019894724,0.0,0.049527757,0.046926238
9341,0.0028566956,0.0,0.036995903,0.006622259,0.002115268,0.0,0.04994666,0.04692539
9342,0.002695009,0.0,0.037975978,0.0066261403,0.001928219,0.0,0.05129408,0.046920788
9343,0.0026578913,0.0,0.036525242,0.0066290884,0.0020177437,0.0,0.04741438,0.04691505
9344,0.0027509264,0.0,0.03641895,0.0066306316,0.002008526,0.0,0.0487605,0.046909522
9345,0.0026499035,0.0,0.036648568,0.0066306805,0.0020565307,0.0,0.048874952,0.04690129
9346,0.0027159255,0.0,0.037569065,0.006629436,0.001975166,0.0,0.048408113,0.046893284
9347,0.0028009932,0.0,0.037225947,0.0066266507,0.0020188105,0.0,0.050008073,0.046883766
9348,0.0028348013,0.0,0.03670975,0.006622618,0.0019397017,0.0,0.04904526,0.04687586
9349,0.0026000368,0.0,0.0375035,0.006617582,0.0020394633,0.0,0.049681805,0.046867125
9350,0.0028465758,0.0,0.03615214,0.006615916,0.0019085807,0.0,0.050383728,0.046860762
9351,0.0027379591,0.0,0.03774814,0.0066156755,0.0019923358,0.0,0.04867164,0.04685469
9352,0.0026175468,0.0,0.036284342,0.0066154236,0.0020506326,0.0,0.050019268,0.04684793
9353,0.0029351488,0.0,0.037945975,0.006614819,0.0019350131,0.0,0.047991578,0.04684121
9354,0.0027707415,0.0,0.0374128,0.0066165086,0.0019403858,0.0,0.051922407,0.04683447
9355,0.0027980949,0.0,0.03748907,0.0066179945,0.001959943,0.0,0.05059656,0.046830375
9356,0.0029414631,0.0,0.036520876,0.0066190693,0.0019246248,0.0,0.05227244,0.04682734
9357,0.0027266347,0.0,0.037170988,0.006622692,0.0019559865,0.0,0.050214827,0.046825238
9358,0.0026700848,0.0,0.036717366,0.006626642,0.001891283,0.0,0.04914675,0.0468222
9359,0.0028808585,0.0,0.036446046,0.006630241,0.0019933544,0.0,0.052080307,0.046822146
9360,0.002718049,0.0,0.037491158,0.0066330815,0.0020053273,0.0,0.051402934,0.0468273
9361,0.0029300393,0.0,0.037354082,0.006635185,0.0019363309,0.0,0.050723124,0.046833497
9362,0.0027680423,0.0,0.03664628,0.006636697,0.0019995028,0.0,0.049726956,0.046839073
9363,0.0027977864,0.0,0.036838047,0.00664645,0.0020251607,0.0,0.052487213,0.046842594
9364,0.0027566142,0.0,0.03737719,0.006657856,0.0021527777,0.0,0.052718654,0.046846922
9365,0.0027301693,0.0,0.0374647,0.006670658,0.0018836957,0.0,0.051055495,0.046853412
9366,0.0028534944,0.0,0.036244154,0.0066871694,0.0020269216,0.0,0.050822638,0.046859372
9367,0.0029515475,0.0,0.03724593,0.0067038042,0.0019489479,0.0,0.051379435,0.046865698
9368,0.003010782,0.0,0.037752967,0.00672144,0.0020852536,0.0,0.049054477,0.046875205
9369,0.002950796,0.0,0.036464527,0.006739601,0.0020082607,0.0,0.049421452,0.04688221
9370,0.0028020446,0.0,0.037151504,0.006756956,0.0020639796,0.0,0.048916664,0.04688983
9371,0.0031364767,0.0,0.03704252,0.006776063,0.0019012006,0.0,0.05081971,0.046895795
9372,0.002869347,0.0,0.037138104,0.006793491,0.0021411297,0.0,0.048430562,0.04690374
9373,0.0028664742,0.0,0.038087066,0.006809705,0.0018539383,0.0,0.05173588,0.046905987
9374,0.0027230326,0.0,0.03627936,0.006823999,0.002082715,0.0,0.048634864,0.04691055
9375,0.0028597682,0.0,0.03728195,0.0068360753,0.0019599309,0.0,0.048602257,0.046912555
9376,0.0027698104,0.0,0.03767599,0.00685198,0.0020322409,0.0,0.04987099,0.046914034
9377,0.0029977001,0.0,0.03745733,0.006868369,0.0019946708,0.0,0.050764404,0.04691395
9378,0.003084733,0.0,0.036506437,0.0068853875,0.0019535357,0.0,0.052074764,0.046914354
9379,0.0028353282,0.0,0.037082426,0.0069011953,0.0019498616,0.0,0.052872144,0.04691423
9380,0.002802453,0.0,0.03744425,0.006915192,0.001982932,0.0,0.05170265,0.04691758
9381,0.0030202868,0.0,0.036861286,0.006926856,0.0019528113,0.0,0.05243613,0.0469202
9382,0.00289264,0.0,0.037321243,0.006936195,0.0019584934,0.0,0.049604807,0.046920154
9383,0.0027486465,0.0,0.036848396,0.0069430247,0.0019531597,0.0,0.051546052,0.046918906
9384,0.0029266626,0.0,0.03671272,0.006948129,0.002032233,0.0,0.049947057,0.0469169
9385,0.0028255514,0.0,0.037257437,0.0069510313,0.0020360157,0.0,0.04678884,0.04691622
9386,0.002744965,0.0,0.037720446,0.0069519468,0.0019104034,0.0,0.05105308,0.046912793
9387,0.002673696,0.0,0.0373068,0.0069507286,0.0019401062,0.0,0.047371767,0.046910387
9388,0.002834783,0.0,0.036606625,0.0069487756,0.0020045347,0.0,0.04837218,0.04690881
9389,0.0028014062,0.0,0.037093084,0.0069478527,0.001955372,0.0,0.051232595,0.04690883
9390,0.002757063,0.0,0.037370194,0.0069462103,0.0021027387,0.0,0.050278667,0.04691002
9391,0.0027880222,0.0,0.03696516,0.006943554,0.0019458696,0.0,0.05033857,0.046909563
9392,0.0027884587,0.0,0.03761685,0.006939681,0.002017122,0.0,0.046880074,0.046909325
9393,0.00259778,0.0,0.036416203,0.0069344323,0.001867722,0.0,0.051687453,0.04690611
9394,0.0028721562,0.0,0.03648176,0.006927752,0.00203866,0.0,0.05074486,0.04690492
9395,0.0028216634,0.0,0.03627429,0.0069196383,0.00196706,0.0,0.04841665,0.04690418
9396,0.0026975716,0.0,0.037354898,0.006910254,0.001883101,0.0,0.049625676,0.0469031
9397,0.0028991078,0.0,0.037583895,0.006900372,0.0019308022,0.0,0.049326587,0.0469005
9398,0.0027548347,0.0,0.036731377,0.0068895924,0.001880453,0.0,0.051263507,0.046899963
9399,0.002744368,0.0,0.036973793,0.00687794,0.0019051236,0.0,0.05012167,0.04689871
9400,0.0025413537,0.0,0.036843546,0.006865471,0.002020549,0.0,0.05014813,0.04689809
9401,0.0025646044,0.0,0.036451492,0.006852264,0.0019377773,0.0,0.04688886,0.0468977
9402,0.00258925,0.0,0.03642493,0.0068392227,0.0018154583,0.0,0.05060122,0.04689624
9403,0.0028476866,0.0,0.037453786,0.0068258774,0.0019205592,0.0,0.04957856,0.04689612
9404,0.002787046,0.0,0.036695387,0.006813083,0.0019174753,0.0,0.0537809,0.04689548
9405,0.0027004594,0.0,0.037599858,0.006800132,0.0019720807,0.0,0.047042537,0.046894517
9406,0.0028734403,0.0,0.037915062,0.006787245,0.0020672975,0.0,0.05019366,0.04689061
9407,0.002743778,0.0,0.037182134,0.0067765997,0.0018857564,0.0,0.050621226,0.04688511
9408,0.0025541733,0.0,0.0365184,0.006766243,0.00194268,0.0,0.05142176,0.04687908
9409,0.0026481082,0.0,0.03706973,0.0067557734,0.0020046388,0.0,0.048630923,0.04687602
9410,0.0026298761,0.0,0.037494294,0.006745169,0.0019957395,0.0,0.049853634,0.04687165
9411,0.0026800572,0.0,0.03680911,0.006737884,0.0020780235,0.0,0.04899347,0.046870183
9412,0.0026642033,0.0,0.037075788,0.006732637,0.001976584,0.0,0.047933307,0.046867628
9413,0.0026157936,0.0,0.03749386,0.0067281094,0.0019440072,0.0,0.050608046,0.04686479
9414,0.0026233336,0.0,0.036840096,0.0067238174,0.0019970543,0.0,0.047323175,0.0468657
9415,0.002733705,0.0,0.036017843,0.0067192866,0.001814719,0.0,0.050093852,0.046865452
9416,0.0027835628,0.0,0.037172012,0.006715741,0.0020169239,0.0,0.04756734,0.046862368
9417,0.0027009305,0.0,0.03723151,0.0067154816,0.0019676527,0.0,0.054828852,0.046858232
9418,0.0028190946,0.0,0.037737947,0.006715982,0.0020294993,0.0,0.05016032,0.04685609
9419,0.0027544925,0.0,0.036532618,0.0067165145,0.0020632716,0.0,0.051809646,0.046852004
9420,0.0024554313,0.0,0.03691361,0.0067165648,0.00202276,0.0,0.050084207,0.046848822
9421,0.0026975996,0.0,0.037366502,0.0067157517,0.0019584745,0.0,0.04988604,0.046846017
9422,0.0026985267,0.0,0.03744305,0.0067224116,0.0019856903,0.0,0.05050604,0.04684195
9423,0.002644947,0.0,0.03666802,0.0067297746,0.0021049662,0.0,0.04951205,0.046838157
9424,0.0027566424,0.0,0.036384575,0.0067372024,0.002011372,0.0,0.04808971,0.046833392
9425,0.0026501769,0.0,0.036652856,0.0067441296,0.001992525,0.0,0.04966185,0.046828378
9426,0.002638264,0.0,0.038130816,0.0067500905,0.0018601224,0.0,0.04924439,0.04682261
9427,0.0027565118,0.0,0.037456933,0.006758158,0.0021294823,0.0,0.050541718,0.046816118
9428,0.0027746253,0.0,0.036624283,0.006765491,0.0019739498,0.0,0.05285496,0.04681068
9429,0.002663703,0.0,0.03735125,0.006772707,0.0018898991,0.0,0.04966099,0.046806164
9430,0.0026474793,0.0,0.03747491,0.0067784716,0.0020723343,0.0,0.049522154,0.046801414
9431,0.0026549015,0.0,0.036654465,0.006782544,0.0019408234,0.0,0.050836198,0.04679657
9432,0.00281535,0.0,0.038069163,0.0067847827,0.001967009,0.0,0.050574653,0.04679153
9433,0.0028233388,0.0,0.03756577,0.006786627,0.002035586,0.0,0.047066752,0.04678722
9434,0.0026295239,0.0,0.037381433,0.006787013,0.0020240182,0.0,0.04959378,0.04678183
9435,0.0026087144,0.0,0.037044834,0.0067861644,0.0018786828,0.0,0.04992678,0.04677872
9436,0.002718989,0.0,0.036999848,0.006803259,0.00198298,0.0,0.050459713,0.046776563
9437,0.0029009653,0.0,0.038982894,0.0068378933,0.0019577804,0.0,0.049932275,0.046774074
9438,0.0026115554,0.0,0.0373493,0.0068832864,0.001954849,0.0,0.051345557,0.046770237
9439,0.0027261993,0.0,0.037041105,0.0069349306,0.0018284405,0.0,0.051352594,0.046767816
9440,0.0025927003,0.0,0.0368893,0.0069904486,0.0018893823,0.0,0.046974093,0.04676612
9441,0.0025255447,0.0,0.036705017,0.0070488285,0.0019959179,0.0,0.049154557,0.046765126
9442,0.0026998573,0.0,0.03681068,0.007106516,0.0018480278,0.0,0.04754165,0.046762567
9443,0.0027908308,0.0,0.037003443,0.007161482,0.001937339,0.0,0.049161118,0.046759885
9444,0.0027946637,0.0,0.03667943,0.007212867,0.0019645477,0.0,0.052027877,0.0467593
9445,0.002821848,0.0,0.036961578,0.007259449,0.00199606,0.0,0.049911477,0.046759717
9446,0.0028123076,0.0,0.03641793,0.0073007927,0.0018275065,0.0,0.05165108,0.04675985
9447,0.0030054473,0.0,0.037086725,0.0073376256,0.0019157489,0.0,0.052283995,0.04676281
9448,0.002625756,0.0,0.037617814,0.0073748673,0.0020387014,0.0,0.05017372,0.04676661
9449,0.0028539128,0.0,0.036366887,0.0074104234,0.002010288,0.0,0.04790119,0.046767272
9450,0.002840558,0.0,0.03710903,0.007443196,0.001975471,0.0,0.050913244,0.046767257
9451,0.0026995908,0.0,0.037005924,0.0074726483,0.0020874722,0.0,0.047748283,0.04676554
9452,0.0026324242,0.0,0.03751326,0.0074984347,0.0020036872,0.0,0.048770085,0.046763998
9453,0.002760999,0.0,0.03741934,0.0075211716,0.0019598703,0.0,0.05275729,0.046761975
9454,0.0028575181,0.0,0.03698209,0.0075401277,0.0021154368,0.0,0.050040968,0.04676401
9455,0.0026350592,0.0,0.037091326,0.0075550457,0.001960404,0.0,0.050064184,0.046766575
9456,0.0025959965,0.0,0.036685877,0.007566597,0.0019771473,0.0,0.048416592,0.046768866
9457,0.002705319,0.0,0.038027953,0.0075759133,0.0019665903,0.0,0.049750984,0.046769965
9458,0.0027825022,0.0,0.036896944,0.0075818603,0.0019596273,0.0,0.04745663,0.04677142
9459,0.002768417,0.0,0.03587142,0.007597804,0.0021687765,0.0,0.049605306,0.046769615
9460,0.0028964363,0.0,0.037558764,0.0076224655,0.0020171453,0.0,0.050840594,0.046766225
9461,0.0027889654,0.0,0.036274258,0.0076516774,0.0021418245,0.0,0.04871722,0.04676383
9462,0.0027378448,0.0,0.03676143,0.0076827765,0.0020386,0.0,0.051608887,0.04676224
9463,0.0028200527,0.0,0.03636007,0.0077137193,0.0020842985,0.0,0.046359923,0.04676372
9464,0.0027720288,0.0,0.036667068,0.0077430326,0.0021269724,0.0,0.051408622,0.046763495
9465,0.0028471698,0.0,0.036872234,0.0077704424,0.0020196345,0.0,0.052026365,0.04676457
9466,0.0028042595,0.0,0.03682879,0.0077948817,0.00207503,0.0,0.048804868,0.04676964
9467,0.0026019618,0.0,0.037243143,0.0078159915,0.0018540174,0.0,0.05025287,0.04677459
9468,0.0028292504,0.0,0.03782191,0.007833277,0.00222234,0.0,0.04980382,0.046780605
9469,0.002569654,0.0,0.03753471,0.007852877,0.0020980428,0.0,0.050184596,0.046785496
9470,0.0026270454,0.0,0.037439767,0.007899814,0.002144493,0.0,0.049924944,0.04678861
9471,0.0028947901,0.0,0.0369131,0.007964952,0.0023698634,0.0,0.051862866,0.04679099
9472,0.002720111,0.0,0.03766662,0.008040879,0.0019990287,0.0,0.04905388,0.04679253
9473,0.0028751898,0.0,0.036534596,0.00812569,0.0021886132,0.0,0.048076235,0.04679119
9474,0.0026839736,0.0,0.036722198,0.00821563,0.002156505,0.0,0.050684728,0.04679132
9475,0.0027041999,0.0,0.03694216,0.008305796,0.002328096,0.0,0.05129645,0.0467925
9476,0.002633232,0.0,0.0364253,0.008392655,0.0020564871,0.0,0.05040945,0.04679463
9477,0.0028754035,0.0,0.037663244,0.008475861,0.0022799845,0.0,0.048342228,0.046795882
9478,0.0028431998,0.0,0.03691834,0.008552609,0.0020777239,0.0,0.050283123,0.046793435
9479,0.002790595,0.0,0.037313763,0.00862165,0.0021079322,0.0,0.051314913,0.04679307
9480,0.0027408497,0.0,0.036770817,0.008683147,0.0021529675,0.0,0.05011832,0.04679366
9481,0.002751015,0.0,0.03786108,0.008739358,0.0022256752,0.0,0.051313147,0.046794686
9482,0.002797304,0.0,0.03663005,0.008789316,0.0022558256,0.0,0.052092146,0.046796445
9483,0.002635335,0.0,0.037407313,0.008832306,0.0022082464,0.0,0.049909074,0.04679538
9484,0.0026905963,0.0,0.035855424,0.008868763,0.0021549598,0.0,0.04941288,0.046796158
9485,0.0027861937,0.0,0.036989078,0.008898166,0.0020640185,0.0,0.05308551,0.04679577
9486,0.0028301224,0.0,0.03670333,0.008923331,0.0021246022,0.0,0.04966797,0.046797715
9487,0.002642317,0.0,0.036976393,0.008943274,0.0023048301,0.0,0.04817238,0.046801846
9488,0.002633815,0.0,0.036061462,0.008957741,0.00212113,0.0,0.050581787,0.04680469
9489,0.0028334367,0.0,0.03826442,0.008967358,0.002299207,0.0,0.04916808,0.04680876
9490,0.0027317295,0.0,0.037107382,0.008972271,0.001988171,0.0,0.049788628,0.046812844
9491,0.0027076867,0.0,0.036969967,0.00897244,0.0022655807,0.0,0.049271178,0.04681542
9492,0.0026267201,0.0,0.0367838,0.0089678755,0.002421569,0.0,0.049407735,0.046819456
9493,0.0026870845,0.0,0.03758859,0.00896399,0.0021559077,0.0,0.050423764,0.04682406
9494,0.0027447697,0.0,0.037281457,0.008959159,0.002124846,0.0,0.047778357,0.04682824
9495,0.0026912484,0.0,0.038207315,0.00895257,0.00227566,0.0,0.04954005,0.04683105
9496,0.0027692716,0.0,0.037215758,0.008944015,0.0022532025,0.0,0.04907177,0.046830915
9497,0.0027835593,0.0,0.037188355,0.008932974,0.0022214896,0.0,0.04866482,0.046830177
9498,0.002475951,0.0,0.036650762,0.008919386,0.0023465673,0.0,0.05266964,0.046829265
9499,0.0029272982,0.0,0.03705767,0.008903321,0.0020293067,0.0,0.05369845,0.046829514
9500,0.0025987686,0.0,0.037860166,0.008885018,0.0021421358,0.0,0.04845682,0.046829883
9501,0.0027852887,0.0,0.03672181,0.008864177,0.0022369458,0.0,0.050267562,0.04683017
9502,0.0026124672,0.0,0.03633047,0.008841162,0.0019354492,0.0,0.05381385,0.04682801
9503,0.0027900825,0.0,0.036976196,0.008815902,0.0021612279,0.0,0.05138266,0.04682525
9504,0.0027353012,0.0,0.03728048,0.008788645,0.0019567034,0.0,0.050468303,0.046825755
9505,0.0026607576,0.0,0.038481478,0.008762728,0.002078673,0.0,0.048630856,0.04682646
9506,0.0027158216,0.0,0.03573628,0.008737875,0.0019781212,0.0,0.05071434,0.046825204
9507,0.0030177045,0.0,0.037401397,0.008713339,0.002021467,0.0,0.049807508,0.046823435
9508,0.0026287972,0.0,0.03694833,0.008688725,0.0018230876,0.0,0.051844947,0.04682154
9509,0.0027605668,0.0,0.037469503,0.008663526,0.001994939,0.0,0.04859271,0.04681905
9510,0.0025307804,0.0,0.03630139,0.008637497,0.0018642856,0.0,0.049363833,0.04681493
9511,0.0026750916,0.0,0.037447017,0.008610414,0.0018644854,0.0,0.050736982,0.04680941
9512,0.0027016604,0.0,0.03664215,0.00858223,0.0019774074,0.0,0.052075755,0.04680344
9513,0.0026262293,0.0,0.03685964,0.008552945,0.0020106647,0.0,0.05015948,0.04679887
9514,0.0026318978,0.0,0.0377184,0.008522619,0.0019909844,0.0,0.050547965,0.046793036
9515,0.002457489,0.0,0.036802854,0.008491356,0.0020689357,0.0,0.050023355,0.04678862
9516,0.0026643104,0.0,0.03721395,0.008459288,0.0019349334,0.0,0.049590185,0.04678585
9517,0.0026088094,0.0,0.0375895,0.008426571,0.0019612825,0.0,0.049875062,0.046781246
9518,0.0028415173,0.0,0.036963075,0.008393773,0.0019803115,0.0,0.053159192,0.046778433
9519,0.002780502,0.0,0.037019905,0.008365149,0.0021386808,0.0,0.051192656,0.04677724
9520,0.002699514,0.0,0.0372701,0.008337997,0.002073192,0.0,0.048593998,0.046778448
9521,0.0027766516,0.0,0.037603203,0.0083119245,0.0019872005,0.0,0.049536165,0.046778195
9522,0.0027305768,0.0,0.036837704,0.008286368,0.0020154861,0.0,0.049843017,0.046776157
9523,0.003045631,0.0,0.037051503,0.008260983,0.0020021433,0.0,0.04999005,0.046774328
9524,0.002637492,0.0,0.037003014,0.008235498,0.0020356977,0.0,0.051009033,0.046774194
9525,0.0026811878,0.0,0.03775014,0.008209946,0.0019906843,0.0,0.050431285,0.046775684
9526,0.0029359541,0.0,0.037196077,0.008184048,0.0019419441,0.0,0.04848829,0.04677607
9527,0.002677396,0.0,0.037284423,0.008157743,0.0020918513,0.0,0.049177974,0.04677622
9528,0.0026732942,0.0,0.03693858,0.008130999,0.0020392998,0.0,0.051087257,0.046774793
9529,0.0029507433,0.0,0.0362767,0.0081038335,0.002035606,0.0,0.048956234,0.046773925
9530,0.0026894638,0.0,0.03689688,0.00807629,0.0019652296,0.0,0.05156985,0.046773255
9531,0.002813989,0.0,0.03657854,0.008048395,0.001987209,0.0,0.050988715,0.046773504
9532,0.0027938779,0.0,0.036342338,0.008020263,0.002097789,0.0,0.047879256,0.046772
9533,0.0026444981,0.0,0.0373751,0.007991946,0.0019573937,0.0,0.052379645,0.046770874
9534,0.0026950135,0.0,0.03784403,0.007963668,0.002113142,0.0,0.050197292,0.046770953
9535,0.002730771,0.0,0.036768958,0.0079353675,0.0020379075,0.0,0.049886886,0.04677305
9536,0.002800848,0.0,0.037069675,0.007907088,0.002073426,0.0,0.05282761,0.04677568
9537,0.0026784013,0.0,0.03725423,0.007879308,0.0020064816,0.0,0.051145367,0.046779178
9538,0.002914427,0.0,0.036777474,0.00785179,0.002079988,0.0,0.04996256,0.046784308
9539,0.0027214587,0.0,0.037209034,0.007824482,0.0020882466,0.0,0.04977777,0.04678898
9540,0.0028307424,0.0,0.036670454,0.007797366,0.0019769932,0.0,0.049441565,0.04679415
9541,0.0028623433,0.0,0.037399422,0.007771208,0.0020607584,0.0,0.050026022,0.04679662
9542,0.0027462193,0.0,0.036911152,0.0077480306,0.0019850398,0.0,0.049619127,0.0467969
9543,0.0027827176,0.0,0.03673632,0.0077257482,0.00205407,0.0,0.048825186,0.04679687
9544,0.0027635125,0.0,0.036724806,0.007704751,0.0019785534,0.0,0.051286303,0.046798702
9545,0.0029033187,0.0,0.036396917,0.007684336,0.0019368054,0.0,0.049972903,0.046801504
9546,0.0027926713,0.0,0.037290264,0.007664163,0.0020663436,0.0,0.049663518,0.04680414
9547,0.0028138324,0.0,0.03794745,0.0076440447,0.001898312,0.0,0.048949726,0.0468078
9548,0.002912598,0.0,0.036284644,0.007623884,0.0020604383,0.0,0.05057656,0.046810556
9549,0.0026949982,0.0,0.036626905,0.007603588,0.0019876636,0.0,0.050986387,0.046814866
9550,0.0027562033,0.0,0.03683886,0.0075832033,0.001922454,0.0,0.051609863,0.04682036
9551,0.002827776,0.0,0.037070658,0.0075626164,0.0019410478,0.0,0.049525544,0.046824906
9552,0.002782524,0.0,0.03643941,0.00754387,0.0019555455,0.0,0.048472594,0.04682949
9553,0.002630271,0.0,0.036969922,0.0075265258,0.0021246816,0.0,0.048068475,0.046831813
9554,0.0027677445,0.0,0.03655169,0.007510056,0.0019625574,0.0,0.049140003,0.046835616
9555,0.0027058204,0.0,0.03734225,0.007495612,0.0018519866,0.0,0.047873504,0.046841223
9556,0.0028060789,0.0,0.037085146,0.0074815154,0.0021161367,0.0,0.0506558,0.04684542
9557,0.0027418698,0.0,0.03776135,0.0074677747,0.0018941074,0.0,0.053443853,0.046848126
9558,0.0027111676,0.0,0.037200693,0.0074569588,0.0019141356,0.0,0.049487438,0.04685124
9559,0.0027248207,0.0,0.037014827,0.0074473144,0.0019171427,0.0,0.04898947,0.04685384
9560,0.0026186197,0.0,0.036934067,0.0074378583,0.002002252,0.0,0.050662562,0.046854675
9561,0.0029088,0.0,0.03773951,0.0074281646,0.0020287638,0.0,0.051191304,0.0468553
9562,0.0026706145,0.0,0.03702902,0.007418025,0.0019282813,0.0,0.052838523,0.04685783
9563,0.002834778,0.0,0.036292035,0.007407447,0.0019833844,0.0,0.05037755,0.046862952
9564,0.0027622427,0.0,0.037643377,0.00739612,0.0019840817,0.0,0.04884724,0.04686889
9565,0.002795194,0.0,0.03651889,0.007383931,0.0020473152,0.0,0.051359624,0.046872858
9566,0.0026665155,0.0,0.03620105,0.0073708924,0.001851431,0.0,0.051708054,0.046878792
9567,0.0028502578,0.0,0.037614863,0.0073574455,0.0018952598,0.0,0.04785249,0.046883456
9568,0.0026733363,0.0,0.03715072,0.0073437258,0.0019813576,0.0,0.051742278,0.04688759
9569,0.0026020433,0.0,0.036304478,0.0073295156,0.0018813461,0.0,0.05210269,0.046892524
9570,0.0026451051,0.0,0.03617944,0.0073148864,0.0019444294,0.0,0.050559245,0.046898022
9571,0.002657775,0.0,0.03651168,0.007299996,0.0019387027,0.0,0.04787105,0.04690305
9572,0.0027337337,0.0,0.03711419,0.0072847735,0.0019526175,0.0,0.050063863,0.046904903
9573,0.0026938533,0.0,0.037122943,0.0072694933,0.001903228,0.0,0.047569893,0.04690676
9574,0.002691464,0.0,0.037166573,0.00725393,0.0019508565,0.0,0.049683236,0.046908744
9575,0.0026955227,0.0,0.037219495,0.007238737,0.0018842637,0.0,0.049666725,0.046910584
9576,0.0027949873,0.0,0.0372556,0.007223665,0.001964622,0.0,0.052795947,0.046910178
9577,0.0028792827,0.0,0.03684873,0.0072089694,0.0018618957,0.0,0.047776926,0.046912838
9578,0.0028839374,0.0,0.03718374,0.007194388,0.0019351551,0.0,0.04885405,0.04691386
9579,0.0026069365,0.0,0.037551142,0.007179838,0.0019206782,0.0,0.04925083,0.046912923
9580,0.002601958,0.0,0.03724212,0.007165339,0.0018700059,0.0,0.053885832,0.046911284
9581,0.0027149278,0.0,0.036846146,0.0071507213,0.0020041196,0.0,0.048370473,0.04691236
9582,0.002511477,0.0,0.03655602,0.007136211,0.0017365749,0.0,0.05130551,0.046912856
9583,0.0026624957,0.0,0.03695766,0.0071218926,0.0018960878,0.0,0.047951505,0.046915606
9584,0.0027576545,0.0,0.037048303,0.0071074525,0.0018923305,0.0,0.050355736,0.046918593
9585,0.0028650928,0.0,0.037017237,0.007105082,0.0019427222,0.0,0.050271306,0.046922788
9586,0.0026487377,0.0,0.036856946,0.007108758,0.0019655458,0.0,0.0519425,0.046926342
9587,0.0027034222,0.0,0.036755294,0.0071162554,0.0018352444,0.0,0.05154112,0.0469311
9588,0.0027454922,0.0,0.037672684,0.0071259225,0.0019091434,0.0,0.049161483,0.04693652
9589,0.002427016,0.0,0.037402373,0.007136409,0.0019601027,0.0,0.049432784,0.04694152
9590,0.0026156579,0.0,0.036588125,0.0071503394,0.001954304,0.0,0.049609955,0.04694399
9591,0.0026781035,0.0,0.037099615,0.0071648476,0.0020851719,0.0,0.04806659,0.046944927
9592,0.0027096134,0.0,0.037761506,0.0071787257,0.0019979929,0.0,0.0508795,0.046945177
9593,0.0027781848,0.0,0.036615305,0.0071912175,0.0020228133,0.0,0.05387252,0.046944812
9594,0.0030224721,0.0,0.03729561,0.0072018057,0.0020663734,0.0,0.05198957,0.046947364
9595,0.0027374723,0.0,0.036645282,0.0072121075,0.0020698195,0.0,0.04988548,0.046952255
9596,0.0028401294,0.0,0.037375424,0.0072203716,0.0019657512,0.0,0.051077344,0.04695612
9597,0.0026517685,0.0,0.038590856,0.007226429,0.0020048192,0.0,0.052344523,0.046960212
9598,0.0026899911,0.0,0.037182994,0.0072302045,0.0020637026,0.0,0.04996651,0.04696665
9599,0.0027179501,0.0,0.03802102,0.007231764,0.0021376056,0.0,0.049627367,0.046975628
9600,0.002742922,0.0,0.036488708,0.0072311717,0.0021310335,0.0,0.05111125,0.046984155
9601,0.0027138328,0.0,0.037286762,0.0072286786,0.002153131,0.0,0.048359614,0.04699168
9602,0.0028869617,0.0,0.03733351,0.0072248657,0.0021307543,0.0,0.048900116,0.046998877
9603,0.0024830466,0.0,0.037646122,0.007219615,0.0020655785,0.0,0.04988994,0.047004454
9604,0.0026961733,0.0,0.036975432,0.007214261,0.0019819764,0.0,0.049013544,0.04701004
9605,0.0027024136,0.0,0.03811215,0.0072079794,0.002168287,0.0,0.05253156,0.047012813
9606,0.0026667614,0.0,0.037775386,0.0072010653,0.0021138613,0.0,0.046962425,0.047016714
9607,0.0027494354,0.0,0.03696648,0.0071932296,0.0020162931,0.0,0.04937767,0.04701895
9608,0.0026787173,0.0,0.036622275,0.0071848216,0.0020395285,0.0,0.05026902,0.04702013
9609,0.002812436,0.0,0.03791082,0.0071755326,0.002056068,0.0,0.048287865,0.047021072
9610,0.0027161208,0.0,0.037167132,0.0071654115,0.0020541793,0.0,0.04873913,0.047020167
9611,0.0025279112,0.0,0.036713768,0.0071544256,0.0021290442,0.0,0.04976011,0.047017336
9612,0.0026251525,0.0,0.03764456,0.007142703,0.0019490425,0.0,0.051751997,0.047011144
9613,0.0024662584,0.0,0.03785541,0.0071302485,0.0019948431,0.0,0.051275276,0.047004834
9614,0.0025430692,0.0,0.037641257,0.0071172393,0.0020961172,0.0,0.050292514,0.04699751
9615,0.0028084808,0.0,0.03692231,0.0071036434,0.0019501509,0.0,0.04890454,0.046990637
9616,0.0028613827,0.0,0.037134193,0.007089503,0.0019140776,0.0,0.052520454,0.0469839
9617,0.0028563763,0.0,0.037560947,0.0070755198,0.0020148891,0.0,0.050106842,0.04698013
9618,0.0025828276,0.0,0.037345707,0.0070612,0.0020694009,0.0,0.05311673,0.0469787
9619,0.0025285732,0.0,0.03827877,0.0070469864,0.0019854887,0.0,0.050017882,0.046976864
9620,0.003027447,0.0,0.037218183,0.0070792413,0.0021427711,0.0,0.048974186,0.046972226
9621,0.0025660135,0.0,0.036731165,0.007144845,0.0019313956,0.0,0.04845402,0.046967495
9622,0.002864638,0.0,0.036718067,0.007232846,0.0020844585,0.0,0.0516557,0.04696153
9623,0.002781499,0.0,0.0368425,0.0073348708,0.0020634085,0.0,0.050089095,0.04695268
9624,0.0025819824,0.0,0.037543405,0.007444157,0.002025379,0.0,0.049055345,0.04694299
9625,0.0026710692,0.0,0.03619356,0.0075556226,0.0019422257,0.0,0.048064295,0.046933305
9626,0.0025229314,0.0,0.036680706,0.0076702726,0.0020497655,0.0,0.050619096,0.046922743
9627,0.0027776835,0.0,0.036968924,0.007783348,0.0019591518,0.0,0.049381435,0.04691275
9628,0.0026562857,0.0,0.036160752,0.0078917425,0.0020183048,0.0,0.04871172,0.0469032
9629,0.0030083063,0.0,0.036723,0.007993951,0.0020765334,0.0,0.050498337,0.046892546
9630,0.0027724656,0.0,0.03677591,0.008091441,0.0020637247,0.0,0.050236236,0.046884123
9631,0.0026719738,0.0,0.03684199,0.008183692,0.0019824936,0.0,0.04944767,0.04687407
9632,0.002762182,0.0,0.03687068,0.008271123,0.002007698,0.0,0.052901477,0.04686603
9633,0.0028018027,0.0,0.038013015,0.008354165,0.0019517707,0.0,0.050790053,0.046862677
9634,0.0026086306,0.0,0.036617137,0.008430283,0.0020012094,0.0,0.053194534,0.046860088
9635,0.002566901,0.0,0.03614789,0.008499117,0.0020040395,0.0,0.051268198,0.046858054
9636,0.0028359622,0.0,0.036677934,0.008559688,0.0020376777,0.0,0.049384363,0.04685597
9637,0.0026644678,0.0,0.037118968,0.008614337,0.0019178987,0.0,0.048958812,0.046854217
9638,0.00277827,0.0,0.037659653,0.008663018,0.0020150985,0.0,0.05074799,0.046851523
9639,0.0028662211,0.0,0.03743271,0.008705624,0.0020552217,0.0,0.05088013,0.046850003
9640,0.0028556958,0.0,0.037828248,0.008741822,0.0020523474,0.0,0.04924277,0.04684937
9641,0.002708118,0.0,0.037571613,0.008771616,0.0020004888,0.0,0.047994807,0.0468502
9642,0.002618734,0.0,0.03760102,0.008795098,0.0019448084,0.0,0.049487565,0.046850346
9643,0.0028028851,0.0,0.036855437,0.008813177,0.002140372,0.0,0.047309734,0.046850212
9644,0.0026346624,0.0,0.037051234,0.008825532,0.001973306,0.0,0.05029273,0.046847887
9645,0.0025370175,0.0,0.038380895,0.008832424,0.0021096428,0.0,0.05120386,0.046845086
9646,0.002647986,0.0,0.037013,0.008834944,0.0020401075,0.0,0.05035617,0.046841256
9647,0.0027589037,0.0,0.037536748,0.008832983,0.0018084915,0.0,0.049870253,0.046837796
9648,0.0029012505,0.0,0.03700382,0.008826975,0.0018981067,0.0,0.050361563,0.04683388
9649,0.0028935173,0.0,0.037537538,0.00881719,0.0019205061,0.0,0.050398793,0.046831984
9650,0.0025959094,0.0,0.037796855,0.008804219,0.0019483201,0.0,0.049805425,0.046829246
9651,0.0028483346,0.0,0.036666565,0.008788331,0.0020164463,0.0,0.050174076,0.046826076
9652,0.002701674,0.0,0.036658656,0.00876981,0.0018223904,0.0,0.04905832,0.046823863
9653,0.0028335794,0.0,0.036708146,0.0087496,0.0018466852,0.0,0.050760593,0.046822265
9654,0.0028181488,0.0,0.03622743,0.008727557,0.0019599362,0.0,0.05098438,0.046821862
9655,0.0027548447,0.0,0.03600156,0.008703822,0.00187303,0.0,0.048246566,0.04682279
9656,0.002699401,0.0,0.03764318,0.008678498,0.0018901917,0.0,0.04917694,0.046824846
9657,0.002675003,0.0,0.037815396,0.008651751,0.0019039884,0.0,0.05075894,0.04682717
9658,0.0026781012,0.0,0.037117213,0.008623739,0.001978155,0.0,0.04767213,0.046830256
9659,0.002512976,0.0,0.037273705,0.008594631,0.0019876754,0.0,0.05027753,0.046830285
9660,0.0024798065,0.0,0.03697972,0.0085645905,0.001971445,0.0,0.050652217,0.04682807
9661,0.002827343,0.0,0.036924932,0.00853393,0.0018387277,0.0,0.04856273,0.046827585
9662,0.0026407263,0.0,0.037493724,0.008502952,0.0019005152,0.0,0.048337318,0.046826683
9663,0.0026849627,0.0,0.037086174,0.008471797,0.0019061004,0.0,0.050912652,0.04682584
9664,0.0025635092,0.0,0.036816947,0.008440403,0.0018615723,0.0,0.050166775,0.04682367
9665,0.0027693838,0.0,0.037262224,0.008408865,0.0018259793,0.0,0.051343422,0.046822164
9666,0.0028648793,0.0,0.037428316,0.008377232,0.0018801788,0.0,0.052508697,0.046820454
9667,0.0027830093,0.0,0.036388956,0.008346038,0.0019077373,0.0,0.050033126,0.0468201
9668,0.0028113748,0.0,0.036471575,0.008314917,0.0018732143,0.0,0.05024602,0.046819635
9669,0.0025440783,0.0,0.036871064,0.008285071,0.0020503039,0.0,0.0520319,0.04682047
9670,0.002720651,0.0,0.037236776,0.008255643,0.0018154512,0.0,0.04979104,0.04682149
9671,0.002664809,0.0,0.037695788,0.008231144,0.0019346449,0.0,0.049201567,0.046820633
9672,0.0027078714,0.0,0.03657453,0.008224222,0.0018845586,0.0,0.05058244,0.046820294
9673,0.002679756,0.0,0.03772793,0.008231527,0.0018859861,0.0,0.05007163,0.046821587
9674,0.0027903114,0.0,0.037112787,0.008248935,0.0018116111,0.0,0.051712256,0.04682288
9675,0.0027385368,0.0,0.03619893,0.008274818,0.0019045832,0.0,0.0513298,0.04682283
9676,0.0028137723,0.0,0.037425213,0.008305093,0.0018297576,0.0,0.048506238,0.046824306
9677,0.0027143776,0.0,0.03669802,0.00833715,0.0020335412,0.0,0.052854266,0.046825174
9678,0.0028255617,0.0,0.037505094,0.008368695,0.0018719356,0.0,0.049122434,0.046828583
9679,0.0027253986,0.0,0.036850303,0.008398265,0.0019207781,0.0,0.051968344,0.046833284
9680,0.0025948475,0.0,0.03804594,0.008424769,0.0018449182,0.0,0.05140921,0.046837382
9681,0.0027129108,0.0,0.037021372,0.008447527,0.0018678206,0.0,0.051132184,0.046846654
9682,0.0027438344,0.0,0.03720956,0.008466168,0.0020235307,0.0,0.049843673,0.046856705
9683,0.0028507262,0.0,0.037694443,0.008480643,0.0020120658,0.0,0.051109772,0.046866164
9684,0.0026095188,0.0,0.03730727,0.008491046,0.0019815199,0.0,0.049866542,0.04687602
9685,0.0027180966,0.0,0.03716831,0.008497358,0.0018732013,0.0,0.051845346,0.046881706
9686,0.002920429,0.0,0.037778016,0.008499768,0.0020532727,0.0,0.051277723,0.046888907
9687,0.0027746456,0.0,0.036949866,0.008498482,0.0019952322,0.0,0.050960906,0.046895947
9688,0.0028711194,0.0,0.037584145,0.008493772,0.002124082,0.0,0.049408644,0.046904303
9689,0.0026704916,0.0,0.036211863,0.008485903,0.0019448444,0.0,0.052388087,0.046910357
9690,0.0028165153,0.0,0.036915828,0.00847516,0.001925505,0.0,0.051108155,0.046915133
9691,0.0028518348,0.0,0.036639426,0.008461827,0.002054928,0.0,0.05009844,0.046919204
9692,0.0027723063,0.0,0.03783514,0.008447028,0.0020067517,0.0,0.051045626,0.04691982
9693,0.0026200647,0.0,0.036170386,0.008430586,0.002219218,0.0,0.048671603,0.04692177
9694,0.0026464302,0.0,0.03800461,0.008412609,0.0021370181,0.0,0.04798023,0.046924304
9695,0.0028532082,0.0,0.036708936,0.008393188,0.002148068,0.0,0.04990018,0.046927147
9696,0.0026631427,0.0,0.036579218,0.008373691,0.0020345827,0.0,0.04976006,0.046929616
9697,0.002961186,0.0,0.037471768,0.008353425,0.0020646458,0.0,0.050696883,0.04692915
9698,0.0028609226,0.0,0.03694442,0.008332293,0.0019443688,0.0,0.05039969,0.046931792
9699,0.002714074,0.0,0.03865435,0.008310296,0.0021852835,0.0,0.046734888,0.04693602
9700,0.0028694987,0.0,0.03680409,0.0082882475,0.0022853073,0.0,0.049417946,0.046937764
9701,0.00277758,0.0,0.038407832,0.008265942,0.0020589728,0.0,0.051107995,0.046937592
9702,0.002717744,0.0,0.036243483,0.008275089,0.0022228889,0.0,0.049317162,0.04693636
9703,0.002913059,0.0,0.036719147,0.008305328,0.0019728364,0.0,0.04981116,0.046935234
9704,0.0029506844,0.0,0.03656707,0.00834913,0.0023862517,0.0,0.04817618,0.046934545
9705,0.0026909667,0.0,0.03708557,0.008400951,0.0019899753,0.0,0.049747884,0.046934664
9706,0.0025473067,0.0,0.0373274,0.008456931,0.0021987304,0.0,0.05286204,0.04693482
9707,0.002947721,0.0,0.036700934,0.008513779,0.0020211542,0.0,0.050139997,0.046937536
9708,0.002698053,0.0,0.03697358,0.008569117,0.0020178442,0.0,0.04931182,0.04693762
9709,0.0027348893,0.0,0.037555113,0.0086216675,0.0019628834,0.0,0.049831834,0.046937566
9710,0.0030160118,0.0,0.036877126,0.008670044,0.0019202752,0.0,0.049080905,0.046936892
9711,0.0027633242,0.0,0.036752332,0.0087149,0.0020240282,0.0,0.047319897,0.046933718
9712,0.0027915041,0.0,0.036899026,0.008755345,0.0019703095,0.0,0.049755067,0.046929117
9713,0.0027385955,0.0,0.036910247,0.008790556,0.0018569779,0.0,0.05061724,0.04692636
9714,0.0026276424,0.0,0.03697386,0.008820849,0.0019605646,0.0,0.053413305,0.0469227
9715,0.002895565,0.0,0.038088497,0.008847112,0.0019598866,0.0,0.049975846,0.046920374
9716,0.00279203,0.0,0.036934536,0.008868808,0.001982187,0.0,0.050478317,0.046916574
9717,0.002761799,0.0,0.038137794,0.008887967,0.0019415944,0.0,0.04849125,0.046910603
9718,0.0028594963,0.0,0.03723866,0.008903133,0.0019816782,0.0,0.05183637,0.046901617
9719,0.0026786148,0.0,0.03733851,0.008914263,0.0019699892,0.0,0.05045592,0.046893813
9720,0.002828479,0.0,0.036573317,0.008921283,0.0020565973,0.0,0.04942772,0.046886675
9721,0.002782308,0.0,0.03690338,0.008924196,0.0020022932,0.0,0.05169528,0.04688114
9722,0.0028436575,0.0,0.035985127,0.008923132,0.0020584008,0.0,0.04868794,0.04687638
9723,0.0025972486,0.0,0.036346037,0.00891855,0.0019624305,0.0,0.051796097,0.04687361
9724,0.0025572549,0.0,0.037240934,0.008910868,0.0019182758,0.0,0.048466492,0.046871487
9725,0.0027084514,0.0,0.03572062,0.008900061,0.0020957694,0.0,0.04788417,0.04687018
9726,0.0026066385,0.0,0.037201323,0.008886402,0.0020373135,0.0,0.050145425,0.04686727
9727,0.0028263945,0.0,0.037135746,0.008871857,0.002070429,0.0,0.0521499,0.04686107
9728,0.002746749,0.0,0.037874304,0.008856131,0.0021878083,0.0,0.050616045,0.046855006
9729,0.0027311856,0.0,0.037825093,0.008839194,0.001899025,0.0,0.05133401,0.046848897
9730,0.002698773,0.0,0.037279908,0.008825832,0.0020891014,0.0,0.050041936,0.04684711
9731,0.002720067,0.0,0.037074868,0.008816638,0.0019856524,0.0,0.0501836,0.046844922
9732,0.0028033678,0.0,0.037555505,0.008809953,0.0020283358,0.0,0.052261904,0.046841253
9733,0.0026335958,0.0,0.03700999,0.0088044405,0.0019868826,0.0,0.053305537,0.04684053
9734,0.002629888,0.0,0.037469912,0.008803253,0.0019599902,0.0,0.048714016,0.046843603
9735,0.0026019567,0.0,0.037638087,0.008802731,0.0019839732,0.0,0.051426403,0.046847075
9736,0.002690806,0.0,0.03705124,0.008801735,0.0020841227,0.0,0.050254017,0.04685381
9737,0.0025989588,0.0,0.038643036,0.008799464,0.0020420798,0.0,0.04906384,0.04686085
9738,0.0027571155,0.0,0.03686928,0.00879537,0.0020045552,0.0,0.050873622,0.046864368
9739,0.0027567318,0.0,0.038193073,0.008789263,0.0019731491,0.0,0.049958847,0.046867713
9740,0.0029937997,0.0,0.03723634,0.008780943,0.0021195756,0.0,0.051436096,0.046869975
9741,0.002556871,0.0,0.037912637,0.008770331,0.001982518,0.0,0.051291518,0.046874173
9742,0.002729232,0.0,0.03649011,0.008757442,0.002131456,0.0,0.0487873,0.04688124
9743,0.0025698044,0.0,0.03687454,0.008742358,0.0019937656,0.0,0.050694857,0.04688716
9744,0.0025609678,0.0,0.03713069,0.008725394,0.0019517035,0.0,0.047191214,0.046891745
9745,0.0027182247,0.0,0.03636289,0.008706608,0.0019987538,0.0,0.049834117,0.046895444
9746,0.002726558,0.0,0.03693753,0.008686147,0.0019399541,0.0,0.049942873,0.046898056
9747,0.002831058,0.0,0.037335176,0.008664131,0.0020331724,0.0,0.049825925,0.046902515
9748,0.0028185355,0.0,0.0374638,0.008640784,0.0020098567,0.0,0.047862776,0.046902917
9749,0.0026355833,0.0,0.03679942,0.008616542,0.0018802631,0.0,0.05176494,0.04690229
9750,0.0024875153,0.0,0.03740441,0.008591336,0.002015748,0.0,0.049942486,0.046901997
9751,0.0026974985,0.0,0.03727053,0.008565317,0.0018778676,0.0,0.047785267,0.046905164
9752,0.0027301635,0.0,0.036367144,0.008538592,0.001989693,0.0,0.04919417,0.046905942
9753,0.002515835,0.0,0.03794345,0.008511347,0.0018424817,0.0,0.049263798,0.04690518
9754,0.0026527985,0.0,0.03666076,0.008483635,0.0019296956,0.0,0.048744358,0.04690201
9755,0.0025214895,0.0,0.036940243,0.008455581,0.0019003138,0.0,0.050583877,0.046900325
9756,0.0027343833,0.0,0.03627678,0.008427264,0.0018677722,0.0,0.051834766,0.04690209
9757,0.0026332384,0.0,0.038055476,0.00839876,0.0020432656,0.0,0.051846385,0.046907846
9758,0.0027225204,0.0,0.037676215,0.008370146,0.0019452485,0.0,0.04870766,0.046913613
9759,0.0028802617,0.0,0.03725139,0.008341494,0.0020010741,0.0,0.049390182,0.04691737
9760,0.0025529861,0.0,0.036665574,0.008312861,0.0019342551,0.0,0.051251918,0.046921052
9761,0.0027253227,0.0,0.036761273,0.008284463,0.0020138233,0.0,0.050513085,0.046926245
9762,0.0027604236,0.0,0.037091747,0.008256243,0.0020651415,0.0,0.051854406,0.04693139
9763,0.002775856,0.0,0.036518533,0.00822819,0.0019123835,0.0,0.05006002,0.04693541
9764,0.002460823,0.0,0.03743368,0.008200348,0.002096239,0.0,0.049725447,0.046937026
9765,0.0026647751,0.0,0.036272064,0.008172724,0.0018757735,0.0,0.051298413,0.046937946
9766,0.00297839,0.0,0.037218183,0.008145328,0.002191933,0.0,0.04920848,0.046942007
9767,0.0027510752,0.0,0.03724642,0.008118742,0.002068158,0.0,0.0506898,0.046947762
9768,0.002980269,0.0,0.03566076,0.008092802,0.0020760118,0.0,0.05136453,0.046952337
9769,0.003006683,0.0,0.037494868,0.008067395,0.0019784535,0.0,0.05016479,0.046954945
9770,0.0027784954,0.0,0.03646318,0.008045149,0.002231601,0.0,0.051149208,0.046958577
9771,0.0027397461,0.0,0.03694224,0.008024238,0.0020246543,0.0,0.05312244,0.04695969
9772,0.002725997,0.0,0.03744959,0.008004177,0.002013364,0.0,0.050031565,0.04696548
9773,0.002666288,0.0,0.037008382,0.007984582,0.002078413,0.0,0.050261598,0.04696637
9774,0.0029279985,0.0,0.037646994,0.007965152,0.0022037164,0.0,0.052266154,0.04696757
9775,0.0028796627,0.0,0.03740132,0.007945809,0.0022007106,0.0,0.048388474,0.046967924
9776,0.002803621,0.0,0.037208073,0.007926351,0.0022046953,0.0,0.051164087,0.046966624
9777,0.0026946326,0.0,0.03698424,0.007906826,0.002184743,0.0,0.052452594,0.0469657
9778,0.002810878,0.0,0.036508854,0.007887398,0.0020504694,0.0,0.050043814,0.04696414
9779,0.0026919707,0.0,0.036176074,0.007867871,0.002116998,0.0,0.05062927,0.04696155
9780,0.0027083154,0.0,0.037385844,0.007848239,0.0019858154,0.0,0.05087277,0.0469633
9781,0.0028068458,0.0,0.03756853,0.007828561,0.002014773,0.0,0.04747859,0.046964787
9782,0.0026246859,0.0,0.037146967,0.0078088054,0.0020682248,0.0,0.05030115,0.046966907
9783,0.0026582116,0.0,0.03748301,0.0077889897,0.0019903583,0.0,0.050925873,0.046966508
9784,0.002840134,0.0,0.037090104,0.007769972,0.0020281896,0.0,0.049724195,0.04696486
9785,0.0025890311,0.0,0.03680701,0.007751145,0.0021525854,0.0,0.05203322,0.046962816
9786,0.002676931,0.0,0.037113164,0.007732632,0.0019330874,0.0,0.04909625,0.046960656
9787,0.0027754097,0.0,0.03730123,0.007714266,0.0021078726,0.0,0.05504512,0.046957616
9788,0.002908445,0.0,0.0383066,0.007696697,0.0019377514,0.0,0.049214814,0.04695653
9789,0.002645789,0.0,0.037718367,0.007679256,0.0018664782,0.0,0.047578096,0.046955734
9790,0.0028564448,0.0,0.037211984,0.0076620704,0.0020164012,0.0,0.04955163,0.0469545
9791,0.0027465934,0.0,0.03667931,0.007644899,0.001982849,0.0,0.05002803,0.04695363
9792,0.002836635,0.0,0.03740841,0.0076276795,0.00197708,0.0,0.050155666,0.04695363
9793,0.0026811776,0.0,0.03652419,0.0076103844,0.0019039382,0.0,0.0511281,0.046953205
9794,0.0025546993,0.0,0.036710702,0.0075930036,0.0020716912,0.0,0.04979342,0.046956204
9795,0.0028213237,0.0,0.03726571,0.007575547,0.0019318396,0.0,0.049503833,0.04695827
9796,0.0028131583,0.0,0.037068035,0.007557961,0.0019230597,0.0,0.04749996,0.04696095
9797,0.0026749445,0.0,0.037300922,0.0075404015,0.001939742,0.0,0.0527895,0.046961676
9798,0.002735437,0.0,0.0376109,0.0075229187,0.0019232872,0.0,0.050197892,0.046963383
9799,0.002620585,0.0,0.037956346,0.007505598,0.0020156573,0.0,0.04944943,0.04696611
9800,0.0027664015,0.0,0.03660835,0.0074883928,0.001965246,0.0,0.050468486,0.046968363
9801,0.0027142556,0.0,0.036369715,0.007471271,0.0020242822,0.0,0.050063774,0.046971608
9802,0.002795073,0.0,0.037106905,0.0074543795,0.0020282178,0.0,0.049264938,0.046974488
9803,0.0027444372,0.0,0.037220284,0.007437922,0.002162704,0.0,0.04948818,0.046979852
9804,0.002719463,0.0,0.03674301,0.0074297227,0.0018508075,0.0,0.04926449,0.04698572
9805,0.0027510503,0.0,0.036864772,0.0074265,0.0021205042,0.0,0.04815588,0.04699214
9806,0.002622685,0.0,0.037056156,0.0074262507,0.002038826,0.0,0.050453853,0.046998683
9807,0.0026053276,0.0,0.036969364,0.007428526,0.0020215854,0.0,0.04779062,0.047003157
9808,0.002767331,0.0,0.03775503,0.007431808,0.0019270333,0.0,0.049289856,0.04700787
9809,0.0026393933,0.0,0.036613673,0.0074352603,0.002210106,0.0,0.050594557,0.047010496
9810,0.0027217958,0.0,0.036192626,0.0074384813,0.0019180521,0.0,0.05132756,0.04701592
9811,0.002550781,0.0,0.03702206,0.0074409684,0.0021873107,0.0,0.047833376,0.047020636
9812,0.0029080259,0.0,0.037594024,0.007442332,0.0020552308,0.0,0.048448775,0.04702207
9813,0.002839823,0.0,0.038177498,0.0074423733,0.002074679,0.0,0.049442854,0.047024824
9814,0.0028722305,0.0,0.037163693,0.007441049,0.0020322336,0.0,0.052553963,0.04702692
9815,0.0026562242,0.0,0.03688381,0.00743871,0.0020338157,0.0,0.05099701,0.047029022
9816,0.0027184365,0.0,0.036920503,0.0074450443,0.0020597621,0.0,0.049908336,0.0470321
9817,0.0027025398,0.0,0.037199974,0.0074555087,0.0019958506,0.0,0.049625926,0.04703296
9818,0.002937365,0.0,0.0370519,0.0074691228,0.0019289111,0.0,0.048643753,0.04703081
9819,0.0026700236,0.0,0.03599588,0.0074837403,0.0020107932,0.0,0.04771047,0.047027186
9820,0.0026876812,0.0,0.037537016,0.0074984455,0.0021081523,0.0,0.049774602,0.047021817
9821,0.0025170299,0.0,0.037393887,0.0075122057,0.0022094178,0.0,0.04767332,0.047014415
9822,0.002661723,0.0,0.036663104,0.0075243744,0.0021105786,0.0,0.05029223,0.047005787
9823,0.002680838,0.0,0.037350766,0.007534545,0.0021197463,0.0,0.048937082,0.046996236
9824,0.0026746185,0.0,0.036897738,0.007542462,0.0019380552,0.0,0.05056324,0.046987586
9825,0.002625896,0.0,0.036785245,0.00754803,0.0023266256,0.0,0.05046369,0.04698073
9826,0.0025648454,0.0,0.03724726,0.007552591,0.0019321928,0.0,0.050078314,0.04697409
9827,0.0025875787,0.0,0.036476236,0.0075553064,0.0021117975,0.0,0.049070984,0.04696675
9828,0.0027247006,0.0,0.037152894,0.0075561153,0.0019373012,0.0,0.04885604,0.04695951
9829,0.002733351,0.0,0.036439333,0.00755528,0.0020984842,0.0,0.049871698,0.04695052
9830,0.0025880067,0.0,0.037514113,0.007552741,0.0020670167,0.0,0.049059637,0.046940483
9831,0.002589047,0.0,0.037665386,0.007548528,0.0021007657,0.0,0.049860798,0.046928033
9832,0.0024458026,0.0,0.037620466,0.0075426116,0.002124818,0.0,0.04925599,0.046915743
9833,0.0025384948,0.0,0.03667932,0.0075351866,0.0019446336,0.0,0.05074107,0.04690303
9834,0.002672257,0.0,0.037246972,0.007526377,0.0019206449,0.0,0.04892719,0.04689055
9835,0.0028016984,0.0,0.036348574,0.007516522,0.0020101776,0.0,0.050579283,0.046879455
9836,0.0025199035,0.0,0.037855614,0.007505921,0.0021188613,0.0,0.05002042,0.0468698
9837,0.0025739556,0.0,0.03664227,0.0074944207,0.0020781895,0.0,0.04985166,0.04686011
9838,0.0026479373,0.0,0.038476817,0.007482957,0.0021163155,0.0,0.050169054,0.046848964
9839,0.002654329,0.0,0.037464976,0.00747113,0.0019568612,0.0,0.050267957,0.046839
9840,0.00258565,0.0,0.037264757,0.007459581,0.001881086,0.0,0.05021508,0.046830714
9841,0.0025987139,0.0,0.03742464,0.0074476963,0.002016696,0.0,0.05022013,0.04682418
9842,0.003029515,0.0,0.037380785,0.007435459,0.0019631109,0.0,0.04993598,0.046817757
9843,0.0026691225,0.0,0.036663808,0.007423074,0.0021119146,0.0,0.04972078,0.046814185
9844,0.002763795,0.0,0.036546,0.0074226423,0.0019838011,0.0,0.050984535,0.046809155
9845,0.0028092042,0.0,0.03687643,0.007427338,0.0021422452,0.0,0.04953426,0.0468043
9846,0.0029133817,0.0,0.0372077,0.0074358033,0.0021891952,0.0,0.04890106,0.04679961
9847,0.0027619796,0.0,0.037758898,0.007446742,0.0020277554,0.0,0.050102208,0.04679546
9848,0.0026853024,0.0,0.03696152,0.0074584456,0.0019572289,0.0,0.04791337,0.046791255
9849,0.00255304,0.0,0.03713428,0.007470062,0.0020601777,0.0,0.04872637,0.04678517
9850,0.0026719982,0.0,0.0361752,0.0074813743,0.0020786435,0.0,0.049779825,0.04677834
9851,0.002634416,0.0,0.03818155,0.007491387,0.002069674,0.0,0.05216256,0.046771877
9852,0.0028419793,0.0,0.036754124,0.00749962,0.0021009108,0.0,0.049970012,0.04676677
9853,0.0027347142,0.0,0.037713252,0.007505872,0.002066404,0.0,0.050638214,0.0467619
9854,0.0026572635,0.0,0.03756857,0.0075098895,0.0020964001,0.0,0.048875835,0.046758156
9855,0.0027631754,0.0,0.03759903,0.0075114192,0.0019713321,0.0,0.049195804,0.04675365
9856,0.0026550912,0.0,0.036967404,0.0075110323,0.0021126927,0.0,0.049800668,0.046749726
9857,0.0027749366,0.0,0.036566116,0.0075087263,0.0020452896,0.0,0.050520513,0.04674496
9858,0.0023860752,0.0,0.036947437,0.007504531,0.0020193404,0.0,0.049546108,0.046741
9859,0.0027189762,0.0,0.03775017,0.0074986224,0.0021045492,0.0,0.049278602,0.046738397
9860,0.0026339407,0.0,0.037687667,0.0074911104,0.002158001,0.0,0.049220283,0.04673555
9861,0.0027708893,0.0,0.03738493,0.0074821548,0.0021537782,0.0,0.050836876,0.046732128
9862,0.0027033666,0.0,0.036794323,0.0074718804,0.0020801036,0.0,0.048850115,0.046728753
9863,0.0027934625,0.0,0.037172306,0.007460437,0.002020747,0.0,0.047195006,0.04672311
9864,0.0026375356,0.0,0.03688357,0.007447955,0.0020576352,0.0,0.05180492,0.046718974
9865,0.002856618,0.0,0.03706097,0.00743458,0.002137356,0.0,0.051797815,0.046720188
9866,0.0027379324,0.0,0.037026618,0.00742043,0.0020676746,0.0,0.051237207,0.04672012
9867,0.002504484,0.0,0.0372092,0.007405629,0.0021902686,0.0,0.050249442,0.04672187
9868,0.0026543478,0.0,0.037252247,0.007390279,0.00199985,0.0,0.048873384,0.046723954
9869,0.0026611302,0.0,0.036936127,0.007374721,0.002121443,0.0,0.050073057,0.046725743
9870,0.0026767114,0.0,0.036814116,0.0073588397,0.0019729815,0.0,0.048936844,0.046728957
9871,0.0026927833,0.0,0.036612693,0.0073492797,0.002061566,0.0,0.04797511,0.04673214
9872,0.0027555844,0.0,0.03679645,0.0073470925,0.002024133,0.0,0.047478024,0.046735894
9873,0.0028320223,0.0,0.03701271,0.00734937,0.00199081,0.0,0.05299256,0.04673871
9874,0.0026079298,0.0,0.03773172,0.0073542045,0.002043841,0.0,0.048932794,0.046740197
9875,0.0025432652,0.0,0.037934564,0.007360267,0.0020062886,0.0,0.05045651,0.046741113
9876,0.0026453391,0.0,0.037158843,0.0073665013,0.00196883,0.0,0.047734268,0.046742346
9877,0.0026480828,0.0,0.03707221,0.007372166,0.0020111937,0.0,0.051360864,0.046744134
9878,0.0026573495,0.0,0.037407152,0.0073767127,0.002090541,0.0,0.048703697,0.046744764
9879,0.002761757,0.0,0.037018944,0.0073803486,0.0021091264,0.0,0.048290666,0.046746776
9880,0.002862665,0.0,0.037346344,0.0073824683,0.0020689887,0.0,0.04968122,0.046746287
9881,0.0027823574,0.0,0.03641424,0.0073829214,0.0020121783,0.0,0.050469365,0.046746228
9882,0.0028498361,0.0,0.038144715,0.0073816357,0.002032796,0.0,0.051774718,0.046749514
9883,0.0027955098,0.0,0.03801416,0.0074048145,0.0020258266,0.0,0.048400853,0.04675537
9884,0.0026975863,0.0,0.03692143,0.0074502123,0.0020578115,0.0,0.0517557,0.04676149
9885,0.0028084484,0.0,0.03667747,0.0075103007,0.001970614,0.0,0.049590863,0.0467673
9886,0.0028629866,0.0,0.03665781,0.0075791953,0.0020199153,0.0,0.05193386,0.04677258
9887,0.0029072266,0.0,0.036775965,0.0076523777,0.0019475971,0.0,0.04810032,0.046780124
9888,0.0026503005,0.0,0.037043277,0.0077264155,0.0019882328,0.0,0.04946298,0.046786822
9889,0.002577171,0.0,0.037444625,0.0077987816,0.0019341181,0.0,0.050529376,0.046791382
9890,0.0026300033,0.0,0.036436453,0.007867749,0.0019756758,0.0,0.04552275,0.046796538
9891,0.0027197371,0.0,0.037561957,0.007932477,0.0020884515,0.0,0.052763034,0.0468007
9892,0.0027331803,0.0,0.037271094,0.007993657,0.0020400737,0.0,0.0492217,0.046802904
9893,0.0026865816,0.0,0.037618157,0.008049505,0.0020688663,0.0,0.050841775,0.046804998
9894,0.002765242,0.0,0.03688295,0.008099842,0.0020621016,0.0,0.048468657,0.046808105
9895,0.0026532556,0.0,0.036970854,0.008144102,0.0019586955,0.0,0.049359925,0.04680849
9896,0.002795471,0.0,0.037287116,0.008182859,0.0020071196,0.0,0.04858415,0.04681076
9897,0.0029524164,0.0,0.036955148,0.008216289,0.0019821837,0.0,0.0500528,0.046811156
9898,0.0027780773,0.0,0.03753897,0.008245024,0.0019879432,0.0,0.05078157,0.04681085
9899,0.0028235395,0.0,0.036773,0.008269084,0.001977161,0.0,0.047406808,0.046813514
9900,0.0027101235,0.0,0.037037194,0.008288535,0.0020187772,0.0,0.04854793,0.046816833
9901,0.0027311444,0.0,0.037020043,0.008303369,0.0021980067,0.0,0.048572633,0.046819117
9902,0.0028221156,0.0,0.03688821,0.008313543,0.0022504772,0.0,0.047243897,0.046819262
9903,0.0027011828,0.0,0.037446998,0.008320861,0.0019975994,0.0,0.050886743,0.046817876
9904,0.00255868,0.0,0.037454415,0.008324756,0.0019835343,0.0,0.050096598,0.04682028
9905,0.0027009929,0.0,0.03789167,0.008329869,0.0021034265,0.0,0.0496664,0.046820793
9906,0.0026484977,0.0,0.0380378,0.008336523,0.0019781436,0.0,0.051495273,0.0468225
9907,0.0027066234,0.0,0.036366247,0.008343519,0.0019587886,0.0,0.051643573,0.046826713
9908,0.0027914941,0.0,0.037760083,0.008350185,0.0019381066,0.0,0.051574998,0.046829376
9909,0.0025379104,0.0,0.03723162,0.008356263,0.0020023496,0.0,0.04712018,0.046833966
9910,0.0028754775,0.0,0.037363667,0.008360894,0.002038344,0.0,0.050262198,0.046836145
9911,0.0026000936,0.0,0.03739407,0.008363483,0.0020013803,0.0,0.052719798,0.046839513
9912,0.0025729903,0.0,0.03723584,0.008368366,0.001973478,0.0,0.05187056,0.046847012
9913,0.0027557546,0.0,0.037619535,0.008374273,0.0020038118,0.0,0.04836157,0.04685596
9914,0.002517818,0.0,0.03681673,0.008379759,0.0019349188,0.0,0.047939993,0.04686155
9915,0.0027998094,0.0,0.037570003,0.00838406,0.00206943,0.0,0.048163857,0.046868995
9916,0.0026379575,0.0,0.037024852,0.008386439,0.0020323673,0.0,0.051686384,0.046874646
9917,0.002777957,0.0,0.036786955,0.0083865,0.0019595865,0.0,0.051049232,0.046884708
9918,0.002872544,0.0,0.037445344,0.008388658,0.0019766486,0.0,0.051923357,0.0468927
9919,0.0026263145,0.0,0.036469378,0.008390314,0.0019845765,0.0,0.05157985,0.046901233
9920,0.002469274,0.0,0.03737189,0.008390739,0.0018431443,0.0,0.051290877,0.046910178
9921,0.0025324523,0.0,0.03756782,0.008389374,0.00215944,0.0,0.05070318,0.04691698
9922,0.0027972797,0.0,0.03645795,0.008385881,0.0020487776,0.0,0.051244233,0.046928015
9923,0.0028913661,0.0,0.03683447,0.008383318,0.0019878757,0.0,0.049840465,0.046939123
9924,0.0028205323,0.0,0.03822807,0.008379365,0.0020805362,0.0,0.048837844,0.046948656
9925,0.0026619155,0.0,0.03687953,0.0083884755,0.0020189425,0.0,0.04940287,0.046954934
9926,0.0027020383,0.0,0.03673703,0.008405143,0.0021714843,0.0,0.051248554,0.046959642
9927,0.0025100484,0.0,0.037440076,0.008425849,0.0021808934,0.0,0.051241975,0.046962846
9928,0.0028180361,0.0,0.038077593,0.008448087,0.0022365055,0.0,0.05039504,0.046969
9929,0.0026645577,0.0,0.037091795,0.008470352,0.0020471076,0.0,0.048512608,0.046974737
9930,0.0027204896,0.0,0.037042078,0.00849312,0.0019559087,0.0,0.04936292,0.04697949
9931,0.002671262,0.0,0.036745008,0.00851425,0.0020722111,0.0,0.048772976,0.04698328
9932,0.0026707898,0.0,0.037093576,0.008532775,0.0020109178,0.0,0.049726002,0.046985798
9933,0.002867949,0.0,0.036446836,0.008548063,0.0019217809,0.0,0.051376197,0.04698843
9934,0.002580729,0.0,0.037137605,0.00855974,0.0020667133,0.0,0.05273435,0.04698767
9935,0.002641804,0.0,0.03631697,0.008567663,0.0020351002,0.0,0.050467625,0.046987265
9936,0.0024778312,0.0,0.037250496,0.008571831,0.0020476142,0.0,0.049383458,0.046987914
9937,0.0026421144,0.0,0.037218943,0.008572342,0.0020023445,0.0,0.05069964,0.046987966
9938,0.0027022704,0.0,0.037446517,0.008569398,0.0021061932,0.0,0.04913575,0.04698782
9939,0.0027807925,0.0,0.036799986,0.008563245,0.00200244,0.0,0.05040335,0.046987876
9940,0.0026583804,0.0,0.03717633,0.008554157,0.0020067096,0.0,0.049646683,0.04699062
9941,0.0027696397,0.0,0.037245847,0.008542398,0.0019035089,0.0,0.0505502,0.046994083
9942,0.0027887581,0.0,0.037998587,0.008528614,0.002050898,0.0,0.049321316,0.04699827
9943,0.0026236111,0.0,0.036701594,0.008512779,0.0020254687,0.0,0.050652966,0.04700063
9944,0.002805751,0.0,0.037000604,0.008495101,0.001954493,0.0,0.048458792,0.047003362
9945,0.0029768895,0.0,0.037107483,0.008475778,0.0020393715,0.0,0.047685344,0.04700391
9946,0.002758563,0.0,0.037306502,0.008455006,0.0020487253,0.0,0.050580032,0.047001865
9947,0.0028320823,0.0,0.037306227,0.008432967,0.002127878,0.0,0.050040778,0.046999853
9948,0.0028804457,0.0,0.036142483,0.008409977,0.0020105313,0.0,0.0496387,0.04699593
9949,0.002893131,0.0,0.037356902,0.00838606,0.002112877,0.0,0.051163316,0.046992574
9950,0.002914924,0.0,0.03889188,0.008361607,0.0020574953,0.0,0.05501823,0.046988115
9951,0.0028995369,0.0,0.038003128,0.00833655,0.002001805,0.0,0.0519845,0.046981
9952,0.0028144456,0.0,0.036772877,0.0083109895,0.0020730894,0.0,0.05251731,0.046972778
9953,0.0025834488,0.0,0.03651796,0.008284997,0.0020803441,0.0,0.050961494,0.0469642
9954,0.0028335163,0.0,0.0381189,0.008258649,0.0019430498,0.0,0.053143024,0.04695632
9955,0.002829427,0.0,0.03773924,0.008232173,0.002147792,0.0,0.05084559,0.04694562
9956,0.0028285186,0.0,0.037226416,0.008205751,0.00202147,0.0,0.050095353,0.04693477
9957,0.0026913867,0.0,0.03653145,0.008179256,0.0020344055,0.0,0.049768846,0.046922445
9958,0.0025672656,0.0,0.03647723,0.008152703,0.0021034693,0.0,0.049423184,0.04691249
9959,0.0029432257,0.0,0.036860626,0.008126215,0.0019648368,0.0,0.052490067,0.046905145
9960,0.002449472,0.0,0.037262242,0.0080998195,0.0020599838,0.0,0.050102923,0.046899598
9961,0.0025423628,0.0,0.037325677,0.008073612,0.0019166023,0.0,0.05051023,0.04689383
9962,0.002758541,0.0,0.03629221,0.008047689,0.0021154378,0.0,0.052203808,0.046888936
9963,0.002962919,0.0,0.037480123,0.008022001,0.0019639607,0.0,0.04936314,0.046888173
9964,0.002761037,0.0,0.036627803,0.007996925,0.0021335387,0.0,0.051765706,0.046885397
9965,0.0027906294,0.0,0.036383692,0.007972416,0.001963221,0.0,0.049512457,0.04688147
9966,0.0028544033,0.0,0.037036393,0.007948279,0.0019891572,0.0,0.049299374,0.04688306
9967,0.0025947685,0.0,0.037698664,0.007924402,0.0021985718,0.0,0.04892079,0.04688382
9968,0.0029280654,0.0,0.037439305,0.007900714,0.002210445,0.0,0.050624162,0.04688303
9969,0.0027595588,0.0,0.03681899,0.007877151,0.002036357,0.0,0.048834655,0.04688251
9970,0.0028631813,0.0,0.037143584,0.007853696,0.0021307904,0.0,0.050156657,0.046880797
9971,0.0025793323,0.0,0.03708741,0.007830651,0.0020844634,0.0,0.050241426,0.04687946
9972,0.0026187717,0.0,0.03719302,0.0078078313,0.0021739614,0.0,0.0473541,0.046876762
9973,0.002581267,0.0,0.036444902,0.007785222,0.0021079665,0.0,0.05124143,0.046873614
9974,0.0028966183,0.0,0.03678302,0.007762831,0.0019344867,0.0,0.049342927,0.046870716
9975,0.0027797322,0.0,0.037423488,0.0077407206,0.0019856726,0.0,0.05128933,0.046867937
9976,0.0027054688,0.0,0.03824462,0.0077188537,0.002096493,0.0,0.0499819,0.04686574
9977,0.002898547,0.0,0.03660648,0.0076972223,0.0020772766,0.0,0.049334038,0.04686573
9978,0.0029548227,0.0,0.037151616,0.007675803,0.0020765464,0.0,0.048825383,0.04686328
9979,0.0025431195,0.0,0.03712838,0.0076545933,0.0019879173,0.0,0.048083965,0.046859346
9980,0.0028208776,0.0,0.03672188,0.007634136,0.0019944315,0.0,0.050828855,0.04685875
9981,0.0027250526,0.0,0.03676841,0.0076140338,0.0021568134,0.0,0.048531964,0.046858445
9982,0.0029366403,0.0,0.03697462,0.0075942143,0.0020316795,0.0,0.053567704,0.046858102
9983,0.002902067,0.0,0.036992896,0.007575352,0.0020914746,0.0,0.052729726,0.046854936
9984,0.002875081,0.0,0.037313987,0.007556996,0.0020043908,0.0,0.04957877,0.046850175
9985,0.0027939558,0.0,0.036923714,0.007539189,0.0021309764,0.0,0.053068146,0.046844605
9986,0.0028076952,0.0,0.03677224,0.0075218785,0.0019866505,0.0,0.05163534,0.046841145
9987,0.002638765,0.0,0.036950342,0.007504789,0.0021135982,0.0,0.050103147,0.046839688
9988,0.0026180262,0.0,0.03712171,0.0074878335,0.0020535444,0.0,0.049544938,0.046837237
9989,0.0028543998,0.0,0.037855,0.00747096,0.0020112619,0.0,0.05042807,0.046837263
9990,0.0030474444,0.0,0.037604842,0.007455225,0.0020781949,0.0,0.050830215,0.046835214
9991,0.0028148454,0.0,0.038432043,0.007440943,0.002008108,0.0,0.049024228,0.046834152
9992,0.0032363245,0.0,0.037282202,0.0074273925,0.0020412093,0.0,0.052132234,0.046833295
9993,0.0028173032,0.0,0.036745127,0.0074145943,0.001946199,0.0,0.050411973,0.04683171
9994,0.0028940889,0.0,0.037949942,0.007402084,0.0020119178,0.0,0.050704923,0.046829652
9995,0.0027747813,0.0,0.037057612,0.007389559,0.0020849023,0.0,0.05211131,0.046825398
9996,0.0026692497,0.0,0.03668929,0.007376882,0.0019754623,0.0,0.04866714,0.046821646
9997,0.0028687974,0.0,0.037579156,0.007363956,0.0019576023,0.0,0.049183454,0.046818018
9998,0.0031307284,0.0,0.03737475,0.0073507577,0.0019550622,0.0,0.052017912,0.046812486
9999,0.0026785296,0.0,0.03679826,0.007337219,0.0019126559,0.0,0.048625004,0.046810754
