,0,1,2,3,4,5,6,7
0,9.776204242371023e-05,0.005969496071338653,0.00752042569220066,0.02812717519700527,0.0,0.0076753245666623116,0.0,0.11842860281467438
1,9.504222398390994e-05,0.006299422029405833,0.007289781887084246,0.02916208989918232,0.0,0.007777559105306864,0.0,0.1184227466583252
2,9.826544992392882e-05,0.00614009853452444,0.007293831091374159,0.027770236507058142,0.0,0.00786342192441225,0.0,0.11842743307352066
3,9.59360200795345e-05,0.006134813278913498,0.007639877684414387,0.028881896659731864,0.0,0.007897871546447277,0.0,0.11841292679309845
4,9.900705626932904e-05,0.00618997011333704,0.007127963565289974,0.029764654114842415,0.0,0.007974873296916485,0.0,0.11840049177408218
5,9.844137530308217e-05,0.006078709103167057,0.007252150774002075,0.030337505415081976,0.0,0.008074176497757435,0.0,0.11841025203466415
6,9.686899575171992e-05,0.006000341195613146,0.007998756878077985,0.030391967669129372,0.0,0.008128438144922256,0.0,0.11842343956232071
7,9.89256615866907e-05,0.005997436493635178,0.007648762222379446,0.02817494422197342,0.0,0.008125899359583855,0.0,0.11844130605459213
8,9.707565477583558e-05,0.006069562956690788,0.007569139916449785,0.02976942025125027,0.0,0.008113828487694263,0.0,0.11845266819000244
9,9.83603938948363e-05,0.006144184619188309,0.007862285990267993,0.0285025168210268,0.0,0.008126256056129932,0.0,0.1184500902891159
10,9.395251836394892e-05,0.006085218675434589,0.007890885416418313,0.029578275606036188,0.0,0.008127609267830849,0.0,0.11845971643924713
11,9.04937187442556e-05,0.0061163888312876225,0.00771458987146616,0.026965516433119775,0.0,0.008099841885268688,0.0,0.11847738176584244
12,9.252174641005695e-05,0.006246178410947323,0.007774336636066437,0.029506885260343552,0.0,0.008040063083171844,0.0,0.11848479509353638
13,0.00010212092602159827,0.005906785000115633,0.007565495371818542,0.027858983352780343,0.0,0.007946567609906197,0.0,0.11848585307598114
14,9.921373275574296e-05,0.006127526145428419,0.007703517004847527,0.02877870574593544,0.0,0.00784554798156023,0.0,0.11848970502614975
15,0.00010038014006568119,0.006269867531955242,0.007818018924444914,0.02766900360584259,0.0,0.007750221993774176,0.0,0.11847640573978424
16,9.320190729340538e-05,0.006037945859134197,0.007181948889046908,0.030035141855478287,0.0,0.007655243389308453,0.0,0.11846562474966049
17,9.422707953490316e-05,0.006139423325657844,0.007393771223723889,0.028199397772550584,0.0,0.007564918603748083,0.0,0.11846308410167694
18,9.251344454241917e-05,0.006129835080355406,0.007632198184728623,0.027186992391943932,0.0,0.0075075156055390835,0.0,0.11844758689403534
19,9.096077556023375e-05,0.006202190462499857,0.0075304917059838775,0.029234877601265908,0.0,0.007484985049813986,0.0,0.1184227243065834
20,0.0001024708486511372,0.0062587023712694645,0.007758472487330437,0.028347576037049294,0.0,0.007461397908627987,0.0,0.11840156465768814
21,8.964580338215456e-05,0.00600633742287755,0.007261877041310072,0.029633935168385507,0.0,0.007447844836860895,0.0,0.11839289963245392
22,0.00010062343935715034,0.006002786383032799,0.0075288936495780945,0.02886294238269329,0.0,0.007420396897941828,0.0,0.11838947236537933
23,9.870451322058216e-05,0.005875661317259073,0.0071377352811396125,0.029433121904730797,0.0,0.007417791523039341,0.0,0.1183907762169838
24,0.00010534415923757479,0.006023665983229875,0.0069932552985847,0.02907790504395962,0.0,0.007429940160363913,0.0,0.11838767677545547
25,9.436226537218317e-05,0.006194199342280627,0.0073249821551144125,0.029211027920246123,0.0,0.007469593081623316,0.0,0.11838667094707489
26,9.820241102715954e-05,0.006402515433728695,0.006950837466865778,0.029271050915122034,0.0,0.007556392345577478,0.0,0.11839892715215683
27,9.838637051871047e-05,0.0061452903784811495,0.0071077335625886915,0.029999490082263946,0.0,0.007653479930013418,0.0,0.1184099093079567
28,9.363952558487654e-05,0.006376791186630726,0.007579448074102402,0.029875615239143373,0.0,0.007700406014919281,0.0,0.11841539293527603
29,0.00010341415472794324,0.006160244345664978,0.007950152736157179,0.028937195241451264,0.0,0.007693207357078791,0.0,0.11842931807041168
30,0.0001004323668894358,0.006066418252885342,0.0077893083915114405,0.02918340228497982,0.0,0.007656169589608908,0.0,0.11844450235366821
31,9.178742620861158e-05,0.006116852723062038,0.0075244813226163386,0.029203143343329428,0.0,0.007597720716148615,0.0,0.11845394223928452
32,9.360557305626571e-05,0.006035400833934545,0.007346560806035995,0.028791172057390214,0.0,0.007521810941398144,0.0,0.11845143139362335
33,9.973924607038498e-05,0.00603019529953599,0.007655117567628622,0.02759825736284256,0.0,0.007445956580340862,0.0,0.11845533549785614
34,0.00010127685818588361,0.0059985576197505,0.007323068100959063,0.028755389153957367,0.0,0.007372742984443903,0.0,0.11844845116138458
35,9.403892763657496e-05,0.006162301078438759,0.007698803022503853,0.029385716095566748,0.0,0.007290785200893879,0.0,0.11845114082098007
36,9.410119673702866e-05,0.006101059727370739,0.007582162413746119,0.028250635042786597,0.0,0.007204561494290829,0.0,0.11847002804279327
37,8.995653624879196e-05,0.006001890264451503,0.007466096524149179,0.029542871937155723,0.0,0.007146328687667847,0.0,0.11848549544811249
38,9.536013967590407e-05,0.00595747223123908,0.007554452400654554,0.030700355023145675,0.0,0.007146825548261404,0.0,0.11850515753030777
39,0.00010260320559609681,0.006087537948042154,0.007352314051240682,0.029924922809004783,0.0,0.007173198275268078,0.0,0.11853070557117462
40,9.419761918252333e-05,0.006258342415094376,0.007123276311904192,0.029429378733038903,0.0,0.007199211977422237,0.0,0.11855816841125488
41,9.682462259661407e-05,0.005933972354978323,0.007195835839956999,0.02909020408987999,0.0,0.007222342304885387,0.0,0.11857849359512329
42,0.00010239922703476622,0.006365909148007632,0.007660666666924954,0.029610083252191544,0.0,0.007248257286846638,0.0,0.11857835948467255
43,9.918920404743403e-05,0.006134210247546434,0.007332383655011654,0.029670999199151993,0.0,0.007264220155775547,0.0,0.11856324970722198
44,9.215155587298796e-05,0.00597854945808649,0.007360451202839613,0.02820931114256382,0.0,0.007237578276544809,0.0,0.11853621900081635
45,9.083572658710181e-05,0.005999170336872339,0.006972724851220846,0.02883363552391529,0.0,0.0071858735755085945,0.0,0.11851521581411362
46,9.476360864937305e-05,0.005976526532322168,0.007278624642640352,0.02835024930536747,0.0,0.007144817151129246,0.0,0.11850293725728989
47,9.785438451217487e-05,0.006189284473657608,0.00735771432518959,0.028585733845829964,0.0,0.0071505047380924225,0.0,0.11847905069589615
48,9.122151677729562e-05,0.00611064787954092,0.007030394673347473,0.029882461950182914,0.0,0.007191347889602184,0.0,0.11845219135284424
49,0.0001027634396450594,0.005976428557187319,0.0073747396469116214,0.027871327102184297,0.0,0.007220229599624872,0.0,0.11844632774591446
50,9.884541213978082e-05,0.006082331296056509,0.006695146672427654,0.02866050787270069,0.0,0.007232434116303921,0.0,0.11846452951431274
51,8.889540331438183e-05,0.006185030844062567,0.00717141916975379,0.029390548169612885,0.0,0.007259838283061981,0.0,0.11847764253616333
52,9.689795551821589e-05,0.005949290376156569,0.00733069321140647,0.028045111149549485,0.0,0.007322306279093027,0.0,0.11848033964633942
53,9.975487482734024e-05,0.006094060931354761,0.007548874802887439,0.02987520322203636,0.0,0.007355690002441406,0.0,0.11848799884319305
54,9.345494327135384e-05,0.006188537739217281,0.007121456973254681,0.029478877782821655,0.0,0.0073909638449549675,0.0,0.11849015951156616
55,9.233121527358889e-05,0.006134420074522496,0.007201825268566608,0.028528669849038124,0.0,0.007411971688270569,0.0,0.11847390979528427
56,9.823148866416886e-05,0.006255718693137169,0.007642978057265282,0.029173482209444046,0.0,0.007395128719508648,0.0,0.1184600219130516
57,9.671894804341719e-05,0.006347997859120369,0.006962095014750957,0.029296426475048064,0.0,0.007358673959970474,0.0,0.1184556633234024
58,9.635027672629803e-05,0.006233281549066305,0.007551370933651924,0.030318545177578926,0.0,0.00737123703584075,0.0,0.11845662444829941
59,9.124381322180852e-05,0.006153290066868067,0.007168969605118036,0.028891583532094957,0.0,0.007415838539600372,0.0,0.11845339834690094
60,9.689296275610104e-05,0.005969394184648991,0.007083599921315908,0.029643164575099946,0.0,0.007463596761226654,0.0,0.11845479160547256
61,0.00010123053070856258,0.0061835507862269875,0.007565312925726176,0.029873467981815338,0.0,0.007478730287402868,0.0,0.11845885217189789
62,9.415072563569992e-05,0.006087181530892849,0.007814359851181507,0.027721602097153665,0.0,0.007457751780748367,0.0,0.11844414472579956
63,9.690499573480337e-05,0.00634044473990798,0.007396934553980827,0.029566361010074614,0.0,0.007412186358124018,0.0,0.11843268573284149
64,0.00010037779720732942,0.006064903736114502,0.008297359012067318,0.028739174455404283,0.0,0.007344155106693506,0.0,0.11843520402908325
65,9.899584692902863e-05,0.006124531663954258,0.007665185164660216,0.028732729330658912,0.0,0.007262303028255701,0.0,0.11843345314264297
66,0.00010277890105498954,0.006072132661938667,0.007793994341045618,0.028215307742357254,0.0,0.007196357008069754,0.0,0.11842270195484161
67,9.940150484908373e-05,0.006224403996020556,0.0077074747532606125,0.02933948263525963,0.0,0.007165193557739258,0.0,0.11840833723545074
68,9.655071044107899e-05,0.005946608074009418,0.007602766156196594,0.029888420179486275,0.0,0.0072095999494194984,0.0,0.11839846521615982
69,0.00010056372702820227,0.006072062533348799,0.007475802581757307,0.027977269142866135,0.0,0.007291445974260569,0.0,0.11839983612298965
70,9.461625304538757e-05,0.006153185106813908,0.007533256709575653,0.029148723185062408,0.0,0.007334025111049414,0.0,0.11841628700494766
71,9.826445020735263e-05,0.0061559082940220835,0.007157061714679003,0.029478336125612258,0.0,0.0073555693961679935,0.0,0.11842019855976105
72,9.938394359778612e-05,0.0060038046911358835,0.007419840432703495,0.029272749647498132,0.0,0.007379093207418919,0.0,0.11841362714767456
73,9.684875985840335e-05,0.006096724700182676,0.007567461952567101,0.028233186155557633,0.0,0.007380886469036341,0.0,0.11841671168804169
74,0.0001045082724886015,0.00612150551751256,0.007758289668709039,0.029274274408817292,0.0,0.007386398501694202,0.0,0.11842238903045654
75,9.774423524504528e-05,0.006008541584014893,0.007622627634555101,0.029331328347325325,0.0,0.00743280490860343,0.0,0.11841769516468048
76,0.00010583087860140949,0.006167010497301817,0.007500251103192568,0.030965365841984747,0.0,0.007459079381078482,0.0,0.11841132491827011
77,9.890965739032254e-05,0.006244623381644487,0.008039862290024758,0.029329566285014153,0.0,0.00745015311986208,0.0,0.11842058598995209
78,0.00010184069396927953,0.006259036436676979,0.007991078682243824,0.028987571597099304,0.0,0.007412596605718136,0.0,0.1184176355600357
79,0.00010174573399126529,0.006378181651234627,0.007545146718621254,0.028869466856122017,0.0,0.0073458971455693245,0.0,0.11840210109949112
80,9.01978783076629e-05,0.005893840547651052,0.007782017439603805,0.029005339741706847,0.0,0.007270687259733677,0.0,0.11840139329433441
81,9.445072937523946e-05,0.006174413301050663,0.00796348787844181,0.029181447252631186,0.0,0.007257486693561077,0.0,0.1183934211730957
82,9.551410475978628e-05,0.006160895898938179,0.007500231359153986,0.0294114600867033,0.0,0.007319368422031403,0.0,0.11838869750499725
83,9.930723172146827e-05,0.006096297968178987,0.007914255745708943,0.02945077046751976,0.0,0.007377438247203827,0.0,0.11838184297084808
84,0.00010586379648884759,0.005957610066980123,0.007743935659527778,0.029363836348056793,0.0,0.007413576357066631,0.0,0.11840498447418213
85,9.171165875159204e-05,0.006200420297682285,0.007477595005184412,0.029047480225563048,0.0,0.007417254149913788,0.0,0.11842058598995209
86,9.275044139940291e-05,0.006156408414244652,0.00740695558488369,0.028100458905100822,0.0,0.007379614748060703,0.0,0.11841324716806412
87,9.765132999746129e-05,0.006131946202367544,0.0074992354959249495,0.02812166288495064,0.0,0.00731432531028986,0.0,0.11841799318790436
88,9.513087861705572e-05,0.006149180419743061,0.007909070700407028,0.028455909341573715,0.0,0.007251220289617777,0.0,0.11842308193445206
89,9.623514197301119e-05,0.006013188883662224,0.007609981950372458,0.02870475798845291,0.0,0.007200764957815409,0.0,0.1184159517288208
90,9.350653708679601e-05,0.006033614464104176,0.006983845308423042,0.029344772174954414,0.0,0.007162522524595261,0.0,0.11841299384832382
91,9.879759891191497e-05,0.006373731140047312,0.007380740251392126,0.029762884601950645,0.0,0.00715724378824234,0.0,0.11841680854558945
92,9.036008414113894e-05,0.006177609786391258,0.007424123678356409,0.029438624531030654,0.0,0.0072557358071208,0.0,0.11843689531087875
93,9.848603076534346e-05,0.006087210774421692,0.007583108358085155,0.03035280853509903,0.0,0.007444652728736401,0.0,0.11846363544464111
94,0.00010058794723590835,0.006138035003095866,0.0078778063878417,0.02989940717816353,0.0,0.00762051809579134,0.0,0.11847852170467377
95,9.859496349235996e-05,0.006088146939873695,0.007548071909695864,0.028857081755995752,0.0,0.00773983309045434,0.0,0.11850061267614365
96,0.00010935630707535893,0.00614426638931036,0.007423227466642856,0.02851053923368454,0.0,0.007819674909114838,0.0,0.1185002326965332
97,9.30057227378711e-05,0.006274884473532439,0.007336178421974182,0.02949407957494259,0.0,0.007857127115130424,0.0,0.1184898167848587
98,9.014886163640767e-05,0.006169130280613899,0.007268548104912042,0.03029509410262108,0.0,0.007989874109625816,0.0,0.11849132925271988
99,9.762548870639876e-05,0.006168720498681069,0.00736800953745842,0.028579221293330192,0.0,0.00815922673791647,0.0,0.11849372088909149
100,9.545786160742864e-05,0.006235713511705399,0.007131553068757057,0.029285696893930437,0.0,0.0082514313980937,0.0,0.11850345134735107
101,0.00010207012674072758,0.006205503363162279,0.008001899905502796,0.030044084787368773,0.0,0.008303405717015266,0.0,0.11850881576538086
102,9.228997660102323e-05,0.006125207245349884,0.007661562692373991,0.028668229654431342,0.0,0.00835713092237711,0.0,0.11852174997329712
103,9.355676738778129e-05,0.005985553003847599,0.0072664526291191574,0.028748709708452225,0.0,0.008345117792487144,0.0,0.11853883415460587
104,9.724858100526034e-05,0.006072943005710841,0.007189077697694302,0.028369808942079543,0.0,0.008284129202365875,0.0,0.11854314804077148
105,0.0001048619014909491,0.006074736174196005,0.006893980689346791,0.02874763049185276,0.0,0.008210757747292519,0.0,0.11855888366699219
106,9.787234594114125e-05,0.006177948042750359,0.0072552098892629145,0.02819923162460327,0.0,0.008192680776119232,0.0,0.11856206506490707
107,8.322768844664097e-05,0.006257349066436291,0.007697582896798849,0.02829413451254368,0.0,0.008175712078809738,0.0,0.11855832487344742
108,9.00404149433598e-05,0.005956223607063294,0.0076912960037589075,0.0293362058699131,0.0,0.008129854686558247,0.0,0.11855323612689972
109,9.080294985324145e-05,0.0059854364022612575,0.00749143697321415,0.027490391582250594,0.0,0.008032897487282753,0.0,0.1185486912727356
110,9.041908633662387e-05,0.005992918275296688,0.007070878241211176,0.029693363606929778,0.0,0.00794635247439146,0.0,0.11853253841400146
111,9.288412111345679e-05,0.006076714769005775,0.007438888307660818,0.02858549915254116,0.0,0.007873455062508583,0.0,0.11851546913385391
112,0.0001012523760437034,0.0062843884341418745,0.007036260794848204,0.027433134615421295,0.0,0.007791449781507254,0.0,0.11850784718990326
113,9.865475294645876e-05,0.006113257352262735,0.007346745859831571,0.027987530827522276,0.0,0.007707643322646618,0.0,0.11850186437368393
114,9.1044235159643e-05,0.005963960755616426,0.007616512570530176,0.028093691542744638,0.0,0.0076062059961259365,0.0,0.11849610507488251
115,9.640181524446234e-05,0.006026073731482029,0.00710481395944953,0.030089138820767403,0.0,0.007499715778976679,0.0,0.11848713457584381
116,9.706264390842989e-05,0.005986929312348366,0.006964558362960815,0.02775750160217285,0.0,0.007414831314235926,0.0,0.11847759783267975
117,0.00010028496908489614,0.005957596655935049,0.006980472058057785,0.028649550676345826,0.0,0.0073735639452934265,0.0,0.11845569312572479
118,9.871770307654515e-05,0.00627557011321187,0.007326695416122675,0.029025044292211533,0.0,0.007342077791690826,0.0,0.11842067539691925
119,0.00010881725029321387,0.006144236400723457,0.007443371042609215,0.02869716174900532,0.0,0.00735470512881875,0.0,0.11838676780462265
120,0.00010012097482103854,0.006341682095080614,0.006787399109452963,0.02941011227667332,0.0,0.007401966955512762,0.0,0.11837272346019745
121,9.196685568895191e-05,0.006023511383682489,0.006988675333559513,0.030534037947654726,0.0,0.00757168373093009,0.0,0.11837369203567505
122,9.345343569293618e-05,0.0062316968105733395,0.0072930920869112015,0.029400531947612763,0.0,0.007739210035651922,0.0,0.11838122457265854
123,0.00010232292406726628,0.006357940100133419,0.007650406658649444,0.028721753507852554,0.0,0.00781439058482647,0.0,0.11839036643505096
124,0.00010452992864884436,0.006136954575777054,0.007634738832712174,0.03029237762093544,0.0,0.00780410785228014,0.0,0.11840744316577911
125,0.00010595194471534342,0.006212859693914652,0.007245960831642151,0.029893401265144347,0.0,0.007736929692327976,0.0,0.11842725425958633
126,0.00010087138216476887,0.0062740565277636055,0.007266668044030667,0.028093452006578444,0.0,0.007649153470993042,0.0,0.11844532191753387
127,0.00010358366998843848,0.006104464828968048,0.007581761293113232,0.028163600340485574,0.0,0.007595394738018513,0.0,0.11846102774143219
128,0.00010104033717652782,0.0061082282103598114,0.00721882851794362,0.028522228077054023,0.0,0.007563623134046793,0.0,0.11846097558736801
129,9.607779793441296e-05,0.0060558076947927475,0.00765334302559495,0.027767303958535196,0.0,0.007542004343122244,0.0,0.11845529079437256
130,0.00010104313114425167,0.006176610570400953,0.007308648340404034,0.030612726137042044,0.0,0.00754157081246376,0.0,0.11845028400421143
131,9.356711379950866e-05,0.006012998148798942,0.007214552350342273,0.027951268851757048,0.0,0.007568899542093277,0.0,0.1184513121843338
132,0.00010281526192557067,0.006299006659537554,0.006967974919825792,0.029586785286664963,0.0,0.007624221500009298,0.0,0.11847124248743057
133,9.335905924672261e-05,0.006143318954855204,0.006986197736114264,0.028781857714056967,0.0,0.007654360495507717,0.0,0.11848163604736328
134,9.769008902367204e-05,0.006143839005380869,0.007145256455987692,0.029020632430911065,0.0,0.007655341178178787,0.0,0.11847221851348877
135,9.26045628148131e-05,0.006184031255543232,0.007116517703980208,0.029107996821403505,0.0,0.0076454319059848785,0.0,0.11846208572387695
136,9.97239025309682e-05,0.006048584170639515,0.0077773045748472215,0.027921083196997643,0.0,0.007620564196258783,0.0,0.1184566468000412
137,9.779354149941355e-05,0.006071707047522068,0.007651718333363533,0.02892664335668087,0.0,0.00758686289191246,0.0,0.118443563580513
138,9.009692439576611e-05,0.0060321962460875515,0.007224362995475531,0.028103547170758247,0.0,0.007530482020229101,0.0,0.11843855679035187
139,9.773587953532115e-05,0.0060247333720326425,0.007736952416598797,0.028844528272747992,0.0,0.007454092614352703,0.0,0.11843667924404144
140,0.00010313250095350668,0.006088840588927269,0.007897727936506272,0.029255013540387155,0.0,0.007404017262160778,0.0,0.11843688786029816
141,9.625934617361054e-05,0.006329830829054117,0.007563382852822542,0.028658144921064378,0.0,0.007371264509856701,0.0,0.11845551431179047
142,0.0001014875597320497,0.006200429797172546,0.007497480046004057,0.028349097073078155,0.0,0.0073271035216748714,0.0,0.11847712844610214
143,9.458258718950674e-05,0.006177644524723291,0.0074318268336355684,0.02785625159740448,0.0,0.0073162042535841465,0.0,0.11848199367523193
144,9.872894588625059e-05,0.005971657298505306,0.007589840702712536,0.029122050479054452,0.0,0.007328390143811703,0.0,0.1184769868850708
145,9.554275457048788e-05,0.006058657448738814,0.007567443698644638,0.028593114390969277,0.0,0.0073200105689466,0.0,0.11847378313541412
146,9.916674316627905e-05,0.006047230120748282,0.007355773076415062,0.029917672649025916,0.0,0.007305684499442577,0.0,0.11847672611474991
147,9.759875101735815e-05,0.005958008486777544,0.0073999173007905485,0.028958239033818244,0.0,0.0072986409068107605,0.0,0.11848439276218414
148,9.667227423051372e-05,0.00611974261701107,0.007391810603439808,0.02936842739582062,0.0,0.00735476752743125,0.0,0.11849504709243774
149,0.00010491088614799083,0.006368901487439871,0.00730220228433609,0.02910670042037964,0.0,0.0073971995152533054,0.0,0.1185108870267868
150,9.903879545163363e-05,0.00617619575932622,0.007376605831086636,0.03002149611711502,0.0,0.0074238525703549385,0.0,0.11851539462804794
151,9.854685486061498e-05,0.0060237942263484,0.00716964527964592,0.029028601571917535,0.0,0.007459674030542374,0.0,0.11852207034826279
152,0.00010648876195773482,0.005772976297885179,0.007588873989880085,0.027316081151366235,0.0,0.007504738867282867,0.0,0.1185281053185463
153,8.581434813095256e-05,0.005910255014896393,0.006625088769942522,0.027019837498664857,0.0,0.007537567522376776,0.0,0.11853866279125214
154,9.387448953930288e-05,0.006186847202479839,0.007458170875906944,0.028706151619553567,0.0,0.007536119315773249,0.0,0.11854535341262817
155,9.510930831311271e-05,0.006330858264118433,0.007281332649290562,0.02909567467868328,0.0,0.007518894970417023,0.0,0.11855046451091766
156,9.430020581930876e-05,0.0061686202883720394,0.007951429765671491,0.02883497402071953,0.0,0.007656508591026068,0.0,0.11854076385498047
157,9.718263609101996e-05,0.006220395211130381,0.00753043619915843,0.02828267775475979,0.0,0.00791068933904171,0.0,0.11852741241455078
158,0.00010243416036246345,0.0061265785247087475,0.007274207379668951,0.02965775169432163,0.0,0.008106889203190804,0.0,0.11853496730327606
159,9.475348924752325e-05,0.006191266328096389,0.007830331195145845,0.029033084586262702,0.0,0.008217945694923401,0.0,0.11854289472103119
160,9.281802631448955e-05,0.006034794915467501,0.007284156698733568,0.027903452143073083,0.0,0.008286623284220695,0.0,0.11853231489658356
161,0.0001023263408569619,0.006025777198374271,0.00752936964854598,0.02917979024350643,0.0,0.008297169581055641,0.0,0.11850832402706146
162,9.262720996048302e-05,0.006065524462610483,0.007122228108346462,0.028578412532806397,0.0,0.008267579600214958,0.0,0.11847839504480362
163,9.73997506662272e-05,0.0060611415654420854,0.007296126708388329,0.028469380736351014,0.0,0.008203444071114063,0.0,0.11845195293426514
164,9.5982632774394e-05,0.006070669088512659,0.007146911881864071,0.02945813871920109,0.0,0.00813523679971695,0.0,0.11843670904636383
165,9.621381323086098e-05,0.006202929746359586,0.007016420923173427,0.029301381111145018,0.0,0.008074935525655746,0.0,0.11842614412307739
166,9.823860164033249e-05,0.0058786051347851755,0.0070671792142093185,0.02899193987250328,0.0,0.008025062270462513,0.0,0.11842413246631622
167,0.00010114711476489901,0.005998089816421271,0.007431316655129194,0.029894909635186196,0.0,0.007963280193507671,0.0,0.11842720210552216
168,9.827227477217093e-05,0.006144218426197767,0.007154897972941399,0.029149725288152694,0.0,0.007868824526667595,0.0,0.11843784153461456
169,9.229045681422577e-05,0.0060695215128362175,0.007768067810684442,0.029220712929964067,0.0,0.007750122342258692,0.0,0.11843720823526382
170,9.548132948111743e-05,0.006294453330338001,0.0075472922064363955,0.027338702231645584,0.0,0.007621173746883869,0.0,0.11844124644994736
171,9.204013913404197e-05,0.006279916130006313,0.00751017751172185,0.028977032005786895,0.0,0.007496937178075314,0.0,0.11844994872808456
172,9.670779254520312e-05,0.00610940782353282,0.007708867732435465,0.029546064138412476,0.0,0.007409069687128067,0.0,0.1184445470571518
173,9.678446658654139e-05,0.006171740498393774,0.007690071314573288,0.030035850405693055,0.0,0.007397749461233616,0.0,0.11842882633209229
174,9.886234474834054e-05,0.00614973409101367,0.0074914610013365746,0.027513928711414337,0.0,0.007474049925804138,0.0,0.11841686069965363
175,9.328800078947097e-05,0.005923857446759939,0.007721177209168673,0.028860105946660043,0.0,0.007552934344857931,0.0,0.11840222030878067
176,9.666122932685539e-05,0.006027544196695089,0.007983837183564902,0.029110867902636527,0.0,0.007607515901327133,0.0,0.11839227378368378
177,9.280207741539926e-05,0.006138519942760467,0.0077365153469145295,0.029267918318510056,0.0,0.007609455846250057,0.0,0.11841096729040146
178,8.956129750004038e-05,0.0060508036985993385,0.007521870266646147,0.02911911942064762,0.0,0.007581627462059259,0.0,0.11842993646860123
179,0.00010341260640416295,0.0060375694185495375,0.007669501192867756,0.02766871601343155,0.0,0.007520762737840414,0.0,0.11845461279153824
180,9.726613789098337e-05,0.006020128820091486,0.00741807408630848,0.0283539567142725,0.0,0.007468232419341803,0.0,0.1184869036078453
181,0.00010430911934236064,0.0058688177727162835,0.007215225789695978,0.02939179241657257,0.0,0.007414388004690409,0.0,0.11851397901773453
182,0.00010046925162896514,0.0060608071275055405,0.00765486741438508,0.029084795713424684,0.0,0.007355771027505398,0.0,0.11852172762155533
183,9.937021241057664e-05,0.006088302750140428,0.00789183285087347,0.02893577963113785,0.0,0.007337813265621662,0.0,0.11852000653743744
184,0.00010753129463410005,0.006169482786208391,0.007445280719548464,0.029401065781712532,0.0,0.007323698606342077,0.0,0.11851246654987335
185,9.46055690292269e-05,0.0060268744826316835,0.007266557775437832,0.029988905042409898,0.0,0.0073201535269618034,0.0,0.11851473897695541
186,9.280105587095022e-05,0.005977604538202286,0.007551776524633169,0.028311105072498323,0.0,0.007331837899982929,0.0,0.11851494014263153
187,0.00010119513171957806,0.006185253709554672,0.007108886446803808,0.030048518255352975,0.0,0.0073108733631670475,0.0,0.11851005256175995
188,9.333012858405709e-05,0.005908581241965294,0.007549850456416607,0.029093656688928604,0.0,0.007301997393369675,0.0,0.11849955469369888
189,9.884056489681826e-05,0.005996076297014952,0.007263428345322609,0.028576585277915,0.0,0.007329755462706089,0.0,0.11849657446146011
190,9.431167563889176e-05,0.0061961404047906395,0.0072282649576663974,0.02983701340854168,0.0,0.007337924093008041,0.0,0.11849681288003922
191,8.935203950386495e-05,0.006101485155522823,0.007547210995107889,0.030344941839575767,0.0,0.00733721861615777,0.0,0.11851922422647476
192,9.267714922316373e-05,0.00622560540214181,0.007809060998260975,0.029057477414608002,0.0,0.007316822651773691,0.0,0.11854388564825058
193,9.717515640659258e-05,0.0060234606266021725,0.007212797179818153,0.02931252121925354,0.0,0.00727886613458395,0.0,0.11855661869049072
194,9.25242406083271e-05,0.006137705966830253,0.007659418135881424,0.029075922071933748,0.0,0.007288169115781784,0.0,0.11854805052280426
195,9.852372022578493e-05,0.006176420208066702,0.008018375560641288,0.028326332941651343,0.0,0.00735388183966279,0.0,0.11854030936956406
196,9.983243799069897e-05,0.005845223367214203,0.00766836954280734,0.030086488276720048,0.0,0.00744826951995492,0.0,0.11853957176208496
197,0.0001009859872283414,0.006224323529750109,0.007797285635024309,0.029484529793262482,0.0,0.007522759027779102,0.0,0.11855392158031464
198,0.00011036350770154968,0.0060327228158712385,0.007143303286284208,0.02841241955757141,0.0,0.007565136067569256,0.0,0.11858026683330536
199,9.481775050517172e-05,0.006143924873322248,0.007704147510230542,0.028420908376574516,0.0,0.0075783925130963326,0.0,0.11858578026294708
200,0.00010529079008847475,0.0062447493895888325,0.00741988979279995,0.027919546514749528,0.0,0.007566956337541342,0.0,0.11858256906270981
201,9.759523381944746e-05,0.005847928673028946,0.007917582057416439,0.02901517562568188,0.0,0.007617688737809658,0.0,0.11857937276363373
202,9.903657337417826e-05,0.006277481932193041,0.0073788146488368515,0.02874757573008537,0.0,0.007717289961874485,0.0,0.11856687068939209
203,9.67664149357006e-05,0.0060624566860497,0.007387419138103724,0.027985065430402755,0.0,0.007792668882757425,0.0,0.11854235827922821
204,9.322553378297017e-05,0.006187868863344192,0.00727318823337555,0.02973591908812523,0.0,0.007841041311621666,0.0,0.11851576715707779
205,9.952494292519987e-05,0.006122136488556862,0.007510851416736841,0.02982862889766693,0.0,0.007857007905840874,0.0,0.11849918216466904
206,0.00011931478511542081,0.006189240701496601,0.007424189709126949,0.03000340238213539,0.0,0.007850606925785542,0.0,0.11850231885910034
207,9.668150451034308e-05,0.006186797097325325,0.007823250070214272,0.028704165667295455,0.0,0.007840096019208431,0.0,0.11851885169744492
208,0.0001022084426949732,0.006189983431249857,0.00752333253622055,0.02954360209405422,0.0,0.007785283960402012,0.0,0.11853931099176407
209,0.00010172780312132091,0.006263596750795841,0.007560423482209444,0.029890472069382668,0.0,0.0076972260139882565,0.0,0.1185690388083458
210,0.00010014694125857205,0.0063050358556211,0.008070743363350629,0.02846389599144459,0.0,0.0076032355427742004,0.0,0.11859440803527832
211,9.543147898511961e-05,0.006377610564231873,0.007551673147827387,0.02951032593846321,0.0,0.007530782371759415,0.0,0.1185913234949112
212,8.780489151831717e-05,0.006106534507125616,0.007687549013644457,0.030165546387434006,0.0,0.007486679591238499,0.0,0.11859402805566788
213,0.00010182131227338686,0.006181452609598637,0.007549862191081047,0.02859463691711426,0.0,0.007460393011569977,0.0,0.11859054863452911
214,9.458852873649448e-05,0.0061827503144741055,0.007732745632529259,0.028320115804672242,0.0,0.007420992013067007,0.0,0.11857900768518448
215,9.645926184020936e-05,0.006205085664987564,0.007010005787014962,0.029050058126449584,0.0,0.007360050920397043,0.0,0.11856792122125626
216,0.00010056138708023355,0.006231113988906145,0.007700943760573864,0.029979362338781356,0.0,0.007301539182662964,0.0,0.11856628954410553
217,9.046317572938278e-05,0.005899876728653908,0.007789498195052147,0.029044875130057334,0.0,0.007309739477932453,0.0,0.11855743080377579
218,0.00010301768488716335,0.005982349161058664,0.007463986985385418,0.02816888801753521,0.0,0.007325326092541218,0.0,0.11854659020900726
219,0.00010325400944566354,0.006008896138519048,0.007515640743076801,0.029609109088778496,0.0,0.007332276552915573,0.0,0.11854930967092514
220,0.00010146644344786183,0.006157297734171152,0.007492212206125259,0.02900769151747227,0.0,0.007328780833631754,0.0,0.11855892837047577
221,9.945336496457458e-05,0.006099093612283469,0.007522799540311098,0.0286998949944973,0.0,0.00732918968424201,0.0,0.11856228113174438
222,9.59164317464456e-05,0.006070011667907238,0.00725586274638772,0.030307619273662566,0.0,0.00733442697674036,0.0,0.1185641661286354
223,9.766186994966119e-05,0.006058504525572062,0.0070995730347931385,0.02837574705481529,0.0,0.007324503269046545,0.0,0.1185651645064354
224,9.455304534640163e-05,0.006123958062380553,0.007063918840140104,0.027914794534444808,0.0,0.007283938117325306,0.0,0.11856718361377716
225,8.957616664702072e-05,0.006070252973586321,0.007055341824889183,0.029806340113282204,0.0,0.0072488971054553986,0.0,0.11857819557189941
226,9.576554148225114e-05,0.006266789697110653,0.007201199233531952,0.029019538685679434,0.0,0.007254643831402063,0.0,0.11860370635986328
227,9.581173799233511e-05,0.006053517479449511,0.007281263265758753,0.02987450622022152,0.0,0.007271960377693176,0.0,0.11861419677734375
228,9.128107776632533e-05,0.0062641029246151446,0.0075349296443164345,0.028915988653898238,0.0,0.007337880786508322,0.0,0.11861155182123184
229,9.649809653637931e-05,0.006245900504291057,0.007069847267121077,0.030400821939110756,0.0,0.007435803767293692,0.0,0.11860039085149765
230,0.00010144732368644327,0.006304394267499447,0.0072119212709367275,0.028538383916020392,0.0,0.007482166402041912,0.0,0.11858780682086945
231,9.624084050301463e-05,0.006267275288701057,0.007347497064620257,0.029620487615466116,0.0,0.007466998882591724,0.0,0.118569016456604
232,9.192826109938323e-05,0.006314578000456095,0.006961153261363507,0.028164322674274444,0.0,0.007486435119062662,0.0,0.11853682994842529
233,9.3558979278896e-05,0.0062337154522538185,0.007307227049022913,0.02760675549507141,0.0,0.007539698388427496,0.0,0.11852343380451202
234,0.00010226050799246877,0.006277629267424345,0.007604379765689373,0.03037162646651268,0.0,0.007632230408489704,0.0,0.11850161850452423
235,9.307556028943509e-05,0.0059751438908278946,0.007339085731655359,0.028869486600160598,0.0,0.0077105797827243805,0.0,0.11847288906574249
236,0.00010392865515314042,0.0060688906349241735,0.007652809750288725,0.028845610842108727,0.0,0.0077577019110322,0.0,0.11845426261425018
237,9.686493576737121e-05,0.0059947150759398935,0.007891378179192544,0.029751819372177125,0.0,0.00775001710280776,0.0,0.11844657361507416
238,9.296789503423497e-05,0.006186974979937076,0.00772266760468483,0.02870013192296028,0.0,0.007688535843044519,0.0,0.11844076216220856
239,9.21975341043435e-05,0.006062339525669813,0.007420450262725353,0.031411844119429586,0.0,0.0076262736693024635,0.0,0.11845030635595322
240,9.612634603399784e-05,0.006041679903864861,0.008022595662623644,0.027807555347681045,0.0,0.00756677845492959,0.0,0.11847815662622452
241,0.00010302357550244779,0.00598791353404522,0.007877347618341446,0.02845928966999054,0.0,0.007508821785449982,0.0,0.11848919093608856
242,9.067195642273874e-05,0.006210520211607218,0.007640697341412306,0.028690366446971892,0.0,0.007497531361877918,0.0,0.1184929609298706
243,8.991679351311177e-05,0.005941997654736042,0.007659922260791064,0.028110720589756964,0.0,0.007611578796058893,0.0,0.1185096949338913
244,8.5883705469314e-05,0.006153758335858584,0.0075198614969849585,0.027318493649363517,0.0,0.007706598378717899,0.0,0.11850961297750473
245,9.407324978383258e-05,0.006099188793450594,0.007226945832371712,0.02936459183692932,0.0,0.007734610233455896,0.0,0.11849869787693024
246,9.776966471690685e-05,0.006057466194033623,0.007609019801020622,0.027776110172271728,0.0,0.007714231964200735,0.0,0.11848856508731842
247,0.00010054072481580079,0.006284942477941513,0.007338664866983891,0.029216211661696433,0.0,0.00766600901260972,0.0,0.11849097162485123
248,9.3516604101751e-05,0.006119101587682962,0.007853035256266594,0.02887757644057274,0.0,0.007666490040719509,0.0,0.11848819255828857
249,0.00010389752715127543,0.0059664006344974044,0.007749369647353887,0.029666181281208993,0.0,0.007759383413940668,0.0,0.11846667528152466
250,9.811065392568707e-05,0.0059927132911980156,0.0076635628007352356,0.029791978374123573,0.0,0.007812299765646458,0.0,0.11844627559185028
251,0.0001040000090142712,0.0061485664919018745,0.007921964954584837,0.03010647967457771,0.0,0.007815646938979626,0.0,0.11844302713871002
252,9.767699521034956e-05,0.006114868819713593,0.00748762646690011,0.028776447474956512,0.0,0.007822403684258461,0.0,0.11844700574874878
253,9.534252167213708e-05,0.006404294352978468,0.007513588201254607,0.028283841907978058,0.0,0.0077966549433767796,0.0,0.11845563352108002
254,0.000100558357371483,0.006114890053868294,0.00792228700593114,0.027950718253850936,0.0,0.00776782026514411,0.0,0.11845479905605316
255,9.965724311769008e-05,0.006172550562769175,0.008108645398169755,0.02739073373377323,0.0,0.007744252681732178,0.0,0.11844252049922943
256,0.00010365725465817377,0.006254552584141493,0.008024323545396329,0.030470263957977296,0.0,0.0077109793201088905,0.0,0.1184409111738205
257,9.821656713029369e-05,0.006229471880942583,0.008098943717777729,0.028489068523049353,0.0,0.0076960111036896706,0.0,0.11846987903118134
258,0.00010054120211862027,0.006221162341535092,0.007783925998955965,0.030069127306342126,0.0,0.007671206258237362,0.0,0.11848874390125275
259,9.709823061712086e-05,0.006216210313141346,0.007373203430324793,0.02866077087819576,0.0,0.007636192254722118,0.0,0.11848579347133636
260,9.084613557206467e-05,0.006099573895335197,0.007493168395012617,0.02755795232951641,0.0,0.007595772854983807,0.0,0.11848324537277222
261,9.803532448131591e-05,0.006099155358970165,0.00699481712654233,0.03077496849000454,0.0,0.0075373477302491665,0.0,0.11846067011356354
262,8.996435499284417e-05,0.00614619255065918,0.0073561172001063825,0.029168856516480445,0.0,0.007470843382179737,0.0,0.11843962967395782
263,9.74116162979044e-05,0.006212345790117979,0.007421516347676516,0.029656779021024704,0.0,0.007397816516458988,0.0,0.11842884868383408
264,9.726763528306037e-05,0.006148017384111882,0.0075445533730089664,0.028828155994415284,0.0,0.007360969670116901,0.0,0.11843793094158173
265,9.602768986951559e-05,0.006218406278640032,0.007452528737485409,0.0293563112616539,0.0,0.007404162548482418,0.0,0.11844541132450104
266,0.0001073340856237337,0.006043475959450007,0.007476733718067408,0.02788097970187664,0.0,0.007525748107582331,0.0,0.11844030767679214
267,9.34630530537106e-05,0.006188098527491093,0.0074447555467486385,0.030231755599379538,0.0,0.007626035716384649,0.0,0.11844344437122345
268,0.00010117184137925506,0.006207504682242871,0.00706134457141161,0.028798732534050943,0.0,0.007668281439691782,0.0,0.11844001710414886
269,9.921103192027658e-05,0.006244201306253671,0.0073988203890621666,0.028818660601973533,0.0,0.007718820124864578,0.0,0.11844214051961899
270,0.00010035496816271917,0.006113930977880955,0.007439836859703064,0.030404064059257507,0.0,0.007899651303887367,0.0,0.11844760179519653
271,9.347017621621489e-05,0.006155833788216114,0.007858022302389144,0.02987331785261631,0.0,0.008044903166592121,0.0,0.11845733225345612
272,9.300328092649579e-05,0.006167999468743801,0.007537043001502752,0.02778288722038269,0.0,0.00813224632292986,0.0,0.11845825612545013
273,0.0001000820702756755,0.006194173451513052,0.008103267196565867,0.030465127527713777,0.0,0.008263517171144485,0.0,0.11845137178897858
274,9.164364309981466e-05,0.006089936196804047,0.007562453206628561,0.029128114879131316,0.0,0.008362894877791405,0.0,0.11845395714044571
275,8.897299267118797e-05,0.006040381360799074,0.007332736440002918,0.02894023321568966,0.0,0.008375260978937149,0.0,0.11845819652080536
276,0.00010251432104269043,0.0062754275277256966,0.00751684457063675,0.028287304937839507,0.0,0.008308137767016888,0.0,0.11846671253442764
277,0.00010528667771723122,0.006063165329396725,0.00700279176235199,0.02860920540988445,0.0,0.00821097381412983,0.0,0.1184815913438797
278,9.593129216227681e-05,0.006147661805152893,0.0077194137498736385,0.02839738391339779,0.0,0.008102161809802055,0.0,0.11847536265850067
279,9.687096462585032e-05,0.006226531323045492,0.0074565046466887,0.030353785678744315,0.0,0.00799026433378458,0.0,0.11845459043979645
280,0.00010113697499036789,0.006021869368851185,0.007421464473009109,0.029363900795578955,0.0,0.0079733207821846,0.0,0.11844982951879501
281,9.871826623566448e-05,0.006098137330263853,0.0075224066153168675,0.02952980510890484,0.0,0.008048169314861298,0.0,0.11846492439508438
282,9.870085632428527e-05,0.00619664266705513,0.007209279760718346,0.029389933869242667,0.0,0.008133919909596443,0.0,0.11847148835659027
283,0.00010639338433975354,0.0059767854399979115,0.0074664844200015065,0.028668318316340445,0.0,0.008167089894413948,0.0,0.11847113072872162
284,9.227866830769926e-05,0.006278713326901197,0.007029384467750787,0.029990006983280183,0.0,0.00815018080174923,0.0,0.1184736117720604
285,9.335068461950869e-05,0.005995004717260599,0.007234106678515673,0.029313719645142556,0.0,0.008131223730742931,0.0,0.11845964193344116
286,0.0001000932272290811,0.0059782200492918495,0.007370913494378328,0.030547258257865906,0.0,0.008106740191578865,0.0,0.11843712627887726
287,9.539315797155724e-05,0.006077311467379332,0.007170536648482084,0.028157487139105798,0.0,0.008029223419725895,0.0,0.1184215173125267
288,0.0001001695403829217,0.006318467017263174,0.007196889724582434,0.029287978634238244,0.0,0.007917993701994419,0.0,0.1184074878692627
289,9.177358006127179e-05,0.006066535227000713,0.007637716550379992,0.028229666128754615,0.0,0.007796554826200008,0.0,0.11840003728866577
290,9.999203903134912e-05,0.006017046701163054,0.007819014880806208,0.0278162844479084,0.0,0.0077666291035711765,0.0,0.11838632822036743
291,9.495193953625857e-05,0.006155974324792623,0.008227779064327478,0.029960467666387557,0.0,0.007865034975111485,0.0,0.1183675155043602
292,9.189139236696065e-05,0.006047260202467442,0.007413632422685623,0.028889205679297446,0.0,0.00799511931836605,0.0,0.11834706366062164
293,0.00010150625312235206,0.006115825567394495,0.007429963536560535,0.02985447384417057,0.0,0.008075367659330368,0.0,0.11832305043935776
294,9.207674884237349e-05,0.006194624677300453,0.007344468310475349,0.02952341139316559,0.0,0.008173349313437939,0.0,0.11832211911678314
295,9.805293520912529e-05,0.006197210587561131,0.00751771479845047,0.0288900263607502,0.0,0.008248583413660526,0.0,0.11833707988262177
296,9.080754825845361e-05,0.006044847145676613,0.00788585189729929,0.02987235300242901,0.0,0.008255315013229847,0.0,0.11834277957677841
297,0.00010625510476529599,0.006171221844851971,0.008120898623019457,0.02943735271692276,0.0,0.008198484778404236,0.0,0.11834230273962021
298,9.920082375174389e-05,0.006129746884107589,0.0077375171706080435,0.030190296843647955,0.0,0.008132539689540863,0.0,0.11837003380060196
299,0.00010460771154612303,0.00602266974747181,0.007511824276298285,0.029213127866387367,0.0,0.00804928969591856,0.0,0.11839456856250763
300,9.830980561673642e-05,0.006107926741242409,0.00784812094643712,0.029426786303520202,0.0,0.007948006503283978,0.0,0.11839845031499863
301,9.82767844107002e-05,0.0062589701265096664,0.007342278864234686,0.028782709687948226,0.0,0.007842212915420532,0.0,0.11839818954467773
302,9.847114415606484e-05,0.006009602453559637,0.007721056044101715,0.029306864365935326,0.0,0.007733501493930817,0.0,0.11841504275798798
303,9.993932908400894e-05,0.006049552652984858,0.007793890126049518,0.028332456946372986,0.0,0.00762536097317934,0.0,0.11843957751989365
304,9.499445004621521e-05,0.00607044892385602,0.007945335377007723,0.02843780256807804,0.0,0.007531684823334217,0.0,0.1184622049331665
305,9.397812973475084e-05,0.006150795146822929,0.007560012303292752,0.02753494754433632,0.0,0.007475522346794605,0.0,0.11847660690546036
306,9.148660610662774e-05,0.005982178635895253,0.0075047949329018595,0.02840528078377247,0.0,0.007474224083125591,0.0,0.11846934258937836
307,9.426243195775896e-05,0.006155044119805097,0.007287333905696869,0.028030352666974068,0.0,0.007473946548998356,0.0,0.11845128238201141
308,9.048734209500253e-05,0.00618341937661171,0.007548792660236359,0.02935119643807411,0.0,0.007471923716366291,0.0,0.11842693388462067
309,9.842893487075344e-05,0.00610298877581954,0.0069690002128481865,0.029536622762680053,0.0,0.007490240037441254,0.0,0.11842408031225204
310,9.571992559358478e-05,0.005932020395994187,0.007441259548068046,0.02827470414340496,0.0,0.007474561687558889,0.0,0.1184416189789772
311,9.586513333488255e-05,0.006078618299216032,0.0070570485666394235,0.027194105088710785,0.0,0.007447667419910431,0.0,0.11844400316476822
312,9.86462298897095e-05,0.006184710282832384,0.0073187178000807766,0.028882396593689918,0.0,0.007498583290725946,0.0,0.11842989921569824
313,9.885456383926794e-05,0.00587250841781497,0.007182990200817585,0.02987554632127285,0.0,0.007538939360529184,0.0,0.1184132918715477
314,9.325042483396829e-05,0.005953419674187899,0.007354265637695789,0.0291418869048357,0.0,0.007546073291450739,0.0,0.11840733140707016
315,9.010103676700964e-05,0.00608796151354909,0.007092994637787342,0.02793300971388817,0.0,0.0075380317866802216,0.0,0.11840884387493134
316,9.04827393242158e-05,0.0062718291766941546,0.0076670520007610325,0.029000386223196985,0.0,0.007526684552431107,0.0,0.11841081082820892
317,0.00010041131026810035,0.005988217797130347,0.007810081634670496,0.029325410723686218,0.0,0.007533722557127476,0.0,0.11841011047363281
318,0.00010224646975984797,0.006156235653907061,0.007823224551975727,0.029588337615132333,0.0,0.007528061978518963,0.0,0.11842318624258041
319,9.923290344886482e-05,0.005972124263644218,0.007644356694072485,0.02853926718235016,0.0,0.007494849618524313,0.0,0.11845561116933823
320,0.00010597994987620041,0.006198926642537117,0.007808083295822143,0.02968768626451492,0.0,0.0074797519482672215,0.0,0.11849991977214813
321,0.0001047161582391709,0.006208910327404738,0.007606618292629719,0.027847256883978842,0.0,0.007468206342309713,0.0,0.11853138357400894
322,0.00010349083895562216,0.00599581990391016,0.007191375270485878,0.029672789573669433,0.0,0.007480904459953308,0.0,0.11854621022939682
323,0.00010172170441364869,0.00620012516155839,0.007617413531988859,0.027715129777789116,0.0,0.007490950170904398,0.0,0.11854854971170425
324,0.00010249795741401613,0.006112594716250896,0.007908038701862097,0.028082841262221336,0.0,0.007499023340642452,0.0,0.11855190992355347
325,9.95865513687022e-05,0.005947669968008995,0.007543045934289694,0.029069571942090987,0.0,0.007493584416806698,0.0,0.11854547262191772
326,8.588959608459845e-05,0.00596359595656395,0.007348812185227871,0.029751638323068617,0.0,0.007564084138721228,0.0,0.11851141601800919
327,0.00010461210913490505,0.00607849070802331,0.007497921958565712,0.02925465852022171,0.0,0.007618884555995464,0.0,0.11848960071802139
328,9.24234904232435e-05,0.006116919685155153,0.00894849505275488,0.029317229986190796,0.0,0.007609385997056961,0.0,0.11848147213459015
329,9.7921013366431e-05,0.0060242446139454845,0.008612703345716,0.028688354790210722,0.0,0.007558336015790701,0.0,0.11847911775112152
330,9.505710622761398e-05,0.0062959474511444565,0.008357507735490799,0.02941675893962383,0.0,0.007490284740924835,0.0,0.11847146600484848
331,9.697989007690921e-05,0.006117770541459322,0.009073694422841071,0.0294023048132658,0.0,0.007458546198904514,0.0,0.11847276985645294
332,9.85020844382234e-05,0.006265868339687586,0.008861933276057244,0.029077983275055886,0.0,0.0074717155657708645,0.0,0.11846723407506943
333,0.00010389539384050294,0.00605784235522151,0.008850819617509841,0.028757305443286897,0.0,0.007479828782379627,0.0,0.11846063286066055
334,9.876088297460228e-05,0.006207312643527985,0.008212407119572163,0.028674630075693132,0.0,0.0074903471395373344,0.0,0.11845900118350983
335,0.00010044058872153983,0.006057790387421847,0.008332142233848571,0.029087596759200095,0.0,0.0074910433031618595,0.0,0.11846525967121124
336,9.574511350365355e-05,0.005884433351457119,0.008401770889759064,0.028977923467755316,0.0,0.007459280081093311,0.0,0.11847430467605591
337,9.50327783357352e-05,0.006166317686438561,0.008501141704618931,0.028142739832401276,0.0,0.007405462209135294,0.0,0.11848356574773788
338,9.175752056762576e-05,0.0062546968460083004,0.009677440114319324,0.028131380677223206,0.0,0.007380448281764984,0.0,0.11848975718021393
339,9.838491096161305e-05,0.006132197752594948,0.008943046815693379,0.029407533630728722,0.0,0.007357756607234478,0.0,0.11850211769342422
340,0.00010321220324840396,0.0060155657120049,0.008263286761939525,0.030785226076841355,0.0,0.007370133884251118,0.0,0.11853070557117462
341,9.770522447070107e-05,0.006040578149259091,0.008791473880410194,0.029768502712249754,0.0,0.007432632148265839,0.0,0.1185569018125534
342,0.00010291501239407807,0.005871802475303412,0.008201969042420387,0.029378071054816247,0.0,0.007475752383470535,0.0,0.11854274570941925
343,9.060160809895023e-05,0.005958796665072441,0.008503996022045612,0.029745107144117357,0.0,0.007484115660190582,0.0,0.11851955950260162
344,9.083525073947385e-05,0.006182830315083265,0.00853707706555724,0.028650112450122833,0.0,0.007497596554458141,0.0,0.1184866651892662
345,0.00010145413543796166,0.006151131819933653,0.007809501886367798,0.02918425388634205,0.0,0.007539904676377773,0.0,0.11846647411584854
346,9.097450820263475e-05,0.0060588521882891655,0.008318917639553548,0.027702102810144423,0.0,0.007556127849966288,0.0,0.11845729500055313
347,9.86212311545387e-05,0.006148479599505663,0.008036470599472522,0.028087292239069937,0.0,0.007577891461551189,0.0,0.11842360347509384
348,8.635467966087163e-05,0.005933309532701969,0.008782963454723357,0.028659095987677574,0.0,0.007569181267172098,0.0,0.11838033050298691
349,0.00010059456835733726,0.006055495142936707,0.008725552260875702,0.029107365384697916,0.0,0.007517422083765268,0.0,0.11835123598575592
350,9.648106934037059e-05,0.006025940552353859,0.008190089557319879,0.028909366205334665,0.0,0.00744877103716135,0.0,0.1183251366019249
351,9.546303626848385e-05,0.006214936077594757,0.008071056101471186,0.028276536613702774,0.0,0.007401695940643549,0.0,0.11829562485218048
352,9.544633358018472e-05,0.0059486632235348225,0.008178664930164814,0.028221920505166052,0.0,0.0074418457224965096,0.0,0.11826249212026596
353,9.481125744059682e-05,0.006109462864696979,0.007931296993047,0.028692248091101647,0.0,0.007476930972188711,0.0,0.11824437230825424
354,9.65909071965143e-05,0.006110807415097952,0.008479898795485497,0.028235221281647682,0.0,0.00748959556221962,0.0,0.11824838817119598
355,0.00010096600890392437,0.006218695268034935,0.008323114458471536,0.02900727428495884,0.0,0.007459866814315319,0.0,0.11826976388692856
356,0.00010004344367189332,0.0062562631443142894,0.008056227210909128,0.029395994916558265,0.0,0.007424785289913416,0.0,0.11829860508441925
357,0.00010337409912608564,0.006242038309574127,0.008412574604153632,0.02828127220273018,0.0,0.0073949480429291725,0.0,0.11831621825695038
358,0.00010606977739371359,0.0061547750607132915,0.0076434798538684845,0.02892834283411503,0.0,0.00736065860837698,0.0,0.11831848323345184
359,0.00010082215449074284,0.005981508735567331,0.007850308530032634,0.02857355698943138,0.0,0.007305598352104425,0.0,0.11830992996692657
360,9.602416830603033e-05,0.005849888361990452,0.00735671203583479,0.02816510871052742,0.0,0.00723941158503294,0.0,0.11831443011760712
361,0.00010373782279202715,0.006304147932678461,0.007674379553645849,0.029329582676291467,0.0,0.007182614412158728,0.0,0.11832121759653091
362,9.711306192912161e-05,0.006151237431913615,0.008370575867593289,0.02857169657945633,0.0,0.007128230296075344,0.0,0.11832591146230698
363,9.903445752570405e-05,0.00625008400529623,0.008027778938412666,0.028924401476979257,0.0,0.007098420523107052,0.0,0.11833260953426361
364,9.279554797103629e-05,0.0061687550507485865,0.0077634667046368126,0.030149005725979804,0.0,0.0070942118763923645,0.0,0.11833417415618896
365,0.00010093606251757593,0.00623966297134757,0.008360309805721045,0.029495285451412202,0.0,0.0070982202887535095,0.0,0.11835255473852158
366,9.647689730627463e-05,0.005927264504134655,0.00834103226661682,0.028885484486818314,0.0,0.007127953227609396,0.0,0.11837299168109894
367,9.460506989853457e-05,0.006095464900135994,0.00820231381803751,0.029057182371616364,0.0,0.0071457065641880035,0.0,0.11838648468255997
368,0.00010145105770789086,0.00616344902664423,0.008194538671523333,0.029438078030943872,0.0,0.007152744568884373,0.0,0.11839703470468521
369,9.39576086238958e-05,0.006153621524572372,0.007728061638772488,0.029278481006622316,0.0,0.007159971632063389,0.0,0.11840031296014786
370,0.00010161948739551008,0.0061342628672719,0.007834730111062527,0.03022024631500244,0.0,0.00714838644489646,0.0,0.11837917566299438
371,9.141403716057539e-05,0.006347705144435167,0.007802826352417469,0.028906268998980522,0.0,0.0071393935941159725,0.0,0.11836700141429901
372,9.681583469500765e-05,0.006277383398264646,0.008116316329687834,0.02835857793688774,0.0,0.007179607637226582,0.0,0.11835797876119614
373,9.959123126463964e-05,0.0063309305347502235,0.008227294124662877,0.029885600507259368,0.0,0.00724479416385293,0.0,0.11833884567022324
374,9.493264660704881e-05,0.006143139861524105,0.008717766217887401,0.029679197072982787,0.0,0.007362467236816883,0.0,0.11833460628986359
375,9.994549618568272e-05,0.006167898979038,0.008283199928700923,0.029093704000115395,0.0,0.007512030657380819,0.0,0.11833827197551727
376,9.374116052640602e-05,0.006192449200898409,0.008036815468221903,0.028926324099302292,0.0,0.0075996010564267635,0.0,0.11835193634033203
377,8.993308147182688e-05,0.005983825866132974,0.00809599170461297,0.030137964710593223,0.0,0.007683339528739452,0.0,0.11836779117584229
378,0.0001001761425868608,0.006033844593912363,0.008000479266047477,0.02797069326043129,0.0,0.0077287061139941216,0.0,0.11837885528802872
379,0.00010279419657308609,0.006319598201662302,0.007834917493164539,0.027814009785652162,0.0,0.007763220928609371,0.0,0.11838128417730331
380,0.00010300685244146734,0.006108572985976934,0.00814364394173026,0.027923837304115295,0.0,0.007832521572709084,0.0,0.11837504059076309
381,9.976004803320393e-05,0.006251687090843916,0.008624552097171546,0.02907467447221279,0.0,0.007910105399787426,0.0,0.11836683750152588
382,9.570105466991664e-05,0.0059737938456237314,0.007787464838474989,0.02829280197620392,0.0,0.007937854155898094,0.0,0.11834009736776352
383,9.551530820317566e-05,0.006214795261621475,0.008146322518587112,0.028985876962542532,0.0,0.007892414927482605,0.0,0.11830977350473404
384,0.00010205247381236404,0.006426109746098518,0.008120933547616005,0.027899233996868132,0.0,0.007818994112312794,0.0,0.11829574406147003
385,9.038774878717959e-05,0.0062806856818497184,0.007565340306609869,0.03033228628337383,0.0,0.007770833559334278,0.0,0.11828980594873428
386,9.872173541225493e-05,0.005949265789240599,0.008205916918814182,0.02969871461391449,0.0,0.007750597782433033,0.0,0.11829221248626709
387,9.393367799930275e-05,0.006077511981129646,0.008057527616620064,0.029160648211836816,0.0,0.0076993717812001705,0.0,0.11831457912921906
388,0.00010289224446751178,0.006210033036768437,0.008013321179896593,0.029350250586867334,0.0,0.007680053357034922,0.0,0.11834713071584702
389,9.398161782883107e-05,0.00631526168435812,0.007728462759405375,0.028929297626018525,0.0,0.0076997592113912106,0.0,0.11835511773824692
390,9.72575377090834e-05,0.006014634761959315,0.008146947436034679,0.028969738632440567,0.0,0.007697740104049444,0.0,0.118352510035038
391,0.00010032969294115901,0.0059071873314678666,0.00776835223659873,0.028967174515128136,0.0,0.007717826869338751,0.0,0.11833836883306503
392,8.687450754223392e-05,0.006034062616527081,0.007839277014136314,0.029357510432600976,0.0,0.007713264785706997,0.0,0.11832251399755478
393,9.831259230850265e-05,0.005912146344780922,0.008470703288912773,0.028476756438612937,0.0,0.007688322104513645,0.0,0.11830916255712509
394,0.00010147525899810717,0.0062359821051359175,0.008257264830172062,0.02926173396408558,0.0,0.007660554256290197,0.0,0.11829693615436554
395,9.462483430979773e-05,0.006006863154470921,0.008312959223985672,0.02850675508379936,0.0,0.007645262870937586,0.0,0.11828470230102539
396,8.885076676961035e-05,0.006266956590116024,0.00782386064529419,0.02920956686139107,0.0,0.007625316735357046,0.0,0.11828072369098663
397,0.0001011166357784532,0.006190153863281011,0.008035358879715205,0.028269272670149802,0.0,0.007601906545460224,0.0,0.11826293170452118
398,9.726849821163341e-05,0.006106547359377146,0.008809481747448444,0.029139795526862144,0.0,0.007589248474687338,0.0,0.11824850738048553
399,0.00010125691624125465,0.006200040783733129,0.00830115880817175,0.02961266301572323,0.0,0.007640033029019833,0.0,0.11823703348636627
400,0.00010029799886979163,0.006126116216182709,0.00796642005443573,0.02964172661304474,0.0,0.007667604833841324,0.0,0.1182151809334755
401,9.950949170161039e-05,0.006145309470593929,0.008237385097891093,0.028227776661515235,0.0,0.007662463933229446,0.0,0.11822289228439331
402,9.661553922342136e-05,0.005973655823618173,0.0077551512978971,0.02843371033668518,0.0,0.007661975920200348,0.0,0.11821717023849487
403,9.597657481208444e-05,0.006143543496727943,0.007855548895895481,0.027960392832756042,0.0,0.007641212549060583,0.0,0.11821277439594269
404,9.326473664259539e-05,0.006056985538452864,0.007791540864855051,0.028383465111255647,0.0,0.007590367458760738,0.0,0.11821575462818146
405,0.00010229281760985032,0.006030111573636532,0.008199000544846059,0.029190197587013245,0.0,0.00751398503780365,0.0,0.11821682751178741
406,0.00010117560304934159,0.006131280213594437,0.00806305930018425,0.028570516780018807,0.0,0.007423277944326401,0.0,0.11823487281799316
407,9.26796201383695e-05,0.006281535606831312,0.007929072342813015,0.029194239154458047,0.0,0.007340700831264257,0.0,0.11822781711816788
408,9.762648842297495e-05,0.006293413694947958,0.008744041435420513,0.028892697766423225,0.0,0.0072903758846223354,0.0,0.11822761595249176
409,9.886687766993418e-05,0.006004694476723671,0.008109234552830458,0.030778950080275536,0.0,0.00726169440895319,0.0,0.11822624504566193
410,0.00010253418004140258,0.006055265571922064,0.008145678229629994,0.029348612949252128,0.0,0.007258524652570486,0.0,0.11822644621133804
411,0.00010432974522700533,0.006281515955924988,0.007836624514311552,0.02892383262515068,0.0,0.007268586196005344,0.0,0.11824743449687958
412,9.855448006419465e-05,0.006184487231075763,0.007566822413355112,0.027925562858581544,0.0,0.0073243617080152035,0.0,0.11827576160430908
413,9.080123418243602e-05,0.006103499140590429,0.007707557268440723,0.02860691398382187,0.0,0.007365719880908728,0.0,0.11830057948827744
414,0.00010048298863694072,0.006152733322232961,0.007908310741186142,0.028982723504304884,0.0,0.007402533199638128,0.0,0.11831414699554443
415,8.994568343041464e-05,0.006136995181441307,0.007789832539856434,0.029381981864571572,0.0,0.007410951890051365,0.0,0.11832133680582047
416,0.00010596065985737368,0.005886707920581102,0.007146474719047546,0.029378647357225417,0.0,0.007379924412816763,0.0,0.11832654476165771
417,9.510183590464294e-05,0.006346407812088728,0.008060927502810955,0.028903650864958764,0.0,0.007346936967223883,0.0,0.11833721399307251
418,9.931574750225991e-05,0.006185697205364704,0.007616514898836612,0.029653188586235047,0.0,0.007323489990085363,0.0,0.11836006492376328
419,0.00010111036826856434,0.00625255536288023,0.007982222363352776,0.029751833900809287,0.0,0.007315457798540592,0.0,0.11836884170770645
420,9.759449021657929e-05,0.006411658506840468,0.007839518878608943,0.02977451719343662,0.0,0.007302676793187857,0.0,0.11835799366235733
421,0.00010740445432020352,0.0061830196529626845,0.007463926542550325,0.02838772125542164,0.0,0.007275731768459082,0.0,0.11835231631994247
422,0.000102225347654894,0.006057887896895408,0.007104430068284273,0.03004549853503704,0.0,0.007298843469470739,0.0,0.1183503046631813
423,9.907053754432127e-05,0.006202252209186554,0.007409838028252125,0.028736309334635734,0.0,0.007363258861005306,0.0,0.11835284531116486
424,9.308852313552051e-05,0.006011806707829237,0.00782458959147334,0.028666485100984573,0.0,0.007393938954919577,0.0,0.11836733669042587
425,9.740887471707538e-05,0.006294806860387326,0.0076816601678729056,0.028990841284394265,0.0,0.007414903491735458,0.0,0.11838702857494354
426,9.634237212594599e-05,0.006204404588788748,0.007766378298401833,0.028575493767857552,0.0,0.007459667976945639,0.0,0.11838136613368988
427,0.00010361972090322524,0.005978697165846825,0.008359415363520384,0.02967931590974331,0.0,0.007529225200414658,0.0,0.11836640536785126
428,9.685264521976932e-05,0.006088456232100725,0.008840378560125827,0.027748600021004675,0.0,0.007562866900116205,0.0,0.1183716207742691
429,9.924516198225319e-05,0.006225632596760988,0.008012567833065986,0.028037898987531663,0.0,0.00754894083365798,0.0,0.11837296187877655
430,9.51456924667582e-05,0.006025066506117583,0.008337979763746261,0.028990131989121436,0.0,0.007501053623855114,0.0,0.11837254464626312
431,9.429309575352818e-05,0.006237451545894146,0.007749689649790526,0.028949899598956108,0.0,0.007441157009452581,0.0,0.11837997287511826
432,8.88585374923423e-05,0.006142229121178388,0.007936860900372267,0.028570999205112458,0.0,0.007374354638159275,0.0,0.1183701902627945
433,9.969528764486313e-05,0.0062975631095469,0.00807635709643364,0.029013215005397795,0.0,0.007304585538804531,0.0,0.11837190389633179
434,9.091499960049987e-05,0.006022017635405064,0.00784770268946886,0.028523463755846024,0.0,0.007252287119626999,0.0,0.11837955564260483
435,9.171492856694386e-05,0.005970402806997299,0.007915161177515983,0.02772325649857521,0.0,0.007224404718726873,0.0,0.11837831884622574
436,9.950319363269955e-05,0.006156109925359488,0.008413780946284533,0.029907166585326196,0.0,0.00719482684507966,0.0,0.11837129294872284
437,8.685939974384382e-05,0.006195496115833521,0.008008416462689637,0.02810170277953148,0.0,0.007160910405218601,0.0,0.11836390197277069
438,0.00010180749086430296,0.005989081040024757,0.007866337057203054,0.03053711764514446,0.0,0.0071312738582491875,0.0,0.11835877597332001
439,9.651215805206448e-05,0.0060891624540090564,0.007954398728907108,0.028921156749129297,0.0,0.007090384606271982,0.0,0.11833930015563965
440,9.929368679877371e-05,0.006005847919732332,0.007952959928661584,0.02729278914630413,0.0,0.007044068071991205,0.0,0.11833129078149796
441,9.933620895026251e-05,0.006054619699716568,0.00786962192505598,0.02867484577000141,0.0,0.007070084102451801,0.0,0.11832617223262787
442,9.472159727010875e-05,0.006100254319608212,0.008154887054115535,0.028500093892216683,0.0,0.007212006486952305,0.0,0.11832175403833389
443,0.00010803138720802963,0.006334961205720901,0.008139925729483365,0.02946123629808426,0.0,0.007333258632570505,0.0,0.11832921206951141
444,9.962879121303559e-05,0.0062534861266613,0.007382593769580126,0.027705380320549013,0.0,0.007422267459332943,0.0,0.11835293471813202
445,0.00010256033419864252,0.005982474517077207,0.007373350393027067,0.02943589761853218,0.0,0.007492055185139179,0.0,0.11836208403110504
446,0.00010076553153339773,0.006261487491428852,0.007679783459752798,0.028460658714175226,0.0,0.007553721312433481,0.0,0.11836116015911102
447,0.0001019487768644467,0.006223719660192728,0.007433378323912621,0.030541170760989188,0.0,0.007593807764351368,0.0,0.1183546632528305
448,0.00010272455256199464,0.006053146440535784,0.007533650565892458,0.028253767639398575,0.0,0.007620400283485651,0.0,0.11834671348333359
449,0.00010204190766671672,0.006208171509206295,0.007543090917170048,0.02731413096189499,0.0,0.007649690844118595,0.0,0.11834961175918579
450,9.731361351441591e-05,0.00610880870372057,0.007516420725733042,0.027940866351127625,0.0,0.007643825374543667,0.0,0.11834312975406647
451,9.63150872848928e-05,0.00614822069182992,0.0068938804790377615,0.029763609915971757,0.0,0.007597782649099827,0.0,0.11834351718425751
452,8.347161929123104e-05,0.006033123005181551,0.00834814365953207,0.030833882093429566,0.0,0.007548946887254715,0.0,0.1183520182967186
453,9.535244025755673e-05,0.006260970886796713,0.008716467767953873,0.028997284919023515,0.0,0.007516925688832998,0.0,0.11833955347537994
454,9.255028562620282e-05,0.006288288719952106,0.00800880864262581,0.028043169900774954,0.0,0.007492534816265106,0.0,0.11833073198795319
455,0.00010177816002396867,0.00630307886749506,0.008681872673332692,0.029409739002585412,0.0,0.00748989824205637,0.0,0.1183202862739563
456,9.600002522347495e-05,0.00603610510006547,0.008020621351897716,0.0284648597240448,0.0,0.007534919772297144,0.0,0.1183195486664772
457,9.285640699090436e-05,0.005887449160218239,0.007948844507336617,0.027047200500965117,0.0,0.007577402051538229,0.0,0.11831504106521606
458,0.00010068524716189131,0.0059318460524082186,0.008186585176736117,0.028479769825935364,0.0,0.007569438777863979,0.0,0.11831264197826385
459,0.00010181423131143675,0.0059234507381916044,0.00752655379474163,0.02942381575703621,0.0,0.007522993721067905,0.0,0.11830379068851471
460,9.345103608211502e-05,0.006145225837826729,0.007960243802517652,0.029217615723609924,0.0,0.0074407667852938175,0.0,0.11829328536987305
461,0.00011434296757215635,0.00611172504723072,0.00759671963751316,0.029500038549304008,0.0,0.007344629615545273,0.0,0.11829715967178345
462,0.00010216744703939185,0.0061633985489606856,0.008309805020689964,0.029301756247878074,0.0,0.007258686237037182,0.0,0.11830724775791168
463,9.778543171705678e-05,0.006186672858893872,0.008730057068169117,0.029831885173916817,0.0,0.007198415696620941,0.0,0.11830240488052368
464,0.00010101799998665228,0.006158104818314314,0.008219496812671423,0.028297878429293634,0.0,0.0072227055206894875,0.0,0.11830002069473267
465,0.00010066432150779292,0.006253673043102026,0.007859589904546738,0.029476655647158623,0.0,0.007308220956474543,0.0,0.11829712241888046
466,0.00010042761277873069,0.006138330139219761,0.008214669860899448,0.02907814383506775,0.0,0.007381948176771402,0.0,0.1182926669716835
467,9.229427087120712e-05,0.006069359555840492,0.007404490560293198,0.029512550309300424,0.0,0.007441916968673468,0.0,0.11827965825796127
468,0.00010515397880226374,0.005995151121169329,0.00756402974948287,0.02956954315304756,0.0,0.007532625459134579,0.0,0.118268683552742
469,9.464418981224299e-05,0.006063732039183378,0.007414616458117962,0.02885245271027088,0.0,0.00758281210437417,0.0,0.11828219890594482
470,9.250067232642323e-05,0.00606129402294755,0.00751472832635045,0.0290715079754591,0.0,0.0075777494348585606,0.0,0.11829464137554169
471,0.00010426452063256874,0.005932193621993065,0.007746560964733362,0.02834341861307621,0.0,0.0075291721150279045,0.0,0.11829127371311188
472,9.334160131402314e-05,0.006089511048048735,0.008437411207705737,0.0288873091340065,0.0,0.007448142860084772,0.0,0.11830904334783554
473,9.70449109445326e-05,0.0060343598946928974,0.007816003076732159,0.027602189779281618,0.0,0.007391014602035284,0.0,0.11832402646541595
474,0.0001000793432467617,0.006216535437852144,0.008105328865349292,0.02887120321393013,0.0,0.00736753037199378,0.0,0.11831241846084595
475,0.00010436069424031302,0.006209466140717268,0.007954502385109663,0.028902219608426094,0.0,0.007340638432651758,0.0,0.11829869449138641
476,8.91454314114526e-05,0.006256164703518152,0.007976030465215445,0.029392115026712417,0.0,0.007335234433412552,0.0,0.11830952018499374
477,9.473933023400605e-05,0.006206685770303011,0.008429291471838952,0.030033310875296593,0.0,0.007340710610151291,0.0,0.11830399185419083
478,9.508353541605174e-05,0.006223548110574484,0.008125889673829078,0.02948036715388298,0.0,0.007447864860296249,0.0,0.11827892065048218
479,0.00010581483220448718,0.006081345397979021,0.007840112689882517,0.029376191645860673,0.0,0.007642713841050863,0.0,0.11826542764902115
480,8.855577616486698e-05,0.0062129410915076734,0.008373679779469966,0.02948569394648075,0.0,0.007780695799738169,0.0,0.11824636161327362
481,9.575402800692246e-05,0.006098625715821981,0.008555309846997261,0.029410910606384278,0.0,0.007845127955079079,0.0,0.11823829263448715
482,8.76406513270922e-05,0.006099388934671879,0.00789741650223732,0.0279316958039999,0.0,0.007858695462346077,0.0,0.11823376268148422
483,9.734630293678492e-05,0.006118479650467634,0.008485435508191586,0.028930734470486642,0.0,0.00782440323382616,0.0,0.11822335422039032
484,9.582785132806748e-05,0.00611577583476901,0.008255208935588598,0.028555766493082047,0.0,0.007761925458908081,0.0,0.11822155863046646
485,9.611019922886043e-05,0.006211044825613498,0.008271361794322729,0.028996402397751808,0.0,0.007694263942539692,0.0,0.11821304261684418
486,0.00010250662598991767,0.006157637201249599,0.008262237068265676,0.028823012486100197,0.0,0.007695258595049381,0.0,0.11820824444293976
487,9.431310027139262e-05,0.006294117961078882,0.007978285010904074,0.028960752114653588,0.0,0.007751612924039364,0.0,0.11820485442876816
488,9.915047994581982e-05,0.006069532874971628,0.008332205563783645,0.02848278507590294,0.0,0.007879102602601051,0.0,0.1181972473859787
489,0.00010904121736530215,0.006055091135203838,0.00776019487529993,0.030804692581295968,0.0,0.007945431396365166,0.0,0.11819635331630707
490,9.770808537723497e-05,0.006322590727359056,0.008076914213597774,0.02957187667489052,0.0,0.00794896762818098,0.0,0.11820010840892792
491,9.897266281768679e-05,0.006044476479291916,0.007891993690282106,0.030131832510232926,0.0,0.007916769944131374,0.0,0.11820576339960098
492,9.236021724063903e-05,0.006128166429698467,0.0075256540440022945,0.028156555071473122,0.0,0.007893161848187447,0.0,0.1182013750076294
493,0.00010063198133138939,0.006279364880174399,0.008099130168557168,0.029529301822185515,0.0,0.007894172333180904,0.0,0.11818774044513702
494,9.222097141901032e-05,0.00591689208522439,0.007565537840127945,0.02895655632019043,0.0,0.007856433279812336,0.0,0.11819134652614594
495,9.044126636581495e-05,0.006124852783977985,0.007679765205830335,0.027998757362365723,0.0,0.00780815165489912,0.0,0.11820461601018906
496,9.532514523016288e-05,0.006015827972441911,0.007595773879438638,0.029831086099147797,0.0,0.007752033416181803,0.0,0.11821712553501129
497,9.215054451487959e-05,0.006257811281830073,0.0075669423677027225,0.03062768094241619,0.0,0.007694403175264597,0.0,0.11821858584880829
498,9.703304240247235e-05,0.005939938593655825,0.007848777621984483,0.029229501262307167,0.0,0.007666547782719135,0.0,0.11821941286325455
499,9.526813955744729e-05,0.006219717301428318,0.007267436571419239,0.029078416898846625,0.0,0.007653062231838703,0.0,0.11822310835123062
500,9.43471779464744e-05,0.0060968765988945964,0.007427492924034595,0.027592215314507486,0.0,0.007647605147212744,0.0,0.11823485046625137
501,9.249089926015586e-05,0.005989792011678219,0.0076432240195572375,0.029156991466879844,0.0,0.00763581832870841,0.0,0.11823995411396027
502,9.72322523011826e-05,0.006319567840546369,0.00784247238188982,0.030297377705574037,0.0,0.007589911110699177,0.0,0.11824004352092743
503,9.48601315030828e-05,0.0062162428162992,0.00838633319362998,0.02918989658355713,0.0,0.007515458855777979,0.0,0.11825182288885117
504,8.924189023673534e-05,0.006307305488735438,0.008215350471436978,0.028948450833559035,0.0,0.007426624186336994,0.0,0.11826739460229874
505,9.064863988896831e-05,0.0062426233664155005,0.008852723985910416,0.02878568470478058,0.0,0.007353066001087427,0.0,0.11828587204217911
506,8.771775610512122e-05,0.006195657048374414,0.0074160446412861345,0.028653665632009506,0.0,0.007302884012460709,0.0,0.1183037981390953
507,9.491384553257376e-05,0.006251408066600561,0.007903075870126485,0.028872161731123926,0.0,0.007298563607037067,0.0,0.11831454932689667
508,8.87559392140247e-05,0.006223007291555405,0.008225996140390634,0.02874702773988247,0.0,0.007403419353067875,0.0,0.118308886885643
509,9.609183471184223e-05,0.006098808720707893,0.007971982005983591,0.027817810699343682,0.0,0.00764386635273695,0.0,0.11829383671283722
510,9.33681323658675e-05,0.0061935815960168835,0.008557475451380015,0.02955106385052204,0.0,0.007843426428735256,0.0,0.11829376220703125
511,9.743315022205933e-05,0.006081035733222962,0.007922938466072083,0.02994595989584923,0.0,0.007938654161989689,0.0,0.11831580102443695
512,9.228058042936027e-05,0.006232162844389677,0.00809309994801879,0.028945409506559373,0.0,0.007930049672722816,0.0,0.11833174526691437
513,9.175567247439176e-05,0.006073415745049715,0.007595110125839711,0.029576617851853372,0.0,0.007866548374295235,0.0,0.1183428168296814
514,9.494181285845116e-05,0.0060044780373573305,0.008006251323968172,0.028124305233359338,0.0,0.007774046156555414,0.0,0.11834250390529633
515,9.873864328255877e-05,0.0061581222340464595,0.008406175300478935,0.028319786116480828,0.0,0.007692460902035236,0.0,0.11832054704427719
516,9.468063071835787e-05,0.006046147365123033,0.008275499939918518,0.027992824837565423,0.0,0.007612931542098522,0.0,0.11829511821269989
517,8.96369936526753e-05,0.006308580748736858,0.008148743212223053,0.02862316220998764,0.0,0.007530005183070898,0.0,0.11826983839273453
518,9.348165040137246e-05,0.006072394922375679,0.007745394669473171,0.02932567410171032,0.0,0.007536387536674738,0.0,0.11823254823684692
519,0.00010048850672319531,0.006008137483149767,0.008012073300778865,0.02975156009197235,0.0,0.007638940121978521,0.0,0.11822007596492767
520,9.291596797993407e-05,0.006131109781563282,0.008263052441179752,0.028516878560185432,0.0,0.007744898553937674,0.0,0.1182241439819336
521,8.898548694560304e-05,0.006181948818266392,0.008100936003029347,0.03009919673204422,0.0,0.007820273749530315,0.0,0.11821787059307098
522,9.83293604804203e-05,0.006098099332302809,0.007824049331247807,0.0289326973259449,0.0,0.007849320769309998,0.0,0.11821494251489639
523,9.657332993810997e-05,0.006246263813227415,0.00781417265534401,0.029846371710300447,0.0,0.00785223487764597,0.0,0.11821530759334564
524,9.802721324376762e-05,0.006177705153822899,0.008028085529804229,0.02855062149465084,0.0,0.007926983758807182,0.0,0.11820951849222183
525,9.45942840189673e-05,0.006038905400782823,0.007396885473281145,0.028596102073788644,0.0,0.008101738058030605,0.0,0.11820075660943985
526,9.538158192299307e-05,0.0061903540976345536,0.007887923344969749,0.028388844430446626,0.0,0.008290717378258705,0.0,0.11820344626903534
527,8.674775745021179e-05,0.00624213432893157,0.00747594004496932,0.030011514946818352,0.0,0.008394619449973106,0.0,0.11820831149816513
528,9.690129227237775e-05,0.006175724603235721,0.007491504587233066,0.028413304686546327,0.0,0.008397623896598816,0.0,0.11822732537984848
529,9.522006585029885e-05,0.006204095669090748,0.00735327871516347,0.028940171003341675,0.0,0.008325660601258278,0.0,0.11823735386133194
530,8.656248537590727e-05,0.006189547758549452,0.007824495062232017,0.028867769986391068,0.0,0.008220581337809563,0.0,0.1182371973991394
531,9.992379782488569e-05,0.006161564774811268,0.008394386619329453,0.030164941027760506,0.0,0.008231140673160553,0.0,0.11825094372034073
532,9.929193620337174e-05,0.006187314726412296,0.00855261143296957,0.029085200652480124,0.0,0.008353674784302711,0.0,0.11827318370342255
533,0.00010107397101819516,0.006142431031912565,0.008226365037262439,0.027369756996631623,0.0,0.008433791808784008,0.0,0.11829183250665665
534,9.66685518505983e-05,0.005899715051054954,0.008450526092201472,0.02810014896094799,0.0,0.00846157968044281,0.0,0.11829601228237152
535,0.00010138098296010866,0.006020080018788576,0.00843404307961464,0.029727537557482718,0.0,0.008479301817715168,0.0,0.11829210817813873
536,9.982596238842235e-05,0.006376888137310743,0.007775924820452929,0.02837771698832512,0.0,0.008439872413873672,0.0,0.1182919293642044
537,9.763826237758621e-05,0.00607379199936986,0.00783589407801628,0.028986548632383348,0.0,0.008370528928935528,0.0,0.11829721927642822
538,9.249202848877758e-05,0.00631166473031044,0.008118750620633363,0.02828373946249485,0.0,0.00827786885201931,0.0,0.11829948425292969
539,9.379737603012472e-05,0.006222502328455448,0.008729846961796284,0.027014828473329543,0.0,0.008179830387234688,0.0,0.11828427016735077
540,9.370915504405274e-05,0.006255690008401871,0.008067741617560386,0.028032300993800163,0.0,0.008094127289950848,0.0,0.11825834214687347
541,9.388801991008222e-05,0.006077186483889818,0.0077575849369168285,0.02898695431649685,0.0,0.00805190484970808,0.0,0.1182495579123497
542,9.041947778314352e-05,0.006149641145020724,0.007621897663921118,0.030180488899350166,0.0,0.008033430203795433,0.0,0.11824747174978256
543,9.945746278390288e-05,0.006056361179798841,0.007842118479311466,0.02962338775396347,0.0,0.007971405051648617,0.0,0.11826082319021225
544,0.00010270451020915062,0.006234788428992033,0.007848252821713687,0.029359833896160127,0.0,0.007869814522564411,0.0,0.11827372014522552
545,9.226884285453706e-05,0.006136379484087229,0.007960895448923111,0.027855027094483377,0.0,0.007770380936563015,0.0,0.11828138679265976
546,0.00010260710405418649,0.006193184200674296,0.0075110337696969506,0.0278819490224123,0.0,0.007733662612736225,0.0,0.11827316135168076
547,9.420414571650326e-05,0.006143410596996546,0.00839617634192109,0.028475136309862138,0.0,0.007725210394710302,0.0,0.11826096475124359
548,9.382805874338373e-05,0.006026253197342157,0.008684898354113102,0.029335517808794974,0.0,0.007711120881140232,0.0,0.11824788898229599
549,9.911051311064511e-05,0.006071703974157572,0.008969485014677047,0.028443178907036782,0.0,0.007677500601857901,0.0,0.11824636161327362
550,9.695319458842277e-05,0.006192708760499955,0.008289278112351894,0.028283867985010147,0.0,0.0076243020594120026,0.0,0.11825324594974518
551,0.00010509876738069579,0.0059556269086897375,0.008163124229758978,0.02894524112343788,0.0,0.00759466364979744,0.0,0.11825430393218994
552,0.00010893533763010055,0.006166606489568949,0.008233097288757563,0.026871379092335702,0.0,0.0076337652280926704,0.0,0.11824391037225723
553,0.00010326728370273486,0.006059739645570517,0.007776719331741333,0.028305498510599138,0.0,0.007663696072995663,0.0,0.11823704093694687
554,0.00010538396454649047,0.00601011523976922,0.007915509957820177,0.027946632727980612,0.0,0.0076863644644618034,0.0,0.11824438720941544
555,0.0001049256621627137,0.00611249627545476,0.007844472490251064,0.028556380048394205,0.0,0.007683450821787119,0.0,0.11825539171695709
556,9.797032544156536e-05,0.006052729208022356,0.007685399055480957,0.027189306169748306,0.0,0.007720478810369968,0.0,0.11827079951763153
557,0.00010208360326942056,0.006206224020570516,0.008065762743353844,0.028979118913412094,0.0,0.007746680174022913,0.0,0.11826950311660767
558,9.962048643501476e-05,0.006099123135209083,0.008372049685567618,0.02828568294644356,0.0,0.007763437926769257,0.0,0.11827448755502701
559,0.00010095498291775584,0.005925583187490702,0.00807316116988659,0.027708233147859574,0.0,0.007752898149192333,0.0,0.11827447265386581
560,9.355662041343749e-05,0.006091134250164032,0.007888243068009615,0.029273172095417976,0.0,0.007703833281993866,0.0,0.11826878786087036
561,0.00010200586111750454,0.005822759494185448,0.008102314919233322,0.028415627777576447,0.0,0.007650364190340042,0.0,0.11827412992715836
562,9.139946923824027e-05,0.006151393987238407,0.007929281145334244,0.028965146839618684,0.0,0.007581380195915699,0.0,0.11828038841485977
563,0.00010484982776688412,0.006244494579732418,0.007772996742278338,0.029077884182333945,0.0,0.0074980659410357475,0.0,0.11827224493026733
564,9.263505053240806e-05,0.006084940861910582,0.008055931143462657,0.027893104031682013,0.0,0.007439844310283661,0.0,0.11826424300670624
565,0.00010187388106714934,0.006286633107811213,0.007838988304138183,0.02973313108086586,0.0,0.007399027701467276,0.0,0.1182694062590599
566,0.00010065626265713945,0.006090723816305399,0.008477778173983097,0.028652943670749664,0.0,0.007349811494350433,0.0,0.11827702820301056
567,9.898509597405791e-05,0.00593742672353983,0.00849929628893733,0.02810204476118088,0.0,0.007319774478673935,0.0,0.11827801167964935
568,9.707906137919053e-05,0.005923186521977186,0.008281693607568742,0.02830144912004471,0.0,0.007337951101362705,0.0,0.118279829621315
569,9.613521542632953e-05,0.006150913890451193,0.007862614374607802,0.029744403436779976,0.0,0.007447173353284597,0.0,0.11829401552677155
570,0.00010372364049544558,0.006189812812954188,0.007591555174440145,0.029925012961030006,0.0,0.007551456801593304,0.0,0.11829177290201187
571,9.196991013595834e-05,0.006069002207368612,0.007599486224353314,0.029666338115930557,0.0,0.007580507546663284,0.0,0.11827834695577621
572,0.00010792916000355036,0.006061762291938067,0.007632571086287498,0.03003985732793808,0.0,0.007557562552392483,0.0,0.11826325953006744
573,9.654350287746638e-05,0.006183927413076162,0.00730893686413765,0.028673105686903,0.0,0.00750427320599556,0.0,0.11824283748865128
574,0.0001019589719362557,0.0058643888682126995,0.007411392126232386,0.0307287510484457,0.0,0.007511799223721027,0.0,0.11823724210262299
575,9.706529381219298e-05,0.006066202465444803,0.007762729842215777,0.02882513925433159,0.0,0.007545002736151218,0.0,0.11825809627771378
576,8.875592175172642e-05,0.006042150408029556,0.007654616609215736,0.028631404414772986,0.0,0.007548780646175146,0.0,0.11828106641769409
577,0.00010157962678931653,0.006089520361274481,0.0073269704356789585,0.029579833894968034,0.0,0.007513524033129215,0.0,0.11828824132680893
578,9.144586656475439e-05,0.005918790586292744,0.007570017501711846,0.028456371650099753,0.0,0.007472036872059107,0.0,0.11827858537435532
579,9.53672468313016e-05,0.006154212728142738,0.007551547139883041,0.029296594485640527,0.0,0.007426712661981583,0.0,0.11827296018600464
580,0.00010236176749458536,0.006268437765538692,0.007738380320370197,0.028965068981051445,0.0,0.007374426815658808,0.0,0.11827890574932098
581,9.408631594851614e-05,0.006233277264982462,0.007577069476246834,0.02937663607299328,0.0,0.0073217772878706455,0.0,0.11829499900341034
582,0.00010879697074415163,0.006236503459513187,0.00748706441372633,0.028818568959832192,0.0,0.007288889028131962,0.0,0.11831965297460556
583,9.07474139239639e-05,0.006033060047775507,0.007567095384001732,0.02928798757493496,0.0,0.007299005053937435,0.0,0.11832444369792938
584,9.484724141657352e-05,0.006288476008921862,0.00778425382450223,0.02901984341442585,0.0,0.007322786841541529,0.0,0.11834502220153809
585,9.627004474168643e-05,0.0059057209640741345,0.00765638668090105,0.029868471249938012,0.0,0.007331231143325567,0.0,0.11835511028766632
586,9.919774311129004e-05,0.006250117532908916,0.007836128212511539,0.029506319388747215,0.0,0.007324493024498224,0.0,0.11836516857147217
587,0.0001012382737826556,0.006067447178065777,0.007642119657248259,0.03004265986382961,0.0,0.007325491402298212,0.0,0.11839421093463898
588,9.787958260858432e-05,0.006165897287428379,0.007737098727375269,0.028574034571647644,0.0,0.00733565166592598,0.0,0.11842463910579681
589,9.802626445889472e-05,0.006153516378253699,0.007853089831769466,0.0304761603474617,0.0,0.007314290851354599,0.0,0.11844795942306519
590,9.12601186428219e-05,0.006166379619389773,0.007990717981010675,0.029167040064930917,0.0,0.0072797550819814205,0.0,0.11849911510944366
591,9.291044698329642e-05,0.0061025056056678295,0.007725542970001697,0.029025721922516824,0.0,0.007252620067447424,0.0,0.11853597313165665
592,9.426692704437301e-05,0.00612811204046011,0.007975149154663085,0.02928255535662174,0.0,0.007248185575008392,0.0,0.11855600029230118
593,9.941826720023527e-05,0.006110465805977583,0.007755484245717525,0.028618042543530463,0.0,0.007259377744048834,0.0,0.1185702532529831
594,9.736992215039208e-05,0.0061254040338099,0.0075255101546645164,0.03014591373503208,0.0,0.007277672179043293,0.0,0.11856801807880402
595,0.00010747900232672691,0.006283372920006513,0.007498603407293558,0.029475338384509088,0.0,0.007301327772438526,0.0,0.11858399212360382
596,9.00558996363543e-05,0.0060891897417604925,0.007518455665558576,0.02882598601281643,0.0,0.007315507624298334,0.0,0.11861618608236313
597,9.74078560830094e-05,0.006276992242783308,0.0076333248056471344,0.02857586070895195,0.0,0.007366115693002939,0.0,0.11864198744297028
598,9.833768563112244e-05,0.006341176200658083,0.0068266639485955235,0.028840766847133638,0.0,0.007454183883965015,0.0,0.11864546686410904
599,9.6598343225196e-05,0.005980328284204006,0.00827525956556201,0.030551791191101074,0.0,0.007492410950362682,0.0,0.11864171177148819
600,8.951513154897839e-05,0.006231419183313847,0.00855511985719204,0.028820212557911874,0.0,0.0074762306176126,0.0,0.1186484843492508
601,0.00010422352934256197,0.00601281514391303,0.008275051414966584,0.028679662942886354,0.0,0.007423450704663992,0.0,0.11865019798278809
602,0.00010347201459808275,0.006128482613712549,0.007921755779534578,0.0284059327095747,0.0,0.0073663233779370785,0.0,0.11864437907934189
603,9.335348586319015e-05,0.006148389168083667,0.008102424535900354,0.028556059300899505,0.0,0.007317484822124243,0.0,0.11862851679325104
604,0.0001000062475213781,0.005980688519775868,0.008482338301837445,0.028420134633779525,0.0,0.007282124366611242,0.0,0.11861487478017807
605,8.959442639024928e-05,0.005988224036991596,0.008353453502058983,0.028763226792216302,0.0,0.00724357133731246,0.0,0.11858735978603363
606,0.00010287697950843722,0.0062224798835814,0.008206579461693763,0.029180342331528664,0.0,0.007226759102195501,0.0,0.1185574159026146
607,0.0001065803284291178,0.005980331543833017,0.008243882469832898,0.029946041852235795,0.0,0.007238359190523624,0.0,0.1185242161154747
608,9.693371248431504e-05,0.006134374905377627,0.00811444204300642,0.028488435968756675,0.0,0.007242370396852493,0.0,0.11850452423095703
609,0.00010278871486661956,0.006129429116845131,0.008179278671741485,0.02863560914993286,0.0,0.007237304002046585,0.0,0.11849957704544067
610,9.545786160742864e-05,0.006118907779455185,0.008365095127373934,0.02963039055466652,0.0,0.007204277906566858,0.0,0.11850853264331818
611,9.665498946560546e-05,0.006079059839248657,0.007826366648077964,0.029461746290326118,0.0,0.007165275514125824,0.0,0.11850478500127792
612,9.251933806808665e-05,0.006209036894142627,0.007667773496359586,0.028987912461161613,0.0,0.007118106819689274,0.0,0.11850383132696152
613,9.783369459910318e-05,0.006122608203440905,0.007912642322480679,0.028943274915218354,0.0,0.007058273069560528,0.0,0.11851326376199722
614,9.507989743724465e-05,0.006181819178164005,0.007641284726560116,0.027443161234259605,0.0,0.007032494060695171,0.0,0.11851845681667328
615,9.77564210188575e-05,0.006219144072383642,0.007489372510462999,0.02902880236506462,0.0,0.0070733181200921535,0.0,0.11851350218057632
616,9.80385739239864e-05,0.006246327981352806,0.00758089916780591,0.028234151378273963,0.0,0.007141950074583292,0.0,0.11851296573877335
617,9.978204470826313e-05,0.006067624781280756,0.007483654655516148,0.02916422300040722,0.0,0.007325147744268179,0.0,0.11850059032440186
618,9.294549963669851e-05,0.00619397247210145,0.007569480687379837,0.029209726303815842,0.0,0.007616607937961817,0.0,0.118491031229496
619,0.00011036948562832549,0.00616011992096901,0.007585631869733334,0.028795957565307617,0.0,0.007837003096938133,0.0,0.11847259849309921
620,0.00010004651703638956,0.006265789549797773,0.007089415285736323,0.02818043977022171,0.0,0.007939312607049942,0.0,0.11844183504581451
621,0.00010007485980167985,0.006067834235727787,0.007402245234698057,0.02828028202056885,0.0,0.007954835891723633,0.0,0.11843875795602798
622,0.00010216344089712948,0.006035279761999845,0.007207321468740702,0.030063488706946372,0.0,0.007922339253127575,0.0,0.11842446029186249
623,9.789622417883947e-05,0.006125703640282154,0.007129241526126861,0.02937608100473881,0.0,0.007845282554626465,0.0,0.11840061098337173
624,0.00010455397423356772,0.005935358628630638,0.007445858884602785,0.02787787318229675,0.0,0.007780061569064856,0.0,0.11838550865650177
625,0.00010334971884731203,0.005774076376110315,0.007542125228792429,0.0285424679517746,0.0,0.007729228585958481,0.0,0.11838167905807495
626,0.00010019460314651951,0.006161383166909218,0.008073261938989162,0.029296461120247842,0.0,0.0076804570853710175,0.0,0.1183742880821228
627,0.00010350100492360071,0.006132444180548191,0.009016414172947407,0.029240744188427925,0.0,0.00765411090105772,0.0,0.11837255954742432
628,0.00010416954755783081,0.0059402029030025,0.00830608420073986,0.029097309336066246,0.0,0.007653916720300913,0.0,0.11838316917419434
629,0.00010151475871680304,0.005891166161745787,0.008253044355660677,0.029467878490686418,0.0,0.007679533213376999,0.0,0.11840017884969711
630,0.00011278785968897864,0.006078979559242725,0.00823808778077364,0.028710532188415527,0.0,0.0076798261143267155,0.0,0.1184217780828476
631,0.00010731479997048155,0.005914807319641113,0.008524543233215809,0.029552675038576125,0.0,0.007734590210020542,0.0,0.11842896044254303
632,0.00010250449558952823,0.006098171044141054,0.008704284857958555,0.029145459085702895,0.0,0.0077961809001863,0.0,0.11842908710241318
633,0.0001015502421068959,0.0060804103501141075,0.008469925075769425,0.02979348823428154,0.0,0.007820626720786095,0.0,0.11842994391918182
634,9.140549227595329e-05,0.006007169466465711,0.007841560523957014,0.029736704751849176,0.0,0.007804452441632748,0.0,0.11841119825839996
635,9.887438063742593e-05,0.0060428595170378685,0.008274704776704311,0.028399764373898507,0.0,0.007762732915580273,0.0,0.1183871254324913
636,0.00010633740312187001,0.005912366602569818,0.008008436392992735,0.028570638224482536,0.0,0.007724673952907324,0.0,0.11838008463382721
637,9.790938347578048e-05,0.006029735412448644,0.007601036597043276,0.028523749485611916,0.0,0.007690757513046265,0.0,0.1183701604604721
638,9.984089556382968e-05,0.0062589581124484536,0.008235427923500538,0.029622327536344528,0.0,0.007661131210625172,0.0,0.11835290491580963
639,9.50185683905147e-05,0.005983465351164341,0.00826183771714568,0.03017101399600506,0.0,0.007623205427080393,0.0,0.1183413714170456
640,0.00010264613083563746,0.006019913498312235,0.007881905511021614,0.0285138089209795,0.0,0.007595731411129236,0.0,0.1183483824133873
641,0.00010077948245452717,0.006050642766058445,0.008154876064509153,0.02876226492226124,0.0,0.007543402258306742,0.0,0.11836226284503937
642,9.44521525525488e-05,0.0061620078980922696,0.008458998333662749,0.02889358252286911,0.0,0.007462807931005955,0.0,0.11837586015462875
643,9.676251211203635e-05,0.006284487061202526,0.008791516907513142,0.02880489230155945,0.0,0.007385757751762867,0.0,0.11839298903942108
644,0.00010049991105915978,0.006123003736138344,0.008235589414834977,0.02989454083144665,0.0,0.007352716289460659,0.0,0.11842016130685806
645,9.943579061655328e-05,0.006369223538786173,0.00809613922610879,0.030225830897688866,0.0,0.007382216397672892,0.0,0.11844116449356079
646,9.593925933586434e-05,0.00600940017029643,0.00846224557608366,0.028306300938129424,0.0,0.007424607872962952,0.0,0.11845667660236359
647,0.00010448845132486895,0.006024450715631247,0.009641004540026189,0.028840235993266107,0.0,0.007432472892105579,0.0,0.11845861375331879
648,9.476455888943747e-05,0.005962396133691072,0.00982407871633768,0.029005521535873414,0.0,0.007416595704853535,0.0,0.11844434589147568
649,9.995108994189649e-05,0.005934966634958983,0.009347470290958882,0.029964539408683776,0.0,0.007380704395473003,0.0,0.11842630058526993
650,9.430336358491331e-05,0.006070598494261503,0.008588680252432822,0.030190271511673927,0.0,0.007320056669414043,0.0,0.11842377483844757
651,0.00010167471045861021,0.006202634330838919,0.008805509470403195,0.028678114339709283,0.0,0.007321892771869898,0.0,0.11842142045497894
652,9.79152973741293e-05,0.00610009552910924,0.008444633334875107,0.02970101125538349,0.0,0.007360680494457483,0.0,0.11841462552547455
653,9.668261191109195e-05,0.006381634715944528,0.008380323275923729,0.029169420525431634,0.0,0.007429091725498438,0.0,0.11838407814502716
654,9.746237628860399e-05,0.00609023654833436,0.00863769520074129,0.028980641439557076,0.0,0.007651905529201031,0.0,0.11837197840213776
655,9.103841875912622e-05,0.006340462062507868,0.008199412282556296,0.02945741042494774,0.0,0.00786181166768074,0.0,0.11838191747665405
656,9.473730606259778e-05,0.006174434255808592,0.008424737490713596,0.028637970611453057,0.0,0.007985473610460758,0.0,0.11837895959615707
657,9.437574190087616e-05,0.006185594201087952,0.008049434423446656,0.029062801226973533,0.0,0.008038749918341637,0.0,0.11838831007480621
658,9.393588406965136e-05,0.0063951944001019,0.008401374239474535,0.02849854454398155,0.0,0.0080276383087039,0.0,0.11839763820171356
659,9.652704757172615e-05,0.005877327173948288,0.008235117327421904,0.029366181045770646,0.0,0.00801875814795494,0.0,0.11841114610433578
660,0.00010526969854254275,0.006301626656204462,0.008272839523851872,0.030747244879603387,0.0,0.008092163130640984,0.0,0.11845419555902481
661,9.849659691099077e-05,0.006076947599649429,0.008394499123096467,0.028053310140967368,0.0,0.008131790906190872,0.0,0.11848504841327667
662,9.235778707079589e-05,0.006169015262275934,0.007888417504727841,0.02916077934205532,0.0,0.008092239499092102,0.0,0.11849424988031387
663,9.695284534245729e-05,0.006165614631026983,0.00812687911093235,0.02977914921939373,0.0,0.00801916979253292,0.0,0.11850263923406601
664,0.00010377530416008084,0.006290190666913986,0.008408511988818645,0.029286572337150575,0.0,0.007950572296977043,0.0,0.11851470172405243
665,9.463399474043399e-05,0.006125135160982609,0.00826542042195797,0.027601591125130654,0.0,0.007870272733271122,0.0,0.11852657794952393
666,9.455581894144416e-05,0.006142440345138311,0.00822672974318266,0.029582450911402703,0.0,0.007821298204362392,0.0,0.11852999776601791
667,9.564885549480095e-05,0.006022738106548786,0.009497769176959991,0.029318561404943468,0.0,0.0077977427281439304,0.0,0.11851666122674942
668,9.03212174307555e-05,0.006103083305060863,0.008382380940020084,0.029537299275398256,0.0,0.007771925535053015,0.0,0.11850340664386749
669,9.938446892192588e-05,0.006192899774760008,0.008755163289606571,0.028130051121115683,0.0,0.0077557251788675785,0.0,0.11849193274974823
670,9.554853604640812e-05,0.006168853212147951,0.0082447892986238,0.028750240430235864,0.0,0.007723736576735973,0.0,0.1184745654463768
671,9.736340289236977e-05,0.006176466960459948,0.008097284752875567,0.02984434738755226,0.0,0.007688877172768116,0.0,0.11846824735403061
672,9.977328736567869e-05,0.006162487249821424,0.008216267358511687,0.029209047555923462,0.0,0.007637952454388142,0.0,0.11848034709692001
673,8.615100668976083e-05,0.006287490762770176,0.008200007118284702,0.029209911823272705,0.0,0.007590399123728275,0.0,0.11849431693553925
674,0.0001040347313391976,0.006113617308437824,0.008326901122927666,0.029844358935952185,0.0,0.007561628706753254,0.0,0.1184912770986557
675,9.840403072303161e-05,0.00625768918544054,0.008045754674822093,0.029289085790514945,0.0,0.007528738584369421,0.0,0.1185004934668541
676,9.161932830465957e-05,0.00644385302439332,0.007850888837128877,0.028218089044094084,0.0,0.007551318500190973,0.0,0.11849621683359146
677,9.60643752478063e-05,0.00612470144405961,0.007902093324810266,0.027455733716487886,0.0,0.0075817168690264225,0.0,0.11848537623882294
678,9.528833761578426e-05,0.006136706564575434,0.008351200446486472,0.02929341048002243,0.0,0.00764745008200407,0.0,0.11847291141748428
679,0.00010052983852801845,0.006229809019714594,0.008011199161410331,0.02937660776078701,0.0,0.007708881050348282,0.0,0.11845958232879639
680,9.699659276520833e-05,0.006343568488955498,0.009474202431738377,0.029141270741820335,0.0,0.007727424148470163,0.0,0.11847113072872162
681,9.411386272404343e-05,0.005998028814792633,0.008622606284916401,0.02863030359148979,0.0,0.00771760568022728,0.0,0.11849138885736465
682,9.420787973795086e-05,0.006067266408354044,0.00802184185013175,0.029624656960368156,0.0,0.007703546434640884,0.0,0.11849775165319443
683,0.00010082212829729543,0.005984802916646004,0.0074419500306248665,0.029342343285679817,0.0,0.007657290901988745,0.0,0.1184699535369873
684,9.773094207048416e-05,0.006290465965867043,0.007626707293093204,0.02966221570968628,0.0,0.0076033310033380985,0.0,0.11845185607671738
685,0.00010590756428427995,0.006167152337729931,0.007534313667565584,0.0290704682469368,0.0,0.007597628980875015,0.0,0.118439219892025
686,9.173822618322447e-05,0.006197618041187525,0.007881572097539901,0.028829339146614074,0.0,0.0076686786487698555,0.0,0.11842136085033417
687,9.246147674275562e-05,0.005852078646421432,0.008655220828950405,0.028472744300961493,0.0,0.007780732121318579,0.0,0.11840502172708511
688,0.00010150117013836279,0.006033382844179869,0.008380854595452547,0.02891794629395008,0.0,0.007831613533198833,0.0,0.11838219314813614
689,9.454771497985348e-05,0.00622107433155179,0.008211381733417511,0.029617511853575706,0.0,0.00780090969055891,0.0,0.11836807429790497
690,0.00010868949175346643,0.006105039734393358,0.008081672899425029,0.028603198751807214,0.0,0.007730480283498764,0.0,0.11837154626846313
691,0.00010056159371742978,0.005981890764087438,0.007708377763628959,0.028789372369647025,0.0,0.007645952515304089,0.0,0.11838608980178833
692,9.871129004750401e-05,0.006029436830431223,0.008810923434793949,0.02974141910672188,0.0,0.007542891893535852,0.0,0.11838732659816742
693,9.913500252878293e-05,0.006124014407396317,0.008171641733497381,0.02961805649101734,0.0,0.007443553302437067,0.0,0.1183939203619957
694,0.00010289439815096557,0.005794438999146223,0.008413673471659422,0.02920837327837944,0.0,0.007358520291745663,0.0,0.11840858310461044
695,0.00010044537048088386,0.006139727681875229,0.008321194909512997,0.029898327961564063,0.0,0.007285229861736298,0.0,0.11841554939746857
696,0.00010460242483532057,0.00601600669324398,0.007903922721743584,0.029899097234010696,0.0,0.007226516492664814,0.0,0.11843772232532501
697,0.0001013586123008281,0.006107566226273775,0.008032582700252533,0.02889808714389801,0.0,0.00719909742474556,0.0,0.11847053468227386
698,0.00010206750448560342,0.006100280955433845,0.00853846464306116,0.028908228129148485,0.0,0.00718277832493186,0.0,0.1185004860162735
699,0.00010454626171849669,0.006212565489113331,0.00905738715082407,0.026895491406321526,0.0,0.007183937821537256,0.0,0.11852587759494781
700,9.667219710536301e-05,0.006364938244223595,0.008319529891014098,0.028020291402935982,0.0,0.007174082100391388,0.0,0.11853654682636261
701,9.16640303330496e-05,0.006144849210977554,0.008344265632331371,0.029619602486491203,0.0,0.007276625372469425,0.0,0.11852207034826279
702,9.423817537026479e-05,0.006057039089500904,0.008158550132066011,0.02895575426518917,0.0,0.0075281099416315556,0.0,0.11850899457931519
703,9.608967957319692e-05,0.006334592960774899,0.008479767851531506,0.029384613782167435,0.0,0.007724785711616278,0.0,0.11850889027118683
704,9.643607336329296e-05,0.00627799266949296,0.008489139191806317,0.02903653457760811,0.0,0.007876342162489891,0.0,0.11853049695491791
705,9.218392951879651e-05,0.006111972965300083,0.007464656699448824,0.028268392011523247,0.0,0.00796172209084034,0.0,0.11854934692382812
706,9.678826318122446e-05,0.006429244577884674,0.0077943896874785425,0.02948814630508423,0.0,0.007990383543074131,0.0,0.11856158077716827
707,9.412431973032653e-05,0.005966227315366268,0.007558175921440124,0.028415413573384285,0.0,0.008055990561842918,0.0,0.11855857074260712
708,0.0001011039363220334,0.006160428933799267,0.007484317943453789,0.029718457162380217,0.0,0.008074241690337658,0.0,0.11854766309261322
709,9.268499707104638e-05,0.00638301745057106,0.008157034032046795,0.027842168509960175,0.0,0.008029158227145672,0.0,0.11853627860546112
710,9.840772690949962e-05,0.0060626047663390635,0.007933903206139802,0.0301302969455719,0.0,0.007973301224410534,0.0,0.11853702366352081
711,9.442237496841699e-05,0.006257107853889466,0.008209597691893578,0.028148841485381125,0.0,0.007929110899567604,0.0,0.11853661388158798
712,0.00010352875688113272,0.006323945429176092,0.007995988801121711,0.02861972264945507,0.0,0.007870206609368324,0.0,0.11853810399770737
713,9.61937548709102e-05,0.00604841522872448,0.008327355608344078,0.02942912429571152,0.0,0.0078000277280807495,0.0,0.11853961646556854
714,9.970797837013378e-05,0.00611772071570158,0.008240306936204433,0.029108237475156784,0.0,0.0077231526374816895,0.0,0.11853567510843277
715,0.00010038874752353877,0.006112061906605959,0.0076410799287259575,0.027814576774835585,0.0,0.007662234362214804,0.0,0.11853182315826416
716,0.00010057506005978212,0.006173297297209501,0.008223719988018274,0.029098474234342576,0.0,0.007670498453080654,0.0,0.11852788925170898
717,9.733924380270765e-05,0.006166862696409226,0.007429146487265825,0.02783350981771946,0.0,0.007700422313064337,0.0,0.1185210794210434
718,0.00010214222274953499,0.006050433311611414,0.00822764467447996,0.03049892224371433,0.0,0.007730694022029638,0.0,0.1185341328382492
719,9.59737240918912e-05,0.00614311583340168,0.007968611642718315,0.029066117107868196,0.0,0.007765784859657288,0.0,0.11856453120708466
720,0.00010805259662447498,0.006236676312983036,0.007194101810455322,0.028802093490958212,0.0,0.007857526652514935,0.0,0.11856864392757416
721,9.341176046291366e-05,0.006216207519173622,0.00762565154582262,0.028600458800792695,0.0,0.007927397266030312,0.0,0.11856545507907867
722,9.834838565438985e-05,0.006174323987215758,0.007389062643051147,0.02904917635023594,0.0,0.007949486374855042,0.0,0.11855433136224747
723,0.00010449748224345967,0.006069377716630697,0.007488910295069218,0.029175757616758346,0.0,0.007924998179078102,0.0,0.1185491532087326
724,8.719400211703033e-05,0.00588770005851984,0.007185863424092531,0.028697124868631362,0.0,0.007915239781141281,0.0,0.11854082345962524
725,9.954382403520867e-05,0.006147048901766539,0.006976170651614666,0.028618238493800165,0.0,0.007877004332840443,0.0,0.11853258311748505
726,9.267253190046177e-05,0.006041649356484413,0.0071495180949568745,0.029859379678964616,0.0,0.007798044476658106,0.0,0.11852286010980606
727,9.911043307511135e-05,0.00601385161280632,0.007813245709985494,0.029666623473167418,0.0,0.007713040802627802,0.0,0.11851559579372406
728,9.592734568286687e-05,0.0060018891468644146,0.007543644215911627,0.027993720024824142,0.0,0.007620248012244701,0.0,0.11851513385772705
729,0.00010475244198460132,0.006258170399814844,0.008015623595565558,0.029000135138630867,0.0,0.007543821819126606,0.0,0.1185179352760315
730,9.49408538872376e-05,0.0063409626483917235,0.007847079820930958,0.02885715737938881,0.0,0.00750089343637228,0.0,0.11852653324604034
731,0.00010372474789619446,0.00612717978656292,0.008755983226001263,0.028791408240795135,0.0,0.0074706613086164,0.0,0.11853382736444473
732,9.560600738041103e-05,0.006305978819727898,0.008196484763175249,0.02903502844274044,0.0,0.007474623620510101,0.0,0.1185532659292221
733,9.450559737160802e-05,0.006225227098912001,0.007958256080746651,0.029794229194521904,0.0,0.007484409026801586,0.0,0.11855830997228622
734,0.00010282419534632937,0.005808817222714424,0.00790690965950489,0.028854192793369295,0.0,0.007475538644939661,0.0,0.11854419857263565
735,9.859809360932559e-05,0.0060323232784867285,0.008404495567083359,0.02957177981734276,0.0,0.007448832504451275,0.0,0.11853858083486557
736,9.997818560805171e-05,0.0062529313378036026,0.007827623933553695,0.02902434580028057,0.0,0.007418698165565729,0.0,0.11853531748056412
737,9.439103596378117e-05,0.006182324513792992,0.007889111060649157,0.027915414422750473,0.0,0.007400540169328451,0.0,0.11853305995464325
738,9.44473227718845e-05,0.005950228404253721,0.008124749734997749,0.02811577692627907,0.0,0.007407560013234615,0.0,0.11851118505001068
739,9.649122366681696e-05,0.006221654824912548,0.007593228481709957,0.0293087936937809,0.0,0.007430344820022583,0.0,0.11848501861095428
740,9.649638668633998e-05,0.005950255319476128,0.00864830669015646,0.028562988340854644,0.0,0.007453842554241419,0.0,0.11847247183322906
741,0.00010333101090509444,0.005964701902121306,0.0082529129460454,0.028343096375465393,0.0,0.007456541061401367,0.0,0.1184859499335289
742,9.356897498946637e-05,0.005938614625483752,0.008158496487885714,0.028883622586727144,0.0,0.007440783083438873,0.0,0.11850140243768692
743,9.54239018028602e-05,0.006213275250047445,0.007552069704979658,0.02911581061780453,0.0,0.007406624499708414,0.0,0.11850814521312714
744,9.620328200981021e-05,0.0060493433848023415,0.007841987535357475,0.029325227066874505,0.0,0.007392076309770346,0.0,0.1185106486082077
745,9.706006821943446e-05,0.006091938354074955,0.007663115113973618,0.029467910528182983,0.0,0.0073980288580060005,0.0,0.1184900775551796
746,9.225326939485968e-05,0.006056274753063917,0.008210814278572797,0.027974363788962363,0.0,0.00738493213430047,0.0,0.11847017705440521
747,9.39296733122319e-05,0.006180074438452721,0.007307072170078754,0.02859506234526634,0.0,0.0073494017124176025,0.0,0.11845133453607559
748,9.826022724155337e-05,0.00614935727789998,0.00734329866245389,0.030256731435656548,0.0,0.0072920857928693295,0.0,0.11842520534992218
749,9.346572333015501e-05,0.00611001867800951,0.007846215832978487,0.029425890743732454,0.0,0.007222222629934549,0.0,0.11842334270477295
750,9.719176014186815e-05,0.006198259815573692,0.007304178550839424,0.02936611697077751,0.0,0.007178102619946003,0.0,0.11843590438365936
751,9.334440692327916e-05,0.006251208111643791,0.007605314627289772,0.02815352864563465,0.0,0.0071572051383554935,0.0,0.11845525354146957
752,0.00010174799099331722,0.006324726808816195,0.007756277080625295,0.027816160395741463,0.0,0.007141365669667721,0.0,0.11847738176584244
753,9.440206486033276e-05,0.00606637941673398,0.007741379179060459,0.03087511397898197,0.0,0.007152733393013477,0.0,0.11848076432943344
754,9.805757727008313e-05,0.006273320224136114,0.007525510806590319,0.029538150504231454,0.0,0.0072321342304348946,0.0,0.11849944293498993
755,9.57033655140549e-05,0.006108616106212139,0.007654269319027662,0.02830444648861885,0.0,0.007325855549424887,0.0,0.11853091418743134
756,0.00010050350683741272,0.006132813543081284,0.008101936802268029,0.02916027270257473,0.0,0.007423654198646545,0.0,0.11854101717472076
757,9.93671317701228e-05,0.006044831965118647,0.007332729920744896,0.028891484066843987,0.0,0.007509428076446056,0.0,0.11853547394275665
758,9.13347423193045e-05,0.0061123169958591465,0.007755366526544094,0.02918844819068909,0.0,0.007549930363893509,0.0,0.1185164824128151
759,9.487547213211655e-05,0.006231914553791284,0.008537236414849759,0.029331531003117563,0.0,0.007619810756295919,0.0,0.11848918348550797
760,9.698998619569465e-05,0.006115733459591865,0.0083712512627244,0.028992193937301635,0.0,0.007679757662117481,0.0,0.11845532804727554
761,9.90636006463319e-05,0.006093277409672737,0.008585138618946076,0.028827763721346857,0.0,0.007695359643548727,0.0,0.11844949424266815
762,9.142579656327144e-05,0.006006780546158552,0.008668120205402374,0.028049273043870927,0.0,0.00767658744007349,0.0,0.11845171451568604
763,9.973066917154939e-05,0.006089621782302856,0.007751696743071079,0.029715975373983385,0.0,0.007642683573067188,0.0,0.11843547970056534
764,0.00010016813466791063,0.006157659366726876,0.008403232973068952,0.02839248962700367,0.0,0.007626831531524658,0.0,0.1184237003326416
765,8.990023634396494e-05,0.006125895120203495,0.00842947568744421,0.028869717568159103,0.0,0.0076241763308644295,0.0,0.11841268837451935
766,9.224337118212134e-05,0.006243088841438293,0.008086929656565189,0.02844376154243946,0.0,0.007688446436077356,0.0,0.11839856952428818
767,0.00010086282854899764,0.00607274379581213,0.008189354371279479,0.02877764403820038,0.0,0.00780234020203352,0.0,0.11840300261974335
768,9.123164199991152e-05,0.006168020330369473,0.008178269769996405,0.029548566415905954,0.0,0.007863541133701801,0.0,0.11840026080608368
769,0.0001043091164319776,0.006021159887313843,0.007646459899842739,0.028486428037285804,0.0,0.007867719046771526,0.0,0.11839224398136139
770,9.206163376802578e-05,0.0060382806695997715,0.00811729310080409,0.02962510883808136,0.0,0.00783876795321703,0.0,0.11839629709720612
771,9.708656143629924e-05,0.005993703193962574,0.007933934405446052,0.028656196594238282,0.0,0.007792384829372168,0.0,0.11842222511768341
772,9.533124830340967e-05,0.0061584699898958204,0.0082285700365901,0.02851554863154888,0.0,0.007758639752864838,0.0,0.11841876804828644
773,0.0001009155428619124,0.006031532306224108,0.00807545455172658,0.029855131357908248,0.0,0.007712583057582378,0.0,0.11842358112335205
774,9.858797129709273e-05,0.006125868111848831,0.007838205806910992,0.029987585544586182,0.0,0.007661822251975536,0.0,0.1184404268860817
775,9.965224453480914e-05,0.006265304796397686,0.007893694564700127,0.028309383988380434,0.0,0.007610753178596497,0.0,0.11844249069690704
776,9.512421092949808e-05,0.005948198959231377,0.007736233528703451,0.028580513224005698,0.0,0.007572874426841736,0.0,0.11843545734882355
777,9.935966372722759e-05,0.006062396802008152,0.008510910533368587,0.03016439713537693,0.0,0.007566613145172596,0.0,0.11842844635248184
778,0.00010163176339119672,0.005970215052366256,0.008284310065209865,0.027580635249614717,0.0,0.007554145064204931,0.0,0.11843230575323105
779,0.0001001971002551727,0.006005660817027092,0.008133705612272025,0.02876138500869274,0.0,0.007520807441323996,0.0,0.11842566728591919
780,9.939976880559697e-05,0.00614172201603651,0.007642019540071487,0.029026757553219797,0.0,0.00748116010800004,0.0,0.11842057853937149
781,0.00010427566012367606,0.006090300064533949,0.007910447753965854,0.0292167279869318,0.0,0.007454517297446728,0.0,0.11840493977069855
782,9.634319867473096e-05,0.006180911231786013,0.007584540918469429,0.0280515655875206,0.0,0.007503882981836796,0.0,0.11839070171117783
783,9.928952931659296e-05,0.005982112232595682,0.00773638803511858,0.029006502404809,0.0,0.007573391310870647,0.0,0.11839954555034637
784,0.00010411220864625648,0.006160084716975689,0.007383374962955713,0.02813788577914238,0.0,0.0076439762488007545,0.0,0.11841509491205215
785,9.65244063991122e-05,0.0062853643670678135,0.0077111728489398955,0.028585922718048096,0.0,0.007683727890253067,0.0,0.11840961873531342
786,0.00010089322167914361,0.005911879986524582,0.008004422578960658,0.028707143291831015,0.0,0.007737529464066029,0.0,0.11840201914310455
787,9.867088083410635e-05,0.006105213426053524,0.008235788904130459,0.028884661942720415,0.0,0.007765668444335461,0.0,0.11840067058801651
788,9.300438250647858e-05,0.0061426091939210895,0.008460883237421512,0.029214223101735114,0.0,0.007742593996226788,0.0,0.11840413510799408
789,9.86719664069824e-05,0.006112182606011629,0.008108341973274947,0.030013351514935494,0.0,0.007694116793572903,0.0,0.11841340363025665
790,9.480856679147109e-05,0.006355577893555164,0.008114133402705193,0.02784535437822342,0.0,0.0076842233538627625,0.0,0.1183997392654419
791,9.894341346807777e-05,0.0062836697325110435,0.007753070257604122,0.02821969799697399,0.0,0.007715903222560883,0.0,0.11837109178304672
792,9.938099974533543e-05,0.006220348831266165,0.007786607090383768,0.0284580085426569,0.0,0.007745593786239624,0.0,0.11834285408258438
793,9.670490690041333e-05,0.0062045899219810964,0.007355020195245743,0.03070592023432255,0.0,0.007758845575153828,0.0,0.11830727010965347
794,0.00010029426484834403,0.006202378682792187,0.007826358173042535,0.029826188832521437,0.0,0.007767041679471731,0.0,0.11831207573413849
795,9.409592894371599e-05,0.006380414683371782,0.007452626340091228,0.028974099829792977,0.0,0.0077745066955685616,0.0,0.11834628880023956
796,9.660799405537545e-05,0.006102140620350837,0.0077221116982400416,0.029307083040475846,0.0,0.0077851442620158195,0.0,0.11837524175643921
797,8.969379559857771e-05,0.006200093310326338,0.007333147060126066,0.02779938727617264,0.0,0.00780685106292367,0.0,0.1184127926826477
798,9.46447267779149e-05,0.006055652629584074,0.008008878491818906,0.028083368390798568,0.0,0.0077927447855472565,0.0,0.11844593286514282
799,9.473016543779523e-05,0.006097063980996608,0.00744396410882473,0.028830327093601227,0.0,0.0077324723824858665,0.0,0.11845768988132477
800,9.460677538299933e-05,0.0062020630575716496,0.00785515047609806,0.029157809913158417,0.0,0.0076571376994252205,0.0,0.11846834421157837
801,9.343642013845966e-05,0.006269354559481144,0.0077753419987857345,0.02880764491856098,0.0,0.007583813276141882,0.0,0.11847440153360367
802,0.00010151591122848913,0.0060726219788193704,0.007352523598819971,0.029765555635094643,0.0,0.007502374704927206,0.0,0.11847010999917984
803,0.00010138178040506319,0.006300805602222681,0.007792641408741474,0.027447215840220453,0.0,0.00740510830655694,0.0,0.11846546083688736
804,0.0001032359796226956,0.005940595176070929,0.00851389830932021,0.02810734286904335,0.0,0.007316188421100378,0.0,0.11847750842571259
805,9.408205805812031e-05,0.006115590780973434,0.008038470894098282,0.02969510406255722,0.0,0.007252461276948452,0.0,0.11848583072423935
806,8.854740881361067e-05,0.00612704511731863,0.008458895981311798,0.028987949714064598,0.0,0.007203173823654652,0.0,0.11849810183048248
807,0.00010338695137761534,0.006070171389728785,0.008768645115196705,0.02934327758848667,0.0,0.007208505179733038,0.0,0.11851972341537476
808,0.0001007992381346412,0.00625087833032012,0.007990024704486131,0.0280283372849226,0.0,0.007260399870574474,0.0,0.11854919046163559
809,0.0001053958316333592,0.00616691391915083,0.00836784690618515,0.027992938086390494,0.0,0.007347737904638052,0.0,0.11856061220169067
810,0.00010596662614261731,0.00647271079942584,0.008082822989672422,0.02813378572463989,0.0,0.007415339350700378,0.0,0.118571937084198
811,9.440019493922591e-05,0.006135512702167034,0.007723504304885864,0.029391301050782203,0.0,0.007437937892973423,0.0,0.11857195198535919
812,9.450822399230674e-05,0.0059978276491165165,0.008101726416498423,0.028832606598734857,0.0,0.007414898369461298,0.0,0.11857181787490845
813,0.00010415767319500446,0.005967036541551352,0.007569486740976572,0.030001325905323027,0.0,0.007376139517873526,0.0,0.11857382208108902
814,0.00010310360230505466,0.0061176584102213384,0.007723132707178592,0.029461028799414635,0.0,0.007348878774791956,0.0,0.11858363449573517
815,9.386276215082035e-05,0.005993280280381441,0.00815736260265112,0.029534119367599487,0.0,0.007343085017055273,0.0,0.11857954412698746
816,0.00010968011774821207,0.006214056815952063,0.007877325266599655,0.028451636806130408,0.0,0.00732737872749567,0.0,0.1185845285654068
817,0.00010132551979040727,0.00603285850957036,0.008161388151347638,0.028960035368800163,0.0,0.007286508567631245,0.0,0.11858586221933365
818,0.00010177339281653985,0.006072547473013401,0.008435172960162163,0.029896683990955353,0.0,0.007231852971017361,0.0,0.11857340484857559
819,0.00010616977669997141,0.005970762111246586,0.008491173759102822,0.029880242049694063,0.0,0.007177991326898336,0.0,0.11857378482818604
820,0.00011003736872226,0.006121127214282751,0.00828582737594843,0.03034595847129822,0.0,0.007160898298025131,0.0,0.11857946962118149
821,0.00010237045789835974,0.0060380551032721995,0.008121464215219022,0.028824590146541595,0.0,0.00725900661200285,0.0,0.11858485639095306
822,9.410219063283875e-05,0.00617742408066988,0.0075588165782392025,0.029043791443109514,0.0,0.0073565468192100525,0.0,0.11857316642999649
823,0.00010525816614972427,0.006346806138753891,0.007713281083852053,0.02865558713674545,0.0,0.007390772458165884,0.0,0.11854319274425507
824,9.091153769986704e-05,0.006199599243700504,0.007485790736973285,0.029118745774030685,0.0,0.007382668554782867,0.0,0.11852898448705673
825,9.64516177191399e-05,0.00618465431034565,0.007846913393586874,0.027842766046524046,0.0,0.007347672246396542,0.0,0.11851558834314346
826,9.282027604058385e-05,0.005952345859259367,0.007886173948645592,0.030045332759618758,0.0,0.007298155687749386,0.0,0.11850230395793915
827,8.710255060577765e-05,0.006161460746079683,0.007698768842965364,0.02851584479212761,0.0,0.007248541805893183,0.0,0.1184927374124527
828,9.814000513870269e-05,0.006142678391188383,0.0077479716390371324,0.028548719361424446,0.0,0.007211996708065271,0.0,0.11847715079784393
829,9.510197851341218e-05,0.006355683412402868,0.008165144361555576,0.028862465173006058,0.0,0.007197739090770483,0.0,0.11846500635147095
830,9.185590606648475e-05,0.005950387939810753,0.008144044131040574,0.028320581093430518,0.0,0.007316034287214279,0.0,0.11845917999744415
831,9.145433868980035e-05,0.006301200576126575,0.007773519121110439,0.03137814290821552,0.0,0.0075711337849497795,0.0,0.11845783144235611
832,8.719780889805406e-05,0.006319545116275549,0.008318411931395531,0.02960743270814419,0.0,0.007812617346644402,0.0,0.11846639961004257
833,9.712757891975344e-05,0.006206302065402269,0.00805067913606763,0.028634419664740562,0.0,0.007956627756357193,0.0,0.11847446113824844
834,9.097878501052037e-05,0.0062936308793723585,0.008033526409417392,0.028872227668762206,0.0,0.00801646988838911,0.0,0.11848033964633942
835,9.304580598836764e-05,0.005923747085034847,0.007611813396215439,0.02884710244834423,0.0,0.00800748448818922,0.0,0.11847823858261108
836,8.947822061600164e-05,0.005982957035303116,0.007707470096647739,0.029293544217944147,0.0,0.0079715047031641,0.0,0.11846315860748291
837,0.00010154466581298038,0.006113907601684332,0.008071702159941196,0.027166661247611044,0.0,0.007912266068160534,0.0,0.11845539510250092
838,9.75961476797238e-05,0.006345068942755461,0.007956370897591113,0.028610603138804435,0.0,0.007822440937161446,0.0,0.11844102293252945
839,9.63967977440916e-05,0.006106941774487495,0.008060344308614732,0.029980755969882013,0.0,0.007799556013196707,0.0,0.11844389140605927
840,9.983864583773538e-05,0.006374532543122769,0.008359933085739613,0.02754197232425213,0.0,0.00781409814953804,0.0,0.11845602840185165
841,9.144084033323452e-05,0.006176820676773787,0.008692941442131997,0.0290138091892004,0.0,0.00781288556754589,0.0,0.1184469610452652
842,9.990515536628664e-05,0.006463166978210211,0.009198624454438687,0.02894684560596943,0.0,0.007775006350129843,0.0,0.11842260509729385
843,0.00010006487864302471,0.006092412024736404,0.008978903107345105,0.027446576580405235,0.0,0.0077059464529156685,0.0,0.11840765178203583
844,9.633492591092363e-05,0.006246072426438332,0.008163262251764536,0.0281693909317255,0.0,0.00768231600522995,0.0,0.11840172111988068
845,9.23779807635583e-05,0.006180222239345312,0.00904579870402813,0.027419128641486167,0.0,0.007835790514945984,0.0,0.11839689314365387
846,9.535919962218031e-05,0.006234630104154348,0.008465031534433365,0.030126579105854034,0.0,0.007986966520547867,0.0,0.11839449405670166
847,9.744738781591877e-05,0.006054914556443691,0.007928908709436655,0.027281784266233445,0.0,0.008049238473176956,0.0,0.11839207261800766
848,9.939820738509297e-05,0.006200285628437996,0.0077272473834455015,0.028726035356521608,0.0,0.008039185777306557,0.0,0.11839772760868073
849,0.00010764338658191264,0.005960844829678536,0.007831577956676484,0.030379298701882364,0.0,0.007974534295499325,0.0,0.11843650043010712
850,9.556622244417667e-05,0.006003772933036089,0.007584362104535103,0.02835513688623905,0.0,0.007878902368247509,0.0,0.11843837797641754
851,9.536375437164679e-05,0.006245153117924928,0.007506973296403885,0.03014971539378166,0.0,0.007782639469951391,0.0,0.1184304729104042
852,9.485496702836827e-05,0.006289590243250131,0.0076299612410366535,0.028549359738826753,0.0,0.007712419144809246,0.0,0.11842608451843262
853,9.064823389053345e-05,0.0061016612686216835,0.007593907974660396,0.028019922226667403,0.0,0.0076507204212248325,0.0,0.11840786784887314
854,9.040799050126224e-05,0.005995266232639551,0.007934277318418026,0.027706706523895265,0.0,0.0075797163881361485,0.0,0.11840184777975082
855,9.394772059749812e-05,0.0062741926871240136,0.0076485609635710715,0.029063715785741805,0.0,0.007517042104154825,0.0,0.11840824782848358
856,0.00010365891212131828,0.006086128111928701,0.007397160027176141,0.029858170077204704,0.0,0.007505739573389292,0.0,0.11843335628509521
857,9.412855142727494e-05,0.006076185684651137,0.007266194839030504,0.0287540290504694,0.0,0.007503152824938297,0.0,0.11846810579299927
858,0.0001008449646178633,0.00614956459030509,0.007490099687129259,0.029342374578118325,0.0,0.007508746348321438,0.0,0.11849459260702133
859,0.00010226382582914084,0.005914241354912519,0.008002256043255329,0.028734798729419708,0.0,0.007533943746238947,0.0,0.11852820217609406
860,9.642651566537097e-05,0.005983286816626787,0.008097688108682633,0.028669563308358192,0.0,0.007570692338049412,0.0,0.11855937540531158
861,9.634622547309846e-05,0.006090113148093224,0.008527898415923118,0.028750494495034216,0.0,0.007563361432403326,0.0,0.11855947971343994
862,9.91707929642871e-05,0.006156153604388237,0.00838100016117096,0.029898624494671823,0.0,0.007572350557893515,0.0,0.1185508519411087
863,9.921179444063454e-05,0.00615221718326211,0.008544296771287919,0.02945581078529358,0.0,0.007610969245433807,0.0,0.11855466663837433
864,0.00010007677628891543,0.005996515229344368,0.008625482767820358,0.029318176954984666,0.0,0.0076498351991176605,0.0,0.11854048073291779
865,9.776517690625041e-05,0.006166826002299786,0.007964355312287808,0.02890782244503498,0.0,0.007657351437956095,0.0,0.11854647099971771
866,0.0001016777183394879,0.006015753839164972,0.00807707365602255,0.029207140579819678,0.0,0.007615015842020512,0.0,0.11853611469268799
867,9.533810516586527e-05,0.006012638658285141,0.007677851710468531,0.025942060351371764,0.0,0.007536882068961859,0.0,0.11851856857538223
868,9.333282214356587e-05,0.006076326873153448,0.007922054640948773,0.029195987433195115,0.0,0.007469394709914923,0.0,0.11850064992904663
869,9.80837328825146e-05,0.005999104492366314,0.008264465816318988,0.029594267159700392,0.0,0.007532054092735052,0.0,0.11847518384456635
870,9.694012842373923e-05,0.006114588025957346,0.00846551526337862,0.027724969759583475,0.0,0.007609969470649958,0.0,0.11846671998500824
871,9.27525878068991e-05,0.0062882227823138235,0.00866850707679987,0.029656830430030822,0.0,0.007632312830537558,0.0,0.11846025288105011
872,9.622673969715834e-05,0.006099127978086471,0.007973059359937907,0.027709917351603507,0.0,0.007608881685882807,0.0,0.1184622198343277
873,9.259447833755984e-05,0.006041612848639489,0.008161219395697117,0.03130882866680622,0.0,0.007600321434438229,0.0,0.11846259981393814
874,9.720646194182337e-05,0.006188347470015287,0.008206128887832165,0.02897466756403446,0.0,0.007624980993568897,0.0,0.1184581071138382
875,9.418792760698124e-05,0.005984196811914444,0.007825017720460892,0.028883891925215722,0.0,0.007608215324580669,0.0,0.11846436560153961
876,9.330633329227567e-05,0.0061894687823951244,0.007480332534760237,0.029705403372645378,0.0,0.00756726274266839,0.0,0.1184782013297081
877,0.00010083200468216091,0.006159406621009111,0.00763955656439066,0.029578351601958274,0.0,0.007538618985563517,0.0,0.11848916858434677
878,9.855203825281933e-05,0.006098720710724592,0.007608184963464737,0.02939368560910225,0.0,0.00755103537812829,0.0,0.11850838363170624
879,9.529867238597945e-05,0.006003726739436388,0.0078944887034595,0.028841789811849594,0.0,0.007551524788141251,0.0,0.11852246522903442
880,9.761232504388318e-05,0.00604926822707057,0.007472978159785271,0.028377167508006097,0.0,0.007521484978497028,0.0,0.1185254454612732
881,9.315178758697584e-05,0.0059585927054286005,0.00782767627388239,0.028727557882666586,0.0,0.007471887860447168,0.0,0.11852206289768219
882,9.776115912245587e-05,0.006147174630314112,0.007994469348341226,0.030754351615905763,0.0,0.00741677638143301,0.0,0.11852993071079254
883,9.051189990714193e-05,0.006085859704762697,0.007755707204341889,0.029251598194241522,0.0,0.007364504970610142,0.0,0.11854209005832672
884,9.486934868618846e-05,0.006090330891311169,0.00804476896300912,0.02879016026854515,0.0,0.007371237967163324,0.0,0.11855311691761017
885,9.68998356256634e-05,0.006195207312703133,0.007802249863743782,0.028969622030854226,0.0,0.007464209105819464,0.0,0.11856108903884888
886,9.799901745282114e-05,0.006290130596607923,0.0073281340301036835,0.030201677605509757,0.0,0.007518088910728693,0.0,0.11857327073812485
887,9.602345089660957e-05,0.006042309384793043,0.007817053981125355,0.02881806418299675,0.0,0.007541685365140438,0.0,0.11856970936059952
888,0.00010133567993761972,0.0060246380046010016,0.007898137159645557,0.02833234779536724,0.0,0.007537896744906902,0.0,0.11856783926486969
889,0.00010517965274630115,0.00603706706315279,0.008184255845844746,0.030077269673347472,0.0,0.007597398012876511,0.0,0.11858079582452774
890,0.00010509987187106163,0.006297633796930313,0.008088359516113997,0.0283904530107975,0.0,0.007739812135696411,0.0,0.11859223991632462
891,0.00010722902952693402,0.006168568320572376,0.008425642736256123,0.027892087399959565,0.0,0.007855145260691643,0.0,0.11859007924795151
892,0.00010714214731706306,0.006201156973838806,0.008260531909763813,0.02865425534546375,0.0,0.007906217128038406,0.0,0.11856909841299057
893,9.724510309752076e-05,0.0061703045852482315,0.008276859670877457,0.029207294434309007,0.0,0.007885127328336239,0.0,0.11855448782444
894,9.566438384354115e-05,0.006071407906711101,0.00835462026298046,0.028650205954909323,0.0,0.007825863547623158,0.0,0.11854948848485947
895,9.598572069080546e-05,0.0061670317314565185,0.007673834729939699,0.02813640274107456,0.0,0.007754731923341751,0.0,0.11853782832622528
896,9.445806208532303e-05,0.0060975590720772745,0.0073350626975297924,0.028657446056604384,0.0,0.00770777091383934,0.0,0.11852024495601654
897,9.287282737204804e-05,0.006144129578024149,0.007844943739473819,0.029786542803049088,0.0,0.007665066979825497,0.0,0.11850742995738983
898,9.429211058886722e-05,0.005991247389465571,0.007946945913136005,0.030222336947917938,0.0,0.007613065652549267,0.0,0.11850470304489136
899,9.209608251694589e-05,0.006191435270011425,0.007976807095110417,0.02920278497040272,0.0,0.007575711701065302,0.0,0.11850529909133911
900,9.778537641977892e-05,0.006284454744309187,0.008665230125188828,0.028301970660686494,0.0,0.0076131997630000114,0.0,0.1185128316283226
901,0.00010001370392274112,0.006279939133673906,0.008768416568636894,0.030422066524624824,0.0,0.007667701691389084,0.0,0.11852619796991348
902,9.628002881072462e-05,0.006054321955889464,0.008979513868689537,0.03012907728552818,0.0,0.007688906975090504,0.0,0.11853374540805817
903,9.632702567614615e-05,0.006355361174792051,0.008794008567929269,0.028399790450930596,0.0,0.0077956728637218475,0.0,0.11853837966918945
904,9.383056312799454e-05,0.006127433385699987,0.00874330047518015,0.027260641381144524,0.0,0.007928838022053242,0.0,0.11854459345340729
905,9.793684730539099e-05,0.006064781453460455,0.008554703556001186,0.028962809592485428,0.0,0.008031101897358894,0.0,0.11854518949985504
906,0.00010329062934033573,0.006084933970123529,0.008840605802834033,0.030053835734724997,0.0,0.008144212886691093,0.0,0.11853893101215363
907,9.608151885913685e-05,0.006202940084040165,0.008249043859541417,0.0310211855918169,0.0,0.008244084194302559,0.0,0.11852780729532242
908,9.306700812885537e-05,0.00599195845425129,0.008737128134816885,0.030721354484558105,0.0,0.008258097805082798,0.0,0.11851795017719269
909,0.00010475874005351215,0.0060770208947360516,0.008476020209491253,0.02875283397734165,0.0,0.008194968104362488,0.0,0.11850406229496002
910,9.245627879863604e-05,0.00626898929476738,0.008793485723435879,0.027913999557495118,0.0,0.008085228502750397,0.0,0.11847088485956192
911,0.00010647819435689598,0.00605573458597064,0.008228498231619596,0.028983337059617042,0.0,0.007951474748551846,0.0,0.11843548715114594
912,0.0001076016531442292,0.006074892077594996,0.008165387623012065,0.02871553786098957,0.0,0.007817858830094337,0.0,0.11841316521167755
913,9.532922849757597e-05,0.006146995909512043,0.007829013932496309,0.03053296506404877,0.0,0.007717889733612537,0.0,0.11840222030878067
914,9.394027438247576e-05,0.006125865131616592,0.008317843452095986,0.02837349846959114,0.0,0.007642717566341162,0.0,0.11840846389532089
915,9.715138148749247e-05,0.0061529424041509625,0.008091067057102918,0.027883895486593247,0.0,0.007567035499960184,0.0,0.1184176355600357
916,9.119412279687822e-05,0.006081301253288984,0.008084193523973226,0.02817545533180237,0.0,0.007498013786971569,0.0,0.11840589344501495
917,9.384281001985073e-05,0.0061442363075912,0.007744519971311092,0.027992621809244157,0.0,0.007455615792423487,0.0,0.11839418113231659
918,9.358478127978742e-05,0.006131715141236782,0.007766786403954029,0.03128461092710495,0.0,0.007448145654052496,0.0,0.11839314550161362
919,8.754687878536061e-05,0.006249700859189034,0.00810157172381878,0.028554322943091393,0.0,0.007447621785104275,0.0,0.11841185390949249
920,0.0001011421365546994,0.006307687051594258,0.007706757821142674,0.02859923169016838,0.0,0.007437578402459621,0.0,0.11841325461864471
921,9.631468419684097e-05,0.006032007932662964,0.007442367821931839,0.02910597436130047,0.0,0.007433637976646423,0.0,0.11839214712381363
922,9.872254740912467e-05,0.005951410345733166,0.0075692771002650264,0.028526325523853303,0.0,0.007437658961862326,0.0,0.118378184735775
923,9.406733588548377e-05,0.0062402388080954555,0.008189379423856735,0.029802088066935538,0.0,0.007430351339280605,0.0,0.11837983131408691
924,9.597921016393229e-05,0.006016693357378244,0.007814895082265138,0.028630174696445465,0.0,0.007429349236190319,0.0,0.11840607225894928
925,0.00010657597886165604,0.006281966250389815,0.007546865381300449,0.029035836458206177,0.0,0.007435455918312073,0.0,0.11840592324733734
926,9.360796393593773e-05,0.006140591949224472,0.00781568167731166,0.028861143440008164,0.0,0.0074805752374231815,0.0,0.1184001937508583
927,0.00010241097188554705,0.006095869932323694,0.00809394959360361,0.02919297628104687,0.0,0.007533167954534292,0.0,0.11840911209583282
928,9.763311099959537e-05,0.005940592847764492,0.007381612155586481,0.029765469953417778,0.0,0.007531041745096445,0.0,0.11841796338558197
929,9.903880709316581e-05,0.006210597697645426,0.0075408430770039555,0.030078422650694846,0.0,0.007477402687072754,0.0,0.1184314712882042
930,9.054080146597698e-05,0.0061400381848216055,0.00798867279663682,0.027848177030682562,0.0,0.007419654168188572,0.0,0.11844947189092636
931,9.23418570891954e-05,0.006152281537652016,0.007851228211075067,0.029373963922262193,0.0,0.007386783603578806,0.0,0.1184648722410202
932,9.967638761736453e-05,0.005993443168699741,0.0076490574516355995,0.027978291735053062,0.0,0.007353449705988169,0.0,0.11847034841775894
933,9.925207268679515e-05,0.006084781140089035,0.007502005156129599,0.029103694856166838,0.0,0.007311890833079815,0.0,0.11846224963665009
934,9.462677116971463e-05,0.006054432969540358,0.007302678935229778,0.028782186284661292,0.0,0.007256800774484873,0.0,0.11846090853214264
935,9.739823290146887e-05,0.0061151072382926944,0.00801556408405304,0.02915799170732498,0.0,0.007241945713758469,0.0,0.11845993995666504
936,0.0001013787288684398,0.006137749645859003,0.008314176648855209,0.02855043187737465,0.0,0.0073116435669362545,0.0,0.11846494674682617
937,9.478388819843531e-05,0.0061597337014973165,0.007691739592701197,0.03060997948050499,0.0,0.007364292629063129,0.0,0.1184731274843216
938,9.507979120826349e-05,0.0062317286618053915,0.007800938934087754,0.028377551957964896,0.0,0.007378479931503534,0.0,0.11848282814025879
939,0.00010157677752431482,0.006119303684681654,0.007652688212692738,0.028872934356331825,0.0,0.007412261329591274,0.0,0.11851020157337189
940,0.00010097826016135514,0.006293933652341366,0.007911975774914027,0.027643566578626634,0.0,0.007558808661997318,0.0,0.11853088438510895
941,9.431293292436749e-05,0.006272218376398087,0.00783882811665535,0.027964894101023673,0.0,0.007671155035495758,0.0,0.11852411925792694
942,0.00010788934741867706,0.00611849706619978,0.007598680723458528,0.027925840765237808,0.0,0.007715196814388037,0.0,0.11851401627063751
943,9.599815093679354e-05,0.006140261515974998,0.007862799614667893,0.02907852567732334,0.0,0.007738225162029266,0.0,0.11849428713321686
944,9.732230537338183e-05,0.006101574096828699,0.007600554637610913,0.029532433301210404,0.0,0.0077531598508358,0.0,0.11846985667943954
945,0.00010207544546574354,0.006127801444381476,0.00770080704241991,0.029208068922162055,0.0,0.007737518288195133,0.0,0.11845407634973526
946,0.00010265626042382792,0.0061257855035364624,0.008082483150064945,0.02803751975297928,0.0,0.007684886455535889,0.0,0.11845574527978897
947,9.744858398335055e-05,0.006115262769162655,0.007808772940188646,0.029354749992489815,0.0,0.007692057639360428,0.0,0.11847077310085297
948,9.340222750324756e-05,0.005954986624419689,0.007553681824356317,0.027715937048196793,0.0,0.007795543409883976,0.0,0.11848974227905273
949,9.580463083693757e-05,0.005987187661230564,0.007719455286860466,0.027904658764600753,0.0,0.007858248427510262,0.0,0.11850319057703018
950,9.838358382694424e-05,0.006269618216902017,0.007961957715451717,0.030627525970339776,0.0,0.007869062013924122,0.0,0.11849334090948105
951,0.00010311229125363753,0.006133480742573738,0.007948050741106272,0.030061168223619462,0.0,0.00784732960164547,0.0,0.11849094927310944
952,0.00010157012293348089,0.006292905099689961,0.007810363732278347,0.030377140268683434,0.0,0.007800293620675802,0.0,0.11850963532924652
953,0.00010098811180796474,0.005952293146401643,0.008433700911700726,0.029220693930983543,0.0,0.007716122083365917,0.0,0.11853383481502533
954,0.00010546054254518822,0.00606401152908802,0.00800446541979909,0.030327913537621497,0.0,0.007614073343575001,0.0,0.11855540424585342
955,9.788853494683281e-05,0.006204615533351898,0.007838373631238937,0.0286976907402277,0.0,0.007527841720730066,0.0,0.11857400834560394
956,0.00010110443981830031,0.006123804859817028,0.0078301552683115,0.028869542852044107,0.0,0.00759147247299552,0.0,0.11857962608337402
957,0.00010261973511660472,0.006092034745961428,0.008326111361384392,0.028560606017708778,0.0,0.007674997206777334,0.0,0.11856834590435028
958,9.296911739511415e-05,0.006212505139410495,0.007664741203188896,0.029369695857167245,0.0,0.007696258369833231,0.0,0.11853537708520889
959,0.00010088966955663636,0.006222311314195395,0.007971606776118278,0.0292232982814312,0.0,0.007665740791708231,0.0,0.11851706355810165
960,9.158294851658866e-05,0.005973923578858375,0.007895316928625107,0.028987837582826616,0.0,0.007615814916789532,0.0,0.11850899457931519
961,9.283342078560963e-05,0.006039115600287914,0.008113954588770867,0.027717044949531554,0.0,0.0075675747357308865,0.0,0.11849484592676163
962,9.47867170907557e-05,0.006389991100877524,0.0071340445429086685,0.030726966634392738,0.0,0.007632280234247446,0.0,0.1184772402048111
963,0.00010166529682464898,0.0059327008202672005,0.007727708574384451,0.028540422022342683,0.0,0.0077932970598340034,0.0,0.11847944557666779
964,9.865729662124067e-05,0.00597905544564128,0.0075452737510204315,0.0277006920427084,0.0,0.007924241945147514,0.0,0.11848678439855576
965,9.503767505520954e-05,0.006105203088372946,0.0078068945556879045,0.02858826518058777,0.0,0.007990377955138683,0.0,0.11848221719264984
966,9.583648206898943e-05,0.006307696085423231,0.007657417934387923,0.027078932896256448,0.0,0.007974320091307163,0.0,0.11848582327365875
967,0.00010486790852155536,0.006135343760251999,0.007480781152844429,0.029106083884835245,0.0,0.007956882938742638,0.0,0.11849602311849594
968,9.802863787626848e-05,0.006145718321204185,0.00728811314329505,0.027331304922699928,0.0,0.007944943383336067,0.0,0.1184949055314064
969,9.425137977814302e-05,0.006085776817053556,0.007697642594575882,0.02951773889362812,0.0,0.007891962304711342,0.0,0.11849673092365265
970,9.461775771342218e-05,0.006223960965871811,0.007740386947989464,0.02859848700463772,0.0,0.007806126959621906,0.0,0.11849340051412582
971,9.049621585290878e-05,0.006048452667891979,0.008080578595399856,0.030031315237283706,0.0,0.007716764695942402,0.0,0.11848555505275726
972,9.536739089526236e-05,0.006126675847917795,0.007768806628882885,0.030287334695458412,0.0,0.0076450565829873085,0.0,0.1185036301612854
973,0.0001030936895404011,0.006051662191748619,0.007630673330277204,0.028647178038954734,0.0,0.007620165590196848,0.0,0.11852989345788956
974,0.00010677881073206663,0.006330043263733387,0.008183443546295166,0.02969311587512493,0.0,0.007590312510728836,0.0,0.11852588504552841
975,9.611116984160617e-05,0.0059591859579086305,0.007687920425087214,0.0286622803658247,0.0,0.007535902317613363,0.0,0.11851513385772705
976,0.000106855331978295,0.006169518083333969,0.007345939055085182,0.0272468663752079,0.0,0.007510197814553976,0.0,0.11850880086421967
977,0.00010480421333340928,0.006079013273119926,0.00802114512771368,0.029221853241324425,0.0,0.007621238473802805,0.0,0.11849699914455414
978,0.00010585703130345791,0.0062357931397855285,0.007855592668056488,0.028520851954817773,0.0,0.00773744797334075,0.0,0.11848132312297821
979,9.471548546571284e-05,0.005941934138536453,0.007819619681686162,0.027564118430018426,0.0,0.007788695394992828,0.0,0.11847028881311417
980,0.00010285760945407673,0.0062631601467728615,0.008255142532289029,0.028356582298874854,0.0,0.007774184457957745,0.0,0.11847037076950073
981,9.495364356553182e-05,0.006047795433551073,0.00814267536625266,0.02820218801498413,0.0,0.0077049629762768745,0.0,0.11845481395721436
982,9.161530761048198e-05,0.0061240668408572676,0.007723523676395417,0.028738562017679214,0.0,0.007619473151862621,0.0,0.11843079328536987
983,9.684933465905487e-05,0.006269694957882166,0.008061685226857662,0.028706685826182365,0.0,0.007535560522228479,0.0,0.11840996891260147
984,0.000102193710335996,0.006186307594180107,0.008069227822124958,0.02839615158736706,0.0,0.007464005146175623,0.0,0.1183999627828598
985,9.581463091308251e-05,0.006128339190036058,0.008037989027798176,0.03056842163205147,0.0,0.007398973219096661,0.0,0.11840234696865082
986,9.075129928532988e-05,0.005939243547618389,0.007928982377052307,0.028870342671871184,0.0,0.007321488112211227,0.0,0.11840888112783432
987,9.342301491415128e-05,0.006302681937813759,0.008369303867220878,0.02977799139916897,0.0,0.007252140901982784,0.0,0.11841423809528351
988,9.663451928645372e-05,0.006094542145729065,0.007846648246049881,0.028687748685479166,0.0,0.00718929385766387,0.0,0.11841747909784317
989,0.00010625192080624402,0.006161665078252554,0.008223951607942582,0.030169939622282982,0.0,0.007157871033996344,0.0,0.118421271443367
990,9.68675609328784e-05,0.006293527316302061,0.007431778311729431,0.028020812571048735,0.0,0.007199662737548351,0.0,0.11843673884868622
991,0.00010325957700842991,0.005864834506064653,0.008142997696995734,0.02891325168311596,0.0,0.00726252282038331,0.0,0.11844470351934433
992,9.196107130264864e-05,0.005994454678148031,0.00792531194165349,0.028031212091445924,0.0,0.007278227712959051,0.0,0.11843675374984741
993,9.84255995717831e-05,0.006146368850022554,0.007981214206665754,0.028159070760011673,0.0,0.007252898998558521,0.0,0.11842956393957138
994,9.898400167003274e-05,0.006168962735682726,0.008161168824881316,0.02912651188671589,0.0,0.007242362946271896,0.0,0.11842133849859238
995,9.978430898627266e-05,0.006151622068136931,0.008000651933252811,0.028316956013441086,0.0,0.007237482815980911,0.0,0.11841652542352676
996,9.664535900810733e-05,0.005949593428522348,0.008158396277576686,0.0310710608959198,0.0,0.00726767722517252,0.0,0.11840862035751343
997,9.43239065236412e-05,0.00601305840536952,0.00803937641903758,0.02839479558169842,0.0,0.007289436645805836,0.0,0.11841468513011932
998,8.908435120247304e-05,0.0062374030239880085,0.008156598079949617,0.029726655036211014,0.0,0.0072907255962491035,0.0,0.11842268705368042
999,9.41952268476598e-05,0.005931694898754359,0.008052579127252102,0.028259187936782837,0.0,0.007288984023034573,0.0,0.11842365562915802
1000,9.715751511976122e-05,0.00578885143622756,0.008431992679834365,0.028657303377985954,0.0,0.007284523453563452,0.0,0.11840057373046875
1001,9.629520063754171e-05,0.006134771648794413,0.008420057222247123,0.03064870722591877,0.0,0.007254071533679962,0.0,0.11835913360118866
1002,9.333469060948118e-05,0.006113380193710327,0.008051401283591986,0.02991873361170292,0.0,0.007210239768028259,0.0,0.11833721399307251
1003,9.713171311886981e-05,0.006216163467615843,0.008061646204441785,0.029076020047068597,0.0,0.007170313037931919,0.0,0.11832849681377411
1004,0.00010354112891945988,0.006072462815791368,0.007846159674227238,0.030226434022188185,0.0,0.007189751602709293,0.0,0.11830440908670425
1005,0.00010159307421417907,0.006159729976207018,0.007490443624556064,0.030328991264104842,0.0,0.007233076728880405,0.0,0.1183030977845192
1006,9.819806582527235e-05,0.006126358173787594,0.0077163844369351866,0.029916889593005182,0.0,0.0072634159587323666,0.0,0.11832012981176376
1007,9.985991782741621e-05,0.0061764132231473924,0.007406517397612333,0.02823520265519619,0.0,0.007279801182448864,0.0,0.11833101511001587
1008,0.00010039525222964585,0.0062848182395100595,0.0069767264649271965,0.03030250370502472,0.0,0.007295415736734867,0.0,0.11834581941366196
1009,9.651692380430177e-05,0.006036208104342222,0.007216533925384283,0.029942457750439643,0.0,0.007430250756442547,0.0,0.11837869882583618
1010,9.350742329843343e-05,0.0061834207735955715,0.007324627786874771,0.02908998094499111,0.0,0.007569476962089539,0.0,0.11841835081577301
1011,9.496784914517776e-05,0.0062720908783376215,0.008321203384548425,0.0295831561088562,0.0,0.007659298833459616,0.0,0.11844917386770248
1012,9.749700693646446e-05,0.006083452235907316,0.008177098166197539,0.02840351089835167,0.0,0.007693390361964703,0.0,0.11845947802066803
1013,9.340428077848628e-05,0.006159840058535338,0.008380432054400444,0.02917155474424362,0.0,0.0077392542734742165,0.0,0.11846055090427399
1014,9.629336709622293e-05,0.006241154950112104,0.008440412394702435,0.028441836312413215,0.0,0.00777749577537179,0.0,0.11846999824047089
1015,9.262653184123337e-05,0.006074271630495787,0.00866814274340868,0.029844135418534277,0.0,0.007761260028928518,0.0,0.11846935749053955
1016,9.93096487945877e-05,0.006025773286819458,0.008205883018672467,0.029403076320886613,0.0,0.00774178933352232,0.0,0.11846338212490082
1017,9.376356028951704e-05,0.006210318021476269,0.00804792009294033,0.029662343114614485,0.0,0.007721679750829935,0.0,0.11847326904535294
1018,0.00010413787967991083,0.006254597939550877,0.008101212233304978,0.029046980291604997,0.0,0.007694181054830551,0.0,0.1184917688369751
1019,9.799094696063548e-05,0.005932318326085806,0.008028690330684185,0.02877029441297054,0.0,0.0076415748335421085,0.0,0.11849601566791534
1020,9.898350544972346e-05,0.006129381246864796,0.008074791729450225,0.02907000742852688,0.0,0.0075554451905190945,0.0,0.11848392337560654
1021,9.607227111700923e-05,0.006066792644560337,0.007687216717749834,0.02889420501887798,0.0,0.007453545928001404,0.0,0.11846823990345001
1022,9.689975122455508e-05,0.006052260287106037,0.008060260489583016,0.028055619820952414,0.0,0.007359648589044809,0.0,0.11845169216394424
1023,8.949605253292248e-05,0.006032152101397514,0.008013203926384448,0.029018739238381386,0.0,0.007305311504751444,0.0,0.11843732744455338
1024,9.856693213805556e-05,0.0059412093833088875,0.00820981478318572,0.02855408303439617,0.0,0.007270680274814367,0.0,0.11843059211969376
1025,0.00010075518948724494,0.006188181135803461,0.007871719170361757,0.029110847041010857,0.0,0.007240357808768749,0.0,0.1184346079826355
1026,9.764062706381082e-05,0.005905197933316231,0.007801628578454256,0.028346195816993713,0.0,0.0072029633447527885,0.0,0.11845968663692474
1027,9.705139236757532e-05,0.006233003456145525,0.008819026220589877,0.029703932628035546,0.0,0.007153683342039585,0.0,0.11846345663070679
1028,0.00010390732350060717,0.006161773763597012,0.008114843722432851,0.028013871610164644,0.0,0.0071268221363425255,0.0,0.11846306174993515
1029,9.88813117146492e-05,0.0061580674722790715,0.007906343787908554,0.029080748185515405,0.0,0.007206232752650976,0.0,0.11845222860574722
1030,0.00010052581346826628,0.006194397527724505,0.00793852899223566,0.02865156829357147,0.0,0.007404482923448086,0.0,0.11843075603246689
1031,9.069593070307747e-05,0.00603333692997694,0.007887203805148601,0.027993100881576537,0.0,0.007570391055196524,0.0,0.11840512603521347
1032,9.875371324596927e-05,0.006315490510314703,0.007840140070766211,0.029326844215393066,0.0,0.007689391262829304,0.0,0.11838014423847198
1033,8.341475331690163e-05,0.005946356244385243,0.007948949839919806,0.02849762514233589,0.0,0.00775596359744668,0.0,0.11835932731628418
1034,9.377685055369511e-05,0.005964074656367302,0.007306670397520065,0.02866356447339058,0.0,0.007781685795634985,0.0,0.11834923177957535
1035,9.337471710750833e-05,0.00624051671475172,0.007800569012761116,0.027621646970510484,0.0,0.007750718854367733,0.0,0.11834929138422012
1036,9.15329423150979e-05,0.0062137719243764876,0.007324106991291046,0.029253638908267023,0.0,0.0076858908869326115,0.0,0.11836272478103638
1037,9.718502406030893e-05,0.006122618447989225,0.007822900451719761,0.028413200750947,0.0,0.007607067935168743,0.0,0.11837530136108398
1038,9.910008957376703e-05,0.00597130749374628,0.007747799530625344,0.02774838134646416,0.0,0.0075521767139434814,0.0,0.11837240308523178
1039,9.702339884825051e-05,0.006113105546683073,0.007437281310558319,0.02854234501719475,0.0,0.0075157820247113705,0.0,0.11837510764598846
1040,9.062728786375373e-05,0.0061774526722729204,0.007723417971283198,0.028320475667715072,0.0,0.0074798958376049995,0.0,0.11838553845882416
1041,9.85946724540554e-05,0.0061967140063643456,0.007611269224435091,0.029256334900856017,0.0,0.007474485784769058,0.0,0.1183968186378479
1042,9.382482385262847e-05,0.006055112741887569,0.007737326715141535,0.029074735194444656,0.0,0.007489755749702454,0.0,0.11843313276767731
1043,9.122176852542907e-05,0.005904869735240936,0.007807327155023813,0.028664543479681014,0.0,0.0075068422593176365,0.0,0.1184624582529068
1044,9.667119884397835e-05,0.006229110714048147,0.007107190508395434,0.027387046068906785,0.0,0.007519087754189968,0.0,0.1184670701622963
1045,9.517528233118355e-05,0.006263771280646324,0.007354567758738995,0.027251017093658448,0.0,0.0076055810786783695,0.0,0.1184554472565651
1046,9.83751451713033e-05,0.006316446606069804,0.007698652148246765,0.028628647699952124,0.0,0.0077761756256222725,0.0,0.11843381077051163
1047,9.559328318573535e-05,0.0061672143638134,0.007480493932962418,0.029429381340742113,0.0,0.007935206405818462,0.0,0.11840216815471649
1048,9.661031072027981e-05,0.006134805921465159,0.007246138900518418,0.02805148810148239,0.0,0.008053680881857872,0.0,0.11838243156671524
1049,0.00010309780045645312,0.006081794295459986,0.007784425187855959,0.028403948247432708,0.0,0.008083568885922432,0.0,0.11836449056863785
1050,9.799029357964173e-05,0.006278239749372005,0.007122362591326236,0.02772589921951294,0.0,0.008046573027968407,0.0,0.11835644394159317
1051,9.903285535983741e-05,0.005927360616624355,0.007104272488504648,0.02885330021381378,0.0,0.00798865593969822,0.0,0.1183515191078186
1052,0.00010481118224561214,0.006110438518226147,0.006955221574753523,0.027601903676986693,0.0,0.007917480543255806,0.0,0.1183466911315918
1053,9.165559895336628e-05,0.006105817295610905,0.007132183574140072,0.02892109043896198,0.0,0.007816602475941181,0.0,0.11834309250116348
1054,0.00010030510311480612,0.0061080560088157656,0.006780419405549765,0.02954072579741478,0.0,0.0077521177008748055,0.0,0.11834418773651123
1055,9.943047916749492e-05,0.006045479234308005,0.00709156421944499,0.028595210611820222,0.0,0.007772350218147039,0.0,0.11834081262350082
1056,9.833491203607992e-05,0.0062240931205451485,0.007872129697352648,0.029013947769999503,0.0,0.007775646634399891,0.0,0.1183328852057457
1057,9.897355048451572e-05,0.006221714708954096,0.007764952164143324,0.02826063707470894,0.0,0.0077682374976575375,0.0,0.11833444982767105
1058,0.0001043276657583192,0.0060973486863076685,0.008196075912564993,0.028725790604948998,0.0,0.007842810824513435,0.0,0.11834482848644257
1059,9.70669396338053e-05,0.006332774832844734,0.007697369530797004,0.029841724783182144,0.0,0.008020253852009773,0.0,0.11833757162094116
1060,8.94795375643298e-05,0.0061252661049366,0.007641243003308773,0.029034823924303056,0.0,0.00812234915792942,0.0,0.11833781003952026
1061,0.0001045879631419666,0.006051838397979736,0.00805614646524191,0.02807818427681923,0.0,0.00812479667365551,0.0,0.11833437532186508
1062,9.094121487578377e-05,0.006100952718406915,0.007526366040110588,0.0281130425632,0.0,0.008114306256175041,0.0,0.11831863224506378
1063,9.561474289512261e-05,0.005947388801723718,0.0076933464966714386,0.030095088481903075,0.0,0.008105534128844738,0.0,0.11830858141183853
1064,0.00010102034284500405,0.006007262691855431,0.007949622254818678,0.02987963892519474,0.0,0.008058384992182255,0.0,0.11829395592212677
1065,0.00010020552726928145,0.006117914710193873,0.007517507020384073,0.02927003912627697,0.0,0.007988512516021729,0.0,0.11826671659946442
1066,9.162108035525307e-05,0.006059931963682175,0.007711995299905539,0.028523263707756995,0.0,0.00791545957326889,0.0,0.11824383586645126
1067,9.741938265506178e-05,0.006066939141601324,0.007394189573824405,0.02934209182858467,0.0,0.007838965393602848,0.0,0.1182171106338501
1068,9.312450856668875e-05,0.00615921439602971,0.007560341339558363,0.029088112711906432,0.0,0.007782957516610622,0.0,0.11822603642940521
1069,9.509962110314518e-05,0.006133422348648309,0.007166838832199573,0.029595307260751724,0.0,0.007743760943412781,0.0,0.11823519319295883
1070,9.466831397730857e-05,0.006098381523042917,0.007383989728987217,0.02924233116209507,0.0,0.007717795670032501,0.0,0.1182500571012497
1071,9.238830825779587e-05,0.006406130082905292,0.007348908949643374,0.02815842516720295,0.0,0.0077092633582651615,0.0,0.11826523393392563
1072,9.620789060136304e-05,0.00595473637804389,0.007213954068720341,0.030011384561657906,0.0,0.007693084422498941,0.0,0.11827663332223892
1073,9.484817273914814e-05,0.005935440864413976,0.007383114192634821,0.02965364381670952,0.0,0.007654576096683741,0.0,0.11830738931894302
1074,9.364784928038717e-05,0.006018416304141283,0.007619073707610368,0.029790783673524855,0.0,0.00759559590369463,0.0,0.11833153665065765
1075,8.978348778327927e-05,0.006013629771769047,0.00740644596517086,0.02883183993399143,0.0,0.007534404750913382,0.0,0.11835789680480957
1076,9.405778255313634e-05,0.006333950161933899,0.007566317729651928,0.02844509296119213,0.0,0.007471931166946888,0.0,0.11838176101446152
1077,0.00010587924043647945,0.006169252470135689,0.007869574893265962,0.029233691841363908,0.0,0.007409208919852972,0.0,0.11838177591562271
1078,9.31706847040914e-05,0.006251558009535074,0.007727043610066176,0.029897224530577658,0.0,0.007343134842813015,0.0,0.11836566030979156
1079,0.00010413317795610055,0.006164233386516571,0.007598938047885894,0.029600030928850173,0.0,0.00727550033479929,0.0,0.11835090816020966
1080,9.826619643718004e-05,0.006186660751700402,0.007725332491099834,0.028298237547278404,0.0,0.007230403367429972,0.0,0.11835701763629913
1081,0.00010497101466171444,0.006107581127434969,0.007630722038447857,0.02862165942788124,0.0,0.007209767587482929,0.0,0.11837253719568253
1082,0.0001024135883199051,0.006086955592036247,0.00776179526001215,0.02956175319850445,0.0,0.007258312311023474,0.0,0.11835962533950806
1083,9.471019584452733e-05,0.006155069172382355,0.007684236578643322,0.028151153400540353,0.0,0.00734981894493103,0.0,0.11833871901035309
1084,9.560720063745975e-05,0.006197347212582827,0.007459444552659988,0.02789495177567005,0.0,0.007404220290482044,0.0,0.11831599473953247
1085,0.00010120618535438552,0.006042620912194252,0.007148054428398609,0.029111370071768762,0.0,0.007440658751875162,0.0,0.11829517036676407
1086,9.056780545506627e-05,0.006326660513877869,0.007349339313805103,0.029529381543397903,0.0,0.007498043589293957,0.0,0.1182650700211525
1087,9.194692393066362e-05,0.006119189877063036,0.007537226937711239,0.028779682889580726,0.0,0.007572311908006668,0.0,0.11824660003185272
1088,0.00010103651293320581,0.006328563950955868,0.0069176358170807365,0.028426967561244965,0.0,0.007623669691383839,0.0,0.11824364960193634
1089,9.341670374851674e-05,0.006298644281923771,0.007444823067635298,0.028705140203237535,0.0,0.007716915104538202,0.0,0.11824552714824677
1090,9.144508512690664e-05,0.006269987765699625,0.006933245901018381,0.027991434559226036,0.0,0.007830358110368252,0.0,0.11824234575033188
1091,9.667954582255333e-05,0.006308729760348797,0.007141905650496483,0.02965633198618889,0.0,0.007908384315669537,0.0,0.11824224889278412
1092,9.953025873983279e-05,0.00616649417206645,0.007359044160693884,0.028311428800225257,0.0,0.007907742634415627,0.0,0.11823838949203491
1093,8.841669041430578e-05,0.006120470631867647,0.007638615369796753,0.02919785976409912,0.0,0.00783518422394991,0.0,0.11825744807720184
1094,9.802257554838433e-05,0.006053593382239342,0.007500015199184418,0.029646828770637512,0.0,0.007742526475340128,0.0,0.11829785257577896
1095,9.23368803341873e-05,0.006340060010552406,0.008231761585921048,0.02811455391347408,0.0,0.007674615830183029,0.0,0.11833392083644867
1096,9.466921328566968e-05,0.006097855046391487,0.008120974339544774,0.02857217863202095,0.0,0.007652543485164642,0.0,0.1183658242225647
1097,8.857298380462452e-05,0.006175247579813003,0.007617685291916132,0.02885896898806095,0.0,0.007656439207494259,0.0,0.11836638301610947
1098,0.00010386436333646998,0.006178138125687837,0.00824441686272621,0.028151175007224083,0.0,0.007633724249899387,0.0,0.11835084855556488
1099,0.00010174634953727946,0.006003551743924617,0.007569748349487782,0.02969883196055889,0.0,0.007623170502483845,0.0,0.11833687126636505
1100,9.85285805654712e-05,0.006216385588049889,0.007593716215342283,0.029186942055821417,0.0,0.007700440939515829,0.0,0.11832427978515625
1101,9.557206503814086e-05,0.006177729647606611,0.007478340994566679,0.028578349202871323,0.0,0.007753695361316204,0.0,0.11831575632095337
1102,9.451511868974194e-05,0.006083671655505896,0.007659847568720579,0.02928185313940048,0.0,0.007747381925582886,0.0,0.11832722276449203
1103,9.456546686124057e-05,0.006259081233292818,0.007476561795920133,0.028124744445085524,0.0,0.007694837637245655,0.0,0.118330217897892
1104,9.817525278776884e-05,0.006162546947598458,0.007609707769006491,0.02956157885491848,0.0,0.007656159345060587,0.0,0.11832086741924286
1105,9.735415515024214e-05,0.006037276424467564,0.007501770462840796,0.027721960470080374,0.0,0.007639561779797077,0.0,0.1183239072561264
1106,9.56316405790858e-05,0.006160180550068617,0.0075299454852938656,0.02948482483625412,0.0,0.007640763185918331,0.0,0.11833474785089493
1107,0.00010026612289948389,0.006223998870700598,0.007478917017579079,0.029228907078504562,0.0,0.007677266839891672,0.0,0.11835001409053802
1108,9.016101976158097e-05,0.006008399091660977,0.007270791847258806,0.02964669242501259,0.0,0.007723107002675533,0.0,0.11837120354175568
1109,8.873937913449481e-05,0.006236789375543594,0.007237686682492495,0.028296710550785066,0.0,0.00772622087970376,0.0,0.11840729415416718
1110,0.00010230810148641467,0.006180143728852272,0.00711591774597764,0.028736384958028792,0.0,0.007694377098232508,0.0,0.11846132576465607
1111,0.0001072747996659018,0.006021896284073592,0.007639378495514393,0.028599392250180246,0.0,0.007653606589883566,0.0,0.11849913746118546
1112,9.92621120531112e-05,0.006075603980571031,0.006969876028597355,0.02856506295502186,0.0,0.00760593730956316,0.0,0.11851947009563446
1113,9.465874754823744e-05,0.006192058138549328,0.007145262230187655,0.028779413551092148,0.0,0.007632737047970295,0.0,0.1185372844338417
1114,9.361461561638862e-05,0.00600457563996315,0.007535532116889954,0.02917942777276039,0.0,0.007721563335508108,0.0,0.11854918301105499
1115,9.654715686338022e-05,0.006071115005761385,0.007139685284346342,0.028515717759728432,0.0,0.007779429666697979,0.0,0.11854388564825058
1116,0.00010114194883499294,0.006043082848191261,0.007146019116044044,0.028636527806520463,0.0,0.007818356156349182,0.0,0.11851409822702408
1117,9.547800582367926e-05,0.006094211433082819,0.0070264158770442006,0.027574972808361055,0.0,0.007841532118618488,0.0,0.118491530418396
1118,9.664388780947775e-05,0.0062003590166568754,0.0072081624530255795,0.030278395861387253,0.0,0.007904876954853535,0.0,0.11849850416183472
1119,0.00010348434007028118,0.006313636153936386,0.007309766951948404,0.0292879156768322,0.0,0.007953183725476265,0.0,0.11851368099451065
1120,9.980747854569927e-05,0.00616288036108017,0.00729744229465723,0.029538441076874734,0.0,0.00796298123896122,0.0,0.11854996532201767
1121,0.00010056380124296993,0.006294628605246544,0.00783172994852066,0.028511448949575424,0.0,0.008052167482674122,0.0,0.11855553090572357
1122,9.261004597647116e-05,0.006221833359450102,0.007687415834516287,0.02785959616303444,0.0,0.0081486776471138,0.0,0.1185353547334671
1123,9.620833006920292e-05,0.006059355475008488,0.007153100520372391,0.02837769389152527,0.0,0.008179636672139168,0.0,0.11851684749126434
1124,9.459593711653724e-05,0.006196797732263804,0.007425888068974018,0.029906566441059112,0.0,0.008132988587021828,0.0,0.11850012838840485
1125,9.273068135371432e-05,0.006074373330920935,0.007639306969940663,0.027681712061166763,0.0,0.008028814569115639,0.0,0.11846766620874405
1126,9.731514437589794e-05,0.006326346658170223,0.007734152860939503,0.03014349229633808,0.0,0.007948937825858593,0.0,0.1184321865439415
1127,0.00010084140085382387,0.006126850564032793,0.008099256176501512,0.029860743880271913,0.0,0.007897736504673958,0.0,0.1184215098619461
1128,9.721980604808778e-05,0.0063513369299471375,0.008088166732341051,0.02953057996928692,0.0,0.007829790934920311,0.0,0.11841633170843124
1129,0.00010002867929870263,0.006266638357192278,0.008206664863973857,0.02911918833851814,0.0,0.007748414762318134,0.0,0.11841247230768204
1130,9.146396187134087e-05,0.00621313825249672,0.007666103541851044,0.028829817473888398,0.0,0.007669679820537567,0.0,0.11840208619832993
1131,9.172973077511414e-05,0.006041051726788283,0.007856845576316118,0.029489867389202118,0.0,0.0076166489161551,0.0,0.11840786784887314
1132,9.510681848041713e-05,0.0059458895586431025,0.007288544066250324,0.02763267271220684,0.0,0.00755176180973649,0.0,0.11844005435705185
1133,0.00010223049903288484,0.0060692341066896915,0.007644653040915728,0.02844919078052044,0.0,0.007486322429031134,0.0,0.11847857385873795
1134,9.408473124494776e-05,0.006122861616313457,0.007183203846216202,0.027876225113868714,0.0,0.007498207502067089,0.0,0.11849131435155869
1135,9.939076408045366e-05,0.006066491454839706,0.007515253033488989,0.02920987643301487,0.0,0.0075738816522061825,0.0,0.11848548799753189
1136,0.0001070487021934241,0.006067431345582008,0.007538252975791693,0.0281330231577158,0.0,0.007726786192506552,0.0,0.11848834902048111
1137,9.33709496166557e-05,0.006179169472306967,0.007374974992126226,0.030967935174703597,0.0,0.007863139733672142,0.0,0.11848203092813492
1138,9.89789521554485e-05,0.006102378759533167,0.007192255556583404,0.028949523717164992,0.0,0.007995190098881721,0.0,0.11846412718296051
1139,9.532998374197632e-05,0.006016784068197012,0.007351355254650116,0.02860158160328865,0.0,0.008059876039624214,0.0,0.11845257133245468
1140,9.843871666816994e-05,0.0061870039440691475,0.007507933489978314,0.028627869486808778,0.0,0.008042225614190102,0.0,0.11844076961278915
1141,0.00010584656265564263,0.006268275249749422,0.007605011854320764,0.02978709600865841,0.0,0.008023424074053764,0.0,0.11842647939920425
1142,9.915148984873667e-05,0.0059650843963027,0.007496942020952702,0.03037012666463852,0.0,0.008070921525359154,0.0,0.11842183023691177
1143,0.0001011568630929105,0.006220327410846949,0.007134612835943699,0.02925598844885826,0.0,0.008077355101704597,0.0,0.11841678619384766
1144,9.246237750630826e-05,0.006148844491690397,0.007505599316209555,0.029601845145225524,0.0,0.008043138310313225,0.0,0.11842106282711029
1145,9.644404781283811e-05,0.005985997896641493,0.007761404942721128,0.030592870339751242,0.0,0.008027135394513607,0.0,0.1184241995215416
1146,9.920287411659955e-05,0.005873145256191492,0.0080977120436728,0.028531352803111077,0.0,0.007993278093636036,0.0,0.11843796819448471
1147,9.35575008043088e-05,0.006052760779857636,0.007535904087126255,0.027714887261390687,0.0,0.007933279499411583,0.0,0.11841745674610138
1148,9.572509879944846e-05,0.006159935984760523,0.007274545729160309,0.029174967482686043,0.0,0.007909447886049747,0.0,0.11839182674884796
1149,8.847472927300259e-05,0.006071810144931078,0.007590900827199221,0.029251332581043243,0.0,0.007910934276878834,0.0,0.11838500201702118
1150,0.00010071112192235887,0.006100891996175051,0.007653908524662256,0.02783925235271454,0.0,0.007899119518697262,0.0,0.11838418245315552
1151,9.634596208343282e-05,0.005910223349928856,0.0074246622622013096,0.029309160262346267,0.0,0.007892036810517311,0.0,0.11839348077774048
1152,9.184370283037424e-05,0.00627885153517127,0.007792458496987819,0.029093429446220398,0.0,0.007931848056614399,0.0,0.11839096248149872
1153,0.0001018773706164211,0.0063210449181497095,0.008303387835621834,0.028309423848986624,0.0,0.007953621447086334,0.0,0.1183839812874794
1154,9.954932320397348e-05,0.006181192956864834,0.0077556069940328595,0.029234099388122558,0.0,0.007956593297421932,0.0,0.11838479340076447
1155,9.374999208375812e-05,0.005870530568063259,0.008148940280079842,0.028516731038689614,0.0,0.007923786528408527,0.0,0.11839792877435684
1156,0.00011078395618824288,0.006135682389140129,0.0071808620356023315,0.029256498068571092,0.0,0.007847432978451252,0.0,0.11841559410095215
1157,9.554889693390578e-05,0.006020088959485292,0.007129987049847841,0.029603089019656182,0.0,0.0077776177786290646,0.0,0.11843547970056534
1158,9.707396675366909e-05,0.006197486538439989,0.007693132292479277,0.027988384291529656,0.0,0.007712175138294697,0.0,0.11842981725931168
1159,9.76473165792413e-05,0.006222482305020094,0.007645102497190237,0.029471632838249207,0.0,0.007673226296901703,0.0,0.1184091791510582
1160,9.999323228839784e-05,0.006114044412970543,0.007022231444716453,0.030442409217357635,0.0,0.007684776093810797,0.0,0.11842145025730133
1161,9.647024562582373e-05,0.006011185981333256,0.007214047014713287,0.029620713740587234,0.0,0.00765855610370636,0.0,0.11845000833272934
1162,9.812497592065483e-05,0.006046954542398453,0.00716538643464446,0.029066772386431693,0.0,0.007590330205857754,0.0,0.11847970634698868
1163,9.832091891439631e-05,0.005894281901419163,0.007457468379288912,0.02846731208264828,0.0,0.00750234629958868,0.0,0.11848969757556915
1164,9.800868137972429e-05,0.005950956046581269,0.006993296928703785,0.028081458806991578,0.0,0.007416585925966501,0.0,0.11847995221614838
1165,9.185019589494914e-05,0.006058229878544807,0.007301113940775395,0.029065875336527824,0.0,0.007361182477325201,0.0,0.11845915019512177
1166,0.0001033060674672015,0.006075556948781013,0.007374631054699421,0.02877422459423542,0.0,0.007336693815886974,0.0,0.11844901740550995
1167,9.495727281318977e-05,0.006165034137666225,0.006974826566874981,0.028098442032933234,0.0,0.007405693642795086,0.0,0.11844100058078766
1168,9.277397766709328e-05,0.005978131294250488,0.007578622829169035,0.028956299647688866,0.0,0.0075705572962760925,0.0,0.11844173818826675
1169,0.00010199406679021195,0.006122694723308087,0.0075349568389356135,0.028824380412697793,0.0,0.007725248578935862,0.0,0.11845787614583969
1170,9.919615549733863e-05,0.005998792219907045,0.006995194219052791,0.028009380772709848,0.0,0.007815338671207428,0.0,0.1184559240937233
1171,9.246854606317356e-05,0.006307257432490587,0.007902742829173803,0.029575353115797044,0.0,0.007825763896107674,0.0,0.11843205988407135
1172,0.00010701979044824839,0.006233781669288873,0.00754391672089696,0.02910827249288559,0.0,0.007775598671287298,0.0,0.11839747428894043
1173,9.742834372445941e-05,0.006146348454058171,0.007451802585273981,0.028320276737213136,0.0,0.007782758679240942,0.0,0.11837086826562881
1174,0.00010312695812899619,0.006033334415405989,0.007096747495234012,0.02847646251320839,0.0,0.007827428169548512,0.0,0.11836361885070801
1175,9.870623325696215e-05,0.005894897505640984,0.007255390379577875,0.02906506024301052,0.0,0.007865482941269875,0.0,0.11836878955364227
1176,0.00010360332234995439,0.006206551566720009,0.00742542976513505,0.03018042743206024,0.0,0.007869036868214607,0.0,0.11838624626398087
1177,0.00010217992530670017,0.006156007573008537,0.007200575899332762,0.029535149782896043,0.0,0.007892824709415436,0.0,0.11840394884347916
1178,0.00011327169631840661,0.006161967385560274,0.00729884896427393,0.028225355222821234,0.0,0.007958652451634407,0.0,0.11841114610433578
1179,0.00010465566156199202,0.006031039264053106,0.006858842168003321,0.027944954857230187,0.0,0.007975099608302116,0.0,0.11840943992137909
1180,0.0001055750108207576,0.005927066504955292,0.007170632481575012,0.028520901501178742,0.0,0.007930047810077667,0.0,0.11839859187602997
1181,0.00010053763253381476,0.005879209376871586,0.007703363057225942,0.029632692411541938,0.0,0.00784210953861475,0.0,0.11837728321552277
1182,9.937510039890186e-05,0.006120980717241764,0.007305618841201067,0.02888224460184574,0.0,0.007729970850050449,0.0,0.11836300045251846
1183,9.703323885332794e-05,0.006106481421738863,0.007722146157175302,0.029665695130825044,0.0,0.007615020032972097,0.0,0.11836154758930206
1184,9.743260889081285e-05,0.006116273067891598,0.008288191445171834,0.02928217388689518,0.0,0.0075108567252755165,0.0,0.11836044490337372
1185,9.543755295453593e-05,0.006337556149810552,0.007835444901138544,0.028720827028155326,0.0,0.007444656454026699,0.0,0.11836527287960052
1186,0.00011152467195643112,0.006122962478548289,0.00777627918869257,0.029307030513882636,0.0,0.007406911347061396,0.0,0.11835914850234985
1187,0.00010684377630241216,0.00606202008202672,0.007654412742704153,0.03005201891064644,0.0,0.007430823054164648,0.0,0.11835632473230362
1188,0.00010490536660654471,0.00594628406688571,0.00785158174112439,0.02771153375506401,0.0,0.007470333483070135,0.0,0.11836455017328262
1189,9.29446570808068e-05,0.0059288755059242245,0.007631698437035084,0.029457312449812888,0.0,0.007483357097953558,0.0,0.11837823688983917
1190,0.00010309670615242794,0.006165399868041277,0.007354308478534221,0.029767706617712976,0.0,0.0075087533332407475,0.0,0.11840029805898666
1191,8.696744334883988e-05,0.00623650224879384,0.007647265121340752,0.028500845283269884,0.0,0.007520728744566441,0.0,0.11842598021030426
1192,9.71825880696997e-05,0.00618651146069169,0.007212402299046516,0.028741633519530296,0.0,0.007522182073444128,0.0,0.11844293028116226
1193,9.782032429939136e-05,0.006129127740859985,0.007272563595324755,0.02952623963356018,0.0,0.0075626494362950325,0.0,0.11845724284648895
1194,9.208867995766923e-05,0.005977363884449005,0.007665435783565044,0.02871897704899311,0.0,0.007582115940749645,0.0,0.11847575008869171
1195,9.516615536995233e-05,0.006161542236804962,0.00731688467785716,0.028043502941727638,0.0,0.007586456835269928,0.0,0.11849163472652435
1196,9.975970897357911e-05,0.006090916879475117,0.008093829452991485,0.028630583360791207,0.0,0.0075600408017635345,0.0,0.1184966117143631
1197,9.712121391203254e-05,0.005861285701394081,0.00766046391800046,0.02850199081003666,0.0,0.007501018233597279,0.0,0.11848524957895279
1198,0.00010226212471025065,0.00602617971599102,0.007319424021989107,0.02894965372979641,0.0,0.0074269757606089115,0.0,0.11846383661031723
1199,9.958045266102999e-05,0.006228803098201752,0.007454376667737961,0.02958376258611679,0.0,0.007383907679468393,0.0,0.11843279749155045
1200,9.915099944919347e-05,0.006007793731987477,0.007943245582282543,0.028794772922992706,0.0,0.007417610846459866,0.0,0.11839710175991058
1201,9.719822701299563e-05,0.006344156712293625,0.00764027489349246,0.029143839329481124,0.0,0.007464490830898285,0.0,0.11837997287511826
1202,9.899248252622783e-05,0.006119646597653627,0.007627356797456741,0.029174889996647836,0.0,0.007480648811906576,0.0,0.11838185787200928
1203,9.730208548717201e-05,0.006110868137329817,0.007611433509737253,0.029366780072450638,0.0,0.007459613494575024,0.0,0.1183893233537674
1204,9.466990159125998e-05,0.006211336050182581,0.007386485859751701,0.029219106957316398,0.0,0.007424592040479183,0.0,0.1183834820985794
1205,8.719143515918404e-05,0.006158086098730564,0.007201833836734295,0.02939133867621422,0.0,0.007409004960209131,0.0,0.11837626993656158
1206,0.00010314651299268008,0.006160348746925592,0.0073624769225716594,0.027945155650377272,0.0,0.0074461535550653934,0.0,0.11837442964315414
1207,9.640546923037619e-05,0.006179137341678143,0.00804386306554079,0.029389312490820885,0.0,0.007483777590095997,0.0,0.11837015300989151
1208,9.619009797461331e-05,0.00623443303629756,0.007889749202877282,0.028472284600138665,0.0,0.007480432745069265,0.0,0.11835847795009613
1209,8.975878299679607e-05,0.0059542786329984665,0.007998767867684364,0.02897830232977867,0.0,0.007452280260622501,0.0,0.118355393409729
1210,9.177661268040538e-05,0.006119647715240717,0.007943550311028957,0.030259250104427336,0.0,0.007407985627651215,0.0,0.11836652457714081
1211,9.78354742983356e-05,0.006228564865887165,0.007743892539292574,0.028885454684495927,0.0,0.007374345324933529,0.0,0.1183699518442154
1212,9.650062711443752e-05,0.00608707144856453,0.008116045035421848,0.030870754271745682,0.0,0.00733992550522089,0.0,0.11836963891983032
1213,0.00010218005045317113,0.0062682641670107845,0.007957631908357143,0.029384564235806467,0.0,0.0073205954395234585,0.0,0.11836844682693481
1214,9.74398193648085e-05,0.006073471810668707,0.00786808654665947,0.029247166961431502,0.0,0.007311243563890457,0.0,0.11834315210580826
1215,9.537475707475097e-05,0.006073333509266377,0.007647134829312563,0.030081939697265626,0.0,0.007299873046576977,0.0,0.1183125227689743
1216,8.857826906023547e-05,0.005836480576545,0.008493612054735422,0.030022038891911507,0.0,0.007294945418834686,0.0,0.11829020828008652
1217,9.241123771062121e-05,0.006176303327083588,0.007956863567233085,0.02817220948636532,0.0,0.007291505578905344,0.0,0.11828376352787018
1218,0.00010055778111563995,0.006165663804858923,0.007738356292247772,0.029128461703658105,0.0,0.007302678190171719,0.0,0.1182868480682373
1219,9.525135392323137e-05,0.00597983282059431,0.00783319417387247,0.029313431307673454,0.0,0.0073054200038313866,0.0,0.11828625202178955
1220,0.00010158207005588338,0.006118975859135389,0.007894689869135618,0.030269666016101836,0.0,0.007299982011318207,0.0,0.11828824132680893
1221,0.0001009536805213429,0.006125724874436855,0.008104636054486036,0.030105913802981377,0.0,0.0072876871563494205,0.0,0.11828537285327911
1222,9.853747033048422e-05,0.006100924126803875,0.007741182297468186,0.029085909947752953,0.0,0.007260831538587809,0.0,0.11830033361911774
1223,9.721658134367316e-05,0.006200458761304617,0.00782924722880125,0.027883626893162726,0.0,0.007230088114738464,0.0,0.11830301582813263
1224,8.995798707474023e-05,0.006171952560544014,0.007048934511840343,0.02884845957159996,0.0,0.007292944006621838,0.0,0.11829392611980438
1225,9.372350032208488e-05,0.0061128754168748856,0.0073761788196861746,0.029283232986927032,0.0,0.00736270472407341,0.0,0.11830128729343414
1226,9.976231667678803e-05,0.006177296210080385,0.0071661178022623066,0.02842586860060692,0.0,0.0073946937918663025,0.0,0.11832450330257416
1227,9.2797473189421e-05,0.005897593311965465,0.007498425338417292,0.02859506793320179,0.0,0.007396419532597065,0.0,0.11831933259963989
1228,9.81190343736671e-05,0.0061824386939406395,0.007277928106486797,0.02986716330051422,0.0,0.0073705678805708885,0.0,0.11829940229654312
1229,8.898658416001126e-05,0.006103495880961418,0.00759317334741354,0.029126618430018424,0.0,0.007326451130211353,0.0,0.11829976737499237
1230,9.992872073780746e-05,0.006105468794703484,0.007621459662914276,0.0291381660848856,0.0,0.007286353502422571,0.0,0.11831287294626236
1231,9.694047330413013e-05,0.006112699396908283,0.007689832057803869,0.03030727878212929,0.0,0.007299224380403757,0.0,0.11832940578460693
1232,9.759309614310041e-05,0.006007379200309515,0.007887891866266728,0.02998260073363781,0.0,0.007382999174296856,0.0,0.11834579706192017
1233,0.00010128885478479787,0.005993992649018764,0.007875875569880009,0.02893286794424057,0.0,0.007498987019062042,0.0,0.11835745722055435
1234,0.0001024901939672418,0.006300060637295246,0.007610173709690571,0.030634282529354094,0.0,0.007583353668451309,0.0,0.11836578696966171
1235,9.513703262200579e-05,0.006045995373278856,0.007674445305019617,0.03013512268662453,0.0,0.0076096802949905396,0.0,0.11837339401245117
1236,9.75638598902151e-05,0.006251764949411154,0.008078383840620517,0.028001879900693895,0.0,0.007616979535669088,0.0,0.11836880445480347
1237,9.908414358505979e-05,0.0060939092189073564,0.007166729774326086,0.028740082681179047,0.0,0.00759400799870491,0.0,0.11836089938879013
1238,0.0001031683263136074,0.006024818308651448,0.007895767875015735,0.029426153376698495,0.0,0.007540540304034948,0.0,0.11836238950490952
1239,9.381470590597019e-05,0.0060051270760595795,0.007546092476695776,0.027957460656762124,0.0,0.007484695874154568,0.0,0.11836369335651398
1240,0.00010591893224045634,0.006169432029128075,0.007855302840471267,0.028592805936932565,0.0,0.007425487972795963,0.0,0.11836336553096771
1241,9.338886738987639e-05,0.006303087621927261,0.007922573294490576,0.02954098805785179,0.0,0.007382925599813461,0.0,0.11836789548397064
1242,0.00010151034657610581,0.00613446906208992,0.007688922807574272,0.02903388999402523,0.0,0.00739394873380661,0.0,0.1183714047074318
1243,9.283405379392206e-05,0.006197354197502137,0.007841270416975021,0.028999583050608634,0.0,0.007417627610266209,0.0,0.11837898194789886
1244,8.818886562949047e-05,0.006106143537908793,0.007501558586955071,0.029966240003705024,0.0,0.0074428776279091835,0.0,0.11838053166866302
1245,9.551642142469063e-05,0.006295748520642519,0.0074000246822834015,0.0302122849971056,0.0,0.007503144443035126,0.0,0.11838771402835846
1246,9.827798494370654e-05,0.006117310188710689,0.007697516679763794,0.029522838816046715,0.0,0.007599178701639175,0.0,0.11840400844812393
1247,9.064517071237788e-05,0.006128522660583257,0.007451890781521797,0.028840108960866927,0.0,0.007685902528464794,0.0,0.1184028834104538
1248,9.733692277222872e-05,0.006005201116204261,0.0075092436745762825,0.02828623428940773,0.0,0.007728503551334143,0.0,0.11838217824697495
1249,9.761254477780312e-05,0.006208889186382294,0.007197611033916473,0.029406698420643806,0.0,0.007736867759376764,0.0,0.11837637424468994
1250,9.829715563682839e-05,0.006110181100666523,0.007836312055587769,0.02887582965195179,0.0,0.007727623917162418,0.0,0.11837206035852432
1251,0.00010385046625742689,0.006294307019561529,0.007114264741539955,0.029259993508458138,0.0,0.0076994514092803,0.0,0.11835533380508423
1252,9.138855966739357e-05,0.006137658655643463,0.007807371765375137,0.028925282508134843,0.0,0.007627035025507212,0.0,0.11834542453289032
1253,9.310366440331563e-05,0.006096252892166376,0.008115034457296133,0.028987926617264747,0.0,0.007524681743234396,0.0,0.11832809448242188
1254,9.303518600063398e-05,0.006359636597335338,0.007809824123978615,0.028260530531406404,0.0,0.007457552012056112,0.0,0.1183093786239624
1255,8.960227278294041e-05,0.0061950130388140675,0.00809637364000082,0.028946629166603087,0.0,0.007405856158584356,0.0,0.11829515546560287
1256,9.092430263990536e-05,0.0062892954796552655,0.007746116910129786,0.029682011157274247,0.0,0.007352274842560291,0.0,0.11828333139419556
1257,0.00010339985747123137,0.005990905314683914,0.007824213430285453,0.029977323859930037,0.0,0.007328671403229237,0.0,0.11827846616506577
1258,9.821696585277095e-05,0.006037001498043537,0.007540235202759505,0.02878926694393158,0.0,0.0073042213916778564,0.0,0.11828146129846573
1259,9.77237752522342e-05,0.006158098578453064,0.007293176744133234,0.028446010127663613,0.0,0.00729411980137229,0.0,0.11827833950519562
1260,0.00011103665601694957,0.006280500814318657,0.007713011652231217,0.028386661037802696,0.0,0.007285042200237513,0.0,0.11825956404209137
1261,8.931689662858844e-05,0.006160011142492294,0.00783813875168562,0.029669474437832834,0.0,0.007265482097864151,0.0,0.11826096475124359
1262,9.323657141067088e-05,0.006280762329697609,0.007777903880923987,0.02846817970275879,0.0,0.00725825410336256,0.0,0.11828360706567764
1263,9.457831183681264e-05,0.006310047581791878,0.007661435287445784,0.028666815161705016,0.0,0.007273328490555286,0.0,0.11829070001840591
1264,9.059094591066242e-05,0.006229929253458976,0.008320860005915165,0.02870686277747154,0.0,0.0072737885639071465,0.0,0.11827655881643295
1265,0.00010103111562784762,0.006176805403083563,0.007579377107322216,0.02845187336206436,0.0,0.007305599749088287,0.0,0.11824680864810944
1266,9.884525206871331e-05,0.006171579379588366,0.007945803552865982,0.028497282415628433,0.0,0.007389181759208441,0.0,0.11822321265935898
1267,9.59519762545824e-05,0.006120543647557497,0.007572056353092193,0.02869929075241089,0.0,0.0074801319278776646,0.0,0.11820294708013535
1268,0.00010119299113284797,0.006075743865221739,0.007521731406450271,0.029053685069084168,0.0,0.007522231433540583,0.0,0.11819330602884293
1269,0.00010480225319042802,0.006390421651303768,0.007570976205170154,0.029313655197620393,0.0,0.007576938718557358,0.0,0.11818861961364746
1270,0.00010494817543076352,0.00621761716902256,0.008778734318912029,0.029736856743693352,0.0,0.007714457809925079,0.0,0.11818577349185944
1271,8.902847621357068e-05,0.006015186384320259,0.007756106462329626,0.029339492693543433,0.0,0.007821905426681042,0.0,0.11817662417888641
1272,9.67396263149567e-05,0.0063669499941170216,0.007054191082715988,0.02791237197816372,0.0,0.007859268225729465,0.0,0.11816686391830444
1273,0.00010153272305615246,0.006240298412740231,0.007551481388509274,0.029911908507347106,0.0,0.00784633494913578,0.0,0.1181548610329628
1274,9.744834096636623e-05,0.005856524128466845,0.0082849632948637,0.028183766081929205,0.0,0.007820620201528072,0.0,0.11814501136541367
1275,9.679395298007875e-05,0.006157331820577383,0.008481477200984956,0.028948922455310822,0.0,0.007809861097484827,0.0,0.11813567578792572
1276,9.741009562276303e-05,0.006197965610772372,0.00893621426075697,0.02911837175488472,0.0,0.007770022843033075,0.0,0.1181286945939064
1277,9.880700235953555e-05,0.005917440541088581,0.007954396307468414,0.030180737376213074,0.0,0.007702586241066456,0.0,0.11812778562307358
1278,0.00010410010581836104,0.006094223447144031,0.007871741242706776,0.027660121396183967,0.0,0.0076644099317491055,0.0,0.11813752353191376
1279,0.00010066028917208314,0.006196915544569493,0.007750356569886208,0.029018958285450935,0.0,0.007620880845934153,0.0,0.11813895404338837
1280,9.572776907589287e-05,0.006229965016245842,0.008195850066840649,0.029874620586633684,0.0,0.007580718956887722,0.0,0.11812784522771835
1281,9.944973717210815e-05,0.006169586908072233,0.00769407581537962,0.029182858765125275,0.0,0.0076473550871014595,0.0,0.11812962591648102
1282,9.380731789860874e-05,0.006134140118956566,0.008925437554717064,0.028725507110357283,0.0,0.007748329546302557,0.0,0.11814316362142563
1283,0.00010490920540178195,0.006205452140420675,0.009925790503621102,0.02890637405216694,0.0,0.007786152418702841,0.0,0.11814367771148682
1284,9.85648250207305e-05,0.0062228207476437095,0.009174194373190402,0.028059124201536178,0.0,0.007750904653221369,0.0,0.11812947690486908
1285,9.407560282852501e-05,0.006023434828966856,0.008612210303544999,0.029061180353164674,0.0,0.0076681687496602535,0.0,0.11809883266687393
1286,9.805762965697795e-05,0.005984787456691265,0.008966607041656971,0.030567698925733567,0.0,0.007577992044389248,0.0,0.11808152496814728
1287,9.98552844976075e-05,0.0060536286793649195,0.008925547637045384,0.02907397709786892,0.0,0.007495147176086903,0.0,0.11808880418539047
1288,0.00010497977491468191,0.005890848394483328,0.008618951216340065,0.028300904110074042,0.0,0.007417722605168819,0.0,0.11810176074504852
1289,9.918088035192341e-05,0.006268399208784104,0.009123479947447777,0.02921488508582115,0.0,0.0073685720562934875,0.0,0.11812665313482285
1290,9.261272643925622e-05,0.006125818658620119,0.008835745230317115,0.02956796735525131,0.0,0.0073698656633496284,0.0,0.11813932657241821
1291,9.849070629570633e-05,0.006069728545844555,0.009042556956410408,0.02902211844921112,0.0,0.007391406688839197,0.0,0.11814967542886734
1292,0.00010597089567454532,0.005941835697740316,0.00837184339761734,0.02772638909518719,0.0,0.00738820806145668,0.0,0.11815379559993744
1293,9.380377596244217e-05,0.006097948737442493,0.008422911260277033,0.03045736514031887,0.0,0.007377603091299534,0.0,0.1181495413184166
1294,9.369167528348044e-05,0.006265901774168014,0.007872098311781883,0.029773632064461708,0.0,0.007370649836957455,0.0,0.11814533174037933
1295,0.00010140532831428572,0.006168006733059883,0.007803798280656337,0.028682499751448633,0.0,0.007399032823741436,0.0,0.11814586818218231
1296,0.00010332498204661534,0.006127322651445865,0.007845231425017118,0.02853055074810982,0.0,0.007438119500875473,0.0,0.11813598871231079
1297,9.715613850858063e-05,0.006118467729538679,0.007915442064404487,0.028313000872731208,0.0,0.007436615414917469,0.0,0.1181308776140213
1298,0.00010820356983458624,0.005964655615389347,0.008364988304674626,0.028844315186142923,0.0,0.007425104267895222,0.0,0.11813338100910187
1299,9.621622011763975e-05,0.006234781444072723,0.008003667742013932,0.028005295619368552,0.0,0.007445085793733597,0.0,0.11814479529857635
1300,9.386967431055382e-05,0.00599385667592287,0.008326547406613826,0.028534179925918578,0.0,0.007513492368161678,0.0,0.11815531551837921
1301,9.833288931986317e-05,0.006134146265685559,0.008046840131282807,0.028317990899085998,0.0,0.007561317645013332,0.0,0.11818546056747437
1302,0.00010035595332738012,0.006176079064607621,0.008111893106251955,0.03021913543343544,0.0,0.007614159490913153,0.0,0.11820320039987564
1303,9.673828753875569e-05,0.006085092760622501,0.008656960912048817,0.028043539822101594,0.0,0.007712177932262421,0.0,0.11821398884057999
1304,0.00010053741425508633,0.006034643668681383,0.00823304420337081,0.02920806296169758,0.0,0.007758223917335272,0.0,0.11821737140417099
1305,9.477830462856218e-05,0.006195142865180969,0.008372077159583569,0.029490503296256066,0.0,0.00773546751588583,0.0,0.1182209700345993
1306,9.711251477710903e-05,0.006114418897777796,0.00803701700642705,0.028748803213238715,0.0,0.00766198243945837,0.0,0.11821254342794418
1307,9.588079992681742e-05,0.005880895629525184,0.008229484781622887,0.027779240906238557,0.0,0.00758776068687439,0.0,0.11819598823785782
1308,0.00010681916319299489,0.006042619794607162,0.008055448904633522,0.02883821651339531,0.0,0.007543311920017004,0.0,0.11818598210811615
1309,9.10235132323578e-05,0.006052446085959673,0.00806644968688488,0.02998439148068428,0.0,0.007502495311200619,0.0,0.11817910522222519
1310,0.00010480584169272333,0.006016293447464705,0.008503737859427929,0.029036252200603484,0.0,0.007477366831153631,0.0,0.11819090694189072
1311,0.00010491708526387811,0.006195978168398142,0.008346792869269848,0.02906871885061264,0.0,0.0074936761520802975,0.0,0.11821063607931137
1312,9.816095407586545e-05,0.0060326864942908285,0.008708123117685318,0.03112536408007145,0.0,0.007552619092166424,0.0,0.11821018159389496
1313,0.00010762883757706732,0.006155845150351525,0.008314947318285703,0.028740834444761276,0.0,0.007575282361358404,0.0,0.11821500957012177
1314,0.00010183628764934838,0.006136647425591946,0.008308741729706526,0.029578053578734397,0.0,0.007565295789390802,0.0,0.11822836101055145
1315,0.00010027186363004148,0.006099678575992584,0.008126595988869667,0.0286909818649292,0.0,0.007513368967920542,0.0,0.118247389793396
1316,0.0001031268504448235,0.006057204585522414,0.008765535987913608,0.028689683973789216,0.0,0.0074354177340865135,0.0,0.11825694888830185
1317,9.840266429819166e-05,0.006278605293482542,0.00814419286325574,0.028670544177293776,0.0,0.007400748319923878,0.0,0.11826435476541519
1318,9.452471567783505e-05,0.0060114538297057155,0.008163605351001024,0.028100084885954855,0.0,0.007420183625072241,0.0,0.11828379333019257
1319,0.00010094362078234553,0.005977047514170409,0.008611770160496236,0.028399885818362235,0.0,0.007418462540954351,0.0,0.11829455196857452
1320,9.271482995245605e-05,0.006147115491330624,0.008398983906954528,0.02941066026687622,0.0,0.0074447570368647575,0.0,0.11830078065395355
1321,9.675961773609742e-05,0.006110118608921767,0.008418942801654339,0.02991422303020954,0.0,0.007504086941480637,0.0,0.11832816898822784
1322,0.00010201578115811571,0.005959318205714226,0.008037901669740676,0.028222419321537018,0.0,0.007578437682241201,0.0,0.11833596229553223
1323,0.00010410424292786046,0.00621095197275281,0.008376648090779782,0.029121556133031846,0.0,0.007621289696544409,0.0,0.11834065616130829
1324,9.836683893809095e-05,0.006133929640054703,0.007954406552016735,0.028919989243149757,0.0,0.007588758133351803,0.0,0.11836683750152588
1325,9.868186170933769e-05,0.006100004632025957,0.007660825736820698,0.0294117346405983,0.0,0.0075136879459023476,0.0,0.1183677688241005
1326,0.00010149553854716941,0.0059255027212202546,0.007815798092633486,0.02775142192840576,0.0,0.007443834096193314,0.0,0.11836086213588715
1327,9.649209823692217e-05,0.006153730303049087,0.007583112455904484,0.028879419341683386,0.0,0.007372152991592884,0.0,0.11836707592010498
1328,9.147925302386284e-05,0.006266211811453104,0.007742921821773052,0.027934349328279495,0.0,0.00731890182942152,0.0,0.11837154626846313
1329,0.0001011485539493151,0.006161229684948921,0.008094650506973267,0.0285144679248333,0.0,0.007300159893929958,0.0,0.11837522685527802
1330,0.000108504926902242,0.006121040042489767,0.007711591571569443,0.030584466457366944,0.0,0.007321982178837061,0.0,0.1183948665857315
1331,9.135731379501521e-05,0.006031349115073681,0.007380974665284157,0.03021674305200577,0.0,0.007332856301218271,0.0,0.11839596182107925
1332,9.202449436997994e-05,0.006164852529764175,0.007925190031528473,0.027399449422955514,0.0,0.007328036241233349,0.0,0.11838729679584503
1333,0.00010220527183264494,0.006039709411561489,0.00850499514490366,0.02972627431154251,0.0,0.007319671101868153,0.0,0.11838513612747192
1334,9.94587317109108e-05,0.006157142389565706,0.008240069448947906,0.029489853233098984,0.0,0.0074538132175803185,0.0,0.11838926374912262
1335,9.030144283315167e-05,0.006182071752846241,0.007880957890301942,0.029271286353468894,0.0,0.007704124785959721,0.0,0.11838408559560776
1336,0.00010054456506622956,0.006206159573048353,0.007971676718443631,0.027822570502758028,0.0,0.007977405562996864,0.0,0.11837742477655411
1337,9.536589059280231e-05,0.005964155308902264,0.007858264911919832,0.02733803316950798,0.0,0.008159469813108444,0.0,0.1183566302061081
1338,9.74566675722599e-05,0.006071505416184664,0.007735306210815906,0.028596699982881547,0.0,0.008249908685684204,0.0,0.11833973228931427
1339,9.997055458370596e-05,0.006420603487640619,0.008549951203167438,0.028759758919477463,0.0,0.00834442488849163,0.0,0.1183258518576622
1340,9.936002170434222e-05,0.006247978378087282,0.007915949448943138,0.028760551661252975,0.0,0.008553912863135338,0.0,0.11833448708057404
1341,0.0001003426092211157,0.006170789059251547,0.008236942067742347,0.028968052193522453,0.0,0.008764510974287987,0.0,0.11834514141082764
1342,0.00010009167017415166,0.006134135089814663,0.007978651020675898,0.029317545145750044,0.0,0.008848989382386208,0.0,0.11836477369070053
1343,8.895418286556379e-05,0.006172833871096373,0.008072810620069504,0.02874389514327049,0.0,0.008826683275401592,0.0,0.11837901920080185
1344,9.270717127947136e-05,0.005996339209377766,0.007917478680610657,0.029347126185894013,0.0,0.008737042546272278,0.0,0.1183883547782898
1345,9.566464723320678e-05,0.006317878980189562,0.00814288929104805,0.02922651991248131,0.0,0.008664291352033615,0.0,0.1184035986661911
1346,0.00010103291133418679,0.006186602264642715,0.008416082337498665,0.02859671339392662,0.0,0.008611074648797512,0.0,0.11840470880270004
1347,0.00010661089181667194,0.0062351587228477,0.009062953665852547,0.030700554698705675,0.0,0.008535997942090034,0.0,0.11840270459651947
1348,0.00010281315917382017,0.006091946829110384,0.009050144627690316,0.02914225235581398,0.0,0.008463342674076557,0.0,0.1184048056602478
1349,9.011634974740446e-05,0.006267804279923439,0.009392333030700684,0.02891681492328644,0.0,0.008440924808382988,0.0,0.1184040904045105
1350,9.197238396154716e-05,0.0062446949072182175,0.00869846437126398,0.02855924777686596,0.0,0.00839509442448616,0.0,0.11840333789587021
1351,9.743807459017262e-05,0.006116731744259596,0.008692139759659767,0.029301241412758826,0.0,0.008386986330151558,0.0,0.11839412152767181
1352,9.65222337981686e-05,0.005995867494493723,0.008236175496131181,0.02974902167916298,0.0,0.008393394760787487,0.0,0.11837150156497955
1353,9.355778456665576e-05,0.0061746700666844845,0.008236594963818789,0.03067232258617878,0.0,0.008345140144228935,0.0,0.11835380643606186
1354,9.303662518505007e-05,0.006215339712798596,0.008246599510312081,0.02811443619430065,0.0,0.00825108215212822,0.0,0.11834951490163803
1355,9.098316804738716e-05,0.006052823550999164,0.00825149631127715,0.02908094637095928,0.0,0.008150718174874783,0.0,0.11835582554340363
1356,8.974178781500086e-05,0.0061445822939276695,0.008083985466510058,0.029596704244613647,0.0,0.008060092106461525,0.0,0.11836110055446625
1357,9.631902939872816e-05,0.006407591979950666,0.008776737563312053,0.02813897095620632,0.0,0.007978900335729122,0.0,0.11837778240442276
1358,9.650503488956019e-05,0.0062070897780358795,0.00800121109932661,0.028901417553424836,0.0,0.00788972433656454,0.0,0.11838052421808243
1359,8.937556704040617e-05,0.006239878199994564,0.007885130867362023,0.03110838234424591,0.0,0.00779174268245697,0.0,0.11837954819202423
1360,9.424279414815828e-05,0.0063161326572299,0.007748209964483976,0.029481087625026704,0.0,0.007698661182075739,0.0,0.11838340759277344
1361,0.00010032290738308803,0.006163675803691149,0.008121338114142418,0.029699603840708733,0.0,0.007604104466736317,0.0,0.11840053647756577
1362,8.786822581896558e-05,0.006078211218118667,0.0076559499837458135,0.029278083890676498,0.0,0.007513766642659903,0.0,0.11841905117034912
1363,9.653626766521483e-05,0.006103786826133728,0.008055891003459692,0.03098555877804756,0.0,0.007445097900927067,0.0,0.11844901740550995
1364,9.81630786554888e-05,0.00603686710819602,0.00760908117517829,0.028354215994477273,0.0,0.007385456468909979,0.0,0.11847281455993652
1365,9.158183966064825e-05,0.006118689756840467,0.008310362324118614,0.028496313840150833,0.0,0.00734203914180398,0.0,0.11847104132175446
1366,9.034762770170346e-05,0.006300431862473488,0.008202612958848476,0.0289075069129467,0.0,0.007301482371985912,0.0,0.11846654117107391
1367,9.497942664893344e-05,0.005983959697186947,0.008091207221150398,0.0280342735350132,0.0,0.007249996066093445,0.0,0.11845722049474716
1368,9.801227715797723e-05,0.00608304301276803,0.008209101855754852,0.02802094854414463,0.0,0.007213033735752106,0.0,0.11845755577087402
1369,0.00010345974005758763,0.00630316212773323,0.007758934237062931,0.029041577875614167,0.0,0.007209240458905697,0.0,0.11844901740550995
1370,9.368469618493691e-05,0.006176404841244221,0.007599520031362772,0.029902400076389314,0.0,0.007201820611953735,0.0,0.11843700706958771
1371,9.164895891444758e-05,0.006087832618504763,0.008297449722886086,0.029743998125195504,0.0,0.007212439086288214,0.0,0.11844579875469208
1372,8.598320855526253e-05,0.006135732494294643,0.008199434727430344,0.029474281892180442,0.0,0.007286320440471172,0.0,0.11844899505376816
1373,9.379222028655931e-05,0.006227405089884996,0.007612209860235452,0.02948594354093075,0.0,0.007358398288488388,0.0,0.11846254765987396
1374,9.085439087357372e-05,0.006041327212005854,0.007872129883617162,0.02851580046117306,0.0,0.007421450223773718,0.0,0.1184808611869812
1375,9.035800321726129e-05,0.006156157329678535,0.00834864154458046,0.028718043863773347,0.0,0.007458288222551346,0.0,0.11845840513706207
1376,8.705177169758827e-05,0.006190305855125189,0.008085846621543168,0.029051635414361954,0.0,0.007452603429555893,0.0,0.11844144016504288
1377,9.449480130570009e-05,0.0063285412266850475,0.007982569560408593,0.029644681513309477,0.0,0.007410765625536442,0.0,0.11844415962696075
1378,9.98836403596215e-05,0.006207313481718301,0.008218097314238549,0.028726020827889442,0.0,0.007359018083661795,0.0,0.11844060570001602
1379,9.891921799862758e-05,0.0062218006700277325,0.007866227626800537,0.028413549438118933,0.0,0.007300954312086105,0.0,0.11844028532505035
1380,9.980296745197848e-05,0.006176446937024594,0.007964587584137917,0.02839619554579258,0.0,0.0072613307274878025,0.0,0.11844708025455475
1381,8.793352462816983e-05,0.0062103915959596636,0.007401605416089296,0.029251399636268615,0.0,0.007224903907626867,0.0,0.11845742166042328
1382,9.098347800318152e-05,0.006108970567584038,0.00805949131026864,0.03028285950422287,0.0,0.007217860780656338,0.0,0.11845898628234863
1383,9.631231077946722e-05,0.00604506516829133,0.007957245223224163,0.02710791565477848,0.0,0.007265424821525812,0.0,0.1184692531824112
1384,0.0001052457999321632,0.006297547183930874,0.008695569634437562,0.029337088391184808,0.0,0.007319256663322449,0.0,0.11846959590911865
1385,0.00010023212234955281,0.006266185827553272,0.008337833918631077,0.028438873961567877,0.0,0.0073569705709815025,0.0,0.11847064644098282
1386,0.00010448676330270246,0.005920358095318079,0.008065567538142204,0.02933453060686588,0.0,0.007356548216193914,0.0,0.11847493797540665
1387,0.00010270612838212401,0.006134192086756229,0.007812767941504716,0.029459470137953758,0.0,0.007326888851821423,0.0,0.11848177015781403
1388,0.00010058674379251898,0.006220085080713034,0.008014234341681003,0.02912820167839527,0.0,0.007286093197762966,0.0,0.11847379058599472
1389,0.00010079253261210396,0.0062138943932950495,0.007662344072014093,0.030509257316589357,0.0,0.007238863967359066,0.0,0.11847405135631561
1390,0.00010250210179947316,0.006076490506529808,0.007556835375726223,0.029109783843159674,0.0,0.007194212172180414,0.0,0.11848217248916626
1391,9.854107920546085e-05,0.006198668573051691,0.007589988317340613,0.029427440837025642,0.0,0.007153918035328388,0.0,0.11849192529916763
1392,9.879269637167454e-05,0.006016627047210931,0.008111528493463993,0.028909208625555037,0.0,0.0071454765275120735,0.0,0.11849184334278107
1393,0.00010233518405584618,0.00618152841925621,0.008940892294049263,0.029412025958299635,0.0,0.007192694582045078,0.0,0.11848567426204681
1394,0.00011442140821600333,0.0060789925046265125,0.009394277259707451,0.029179340973496438,0.0,0.007250713650137186,0.0,0.11848251521587372
1395,0.00010376968421041966,0.006089083105325699,0.008497715741395951,0.028425316140055657,0.0,0.007302300538867712,0.0,0.11847832053899765
1396,9.635695314500481e-05,0.006296238396316767,0.008330988045781852,0.029071802645921706,0.0,0.0073219477199018,0.0,0.11847923696041107
1397,9.701587987365201e-05,0.005927595309913158,0.008655363693833351,0.030099641531705856,0.0,0.0073751164600253105,0.0,0.11847016960382462
1398,0.00010359780717408284,0.006127515900880098,0.008671696856617927,0.028421249613165854,0.0,0.007466027047485113,0.0,0.11846210807561874
1399,0.00010986649140249938,0.00597777608782053,0.008236051350831986,0.027709610015153884,0.0,0.0074975453317165375,0.0,0.11844222247600555
1400,9.74375318037346e-05,0.006193280220031738,0.00858910270035267,0.028621363639831542,0.0,0.007485146168619394,0.0,0.11840765178203583
1401,9.909497166518121e-05,0.006102528888732195,0.008277527429163456,0.0277638778090477,0.0,0.007430680096149445,0.0,0.11837830394506454
1402,9.346260048914701e-05,0.006179930735379457,0.007895117253065109,0.02904549054801464,0.0,0.007384737487882376,0.0,0.11834658682346344
1403,9.227704140357673e-05,0.0060247483663260935,0.008101149648427963,0.028229567408561706,0.0,0.007363279815763235,0.0,0.11833445727825165
1404,9.168445249088108e-05,0.0060913807712495325,0.008171585854142904,0.027915586531162263,0.0,0.007355271838605404,0.0,0.11832122504711151
1405,9.903293248498812e-05,0.006235346011817455,0.007740204315632581,0.02925105467438698,0.0,0.0073256283067166805,0.0,0.11831371486186981
1406,9.902214078465477e-05,0.006117030046880245,0.009180964156985282,0.028331994637846948,0.0,0.007289303932338953,0.0,0.11831538379192352
1407,8.747538813622669e-05,0.0060853159986436365,0.008421347197145223,0.02820340171456337,0.0,0.0072794342413544655,0.0,0.11831899732351303
1408,9.099030867218972e-05,0.0061545904725790026,0.008056749869138003,0.027774974703788757,0.0,0.007257366087287664,0.0,0.11832324415445328
1409,9.533259726595134e-05,0.006230456847697496,0.008824553154408932,0.029141058027744294,0.0,0.0072174989618361,0.0,0.1183181032538414
1410,8.567772747483104e-05,0.00621020644903183,0.008256388641893864,0.028163230791687966,0.0,0.007177141960710287,0.0,0.11832346767187119
1411,9.269289294024929e-05,0.0061937617138028145,0.008363931439816952,0.027671035006642343,0.0,0.007181936409324408,0.0,0.11831716448068619
1412,9.263609535992146e-05,0.006037278287112713,0.008227522484958172,0.02869711145758629,0.0,0.007249155547469854,0.0,0.1183091253042221
1413,9.736555075505749e-05,0.0060348836705088615,0.008148463163524865,0.028029900044202805,0.0,0.007334063295274973,0.0,0.11830272525548935
1414,0.00010095067118527367,0.006162671186029911,0.008039492648094893,0.028383230045437812,0.0,0.007400809321552515,0.0,0.11829257011413574
1415,9.427808981854469e-05,0.006083706486970186,0.00728437639772892,0.028252925723791122,0.0,0.007435406092554331,0.0,0.11828221380710602
1416,9.968913946067914e-05,0.005986048188060522,0.008486377820372582,0.029624577984213828,0.0,0.007420622743666172,0.0,0.11827298253774643
1417,9.25013460800983e-05,0.0061452782712876795,0.008667957223951816,0.02853042967617512,0.0,0.007413440849632025,0.0,0.1182720884680748
1418,9.857285331236199e-05,0.006022331397980451,0.008302288316190242,0.028833096846938133,0.0,0.007478572428226471,0.0,0.1182883009314537
1419,0.00010021835914812982,0.00626099668443203,0.008938305824995042,0.02947308197617531,0.0,0.0075319386087358,0.0,0.11831261962652206
1420,9.654538152972236e-05,0.006038089655339718,0.008382272720336915,0.028029339760541915,0.0,0.00757931312546134,0.0,0.1183369904756546
1421,0.00010217026865575463,0.006116912886500359,0.007888401672244073,0.02931152880191803,0.0,0.007632196880877018,0.0,0.11834046989679337
1422,9.550030517857522e-05,0.005927996896207333,0.007917877193540335,0.029383990541100503,0.0,0.007644448429346085,0.0,0.1183118224143982
1423,8.883176487870515e-05,0.00614293348044157,0.008146040234714746,0.02917610704898834,0.0,0.0076030888594686985,0.0,0.11830218881368637
1424,9.451545483898371e-05,0.006060991063714027,0.007248366717249155,0.029048069193959237,0.0,0.0075393482111394405,0.0,0.11830036342144012
1425,0.00010386650246800855,0.006500617414712906,0.007333441823720932,0.029060111939907075,0.0,0.007480664644390345,0.0,0.1182897686958313
1426,0.00010193948546657338,0.0060521325096488,0.0076338863000273705,0.02889680191874504,0.0,0.0074608041904866695,0.0,0.11828349530696869
1427,0.00010049411357613281,0.0060900779440999035,0.007611591462045908,0.02853185497224331,0.0,0.007441369350999594,0.0,0.11828620731830597
1428,9.275902266381308e-05,0.0059984252788126465,0.0076045231893658635,0.028256716579198836,0.0,0.007434364408254623,0.0,0.11827284097671509
1429,9.125190845225007e-05,0.006073704455047846,0.007399905379861594,0.029444246739149093,0.0,0.007404198404401541,0.0,0.11825826019048691
1430,9.519725426798686e-05,0.006238203775137663,0.007401762530207634,0.02964061312377453,0.0,0.0073731280863285065,0.0,0.11826131492853165
1431,9.47893102420494e-05,0.006106929387897253,0.007105307467281818,0.028831011801958083,0.0,0.007362601812928915,0.0,0.1182820200920105
1432,9.840155253186822e-05,0.006067816819995642,0.007929426338523626,0.028750451654195784,0.0,0.00733763724565506,0.0,0.11832165718078613
1433,9.863127779681235e-05,0.006065217964351177,0.007306307647377252,0.029492083191871642,0.0,0.007292495109140873,0.0,0.11834932863712311
1434,0.00010162432299694046,0.0063129601068794726,0.007939989119768143,0.030505120754241943,0.0,0.007298632524907589,0.0,0.11835595220327377
1435,9.39126854063943e-05,0.006158853136003018,0.008270964864641428,0.027588484808802605,0.0,0.007416549138724804,0.0,0.11837099492549896
1436,9.292011382058262e-05,0.00618861299008131,0.007660964969545603,0.029685550928115846,0.0,0.007505505345761776,0.0,0.11838066577911377
1437,9.20664708246477e-05,0.006085479818284512,0.008008513506501913,0.028119516372680665,0.0,0.0075578405521810055,0.0,0.11838128417730331
1438,9.513922850601375e-05,0.0062598900869488714,0.007201230991631747,0.03019837774336338,0.0,0.0075773210264742374,0.0,0.11838150024414062
1439,9.349598840344698e-05,0.006529580242931843,0.007331959623843432,0.02988719902932644,0.0,0.007670813240110874,0.0,0.11837364733219147
1440,9.464424510952085e-05,0.006106297113001346,0.0077471092343330385,0.028298576921224596,0.0,0.007800807245075703,0.0,0.11835656315088272
1441,0.00010418929596198723,0.006073299236595631,0.00811476856470108,0.028667181357741357,0.0,0.007877831347286701,0.0,0.11836264282464981
1442,9.527828806312754e-05,0.0061127511784434315,0.0080255133099854,0.029485444724559783,0.0,0.007862485013902187,0.0,0.11837773025035858
1443,0.00010271320352330803,0.006183964945375919,0.007820415310561657,0.02957225777208805,0.0,0.007793215569108725,0.0,0.11838442087173462
1444,0.0001015117100905627,0.006157235614955426,0.008469549007713795,0.02837768979370594,0.0,0.00772876525297761,0.0,0.11837587505578995
1445,9.060679731192068e-05,0.0062239992432296274,0.008065238408744336,0.028237437829375267,0.0,0.007660223636776209,0.0,0.11835858970880508
1446,9.142906637862324e-05,0.006243289168924093,0.00808452470228076,0.028340885788202284,0.0,0.007598027586936951,0.0,0.11835411936044693
1447,9.702814277261496e-05,0.006182688567787409,0.009364385157823563,0.030633609741926193,0.0,0.007544414605945349,0.0,0.11835485696792603
1448,0.00010337361163692549,0.006078306026756764,0.009299191646277905,0.028880807757377624,0.0,0.007529390510171652,0.0,0.11835016310214996
1449,9.152572602033615e-05,0.006048021093010903,0.009375516511499881,0.02805109731853008,0.0,0.007553945295512676,0.0,0.1183423399925232
1450,9.244241082342341e-05,0.0061347209848463535,0.009230611100792884,0.027353713288903236,0.0,0.007563935127109289,0.0,0.11834051460027695
1451,9.909376967698336e-05,0.006169775128364563,0.00863799974322319,0.028900128230452536,0.0,0.007558305747807026,0.0,0.11833389103412628
1452,0.00010415213037049398,0.0060140126384794716,0.008672939799726009,0.02943887934088707,0.0,0.007566614542156458,0.0,0.1183381900191307
1453,9.231792500941083e-05,0.00599507549777627,0.008250086195766925,0.028872397169470786,0.0,0.007555781397968531,0.0,0.11834049224853516
1454,9.338145755464212e-05,0.006218891870230436,0.008295710012316704,0.028769726306200026,0.0,0.007509262301027775,0.0,0.11834515631198883
1455,9.512804972473532e-05,0.006019142456352711,0.008247402124106884,0.029701005667448044,0.0,0.007482989225536585,0.0,0.11834798008203506
1456,9.799086692510172e-05,0.005985899642109871,0.008857635781168938,0.02838534042239189,0.0,0.007482174783945084,0.0,0.11837218701839447
1457,9.513232944300399e-05,0.006083682831376791,0.008217694144695998,0.028522179275751115,0.0,0.0074806855991482735,0.0,0.11839761584997177
1458,0.00010103367385454476,0.006075265910476446,0.008402268029749393,0.028957728669047354,0.0,0.007449345197528601,0.0,0.1184258684515953
1459,9.895637485897168e-05,0.006018662732094527,0.007813242822885513,0.027549975737929343,0.0,0.007397140376269817,0.0,0.11843328177928925
1460,9.429985366296023e-05,0.006273878086358309,0.007756799831986428,0.028595901280641555,0.0,0.007351106498390436,0.0,0.1184116005897522
1461,0.00010248013713862747,0.0062450005672872065,0.008099213242530823,0.027551992610096932,0.0,0.007338383700698614,0.0,0.11839061975479126
1462,9.92336354102008e-05,0.006134000420570373,0.007807622849941254,0.02918837033212185,0.0,0.007343278732150793,0.0,0.1183881163597107
1463,9.345832804683596e-05,0.006132441852241754,0.0075338039547204975,0.029405584558844566,0.0,0.007341372314840555,0.0,0.1183997243642807
1464,9.385059674968944e-05,0.006058243568986654,0.008127343002706766,0.029586908966302873,0.0,0.007323198951780796,0.0,0.11841388046741486
1465,8.601749141234905e-05,0.0063000177964568135,0.0075017368420958516,0.030934979394078254,0.0,0.007310361601412296,0.0,0.11843033879995346
1466,9.582468919688836e-05,0.006142170913517475,0.007841704692691565,0.029925374686717986,0.0,0.00729797501116991,0.0,0.11846862733364105
1467,9.720523521536962e-05,0.006076317373663187,0.008123218268156051,0.028823921084403993,0.0,0.007283215411007404,0.0,0.11849655956029892
1468,9.653764573158696e-05,0.006024243775755167,0.007334376778453588,0.028739983960986138,0.0,0.00724911829456687,0.0,0.11850877106189728
1469,9.756793297128752e-05,0.0061566226184368135,0.007258800230920315,0.030962106212973593,0.0,0.00719461077824235,0.0,0.11850200593471527
1470,0.00010210431937593967,0.0061828987672924995,0.007452342938631773,0.02983032278716564,0.0,0.007176847197115421,0.0,0.11849372088909149
1471,9.003778832266107e-05,0.006108488235622644,0.007473865989595652,0.028758542612195015,0.0,0.007259608246386051,0.0,0.11849483102560043
1472,0.00010582942195469514,0.006194391846656799,0.007734136469662189,0.029547539725899696,0.0,0.0073548974469304085,0.0,0.11848337948322296
1473,9.280471567763016e-05,0.005945071484893561,0.007387812808156013,0.02934912107884884,0.0,0.007422397378832102,0.0,0.11846894025802612
1474,9.454842802369967e-05,0.005991094931960106,0.007899088878184557,0.028417476266622544,0.0,0.0074450187385082245,0.0,0.11845439672470093
1475,9.756135405041278e-05,0.006373865809291601,0.007466248888522387,0.02874140180647373,0.0,0.007446162402629852,0.0,0.11842671781778336
1476,9.104062046390027e-05,0.006120162270963192,0.008508981112390757,0.02802765741944313,0.0,0.007442455738782883,0.0,0.11839673668146133
1477,9.637154580559582e-05,0.006176553759723901,0.008144184481352568,0.02871950939297676,0.0,0.007418733090162277,0.0,0.11837375164031982
1478,9.643254743423313e-05,0.00612934036180377,0.008051337487995625,0.0280538871884346,0.0,0.007370978593826294,0.0,0.1183777004480362
1479,8.860487578203902e-05,0.00622385935857892,0.0075915403664112095,0.029200207442045212,0.0,0.007356181740760803,0.0,0.11839736998081207
1480,9.811177151277661e-05,0.006446511205285788,0.00784263489767909,0.028957818076014517,0.0,0.007352474145591259,0.0,0.11842185258865356
1481,8.71248630573973e-05,0.006266648601740599,0.007838261034339666,0.029596835374832153,0.0,0.007316151168197393,0.0,0.11843583732843399
1482,9.764392307261005e-05,0.00609398502856493,0.007671926915645599,0.028465713560581207,0.0,0.007252334617078304,0.0,0.11843769252300262
1483,9.333888301625848e-05,0.00608081528916955,0.0073861170560121535,0.028538602963089944,0.0,0.00719760125502944,0.0,0.11842427402734756
1484,0.00010065788665087893,0.006079489924013614,0.007338393945246935,0.027622975781559943,0.0,0.007162474095821381,0.0,0.11840896308422089
1485,0.00010306478652637452,0.006080902833491564,0.007328318431973457,0.02872890867292881,0.0,0.0071276286616921425,0.0,0.11839713901281357
1486,9.613195870770142e-05,0.006087815295904875,0.007451862562447786,0.02906593233346939,0.0,0.007127826102077961,0.0,0.11837345361709595
1487,0.0001047488345648162,0.005957632511854172,0.007936974801123143,0.029690852388739586,0.0,0.007200357969850302,0.0,0.118372842669487
1488,9.911342058330775e-05,0.006147539615631104,0.008596643153578044,0.029075153544545172,0.0,0.007271577604115009,0.0,0.11837838590145111
1489,9.621739882277325e-05,0.006160546932369471,0.00817089034244418,0.029469186812639235,0.0,0.007279424928128719,0.0,0.11837432533502579
1490,9.682635572971776e-05,0.00603457298129797,0.007640032563358545,0.029753367975354196,0.0,0.007230049930512905,0.0,0.11838588863611221
1491,9.770713513717056e-05,0.006080575380474329,0.007958116102963686,0.030095652863383292,0.0,0.007151694502681494,0.0,0.11840403079986572
1492,0.00010315992258256302,0.006040309742093086,0.007968615368008613,0.028932294994592666,0.0,0.00707051157951355,0.0,0.11843906342983246
1493,9.719776717247442e-05,0.006277890782803297,0.007855924777686596,0.02876591980457306,0.0,0.007033298723399639,0.0,0.11846987903118134
1494,9.851594804786146e-05,0.0060204812325537205,0.007715130038559437,0.029825414717197418,0.0,0.007040353957563639,0.0,0.11850018799304962
1495,9.944385092239827e-05,0.006318238656967878,0.007257684879004955,0.028121133893728258,0.0,0.0071138665080070496,0.0,0.11852024495601654
1496,0.00010579450172372162,0.006280122511088848,0.008179799187928438,0.02900228537619114,0.0,0.007174825761467218,0.0,0.11852297931909561
1497,0.00010524437238927931,0.006247363146394491,0.008924076147377492,0.029391127452254296,0.0,0.007205707486718893,0.0,0.11851125955581665
1498,0.00010030135017586872,0.00611901031807065,0.00833278950303793,0.029014649987220763,0.0,0.007278793957084417,0.0,0.11851048469543457
1499,0.00010533494205446913,0.006232423428446055,0.007669087313115597,0.02933935113251209,0.0,0.00732523063197732,0.0,0.11851157993078232
1500,0.00010051615827251225,0.006277986709028483,0.007516308035701513,0.028770561888813974,0.0,0.007312396075576544,0.0,0.11848513036966324
1501,9.59126919042319e-05,0.006464793719351292,0.008711295481771231,0.02892623022198677,0.0,0.0072732605040073395,0.0,0.11844686418771744
1502,9.464813774684444e-05,0.0061691228300333025,0.008229757007211447,0.028154974430799486,0.0,0.007266239263117313,0.0,0.11843705177307129
1503,0.00010329616343369707,0.0062020870856940745,0.00882397498935461,0.030472743138670922,0.0,0.007333545945584774,0.0,0.11842633783817291
1504,0.00010751535155577585,0.006205752398818732,0.008867533411830664,0.028851647675037385,0.0,0.007417629007250071,0.0,0.11839884519577026
1505,9.67726606177166e-05,0.006026292499154806,0.008666555397212505,0.028815588727593423,0.0,0.007461863104254007,0.0,0.11839218437671661
1506,0.00010517289047129452,0.005886388663202524,0.008109492249786854,0.03022436536848545,0.0,0.00746897142380476,0.0,0.11841078102588654
1507,0.00010417075245641171,0.005971266143023968,0.008156665228307247,0.029225053638219832,0.0,0.007453999016433954,0.0,0.11842834949493408
1508,0.0001021545918774791,0.006182783376425504,0.007721056416630745,0.029917937889695167,0.0,0.007401752285659313,0.0,0.11842989921569824
1509,9.663771197665483e-05,0.006028541550040245,0.007556870393455028,0.028290793672204016,0.0,0.007353529334068298,0.0,0.11843059957027435
1510,8.815871115075424e-05,0.006317074690014124,0.007583771273493767,0.028449326381087305,0.0,0.007306200452148914,0.0,0.11843518167734146
1511,9.940415475284681e-05,0.00587554881349206,0.007591495104134083,0.028297008574008943,0.0,0.007267325185239315,0.0,0.11844056844711304
1512,9.218025807058438e-05,0.006203518901020289,0.007572443224489689,0.02909788303077221,0.0,0.007217416074126959,0.0,0.11844885349273682
1513,9.772848570719362e-05,0.006034409813582897,0.007485132943838835,0.0298110693693161,0.0,0.007182628847658634,0.0,0.11845104396343231
1514,9.186060779029504e-05,0.006197848357260227,0.007808324787765742,0.029039191827178002,0.0,0.007246652152389288,0.0,0.11844663321971893
1515,9.703269024612382e-05,0.006165033206343651,0.007424662914127111,0.03032051771879196,0.0,0.007382343057543039,0.0,0.11844650655984879
1516,9.662147203925997e-05,0.006081656459718943,0.007865495141595602,0.028961024805903436,0.0,0.007495681755244732,0.0,0.1184428483247757
1517,0.00010086573893204331,0.00614185594022274,0.0075864484533667564,0.03098069205880165,0.0,0.007523843087255955,0.0,0.11843784153461456
1518,0.00010551299783401191,0.006095864810049534,0.007781595923006535,0.028863696753978728,0.0,0.007489499635994434,0.0,0.11843352019786835
1519,0.00010344507754780352,0.006290634628385305,0.007997629698365927,0.029809395596385003,0.0,0.007447822485119104,0.0,0.11844426393508911
1520,0.000103538524126634,0.006071814708411694,0.00731464046984911,0.030665064975619317,0.0,0.00750651815906167,0.0,0.11847013235092163
1521,0.00010299029818270356,0.0063585190102458,0.00782351167872548,0.028326448425650595,0.0,0.007589849643409252,0.0,0.1185007318854332
1522,9.878708078758791e-05,0.006114753615111113,0.0077949842438101765,0.02986108623445034,0.0,0.00761438999325037,0.0,0.118521548807621
1523,9.433305531274528e-05,0.0059394978918135164,0.007969378679990768,0.03039684407413006,0.0,0.007623942103236914,0.0,0.11854097992181778
1524,0.00010092178999911993,0.006070500798523426,0.007908596005290747,0.02896815687417984,0.0,0.007639740593731403,0.0,0.11856045573949814
1525,0.00011383730306988583,0.005908601358532906,0.00793516170233488,0.02759738974273205,0.0,0.0076094432733953,0.0,0.11856663227081299
1526,9.60468256380409e-05,0.0061550095677375795,0.007323338557034731,0.029014276713132857,0.0,0.0075427815318107605,0.0,0.1185646802186966
1527,0.0001064531461452134,0.006171817891299725,0.007699739933013916,0.029276809096336363,0.0,0.0074866292998194695,0.0,0.11854054778814316
1528,9.867364133242518e-05,0.006237950176000595,0.007369338721036911,0.028534064441919325,0.0,0.007474900688976049,0.0,0.1185266524553299
1529,9.22557825106196e-05,0.006159745156764984,0.008428759407252073,0.02826678194105625,0.0,0.007505515124648809,0.0,0.11852022260427475
1530,0.00010390498209744692,0.006234229262918234,0.008096392638981343,0.029336555674672127,0.0,0.007535514887422323,0.0,0.11849281936883926
1531,0.00010016562009695917,0.006088507827371359,0.008417337108403445,0.02745179831981659,0.0,0.007559087127447128,0.0,0.11846880614757538
1532,9.191566205117852e-05,0.006225278414785862,0.008541148155927658,0.028839144855737686,0.0,0.007538193371146917,0.0,0.11843709647655487
1533,8.915923099266365e-05,0.006193577032536268,0.007760663144290447,0.02920661270618439,0.0,0.007468976080417633,0.0,0.11840564012527466
1534,9.839445701800286e-05,0.006272715236991644,0.007865301799029112,0.02916697897017002,0.0,0.007383738644421101,0.0,0.11838959157466888
1535,9.977730369428172e-05,0.006130446586757899,0.007511059287935495,0.029953493177890776,0.0,0.007357320282608271,0.0,0.11838090419769287
1536,9.148639510385692e-05,0.005980678182095289,0.007610752061009407,0.030628856271505356,0.0,0.007432249374687672,0.0,0.1183885708451271
1537,0.00010086639958899468,0.006434886995702982,0.007289646379649639,0.029203785210847856,0.0,0.007634635083377361,0.0,0.11839210987091064
1538,9.986549557652324e-05,0.006025061756372452,0.008103830181062222,0.029753804579377173,0.0,0.007956105284392834,0.0,0.11838217824697495
1539,0.00010534793545957655,0.006201956421136856,0.007797187007963657,0.029429422318935396,0.0,0.008168304339051247,0.0,0.11837217956781387
1540,9.70724067883566e-05,0.006299924198538065,0.007830281276255846,0.030379480123519896,0.0,0.008229159750044346,0.0,0.11836028099060059
1541,9.908267384162173e-05,0.00600281786173582,0.007579847704619169,0.03026745319366455,0.0,0.008356337435543537,0.0,0.11835688352584839
1542,9.214208694174886e-05,0.006175232492387295,0.007607296109199524,0.02921640984714031,0.0,0.00856736395508051,0.0,0.11835265159606934
1543,0.00010654574143700301,0.005995924212038517,0.008055276051163674,0.028985310345888138,0.0,0.008700554259121418,0.0,0.11834347248077393
1544,9.451039222767577e-05,0.0061246930621564385,0.0073178023099899295,0.028767215833067895,0.0,0.00872732326388359,0.0,0.11833696067333221
1545,0.00010468244290677831,0.0062332464382052425,0.00814463822171092,0.03029191829264164,0.0,0.008688339032232761,0.0,0.11831625550985336
1546,0.00010027912794612348,0.006280503422021866,0.007362333871424198,0.030161253362894058,0.0,0.008611124940216541,0.0,0.11831197887659073
1547,9.790478216018528e-05,0.006292363163083792,0.008020810317248106,0.02971823550760746,0.0,0.00856518279761076,0.0,0.1183275580406189
1548,0.00010607736476231366,0.006193340849131345,0.007840036321431399,0.030766524001955987,0.0,0.008542637340724468,0.0,0.11834265291690826
1549,0.00010898014879785478,0.006287721451371908,0.007722242921590805,0.029062381386756896,0.0,0.008473653346300125,0.0,0.11836673319339752
1550,9.754337224876508e-05,0.006085263565182686,0.007390102092176676,0.02866266220808029,0.0,0.008411778137087822,0.0,0.11837921291589737
1551,0.00010361883905716241,0.006148849055171013,0.007812620606273413,0.031934954226017,0.0,0.00837447214871645,0.0,0.11839216947555542
1552,0.00010405189968878403,0.005995506793260575,0.007808815874159336,0.030234061181545258,0.0,0.008319990709424019,0.0,0.11840496212244034
1553,9.884176979539916e-05,0.006286175921559334,0.007510129176080227,0.029572850465774535,0.0,0.008246324956417084,0.0,0.118425153195858
1554,9.046636114362627e-05,0.006083583924919367,0.007089590094983578,0.02808678150177002,0.0,0.008148232474923134,0.0,0.11845126003026962
1555,9.521508327452466e-05,0.006305876187980175,0.007213167194277048,0.027330452203750612,0.0,0.00804491899907589,0.0,0.11845728009939194
1556,9.806989837670698e-05,0.006052591651678085,0.0071729027666151525,0.029657407477498055,0.0,0.007971451617777348,0.0,0.1184452548623085
1557,0.0001004506746539846,0.006241700146347284,0.00691155306994915,0.029108383506536484,0.0,0.007928610779345036,0.0,0.11844589561223984
1558,9.210770076606423e-05,0.00600809995085001,0.006989132054150105,0.028988340124487876,0.0,0.007894580252468586,0.0,0.11845725774765015
1559,0.00010451413836563007,0.005972122494131327,0.006874437350779772,0.02923043370246887,0.0,0.00784220453351736,0.0,0.11846013367176056
1560,9.248459828086198e-05,0.006142521649599076,0.0069385099224746226,0.028517980501055716,0.0,0.007760782726109028,0.0,0.1184508427977562
1561,0.0001046154648065567,0.006038493476808071,0.007635342329740525,0.02807149402797222,0.0,0.007653479464352131,0.0,0.1184379830956459
1562,9.665380202932284e-05,0.006160425767302513,0.007406148314476013,0.02808021865785122,0.0,0.0075553469359874725,0.0,0.11843911558389664
1563,0.00010255406086798758,0.006258973758667708,0.007168983202427625,0.02951343171298504,0.0,0.00747802946716547,0.0,0.11843569576740265
1564,9.4183738110587e-05,0.006264902278780937,0.0073869613930583,0.028788008168339728,0.0,0.007413008715957403,0.0,0.11842596530914307
1565,0.00010036998573923484,0.006018115673214197,0.007324142288416624,0.028934964537620546,0.0,0.007400068454444408,0.0,0.11841906607151031
1566,9.317202056990936e-05,0.006459071394056081,0.0070810443721711636,0.030141612514853477,0.0,0.007432022597640753,0.0,0.11841408908367157
1567,9.74619499174878e-05,0.006221756711602211,0.0072516112588346,0.029379430040717126,0.0,0.007510012481361628,0.0,0.11841430515050888
1568,0.00011180854198755696,0.006101659219712019,0.0074482160620391365,0.02947860285639763,0.0,0.00761741679161787,0.0,0.11842405796051025
1569,0.00010209515312453732,0.0059735746122896675,0.0073958906345069405,0.027680980041623116,0.0,0.007715647574514151,0.0,0.11843752861022949
1570,9.940920572262257e-05,0.006095296517014503,0.007385122310370207,0.028198717534542082,0.0,0.007763030473142862,0.0,0.1184464693069458
1571,0.00010393876436864957,0.006133239902555943,0.007409377116709947,0.027870913594961168,0.0,0.0077742054127156734,0.0,0.11844708025455475
1572,9.923492616508156e-05,0.006439785752445459,0.007443140726536512,0.028368333354592323,0.0,0.007739264518022537,0.0,0.11844146251678467
1573,0.00010147481807507575,0.006097593996673823,0.007301646936684847,0.029301195591688155,0.0,0.0076769753359258175,0.0,0.11843317747116089
1574,9.783773421077058e-05,0.006104370392858982,0.007143787108361721,0.02916010431945324,0.0,0.007611607667058706,0.0,0.11841237545013428
1575,9.627203398849815e-05,0.006002950109541416,0.007810903061181307,0.028559520840644836,0.0,0.00756546575576067,0.0,0.11841505765914917
1576,9.827183675952256e-05,0.00627451241016388,0.007366704568266868,0.029751565679907797,0.0,0.007544016931205988,0.0,0.11842874437570572
1577,9.519081650068983e-05,0.006107188668102026,0.006705928780138493,0.02848780117928982,0.0,0.007513996213674545,0.0,0.118436299264431
1578,0.00010109511640621349,0.006199400778859854,0.007190144993364811,0.029738498479127885,0.0,0.007481864187866449,0.0,0.11846756935119629
1579,9.376320958836004e-05,0.006196770258247853,0.007293954957276583,0.029866667836904524,0.0,0.0075307623483240604,0.0,0.11848241090774536
1580,9.766857547219843e-05,0.00612370166927576,0.0073671995662152765,0.02972659543156624,0.0,0.007624580524861813,0.0,0.11848781257867813
1581,9.478110878262669e-05,0.006352579593658448,0.0073763648048043255,0.029215441644191743,0.0,0.007748122327029705,0.0,0.11849705129861832
1582,9.411617647856474e-05,0.006151342298835516,0.007371529750525951,0.029182521626353264,0.0,0.007855924777686596,0.0,0.11850055307149887
1583,9.666351834312082e-05,0.0060919557698071005,0.0071796937845647335,0.02903512939810753,0.0,0.007922546938061714,0.0,0.11850180476903915
1584,0.00010070016578538344,0.006259742006659508,0.007138560712337494,0.029627324640750886,0.0,0.007957582361996174,0.0,0.11849711090326309
1585,9.980807080864907e-05,0.006001289561390876,0.007222492620348931,0.028325320035219193,0.0,0.00804818607866764,0.0,0.11847422271966934
1586,0.00010338114661863073,0.006288040056824684,0.007389553822577,0.02791786715388298,0.0,0.008163075894117355,0.0,0.11844935268163681
1587,9.717546927276999e-05,0.005924750212579965,0.00723864147439599,0.028183776140213012,0.0,0.00821581669151783,0.0,0.11843917518854141
1588,0.00010214642825303599,0.006418074108660221,0.007361105177551508,0.028398455679416658,0.0,0.008184741251170635,0.0,0.11843302100896835
1589,9.941698808688671e-05,0.006171935983002186,0.0069187750108540055,0.028928635641932487,0.0,0.008115178905427456,0.0,0.11843353509902954
1590,8.717891323613003e-05,0.0060366131365299225,0.007655566651374101,0.029953588917851447,0.0,0.008019611239433289,0.0,0.11843450367450714
1591,9.3616965750698e-05,0.006103583332151175,0.007386776804924011,0.029341764375567438,0.0,0.007925247773528099,0.0,0.11843480169773102
1592,9.896403062157333e-05,0.0059709673747420314,0.007557525672018528,0.030349692702293395,0.0,0.007875358685851097,0.0,0.11844505369663239
1593,9.875363030005246e-05,0.006298687402158975,0.007404101639986038,0.03139207847416401,0.0,0.00785774551331997,0.0,0.11846350133419037
1594,0.00010372669494245202,0.006162788067013025,0.007894776295870543,0.028800904005765914,0.0,0.007860304787755013,0.0,0.11849383264780045
1595,9.503687178948894e-05,0.006009224988520146,0.007174186781048775,0.029873607307672502,0.0,0.007870306260883808,0.0,0.11851576715707779
1596,0.0001034024273394607,0.006271874625235796,0.007214959990233183,0.02954167053103447,0.0,0.00784680712968111,0.0,0.11854362487792969
1597,9.729259327286854e-05,0.006256972998380661,0.007608726806938648,0.030265843495726585,0.0,0.007788314018398523,0.0,0.11855807155370712
1598,9.820408304221928e-05,0.006090362276881933,0.007967050932347775,0.028543858602643014,0.0,0.007710209582000971,0.0,0.11856059730052948
1599,0.00010293213999830186,0.006194116175174713,0.00738749485462904,0.02902768775820732,0.0,0.007636213209480047,0.0,0.11855360120534897
1600,0.00010728724009823054,0.006293398328125477,0.007382750790566206,0.029726062342524527,0.0,0.007658794522285461,0.0,0.11853845417499542
1601,0.0001019359566271305,0.005973309557884931,0.00727328509092331,0.028546540066599846,0.0,0.007858172990381718,0.0,0.11853907257318497
1602,9.583322098478675e-05,0.006088961008936166,0.007602096814662218,0.028573080152273177,0.0,0.008028018288314342,0.0,0.11854813247919083
1603,9.425465832464397e-05,0.006302070897072553,0.00749031500890851,0.03054925091564655,0.0,0.008097590878605843,0.0,0.11855199187994003
1604,9.880535071715713e-05,0.006094036996364594,0.007601514086127281,0.02731544114649296,0.0,0.008089036680758,0.0,0.11855874955654144
1605,9.314049675595016e-05,0.0064103475771844385,0.007752975914627314,0.02989751100540161,0.0,0.008042166009545326,0.0,0.11855261027812958
1606,9.750236640684306e-05,0.0062417563982307914,0.007754084467887878,0.029321202635765077,0.0,0.007967019453644753,0.0,0.11855445057153702
1607,0.0001019937713863328,0.006182661559432745,0.007972318585962057,0.028411755710840224,0.0,0.00788347888737917,0.0,0.1185612678527832
1608,0.00010692954092519357,0.005892236810177564,0.007457156758755445,0.027800197899341583,0.0,0.007826374843716621,0.0,0.11854499578475952
1609,9.505646739853546e-05,0.006265386752784252,0.007523441780358553,0.02875212989747524,0.0,0.007756332401186228,0.0,0.11854243278503418
1610,9.226724650943652e-05,0.006105208955705166,0.0075389713048934935,0.028562532737851143,0.0,0.007673806045204401,0.0,0.11854753643274307
1611,9.928101790137588e-05,0.006124868430197239,0.0075356453657150265,0.026958711445331573,0.0,0.007601623423397541,0.0,0.1185440793633461
1612,0.000101070138043724,0.006027579866349697,0.007481913361698389,0.02907194308936596,0.0,0.0075498903170228004,0.0,0.1185348853468895
1613,0.00010048419935628771,0.005962087959051132,0.007740907557308674,0.030680619180202484,0.0,0.007525830063968897,0.0,0.1185431033372879
1614,9.762978443177417e-05,0.006210638768970966,0.007426194194704294,0.029241613671183588,0.0,0.007505334913730621,0.0,0.11855558305978775
1615,9.313987975474447e-05,0.006034066248685121,0.007266449462622404,0.028097710758447646,0.0,0.007459767162799835,0.0,0.11856013536453247
1616,0.00010124170657945796,0.006036568246781826,0.007103714998811484,0.03018101043999195,0.0,0.007420328911393881,0.0,0.11855043470859528
1617,9.398976108059287e-05,0.006302840169519186,0.007099553011357784,0.028061867877840995,0.0,0.0074862102046608925,0.0,0.11854817718267441
1618,9.346968727186322e-05,0.006047098152339459,0.007297389768064022,0.02840823456645012,0.0,0.0075892372988164425,0.0,0.11853041499853134
1619,9.560703038005158e-05,0.006023098807781934,0.007538566738367081,0.03001322001218796,0.0,0.007636568509042263,0.0,0.11851538717746735
1620,9.907256171572953e-05,0.006214597728103399,0.0074057536199688915,0.029667812585830688,0.0,0.007661537267267704,0.0,0.1184980645775795
1621,9.347202721983194e-05,0.006167562585324049,0.008044896554201842,0.02836993709206581,0.0,0.007655320223420858,0.0,0.11848784983158112
1622,9.812741627683863e-05,0.006028276681900024,0.007697785459458828,0.029894885420799256,0.0,0.007608878426253796,0.0,0.11848457902669907
1623,9.705751726869493e-05,0.006390116270631551,0.007701831962913274,0.02854454144835472,0.0,0.007559714373201132,0.0,0.11848865449428558
1624,9.780542022781446e-05,0.005973439384251833,0.007163126766681671,0.027456244453787804,0.0,0.00752172339707613,0.0,0.11849360167980194
1625,9.14796328288503e-05,0.006075565796345472,0.007300814148038626,0.029361912235617637,0.0,0.007534240838140249,0.0,0.11848561465740204
1626,0.00010378957958891987,0.006142265442758798,0.00761612607166171,0.029540519416332244,0.0,0.007568767759948969,0.0,0.11847108602523804
1627,0.00010355396952945738,0.006428439728915691,0.0072744060307741165,0.029274734482169152,0.0,0.007604652550071478,0.0,0.11845386028289795
1628,0.00010140597150893882,0.006155839283019304,0.007551007904112339,0.030011655017733573,0.0,0.007688635494560003,0.0,0.11846067011356354
1629,0.00010081211949000135,0.006032919231802225,0.00749941049143672,0.029620322957634927,0.0,0.007827440276741982,0.0,0.11847374588251114
1630,9.667967824498192e-05,0.005988805554807186,0.00746732009574771,0.028092516213655473,0.0,0.007893659174442291,0.0,0.11845722049474716
1631,9.681989904493093e-05,0.00598047561943531,0.006872037053108215,0.029083628207445145,0.0,0.007894462905824184,0.0,0.1184445470571518
1632,0.00010246038000332192,0.006034948863089085,0.007019262108951807,0.029084214195609092,0.0,0.007870176807045937,0.0,0.11843033134937286
1633,9.383470460306853e-05,0.006336252298206091,0.006883119884878397,0.02927437461912632,0.0,0.007807923946529627,0.0,0.11841539293527603
1634,9.831930656218901e-05,0.006185454223304987,0.007019285764545202,0.028978696465492247,0.0,0.007736213505268097,0.0,0.11841456592082977
1635,9.711102757137269e-05,0.006020653154700994,0.007004522439092398,0.028419051319360733,0.0,0.007666938938200474,0.0,0.1183929592370987
1636,0.00010426111257402226,0.005984627362340689,0.006966942548751831,0.030677299946546555,0.0,0.007601024117320776,0.0,0.11836542934179306
1637,8.430157613474876e-05,0.006212471611797809,0.007004702184349299,0.029117751494050027,0.0,0.007539291866123676,0.0,0.118382528424263
1638,9.52029920881614e-05,0.006398543063551187,0.007051817327737808,0.02993556819856167,0.0,0.007476522587239742,0.0,0.118415966629982
1639,9.75269140326418e-05,0.006092160288244486,0.0070942329242825505,0.028149148821830748,0.0,0.007414191961288452,0.0,0.11843226104974747
1640,9.611703862901776e-05,0.0060419334098696705,0.007195013388991356,0.02781309112906456,0.0,0.007370850536972284,0.0,0.11844749748706818
1641,9.654264431446791e-05,0.00603333730250597,0.007118639722466469,0.03102039024233818,0.0,0.007342010736465454,0.0,0.11844776570796967
1642,9.407971228938549e-05,0.005976303946226835,0.007071197871118784,0.028754131868481636,0.0,0.007314357906579971,0.0,0.11846153438091278
1643,9.567299421178176e-05,0.006044977065175772,0.007434108480811119,0.028225309029221535,0.0,0.0072729578241705894,0.0,0.1185043603181839
1644,0.0001056468827300705,0.006235953513532877,0.007337672729045152,0.02928890623152256,0.0,0.007221481762826443,0.0,0.118536576628685
1645,0.00010286674223607406,0.006022197287529707,0.007569739874452352,0.028582362085580827,0.0,0.007165462709963322,0.0,0.11854295432567596
1646,9.126377408392727e-05,0.006390152126550674,0.00741710402071476,0.02905108816921711,0.0,0.007146412972360849,0.0,0.118541419506073
1647,9.703627292765305e-05,0.006042362283915281,0.007357646618038416,0.0276643592864275,0.0,0.007190867327153683,0.0,0.1185310110449791
1648,9.595302690286189e-05,0.006156803201884031,0.006799580808728933,0.028740222007036208,0.0,0.007233241107314825,0.0,0.11850742995738983
1649,9.736358042573556e-05,0.005996535066515207,0.00671858498826623,0.030580954253673555,0.0,0.0072763292118906975,0.0,0.11849848926067352
1650,0.00010305375180905685,0.006043051555752754,0.00671094274148345,0.028419963270425796,0.0,0.007331070955842733,0.0,0.11847810447216034
1651,9.954603447113187e-05,0.006093393545597792,0.0071133246645331384,0.028528397902846336,0.0,0.007356228772550821,0.0,0.11846139281988144
1652,9.982202609535307e-05,0.006166752241551876,0.007137008104473352,0.028384912014007568,0.0,0.007359068840742111,0.0,0.11843959242105484
1653,9.5513895212207e-05,0.006204071175307036,0.007254627160727977,0.030667391791939735,0.0,0.007346636615693569,0.0,0.11841747909784317
1654,0.00010167841101065278,0.006116406060755253,0.0076000064611434935,0.027580898255109787,0.0,0.007340545300394297,0.0,0.11840172111988068
1655,9.557849843986333e-05,0.006004700064659118,0.007235653977841139,0.028424583747982977,0.0,0.007344258017838001,0.0,0.11838860809803009
1656,0.0001003037832560949,0.006117167882621288,0.006892443727701902,0.028361495956778525,0.0,0.0073446608148515224,0.0,0.11841347068548203
1657,9.869544010143727e-05,0.006191971339285373,0.00732213044539094,0.030010149255394934,0.0,0.007325131446123123,0.0,0.11843059211969376
1658,9.263915126211941e-05,0.006165850069373846,0.007421114295721054,0.028960297256708144,0.0,0.007277688942849636,0.0,0.11843595653772354
1659,0.00010361818713136017,0.006264444347470999,0.007223806623369455,0.029672378301620485,0.0,0.007217555306851864,0.0,0.11844374239444733
1660,9.618370822863653e-05,0.006120356172323227,0.007425819057971239,0.028000126779079437,0.0,0.007228919770568609,0.0,0.11844196170568466
1661,9.257389028789475e-05,0.006096344999969005,0.00702222678810358,0.028737616539001466,0.0,0.0073842271231114864,0.0,0.11842568963766098
1662,0.00010280398419126868,0.006169895362108946,0.007617586106061935,0.028827477619051932,0.0,0.0075540924444794655,0.0,0.11841912567615509
1663,9.796489030122757e-05,0.006128310691565275,0.00789540857076645,0.030170651525259017,0.0,0.007649283856153488,0.0,0.11841829866170883
1664,9.683213429525494e-05,0.006407849118113517,0.00783300083130598,0.028030196949839593,0.0,0.007656506262719631,0.0,0.11842995882034302
1665,8.787205297267064e-05,0.006232146546244622,0.007441465184092522,0.028351891040802,0.0,0.007607700768858194,0.0,0.11843056976795197
1666,9.597161842975766e-05,0.0062088299542665485,0.007474815566092729,0.028457282483577727,0.0,0.007567855529487133,0.0,0.11841101944446564
1667,0.00010049004922620952,0.006264223996549845,0.007876003254204988,0.029546493664383888,0.0,0.007574990391731262,0.0,0.11838699877262115
1668,0.00010564877156866714,0.006104835495352745,0.007582492008805275,0.028995072469115257,0.0,0.007640078663825989,0.0,0.11837626993656158
1669,9.40812155022286e-05,0.006253418978303671,0.007494747173041105,0.028312948346138,0.0,0.007715902291238308,0.0,0.11838772147893906
1670,0.00010054160229628905,0.006171648763120175,0.0072508474811911585,0.028625326976180077,0.0,0.007737053092569113,0.0,0.11840560287237167
1671,9.907969651976601e-05,0.006083239614963531,0.007712486106902361,0.029833851382136345,0.0,0.007732871919870377,0.0,0.1184220165014267
1672,9.241382795153186e-05,0.005972741544246674,0.007488904800266027,0.027341147884726524,0.0,0.00769584346562624,0.0,0.11843006312847137
1673,9.730842430144548e-05,0.006119818333536387,0.007502880319952965,0.028341925889253616,0.0,0.007618728093802929,0.0,0.11842362582683563
1674,9.763421548996121e-05,0.00594462277367711,0.0077089449390769,0.02952854782342911,0.0,0.007545934524387121,0.0,0.11840454488992691
1675,8.900952088879422e-05,0.0061409339308738705,0.007151308935135603,0.02917601391673088,0.0,0.00746588921174407,0.0,0.11839375644922256
1676,9.946519567165524e-05,0.0060929832048714164,0.007564791198819876,0.027333634346723555,0.0,0.007386134006083012,0.0,0.11839032173156738
1677,9.409022168256342e-05,0.006324036419391632,0.0070431077852845195,0.029691881313920022,0.0,0.007332448847591877,0.0,0.11838272958993912
1678,0.00010069632407976315,0.006320642586797476,0.007432714570313692,0.02909955084323883,0.0,0.007283427752554417,0.0,0.1183893084526062
1679,9.673281892901287e-05,0.006018279865384102,0.007317529339343309,0.028799154981970786,0.0,0.007372632622718811,0.0,0.11838670819997787
1680,9.899579745251686e-05,0.0061900937929749485,0.007268771715462208,0.02810496911406517,0.0,0.00755535950884223,0.0,0.11837974935770035
1681,9.828690381255e-05,0.006199150905013084,0.007699608989059925,0.03043946102261543,0.0,0.00769656291231513,0.0,0.11837366968393326
1682,0.000102644445723854,0.005781103111803532,0.008033687062561513,0.029781244322657587,0.0,0.0078184325248003,0.0,0.11836852133274078
1683,0.00010800252493936568,0.005843750666826963,0.008300489187240601,0.029520411416888236,0.0,0.007891476154327393,0.0,0.11838088184595108
1684,0.00010733457311289385,0.00599377928301692,0.008163800090551376,0.028604350239038467,0.0,0.007879618555307388,0.0,0.11838771402835846
1685,9.77830437477678e-05,0.006017136853188276,0.007482395879924298,0.02847403697669506,0.0,0.007821721956133842,0.0,0.11838003247976303
1686,9.185800154227763e-05,0.006154509354382753,0.007395149767398834,0.03064212538301945,0.0,0.0077430009841918945,0.0,0.11838264763355255
1687,0.00010179356759181246,0.006101395376026631,0.007357050944119692,0.030059649050235747,0.0,0.007684244308620691,0.0,0.11841033399105072
1688,9.67882398981601e-05,0.006198399420827627,0.007435012329369784,0.03027440533041954,0.0,0.007667336612939835,0.0,0.11842513084411621
1689,9.220600331900641e-05,0.006137591879814863,0.007449342962354421,0.02839762307703495,0.0,0.007688968442380428,0.0,0.1184367761015892
1690,9.636444883653894e-05,0.006157766189426183,0.007514453213661909,0.029180505499243736,0.0,0.007708979304879904,0.0,0.1184496134519577
1691,9.533774136798457e-05,0.006147162616252899,0.007542741391807795,0.030015376210212708,0.0,0.0077668302692472935,0.0,0.11845208704471588
1692,0.00010123572719749064,0.00614702682942152,0.007615443505346775,0.028746450319886208,0.0,0.007856089621782303,0.0,0.11845634877681732
1693,9.147654054686427e-05,0.006170920189470052,0.00774788148701191,0.029170946776866914,0.0,0.00788123533129692,0.0,0.11845686286687851
1694,9.984401986002922e-05,0.006206548772752285,0.007351648900657893,0.028421857208013535,0.0,0.007850751280784607,0.0,0.11845694482326508
1695,9.130298858508467e-05,0.006157455407083035,0.007675314508378506,0.027324162796139716,0.0,0.007853565737605095,0.0,0.11844668537378311
1696,9.662217053119093e-05,0.006375073082745075,0.007051956467330455,0.029867639392614366,0.0,0.007952811196446419,0.0,0.11843135207891464
1697,9.568611421855167e-05,0.006442631129175425,0.007728652562946081,0.028903232142329215,0.0,0.00805562362074852,0.0,0.11843205988407135
1698,0.00010492274886928499,0.006200740579515696,0.007554581575095654,0.02817375250160694,0.0,0.008332770317792892,0.0,0.11844216287136078
1699,9.722846152726561e-05,0.005977840255945921,0.007890902925282717,0.028543628752231598,0.0,0.008662831969559193,0.0,0.11844412982463837
1700,9.164602670352906e-05,0.0059798859059810635,0.007428019400686025,0.029380978643894197,0.0,0.008855224587023258,0.0,0.11842473596334457
1701,9.513081313343719e-05,0.006231740023940802,0.007767543382942677,0.02876183167099953,0.0,0.008942142128944397,0.0,0.11840285360813141
1702,0.00010155207273783162,0.006074359454214573,0.007065252680331468,0.029536187648773193,0.0,0.008957748301327229,0.0,0.11839946359395981
1703,9.053567191585898e-05,0.006294997408986092,0.007342757750302553,0.029535166546702386,0.0,0.00890452228486538,0.0,0.11840112507343292
1704,8.992153161671012e-05,0.006071549095213413,0.007210459001362324,0.028804213926196098,0.0,0.008780531585216522,0.0,0.1183982640504837
1705,9.87224659183994e-05,0.006158933509141207,0.007259117066860199,0.02733653485774994,0.0,0.008606262505054474,0.0,0.11838420480489731
1706,9.518528677290305e-05,0.006163319107145071,0.007474551163613796,0.02950645759701729,0.0,0.008445529267191887,0.0,0.11836805194616318
1707,9.478580905124545e-05,0.006300477124750614,0.007790445815771818,0.029955409839749335,0.0,0.00835293810814619,0.0,0.11834965646266937
1708,9.440988214919344e-05,0.006256723869591951,0.007876703515648842,0.02834896668791771,0.0,0.008276981301605701,0.0,0.11833763122558594
1709,9.788568422663957e-05,0.0059760348871350285,0.007743894588202238,0.02849235199391842,0.0,0.0081808902323246,0.0,0.11833691596984863
1710,9.906570630846545e-05,0.0062357339076697825,0.007102238945662975,0.0293663889169693,0.0,0.008054880425333977,0.0,0.11834435164928436
1711,9.831287170527502e-05,0.00619134958833456,0.007436319999396801,0.029914955794811248,0.0,0.00791944283992052,0.0,0.11834967136383057
1712,0.00010107049020007253,0.005957738682627678,0.007917605992406606,0.031157590448856354,0.0,0.007868010550737381,0.0,0.11836175620555878
1713,9.045164042618126e-05,0.006301976647228003,0.007209665514528752,0.028744841739535332,0.0,0.007890952751040459,0.0,0.11837391555309296
1714,9.160340123344212e-05,0.006054103933274746,0.00725737689062953,0.028871239721775056,0.0,0.007967012003064156,0.0,0.11838026344776154
1715,9.849031630437821e-05,0.006162056606262923,0.008022293262183667,0.02800566516816616,0.0,0.00800139270722866,0.0,0.11837364733219147
1716,9.933021792676299e-05,0.006130638625472784,0.00803826916962862,0.02758340947329998,0.0,0.008000383153557777,0.0,0.11836620420217514
1717,9.126996155828238e-05,0.0060695079155266285,0.007415668945759535,0.029371319711208342,0.0,0.00796994287520647,0.0,0.11836035549640656
1718,0.00010093310265801847,0.006052327994257212,0.007144336123019457,0.030089297145605088,0.0,0.007912938483059406,0.0,0.11835683882236481
1719,0.00010409960377728566,0.006270837411284447,0.007143562473356724,0.028890952467918396,0.0,0.007870626635849476,0.0,0.11835702508687973
1720,0.00010365357884438709,0.006026565376669168,0.0074987741187214855,0.030214184150099754,0.0,0.007857505232095718,0.0,0.11836361885070801
1721,0.0001033395339618437,0.006211596913635731,0.0073204819113016125,0.028268885985016822,0.0,0.007925482466816902,0.0,0.11837806552648544
1722,9.846523025771602e-05,0.006105849426239729,0.00757991336286068,0.030136074125766753,0.0,0.008036421611905098,0.0,0.11839091777801514
1723,0.00010267791367368773,0.006166736409068107,0.007412930112332105,0.0300004031509161,0.0,0.008119202218949795,0.0,0.11838307231664658
1724,9.534222917864099e-05,0.006107871793210507,0.007676407974213362,0.02910022847354412,0.0,0.008140875026583672,0.0,0.11838964372873306
1725,9.680069342721254e-05,0.006171176489442587,0.0074302184395492075,0.02873004451394081,0.0,0.008104412816464901,0.0,0.11841762065887451
1726,0.00010290312638971955,0.006095870677381754,0.0076651153154671196,0.029857334122061728,0.0,0.008022207766771317,0.0,0.11844681203365326
1727,9.792918426683172e-05,0.0060902110300958155,0.007724259421229363,0.02843157984316349,0.0,0.007910246029496193,0.0,0.11846296489238739
1728,9.600242046872153e-05,0.006293793022632599,0.00724008958786726,0.02838776968419552,0.0,0.007783360779285431,0.0,0.11846281588077545
1729,9.561867773300037e-05,0.006159405317157507,0.007289630733430386,0.02849866896867752,0.0,0.007656775414943695,0.0,0.11845161765813828
1730,0.00010199447424383835,0.00622822642326355,0.007517479546368122,0.029639974981546403,0.0,0.007583017461001873,0.0,0.1184505969285965
1731,0.00010625017457641662,0.006166472379118204,0.007154976855963469,0.028079722449183463,0.0,0.007588917855173349,0.0,0.11846162378787994
1732,9.41924037761055e-05,0.006181577872484923,0.0074097393080592155,0.029098904505372048,0.0,0.007676912005990744,0.0,0.11846327781677246
1733,9.415598324267194e-05,0.006156492605805397,0.0075307352468371395,0.03085752986371517,0.0,0.007763823959976435,0.0,0.11845692247152328
1734,0.00010017413442255929,0.006201164703816176,0.007524192798882723,0.02987958788871765,0.0,0.0077853514812886715,0.0,0.11846865713596344
1735,9.525984933134168e-05,0.0060669566504657265,0.007065462786704302,0.028938519954681396,0.0,0.007746194489300251,0.0,0.11848986148834229
1736,0.00010176580108236521,0.00606401851400733,0.007030019536614418,0.028388332203030588,0.0,0.007668480277061462,0.0,0.1185091882944107
1737,9.39661986194551e-05,0.006241921987384558,0.007175794988870621,0.02954171858727932,0.0,0.007585783954709768,0.0,0.11853442341089249
1738,9.675318724475802e-05,0.00638613123446703,0.007408273313194514,0.028328901156783104,0.0,0.007555234245955944,0.0,0.11856265366077423
1739,8.658872102387249e-05,0.006349044200032949,0.007088335044682026,0.027363085374236106,0.0,0.007593152578920126,0.0,0.11856494843959808
1740,9.937119175447151e-05,0.006235890835523605,0.006811533309519291,0.02921900600194931,0.0,0.007813163101673126,0.0,0.11854530870914459
1741,0.00010050899581983685,0.006182222068309784,0.006865256186574698,0.029592088609933852,0.0,0.00808895193040371,0.0,0.11852554976940155
1742,9.867049811873585e-05,0.006139995064586401,0.0069055423140525814,0.028278599306941033,0.0,0.008341250009834766,0.0,0.11851479113101959
1743,0.00010556317574810237,0.0058542098850011826,0.007145996484905481,0.027625178545713426,0.0,0.008490162901580334,0.0,0.1185126081109047
1744,9.226735273841769e-05,0.006070531252771616,0.007136697694659233,0.028791182860732078,0.0,0.008555876091122627,0.0,0.11851004511117935
1745,9.186981478706002e-05,0.005984207056462765,0.007331929076462984,0.02895416021347046,0.0,0.008528569713234901,0.0,0.11851191520690918
1746,9.541906038066373e-05,0.00608751755207777,0.00737114055082202,0.029285281151533126,0.0,0.008444814011454582,0.0,0.11850140988826752
1747,9.798423270694912e-05,0.006013066321611404,0.007242412492632866,0.02839576341211796,0.0,0.008351574651896954,0.0,0.11849614232778549
1748,9.82971119810827e-05,0.006040821131318807,0.0069999958388507364,0.028689347580075263,0.0,0.008262906223535538,0.0,0.11850283294916153
1749,9.979913447750732e-05,0.006078671757131815,0.007566468790173531,0.029421709850430487,0.0,0.008195245638489723,0.0,0.11852029711008072
1750,9.939564188243821e-05,0.006266611441969871,0.007495024707168341,0.02862686403095722,0.0,0.008111384697258472,0.0,0.11853315681219101
1751,0.00010022117639891803,0.006166456453502178,0.007094847038388252,0.02823815606534481,0.0,0.008009854704141617,0.0,0.1185445562005043
1752,9.393002837896348e-05,0.00611683251336217,0.007041553221642971,0.027966204658150674,0.0,0.007904162630438805,0.0,0.11855120956897736
1753,0.00010090198484249412,0.006205092091113329,0.0069530059583485125,0.028038156405091285,0.0,0.007809135131537914,0.0,0.11854344606399536
1754,9.803104767343029e-05,0.0061568587087094786,0.007109649572521448,0.028151822462677955,0.0,0.007756231818348169,0.0,0.11853194236755371
1755,9.538806625641882e-05,0.006230444461107254,0.007551042549312115,0.026450639590620995,0.0,0.0077115013264119625,0.0,0.11850176006555557
1756,9.972327970899641e-05,0.00618222588673234,0.007304884679615498,0.028835804760456087,0.0,0.007685952819883823,0.0,0.11846983432769775
1757,9.944265038939193e-05,0.0059925619512796405,0.007262342981994152,0.029878157004714013,0.0,0.007662614341825247,0.0,0.1184556856751442
1758,9.333642956335097e-05,0.006129252165555954,0.007208261638879776,0.02816392220556736,0.0,0.007633432745933533,0.0,0.11844678968191147
1759,9.343001584056765e-05,0.005884706787765026,0.007144880201667547,0.028417206183075906,0.0,0.007593718357384205,0.0,0.11844003200531006
1760,0.00010272360377712175,0.006134333647787571,0.007220503408461809,0.028775038197636604,0.0,0.0075449468567967415,0.0,0.11841490119695663
1761,9.620092023396865e-05,0.006122973095625639,0.006667344830930233,0.02882618010044098,0.0,0.00748201459646225,0.0,0.11837494373321533
1762,9.759365348145365e-05,0.00609962847083807,0.007027998473495245,0.029292233660817145,0.0,0.007407511584460735,0.0,0.1183381900191307
1763,9.463946335017682e-05,0.0059500583447515965,0.007199230510741473,0.029795772209763528,0.0,0.00733591103926301,0.0,0.11832990497350693
1764,9.803880675463006e-05,0.006016536615788937,0.007264187838882208,0.02875121608376503,0.0,0.0072795129381120205,0.0,0.11833465099334717
1765,0.00011754146398743615,0.006193458009511233,0.007351589016616344,0.03034014031291008,0.0,0.007271412760019302,0.0,0.1183529868721962
1766,0.00010194345086347311,0.005999017506837845,0.0075803656131029126,0.027632977068424224,0.0,0.007279818411916494,0.0,0.11838145554065704
1767,9.333517227787525e-05,0.005840979516506195,0.007061454933136702,0.029223265871405602,0.0,0.007264426443725824,0.0,0.11839809268712997
1768,9.932605753419921e-05,0.0061544949188828465,0.007701573614031077,0.03081245645880699,0.0,0.007237415760755539,0.0,0.11841396242380142
1769,9.657969058025628e-05,0.005992915667593479,0.007302809227257967,0.028300847485661508,0.0,0.007238368038088083,0.0,0.11842940002679825
1770,9.692420571809635e-05,0.006159159168601036,0.007911847624927758,0.029175318032503127,0.0,0.0072696879506111145,0.0,0.11844140291213989
1771,9.314506023656577e-05,0.006103433854877949,0.0077384116128087045,0.028294018283486367,0.0,0.007304941304028034,0.0,0.11845608055591583
1772,8.842796960379928e-05,0.006114637572318315,0.007987927179783583,0.02839875966310501,0.0,0.007329380605369806,0.0,0.11846722662448883
1773,9.123929339693859e-05,0.0060053147375583645,0.007476015854626894,0.028381503745913507,0.0,0.00735536077991128,0.0,0.11846622079610825
1774,9.867243788903579e-05,0.005713776778429746,0.007340090163052082,0.028958187624812125,0.0,0.0073609622195363045,0.0,0.11844845861196518
1775,0.00010366403730586172,0.006316099409013986,0.0071839517913758755,0.029374077171087264,0.0,0.007345417980104685,0.0,0.11843805015087128
1776,0.00010020424524554983,0.005938919354230165,0.007529147248715162,0.029718266054987907,0.0,0.007345101330429316,0.0,0.11841855943202972
1777,9.734876948641613e-05,0.006117567420005798,0.0076452154666185376,0.029187104478478432,0.0,0.007348305080085993,0.0,0.11839759349822998
1778,0.00010195447684964165,0.006144953891634941,0.0072704476304352285,0.02903454825282097,0.0,0.007366812787950039,0.0,0.11838012933731079
1779,9.201225184369832e-05,0.006141921691596508,0.007370168436318636,0.029420123249292374,0.0,0.007359239272773266,0.0,0.1183817982673645
1780,9.45389605476521e-05,0.006187029834836722,0.007728564273566008,0.02888900712132454,0.0,0.007335394620895386,0.0,0.11839161813259125
1781,8.883326809154824e-05,0.006193751934915781,0.007495142426341772,0.028943957015872,0.0,0.007324617356061935,0.0,0.11839719861745834
1782,9.525208151899278e-05,0.0062225740402936935,0.007230439037084579,0.028749292716383934,0.0,0.007356321904808283,0.0,0.11840919405221939
1783,9.522575419396162e-05,0.006200510729104281,0.007341860979795456,0.029318851232528687,0.0,0.007402791175991297,0.0,0.11842113733291626
1784,9.174671140499413e-05,0.00599062480032444,0.007226424757391214,0.02935338206589222,0.0,0.007426321506500244,0.0,0.11842547357082367
1785,9.834619122557342e-05,0.006048837676644325,0.007537722773849964,0.029401975125074385,0.0,0.007393269799649715,0.0,0.11842825263738632
1786,9.321010438725352e-05,0.006316340249031782,0.007584251277148723,0.028743015974760054,0.0,0.007324146572500467,0.0,0.11843112856149673
1787,9.432255174033344e-05,0.006124864984303713,0.0076067885383963585,0.029540710523724555,0.0,0.007272475399076939,0.0,0.11842100322246552
1788,9.894053800962865e-05,0.006079163495451212,0.007199248299002647,0.02987883985042572,0.0,0.007264970801770687,0.0,0.11840493977069855
1789,0.00010295845131622628,0.006377010606229305,0.0077900422737002374,0.028575710579752923,0.0,0.007269948720932007,0.0,0.11840180307626724
1790,9.55846393480897e-05,0.006220014300197363,0.007413334306329488,0.029681914672255515,0.0,0.007292998488992453,0.0,0.11839751899242401
1791,0.00011187017953488976,0.0061011179350316525,0.007390985265374184,0.029341354221105575,0.0,0.007392037659883499,0.0,0.11839661747217178
1792,9.521745087113232e-05,0.0062573935836553575,0.0071222840808331965,0.028006904199719428,0.0,0.007492442615330219,0.0,0.11840353906154633
1793,0.00010261051065754145,0.00585043178871274,0.007127425819635391,0.029318565130233766,0.0,0.007525484077632427,0.0,0.11841873079538345
1794,8.926831651479006e-05,0.005833821836858988,0.007710775546729565,0.028386485949158668,0.0,0.00749511644244194,0.0,0.11842767894268036
1795,9.371561609441414e-05,0.00610143905505538,0.0073700866661965845,0.02991773635149002,0.0,0.007454653736203909,0.0,0.11842012405395508
1796,0.00010229876643279568,0.006063374690711498,0.007845679484307765,0.028728828951716422,0.0,0.007440945599228144,0.0,0.11840029060840607
1797,9.956117864931002e-05,0.006303177773952484,0.007500182278454304,0.029488059505820275,0.0,0.007424339652061462,0.0,0.11840479075908661
1798,9.812101488932967e-05,0.006180990394204855,0.007168123312294483,0.02856767438352108,0.0,0.007402296178042889,0.0,0.1184113621711731
1799,0.00010364974441472441,0.006202032510191202,0.007489366456866264,0.028305045515298843,0.0,0.007433383725583553,0.0,0.11840953677892685
1800,9.849269699770957e-05,0.0060890322551131245,0.007654673885554075,0.029171791300177573,0.0,0.007585613988339901,0.0,0.11839218437671661
1801,9.542927728034556e-05,0.005830220319330693,0.007129531912505626,0.02893165349960327,0.0,0.007704835385084152,0.0,0.11837182939052582
1802,9.38834753469564e-05,0.006062316801398992,0.007393786311149597,0.02857804633677006,0.0,0.00777046661823988,0.0,0.1183638721704483
1803,9.74399212282151e-05,0.006296008825302124,0.007258337922394276,0.02908962033689022,0.0,0.007787584327161312,0.0,0.11836433410644531
1804,9.59275450441055e-05,0.005975058022886515,0.007686666399240494,0.029157879576087,0.0,0.007830503396689892,0.0,0.11836745589971542
1805,9.910570370266213e-05,0.0061242558062076565,0.007141874358057976,0.02977155111730099,0.0,0.007850569672882557,0.0,0.11836850643157959
1806,0.00010450437694089487,0.006285355519503355,0.007283900678157806,0.029193041473627092,0.0,0.007874889299273491,0.0,0.11837997287511826
1807,0.00010449869587318972,0.006045094039291143,0.00698675811290741,0.02949144095182419,0.0,0.007873705588281155,0.0,0.11839883029460907
1808,9.91291381069459e-05,0.0062549513764679435,0.007655273657292128,0.028723107650876045,0.0,0.007828690111637115,0.0,0.11841098219156265
1809,9.114797139773146e-05,0.006295354571193457,0.007247962243855,0.028207724168896674,0.0,0.007752696983516216,0.0,0.11840230226516724
1810,9.752059122547507e-05,0.006003551091998816,0.007095907907932996,0.02974294312298298,0.0,0.007712857332080603,0.0,0.11839558184146881
1811,9.039683063747362e-05,0.0061549307778477665,0.0075179838575422766,0.0296897541731596,0.0,0.007780890911817551,0.0,0.11839403957128525
1812,9.140801121247933e-05,0.006133746821433306,0.006966986041516065,0.029933498427271842,0.0,0.007867464795708656,0.0,0.11841197311878204
1813,8.922992565203458e-05,0.006267391331493855,0.007137496303766966,0.028460616990923882,0.0,0.007948644459247589,0.0,0.1184343695640564
1814,9.278772049583494e-05,0.006111844442784786,0.007593612186610699,0.029539567604660987,0.0,0.00797959603369236,0.0,0.1184539645910263
1815,9.07725319848396e-05,0.0060649760067462925,0.007582287210971117,0.030941981077194213,0.0,0.007938974536955357,0.0,0.11846808344125748
1816,0.00010169024171773345,0.006002004444599152,0.007132415659725666,0.028649908304214478,0.0,0.00785104464739561,0.0,0.11848346143960953
1817,0.0001021871721604839,0.006059928238391877,0.007295647077262402,0.029464270174503326,0.0,0.007739508990198374,0.0,0.118477962911129
1818,9.904517937684432e-05,0.006208373885601759,0.007071851566433906,0.02991836741566658,0.0,0.007620762102305889,0.0,0.11846882104873657
1819,0.00010357667342759669,0.006116545852273702,0.0069824174046516415,0.030108675360679626,0.0,0.007512836251407862,0.0,0.11845972388982773
1820,0.00010263818112434819,0.005994083546102047,0.007359990105032921,0.029246631264686584,0.0,0.00744670769199729,0.0,0.11846201121807098
1821,9.081682801479474e-05,0.006177612859755754,0.007376382686197757,0.0282011765986681,0.0,0.007423336151987314,0.0,0.1184651106595993
1822,0.00010263276053592562,0.00613342747092247,0.008030834048986435,0.028737805783748627,0.0,0.007398006971925497,0.0,0.1184619888663292
1823,9.619115735404193e-05,0.006121409684419632,0.007837874442338943,0.02801326513290405,0.0,0.007413687650114298,0.0,0.11845066398382187
1824,9.939172741724178e-05,0.0061524643562734125,0.007813433371484279,0.02918665446341038,0.0,0.0074214874766767025,0.0,0.11843681335449219
1825,0.00010142385290237143,0.006209220364689827,0.008119182474911214,0.028582205623388292,0.0,0.0073915766552090645,0.0,0.11842061579227448
1826,0.0001000878619379364,0.006099741440266371,0.007720429915934801,0.02779366448521614,0.0,0.0073504820466041565,0.0,0.11840331554412842
1827,9.667361300671473e-05,0.006236456334590912,0.007849964126944543,0.02962056137621403,0.0,0.007365362253040075,0.0,0.11839187145233154
1828,9.824451117310674e-05,0.006167591176927089,0.007600449677556753,0.02935561500489712,0.0,0.007375678513199091,0.0,0.11838594824075699
1829,9.410890925209969e-05,0.006139037478715181,0.007524228375405073,0.029195616766810418,0.0,0.007384851574897766,0.0,0.11837899684906006
1830,9.3982026737649e-05,0.005806647520512342,0.007594284787774086,0.02872917577624321,0.0,0.0073758140206336975,0.0,0.11836127936840057
1831,9.851413051364943e-05,0.006260710209608078,0.007273241691291332,0.02950332947075367,0.0,0.007352976594120264,0.0,0.1183454617857933
1832,9.063956676982343e-05,0.0063095190562307835,0.007997503876686097,0.029987160861492158,0.0,0.007340691983699799,0.0,0.11833329498767853
1833,9.073904075194151e-05,0.006055746879428625,0.007918183784931898,0.029373139142990112,0.0,0.007365123834460974,0.0,0.11832241714000702
1834,9.126148070208729e-05,0.006106676906347275,0.007800317276269198,0.02914104759693146,0.0,0.007359765470027924,0.0,0.1183110848069191
1835,9.796753147384152e-05,0.006041847448796034,0.008222868479788304,0.03100706897675991,0.0,0.007315285503864288,0.0,0.11831337213516235
1836,0.00010023134964285419,0.006090503465384245,0.00798442428931594,0.02866625338792801,0.0,0.007275198586285114,0.0,0.11832541227340698
1837,9.625432721804827e-05,0.0058884331956505775,0.007606954779475927,0.029376082867383958,0.0,0.007228940725326538,0.0,0.11832821369171143
1838,9.257010678993538e-05,0.006246284767985344,0.007934463396668433,0.02949409671127796,0.0,0.007198922336101532,0.0,0.11832449585199356
1839,9.214464953402057e-05,0.00588187538087368,0.00778495566919446,0.028191450610756875,0.0,0.007261320948600769,0.0,0.11832904815673828
1840,0.00010310890502296388,0.006101036723703146,0.007677959278225899,0.028816258534789085,0.0,0.007398971822112799,0.0,0.11832745373249054
1841,9.949031955329702e-05,0.0061586562544107435,0.007771989796310663,0.029906193166971205,0.0,0.00750251580029726,0.0,0.11832849681377411
1842,9.961957111954689e-05,0.006084882374852896,0.007534682657569647,0.029590646177530287,0.0,0.0075334208086133,0.0,0.11831904947757721
1843,0.00010062749497592449,0.0062566247768700125,0.007164548896253109,0.028877198696136475,0.0,0.007516288664191961,0.0,0.11831339448690414
1844,9.616245370125398e-05,0.006019464135169983,0.007445206958800554,0.02886701300740242,0.0,0.007507106754928827,0.0,0.11833087354898453
1845,9.567426750436425e-05,0.006278074253350497,0.007322323881089688,0.028744459524750708,0.0,0.007494963705539703,0.0,0.11833874881267548
1846,9.818803082453086e-05,0.006009503453969956,0.007221673894673586,0.02889298088848591,0.0,0.007513416465371847,0.0,0.11833679676055908
1847,9.58882475970313e-05,0.006083517894148826,0.007302386220544577,0.029620563238859178,0.0,0.007547950837761164,0.0,0.11833490431308746
1848,0.0001034555330988951,0.006155507825314999,0.007347119320183992,0.03178137391805649,0.0,0.0075752511620521545,0.0,0.1183634027838707
1849,8.730607951292768e-05,0.006123353820294141,0.007778113801032304,0.028744493424892426,0.0,0.007584993727505207,0.0,0.11840565502643585
1850,9.80901881121099e-05,0.0060761841014027596,0.007474458590149879,0.029388126730918885,0.0,0.0075606973841786385,0.0,0.1184278130531311
1851,9.47791151702404e-05,0.006234323047101498,0.007289573363959789,0.028423339873552323,0.0,0.007509849965572357,0.0,0.11842000484466553
1852,0.00010441980848554521,0.006092774961143732,0.007291506975889206,0.02878715582191944,0.0,0.007458594627678394,0.0,0.1184077262878418
1853,0.0001011744374409318,0.00619757566601038,0.007204356137663126,0.02856404855847359,0.0,0.007395352236926556,0.0,0.11840711534023285
1854,9.499115403741599e-05,0.005872194934636354,0.007445260230451822,0.02774112895131111,0.0,0.007332270033657551,0.0,0.11839346587657928
1855,9.515974670648575e-05,0.00590997589752078,0.007528580259531736,0.029004286974668503,0.0,0.00726697314530611,0.0,0.11836832761764526
1856,9.577123710187152e-05,0.0061035390011966225,0.00743946973234415,0.028492305427789688,0.0,0.007194391451776028,0.0,0.11835044622421265
1857,0.00010670257470337673,0.0062315593473613266,0.007344845309853553,0.02962266094982624,0.0,0.007160809822380543,0.0,0.11832960695028305
1858,9.873834060272201e-05,0.006073321308940649,0.007295693177729845,0.02820790484547615,0.0,0.007246574852615595,0.0,0.1183139830827713
1859,9.730311139719561e-05,0.006013346556574106,0.007561799976974726,0.02906514108181,0.0,0.007354880683124065,0.0,0.11830296367406845
1860,9.627853723941371e-05,0.006209548283368349,0.006961754430085421,0.029078247398138045,0.0,0.007436439394950867,0.0,0.1183045506477356
1861,9.9388396483846e-05,0.006267040595412254,0.00803028978407383,0.028548619896173476,0.0,0.007517344318330288,0.0,0.11830850690603256
1862,9.999882458942012e-05,0.005847337283194065,0.007954755239188671,0.029731789231300355,0.0,0.00755529198795557,0.0,0.11830364167690277
1863,9.885057079372928e-05,0.006106788292527199,0.007659422792494297,0.029740136489272116,0.0,0.00753085408359766,0.0,0.11830289661884308
1864,9.539942111587152e-05,0.006224441342055798,0.007915415242314339,0.02873831056058407,0.0,0.007511296775192022,0.0,0.11829306185245514
1865,9.660354990046472e-05,0.006098655983805656,0.007950929366052151,0.0281687643378973,0.0,0.00757348258048296,0.0,0.11829972267150879
1866,0.00010236359667032957,0.00617594737559557,0.007469683699309826,0.029416799917817114,0.0,0.007703843526542187,0.0,0.11830738931894302
1867,9.675995097495616e-05,0.006244971230626106,0.007609433028846979,0.027969350665807725,0.0,0.007926352322101593,0.0,0.1183086484670639
1868,9.942549659172072e-05,0.006008392106741667,0.007637143414467573,0.028997352346777916,0.0,0.008104482665657997,0.0,0.11829163879156113
1869,0.00010185080755036325,0.005868755560368299,0.007803939655423165,0.027979741618037225,0.0,0.008203532546758652,0.0,0.11829258501529694
1870,9.051870001712814e-05,0.005872141383588314,0.007702022697776556,0.028818510100245477,0.0,0.008266469463706017,0.0,0.11830160766839981
1871,0.00010119844373548403,0.00606987439095974,0.007241335976868868,0.028451189398765564,0.0,0.008345554582774639,0.0,0.11831046640872955
1872,0.00010196450748480856,0.006299738399684429,0.00766399409621954,0.02894507572054863,0.0,0.008435774594545364,0.0,0.11831919848918915
1873,9.75157876382582e-05,0.006307190749794245,0.007668569963425398,0.03100680001080036,0.0,0.008515775203704834,0.0,0.11831264197826385
1874,9.617390023777261e-05,0.006052017956972122,0.007147007342427969,0.028545691445469857,0.0,0.008505047298967838,0.0,0.11830367147922516
1875,9.332507033832371e-05,0.005993475113064051,0.0079657681286335,0.029628487676382063,0.0,0.008417588658630848,0.0,0.11829783022403717
1876,9.164319490082563e-05,0.006086781527847052,0.00749589130282402,0.030686935037374498,0.0,0.008310389705002308,0.0,0.1182943731546402
1877,8.990783244371414e-05,0.006219436042010784,0.007727757841348648,0.02905927374958992,0.0,0.008188501931726933,0.0,0.11830614507198334
1878,8.936861122492701e-05,0.0059196844696998594,0.007782032899558544,0.02897023931145668,0.0,0.00806523859500885,0.0,0.11831221729516983
1879,9.782232809811831e-05,0.006159268785268068,0.007579404953867197,0.028993486985564233,0.0,0.007956991903483868,0.0,0.11830975115299225
1880,0.00010322583402739837,0.006168852373957634,0.0074085182510316375,0.029438231140375137,0.0,0.00784938782453537,0.0,0.11831768602132797
1881,8.641185122542084e-05,0.0061393437907099726,0.007326711155474186,0.028445348888635636,0.0,0.0077382237650454044,0.0,0.11831843852996826
1882,0.00010188798769377172,0.006103852670639754,0.007618328835815191,0.02756580002605915,0.0,0.007655957248061895,0.0,0.11831619590520859
1883,8.935847727116197e-05,0.006130381673574448,0.007338767312467099,0.02965954765677452,0.0,0.007642172276973724,0.0,0.11830957233905792
1884,0.00010121885279659181,0.006240053754299879,0.006893844716250897,0.02981305867433548,0.0,0.007624203804880381,0.0,0.11830317974090576
1885,9.732616890687496e-05,0.006098309624940157,0.007343058567494154,0.030717885494232176,0.0,0.0076074143871665,0.0,0.11829638481140137
1886,9.304237319156528e-05,0.006153892166912556,0.008016377035528422,0.02853133827447891,0.0,0.007571724243462086,0.0,0.11828041076660156
1887,9.17413883144036e-05,0.0062423345632851126,0.007427527382969856,0.028344538062810898,0.0,0.007518940605223179,0.0,0.1182672530412674
1888,9.324288985226303e-05,0.006339039281010627,0.0074738445691764355,0.028193153068423273,0.0,0.0074710845947265625,0.0,0.11825895309448242
1889,9.219689382007345e-05,0.006124462559819221,0.00784393809735775,0.02833787612617016,0.0,0.0074351029470562935,0.0,0.11825195699930191
1890,9.423360461369157e-05,0.0061234493739902975,0.008344807103276253,0.027757718786597253,0.0,0.007419629488140345,0.0,0.11824457347393036
1891,0.00010560332593740895,0.006126813776791096,0.008247933350503445,0.0286609161645174,0.0,0.007467771414667368,0.0,0.11823520809412003
1892,9.482765308348462e-05,0.0060573738068342205,0.008232940174639224,0.028236427530646323,0.0,0.007518134079873562,0.0,0.11824115365743637
1893,9.413598309038207e-05,0.006249373126775026,0.007876032683998346,0.030010103061795235,0.0,0.007522346917539835,0.0,0.11823997646570206
1894,9.535588615108281e-05,0.0063654170371592045,0.007773395068943501,0.028605054691433908,0.0,0.0075010498985648155,0.0,0.1182359829545021
1895,9.527363145025446e-05,0.006173980608582497,0.007572922296822071,0.028015700355172157,0.0,0.007491206284612417,0.0,0.11822807788848877
1896,0.00010174341878155246,0.006257257703691721,0.007414955738931894,0.02942645698785782,0.0,0.00747409975156188,0.0,0.11821743100881577
1897,9.381887502968311e-05,0.006124674342572689,0.007287110853940249,0.030690959841012954,0.0,0.007444349117577076,0.0,0.11823016405105591
1898,9.512899996479973e-05,0.006084336806088686,0.0076655296608805655,0.028574889153242113,0.0,0.007425802294164896,0.0,0.11825436353683472
1899,9.919879084918648e-05,0.006087101623415947,0.007905295956879855,0.028562454134225847,0.0,0.007409458048641682,0.0,0.11827889829874039
1900,9.402909345226362e-05,0.0061196302063763145,0.007878405880182982,0.02818920947611332,0.0,0.007439480163156986,0.0,0.1182970404624939
1901,8.68485527462326e-05,0.0061432688497006895,0.007837723195552825,0.029659472033381463,0.0,0.007471926510334015,0.0,0.11831201612949371
1902,0.00010841046605492011,0.006415012944489718,0.007859228830784559,0.028736282885074616,0.0,0.007455023471266031,0.0,0.11831499636173248
1903,9.858817065833136e-05,0.006185808219015598,0.007766495551913976,0.028989480808377266,0.0,0.007401651702821255,0.0,0.11830443143844604
1904,9.453654638491571e-05,0.00610488848760724,0.007936181034892797,0.028559428453445435,0.0,0.007358767092227936,0.0,0.11831037700176239
1905,9.668463171692565e-05,0.005929000210016966,0.007545936852693558,0.02810579463839531,0.0,0.007311698980629444,0.0,0.11831863224506378
1906,9.968899976229296e-05,0.0062890973873436454,0.007373329531401396,0.029142944514751433,0.0,0.0072552235797047615,0.0,0.11833155155181885
1907,9.326461586169898e-05,0.006365945842117071,0.007567287888377905,0.02853972800076008,0.0,0.00719504663720727,0.0,0.11833566427230835
1908,9.250207658624276e-05,0.006004796642810106,0.007175192888826132,0.028627993166446687,0.0,0.0071486616507172585,0.0,0.11833922564983368
1909,9.083096229005605e-05,0.006128581613302231,0.007619523908942938,0.029875077679753302,0.0,0.007154610939323902,0.0,0.11834906041622162
1910,9.76714669377543e-05,0.006112936977297067,0.00766395665705204,0.028908107429742813,0.0,0.007200655527412891,0.0,0.11835887283086777
1911,9.999545873142778e-05,0.0060105261392891405,0.007743904925882816,0.02779567800462246,0.0,0.007249944843351841,0.0,0.11835823953151703
1912,9.40846060984768e-05,0.006150599475950003,0.007375634834170341,0.02951718419790268,0.0,0.0072547332383692265,0.0,0.1183633804321289
1913,9.525892091915012e-05,0.005908631067723036,0.007221475802361965,0.029840346053242685,0.0,0.007222348358482122,0.0,0.11838720738887787
1914,0.00010037072643171996,0.0060637080110609535,0.007764656469225884,0.029694652929902077,0.0,0.007185637950897217,0.0,0.11840800940990448
1915,0.00010609739256324246,0.006137912813574076,0.0072706745937466625,0.028095827624201774,0.0,0.0071451119147241116,0.0,0.1184258684515953
1916,0.00010378910665167495,0.006203574687242508,0.007262326218187809,0.028686367347836493,0.0,0.00712877232581377,0.0,0.11845310777425766
1917,0.00010415730212116614,0.006107242312282324,0.007254254072904587,0.02739729732275009,0.0,0.007104192860424519,0.0,0.1184801459312439
1918,0.00010399435996077955,0.006263145990669727,0.007305304147303104,0.027811881527304648,0.0,0.007067439146339893,0.0,0.11850116401910782
1919,9.879578137770296e-05,0.006036373507231474,0.00734865665435791,0.02939436137676239,0.0,0.00711731007322669,0.0,0.11850716173648834
1920,0.00010249769984511658,0.006232117209583521,0.0068859120830893515,0.02940424531698227,0.0,0.0072536105290055275,0.0,0.11849182844161987
1921,0.00010122522653546184,0.006426807958632708,0.007587658334523439,0.028692639991641046,0.0,0.007442039903253317,0.0,0.11848898977041245
1922,9.388644393766299e-05,0.006064585037529468,0.007346400152891874,0.03003557100892067,0.0,0.007718014530837536,0.0,0.11850575357675552
1923,9.821433341130614e-05,0.005956627894192934,0.007320300117135048,0.030931712687015535,0.0,0.008035922423005104,0.0,0.11851910501718521
1924,8.823978132568299e-05,0.006269948370754719,0.007545486092567444,0.029306868463754653,0.0,0.008342104032635689,0.0,0.11852552741765976
1925,9.991558181354776e-05,0.005977492593228817,0.007659310009330511,0.03051203563809395,0.0,0.008538953959941864,0.0,0.11853841692209244
1926,8.941773558035493e-05,0.006041742116212845,0.007688585575670004,0.029208652675151825,0.0,0.008592798374593258,0.0,0.11853809654712677
1927,9.078863804461435e-05,0.006240746099501848,0.007647337671369314,0.02975776419043541,0.0,0.008535985834896564,0.0,0.1185353547334671
1928,9.361698757857085e-05,0.006119711883366108,0.007872585207223892,0.028692486882209777,0.0,0.008464195765554905,0.0,0.11852987855672836
1929,0.00010557540663285181,0.00623690327629447,0.007434106711298227,0.029780876636505128,0.0,0.008376358076930046,0.0,0.11852306127548218
1930,9.813029901124537e-05,0.006150579452514649,0.007831698656082154,0.02922697737812996,0.0,0.008262839168310165,0.0,0.11854001134634018
1931,8.938626124290749e-05,0.006095600593835115,0.007883234973996877,0.02858329303562641,0.0,0.008149699307978153,0.0,0.11856576055288315
1932,9.270392474718392e-05,0.006114135961979628,0.0074175729416310785,0.02836727984249592,0.0,0.008027619682252407,0.0,0.11857278645038605
1933,0.0001016767550026998,0.006270644068717956,0.007364347390830517,0.029160216450691223,0.0,0.007898352108895779,0.0,0.11856182664632797
1934,9.78066076640971e-05,0.006347291637212038,0.007519207429140806,0.028084394335746766,0.0,0.007771206088364124,0.0,0.11854629218578339
1935,9.162109345197677e-05,0.0063319352455437185,0.007437552139163017,0.029074352979660035,0.0,0.007666991092264652,0.0,0.11853237450122833
1936,9.780764376046135e-05,0.006209290586411953,0.007467472273856401,0.030665956810116766,0.0,0.007596206851303577,0.0,0.11851658672094345
1937,9.323071863036603e-05,0.005974128562957049,0.007519578933715821,0.02953958436846733,0.0,0.0075302221812307835,0.0,0.11850782483816147
1938,9.433492086827756e-05,0.006028380990028381,0.0075481276027858256,0.02801131419837475,0.0,0.0074477000162005424,0.0,0.11850104480981827
1939,0.00010749783832579851,0.006181900296360255,0.00845294063910842,0.02890525385737419,0.0,0.007361779920756817,0.0,0.11847306787967682
1940,9.951871179509908e-05,0.00606286721304059,0.008065489679574966,0.029970771074295043,0.0,0.007287436630576849,0.0,0.11843858659267426
1941,9.698318899609149e-05,0.006143843568861484,0.00829688049852848,0.028223903104662895,0.0,0.007232542149722576,0.0,0.11842366307973862
1942,9.694381442386657e-05,0.006074022222310305,0.007987783849239349,0.028902818262577058,0.0,0.007228916976600885,0.0,0.11841956526041031
1943,9.584714280208573e-05,0.006131945457309484,0.00816192189231515,0.02910485304892063,0.0,0.0072428518906235695,0.0,0.11842115968465805
1944,9.642917575547472e-05,0.00625012768432498,0.007706480473279953,0.02856651172041893,0.0,0.007237984798848629,0.0,0.11839600652456284
1945,9.97990311589092e-05,0.0061733749695122245,0.007662336807698011,0.029742459952831268,0.0,0.007218935992568731,0.0,0.11837832629680634
1946,9.70072636846453e-05,0.0062692899256944655,0.007685812469571829,0.028751030564308167,0.0,0.007211863994598389,0.0,0.11838749796152115
1947,9.790560143301264e-05,0.0061641324311494826,0.007394205778837204,0.02992158867418766,0.0,0.007204075809568167,0.0,0.11840365082025528
1948,0.0001024981916998513,0.00614591185003519,0.007650391478091478,0.02867291271686554,0.0,0.007210548967123032,0.0,0.11840399354696274
1949,9.985313809011132e-05,0.006338138971477747,0.007671082485467195,0.030411183834075928,0.0,0.007292862981557846,0.0,0.11840853840112686
1950,0.00010770802182378248,0.006082664523273706,0.007445458322763443,0.028179727867245673,0.0,0.00751738715916872,0.0,0.11841563880443573
1951,0.00010302971641067416,0.005994229391217232,0.0072485838085412976,0.028037761524319648,0.0,0.007803194224834442,0.0,0.11842291057109833
1952,0.0001016553636873141,0.006034111138433218,0.007391217350959778,0.030170968919992446,0.0,0.008011355996131897,0.0,0.11843658983707428
1953,9.743430564412847e-05,0.006366645358502865,0.007488269358873367,0.02908026725053787,0.0,0.008167734369635582,0.0,0.11845723539590836
1954,9.484557522227987e-05,0.005915341060608625,0.00795685350894928,0.02884381003677845,0.0,0.00829622894525528,0.0,0.11849639564752579
1955,9.9950612639077e-05,0.006205808836966753,0.007593982014805078,0.029170698672533035,0.0,0.00833686999976635,0.0,0.11852014064788818
1956,9.605653904145583e-05,0.005985751841217279,0.007463126163929701,0.0281419787555933,0.0,0.008320629596710205,0.0,0.11851459741592407
1957,0.00010239329421892762,0.00634930757805705,0.007579799834638834,0.029149020835757256,0.0,0.008247340098023415,0.0,0.1184900626540184
1958,9.367860911879689e-05,0.006046511605381966,0.007761332299560308,0.028730554133653642,0.0,0.008140374906361103,0.0,0.11846725642681122
1959,9.781588159967214e-05,0.006145718786865473,0.00768496971577406,0.02746923267841339,0.0,0.008015275001525879,0.0,0.11845576763153076
1960,9.098376904148608e-05,0.006099642626941204,0.007572631351649761,0.029716193675994873,0.0,0.007884080521762371,0.0,0.11844873428344727
1961,9.521123283775523e-05,0.006165135558694601,0.0075966639444231985,0.028965812548995017,0.0,0.007784709334373474,0.0,0.11847754567861557
1962,0.00010048759577330202,0.006336282007396221,0.007241664547473192,0.0299589890986681,0.0,0.007691170088946819,0.0,0.11851433664560318
1963,9.739898523548618e-05,0.006228983867913485,0.00706587266176939,0.028382957354187964,0.0,0.007610225584357977,0.0,0.11854268610477448
1964,9.726061980472878e-05,0.006052212230861187,0.007176466751843691,0.02992500513792038,0.0,0.007546135690063238,0.0,0.11856798082590103
1965,0.00010194678470725194,0.006197589170187712,0.007225249148905277,0.029941409081220626,0.0,0.007472138851881027,0.0,0.11858420073986053
1966,9.361597622046248e-05,0.0063512961380183695,0.007373757939785719,0.028303590789437293,0.0,0.007402253802865744,0.0,0.11857827007770538
1967,0.00010135485936189071,0.006026180740445852,0.007516451179981232,0.029826663061976434,0.0,0.007358546368777752,0.0,0.11854775249958038
1968,9.133649582508952e-05,0.0061804565601050855,0.007441473193466663,0.030174533277750014,0.0,0.0073861838318407536,0.0,0.11851364374160767
1969,8.846030541462824e-05,0.006062806863337755,0.00759236877784133,0.029756321758031844,0.0,0.007429373450577259,0.0,0.11849915981292725
1970,0.00010303997551091016,0.006170289125293493,0.007688474934548139,0.03039427138864994,0.0,0.0074659474194049835,0.0,0.11849764734506607
1971,9.282240062020719e-05,0.006241801101714373,0.007735588122159243,0.029169562831521036,0.0,0.0074541643261909485,0.0,0.1185087189078331
1972,9.727413853397593e-05,0.006096476968377828,0.007486468087881804,0.029149739444255827,0.0,0.007419980131089687,0.0,0.11851868778467178
1973,9.621362696634605e-05,0.006184471864253282,0.00775168789550662,0.028941431269049644,0.0,0.007417786866426468,0.0,0.11852969974279404
1974,9.498985018581152e-05,0.005833532195538282,0.008115318138152361,0.028950991109013557,0.0,0.007423906587064266,0.0,0.11853732913732529
1975,9.92593661067076e-05,0.006068293657153845,0.0076188121922314165,0.02806156687438488,0.0,0.007407580967992544,0.0,0.11854735761880875
1976,0.00010033469734480605,0.006313915550708771,0.007672389131039381,0.029366716742515564,0.0,0.007389062084257603,0.0,0.11854256689548492
1977,8.698409219505265e-05,0.006088833790272474,0.00809137187898159,0.027408554404973983,0.0,0.00738504808396101,0.0,0.11854104697704315
1978,9.828533366089687e-05,0.005990973673760891,0.007735726423561573,0.028769451752305032,0.0,0.007370850536972284,0.0,0.11854131519794464
1979,0.00010659095423761755,0.006159101240336895,0.007700106501579285,0.028547171875834464,0.0,0.0073381089605391026,0.0,0.11853548139333725
1980,9.318424999946729e-05,0.006152093131095171,0.007286438997834921,0.02852097526192665,0.0,0.007293391972780228,0.0,0.11851093918085098
1981,9.614620648790151e-05,0.005837691761553287,0.007583668362349272,0.029716897010803222,0.0,0.007262700237333775,0.0,0.11847736686468124
1982,9.351503540528938e-05,0.0061193002387881276,0.0073159955441951755,0.028939951583743094,0.0,0.007239691913127899,0.0,0.11843763291835785
1983,9.920530137605966e-05,0.005960901360958814,0.007593388389796019,0.02974342294037342,0.0,0.007247548550367355,0.0,0.11842113733291626
1984,0.00010018101020250469,0.006360503379255533,0.007481797505170107,0.02887486293911934,0.0,0.0072997212409973145,0.0,0.11842837184667587
1985,0.00010023539216490463,0.006100707314908504,0.0071492399089038376,0.027869843319058417,0.0,0.007412925362586975,0.0,0.11843158304691315
1986,0.00010763286700239405,0.006061074044555426,0.007729196548461914,0.03021165020763874,0.0,0.00754379341378808,0.0,0.11842820793390274
1987,9.573709248797969e-05,0.006171269156038761,0.007369101233780384,0.02940812036395073,0.0,0.007610159460455179,0.0,0.11845219135284424
1988,9.719484951347113e-05,0.006282443739473819,0.0069980500265955925,0.028869964927434922,0.0,0.007627028040587902,0.0,0.11847460269927979
1989,0.0001083715702407062,0.00602815980091691,0.007254484761506319,0.02815900035202503,0.0,0.0076476288959383965,0.0,0.11849502474069595
1990,9.77254137978889e-05,0.006215195544064045,0.0075295654125511645,0.028803271427750587,0.0,0.007638504263013601,0.0,0.11850029230117798
1991,9.436903346795588e-05,0.006032361276447773,0.007556979358196258,0.028486712276935576,0.0,0.007633369415998459,0.0,0.11848659813404083
1992,9.819752158364281e-05,0.006161207053810358,0.007524628657847643,0.030691657587885855,0.0,0.00764086376875639,0.0,0.11847571283578873
1993,9.988353995140641e-05,0.006040575727820396,0.007390701118856669,0.02862135283648968,0.0,0.007607690058648586,0.0,0.11847914755344391
1994,9.76259121671319e-05,0.006156916823238134,0.0075981286354362965,0.028367406874895095,0.0,0.007538584526628256,0.0,0.11847393214702606
1995,0.00010232836793875322,0.00627471823245287,0.0071671796962618824,0.029805618897080423,0.0,0.007450449280440807,0.0,0.11845926940441132
1996,9.390200139023364e-05,0.00607338035479188,0.007433747407048941,0.02845849432051182,0.0,0.007355677895247936,0.0,0.11845417320728302
1997,9.451893420191482e-05,0.006278391275554895,0.007941413670778275,0.029150743409991263,0.0,0.00728660449385643,0.0,0.11845028400421143
1998,9.700849477667361e-05,0.006245182827115059,0.007485027518123388,0.028498965501785278,0.0,0.007245679385960102,0.0,0.11844585835933685
1999,9.021339501487091e-05,0.006018727645277977,0.007286278251558542,0.028213297948241234,0.0,0.007300505880266428,0.0,0.11844855546951294
2000,8.771825378062204e-05,0.006146694160997867,0.007867464143782855,0.029504777491092683,0.0,0.00741644948720932,0.0,0.11844614893198013
2001,9.588745597284287e-05,0.006224024295806885,0.006770459655672312,0.029464501515030862,0.0,0.007523259613662958,0.0,0.11841937154531479
2002,0.00010047471878351643,0.006139983609318733,0.007267566863447428,0.028558458015322686,0.0,0.007628331892192364,0.0,0.11841300874948502
2003,9.421919676242397e-05,0.006319163553416729,0.0071981197223067285,0.028972464427351952,0.0,0.00767410546541214,0.0,0.11840176582336426
2004,9.041398297995328e-05,0.006008988246321678,0.007701778598129749,0.0275643952190876,0.0,0.0076555730774998665,0.0,0.11837847530841827
2005,9.820529667194932e-05,0.0061066213995218275,0.007939356286078692,0.02933671735227108,0.0,0.007608277257531881,0.0,0.11834206432104111
2006,9.44646104471758e-05,0.006093512196093798,0.007907686103135348,0.028948117792606354,0.0,0.00757376104593277,0.0,0.11832290887832642
2007,9.569426329107955e-05,0.0061437107622623445,0.007436726707965136,0.029215455800294877,0.0,0.007550254464149475,0.0,0.11832772195339203
2008,9.758329979376867e-05,0.006161549035459757,0.007968902867287398,0.03013511598110199,0.0,0.007522992789745331,0.0,0.11832138150930405
2009,9.113446285482495e-05,0.006061138864606619,0.008099924027919769,0.030094049870967865,0.0,0.007484576664865017,0.0,0.11832568794488907
2010,0.00010146211134269834,0.006202841270714998,0.007744287606328726,0.02976027876138687,0.0,0.007451668381690979,0.0,0.11833103001117706
2011,0.00010174112976528704,0.0062248043715953825,0.007769113313406706,0.02826753780245781,0.0,0.007463328540325165,0.0,0.11833850294351578
2012,0.00010556683118920774,0.006147213373333215,0.007690493483096361,0.028642261028289796,0.0,0.007543577346950769,0.0,0.11834917962551117
2013,9.82192184892483e-05,0.00603061830624938,0.00811464861035347,0.02775077410042286,0.0,0.007587024476379156,0.0,0.1183643564581871
2014,9.427615732420236e-05,0.006216256227344274,0.007788721099495887,0.027460500225424768,0.0,0.007563889026641846,0.0,0.11837116628885269
2015,9.81639910605736e-05,0.006156029645353556,0.008111212961375713,0.02980923242866993,0.0,0.007508569397032261,0.0,0.11836989223957062
2016,9.326791041530669e-05,0.006064316816627979,0.007525508571416139,0.029069285094738006,0.0,0.007443194277584553,0.0,0.11838527023792267
2017,9.873073868220672e-05,0.006145932618528605,0.007266881223767996,0.03043457753956318,0.0,0.007370760198682547,0.0,0.11839477717876434
2018,9.881127771222964e-05,0.006144837196916342,0.0076315863057971,0.02933063991367817,0.0,0.007320659700781107,0.0,0.118399977684021
2019,9.73045258433558e-05,0.005932498443871737,0.007414447795599699,0.02799692042171955,0.0,0.007281367667019367,0.0,0.11838565766811371
2020,9.898084390442818e-05,0.006312859710305929,0.007584975752979517,0.029005853459239006,0.0,0.0073170228861272335,0.0,0.11837126314640045
2021,9.17517187190242e-05,0.006156509276479483,0.0076707138679921625,0.028933214396238326,0.0,0.007429798599332571,0.0,0.11835713684558868
2022,9.798291575862095e-05,0.006249858997762203,0.007441059872508049,0.028873715177178384,0.0,0.007503704633563757,0.0,0.11834468692541122
2023,9.447810298297554e-05,0.0062453411519527435,0.007331023085862398,0.02836402356624603,0.0,0.007517883088439703,0.0,0.11833953857421875
2024,0.00010299788264092057,0.0060345884412527084,0.0076147917658090595,0.02987205907702446,0.0,0.007497231010347605,0.0,0.11832726001739502
2025,9.541063045617192e-05,0.006077071186155081,0.007768333796411753,0.029040653631091116,0.0,0.007457032799720764,0.0,0.11831559985876083
2026,9.296773059759289e-05,0.006074351072311401,0.007778912037611008,0.02960773780941963,0.0,0.0074049257673323154,0.0,0.11831120401620865
2027,8.932011987781153e-05,0.006020726729184389,0.007547612022608519,0.029074766486883164,0.0,0.007373891770839691,0.0,0.1182919517159462
2028,9.257719066226854e-05,0.006164523214101792,0.007063653971999884,0.02969040274620056,0.0,0.007362359669059515,0.0,0.11826424300670624
2029,9.496567072346807e-05,0.006058176886290312,0.00733762988820672,0.029679740592837334,0.0,0.007366801146417856,0.0,0.11826865375041962
2030,9.803666325751692e-05,0.006043889746069908,0.00756880147382617,0.029362042248249055,0.0,0.007417560555040836,0.0,0.11828037351369858
2031,9.359790565213188e-05,0.006067865807563066,0.007528969738632441,0.02843299023807049,0.0,0.0074737779796123505,0.0,0.11831476539373398
2032,9.545499924570321e-05,0.006104802899062634,0.007761284150183201,0.03015766851603985,0.0,0.007524439599364996,0.0,0.11835738271474838
2033,9.735930652823299e-05,0.0060214088298380375,0.007561096828430891,0.02895645275712013,0.0,0.0075971754267811775,0.0,0.11836393922567368
2034,9.604921360732988e-05,0.006232998054474592,0.007309665065258741,0.028616514056921005,0.0,0.007651589810848236,0.0,0.11835062503814697
2035,0.00010258743131998926,0.006058823224157095,0.007731561549007893,0.029239143431186675,0.0,0.007670269813388586,0.0,0.11834311485290527
2036,0.00010148390138056129,0.006099383067339659,0.007318072393536568,0.030296165123581888,0.0,0.007723984774202108,0.0,0.11834321916103363
2037,9.529693052172661e-05,0.006376316957175732,0.007352206856012344,0.02926335595548153,0.0,0.007809458766132593,0.0,0.11836038529872894
2038,9.569224348524586e-05,0.006215731706470251,0.007208467647433281,0.02926565445959568,0.0,0.007964243181049824,0.0,0.11838074028491974
2039,9.418088593520224e-05,0.00626009376719594,0.007567755877971649,0.029294394329190253,0.0,0.008083181455731392,0.0,0.11840172111988068
2040,9.564923675497994e-05,0.006147267296910286,0.008012674283236265,0.02873888984322548,0.0,0.008149496279656887,0.0,0.11842652410268784
2041,9.875622490653768e-05,0.006197032891213894,0.007592135574668646,0.030901696532964706,0.0,0.00813604798167944,0.0,0.11843709647655487
2042,8.769278938416391e-05,0.006189359631389379,0.007792878895998001,0.0293769508600235,0.0,0.008071517571806908,0.0,0.11843027174472809
2043,0.00010252950596623123,0.0062376887537539,0.007911085523664952,0.028686970844864844,0.0,0.007984708063304424,0.0,0.11844954639673233
2044,0.00010191774927079678,0.0061278752982616425,0.007865094859153033,0.02802516669034958,0.0,0.007892782799899578,0.0,0.11847523599863052
2045,9.988534729927778e-05,0.006041913852095604,0.007363942079246044,0.03023183308541775,0.0,0.0078116534277796745,0.0,0.11848785728216171
2046,9.356139635201544e-05,0.006259123980998993,0.0071441903710365295,0.029293079301714896,0.0,0.007729930337518454,0.0,0.11850061267614365
2047,9.669526043580845e-05,0.006106317974627018,0.00715472074225545,0.02986181527376175,0.0,0.0076586417853832245,0.0,0.11851046979427338
2048,0.00010681954299798235,0.006186727527529001,0.007189814932644367,0.03048250675201416,0.0,0.007619716227054596,0.0,0.11853374540805817
2049,0.00010847999947145581,0.006181597802788019,0.007512106373906135,0.030146418139338493,0.0,0.007602152414619923,0.0,0.11854288727045059
2050,0.0001032016400131397,0.006013924442231655,0.007081121671944857,0.029212795943021775,0.0,0.007581388112157583,0.0,0.11853096634149551
2051,9.577548335073515e-05,0.006114623788744211,0.007069870550185442,0.029143501073122025,0.0,0.0075684464536607265,0.0,0.11851875483989716
2052,0.0001003744124318473,0.005979235656559468,0.007511748746037483,0.028906161710619927,0.0,0.007574314717203379,0.0,0.11849851906299591
2053,9.800801490200683e-05,0.00631417790427804,0.0074183976277709006,0.02900865562260151,0.0,0.007579279597848654,0.0,0.118491992354393
2054,0.00010312735248589888,0.0060563705861568454,0.007383495941758156,0.029642468318343163,0.0,0.007587203290313482,0.0,0.11849023401737213
2055,9.575915464665741e-05,0.006040615402162075,0.007187401596456766,0.02780926860868931,0.0,0.007576685398817062,0.0,0.11848326772451401
2056,0.00010404131462564692,0.006203520391136408,0.00811985246837139,0.02889603525400162,0.0,0.0075383796356618404,0.0,0.11849008500576019
2057,9.824136650422588e-05,0.00602857656776905,0.007808109186589718,0.0285607673227787,0.0,0.007501444313675165,0.0,0.11849544942378998
2058,0.00010252439096802846,0.0062237073667347435,0.007625458110123873,0.029215652868151663,0.0,0.0074796127155423164,0.0,0.11849510669708252
2059,9.554079733788967e-05,0.00604778304696083,0.0075546507723629475,0.028738349676132202,0.0,0.007456539664417505,0.0,0.11849363148212433
2060,0.00010320579749532044,0.0062159569002687935,0.007365367282181979,0.029991087689995765,0.0,0.007456157356500626,0.0,0.11848759651184082
2061,9.84672995400615e-05,0.0062515738420188425,0.007861871644854546,0.03063129000365734,0.0,0.007459196262061596,0.0,0.11848893016576767
2062,9.615991584723815e-05,0.006246486771851778,0.0075844950042665005,0.030553643032908438,0.0,0.0074740746058523655,0.0,0.11849474906921387
2063,9.448428027098998e-05,0.006120608188211918,0.007593086361885071,0.03038736954331398,0.0,0.007451047655194998,0.0,0.11848501861095428
2064,0.00010190165921812877,0.00613923380151391,0.0071488295681774615,0.030277814716100693,0.0,0.007401813752949238,0.0,0.1184701919555664
2065,9.255499026039615e-05,0.006077770423144102,0.007152677793055773,0.02761986628174782,0.0,0.007342502474784851,0.0,0.11846227943897247
2066,0.00010844459611689672,0.006170414574444294,0.007888649497181177,0.02858700081706047,0.0,0.007286764681339264,0.0,0.11845715343952179
2067,9.289335430366919e-05,0.006103791296482086,0.007154813688248396,0.02933066003024578,0.0,0.007251677569001913,0.0,0.11845844984054565
2068,9.35472984565422e-05,0.0060435236431658265,0.0071569599211215975,0.028009600192308425,0.0,0.007239646278321743,0.0,0.11846305429935455
2069,9.575506701366975e-05,0.006160627398639917,0.0074780208989977835,0.028644970431923867,0.0,0.0072699375450611115,0.0,0.11846022307872772
2070,0.00010238365939585492,0.006250530481338501,0.007370266411453485,0.027509644255042077,0.0,0.007305514998733997,0.0,0.11847303807735443
2071,9.76543640717864e-05,0.006329714879393577,0.007494459301233292,0.029221832379698755,0.0,0.007351151201874018,0.0,0.11849644035100937
2072,0.00010385818168288097,0.006296596955507994,0.007507519237697125,0.028811564296483995,0.0,0.007369200699031353,0.0,0.118517205119133
2073,9.455404506297782e-05,0.0061657574959099294,0.007568034064024687,0.02792242504656315,0.0,0.007360371761023998,0.0,0.118521548807621
2074,0.00010388653172412887,0.006123692728579044,0.0074522895738482475,0.029807521030306816,0.0,0.007383061107248068,0.0,0.11852719634771347
2075,9.322680125478655e-05,0.005870464909821749,0.00785248475149274,0.028417744487524033,0.0,0.007468684110790491,0.0,0.11852169036865234
2076,0.00010542878590058535,0.006081600859761238,0.007861151546239852,0.028580904379487036,0.0,0.007544427178800106,0.0,0.11852879822254181
2077,0.00010298233100911603,0.006156574375927449,0.007793772779405117,0.02854086086153984,0.0,0.007609030697494745,0.0,0.11855141818523407
2078,8.996671385830268e-05,0.006073758006095886,0.007810603640973568,0.02909371554851532,0.0,0.007645794656127691,0.0,0.1185561791062355
2079,9.28635723539628e-05,0.006212086789309979,0.00798161020502448,0.030389344319701195,0.0,0.0076795918866992,0.0,0.1185578927397728
2080,9.270153241232037e-05,0.006343659851700068,0.0075290903449058534,0.028560446202754976,0.0,0.007673018611967564,0.0,0.11856665462255478
2081,9.054497495526448e-05,0.006055975053459406,0.00755665535107255,0.02966895028948784,0.0,0.007625519298017025,0.0,0.11856301873922348
2082,9.83661608188413e-05,0.006183803640305996,0.007670950144529343,0.02815619558095932,0.0,0.007580292411148548,0.0,0.11855512857437134
2083,0.00010413343115942553,0.006264380738139152,0.007817833125591278,0.02996738478541374,0.0,0.00753474747762084,0.0,0.11856361478567123
2084,8.746878593228758e-05,0.0060855340212583545,0.0073204637505114075,0.030026035383343697,0.0,0.007510309107601643,0.0,0.11857955157756805
2085,0.00010098557104356586,0.00601780079305172,0.0071180809289217,0.0291177649050951,0.0,0.007546567358076572,0.0,0.11860798299312592
2086,9.790229960344732e-05,0.006184365507215262,0.007122719194740057,0.02963797189295292,0.0,0.007564380764961243,0.0,0.11862653493881226
2087,9.567769157001749e-05,0.0060918241739273075,0.007450944371521473,0.029661501571536065,0.0,0.007580307777971029,0.0,0.11864020675420761
2088,8.872301696101203e-05,0.006063116993755102,0.007437200751155615,0.029580363258719444,0.0,0.007626250386238098,0.0,0.11864586919546127
2089,9.936553979059682e-05,0.005971777997910976,0.007205165922641754,0.029359688237309455,0.0,0.007671177387237549,0.0,0.1186465173959732
2090,9.503818000666797e-05,0.006433265097439289,0.007284681219607592,0.02914615161716938,0.0,0.007691606879234314,0.0,0.11864753067493439
2091,0.0001000341260805726,0.005946161784231662,0.0073213140480220314,0.029704998806118967,0.0,0.0076612988486886024,0.0,0.11865822970867157
2092,0.00010057166509795934,0.005979351606220007,0.007382465619593858,0.02785758599638939,0.0,0.007597026880830526,0.0,0.11866766214370728
2093,8.68625778821297e-05,0.006249459832906723,0.007447709608823061,0.029650769382715225,0.0,0.007513353135436773,0.0,0.11864866316318512
2094,9.602136124158278e-05,0.005921104364097119,0.007220711931586266,0.03002810515463352,0.0,0.007446086499840021,0.0,0.11862033605575562
2095,0.00010106784902745858,0.005960512347519398,0.007581041101366282,0.0287739809602499,0.0,0.0074143423698842525,0.0,0.11860333383083344
2096,9.792389028007165e-05,0.006109567917883396,0.007354522496461869,0.02724260613322258,0.0,0.0074065388180315495,0.0,0.11858870089054108
2097,9.39812875003554e-05,0.0060221216641366485,0.007317505776882172,0.029036036133766173,0.0,0.00742753129452467,0.0,0.11857614666223526
2098,9.724980918690562e-05,0.006153538450598716,0.007451337110251188,0.028793808445334433,0.0,0.007415378000587225,0.0,0.11857012659311295
2099,9.43066639592871e-05,0.006092426460236311,0.007142265234142542,0.029765312001109122,0.0,0.007383950985968113,0.0,0.11855457723140717
2100,9.703663672553376e-05,0.006162523478269577,0.0068153802305459974,0.029674238339066506,0.0,0.007340976037085056,0.0,0.11854340136051178
2101,9.554731223033741e-05,0.006097762100398541,0.0073403770104050635,0.029654403775930406,0.0,0.0073163374327123165,0.0,0.11855579912662506
2102,9.985934302676469e-05,0.006160479970276356,0.007042742799967527,0.027275629341602325,0.0,0.0072935158386826515,0.0,0.11856619268655777
2103,0.00010123062820639461,0.006193914171308279,0.007076129131019115,0.028309142962098122,0.0,0.007283130194991827,0.0,0.11857637017965317
2104,9.601755009498447e-05,0.006001620180904865,0.007350373733788729,0.02898823656141758,0.0,0.00727500393986702,0.0,0.11858892440795898
2105,9.436134860152379e-05,0.005996225774288178,0.007177142892032862,0.027328647673130035,0.0,0.007242871914058924,0.0,0.11857650429010391
2106,9.792704076971859e-05,0.0062560179270803925,0.007170277927070856,0.027409707382321357,0.0,0.007192335091531277,0.0,0.11855848878622055
2107,0.00010184258571825922,0.006053683627396822,0.007345739286392927,0.028989680483937262,0.0,0.007192955818027258,0.0,0.11853142082691193
2108,9.958738373825327e-05,0.006134016159921885,0.007922754995524884,0.02692752592265606,0.0,0.007235491182655096,0.0,0.11850001662969589
2109,9.56696763751097e-05,0.006059071887284518,0.007544497773051262,0.027672477439045905,0.0,0.007252211682498455,0.0,0.11846406757831573
2110,0.00010023761424236,0.006175917480140925,0.007818801235407591,0.029592807590961456,0.0,0.007256948854774237,0.0,0.11841680854558945
2111,9.977027075365185e-05,0.0062002154998481275,0.007793383952230215,0.029409056156873704,0.0,0.007247317582368851,0.0,0.11838692426681519
2112,9.917253191815689e-05,0.00606758650392294,0.007876183930784464,0.029876014590263365,0.0,0.007235306315124035,0.0,0.11837524175643921
2113,9.071818203665316e-05,0.00604571932926774,0.007355924136936665,0.029047627374529837,0.0,0.007226545363664627,0.0,0.11837436258792877
2114,0.00010156079224543646,0.006138715520501136,0.0073557977564632894,0.02840433157980442,0.0,0.007223630789667368,0.0,0.11837643384933472
2115,9.945653728209436e-05,0.0061319789849221705,0.00780205549672246,0.029235027357935907,0.0,0.007199848536401987,0.0,0.11837146431207657
2116,9.307882864959539e-05,0.006234344188123941,0.0073630835860967634,0.028788968920707703,0.0,0.007197277154773474,0.0,0.11838380992412567
2117,9.942675678757951e-05,0.005998386722058058,0.008012575935572386,0.02878173440694809,0.0,0.0072854431346058846,0.0,0.11838321387767792
2118,9.100309544010087e-05,0.006116882991045713,0.00748356943950057,0.029265895113348962,0.0,0.007366263307631016,0.0,0.11837437003850937
2119,9.656370530137792e-05,0.0061335785314440725,0.0076429065316915516,0.030658280476927757,0.0,0.007392218802124262,0.0,0.11836471408605576
2120,9.90644737612456e-05,0.005991606879979372,0.007539035566151142,0.028981681913137436,0.0,0.007429871708154678,0.0,0.1183638796210289
2121,9.979744936572388e-05,0.00601226594299078,0.007798719871789217,0.029355736821889876,0.0,0.007493285927921534,0.0,0.11837335675954819
2122,0.00010425959917483851,0.006089627370238304,0.0074867323972284796,0.0284374687820673,0.0,0.007557864300906658,0.0,0.11838854849338531
2123,0.00010291453800164163,0.006109792646020651,0.007849263679236173,0.0306846734136343,0.0,0.007624069694429636,0.0,0.1183883398771286
2124,0.00010246307647321373,0.0060084092430770395,0.007750219106674195,0.029650116339325905,0.0,0.007668760605156422,0.0,0.11838152259588242
2125,0.00010296380787622184,0.006172211468219757,0.007992207538336515,0.02945142798125744,0.0,0.007694967091083527,0.0,0.11838223785161972
2126,9.53609065618366e-05,0.006334574520587921,0.007643626257777214,0.029098257422447205,0.0,0.007717530243098736,0.0,0.11838064342737198
2127,0.00010614838829496876,0.006122436095029116,0.007432875037193298,0.027844896912574767,0.0,0.0077473195269703865,0.0,0.11838076263666153
2128,0.00010266359458910301,0.006094726733863354,0.0074113932438194755,0.02910667732357979,0.0,0.0077454326674342155,0.0,0.11837773025035858
2129,9.343199199065566e-05,0.005877406895160675,0.007591593079268932,0.028740117326378822,0.0,0.007724105380475521,0.0,0.11838933080434799
2130,9.987771045416594e-05,0.006130596622824669,0.007628520391881466,0.029534170404076576,0.0,0.007684207055717707,0.0,0.11838580667972565
2131,9.106297802645713e-05,0.0060155833140015606,0.007061462942510843,0.029940053075551986,0.0,0.00761630292981863,0.0,0.11836636066436768
2132,9.64488965109922e-05,0.006048898864537478,0.0074716276489198204,0.02802981398999691,0.0,0.007548264227807522,0.0,0.1183379516005516
2133,8.861205715220422e-05,0.0063269825652241705,0.007486753072589636,0.02787117138504982,0.0,0.00747879222035408,0.0,0.11830510944128036
2134,9.958525333786383e-05,0.00612990502268076,0.007429682277143001,0.02981545850634575,0.0,0.007404574658721685,0.0,0.11829370260238647
2135,9.220886277034878e-05,0.0059780912473797795,0.007549332641065121,0.02830934077501297,0.0,0.007344033569097519,0.0,0.11829980462789536
2136,9.6145695715677e-05,0.00611973674967885,0.007301257364451886,0.029681824520230292,0.0,0.007281910628080368,0.0,0.11830981075763702
2137,0.00010515767498873175,0.006038243602961302,0.007583930157124996,0.02822099216282368,0.0,0.0072751701809465885,0.0,0.1183183342218399
2138,0.00010154296760447323,0.0061128269881010056,0.007523834519088268,0.02951519750058651,0.0,0.00729235727339983,0.0,0.11831040680408478
2139,0.00010196914518019184,0.005969051830470562,0.007203194219619036,0.029872947931289674,0.0,0.007283244282007217,0.0,0.11830773204565048
2140,9.871757501969113e-05,0.006228374689817429,0.007153138890862465,0.02931350693106651,0.0,0.007283779326826334,0.0,0.11830141395330429
2141,0.00010465138911968097,0.006210064794868231,0.007172457221895456,0.030084560438990594,0.0,0.007279849611222744,0.0,0.1182851791381836
2142,9.120692411670461e-05,0.00611157352104783,0.007435552030801773,0.028453457355499267,0.0,0.007272946648299694,0.0,0.1182858794927597
2143,9.277597710024565e-05,0.005901845451444387,0.007098571024835109,0.028427888453006745,0.0,0.007272245828062296,0.0,0.11829503625631332
2144,0.00010134010226465761,0.006425639148801565,0.006843846384435892,0.028945865109562874,0.0,0.007283499930053949,0.0,0.11829055845737457
2145,9.980057511711493e-05,0.006050398200750351,0.007035474758595228,0.028241479769349098,0.0,0.007329241372644901,0.0,0.11828982830047607
2146,9.050284570548684e-05,0.006187923531979322,0.007423425372689962,0.02849179767072201,0.0,0.007368328981101513,0.0,0.11827772855758667
2147,0.00010570261802058666,0.0060639605857431885,0.00764761371538043,0.028864135220646858,0.0,0.007400802336633205,0.0,0.11826298385858536
2148,0.00010172734619118273,0.006211467646062374,0.007788331340998411,0.029023696854710578,0.0,0.0074158781208097935,0.0,0.11825015395879745
2149,9.577581367921084e-05,0.006031858548521995,0.00800290834158659,0.029237400740385056,0.0,0.007408560253679752,0.0,0.1182335615158081
2150,9.740322711877525e-05,0.00604277066886425,0.007981568388640881,0.028529883548617362,0.0,0.007400339934974909,0.0,0.11823388189077377
2151,9.632217697799205e-05,0.0062384138815104965,0.007884572353214025,0.029067037627100945,0.0,0.007394629530608654,0.0,0.11824163049459457
2152,9.355574584333227e-05,0.006206691358238458,0.007913595531135798,0.029673843085765837,0.0,0.007399620953947306,0.0,0.11825256049633026
2153,9.743793489178643e-05,0.006209097150713205,0.00801902897655964,0.028152451291680335,0.0,0.007433720864355564,0.0,0.11826050281524658
2154,9.685362601885572e-05,0.0060400995425879955,0.00760486451908946,0.029487581551074983,0.0,0.007449673023074865,0.0,0.11826185882091522
2155,9.372225904371589e-05,0.006250931322574616,0.007446682453155518,0.0292317233979702,0.0,0.007480687461793423,0.0,0.11826300621032715
2156,0.00010284884629072622,0.006222076434642077,0.00749550573527813,0.028505926206707954,0.0,0.0074785067699849606,0.0,0.11826559156179428
2157,9.504605986876413e-05,0.006182866543531418,0.00801254017278552,0.02873302772641182,0.0,0.007459772285073996,0.0,0.1182636022567749
2158,0.00010825320787262171,0.006108018942177296,0.00728290369734168,0.028932568058371542,0.0,0.007416198495775461,0.0,0.11824321746826172
2159,9.979780443245546e-05,0.006008650455623865,0.00778170870617032,0.02988155074417591,0.0,0.00736265117302537,0.0,0.118222676217556
2160,0.00010232187050860376,0.005921897664666176,0.00695943757891655,0.029120154678821564,0.0,0.007326966617256403,0.0,0.11822099983692169
2161,9.580072073731572e-05,0.0061153840273618695,0.007772506028413772,0.031038979068398476,0.0,0.0072823637165129185,0.0,0.11821850389242172
2162,0.00010059944033855573,0.0061427315697073935,0.007508576195687055,0.02885759696364403,0.0,0.0072695426642894745,0.0,0.1182209849357605
2163,0.00010278631234541535,0.006082038208842277,0.006969748809933662,0.02922118790447712,0.0,0.0073778280057013035,0.0,0.11822561919689178
2164,9.435846586711705e-05,0.0062072394415736195,0.007186471484601498,0.028997714072465895,0.0,0.0074788304045796394,0.0,0.11823628097772598
2165,9.105230128625408e-05,0.006177866645157337,0.007815141510218383,0.027717898413538933,0.0,0.007551709655672312,0.0,0.11824966967105865
2166,9.448853379581123e-05,0.005989205837249756,0.007728697825223207,0.029731230810284615,0.0,0.007675636559724808,0.0,0.11825983226299286
2167,0.00010061560751637444,0.0060564613901078704,0.007170596439391374,0.030123818665742874,0.0,0.007792622782289982,0.0,0.11826591193675995
2168,9.517260768916458e-05,0.0061645317822694775,0.007646402902901172,0.028591566160321234,0.0,0.007867698557674885,0.0,0.11829410493373871
2169,9.636616887291894e-05,0.006111341714859009,0.00734926424920559,0.02930563725531101,0.0,0.007915911264717579,0.0,0.11831251531839371
2170,0.00010089298884849996,0.0058912492357194425,0.007298225443810225,0.02847834937274456,0.0,0.007903747260570526,0.0,0.11831168830394745
2171,9.654048189986498e-05,0.006216536276042461,0.007023289520293474,0.030308523401618003,0.0,0.007834358140826225,0.0,0.11831748485565186
2172,9.856067772489041e-05,0.005962041765451431,0.007508919015526772,0.02842835709452629,0.0,0.0077581643126904964,0.0,0.11833177506923676
2173,9.621784265618771e-05,0.00601397855207324,0.007493509538471698,0.029453957080841066,0.0,0.007678474299609661,0.0,0.11834593117237091
2174,9.471820958424359e-05,0.006120467279106379,0.00782208340242505,0.029497187212109567,0.0,0.0075990273617208,0.0,0.11836962401866913
2175,9.153993451036513e-05,0.00599931925535202,0.007506517414003611,0.029527153074741363,0.0,0.007532457355409861,0.0,0.11838270723819733
2176,9.32680763071403e-05,0.006288449931889773,0.00771551551297307,0.028924902155995368,0.0,0.00747324526309967,0.0,0.11837829649448395
2177,9.841076825978234e-05,0.006135294772684574,0.007515051122754812,0.02918431833386421,0.0,0.007419866509735584,0.0,0.11836926639080048
2178,0.00010133896576007828,0.006093626748770476,0.0076904304325580595,0.029427254945039748,0.0,0.007343548350036144,0.0,0.1183474212884903
2179,9.044579637702554e-05,0.006039614789187908,0.007784274220466614,0.029488430544734,0.0,0.00725274533033371,0.0,0.11832690238952637
2180,0.00010430508700665087,0.006190921273082494,0.0074096543714404104,0.02909420505166054,0.0,0.007187963929027319,0.0,0.11831357330083847
2181,9.477634157519787e-05,0.005947067216038704,0.007285660691559314,0.03055461198091507,0.0,0.00718429172411561,0.0,0.11830031871795654
2182,9.835431555984541e-05,0.006215204577893018,0.0076546122319996355,0.028903541341423988,0.0,0.007204148918390274,0.0,0.11830560863018036
2183,9.59440556471236e-05,0.006352279335260391,0.007734181825071573,0.02867587171494961,0.0,0.007190371863543987,0.0,0.11830540001392365
2184,8.668713853694498e-05,0.006273972149938345,0.006838541105389595,0.03158669807016849,0.0,0.007162422873079777,0.0,0.11828242242336273
2185,9.419640409760177e-05,0.006000069435685873,0.00726689426228404,0.028732586279511453,0.0,0.007140228059142828,0.0,0.11826439201831818
2186,8.730855479370803e-05,0.00631018802523613,0.007580275926738977,0.028657080978155135,0.0,0.0071489932015538216,0.0,0.1182454451918602
2187,9.694021428003907e-05,0.006195643357932568,0.007251355797052383,0.030124610662460326,0.0,0.007223369088023901,0.0,0.1182432621717453
2188,9.52154558035545e-05,0.005994219705462456,0.007741123531013727,0.029885949939489363,0.0,0.007379768881946802,0.0,0.11824244260787964
2189,9.602961945347488e-05,0.006282276660203934,0.007845413684844971,0.028704593330621718,0.0,0.007513971067965031,0.0,0.1182498186826706
2190,9.289966837968677e-05,0.006106210965663194,0.007514212466776371,0.02809911295771599,0.0,0.007591100875288248,0.0,0.11826300621032715
2191,9.504836925771088e-05,0.006155467685312032,0.007421275973320008,0.028647811338305473,0.0,0.007619072683155537,0.0,0.1182640939950943
2192,0.00010084754903800785,0.006335376761853695,0.007273654825985432,0.02880965583026409,0.0,0.007635238114744425,0.0,0.11826729774475098
2193,9.590723493602127e-05,0.006107339728623628,0.007596980966627598,0.029618918895721436,0.0,0.0076734647154808044,0.0,0.11826537549495697
2194,9.974067215807736e-05,0.005924345366656781,0.007595571968704462,0.02893526814877987,0.0,0.007777815219014883,0.0,0.11827844381332397
2195,9.647781116655097e-05,0.005837339628487826,0.008057944290339947,0.028206045180559157,0.0,0.007855501025915146,0.0,0.11830160766839981
2196,9.960102615877986e-05,0.005973508767783642,0.007694398332387209,0.02900069169700146,0.0,0.007904645055532455,0.0,0.11831678450107574
2197,0.00010012858256231993,0.006177734490484,0.007611691299825907,0.029986007511615752,0.0,0.007938852533698082,0.0,0.11832012981176376
2198,0.00010228002356598154,0.006240047235041857,0.007832679990679025,0.02934453673660755,0.0,0.00792620424181223,0.0,0.11830039322376251
2199,9.909243963193148e-05,0.006103547755628824,0.008125872723758221,0.028389211744070053,0.0,0.007960991933941841,0.0,0.11829161643981934
2200,0.00010112709278473631,0.006099706701934338,0.00805708272382617,0.02903597503900528,0.0,0.007997485809028149,0.0,0.11829036474227905
2201,9.849386842688545e-05,0.0061667787842452524,0.007695324718952179,0.02899637073278427,0.0,0.007988234981894493,0.0,0.11829905211925507
2202,9.26855151192285e-05,0.006173222605139017,0.007559648621827364,0.028735021501779555,0.0,0.00796098355203867,0.0,0.11832139641046524
2203,9.630418353481218e-05,0.006217496749013662,0.007237096037715674,0.028330957517027855,0.0,0.007884137332439423,0.0,0.11832733452320099
2204,9.321273973910138e-05,0.006034198589622975,0.007407164201140404,0.028977220878005028,0.0,0.007780496962368488,0.0,0.11832688748836517
2205,9.901980956783518e-05,0.006243524979799986,0.007614753302186727,0.029052209854125977,0.0,0.007671847008168697,0.0,0.11832189559936523
2206,9.918410796672106e-05,0.006036769226193428,0.006995228305459023,0.02900339961051941,0.0,0.007562509272247553,0.0,0.11833040416240692
2207,0.00010303225717507302,0.006387932226061821,0.00773453451693058,0.02943163476884365,0.0,0.0074942344799637794,0.0,0.11833477020263672
2208,9.308502922067419e-05,0.00619777999818325,0.007794210128486157,0.02876628041267395,0.0,0.007494811899960041,0.0,0.11833810806274414
2209,9.568135574227199e-05,0.006141193117946387,0.006939160730689764,0.030299676954746245,0.0,0.00749900471419096,0.0,0.11833368241786957
2210,9.98934730887413e-05,0.006148074194788933,0.007451163418591022,0.029229962825775148,0.0,0.007464265916496515,0.0,0.11832825094461441
2211,8.984802261693403e-05,0.0060206045396626,0.007183683011680842,0.029762648046016693,0.0,0.007404935546219349,0.0,0.11833741515874863
2212,0.00010107495909323916,0.006289531104266643,0.007211790699511766,0.028658520057797433,0.0,0.00739757576957345,0.0,0.11834025382995605
2213,0.00010244095756206661,0.006031974870711565,0.0074022128246724606,0.02875892221927643,0.0,0.007568674627691507,0.0,0.11833145469427109
2214,9.296537027694284e-05,0.006194741278886795,0.00732539789751172,0.028395243734121323,0.0,0.0077674975618720055,0.0,0.11831478774547577
2215,0.00010319228749722242,0.006068954803049564,0.007523056399077177,0.028531403839588167,0.0,0.007917741313576698,0.0,0.1182870864868164
2216,9.379575203638524e-05,0.005906735546886921,0.007131536491215229,0.028688833490014075,0.0,0.007998539134860039,0.0,0.1182696595788002
2217,9.101194445975125e-05,0.005913547519594431,0.007880912721157074,0.028163816407322885,0.0,0.008041994646191597,0.0,0.11827726662158966
2218,9.922095778165385e-05,0.006131247058510781,0.00764323677867651,0.027870748192071915,0.0,0.008031130768358707,0.0,0.11829420179128647
2219,9.426833421457558e-05,0.006256011687219143,0.007632866222411394,0.029430171847343443,0.0,0.007987210527062416,0.0,0.11831345409154892
2220,9.909659129334614e-05,0.006273413728922606,0.008290296234190465,0.028036990016698838,0.0,0.007926130667328835,0.0,0.11832118034362793
2221,9.876566909952089e-05,0.006029013823717832,0.007700604852288961,0.028488869965076446,0.0,0.007877937518060207,0.0,0.1183159202337265
2222,9.283124818466603e-05,0.0061123079620301725,0.008059014752507209,0.028882064670324326,0.0,0.007828084751963615,0.0,0.11829636991024017
2223,9.421473660040647e-05,0.006118736509233713,0.007624552398920059,0.029126795753836632,0.0,0.007747110910713673,0.0,0.1182699054479599
2224,9.883864695439115e-05,0.0061984722502529625,0.007599565573036671,0.028753777220845222,0.0,0.007661032490432262,0.0,0.11824701726436615
2225,9.970657556550578e-05,0.0059412364847958084,0.007687985803931952,0.028026079759001732,0.0,0.007592878304421902,0.0,0.11824741214513779
2226,0.0001062871771864593,0.0063411171548068525,0.007355551887303591,0.02986462265253067,0.0,0.007523274514824152,0.0,0.11824967712163925
2227,8.71992000611499e-05,0.0061442343518137935,0.008094130363315345,0.029365701228380205,0.0,0.007470221724361181,0.0,0.11825903505086899
2228,9.798053506528958e-05,0.00621700519695878,0.00742727629840374,0.027204127237200736,0.0,0.007438526954501867,0.0,0.11826038360595703
2229,9.168139949906617e-05,0.005925314035266638,0.007143296208232642,0.03020383380353451,0.0,0.007402061019092798,0.0,0.1182565689086914
2230,9.680896037025377e-05,0.0061797680333256725,0.007185549102723598,0.030512670800089837,0.0,0.007364002056419849,0.0,0.11827816814184189
2231,9.13092415430583e-05,0.006040472444146872,0.007404496613889933,0.03057524412870407,0.0,0.007327110506594181,0.0,0.11830689013004303
2232,0.00010106313566211611,0.0060593228787183765,0.007119594234973192,0.02821485437452793,0.0,0.007281980477273464,0.0,0.11832384765148163
2233,0.00010448739340063184,0.00614851675927639,0.007709466945379972,0.03131945878267288,0.0,0.007246756460517645,0.0,0.11833256483078003
2234,0.00010281911236234009,0.006147581059485674,0.007376355491578579,0.03086693920195103,0.0,0.007229386363178492,0.0,0.11835937201976776
2235,9.693158062873408e-05,0.006095095630735159,0.0076139398850500585,0.028956789895892142,0.0,0.007225994952023029,0.0,0.11838801950216293
2236,9.969082457246259e-05,0.0059991911053657535,0.0077258719131350516,0.028492829576134682,0.0,0.007220608647912741,0.0,0.11838226020336151
2237,0.00010311396472388879,0.006165276374667883,0.007329360116273165,0.027919500321149825,0.0,0.0072150626219809055,0.0,0.1183871403336525
2238,9.963394550140947e-05,0.0061600680463016035,0.007145981676876545,0.028961748629808427,0.0,0.007190844509750605,0.0,0.11840258538722992
2239,0.0001002155157038942,0.006209687981754542,0.007592035830020905,0.029803118854761123,0.0,0.0071641551330685616,0.0,0.11841443926095963
2240,9.493527759332209e-05,0.00599246546626091,0.007480703573673963,0.029363612085580824,0.0,0.007169877178966999,0.0,0.11845225095748901
2241,0.00010148892615688965,0.006047872826457024,0.007694296911358834,0.030535491555929183,0.0,0.007196204271167517,0.0,0.11848460137844086
2242,0.00010982656967826188,0.006076081562787295,0.007926832977682352,0.029297773167490958,0.0,0.007239347789436579,0.0,0.11850347369909286
2243,9.875741525320337e-05,0.006093508377671242,0.007877216022461653,0.027970730885863306,0.0,0.007278007455170155,0.0,0.11852195113897324
2244,0.00010149029840249568,0.006292279809713364,0.007699305098503828,0.029283855855464936,0.0,0.0073624057695269585,0.0,0.1185407042503357
2245,9.423688607057557e-05,0.00592179773375392,0.008444529585540294,0.02993905171751976,0.0,0.007484558038413525,0.0,0.11855106055736542
2246,0.00010270119964843616,0.006122929695993662,0.008497505635023116,0.02914879135787487,0.0,0.007611291948705912,0.0,0.11856226623058319
2247,9.35551433940418e-05,0.006151097267866135,0.008244378585368395,0.02861735187470913,0.0,0.007674141321331263,0.0,0.11857013404369354
2248,9.164997609332204e-05,0.006151838228106499,0.007869216706603765,0.02883261851966381,0.0,0.007667522877454758,0.0,0.1185704916715622
2249,9.096679568756371e-05,0.006038350611925125,0.00790336225181818,0.02890540733933449,0.0,0.007601908408105373,0.0,0.11855921894311905
2250,0.00010314495593775064,0.006334071978926659,0.007685237377882004,0.028786389902234078,0.0,0.007517170161008835,0.0,0.11853786557912827
2251,0.00010197160445386544,0.006432508677244186,0.007582127302885056,0.028654938191175462,0.0,0.007479267660528421,0.0,0.11850951611995697
2252,9.660213399911299e-05,0.006305343564599752,0.00779420230537653,0.029991374164819718,0.0,0.007601034827530384,0.0,0.11847760528326035
2253,9.672011219663545e-05,0.0062646021135151385,0.007830708473920821,0.028932880610227585,0.0,0.007776165846735239,0.0,0.11846628040075302
2254,9.100078750634566e-05,0.006007362250238657,0.0073526531457901,0.029235896840691566,0.0,0.007865304127335548,0.0,0.11845605075359344
2255,9.136817971011624e-05,0.005935805663466453,0.007295107282698154,0.02823979817330837,0.0,0.00787422340363264,0.0,0.11844941228628159
2256,9.359129326185212e-05,0.006314685009419918,0.007168245781213045,0.028795262053608894,0.0,0.007822806015610695,0.0,0.11843802779912949
2257,9.995120781240985e-05,0.006108909472823143,0.007920358516275882,0.02855742983520031,0.0,0.007724414579570293,0.0,0.11841623485088348
2258,0.00010133283212780953,0.006087450589984655,0.007749641593545675,0.02883385606110096,0.0,0.00760692497715354,0.0,0.11840696632862091
2259,9.999499015975744e-05,0.006171002611517906,0.007408774644136429,0.028854525089263915,0.0,0.007482499815523624,0.0,0.11840049922466278
2260,9.513880795566365e-05,0.006156970001757145,0.007867958769202233,0.02990247718989849,0.0,0.007367256097495556,0.0,0.1183871477842331
2261,9.988291567424313e-05,0.006371762603521347,0.007663186732679605,0.028403529524803163,0.0,0.007359495852142572,0.0,0.11837941408157349
2262,9.140791225945578e-05,0.0061201582662761215,0.007547395676374436,0.028079525381326676,0.0,0.00747482618317008,0.0,0.11836608499288559
2263,9.15525874006562e-05,0.0061423503793776035,0.007480838056653738,0.027579623460769653,0.0,0.007584546692669392,0.0,0.1183634027838707
2264,9.098052978515626e-05,0.006075514573603868,0.007112327218055725,0.02862683720886707,0.0,0.007658144924789667,0.0,0.11836133152246475
2265,9.729176963446662e-05,0.006196895055472851,0.007057374343276024,0.02895422950387001,0.0,0.007714841514825821,0.0,0.11835350841283798
2266,0.00010543999669607729,0.006289015058428049,0.006848039478063584,0.02867957577109337,0.0,0.007747331168502569,0.0,0.11834138631820679
2267,9.589378896635026e-05,0.006193894986063242,0.0070048336870968345,0.029238186404109003,0.0,0.0077361613512039185,0.0,0.11833158880472183
2268,9.875712712528184e-05,0.00612725093960762,0.007305463869124651,0.0289650272578001,0.0,0.007682717405259609,0.0,0.11834262311458588
2269,8.618951542302967e-05,0.0059533707797527315,0.007484455406665802,0.02826610878109932,0.0,0.007608349435031414,0.0,0.11834810674190521
2270,9.233433811459691e-05,0.006014823168516159,0.0072991055436432365,0.029105712845921516,0.0,0.007544266991317272,0.0,0.11836320161819458
2271,9.383944852743298e-05,0.00615977281704545,0.007604927103966474,0.028869763389229773,0.0,0.007509569171816111,0.0,0.11837074905633926
2272,9.676898334873841e-05,0.0062358277849853035,0.007733897026628256,0.029321525245904922,0.0,0.007479856256395578,0.0,0.11836866289377213
2273,9.19927828363143e-05,0.0062819145619869236,0.007561984658241272,0.02859831415116787,0.0,0.007440149784088135,0.0,0.118378184735775
2274,8.380815561395138e-05,0.006055503804236651,0.007506895624101162,0.030209993571043016,0.0,0.007374226115643978,0.0,0.1183771938085556
2275,9.417453984497114e-05,0.0062526239082217215,0.008183462452143431,0.028473396599292756,0.0,0.007315841503441334,0.0,0.11837996542453766
2276,9.379374096170068e-05,0.006043307855725289,0.007530330214649439,0.0303004153072834,0.0,0.007277211640030146,0.0,0.11838631331920624
2277,9.635482856538147e-05,0.0060925566591322425,0.00735253319144249,0.02994094304740429,0.0,0.007241040468215942,0.0,0.11839312314987183
2278,9.687720594229177e-05,0.006269598472863435,0.007547008246183396,0.027477925270795824,0.0,0.0072220140136778355,0.0,0.11840128898620605
2279,0.0001007758459309116,0.006124420184642076,0.007922729384154082,0.02931809090077877,0.0,0.007234268821775913,0.0,0.11840565502643585
2280,9.103175543714314e-05,0.0061658558435738085,0.007979091722518206,0.030333273857831956,0.0,0.007288274355232716,0.0,0.11842463910579681
2281,8.95106655661948e-05,0.005906524695456028,0.007913141418248415,0.028724531829357147,0.0,0.007403553929179907,0.0,0.11844497919082642
2282,9.571390837663785e-05,0.006100961752235889,0.008333141636103391,0.028246501088142396,0.0,0.007487946655601263,0.0,0.11844225227832794
2283,0.00010100809740833938,0.006141696497797966,0.008075063955038786,0.029338186606764793,0.0,0.007527850568294525,0.0,0.11842803657054901
2284,9.986649820348248e-05,0.006109247170388699,0.008154980465769767,0.029430411383509637,0.0,0.007527266629040241,0.0,0.11841283738613129
2285,9.700963273644448e-05,0.006027915142476558,0.007758564129471779,0.029107244312763215,0.0,0.007508537266403437,0.0,0.11840097606182098
2286,0.00010200130345765502,0.006167431641370058,0.008205782994627953,0.028318936377763747,0.0,0.007464324589818716,0.0,0.11838016659021378
2287,0.00010405210487078876,0.006059910450130701,0.007974175456911325,0.029722436144948006,0.0,0.007396525703370571,0.0,0.11837579309940338
2288,9.990415419451893e-05,0.006036642752587795,0.007423911709338427,0.028165103867650032,0.0,0.007323256228119135,0.0,0.11838693916797638
2289,9.907957719406113e-05,0.0060193419456481935,0.007783852424472571,0.0281992357224226,0.0,0.007242483552545309,0.0,0.11838887631893158
2290,9.793395147426054e-05,0.005872789770364761,0.00763123594224453,0.028977842628955842,0.0,0.007160107605159283,0.0,0.11838694661855698
2291,9.841076098382473e-05,0.005914957541972399,0.0077301736921072004,0.027614334598183632,0.0,0.007117933128029108,0.0,0.1183743104338646
2292,9.671595762483776e-05,0.006435425020754337,0.007746803015470505,0.03021201379597187,0.0,0.0071190097369253635,0.0,0.11835940927267075
2293,0.00010038286709459498,0.006312232837080956,0.0075192911550402645,0.02976045161485672,0.0,0.007149527780711651,0.0,0.118369922041893
2294,0.00010707767942221835,0.006129299756139517,0.00748111242428422,0.028044452518224718,0.0,0.007183288689702749,0.0,0.11839617788791656
2295,0.00010093369346577674,0.006027035135775805,0.008108926657587289,0.029275279864668845,0.0,0.007191210985183716,0.0,0.11843325942754745
2296,9.496737766312435e-05,0.005959309451282024,0.008161411248147487,0.02959422767162323,0.0,0.007192474789917469,0.0,0.11845797300338745
2297,9.985828219214455e-05,0.006101980619132519,0.007371096219867468,0.028843508288264274,0.0,0.007217214442789555,0.0,0.11845383793115616
2298,0.00010430043621454388,0.006183334160596132,0.00794093068689108,0.029093623533844946,0.0,0.00721689173951745,0.0,0.11845982074737549
2299,0.0001007208862574771,0.006362002529203892,0.008606965839862823,0.027579106763005255,0.0,0.0072205872274935246,0.0,0.11848308145999908
2300,9.449678036617115e-05,0.006103681772947312,0.007981607224792242,0.028675192967057228,0.0,0.007222016807645559,0.0,0.11847887933254242
2301,9.017395495902747e-05,0.006152353435754776,0.007881665416061879,0.02809523567557335,0.0,0.007237426936626434,0.0,0.11847367137670517
2302,0.0001002042816253379,0.006076921429485083,0.007581773400306702,0.02961108610033989,0.0,0.007275948766618967,0.0,0.11848833411931992
2303,9.286370477639139e-05,0.006216060742735863,0.0077887260355055336,0.028238658607006074,0.0,0.0073098777793347836,0.0,0.11850406229496002
2304,9.031959052663296e-05,0.006009238585829735,0.007446448132395744,0.028288311138749123,0.0,0.007299954537302256,0.0,0.11852268874645233
2305,9.65148166869767e-05,0.005804021656513214,0.007634053286164999,0.028577689826488496,0.0,0.007247840519994497,0.0,0.11853425204753876
2306,9.536829311400652e-05,0.006379326619207859,0.007338011730462312,0.0279379278421402,0.0,0.00719806645065546,0.0,0.1185431107878685
2307,0.00010225697478745132,0.006040047481656074,0.007464945781975985,0.02889483720064163,0.0,0.007182788103818893,0.0,0.11853048950433731
2308,0.00010364561021560803,0.006169070675969124,0.00743360510095954,0.029407935962080956,0.0,0.0071866498328745365,0.0,0.11852516978979111
2309,9.364626021124423e-05,0.0062355962581932545,0.007653163839131593,0.028420005366206168,0.0,0.007222963031381369,0.0,0.11855343729257584
2310,9.404718875885009e-05,0.006283691897988319,0.007526849769055844,0.028898414596915244,0.0,0.007290948182344437,0.0,0.11858920007944107
2311,9.02811108971946e-05,0.006040001846849918,0.007862097583711147,0.029692649841308594,0.0,0.007335898466408253,0.0,0.11859738826751709
2312,9.818896796787158e-05,0.006087739765644073,0.007725973147898912,0.027799136564135553,0.0,0.00734036136418581,0.0,0.11859110742807388
2313,9.642199875088408e-05,0.006254644691944122,0.007524654828011989,0.029018379375338556,0.0,0.007335131522268057,0.0,0.11858703196048737
2314,0.00010153495386475698,0.006162565946578979,0.007596297189593315,0.030366860330104828,0.0,0.007368035614490509,0.0,0.1185842975974083
2315,9.93742622085847e-05,0.00597757613286376,0.0072515859268605706,0.02825320139527321,0.0,0.007409309037029743,0.0,0.11858908832073212
2316,9.649736748542636e-05,0.0062401510775089266,0.007666289061307907,0.031030752509832383,0.0,0.00739878136664629,0.0,0.11857353150844574
2317,9.62510603130795e-05,0.00595090463757515,0.007509518228471279,0.029633070155978204,0.0,0.007356869988143444,0.0,0.11857514083385468
2318,9.88951520412229e-05,0.006158885546028614,0.0077744128182530405,0.03093510866165161,0.0,0.007314364425837994,0.0,0.11859309673309326
2319,9.86551065579988e-05,0.00620785029605031,0.007555247936397791,0.029029817879199983,0.0,0.007280468940734863,0.0,0.11860702931880951
2320,9.718883084133267e-05,0.0063083023764193055,0.0077034952118992805,0.03091309852898121,0.0,0.00724407285451889,0.0,0.11861191689968109
2321,0.00010080687352456152,0.00595566239207983,0.007230981532484293,0.02885916605591774,0.0,0.007224177476018667,0.0,0.11859162151813507
2322,9.764752176124602e-05,0.006007438153028488,0.007856837194412946,0.028317014500498772,0.0,0.007215186953544617,0.0,0.11855977773666382
2323,0.00010927003750111907,0.00627097524702549,0.007594057731330395,0.030889831855893134,0.0,0.007185985799878836,0.0,0.1185535416007042
2324,9.110677347052842e-05,0.006201446149498224,0.007754735276103019,0.030749188736081123,0.0,0.007131402380764484,0.0,0.1185869574546814
2325,9.475457918597385e-05,0.0061928553506731985,0.007913399673998355,0.02853785827755928,0.0,0.007134783081710339,0.0,0.11861841380596161
2326,0.0001043832249706611,0.0063292295671999454,0.007672807108610869,0.029192687198519706,0.0,0.0072357854805886745,0.0,0.11862603574991226
2327,9.550515678711236e-05,0.006322098523378372,0.007494810875505209,0.028040379658341406,0.0,0.007326373364776373,0.0,0.11862920224666595
2328,0.00010165372223127633,0.006184873450547457,0.007300283852964639,0.030727777630090714,0.0,0.007390545215457678,0.0,0.11864014714956284
2329,9.093500266317278e-05,0.006213478744029999,0.007961012609302997,0.028667232021689415,0.0,0.007462598383426666,0.0,0.11865204572677612
2330,9.804036089917645e-05,0.006091009732335806,0.007768644299358129,0.028830436617136003,0.0,0.007505808956921101,0.0,0.11864552646875381
2331,9.770694305188954e-05,0.006058004591614008,0.007682093791663647,0.0279833123087883,0.0,0.007507489062845707,0.0,0.11862889677286148
2332,0.00010366044152760878,0.0060424222610890865,0.007750904560089112,0.029595287144184114,0.0,0.007521188352257013,0.0,0.11862199008464813
2333,9.998225432354957e-05,0.006050711590796709,0.00756964348256588,0.02970804013311863,0.0,0.007509323768317699,0.0,0.11863972991704941
2334,9.60071018198505e-05,0.0061705225147306916,0.007646587677299976,0.028198781237006188,0.0,0.007478670682758093,0.0,0.11864529550075531
2335,9.574702708050608e-05,0.00603673243895173,0.007832055445760489,0.028262678906321524,0.0,0.007484805770218372,0.0,0.11862914264202118
2336,0.00010514312307350338,0.006279632076621055,0.007894883956760168,0.028499451652169227,0.0,0.007522284984588623,0.0,0.11860094964504242
2337,9.954613196896389e-05,0.006080010067671537,0.0077991379424929615,0.029617955535650255,0.0,0.007591758854687214,0.0,0.118578240275383
2338,0.00010179223609156907,0.006085019186139106,0.007351935096085072,0.027729729562997817,0.0,0.007636162452399731,0.0,0.11856184154748917
2339,0.00010220065159955993,0.00613325871527195,0.0075827263295650486,0.02934320718050003,0.0,0.007610348518937826,0.0,0.11854388564825058
2340,9.404260199517012e-05,0.00611708490177989,0.007726542092859745,0.028788067400455475,0.0,0.007554669864475727,0.0,0.11854368448257446
2341,0.00010397731821285561,0.00604096483439207,0.007582507468760014,0.028222421929240227,0.0,0.00747409462928772,0.0,0.11854962259531021
2342,9.444311581319198e-05,0.006007383484393359,0.007591553404927254,0.029889244213700296,0.0,0.0073771304450929165,0.0,0.1185382753610611
2343,0.00010029450349975377,0.006062585953623056,0.007213198952376843,0.02921060100197792,0.0,0.007302673067897558,0.0,0.118541419506073
2344,0.00010025624505942688,0.00636210348457098,0.007508338987827301,0.029391834884881972,0.0,0.007262247148901224,0.0,0.11854130029678345
2345,9.297000797232613e-05,0.006226453185081482,0.008433563355356454,0.028130778670310976,0.0,0.007273638155311346,0.0,0.11852754652500153
2346,0.00010134900512639433,0.006061631161719561,0.008059735596179961,0.027673033252358436,0.0,0.0072732656262815,0.0,0.11852475255727768
2347,9.950927342288196e-05,0.006111960858106613,0.007502579968422652,0.028184110298752785,0.0,0.00728760426864028,0.0,0.11851277202367783
2348,9.490037191426382e-05,0.005997218098491431,0.007504619657993317,0.028323030099272728,0.0,0.00732692563906312,0.0,0.11849246174097061
2349,0.00010196143994107842,0.0059327115304768085,0.00762900235131383,0.028377130255103113,0.0,0.007374139968305826,0.0,0.11847499758005142
2350,9.959937888197601e-05,0.006123358756303788,0.007727235648781061,0.029429790377616883,0.0,0.007455197628587484,0.0,0.11846236139535904
2351,0.0001023214659653604,0.006133426353335381,0.008014713414013386,0.02833918444812298,0.0,0.007505393587052822,0.0,0.11846502870321274
2352,9.945192286977544e-05,0.006228352524340152,0.007583378534764052,0.03002098985016346,0.0,0.007495666854083538,0.0,0.11846800148487091
2353,8.776624308666214e-05,0.006224791333079338,0.008084250055253506,0.028568440303206443,0.0,0.007451926823705435,0.0,0.11847534030675888
2354,9.489303774898872e-05,0.006101571675390005,0.008202542085200548,0.029752914607524873,0.0,0.007415985222905874,0.0,0.11845765262842178
2355,9.701978706289083e-05,0.006161648128181696,0.008135095704346895,0.02899571992456913,0.0,0.007442154921591282,0.0,0.1184353455901146
2356,8.980102429632098e-05,0.006077796779572963,0.008095069974660873,0.028495322912931442,0.0,0.0075041004456579685,0.0,0.1184183806180954
2357,9.963109187083319e-05,0.00614169854670763,0.008247882314026355,0.028112658858299257,0.0,0.007566932588815689,0.0,0.11839507520198822
2358,0.00010136563505511731,0.006114419922232628,0.008261368237435817,0.02979462966322899,0.0,0.007574286311864853,0.0,0.1183830052614212
2359,0.00010120705119334161,0.006034278683364392,0.008360723778605462,0.02982679717242718,0.0,0.007539438549429178,0.0,0.11839509010314941
2360,9.702220413601025e-05,0.005955602414906025,0.008180817868560553,0.029387811571359633,0.0,0.00748216500505805,0.0,0.11842701584100723
2361,0.00010164490377064794,0.006078708078712225,0.007475456688553095,0.029618553817272186,0.0,0.007405919022858143,0.0,0.11845679581165314
2362,9.93531706626527e-05,0.0061601315625011924,0.00771213099360466,0.029818875715136528,0.0,0.007347120437771082,0.0,0.11847022920846939
2363,9.86770450253971e-05,0.006287275906652212,0.00783857898786664,0.0281677532941103,0.0,0.007301773875951767,0.0,0.1184598058462143
2364,0.00010342920868424698,0.006059699133038521,0.007909800112247466,0.02893121726810932,0.0,0.0072970325127244,0.0,0.11845352500677109
2365,9.968440135708079e-05,0.006154670007526874,0.008047652803361416,0.02969842404127121,0.0,0.007376254536211491,0.0,0.11847452819347382
2366,9.78307842160575e-05,0.006248690094798804,0.0075820027850568295,0.028405898064374924,0.0,0.007439157459884882,0.0,0.1184951439499855
2367,9.854581294348464e-05,0.005980729218572378,0.0077429072931408886,0.02837267704308033,0.0,0.0074492283165454865,0.0,0.11849012225866318
2368,9.803614229895175e-05,0.006124438624829054,0.00810364969074726,0.030974922329187395,0.0,0.007420027162879705,0.0,0.11847950518131256
2369,0.00010259158298140392,0.006125929672271014,0.00839511640369892,0.02860051058232784,0.0,0.007377574685961008,0.0,0.11846320331096649
2370,0.00010028300166595728,0.006021674070507288,0.00798205602914095,0.03019203878939152,0.0,0.007326973136514425,0.0,0.11844263225793839
2371,0.00010231755441054702,0.0060687740333378315,0.008331252355128526,0.028993448987603188,0.0,0.007278330624103546,0.0,0.11842979490756989
2372,9.793163917493075e-05,0.006053559761494398,0.008157551288604736,0.028224388882517815,0.0,0.007289662025868893,0.0,0.11842062324285507
2373,9.193523874273524e-05,0.006192917656153441,0.00782587295398116,0.029099879041314124,0.0,0.007312726229429245,0.0,0.11841475963592529
2374,9.544256026856601e-05,0.006065281387418508,0.007896435167640447,0.02963600978255272,0.0,0.007335343863815069,0.0,0.11841736733913422
2375,9.677084453869611e-05,0.0061393087729811665,0.008085436932742596,0.028642600402235985,0.0,0.007390937302261591,0.0,0.1184161901473999
2376,9.550424583721906e-05,0.006380982603877783,0.007803600188344717,0.02990190014243126,0.0,0.007421724498271942,0.0,0.11839847266674042
2377,9.287238062825054e-05,0.006175133306533099,0.007557257264852524,0.02869805246591568,0.0,0.0074231429025530815,0.0,0.1183752566576004
2378,9.060894517460838e-05,0.00612652963027358,0.007485868781805039,0.030346547067165375,0.0,0.007398263551294804,0.0,0.1183677464723587
2379,9.227683913195505e-05,0.006258610356599093,0.007825211621820927,0.027949168905615808,0.0,0.007357907947152853,0.0,0.11837724596261978
2380,9.467305208090692e-05,0.005944379046559334,0.007255187444388867,0.027836668863892557,0.0,0.0073323966935276985,0.0,0.11838972568511963
2381,9.525771456537768e-05,0.006053596269339323,0.007566331047564745,0.02939850576221943,0.0,0.007294952869415283,0.0,0.11837545782327652
2382,9.291072638006881e-05,0.006117588467895984,0.007111941929906607,0.028381689637899398,0.0,0.007263778243213892,0.0,0.11836280673742294
2383,9.143705101450905e-05,0.0060816396959126,0.007957131695002317,0.02980800122022629,0.0,0.007240744773298502,0.0,0.11836190521717072
2384,0.00010310905636288226,0.006393121276050806,0.007731829397380352,0.030603010207414627,0.0,0.007312798406928778,0.0,0.11837650835514069
2385,9.460652945563197e-05,0.005997299123555422,0.007294908817857504,0.03010539822280407,0.0,0.007479142397642136,0.0,0.11839966475963593
2386,9.43189748795703e-05,0.006187864113599062,0.007675799261778593,0.02821369357407093,0.0,0.007605309132486582,0.0,0.11841140687465668
2387,0.00010026081872638315,0.006107005104422569,0.007586820144206285,0.03073507994413376,0.0,0.007698835339397192,0.0,0.11841066181659698
2388,0.00010502739023650065,0.0059030050411820415,0.007716215215623379,0.029898421466350557,0.0,0.007761362008750439,0.0,0.11842410266399384
2389,9.235451434506104e-05,0.006007756385952234,0.006978789903223514,0.029999911785125732,0.0,0.007774898316711187,0.0,0.11844654381275177
2390,9.891109948512167e-05,0.006069533992558718,0.007482460048049688,0.028412383049726486,0.0,0.0077411094680428505,0.0,0.11844394356012344
2391,9.303904080297798e-05,0.006046844180673361,0.007361452281475067,0.029078875109553336,0.0,0.007696686778217554,0.0,0.11844803392887115
2392,9.014945972012356e-05,0.0058900915086269375,0.007783082593232393,0.029993775114417077,0.0,0.007635157555341721,0.0,0.11846760660409927
2393,9.946438804036007e-05,0.006048856675624848,0.007650119904428721,0.02878813333809376,0.0,0.007547458168119192,0.0,0.11848877370357513
2394,9.372598287882283e-05,0.00628540338948369,0.007397552952170372,0.028587596863508223,0.0,0.007483711000531912,0.0,0.11849582195281982
2395,9.991702099796385e-05,0.0060800757259130474,0.007877009268850089,0.027895671874284746,0.0,0.007514911238104105,0.0,0.11847694218158722
2396,9.348375460831449e-05,0.0062470115721225735,0.008023923821747303,0.030518831685185432,0.0,0.007557738572359085,0.0,0.11845632642507553
2397,9.571825939929113e-05,0.006151504814624786,0.007917976099997759,0.029196536168456078,0.0,0.007617332972586155,0.0,0.11844047158956528
2398,9.87418374279514e-05,0.006239555310457945,0.008683664724230766,0.029766663163900375,0.0,0.0076753804460167885,0.0,0.11843524128198624
2399,8.784310048213229e-05,0.00592561587691307,0.0077783545479178425,0.028632551431655884,0.0,0.007764296140521765,0.0,0.11843099445104599
2400,9.830607014009729e-05,0.006093893013894558,0.007774394191801548,0.02919723428785801,0.0,0.007877402938902378,0.0,0.11841759830713272
2401,9.30506328586489e-05,0.005992208514362574,0.0076115807518362995,0.03007780872285366,0.0,0.00791668239980936,0.0,0.1184096485376358
2402,9.149433899438008e-05,0.006095006410032511,0.007629718817770481,0.028230755403637887,0.0,0.007874833419919014,0.0,0.11840896308422089
2403,0.00010333411919418722,0.0062036624178290365,0.007528436183929443,0.029034963622689248,0.0,0.007787623908370733,0.0,0.11841543018817902
2404,9.515062265563756e-05,0.006234966311603784,0.007991181407123803,0.02854623384773731,0.0,0.0076749310828745365,0.0,0.11843720823526382
2405,0.00010006015218095854,0.006129332818090916,0.007750536594539881,0.027544613182544708,0.0,0.007555008865892887,0.0,0.1184682846069336
2406,9.647404222050682e-05,0.006356749311089515,0.007743825949728489,0.027974050864577292,0.0,0.007490926887840033,0.0,0.11847518384456635
2407,9.94659960269928e-05,0.0061496543698012825,0.007497341744601727,0.03058917261660099,0.0,0.0076491036452353,0.0,0.11847797781229019
2408,9.816708625294268e-05,0.006343264598399401,0.007573454082012177,0.029108007624745368,0.0,0.007850779220461845,0.0,0.1184699758887291
2409,9.590411791577935e-05,0.005963271856307984,0.007660712208598852,0.028560149669647216,0.0,0.007975774817168713,0.0,0.11846555769443512
2410,9.975467546610161e-05,0.006206264346837997,0.007700409367680549,0.028694823011755945,0.0,0.008069359697401524,0.0,0.11847009509801865
2411,9.765212162164972e-05,0.00604157978668809,0.006961037032306194,0.029090863838791847,0.0,0.008236967027187347,0.0,0.11847706884145737
2412,9.908146457746625e-05,0.006171320099383593,0.007399721816182136,0.029125532507896422,0.0,0.008455454371869564,0.0,0.11846701055765152
2413,9.41831196541898e-05,0.006156475003808737,0.007773063890635967,0.027372725307941437,0.0,0.008573992177844048,0.0,0.11844722926616669
2414,9.653122251620516e-05,0.006204685010015964,0.007671366725116968,0.028665156662464143,0.0,0.008583353832364082,0.0,0.11844078451395035
2415,9.440801368327811e-05,0.0059442478232085705,0.007471986021846533,0.029452206566929817,0.0,0.008535385131835938,0.0,0.11842818558216095
2416,9.53312948695384e-05,0.006062195543199778,0.007466456759721041,0.02944325879216194,0.0,0.008497515693306923,0.0,0.11842398345470428
2417,9.646262915339321e-05,0.006295890361070633,0.0072662378661334515,0.02915877252817154,0.0,0.008506974205374718,0.0,0.1184232234954834
2418,9.705101838335395e-05,0.006248865649104119,0.007305841147899628,0.029202504083514214,0.0,0.008503681048750877,0.0,0.11841654777526855
2419,0.0001029039834975265,0.006078858114778996,0.007021517399698496,0.029626554995775222,0.0,0.008593173697590828,0.0,0.11841551959514618
2420,9.65092534897849e-05,0.006178894080221653,0.007261277921497822,0.028463680669665335,0.0,0.008675368502736092,0.0,0.11841299384832382
2421,9.30246154894121e-05,0.006204392854124307,0.0071842484176158905,0.02804494686424732,0.0,0.008697526529431343,0.0,0.11840220540761948
2422,9.843253064900637e-05,0.006226960103958845,0.007391675468534231,0.02921130582690239,0.0,0.008684001863002777,0.0,0.1183902770280838
2423,9.92107787169516e-05,0.006165498215705156,0.007027140166610479,0.027705078199505805,0.0,0.008633458986878395,0.0,0.11839468777179718
2424,9.043012978509069e-05,0.006139386724680662,0.007363622635602951,0.028746503219008446,0.0,0.008587157353758812,0.0,0.11838577687740326
2425,9.06988134374842e-05,0.00631385687738657,0.006933418195694685,0.02806532122194767,0.0,0.008566767908632755,0.0,0.11838803440332413
2426,9.826644381973892e-05,0.005869105737656355,0.007241204380989075,0.029704031720757484,0.0,0.008501989766955376,0.0,0.11838842928409576
2427,9.936278220266104e-05,0.006127883959561586,0.007503639999777078,0.028556398674845697,0.0,0.008384725078940392,0.0,0.11839087307453156
2428,9.607436950318516e-05,0.005849984567612409,0.007418709807097912,0.028507520630955695,0.0,0.008254708722233772,0.0,0.11839554458856583
2429,9.073956607608125e-05,0.006042559258639812,0.007569047342985869,0.02831895500421524,0.0,0.008128218352794647,0.0,0.118399478495121
2430,9.1386993881315e-05,0.0060644933953881265,0.007889447547495366,0.027786153927445413,0.0,0.008025219663977623,0.0,0.1184043437242508
2431,8.968620822997763e-05,0.006088742986321449,0.007551315240561962,0.028361809626221656,0.0,0.0079471655189991,0.0,0.11839769780635834
2432,9.256122430087999e-05,0.0058482615277171135,0.007416755333542824,0.028619682788848876,0.0,0.007939320988953114,0.0,0.11840704828500748
2433,0.00010610311583150178,0.006155869271606207,0.007301189843565226,0.028131283074617385,0.0,0.007921770215034485,0.0,0.11842276155948639
2434,0.00010032200516434387,0.006281703617423773,0.007250223960727453,0.02704755254089832,0.0,0.007879683747887611,0.0,0.11844255775213242
2435,9.43220846238546e-05,0.006200534198433161,0.007057982124388218,0.028385207056999207,0.0,0.007846662774682045,0.0,0.11844231188297272
2436,9.716398490127176e-05,0.00601041093468666,0.0077342336997389795,0.02879408821463585,0.0,0.007787668611854315,0.0,0.11842350661754608
2437,9.736215433804318e-05,0.005947231408208608,0.007442341838032007,0.028080543130636217,0.0,0.007715214043855667,0.0,0.11840447038412094
2438,0.00010202341654803604,0.006210873182862997,0.007405274547636509,0.027936300635337828,0.0,0.007682208903133869,0.0,0.11838962882757187
2439,0.00010101655352627859,0.005892196949571371,0.00803166851401329,0.02740197516977787,0.0,0.0076385303400456905,0.0,0.11836513131856918
2440,9.458769636694342e-05,0.0062056672759354115,0.007938395254313946,0.02815840095281601,0.0,0.007589548826217651,0.0,0.118358314037323
2441,9.776413498912007e-05,0.006157329399138689,0.0075553346425294874,0.029756682738661767,0.0,0.007544961757957935,0.0,0.11835688352584839
2442,9.615095041226596e-05,0.006076876074075699,0.007644037064164877,0.028644437342882155,0.0,0.007494114339351654,0.0,0.1183687224984169
2443,9.689903235994279e-05,0.006114555522799492,0.007428533490747213,0.02886655367910862,0.0,0.00744194071739912,0.0,0.11837420612573624
2444,9.430813370272517e-05,0.006235704105347395,0.007260432466864586,0.027737656980752944,0.0,0.007400107569992542,0.0,0.11836948245763779
2445,9.668606071500108e-05,0.006187563948333264,0.007255523372441531,0.028882325813174247,0.0,0.0073386505246162415,0.0,0.11835680156946182
2446,9.454406681470573e-05,0.006072901748120784,0.0073733006604015825,0.02876073122024536,0.0,0.007279830519109964,0.0,0.11835610866546631
2447,0.00010147125576622784,0.00604478558525443,0.007444412261247635,0.027986128628253937,0.0,0.007222344167530537,0.0,0.1183764711022377
2448,0.00010239204129902646,0.006138347275555134,0.007118595484644175,0.02856505997478962,0.0,0.007163857109844685,0.0,0.1183985099196434
2449,0.00010145674750674515,0.006054806895554066,0.0072591577656567095,0.027876349166035652,0.0,0.007108408957719803,0.0,0.11840884387493134
2450,9.221431391779334e-05,0.005993909575045109,0.007460582628846168,0.02950977236032486,0.0,0.007107914891093969,0.0,0.11841690540313721
2451,9.067885257536545e-05,0.006049827393144369,0.007377646118402481,0.02920210286974907,0.0,0.007192632649093866,0.0,0.11841380596160889
2452,9.510389063507318e-05,0.006059064157307148,0.007673473749309778,0.028843602538108824,0.0,0.0073146210052073,0.0,0.11840756982564926
2453,0.00010054531157948077,0.006243194546550512,0.007195723056793213,0.02886664718389511,0.0,0.007435864768922329,0.0,0.11839421093463898
2454,9.518696897430346e-05,0.00624366020783782,0.007143499888479709,0.028263209015130998,0.0,0.007533959113061428,0.0,0.11838827282190323
2455,9.790019976207986e-05,0.0062365088611841205,0.007358092907816171,0.028964436426758767,0.0,0.007637280970811844,0.0,0.11838322877883911
2456,9.458177228225396e-05,0.006109910737723112,0.007326146494597197,0.02922384664416313,0.0,0.007707594893872738,0.0,0.118378184735775
2457,0.0001015227593597956,0.006450100988149643,0.007099427469074726,0.02820357643067837,0.0,0.007718595676124096,0.0,0.11836149543523788
2458,9.317144722444936e-05,0.0060501150786876675,0.007507413532584906,0.028195863589644432,0.0,0.0077171484008431435,0.0,0.11833895742893219
2459,9.808280883589759e-05,0.0060747473500669,0.00735741863027215,0.028442829102277755,0.0,0.007689895574003458,0.0,0.11831332743167877
2460,8.643958863103762e-05,0.006154285185039044,0.007312584109604359,0.028879909217357634,0.0,0.007643945515155792,0.0,0.11828994750976562
2461,8.684372005518526e-05,0.006255886517465115,0.0075374414213001725,0.0279864102602005,0.0,0.0076635899022221565,0.0,0.11828570067882538
2462,9.612430294509977e-05,0.0061054879799485205,0.0074904002249240875,0.029434452578425408,0.0,0.00766888028010726,0.0,0.11828155815601349
2463,0.00010002859780797735,0.006052836589515209,0.007185399252921343,0.028250280767679214,0.0,0.007676056120544672,0.0,0.11827929317951202
2464,0.00010203246783930808,0.006138244643807411,0.00716934883967042,0.028888607770204543,0.0,0.00773125234991312,0.0,0.11827616393566132
2465,9.606783860363066e-05,0.006154178641736507,0.0074179889634251595,0.027900729328393936,0.0,0.007755843456834555,0.0,0.11828026920557022
2466,0.000103849804145284,0.005982675962150097,0.007721038162708282,0.027851882204413415,0.0,0.007729207631200552,0.0,0.11828546226024628
2467,0.00010158079530810937,0.005943594593554735,0.007372187357395888,0.029842108115553857,0.0,0.0076714917086064816,0.0,0.11830218136310577
2468,0.00010414805874461308,0.006213496811687947,0.007908453233540058,0.029024671763181686,0.0,0.007632116321474314,0.0,0.11833734810352325
2469,9.654870227677747e-05,0.0060939999297261235,0.007936204504221677,0.02926700972020626,0.0,0.007586668245494366,0.0,0.11837188154459
2470,0.00010136910277651623,0.006216367986053228,0.007171299029141665,0.029337459802627565,0.0,0.007533918134868145,0.0,0.11841277778148651
2471,9.881506121018901e-05,0.006121146026998758,0.007330374605953693,0.029584846273064614,0.0,0.007483086548745632,0.0,0.11844034492969513
2472,0.0001055740867741406,0.006007858645170927,0.007177655678242445,0.029167185723781585,0.0,0.007424299605190754,0.0,0.11844944953918457
2473,9.975753200706095e-05,0.006202301662415266,0.007707951031625271,0.029970970749855042,0.0,0.007355235517024994,0.0,0.11845052242279053
2474,0.00010546318953856826,0.006008689943701029,0.007279003784060478,0.028915661945939065,0.0,0.007279460784047842,0.0,0.11844493448734283
2475,0.0001039684095303528,0.006272902060300112,0.007462094724178314,0.02863490954041481,0.0,0.007252613548189402,0.0,0.11843039840459824
2476,0.0001001277836621739,0.006012840382754803,0.007737475167959929,0.02921135872602463,0.0,0.007336015813052654,0.0,0.11842463165521622
2477,9.399486007168889e-05,0.006142232939600945,0.007304956018924713,0.028924023360013963,0.0,0.007418240420520306,0.0,0.11842311918735504
2478,0.00010371316893724725,0.006162901688367128,0.007845840882509947,0.030100464820861816,0.0,0.007459305226802826,0.0,0.11841307580471039
2479,9.544732311042025e-05,0.005984578933566809,0.0074381277896463874,0.028697407618165017,0.0,0.007529282011091709,0.0,0.11840349435806274
2480,9.615666349418461e-05,0.006027948018163443,0.007675476279109717,0.028992433100938797,0.0,0.007620713673532009,0.0,0.11842354387044907
2481,9.632325236452743e-05,0.0062413116917014125,0.007475101016461849,0.029559024795889854,0.0,0.007679929491132498,0.0,0.11845068633556366
2482,9.821575513342395e-05,0.006327505875378847,0.007795134000480175,0.030231298133730888,0.0,0.007718230132013559,0.0,0.11846005916595459
2483,8.87051981408149e-05,0.006129306368529796,0.007233140617609024,0.029347554966807365,0.0,0.007770954631268978,0.0,0.11847604811191559
2484,9.974863205570727e-05,0.006285683903843165,0.007468442246317863,0.029496853053569794,0.0,0.007796095218509436,0.0,0.11850382387638092
2485,9.75908653344959e-05,0.006226940266788006,0.007288968097418547,0.028520966693758965,0.0,0.007787048816680908,0.0,0.11853513866662979
2486,0.00010197567025898025,0.00611893879249692,0.007306039053946734,0.029529754444956778,0.0,0.00788987148553133,0.0,0.1185443177819252
2487,0.00010234576038783416,0.0061402516439557076,0.0072756619192659855,0.029953859746456146,0.0,0.008025990799069405,0.0,0.11855107545852661
2488,9.569166140863672e-05,0.005901371221989393,0.007173245027661324,0.0282201386988163,0.0,0.008070319890975952,0.0,0.11855880171060562
2489,9.40565310884267e-05,0.006128009222447872,0.00766173517331481,0.029834401980042457,0.0,0.008032238110899925,0.0,0.1185629591345787
2490,0.00010668601898942143,0.0059783108532428745,0.007257702667266131,0.028484539687633516,0.0,0.007960041984915733,0.0,0.11855538934469223
2491,9.97383613139391e-05,0.006125438027083874,0.007022780459374189,0.028470950946211816,0.0,0.007881399244070053,0.0,0.1185542494058609
2492,0.0001044784497935325,0.0060001231729984285,0.007380703371018172,0.028206150606274606,0.0,0.007869969122111797,0.0,0.11854763329029083
2493,9.359043469885364e-05,0.005839869845658541,0.007149231527000666,0.028434843942523002,0.0,0.007862784899771214,0.0,0.11853262037038803
2494,9.317961375927552e-05,0.005982398521155119,0.007154406979680061,0.029283419251441956,0.0,0.007815932855010033,0.0,0.11851082742214203
2495,0.00010549121798248961,0.005874956492334604,0.006780954729765654,0.028764135390520095,0.0,0.007753616664558649,0.0,0.11848203837871552
2496,9.669647552073002e-05,0.0059557721950113775,0.0068637275137007235,0.028123709931969644,0.0,0.007676759269088507,0.0,0.11846683919429779
2497,0.00010269245540257543,0.006138076819479465,0.0071725244633853436,0.02959158830344677,0.0,0.007592814974486828,0.0,0.11847643554210663
2498,9.448815690120682e-05,0.006268636696040631,0.007630848232656718,0.029853011295199395,0.0,0.007499950472265482,0.0,0.11848749965429306
2499,9.561257029417902e-05,0.0061810464598238465,0.00731536615639925,0.029037397354841232,0.0,0.007407384924590588,0.0,0.11849345266819
2500,9.992950072046369e-05,0.006087413709610701,0.0069839639589190485,0.029874901846051218,0.0,0.007360449992120266,0.0,0.11848181486129761
2501,9.315779461758212e-05,0.006211064383387565,0.007533786073327065,0.02825929895043373,0.0,0.00736841419711709,0.0,0.11847318708896637
2502,9.421395370736718e-05,0.005911968182772398,0.007714395876973867,0.028532470390200616,0.0,0.007375022862106562,0.0,0.11847396939992905
2503,9.049942600540817e-05,0.006041713617742061,0.007149536907672882,0.02876891866326332,0.0,0.007382265292108059,0.0,0.11847294867038727
2504,9.770968608791009e-05,0.006055971886962652,0.0074683502316474915,0.028521916642785073,0.0,0.007426792290061712,0.0,0.11845860630273819
2505,9.455717517994344e-05,0.006132003571838141,0.007336099725216627,0.028674695640802383,0.0,0.0075201974250376225,0.0,0.11844734847545624
2506,9.279045043513179e-05,0.006094289105385542,0.007531937025487423,0.02907189168035984,0.0,0.007567817810922861,0.0,0.11844988167285919
2507,9.395339147886262e-05,0.006264413334429264,0.007118061371147633,0.02912162207067013,0.0,0.007592337671667337,0.0,0.11846232414245605
2508,9.68880151049234e-05,0.00602697217836976,0.007732464559376239,0.028463608399033547,0.0,0.007784201297909021,0.0,0.11845763027667999
2509,9.689092985354364e-05,0.006153113674372435,0.007622720021754503,0.0285999096930027,0.0,0.007979432120919228,0.0,0.11844611167907715
2510,9.819321712711826e-05,0.0060469163581728935,0.007895299140363932,0.028845800459384917,0.0,0.008063146844506264,0.0,0.1184377446770668
2511,9.24094783840701e-05,0.006382299307733774,0.007618340663611889,0.02984479032456875,0.0,0.008078761398792267,0.0,0.11842519044876099
2512,0.00010183688427787275,0.006104088947176933,0.007633192650973797,0.028927754238247873,0.0,0.008047562092542648,0.0,0.11842602491378784
2513,9.673626627773046e-05,0.006231975834816694,0.007602476701140404,0.02905704826116562,0.0,0.008005796000361443,0.0,0.11841921508312225
2514,9.545455395709723e-05,0.006166815664619208,0.007480858638882637,0.028638683259487152,0.0,0.007955831475555897,0.0,0.11841505765914917
2515,9.434384992346168e-05,0.006091078463941813,0.00730691896751523,0.029906800389289855,0.0,0.007891958579421043,0.0,0.11843116581439972
2516,9.325284918304533e-05,0.0062036260962486265,0.007964278291910886,0.029209309443831443,0.0,0.007802508771419525,0.0,0.11845628917217255
2517,9.83870864729397e-05,0.0059909048490226265,0.007103509735316038,0.028576720133423807,0.0,0.0077037513256073,0.0,0.11847610771656036
2518,0.00010191019828198478,0.006205362640321255,0.00683527896180749,0.02938477285206318,0.0,0.007617010269314051,0.0,0.11847876012325287
2519,0.00010474185837665573,0.006255114264786243,0.007423685677349567,0.027940016984939576,0.0,0.007546792272478342,0.0,0.11846568435430527
2520,0.00010015293810283765,0.006042742542922497,0.00768866166472435,0.02831456810235977,0.0,0.007473480887711048,0.0,0.11845459789037704
2521,9.846345201367513e-05,0.006121047399938106,0.007709378469735384,0.029503605142235757,0.0,0.00740713020786643,0.0,0.11844225227832794
2522,9.873188246274367e-05,0.006073238514363766,0.00753887677565217,0.026471464335918425,0.0,0.007366466335952282,0.0,0.11842845380306244
2523,9.723112016217783e-05,0.006159585062414407,0.0073791627772152426,0.029067976772785185,0.0,0.007329992949962616,0.0,0.1184111014008522
2524,9.804381843423471e-05,0.006003353465348482,0.0074911537580192086,0.027615492418408393,0.0,0.007300995290279388,0.0,0.11838839203119278
2525,0.00010526794503675773,0.005967343505471945,0.007128296047449112,0.028108591586351393,0.0,0.007271415088325739,0.0,0.11836361885070801
2526,9.646720864111557e-05,0.0060108273290097715,0.0073027340695261955,0.029923548549413682,0.0,0.007255448494106531,0.0,0.11835453659296036
2527,9.846236207522452e-05,0.006023700255900622,0.007138192933052778,0.029249788820743562,0.0,0.007275598589330912,0.0,0.11836417764425278
2528,9.686485136626289e-05,0.006074820552021265,0.007014255784451961,0.03035970814526081,0.0,0.007323651108890772,0.0,0.11838843673467636
2529,0.00010434276045998559,0.005899270903319121,0.00763322627171874,0.029718736186623573,0.0,0.007393680512905121,0.0,0.11840589344501495
2530,9.45634426898323e-05,0.006055887416005134,0.00743007343262434,0.028640130907297133,0.0,0.007439220789819956,0.0,0.11840958893299103
2531,0.00010176543000852689,0.006178356520831585,0.007440410368144512,0.027471258863806726,0.0,0.007452726364135742,0.0,0.11840970814228058
2532,9.598493343219162e-05,0.006196553818881512,0.007245420198887587,0.028973186761140822,0.0,0.007447375450283289,0.0,0.11840151250362396
2533,0.00011179104185430334,0.005980101134628058,0.007357982080429792,0.028959379345178605,0.0,0.007437767926603556,0.0,0.11838825792074203
2534,9.362647542729974e-05,0.005961702112108469,0.007446379400789738,0.03071032427251339,0.0,0.007410392165184021,0.0,0.1183733195066452
2535,0.00010292978113284335,0.0060334688052535055,0.007334308978170156,0.02902851291000843,0.0,0.0073580993339419365,0.0,0.1183503046631813
2536,9.771453478606418e-05,0.006300418451428413,0.0072772778570652005,0.029248524084687234,0.0,0.007304315455257893,0.0,0.11832384765148163
2537,9.750211174832656e-05,0.006204230058938265,0.007332198694348336,0.029175515845417978,0.0,0.007259956561028957,0.0,0.11829980462789536
2538,0.00010209458268946036,0.006124297436326742,0.007436950784176588,0.029518498107790947,0.0,0.0072501180693507195,0.0,0.11829016357660294
2539,9.824905137065799e-05,0.006153759453445673,0.008816832676529884,0.02965858727693558,0.0,0.007262273225933313,0.0,0.11827520281076431
2540,9.812182688619941e-05,0.005959376972168684,0.009002390876412391,0.02946619875729084,0.0,0.007291803602129221,0.0,0.11825954914093018
2541,9.885721083264798e-05,0.006231844518333673,0.008453989867120981,0.027319275215268134,0.0,0.007316616829484701,0.0,0.11825914680957794
2542,9.694820910226554e-05,0.0060525860637426375,0.008062831312417983,0.02861100547015667,0.0,0.007305510342121124,0.0,0.11825189739465714
2543,9.118060988839715e-05,0.0062492512166500095,0.007727045379579067,0.02865723967552185,0.0,0.007268622517585754,0.0,0.11825782060623169
2544,0.00010103992826770991,0.006182720698416233,0.00814248314127326,0.027230504155158996,0.0,0.007222821470350027,0.0,0.11827874183654785
2545,9.512049582554028e-05,0.00622775536030531,0.007922393642365933,0.02834739312529564,0.0,0.007178499363362789,0.0,0.11828802525997162
2546,0.00010213664791081101,0.006005671434104442,0.00782778048887849,0.028658758103847503,0.0,0.0071708401665091515,0.0,0.11829899251461029
2547,9.486226626904681e-05,0.005968040134757757,0.008618061430752277,0.027784935384988784,0.0,0.007192443124949932,0.0,0.11829439550638199
2548,0.00010521669464651495,0.006234601698815822,0.008223815262317658,0.02722754590213299,0.0,0.007229216396808624,0.0,0.11828507483005524
2549,9.934354602592066e-05,0.006090536061674356,0.008517486788332463,0.028731374815106393,0.0,0.007322521414607763,0.0,0.11828094720840454
2550,0.00010206482547800989,0.005884463805705309,0.008343951869755983,0.028465495258569718,0.0,0.007396363653242588,0.0,0.11826877295970917
2551,9.973135456675664e-05,0.005986548867076636,0.008035044930875302,0.029052191972732545,0.0,0.007425342686474323,0.0,0.11825235188007355
2552,0.00010320030996808782,0.006240204069763422,0.007775016967207194,0.0289062961935997,0.0,0.0074316756799817085,0.0,0.11823741346597672
2553,9.702699171612039e-05,0.0062555154785513874,0.008502436708658934,0.029626786708831787,0.0,0.007476617582142353,0.0,0.11822481453418732
2554,0.00010125593107659369,0.006252521742135286,0.008022110722959042,0.03143689520657063,0.0,0.007533293217420578,0.0,0.11824363470077515
2555,0.00010413498384878039,0.006206848006695509,0.007645864970982075,0.028857486322522163,0.0,0.007652053143829107,0.0,0.11827272176742554
2556,0.0001018871771520935,0.006121399253606797,0.008193555288016796,0.02912628576159477,0.0,0.007740458007901907,0.0,0.11829636245965958
2557,9.365099977003411e-05,0.006025399453938008,0.007754400838166475,0.028402931243181228,0.0,0.007757954299449921,0.0,0.11830361932516098
2558,0.00010367534414399416,0.0063234387896955015,0.007816682197153568,0.030201703682541846,0.0,0.007719648070633411,0.0,0.1182958334684372
2559,0.00010013510036515072,0.005911558214575052,0.00798085741698742,0.029359114170074464,0.0,0.007636685855686665,0.0,0.11830494552850723
2560,8.659698505653068e-05,0.006032630149275064,0.007738139759749174,0.02917138896882534,0.0,0.007524007465690374,0.0,0.11830820888280869
2561,9.968700032914057e-05,0.005863174796104431,0.008508039079606533,0.029129813238978387,0.0,0.0074094063602387905,0.0,0.11829972267150879
2562,9.8200656066183e-05,0.006065353844314813,0.008353407308459283,0.02996085360646248,0.0,0.007376114837825298,0.0,0.11830256134271622
2563,9.907971398206427e-05,0.006052193790674209,0.008004245068877935,0.029469188302755356,0.0,0.007400811649858952,0.0,0.11830376088619232
2564,9.6980991656892e-05,0.006220560148358345,0.008394215907901525,0.029265832528471945,0.0,0.007436785846948624,0.0,0.11829819530248642
2565,9.989040117943659e-05,0.006141669303178787,0.008174311928451061,0.029739471897482873,0.0,0.007462767418473959,0.0,0.11831386387348175
2566,0.00010186122526647523,0.006002544797956944,0.007777213864028454,0.02867681123316288,0.0,0.007478371262550354,0.0,0.11832503974437714
2567,0.00010811396787175908,0.005957441590726376,0.008807776682078838,0.028551152721047402,0.0,0.007478239480406046,0.0,0.11832908540964127
2568,0.00010703773878049106,0.00608404278755188,0.008194730058312416,0.029142801463603974,0.0,0.007461672183126211,0.0,0.11833913624286652
2569,0.00010366996721131728,0.006220130994915962,0.007979134842753411,0.02871179096400738,0.0,0.007424876093864441,0.0,0.11834488064050674
2570,9.77086354396306e-05,0.006022669002413749,0.008507789112627506,0.02943141907453537,0.0,0.007372451014816761,0.0,0.11834728717803955
2571,0.00010226563463220373,0.006045709922909736,0.008228625729680061,0.029432551190257072,0.0,0.007322715129703283,0.0,0.11836163699626923
2572,9.540715545881539e-05,0.006090110167860985,0.008576327376067639,0.02839059606194496,0.0,0.007313038222491741,0.0,0.1183820515871048
2573,9.334542992291971e-05,0.0060987257398664955,0.007958278525620699,0.02851129211485386,0.0,0.007330260239541531,0.0,0.11839812994003296
2574,9.64038772508502e-05,0.006085996329784393,0.007322812918573618,0.02915007509291172,0.0,0.007353487424552441,0.0,0.11839412152767181
2575,0.000100737001048401,0.006203460041433573,0.008012640848755836,0.028820760920643805,0.0,0.007371970452368259,0.0,0.11836989223957062
2576,9.695114713395014e-05,0.006096418481320143,0.008461774513125419,0.030093156173825263,0.0,0.007369088474661112,0.0,0.11835350096225739
2577,9.692865132819861e-05,0.005911050084978342,0.007977858185768127,0.029344435036182403,0.0,0.007330139167606831,0.0,0.11834099143743515
2578,9.451393852941692e-05,0.006323437858372927,0.008638915978372097,0.028945721313357355,0.0,0.0072667524218559265,0.0,0.11833073198795319
2579,9.227299742633476e-05,0.005988205224275589,0.00854096170514822,0.027620141580700874,0.0,0.007220839150249958,0.0,0.11832009255886078
2580,0.00010779016884043813,0.006256073713302612,0.00848888698965311,0.02933068387210369,0.0,0.007202004548162222,0.0,0.11828766018152237
2581,8.981106511782855e-05,0.006218118127435446,0.008554910682141781,0.028287070244550704,0.0,0.00721884798258543,0.0,0.11825980246067047
2582,9.337837982457132e-05,0.00638055382296443,0.008267719764262438,0.028989268094301225,0.0,0.007326305843889713,0.0,0.11826422065496445
2583,9.400647977599874e-05,0.005939181242138147,0.00825924901291728,0.02920891121029854,0.0,0.0074998787604272366,0.0,0.11826886236667633
2584,9.963271004380659e-05,0.006353366374969483,0.00804555406793952,0.027944615110754967,0.0,0.007644686847925186,0.0,0.11825208365917206
2585,9.977749723475427e-05,0.005849252454936504,0.008128207828849553,0.02943703532218933,0.0,0.007699418812990189,0.0,0.11823593080043793
2586,9.349036845378578e-05,0.006061176676303149,0.008077766560018063,0.028712574020028116,0.0,0.007679115980863571,0.0,0.11822183430194855
2587,9.393578220624476e-05,0.006032198574393988,0.008058300986886025,0.029265083372592926,0.0,0.007633367087692022,0.0,0.11821627616882324
2588,9.231271978933364e-05,0.0062346868216991425,0.008061755448579788,0.028821595758199692,0.0,0.007655093912035227,0.0,0.11823233217000961
2589,9.288303408538923e-05,0.005874252971261739,0.008559492044150829,0.02807220332324505,0.0,0.007686660625040531,0.0,0.11825054883956909
2590,0.00010034282167907805,0.006259057112038136,0.007794154901057481,0.028906206786632537,0.0,0.007685756776481867,0.0,0.11826195567846298
2591,9.449747449252754e-05,0.006159980781376362,0.008258149307221175,0.03042123205959797,0.0,0.007673556450754404,0.0,0.11828379333019257
2592,9.63026614044793e-05,0.006252571381628514,0.007870262768119574,0.028261743113398553,0.0,0.007639446761459112,0.0,0.1183120459318161
2593,9.496878483332694e-05,0.0060523212887346745,0.00809773476794362,0.030354096740484237,0.0,0.007678257767111063,0.0,0.11831571906805038
2594,9.600337943993509e-05,0.006052280217409134,0.008226663246750832,0.029752491787075997,0.0,0.007775751408189535,0.0,0.11832632124423981
2595,8.901755936676636e-05,0.006180497724562884,0.00801057405769825,0.028200342133641244,0.0,0.007868176326155663,0.0,0.11833413690328598
2596,9.481799934292212e-05,0.006221521180123091,0.00823805844411254,0.028711487352848054,0.0,0.007899043150246143,0.0,0.11832927167415619
2597,9.654976020101458e-05,0.006286339275538922,0.008044278714805841,0.028875571861863136,0.0,0.007867607288062572,0.0,0.11832889169454575
2598,8.855267224134877e-05,0.00610003862529993,0.008257656544446944,0.030287808924913406,0.0,0.007808105554431677,0.0,0.11833242326974869
2599,9.693992033135145e-05,0.006112672854214907,0.007660751417279244,0.028787745162844658,0.0,0.007759277708828449,0.0,0.11833679676055908
2600,9.598416945664213e-05,0.006192351970821619,0.008450652845203877,0.02881319560110569,0.0,0.007726187817752361,0.0,0.11834655702114105
2601,9.947308717528358e-05,0.006226571649312973,0.007869702391326427,0.02897906266152859,0.0,0.007710895501077175,0.0,0.11837112903594971
2602,9.379339317092673e-05,0.00625413553789258,0.008108196314424276,0.029430574923753738,0.0,0.007676335982978344,0.0,0.11838795989751816
2603,9.044728067237884e-05,0.00635985191911459,0.008033793326467276,0.029268210753798485,0.0,0.007644462399184704,0.0,0.11840449273586273
2604,9.637461917009205e-05,0.006281335558742285,0.007297220826148987,0.02906210273504257,0.0,0.007617744151502848,0.0,0.11844148486852646
2605,0.0001021405856590718,0.005996677465736866,0.007249539531767368,0.028113103285431863,0.0,0.00761787872761488,0.0,0.11848249286413193
2606,9.91844673990272e-05,0.006173504143953323,0.007039581798017025,0.03008764423429966,0.0,0.00759847741574049,0.0,0.118503138422966
2607,0.00010042283101938665,0.005981542635709047,0.007233659643679858,0.02981615923345089,0.0,0.007546592503786087,0.0,0.11850102245807648
2608,9.656383917899802e-05,0.006389723438769579,0.008237581886351108,0.02906445786356926,0.0,0.007542135659605265,0.0,0.11849614232778549
2609,9.657716727815569e-05,0.006248985044658184,0.008284266665577888,0.02940608263015747,0.0,0.007605803199112415,0.0,0.11848001182079315
2610,9.436543332412839e-05,0.006193452887237072,0.008185617066919804,0.030212506651878357,0.0,0.00765323406085372,0.0,0.1184595599770546
2611,9.047175553860143e-05,0.005917541589587927,0.007736665662378073,0.029279135540127753,0.0,0.007701583206653595,0.0,0.11844466626644135
2612,0.00010090189171023667,0.006285158824175597,0.007350808847695589,0.02930850684642792,0.0,0.007703457027673721,0.0,0.11844298988580704
2613,9.2414602113422e-05,0.006258546281605959,0.008175745978951455,0.028468400239944458,0.0,0.007674939930438995,0.0,0.11844994872808456
2614,9.773625351954252e-05,0.006128786783665419,0.007874263264238835,0.0282168697565794,0.0,0.0076823122799396515,0.0,0.11846417188644409
2615,9.371296910103411e-05,0.005975491367280483,0.007692884653806686,0.02934616096317768,0.0,0.007689493242651224,0.0,0.11847443878650665
2616,0.0001003907571430318,0.006042140070348978,0.008543446287512779,0.030784166231751443,0.0,0.007680633570998907,0.0,0.11849178373813629
2617,0.00010300482681486755,0.006362548191100359,0.0083720151335001,0.029028161615133285,0.0,0.007663586642593145,0.0,0.11851096153259277
2618,0.00010239494440611452,0.006326340604573488,0.0077984539791941644,0.028987007588148116,0.0,0.007671921513974667,0.0,0.11850474029779434
2619,0.0001023622986394912,0.006297929491847753,0.0077742856927216055,0.028777976334095002,0.0,0.00767907639965415,0.0,0.11847797781229019
2620,9.837082179728896e-05,0.006238146405667067,0.00745168486610055,0.02935817204415798,0.0,0.007662113755941391,0.0,0.11845917999744415
2621,9.344361460534855e-05,0.006164060533046722,0.007596784457564354,0.030397391691803933,0.0,0.007623054087162018,0.0,0.11844050884246826
2622,9.79595657554455e-05,0.006078897695988417,0.007531156018376351,0.028590174019336702,0.0,0.007579146884381771,0.0,0.118425652384758
2623,9.547790978103876e-05,0.006018673628568649,0.008054246846586465,0.02828072980046272,0.0,0.00752300163730979,0.0,0.11842510849237442
2624,0.00010174332128372043,0.006013748142868281,0.007601217553019524,0.02975992448627949,0.0,0.007456143386662006,0.0,0.11843446642160416
2625,9.361470438307151e-05,0.006114964187145233,0.007971665915101766,0.028193151578307152,0.0,0.007429251912981272,0.0,0.1184469610452652
2626,9.006053151097148e-05,0.006150460708886385,0.008180291298776865,0.02792999930679798,0.0,0.007406212389469147,0.0,0.11844780296087265
2627,0.00010305318573955446,0.005948971398174763,0.008507369644939899,0.027801166102290154,0.0,0.007394950836896896,0.0,0.11845315992832184
2628,9.304333216277882e-05,0.006257078982889653,0.008030444663017989,0.027039487659931184,0.0,0.0073998356238007545,0.0,0.11845282465219498
2629,0.0001013424844131805,0.0060388539917767044,0.007846189197152853,0.02808200754225254,0.0,0.007405368145555258,0.0,0.11843360960483551
2630,9.528924128971994e-05,0.006073862966150046,0.008014957699924708,0.029702987521886826,0.0,0.007429647259414196,0.0,0.11841191351413727
2631,9.602951031411067e-05,0.005969671718776226,0.007727139722555875,0.028709566220641136,0.0,0.0074851782992482185,0.0,0.1184002161026001
2632,9.669036953710019e-05,0.0059588182717561725,0.007674647960811853,0.02830022871494293,0.0,0.007515049073845148,0.0,0.11838512122631073
2633,0.00010091072181239724,0.006167848035693169,0.007981945853680372,0.030492157861590385,0.0,0.007504169829189777,0.0,0.11837173998355865
2634,9.10447197384201e-05,0.006097909528762102,0.00796772688627243,0.02929763086140156,0.0,0.007458375301212072,0.0,0.11838026344776154
2635,0.00010692335199564695,0.006108866725116968,0.008703283965587616,0.02952386923134327,0.0,0.007411022670567036,0.0,0.11838178336620331
2636,9.79790696874261e-05,0.006183467339724302,0.0073745762929320335,0.028994830325245857,0.0,0.007401768118143082,0.0,0.11836029589176178
2637,9.861631697276607e-05,0.006067634653300047,0.008095839712768792,0.02939465530216694,0.0,0.007420782931149006,0.0,0.11833392083644867
2638,9.892623202176765e-05,0.006103401631116867,0.007969847973436117,0.030336492508649827,0.0,0.00749885942786932,0.0,0.11832483857870102
2639,0.00010012492421083153,0.005918602179735899,0.007352213189005852,0.028505203127861024,0.0,0.00752605777233839,0.0,0.11832177639007568
2640,9.384958684677258e-05,0.006117617897689343,0.00789873506873846,0.029048839956521987,0.0,0.007514200173318386,0.0,0.11831243336200714
2641,9.90872344118543e-05,0.006143595371395349,0.008497148752212524,0.02918839268386364,0.0,0.007509657647460699,0.0,0.11832084506750107
2642,9.566029475536198e-05,0.005910799559205771,0.008146027568727732,0.028602997586131097,0.0,0.007483422756195068,0.0,0.11832426488399506
2643,9.642440854804591e-05,0.0061382956802845,0.008138909563422203,0.02934570610523224,0.0,0.007439517881721258,0.0,0.11832229793071747
2644,0.00010276476532453672,0.006228188052773476,0.007816079165786504,0.02782165929675102,0.0,0.007372131105512381,0.0,0.11833463609218597
2645,9.9637356470339e-05,0.006166431773453951,0.007852101977914572,0.027579648420214653,0.0,0.007330199237912893,0.0,0.1183297261595726
2646,9.386430028825998e-05,0.006176163349300623,0.008384722098708153,0.02851869985461235,0.0,0.007313758134841919,0.0,0.11832527816295624
2647,9.368188475491478e-05,0.006137319467961788,0.007739640586078167,0.029305150732398033,0.0,0.007286482956260443,0.0,0.11832274496555328
2648,9.642081859055907e-05,0.006252520624548197,0.007736998423933983,0.028822218626737596,0.0,0.007287935819476843,0.0,0.11831915378570557
2649,0.00010183663252973929,0.006006364524364471,0.007923614885658025,0.030062495917081832,0.0,0.00729718804359436,0.0,0.11832866817712784
2650,0.00010128802241524682,0.006108315847814083,0.0076160099357366565,0.02867344282567501,0.0,0.007362636271864176,0.0,0.11833616346120834
2651,9.7969728813041e-05,0.006227749399840832,0.00751193081960082,0.02773394212126732,0.0,0.007435559295117855,0.0,0.11833702027797699
2652,9.886647603707388e-05,0.006197403091937304,0.007075249962508678,0.027318059280514718,0.0,0.007468213327229023,0.0,0.11832394450902939
2653,9.936472051776945e-05,0.005848947539925575,0.007070008106529713,0.030246086046099664,0.0,0.007480229251086712,0.0,0.11829352378845215
2654,9.371085761813446e-05,0.006188554503023624,0.007314786780625582,0.02968384027481079,0.0,0.0074945250526070595,0.0,0.11827121675014496
2655,9.89413761999458e-05,0.006100329104810953,0.006906982325017452,0.030269550904631615,0.0,0.007485765963792801,0.0,0.11826418340206146
2656,9.045297920238227e-05,0.006248125713318587,0.006901243049651384,0.028564989939332007,0.0,0.007445776369422674,0.0,0.11827109009027481
2657,9.882219164865091e-05,0.006173032522201538,0.007722361106425523,0.029296215251088144,0.0,0.007387985475361347,0.0,0.1182905063033104
2658,9.288474684581161e-05,0.006130640767514706,0.008133002929389477,0.029151995107531546,0.0,0.0073800161480903625,0.0,0.1183030754327774
2659,0.0001000609583570622,0.006159767601639032,0.008098361361771823,0.02898000068962574,0.0,0.007482367567718029,0.0,0.11830742657184601
2660,9.586319938534871e-05,0.00584268132224679,0.007853816635906697,0.02970438115298748,0.0,0.007582919206470251,0.0,0.1183135062456131
2661,9.586266241967678e-05,0.006275543011724949,0.008637357968837023,0.028823407739400862,0.0,0.007621267344802618,0.0,0.11831986904144287
2662,8.82638298207894e-05,0.00602425541728735,0.008630621340125799,0.02826375626027584,0.0,0.007657282054424286,0.0,0.11833186447620392
2663,9.473038226133212e-05,0.00597220342606306,0.00835852399468422,0.02829710580408573,0.0,0.007693769875913858,0.0,0.11833002418279648
2664,9.770779288373888e-05,0.006187800876796245,0.007979067787528039,0.027693527564406396,0.0,0.007710049394518137,0.0,0.11831381171941757
2665,9.376877424074336e-05,0.006132952310144902,0.008083336334675551,0.02809375785291195,0.0,0.007748414762318134,0.0,0.1182897537946701
2666,8.689101232448593e-05,0.006166462786495686,0.008268656581640244,0.02892325781285763,0.0,0.007756032980978489,0.0,0.118280790746212
2667,9.530860843369738e-05,0.005991933681070804,0.008512831665575505,0.02798221558332443,0.0,0.007746897637844086,0.0,0.1182803064584732
2668,9.433782397536561e-05,0.006150322686880827,0.007781956810504198,0.029943539574742318,0.0,0.0077313645742833614,0.0,0.11828978359699249
2669,0.00010776315612019971,0.006166226416826248,0.007728061825037003,0.029237494990229606,0.0,0.007716323249042034,0.0,0.11831539869308472
2670,0.00010512443404877558,0.00614753682166338,0.007526235561817885,0.028908196091651916,0.0,0.007704758085310459,0.0,0.11833274364471436
2671,0.00010874903091462329,0.006206624582409859,0.0075446275062859055,0.027885064110159875,0.0,0.0077072205021977425,0.0,0.11833928525447845
2672,9.764347632881253e-05,0.006243983376771211,0.0074812561273574826,0.02868548221886158,0.0,0.0077338991686701775,0.0,0.11832859367132187
2673,9.605843806639313e-05,0.006115033011883497,0.008063940238207579,0.0290349293500185,0.0,0.007799655199050903,0.0,0.11831821501255035
2674,0.00010464094812050462,0.006270873919129371,0.007918855082243681,0.029504049569368362,0.0,0.007838218472898006,0.0,0.11832574754953384
2675,9.850117639871314e-05,0.006107448227703571,0.008308509923517704,0.029191052168607713,0.0,0.007867729291319847,0.0,0.11832129955291748
2676,0.0001080383633961901,0.006201815605163574,0.008325436245650053,0.027133908867836,0.0,0.007866953499615192,0.0,0.11830844730138779
2677,8.864007832016796e-05,0.00618034927174449,0.008188503235578537,0.029481759667396544,0.0,0.007811306975781918,0.0,0.11828813701868057
2678,9.266207198379561e-05,0.006053617503494024,0.008064545225352049,0.029257466644048692,0.0,0.007727632764726877,0.0,0.11827056109905243
2679,9.922073368215934e-05,0.00596659928560257,0.008047169912606478,0.028189166262745858,0.0,0.0076430561020970345,0.0,0.11826296150684357
2680,0.00010081707296194509,0.006130510941147804,0.008024652022868395,0.029392563551664353,0.0,0.007542973849922419,0.0,0.1182638630270958
2681,0.00010680489940568804,0.005926323216408491,0.007845147885382176,0.02946830578148365,0.0,0.007434564176946878,0.0,0.1182803362607956
2682,0.0001065724267391488,0.005958160106092692,0.008103571645915509,0.028186415135860444,0.0,0.007332003675401211,0.0,0.1182829886674881
2683,0.00010534653119975701,0.006099819205701351,0.007564626075327397,0.029125138744711877,0.0,0.007248516194522381,0.0,0.11828617751598358
2684,9.644088277127594e-05,0.0063013706356287,0.007463867962360382,0.029344359785318373,0.0,0.007194855250418186,0.0,0.1182938814163208
2685,0.00010226197045994922,0.006357932649552822,0.007232620939612388,0.0292897991836071,0.0,0.00718833040446043,0.0,0.11830244958400726
2686,9.828630863921717e-05,0.006088176649063826,0.007045086473226547,0.029768668860197068,0.0,0.007292107678949833,0.0,0.11832171678543091
2687,0.00010069521813420579,0.006106238905340433,0.007446170039474964,0.02904624491930008,0.0,0.007408468518406153,0.0,0.11835134029388428
2688,0.00010167571017518639,0.0060678086243569854,0.007388503849506378,0.028810001164674758,0.0,0.007457651197910309,0.0,0.11836536973714828
2689,9.570891561452299e-05,0.006199565343558788,0.006831547431647778,0.029584235325455666,0.0,0.007462207227945328,0.0,0.11836706101894379
2690,9.133930288953706e-05,0.0061677866615355015,0.007450872100889683,0.027830129116773607,0.0,0.007444845046848059,0.0,0.11837402731180191
2691,9.807454043766483e-05,0.0061160576529800895,0.008342112507671117,0.02920403927564621,0.0,0.007392179220914841,0.0,0.11837992817163467
2692,0.00010155263298656791,0.006054024677723646,0.008211389183998108,0.02884545661509037,0.0,0.007330290973186493,0.0,0.11840226501226425
2693,9.623630758142099e-05,0.006099701579660177,0.008696114365011453,0.0282982062548399,0.0,0.007328882813453674,0.0,0.11841851472854614
2694,9.734230989124625e-05,0.006082730554044247,0.007948368228971959,0.030453895032405854,0.0,0.0073965913616120815,0.0,0.11842338740825653
2695,8.90571900526993e-05,0.005996380746364593,0.008242951333522796,0.02868952415883541,0.0,0.007587576750665903,0.0,0.1184280514717102
2696,8.712995040696114e-05,0.0062366555444896225,0.008647345937788486,0.028439986333251,0.0,0.007783359847962856,0.0,0.11840991675853729
2697,9.735149942571297e-05,0.006134423427283764,0.008617961220443249,0.029462702572345734,0.0,0.007886885665357113,0.0,0.11839161068201065
2698,9.819765837164596e-05,0.0060444588772952555,0.008426269982010126,0.027765725925564765,0.0,0.007948974147439003,0.0,0.11838886886835098
2699,8.955489029176533e-05,0.006117105390876532,0.008462067507207394,0.029131636023521423,0.0,0.007997809909284115,0.0,0.11837190389633179
2700,9.116624278249219e-05,0.0060612041503191,0.008048930764198303,0.028091665357351303,0.0,0.008073723874986172,0.0,0.11836644262075424
2701,9.783396089915186e-05,0.006233193352818489,0.007595515064895153,0.028089318424463272,0.0,0.008157062344253063,0.0,0.11835823208093643
2702,8.833213796606287e-05,0.006357565522193909,0.007904111780226231,0.029045459628105164,0.0,0.008175401948392391,0.0,0.11834637075662613
2703,9.490162774454803e-05,0.0062297645956277846,0.007004994060844183,0.029040368646383284,0.0,0.008173128589987755,0.0,0.11833913624286652
2704,0.00010280359128955752,0.0061739514581859115,0.007468376960605383,0.028972892090678215,0.0,0.00816652737557888,0.0,0.11833740770816803
2705,9.723216498969123e-05,0.006098578684031963,0.007742145098745823,0.028155944868922235,0.0,0.008121203631162643,0.0,0.11834816634654999
2706,8.745839295443147e-05,0.006166466418653727,0.008106298930943012,0.028698150441050528,0.0,0.00805365014821291,0.0,0.11835960298776627
2707,9.423353913007304e-05,0.006298585422337055,0.00795143973082304,0.02911960780620575,0.0,0.008005645126104355,0.0,0.11834492534399033
2708,9.090010862564669e-05,0.006205509323626757,0.007879500463604926,0.02835446856915951,0.0,0.00795429665595293,0.0,0.1183229461312294
2709,8.490658074151724e-05,0.006211124081164599,0.007930098567157984,0.027135511860251427,0.0,0.007882600650191307,0.0,0.11831110715866089
2710,9.147767414106057e-05,0.006244302913546562,0.007819897867739201,0.02810392193496227,0.0,0.00783556792885065,0.0,0.11829440295696259
2711,0.00010543021926423535,0.006050745211541653,0.007879934925585984,0.028373214602470397,0.0,0.007858918979763985,0.0,0.1182970404624939
2712,9.703459654701874e-05,0.0062004197388887405,0.007779494766145945,0.029085864871740343,0.0,0.007877115160226822,0.0,0.11832036077976227
2713,9.520534804323688e-05,0.005974296852946282,0.007528907060623169,0.02964032031595707,0.0,0.007901305332779884,0.0,0.11833938211202621
2714,0.00010340500011807308,0.006190203782171011,0.007604571059346199,0.029939325526356697,0.0,0.007896197028458118,0.0,0.11835302412509918
2715,0.00010546718840487301,0.0061204151250422,0.006979842856526375,0.02982585206627846,0.0,0.007873150520026684,0.0,0.11835871636867523
2716,0.00010483475052751601,0.006042174901813269,0.007091404311358929,0.029895037040114404,0.0,0.007887179963290691,0.0,0.1183568686246872
2717,0.00010065740498248488,0.006052524782717228,0.008297375496476888,0.029410083219408988,0.0,0.00788835622370243,0.0,0.11833477020263672
2718,9.171636920655147e-05,0.006067802011966705,0.008257772028446197,0.029561327025294303,0.0,0.007844769395887852,0.0,0.11833026260137558
2719,9.074461559066549e-05,0.005829710699617863,0.008819584548473359,0.02990119531750679,0.0,0.007759793195873499,0.0,0.11833622306585312
2720,9.854759846348316e-05,0.0061506181955337524,0.008224431052803993,0.028927330300211905,0.0,0.007690787315368652,0.0,0.11834516376256943
2721,9.228028357028961e-05,0.006011046003550291,0.008191647194325923,0.02860119603574276,0.0,0.007666212506592274,0.0,0.11834648996591568
2722,9.62140446063131e-05,0.006154759973287583,0.008352939411997795,0.029614641144871712,0.0,0.007640527095645666,0.0,0.11834566295146942
2723,9.617331379558891e-05,0.006352737918496132,0.008142514526844025,0.02908032387495041,0.0,0.00761103630065918,0.0,0.1183396428823471
2724,9.490456432104111e-05,0.0062218643724918365,0.007718753255903721,0.028762485831975937,0.0,0.007619412150233984,0.0,0.11835111677646637
2725,0.0001032648840919137,0.006155332177877426,0.008380880858749152,0.028099729865789413,0.0,0.0076380944810807705,0.0,0.11837977170944214
2726,9.149351535597816e-05,0.006045386847108603,0.007873215898871421,0.030108797177672387,0.0,0.007654963526874781,0.0,0.11841198056936264
2727,9.461337467655539e-05,0.006158678792417049,0.007215470634400844,0.029688553884625435,0.0,0.007631470914930105,0.0,0.1184491291642189
2728,0.00010187265579588711,0.005884784553200006,0.007612010836601258,0.02917153052985668,0.0,0.007582677993923426,0.0,0.11848904192447662
2729,0.00010508540435694158,0.006121565867215395,0.007703890278935433,0.030192940682172775,0.0,0.007563313003629446,0.0,0.11852525174617767
2730,9.99405630864203e-05,0.006254618987441063,0.007932332344353199,0.028955410420894622,0.0,0.00759234931319952,0.0,0.11854834854602814
2731,0.00010873650462599471,0.006229888834059239,0.008037749771028757,0.028198514133691788,0.0,0.007594744209200144,0.0,0.11854927241802216
2732,0.00010582596296444535,0.006107432954013348,0.007980761863291264,0.0290371660143137,0.0,0.00757242739200592,0.0,0.11854978650808334
2733,9.209161653416232e-05,0.006154974270612001,0.008323536906391382,0.029158052429556845,0.0,0.00753506924957037,0.0,0.11854531615972519
2734,9.247468406101689e-05,0.006162136979401112,0.008631881885230541,0.030055201426148415,0.0,0.007486390415579081,0.0,0.11854906380176544
2735,9.691970481071622e-05,0.006299849599599838,0.008002479653805494,0.028244414180517197,0.0,0.007471579127013683,0.0,0.11857067048549652
2736,9.98673538560979e-05,0.0060783508233726025,0.007926932629197836,0.027926137670874596,0.0,0.007504073437303305,0.0,0.11857376247644424
2737,9.076565183931961e-05,0.0059602084569633,0.007499832287430763,0.029529732838273048,0.0,0.00753827253356576,0.0,0.11856721341609955
2738,0.00010434287250973284,0.0061107083223760125,0.008202579338103533,0.028790266811847688,0.0,0.007537627127021551,0.0,0.11856938898563385
2739,0.00010500701609998942,0.006076289433985948,0.0073836597613990305,0.02724558562040329,0.0,0.0074999346397817135,0.0,0.11856935173273087
2740,9.80444106971845e-05,0.006152414157986641,0.007681745104491711,0.029120663926005364,0.0,0.0074316165409982204,0.0,0.11854769289493561
2741,9.91883163806051e-05,0.005971437599509954,0.007307200040668249,0.028836351260542868,0.0,0.007354116532951593,0.0,0.11853046715259552
2742,9.773169877007604e-05,0.006121470779180527,0.007330596726387739,0.028939048945903777,0.0,0.0072839572094380856,0.0,0.11853301525115967
2743,9.570752445142716e-05,0.006126531958580017,0.007788494601845742,0.027388522401452065,0.0,0.007228170521557331,0.0,0.11853460967540741
2744,9.959192684618756e-05,0.006080642342567444,0.007212637923657894,0.0293584231287241,0.0,0.007198797073215246,0.0,0.11852964013814926
2745,8.901675610104576e-05,0.0062418956309556965,0.0075730856508016585,0.029417259618639946,0.0,0.0071713970974087715,0.0,0.11852750927209854
2746,9.524195338599384e-05,0.00633442560210824,0.007470432110130787,0.029200849309563636,0.0,0.007128207478672266,0.0,0.11852946132421494
2747,9.34701893129386e-05,0.006158808898180723,0.007721221633255481,0.029692253842949868,0.0,0.007146172225475311,0.0,0.11854720115661621
2748,8.732683782000094e-05,0.0063321608118712906,0.00808995058760047,0.028366472199559213,0.0,0.00724442396312952,0.0,0.11857222020626068
2749,9.765543945832178e-05,0.0060236030258238316,0.007773956097662449,0.028730519860982896,0.0,0.00731471786275506,0.0,0.11856646835803986
2750,9.603036887710914e-05,0.006099073868244887,0.007808922789990902,0.029509441927075386,0.0,0.0073484801687300205,0.0,0.11854827404022217
2751,9.638316842028872e-05,0.006169536150991917,0.008234272710978985,0.029114194586873053,0.0,0.007343935780227184,0.0,0.11853472143411636
2752,0.00010186845465796069,0.00625808434560895,0.007874378003180027,0.029389404505491257,0.0,0.007338366471230984,0.0,0.11852478981018066
2753,9.938771254383027e-05,0.006129653099924326,0.008002840727567673,0.028669601306319237,0.0,0.0073623135685920715,0.0,0.11851866543292999
2754,8.878899388946593e-05,0.006063918769359589,0.007984076347202062,0.029113298282027245,0.0,0.007411523722112179,0.0,0.11852047592401505
2755,8.772593137109652e-05,0.00624166065827012,0.007523467764258385,0.029958317056298256,0.0,0.0074836998246610165,0.0,0.11850643157958984
2756,9.717329958220944e-05,0.006036131829023361,0.007585936319082975,0.02988889217376709,0.0,0.007504313252866268,0.0,0.11850319802761078
2757,9.460855653742328e-05,0.0061326147057116035,0.008064043521881104,0.029796241223812102,0.0,0.007472896482795477,0.0,0.11850649118423462
2758,9.457945270696655e-05,0.006213632132858038,0.007710211537778377,0.030634963139891624,0.0,0.007426783442497253,0.0,0.11850284039974213
2759,9.404336742591113e-05,0.006100806407630444,0.008090572245419026,0.028032057359814642,0.0,0.0074020810425281525,0.0,0.11850135028362274
2760,0.00010346012277295813,0.006145298294723034,0.007917451579123736,0.0295696172863245,0.0,0.0073991334065794945,0.0,0.11850738525390625
2761,9.670308354543522e-05,0.0060192285105586055,0.007638471759855747,0.029674315452575685,0.0,0.007395061198621988,0.0,0.11849568039178848
2762,0.00010478175827302038,0.006257799919694662,0.008000350091606379,0.03044723756611347,0.0,0.007392911706119776,0.0,0.11848825216293335
2763,0.00010630537435645238,0.006020406167954207,0.007745592389255762,0.029421264305710793,0.0,0.007505140267312527,0.0,0.1184893399477005
2764,9.781513508642093e-05,0.006095110066235065,0.008177220914512872,0.02963632270693779,0.0,0.007660434581339359,0.0,0.11849937587976456
2765,0.00010111599403899163,0.006141110509634018,0.008383833058178424,0.03039480224251747,0.0,0.007808021269738674,0.0,0.11850757896900177
2766,0.00010365128400735557,0.006236121896654368,0.008315556310117244,0.029364514350891113,0.0,0.007919308729469776,0.0,0.11849616467952728
2767,9.76364841335453e-05,0.005993989389389753,0.008685504272580146,0.029192566871643066,0.0,0.007952729240059853,0.0,0.11849198490381241
2768,9.312624461017549e-05,0.006224644556641579,0.008057515323162078,0.02992267981171608,0.0,0.007919318974018097,0.0,0.11848515272140503
2769,9.449513454455883e-05,0.006132216285914182,0.008252647891640662,0.030147184804081916,0.0,0.007845128886401653,0.0,0.11847736686468124
2770,9.457678243052214e-05,0.006296473275870085,0.008449489064514638,0.02900470159947872,0.0,0.007767187897115946,0.0,0.11846677958965302
2771,0.00010023555369116366,0.006151310075074435,0.008177662827074527,0.02921183407306671,0.0,0.0076691098511219025,0.0,0.1184694766998291
2772,9.30635374970734e-05,0.006179559323936701,0.0077945348806679245,0.028191351145505906,0.0,0.007581933401525021,0.0,0.11847750097513199
2773,9.556625300319866e-05,0.006017351802438497,0.007808631844818592,0.029309460520744325,0.0,0.0075324587523937225,0.0,0.11846847832202911
2774,9.836574754444883e-05,0.006066263001412153,0.007342866435647011,0.02831251099705696,0.0,0.007479927036911249,0.0,0.11847321689128876
2775,0.00010538334609009326,0.006073410157114267,0.007648850418627262,0.02819795422255993,0.0,0.007450180593878031,0.0,0.11847968399524689
2776,9.138049790635705e-05,0.006243474502116442,0.007447043899446726,0.02774542085826397,0.0,0.007431797683238983,0.0,0.11848583072423935
2777,9.444334282306954e-05,0.005939384270459413,0.007516775187104941,0.029929430410265922,0.0,0.007409473415464163,0.0,0.1185092180967331
2778,9.587468521203846e-05,0.006056096218526363,0.007401907444000244,0.027396030724048615,0.0,0.007386850658804178,0.0,0.11852898448705673
2779,9.443535964237526e-05,0.00613178675994277,0.00762051185593009,0.029489169269800185,0.0,0.007361848838627338,0.0,0.1185358390212059
2780,0.0001008668084978126,0.005986086186021566,0.007287379633635282,0.028620893508195876,0.0,0.007370887789875269,0.0,0.11853837966918945
2781,0.00010174990457016975,0.006197101157158613,0.007251015771180392,0.02698054052889347,0.0,0.007437185384333134,0.0,0.11852173507213593
2782,9.604708320694044e-05,0.005881452281028032,0.007366709876805544,0.028972847387194633,0.0,0.007459857501089573,0.0,0.11850200593471527
2783,0.00010149187583010643,0.006089937966316938,0.007373679801821709,0.028567595407366753,0.0,0.007442958652973175,0.0,0.11848610639572144
2784,9.202690707752482e-05,0.006088012922555208,0.007006785180419683,0.028508203849196435,0.0,0.007400872651487589,0.0,0.11848322302103043
2785,0.00010986443230649456,0.006064881477504969,0.007492805179208517,0.029293033108115197,0.0,0.007355631794780493,0.0,0.118489108979702
2786,0.00010151064780075103,0.00615667961537838,0.007060293294489384,0.029150357842445372,0.0,0.007332749664783478,0.0,0.11850253492593765
2787,0.00010302789160050451,0.006083178799599409,0.0073111472651362416,0.030276960134506224,0.0,0.007339713163673878,0.0,0.11853531748056412
2788,9.987915109377354e-05,0.0061131643131375315,0.007833896577358246,0.028389453142881393,0.0,0.0073319533839821815,0.0,0.11855359375476837
2789,9.840798738878221e-05,0.006170476321130991,0.0074332326650619505,0.02848901376128197,0.0,0.007358182221651077,0.0,0.1185646504163742
2790,9.480013250140473e-05,0.006130505725741387,0.008683640509843826,0.02858443632721901,0.0,0.007480860687792301,0.0,0.11856500059366226
2791,0.00010276264365529641,0.006058864761143923,0.008708797954022884,0.03013218641281128,0.0,0.007579783909022808,0.0,0.11855242401361465
2792,0.0001046117176883854,0.006038743909448386,0.00788704864680767,0.030887771770358084,0.0,0.00763252517208457,0.0,0.1185498982667923
2793,0.00010537762718740851,0.005938304215669632,0.007677931152284145,0.02878509312868118,0.0,0.007650152780115604,0.0,0.11854732036590576
2794,0.00010047633695648983,0.006119603198021651,0.007913533132523298,0.030730415135622025,0.0,0.007700704038143158,0.0,0.11854512989521027
2795,9.503499313723296e-05,0.006095505226403475,0.007681506220251322,0.02780102826654911,0.0,0.007754071149975061,0.0,0.11853902041912079
2796,9.27417480852455e-05,0.006119503732770681,0.00797402560710907,0.029174216836690903,0.0,0.007809112314134836,0.0,0.11852778494358063
2797,9.213700832333416e-05,0.00606127642095089,0.008139694295823573,0.02929629907011986,0.0,0.007946028374135494,0.0,0.11853203922510147
2798,0.00010382375039625913,0.0061968169175088406,0.007668580487370491,0.02852604351937771,0.0,0.008134988136589527,0.0,0.11854381859302521
2799,9.544821223244071e-05,0.0059862639755010605,0.007887420989573003,0.029261793196201324,0.0,0.00828755646944046,0.0,0.11852860450744629
2800,9.490717493463308e-05,0.006085363775491714,0.00750085199251771,0.028517153486609458,0.0,0.008357279002666473,0.0,0.11849765479564667
2801,0.00010085929388878868,0.0059314721263945104,0.007622649893164635,0.02890343777835369,0.0,0.008330569602549076,0.0,0.11848001182079315
2802,9.011365909827873e-05,0.006039292737841606,0.007439455576241016,0.02652982510626316,0.0,0.008234409615397453,0.0,0.11845950037240982
2803,9.158688480965793e-05,0.006327658146619797,0.0073406721465289594,0.028857460990548135,0.0,0.008097339421510696,0.0,0.11842235177755356
2804,0.00011194356338819488,0.006378833763301372,0.008140796702355147,0.029148879647254943,0.0,0.007964327931404114,0.0,0.11838982999324799
2805,9.681658557383343e-05,0.006219178065657615,0.008347305841743946,0.028572623431682587,0.0,0.007862950675189495,0.0,0.11838266998529434
2806,9.46289743296802e-05,0.0060711988247931,0.008358235470950603,0.02857021950185299,0.0,0.007760706357657909,0.0,0.11838362365961075
2807,9.401295392308384e-05,0.006111712008714676,0.007763969711959362,0.029373317211866378,0.0,0.007657731883227825,0.0,0.118372842669487
2808,0.0001069342833943665,0.0062919438816607,0.007726145163178444,0.030590976029634474,0.0,0.007587804459035397,0.0,0.11837748438119888
2809,0.00010544502874836326,0.006051174551248551,0.008006017468869687,0.028174440562725066,0.0,0.007567230612039566,0.0,0.11838630586862564
2810,9.933870169334113e-05,0.006294733472168445,0.008125907555222512,0.02926122583448887,0.0,0.007603200618177652,0.0,0.11838916689157486
2811,0.0001019402508973144,0.0059592660516500475,0.007902579009532928,0.029130343347787857,0.0,0.007630984298884869,0.0,0.1184024065732956
2812,9.483272442594171e-05,0.006213678978383541,0.007659927010536194,0.029994733259081842,0.0,0.0076248617842793465,0.0,0.11840792745351791
2813,8.85889952769503e-05,0.005966125428676606,0.007408933341503143,0.029127997905015947,0.0,0.007579223718494177,0.0,0.1184072494506836
2814,9.648588311392814e-05,0.006120515894144774,0.007065244019031525,0.027503247186541558,0.0,0.007501291576772928,0.0,0.1184137836098671
2815,8.912443008739502e-05,0.0061970710754394535,0.006987966597080231,0.02889794819056988,0.0,0.007405885960906744,0.0,0.11839667707681656
2816,9.553449344821275e-05,0.00609649270772934,0.007152047008275986,0.028656598553061484,0.0,0.007343110628426075,0.0,0.11837609857320786
2817,0.00011332981666782871,0.0060851418413221834,0.007322678249329329,0.028971464186906815,0.0,0.007317630108445883,0.0,0.11838437616825104
2818,9.66281077126041e-05,0.006083675753325224,0.007239796034991741,0.027950884029269218,0.0,0.007343696895986795,0.0,0.11837496608495712
2819,9.797630627872422e-05,0.00609475551173091,0.0075166748836636545,0.028719183802604676,0.0,0.007363250013440847,0.0,0.1183529645204544
2820,9.70612687524408e-05,0.006159121263772249,0.007669327966868878,0.029149731248617174,0.0,0.007373915519565344,0.0,0.11834349483251572
2821,9.737452928675339e-05,0.006224470492452383,0.007527337316423655,0.028928542509675026,0.0,0.007394428364932537,0.0,0.11834446340799332
2822,9.98347284621559e-05,0.006119983829557895,0.007616587541997432,0.02973591834306717,0.0,0.007401005830615759,0.0,0.11834476888179779
2823,9.509097435511649e-05,0.006309685297310352,0.00806767214089632,0.02757182568311691,0.0,0.007414375897496939,0.0,0.11834484338760376
2824,0.00010359259613323957,0.00610146252438426,0.007548160292208195,0.02847921699285507,0.0,0.00741974264383316,0.0,0.11833532899618149
2825,9.944897465175018e-05,0.006002949550747871,0.007603258546441794,0.028975234553217887,0.0,0.0073915692046284676,0.0,0.11831027269363403
2826,9.779705433174968e-05,0.00599391283467412,0.007482266146689653,0.03018117919564247,0.0,0.007362126372754574,0.0,0.11829648166894913
2827,0.0001034932749462314,0.00623227022588253,0.00771096171811223,0.028967199474573137,0.0,0.007331141270697117,0.0,0.11830200999975204
2828,9.620647470001131e-05,0.006117700412869453,0.007281408458948135,0.029499216005206108,0.0,0.007280529942363501,0.0,0.11830557882785797
2829,0.0001025924299028702,0.006129314191639423,0.0073472527787089344,0.028125469014048575,0.0,0.007221741136163473,0.0,0.11830911785364151
2830,9.853218507487327e-05,0.006166516803205013,0.007796707563102245,0.029855798929929733,0.0,0.007175072096288204,0.0,0.11831535398960114
2831,0.00010181718243984506,0.0061282972805202,0.007978129666298628,0.029398803412914277,0.0,0.007152744568884373,0.0,0.11832563579082489
2832,0.00010068634146591649,0.006042076833546161,0.00842855405062437,0.029178662598133086,0.0,0.007199277635663748,0.0,0.11834071576595306
2833,9.835181408561766e-05,0.006025525368750095,0.007702743262052536,0.02984258607029915,0.0,0.00725150853395462,0.0,0.11837001144886017
2834,0.00010141784587176516,0.006293428223580122,0.008119097165763377,0.028623553365468977,0.0,0.007285067345947027,0.0,0.11838462203741074
2835,9.767774754436687e-05,0.006075404118746519,0.007669862639158964,0.029259130731225012,0.0,0.007289225701242685,0.0,0.11838310956954956
2836,0.00010023741197073832,0.006181714683771133,0.007572326716035605,0.027952519059181214,0.0,0.007277101278305054,0.0,0.11840172111988068
2837,9.245339460903779e-05,0.006031125225126744,0.007734369486570358,0.028907404467463493,0.0,0.007298274431377649,0.0,0.11841541528701782
2838,9.761273395270109e-05,0.006202077865600586,0.007358844298869372,0.02749536857008934,0.0,0.007342535071074963,0.0,0.11841658502817154
2839,9.783768909983337e-05,0.006060171220451593,0.007596152927726507,0.028557096421718598,0.0,0.007384893484413624,0.0,0.11841527372598648
2840,9.412359504494816e-05,0.00595902893692255,0.00739598274230957,0.03058009222149849,0.0,0.007406116463243961,0.0,0.11840714514255524
2841,8.702981722308323e-05,0.006265510618686676,0.007546038087457419,0.028627922385931016,0.0,0.007385771721601486,0.0,0.11839115619659424
2842,0.00010059274645755068,0.0060380114242434505,0.007348534930497408,0.029346341639757155,0.0,0.0073486557230353355,0.0,0.11838891357183456
2843,0.00010017477761721238,0.006205796916037798,0.007450655940920115,0.02832486778497696,0.0,0.007320133503526449,0.0,0.1184043288230896
2844,9.199509950121864e-05,0.0060166362673044205,0.007291957177221775,0.02988394908607006,0.0,0.007328955922275782,0.0,0.11841454356908798
2845,9.062951285159216e-05,0.006122679263353348,0.007680243626236915,0.029922114685177803,0.0,0.007338725030422211,0.0,0.11841509491205215
2846,9.256880584871397e-05,0.006181975454092025,0.009128092974424361,0.02987791709601879,0.0,0.0073851048946380615,0.0,0.11841936409473419
2847,0.00010234597575617955,0.0061881963163614275,0.00804433785378933,0.028876758739352228,0.0,0.007469295524060726,0.0,0.11844213306903839
2848,9.419849375262857e-05,0.006147462129592896,0.008154506515711545,0.029624995961785316,0.0,0.007537090219557285,0.0,0.11846810579299927
2849,9.609603876015171e-05,0.005959844309836626,0.0074482298456132415,0.028667886182665824,0.0,0.007567604538053274,0.0,0.11847813427448273
2850,9.788799652596936e-05,0.006168817356228829,0.007825205661356449,0.02928115539252758,0.0,0.007568678352981806,0.0,0.1184861809015274
2851,8.792400476522743e-05,0.006070071645081043,0.007353543490171433,0.02949243113398552,0.0,0.007535395212471485,0.0,0.11848119646310806
2852,9.311385365435853e-05,0.006077384576201439,0.007282072212547064,0.028325077146291733,0.0,0.007511797361075878,0.0,0.11847610771656036
2853,0.00010965752881020308,0.00655472744256258,0.007451114151626826,0.028112190216779707,0.0,0.007506411522626877,0.0,0.11848346143960953
2854,9.053349785972386e-05,0.005982424411922693,0.007373658660799265,0.028653302043676377,0.0,0.007578354328870773,0.0,0.11849220842123032
2855,0.000102168635930866,0.006365913711488247,0.0071555890142917635,0.03110779672861099,0.0,0.007646390236914158,0.0,0.11849945783615112
2856,9.475881088292227e-05,0.006299416813999414,0.007587344013154506,0.02931985557079315,0.0,0.007641155272722244,0.0,0.11852358281612396
2857,9.912396781146527e-05,0.005906245578080416,0.008322450518608093,0.030157991498708726,0.0,0.007574497722089291,0.0,0.11852256953716278
2858,9.484531328780576e-05,0.006153268739581108,0.007640572171658278,0.02841251753270626,0.0,0.007491671480238438,0.0,0.11851438134908676
2859,0.00010478296026121825,0.006343675591051578,0.008414079900830984,0.029116160050034524,0.0,0.0074107893742620945,0.0,0.11849777400493622
2860,9.826283494476228e-05,0.0064141668379306795,0.008686411194503307,0.027263813465833665,0.0,0.007331355009227991,0.0,0.11849138885736465
2861,9.431800426682458e-05,0.00611548162996769,0.009123941790312529,0.02804916724562645,0.0,0.007248353213071823,0.0,0.1184854730963707
2862,0.00010121364757651464,0.006165960803627968,0.008827723376452924,0.027876802533864976,0.0,0.007200862281024456,0.0,0.11848616600036621
2863,9.21047423616983e-05,0.006145860161632299,0.008088057860732079,0.028608011454343794,0.0,0.007222884800285101,0.0,0.11847202479839325
2864,9.15170050575398e-05,0.005968819838017225,0.007716183923184872,0.029341331124305724,0.0,0.007266818080097437,0.0,0.11846138536930084
2865,9.831367642618716e-05,0.006039122212678194,0.007827375270426273,0.029142408072948454,0.0,0.0072894929908216,0.0,0.1184520497918129
2866,0.00010408999369246886,0.0061489205807447435,0.008030798751860857,0.0289718359708786,0.0,0.007281206548213959,0.0,0.11845560371875763
2867,0.00010128815192729234,0.006141472235321998,0.008147151209414005,0.02889638990163803,0.0,0.007307293824851513,0.0,0.11846481263637543
2868,9.87478910246864e-05,0.006290579214692116,0.008501718007028102,0.02971610240638256,0.0,0.007319801487028599,0.0,0.11846284568309784
2869,0.00010102576779900119,0.006178734079003334,0.008363036066293716,0.028708960488438608,0.0,0.007301869802176952,0.0,0.1184784397482872
2870,9.60582314291969e-05,0.006162657495588064,0.007572472654283046,0.027946602553129196,0.0,0.007274603936821222,0.0,0.11849464476108551
2871,9.09961832803674e-05,0.0060617906041443344,0.007414028327912092,0.02791152074933052,0.0,0.00728650251403451,0.0,0.11849935352802277
2872,9.723330003907904e-05,0.006171435117721558,0.00759585639461875,0.028408623486757278,0.0,0.007306796498596668,0.0,0.11849334090948105
2873,0.00010109025606652722,0.006351790484040975,0.007915912102907896,0.029396770521998405,0.0,0.007317793555557728,0.0,0.11848945915699005
2874,9.754665807122364e-05,0.00609580259770155,0.008403375931084155,0.02931970953941345,0.0,0.007340303156524897,0.0,0.11850301921367645
2875,9.77749383309856e-05,0.005992799811065197,0.008049116190522908,0.02734046131372452,0.0,0.0073667122051119804,0.0,0.11851267516613007
2876,9.613279398763552e-05,0.006047858763486147,0.008151600416749716,0.02823215238749981,0.0,0.007358300033956766,0.0,0.11850720643997192
2877,9.444116440135986e-05,0.006283411290496588,0.007992634922266007,0.030636656656861307,0.0,0.0073688095435500145,0.0,0.1185123547911644
2878,9.197442268487066e-05,0.006010552868247032,0.007825994212180377,0.02919551022350788,0.0,0.00740446150302887,0.0,0.11852052062749863
2879,9.745165443746373e-05,0.006141906138509512,0.007561044115573168,0.03016052544116974,0.0,0.007419957779347897,0.0,0.11851222813129425
2880,9.63882586802356e-05,0.005994829349219799,0.007678136043250561,0.0287882462143898,0.0,0.007400860544294119,0.0,0.11849967390298843
2881,0.00010359339503338561,0.006313594896346331,0.007664776593446732,0.028981866687536238,0.0,0.007341346703469753,0.0,0.11849617958068848
2882,0.00010238830145681277,0.006061340402811766,0.007642017025500536,0.026849598810076713,0.0,0.007256446871906519,0.0,0.11849801242351532
2883,9.391047642566263e-05,0.006282959040254355,0.006991382502019405,0.028803927078843116,0.0,0.007182958535850048,0.0,0.11848757416009903
2884,8.931357879191638e-05,0.006151405908167362,0.007182610407471657,0.029432760924100874,0.0,0.007133872248232365,0.0,0.1184900775551796
2885,9.512107935734093e-05,0.006067545432597399,0.0076903577893972395,0.029265917465090753,0.0,0.007102141622453928,0.0,0.11849115043878555
2886,9.565018117427826e-05,0.005929273925721646,0.007203693129122257,0.028610854223370553,0.0,0.007138468325138092,0.0,0.11847873032093048
2887,0.00010354699770687148,0.006231641490012407,0.00782479029148817,0.029977623373270035,0.0,0.007178350351750851,0.0,0.11846400797367096
2888,9.98527044430375e-05,0.006287616398185492,0.007427766546607017,0.028704685717821123,0.0,0.0072403354570269585,0.0,0.11846262216567993
2889,9.749651799211279e-05,0.006143089011311531,0.008118188101798296,0.027893984317779542,0.0,0.007375072687864304,0.0,0.11845807731151581
2890,9.753152553457767e-05,0.006189662776887417,0.007991715334355831,0.030058541148900986,0.0,0.007477537728846073,0.0,0.1184343472123146
2891,9.097919100895525e-05,0.005992868542671203,0.007766227331012487,0.027842792123556136,0.0,0.007528326474130154,0.0,0.11841684579849243
2892,0.0001004765013931319,0.00612198980525136,0.007725573983043433,0.028359612450003624,0.0,0.007568782661110163,0.0,0.11841155588626862
2893,9.305936546297744e-05,0.006066104117780924,0.00815594382584095,0.029133061692118645,0.0,0.007600936107337475,0.0,0.11840413510799408
2894,9.07508030650206e-05,0.006188844330608845,0.009030663035809993,0.02828209549188614,0.0,0.007605398539453745,0.0,0.11839690059423447
2895,9.336386719951406e-05,0.006012920662760735,0.008769166842103004,0.02965693734586239,0.0,0.0075903767719864845,0.0,0.1183871477842331
2896,8.59730993397534e-05,0.006150790303945541,0.008556381985545158,0.02828255333006382,0.0,0.007558333221822977,0.0,0.11838902533054352
2897,9.868411434581504e-05,0.006190309021621943,0.008802159130573273,0.02977251335978508,0.0,0.00753937428817153,0.0,0.1184079647064209
2898,9.529474918963387e-05,0.0061468626372516155,0.008805403113365173,0.03029719479382038,0.0,0.007567957043647766,0.0,0.118438720703125
2899,0.0001063388102920726,0.006035792548209429,0.0090158985927701,0.029887684807181358,0.0,0.007560688070952892,0.0,0.11846289783716202
2900,9.386603051098064e-05,0.00608444232493639,0.00881700348109007,0.03006749488413334,0.0,0.007511319126933813,0.0,0.11847241967916489
2901,9.513033437542617e-05,0.005996069870889187,0.008916237577795982,0.02965926267206669,0.0,0.007449982222169638,0.0,0.11849568039178848
2902,9.553967975080013e-05,0.00623528053984046,0.008095243200659751,0.02876805067062378,0.0,0.007385420147329569,0.0,0.11851201951503754
2903,9.146542433882132e-05,0.00622858302667737,0.007752767205238343,0.02949059158563614,0.0,0.007354551460593939,0.0,0.1185189038515091
2904,9.535220451653003e-05,0.00606013871729374,0.007807165663689375,0.027802176773548126,0.0,0.007361601106822491,0.0,0.11851582676172256
2905,9.486771450610832e-05,0.005994122475385666,0.008109226170927287,0.02832041122019291,0.0,0.0073470426723361015,0.0,0.11851087957620621
2906,0.00010007312812376767,0.006195287778973579,0.00848840968683362,0.0297917228192091,0.0,0.007308477070182562,0.0,0.11850155889987946
2907,9.641143260523677e-05,0.006099146883934736,0.00784995937719941,0.029857692122459412,0.0,0.007300490979105234,0.0,0.11850035190582275
2908,9.837730904109776e-05,0.005891984328627586,0.00859832176938653,0.02854547053575516,0.0,0.007296939380466938,0.0,0.1185288280248642
2909,9.94928675936535e-05,0.006494997441768647,0.007666700053960085,0.029154988005757332,0.0,0.00730539858341217,0.0,0.11857400089502335
2910,8.757803443586454e-05,0.0061532042920589445,0.007590241823345422,0.02872794456779957,0.0,0.0073238760232925415,0.0,0.118585005402565
2911,0.00010422034392831847,0.0061709113419055935,0.0077289784327149395,0.027280203253030776,0.0,0.007315500173717737,0.0,0.11857888847589493
2912,9.911559900501742e-05,0.006226465292274952,0.007618512772023678,0.027603329345583915,0.0,0.007269100286066532,0.0,0.11856631189584732
2913,9.962677140720188e-05,0.005907002929598093,0.007593230158090591,0.028198591992259027,0.0,0.007332879118621349,0.0,0.11854390054941177
2914,9.521671454422176e-05,0.0060057112947106365,0.00735436612740159,0.028416307270526887,0.0,0.007539746817201376,0.0,0.11852701753377914
2915,9.158121247310191e-05,0.006329051591455937,0.007713661342859268,0.027341762185096742,0.0,0.007686316967010498,0.0,0.11850632727146149
2916,9.184075170196593e-05,0.006085552833974361,0.007308690622448921,0.029604732245206832,0.0,0.007767441216856241,0.0,0.11847245693206787
2917,9.247092239093036e-05,0.005987724382430315,0.007591595500707626,0.02992136627435684,0.0,0.00786177720874548,0.0,0.11844255030155182
2918,9.488134528510273e-05,0.006243006978183985,0.007939093839377164,0.028850021958351135,0.0,0.007911549881100655,0.0,0.11842522770166397
2919,0.00010045636299764738,0.006256043910980225,0.008554990962147712,0.030585845932364464,0.0,0.007886135019361973,0.0,0.11842546612024307
2920,9.610407723812387e-05,0.0060983655042946335,0.008775674365460872,0.028945228829979897,0.0,0.007802893407642841,0.0,0.1184283122420311
2921,9.938903240254149e-05,0.006174636259675026,0.00940200686454773,0.02737705260515213,0.0,0.007701660506427288,0.0,0.11842358112335205
2922,0.00010127737041329966,0.0060517963021993635,0.008751102909445762,0.029787106812000273,0.0,0.007613348308950663,0.0,0.11841022968292236
2923,9.277967910747975e-05,0.00617494061589241,0.008216767478734255,0.03012210503220558,0.0,0.007539760321378708,0.0,0.11839233338832855
2924,9.547773806843907e-05,0.006142538320273161,0.008810587041079999,0.02892300672829151,0.0,0.0074919299222528934,0.0,0.11838589608669281
2925,9.270004084100947e-05,0.006190586742013693,0.008791452459990978,0.02873576246201992,0.0,0.007465890608727932,0.0,0.1184004545211792
2926,9.583973442204297e-05,0.006194126605987549,0.008087800908833742,0.029699185863137245,0.0,0.007438099477440119,0.0,0.11841106414794922
2927,0.00010047677205875516,0.0062110602855682375,0.008469803258776665,0.027537608146667482,0.0,0.00740080839022994,0.0,0.11843033879995346
2928,9.369772742502391e-05,0.006084129121154547,0.008140352740883827,0.029959507286548615,0.0,0.007352667395025492,0.0,0.11844180524349213
2929,9.946315694833174e-05,0.005725449509918689,0.008030997589230537,0.029028846696019173,0.0,0.007302357815206051,0.0,0.1184283122420311
2930,9.254881879314781e-05,0.006111096031963826,0.007832603715360164,0.02893170639872551,0.0,0.007227945141494274,0.0,0.11841575801372528
2931,9.118492744164541e-05,0.006287161074578762,0.007773260120302439,0.029704598337411882,0.0,0.007173262536525726,0.0,0.11841078102588654
2932,9.519031154923142e-05,0.006124123837798834,0.007469306048005819,0.028665057197213174,0.0,0.007166123483330011,0.0,0.11840462684631348
2933,9.807625028770416e-05,0.006084499042481184,0.007685181684792042,0.03014390990138054,0.0,0.007202592678368092,0.0,0.11840717494487762
2934,9.121196781052277e-05,0.006104401499032974,0.00752885639667511,0.02986309751868248,0.0,0.007296164520084858,0.0,0.11842010915279388
2935,8.388254645979032e-05,0.005978077463805675,0.007590758241713047,0.027868836000561715,0.0,0.007399946451187134,0.0,0.11842460930347443
2936,9.726154239615425e-05,0.006234624423086643,0.007884864788502454,0.029173095151782034,0.0,0.007445097900927067,0.0,0.11843094974756241
2937,9.44072933634743e-05,0.006401451211422682,0.007449184078723192,0.028210367634892465,0.0,0.007441860623657703,0.0,0.11843185126781464
2938,9.557127195876091e-05,0.006070965435355902,0.007371137384325266,0.028663571551442148,0.0,0.007393261883407831,0.0,0.11842577159404755
2939,9.345430444227532e-05,0.006342435255646706,0.007410743087530136,0.029380037635564803,0.0,0.007343446370214224,0.0,0.11843404918909073
2940,9.790693875402212e-05,0.006210112106055021,0.0077409898862242695,0.02816051132977009,0.0,0.007321876939386129,0.0,0.11843304336071014
2941,9.672191081335768e-05,0.006434635072946548,0.007671202905476094,0.028455261141061783,0.0,0.007312064059078693,0.0,0.1184258684515953
2942,9.849850612226873e-05,0.006087250169366598,0.008154261391609907,0.028331764787435532,0.0,0.0072866203263401985,0.0,0.11842211335897446
2943,9.539665625197813e-05,0.0062265385873615745,0.008158512320369482,0.02920985743403435,0.0,0.007256289012730122,0.0,0.11841633170843124
2944,9.46823347476311e-05,0.006254939641803503,0.008170107565820216,0.028706637024879456,0.0,0.007237417157739401,0.0,0.1184220090508461
2945,9.48312459513545e-05,0.0058941846713423725,0.00797240762040019,0.029280061647295953,0.0,0.007271967828273773,0.0,0.11842924356460571
2946,9.571044938638806e-05,0.006148942653089762,0.00826391540467739,0.02919650822877884,0.0,0.007344306446611881,0.0,0.1184331551194191
2947,9.59366705501452e-05,0.005919663980603218,0.008136479184031487,0.028665215522050858,0.0,0.007394176907837391,0.0,0.11843092739582062
2948,9.718988876556977e-05,0.006112123560160399,0.007692049816250801,0.030041850730776788,0.0,0.007424491457641125,0.0,0.11841567605733871
2949,9.132845007115975e-05,0.006046744715422392,0.007858443073928356,0.028939655423164366,0.0,0.007420132402330637,0.0,0.11841648817062378
2950,9.819186088861897e-05,0.006045820657163858,0.00796055793762207,0.02899969518184662,0.0,0.007392940577119589,0.0,0.11842860281467438
2951,9.937020658981054e-05,0.006000390648841858,0.0080305190756917,0.028832068666815758,0.0,0.007337383925914764,0.0,0.11843428760766983
2952,9.966258658096194e-05,0.006144687626510858,0.007979080360382796,0.027176635339856148,0.0,0.007275295443832874,0.0,0.11842961609363556
2953,0.00010089778079418466,0.006419339682906866,0.008149542100727557,0.028900092467665672,0.0,0.007294367998838425,0.0,0.11840740591287613
2954,0.00010160774108953774,0.0061512675136327745,0.00763519462198019,0.027494586259126663,0.0,0.007391671650111675,0.0,0.11839103698730469
2955,9.456165571464226e-05,0.0060439279302954676,0.007625773176550865,0.0296056117862463,0.0,0.00751302856951952,0.0,0.11837039142847061
2956,9.308387961937115e-05,0.0060996169224381445,0.00795248206704855,0.028965780138969423,0.0,0.007591734174638987,0.0,0.11834748089313507
2957,9.660795476520433e-05,0.006044293753802776,0.008276124298572541,0.02838655263185501,0.0,0.00758868595585227,0.0,0.11833862215280533
2958,9.659435017965734e-05,0.00598290441557765,0.007644616346806288,0.029100465774536132,0.0,0.0075306640937924385,0.0,0.1183343157172203
2959,0.00010107505222549662,0.0061674688942730425,0.00844455547630787,0.029092905297875404,0.0,0.007462726440280676,0.0,0.11832444369792938
2960,9.400783746968955e-05,0.006031314749270678,0.008535981085151434,0.028793995454907417,0.0,0.007383032236248255,0.0,0.11832211166620255
2961,9.919933800119906e-05,0.0060580848716199395,0.007426137942820788,0.029179759323596954,0.0,0.007288007996976376,0.0,0.11832226812839508
2962,0.00010023418726632372,0.00625177538022399,0.007671767286956311,0.028737997636198997,0.0,0.007195548620074987,0.0,0.11833395808935165
2963,0.00010340036969864741,0.006288257241249084,0.007695675455033779,0.02870127819478512,0.0,0.007146409247070551,0.0,0.11834301799535751
2964,9.570445690769702e-05,0.006256703101098537,0.007260993123054504,0.02864539176225662,0.0,0.007188186980783939,0.0,0.11834432184696198
2965,0.00010074677702505141,0.006320622656494379,0.007534612528979778,0.029675932228565217,0.0,0.007242496125400066,0.0,0.11832807213068008
2966,9.622377256164327e-05,0.006216511689126491,0.0069262064062058926,0.029617767408490182,0.0,0.007258424069732428,0.0,0.11830846965312958
2967,8.76352030900307e-05,0.006187348067760468,0.007814798783510924,0.02857818454504013,0.0,0.007267783395946026,0.0,0.1182960495352745
2968,9.275031479774042e-05,0.006086162757128477,0.008331605419516563,0.027988466247916222,0.0,0.007295115385204554,0.0,0.11828213930130005
2969,9.956121502909809e-05,0.006359289865940809,0.007612400315701961,0.028908808901906013,0.0,0.007361504249274731,0.0,0.11827260255813599
2970,9.732442413223907e-05,0.006157231982797384,0.008034162689000368,0.02878338173031807,0.0,0.007449972443282604,0.0,0.11827250570058823
2971,9.54655188252218e-05,0.005857263505458832,0.00784872267395258,0.028994932398200036,0.0,0.007562386337667704,0.0,0.11827896535396576
2972,0.00010439612960908562,0.00615302324295044,0.007549040950834751,0.02796344310045242,0.0,0.007626451551914215,0.0,0.11827192455530167
2973,9.361788688693196e-05,0.006065782625228167,0.007846071477979421,0.030488895997405053,0.0,0.0076396712101995945,0.0,0.1182434931397438
2974,9.32991344598122e-05,0.006188119295984507,0.008089694194495678,0.02736278623342514,0.0,0.007627485785633326,0.0,0.11823835223913193
2975,0.00010114279866684228,0.006105635967105627,0.00871767159551382,0.028696252778172494,0.0,0.007616898510605097,0.0,0.11823642253875732
2976,9.122895426116884e-05,0.00616726977750659,0.007948303874582053,0.027814580127596855,0.0,0.007583309896290302,0.0,0.11822880804538727
2977,9.535578428767621e-05,0.006185466237366199,0.008157740253955126,0.028131230548024178,0.0,0.007524590007960796,0.0,0.11822203546762466
2978,9.189426054945216e-05,0.0062035095877945425,0.007980001345276832,0.028185828775167465,0.0,0.0074706906452775,0.0,0.11820628494024277
2979,9.9166102882009e-05,0.006022640783339739,0.007891071867197752,0.028666538745164873,0.0,0.0074365409091115,0.0,0.11818941682577133
2980,9.2209831927903e-05,0.006148235220462084,0.00750702740624547,0.028304632380604745,0.0,0.0074116261675953865,0.0,0.11817779392004013
2981,9.19015204999596e-05,0.006233565043658018,0.008175417128950358,0.02919115647673607,0.0,0.007414302323013544,0.0,0.11818236112594604
2982,9.422088769497349e-05,0.006048348266631365,0.007809271197766065,0.02926523648202419,0.0,0.007462839130312204,0.0,0.11818008124828339
2983,8.426740969298407e-05,0.006111941114068031,0.00786390034481883,0.027592752873897553,0.0,0.007518583443015814,0.0,0.11817745864391327
2984,9.577366872690619e-05,0.006394149456173182,0.007555916532874107,0.027949682995676996,0.0,0.007557207252830267,0.0,0.1181793063879013
2985,9.287967841373757e-05,0.006069348473101854,0.00815891083329916,0.028594592213630678,0.0,0.0075780050829052925,0.0,0.11817514896392822
2986,9.291061869589611e-05,0.006220151484012604,0.007865480706095695,0.02896578870713711,0.0,0.007544230669736862,0.0,0.11816857010126114
2987,0.0001025693301926367,0.006208379939198494,0.008643154054880142,0.028229037672281264,0.0,0.007464021444320679,0.0,0.11816386878490448
2988,9.696633787825704e-05,0.005951050203293562,0.00759325185790658,0.02886396609246731,0.0,0.007387450430542231,0.0,0.11815913766622543
2989,8.962332212831825e-05,0.006122666411101818,0.00762836504727602,0.0279819767922163,0.0,0.007338226772844791,0.0,0.11815387010574341
2990,9.845679596764967e-05,0.006213596742600203,0.007838002312928439,0.028523146361112594,0.0,0.007283923681825399,0.0,0.11813639104366302
2991,9.485894261160866e-05,0.0060718532651662825,0.00731770321726799,0.030529115349054337,0.0,0.007221500389277935,0.0,0.1181180477142334
2992,0.00010017986205639318,0.006119201332330704,0.007609451189637184,0.02953576296567917,0.0,0.007171192672103643,0.0,0.1181093081831932
2993,0.00010390427778474986,0.006159953866153955,0.007031151559203863,0.029427395761013032,0.0,0.007235375698655844,0.0,0.11810649931430817
2994,9.879152494249866e-05,0.006141159404069185,0.007321070786565543,0.028643612191081046,0.0,0.007494410965591669,0.0,0.1181090846657753
2995,9.901359298964962e-05,0.006277724076062441,0.0073119476437568665,0.02881263792514801,0.0,0.007742478046566248,0.0,0.1181253045797348
2996,0.0001028333033900708,0.006249838881194592,0.00801215711981058,0.029819852113723753,0.0,0.007903672754764557,0.0,0.11816570907831192
2997,0.00010229280887870118,0.006146099511533975,0.007521716319024563,0.02770642377436161,0.0,0.007998740300536156,0.0,0.11820268630981445
2998,9.641765209380537e-05,0.0059608716517686846,0.007982936967164279,0.029051206633448602,0.0,0.008180448785424232,0.0,0.11821647733449936
2999,9.379614930367097e-05,0.006008772738277912,0.007685304060578347,0.029150596261024474,0.0,0.008371925912797451,0.0,0.11820577085018158
3000,9.382597345393151e-05,0.006040382105857134,0.00800244864076376,0.02791953310370445,0.0,0.008454586379230022,0.0,0.11820316314697266
3001,9.784488938748836e-05,0.006055114977061749,0.007818787172436715,0.02886890359222889,0.0,0.00841702613979578,0.0,0.1182134747505188
3002,0.00010457540483912453,0.005866594705730676,0.00820684600621462,0.028458058089017867,0.0,0.00831054151058197,0.0,0.11822042614221573
3003,9.911064698826521e-05,0.0062134282663464544,0.008348351251333952,0.028136906027793885,0.0,0.00817611999809742,0.0,0.1182439923286438
3004,9.547024528728798e-05,0.0062079350464046,0.008018509205430745,0.027956845983862878,0.0,0.008035978302359581,0.0,0.11827468872070312
3005,9.385702724102884e-05,0.006121340673416853,0.00792790288105607,0.029182280972599985,0.0,0.007913870736956596,0.0,0.11829976737499237
3006,0.00010743967141024768,0.00614986065775156,0.007749821431934834,0.028591996058821678,0.0,0.007805214263498783,0.0,0.1183081865310669
3007,0.00010126163979293779,0.006245376728475094,0.007948869280517102,0.0286454401910305,0.0,0.007787636481225491,0.0,0.11831817775964737
3008,0.00010037472529802471,0.0062967601232230665,0.007871899381279945,0.028958778828382492,0.0,0.007858917117118835,0.0,0.11832521110773087
3009,9.703325340524316e-05,0.006096886191517115,0.007416955288499593,0.02759593687951565,0.0,0.007906668819487095,0.0,0.11833053827285767
3010,9.907182975439355e-05,0.006207133922725916,0.007636581640690565,0.029146675392985343,0.0,0.007911128923296928,0.0,0.1183394342660904
3011,9.606450039427728e-05,0.00605977950617671,0.008109308965504169,0.028570680320262908,0.0,0.007904167287051678,0.0,0.11836206912994385
3012,0.00010018875036621466,0.006131042819470167,0.007684566173702478,0.030233900249004363,0.0,0.007867671549320221,0.0,0.11836840957403183
3013,0.00010286556498613208,0.0060016998089849945,0.007282487023621798,0.02907184846699238,0.0,0.007828749716281891,0.0,0.11836276203393936
3014,9.944425546564162e-05,0.006172528676688671,0.007649246044456959,0.028395301103591918,0.0,0.007768919225782156,0.0,0.11835891008377075
3015,9.260473161702976e-05,0.0061547144316136835,0.007495370041579008,0.02896377556025982,0.0,0.007671567145735025,0.0,0.11835992336273193
3016,9.795504884095863e-05,0.005874043703079224,0.007339433208107949,0.02928718663752079,0.0,0.007559187710285187,0.0,0.1183539479970932
3017,9.386442397953942e-05,0.006198313552886248,0.00790509656071663,0.02807633802294731,0.0,0.007460370659828186,0.0,0.11835634708404541
3018,0.00010521536460146308,0.00622807377949357,0.007569186296314001,0.031285947933793065,0.0,0.007412637118250132,0.0,0.11836029589176178
3019,0.00010073923622258007,0.006230365764349699,0.007187656313180924,0.02884022444486618,0.0,0.007383878342807293,0.0,0.11835310608148575
3020,9.356265363749116e-05,0.00600360818207264,0.007738320901989937,0.028904890269041063,0.0,0.007371500134468079,0.0,0.11834295839071274
3021,9.5788536418695e-05,0.00605579037219286,0.007575678545981646,0.029618573561310767,0.0,0.007384203374385834,0.0,0.11833786964416504
3022,9.919392759911716e-05,0.006161963287740946,0.007845093216747045,0.029067346826195717,0.0,0.007401327136904001,0.0,0.1183304563164711
3023,0.00010041541390819475,0.006146610900759697,0.008369328919798136,0.02861986942589283,0.0,0.007402966730296612,0.0,0.11833558231592178
3024,9.754368220455944e-05,0.00602404735982418,0.008098273444920779,0.029735587164759637,0.0,0.00739594642072916,0.0,0.11835892498493195
3025,0.00010266340832458809,0.006034899037331343,0.007985115982592106,0.028908867761492728,0.0,0.007363229990005493,0.0,0.11839340627193451
3026,0.00010055885941255838,0.006241352949291468,0.007977747172117234,0.02859329879283905,0.0,0.007378953509032726,0.0,0.11841745674610138
3027,9.660758951213211e-05,0.005937012191861868,0.007851140014827252,0.02813090570271015,0.0,0.007446892559528351,0.0,0.11842576414346695
3028,0.00010178317461395636,0.0059813431464135645,0.007927067670971155,0.02928352579474449,0.0,0.007526807487010956,0.0,0.11841292679309845
3029,9.460565488552674e-05,0.006050845980644226,0.007935528736561536,0.02897535413503647,0.0,0.007660811301320791,0.0,0.11840792000293732
3030,9.848837216850371e-05,0.006142241228371858,0.00795462280511856,0.028929315879940985,0.0,0.007764147128909826,0.0,0.11841510236263275
3031,9.23439467442222e-05,0.0060640000738203526,0.008608905598521233,0.02829595059156418,0.0,0.007821347564458847,0.0,0.11840593814849854
3032,9.306783904321492e-05,0.005917012132704258,0.008331828564405442,0.029818920791149138,0.0,0.007813806645572186,0.0,0.11839029937982559
3033,9.268995345337316e-05,0.006226040422916412,0.008597052097320557,0.028106899932026863,0.0,0.007741985376924276,0.0,0.11836544424295425
3034,0.00010000891052186489,0.006186286453157663,0.008291642926633359,0.029145177453756332,0.0,0.007635687943547964,0.0,0.11835017055273056
3035,0.00010479105694685131,0.006291045062243939,0.008510633185505868,0.027562950924038886,0.0,0.007540802471339703,0.0,0.11834818124771118
3036,9.993143758038058e-05,0.0061564438976347445,0.008138023316860199,0.029410485178232193,0.0,0.00761410454288125,0.0,0.11834200471639633
3037,9.872462105704471e-05,0.006133924145251513,0.007968373037874699,0.02949020117521286,0.0,0.007725320756435394,0.0,0.11833276599645615
3038,9.499950101599097e-05,0.006096657738089562,0.007920302823185921,0.027561501413583756,0.0,0.00778565090149641,0.0,0.11832226812839508
3039,9.67470565228723e-05,0.00625959737226367,0.00803497564047575,0.029955539852380753,0.0,0.007818600162863731,0.0,0.118321992456913
3040,9.942752803908661e-05,0.006151035241782665,0.007654337212443352,0.028717684373259545,0.0,0.007841596379876137,0.0,0.11832151561975479
3041,9.497488936176524e-05,0.006246251240372658,0.00789206037297845,0.02856561467051506,0.0,0.007822463288903236,0.0,0.11831333488225937
3042,9.908572974381968e-05,0.006254819221794605,0.007816654909402133,0.029803624376654625,0.0,0.0078033581376075745,0.0,0.118320032954216
3043,0.0001038872273056768,0.00618917066603899,0.007389061152935028,0.02918841801583767,0.0,0.007763246539980173,0.0,0.11833914369344711
3044,9.182860521832481e-05,0.006224457174539566,0.007669360376894474,0.029441053047776222,0.0,0.007690700702369213,0.0,0.11833683401346207
3045,0.00010415523574920371,0.006183830089867115,0.0080248162150383,0.029651450738310815,0.0,0.007598839700222015,0.0,0.11834623664617538
3046,0.0001003337194561027,0.0062167074531316755,0.007916539907455444,0.02907656505703926,0.0,0.007516621612012386,0.0,0.11836893856525421
3047,9.094301931327209e-05,0.005988391861319542,0.008232524059712887,0.028979167714715003,0.0,0.007449743337929249,0.0,0.11838605254888535
3048,9.674351313151419e-05,0.005986294895410538,0.007514613121747971,0.028826266154646875,0.0,0.007393038831651211,0.0,0.11839359998703003
3049,9.886821644613519e-05,0.006117378827184439,0.008460493944585323,0.027803561463952065,0.0,0.00735136866569519,0.0,0.11840464919805527
3050,9.983662748709321e-05,0.006191936321556568,0.008055377751588821,0.029577695578336716,0.0,0.007321015931665897,0.0,0.11843246221542358
3051,9.888500062515959e-05,0.006055719684809446,0.007976543065160513,0.030159923434257507,0.0,0.00734840938821435,0.0,0.11845636367797852
3052,9.160050685750321e-05,0.006466329749673605,0.00761852627620101,0.028699686750769615,0.0,0.0073967487551271915,0.0,0.11849091947078705
3053,9.96586459223181e-05,0.005974025186151266,0.007933464832603931,0.029072455316781997,0.0,0.007432766258716583,0.0,0.11853408813476562
3054,0.00010500263306312263,0.006065881345421076,0.008157452661544084,0.028772229701280592,0.0,0.007477357052266598,0.0,0.11857330799102783
3055,9.915118134813383e-05,0.006237936299294233,0.008469548262655734,0.029939726740121842,0.0,0.007534305565059185,0.0,0.11859084665775299
3056,9.757447405718267e-05,0.006067491509020329,0.008069947175681592,0.029055103287100793,0.0,0.007546244654804468,0.0,0.11858157813549042
3057,9.624456579331309e-05,0.006241346802562475,0.008422284573316573,0.029121771082282068,0.0,0.007562375161796808,0.0,0.11857777833938599
3058,0.0001026579353492707,0.006099324394017458,0.007864520978182554,0.029201271012425423,0.0,0.007569211069494486,0.0,0.11855492740869522
3059,0.0001010221691103652,0.006241616513580084,0.00814853459596634,0.030011701583862304,0.0,0.007617467548698187,0.0,0.11852879822254181
3060,9.190674172714353e-05,0.0062253187410533425,0.007753211259841919,0.029243870079517363,0.0,0.0077314218506217,0.0,0.11851624399423599
3061,9.792834753170609e-05,0.0061217469163239,0.008147540781646968,0.029023508355021477,0.0,0.00782410055398941,0.0,0.11852142959833145
3062,8.977269608294592e-05,0.0061445142142474655,0.007939379196614027,0.030584590509533882,0.0,0.00786600075662136,0.0,0.11853436380624771
3063,9.2232198221609e-05,0.006056982465088368,0.007671687565743923,0.0297398678958416,0.0,0.007846811786293983,0.0,0.11855186522006989
3064,9.632251021685079e-05,0.005975246150046587,0.00787602849304676,0.02875545807182789,0.0,0.007789862807840109,0.0,0.1185670867562294
3065,0.00010050654673250392,0.0063476767390966415,0.007922686729580164,0.02978179231286049,0.0,0.00774502893909812,0.0,0.11856198310852051
3066,0.0001053454281645827,0.006296826060861349,0.007652832940220833,0.029653755947947502,0.0,0.007698854897171259,0.0,0.1185547336935997
3067,0.0001048613470629789,0.006158924847841263,0.007278360147029162,0.02848752960562706,0.0,0.007722108159214258,0.0,0.11856254190206528
3068,9.472087112953887e-05,0.006078089773654938,0.007595083210617304,0.029759668931365012,0.0,0.007776986807584763,0.0,0.11856386810541153
3069,9.05491688172333e-05,0.006346909701824189,0.007460944540798664,0.029488042742013932,0.0,0.00777334114536643,0.0,0.11855894327163696
3070,9.718133951537311e-05,0.006311369594186544,0.007810974400490523,0.031018658354878426,0.0,0.007722288370132446,0.0,0.11855576932430267
3071,9.274861513404175e-05,0.0060915547423064705,0.008054707385599612,0.02859526500105858,0.0,0.00767128448933363,0.0,0.11856397241353989
3072,9.272104216506705e-05,0.006028315238654614,0.007899067737162114,0.02893674746155739,0.0,0.007606002502143383,0.0,0.11859718710184097
3073,9.335942158941179e-05,0.006072391755878925,0.007637707702815533,0.02956545688211918,0.0,0.007539236452430487,0.0,0.11862442642450333
3074,0.00010640998225426301,0.006122604385018349,0.007290552649646997,0.029065154492855072,0.0,0.007541423197835684,0.0,0.118657685816288
3075,9.677421767264604e-05,0.0060646416619420055,0.007641778700053692,0.02823457568883896,0.0,0.007679499685764313,0.0,0.11868202686309814
3076,0.00010135239863302558,0.0060966706834733484,0.007604717556387186,0.02744993157684803,0.0,0.0078016468323767185,0.0,0.11869429051876068
3077,9.162753267446532e-05,0.005998788028955459,0.007602936495095492,0.02901560515165329,0.0,0.007931210100650787,0.0,0.11867833137512207
3078,0.00010300144494976849,0.006011111568659544,0.007988626789301633,0.028421000763773917,0.0,0.008111950941383839,0.0,0.11864717304706573
3079,9.332449699286371e-05,0.0062803437002003195,0.007872122619301081,0.028871610760688782,0.0,0.008244709111750126,0.0,0.11862313747406006
3080,9.15407043066807e-05,0.006093443837016821,0.007560813426971435,0.028550170361995697,0.0,0.008274057880043983,0.0,0.11860518157482147
3081,9.781349217519164e-05,0.0063789432868361475,0.008569515217095614,0.028512389585375785,0.0,0.008253214880824089,0.0,0.11859285831451416
3082,9.358995157526806e-05,0.006290158908814192,0.00778549937531352,0.028557680547237396,0.0,0.00818508118391037,0.0,0.11857396364212036
3083,0.00010103570239152759,0.006175800506025553,0.008590381871908904,0.028265896439552306,0.0,0.008087323047220707,0.0,0.11855320632457733
3084,9.497215942246839e-05,0.006256101839244366,0.008369849435985089,0.028032054752111436,0.0,0.007987257093191147,0.0,0.1185338944196701
3085,9.283457911806181e-05,0.006129996385425329,0.008225036319345236,0.02921643666923046,0.0,0.007882114499807358,0.0,0.11851136386394501
3086,9.702795505290851e-05,0.006133931782096624,0.008440542407333851,0.028988954797387122,0.0,0.007762860506772995,0.0,0.11849244683980942
3087,9.833711956162006e-05,0.006186051014810801,0.007832197472453117,0.028549852222204207,0.0,0.007656568195670843,0.0,0.11847913265228271
3088,9.989571990445256e-05,0.006164091359823942,0.008832905441522598,0.028949705883860588,0.0,0.0075818500481545925,0.0,0.11847124248743057
3089,0.0001006357662845403,0.005913076177239418,0.008399170637130738,0.029585572704672814,0.0,0.007566001266241074,0.0,0.11846919357776642
3090,9.484468173468486e-05,0.005778483860194683,0.007764333952218294,0.02911939434707165,0.0,0.007594217546284199,0.0,0.11846456676721573
3091,9.093282569665462e-05,0.00604604808613658,0.007666059769690037,0.02973885089159012,0.0,0.007598203606903553,0.0,0.1184796467423439
3092,9.899627038976178e-05,0.006359861046075821,0.007927056308835745,0.029384432733058928,0.0,0.007601253688335419,0.0,0.1184912696480751
3093,9.222085209330544e-05,0.006250589899718761,0.007892059348523616,0.029933156445622444,0.0,0.0076079280115664005,0.0,0.11848993599414825
3094,9.816706296987832e-05,0.005974737089127302,0.007117028720676899,0.02890610881149769,0.0,0.007585880346596241,0.0,0.11850688606500626
3095,9.754439670359716e-05,0.006129574216902256,0.0078006918542087075,0.029130890592932702,0.0,0.00752763357013464,0.0,0.11852036416530609
3096,0.0001040024944813922,0.006031266413629055,0.007423151284456253,0.027956217154860498,0.0,0.007454921957105398,0.0,0.11852328479290009
3097,9.07804977032356e-05,0.005959762632846833,0.007953672390431165,0.027986591309309007,0.0,0.007406552322208881,0.0,0.11852140724658966
3098,9.305061248596758e-05,0.00623291376978159,0.007568611484020949,0.029348869994282722,0.0,0.007482784800231457,0.0,0.11850111186504364
3099,9.858843986876309e-05,0.005983066186308861,0.007608010713011026,0.02853875309228897,0.0,0.007604137994349003,0.0,0.11848988384008408
3100,0.0001008546765660867,0.006288012862205506,0.007812895532697438,0.028174905106425285,0.0,0.007658536080271006,0.0,0.11849198490381241
3101,9.613358415663242e-05,0.006230883300304413,0.00758960098028183,0.02778257690370083,0.0,0.00766014913097024,0.0,0.11848098039627075
3102,0.00010551739687798544,0.006303876824676991,0.008257290348410606,0.02932944931089878,0.0,0.007694849278777838,0.0,0.11845054477453232
3103,0.0001055869841366075,0.006047225277870894,0.007722904719412327,0.02843078412115574,0.0,0.007783162407577038,0.0,0.11842423677444458
3104,9.339437528979033e-05,0.006058404594659806,0.008234317228198052,0.02855152040719986,0.0,0.00785779021680355,0.0,0.1184144988656044
3105,0.00010423890053061769,0.006163770891726017,0.008571679703891277,0.027832827344536782,0.0,0.007861020043492317,0.0,0.11841686815023422
3106,9.537305450066925e-05,0.006183598190546036,0.007962679397314787,0.029916147515177727,0.0,0.007812650874257088,0.0,0.11841122806072235
3107,9.821736603043973e-05,0.006071249116212129,0.007798264175653458,0.027447856962680817,0.0,0.007734550628811121,0.0,0.1184082180261612
3108,9.802811982808634e-05,0.006217104848474264,0.008151636831462384,0.029459572210907937,0.0,0.007635554764419794,0.0,0.1183885708451271
3109,9.787510934984311e-05,0.006262471247464418,0.007867243885993958,0.028626441955566406,0.0,0.007549176923930645,0.0,0.11837949603796005
3110,9.132667910307645e-05,0.006069162301719189,0.007874725945293903,0.028475775942206384,0.0,0.007482006214559078,0.0,0.11837033182382584
3111,9.345161379314959e-05,0.006379650998860597,0.007976401783525943,0.02959323152899742,0.0,0.00747374352067709,0.0,0.11834998428821564
3112,8.949524199124426e-05,0.005966682825237513,0.008579592779278755,0.02755478546023369,0.0,0.007590072695165873,0.0,0.11835093796253204
3113,9.59232886089012e-05,0.006038258410990238,0.008245188556611539,0.028138383477926254,0.0,0.007682005874812603,0.0,0.11833677440881729
3114,9.191466087941081e-05,0.006079716980457306,0.008867053873836994,0.02975350320339203,0.0,0.007707780692726374,0.0,0.11830984055995941
3115,9.140246547758579e-05,0.006296579074114561,0.008614401519298553,0.0304635189473629,0.0,0.007683251053094864,0.0,0.11831001937389374
3116,9.822484717005863e-05,0.006074746325612068,0.00820438154041767,0.030152561143040657,0.0,0.00763192493468523,0.0,0.11831871420145035
3117,9.737528744153678e-05,0.006039948388934136,0.008183153159916402,0.02996729649603367,0.0,0.0075779324397444725,0.0,0.11832670122385025
3118,9.901941666612402e-05,0.006373177655041218,0.00842733746394515,0.028621894866228105,0.0,0.00753966998308897,0.0,0.1183394342660904
3119,0.00010098629718413576,0.006389702763408422,0.008094489574432373,0.029348579421639442,0.0,0.007600969169288874,0.0,0.11835382133722305
3120,9.143415081780404e-05,0.005928886216133833,0.008582503441721201,0.02889525257050991,0.0,0.007752321660518646,0.0,0.11835111677646637
3121,0.00010440003825351596,0.005876824911683798,0.008378368616104127,0.029182768985629083,0.0,0.007881825789809227,0.0,0.11833687871694565
3122,0.00010294051025994122,0.006310481298714876,0.008618347719311715,0.029491129517555236,0.0,0.007917642593383789,0.0,0.11832092702388763
3123,0.00010076593316625804,0.006195010524243117,0.007941662706434727,0.028828563168644905,0.0,0.007873138412833214,0.0,0.11831489950418472
3124,9.572292765369639e-05,0.0063648299314081665,0.008267543092370034,0.029006762057542802,0.0,0.007788059767335653,0.0,0.11831407248973846
3125,9.606469975551591e-05,0.006172946747392416,0.008252795971930026,0.02875584550201893,0.0,0.007714532315731049,0.0,0.11830808222293854
3126,0.00010100549407070503,0.006052118260413408,0.007807144895195961,0.02935560867190361,0.0,0.00767681235447526,0.0,0.11829857528209686
3127,9.937872673617675e-05,0.006241150107234717,0.00790400244295597,0.027879314869642256,0.0,0.007648729719221592,0.0,0.11828511953353882
3128,0.00010239558469038457,0.006127331405878067,0.007916614878922701,0.030289652571082116,0.0,0.007618100848048925,0.0,0.11827865988016129
3129,9.543252090224997e-05,0.006259102281183005,0.007852896861732007,0.029131577536463737,0.0,0.007595736533403397,0.0,0.1182766705751419
3130,9.400148119311779e-05,0.0061022618785500525,0.007483390346169472,0.02927185073494911,0.0,0.007591126952320337,0.0,0.1182764321565628
3131,9.892714733723551e-05,0.006198126543313265,0.007655062898993492,0.028795695304870604,0.0,0.007570116315037012,0.0,0.11827430874109268
3132,0.00010072865115944296,0.006207862310111523,0.007883605640381574,0.029796865209937094,0.0,0.007524204906076193,0.0,0.11827783286571503
3133,9.905895713018254e-05,0.00604545408859849,0.007270391844213009,0.02967551313340664,0.0,0.007462143898010254,0.0,0.118294857442379
3134,9.882333397399634e-05,0.0062698498368263245,0.00818942990154028,0.03004199415445328,0.0,0.00742693617939949,0.0,0.11831369251012802
3135,8.90290000825189e-05,0.006109161674976349,0.007727252691984177,0.027606764808297157,0.0,0.00743515882641077,0.0,0.11834440380334854
3136,9.4608569634147e-05,0.005982224736362696,0.008129300270229577,0.029592404142022133,0.0,0.007427752949297428,0.0,0.11837249994277954
3137,9.684220131020994e-05,0.006074985116720199,0.007636827230453491,0.02888585738837719,0.0,0.007392585277557373,0.0,0.11840297281742096
3138,9.969759994419292e-05,0.006325632054358721,0.008146126195788384,0.027949705719947815,0.0,0.007358810864388943,0.0,0.11841461807489395
3139,0.00010377682338003069,0.006216259393841028,0.007686193287372589,0.028147310391068457,0.0,0.0073425909504294395,0.0,0.11840598285198212
3140,0.00010050386481452733,0.00626903111115098,0.007982719969004393,0.029025956615805627,0.0,0.0073865680024027824,0.0,0.11839897930622101
3141,9.800096304388717e-05,0.006158399395644665,0.00803868416696787,0.0288410447537899,0.0,0.007417772896587849,0.0,0.11840499937534332
3142,9.916111885104329e-05,0.0061744476668536665,0.007752267550677061,0.027974283695220946,0.0,0.007433203049004078,0.0,0.11841770261526108
3143,0.00010664212895790115,0.006288264039903879,0.007890482246875764,0.02932780608534813,0.0,0.007469580974429846,0.0,0.11842931807041168
3144,9.467851341469214e-05,0.006053238175809383,0.007643494382500648,0.0279205821454525,0.0,0.0074829705990850925,0.0,0.1184418797492981
3145,9.469088690821082e-05,0.0060584088787436485,0.007789158076047897,0.028658182919025423,0.0,0.007440126501023769,0.0,0.11843989044427872
3146,9.174241859000176e-05,0.006001854874193668,0.007395641598850489,0.029730378091335295,0.0,0.007366900332272053,0.0,0.11841748654842377
3147,9.019251156132669e-05,0.006193619873374701,0.007764374278485775,0.029197155311703683,0.0,0.00730441277846694,0.0,0.11839592456817627
3148,9.561602637404576e-05,0.0062801741994917394,0.008222918026149273,0.029203982651233674,0.0,0.007297141011804342,0.0,0.11837910115718842
3149,9.375072695547715e-05,0.006188594363629818,0.007934818416833878,0.0283498615026474,0.0,0.0073674507439136505,0.0,0.11834907531738281
3150,9.6400614711456e-05,0.006223059818148613,0.008542652614414692,0.027873198315501214,0.0,0.007433301769196987,0.0,0.11833145469427109
3151,8.719891193322837e-05,0.0061880391091108326,0.0077795576304197315,0.02933310568332672,0.0,0.007451467216014862,0.0,0.11832688003778458
3152,0.00010100554500240833,0.0062681612558662895,0.008003567904233932,0.029010284692049026,0.0,0.007412485778331757,0.0,0.11832261085510254
3153,0.00010329151700716466,0.006060332711786032,0.008162538520991802,0.028992045670747757,0.0,0.007359177805483341,0.0,0.11831855773925781
3154,9.788468887563794e-05,0.006000075582414865,0.008039352670311927,0.028980252891778947,0.0,0.00733900535851717,0.0,0.1183241456747055
3155,9.923785837600008e-05,0.006416453327983618,0.007766675017774105,0.02908144034445286,0.0,0.007315484341233969,0.0,0.11833757162094116
3156,0.00010235271329293028,0.006107963714748621,0.0077163555659353735,0.029010384529829025,0.0,0.00730875413864851,0.0,0.11835141479969025
3157,9.82803205261007e-05,0.006218949519097805,0.008230052422732115,0.028366297855973242,0.0,0.007299388758838177,0.0,0.11835877597332001
3158,9.659797506174072e-05,0.006003018189221621,0.00882762297987938,0.028282644972205163,0.0,0.007350747473537922,0.0,0.11835747957229614
3159,0.00010117533383890986,0.006117966305464506,0.009040696360170842,0.028509506583213808,0.0,0.007426868192851543,0.0,0.11837657541036606
3160,9.286782005801797e-05,0.006106347776949406,0.00891787586733699,0.02857709340751171,0.0,0.007457753177732229,0.0,0.11838499456644058
3161,0.00010149237787118181,0.006069592479616403,0.009329752437770367,0.028181825205683707,0.0,0.0074517675675451756,0.0,0.11840351670980453
3162,9.843694570008666e-05,0.006234680116176605,0.00939076580107212,0.02846340723335743,0.0,0.007433070335537195,0.0,0.11842478811740875
3163,0.0001066187847754918,0.006210256926715374,0.009185795113444329,0.028653864189982413,0.0,0.0074176909402012825,0.0,0.11843585968017578
3164,0.00010126319102710113,0.006043455097824335,0.008837911300361156,0.02777617909014225,0.0,0.00745351891964674,0.0,0.1184551939368248
3165,0.00010972857126034796,0.006040006969124078,0.00884246602654457,0.02817714624106884,0.0,0.007544470019638538,0.0,0.11845381557941437
3166,0.00010438392637297511,0.005952243786305189,0.008692147396504878,0.027567429840564726,0.0,0.007642244454473257,0.0,0.11843501031398773
3167,9.90145024843514e-05,0.005978027638047933,0.00790411252528429,0.029791282117366792,0.0,0.007739415857940912,0.0,0.11843276023864746
3168,0.00010016693995567039,0.006064441613852977,0.008112858422100544,0.028745038062334062,0.0,0.007790894713252783,0.0,0.11845040321350098
3169,0.00010163908445974812,0.00610057944431901,0.008402775414288044,0.030105150118470193,0.0,0.007815985009074211,0.0,0.11846524477005005
3170,0.00010388308437541127,0.006005699560046196,0.008632119186222554,0.027651762962341307,0.0,0.007843988947570324,0.0,0.11849033832550049
3171,0.00010061482025776058,0.0060291487723588945,0.008426428772509098,0.028809338063001632,0.0,0.007835134863853455,0.0,0.11851505190134048
3172,9.477216517552733e-05,0.006199268344789744,0.007851846702396869,0.028670952841639518,0.0,0.0077684978023171425,0.0,0.11852258443832397
3173,0.00010063421941595153,0.0058896769769489765,0.007966404408216476,0.02857409939169884,0.0,0.0076844217255711555,0.0,0.11853136867284775
3174,9.910348599078134e-05,0.006273907609283924,0.007853271812200547,0.029217750951647758,0.0,0.007598876021802425,0.0,0.11854188144207001
3175,8.403672545682639e-05,0.006149390060454607,0.007867591828107834,0.029547295719385146,0.0,0.007520768791437149,0.0,0.11855314671993256
3176,8.942634012782946e-05,0.0062319192104041575,0.007940255012363196,0.028765440732240678,0.0,0.007445505354553461,0.0,0.11855856329202652
3177,9.114851563936099e-05,0.00619635060429573,0.008579637482762336,0.029400889948010444,0.0,0.007405868265777826,0.0,0.11855979263782501
3178,9.562585328239947e-05,0.006054349709302187,0.007848861534148455,0.02840183228254318,0.0,0.0074216932989656925,0.0,0.1185627356171608
3179,9.738031076267362e-05,0.0060506295412778854,0.008015801571309567,0.02994004748761654,0.0,0.007426065858453512,0.0,0.11856389045715332
3180,0.00010019893379649147,0.0061488871462643145,0.008216612786054612,0.029344948753714562,0.0,0.00742473965510726,0.0,0.11856820434331894
3181,9.657549671828746e-05,0.0062795900739729404,0.008008679375052452,0.027990226820111274,0.0,0.007446344941854477,0.0,0.11857058852910995
3182,9.511082753306254e-05,0.006095781736075878,0.008164247870445252,0.02956560142338276,0.0,0.007529755588620901,0.0,0.11855845153331757
3183,9.337049705209211e-05,0.006232930440455675,0.008168357331305743,0.028800318390130995,0.0,0.007634472101926804,0.0,0.11855451762676239
3184,9.727828146424144e-05,0.006238450016826391,0.00816093310713768,0.028913168609142302,0.0,0.0076952725648880005,0.0,0.11854846775531769
3185,9.892384696286172e-05,0.006144746858626604,0.008194857276976109,0.028873269259929658,0.0,0.007723754737526178,0.0,0.11855357885360718
3186,9.785791771719233e-05,0.0061216851696372036,0.0076059685088694096,0.029153355956077577,0.0,0.0077209072187542915,0.0,0.11854143440723419
3187,8.881137764547021e-05,0.005999923776835203,0.007969949953258037,0.02921662889420986,0.0,0.007685308810323477,0.0,0.11851489543914795
3188,9.310164750786498e-05,0.006130207609385252,0.008067899849265814,0.029225689917802812,0.0,0.007634188048541546,0.0,0.1184849739074707
3189,9.434128878638148e-05,0.006158582866191864,0.008534841239452362,0.029620594531297683,0.0,0.007593896239995956,0.0,0.11847002804279327
3190,9.813223732635379e-05,0.006109647639095783,0.008107492793351411,0.028572062402963637,0.0,0.007527520414441824,0.0,0.11846192926168442
3191,9.655168687459082e-05,0.006621695589274168,0.007926225475966931,0.02912910245358944,0.0,0.007483257446438074,0.0,0.11845259368419647
3192,0.00010015458829002455,0.006383452657610178,0.00800152625888586,0.02943412810564041,0.0,0.007580227218568325,0.0,0.11845391988754272
3193,9.497436403762549e-05,0.0062031090259552,0.008487789332866669,0.029186341539025308,0.0,0.00767903495579958,0.0,0.11845924705266953
3194,9.255620971089229e-05,0.005968671198934317,0.008179994113743306,0.029526276141405107,0.0,0.0077125681564211845,0.0,0.11846254765987396
3195,9.212661680066959e-05,0.005973170325160026,0.007814372703433037,0.029688764736056326,0.0,0.007697699125856161,0.0,0.1184653788805008
3196,9.654012974351645e-05,0.0061423533596098425,0.0074055961333215235,0.029137007147073745,0.0,0.007687504403293133,0.0,0.11846594512462616
3197,9.53892566030845e-05,0.006029206980019808,0.0077841561287641525,0.027445607259869574,0.0,0.007678506430238485,0.0,0.11845158040523529
3198,8.391033625230194e-05,0.0061695994809269905,0.007534169498831034,0.030060461908578872,0.0,0.007652985863387585,0.0,0.11842159926891327
3199,8.991282957140356e-05,0.005986316688358783,0.007249039597809315,0.02757364623248577,0.0,0.007663954980671406,0.0,0.11841120570898056
3200,9.683093230705708e-05,0.006181931123137474,0.007752656564116478,0.028195998817682266,0.0,0.007679720409214497,0.0,0.11840132623910904
3201,9.638451447244734e-05,0.00639776773750782,0.007497053314000368,0.028907039016485215,0.0,0.00765646155923605,0.0,0.11838091909885406
3202,9.395182132720947e-05,0.006117155868560075,0.007586282398551703,0.03038354255259037,0.0,0.007600185927003622,0.0,0.11835305392742157
3203,9.751113539095968e-05,0.00614158296957612,0.007541795261204243,0.02927915081381798,0.0,0.007562682032585144,0.0,0.11834166198968887
3204,9.530363313388079e-05,0.006131904106587172,0.007654829602688551,0.029705018922686576,0.0,0.007595827337354422,0.0,0.11834625899791718
3205,9.870611247606576e-05,0.006176451407372952,0.00790622429922223,0.030213426053524017,0.0,0.007654440589249134,0.0,0.11837343871593475
3206,9.388895850861445e-05,0.0063033045269548895,0.007913429476320743,0.029524857923388482,0.0,0.00772022595629096,0.0,0.118405282497406
3207,9.707314457045868e-05,0.006153095979243517,0.007638664729893207,0.028368983045220376,0.0,0.0077514066360890865,0.0,0.11841928958892822
3208,0.00010012783895945177,0.006163743976503611,0.007828519400209188,0.02892671898007393,0.0,0.007726489100605249,0.0,0.11843625456094742
3209,9.258580103050917e-05,0.005926956702023744,0.0072549980133771895,0.028344142064452172,0.0,0.0076884059235453606,0.0,0.11845006048679352
3210,8.858685614541174e-05,0.0061552894301712515,0.007400432042777539,0.02859773375093937,0.0,0.0076662227511405945,0.0,0.11846053600311279
3211,9.929650404956192e-05,0.006116059608757496,0.0069405329413712025,0.02856227494776249,0.0,0.007650510873645544,0.0,0.11846019327640533
3212,9.61985730100423e-05,0.006245268788188696,0.007668744679540396,0.02897721156477928,0.0,0.00763108441606164,0.0,0.11844992637634277
3213,0.00011178065469721332,0.006178311910480261,0.007378859724849462,0.02893761433660984,0.0,0.007599003612995148,0.0,0.11843255907297134
3214,8.883939881343395e-05,0.0060021024197340015,0.007322068139910698,0.028636375814676283,0.0,0.007539127022027969,0.0,0.11841998994350433
3215,8.920872933231294e-05,0.006016626115888357,0.007633851282298565,0.027957813069224357,0.0,0.007463527377694845,0.0,0.11842741072177887
3216,0.00010026564705185592,0.006103023421019316,0.008157267794013023,0.02808484509587288,0.0,0.0073826974257826805,0.0,0.11842520534992218
3217,8.886918076314032e-05,0.006028566882014275,0.007841933518648148,0.029508668929338455,0.0,0.00731799378991127,0.0,0.11841559410095215
3218,9.98887189780362e-05,0.006181191466748714,0.007541907671838999,0.028710923716425897,0.0,0.0072613186202943325,0.0,0.11840881407260895
3219,9.252096933778375e-05,0.006200927495956421,0.007760119345039129,0.028241369128227233,0.0,0.0072319707833230495,0.0,0.11839994043111801
3220,9.616848255973309e-05,0.0062552872113883495,0.007398362457752228,0.029463775083422662,0.0,0.007264485117048025,0.0,0.11839912086725235
3221,0.00010279382404405623,0.006401390582323074,0.00718200821429491,0.0287505317479372,0.0,0.0072828433476388454,0.0,0.1184113472700119
3222,0.00010073531157104299,0.005874554626643658,0.0075959498062729836,0.029818697646260262,0.0,0.007303053978830576,0.0,0.11843784153461456
3223,9.629409614717588e-05,0.00640480425208807,0.007492092344909907,0.02962416298687458,0.0,0.007336145732551813,0.0,0.11845028400421143
3224,9.341100812889635e-05,0.006332814134657383,0.008067411370575428,0.02814287357032299,0.0,0.007362053729593754,0.0,0.11845169216394424
3225,9.602443460607902e-05,0.006027638912200928,0.0078098314814269544,0.02924783080816269,0.0,0.0074028088711202145,0.0,0.11845044791698456
3226,9.375221998197958e-05,0.006331358198076486,0.007562780659645796,0.03093625754117966,0.0,0.007519120816141367,0.0,0.11845500767230988
3227,0.00010402804182376712,0.006318580918014049,0.007406735513359308,0.030339986085891724,0.0,0.007592052221298218,0.0,0.11846884340047836
3228,9.30415844777599e-05,0.006172129511833191,0.007112031150609255,0.0278712123632431,0.0,0.007608075626194477,0.0,0.11847877502441406
3229,9.526477952022105e-05,0.0062590035609900955,0.007659140508621931,0.029305329918861388,0.0,0.0076054297387599945,0.0,0.11846902221441269
3230,9.906548511935398e-05,0.006154117826372385,0.007301536202430725,0.02972686104476452,0.0,0.00771686527878046,0.0,0.11844868957996368
3231,0.00010518530325498432,0.006368383951485157,0.007348052132874728,0.028440547361969947,0.0,0.00789017602801323,0.0,0.11843714863061905
3232,0.00010610700264805928,0.005879850033670664,0.007555568497627974,0.029204242676496506,0.0,0.008040920831263065,0.0,0.11843035370111465
3233,9.777814702829346e-05,0.00607944717630744,0.007521486282348633,0.027742106840014456,0.0,0.008144823834300041,0.0,0.1184290423989296
3234,9.593608265276999e-05,0.006325549259781837,0.007059132773429155,0.02736967019736767,0.0,0.00816270150244236,0.0,0.11842851340770721
3235,9.948637016350403e-05,0.006155075598508119,0.007455965876579285,0.029927842319011688,0.0,0.008128789253532887,0.0,0.11841821670532227
3236,9.522443579044194e-05,0.006121219228953123,0.007180399633944035,0.02767556570470333,0.0,0.00812066812068224,0.0,0.11841265857219696
3237,9.972478583222255e-05,0.005931331589818001,0.007116340659558773,0.02734398767352104,0.0,0.008126380853354931,0.0,0.11839661747217178
3238,0.00010221291886409744,0.006203835085034371,0.007475322391837835,0.027766702696681023,0.0,0.008088445290923119,0.0,0.11838306486606598
3239,0.00010073200828628615,0.006022411119192839,0.007136745192110538,0.02822435386478901,0.0,0.007996335625648499,0.0,0.11837885528802872
3240,9.291033638874069e-05,0.006076862383633852,0.006852409429848194,0.029265716671943665,0.0,0.007877634838223457,0.0,0.11839568614959717
3241,9.362401033286005e-05,0.006366889737546444,0.006657693814486265,0.02958951033651829,0.0,0.007753649260848761,0.0,0.11840839684009552
3242,8.901397959562018e-05,0.006080751214176417,0.007168154884129763,0.029729955643415452,0.0,0.007637258619070053,0.0,0.11840729415416718
3243,9.202074725180864e-05,0.006074194796383381,0.00733307832852006,0.029178886115550993,0.0,0.007531213108450174,0.0,0.11840090900659561
3244,9.677904163254424e-05,0.006176023278385401,0.00819625025615096,0.02902042865753174,0.0,0.007443537004292011,0.0,0.11840041726827621
3245,9.436766849830746e-05,0.006319508422166109,0.007535941898822784,0.02904084287583828,0.0,0.007379406131803989,0.0,0.11840778589248657
3246,9.371123014716432e-05,0.006152616627514362,0.007400404289364814,0.028473448380827902,0.0,0.007314597722142935,0.0,0.11841529607772827
3247,0.00010242352436762303,0.00624733604490757,0.007568728644400835,0.028356527909636497,0.0,0.00725531717762351,0.0,0.11842228472232819
3248,0.0001017972914269194,0.006044739577919245,0.00787466848269105,0.0295241866260767,0.0,0.007228473667055368,0.0,0.11842751502990723
3249,9.784027351997793e-05,0.006108573824167252,0.007740824576467275,0.029190880805253984,0.0,0.00724961468949914,0.0,0.11843477189540863
3250,9.654725290602073e-05,0.005992511101067066,0.007465713936835527,0.029898926243186,0.0,0.007318811025470495,0.0,0.11845488846302032
3251,8.590494835516437e-05,0.006106011290103197,0.007650406006723643,0.028946596756577493,0.0,0.007359406910836697,0.0,0.11847729980945587
3252,9.870668582152575e-05,0.006362667120993137,0.007260301429778337,0.0289455097168684,0.0,0.007394646294414997,0.0,0.11847920715808868
3253,9.50620393268764e-05,0.006146844848990441,0.007215673197060823,0.028014227002859115,0.0,0.007435800042003393,0.0,0.11847315728664398
3254,9.394405933562666e-05,0.006215321272611618,0.007108371052891016,0.02917935363948345,0.0,0.007468598894774914,0.0,0.11846502125263214
3255,9.397294488735496e-05,0.006287651509046555,0.007454016618430615,0.030503114312887193,0.0,0.007474455051124096,0.0,0.11843916028738022
3256,8.825898403301835e-05,0.006191292405128479,0.007555967569351197,0.029181710630655288,0.0,0.007469417992979288,0.0,0.11841742694377899
3257,0.00010279246052959933,0.006072570849210024,0.007286701444536447,0.029798330366611482,0.0,0.007498336490243673,0.0,0.11841301620006561
3258,8.209007937693968e-05,0.005993577744811773,0.007819828763604163,0.02973356284201145,0.0,0.007509621791541576,0.0,0.11840164661407471
3259,9.612984722480178e-05,0.006032457575201988,0.007807069458067417,0.028065549954771996,0.0,0.0075368755497038364,0.0,0.11839146912097931
3260,0.0001015740548609756,0.006074477825313807,0.007678932975977659,0.02823006995022297,0.0,0.007567719556391239,0.0,0.11837850511074066
3261,9.106364159379154e-05,0.00616138344630599,0.007661029417067766,0.030195895582437515,0.0,0.007561392150819302,0.0,0.11837458610534668
3262,8.515042572980747e-05,0.006093881651759147,0.00761319613084197,0.02772059440612793,0.0,0.007520582526922226,0.0,0.11837945878505707
3263,9.512237884337082e-05,0.005981635861098766,0.007483277283608913,0.029238560423254966,0.0,0.007437600288540125,0.0,0.11838459968566895
3264,9.242598462151363e-05,0.005851633381098509,0.007681912183761597,0.028845732659101488,0.0,0.007363395299762487,0.0,0.11837446689605713
3265,9.183210058836267e-05,0.006110852956771851,0.007125218957662582,0.02873772121965885,0.0,0.0073204198852181435,0.0,0.11835193634033203
3266,0.00010106346162501723,0.006168612744659185,0.00783364698290825,0.028837408870458603,0.0,0.0072775185108184814,0.0,0.11833594739437103
3267,0.00010110357688972727,0.0061710263602435585,0.007345074787735939,0.02744794450700283,0.0,0.007247449364513159,0.0,0.1183411255478859
3268,0.00010270593193126843,0.006237022485584021,0.0079297692514956,0.027861316874623298,0.0,0.007257392164319754,0.0,0.11833648383617401
3269,9.320879908045754e-05,0.005977979861199856,0.007902750372886657,0.02987833097577095,0.0,0.007281544152647257,0.0,0.11833834648132324
3270,0.00010105532419402152,0.006250976491719485,0.007389548700302839,0.028317366167902945,0.0,0.007323657162487507,0.0,0.11834107339382172
3271,9.733705664984881e-05,0.005778971966356039,0.007448741886764765,0.029316844046115877,0.0,0.007423244416713715,0.0,0.11833401769399643
3272,9.47886539506726e-05,0.006317791063338518,0.007788574974983931,0.02985384687781334,0.0,0.007509454153478146,0.0,0.11834283918142319
3273,8.980116253951565e-05,0.0062780467793345455,0.007336824852973223,0.029893482103943825,0.0,0.007529865019023418,0.0,0.11836781352758408
3274,0.00010028220131061972,0.006055110041052103,0.007993507198989391,0.030262609571218492,0.0,0.0075066001154482365,0.0,0.11840546131134033
3275,9.595363662810996e-05,0.006215479597449303,0.00802828036248684,0.02971549965441227,0.0,0.007490251213312149,0.0,0.11843367666006088
3276,9.331297333119437e-05,0.006192152667790651,0.007406973745673895,0.027597682550549507,0.0,0.007481123320758343,0.0,0.11845628172159195
3277,9.756022191140801e-05,0.006151624862104655,0.008045201003551484,0.0290204044431448,0.0,0.007466176990419626,0.0,0.11847158521413803
3278,9.457959240535274e-05,0.005947181582450866,0.0073393511585891245,0.02955852188169956,0.0,0.007460203021764755,0.0,0.11847217381000519
3279,9.757240331964567e-05,0.006186703499406576,0.00764606948941946,0.02931103967130184,0.0,0.007458327803760767,0.0,0.11845536530017853
3280,8.808487764326856e-05,0.00613593477755785,0.007517752796411514,0.02885150946676731,0.0,0.0074502029456198215,0.0,0.11843903362751007
3281,9.792516502784565e-05,0.006191100273281336,0.007513332739472389,0.02878844290971756,0.0,0.007422684691846371,0.0,0.11842421442270279
3282,9.555869764881209e-05,0.006004914734512567,0.007266138587146998,0.02830827310681343,0.0,0.007455123122781515,0.0,0.11841380596160889
3283,9.719045483507216e-05,0.0061437410302460195,0.007137605734169483,0.029161090776324273,0.0,0.007505954243242741,0.0,0.11840002238750458
3284,9.339478419860825e-05,0.005937092378735543,0.007239548396319151,0.02851783446967602,0.0,0.007514463271945715,0.0,0.11840254068374634
3285,0.0001081525071640499,0.006022973638027907,0.006767815351486206,0.029310650378465652,0.0,0.007465654518455267,0.0,0.11840442568063736
3286,9.687480051070451e-05,0.006278146244585514,0.006496873218566179,0.029107889160513878,0.0,0.007386471144855022,0.0,0.11840395629405975
3287,9.486811759416014e-05,0.006303444877266884,0.0068516086786985396,0.02810098007321358,0.0,0.007322762161493301,0.0,0.11840219795703888
3288,9.53948067035526e-05,0.006178773008286953,0.00723025081679225,0.028208208084106446,0.0,0.00727985892444849,0.0,0.11838813126087189
3289,9.925290651153773e-05,0.006287442706525326,0.007393681164830923,0.028539681807160378,0.0,0.007239870727062225,0.0,0.11838743835687637
3290,0.000100057314557489,0.0064140865579247475,0.006878454983234405,0.02842983491718769,0.0,0.007206816226243973,0.0,0.11838974803686142
3291,0.0001010847365250811,0.005981543473899365,0.0073768021538853645,0.028913355246186257,0.0,0.007177652325481176,0.0,0.11838395893573761
3292,9.506943024462089e-05,0.006195369828492403,0.0075828623957931995,0.02812347114086151,0.0,0.007172803394496441,0.0,0.11836513131856918
3293,0.00010229126346530392,0.006178031023591757,0.007331588957458735,0.028562724590301514,0.0,0.007159004453569651,0.0,0.11833469569683075
3294,0.0001073012186679989,0.005984539724886417,0.007036533951759338,0.02945563234388828,0.0,0.007173806428909302,0.0,0.11831191927194595
3295,9.352391643915325e-05,0.006257926858961582,0.006897864304482937,0.02914370410144329,0.0,0.00718421395868063,0.0,0.11830522119998932
3296,0.00010102751839440316,0.0061274108476936815,0.007505062129348516,0.029767782613635062,0.0,0.0072037517093122005,0.0,0.11829081922769547
3297,9.725817944854498e-05,0.006130662467330694,0.007865219283849001,0.029683339595794677,0.0,0.007230190094560385,0.0,0.11829382181167603
3298,9.34575786232017e-05,0.0060521275736391544,0.007609809376299381,0.03040718212723732,0.0,0.007265040185302496,0.0,0.11831355094909668
3299,9.64347564149648e-05,0.0061244268901646136,0.007699999958276749,0.02919600307941437,0.0,0.007341491989791393,0.0,0.11834845691919327
3300,9.774032223504036e-05,0.006242248974740505,0.0074718154966831206,0.028724972903728486,0.0,0.007433643098920584,0.0,0.11838412284851074
3301,0.00010113140306202694,0.006224668677896261,0.007021756749600172,0.030660143494606017,0.0,0.007591712288558483,0.0,0.11840782314538956
3302,9.454886749153957e-05,0.006136442348361015,0.006990657560527325,0.0297811321914196,0.0,0.007732325233519077,0.0,0.11844976246356964
3303,0.00010670979245333,0.005945663526654243,0.007312482595443726,0.028019344434142113,0.0,0.007794254459440708,0.0,0.11849255859851837
3304,0.00010376568243373186,0.006205140892416239,0.007283796276897192,0.03004986234009266,0.0,0.00776694854721427,0.0,0.11850621551275253
3305,9.710827143862843e-05,0.00617145886644721,0.007759609166532755,0.027882349118590354,0.0,0.007681567221879959,0.0,0.11850400269031525
3306,9.795976511668414e-05,0.006368023063987494,0.007313371449708938,0.028669028356671334,0.0,0.007578526623547077,0.0,0.1184980645775795
3307,0.00010185076826019213,0.006136952806264162,0.007675682380795479,0.02914845235645771,0.0,0.007472289260476828,0.0,0.11850367486476898
3308,9.872585796983912e-05,0.006043403595685959,0.007703051436692476,0.02905815951526165,0.0,0.007422716822475195,0.0,0.11851644515991211
3309,0.0001049106358550489,0.006259646359831094,0.007384843286126852,0.02864266261458397,0.0,0.007434084080159664,0.0,0.11852814257144928
3310,0.00010119158978341147,0.006198195554316044,0.007193099614232779,0.027867070212960244,0.0,0.007468332536518574,0.0,0.11852707713842392
3311,9.769756434252486e-05,0.006110277026891708,0.007438088301569223,0.028765159472823144,0.0,0.007461121771484613,0.0,0.11852337419986725
3312,0.00010762285528471693,0.006155916769057512,0.007398381642997265,0.02813823111355305,0.0,0.007470631040632725,0.0,0.11852733790874481
3313,0.00011179320135852322,0.006258044950664043,0.0076847167685627936,0.029859733954071998,0.0,0.0075187087059021,0.0,0.11851547658443451
3314,0.00010752415546448902,0.006322918459773064,0.0076983412727713585,0.029571212828159332,0.0,0.0075824931263923645,0.0,0.11850293725728989
3315,9.560307225910946e-05,0.0060142168775200846,0.008140773698687553,0.028747033700346945,0.0,0.007680653594434261,0.0,0.11850506067276001
3316,0.00010078279883600772,0.006151808053255081,0.008174858149141073,0.029735270142555236,0.0,0.007796161808073521,0.0,0.11850760877132416
3317,0.0001069336591172032,0.006022539455443621,0.007989534549415112,0.029236170649528503,0.0,0.007833810523152351,0.0,0.11852367967367172
3318,9.552549454383552e-05,0.006358863785862923,0.007599074207246303,0.028468847274780273,0.0,0.007799338549375534,0.0,0.11853858083486557
3319,0.00010116476623807102,0.005952045973390341,0.00783500699326396,0.029007014632225037,0.0,0.007742755115032196,0.0,0.1185639351606369
3320,0.00010340157605241984,0.0060049955733120445,0.0077370995655655864,0.028804941475391387,0.0,0.007664056960493326,0.0,0.1185729056596756
3321,9.219173807650805e-05,0.006189301144331694,0.007520048227161169,0.02806905061006546,0.0,0.0075621940195560455,0.0,0.11856241524219513
3322,9.870389621937647e-05,0.006120580062270164,0.007623523566871881,0.03089051730930805,0.0,0.007466317620128393,0.0,0.1185615062713623
3323,9.689150610938668e-05,0.00622597811743617,0.007739558257162571,0.029384108260273933,0.0,0.0074011655524373055,0.0,0.1185762882232666
3324,0.00010120646475115791,0.006147920060902834,0.007566696684807539,0.028424344956874847,0.0,0.007345433346927166,0.0,0.1185896247625351
3325,9.929631632985548e-05,0.006264384929090738,0.007798943761736154,0.02938987351953983,0.0,0.007291334215551615,0.0,0.1185837835073471
3326,0.00010426433436805382,0.0059998885728418825,0.008031132351607084,0.030417343974113463,0.0,0.007277369499206543,0.0,0.11856977641582489
3327,0.00010983138345181942,0.005895704589784145,0.007684360817074775,0.02848122753202915,0.0,0.007292003836482763,0.0,0.11856992542743683
3328,0.00010075333557324484,0.006093026977032423,0.007763789128512144,0.02824298068881035,0.0,0.00732946302741766,0.0,0.11857680976390839
3329,9.364588768221438e-05,0.0061660858802497385,0.007823835033923388,0.029049726203083992,0.0,0.0073517607524991035,0.0,0.1185680627822876
3330,0.00010263324511470274,0.006096759811043739,0.007662080600857735,0.027894524857401848,0.0,0.007340353913605213,0.0,0.11855900287628174
3331,9.435988613404334e-05,0.006024835165590048,0.008116678521037101,0.0293075542896986,0.0,0.007305854000151157,0.0,0.11854604631662369
3332,9.783351124497131e-05,0.005999457556754351,0.008133203722536564,0.02862572595477104,0.0,0.00734042888507247,0.0,0.1185557022690773
3333,0.00010194405767833814,0.005994791258126497,0.007651843968778849,0.028143647685647012,0.0,0.007471626158803701,0.0,0.11856557428836823
3334,0.00010272591607645154,0.006168969348073006,0.008039972186088562,0.028105322271585464,0.0,0.007558999117463827,0.0,0.11854400485754013
3335,9.2925681383349e-05,0.006044615432620049,0.007547090109437704,0.030336487293243408,0.0,0.007566734217107296,0.0,0.11852686107158661
3336,9.609813132556155e-05,0.006188052892684937,0.007244016136974096,0.027899932488799094,0.0,0.0075254240073263645,0.0,0.11853168159723282
3337,9.484249021625146e-05,0.006034013163298368,0.007455966155976057,0.029193414375185966,0.0,0.007504168897867203,0.0,0.1185382828116417
3338,9.558337478665635e-05,0.006017024628818035,0.007128935679793358,0.02861454114317894,0.0,0.007500539068132639,0.0,0.11854176223278046
3339,9.471393714193255e-05,0.005995806679129601,0.0077005953527987,0.02872314043343067,0.0,0.007468231953680515,0.0,0.11852236092090607
3340,9.984351345337927e-05,0.0062464851886034015,0.007464333530515432,0.029875756800174715,0.0,0.007435156963765621,0.0,0.11849769204854965
3341,0.00010395688586868345,0.006478366255760193,0.007748033292591572,0.027168696373701097,0.0,0.0075094373896718025,0.0,0.11847345530986786
3342,9.592244314262643e-05,0.005803456250578165,0.008036814443767071,0.02941272184252739,0.0,0.007769168354570866,0.0,0.11844497919082642
3343,8.705835789442062e-05,0.0062804102897644045,0.008006799407303334,0.029779650643467902,0.0,0.007973896339535713,0.0,0.11843329668045044
3344,9.765218128450215e-05,0.006044258549809456,0.007984131947159767,0.028427236527204514,0.0,0.008050870150327682,0.0,0.11843161284923553
3345,9.510444215266034e-05,0.006167021580040455,0.007642697263509035,0.0284583929926157,0.0,0.008023910224437714,0.0,0.1184215396642685
3346,9.630719578126445e-05,0.006497231777757406,0.007499800994992256,0.02890452668070793,0.0,0.007953008636832237,0.0,0.11841230094432831
3347,9.230686700902879e-05,0.006032364815473557,0.007270392775535583,0.028134053200483324,0.0,0.007875591516494751,0.0,0.118403360247612
3348,9.705412812763826e-05,0.00625897515565157,0.007519049569964409,0.029049517586827278,0.0,0.007798385806381702,0.0,0.11840833723545074
3349,9.406192984897643e-05,0.006179576180875302,0.007789553329348564,0.028356480598449706,0.0,0.007781056221574545,0.0,0.11841647326946259
3350,9.917833667714149e-05,0.0061703847721219065,0.007583197765052318,0.02899443842470646,0.0,0.007791110314428806,0.0,0.11840622127056122
3351,9.734785271575674e-05,0.006288888957351446,0.007885715551674366,0.02967895157635212,0.0,0.0077960132621228695,0.0,0.1184142604470253
3352,9.317096992162987e-05,0.006237862072885037,0.007659317087382078,0.028153499588370323,0.0,0.007865158841013908,0.0,0.11843612045049667
3353,9.445501200389117e-05,0.006048524100333452,0.008004011120647192,0.028564123436808586,0.0,0.007944921031594276,0.0,0.11843854188919067
3354,9.988214005716146e-05,0.0060850891284644605,0.00764022246003151,0.029439469426870347,0.0,0.007973974570631981,0.0,0.11842803657054901
3355,9.411744686076418e-05,0.006210054829716682,0.007906573824584484,0.02842096462845802,0.0,0.007971283979713917,0.0,0.11841942369937897
3356,0.00010293020895915105,0.006127871479839087,0.007919313292950392,0.029897961765527725,0.0,0.007948165759444237,0.0,0.11841078847646713
3357,0.00010081182554131374,0.006054562237113714,0.00810966482385993,0.027269072085618972,0.0,0.007865218445658684,0.0,0.11840488761663437
3358,0.00010240577976219356,0.00608583465218544,0.007735529355704785,0.0286298967897892,0.0,0.007776565849781036,0.0,0.11839083582162857
3359,0.0001045223296387121,0.006298990640789271,0.008192653488367795,0.027891003340482712,0.0,0.0077401637099683285,0.0,0.11838370561599731
3360,0.00010623184207361191,0.006180351320654154,0.007964848726987838,0.02891935370862484,0.0,0.0077086626552045345,0.0,0.11838650703430176
3361,0.00010529707506066189,0.0059194288216531275,0.007755893561989069,0.029093651100993156,0.0,0.007716508116573095,0.0,0.11840851604938507
3362,9.454153478145599e-05,0.00597201818600297,0.008371393568813801,0.028760116547346115,0.0,0.0076965815387666225,0.0,0.11842913925647736
3363,9.817342652240768e-05,0.00614811284467578,0.008093446679413318,0.030369840562343597,0.0,0.00766171608120203,0.0,0.1184363141655922
3364,9.7046593145933e-05,0.006071401201188565,0.008082414045929909,0.0290932759642601,0.0,0.007618517614901066,0.0,0.11843929439783096
3365,8.255084685515612e-05,0.00610391041263938,0.007818305306136608,0.028832041844725608,0.0,0.00755687290802598,0.0,0.11843393743038177
3366,9.538137674098834e-05,0.005925815738737583,0.007906851824373007,0.02938636653125286,0.0,0.00749221071600914,0.0,0.1184222474694252
3367,0.00010268744808854535,0.005927670933306217,0.007999429106712341,0.030504845455288886,0.0,0.007520939223468304,0.0,0.11843188107013702
3368,9.635869355406612e-05,0.006068588048219681,0.007746334094554186,0.030220672488212585,0.0,0.007708917371928692,0.0,0.11844100803136826
3369,0.00010018648026743904,0.00628580367192626,0.007767617702484131,0.02845083624124527,0.0,0.007848943583667278,0.0,0.11843995004892349
3370,0.00010415921569801867,0.0062114309519529344,0.007641257625073195,0.028953712806105612,0.0,0.00797279179096222,0.0,0.11842145770788193
3371,9.64778068009764e-05,0.006002686731517315,0.007647643052041531,0.029102352261543275,0.0,0.008069165050983429,0.0,0.1183963268995285
3372,0.00010030324046965689,0.005861136224120855,0.007331397105008364,0.027558403462171553,0.0,0.008141394704580307,0.0,0.11837557703256607
3373,0.0001014849462080747,0.006354206707328558,0.007312571071088314,0.027681678906083106,0.0,0.008166616782546043,0.0,0.11836303770542145
3374,0.00010270742350257934,0.0059383993968367575,0.007342362031340599,0.02828804701566696,0.0,0.008143099956214428,0.0,0.11834537982940674
3375,9.625220845919103e-05,0.006194196827709675,0.007128148339688778,0.02935270369052887,0.0,0.008068452589213848,0.0,0.11833728849887848
3376,9.341955301351845e-05,0.006146865990012884,0.007547430600970984,0.02945462577044964,0.0,0.007961215451359749,0.0,0.1183391660451889
3377,9.685520926723256e-05,0.00631236620247364,0.007134230993688107,0.028815681859850884,0.0,0.007879000157117844,0.0,0.11833930015563965
3378,9.464902250329032e-05,0.006247316859662533,0.00759277967736125,0.029983384162187578,0.0,0.007832666859030724,0.0,0.1183333545923233
3379,0.00010208673920715227,0.0061657695099711415,0.0074630588293075565,0.02847856469452381,0.0,0.00781499408185482,0.0,0.11834187805652618
3380,9.380320552736521e-05,0.0061184922233223915,0.007414475828409195,0.028694780170917512,0.0,0.007814863696694374,0.0,0.11833751201629639
3381,8.53499979712069e-05,0.006156252697110176,0.007418944500386715,0.02968784011900425,0.0,0.00780138373374939,0.0,0.11830171197652817
3382,9.652753942646086e-05,0.006046694237738848,0.00788097670301795,0.03026203326880932,0.0,0.00776509428396821,0.0,0.11827663332223892
3383,0.00010340565931983292,0.006139140669256448,0.007683574967086315,0.02921401858329773,0.0,0.0077071404084563255,0.0,0.11827678978443146
3384,9.519590676063672e-05,0.0061901921406388285,0.007843045890331269,0.027901554107666017,0.0,0.0076316907070577145,0.0,0.11829078197479248
3385,9.16107979719527e-05,0.006139364093542099,0.007833099272102118,0.028525298461318016,0.0,0.007545153610408306,0.0,0.11827573925256729
3386,8.853368781274185e-05,0.006411688588559628,0.007720714621245861,0.02863592654466629,0.0,0.007513147778809071,0.0,0.11824723333120346
3387,0.0001041602052282542,0.006119284871965646,0.00742192156612873,0.029820361360907554,0.0,0.00754897017031908,0.0,0.11825065314769745
3388,9.920166048686952e-05,0.006004688981920481,0.007953314669430256,0.02915675789117813,0.0,0.00755293807014823,0.0,0.11826350539922714
3389,9.354345238534733e-05,0.006171615980565548,0.007905191462486982,0.029350188001990317,0.0,0.007543052081018686,0.0,0.1182553768157959
3390,9.606406383682043e-05,0.005976478103548288,0.00773316491395235,0.028831607103347777,0.0,0.007526394911110401,0.0,0.11822754144668579
3391,0.00010239437106065452,0.0061734960414469246,0.0076408468186855314,0.03032619319856167,0.0,0.007520532701164484,0.0,0.11819276958703995
3392,0.00010045435192296281,0.006036339700222016,0.00764600420370698,0.02903781346976757,0.0,0.007594468537718058,0.0,0.1181778684258461
3393,0.00010361416207160801,0.006070951372385025,0.007933675218373537,0.029743942618370055,0.0,0.0076812878251075745,0.0,0.11819152534008026
3394,0.00010202012199442834,0.006192979775369168,0.008305211644619703,0.028984960168600082,0.0,0.007768569979816675,0.0,0.11821802705526352
3395,9.236095502274111e-05,0.006263816170394421,0.007771915849298238,0.027682248130440713,0.0,0.00784521084278822,0.0,0.11823004484176636
3396,8.388795977225527e-05,0.006267209164798259,0.008002052921801806,0.029638591408729553,0.0,0.007894730195403099,0.0,0.11822874844074249
3397,9.430242935195565e-05,0.0062551827169954775,0.00787217440083623,0.028475334495306016,0.0,0.007945788092911243,0.0,0.11822448670864105
3398,9.510699892416597e-05,0.00613431790843606,0.007770711369812488,0.027607852965593337,0.0,0.007982678711414337,0.0,0.11822360754013062
3399,9.702227107482031e-05,0.006091669388115406,0.0075543780811131,0.029747309535741805,0.0,0.007968776859343052,0.0,0.11823458969593048
3400,9.140944312093779e-05,0.0063463903963565825,0.00794809302315116,0.029462726786732674,0.0,0.007921142503619194,0.0,0.11825815588235855
3401,9.920763550326228e-05,0.006215238850563765,0.007813151832669974,0.02926248237490654,0.0,0.007881741039454937,0.0,0.11828341335058212
3402,9.404325974173843e-05,0.005990025959908963,0.0076902717351913456,0.02871984541416168,0.0,0.007814144715666771,0.0,0.11831019818782806
3403,9.106783982133493e-05,0.006064411904662848,0.007962130010128021,0.029440364614129067,0.0,0.007711310870945454,0.0,0.1183243989944458
3404,9.29521134821698e-05,0.006155429780483246,0.008188912458717824,0.027912729233503342,0.0,0.007590108551084995,0.0,0.11833846569061279
3405,8.52012017276138e-05,0.005990676954388619,0.007938379887491465,0.028670666739344597,0.0,0.007493539247661829,0.0,0.11834262311458588
3406,9.258367208531126e-05,0.006208389811217785,0.007648724783211947,0.028477615118026732,0.0,0.007415971253067255,0.0,0.1183381900191307
3407,9.22389721381478e-05,0.006209295056760311,0.007395543716847896,0.030363913625478745,0.0,0.007367254700511694,0.0,0.11833952367305756
3408,9.30309877730906e-05,0.006099615711718798,0.007085785549134016,0.029125143960118293,0.0,0.0074548861011862755,0.0,0.11833193153142929
3409,0.00010443534847581759,0.006070642080157995,0.007523211929947138,0.02761133462190628,0.0,0.007648986764252186,0.0,0.11831046640872955
3410,9.445739997318014e-05,0.006069119181483984,0.007126665394753218,0.028550344333052636,0.0,0.007792476564645767,0.0,0.11829444020986557
3411,0.00010115264740306884,0.006072984915226698,0.007650470454245805,0.029795075207948683,0.0,0.007892951369285583,0.0,0.11827707290649414
3412,9.506582573521882e-05,0.006126317847520113,0.0073121913708746435,0.027107275277376174,0.0,0.008054916746914387,0.0,0.11826278269290924
3413,9.09376292838715e-05,0.006068329606205225,0.007244457211345434,0.02814210169017315,0.0,0.008185303770005703,0.0,0.1182628870010376
3414,0.00010138965590158477,0.006059371028095483,0.007597121130675078,0.02864597290754318,0.0,0.008233632892370224,0.0,0.11825232207775116
3415,8.968159527285024e-05,0.006230933684855699,0.007870915159583092,0.029508956149220465,0.0,0.008197073824703693,0.0,0.1182497963309288
3416,9.280907834181562e-05,0.0060567853040993215,0.007370200660079718,0.028158008679747583,0.0,0.008168562315404415,0.0,0.11824838817119598
3417,9.665083925938233e-05,0.006120483949780464,0.0074418336153030396,0.029176515713334083,0.0,0.008162994869053364,0.0,0.1182665005326271
3418,8.776946924626827e-05,0.00633853767067194,0.007759902626276016,0.028439243882894517,0.0,0.008112875744700432,0.0,0.11828458309173584
3419,9.447637712582946e-05,0.006083467788994312,0.007157408911734819,0.028237676620483397,0.0,0.00801754929125309,0.0,0.11828942596912384
3420,9.686199482530355e-05,0.006022664345800876,0.00752927390858531,0.0279172595590353,0.0,0.007899915799498558,0.0,0.11829189956188202
3421,0.00010271896317135543,0.006056819017976523,0.007742974534630775,0.03030155077576637,0.0,0.007775438018143177,0.0,0.11828579753637314
3422,9.643273224355653e-05,0.006158833485096693,0.00814555436372757,0.028903151303529738,0.0,0.007652759552001953,0.0,0.11829470098018646
3423,9.33974253712222e-05,0.006025383621454239,0.007941024377942085,0.02910703718662262,0.0,0.007550383917987347,0.0,0.11829562485218048
3424,9.22818697290495e-05,0.006261782068759203,0.007126292679458857,0.029092517495155335,0.0,0.00747266411781311,0.0,0.1183014065027237
3425,9.394892113050446e-05,0.006046726182103157,0.007366916816681624,0.03054346553981304,0.0,0.007414376828819513,0.0,0.11831523478031158
3426,9.812286589294672e-05,0.006127848848700523,0.007288129162043333,0.02835211679339409,0.0,0.007394656538963318,0.0,0.11831009387969971
3427,8.970928174676374e-05,0.006197280250489712,0.0077329778112471105,0.02780757248401642,0.0,0.007371567189693451,0.0,0.11829914897680283
3428,8.562910661567003e-05,0.006315752025693655,0.007647050451487303,0.028831741958856582,0.0,0.0073653897270560265,0.0,0.11829118430614471
3429,8.974463271442801e-05,0.005985667649656534,0.007863440550863743,0.02962716519832611,0.0,0.0075416588224470615,0.0,0.11827947944402695
3430,0.00010103987297043205,0.006182313244789839,0.007541724853217602,0.029643977433443068,0.0,0.0077749332413077354,0.0,0.11826970428228378
3431,9.569586836732924e-05,0.006124751176685095,0.007730576954782009,0.0295927744358778,0.0,0.00792783685028553,0.0,0.1182708740234375
3432,0.00010591960308374837,0.006292344816029072,0.007327325269579887,0.028805821388959884,0.0,0.008018257096409798,0.0,0.11827602237462997
3433,0.00010374942939961329,0.006159972120076418,0.007401637453585863,0.028282978385686875,0.0,0.008148985914885998,0.0,0.11828257143497467
3434,0.00010314733372069895,0.0062108030542731285,0.008177437260746956,0.029440835118293762,0.0,0.008314741775393486,0.0,0.11828434467315674
3435,0.00010290419886587188,0.006121390126645565,0.00786232491955161,0.028554775565862656,0.0,0.00839671678841114,0.0,0.11828897148370743
3436,0.00010066238755825906,0.006250397115945816,0.007372449152171612,0.028750264644622804,0.0,0.00837838277220726,0.0,0.11829350143671036
3437,9.793713252292946e-05,0.00624956488609314,0.0076152501627802845,0.029093126207590102,0.0,0.008299820125102997,0.0,0.11828605085611343
3438,0.00010064230737043545,0.006366015784442425,0.0068985925056040285,0.02902883104979992,0.0,0.008209212683141232,0.0,0.11827541887760162
3439,9.749983146321029e-05,0.006144570652395487,0.007539017591625452,0.029587751999497414,0.0,0.008120276033878326,0.0,0.11825891584157944
3440,9.313202608609572e-05,0.006154630240052939,0.008051950111985206,0.030149078741669656,0.0,0.008053618483245373,0.0,0.11824319511651993
3441,8.870305173331871e-05,0.0061973932199180124,0.007432577945291996,0.028142233937978746,0.0,0.00800149142742157,0.0,0.11822962760925293
3442,0.00010534148022998125,0.006154521368443966,0.007617206871509552,0.0294950932264328,0.0,0.007963021285831928,0.0,0.11822707951068878
3443,8.785651880316436e-05,0.006058954074978829,0.007521659042686224,0.029293210431933402,0.0,0.007945899851620197,0.0,0.11822879314422607
3444,9.587678650859743e-05,0.006175629049539566,0.007760706078261137,0.02952078767120838,0.0,0.00790321733802557,0.0,0.11824420839548111
3445,0.00010192515910603105,0.0059750529006123545,0.0074526815675199035,0.028858710080385208,0.0,0.007833337411284447,0.0,0.1182614341378212
3446,9.807116293814033e-05,0.006134833116084338,0.007556220795959234,0.02901216596364975,0.0,0.007785288151353598,0.0,0.11828658729791641
3447,9.81184421107173e-05,0.006262482795864344,0.007241289224475622,0.02941881902515888,0.0,0.007745745591819286,0.0,0.1183006763458252
3448,9.529484523227439e-05,0.005945734400302172,0.0076436099596321585,0.027653571218252182,0.0,0.0076917679980397224,0.0,0.11831508576869965
3449,0.00010370870440965519,0.006290756165981293,0.00763894310221076,0.02909528873860836,0.0,0.007631497923284769,0.0,0.11831134557723999
3450,9.44600484217517e-05,0.006026641931384802,0.007966539729386568,0.02871083840727806,0.0,0.007596305105835199,0.0,0.11827856302261353
3451,9.690632141428069e-05,0.006189915724098683,0.007911775819957256,0.02943679839372635,0.0,0.007590369787067175,0.0,0.11825690418481827
3452,9.16494260309264e-05,0.0059899319894611835,0.007668316178023815,0.029449404403567313,0.0,0.007624240126460791,0.0,0.11826319992542267
3453,9.057249553734437e-05,0.0062355569563806055,0.007308303005993366,0.027550319954752923,0.0,0.007654895540326834,0.0,0.118271604180336
3454,9.518856095382943e-05,0.00633438928052783,0.007775049656629562,0.02804424874484539,0.0,0.0076702674850821495,0.0,0.11828142404556274
3455,9.755695355124771e-05,0.006167145445942879,0.00766778951510787,0.029164126515388487,0.0,0.007703050971031189,0.0,0.11828850209712982
3456,9.902179590426385e-05,0.006241015717387199,0.007671949081122875,0.028583917766809464,0.0,0.007728453725576401,0.0,0.11830510199069977
3457,0.00010538504575379193,0.006297528557479381,0.007335169799625873,0.028295522555708885,0.0,0.007745060138404369,0.0,0.11832068860530853
3458,9.706674027256667e-05,0.006245046202093363,0.007424262911081314,0.030327294021844864,0.0,0.00783215370029211,0.0,0.11832334846258163
3459,0.00010116269550053403,0.006164645403623581,0.006653896626085043,0.027380265295505524,0.0,0.007911061868071556,0.0,0.11833246052265167
3460,9.787005401449279e-05,0.006030337139964104,0.007582168094813824,0.02739190086722374,0.0,0.007959915325045586,0.0,0.11832980066537857
3461,9.42342623602599e-05,0.006059824209660292,0.007400595769286156,0.02919526509940624,0.0,0.007987226359546185,0.0,0.11831586062908173
3462,0.00010141553939320147,0.006076522637158632,0.00743349464610219,0.029203770309686662,0.0,0.008020677603781223,0.0,0.11831687390804291
3463,9.630844724597409e-05,0.006059195380657911,0.007919024676084518,0.03009673357009888,0.0,0.008021590299904346,0.0,0.11831380426883698
3464,9.270256414311007e-05,0.0060666405595839025,0.007250808458775282,0.028372089192271233,0.0,0.007970777340233326,0.0,0.1183212548494339
3465,0.00010369205847382545,0.006210662797093392,0.007885254640132188,0.030125833675265314,0.0,0.007890232838690281,0.0,0.11832312494516373
3466,9.668731509009376e-05,0.005931945517659187,0.0077907929196953775,0.02870098166167736,0.0,0.007793442811816931,0.0,0.11833024024963379
3467,9.52969552599825e-05,0.005989234615117312,0.007574455067515373,0.02957062013447285,0.0,0.00768846133723855,0.0,0.11834730207920074
3468,0.00010330655932193622,0.006315054092556238,0.0076057080179452894,0.02851193621754646,0.0,0.00758232781663537,0.0,0.11835791915655136
3469,9.5547444652766e-05,0.006298098806291818,0.007795664761215448,0.027912697568535805,0.0,0.007515612058341503,0.0,0.11835823953151703
3470,9.346878359792755e-05,0.00616971654817462,0.007723660673946142,0.02831113375723362,0.0,0.007495229132473469,0.0,0.1183541864156723
3471,9.545080829411745e-05,0.006070044357329607,0.007717007305473089,0.029013334214687346,0.0,0.007483860943466425,0.0,0.11834881454706192
3472,0.0001017027665511705,0.006168204732239247,0.008084249403327703,0.02854279987514019,0.0,0.007526379078626633,0.0,0.11833781003952026
3473,9.711406455608085e-05,0.006208599638193845,0.007743769232183695,0.029634712636470793,0.0,0.007565916515886784,0.0,0.11832632124423981
3474,0.00010237504757242278,0.005948875192552805,0.007151173148304224,0.02946065440773964,0.0,0.0076119787991046906,0.0,0.11829710006713867
3475,0.00010088807030115277,0.006000899616628886,0.008014769107103348,0.027183006331324578,0.0,0.0076890187337994576,0.0,0.11826052516698837
3476,9.756150975590572e-05,0.006220405828207732,0.007930181547999382,0.030670474097132683,0.0,0.0077463602647185326,0.0,0.11824788898229599
3477,9.850902133621276e-05,0.005900676641613245,0.007251096703112125,0.029682328179478645,0.0,0.007759058382362127,0.0,0.11824166774749756
3478,9.21880709938705e-05,0.006469312217086553,0.008072197437286377,0.02872140295803547,0.0,0.0077979350462555885,0.0,0.11824192851781845
3479,9.428544144611806e-05,0.006043046992272138,0.007849319744855166,0.02836858443915844,0.0,0.007821336388587952,0.0,0.11823813617229462
3480,9.897132695186883e-05,0.005963765550404787,0.007909875083714723,0.02842620201408863,0.0,0.007788042537868023,0.0,0.11820968240499496
3481,9.504387417109683e-05,0.0060891141183674335,0.007856489531695843,0.029932298883795738,0.0,0.0077012674883008,0.0,0.11816979944705963
3482,9.985020151361823e-05,0.006027323473244905,0.007709884829819202,0.028814654052257537,0.0,0.007588652428239584,0.0,0.11815375089645386
3483,9.976271830964833e-05,0.006025893054902554,0.007528372388333082,0.02990400306880474,0.0,0.007476108614355326,0.0,0.11815746128559113
3484,0.00010760520381154492,0.006159180868417024,0.007513199839740992,0.030776359885931016,0.0,0.00738903135061264,0.0,0.11816363036632538
3485,9.660245705163106e-05,0.006399186793714762,0.007279395405203104,0.029021947458386422,0.0,0.007398727349936962,0.0,0.11817238479852676
3486,9.214170859195292e-05,0.006112062465399503,0.007771830819547176,0.02936338409781456,0.0,0.0074823275208473206,0.0,0.11816433817148209
3487,9.632930305087939e-05,0.006016355194151402,0.007728588115423918,0.028619050234556197,0.0,0.007610092870891094,0.0,0.11818455159664154
3488,9.655344620114192e-05,0.006159060541540385,0.007573327235877514,0.028309353068470954,0.0,0.007707539945840836,0.0,0.11822015047073364
3489,9.297729702666402e-05,0.005964682251214981,0.007882351893931628,0.028002952784299852,0.0,0.007797537837177515,0.0,0.11822938919067383
3490,0.00010004557407228276,0.0061604281887412075,0.007660275045782328,0.029047545790672303,0.0,0.007895681075751781,0.0,0.11824623495340347
3491,9.594510775059461e-05,0.005963167827576399,0.00760418102145195,0.028835518658161162,0.0,0.008024469017982483,0.0,0.1182602271437645
3492,9.214871242875233e-05,0.006074549630284309,0.008049278706312179,0.029869337007403372,0.0,0.008143208920955658,0.0,0.11826540529727936
3493,9.496338025201112e-05,0.0060309585183858875,0.00820140102878213,0.028993751853704453,0.0,0.008231093175709248,0.0,0.1182640939950943
3494,8.655931451357901e-05,0.006055985391139984,0.008101905696094036,0.02869875244796276,0.0,0.008260177448391914,0.0,0.11825965344905853
3495,0.00010418287274660543,0.006118767149746418,0.008458203449845315,0.028981231153011322,0.0,0.008238551206886768,0.0,0.11825265735387802
3496,9.231608419213444e-05,0.005832793097943068,0.00801940131932497,0.029133940115571022,0.0,0.00816645659506321,0.0,0.11825889348983765
3497,9.330044995294883e-05,0.006268724426627159,0.008126450516283513,0.028873726725578308,0.0,0.008067427203059196,0.0,0.11826171725988388
3498,9.418883855687455e-05,0.006326004583388567,0.007678811904042959,0.029150822758674623,0.0,0.00796938594430685,0.0,0.11827398836612701
3499,0.00010232863132841885,0.005926851369440556,0.007851018384099007,0.027737897261977194,0.0,0.007895161397755146,0.0,0.11827939748764038
3500,0.00010269658378092572,0.006074526626616716,0.008038449846208096,0.0291706383228302,0.0,0.007823782041668892,0.0,0.1182892695069313
3501,0.00010530238505452871,0.00631962651386857,0.007507475651800632,0.02958812490105629,0.0,0.007735946215689182,0.0,0.11829980462789536
3502,0.00010586573625914752,0.006408308073878289,0.007827868312597274,0.028738824650645256,0.0,0.00769042456522584,0.0,0.1182979941368103
3503,9.266732377000153e-05,0.006099834386259317,0.007757529802620411,0.028995183855295183,0.0,0.007701688911765814,0.0,0.1183052808046341
3504,9.591777488822117e-05,0.006108133029192686,0.007604437321424485,0.029083669558167456,0.0,0.007686892058700323,0.0,0.11833041906356812
3505,9.298007644247264e-05,0.006053059455007314,0.0076700406149029735,0.029233668744564057,0.0,0.007664191536605358,0.0,0.11835280805826187
3506,9.73217232967727e-05,0.006004521064460278,0.0074531232006847855,0.02877131476998329,0.0,0.007620718330144882,0.0,0.11836600303649902
3507,9.678147180238738e-05,0.006384556461125612,0.007416478637605905,0.030139034241437913,0.0,0.0075707524083554745,0.0,0.11836713552474976
3508,9.725172421894967e-05,0.0060913399793207645,0.00805441364645958,0.02877018302679062,0.0,0.007570205722004175,0.0,0.11836619675159454
3509,9.799079125514255e-05,0.0058779226616024974,0.007689825631678105,0.028562844172120093,0.0,0.0076154484413564205,0.0,0.11835092306137085
3510,0.00010365745110902935,0.006086133420467377,0.007547554560005665,0.026894787326455116,0.0,0.007641501724720001,0.0,0.1183197945356369
3511,9.316340001532807e-05,0.005956442840397358,0.006992361880838871,0.03057031109929085,0.0,0.007631090469658375,0.0,0.1182791218161583
3512,9.409361082362011e-05,0.006127050891518593,0.007559556979686022,0.02964170426130295,0.0,0.00760747492313385,0.0,0.11826367676258087
3513,9.764741553226486e-05,0.006257740780711174,0.0075368816964328286,0.029248430952429773,0.0,0.007653523236513138,0.0,0.11826751381158829
3514,0.00010407298395875841,0.006209251005202532,0.007965336181223392,0.02983318530023098,0.0,0.007749846670776606,0.0,0.11829463392496109
3515,9.760067041497678e-05,0.006083446741104126,0.008065187744796276,0.029620300605893136,0.0,0.007830031216144562,0.0,0.11834345757961273
3516,0.0001059726215316914,0.006180133298039436,0.007704678177833557,0.028525470569729806,0.0,0.00786137580871582,0.0,0.11840081214904785
3517,0.00010854756401386112,0.006329692993313074,0.007687175087630749,0.029953210055828093,0.0,0.007849863730370998,0.0,0.11843699216842651
3518,9.641337819630281e-05,0.006100789550691843,0.007852413970977069,0.02846325784921646,0.0,0.0078085013665258884,0.0,0.11845424026250839
3519,0.00010169211454922334,0.006090889591723681,0.007832422759383917,0.027868989482522012,0.0,0.007769882678985596,0.0,0.11846039444208145
3520,0.00010016305022872985,0.006253013201057911,0.008151220623403788,0.028989364951848985,0.0,0.007722592446953058,0.0,0.1184454932808876
3521,9.47865701164119e-05,0.006177311763167381,0.007526215724647045,0.028888575732707977,0.0,0.007659526076167822,0.0,0.11844024807214737
3522,9.480303706368431e-05,0.0058945388533174995,0.007919825613498688,0.02996286004781723,0.0,0.007598435040563345,0.0,0.11843767017126083
3523,9.826126479310915e-05,0.006214913446456194,0.007699822820723057,0.0295998465269804,0.0,0.007550159003585577,0.0,0.1184409111738205
3524,9.037158743012697e-05,0.006139582302421331,0.007757615484297276,0.028200249746441843,0.0,0.007497524376958609,0.0,0.1184297651052475
3525,8.629473304608837e-05,0.006168617587536574,0.007535434141755104,0.028839216008782385,0.0,0.007440783083438873,0.0,0.11841144412755966
3526,0.00010136479249922559,0.00599761800840497,0.007508298940956592,0.02703283652663231,0.0,0.0073845600709319115,0.0,0.1183895468711853
3527,0.00010752028174465522,0.006210080534219742,0.007595205679535866,0.031333263218402865,0.0,0.007330459542572498,0.0,0.11837340891361237
3528,9.931247623171658e-05,0.006234512943774462,0.007366423588246107,0.029743511974811555,0.0,0.007350886706262827,0.0,0.1183929443359375
3529,9.628310217522085e-05,0.006216916162520647,0.0078065902926027775,0.029858752340078353,0.0,0.007402010262012482,0.0,0.11841720342636108
3530,0.00010835756547749043,0.006013102643191814,0.007648007478564978,0.02915513999760151,0.0,0.007508625742048025,0.0,0.11842496693134308
3531,0.00010474178416188806,0.006120447535067797,0.007657978497445583,0.02753800116479397,0.0,0.007595983799546957,0.0,0.11843240261077881
3532,0.00010107753914780914,0.0060462580993771555,0.007778867054730654,0.027972498908638954,0.0,0.007628423161804676,0.0,0.11844255030155182
3533,0.00010095119796460494,0.006133670080453157,0.007665598206222058,0.027992557361721994,0.0,0.007598282303661108,0.0,0.11842705309391022
3534,0.0001015776870190166,0.006152752973139286,0.007889198698103428,0.0284838255494833,0.0,0.007557001896202564,0.0,0.11839477717876434
3535,0.0001053836676874198,0.006255102995783091,0.0075229831971228124,0.028301618248224258,0.0,0.007560753729194403,0.0,0.11836987733840942
3536,9.43954786635004e-05,0.006107388064265251,0.007827663328498602,0.028973501548171042,0.0,0.007539592683315277,0.0,0.11835350096225739
3537,9.400210110470653e-05,0.006089155375957489,0.007369774580001831,0.02995401918888092,0.0,0.007495959289371967,0.0,0.1183508038520813
3538,9.815780213102698e-05,0.006108718737959862,0.007359814271330834,0.029314903169870378,0.0,0.00747296679764986,0.0,0.11835326254367828
3539,0.00010472388530615717,0.006056966260075569,0.0072461641393601894,0.029133980721235277,0.0,0.007485298905521631,0.0,0.11834881454706192
3540,9.905089682433754e-05,0.006057030148804187,0.007378584984689951,0.028546270355582236,0.0,0.007545544300228357,0.0,0.1183546632528305
3541,9.443536109756678e-05,0.006247717421501875,0.007647090498358012,0.029259689897298814,0.0,0.007584831677377224,0.0,0.11836645752191544
3542,9.993365383706987e-05,0.0062227101065218445,0.0077814082615077496,0.028228563070297242,0.0,0.007605462335050106,0.0,0.118372343480587
3543,0.00010270482016494498,0.005927858967334032,0.007541981339454651,0.02900967337191105,0.0,0.007579425815492868,0.0,0.11836390197277069
3544,9.720649104565382e-05,0.006072800513356924,0.007475859392434359,0.02809322327375412,0.0,0.00751402135938406,0.0,0.11835388839244843
3545,8.998882403830067e-05,0.006210015155375004,0.007483864948153496,0.02884882688522339,0.0,0.007430636323988438,0.0,0.11835507303476334
3546,9.385282901348546e-05,0.006287603545933962,0.007945172861218453,0.028236399963498117,0.0,0.007347910199314356,0.0,0.11835707724094391
3547,9.9167313601356e-05,0.006046953704208135,0.00827566459774971,0.02916422225534916,0.0,0.0072793373838067055,0.0,0.11835966259241104
3548,9.408376208739356e-05,0.006105700228363276,0.007996170409023761,0.028610053658485412,0.0,0.00723203644156456,0.0,0.11834947764873505
3549,9.849085472524166e-05,0.00617566667497158,0.008436953835189342,0.030823168531060218,0.0,0.007181947585195303,0.0,0.11834318935871124
3550,9.711233724374324e-05,0.006189207173883915,0.007887070532888174,0.02860204428434372,0.0,0.00712220836430788,0.0,0.11834589391946793
3551,9.597955213394015e-05,0.006284729391336441,0.007728714309632778,0.029569146037101746,0.0,0.007077254354953766,0.0,0.11834554374217987
3552,0.00010008104873122647,0.006168014369904995,0.007681847177445888,0.029598789662122725,0.0,0.007047353778034449,0.0,0.11835908889770508
3553,8.752868161536753e-05,0.00635797418653965,0.00783158391714096,0.02916909269988537,0.0,0.007049787789583206,0.0,0.1183735579252243
3554,9.576135053066537e-05,0.006228063534945249,0.008440188877284528,0.02883821614086628,0.0,0.007100947201251984,0.0,0.11838509887456894
3555,9.97040857328102e-05,0.006164580769836903,0.008018488250672817,0.030357102677226067,0.0,0.00717988470569253,0.0,0.11837875843048096
3556,9.126129152718932e-05,0.0062015758827328685,0.0076726749539375305,0.02852439060807228,0.0,0.007259999867528677,0.0,0.11837736517190933
3557,9.734861523611472e-05,0.006141913216561079,0.007706347294151783,0.029222677648067474,0.0,0.007308951113373041,0.0,0.11837371438741684
3558,9.526058565825223e-05,0.00604444919154048,0.007502128928899765,0.028759167715907096,0.0,0.007294866256415844,0.0,0.11837892234325409
3559,8.967789181042462e-05,0.006289226096123457,0.008049483504146337,0.02841087691485882,0.0,0.007251080125570297,0.0,0.11838587373495102
3560,0.00010103527893079445,0.006036469526588917,0.007479667104780674,0.02814403474330902,0.0,0.0072887009009718895,0.0,0.11839333921670914
3561,9.384571458213032e-05,0.006001431215554476,0.007652895711362362,0.027660256996750832,0.0,0.007360031362622976,0.0,0.11839107424020767
3562,0.00010166059655603021,0.006090325582772493,0.007695853430777788,0.02943575382232666,0.0,0.007391892373561859,0.0,0.11836506426334381
3563,9.83390535111539e-05,0.006286166980862618,0.008016336243599653,0.029406552016735078,0.0,0.007405488286167383,0.0,0.11833901703357697
3564,9.900313743855804e-05,0.006094206403940916,0.007442567218095064,0.028832830488681793,0.0,0.007406963501125574,0.0,0.11833798885345459
3565,9.656561160227284e-05,0.006149361282587052,0.0074545170180499555,0.02838122993707657,0.0,0.007384397089481354,0.0,0.11834242194890976
3566,9.654511668486521e-05,0.006068920250982046,0.007288467139005661,0.029616791754961014,0.0,0.007375049404799938,0.0,0.11833776533603668
3567,0.00010870576661545784,0.005917733814567327,0.007303571421653032,0.029028575494885446,0.0,0.007374779786914587,0.0,0.11832638084888458
3568,0.00010428164532640948,0.0058460206724703315,0.0078042418695986274,0.028240973502397536,0.0,0.007361069321632385,0.0,0.1183457151055336
3569,9.829924092628062e-05,0.005985190626233816,0.007615887839347124,0.029805971309542656,0.0,0.007329522166401148,0.0,0.11837387084960938
3570,9.281490201829001e-05,0.0061601195484399796,0.00718229440972209,0.027990997955203056,0.0,0.007285700179636478,0.0,0.118380106985569
3571,0.00010281622380716726,0.005872147716581821,0.0073538035154342655,0.02872129753232002,0.0,0.0072687179781496525,0.0,0.1183779239654541
3572,9.58337914198637e-05,0.006213712505996227,0.007887004408985376,0.02885972857475281,0.0,0.007286138832569122,0.0,0.11837790906429291
3573,9.133610292337835e-05,0.006282348930835724,0.007436753995716572,0.02880302108824253,0.0,0.007362098898738623,0.0,0.11837716400623322
3574,9.534526034258307e-05,0.005967320874333382,0.007822593208402395,0.0286589615046978,0.0,0.007441156543791294,0.0,0.11837049573659897
3575,9.010117646539584e-05,0.00598301962018013,0.007445262745022774,0.02853873074054718,0.0,0.007497535552829504,0.0,0.11835624277591705
3576,9.769412863533944e-05,0.006180444825440645,0.008019307814538478,0.028730033338069914,0.0,0.007556742522865534,0.0,0.1183403953909874
3577,0.00010754999238997698,0.006038193684071302,0.007922611199319363,0.02848500944674015,0.0,0.007605525199323893,0.0,0.11834075301885605
3578,0.00010469076951267198,0.006463904026895761,0.008003454841673373,0.027602942287921907,0.0,0.007617159280925989,0.0,0.11835326254367828
3579,9.433844534214585e-05,0.006060657557100058,0.00797491418197751,0.029462058469653128,0.0,0.007569035980850458,0.0,0.11835901439189911
3580,0.00010193657799391076,0.0061509617604315284,0.007396112941205501,0.02993268668651581,0.0,0.007476132363080978,0.0,0.11835602670907974
3581,9.672204178059473e-05,0.006194811221212149,0.00767007851973176,0.029203999787569046,0.0,0.00737823685631156,0.0,0.11835181713104248
3582,9.219911153195426e-05,0.0063243255950510505,0.007586779445409775,0.030244428664445877,0.0,0.0073054879903793335,0.0,0.11835668236017227
3583,9.605964296497405e-05,0.006151849403977394,0.008243986964225769,0.029407904669642448,0.0,0.007245296146720648,0.0,0.11836445331573486
3584,9.187722025671974e-05,0.006282027252018452,0.007835948374122381,0.028649400174617767,0.0,0.007196349557489157,0.0,0.11836177110671997
3585,9.967161167878658e-05,0.006130671314895153,0.007895637489855289,0.028287778422236443,0.0,0.007148358039557934,0.0,0.11836253106594086
3586,9.767356241354718e-05,0.006060758233070373,0.007839055079966784,0.028982826322317124,0.0,0.007152770645916462,0.0,0.11835400015115738
3587,9.778177191037685e-05,0.006122363824397325,0.008058987557888031,0.02876056432723999,0.0,0.007228097412735224,0.0,0.11833667755126953
3588,9.29938818444498e-05,0.00616153022274375,0.0077215232886374,0.03032979816198349,0.0,0.007311932742595673,0.0,0.11833510547876358
3589,9.45921943639405e-05,0.005999918468296528,0.00751145277172327,0.028491530939936636,0.0,0.007444844581186771,0.0,0.11834198236465454
3590,9.326530271209776e-05,0.005809277668595314,0.007675319444388151,0.028061551973223686,0.0,0.007580524776130915,0.0,0.11833660304546356
3591,9.318028023699298e-05,0.0060651242733001706,0.007524454686790705,0.028956304118037225,0.0,0.007624748162925243,0.0,0.11831142753362656
3592,9.196267201332376e-05,0.0063357650302350525,0.007810201309621334,0.02974472977221012,0.0,0.007619486190378666,0.0,0.11829160153865814
3593,9.803733264561743e-05,0.006234452594071627,0.007223002333194018,0.029320351779460907,0.0,0.007612722925841808,0.0,0.11829087883234024
3594,0.00010295642132405192,0.006132922507822514,0.007347337063401937,0.030060307681560518,0.0,0.007573705166578293,0.0,0.11830592155456543
3595,9.42879225476645e-05,0.0062770812772214414,0.007263802271336317,0.029164860025048256,0.0,0.007514304015785456,0.0,0.11832009255886078
3596,9.874191164271906e-05,0.006248150672763586,0.007008697465062141,0.028908099234104156,0.0,0.007469999138265848,0.0,0.11832811683416367
3597,9.522506152279676e-05,0.00596756711602211,0.007085506245493889,0.029267889261245728,0.0,0.007422278635203838,0.0,0.11833596229553223
3598,9.77443254669197e-05,0.006095830164849758,0.007084319926798343,0.02766406014561653,0.0,0.0073767551220953465,0.0,0.11836167424917221
3599,9.220740030286833e-05,0.00598506610840559,0.007737950142472983,0.029798033088445662,0.0,0.0073678577318787575,0.0,0.11838327348232269
3600,9.744475974002854e-05,0.006332698278129101,0.007561851292848587,0.0292792659252882,0.0,0.007360708899796009,0.0,0.11838952451944351
3601,9.439360001124441e-05,0.006054237484931946,0.007671649102121592,0.028972277790307997,0.0,0.007450335659086704,0.0,0.11838163435459137
3602,9.571704722475261e-05,0.005903477128595114,0.007638762518763542,0.029331133887171745,0.0,0.007569172419607639,0.0,0.11836482584476471
3603,9.323008853243664e-05,0.0061731994152069095,0.007556182891130447,0.02775612995028496,0.0,0.007690852973610163,0.0,0.11834349483251572
3604,0.00010326274350518361,0.0061848234385251995,0.007654310110956431,0.028362585604190825,0.0,0.00782235711812973,0.0,0.11833325773477554
3605,9.839239937718958e-05,0.006266556866466999,0.007504549901932478,0.030416658520698546,0.0,0.007958869449794292,0.0,0.11833792924880981
3606,9.898975840769709e-05,0.006035665422677994,0.007361868303269148,0.027903293445706367,0.0,0.008052687160670757,0.0,0.1183367595076561
3607,9.465637267567218e-05,0.005862669367343187,0.007291432656347752,0.028345224633812904,0.0,0.008086596615612507,0.0,0.11832320690155029
3608,9.450577636016533e-05,0.006066018436104059,0.007760846056044102,0.028736596927046776,0.0,0.008045102469623089,0.0,0.11831071227788925
3609,9.664960380177945e-05,0.006052389740943909,0.007928532827645541,0.028544098511338233,0.0,0.008028648793697357,0.0,0.11831124126911163
3610,0.00010023349459515884,0.00621051974594593,0.007606399990618229,0.029629775509238242,0.0,0.008039731532335281,0.0,0.11830238997936249
3611,9.913119720295072e-05,0.006168736610561609,0.008052542060613632,0.0289253082126379,0.0,0.008010005578398705,0.0,0.11829198896884918
3612,9.739038796396926e-05,0.00611360389739275,0.007869420945644379,0.028790876269340515,0.0,0.007926608435809612,0.0,0.11828587204217911
3613,9.478083666181192e-05,0.006093050353229046,0.007769208680838346,0.029301222786307334,0.0,0.00780564546585083,0.0,0.11829341948032379
3614,9.447279735468328e-05,0.006133408471941948,0.0077348433434963225,0.029949115216732027,0.0,0.00769110769033432,0.0,0.11830906569957733
3615,9.785292932065203e-05,0.006198899634182453,0.007589271478354931,0.0291354488581419,0.0,0.007654823362827301,0.0,0.11832745373249054
3616,8.595896215410904e-05,0.006235252413898706,0.0073717073537409306,0.02946346364915371,0.0,0.007677367422729731,0.0,0.11833914369344711
3617,9.018694254336879e-05,0.006397331785410643,0.007257707603275776,0.03001156710088253,0.0,0.007717355154454708,0.0,0.1183447390794754
3618,8.944014261942357e-05,0.006077443901449442,0.007573280856013298,0.029501479491591452,0.0,0.0077140554785728455,0.0,0.11833920329809189
3619,9.981647017411887e-05,0.0060835198499262335,0.007431665621697903,0.02928692251443863,0.0,0.0076599628664553165,0.0,0.11834017932415009
3620,9.570766123943031e-05,0.006148925889283419,0.007252794411033392,0.030203839018940925,0.0,0.007574133574962616,0.0,0.11834555864334106
3621,9.987295925384387e-05,0.006237026397138834,0.0068618967197835445,0.030968641862273216,0.0,0.007494398392736912,0.0,0.1183355450630188
3622,8.977849502116442e-05,0.0061770926229655744,0.007683044951409102,0.029312312975525855,0.0,0.007450086530297995,0.0,0.11833278089761734
3623,9.516465215710923e-05,0.0062230597250163555,0.007975298073142767,0.029983527213335037,0.0,0.00741987070068717,0.0,0.11833798885345459
3624,8.904069545678794e-05,0.0059657864272594455,0.007256076391786337,0.027914585918188094,0.0,0.007386053446680307,0.0,0.11835024505853653
3625,9.159701294265687e-05,0.0060110648162662985,0.007294477522373199,0.02924075275659561,0.0,0.007352073676884174,0.0,0.11836979538202286
3626,9.089947125175967e-05,0.006261105462908745,0.007019819412380457,0.029406118765473367,0.0,0.007319944445043802,0.0,0.11840598285198212
3627,9.177693136734888e-05,0.006090822629630566,0.007567970082163811,0.029276399686932564,0.0,0.007302457001060247,0.0,0.1184302419424057
3628,0.00010084952227771283,0.006025549955666065,0.007925365399569274,0.02905932441353798,0.0,0.007293580565601587,0.0,0.11842779815196991
3629,8.869017619872466e-05,0.006070085428655147,0.007195429410785437,0.029471110552549362,0.0,0.007314150687307119,0.0,0.11842630803585052
3630,8.80696636158973e-05,0.00617198022082448,0.007855551037937402,0.02994561418890953,0.0,0.007390073500573635,0.0,0.11842896789312363
3631,9.795435616979375e-05,0.006022134236991406,0.007825256697833538,0.029394567012786865,0.0,0.007537253201007843,0.0,0.11845292896032333
3632,8.846651035128161e-05,0.006266240309923887,0.0074160036630928515,0.030047716572880745,0.0,0.007720808032900095,0.0,0.11846405267715454
3633,0.00010023303620982915,0.00599741954356432,0.007839884143322706,0.029410114884376524,0.0,0.00795488990843296,0.0,0.11848702281713486
3634,9.680880466476083e-05,0.006255615595728159,0.007191950269043445,0.029705962911248208,0.0,0.008137086406350136,0.0,0.11850909888744354
3635,9.039660944836214e-05,0.0062527691945433615,0.007082976866513491,0.03083515278995037,0.0,0.008225882425904274,0.0,0.11850138753652573
3636,0.00010341036977479234,0.006229747366160154,0.0072460356168448925,0.029852259531617166,0.0,0.008229493163526058,0.0,0.11851420253515244
3637,0.00010157524229725823,0.006180564407259226,0.006753025110810995,0.02874860130250454,0.0,0.008191785775125027,0.0,0.11851905286312103
3638,0.00010632218763930723,0.006205095164477825,0.0069981892593204975,0.02890784591436386,0.0,0.008104650303721428,0.0,0.11851000785827637
3639,9.752208861755208e-05,0.006118575017899275,0.007247994560748339,0.029274372011423112,0.0,0.007987746968865395,0.0,0.11848869174718857
3640,0.00010181382822338492,0.006134436372667551,0.006954931933432817,0.02879699431359768,0.0,0.00787590816617012,0.0,0.118461474776268
3641,9.699412621557712e-05,0.006074377242475748,0.007216624356806279,0.028102391958236696,0.0,0.007788576185703278,0.0,0.118444062769413
3642,9.542119078105315e-05,0.006135239638388157,0.0070774563588202,0.0296749547123909,0.0,0.007719065994024277,0.0,0.11843012273311615
3643,0.0001009048632113263,0.006130981165915728,0.007083257380872965,0.02998604252934456,0.0,0.007636597845703363,0.0,0.11843197047710419
3644,0.00010985495755448938,0.0058927956968545915,0.007101945020258427,0.030017860978841782,0.0,0.007553982548415661,0.0,0.11844321340322495
3645,0.0001052483159583062,0.0061309653334319595,0.007124520372599363,0.029702724888920784,0.0,0.007471900433301926,0.0,0.11843112856149673
3646,9.787990420591086e-05,0.006263404060155154,0.0073069315403699875,0.028113069012761116,0.0,0.007398749701678753,0.0,0.11841025203466415
3647,9.042053861776366e-05,0.006177813839167356,0.007498812861740589,0.02895498350262642,0.0,0.007339997682720423,0.0,0.11838618665933609
3648,9.554296702845022e-05,0.006405350845307111,0.007315377425402403,0.028485362231731415,0.0,0.007334006484597921,0.0,0.11836142838001251
3649,0.00010015832958742976,0.00628929790109396,0.007297057844698429,0.029545044526457787,0.0,0.007379856891930103,0.0,0.11834684759378433
3650,0.0001004970195936039,0.006089409999549389,0.00727435052394867,0.02933754287660122,0.0,0.007400007452815771,0.0,0.1183386817574501
3651,9.414031665073707e-05,0.0061446486972272394,0.007627123594284057,0.03013964742422104,0.0,0.007397113833576441,0.0,0.11834968626499176
3652,9.954829438356683e-05,0.006095238029956818,0.007245305180549622,0.02905855476856232,0.0,0.007381808944046497,0.0,0.11836006492376328
3653,9.927167411660776e-05,0.006019720900803804,0.007019295450299978,0.02943343184888363,0.0,0.007369598839432001,0.0,0.11836428940296173
3654,8.926836744649336e-05,0.006173818092793226,0.007191817741841078,0.029655064269900323,0.0,0.007353200111538172,0.0,0.11837176978588104
3655,9.6266066248063e-05,0.006145498808473348,0.006987467780709267,0.027776870876550674,0.0,0.007355740759521723,0.0,0.11837849766016006
3656,9.058351424755529e-05,0.0061359874904155735,0.007272256165742874,0.02796657122671604,0.0,0.007363279815763235,0.0,0.11837011575698853
3657,0.00011080700060119852,0.006119180005043745,0.007060353551059962,0.030043333396315576,0.0,0.007377437315881252,0.0,0.11835479736328125
3658,9.918339346768335e-05,0.00612851120531559,0.007386913523077965,0.028659862652420997,0.0,0.007433982100337744,0.0,0.11834733188152313
3659,9.561474580550566e-05,0.006131175067275762,0.007119341846555471,0.02905382849276066,0.0,0.007489739917218685,0.0,0.11833758652210236
3660,0.00010418952442705631,0.006315115746110678,0.0073124304413795475,0.028860466182231904,0.0,0.007512898650020361,0.0,0.11832964420318604
3661,9.149013203568757e-05,0.00613100416958332,0.007516596373170615,0.028880403190851212,0.0,0.007559645920991898,0.0,0.11832092702388763
3662,9.56804127781652e-05,0.006057644914835692,0.007295042928308249,0.02919861152768135,0.0,0.007591967470943928,0.0,0.11832088232040405
3663,9.66727631748654e-05,0.006235085334628821,0.008089682646095752,0.028532244637608527,0.0,0.007626953534781933,0.0,0.11831405013799667
3664,0.00010023825016105547,0.0062134207226336,0.007260480895638466,0.02828868068754673,0.0,0.007713249418884516,0.0,0.11831915378570557
3665,9.454468527110293e-05,0.006217588949948549,0.007734647858887911,0.028486816585063933,0.0,0.007805834524333477,0.0,0.11832328140735626
3666,0.00010177838703384623,0.0062277384102344515,0.007808964420109987,0.029224876314401627,0.0,0.007861868478357792,0.0,0.11832259595394135
3667,9.18775622267276e-05,0.005967613682150841,0.007982144504785538,0.0285025455057621,0.0,0.007892061956226826,0.0,0.11834554374217987
3668,0.00010290087520843371,0.00587943410500884,0.007574978936463595,0.027861177548766138,0.0,0.007926548831164837,0.0,0.1183675080537796
3669,0.00010065854294225574,0.005980303511023521,0.007764330692589283,0.028079355508089064,0.0,0.007927656173706055,0.0,0.11837039142847061
3670,9.375006920890883e-05,0.006001440435647964,0.007361356448382139,0.02835937514901161,0.0,0.007873405702412128,0.0,0.11837216466665268
3671,9.423231676919386e-05,0.006072522420436144,0.007701271958649158,0.029052315279841423,0.0,0.00778424134477973,0.0,0.1183800920844078
3672,9.229872230207548e-05,0.006101776380091906,0.007512311730533838,0.028049737587571143,0.0,0.0076924837194383144,0.0,0.11837372928857803
3673,0.00010535530163906515,0.00624789921566844,0.007552488055080175,0.027944916114211082,0.0,0.007598652504384518,0.0,0.118357814848423
3674,0.00010100005601998419,0.006315233279019594,0.007250547595322132,0.028655970096588136,0.0,0.007503134198486805,0.0,0.1183641105890274
3675,8.879799715941772e-05,0.006142309959977865,0.007723328936845064,0.03136641308665276,0.0,0.007456549908965826,0.0,0.11838211864233017
3676,9.651658328948542e-05,0.006000035535544157,0.007070996053516865,0.029222296178340913,0.0,0.00743947783485055,0.0,0.11839766800403595
3677,9.93727138848044e-05,0.006047870311886072,0.007491757906973362,0.027532212808728217,0.0,0.007426613476127386,0.0,0.11841319501399994
3678,9.231042058672756e-05,0.006218351889401674,0.007745781261473894,0.028223275393247604,0.0,0.007426908705383539,0.0,0.11842633783817291
3679,9.810107731027529e-05,0.0061890438199043276,0.007260779663920402,0.02838873043656349,0.0,0.007425234653055668,0.0,0.11842729896306992
3680,0.00010333429672755301,0.00594330420717597,0.008273606561124325,0.02904195860028267,0.0,0.007426775060594082,0.0,0.11842487752437592
3681,8.503474527969957e-05,0.006007703673094511,0.00871010757982731,0.0299173753708601,0.0,0.007444612681865692,0.0,0.11841633170843124
3682,9.674117172835395e-05,0.006159194279462099,0.007813556678593158,0.028335690125823022,0.0,0.0074897147715091705,0.0,0.11840824037790298
3683,9.61636149440892e-05,0.006250933557748794,0.00793272266164422,0.028790649399161337,0.0,0.007534641772508621,0.0,0.11840973794460297
3684,0.00010312898812117055,0.006127491407096386,0.008087202161550521,0.028348593041300774,0.0,0.007577183656394482,0.0,0.1184198409318924
3685,9.910977241816e-05,0.005985497497022152,0.007921975664794445,0.029183490946888924,0.0,0.007595092989504337,0.0,0.11842050403356552
3686,9.776344668352977e-05,0.006233330722898245,0.008246827032417059,0.02915505990386009,0.0,0.007570568472146988,0.0,0.11841492354869843
3687,9.478567953919992e-05,0.006225447356700897,0.007968703657388687,0.029072822257876395,0.0,0.007511429488658905,0.0,0.11840398609638214
3688,0.00010197113588219508,0.005982590559870005,0.007844871561974286,0.027400970831513403,0.0,0.007452907972037792,0.0,0.11838613450527191
3689,0.00010033060243586078,0.005955054238438606,0.008059796132147311,0.03027838058769703,0.0,0.007383663207292557,0.0,0.11837966740131378
3690,9.448874043300748e-05,0.006042634975165129,0.008752031810581684,0.029683898016810418,0.0,0.007335635833442211,0.0,0.11838342994451523
3691,0.00010120948136318474,0.006331044342368841,0.00864215288311243,0.02944883145391941,0.0,0.007323987782001495,0.0,0.11840671300888062
3692,9.916151611832902e-05,0.006234781164675951,0.008347891736775637,0.029157503694295882,0.0,0.0073342034593224525,0.0,0.11842016875743866
3693,8.989750640466809e-05,0.005966761242598295,0.008002039417624474,0.030186206474900244,0.0,0.007369306869804859,0.0,0.11844591796398163
3694,9.556108998367562e-05,0.0061543012969195844,0.008090703655034304,0.028958645462989808,0.0,0.007376340217888355,0.0,0.11844775825738907
3695,0.000108505786920432,0.006019710376858711,0.008070121426135302,0.029145839810371398,0.0,0.007377983536571264,0.0,0.1184421181678772
3696,9.931485546985642e-05,0.006135868281126023,0.008012978360056877,0.030300281569361688,0.0,0.007383164018392563,0.0,0.11845891177654266
3697,8.963497675722465e-05,0.00599093185737729,0.008539673127233981,0.031175146251916884,0.0,0.007388265337795019,0.0,0.11848467588424683
3698,9.874419629340991e-05,0.006161388009786606,0.007950581517070532,0.028768322244286538,0.0,0.007427512668073177,0.0,0.1185295432806015
3699,9.790181065909565e-05,0.006058674957603216,0.008372619468718766,0.02836083061993122,0.0,0.007542481180280447,0.0,0.11856815963983536
3700,9.251923183910549e-05,0.00615905337035656,0.00783341033384204,0.028032635524868964,0.0,0.007631081156432629,0.0,0.11856923997402191
3701,9.359867544844747e-05,0.005961718130856752,0.008689402602612972,0.029391275718808174,0.0,0.0076604438945651054,0.0,0.11855671554803848
3702,9.505804482614621e-05,0.006012163124978542,0.008266901038587094,0.028658564016222954,0.0,0.007624770514667034,0.0,0.11855951696634293
3703,8.983974548755213e-05,0.005937938112765551,0.007833554595708846,0.027990037575364113,0.0,0.007562977261841297,0.0,0.11857376247644424
3704,9.880865691229701e-05,0.006083335820585489,0.007825367990881205,0.029842837154865264,0.0,0.0075060585513710976,0.0,0.11858154833316803
3705,0.00010284716845490038,0.006118268053978681,0.007785984873771667,0.02974032238125801,0.0,0.007499554194509983,0.0,0.11859482526779175
3706,0.0001019498726236634,0.006145751569420099,0.008244211599230767,0.02923438586294651,0.0,0.007495141122490168,0.0,0.11860885471105576
3707,9.7704041399993e-05,0.006149934697896242,0.008507651183754206,0.029021761566400527,0.0,0.0074685909785330296,0.0,0.11860688775777817
3708,9.160874469671398e-05,0.006154211331158876,0.008662592433393002,0.029042791947722434,0.0,0.007436349987983704,0.0,0.11860097944736481
3709,9.859639685600996e-05,0.005991046316921711,0.008399550244212151,0.028362460806965827,0.0,0.007442662958055735,0.0,0.11858906596899033
3710,9.981944313040004e-05,0.006180539913475514,0.008735860791057348,0.028883539512753485,0.0,0.007499580271542072,0.0,0.11859246343374252
3711,9.679813665570691e-05,0.006162586715072393,0.008939933963119984,0.030794261395931243,0.0,0.007556176278740168,0.0,0.11859796941280365
3712,9.79258053121157e-05,0.005897670891135931,0.0081696935929358,0.02978164590895176,0.0,0.0075883702374994755,0.0,0.11859042942523956
3713,9.806029847823084e-05,0.006018517352640629,0.008095001988112926,0.02897155433893204,0.0,0.007562216371297836,0.0,0.1185871958732605
3714,9.976054279832169e-05,0.00616979468613863,0.008384488429874182,0.02915218994021416,0.0,0.007494933903217316,0.0,0.11858812719583511
3715,9.793664212338626e-05,0.006356852781027556,0.007981092296540737,0.02797180451452732,0.0,0.007420957088470459,0.0,0.11858413368463516
3716,0.00010300855501554906,0.006149037927389145,0.007994360476732253,0.02903834283351898,0.0,0.00734749436378479,0.0,0.11857978254556656
3717,9.817593381740153e-05,0.006151391658931971,0.008065673243254422,0.030017278715968133,0.0,0.007310061249881983,0.0,0.11857371032238007
3718,0.0001084465708117932,0.006125200726091862,0.00826227804645896,0.02737070471048355,0.0,0.007291992660611868,0.0,0.11857422441244125
3719,9.747193107614293e-05,0.006111178360879421,0.008176028355956077,0.028887303546071053,0.0,0.007253685034811497,0.0,0.11856597661972046
3720,9.912421373883262e-05,0.006114118453115225,0.007958521135151386,0.02829858474433422,0.0,0.007245398126542568,0.0,0.118560791015625
3721,0.00010207688610535115,0.006008311454206705,0.007907648477703333,0.028414761647582054,0.0,0.007307794876396656,0.0,0.11855243146419525
3722,9.228680573869497e-05,0.006004761718213558,0.00790009628981352,0.029096478968858717,0.0,0.007381312549114227,0.0,0.11855391412973404
3723,0.0001019007817376405,0.006163132470101118,0.008045650087296963,0.028948122635483742,0.0,0.00751597061753273,0.0,0.1185699924826622
3724,8.753680449444801e-05,0.006144177168607712,0.007996336929500103,0.030394211411476135,0.0,0.007697013206779957,0.0,0.11858522891998291
3725,9.016449621412903e-05,0.006171859987080097,0.0078108679503202435,0.02960372678935528,0.0,0.007816452533006668,0.0,0.11857352405786514
3726,9.168812248390168e-05,0.006162046454846859,0.008207536861300468,0.02933221012353897,0.0,0.007876100018620491,0.0,0.11855743825435638
3727,9.681031660875305e-05,0.00608296450227499,0.008055369928479194,0.027989264577627182,0.0,0.007873771712183952,0.0,0.11854855716228485
3728,9.5094257267192e-05,0.005995046906173229,0.008502028696238995,0.027416299656033517,0.0,0.007838038727641106,0.0,0.11853816360235214
3729,9.868687484413386e-05,0.006343063898384571,0.0081033730879426,0.028175317496061326,0.0,0.0077897245064377785,0.0,0.11850883066654205
3730,9.117707813857123e-05,0.006017052568495274,0.007861580327153206,0.02944042831659317,0.0,0.007801902946084738,0.0,0.11848535388708115
3731,0.0001025856749038212,0.00589687405154109,0.0077848279848694805,0.029328500106930732,0.0,0.007838588207960129,0.0,0.11847621202468872
3732,9.791726188268512e-05,0.006135405320674181,0.008340673334896565,0.02856127768754959,0.0,0.00782007910311222,0.0,0.11847715079784393
3733,9.52527581830509e-05,0.006179902423173189,0.008033586852252483,0.030717067793011664,0.0,0.007760937325656414,0.0,0.11849149316549301
3734,0.00010499031050130725,0.0062293424271047115,0.008051591459661722,0.029699863120913505,0.0,0.0076804859563708305,0.0,0.1185116171836853
3735,9.391424828208983e-05,0.005946071539074183,0.007295362185686827,0.027584084123373032,0.0,0.007640372030436993,0.0,0.11853998899459839
3736,8.920122490962967e-05,0.006150141078978777,0.007354933302849531,0.028487835824489594,0.0,0.007647839840501547,0.0,0.11856112629175186
3737,9.337201627204194e-05,0.006112379394471646,0.00790887800976634,0.030389737337827682,0.0,0.007792961783707142,0.0,0.11856020987033844
3738,9.579828329151497e-05,0.006021525710821152,0.00860087163746357,0.028338705003261567,0.0,0.007980684749782085,0.0,0.11854050308465958
3739,9.740675450302661e-05,0.006262844614684582,0.008071264531463385,0.028227195516228674,0.0,0.008100445382297039,0.0,0.1185140460729599
3740,0.00010391813993919641,0.0061129963956773285,0.007777619361877442,0.02947453297674656,0.0,0.008129188790917397,0.0,0.118494413793087
3741,9.866656182566658e-05,0.006097876932471991,0.007419649139046669,0.02923280969262123,0.0,0.008081363514065742,0.0,0.11846764385700226
3742,9.168846736429259e-05,0.005899490136653185,0.007356352545320988,0.028087395057082177,0.0,0.007982554845511913,0.0,0.11843888461589813
3743,9.070738597074523e-05,0.006220985949039459,0.008222884964197874,0.02778777852654457,0.0,0.007853412069380283,0.0,0.11843647807836533
3744,9.865376923698932e-05,0.005997584573924542,0.007759779971092939,0.028241495415568352,0.0,0.007718744687736034,0.0,0.11843402683734894
3745,9.507622889941559e-05,0.006075110565871,0.008595324493944645,0.030194182693958283,0.0,0.007608036510646343,0.0,0.11842423677444458
3746,8.996805263450369e-05,0.0061783078126609325,0.00812916485592723,0.028667490929365158,0.0,0.007653581444174051,0.0,0.118425652384758
3747,8.983578300103545e-05,0.00612918334081769,0.008083139825612307,0.028951456770300865,0.0,0.00775546720251441,0.0,0.11843345314264297
3748,9.48603978031315e-05,0.0060823200270533565,0.008642474748194217,0.029001886770129204,0.0,0.0078054494224488735,0.0,0.11845843493938446
3749,0.00010034412698587403,0.0062403234653174875,0.0086514787748456,0.029115402325987815,0.0,0.007810288108885288,0.0,0.11849205195903778
3750,9.901512530632317e-05,0.00612300643697381,0.008112810365855695,0.02768983952701092,0.0,0.007765234913676977,0.0,0.1185062974691391
3751,9.498594736214727e-05,0.006243710219860077,0.007999547384679317,0.028251181542873382,0.0,0.007683789823204279,0.0,0.11849644035100937
3752,9.478406427660957e-05,0.006254526227712632,0.007579871546477079,0.027664223313331605,0.0,0.007596340961754322,0.0,0.1184823140501976
3753,9.714873740449548e-05,0.006069858931005001,0.007704314775764942,0.030098839104175566,0.0,0.007568567991256714,0.0,0.1184786930680275
3754,9.516450954833999e-05,0.006204684637486935,0.007797348871827125,0.030264198407530786,0.0,0.007573163602501154,0.0,0.11848296225070953
3755,8.662380714667961e-05,0.00593410674482584,0.008097000792622567,0.029681219905614852,0.0,0.007556802127510309,0.0,0.11850012838840485
3756,0.00010479948832653463,0.0061866894364357,0.007861155923455954,0.028814302757382393,0.0,0.007527458481490612,0.0,0.11850257962942123
3757,9.983224736060947e-05,0.0062170266173779964,0.007300391234457493,0.02841261327266693,0.0,0.007480385713279247,0.0,0.1184951514005661
3758,0.00010071544093079866,0.006044928822666407,0.008227362111210824,0.028846899420022963,0.0,0.007421526126563549,0.0,0.11849649995565414
3759,0.00011111139319837093,0.0059153538197278975,0.008312901388853789,0.02990845441818237,0.0,0.007360324263572693,0.0,0.11850497871637344
3760,9.20183170819655e-05,0.006206395663321018,0.007939677126705647,0.028716103360056876,0.0,0.007296825759112835,0.0,0.11851666867733002
3761,0.00010035733139375224,0.0061284715309739115,0.007737270649522543,0.0291176475584507,0.0,0.007247828878462315,0.0,0.11853700876235962
3762,0.00010109822324011475,0.006134740076959133,0.007792729418724775,0.02825537882745266,0.0,0.0072175925597548485,0.0,0.11853820085525513
3763,9.560566686559469e-05,0.006060715671628714,0.007684428151696921,0.02833193801343441,0.0,0.007189200725406408,0.0,0.11853625625371933
3764,9.989162354031577e-05,0.0059047541581094265,0.007681840937584639,0.0295907199382782,0.0,0.007152489386498928,0.0,0.11855204403400421
3765,0.00010563446703599766,0.006241398770362139,0.007614206429570914,0.02958771921694279,0.0,0.007114493753761053,0.0,0.11856305599212646
3766,9.579182660672814e-05,0.006145784072577954,0.007956462260335685,0.02864890843629837,0.0,0.0070863887667655945,0.0,0.11856266111135483
3767,9.739588276715949e-05,0.005927846767008305,0.007969526946544648,0.02858612984418869,0.0,0.007090668193995953,0.0,0.11855997890233994
3768,0.00010083945089718327,0.005984255112707615,0.007413271814584732,0.030329728871583937,0.0,0.00711125647649169,0.0,0.11856299638748169
3769,9.872172813629732e-05,0.005984828341752291,0.008070060238242149,0.029456592351198196,0.0,0.007120534777641296,0.0,0.1185654029250145
3770,9.848586050793528e-05,0.006215632613748312,0.008322014659643173,0.02822671942412853,0.0,0.007119017653167248,0.0,0.1185729056596756
3771,0.0001036191446473822,0.006115169357508421,0.008101982809603215,0.029632264375686647,0.0,0.007092183921486139,0.0,0.11858876794576645
3772,9.401704737683758e-05,0.006109527032822371,0.007578629627823829,0.02930822893977165,0.0,0.007070058491080999,0.0,0.11861888319253922
3773,9.981415641959756e-05,0.006024536117911339,0.0074190739542245865,0.028718474507331847,0.0,0.007060232572257519,0.0,0.11862392723560333
3774,9.842365980148316e-05,0.006065845489501953,0.007167531829327345,0.02917495034635067,0.0,0.0070938230492174625,0.0,0.11862397193908691
3775,9.904679172905162e-05,0.006043919455260038,0.008119820151478052,0.027107904106378554,0.0,0.007176404353231192,0.0,0.1186276450753212
3776,9.659486677264795e-05,0.0061589406803250315,0.007505948282778263,0.02927158661186695,0.0,0.007240823470056057,0.0,0.11862602084875107
3777,9.609477710910141e-05,0.0063252165913581845,0.007705176621675492,0.028751994669437408,0.0,0.007276818156242371,0.0,0.11863967031240463
3778,9.348907769890502e-05,0.006044876109808683,0.00756025779992342,0.029810761287808418,0.0,0.007319618947803974,0.0,0.11864738166332245
3779,0.00010402756306575612,0.006079658586531878,0.00821808036416769,0.029228567704558374,0.0,0.007344708777964115,0.0,0.11863883584737778
3780,0.00010214730427833274,0.006036400515586138,0.0085780237801373,0.03175793364644051,0.0,0.007336974143981934,0.0,0.118636354804039
3781,9.261606901418417e-05,0.006332060229033232,0.008635739795863628,0.029405275732278822,0.0,0.0073289633728563786,0.0,0.11865154653787613
3782,0.00010119165090145543,0.006082064658403397,0.0086662950925529,0.027860356494784355,0.0,0.0074130212888121605,0.0,0.11867455393075943
3783,9.82908546575345e-05,0.006148839462548494,0.008486086782068015,0.028452612459659576,0.0,0.007503206841647625,0.0,0.11867644637823105
3784,9.810417977860198e-05,0.006370364595204592,0.008346729166805743,0.028078852966427804,0.0,0.007536883465945721,0.0,0.1186705082654953
3785,9.70162422163412e-05,0.006216117925941944,0.007909999787807464,0.029467309638857842,0.0,0.00757082924246788,0.0,0.11866388469934464
3786,9.587079985067249e-05,0.006294418219476938,0.007798085734248161,0.027887825667858124,0.0,0.007667297963052988,0.0,0.11865697801113129
3787,0.00010076684266095981,0.006191226746886968,0.008039687946438789,0.028744117915630342,0.0,0.007712197490036488,0.0,0.11864693462848663
3788,9.717660868773237e-05,0.006124752014875412,0.007630158774554729,0.029504000395536422,0.0,0.007686195429414511,0.0,0.11865146458148956
3789,8.895164646673947e-05,0.006171593628823757,0.007931611966341734,0.029515454173088075,0.0,0.0076253293082118034,0.0,0.11865343898534775
3790,9.666241239756346e-05,0.006233144178986549,0.008224343601614236,0.028403640910983085,0.0,0.007557179778814316,0.0,0.11865589767694473
3791,9.669265564298258e-05,0.006127513945102692,0.007450866419821978,0.028391722589731216,0.0,0.007525060325860977,0.0,0.11864552646875381
3792,9.436630352865905e-05,0.006102460715919733,0.008308564219623804,0.030266492068767546,0.0,0.0075233327224850655,0.0,0.11862814426422119
3793,9.085532510653139e-05,0.0058784039691090586,0.00839593205600977,0.029004717618227004,0.0,0.00752056110650301,0.0,0.11861779540777206
3794,9.778171079233289e-05,0.0063490702770650385,0.008679518662393092,0.03144764974713325,0.0,0.007497779093682766,0.0,0.11862059682607651
3795,9.798076061997562e-05,0.006109481491148472,0.0080271084792912,0.029152734205126762,0.0,0.007446902338415384,0.0,0.1186286062002182
3796,0.00010267855832353234,0.005990923289209605,0.007646510004997253,0.028469566255807877,0.0,0.00737647945061326,0.0,0.11863602697849274
3797,9.991754195652902e-05,0.006301672011613846,0.007556777913123369,0.028930357843637466,0.0,0.007316429167985916,0.0,0.11863622814416885
3798,9.967874939320609e-05,0.006053442228585481,0.007471607625484466,0.02787974774837494,0.0,0.007320800330489874,0.0,0.11863461881875992
3799,9.959023300325498e-05,0.006176605075597763,0.007950423471629619,0.027906294167041778,0.0,0.007359078619629145,0.0,0.11863382905721664
3800,9.542617481201887e-05,0.006082308571785688,0.007693860959261656,0.031032059341669083,0.0,0.0073807090520858765,0.0,0.11862927675247192
3801,9.164396615233273e-05,0.0061896808445453646,0.008210610039532185,0.02958901822566986,0.0,0.007369691040366888,0.0,0.11862869560718536
3802,9.622756479075179e-05,0.006249216850847006,0.007879991363734008,0.0298296257853508,0.0,0.007332215551286936,0.0,0.11861389875411987
3803,9.843448497122153e-05,0.0063925634138286115,0.0075993196107447146,0.029307564720511436,0.0,0.00728637957945466,0.0,0.11860537528991699
3804,9.172298014163971e-05,0.006059204507619142,0.00810070326551795,0.028832048922777177,0.0,0.007253221236169338,0.0,0.11859526485204697
3805,9.671873995102942e-05,0.0058817175216972824,0.008378432411700488,0.028679624572396277,0.0,0.007250108756124973,0.0,0.11858905851840973
3806,0.00010276391694787889,0.006115857418626547,0.008101524878293275,0.029538948461413382,0.0,0.0072431801818311214,0.0,0.11858149617910385
3807,9.583238861523568e-05,0.006326146051287651,0.008269983436912298,0.029781531915068625,0.0,0.0072218081913888454,0.0,0.11858256906270981
3808,9.561323531670496e-05,0.0061355002224445345,0.007545329350978136,0.03014361672103405,0.0,0.007206155452877283,0.0,0.11857257038354874
3809,9.655742614995688e-05,0.00600327979773283,0.007915274240076542,0.02904890328645706,0.0,0.0071939146146178246,0.0,0.11856330931186676
3810,0.0001050437829690054,0.006076331809163093,0.007839444931596518,0.028953080996870995,0.0,0.0072031752206385136,0.0,0.11856170743703842
3811,0.00010557978675933555,0.006017849501222372,0.007701020874083042,0.02943548299372196,0.0,0.007214163430035114,0.0,0.11856945604085922
3812,0.00010050315613625571,0.006107140891253948,0.007560431770980358,0.02816791981458664,0.0,0.0072027938440442085,0.0,0.11857332289218903
3813,0.00010469904373167083,0.006181767210364342,0.007767633348703384,0.02925567626953125,0.0,0.007228137459605932,0.0,0.11856700479984283
3814,0.00010889011609833687,0.0060639682225883005,0.007831995002925396,0.029174916818737982,0.0,0.007298952434211969,0.0,0.11854861676692963
3815,9.885941399261356e-05,0.006161767058074474,0.007726056221872568,0.02802642248570919,0.0,0.00735098123550415,0.0,0.11854588985443115
3816,9.906258346745745e-05,0.006086899992078542,0.007739601098001004,0.028942909836769105,0.0,0.007334627211093903,0.0,0.11852990090847015
3817,0.00010125684639206156,0.006208065059036016,0.008230685070157052,0.029444777593016624,0.0,0.007282345090061426,0.0,0.11850235611200333
3818,9.993172861868515e-05,0.006098107248544693,0.008322813175618648,0.02854691706597805,0.0,0.007228379137814045,0.0,0.11847628653049469
3819,9.668035636423156e-05,0.006075080018490553,0.007699391897767782,0.028590143844485282,0.0,0.007188563235104084,0.0,0.11845143884420395
3820,9.257814090233297e-05,0.006262628082185984,0.008001666329801083,0.028995558992028235,0.0,0.007205493748188019,0.0,0.1184409037232399
3821,9.373571811011061e-05,0.0061140465550124645,0.008360048476606607,0.02937648929655552,0.0,0.007269531488418579,0.0,0.11842291057109833
3822,9.033665119204671e-05,0.006250963546335697,0.007826408836990595,0.027761057764291764,0.0,0.0072964392602443695,0.0,0.11841787397861481
3823,0.00010246233432553709,0.006434053275734186,0.007642924040555954,0.027643033489584922,0.0,0.007331714034080505,0.0,0.1184210404753685
3824,0.00010172802722081542,0.00625186013057828,0.008026464190334082,0.02841707654297352,0.0,0.007392594125121832,0.0,0.11842834949493408
3825,9.84384911134839e-05,0.006173761188983917,0.00828122328966856,0.02848287709057331,0.0,0.007423033472150564,0.0,0.11841795593500137
3826,9.429144847672433e-05,0.006056970823556185,0.0076927818357944485,0.029797187820076943,0.0,0.007424849085509777,0.0,0.11841510236263275
3827,9.695920161902904e-05,0.006052732467651367,0.008485822193324565,0.030113307014107703,0.0,0.0074272723868489265,0.0,0.11840762943029404
3828,9.603828948456794e-05,0.006192419026046991,0.008247658610343933,0.02953577898442745,0.0,0.007403943687677383,0.0,0.11841049045324326
3829,9.445334871998057e-05,0.0061107826419174675,0.007752784807235002,0.027894825488328934,0.0,0.007358870469033718,0.0,0.11842336505651474
3830,8.93041244125925e-05,0.006127286981791258,0.007820279151201249,0.027284211292862893,0.0,0.007304270751774311,0.0,0.11842342466115952
3831,8.826857520034536e-05,0.006126084644347429,0.00781764993444085,0.028137290105223655,0.0,0.007273550145328045,0.0,0.11841857433319092
3832,9.971596446121112e-05,0.006222516857087612,0.007659019250422716,0.028662523627281188,0.0,0.007280799560248852,0.0,0.11840196698904037
3833,0.00010000968613894656,0.006021060608327388,0.007696120627224445,0.027868231758475304,0.0,0.007273382041603327,0.0,0.11838266998529434
3834,9.32017996092327e-05,0.0061619337648153305,0.007539104390889406,0.028040998429059983,0.0,0.007252542767673731,0.0,0.118382528424263
3835,9.013941453304142e-05,0.006167415250092745,0.008080041129142046,0.0284445621073246,0.0,0.007279572542756796,0.0,0.1183714047074318
3836,8.879064407665282e-05,0.006229768600314855,0.007514195516705513,0.02831290364265442,0.0,0.007334528956562281,0.0,0.1183626800775528
3837,8.841874805511906e-05,0.0060729262419044975,0.0076150277629494665,0.02788768969476223,0.0,0.0073943957686424255,0.0,0.11835725605487823
3838,9.068424988072366e-05,0.006085403077304363,0.008027499914169312,0.03013528250157833,0.0,0.007516644895076752,0.0,0.1183668002486229
3839,9.256024786736816e-05,0.006251493934541941,0.008357219398021698,0.029833760857582093,0.0,0.007593387272208929,0.0,0.11838724464178085
3840,9.114543499890714e-05,0.005935224704444408,0.007488906942307949,0.030132875218987464,0.0,0.007587064988911152,0.0,0.11841032654047012
3841,0.00010190156899625435,0.005914903897792101,0.007717357575893402,0.02776244729757309,0.0,0.007531407289206982,0.0,0.11842773854732513
3842,9.981969342334195e-05,0.006165057420730591,0.00787001522257924,0.029647523164749147,0.0,0.007454903330653906,0.0,0.11843399703502655
3843,9.710772283142433e-05,0.006169701181352139,0.00787553433328867,0.02917500287294388,0.0,0.0073984949849545956,0.0,0.11844481527805328
3844,9.745147690409794e-05,0.006310289166867733,0.008108183462172746,0.0282967209815979,0.0,0.0073773800395429134,0.0,0.1184745579957962
3845,0.00010254966182401403,0.006137729436159134,0.007673751376569271,0.027877967432141305,0.0,0.007387859281152487,0.0,0.1185152679681778
3846,0.00010755015682661906,0.006051521375775337,0.007949097268283366,0.02809286378324032,0.0,0.007393264677375555,0.0,0.11853011697530746
3847,9.534509445074946e-05,0.006115529499948025,0.008189500495791435,0.02716115117073059,0.0,0.007389233447611332,0.0,0.1185334324836731
3848,0.0001002674165647477,0.006089550815522671,0.007977093942463398,0.028216631338000297,0.0,0.007368076592683792,0.0,0.1185276135802269
3849,9.858957200776785e-05,0.006103174015879631,0.00772804357111454,0.029105524346232415,0.0,0.0073314206674695015,0.0,0.11853215843439102
3850,9.001061989692971e-05,0.006347615271806717,0.008574018441140651,0.029169806092977524,0.0,0.0073859295807778835,0.0,0.1185358315706253
3851,9.451936057303101e-05,0.006286070682108402,0.008045273832976818,0.028931180015206337,0.0,0.0074748024344444275,0.0,0.11852147430181503
3852,9.609700209693983e-05,0.006316808518022299,0.008519189991056919,0.029440009966492653,0.0,0.007531260140240192,0.0,0.11851610243320465
3853,0.00010687831381801516,0.006262242794036865,0.008809156343340873,0.029274589195847512,0.0,0.007559341378509998,0.0,0.11850662529468536
3854,0.00010137014323845506,0.00631582010537386,0.008726406656205655,0.028812776505947112,0.0,0.007582531776279211,0.0,0.11848776042461395
3855,9.302088437834755e-05,0.006137796211987734,0.008327175118029117,0.03095856010913849,0.0,0.007577619515359402,0.0,0.11847671121358871
3856,0.00010697606776375324,0.006069540418684483,0.00839478000998497,0.028451458737254142,0.0,0.007543007377535105,0.0,0.11846810579299927
3857,0.00010223123827017844,0.006077151466161013,0.007581369206309319,0.02812633253633976,0.0,0.007489275187253952,0.0,0.11846693605184555
3858,9.422563016414642e-05,0.006151960976421833,0.007753655314445496,0.02850821278989315,0.0,0.007452615536749363,0.0,0.11846710741519928
3859,0.00010500506614334882,0.006154951266944408,0.007469607051461935,0.02816188260912895,0.0,0.0074192979373037815,0.0,0.11845594644546509
3860,9.684949473012238e-05,0.006107925530523061,0.007463646493852139,0.028245256468653678,0.0,0.007383728865534067,0.0,0.11843430995941162
3861,9.305554704042152e-05,0.0060355100780725476,0.007618768699467182,0.028589638695120812,0.0,0.007367717567831278,0.0,0.11841990798711777
3862,8.946438174461946e-05,0.005872179754078388,0.007285428605973721,0.02822360321879387,0.0,0.007407431490719318,0.0,0.11841534078121185
3863,0.00010199116950388998,0.0062165272422134875,0.007910423260182143,0.02868186794221401,0.0,0.007434177212417126,0.0,0.11840866506099701
3864,9.755188948474824e-05,0.006404800061136484,0.008047356642782688,0.029593488201498985,0.0,0.007423947099596262,0.0,0.11839903891086578
3865,9.32426075451076e-05,0.00620942497625947,0.007426775246858597,0.027415138483047486,0.0,0.007504572160542011,0.0,0.11839377880096436
3866,9.530952956993133e-05,0.0062807142734527584,0.007605465967208147,0.029670485109090806,0.0,0.007614969275891781,0.0,0.11838135868310928
3867,9.29918809561059e-05,0.006084886658936739,0.007167330663651228,0.029373715072870253,0.0,0.007659544236958027,0.0,0.11836473643779755
3868,0.00010443816863698885,0.0062463367357850075,0.007520538289099932,0.02809177339076996,0.0,0.0077234553173184395,0.0,0.11835832893848419
3869,9.9918209889438e-05,0.006210662890225649,0.007305207569152117,0.02904544658958912,0.0,0.007799373473972082,0.0,0.11834757030010223
3870,0.00010378442384535446,0.00593517879024148,0.00710056209936738,0.02942734621465206,0.0,0.007829282432794571,0.0,0.11833061277866364
3871,9.728184959385544e-05,0.006071201525628567,0.006950656231492758,0.0288234930485487,0.0,0.00783807598054409,0.0,0.11830629408359528
3872,0.00010703295847633854,0.006240806169807911,0.007330943271517754,0.02765776254236698,0.0,0.007816593162715435,0.0,0.11828148365020752
3873,0.00010262443393003196,0.0062416097149252895,0.007216961123049259,0.02794899754226208,0.0,0.007776826620101929,0.0,0.11826431751251221
3874,9.582939237589017e-05,0.006284860894083977,0.007111352402716875,0.02776692360639572,0.0,0.007718571927398443,0.0,0.11823968589305878
3875,9.374791843583808e-05,0.0062965482473373415,0.007902477215975524,0.028684644028544426,0.0,0.007655856665223837,0.0,0.11822140216827393
3876,0.00010126792622031645,0.006386672332882881,0.008037453889846802,0.028659461438655852,0.0,0.007613057736307383,0.0,0.11822054535150528
3877,0.00010064857779070734,0.006263164896517992,0.007448415365070104,0.02971688359975815,0.0,0.007561580743640661,0.0,0.11822495609521866
3878,0.00010080736537929625,0.006199321243911982,0.007714207377284765,0.0290691077709198,0.0,0.007504864130169153,0.0,0.11822062730789185
3879,8.876228966983035e-05,0.006287309713661671,0.007948347087949514,0.030697957053780554,0.0,0.007440388202667236,0.0,0.11821675300598145
3880,0.0001017723639961332,0.0060661954805254934,0.007804038841277361,0.02926621027290821,0.0,0.007389849983155727,0.0,0.11820347607135773
3881,9.702229872345924e-05,0.00594576233997941,0.007411375269293785,0.03013869784772396,0.0,0.007360253483057022,0.0,0.11820527166128159
3882,9.337627998320385e-05,0.006256293971091509,0.007736964803189039,0.029479653015732764,0.0,0.007357028778642416,0.0,0.11821384727954865
3883,0.0001019335919409059,0.005955418664962053,0.0074662167578935625,0.028752179816365242,0.0,0.007337259594351053,0.0,0.11821095645427704
3884,9.784719586605206e-05,0.006198763847351074,0.007301769778132438,0.02957174926996231,0.0,0.0073128254152834415,0.0,0.1182141900062561
3885,9.824506123550236e-05,0.006354333367198706,0.007303841970860958,0.028701955825090407,0.0,0.007308389991521835,0.0,0.11821992695331573
3886,9.407536272192374e-05,0.006002239696681499,0.007467577792704105,0.028586070984601974,0.0,0.007315593305975199,0.0,0.11821703612804413
3887,0.00010717399127315729,0.006253169104456902,0.007651218120008707,0.029916436597704887,0.0,0.00729215145111084,0.0,0.11820992082357407
3888,9.628312109271065e-05,0.0061543254181742665,0.007608968392014503,0.029461079835891725,0.0,0.0072342222556471825,0.0,0.1182132214307785
3889,9.937527065631002e-05,0.006288849841803312,0.007413993030786515,0.02925153374671936,0.0,0.007231502328068018,0.0,0.11823700368404388
3890,0.00010018885077442974,0.006077723205089569,0.00708859721198678,0.029030756652355195,0.0,0.0073026507161557674,0.0,0.11825121939182281
3891,0.00010360281739849598,0.006232463102787733,0.007423284836113453,0.029991700872778894,0.0,0.007353366818279028,0.0,0.1182357668876648
3892,0.00010848492674995214,0.006160005088895559,0.007345311064273119,0.028857215493917465,0.0,0.007363670971244574,0.0,0.11822543293237686
3893,9.126860386459157e-05,0.005976040754467249,0.007874730229377746,0.02924210615456104,0.0,0.007351282984018326,0.0,0.11821752786636353
3894,8.808796701487154e-05,0.00621391199529171,0.008031957224011422,0.030558115243911742,0.0,0.007338943891227245,0.0,0.11819949001073837
3895,9.559860191075132e-05,0.006061283219605684,0.007489323522895575,0.028475551307201384,0.0,0.00735241686925292,0.0,0.11819598823785782
3896,9.730288293212652e-05,0.005967865884304047,0.007891367468982936,0.02936445698142052,0.0,0.007451793644577265,0.0,0.11821234226226807
3897,0.00010305373871233314,0.00623675025999546,0.007723252102732658,0.029227671399712562,0.0,0.007589657790958881,0.0,0.11824508011341095
3898,0.00010258525871904567,0.006117533706128597,0.009446734748780727,0.02936287075281143,0.0,0.007696447428315878,0.0,0.11827848106622696
3899,9.612856811145321e-05,0.006124380882829428,0.008745725452899932,0.028086058795452118,0.0,0.007728160824626684,0.0,0.11830554157495499
3900,0.00010191175533691421,0.006089054234325886,0.007862633094191551,0.029206762462854384,0.0,0.007708012126386166,0.0,0.11830738931894302
3901,0.00010211471817456186,0.006400617491453886,0.00822492390871048,0.029028552398085595,0.0,0.007680079434067011,0.0,0.11829856783151627
3902,0.00010723638552008196,0.006223347410559655,0.008239704836159944,0.028805237263441086,0.0,0.007653828710317612,0.0,0.11831746250391006
3903,9.58921926212497e-05,0.005978800822049379,0.00821664035320282,0.02782156690955162,0.0,0.007626304868608713,0.0,0.11833377927541733
3904,9.816268866416066e-05,0.006080769188702107,0.0076892773620784284,0.02827333062887192,0.0,0.007560609374195337,0.0,0.11833803355693817
3905,0.00010010653204517439,0.006051142141222954,0.007656092010438442,0.030334968119859695,0.0,0.007477885577827692,0.0,0.11833123862743378
3906,9.509636438451708e-05,0.0059541303664445875,0.007489094510674477,0.02900468185544014,0.0,0.007404936011880636,0.0,0.11832115799188614
3907,9.688323771115393e-05,0.005964621994644403,0.007681434787809849,0.02818629965186119,0.0,0.007342108990997076,0.0,0.11832846701145172
3908,0.00010237045207759366,0.006273138988763094,0.008341709617525339,0.028184888511896135,0.0,0.007323772646486759,0.0,0.11832769215106964
3909,9.906987252179533e-05,0.006016545556485653,0.007443819008767605,0.027562510594725607,0.0,0.007325410842895508,0.0,0.11831855773925781
3910,0.00010256422829115763,0.006156199891120195,0.007389182318001985,0.030051740258932112,0.0,0.007330102380365133,0.0,0.1183176189661026
3911,9.389743936480955e-05,0.006049651931971311,0.007359095476567745,0.028933135420084,0.0,0.007348841987550259,0.0,0.11833548545837402
3912,0.00010020731424447149,0.006309214420616627,0.007470053434371948,0.02857283391058445,0.0,0.007377985864877701,0.0,0.11835970729589462
3913,9.960296156350524e-05,0.005991014838218689,0.0074132361449301245,0.028638998791575433,0.0,0.007401677779853344,0.0,0.11838109791278839
3914,9.475157276028767e-05,0.006030378397554159,0.007360795978456736,0.029593619331717492,0.0,0.007463394198566675,0.0,0.11839322745800018
3915,9.525064961053431e-05,0.0061090183444321156,0.0072588399983942505,0.02944822870194912,0.0,0.007493359502404928,0.0,0.11839257180690765
3916,9.305524872615933e-05,0.0059847992844879625,0.007140239235013723,0.02961430437862873,0.0,0.007478597108274698,0.0,0.11840537935495377
3917,0.0001018095383187756,0.006129000149667263,0.007430810667574406,0.028753358870744705,0.0,0.007422189228236675,0.0,0.11844585090875626
3918,0.00010113505559274926,0.006235539633780718,0.007514560595154762,0.03066345416009426,0.0,0.00734334159642458,0.0,0.11846999824047089
3919,9.667735430411995e-05,0.006033897958695888,0.007631883677095175,0.028612804412841798,0.0,0.007266346365213394,0.0,0.11849276721477509
3920,9.979407477658241e-05,0.0060920101590454575,0.007541289180517196,0.029363472759723664,0.0,0.007198271807283163,0.0,0.1185014620423317
3921,8.792338339844719e-05,0.006012680195271969,0.007018830720335245,0.028691118210554124,0.0,0.0071511222049593925,0.0,0.11848907172679901
3922,9.537767764413729e-05,0.006064100097864867,0.007032861746847629,0.0295621395111084,0.0,0.0071565075777471066,0.0,0.118477001786232
3923,0.00010223614808637648,0.006100661773234606,0.0072343735955655575,0.028599462285637856,0.0,0.007156162057071924,0.0,0.11846760660409927
3924,0.00010338278370909393,0.006265910156071186,0.007293992210179567,0.028624225035309793,0.0,0.0071366457268595695,0.0,0.11845364421606064
3925,0.00010895427403738722,0.006190716847777366,0.007425310648977756,0.028977445513010024,0.0,0.007156566716730595,0.0,0.11843889951705933
3926,0.000102021278871689,0.006044193077832461,0.006746936496347189,0.029184278473258017,0.0,0.007239821366965771,0.0,0.11841480433940887
3927,9.43667910178192e-05,0.006105896085500717,0.007792586367577315,0.029048456996679305,0.0,0.007317544426769018,0.0,0.11840619146823883
3928,9.595550654921681e-05,0.006007442902773619,0.007745316904038191,0.029080994054675104,0.0,0.007384719792753458,0.0,0.1184106320142746
3929,0.00010543677053647116,0.0060479073785245415,0.0075965670868754385,0.027733105048537255,0.0,0.007437665946781635,0.0,0.11843415349721909
3930,9.867695916909724e-05,0.006272197142243386,0.008174828439950942,0.029866770282387732,0.0,0.007468270603567362,0.0,0.1184496134519577
3931,9.723865223350003e-05,0.006166271213442087,0.00809004232287407,0.027166551724076272,0.0,0.0074844518676400185,0.0,0.11846248805522919
3932,9.371821506647393e-05,0.006160337943583727,0.007761478703469038,0.029076427966356278,0.0,0.007475930266082287,0.0,0.1184663400053978
3933,9.399757254868746e-05,0.0061228924430906774,0.007953901961445808,0.030049440264701844,0.0,0.007435197941958904,0.0,0.11845409870147705
3934,9.994286665460095e-05,0.006273311469703913,0.007287610694766045,0.02899954915046692,0.0,0.007353730499744415,0.0,0.11843983829021454
3935,9.79599601123482e-05,0.005987039860337972,0.007590039540082217,0.02848939038813114,0.0,0.007277584634721279,0.0,0.11841058731079102
3936,0.00010095768666360528,0.006188034545630217,0.00714921373873949,0.02894795946776867,0.0,0.007236038334667683,0.0,0.11839413642883301
3937,9.249912982340902e-05,0.006216599605977535,0.007126536779105663,0.029963561892509462,0.0,0.007204660680145025,0.0,0.11837754398584366
3938,0.00010329422511858865,0.006119067315012217,0.007616236992180348,0.028467484563589097,0.0,0.007195987738668919,0.0,0.11837569624185562
3939,9.687596320873126e-05,0.0059651599265635015,0.007614120654761791,0.028520845621824265,0.0,0.007193265948444605,0.0,0.11836037784814835
3940,0.00010032066638814286,0.006091819796711207,0.007739724684506654,0.02901686429977417,0.0,0.007194805890321732,0.0,0.11835090816020966
3941,9.04733533388935e-05,0.006212073378264904,0.0077950024046003815,0.030559420213103296,0.0,0.007209020666778088,0.0,0.11835028976202011
3942,9.430416248505935e-05,0.006247351411730051,0.008058387413620948,0.02899724878370762,0.0,0.007242345251142979,0.0,0.1183568686246872
3943,0.00010190824250457808,0.006125739868730306,0.008235750626772642,0.028246373310685156,0.0,0.007250542752444744,0.0,0.11836768686771393
3944,9.265282860724256e-05,0.006041861232370138,0.0077451648190617565,0.028542040288448332,0.0,0.007227896247059107,0.0,0.1183718666434288
3945,8.949861803557724e-05,0.00614106198772788,0.007544865645468235,0.028385547921061516,0.0,0.007217338774353266,0.0,0.11837514489889145
3946,9.482476452831179e-05,0.006162656471133232,0.007820140291005372,0.027452456951141357,0.0,0.007178599946200848,0.0,0.11836874485015869
3947,0.00010300005378667265,0.006141738872975111,0.007676365319639444,0.028841794282197953,0.0,0.0071083963848650455,0.0,0.11834099143743515
3948,8.417653880314902e-05,0.0058361348696053025,0.007368460390716791,0.029378565773367882,0.0,0.007030698005110025,0.0,0.11832207441329956
3949,9.970085229724646e-05,0.006067076977342367,0.008166132867336274,0.02845820002257824,0.0,0.00698567321524024,0.0,0.11833001673221588
3950,8.96853773156181e-05,0.006123980414122343,0.007600172329694033,0.02791578434407711,0.0,0.007020331919193268,0.0,0.11832614243030548
3951,9.197175240842626e-05,0.006063073221594095,0.008233620319515467,0.02785191535949707,0.0,0.0070839012041687965,0.0,0.1183212548494339
3952,0.0001082715010852553,0.006270946003496647,0.007895386032760143,0.028486264869570732,0.0,0.007130592130124569,0.0,0.1183183416724205
3953,9.75653703790158e-05,0.006043468881398439,0.007797254621982575,0.02896811589598656,0.0,0.007157677318900824,0.0,0.11831780523061752
3954,9.754279744811356e-05,0.006331601832062006,0.008050221670418977,0.02923806421458721,0.0,0.0071473754942417145,0.0,0.11832062900066376
3955,9.034295508172363e-05,0.006070245709270239,0.00800032950937748,0.028885212168097495,0.0,0.007122599985450506,0.0,0.11832437664270401
3956,9.396469249622896e-05,0.006367845460772514,0.0078007055446505545,0.030025441944599152,0.0,0.007120391819626093,0.0,0.1183336153626442
3957,9.234878816641868e-05,0.006023911945521832,0.007938923221081496,0.028840786218643187,0.0,0.007154479622840881,0.0,0.11834350973367691
3958,8.646117930766195e-05,0.005970202665776014,0.007992950640618801,0.029166317731142043,0.0,0.007318704389035702,0.0,0.11835511773824692
3959,8.995792886707931e-05,0.006066573783755302,0.008111231494694948,0.029840149357914923,0.0,0.007559822406619787,0.0,0.11835954338312149
3960,9.282799728680403e-05,0.006144214887171984,0.007834590412676335,0.028489817678928376,0.0,0.0077179474756121635,0.0,0.11836756765842438
3961,0.00010082404623972252,0.006062491517513991,0.007226733956485987,0.02832989990711212,0.0,0.007862338796257973,0.0,0.11836247146129608
3962,9.99290743493475e-05,0.005978796910494566,0.007626084145158529,0.028720471262931823,0.0,0.00800478458404541,0.0,0.11834943294525146
3963,8.81229600054212e-05,0.006207550596445799,0.008036493696272374,0.028987020999193192,0.0,0.008096995763480663,0.0,0.11834317445755005
3964,9.770835458766669e-05,0.005975964199751616,0.007531479932367802,0.029404588043689728,0.0,0.008106783032417297,0.0,0.11834380775690079
3965,9.898274438455701e-05,0.006072720047086477,0.007698212470859289,0.027781767398118974,0.0,0.00806495826691389,0.0,0.1183650940656662
3966,9.668114798841999e-05,0.006199645437300205,0.007589317951351404,0.029333294928073884,0.0,0.007997315376996994,0.0,0.11837974935770035
3967,0.00010177876829402522,0.006116396933794022,0.008348398748785258,0.029000167921185493,0.0,0.00790995080024004,0.0,0.11839427798986435
3968,9.871249203570187e-05,0.0061217847280204294,0.008869831636548042,0.029008926823735237,0.0,0.007808080408722162,0.0,0.11840450763702393
3969,9.935590496752411e-05,0.006001232750713825,0.00867568701505661,0.02894592545926571,0.0,0.007687044329941273,0.0,0.11840283870697021
3970,9.323413396487013e-05,0.005996830016374588,0.008315697312355042,0.028223844617605208,0.0,0.007554395589977503,0.0,0.11839856207370758
3971,9.241736843250692e-05,0.005969773232936859,0.00856238193809986,0.028964418545365335,0.0,0.007444503717124462,0.0,0.11841398477554321
3972,9.66024788795039e-05,0.00611986294388771,0.007901052199304103,0.028584105148911475,0.0,0.0073744445107877254,0.0,0.11844948679208755
3973,0.00010227960156043992,0.00619703084230423,0.0076734927482903,0.029239114746451376,0.0,0.007364447228610516,0.0,0.11846797168254852
3974,9.462161542614922e-05,0.006121971551328898,0.007243789825588464,0.02828335165977478,0.0,0.007389170583337545,0.0,0.11845505237579346
3975,0.00010560336813796312,0.006156685948371887,0.0072428023442626,0.02975126579403877,0.0,0.007400942500680685,0.0,0.11843138933181763
3976,9.826185123529285e-05,0.006283717229962349,0.006688279379159212,0.02965127192437649,0.0,0.007407044526189566,0.0,0.11841554939746857
3977,0.00010224972211290151,0.0060783494263887405,0.007191713619977236,0.028701847419142723,0.0,0.007459541317075491,0.0,0.11840347945690155
3978,0.00010290372301824391,0.0060710983350872995,0.007336056511849165,0.029202628508210184,0.0,0.007510846015065908,0.0,0.11839433759450912
3979,0.00010006842203438281,0.006203894037753344,0.00736158974468708,0.02796674780547619,0.0,0.007520422339439392,0.0,0.11837811768054962
3980,0.00010489431297173723,0.006220713350921869,0.007651056908071041,0.027731026709079742,0.0,0.0074728308245539665,0.0,0.11837531626224518
3981,0.00010208738240180537,0.006169680412858725,0.006781048327684403,0.02961542420089245,0.0,0.007397796027362347,0.0,0.1183709055185318
3982,0.00010180534154642373,0.00604860819876194,0.007129364833235741,0.029262929409742355,0.0,0.007339107804000378,0.0,0.11835648864507675
3983,0.00010382671025581658,0.006148945540189743,0.007663558889180422,0.027610841393470763,0.0,0.007344312034547329,0.0,0.1183590516448021
3984,0.00010171286412514746,0.006171133648604154,0.007328272704035044,0.02930310331285,0.0,0.007377441972494125,0.0,0.11838118731975555
3985,9.786363807506859e-05,0.006133630219846964,0.007784621883183717,0.029044242575764656,0.0,0.007378710899502039,0.0,0.1184038296341896
3986,0.00011024144187103957,0.00620557414367795,0.007401789631694555,0.028386014327406884,0.0,0.007372203283011913,0.0,0.11840228736400604
3987,0.00010027532262029127,0.00624860031530261,0.007851502485573291,0.028859149664640427,0.0,0.007513763848692179,0.0,0.11840204894542694
3988,9.918188734445721e-05,0.006068073026835918,0.007499237172305584,0.029225149005651475,0.0,0.0076955570839345455,0.0,0.11842993646860123
3989,0.00010044021619250997,0.006091012805700302,0.0076144073158502575,0.030598531663417815,0.0,0.007796888239681721,0.0,0.11846301704645157
3990,9.774514473974705e-05,0.006116901617497205,0.007544455863535404,0.02810313329100609,0.0,0.007819403894245625,0.0,0.11848215758800507
3991,9.256966441171244e-05,0.006182009261101485,0.00782789448276162,0.028733383119106292,0.0,0.007769045419991016,0.0,0.11848632246255875
3992,9.832976502366364e-05,0.006142247747629881,0.007817430701106787,0.029043715819716452,0.0,0.007678586058318615,0.0,0.11847700923681259
3993,8.97180536412634e-05,0.006065614335238933,0.008100920356810093,0.027749671787023544,0.0,0.007570249028503895,0.0,0.11844761669635773
3994,9.08012269064784e-05,0.006277070939540863,0.007605244498699903,0.02891288176178932,0.0,0.007484661880880594,0.0,0.11841535568237305
3995,8.668498776387423e-05,0.006277031917124987,0.007482711598277092,0.028480326011776923,0.0,0.007444062270224094,0.0,0.11839824914932251
3996,0.00010073937301058322,0.006375817861407995,0.0071365896612405775,0.028311502188444138,0.0,0.007461281027644873,0.0,0.11838434636592865
3997,9.729347948450595e-05,0.006193803809583187,0.007533646374940872,0.02823728509247303,0.0,0.007527591194957495,0.0,0.11838622391223907
3998,9.779994725249708e-05,0.006258357595652342,0.00687146270647645,0.0289448082447052,0.0,0.007683408912271261,0.0,0.11838079988956451
3999,9.556596633046866e-05,0.005912281293421984,0.007340989448130131,0.029889198765158654,0.0,0.007794038858264685,0.0,0.11837650835514069
4000,9.754988714121282e-05,0.00611906610429287,0.00773749528452754,0.02856493704020977,0.0,0.007847797125577927,0.0,0.11836753785610199
4001,9.653990564402193e-05,0.006198715604841709,0.007694370113313198,0.028841650858521462,0.0,0.007851175963878632,0.0,0.11835993826389313
4002,9.746178693603724e-05,0.006166390795260668,0.007117298524826765,0.02808755189180374,0.0,0.007846186868846416,0.0,0.11837007850408554
4003,9.494058322161436e-05,0.006075648032128811,0.007449954003095627,0.029915650188922883,0.0,0.00783457886427641,0.0,0.11837676912546158
4004,0.00010971315641654656,0.006117334216833114,0.007492005173116922,0.02910701185464859,0.0,0.007797357626259327,0.0,0.11837027966976166
4005,0.00011149186320835724,0.0060516281984746454,0.007294405438005924,0.027469878271222114,0.0,0.007730053272098303,0.0,0.11836830526590347
4006,0.00010271456849295646,0.0060167497955262664,0.007442006468772888,0.02919984795153141,0.0,0.0076508247293531895,0.0,0.11838004738092422
4007,0.00011241054598940537,0.0062831096351146695,0.007311032619327307,0.028409842774271964,0.0,0.0076305558905005455,0.0,0.1184006780385971
4008,8.794950845185668e-05,0.0061685358174145225,0.0075359616428613664,0.029955117404460906,0.0,0.007600975688546896,0.0,0.1184253841638565
4009,0.00010573755425866694,0.0062062921933829784,0.007402109820395708,0.028789034858345986,0.0,0.00754667678847909,0.0,0.11844868957996368
4010,0.00010162976832361892,0.006155394110828638,0.007314289733767509,0.027883774042129515,0.0,0.007521410472691059,0.0,0.11845375597476959
4011,0.0001078422719729133,0.005880615208297968,0.007241720519959927,0.02904684580862522,0.0,0.007511577103286982,0.0,0.11846741288900375
4012,9.451163205085323e-05,0.005975009966641664,0.006906506884843111,0.029007038474082945,0.0,0.007467594929039478,0.0,0.11847837269306183
4013,9.445953619433567e-05,0.006189690064638853,0.00705795381218195,0.028728796169161797,0.0,0.00738780852407217,0.0,0.11847058683633804
4014,0.00010520427749725059,0.006131354812532663,0.0074758300557732586,0.028609875217080118,0.0,0.00731826713308692,0.0,0.11847677081823349
4015,9.158341417787596e-05,0.00599554916843772,0.007791932858526707,0.02905317731201649,0.0,0.007340225391089916,0.0,0.11847543716430664
4016,0.00010593064653221517,0.0061424683779478075,0.007286698836833238,0.02734569013118744,0.0,0.007388773374259472,0.0,0.11847039312124252
4017,9.356839582324028e-05,0.006251166202127933,0.007437420450150967,0.03097892701625824,0.0,0.0074091702699661255,0.0,0.11846430599689484
4018,9.051615925272926e-05,0.0061397523619234565,0.0075673402287065985,0.03102189153432846,0.0,0.007418475113809109,0.0,0.11847106367349625
4019,9.619766497053206e-05,0.006286905147135258,0.007972780521959067,0.02926032170653343,0.0,0.0073966337367892265,0.0,0.11848131567239761
4020,9.765990835148841e-05,0.006052586529403925,0.007405940722674131,0.030417822673916815,0.0,0.007415811065584421,0.0,0.1184823289513588
4021,9.295532217947766e-05,0.006219494249671697,0.007663797494024039,0.028147197887301446,0.0,0.007472085766494274,0.0,0.1184769719839096
4022,9.997343149734662e-05,0.005843900330364704,0.007437526807188987,0.02859194837510586,0.0,0.007540236227214336,0.0,0.11847224086523056
4023,9.903764730552211e-05,0.006212566047906876,0.007895035296678543,0.02869752012193203,0.0,0.007561965379863977,0.0,0.11846115440130234
4024,9.565432847011835e-05,0.006407180801033974,0.007178443111479282,0.029429749026894568,0.0,0.007545872591435909,0.0,0.11845550686120987
4025,9.62423044256866e-05,0.006197124533355236,0.007525055389851332,0.029231346026062966,0.0,0.007511271629482508,0.0,0.11844881623983383
4026,9.822105494095013e-05,0.0060831627808511255,0.007702709082514048,0.029661184176802635,0.0,0.007470151875168085,0.0,0.11845077574253082
4027,9.17200930416584e-05,0.006184445321559906,0.0072767498902976515,0.028515865653753282,0.0,0.0074597871862351894,0.0,0.11845888197422028
4028,0.00010046092793345452,0.006207998748868704,0.007555660698562861,0.029316049069166183,0.0,0.00745327677577734,0.0,0.11847597360610962
4029,9.439349232707173e-05,0.006014145817607642,0.007597221713513136,0.029296549782156945,0.0,0.007452360354363918,0.0,0.11849740892648697
4030,9.373001958010719e-05,0.00619580689817667,0.007741799298673868,0.029437974840402604,0.0,0.007466182112693787,0.0,0.11851301044225693
4031,9.878439304884523e-05,0.006025180406868458,0.007666950207203626,0.028557254746556283,0.0,0.007555714342743158,0.0,0.11853164434432983
4032,9.917794377543033e-05,0.006334327906370163,0.007806387357413768,0.028389931842684745,0.0,0.007676216773688793,0.0,0.1185293048620224
4033,9.324675193056464e-05,0.006022668350487948,0.007499527558684349,0.029853121563792228,0.0,0.007735797669738531,0.0,0.11852607876062393
4034,8.989149355329574e-05,0.006319175381213427,0.0076328044757246975,0.0284199807792902,0.0,0.007798734121024609,0.0,0.11852209270000458
4035,9.745228890096768e-05,0.006011428125202656,0.007493104692548514,0.029232445731759073,0.0,0.007903418503701687,0.0,0.11852558702230453
4036,9.979575988836587e-05,0.006153110228478908,0.007320544961839914,0.02954610697925091,0.0,0.007997699081897736,0.0,0.11854995787143707
4037,9.391602798132226e-05,0.006075030565261841,0.00750892935320735,0.028099453076720238,0.0,0.008011954836547375,0.0,0.11855313926935196
4038,8.90938172233291e-05,0.005986514873802662,0.007628341484814882,0.02847544103860855,0.0,0.007945368997752666,0.0,0.11855258047580719
4039,9.882990270853043e-05,0.0061341021209955215,0.007146623078733682,0.030198418721556663,0.0,0.007843216881155968,0.0,0.11854060739278793
4040,9.10346963792108e-05,0.00622306065633893,0.0075753523036837574,0.029087277129292488,0.0,0.007873505353927612,0.0,0.11853989213705063
4041,9.334319620393216e-05,0.006140967831015587,0.00760103827342391,0.028170982375741005,0.0,0.00805311556905508,0.0,0.1185474842786789
4042,9.033267269842327e-05,0.006175448093563319,0.007463165931403637,0.02923520915210247,0.0,0.008223791606724262,0.0,0.11855075508356094
4043,9.686419944046065e-05,0.006185237225145102,0.007273744978010655,0.028255137056112288,0.0,0.008289957419037819,0.0,0.11855975538492203
4044,9.815495432121679e-05,0.006054937932640314,0.007230173703283072,0.029902587458491326,0.0,0.008257171139121056,0.0,0.11855892837047577
4045,0.00010216269874945283,0.005949211679399014,0.0072093943133950235,0.028876959532499313,0.0,0.008165615610778332,0.0,0.11855284869670868
4046,9.45424399105832e-05,0.006312369741499424,0.007361420895904303,0.028765377402305604,0.0,0.008055918850004673,0.0,0.11855129897594452
4047,9.911997331073508e-05,0.006038473546504974,0.007595190592110157,0.02833654023706913,0.0,0.007931382395327091,0.0,0.11855427175760269
4048,9.641322831157594e-05,0.006088733579963446,0.00765273105353117,0.02983025126159191,0.0,0.007806212641298771,0.0,0.11855784803628922
4049,9.128174715442584e-05,0.006111633777618408,0.007503155618906021,0.029439136758446692,0.0,0.007792913354933262,0.0,0.11855530738830566
4050,9.131717961281538e-05,0.006297380849719048,0.0075627811253070835,0.028507842868566512,0.0,0.007806291338056326,0.0,0.11855647712945938
4051,9.28271605516784e-05,0.006331709586083889,0.0070740126073360445,0.028683093562722205,0.0,0.00781269557774067,0.0,0.11854703724384308
4052,0.00010072789009427652,0.006237881164997816,0.007494349032640457,0.02959984540939331,0.0,0.007786455564200878,0.0,0.11852900683879852
4053,0.00010157504584640265,0.006204205844551325,0.008074662648141384,0.029639007151126863,0.0,0.0077465372160077095,0.0,0.11851916462182999
4054,9.1251076082699e-05,0.006145005766302347,0.008615822717547416,0.029193757846951485,0.0,0.007735701743513346,0.0,0.11851944029331207
4055,9.924987534759566e-05,0.006031555030494929,0.007878685928881168,0.029511690884828568,0.0,0.007732491008937359,0.0,0.11853209882974625
4056,0.00010113080206792801,0.005928184743970633,0.008047164790332318,0.028838471695780753,0.0,0.007748754229396582,0.0,0.11856840550899506
4057,9.313882619608194e-05,0.00621097469702363,0.007724623940885067,0.02898167222738266,0.0,0.007725901901721954,0.0,0.11858832836151123
4058,0.0001019378556520678,0.006242871750146151,0.0076461460441350935,0.03022049218416214,0.0,0.007680403534322977,0.0,0.11860275268554688
4059,0.0001014898210996762,0.005947382748126983,0.007334249839186668,0.029716012999415398,0.0,0.007640490774065256,0.0,0.11862605810165405
4060,9.695987391751259e-05,0.00611091386526823,0.007674619741737843,0.029199333861470222,0.0,0.007621896918863058,0.0,0.1186453104019165
4061,9.303883707616478e-05,0.006097718141973019,0.007280159369111061,0.028826094791293146,0.0,0.007628475781530142,0.0,0.11865011602640152
4062,9.394598455401138e-05,0.006055409368127584,0.007568951137363911,0.029069333150982857,0.0,0.00761296134442091,0.0,0.1186433807015419
4063,9.754598140716552e-05,0.006074915081262589,0.007132603786885738,0.027730602771043777,0.0,0.007561527192592621,0.0,0.11864016205072403
4064,0.00010018025641329586,0.006040393188595772,0.007570265699177981,0.030511422827839852,0.0,0.0075038583017885685,0.0,0.11863724142313004
4065,0.00010014038416557014,0.0062127896584570404,0.007559298910200596,0.027754860743880273,0.0,0.007450285367667675,0.0,0.1186317652463913
4066,9.621156932553277e-05,0.00625208392739296,0.007814738061279058,0.028801402449607848,0.0,0.007381281349807978,0.0,0.1186276450753212
4067,9.928714280249551e-05,0.006005655694752932,0.007108384370803833,0.029805313050746917,0.0,0.007320924196392298,0.0,0.1186361089348793
4068,0.0001031660518492572,0.006147664412856102,0.0076828463934361935,0.0313688762485981,0.0,0.007259056903421879,0.0,0.11864642053842545
4069,0.0001020706127746962,0.005991715658456087,0.007605130504816771,0.028559381142258644,0.0,0.007200709078460932,0.0,0.11866430938243866
4070,0.00010295061365468427,0.006142460647970438,0.007184611354023218,0.028142165020108224,0.0,0.007172311656177044,0.0,0.11867921054363251
4071,9.728535078465939e-05,0.00610696142539382,0.007434510998427868,0.02837269604206085,0.0,0.00714588537812233,0.0,0.11867909133434296
4072,8.994593663373962e-05,0.0061413289047777654,0.007345445267856121,0.029302311688661577,0.0,0.00714829470962286,0.0,0.11869635432958603
4073,0.00010112589661730454,0.006206020154058934,0.007287035044282675,0.027507559582591056,0.0,0.007152826990932226,0.0,0.11871039867401123
4074,0.00010322320740669965,0.0062055492773652075,0.007417269609868526,0.029222460091114046,0.0,0.0072599439881742,0.0,0.11869939416646957
4075,9.055622213054449e-05,0.006003888882696628,0.007220249343663454,0.027828586846590044,0.0,0.007539787795394659,0.0,0.11867840588092804
4076,0.00010406634100945666,0.006028874218463898,0.007353284955024719,0.02859041579067707,0.0,0.00776266772300005,0.0,0.11863801628351212
4077,0.00010327380150556564,0.00595983313396573,0.007412776537239552,0.0290315393358469,0.0,0.007859001867473125,0.0,0.11860013008117676
4078,9.788140305317938e-05,0.006133090052753687,0.007647714018821717,0.028848417475819586,0.0,0.00791223719716072,0.0,0.11858892440795898
4079,0.00010058797779493034,0.006062013749033213,0.007752234488725663,0.02928934395313263,0.0,0.008009363897144794,0.0,0.11860017478466034
4080,0.00010318611457478255,0.006219668313860893,0.007232034392654896,0.030226926133036614,0.0,0.008075417950749397,0.0,0.11862707138061523
4081,9.514129196759313e-05,0.006319597084075213,0.006790318060666323,0.029322479292750357,0.0,0.008092599920928478,0.0,0.11864538490772247
4082,9.266365086659789e-05,0.006384721025824547,0.0077158167026937004,0.029182569310069083,0.0,0.008093609474599361,0.0,0.11865358054637909
4083,9.432897350052372e-05,0.006318176258355379,0.007283916417509318,0.028445737436413765,0.0,0.008103934116661549,0.0,0.11868007481098175
4084,9.662682859925553e-05,0.006230341922491789,0.007176793366670609,0.02814216576516628,0.0,0.00807403028011322,0.0,0.11868616193532944
4085,9.332392510259524e-05,0.006029657367616892,0.00715930424630642,0.028448187932372093,0.0,0.007994039915502071,0.0,0.11867020279169083
4086,0.00010630764008965344,0.006086289882659912,0.007381919119507074,0.02837412804365158,0.0,0.007871818728744984,0.0,0.11865637451410294
4087,9.583130449755117e-05,0.006070960965007544,0.007537805195897818,0.027885342389345168,0.0,0.007774794939905405,0.0,0.11863090097904205
4088,9.73635251284577e-05,0.006193770095705986,0.007340316567569971,0.02864157408475876,0.0,0.007767328526824713,0.0,0.11858858913183212
4089,9.156893065664917e-05,0.006030996609479189,0.007240698579698801,0.029416241124272345,0.0,0.0077799586579203606,0.0,0.11854138225317001
4090,9.372739295940847e-05,0.006165571790188551,0.007322430517524481,0.028827275708317758,0.0,0.007776813115924597,0.0,0.11850009113550186
4091,9.501615131739527e-05,0.006102100852876902,0.007878131978213788,0.028758782893419266,0.0,0.0077381739392876625,0.0,0.1184665784239769
4092,9.824199078138918e-05,0.00611694399267435,0.0074253732338547705,0.02800888791680336,0.0,0.007665635086596012,0.0,0.11843985319137573
4093,9.223067900165915e-05,0.006215472891926766,0.007152464147657156,0.028063496202230455,0.0,0.007618683390319347,0.0,0.11843472719192505
4094,0.00010077116603497416,0.00616199541836977,0.007564112823456526,0.03010128512978554,0.0,0.007600222714245319,0.0,0.118425153195858
4095,0.0001084067247575149,0.006169028673321008,0.007178499363362789,0.029460880532860757,0.0,0.007584971841424704,0.0,0.11843065172433853
4096,9.84320809948258e-05,0.006024977378547192,0.007201376464217901,0.03017902411520481,0.0,0.007562978658825159,0.0,0.11845804750919342
4097,9.749481250764802e-05,0.006069468893110752,0.007438191864639521,0.029086175188422204,0.0,0.007516339421272278,0.0,0.11848734319210052
4098,9.857097174972295e-05,0.006079262122511864,0.007280666194856167,0.02962135970592499,0.0,0.007445730268955231,0.0,0.11850392818450928
4099,9.6139132801909e-05,0.005938027799129486,0.007872072048485279,0.028742900490760802,0.0,0.007381250150501728,0.0,0.11850260198116302
4100,9.983134077629074e-05,0.006166727934032679,0.007659777067601681,0.027046927064657212,0.0,0.0073784515261650085,0.0,0.11849825084209442
4101,0.00010248203470837325,0.0061035224236547945,0.007514258846640587,0.02854948118329048,0.0,0.007451148238033056,0.0,0.11849095672369003
4102,9.753006015671417e-05,0.0062344614416360855,0.00804512007161975,0.029737699776887894,0.0,0.007559677120298147,0.0,0.118488609790802
4103,0.00010367197537561879,0.006127396784722805,0.0080271833576262,0.02937570959329605,0.0,0.007619486190378666,0.0,0.11849553883075714
4104,9.470206859987229e-05,0.00618897182866931,0.007615877874195575,0.029739654809236526,0.0,0.007637401577085257,0.0,0.11849673092365265
4105,9.936908318195493e-05,0.006121230963617563,0.007610028609633446,0.028443291410803796,0.0,0.007677836809307337,0.0,0.11847832053899765
4106,9.633783920435235e-05,0.006069804169237613,0.0074848514050245285,0.029165565222501754,0.0,0.00768951466307044,0.0,0.11845642328262329
4107,9.175925515592098e-05,0.006154299713671207,0.00754037294536829,0.028338995575904847,0.0,0.007669401355087757,0.0,0.11844374984502792
4108,0.00010130648588528857,0.006077719107270241,0.007400994934141636,0.029246362671256066,0.0,0.007689439691603184,0.0,0.11842834949493408
4109,9.450880897929892e-05,0.006152485962957144,0.007273338548839092,0.027676061168313025,0.0,0.007778529077768326,0.0,0.1184203028678894
4110,0.00010193196358159185,0.006251613516360522,0.007599835470318794,0.027642890438437463,0.0,0.007830062881112099,0.0,0.1184166893362999
4111,9.71957590081729e-05,0.005996028333902359,0.007991261966526508,0.028992246463894845,0.0,0.007835285738110542,0.0,0.1184162124991417
4112,0.00010553789761615917,0.0061375442892313,0.0076202723197638985,0.02946806214749813,0.0,0.007796096615493298,0.0,0.11843927204608917
4113,0.00010338076099287718,0.006204535905271769,0.007125743851065636,0.0279256422072649,0.0,0.007715324405580759,0.0,0.11847613006830215
4114,9.649714338593185e-05,0.0061526034027338024,0.007257664110511541,0.028899961337447166,0.0,0.007679163012653589,0.0,0.11848805099725723
4115,0.00010108191927429288,0.006273010093718767,0.007689082529395819,0.028050243854522705,0.0,0.007758249994367361,0.0,0.11849379539489746
4116,0.00010653573990566656,0.005987174622714519,0.008102863468229771,0.02996555417776108,0.0,0.007846135646104813,0.0,0.1184842437505722
4117,0.00010107349371537566,0.0060867125168442724,0.0073866468854248525,0.028861171379685403,0.0,0.007948610000312328,0.0,0.1184699684381485
4118,9.681741939857603e-05,0.006025712937116623,0.007524172402918338,0.028997430205345155,0.0,0.007992206141352654,0.0,0.11846937984228134
4119,9.502236935077235e-05,0.006196416076272726,0.007423078641295433,0.0296759519726038,0.0,0.007963213138282299,0.0,0.11845190823078156
4120,0.00010564847325440496,0.00607527531683445,0.007113798521459103,0.029072635620832444,0.0,0.007892063818871975,0.0,0.1184304729104042
4121,9.901098674163223e-05,0.006067252717912197,0.007605131436139345,0.029730093851685523,0.0,0.007803221233189106,0.0,0.11841563880443573
4122,0.00010919830529019237,0.006326765567064285,0.007037932798266411,0.028992092609405516,0.0,0.007743816822767258,0.0,0.11840210855007172
4123,0.0001021199655951932,0.006003877520561219,0.007127472478896379,0.027952009066939353,0.0,0.007813834585249424,0.0,0.1183936595916748
4124,9.876012481981888e-05,0.00630003921687603,0.007070935331285,0.029550330340862276,0.0,0.007889504544436932,0.0,0.11839337646961212
4125,9.987257799366489e-05,0.006049096863716841,0.007176941353827715,0.029710591584444047,0.0,0.0080083217471838,0.0,0.11840170621871948
4126,9.089521045098081e-05,0.006211154256016016,0.007115235738456249,0.03033687509596348,0.0,0.008174694143235683,0.0,0.11840619146823883
4127,9.641516953706741e-05,0.005967262014746666,0.007603858038783074,0.028763958439230918,0.0,0.008381331339478493,0.0,0.11841712892055511
4128,9.687447163742036e-05,0.006060549896210432,0.007154985703527928,0.02741580381989479,0.0,0.008594297803938389,0.0,0.11842691898345947
4129,9.370967163704335e-05,0.006036639958620071,0.0071701031178236,0.02757706195116043,0.0,0.008700676262378693,0.0,0.11843311786651611
4130,9.501595486653969e-05,0.006404078472405672,0.007305527944117785,0.02812173217535019,0.0,0.00870098453015089,0.0,0.11844172328710556
4131,8.995529497042298e-05,0.006267529167234898,0.0077531103976070884,0.02875501848757267,0.0,0.008622228167951107,0.0,0.1184302568435669
4132,9.737716027302667e-05,0.006004746630787849,0.007460873294621706,0.02892647124826908,0.0,0.008483435027301311,0.0,0.11840735375881195
4133,9.059450967470184e-05,0.005976107902824879,0.007498859521001577,0.028326880559325217,0.0,0.008323876187205315,0.0,0.11838946491479874
4134,9.524057677481323e-05,0.005879559088498354,0.006805029977113008,0.028157664835453032,0.0,0.00817201379686594,0.0,0.11837752163410187
4135,9.751453180797398e-05,0.006153651792556047,0.007772473525255919,0.03153412416577339,0.0,0.00803857296705246,0.0,0.11835774034261703
4136,9.392629726789892e-05,0.006126402877271175,0.007490862999111414,0.028880536183714868,0.0,0.007911944761872292,0.0,0.11835756152868271
4137,0.00010062883811770006,0.006101771164685488,0.0075853954069316385,0.029146857932209967,0.0,0.007788011338561773,0.0,0.11837221682071686
4138,9.383088763570413e-05,0.006062565371394157,0.00734453434124589,0.028728918358683585,0.0,0.007693143095821142,0.0,0.11836375296115875
4139,9.538860176689923e-05,0.006014076620340347,0.007610936462879181,0.028932927548885344,0.0,0.0076677328906953335,0.0,0.11834163963794708
4140,0.00010057381441583857,0.006106900703161955,0.0077491216361522675,0.03032600283622742,0.0,0.007639938499778509,0.0,0.11830861866474152
4141,9.983319614548236e-05,0.006405172124505043,0.007490018382668495,0.028894567489624025,0.0,0.007591274566948414,0.0,0.1183008924126625
4142,9.366263402625919e-05,0.006057207752019167,0.007118878420442343,0.02775900773704052,0.0,0.0075257630087435246,0.0,0.1183146983385086
4143,9.35274816583842e-05,0.006041897460818291,0.0070547832176089285,0.028056789189577103,0.0,0.007457174360752106,0.0,0.11832020431756973
4144,0.00010481957724550739,0.006191164441406727,0.007409349549561739,0.028951147571206093,0.0,0.007450620178133249,0.0,0.11833234876394272
4145,9.520110324956477e-05,0.006217679940164089,0.007503584865480662,0.02851609028875828,0.0,0.007552209310233593,0.0,0.11835958063602448
4146,9.16606659302488e-05,0.006166699156165123,0.007897161319851876,0.028759843111038207,0.0,0.0077323755249381065,0.0,0.11837846040725708
4147,9.902647434500977e-05,0.006028709560632705,0.007489344757050276,0.02932058125734329,0.0,0.007943070493638515,0.0,0.11838163435459137
4148,9.26290638744831e-05,0.006078432407230138,0.007695060595870018,0.028718585893511773,0.0,0.008084261789917946,0.0,0.11837216466665268
4149,9.607255778973923e-05,0.006397056672722101,0.007167497090995312,0.02812594249844551,0.0,0.00811670906841755,0.0,0.11836326122283936
4150,9.647785336710512e-05,0.00603600237518549,0.007522595487535,0.028956540301442145,0.0,0.00816301442682743,0.0,0.11836089938879013
4151,0.00010186397557845339,0.006038228236138821,0.007642880268394947,0.028977997601032257,0.0,0.008226694539189339,0.0,0.11836111545562744
4152,9.962502663256601e-05,0.006110577285289765,0.0072273161262273785,0.029685946926474572,0.0,0.008258307352662086,0.0,0.11836959421634674
4153,8.584731695009396e-05,0.005977079458534718,0.007128633558750153,0.029248377680778502,0.0,0.008294797502458096,0.0,0.11837665736675262
4154,9.639736963436007e-05,0.006268436275422573,0.007271703612059355,0.028848087042570116,0.0,0.008331569842994213,0.0,0.11837188154459
4155,9.319695236627012e-05,0.005964000523090362,0.0070598402060568334,0.029624709114432334,0.0,0.00831796694546938,0.0,0.11837802827358246
4156,9.550492395646871e-05,0.00614107558503747,0.007006729859858752,0.02691023759543896,0.0,0.008279071189463139,0.0,0.1183897852897644
4157,0.000102372289984487,0.006062506884336472,0.007374240085482597,0.028976830095052718,0.0,0.008211420848965645,0.0,0.11837796866893768
4158,9.546946967020631e-05,0.006291420757770538,0.007734088227152824,0.027274539321660997,0.0,0.008126967586576939,0.0,0.11837424337863922
4159,0.00010212788183707743,0.006052478775382042,0.007337333913892507,0.028568176180124284,0.0,0.008051231503486633,0.0,0.118375264108181
4160,9.874663519440218e-05,0.006289356388151646,0.007635891065001487,0.031043251603841783,0.0,0.007969213649630547,0.0,0.11838668584823608
4161,9.221123764291406e-05,0.006098808161914349,0.007238261867314577,0.029193780198693276,0.0,0.00786600448191166,0.0,0.11841855943202972
4162,0.0001009685845929198,0.005913858115673065,0.007663264777511359,0.02993629314005375,0.0,0.007753428071737289,0.0,0.11844750493764877
4163,9.888999629765749e-05,0.005936176795512438,0.0075053004547953606,0.02840612195432186,0.0,0.007655986584722996,0.0,0.11846603453159332
4164,9.935108973877505e-05,0.005935151781886816,0.007485882099717856,0.029399611055850983,0.0,0.007574002258479595,0.0,0.11846286058425903
4165,9.14391886908561e-05,0.00615732129663229,0.007693565357476473,0.03014795482158661,0.0,0.007530529983341694,0.0,0.1184515506029129
4166,8.933273347793147e-05,0.005974787008017302,0.008220912609249353,0.027757159620523452,0.0,0.00751640135422349,0.0,0.11844134330749512
4167,9.196153259836138e-05,0.006110469531267882,0.007755032740533352,0.028663361445069313,0.0,0.007506482303142548,0.0,0.11841912567615509
4168,9.836828103289008e-05,0.005937797762453556,0.007661647908389568,0.02823585458099842,0.0,0.007495471276342869,0.0,0.11839054524898529
4169,9.785079746507108e-05,0.006270148418843746,0.008074137102812528,0.028135893121361732,0.0,0.00751954410225153,0.0,0.1183645948767662
4170,9.669701976235955e-05,0.006176507845520973,0.007778160460293293,0.030061423778533936,0.0,0.007544571068137884,0.0,0.11833325773477554
4171,9.57219031988643e-05,0.006116332579404115,0.007507014367729425,0.028515488281846045,0.0,0.0075283413752913475,0.0,0.11832326650619507
4172,0.00010219914111075923,0.006132658012211323,0.007290841825306415,0.0280377846211195,0.0,0.007524124346673489,0.0,0.11831722408533096
4173,0.00010017915337812155,0.006036412250250578,0.007435873057693243,0.029367491975426673,0.0,0.007538872770965099,0.0,0.11830849945545197
4174,0.00010046977258753032,0.0059494033455848696,0.0072862314991652966,0.028045688569545747,0.0,0.007527041248977184,0.0,0.11829644441604614
4175,9.105205681407824e-05,0.006188079994171858,0.007300895173102617,0.028879521414637566,0.0,0.007489778101444244,0.0,0.11828599125146866
4176,9.144589130301028e-05,0.006303113140165806,0.007526989001780749,0.029992944747209548,0.0,0.007471829652786255,0.0,0.11830484867095947
4177,9.050324733834713e-05,0.006113965343683958,0.007282872870564461,0.028935493528842927,0.0,0.007444090209901333,0.0,0.1183183416724205
4178,9.94552523479797e-05,0.006279416661709547,0.00709689250215888,0.029000113904476165,0.0,0.007398788817226887,0.0,0.11831355094909668
4179,9.928622166626156e-05,0.006288490816950798,0.0075530392117798325,0.029594460129737855,0.0,0.007345912046730518,0.0,0.1183115616440773
4180,9.542109328322112e-05,0.00625327592715621,0.00744485417380929,0.028753698989748954,0.0,0.007270411588251591,0.0,0.11831072717905045
4181,9.360174590256065e-05,0.00602280693128705,0.007441829796880484,0.03002817779779434,0.0,0.00718921422958374,0.0,0.11832847446203232
4182,9.820487321121618e-05,0.006149283144623041,0.007950467243790626,0.026934883370995522,0.0,0.007124424912035465,0.0,0.11835770308971405
4183,9.669758728705346e-05,0.006091274041682482,0.007412981614470482,0.029933645203709603,0.0,0.007084170822054148,0.0,0.11837313324213028
4184,9.478190331719815e-05,0.006036106962710619,0.007111244928091764,0.02830396518111229,0.0,0.007055874913930893,0.0,0.11837969720363617
4185,9.564454958308489e-05,0.006144645251333713,0.007733097858726978,0.028606700897216796,0.0,0.007083723787218332,0.0,0.11837983131408691
4186,9.82614466920495e-05,0.006054543517529964,0.007399930339306593,0.029536525532603265,0.0,0.007169610355049372,0.0,0.11836578696966171
4187,0.00010155232448596507,0.00614601569250226,0.007312109973281622,0.028540543839335443,0.0,0.0072267791256308556,0.0,0.11835058778524399
4188,0.00010151995229534805,0.006203179061412811,0.00787017960101366,0.029589206352829932,0.0,0.007259898819029331,0.0,0.11836928129196167
4189,9.653408342273906e-05,0.006225560139864683,0.007925404328852892,0.029571127146482468,0.0,0.007356754504144192,0.0,0.11838756501674652
4190,9.538747981423512e-05,0.006234071683138609,0.008083551190793514,0.028580568358302118,0.0,0.007478388492017984,0.0,0.11839164793491364
4191,9.597785392543302e-05,0.006062380503863096,0.007949125766754151,0.028682222962379454,0.0,0.0075595565140247345,0.0,0.11839327961206436
4192,0.00010163876868318766,0.005989135801792144,0.007769211754202842,0.029525648429989816,0.0,0.007566317915916443,0.0,0.11840254068374634
4193,0.00010089901043102145,0.006060274783521891,0.007151671685278416,0.027939826995134354,0.0,0.0075270039960742,0.0,0.11841744184494019
4194,8.860227826517076e-05,0.006350334733724594,0.007398812100291252,0.028894865512847902,0.0,0.007541848812252283,0.0,0.11841690540313721
4195,9.471546509303153e-05,0.006042747013270855,0.007767248526215553,0.028467877954244613,0.0,0.007569568697363138,0.0,0.11841072142124176
4196,0.00010447462555021047,0.00630641020834446,0.007448273058980703,0.02983265109360218,0.0,0.007578407879918814,0.0,0.11840061843395233
4197,9.974906279239804e-05,0.00596951050683856,0.007795009016990662,0.029497678950428964,0.0,0.007667805999517441,0.0,0.11839728057384491
4198,0.00010111385490745306,0.006167107727378607,0.007416479475796223,0.028997746482491493,0.0,0.0077677443623542786,0.0,0.11839836835861206
4199,9.438883134862407e-05,0.0061524340882897375,0.0074968688189983364,0.0296480406075716,0.0,0.007833348587155342,0.0,0.11839773505926132
4200,9.399552800459787e-05,0.006199316028505564,0.006791204959154129,0.027797489985823633,0.0,0.00784994289278984,0.0,0.11839579045772552
4201,9.831413772189989e-05,0.006059231050312519,0.007434081006795168,0.029208232834935188,0.0,0.007801109459251165,0.0,0.11840369552373886
4202,9.934079280355945e-05,0.006065135542303324,0.007080258708447218,0.02879552133381367,0.0,0.0077346330508589745,0.0,0.1184186339378357
4203,9.713762847241014e-05,0.006012826599180699,0.007207671832293272,0.029854243621230125,0.0,0.007706216536462307,0.0,0.11841843277215958
4204,0.0001022645621560514,0.00635489309206605,0.007612920086830855,0.029538519307971002,0.0,0.007686573080718517,0.0,0.11842536926269531
4205,9.410641505382955e-05,0.00625081155449152,0.007758620660752058,0.029619615525007248,0.0,0.0076388344168663025,0.0,0.11844315379858017
4206,8.940636034822091e-05,0.00621331250295043,0.0073678956367075445,0.029882929101586343,0.0,0.007554789073765278,0.0,0.11846894025802612
4207,9.440887079108507e-05,0.0060346899554133415,0.0069172830320894715,0.028495507314801216,0.0,0.007454882375895977,0.0,0.11849342286586761
4208,9.19909798540175e-05,0.00624003279954195,0.007095145713537932,0.03008554019033909,0.0,0.007373550441116095,0.0,0.11852140724658966
4209,9.142330527538434e-05,0.006125976610928774,0.007264162320643664,0.028185058385133743,0.0,0.007332340814173222,0.0,0.11854493618011475
4210,9.988513484131545e-05,0.0062211773358285425,0.007183694746345282,0.02850518114864826,0.0,0.0073880525305867195,0.0,0.11854200065135956
4211,9.765852009877563e-05,0.0061283489689230915,0.007733093947172165,0.02982053831219673,0.0,0.007462236098945141,0.0,0.11852893978357315
4212,9.485617338214069e-05,0.005983729194849729,0.007131651043891907,0.02938004955649376,0.0,0.007504905574023724,0.0,0.11852170526981354
4213,8.70905481860973e-05,0.005921885743737221,0.007742705289274454,0.027877559512853624,0.0,0.00756182661280036,0.0,0.11853387206792831
4214,9.313093032687902e-05,0.005920339189469814,0.007103789784014225,0.028514979407191277,0.0,0.007721657864749432,0.0,0.11854352802038193
4215,9.773503115866334e-05,0.006196543760597706,0.007151403836905957,0.02813069671392441,0.0,0.007851662114262581,0.0,0.1185578852891922
4216,9.884200262604282e-05,0.006007973663508892,0.006637570355087519,0.02925737649202347,0.0,0.007891686633229256,0.0,0.11856383085250854
4217,0.00010244813311146572,0.006154289655387402,0.007105979323387146,0.02803368754684925,0.0,0.007877451367676258,0.0,0.11858807504177094
4218,0.00010171772300964222,0.006324860639870167,0.007113971281796694,0.028177735954523088,0.0,0.007862362079322338,0.0,0.1186169981956482
4219,0.0001009098326903768,0.006173055153340101,0.007529180590063333,0.030544887483119964,0.0,0.007823226042091846,0.0,0.11863188445568085
4220,0.00010636560182319954,0.006197801697999239,0.007274656184017658,0.029632309451699257,0.0,0.0077691758051514626,0.0,0.11865075677633286
4221,9.954067645594478e-05,0.006104147993028164,0.007456072047352791,0.028523900359869004,0.0,0.007771231234073639,0.0,0.11866629123687744
4222,9.417638211743906e-05,0.006355462968349457,0.00710214301943779,0.029874590411782264,0.0,0.007752373814582825,0.0,0.11867185682058334
4223,9.491778182564303e-05,0.0060064904391765594,0.007613806147128343,0.028794586658477783,0.0,0.007723093964159489,0.0,0.11867274343967438
4224,0.00010193290654569864,0.006374616734683513,0.007097166962921619,0.02940019853413105,0.0,0.007683541625738144,0.0,0.11867072433233261
4225,9.509296360192821e-05,0.006086806859821081,0.007391536794602871,0.02906480133533478,0.0,0.007633119821548462,0.0,0.11866497993469238
4226,9.389328624820337e-05,0.006186218466609716,0.007821290753781796,0.03083423376083374,0.0,0.007575184106826782,0.0,0.11864795535802841
4227,9.954214474419131e-05,0.006176259461790323,0.007340460736304522,0.029371576756238936,0.0,0.007516026496887207,0.0,0.1186424121260643
4228,9.694988402770832e-05,0.0061722854152321815,0.007394328247755766,0.029086504504084586,0.0,0.007447284646332264,0.0,0.11864218860864639
4229,0.0001033891414408572,0.006240182463079691,0.0073837869800627235,0.02780509479343891,0.0,0.007375082932412624,0.0,0.11864201724529266
4230,9.482512687100097e-05,0.006219241302460432,0.007270557526499033,0.028070883825421333,0.0,0.007305291946977377,0.0,0.11863863468170166
4231,9.78240932454355e-05,0.005930943600833416,0.007331265509128571,0.029690329730510712,0.0,0.007250155322253704,0.0,0.11862076818943024
4232,9.811870404519141e-05,0.006094830483198166,0.007239204552024603,0.028949961066246033,0.0,0.0072185201570391655,0.0,0.11861101537942886
4233,9.193402802338823e-05,0.006257577054202557,0.007909135520458221,0.027731989696621894,0.0,0.007216384168714285,0.0,0.11860696971416473
4234,9.75754126557149e-05,0.006312526017427445,0.007193061988800764,0.02738109081983566,0.0,0.007333061192184687,0.0,0.11858858913183212
4235,9.298091026721522e-05,0.006168933864682913,0.007540863566100597,0.028620219603180886,0.0,0.007535459008067846,0.0,0.11857154220342636
4236,9.63054902967997e-05,0.006253307219594717,0.007519023958593607,0.028870745748281478,0.0,0.007871607318520546,0.0,0.11855372041463852
4237,9.296542411902919e-05,0.006153813283890486,0.007713606860488653,0.028207508847117424,0.0,0.008169393986463547,0.0,0.11853252351284027
4238,9.311050089308993e-05,0.006216295994818211,0.0076027392409741875,0.030210185423493387,0.0,0.008317412808537483,0.0,0.11849915981292725
4239,0.0001013440007227473,0.0061372538097202774,0.007736488059163093,0.02879825495183468,0.0,0.008363534696400166,0.0,0.11848290264606476
4240,9.805380686884746e-05,0.006135084945708513,0.0077377243898808954,0.02891983836889267,0.0,0.008360974490642548,0.0,0.11846841871738434
4241,9.686572302598506e-05,0.006059657502919436,0.007361302617937326,0.028879017755389213,0.0,0.008364776149392128,0.0,0.11843947321176529
4242,9.921845776261762e-05,0.0060065314173698425,0.0072211879305541515,0.02952294908463955,0.0,0.008362112566828728,0.0,0.11841031163930893
4243,8.592266967752949e-05,0.00619255406782031,0.007113158050924539,0.028793572261929513,0.0,0.008351771160960197,0.0,0.11839301884174347
4244,8.94065058673732e-05,0.006243813596665859,0.0074628377333283424,0.029267816618084908,0.0,0.008285418152809143,0.0,0.11836294084787369
4245,9.157818276435137e-05,0.006024227011948824,0.007553958706557751,0.03048950657248497,0.0,0.008185705170035362,0.0,0.11834569275379181
4246,0.00010437752353027463,0.006142263859510421,0.007715483754873275,0.028559279069304465,0.0,0.00809205137193203,0.0,0.11834327131509781
4247,8.79107159562409e-05,0.005976381991058588,0.007803331501781941,0.030469130352139474,0.0,0.00799744762480259,0.0,0.11835364252328873
4248,0.00010313611273886636,0.00619590487331152,0.008330977242439985,0.030152595415711404,0.0,0.007901758886873722,0.0,0.11835859715938568
4249,9.062552126124502e-05,0.0062563646584749225,0.007653461303561926,0.03032785952091217,0.0,0.007824872620403767,0.0,0.11834685504436493
4250,9.608980326447636e-05,0.006067747063934803,0.0076716776005923745,0.028655260056257247,0.0,0.007827972061932087,0.0,0.11834733188152313
4251,9.798489045351744e-05,0.006143285892903805,0.007567877694964409,0.03029388077557087,0.0,0.007837974466383457,0.0,0.11834125220775604
4252,9.640135540394113e-05,0.006312230043113232,0.007949007581919432,0.028671440482139588,0.0,0.0078056929633021355,0.0,0.11835100501775742
4253,9.434928506379947e-05,0.006208792608231306,0.006971113476902246,0.027533034235239028,0.0,0.007742369081825018,0.0,0.11835919320583344
4254,8.772941218921914e-05,0.006125540286302566,0.007368785236030817,0.028799745067954064,0.0,0.007660851813852787,0.0,0.11835334450006485
4255,9.956265275832266e-05,0.006178159080445766,0.007140134647488594,0.02840324118733406,0.0,0.007566703949123621,0.0,0.11836407333612442
4256,0.00010111848096130415,0.006137259211391211,0.007329496927559376,0.02855169028043747,0.0,0.007505905814468861,0.0,0.1183711513876915
4257,0.0001017298985971138,0.0062361350283026695,0.007368907518684864,0.0289366539567709,0.0,0.007554142270237207,0.0,0.11837388575077057
4258,0.00010411351104266942,0.005960620194673538,0.007261426839977503,0.029475869983434676,0.0,0.007662312127649784,0.0,0.11838771402835846
4259,0.00010062479850603268,0.00597918163985014,0.0073596292175352575,0.029137974604964256,0.0,0.007718475069850683,0.0,0.11839405447244644
4260,9.445052273804322e-05,0.005970889516174793,0.0071335513144731525,0.02941932566463947,0.0,0.007699090987443924,0.0,0.11842100322246552
4261,9.780580294318497e-05,0.006089877337217331,0.008206092845648527,0.029637659341096877,0.0,0.007631242275238037,0.0,0.118441142141819
4262,9.211426950059832e-05,0.006093865726143122,0.008194210287183524,0.028008265420794487,0.0,0.007545161060988903,0.0,0.11844585090875626
4263,9.821983403526246e-05,0.006148656923323869,0.007711285073310137,0.029347849264740943,0.0,0.0074997553601861,0.0,0.11844916641712189
4264,9.35250223847106e-05,0.006055663805454969,0.007667249161750078,0.027669740468263627,0.0,0.007545812986791134,0.0,0.11845636367797852
4265,9.735932108014821e-05,0.005949753895401954,0.007251087669283151,0.029054289683699608,0.0,0.007610120810568333,0.0,0.11845383793115616
4266,0.00010207560553681106,0.006092452630400658,0.007734000962227583,0.027127934619784355,0.0,0.007620695047080517,0.0,0.1184345930814743
4267,9.20794642297551e-05,0.0061483196914196014,0.007561847940087319,0.02949763461947441,0.0,0.007584123872220516,0.0,0.11840549856424332
4268,0.00010050717246485874,0.006244377791881561,0.007465865090489387,0.027943820133805274,0.0,0.0075311558321118355,0.0,0.11839250475168228
4269,9.241940715583041e-05,0.006264117639511823,0.007682317681610584,0.027591338008642198,0.0,0.007486960384994745,0.0,0.11838681995868683
4270,9.332097106380388e-05,0.006081271171569824,0.007574581634253263,0.028652070462703703,0.0,0.00746714835986495,0.0,0.11837925016880035
4271,9.552773117320612e-05,0.006033085566014051,0.007720435690134764,0.02886432074010372,0.0,0.007456888910382986,0.0,0.11836804449558258
4272,9.862141887424513e-05,0.0058989283628761765,0.0072570348158478735,0.02947498969733715,0.0,0.007431800477206707,0.0,0.11836602538824081
4273,9.780912660062313e-05,0.006282844208180904,0.007239831052720547,0.027389086410403253,0.0,0.0074011655524373055,0.0,0.1183696761727333
4274,9.802146232686936e-05,0.006182669289410114,0.007436787709593773,0.02942376509308815,0.0,0.007364933844655752,0.0,0.11838098615407944
4275,9.801588457776233e-05,0.006053223740309477,0.007385836355388165,0.028998283296823503,0.0,0.007315721362829208,0.0,0.11839784681797028
4276,9.989844402298331e-05,0.0062006134539842606,0.006766935531049967,0.028255574777722357,0.0,0.007263506297022104,0.0,0.11841146647930145
4277,8.8906341989059e-05,0.006153296399861574,0.007245990727096796,0.029445880651474,0.0,0.0072214072570204735,0.0,0.11841733753681183
4278,0.00010149386362172663,0.006005166098475456,0.007141227275133133,0.027861640974879264,0.0,0.007206024136394262,0.0,0.11840759217739105
4279,9.376801608595997e-05,0.006230957806110382,0.007713869865983725,0.029940447583794595,0.0,0.007323071360588074,0.0,0.11839765310287476
4280,9.503722831141203e-05,0.0062224514782428745,0.007541108038276434,0.02915516458451748,0.0,0.007435215171426535,0.0,0.11839872598648071
4281,9.693548054201528e-05,0.006239033024758101,0.007755219656974077,0.02973798252642155,0.0,0.007472541183233261,0.0,0.11840365082025528
4282,9.978941670851782e-05,0.006153580546379089,0.007654253300279379,0.028917073830962182,0.0,0.007439166307449341,0.0,0.11840230226516724
4283,9.688601712696255e-05,0.006030941102653742,0.007482444681227207,0.02876645661890507,0.0,0.0073693497106432915,0.0,0.11839896440505981
4284,9.012686932692304e-05,0.006256499700248242,0.007621760293841362,0.029576805606484412,0.0,0.0073558129370212555,0.0,0.11838402599096298
4285,0.00010177849471801892,0.006078987289220095,0.0076759645715355875,0.030030231550335885,0.0,0.007411535829305649,0.0,0.11836477369070053
4286,9.271133894799277e-05,0.006121809035539627,0.007317175529897213,0.02903238609433174,0.0,0.00752040883526206,0.0,0.11835359036922455
4287,9.555302531225607e-05,0.006276808585971594,0.00728487428277731,0.028282608836889267,0.0,0.007584483362734318,0.0,0.11835871636867523
4288,0.000101911774254404,0.006131915003061294,0.007332570385187864,0.030201369896531105,0.0,0.0076085724867880344,0.0,0.11835911124944687
4289,9.784153662621975e-05,0.006274913344532252,0.007439426053315401,0.029867637902498245,0.0,0.0075846342369914055,0.0,0.11836333572864532
4290,9.162812930298969e-05,0.006148662976920604,0.007369284797459841,0.030657829716801643,0.0,0.007603318430483341,0.0,0.1183759793639183
4291,9.410326019860804e-05,0.006200403533875942,0.00712785804644227,0.028752392157912254,0.0,0.007696991320699453,0.0,0.11840979754924774
4292,0.00010308881755918264,0.006164848990738392,0.007756229210644961,0.02894553430378437,0.0,0.007769270334392786,0.0,0.11844606697559357
4293,8.901838737074286e-05,0.006068477220833301,0.007718363124877214,0.028977537527680397,0.0,0.007788136601448059,0.0,0.11845918744802475
4294,0.00010026280797319487,0.006183592416346073,0.00724006062373519,0.02917664237320423,0.0,0.007759597152471542,0.0,0.11846426874399185
4295,9.839400445343927e-05,0.006131849065423012,0.007264835387468338,0.028437837585806848,0.0,0.007721276488155127,0.0,0.1184706911444664
4296,0.00010300429858034477,0.006038781069219112,0.0075555949471890925,0.029624863341450692,0.0,0.007663273252546787,0.0,0.11846667528152466
4297,0.00010393656993983314,0.00610390268266201,0.006867725308984518,0.029748179763555527,0.0,0.007620536722242832,0.0,0.1184728741645813
4298,9.824186563491821e-05,0.006183471065014601,0.007258216850459576,0.02893213592469692,0.0,0.007585385348647833,0.0,0.118486687541008
4299,9.694068867247552e-05,0.006184214446693659,0.0073978427797555925,0.02690923660993576,0.0,0.007539880927652121,0.0,0.11850182712078094
4300,9.907851344905793e-05,0.006091254204511643,0.00798197165131569,0.028895582258701324,0.0,0.007525312248617411,0.0,0.11850142478942871
4301,9.828393085626885e-05,0.006173770502209663,0.007478769868612289,0.02920358330011368,0.0,0.0075875259935855865,0.0,0.11849375069141388
4302,9.020878642331808e-05,0.006110997125506401,0.007053126860409975,0.030204621702432634,0.0,0.007634512148797512,0.0,0.11849009990692139
4303,9.43797014770098e-05,0.0062399678863584995,0.007358401641249656,0.028708715736865998,0.0,0.007638537324965,0.0,0.11847773939371109
4304,9.480520384386182e-05,0.0060775671154260635,0.007070433162152767,0.028320467472076415,0.0,0.00760082621127367,0.0,0.11846126616001129
4305,9.226344409398734e-05,0.006260744947940111,0.007673006039112806,0.0287519846111536,0.0,0.0075424895621836185,0.0,0.11845572292804718
4306,0.000101115953293629,0.006317921914160252,0.0076234000734984875,0.02732851654291153,0.0,0.0074827098287642,0.0,0.11845970153808594
4307,0.00010076623293571174,0.00606297878548503,0.007898535579442978,0.028546102344989777,0.0,0.007424858398735523,0.0,0.11847571283578873
4308,9.580317419022322e-05,0.006026294082403183,0.007676206342875957,0.02835625782608986,0.0,0.007360254414379597,0.0,0.11849428713321686
4309,9.243816020898521e-05,0.006305463146418333,0.007162228226661682,0.029280151054263116,0.0,0.007284216582775116,0.0,0.11851374804973602
4310,0.00010264270094921813,0.0060962802730500695,0.0069360419176518915,0.029421688243746757,0.0,0.0072144195437431335,0.0,0.11852304637432098
4311,9.818897524382919e-05,0.0061841575428843495,0.007290895283222199,0.030515435338020324,0.0,0.00717531144618988,0.0,0.11852078139781952
4312,9.883718739729374e-05,0.006135622598230838,0.007042394019663334,0.030072545632719994,0.0,0.007163149770349264,0.0,0.11851229518651962
4313,9.711520979180933e-05,0.005958464927971363,0.007360150013118983,0.02821044363081455,0.0,0.007191016338765621,0.0,0.11851686239242554
4314,9.526739740977064e-05,0.006346847768872977,0.007038748450577259,0.02965160831809044,0.0,0.0071958801709115505,0.0,0.11851165443658829
4315,9.653327288106084e-05,0.006061224453151226,0.007611957006156444,0.03004600740969181,0.0,0.0071784271858632565,0.0,0.11849687248468399
4316,0.00010335461847716942,0.006143817864358425,0.007126447558403015,0.028149953857064248,0.0,0.007210840936750174,0.0,0.1184920221567154
4317,0.00010095517645822838,0.0059452738612890245,0.0073284472338855265,0.029426368325948714,0.0,0.007296695373952389,0.0,0.11849210411310196
4318,9.662121738074347e-05,0.006044202670454979,0.007347410917282105,0.02912873513996601,0.0,0.007350504398345947,0.0,0.11850796639919281
4319,0.00010010167461587116,0.006081224326044321,0.00772159518674016,0.028890005499124526,0.0,0.007376872003078461,0.0,0.11852367967367172
4320,9.167337702820078e-05,0.006101728789508343,0.007058294769376516,0.02890775427222252,0.0,0.007368100341409445,0.0,0.11852999031543732
4321,0.00010125179978786037,0.006138723064213991,0.007187670562416315,0.028736451268196107,0.0,0.007333483546972275,0.0,0.11854220926761627
4322,9.455739927943796e-05,0.005913446564227343,0.007322343718260527,0.027327312529087065,0.0,0.007299900054931641,0.0,0.118552066385746
4323,0.00010064145317301154,0.006129481550306082,0.0073586516082286835,0.029132935404777526,0.0,0.007260370999574661,0.0,0.11854777485132217
4324,0.00010062512883450836,0.006281465850770473,0.007261940278112888,0.027874384447932242,0.0,0.0072143906727433205,0.0,0.11853554099798203
4325,9.788004535948858e-05,0.006138330698013306,0.007226539775729179,0.028816991299390794,0.0,0.0072195157408714294,0.0,0.11852659285068512
4326,0.00010115723998751491,0.006048634182661772,0.007142072450369597,0.029282696917653082,0.0,0.007319514639675617,0.0,0.11850978434085846
4327,9.514649136690422e-05,0.006160187907516957,0.007261092960834503,0.02870308272540569,0.0,0.007459345273673534,0.0,0.11850227415561676
4328,9.576844167895615e-05,0.00583631144836545,0.007629300095140934,0.029643119871616365,0.0,0.007616671733558178,0.0,0.11852948367595673
4329,0.00010769080545287579,0.006159747019410133,0.007364915311336517,0.02888582497835159,0.0,0.0077170757576823235,0.0,0.11854644119739532
4330,9.603776852600277e-05,0.006387052685022354,0.007284740079194307,0.028965068608522417,0.0,0.007735182531177998,0.0,0.11855139583349228
4331,0.0001038878137478605,0.006306406296789646,0.006872831098735333,0.02767508402466774,0.0,0.007758516818284988,0.0,0.1185724288225174
4332,9.595519222784787e-05,0.006001967098563909,0.0067673645913600925,0.029383035004138948,0.0,0.00773842167109251,0.0,0.11856814473867416
4333,0.00010030562698375434,0.006134269572794437,0.007071435172110796,0.028731007501482962,0.0,0.007668820209801197,0.0,0.11856710910797119
4334,9.877888078335673e-05,0.006068469397723675,0.007047544326633215,0.029520201683044433,0.0,0.007573378272354603,0.0,0.11857893317937851
4335,0.00010875967127503827,0.005949653126299382,0.00677064685150981,0.028146692737936973,0.0,0.007467753253877163,0.0,0.11856569349765778
4336,0.00010320602305000648,0.006165842618793249,0.007290036324411631,0.029453751072287558,0.0,0.007364614401012659,0.0,0.11855483055114746
4337,0.00010291533981217071,0.00609227018430829,0.00740806208923459,0.029607997089624406,0.0,0.0072819627821445465,0.0,0.11853711307048798
4338,9.047596249729395e-05,0.006131800264120102,0.0075931912288069725,0.030503695458173753,0.0,0.00721465889364481,0.0,0.11851916462182999
4339,8.961085404735059e-05,0.006230972241610289,0.00727926455438137,0.029227384924888612,0.0,0.0071500735357403755,0.0,0.11851456016302109
4340,9.779175597941503e-05,0.006210549734532833,0.0074292909353971485,0.0282114390283823,0.0,0.007095366716384888,0.0,0.11851183325052261
4341,9.690289880381897e-05,0.006242911517620087,0.007662933506071568,0.029736894369125366,0.0,0.007115672342479229,0.0,0.11850013583898544
4342,9.138525638263673e-05,0.006054919399321079,0.007592700328677893,0.02834014818072319,0.0,0.007262305356562138,0.0,0.1184956282377243
4343,9.719315130496398e-05,0.006000323500484228,0.00769829535856843,0.028577278926968576,0.0,0.007382980547845364,0.0,0.11847350746393204
4344,9.764338319655508e-05,0.006145196408033371,0.007352240569889546,0.029456541314721106,0.0,0.0074564190581440926,0.0,0.11844821274280548
4345,9.38639568630606e-05,0.0061559643596410755,0.007234119065105915,0.02934684380888939,0.0,0.007572926580905914,0.0,0.11845391988754272
4346,9.955869609257206e-05,0.006004248932003975,0.007531613484025002,0.028635543212294577,0.0,0.007673942483961582,0.0,0.11845145374536514
4347,9.251010196749121e-05,0.005984050966799259,0.007549795880913734,0.028925348073244095,0.0,0.007729154080152512,0.0,0.11844029277563095
4348,9.98430245090276e-05,0.0063077637925744055,0.007281517796218395,0.02912605442106724,0.0,0.007747183088213205,0.0,0.11842922121286392
4349,0.00010667214955901727,0.006135420594364405,0.00750639671459794,0.030264175683259963,0.0,0.007700485177338123,0.0,0.11841651052236557
4350,0.0001003673009108752,0.006068864744156599,0.0072645523585379125,0.02910982258617878,0.0,0.007658306509256363,0.0,0.11841988563537598
4351,9.55559327849187e-05,0.0060533033683896065,0.007304984237998724,0.028973347693681716,0.0,0.007624652236700058,0.0,0.11842598766088486
4352,9.671339357737452e-05,0.006067612487822771,0.006838981527835131,0.02860852926969528,0.0,0.007567649241536856,0.0,0.11842408031225204
4353,9.038607531692832e-05,0.005988005548715591,0.007439189311116934,0.028911663591861723,0.0,0.007480061613023281,0.0,0.1184132844209671
4354,9.226105757988989e-05,0.006017476785928011,0.007465405482798814,0.028226307407021523,0.0,0.007379558868706226,0.0,0.11840809881687164
4355,9.548238886054605e-05,0.005947582703083753,0.006958118267357349,0.028207898885011674,0.0,0.0072778500616550446,0.0,0.11840581893920898
4356,9.899703582050279e-05,0.006274135690182448,0.006946695130318403,0.028480922058224677,0.0,0.007182141300290823,0.0,0.11840365827083588
4357,9.592121932655573e-05,0.006025844439864159,0.007382945250719785,0.02894432805478573,0.0,0.007134710438549519,0.0,0.1183834820985794
4358,9.898173739202321e-05,0.006273710541427136,0.0069596485234797,0.02900233492255211,0.0,0.007137774024158716,0.0,0.11836743354797363
4359,9.783189307199791e-05,0.006106222234666348,0.007749398425221443,0.030008058249950408,0.0,0.007164248265326023,0.0,0.11837122589349747
4360,9.358714596601203e-05,0.006199017912149429,0.007613512594252825,0.0289495300501585,0.0,0.007191557437181473,0.0,0.11838188022375107
4361,9.707551798783242e-05,0.006202174350619316,0.00725274933502078,0.02889142408967018,0.0,0.007226160727441311,0.0,0.11837457120418549
4362,0.0001005039259325713,0.006260193139314652,0.007217054348438978,0.030461260676383974,0.0,0.00726768234744668,0.0,0.11836162954568863
4363,9.990928956540301e-05,0.0064208882860839365,0.007581925485283136,0.030033229663968087,0.0,0.007355491165071726,0.0,0.11835779249668121
4364,9.382322459714488e-05,0.006034591328352689,0.007067615818232298,0.029113345220685004,0.0,0.00763670215383172,0.0,0.11835219711065292
4365,8.993860537884757e-05,0.006425872910767794,0.007760388124734163,0.02990800477564335,0.0,0.007907509803771973,0.0,0.1183563694357872
4366,0.00011296655284240842,0.0061978745274245736,0.007972335815429688,0.02873801589012146,0.0,0.00804915651679039,0.0,0.11835616827011108
4367,9.387416648678481e-05,0.00613139271736145,0.0075421353802084925,0.028258226066827773,0.0,0.008078990504145622,0.0,0.11836659908294678
4368,9.428162593394518e-05,0.006260298006236553,0.006964107323437929,0.029597529023885728,0.0,0.008078686892986298,0.0,0.1183859333395958
4369,9.320610406575725e-05,0.006322825141251087,0.007588495686650276,0.02918217107653618,0.0,0.00816184189170599,0.0,0.11838974803686142
4370,0.00010280238930135966,0.006086687278002501,0.007386574894189835,0.02893451787531376,0.0,0.00825068075209856,0.0,0.11839594691991806
4371,0.0001055332031683065,0.006160521693527698,0.007726329285651446,0.02927611581981182,0.0,0.008294371888041496,0.0,0.11839918792247772
4372,9.942485776264221e-05,0.006118458602577448,0.007545757293701172,0.028640196844935416,0.0,0.008264834061264992,0.0,0.11839735507965088
4373,9.826506284298376e-05,0.00629696948453784,0.007917050737887621,0.028933260962367056,0.0,0.008178671821951866,0.0,0.1184077039361
4374,9.946158388629556e-05,0.006252781488001347,0.007623557187616825,0.028487079218029975,0.0,0.008076954632997513,0.0,0.11842973530292511
4375,0.000110624500666745,0.006252668425440788,0.007390602864325047,0.028518589586019515,0.0,0.007989298552274704,0.0,0.11845898628234863
4376,9.535405552014708e-05,0.006152908690273762,0.007879587542265653,0.02959580048918724,0.0,0.007893403060734272,0.0,0.11847832053899765
4377,9.909448417602106e-05,0.005959826614707708,0.007454616110771894,0.028872434794902802,0.0,0.007785314228385687,0.0,0.11850444972515106
4378,9.956578724086284e-05,0.006125622615218163,0.007013138104230166,0.029398535192012788,0.0,0.007750449236482382,0.0,0.11849794536828995
4379,9.295914496760815e-05,0.006172203831374646,0.0076762867160141465,0.028149225190281867,0.0,0.007749832235276699,0.0,0.11848524957895279
4380,9.33734409045428e-05,0.0061060493811964985,0.0071126830764114855,0.028787334263324738,0.0,0.007732493337243795,0.0,0.11847610771656036
4381,9.710887097753584e-05,0.005962564516812563,0.007432157173752785,0.029552549496293067,0.0,0.007708752062171698,0.0,0.11845789104700089
4382,9.649595303926617e-05,0.006231030728667974,0.007389409560710191,0.029136746749281885,0.0,0.007658777292817831,0.0,0.11844940483570099
4383,0.00010105334949912503,0.005917585548013448,0.007267219573259353,0.02876708544790745,0.0,0.00759655237197876,0.0,0.11844827234745026
4384,9.246781264664606e-05,0.006125399470329284,0.0073651188984513285,0.029070012643933295,0.0,0.007532695773988962,0.0,0.11844716966152191
4385,9.799041872611269e-05,0.006115246191620826,0.007578419800847769,0.02768884412944317,0.0,0.007480527274310589,0.0,0.11844627559185028
4386,9.22931736567989e-05,0.006252891011536121,0.007145061250776052,0.028080499172210692,0.0,0.007412567734718323,0.0,0.11844541877508163
4387,0.00010032130812760442,0.006090222857892513,0.007514624949544668,0.030038123205304145,0.0,0.007409957237541676,0.0,0.11843355000019073
4388,0.00010168231383431703,0.006097747478634119,0.007337296660989523,0.029071959480643273,0.0,0.007508718874305487,0.0,0.1184265986084938
4389,9.79479489615187e-05,0.00605591107159853,0.007542852032929659,0.028809507936239244,0.0,0.007586656603962183,0.0,0.11844062805175781
4390,9.21871222089976e-05,0.006276182923465967,0.007476020511239767,0.028978124260902405,0.0,0.007604704704135656,0.0,0.11846397072076797
4391,0.00011039103846997023,0.006221873126924038,0.007509182952344417,0.029466110840439798,0.0,0.0076096756383776665,0.0,0.1184670701622963
4392,9.982194751501083e-05,0.006153627019375563,0.007172982208430767,0.029524065926671027,0.0,0.0076332539319992065,0.0,0.11845183372497559
4393,0.00010180631797993556,0.006278824433684349,0.0074274567887187,0.029982582852244376,0.0,0.007651366293430328,0.0,0.1184503585100174
4394,9.8935047572013e-05,0.006206817459315062,0.007383335381746292,0.029252781346440316,0.0,0.007688532117754221,0.0,0.1184546947479248
4395,9.456651023356243e-05,0.006040679384022951,0.007368090189993381,0.029304033145308495,0.0,0.007726258132606745,0.0,0.11845771968364716
4396,0.00010290813515894115,0.0060978828929364685,0.007640634849667549,0.028955980390310287,0.0,0.007733888924121857,0.0,0.11845219135284424
4397,9.755297505762429e-05,0.005950169824063778,0.007764373254030943,0.028588933497667314,0.0,0.007727333344519138,0.0,0.11844273656606674
4398,9.896421834127977e-05,0.005997016001492739,0.007588251587003469,0.029239914566278457,0.0,0.007712849415838718,0.0,0.11843939870595932
4399,0.00010063205845654011,0.00602814881131053,0.007673134002834559,0.028084708005189897,0.0,0.007662960793823004,0.0,0.11843802034854889
4400,0.00010061580687761306,0.0062207839451730255,0.007350152544677258,0.029812005907297136,0.0,0.007610457483679056,0.0,0.11843675374984741
4401,9.924366167979315e-05,0.006002723798155784,0.007321180310100317,0.02891068793833256,0.0,0.0076362816616892815,0.0,0.11843129247426987
4402,9.95385504211299e-05,0.006318358331918716,0.007425118889659643,0.028236639499664307,0.0,0.007683794945478439,0.0,0.11842508614063263
4403,0.00010391323739895597,0.006108961999416351,0.007393665984272957,0.028313420340418817,0.0,0.0077157942578196526,0.0,0.11842074245214462
4404,9.399993577972055e-05,0.0059932548552751545,0.007464670576155186,0.02957739233970642,0.0,0.0077096386812627316,0.0,0.11841282993555069
4405,9.580058249412105e-05,0.00611035842448473,0.007037712354212999,0.030314266309142114,0.0,0.007676401641219854,0.0,0.11841006577014923
4406,9.443424933124334e-05,0.006147830467671156,0.007561850734055043,0.0278083611279726,0.0,0.007687315344810486,0.0,0.1184052973985672
4407,0.00010559246147749946,0.005960808880627155,0.007372426334768534,0.029162155091762544,0.0,0.00769339594990015,0.0,0.1183934435248375
4408,9.590224217390642e-05,0.006196356285363436,0.007250104285776615,0.028594820573925973,0.0,0.007673456333577633,0.0,0.11839927732944489
4409,9.501689346507192e-05,0.00581918079406023,0.007446451112627983,0.02832239679992199,0.0,0.007635557558387518,0.0,0.11841126531362534
4410,9.482678433414549e-05,0.006137961242347956,0.006711181718856096,0.029231520369648933,0.0,0.0075735487043857574,0.0,0.11843309551477432
4411,9.584175277268513e-05,0.0062115520238876345,0.007284083869308233,0.028956685215234756,0.0,0.007491259835660458,0.0,0.11844617128372192
4412,9.989288519136607e-05,0.006121008843183518,0.007289172615855932,0.029407542198896408,0.0,0.007415451109409332,0.0,0.11844153702259064
4413,0.00010180256504099816,0.0060188804753124716,0.0072588114067912105,0.028725127503275872,0.0,0.007344924844801426,0.0,0.11844475567340851
4414,0.00010200920369243249,0.006222444120794535,0.006869994197040796,0.028189581632614136,0.0,0.007335583679378033,0.0,0.11844475567340851
4415,9.978462039725856e-05,0.006187327392399311,0.007517991680651903,0.030057751387357712,0.0,0.007372432854026556,0.0,0.11844992637634277
4416,9.609928238205612e-05,0.006101069133728742,0.007570398040115833,0.028153398633003236,0.0,0.0074035366997122765,0.0,0.11847551167011261
4417,0.00010667674650903791,0.006174178887158632,0.007492661569267511,0.02836366593837738,0.0,0.007423861417919397,0.0,0.11850352585315704
4418,9.842494473559782e-05,0.0063368892297148705,0.007669624127447605,0.028212888166308403,0.0,0.0074811093509197235,0.0,0.11852482706308365
4419,9.668242855696008e-05,0.006059873197227716,0.007571703568100929,0.029462546110153198,0.0,0.007546253502368927,0.0,0.11853388696908951
4420,9.373965003760532e-05,0.006374938879162073,0.007223185151815414,0.029229309037327768,0.0,0.007601401302963495,0.0,0.11852803081274033
4421,0.00010115404293173925,0.005956943705677986,0.00815244521945715,0.028849755227565766,0.0,0.007671103812754154,0.0,0.11851546913385391
4422,0.00010270971397403627,0.0062538149766623976,0.007445729523897171,0.028767839446663855,0.0,0.007760027889162302,0.0,0.11851441860198975
4423,9.268872381653636e-05,0.006094562727957964,0.007156657706946135,0.028846916183829306,0.0,0.007847768254578114,0.0,0.11851303279399872
4424,9.803153661778197e-05,0.006034477427601814,0.007219050265848637,0.029293857514858246,0.0,0.007940825074911118,0.0,0.11850498616695404
4425,9.695746266515925e-05,0.005984116066247225,0.007600750308483839,0.0292324248701334,0.0,0.007992727681994438,0.0,0.11850986629724503
4426,9.357158851344138e-05,0.006091486103832722,0.007331419549882412,0.02842736691236496,0.0,0.007974834181368351,0.0,0.11851446330547333
4427,0.0001027104735840112,0.006154444348067045,0.007453166507184505,0.029058555141091347,0.0,0.007912514731287956,0.0,0.11851043999195099
4428,9.792816126719117e-05,0.006050418689846992,0.007209792919456959,0.030321217328310012,0.0,0.007827581837773323,0.0,0.11852635443210602
4429,9.576509037287906e-05,0.0062257681041955944,0.006861262768507004,0.029865990206599236,0.0,0.0077184708788990974,0.0,0.11854249238967896
4430,9.453033562749625e-05,0.005978688597679138,0.006897243857383728,0.029355911165475847,0.0,0.0076193190179765224,0.0,0.1185462698340416
4431,9.93070992990397e-05,0.00622757151722908,0.007447236403822899,0.029565001279115675,0.0,0.007558976300060749,0.0,0.11854550987482071
4432,9.267653222195804e-05,0.006277628894895315,0.007439499720931053,0.028871696442365646,0.0,0.0075074369087815285,0.0,0.11856460571289062
4433,9.23144951229915e-05,0.00597061151638627,0.007336605060845614,0.029327424243092537,0.0,0.007436794228851795,0.0,0.11857776343822479
4434,9.808403556235134e-05,0.00597091568633914,0.007304126489907503,0.029015061259269715,0.0,0.007362782955169678,0.0,0.11858494579792023
4435,9.886691404972225e-05,0.006177703756839037,0.007612936943769455,0.028763199225068092,0.0,0.007304576225578785,0.0,0.1185765415430069
4436,9.283174003940075e-05,0.006104295048862696,0.00789237506687641,0.027138616889715195,0.0,0.007300713565200567,0.0,0.11855491250753403
4437,9.860404825303703e-05,0.006339468248188496,0.00746766934171319,0.02933609075844288,0.0,0.007311160676181316,0.0,0.11852996051311493
4438,9.041259181685746e-05,0.00622668145224452,0.007255027443170548,0.02879532165825367,0.0,0.007305464707314968,0.0,0.11850942671298981
4439,9.622111538192258e-05,0.006171201728284359,0.007263931632041931,0.02881387323141098,0.0,0.00727260485291481,0.0,0.11849379539489746
4440,0.00010089728166349233,0.006301618181169033,0.007316615059971809,0.029025496914982796,0.0,0.007213223725557327,0.0,0.11847380548715591
4441,9.581318008713424e-05,0.006009156350046396,0.0076606770046055315,0.028039081767201424,0.0,0.007155080791562796,0.0,0.11845376342535019
4442,0.00010104504035552963,0.006104899011552334,0.007818004675209522,0.02900684028863907,0.0,0.007166816387325525,0.0,0.11843043565750122
4443,0.0001044654956785962,0.005818410776555538,0.007898085657507182,0.0291566900908947,0.0,0.007274752017110586,0.0,0.1184190884232521
4444,0.00010738736018538475,0.006005912274122238,0.007625393941998482,0.02821737825870514,0.0,0.007410658989101648,0.0,0.1184311956167221
4445,9.416392858838663e-05,0.006137035321444273,0.007769105304032564,0.029548823460936548,0.0,0.007505552377551794,0.0,0.11844239383935928
4446,9.435906686121598e-05,0.00618766313418746,0.00772192319855094,0.028263910859823226,0.0,0.007528652437031269,0.0,0.11844867467880249
4447,0.00010323063033865765,0.0061209268867969515,0.007550978846848011,0.028357914835214614,0.0,0.007516901008784771,0.0,0.11843019723892212
4448,0.0001010320833302103,0.00605103000998497,0.0069087866693735124,0.028084399178624153,0.0,0.007545327302068472,0.0,0.1184098944067955
4449,9.942942997440696e-05,0.00604472141712904,0.0075167354196310045,0.028362029790878297,0.0,0.0075772651471197605,0.0,0.11839252710342407
4450,9.734883788041771e-05,0.006159855052828789,0.0074844974093139175,0.02875613607466221,0.0,0.007592941168695688,0.0,0.11837742477655411
4451,9.032471280079335e-05,0.006269102636724711,0.007576361857354641,0.02834371253848076,0.0,0.007584630511701107,0.0,0.11838153749704361
4452,9.339471871498972e-05,0.006061066500842571,0.007520019356161356,0.028442245349287985,0.0,0.007570981979370117,0.0,0.11838797479867935
4453,9.843492152867838e-05,0.006115412339568138,0.007645335141569376,0.029568246752023696,0.0,0.007617922965437174,0.0,0.1184014081954956
4454,9.516987047391013e-05,0.00614727633073926,0.00752113489434123,0.02927582450211048,0.0,0.007642493583261967,0.0,0.11841311305761337
4455,9.697007189970463e-05,0.006147726066410541,0.007366599608212709,0.02879231721162796,0.0,0.00761938001960516,0.0,0.11840957403182983
4456,0.00010104945977218449,0.005947653856128454,0.007184032630175352,0.030261404812335968,0.0,0.0075604417361319065,0.0,0.11841382831335068
4457,9.262755193049089e-05,0.006224617175757885,0.007119057513773441,0.027142884209752083,0.0,0.0075116632506251335,0.0,0.11843094974756241
4458,0.00010074694146169349,0.005977101158350706,0.00704975463449955,0.027690234035253523,0.0,0.007530417293310165,0.0,0.1184290423989296
4459,0.00010379390441812575,0.006006912514567375,0.00715655256062746,0.027391205728054046,0.0,0.007563241757452488,0.0,0.11841662228107452
4460,0.00010083385859616101,0.006112772040069103,0.007810632511973381,0.029426324740052225,0.0,0.007574147079139948,0.0,0.11841583251953125
4461,9.419949346920476e-05,0.006035357620567084,0.007320758141577244,0.029951782897114754,0.0,0.007565499749034643,0.0,0.11840665340423584
4462,0.00010040916240541264,0.006043386273086071,0.007403481099754572,0.028402318805456163,0.0,0.007562207989394665,0.0,0.1183977872133255
4463,9.093037515413016e-05,0.006007241830229759,0.0077152160927653314,0.028308176994323732,0.0,0.0075806183740496635,0.0,0.1183813065290451
4464,9.551093826303259e-05,0.006192516535520554,0.007752332463860511,0.02912313900887966,0.0,0.007586205843836069,0.0,0.11834857612848282
4465,9.648339182604105e-05,0.006140669342130423,0.0077663779258728026,0.028646539151668548,0.0,0.0075620985589921474,0.0,0.11832012981176376
4466,9.844397136475891e-05,0.006031878106296062,0.0074588596820831295,0.028495923802256583,0.0,0.007581441197544336,0.0,0.11830945312976837
4467,9.753123740665614e-05,0.00624187346547842,0.007366753090173006,0.028687570989131928,0.0,0.007605324033647776,0.0,0.11829419434070587
4468,9.303613478550687e-05,0.006215509586036205,0.007390463352203369,0.02847810573875904,0.0,0.007617114577442408,0.0,0.11828366667032242
4469,0.000105961540248245,0.006005772855132818,0.007632647641003132,0.028204317018389703,0.0,0.007699077483266592,0.0,0.11827317625284195
4470,9.906986524583772e-05,0.006129402294754982,0.007471758406609297,0.02862989567220211,0.0,0.007771892007440329,0.0,0.11826564371585846
4471,9.733936021802947e-05,0.0060820366255939,0.007459507696330548,0.028188395127654076,0.0,0.007795137353241444,0.0,0.11826936900615692
4472,0.00010153422481380403,0.006153554748743772,0.0070006104186177255,0.029388049244880678,0.0,0.00776846706867218,0.0,0.11827881634235382
4473,9.923953912220896e-05,0.006111792102456093,0.007559742219746113,0.029422689229249954,0.0,0.007716163992881775,0.0,0.11829094588756561
4474,0.00010446796222822741,0.006043346226215362,0.007485359068959951,0.029569182172417642,0.0,0.00766484159976244,0.0,0.11830880492925644
4475,9.428984631085769e-05,0.006334071233868599,0.007501535210758447,0.028613287955522537,0.0,0.007698339410126209,0.0,0.11832926422357559
4476,9.805026493268088e-05,0.006097801867872477,0.007429189141839742,0.0284162949770689,0.0,0.007813737727701664,0.0,0.11833035945892334
4477,0.00010217198869213461,0.0062183326110243796,0.007409499678760767,0.029574909061193467,0.0,0.007868732325732708,0.0,0.11832954734563828
4478,0.0001042406540364027,0.006172184459865093,0.00764344222843647,0.029475080594420434,0.0,0.007849154993891716,0.0,0.1183314174413681
4479,9.78302545263432e-05,0.0061567344702780245,0.007327404990792275,0.03005414120852947,0.0,0.007784066256135702,0.0,0.11833258718252182
4480,9.82602417934686e-05,0.005958823207765818,0.007641925476491451,0.027975014969706537,0.0,0.0077020106837153435,0.0,0.11835402250289917
4481,9.839772828854621e-05,0.00618588337674737,0.0074971125461161135,0.029807917028665542,0.0,0.007617542054504156,0.0,0.11838041245937347
4482,9.203299705404789e-05,0.0061190883629024025,0.00753142349421978,0.0293019887059927,0.0,0.007528638932853937,0.0,0.11839622259140015
4483,9.982272604247555e-05,0.006101002637296915,0.007191592827439308,0.028613455593585968,0.0,0.007455428130924702,0.0,0.11840210109949112
4484,9.750198951223865e-05,0.006255751103162765,0.007713855989277363,0.02927219606935978,0.0,0.007413861807435751,0.0,0.11841003596782684
4485,9.487004717811942e-05,0.0062710740603506565,0.007341788802295923,0.02831352539360523,0.0,0.0074148462153971195,0.0,0.11842955648899078
4486,9.475945989834145e-05,0.006022623367607593,0.007694720756262541,0.028000232577323914,0.0,0.007411406375467777,0.0,0.11843091249465942
4487,9.816719539230689e-05,0.006013437919318676,0.007662947382777929,0.02838587835431099,0.0,0.0074060047045350075,0.0,0.11840502172708511
4488,0.00010264091106364504,0.005975159909576177,0.007787134498357773,0.029466637596488,0.0,0.007443281356245279,0.0,0.11836377531290054
4489,0.0001039985887473449,0.006336806900799274,0.007769155967980623,0.028847720101475717,0.0,0.0074880048632621765,0.0,0.11831815540790558
4490,0.00010089607094414532,0.0061335420235991474,0.007416141126304865,0.02896919585764408,0.0,0.007516796700656414,0.0,0.11828428506851196
4491,9.183885558741167e-05,0.006085994653403759,0.007782675325870514,0.02947111465036869,0.0,0.007533167488873005,0.0,0.11826258897781372
4492,0.00010426840890431777,0.005943355802446604,0.006895031314343214,0.029704734310507776,0.0,0.007500586565583944,0.0,0.11825042963027954
4493,0.00010347354545956478,0.006093188282102346,0.007400420121848583,0.029318137839436532,0.0,0.0074339816346764565,0.0,0.11826159060001373
4494,9.683545940788462e-05,0.00605372954159975,0.007471245806664228,0.028919244185090065,0.0,0.007376089692115784,0.0,0.1182764321565628
4495,9.934536210494116e-05,0.006158949993550778,0.007728688325732947,0.029825937002897263,0.0,0.007331689354032278,0.0,0.11828722804784775
4496,0.00010618554515531286,0.00610926253721118,0.007381460722535848,0.028731203451752663,0.0,0.007270757108926773,0.0,0.11830151081085205
4497,9.724518604343757e-05,0.006160347629338503,0.007322697434574366,0.02916214391589165,0.0,0.007199407555162907,0.0,0.11830951273441315
4498,0.00011509800388012081,0.006305649410933256,0.00754293343052268,0.030054285377264022,0.0,0.00714096799492836,0.0,0.11832419782876968
4499,0.0001007038401439786,0.006004661321640015,0.007309718988835812,0.02882628105580807,0.0,0.007102876901626587,0.0,0.11833596229553223
4500,9.590103873051703e-05,0.006212908960878849,0.007865498587489129,0.029308741539716722,0.0,0.0070750536397099495,0.0,0.11834414303302765
4501,9.46043903240934e-05,0.006197309680283069,0.007088187523186207,0.029640879854559897,0.0,0.00712729012593627,0.0,0.11834541708230972
4502,0.00010764419130282477,0.006004535127431154,0.007596434373408556,0.030419721081852914,0.0,0.007241626735776663,0.0,0.11834485828876495
4503,9.727671858854592e-05,0.006124868802726269,0.00714016817510128,0.028199684619903565,0.0,0.007353717926889658,0.0,0.11834005266427994
4504,9.598876058589668e-05,0.005919609684497118,0.007706484943628311,0.027705448120832442,0.0,0.007411512546241283,0.0,0.11833512783050537
4505,9.302917314926162e-05,0.005938121303915978,0.007477901317179203,0.02895236574113369,0.0,0.007411641534417868,0.0,0.11832758039236069
4506,9.088078222703188e-05,0.006085077300667763,0.007590273767709732,0.028784321248531343,0.0,0.007394448854029179,0.0,0.11833404004573822
4507,9.777453960850835e-05,0.005884456355124712,0.007360858749598265,0.028120334073901177,0.0,0.007385122589766979,0.0,0.11834540218114853
4508,0.00010264077718602493,0.006123664416372776,0.007677327375859022,0.02936236448585987,0.0,0.007375346031039953,0.0,0.1183558851480484
4509,9.478752908762545e-05,0.006170445028692484,0.007670766673982143,0.02997831255197525,0.0,0.0074209594167768955,0.0,0.11836949735879898
4510,0.00010145704000024125,0.006264978367835283,0.007599100470542908,0.028539562597870827,0.0,0.007486390881240368,0.0,0.11838511377573013
4511,9.157451859209687e-05,0.005998548120260239,0.007569023780524731,0.030678530782461168,0.0,0.007587246596813202,0.0,0.11839868873357773
4512,0.00010145688720513135,0.005917273741215467,0.007347188517451286,0.02904825359582901,0.0,0.007654791232198477,0.0,0.11840887367725372
4513,0.00010124944237759337,0.0062709606252610685,0.007241976354271174,0.02850351557135582,0.0,0.007666839752346277,0.0,0.11841203272342682
4514,9.87509687547572e-05,0.0062241279520094395,0.00726148383691907,0.030668460205197333,0.0,0.007649581879377365,0.0,0.11840206384658813
4515,9.8109342798125e-05,0.006032498646527528,0.008002200815826654,0.028723816201090813,0.0,0.0075961509719491005,0.0,0.118388332426548
4516,0.00010235656664008275,0.006106663029640913,0.007717618346214294,0.02963339425623417,0.0,0.00751045485958457,0.0,0.1183721050620079
4517,0.00010374699340900406,0.006114764139056206,0.007210179138928652,0.02802139036357403,0.0,0.0074443938210606575,0.0,0.11836419254541397
4518,9.921205346472562e-05,0.006225395202636719,0.007544613350182772,0.029550598561763765,0.0,0.0074415989220142365,0.0,0.11835221946239471
4519,9.56825548200868e-05,0.006060882285237312,0.00783323859795928,0.030064015835523605,0.0,0.0074663893319666386,0.0,0.11834815889596939
4520,0.00010454737057443708,0.00621275594457984,0.007580650690943003,0.029466882720589636,0.0,0.007499399594962597,0.0,0.11834283918142319
4521,9.103523625526577e-05,0.005942676030099392,0.00762280747294426,0.029589425027370452,0.0,0.00755938608199358,0.0,0.11832676827907562
4522,9.362874261569232e-05,0.006219902541488409,0.007829143665730953,0.027724192291498185,0.0,0.007591123692691326,0.0,0.11832313239574432
4523,9.57408599788323e-05,0.006139312777668238,0.007837499678134918,0.029425621032714844,0.0,0.007576479576528072,0.0,0.11833597719669342
4524,9.569548128638417e-05,0.006044634059071541,0.0077195590361952785,0.02917056642472744,0.0,0.007568511180579662,0.0,0.11835034191608429
4525,9.82368175755255e-05,0.00610797768458724,0.007438899204134941,0.027837481722235678,0.0,0.007557751145213842,0.0,0.118364617228508
4526,0.00010162242106162011,0.006494554225355387,0.007698950823396444,0.030284613743424414,0.0,0.007579786237329245,0.0,0.11837272346019745
4527,0.00010399835300631822,0.006106749549508095,0.007412744965404272,0.027501598000526428,0.0,0.007831537164747715,0.0,0.1183958649635315
4528,9.361731208628044e-05,0.00608956515789032,0.007768835406750441,0.029814985394477845,0.0,0.00811491347849369,0.0,0.1184060350060463
4529,9.65368963079527e-05,0.006069840118288994,0.0077527625486254696,0.030654484406113625,0.0,0.008304215967655182,0.0,0.11841714382171631
4530,9.99238298390992e-05,0.006298192590475082,0.00827596578747034,0.029221585020422935,0.0,0.008378305472433567,0.0,0.11845476925373077
4531,9.254978358512745e-05,0.006140755210071802,0.007616008818149567,0.02940521351993084,0.0,0.008375492878258228,0.0,0.11847853660583496
4532,0.000103925951407291,0.006130924541503191,0.0075304795987904075,0.02988460026681423,0.0,0.008305869996547699,0.0,0.11848609149456024
4533,9.344628924736753e-05,0.0059790659695863725,0.007393052987754345,0.029685644432902336,0.0,0.008190465159714222,0.0,0.11850392818450928
4534,0.0001016999114654027,0.005984447989612817,0.007492903154343367,0.029139726608991622,0.0,0.008058561012148857,0.0,0.11851885169744492
4535,9.901281300699339e-05,0.0060005906037986275,0.007415361981838941,0.029253999516367913,0.0,0.007931092754006386,0.0,0.11853182315826416
4536,9.883575839921832e-05,0.006419223360717296,0.007725725322961808,0.02795502133667469,0.0,0.007830861955881119,0.0,0.11852975189685822
4537,9.937576978700236e-05,0.006012838520109654,0.007067386712878943,0.029441222548484802,0.0,0.00778981065377593,0.0,0.11850816011428833
4538,9.122767660301179e-05,0.006086036935448647,0.007345349900424481,0.028563525155186655,0.0,0.007749046199023724,0.0,0.1185147762298584
4539,9.70488676102832e-05,0.0060917122289538385,0.007742846012115478,0.028105621784925462,0.0,0.007705667521804571,0.0,0.11854158341884613
4540,9.51327703660354e-05,0.00620225565508008,0.0075687610544264315,0.029750220477581024,0.0,0.007660765200853348,0.0,0.11856772750616074
4541,0.00010364439367549494,0.006102085486054421,0.007157355640083551,0.028423773124814034,0.0,0.007636225316673517,0.0,0.11859848350286484
4542,9.272019960917532e-05,0.006075247563421727,0.007513658609241247,0.028618299588561057,0.0,0.007597469724714756,0.0,0.11863245815038681
4543,9.485427726758644e-05,0.006303367204964161,0.007398934289813042,0.028529156744480134,0.0,0.00755073968321085,0.0,0.11863918602466583
4544,9.964559430954977e-05,0.006075956672430038,0.007230814173817634,0.029105944186449052,0.0,0.007507628761231899,0.0,0.11863448470830917
4545,0.00010223147837677971,0.006228417158126831,0.007230026926845312,0.030035069212317467,0.0,0.007462143898010254,0.0,0.11861807107925415
4546,9.453452512389048e-05,0.006162975169718266,0.007812288217246532,0.029001722857356072,0.0,0.007427843753248453,0.0,0.11860308796167374
4547,9.178773034363985e-05,0.006338150147348643,0.00738141480833292,0.029862817376852036,0.0,0.007454012520611286,0.0,0.11858832836151123
4548,9.378641552757472e-05,0.00614452650770545,0.007958345767110585,0.027781641855835915,0.0,0.007468254771083593,0.0,0.11857908964157104
4549,9.517353464616463e-05,0.006141531188040972,0.007225693482905626,0.027775001153349875,0.0,0.007440279237926006,0.0,0.11856897175312042
4550,0.00010014960425905884,0.005968177691102028,0.007689380925148726,0.027886493131518364,0.0,0.007414471358060837,0.0,0.1185513511300087
4551,0.00010043794172815978,0.006134652998298407,0.007966353371739388,0.027419592440128326,0.0,0.007405314594507217,0.0,0.11852066218852997
4552,9.158053289866075e-05,0.006177419982850552,0.007434478402137757,0.02912374883890152,0.0,0.007384224329143763,0.0,0.11848442256450653
4553,0.00010066979593830183,0.0062354675494134424,0.007233966793864966,0.028062643483281136,0.0,0.0073363641276955605,0.0,0.11845113337039948
4554,9.585811785655096e-05,0.006055795680731535,0.007898099068552256,0.029161594435572626,0.0,0.007267908193171024,0.0,0.11842191219329834
4555,9.559139725752175e-05,0.0059336797334253785,0.007519704569131136,0.027514615282416343,0.0,0.007188376039266586,0.0,0.11840341985225677
4556,8.960814157035201e-05,0.006086761318147183,0.0077444837428629395,0.02949460633099079,0.0,0.007122798822820187,0.0,0.11837736517190933
4557,9.055769623955712e-05,0.00609658258035779,0.007475929986685515,0.028648527711629866,0.0,0.0071040550246834755,0.0,0.11836342513561249
4558,9.815780358621851e-05,0.006262052152305841,0.007431511860340833,0.028172987699508666,0.0,0.00710998335853219,0.0,0.1183687299489975
4559,9.632655128370971e-05,0.006210977211594582,0.007761986088007688,0.027889689803123473,0.0,0.00711910892277956,0.0,0.11836520582437515
4560,9.504370245849714e-05,0.006102897692471743,0.00777377150952816,0.029080608487129213,0.0,0.007166110910475254,0.0,0.11835316568613052
4561,9.266152919735759e-05,0.005881654284894467,0.007774101290851832,0.02863323800265789,0.0,0.007227788679301739,0.0,0.1183413714170456
4562,9.301556419814006e-05,0.006020846869796514,0.007513431087136269,0.02930214926600456,0.0,0.007247066590934992,0.0,0.11831244081258774
4563,9.676922491053119e-05,0.006236229557543993,0.0075968122109770775,0.028465227410197257,0.0,0.007234594319015741,0.0,0.11828569322824478
4564,0.00010202268895227462,0.006283137667924166,0.0075557917356491085,0.029325373843312262,0.0,0.0072088115848600864,0.0,0.11826913058757782
4565,0.00010689327027648687,0.006320132315158844,0.00736655481159687,0.02847929447889328,0.0,0.0071884081698954105,0.0,0.11825767904520035
4566,9.18406731216237e-05,0.006020179204642773,0.0072910221293568615,0.028950097411870955,0.0,0.007147608790546656,0.0,0.118250273168087
4567,0.00010273687221342697,0.006267490237951279,0.007448165770620107,0.02909153886139393,0.0,0.007146561983972788,0.0,0.11823578178882599
4568,9.687420388218015e-05,0.006132433749735355,0.007297765929251909,0.029057446867227554,0.0,0.007244913838803768,0.0,0.11823662370443344
4569,9.954291745088995e-05,0.006037891283631325,0.007040908932685852,0.02793211378157139,0.0,0.0073422715067863464,0.0,0.11822798103094101
4570,9.204847883665934e-05,0.005972533021122217,0.00712182680144906,0.02927178256213665,0.0,0.007396357599645853,0.0,0.11820802837610245
4571,0.00010200917458860203,0.0062928030267357824,0.007056358549743891,0.030135491117835044,0.0,0.007474795915186405,0.0,0.1182178258895874
4572,9.763905691215769e-05,0.00610456420108676,0.0075119596906006334,0.02914693020284176,0.0,0.007718925829976797,0.0,0.11824288219213486
4573,0.00010076149192173034,0.006191100645810366,0.007390794064849615,0.029297608137130737,0.0,0.008052432909607887,0.0,0.11827099323272705
4574,9.487445640843362e-05,0.005969318840652704,0.00704476535320282,0.028561531752347945,0.0,0.008251849561929703,0.0,0.11828269809484482
4575,9.193513105856254e-05,0.006031359266489744,0.007793376967310905,0.028342455998063086,0.0,0.008295416831970215,0.0,0.11828529834747314
4576,8.823650568956509e-05,0.005950818210840226,0.007530409563332796,0.027864298224449156,0.0,0.008233115077018738,0.0,0.11828842014074326
4577,0.00010215281654382124,0.006058456376194954,0.007773977983742952,0.028641007840633392,0.0,0.008120449259877205,0.0,0.11828569322824478
4578,9.456880361540243e-05,0.006153764389455319,0.007653569430112838,0.029541607573628427,0.0,0.007992342114448547,0.0,0.11827538162469864
4579,0.00010194154019700363,0.006134286243468523,0.008075954392552376,0.02877744697034359,0.0,0.007881829515099525,0.0,0.11826999485492706
4580,9.499734005657956e-05,0.0062178165651857855,0.008010835945606231,0.028400935977697373,0.0,0.007877888157963753,0.0,0.11826874315738678
4581,9.017987467814237e-05,0.005877786874771118,0.008107293397188187,0.02921604663133621,0.0,0.007893112488090992,0.0,0.11825801432132721
4582,9.63376005529426e-05,0.006193121243268251,0.008222400676459074,0.02937825582921505,0.0,0.00787122081965208,0.0,0.11824321746826172
4583,0.00010307633056072518,0.005894039012491703,0.007542375102639198,0.029573666304349898,0.0,0.007818697951734066,0.0,0.11822966486215591
4584,9.5306035655085e-05,0.005856653954833746,0.007850984670221805,0.028500886633992195,0.0,0.007783622480928898,0.0,0.11821695417165756
4585,9.171819547191263e-05,0.0061348238959908485,0.007742716558277607,0.028118253126740454,0.0,0.007794165052473545,0.0,0.11821120977401733
4586,9.157614113064483e-05,0.006075192335993051,0.007500054687261582,0.0296111986041069,0.0,0.007777422666549683,0.0,0.11821682751178741
4587,8.926360897021368e-05,0.006039911787956953,0.007450052909553051,0.028245434537529944,0.0,0.007738329470157623,0.0,0.1182360053062439
4588,9.142395865637808e-05,0.006038191635161639,0.007084642630070448,0.02982458397746086,0.0,0.007671250496059656,0.0,0.11825133860111237
4589,9.238940547220408e-05,0.006104609090834856,0.007233309466391802,0.02729974091053009,0.0,0.007593508809804916,0.0,0.1182687059044838
4590,9.900978184305132e-05,0.006237016338855028,0.007096326071768999,0.02869497463107109,0.0,0.007553272880613804,0.0,0.11826779693365097
4591,9.921985329128802e-05,0.005878055654466152,0.006863193307071924,0.02845720462501049,0.0,0.007561091333627701,0.0,0.1182611808180809
4592,9.134498686762527e-05,0.0062553158961236475,0.007281005848199129,0.0287427119910717,0.0,0.007556999567896128,0.0,0.1182599887251854
4593,9.87345993053168e-05,0.006057564076036215,0.007115336135029793,0.027843447774648665,0.0,0.0075826807878911495,0.0,0.11827035993337631
4594,9.871839865809307e-05,0.006135691981762647,0.007628647144883871,0.027368057891726492,0.0,0.007630599197000265,0.0,0.11829932034015656
4595,9.643458324717357e-05,0.00615434292703867,0.00730303144082427,0.030049116536974906,0.0,0.007625152822583914,0.0,0.11831756681203842
4596,0.00010365947819082066,0.006020293291658163,0.007532180659472943,0.028045594692230225,0.0,0.007580494042485952,0.0,0.11831840127706528
4597,9.44353494560346e-05,0.005983887892216444,0.00726554924622178,0.029574079811573027,0.0,0.007550072856247425,0.0,0.11832191050052643
4598,0.000106151431100443,0.006046645995229483,0.008040484692901372,0.027839333936572074,0.0,0.007520859595388174,0.0,0.11835875362157822
4599,0.0001006445658276789,0.005947333574295044,0.0072263247333467,0.028668014332652092,0.0,0.007532491348683834,0.0,0.1183701753616333
4600,9.80482916929759e-05,0.006311509944498539,0.008117209002375603,0.02967219240963459,0.0,0.007588937878608704,0.0,0.1183900237083435
4601,9.620927448850125e-05,0.006095161661505699,0.008149564359337091,0.0269810788333416,0.0,0.007634438574314117,0.0,0.11840921640396118
4602,0.00010045715607702732,0.006294485554099083,0.007584544736891985,0.028401562571525575,0.0,0.007660931441932917,0.0,0.11842487752437592
4603,8.736188756302e-05,0.006269759777933359,0.007211613934487104,0.028528768569231033,0.0,0.007665425539016724,0.0,0.11843226104974747
4604,9.722109098220244e-05,0.006127656623721123,0.0073734225705266,0.03025718070566654,0.0,0.007689783815294504,0.0,0.11842621862888336
4605,9.384424774907529e-05,0.006205145735293627,0.007085040397942066,0.029002951830625533,0.0,0.007718662731349468,0.0,0.11841808259487152
4606,9.746671858010814e-05,0.006178200338035822,0.007472412288188934,0.030877988785505295,0.0,0.007815411314368248,0.0,0.11841952800750732
4607,9.764966089278459e-05,0.006219202559441328,0.007286650966852904,0.028814733773469926,0.0,0.007904157973825932,0.0,0.1184234619140625
4608,9.696079359855503e-05,0.006149659585207701,0.007248829770833254,0.028908488899469377,0.0,0.007921293377876282,0.0,0.11841479688882828
4609,9.932973771356046e-05,0.005979323294013739,0.007855442445725202,0.02920841835439205,0.0,0.007897843606770039,0.0,0.1183893084526062
4610,8.642875909572467e-05,0.006198738235980272,0.006935667339712381,0.030319419503211976,0.0,0.007995056919753551,0.0,0.11835747957229614
4611,9.497674909653142e-05,0.006294660642743111,0.007723944913595915,0.029101260378956793,0.0,0.00821239035576582,0.0,0.11832642555236816
4612,9.44967134273611e-05,0.006237506214529276,0.007230278477072716,0.02926795668900013,0.0,0.008343355730175972,0.0,0.11832468211650848
4613,9.519157611066475e-05,0.00585305904969573,0.007534476742148399,0.03015381470322609,0.0,0.00835755467414856,0.0,0.11834629625082016
4614,9.538379381410778e-05,0.006108613405376673,0.007484338711947203,0.028979711607098578,0.0,0.008328073658049107,0.0,0.11836676299571991
4615,9.558168676448986e-05,0.006247313972562551,0.007076615560799837,0.028824477270245553,0.0,0.008289407007396221,0.0,0.1184081882238388
4616,9.876057010842487e-05,0.006265254225581884,0.007451230566948653,0.0287208903580904,0.0,0.008217426016926765,0.0,0.11844055354595184
4617,9.420427813893184e-05,0.006169948913156986,0.007397676631808281,0.02885123938322067,0.0,0.008152528665959835,0.0,0.11845998466014862
4618,9.948468650691211e-05,0.006108808610588312,0.007583385333418846,0.02898283153772354,0.0,0.008096333593130112,0.0,0.11846449226140976
4619,9.624996164347976e-05,0.006101637985557318,0.007228938303887844,0.028112806007266046,0.0,0.008041569963097572,0.0,0.1184532642364502
4620,9.848921617958695e-05,0.0061496620066463946,0.007642999012023211,0.028999973833560944,0.0,0.007965358905494213,0.0,0.11845757067203522
4621,0.00010152588220080361,0.006080120615661144,0.007445109076797962,0.028044505789875985,0.0,0.007871424779295921,0.0,0.11846183240413666
4622,9.10945876967162e-05,0.006238971743732691,0.007450409885495901,0.0308875136077404,0.0,0.007785744033753872,0.0,0.11845424026250839
4623,9.483218454988673e-05,0.006076789181679487,0.007077392656356096,0.02887773737311363,0.0,0.007770145777612925,0.0,0.11845386028289795
4624,9.695340413600207e-05,0.006153030972927809,0.0074854823760688305,0.028576820716261865,0.0,0.0078101130202412605,0.0,0.11844952404499054
4625,0.0001003685625619255,0.006003285106271505,0.0075283081270754336,0.029009083285927773,0.0,0.00784052163362503,0.0,0.11844158172607422
4626,9.062047756742686e-05,0.005998530890792608,0.007505765743553638,0.02911013923585415,0.0,0.00780820706859231,0.0,0.11844117939472198
4627,9.411445062141865e-05,0.006068125646561384,0.007263727113604545,0.028137486800551413,0.0,0.007782015949487686,0.0,0.11844416707754135
4628,9.462138841627165e-05,0.00603606179356575,0.007438356522470713,0.028373805060982703,0.0,0.007761344313621521,0.0,0.11843792349100113
4629,9.337158844573424e-05,0.006153641175478697,0.007185394968837499,0.028085215762257577,0.0,0.0077349417842924595,0.0,0.11842064559459686
4630,9.17213226784952e-05,0.006303358450531959,0.007384187169373035,0.029168340563774108,0.0,0.007701931055635214,0.0,0.1184024065732956
4631,9.294141491409392e-05,0.00624819677323103,0.007225851900875569,0.029457034915685652,0.0,0.00771465664729476,0.0,0.1183800920844078
4632,0.00010559183283476159,0.0061670265160501,0.0074325140565633776,0.03009086474776268,0.0,0.007799635641276836,0.0,0.11834987252950668
4633,0.00010431151604279875,0.006170283816754818,0.0071544920094311236,0.028873295709490775,0.0,0.007841840386390686,0.0,0.11834029853343964
4634,9.394928201800212e-05,0.006000270508229733,0.00750768855214119,0.029550907015800477,0.0,0.007824020460247993,0.0,0.11833962053060532
4635,0.00010048598051071167,0.006236279848963022,0.007517994940280914,0.029300762712955473,0.0,0.007775942794978619,0.0,0.118332639336586
4636,0.00010134298499906436,0.006103639118373394,0.007381482236087322,0.029344482347369194,0.0,0.0077414242550730705,0.0,0.11833395808935165
4637,9.185574308503419e-05,0.006250755488872528,0.007400190737098455,0.027238866314291954,0.0,0.007716157473623753,0.0,0.11833725869655609
4638,9.259587968699635e-05,0.006179008912295103,0.006750803533941507,0.02800731435418129,0.0,0.0076846107840538025,0.0,0.11834551393985748
4639,0.0001000467236735858,0.00607014587149024,0.007229556608945131,0.027510346099734306,0.0,0.007642680313438177,0.0,0.1183629184961319
4640,8.710989204701036e-05,0.0062021463178098205,0.007343399152159691,0.028737879544496536,0.0,0.007578474935144186,0.0,0.1183796301484108
4641,9.421223512617871e-05,0.0059062990359961985,0.006989804096519947,0.02959025129675865,0.0,0.0074918330647051334,0.0,0.11839951574802399
4642,9.441047004656866e-05,0.00625643078237772,0.006973405368626118,0.028853115811944007,0.0,0.007402055896818638,0.0,0.11839938163757324
4643,9.007749758893624e-05,0.006112393457442522,0.0068247544579207895,0.028169254958629607,0.0,0.0073735713958740234,0.0,0.11839139461517334
4644,9.438242122996598e-05,0.006088104471564293,0.006812524795532226,0.02892630398273468,0.0,0.007491559721529484,0.0,0.1183774322271347
4645,8.938863466028124e-05,0.006285009067505598,0.007167813926935196,0.02806422971189022,0.0,0.007624373771250248,0.0,0.11837001889944077
4646,9.91946944850497e-05,0.006206158921122551,0.007296012435108423,0.02908203974366188,0.0,0.007704068906605244,0.0,0.11837564408779144
4647,9.705217380542308e-05,0.006149151083081961,0.0074428700841963295,0.028510499000549316,0.0,0.00777744734659791,0.0,0.11837633699178696
4648,9.596547461114824e-05,0.006055769603699445,0.007448986172676086,0.027999039366841318,0.0,0.0078039816580712795,0.0,0.11838202178478241
4649,0.00010330095392419025,0.006016356870532036,0.007367715146392584,0.027958863973617555,0.0,0.00778708141297102,0.0,0.1183905154466629
4650,0.00010241353884339332,0.006181499175727368,0.007358149066567421,0.02969621419906616,0.0,0.007733773440122604,0.0,0.11838537454605103
4651,9.8495178099256e-05,0.006115981657058,0.007309392094612122,0.029353360831737518,0.0,0.007647228427231312,0.0,0.11836691945791245
4652,9.742249822011217e-05,0.006204889994114638,0.007617176044732332,0.028854567930102347,0.0,0.007546433713287115,0.0,0.1183633953332901
4653,0.00010229859180981294,0.005934273730963469,0.007380838505923748,0.02868296355009079,0.0,0.007444701157510281,0.0,0.1183638945221901
4654,0.00010042753128800542,0.0059893190860748294,0.008035959955304862,0.028232517093420027,0.0,0.007351861800998449,0.0,0.11834629625082016
4655,0.00010059219493996352,0.006082284543663263,0.0073789282701909546,0.028196251764893532,0.0,0.007296966854482889,0.0,0.11833830177783966
4656,9.057015122380108e-05,0.006008917093276977,0.007527927402406931,0.0303859107196331,0.0,0.0072998651303350925,0.0,0.11834383010864258
4657,9.078674629563466e-05,0.006177145056426525,0.007660018093883991,0.028129532188177108,0.0,0.007347314618527889,0.0,0.11835678666830063
4658,0.00010383882181486115,0.006307742930948735,0.007660205289721489,0.028500032052397727,0.0,0.0073951249942183495,0.0,0.11836545169353485
4659,0.00010087447881232948,0.006049033906310797,0.0075071947649121284,0.030039834231138228,0.0,0.007415103726089001,0.0,0.11837261915206909
4660,9.050569933606311e-05,0.006242037564516067,0.007021643780171871,0.02888392433524132,0.0,0.0074233077466487885,0.0,0.11838126182556152
4661,0.000103818389470689,0.006110904179513455,0.0075145776383578776,0.028254052996635436,0.0,0.007494964636862278,0.0,0.11838158220052719
4662,9.548325469950214e-05,0.006268364656716585,0.007549996115267276,0.027296315506100656,0.0,0.0075699640437960625,0.0,0.11837776005268097
4663,9.805129084270448e-05,0.0062388964928686615,0.007985289767384529,0.027850597724318506,0.0,0.007573412265628576,0.0,0.11836328357458115
4664,9.370958287036046e-05,0.006209165044128895,0.0070947929285466674,0.028195153176784515,0.0,0.007518799509853125,0.0,0.11834108829498291
4665,9.230461437255144e-05,0.005874828156083822,0.007375562191009521,0.02907069995999336,0.0,0.007447396870702505,0.0,0.1183263435959816
4666,0.00010232528147753328,0.006079258117824793,0.007235729973763228,0.027904551848769187,0.0,0.007415448315441608,0.0,0.11833874136209488
4667,9.47869586525485e-05,0.006249744538217783,0.007275341544300318,0.02790316566824913,0.0,0.0074117137119174,0.0,0.11834969371557236
4668,0.000106467840669211,0.006003981083631515,0.007479464914649725,0.027326033264398576,0.0,0.007421375717967749,0.0,0.11833937466144562
4669,9.369913022965193e-05,0.005996858514845371,0.0073875917121768,0.029128071665763856,0.0,0.00749746710062027,0.0,0.11831797659397125
4670,0.00010059367341455072,0.0060824379324913025,0.007680416014045477,0.030094462633132934,0.0,0.007581518497318029,0.0,0.11829240620136261
4671,9.601360943634063e-05,0.006120773963630199,0.0076114809140563015,0.02795383408665657,0.0,0.0076654767617583275,0.0,0.11829230934381485
4672,9.32621245738119e-05,0.006195551250129938,0.007479933835566044,0.02857132740318775,0.0,0.007830658927559853,0.0,0.1182934045791626
4673,9.315439820056781e-05,0.005815902538597584,0.007789243105798959,0.02792615108191967,0.0,0.007983813062310219,0.0,0.11827997118234634
4674,9.069610387086868e-05,0.006219122651964426,0.007244622241705656,0.029257356002926827,0.0,0.008051460608839989,0.0,0.11827957630157471
4675,9.186745883198455e-05,0.006176561955362559,0.007438817527145147,0.028010675683617592,0.0,0.008057745173573494,0.0,0.11828508228063583
4676,0.00010178860829910264,0.006253724079579115,0.007428870070725679,0.03007730543613434,0.0,0.008038394153118134,0.0,0.11830222606658936
4677,9.666491678217426e-05,0.006249489821493625,0.0075560806319117544,0.02835322879254818,0.0,0.007996680215001106,0.0,0.11831875890493393
4678,9.684244432719424e-05,0.005940541811287403,0.0074671458452939985,0.030074238404631616,0.0,0.007919162511825562,0.0,0.1183113306760788
4679,9.42532395129092e-05,0.006186632253229618,0.00833758683875203,0.028656144812703132,0.0,0.00784057006239891,0.0,0.11829916387796402
4680,9.92654575384222e-05,0.00596394082531333,0.007698872685432434,0.029362447932362555,0.0,0.007792995776981115,0.0,0.11829916387796402
4681,9.308586013503372e-05,0.00611627958714962,0.008256646431982517,0.028784969821572304,0.0,0.0077351718209683895,0.0,0.1183110848069191
4682,9.334695059806108e-05,0.006054860632866621,0.00774279311299324,0.029765234142541886,0.0,0.007663745433092117,0.0,0.11834697425365448
4683,9.308199805673212e-05,0.006148853618651628,0.007745817303657532,0.028694988787174226,0.0,0.007595050148665905,0.0,0.11838463693857193
4684,0.00010715596872614696,0.00602310337126255,0.007503083720803261,0.028739818930625917,0.0,0.007514116819947958,0.0,0.11839564889669418
4685,9.347831655759364e-05,0.0062442890368402,0.00788737554103136,0.029170781001448633,0.0,0.007430355064570904,0.0,0.1184084415435791
4686,9.784000285435468e-05,0.006145995017141104,0.0074223726987838745,0.027290993928909303,0.0,0.007360345683991909,0.0,0.11842191219329834
4687,9.732602338772268e-05,0.005910314992070198,0.007504922617226839,0.028881534188985824,0.0,0.007325792219489813,0.0,0.11841502040624619
4688,9.700533846626058e-05,0.006170475296676159,0.00783240031450987,0.028536340966820718,0.0,0.00729528209194541,0.0,0.11840909719467163
4689,9.740688255988061e-05,0.006233825068920851,0.007807839475572109,0.028039608523249625,0.0,0.007255971431732178,0.0,0.11840759217739105
4690,9.26564767723903e-05,0.006034399662166834,0.007617530971765518,0.028937306627631186,0.0,0.007212159223854542,0.0,0.11841168254613876
4691,9.776552469702438e-05,0.00609931480139494,0.0077765282243490216,0.029369327425956725,0.0,0.007189298514276743,0.0,0.11841470003128052
4692,9.324391285190359e-05,0.006150258984416723,0.00796064930036664,0.028359305113554,0.0,0.007187011186033487,0.0,0.11841808259487152
4693,0.00010342167661292478,0.006131224986165762,0.007754480466246605,0.02923835664987564,0.0,0.007206746377050877,0.0,0.11841825395822525
4694,9.889817592920736e-05,0.006165084801614285,0.007476370967924595,0.02921200208365917,0.0,0.007232182659208775,0.0,0.11841003596782684
4695,0.00010368960793130099,0.005948690045624971,0.007779205869883299,0.029893257841467857,0.0,0.0072733634151518345,0.0,0.11840339004993439
4696,9.513150143902749e-05,0.006045932415872812,0.007391183916479349,0.03098280355334282,0.0,0.00728306919336319,0.0,0.11841343343257904
4697,0.00010101978841703385,0.0061759103089571,0.00749973813071847,0.02806876562535763,0.0,0.00724530965089798,0.0,0.11842238903045654
4698,9.027678170241416e-05,0.0060175608843564985,0.0073613934218883514,0.028744483739137648,0.0,0.007182164583355188,0.0,0.11842520534992218
4699,9.650080610299483e-05,0.006029417738318443,0.006992990989238024,0.02995464578270912,0.0,0.00711455661803484,0.0,0.11841781437397003
4700,8.782569057075307e-05,0.006166403368115425,0.006911772768944502,0.03074924647808075,0.0,0.0070767090655863285,0.0,0.11840977519750595
4701,9.866617037914693e-05,0.006086062174290419,0.007443027105182409,0.028433375433087348,0.0,0.007076145615428686,0.0,0.11842051893472672
4702,9.427335753571242e-05,0.005925223417580128,0.00782500896602869,0.028039021790027617,0.0,0.007092853542417288,0.0,0.11843205988407135
4703,9.40703263040632e-05,0.0062642602249979975,0.00723447734490037,0.02832341566681862,0.0,0.007113402243703604,0.0,0.11843903362751007
4704,9.818568069022148e-05,0.006077767536044121,0.008012940362095832,0.027828005701303483,0.0,0.007143300957977772,0.0,0.11844626814126968
4705,8.944469154812396e-05,0.006177213415503502,0.007351326290518045,0.02833315096795559,0.0,0.007168507669121027,0.0,0.11843069642782211
4706,8.90326002263464e-05,0.005995213706046343,0.007663737889379263,0.029405647516250612,0.0,0.00722681637853384,0.0,0.11842316389083862
4707,9.215104801114648e-05,0.0062199274078011514,0.007609960809350014,0.027472232282161713,0.0,0.007270508911460638,0.0,0.11841718852519989
4708,9.871813526842743e-05,0.006176357716321945,0.007820779178291559,0.02885146290063858,0.0,0.007285679690539837,0.0,0.11841211467981339
4709,9.425064781680703e-05,0.006177189014852047,0.007518941815942526,0.02812429368495941,0.0,0.0072890049777925014,0.0,0.11839711666107178
4710,9.273568430216983e-05,0.006241802871227264,0.007391838263720274,0.029005979374051093,0.0,0.007306103594601154,0.0,0.11838606745004654
4711,9.41052203415893e-05,0.006211661361157894,0.008285958878695964,0.029224174097180367,0.0,0.00733489915728569,0.0,0.11838924884796143
4712,0.00010282794246450067,0.006124879792332649,0.008166399504989385,0.02833365648984909,0.0,0.007342057768255472,0.0,0.1184123307466507
4713,9.644976671552286e-05,0.006018876656889915,0.0075867344625294205,0.02811523899435997,0.0,0.007324987556785345,0.0,0.11842387914657593
4714,9.01966865058057e-05,0.0059991455636918545,0.007727040816098452,0.029219241067767143,0.0,0.0072792284190654755,0.0,0.11841300874948502
4715,9.709824371384457e-05,0.006254251953214407,0.007444772683084011,0.02850755602121353,0.0,0.007227217312902212,0.0,0.11840492486953735
4716,9.336021321360022e-05,0.006255820207297802,0.007578285597264767,0.028411778807640075,0.0,0.007237778510898352,0.0,0.11839759349822998
4717,9.788757452042774e-05,0.006006426736712455,0.007833834458142518,0.029110129177570342,0.0,0.007248415146023035,0.0,0.11838972568511963
4718,9.500180894974619e-05,0.006233138404786587,0.007715598214417696,0.028133394569158553,0.0,0.007241086568683386,0.0,0.1183675155043602
4719,0.00010269394988426939,0.005979511793702841,0.007425830699503422,0.030194976180791856,0.0,0.007237063255161047,0.0,0.11834319680929184
4720,9.444785537198186e-05,0.006078588962554932,0.007084663584828376,0.029269712418317793,0.0,0.0072492314502596855,0.0,0.11831084638834
4721,0.00010612865589791909,0.005862934235483408,0.007861205097287893,0.028110430762171745,0.0,0.007296802010387182,0.0,0.11829666048288345
4722,0.00010484584927326069,0.006112517695873976,0.008455410599708557,0.027583349123597146,0.0,0.00735817477107048,0.0,0.11828726530075073
4723,0.0001001507494947873,0.006012577377259731,0.007965722866356374,0.028042715787887574,0.0,0.007440453860908747,0.0,0.1182631403207779
4724,9.474326507188379e-05,0.006066122464835644,0.007804982922971248,0.02937684878706932,0.0,0.007485951296985149,0.0,0.11824619770050049
4725,0.00010382550244685263,0.00630723899230361,0.007158839982002974,0.02762455604970455,0.0,0.00746884336695075,0.0,0.11823828518390656
4726,8.840649097692221e-05,0.00605866638943553,0.007220834400504828,0.028564195707440378,0.0,0.00740870600566268,0.0,0.11823447048664093
4727,0.0001016655660350807,0.006075479276478291,0.007409769110381603,0.028833550959825517,0.0,0.007365790195763111,0.0,0.1182207465171814
4728,0.00010491874563740566,0.006075971946120262,0.007424441631883383,0.029589029029011726,0.0,0.0074430122040212154,0.0,0.11820648610591888
4729,9.952096588676796e-05,0.006173319648951292,0.0069667227566242215,0.02935391664505005,0.0,0.007600526325404644,0.0,0.11820676177740097
4730,0.00010730851499829441,0.006170534808188677,0.007385954912751913,0.028245383873581886,0.0,0.007785280235111713,0.0,0.11819994449615479
4731,0.00010553697939030826,0.005963273625820875,0.007143549714237451,0.030431503430008888,0.0,0.007912258617579937,0.0,0.11818774044513702
4732,8.827793499222025e-05,0.006022750120609999,0.007073464151471853,0.029172387346625327,0.0,0.007937724702060223,0.0,0.11818686872720718
4733,9.684695833129808e-05,0.006335865799337625,0.0073409179225564,0.02775880806148052,0.0,0.007924512960016727,0.0,0.11819981038570404
4734,9.07415640540421e-05,0.00619113864377141,0.007679476402699947,0.028916532918810845,0.0,0.007932309992611408,0.0,0.11819733679294586
4735,8.967934554675594e-05,0.006006223987787962,0.007539285626262426,0.029961630702018738,0.0,0.007900623604655266,0.0,0.118189737200737
4736,9.536149445921183e-05,0.006035995949059725,0.00760866841301322,0.028665339574217796,0.0,0.007817168720066547,0.0,0.11818660795688629
4737,0.00010740763391368092,0.006163790076971054,0.007506706286221743,0.028237318620085716,0.0,0.007704697549343109,0.0,0.11818859726190567
4738,0.00010473290749359875,0.006243582256138325,0.007314758561551571,0.029770220071077345,0.0,0.007582095451653004,0.0,0.11819811165332794
4739,9.75860602920875e-05,0.006085002422332763,0.007432452216744423,0.028696701303124426,0.0,0.007470530923455954,0.0,0.11821971088647842
4740,0.0001016289068502374,0.006072559487074613,0.007429681438952685,0.029048450663685797,0.0,0.0074583375826478004,0.0,0.11823632568120956
4741,9.47669759625569e-05,0.006351245194673538,0.007327176630496979,0.029328107088804244,0.0,0.00752030685544014,0.0,0.11827918142080307
4742,9.841064020292834e-05,0.006186558865010738,0.007507811579853296,0.028961271047592163,0.0,0.007637726608663797,0.0,0.11832396686077118
4743,9.457030100747942e-05,0.006188056338578463,0.007536241225898266,0.029242316260933876,0.0,0.007731969468295574,0.0,0.11837373673915863
4744,9.49749955907464e-05,0.006125344056636095,0.007643916085362435,0.028935329988598824,0.0,0.007761763874441385,0.0,0.11842632293701172
4745,9.415076056029648e-05,0.00612543448805809,0.0077516956254839895,0.028115462884306906,0.0,0.007772715296596289,0.0,0.11843892186880112
4746,9.870154754025862e-05,0.006255168933421373,0.007585493195801973,0.02945440337061882,0.0,0.007821837440133095,0.0,0.118422731757164
4747,0.00010565419070189819,0.006173496786504984,0.007433296740055084,0.028194287419319154,0.0,0.007857674732804298,0.0,0.11840653419494629
4748,9.156072919722647e-05,0.00608770502731204,0.007612508814781904,0.030181289836764335,0.0,0.00785277970135212,0.0,0.11839312314987183
4749,9.280570811824873e-05,0.006078845355659723,0.007698207907378673,0.02903938926756382,0.0,0.007815422490239143,0.0,0.11839047819375992
4750,9.913624089676886e-05,0.006327544339001179,0.007677251845598221,0.028693511709570886,0.0,0.007744845002889633,0.0,0.11840405315160751
4751,9.598759352229536e-05,0.006214193534106016,0.007723663002252579,0.029746102541685103,0.0,0.007667736615985632,0.0,0.1184157133102417
4752,9.395757515449077e-05,0.006166546419262886,0.008600916527211667,0.028288737311959265,0.0,0.0075897229835391045,0.0,0.11841237545013428
4753,9.757839143276215e-05,0.0062577234581112865,0.0077583475038409235,0.02827359288930893,0.0,0.007503064814954996,0.0,0.1183948963880539
4754,9.555790747981519e-05,0.005968104861676693,0.007752710673958063,0.02852385714650154,0.0,0.007421656046062708,0.0,0.11838360130786896
4755,9.59596480242908e-05,0.006211527436971664,0.00817414689809084,0.029447644576430322,0.0,0.007346778176724911,0.0,0.1183566078543663
4756,9.63142651016824e-05,0.006206444092094898,0.0076169735752046105,0.027445656061172486,0.0,0.007330950349569321,0.0,0.11832885444164276
4757,9.957265137927607e-05,0.005997990723699331,0.006952341366559267,0.028231869265437127,0.0,0.007335814647376537,0.0,0.11830849945545197
4758,9.874144016066566e-05,0.005986688565462828,0.007376848254352808,0.029452386870980264,0.0,0.00732808792963624,0.0,0.11828657239675522
4759,9.835535456659272e-05,0.006196018122136593,0.007659601047635078,0.02808310054242611,0.0,0.007318253628909588,0.0,0.11829046159982681
4760,9.722076647449285e-05,0.00597503986209631,0.007392019685357809,0.028462884202599525,0.0,0.0073151239193975925,0.0,0.11829645931720734
4761,0.00010704111336963251,0.006089509185403586,0.007277432084083557,0.0285001989454031,0.0,0.007457288913428783,0.0,0.11828700453042984
4762,0.00010423910134704784,0.005869218427687883,0.007019001990556717,0.029691499099135397,0.0,0.007640714757144451,0.0,0.11826862394809723
4763,9.849420748651028e-05,0.00596747724339366,0.007448386214673519,0.028484686464071273,0.0,0.0077490536496043205,0.0,0.11825180053710938
4764,9.696524357423186e-05,0.006121957115828991,0.007552947290241719,0.029561710357666016,0.0,0.00783917959779501,0.0,0.11824469268321991
4765,9.69121407251805e-05,0.0063038643449544905,0.007790184020996094,0.028366333246231078,0.0,0.007899810560047626,0.0,0.11825847625732422
4766,9.289887093473226e-05,0.006146318558603525,0.007678584009408951,0.027636871486902238,0.0,0.00794981699436903,0.0,0.11828253418207169
4767,9.478417341597378e-05,0.006175494473427534,0.007800501398742199,0.030143996328115465,0.0,0.008000895380973816,0.0,0.11830419301986694
4768,8.843323303153738e-05,0.006162209715694189,0.007430537603795528,0.029082847759127617,0.0,0.008008413016796112,0.0,0.11833956092596054
4769,9.364507859572768e-05,0.006014103814959526,0.007579843327403068,0.03010144829750061,0.0,0.007962934672832489,0.0,0.11835317313671112
4770,9.254313044948503e-05,0.00595000283792615,0.007435686234384775,0.029103313386440278,0.0,0.007924025878310204,0.0,0.11836232244968414
4771,9.930199012160301e-05,0.006157770100980997,0.007811588980257511,0.030341357737779618,0.0,0.007890434935688972,0.0,0.11836688220500946
4772,0.0001013670495012775,0.006305656861513853,0.007717853970825672,0.0287903044372797,0.0,0.007819564081728458,0.0,0.11835433542728424
4773,9.67048414167948e-05,0.006106671132147312,0.007760180439800024,0.029777366295456888,0.0,0.007714174687862396,0.0,0.1183449849486351
4774,9.575787844369188e-05,0.00614786110818386,0.007341106701642275,0.028397707641124724,0.0,0.007609561085700989,0.0,0.11833851039409637
4775,0.00010127772548003122,0.005892542283982038,0.0072841871529817585,0.02988051511347294,0.0,0.007563161663711071,0.0,0.11832642555236816
4776,9.254117903765292e-05,0.0059870856814086435,0.007479780726134777,0.029502131789922715,0.0,0.007550348993390799,0.0,0.11833331733942032
4777,9.100815514102578e-05,0.006192111037671566,0.007458351831883192,0.029494001343846322,0.0,0.007514801807701588,0.0,0.11834327131509781
4778,8.616986160632223e-05,0.0059860189445316795,0.006927275843918323,0.02843181826174259,0.0,0.007471013814210892,0.0,0.11834363639354706
4779,9.802565182326362e-05,0.00605843011289835,0.007506668847054243,0.02900567427277565,0.0,0.007411094848066568,0.0,0.11834672838449478
4780,0.00010572711034910754,0.006186626572161913,0.007718808855861426,0.030138932168483734,0.0,0.007330014370381832,0.0,0.11833113431930542
4781,9.808829490793869e-05,0.006161756161600351,0.007365745119750499,0.028404736518859865,0.0,0.007277770433574915,0.0,0.11832767724990845
4782,0.0001023336808430031,0.0060781404376029965,0.00773792527616024,0.028585116565227508,0.0,0.007291482295840979,0.0,0.11832447350025177
4783,0.0001022212891257368,0.006011256668716669,0.007379524596035481,0.02814871184527874,0.0,0.007349380291998386,0.0,0.11833188682794571
4784,0.00010114218894159421,0.00631400290876627,0.007399156969040632,0.028646179661154746,0.0,0.007399417459964752,0.0,0.11833210289478302
4785,0.00010125664703082293,0.006199048459529876,0.008481397852301597,0.028457625582814217,0.0,0.007419711444526911,0.0,0.11832691729068756
4786,0.00010220127296634018,0.006202779896557331,0.007807441521435976,0.029020586982369423,0.0,0.0074240961112082005,0.0,0.1183333769440651
4787,0.00010595139465294779,0.006160290911793709,0.008558767940849065,0.029103244096040724,0.0,0.007450324483215809,0.0,0.118350088596344
4788,0.00010197946685366332,0.00627125957980752,0.00849528294056654,0.029218018427491187,0.0,0.007495422847568989,0.0,0.1183774322271347
4789,9.638704359531403e-05,0.006218090001493692,0.008766347169876098,0.02936486043035984,0.0,0.007500967476516962,0.0,0.11838696897029877
4790,9.69596454524435e-05,0.006108816899359226,0.008819939196109771,0.02835201621055603,0.0,0.007478428538888693,0.0,0.11840728670358658
4791,0.00010063522786367685,0.00641919719055295,0.008895784988999367,0.028411826491355895,0.0,0.0075525688007473946,0.0,0.11842894554138184
4792,9.745823772391304e-05,0.005908344406634569,0.008098816964775324,0.027890586853027345,0.0,0.007710649631917477,0.0,0.11844594776630402
4793,9.552376868668944e-05,0.0060765139758586885,0.008479796350002289,0.028337552025914193,0.0,0.007832752540707588,0.0,0.11845739930868149
4794,9.640310454415158e-05,0.0061525097116827965,0.009043118916451931,0.029849858582019807,0.0,0.00788862444460392,0.0,0.11845406144857407
4795,9.606889652786776e-05,0.006051968410611152,0.00921959914267063,0.030179718509316444,0.0,0.007921786047518253,0.0,0.11846189200878143
4796,9.748945740284398e-05,0.005944448430091143,0.009208068065345288,0.029565692692995072,0.0,0.007959229871630669,0.0,0.1184765100479126
4797,0.00010504914971534162,0.005751708149909973,0.008735848963260651,0.029737374931573867,0.0,0.007976430468261242,0.0,0.11848393827676773
4798,9.831614152062684e-05,0.00612454479560256,0.008984762523323298,0.02916978597640991,0.0,0.007947339676320553,0.0,0.11847887933254242
4799,0.00010204322024947033,0.00604061372578144,0.008432606980204583,0.029687264934182167,0.0,0.007895966991782188,0.0,0.11848635971546173
4800,0.00010409799142507836,0.006028112769126892,0.008408777974545955,0.02865343615412712,0.0,0.007822403684258461,0.0,0.11849489063024521
4801,9.698539797682315e-05,0.006229161005467177,0.008381685800850391,0.029238348826766014,0.0,0.007725638337433338,0.0,0.11848032474517822
4802,9.297635988332331e-05,0.006161853950470686,0.00751021858304739,0.028793342411518097,0.0,0.007616463117301464,0.0,0.11846385896205902
4803,9.77005809545517e-05,0.0059656653553247455,0.007791114971041679,0.02941276691854,0.0,0.007506079971790314,0.0,0.11845110356807709
4804,9.751019679242745e-05,0.006146134529262781,0.007854478340595961,0.02974272184073925,0.0,0.0074088177643716335,0.0,0.11843200027942657
4805,9.355289657833054e-05,0.006344942096620798,0.008034845814108849,0.03015459105372429,0.0,0.0073236217722296715,0.0,0.11840011179447174
4806,9.360667609144002e-05,0.006326172407716513,0.007515200227499008,0.028322241827845575,0.0,0.007268493063747883,0.0,0.11838266998529434
4807,9.733975603012368e-05,0.006457659974694252,0.007706853654235601,0.029255514219403266,0.0,0.007276374846696854,0.0,0.11837224662303925
4808,9.460633445996791e-05,0.006055575329810381,0.00746380565688014,0.028213052079081535,0.0,0.007319990545511246,0.0,0.11836563050746918
4809,9.228473354596644e-05,0.005931415501981974,0.008388395886868238,0.028837792575359344,0.0,0.0073532722890377045,0.0,0.11836129426956177
4810,0.00010618643718771637,0.005927169043570757,0.010063898377120494,0.029419531300663947,0.0,0.007360307965427637,0.0,0.11835809797048569
4811,9.948724327841773e-05,0.00609764875844121,0.00948734637349844,0.029393875598907472,0.0,0.007348406128585339,0.0,0.11836472898721695
4812,0.00010738965647760779,0.006166852451860905,0.008635081723332405,0.029263776913285255,0.0,0.007336621172726154,0.0,0.11836695671081543
4813,0.00010220177209703251,0.006140393018722534,0.008489985577762127,0.02808416076004505,0.0,0.007314371410757303,0.0,0.1183767169713974
4814,9.82908604783006e-05,0.006163236312568187,0.008446903713047505,0.028365161269903183,0.0,0.007285474333912134,0.0,0.11840341240167618
4815,9.802874701563269e-05,0.0061663975939154625,0.008498524129390717,0.028924917429685594,0.0,0.007273299153894186,0.0,0.11843043565750122
4816,9.797365928534418e-05,0.005958872940391302,0.008299177512526512,0.029576682299375535,0.0,0.007246709428727627,0.0,0.11843849718570709
4817,0.00010059643682325259,0.006370880082249642,0.00836050258949399,0.02850007303059101,0.0,0.0072217537090182304,0.0,0.11846335232257843
4818,0.00010052285651909187,0.006120529677718878,0.007899157516658307,0.03033697009086609,0.0,0.007213653530925512,0.0,0.11850513517856598
4819,9.917897259583696e-05,0.006208274327218532,0.00827680779621005,0.029011666029691695,0.0,0.007205595728009939,0.0,0.11853420734405518
4820,9.250875154975802e-05,0.006102634686976671,0.008356090914458037,0.030103496089577676,0.0,0.007169193588197231,0.0,0.1185455173254013
4821,9.327655279776082e-05,0.006137814000248909,0.008108649961650371,0.02875320091843605,0.0,0.007115921471267939,0.0,0.11855101585388184
4822,8.911390323191881e-05,0.006117894127964973,0.007532976008951664,0.027882666513323783,0.0,0.007070322521030903,0.0,0.11855834722518921
4823,9.226828842656687e-05,0.0060681884177029135,0.007894614711403847,0.028749654814600945,0.0,0.0070455074310302734,0.0,0.11855025589466095
4824,9.333147172583268e-05,0.006208525318652391,0.008409753814339638,0.029738014936447142,0.0,0.007037067320197821,0.0,0.11853013932704926
4825,0.00010219332616543398,0.006036734022200107,0.008772099018096923,0.029806083440780638,0.0,0.007049325853586197,0.0,0.11850927770137787
4826,0.0001007580300210975,0.006179296597838402,0.010308261215686797,0.028890250995755196,0.0,0.007071229629218578,0.0,0.118500255048275
4827,9.732231555972248e-05,0.006176105607300997,0.008770825155079365,0.02976711206138134,0.0,0.007108887191861868,0.0,0.11847971379756927
4828,9.307645814260468e-05,0.006026925612241029,0.008622101694345474,0.029012254625558852,0.0,0.00713819544762373,0.0,0.1184697300195694
4829,9.874476527329534e-05,0.006162042636424303,0.008303300850093365,0.028274254128336906,0.0,0.007143884897232056,0.0,0.11846659332513809
4830,9.595181763870642e-05,0.006167604215443134,0.00792864253744483,0.0293804869055748,0.0,0.007141427602618933,0.0,0.11845558881759644
4831,9.350951295346021e-05,0.00595451109111309,0.007874545641243458,0.028635621815919877,0.0,0.007141848560422659,0.0,0.11846806854009628
4832,9.566803491907194e-05,0.006115874741226435,0.008590359427034854,0.02899591140449047,0.0,0.0071716285310685635,0.0,0.11849068105220795
4833,8.994599193101749e-05,0.00610122038051486,0.008314884826540947,0.028408705443143844,0.0,0.007352563086897135,0.0,0.11851201206445694
4834,9.060146840056404e-05,0.006109342910349369,0.0078083803877234455,0.02841050587594509,0.0,0.007516118232160807,0.0,0.11852040141820908
4835,9.319632808910683e-05,0.0062217781320214275,0.007920662872493267,0.03028661459684372,0.0,0.007584923412650824,0.0,0.11853396892547607
4836,9.881648147711531e-05,0.006391907297074795,0.007844106294214725,0.028947026282548905,0.0,0.007563595660030842,0.0,0.11855775117874146
4837,9.952894324669615e-05,0.006177077814936638,0.008135407976806164,0.028412825614213943,0.0,0.007514127995818853,0.0,0.11856512725353241
4838,9.177281899610534e-05,0.006083389185369015,0.007714183256030083,0.028519070520997048,0.0,0.007494229823350906,0.0,0.11856134235858917
4839,0.00010622772824717686,0.0059734823182225226,0.008348090574145317,0.029389280825853348,0.0,0.007516176905483007,0.0,0.11856906116008759
4840,0.00010207064042333513,0.006127170566469431,0.008286871202290057,0.0290957473218441,0.0,0.0075292461551725864,0.0,0.11859948933124542
4841,9.877196862362325e-05,0.006061135232448578,0.007559148222208023,0.028860286995768546,0.0,0.007496374659240246,0.0,0.11861841380596161
4842,9.820039849728346e-05,0.006057866290211678,0.007663207966834307,0.029449869692325593,0.0,0.007440592162311077,0.0,0.11861371994018555
4843,9.527989896014333e-05,0.006130954250693321,0.00817183768376708,0.02933686412870884,0.0,0.007399469614028931,0.0,0.11862268298864365
4844,9.473741956753657e-05,0.006331080384552479,0.007673509325832129,0.02964867614209652,0.0,0.007344870828092098,0.0,0.11863050609827042
4845,9.500076266704127e-05,0.006187285948544741,0.0081095558591187,0.028220243379473688,0.0,0.007278236094862223,0.0,0.11863714456558228
4846,0.00010014736762968824,0.006080003920942545,0.0072549345903098585,0.029012980312108992,0.0,0.007249999791383743,0.0,0.11864161491394043
4847,9.584613871993497e-05,0.006199693679809571,0.009271571598947047,0.028229803964495658,0.0,0.007251883391290903,0.0,0.11864440143108368
4848,0.00010582519316812978,0.0063906642608344555,0.00899519706144929,0.02893490493297577,0.0,0.007327875588089228,0.0,0.11862675100564957
4849,9.38493452849798e-05,0.006004492379724979,0.009311601892113686,0.027934904396533965,0.0,0.007475642953068018,0.0,0.11862106621265411
4850,9.623613150324672e-05,0.0060407878831028935,0.009485012106597423,0.028854755312204362,0.0,0.007696341723203659,0.0,0.11862002313137054
4851,0.0001004650242975913,0.005771856103092432,0.008866646327078342,0.02888324037194252,0.0,0.00785687007009983,0.0,0.11861562728881836
4852,0.00010083474626298994,0.006451841443777084,0.008588538318872452,0.02954525202512741,0.0,0.00791844166815281,0.0,0.11861485242843628
4853,0.00010562649404164404,0.006183741334825754,0.008150016702711583,0.02859480455517769,0.0,0.007976293563842773,0.0,0.1186041608452797
4854,0.00010065558890346438,0.0062723270617425445,0.007954442035406828,0.029173557087779044,0.0,0.007987928576767445,0.0,0.11859140545129776
4855,9.544131462462247e-05,0.006136516481637955,0.009045468363910913,0.029036093130707742,0.0,0.007944861426949501,0.0,0.11856601387262344
4856,9.800854459172115e-05,0.006155410688370467,0.008258592709898949,0.02904776595532894,0.0,0.007886288687586784,0.0,0.11854241043329239
4857,0.00010530580912018194,0.0060432394035160545,0.008002059813588858,0.02872583381831646,0.0,0.007847422733902931,0.0,0.11852499097585678
4858,0.0001035462089930661,0.006310647446662187,0.007666012272238731,0.030161137878894805,0.0,0.007797065190970898,0.0,0.11851944774389267
4859,9.57106807618402e-05,0.006187514960765838,0.0072012065909802915,0.030593059584498407,0.0,0.007737645413726568,0.0,0.11853792518377304
4860,9.153845749096945e-05,0.006197423301637172,0.007702803891152144,0.02787136398255825,0.0,0.007716132793575525,0.0,0.11856212466955185
4861,0.00010016359592555091,0.005811057612299919,0.00797370271757245,0.029492396488785745,0.0,0.007704564370214939,0.0,0.11855477094650269
4862,0.00010105362453032285,0.006128524336963892,0.0077967350371181965,0.02869134917855263,0.0,0.007674565073102713,0.0,0.11855357885360718
4863,0.00010064552334370092,0.005992864072322845,0.0079726817086339,0.028426943346858025,0.0,0.007649626582860947,0.0,0.11854579299688339
4864,9.917418501572683e-05,0.005908286198973656,0.008046554308384657,0.028491427749395372,0.0,0.007674305699765682,0.0,0.1185293048620224
4865,9.496511484030634e-05,0.006238104589283466,0.008190510608255864,0.028349893912672997,0.0,0.007690432481467724,0.0,0.11851982027292252
4866,0.00010076356993522495,0.006428851932287216,0.008364037051796913,0.029770376905798913,0.0,0.007679784204810858,0.0,0.11851207166910172
4867,9.470059885643422e-05,0.006277274619787931,0.0076892409473657605,0.02825877591967583,0.0,0.00768869137391448,0.0,0.11851628869771957
4868,9.941922762664035e-05,0.0061746685765683654,0.007412189897149801,0.02930935434997082,0.0,0.007684714160859585,0.0,0.11851529031991959
4869,0.00010100380022777244,0.006077064294368028,0.007974912878125906,0.02810090407729149,0.0,0.007656660862267017,0.0,0.1185089498758316
4870,9.113220294238999e-05,0.006249971594661475,0.009358440712094306,0.027932674065232276,0.0,0.0076643554493784904,0.0,0.1185142770409584
4871,9.428963821846991e-05,0.006091395765542984,0.009669454395771026,0.028268076479434967,0.0,0.007687483914196491,0.0,0.1185285896062851
4872,9.114262647926807e-05,0.006028905604034662,0.008459214866161347,0.02943041957914829,0.0,0.007695749402046204,0.0,0.11853434890508652
4873,0.0001050448845489882,0.0060310100205242636,0.008277283981442451,0.029350635409355164,0.0,0.00768212229013443,0.0,0.11853702366352081
4874,8.875926869222894e-05,0.005993604846298695,0.008232334349304437,0.02824416272342205,0.0,0.007653334643691778,0.0,0.11852133274078369
4875,9.960749302990734e-05,0.006037219613790512,0.00817433074116707,0.029174777492880822,0.0,0.007610130123794079,0.0,0.11850181967020035
4876,9.233252640115098e-05,0.006303035747259855,0.0079243547283113,0.029113230481743812,0.0,0.007531466893851757,0.0,0.11850371211767197
4877,9.192696015816181e-05,0.006017186865210533,0.00845623565837741,0.02848197892308235,0.0,0.007429677993059158,0.0,0.11849518120288849
4878,9.751909383339807e-05,0.00606460515409708,0.008148871175944806,0.0283709567040205,0.0,0.007340922951698303,0.0,0.1184883862733841
4879,9.529520029900595e-05,0.006184719409793616,0.00890154130756855,0.029999887198209764,0.0,0.007292113266885281,0.0,0.1185101717710495
4880,9.361953416373581e-05,0.005986265279352665,0.008008352201431989,0.027861153334379198,0.0,0.007259455509483814,0.0,0.1185421571135521
4881,0.00010023565409937874,0.006215788424015045,0.008000664226710797,0.02848426066339016,0.0,0.007298181299120188,0.0,0.11857394129037857
4882,9.881355654215441e-05,0.005863177962601185,0.007664339430630207,0.029164090752601624,0.0,0.007329818792641163,0.0,0.11858455836772919
4883,0.00010533790482440964,0.006147160287946462,0.00887814275920391,0.02870939113199711,0.0,0.007317063864320517,0.0,0.11857680976390839
4884,0.00010384900233475491,0.006045703869313001,0.009073164127767087,0.029430072754621506,0.0,0.0072747208178043365,0.0,0.11856987327337265
4885,9.237339108949527e-05,0.006256334763020277,0.00819702846929431,0.029107343032956125,0.0,0.007228565867990255,0.0,0.11857891082763672
4886,0.00010261208517476916,0.0062661306001245975,0.008077975176274777,0.02863673269748688,0.0,0.007184466812759638,0.0,0.11856589466333389
4887,0.00010225070582237095,0.006249675620347261,0.007734317053109408,0.028107301145792008,0.0,0.007178483065217733,0.0,0.11854179203510284
4888,9.567157685523853e-05,0.006390324607491493,0.007987399026751519,0.027303704246878623,0.0,0.0071904463693499565,0.0,0.11853180080652237
4889,9.415362728759646e-05,0.006001523043960333,0.007802570424973965,0.028863563388586044,0.0,0.0071784211322665215,0.0,0.11851749569177628
4890,9.627694671507925e-05,0.00616075899451971,0.0078057216480374335,0.02967781908810139,0.0,0.007158145308494568,0.0,0.11849770694971085
4891,0.00010444469808135182,0.006285405345261097,0.007756353914737701,0.02811671495437622,0.0,0.00723850354552269,0.0,0.11849206686019897
4892,9.173249127343297e-05,0.006048687174916268,0.007563247997313738,0.027925361320376395,0.0,0.007408773060888052,0.0,0.11848688125610352
4893,9.752482874318958e-05,0.00615586917847395,0.007607751805335283,0.029223012179136275,0.0,0.00756033044308424,0.0,0.11848218739032745
4894,0.0001008585502859205,0.006049470696598292,0.007881233468651772,0.02841762974858284,0.0,0.007668603211641312,0.0,0.11847646534442902
4895,0.00010007748496718705,0.006258615851402282,0.008073022216558456,0.028558535128831865,0.0,0.007680314593017101,0.0,0.1184636577963829
4896,9.672419546404853e-05,0.005897513497620821,0.007682057935744524,0.02919553630053997,0.0,0.00763963907957077,0.0,0.11844529956579208
4897,8.878756925696507e-05,0.005828255694359541,0.008345219958573579,0.027804432809352873,0.0,0.007568370550870895,0.0,0.11841817945241928
4898,9.365961013827473e-05,0.006096229143440724,0.007987125776708126,0.029551798850297926,0.0,0.007481777109205723,0.0,0.11839059740304947
4899,8.983637089841068e-05,0.005867173802107573,0.008671170845627785,0.029207961261272432,0.0,0.007390306331217289,0.0,0.11837580054998398
4900,9.871934162219986e-05,0.0061831938102841376,0.007881837990134954,0.029571229964494704,0.0,0.007324864622205496,0.0,0.1183631420135498
4901,9.66041799983941e-05,0.0061621214263141155,0.007679479010403156,0.029901477694511413,0.0,0.00728586595505476,0.0,0.1183636412024498
4902,9.3264011957217e-05,0.006261599902063608,0.00789722017943859,0.02913762256503105,0.0,0.007248664740473032,0.0,0.11836336553096771
4903,9.92804896668531e-05,0.005972569156438112,0.008026376832276583,0.02800268344581127,0.0,0.007203304208815098,0.0,0.11836491525173187
4904,9.442810842301697e-05,0.006181477755308151,0.008503218460828067,0.029070717468857765,0.0,0.007145168725401163,0.0,0.11836812645196915
4905,9.799060499062761e-05,0.006324367225170135,0.008272877428680658,0.028579072654247285,0.0,0.007078477181494236,0.0,0.11837878078222275
4906,0.00010430954716866836,0.005851406883448362,0.008482672274112701,0.02953566499054432,0.0,0.007020775228738785,0.0,0.1183907762169838
4907,9.68644832028076e-05,0.006189155206084251,0.007874678261578083,0.02810334637761116,0.0,0.006966000888496637,0.0,0.11840252578258514
4908,9.520187741145492e-05,0.006111602298915386,0.007754158787429332,0.02820846363902092,0.0,0.0069169579073786736,0.0,0.11841525137424469
4909,9.251095762010663e-05,0.006245336029678583,0.007453062199056148,0.028242940083146095,0.0,0.0068723768927156925,0.0,0.11841808259487152
4910,9.609299449948594e-05,0.0062387784011662005,0.007905406318604946,0.029134262725710867,0.0,0.0068353996612131596,0.0,0.118413046002388
4911,8.920923573896289e-05,0.006153123080730438,0.008431865274906159,0.027795673161745072,0.0,0.006852491293102503,0.0,0.1184125691652298
4912,8.94290627911687e-05,0.0060544261708855625,0.008286788314580917,0.029321028664708138,0.0,0.006947674788534641,0.0,0.11841611564159393
4913,8.977796387625858e-05,0.00615040548145771,0.008112153224647044,0.028300952911376954,0.0,0.007044208236038685,0.0,0.11841851472854614
4914,9.983949275920168e-05,0.006160074379295111,0.0077851034700870516,0.02876899130642414,0.0,0.007098940201103687,0.0,0.11841852962970734
4915,0.00010044205118902028,0.006034665182232857,0.008174696192145347,0.02825045995414257,0.0,0.0071100518107414246,0.0,0.11842404305934906
4916,9.931591339409351e-05,0.0062942526303231714,0.007606306113302708,0.028478055819869043,0.0,0.007096496876329184,0.0,0.11843816936016083
4917,0.00010005020449170843,0.006087417341768741,0.007206839323043823,0.02833842895925045,0.0,0.0071305567398667336,0.0,0.11844317615032196
4918,9.998124587582425e-05,0.006277651246637106,0.0074084998108446595,0.028632424399256708,0.0,0.007213807199150324,0.0,0.11845369637012482
4919,9.69443135545589e-05,0.006308790016919375,0.007501218281686306,0.02977953739464283,0.0,0.0072739869356155396,0.0,0.11845457553863525
4920,9.625513484934345e-05,0.006310324650257826,0.007555711455643177,0.0287523303180933,0.0,0.0074116988107562065,0.0,0.11844853311777115
4921,8.94224169314839e-05,0.005995221529155969,0.007882042601704598,0.02926582098007202,0.0,0.0076190694235265255,0.0,0.11845166981220245
4922,9.689506114227698e-05,0.00618806928396225,0.00735488124191761,0.028532130271196367,0.0,0.0077536096796393394,0.0,0.11844933032989502
4923,9.403148287674412e-05,0.006150324363261461,0.007337651401758194,0.029563217610120773,0.0,0.007810166571289301,0.0,0.11843898147344589
4924,9.290315501857549e-05,0.0060821670107543465,0.0082110783085227,0.028836636617779732,0.0,0.007790130563080311,0.0,0.11844408512115479
4925,8.847398567013443e-05,0.006193296518176794,0.007771911937743426,0.029484879598021506,0.0,0.007719165645539761,0.0,0.11843793094158173
4926,9.929871157510206e-05,0.006262833066284656,0.008321587927639484,0.03151697032153607,0.0,0.0076347291469573975,0.0,0.11844766139984131
4927,0.00010205531871179118,0.006350764911621809,0.00792266484349966,0.02808738872408867,0.0,0.00756232813000679,0.0,0.11846351623535156
4928,0.00010095196921611205,0.0061144974082708355,0.007936079613864421,0.02900380380451679,0.0,0.007500635925680399,0.0,0.1184701919555664
4929,9.575378790032119e-05,0.005962198413908481,0.008557216264307499,0.02865372970700264,0.0,0.007471802644431591,0.0,0.1184753030538559
4930,0.0001028601109283045,0.005895018205046653,0.007804439309984446,0.030115053802728654,0.0,0.007457365747541189,0.0,0.11847309023141861
4931,9.142533672275021e-05,0.0062557457014918326,0.007651943620294333,0.028675466403365137,0.0,0.007437438704073429,0.0,0.11848793923854828
4932,9.715990017866716e-05,0.006158927269279957,0.008058306481689214,0.02999928444623947,0.0,0.007440750952810049,0.0,0.11849009990692139
4933,0.00010272429935866966,0.006153411697596312,0.008187263179570437,0.028624913841485976,0.0,0.007419850677251816,0.0,0.11849339306354523
4934,9.833912627073005e-05,0.006342770624905824,0.008291889633983373,0.028438054770231248,0.0,0.007391004357486963,0.0,0.11851374804973602
4935,9.724539268063381e-05,0.005972319934517145,0.00823736870661378,0.028810751065611838,0.0,0.007342171855270863,0.0,0.11852465569972992
4936,0.00010100006475113332,0.006097654718905688,0.007862456329166888,0.028757689520716667,0.0,0.007316551171243191,0.0,0.11852224171161652
4937,0.00010179548262385651,0.006252985913306475,0.008220802433788777,0.029030678793787956,0.0,0.007288130931556225,0.0,0.11852487176656723
4938,9.945937636075541e-05,0.006139283627271652,0.008443533629179,0.0295289721339941,0.0,0.007238921709358692,0.0,0.11851130425930023
4939,9.503079636488109e-05,0.006170752272009849,0.008069553039968013,0.02859424278140068,0.0,0.007202600594609976,0.0,0.11851118505001068
4940,9.401952847838402e-05,0.006267254613339901,0.008415832556784153,0.027613183856010436,0.0,0.007303844206035137,0.0,0.11850997060537338
4941,9.682855306891724e-05,0.0061133474111557005,0.00803306195884943,0.02800324223935604,0.0,0.007425880990922451,0.0,0.11849017441272736
4942,9.373794600833207e-05,0.006132112070918083,0.008368142321705819,0.029844782873988153,0.0,0.007503099739551544,0.0,0.11848292499780655
4943,9.009493660414592e-05,0.006158766243606806,0.00781764816492796,0.029674213752150534,0.0,0.007541255094110966,0.0,0.11850754171609879
4944,9.148886310867965e-05,0.0063632063567638395,0.008328818902373313,0.02949223592877388,0.0,0.007559479679912329,0.0,0.11852818727493286
4945,9.526938665658236e-05,0.00620085271075368,0.008809007704257965,0.029483477771282195,0.0,0.007611589971929789,0.0,0.1185380071401596
4946,9.394369553774595e-05,0.005925119202584028,0.008264161739498376,0.02896536625921726,0.0,0.007690106518566608,0.0,0.1185564175248146
4947,0.00010000297479564323,0.006171459425240755,0.007871907111257315,0.02872614897787571,0.0,0.007728073745965958,0.0,0.11857064068317413
4948,8.874504128471017e-05,0.006178644020110369,0.007934622187167405,0.027789799496531487,0.0,0.007697804365307093,0.0,0.1185702532529831
4949,9.075930429389701e-05,0.006259793881326914,0.007860226090997458,0.029267430305480957,0.0,0.007617180701345205,0.0,0.1185641661286354
4950,0.00010460511693963782,0.00617820518091321,0.007762416917830706,0.028073148056864738,0.0,0.007532444782555103,0.0,0.11857984960079193
4951,9.778437379281968e-05,0.0059963371604681015,0.00806816965341568,0.028751420229673384,0.0,0.007448276970535517,0.0,0.11858439445495605
4952,9.077241993509233e-05,0.006164130289107561,0.008148552477359771,0.02867347002029419,0.0,0.007415364496409893,0.0,0.1185891404747963
4953,9.102970798267052e-05,0.005916118901222944,0.008194205351173878,0.02967657521367073,0.0,0.007459911517798901,0.0,0.11859600245952606
4954,0.00010016950982389971,0.0060535728000104426,0.008384481631219387,0.028544262796640397,0.0,0.00750510161742568,0.0,0.1186034306883812
4955,9.378738905070349e-05,0.006086162384599447,0.00850583277642727,0.02896224744617939,0.0,0.0075040580704808235,0.0,0.11861445754766464
4956,9.429155034013093e-05,0.006101161334663629,0.008231366612017154,0.02925541512668133,0.0,0.007504908833652735,0.0,0.11861827224493027
4957,9.628504631109536e-05,0.006193870212882757,0.00776921883225441,0.028617304936051368,0.0,0.0075265513733029366,0.0,0.11861194670200348
4958,9.662567608756945e-05,0.005878506321460008,0.007773543335497379,0.029062544927001,0.0,0.007527822162955999,0.0,0.11859895288944244
4959,9.535362041788176e-05,0.006197070050984621,0.008764044009149074,0.029685406386852263,0.0,0.007492753677070141,0.0,0.11858618259429932
4960,9.15160751901567e-05,0.006249130330979824,0.009427657350897789,0.02912580706179142,0.0,0.00748561043292284,0.0,0.11858125030994415
4961,0.00010326433402951807,0.006269115209579468,0.008225450851023197,0.02792113795876503,0.0,0.007531187497079372,0.0,0.11857565492391586
4962,0.00010396888246759773,0.005894407350569964,0.008260251209139823,0.029646407067775726,0.0,0.007594672031700611,0.0,0.1185767650604248
4963,9.660328651079908e-05,0.006116603035479784,0.008701921813189984,0.02857978828251362,0.0,0.007652111351490021,0.0,0.11858123540878296
4964,9.978436573874206e-05,0.005940087605267763,0.00922099556773901,0.02935688607394695,0.0,0.007724045310169458,0.0,0.11858810484409332
4965,9.989585960283876e-05,0.006034297123551369,0.009358423389494419,0.03015584945678711,0.0,0.007795958314090967,0.0,0.11860378086566925
4966,9.934592671925201e-05,0.0060792223550379275,0.00911429338157177,0.028474617376923562,0.0,0.007805314846336842,0.0,0.11861083656549454
4967,9.4335172616411e-05,0.006027642730623483,0.009318562038242818,0.028362055122852326,0.0,0.007758998312056065,0.0,0.11861022561788559
4968,9.54275339609012e-05,0.006030477862805128,0.008277548663318157,0.02944432869553566,0.0,0.007688234094530344,0.0,0.11859152466058731
4969,0.00010836785950232297,0.006348995584994554,0.008598030731081962,0.02904760539531708,0.0,0.00759842898696661,0.0,0.11857588589191437
4970,9.272147581214085e-05,0.006251075211912394,0.008161857165396214,0.02749741040170193,0.0,0.007509568240493536,0.0,0.1185566633939743
4971,9.675455366959795e-05,0.006022579781711101,0.008076984621584415,0.02851839065551758,0.0,0.0074270861223340034,0.0,0.11854243278503418
4972,9.741948160808533e-05,0.006103337649255991,0.00841478854417801,0.028937532007694243,0.0,0.0073620630428195,0.0,0.1185348778963089
4973,9.769638272700831e-05,0.0061720538884401325,0.009810274094343185,0.029709360003471373,0.0,0.007358381990343332,0.0,0.11852025985717773
4974,9.677884809207171e-05,0.006032099481672049,0.009744169190526009,0.029368267580866813,0.0,0.007351881358772516,0.0,0.1185014471411705
4975,9.85019825748168e-05,0.006243009585887194,0.009230314940214156,0.02785770520567894,0.0,0.00735738268122077,0.0,0.11849852651357651
4976,9.170410776278004e-05,0.0060123994015157224,0.008603103458881378,0.02917965017259121,0.0,0.007412613369524479,0.0,0.11848647892475128
4977,9.290134039474651e-05,0.006044975947588682,0.008634869195520877,0.02799313925206661,0.0,0.007454534061253071,0.0,0.1184857040643692
4978,9.943170589394867e-05,0.006155414506793022,0.008666760474443435,0.02868882454931736,0.0,0.007461146917194128,0.0,0.11848734319210052
4979,0.00010058488114736975,0.006255358457565308,0.008375068381428718,0.028763525187969208,0.0,0.007456517778337002,0.0,0.1184718981385231
4980,9.638866758905351e-05,0.006157464440912008,0.007950233109295369,0.029260488227009773,0.0,0.007441975176334381,0.0,0.11845673620700836
4981,9.854854579316452e-05,0.006358214840292931,0.008143654931336642,0.028887778148055078,0.0,0.0074029662646353245,0.0,0.11843305826187134
4982,9.153494029305876e-05,0.006087661255151033,0.008230183646082878,0.02803695760667324,0.0,0.007439741399139166,0.0,0.11840388923883438
4983,8.908613526728004e-05,0.006073170527815819,0.007873989269137382,0.028763466328382493,0.0,0.00758573692291975,0.0,0.11838515847921371
4984,9.022703161463142e-05,0.0060743666253983974,0.007571396045386791,0.028771897777915,0.0,0.0077001615427434444,0.0,0.1183757409453392
4985,9.904118778649717e-05,0.005749366525560617,0.00836193673312664,0.028739796206355094,0.0,0.007777955383062363,0.0,0.11837255954742432
4986,0.00010162836697418243,0.00608147969469428,0.008345580939203501,0.029296556115150453,0.0,0.007804848253726959,0.0,0.11836741864681244
4987,9.481507149757817e-05,0.006203085463494062,0.008542560040950775,0.028775303065776824,0.0,0.007793979253619909,0.0,0.11835324764251709
4988,9.463480237172916e-05,0.005992111843079328,0.00815716003999114,0.029226181283593177,0.0,0.007831035181879997,0.0,0.1183377057313919
4989,9.219763305736705e-05,0.006188782118260861,0.008044426143169404,0.028542401269078255,0.0,0.007823014631867409,0.0,0.11832632124423981
4990,9.212754084728659e-05,0.006207072269171476,0.007763391360640526,0.02931559309363365,0.0,0.007762613706290722,0.0,0.11834262311458588
4991,8.947026362875477e-05,0.0062757785432040695,0.00853457059711218,0.028626075014472008,0.0,0.007769390009343624,0.0,0.11835892498493195
4992,9.811309719225392e-05,0.006097761914134026,0.008187010232359172,0.028154569491744042,0.0,0.00778492446988821,0.0,0.11837808787822723
4993,9.67193889664486e-05,0.0061802325770258905,0.008333309926092625,0.028507652506232262,0.0,0.0077725485898554325,0.0,0.11837561428546906
4994,9.876049298327417e-05,0.006108480505645275,0.00806220481172204,0.029633327573537826,0.0,0.00773224513977766,0.0,0.11837935447692871
4995,9.288833243772387e-05,0.006027254182845354,0.00867617204785347,0.0289777472615242,0.0,0.007703426294028759,0.0,0.11839576065540314
4996,9.440452413400635e-05,0.006084416434168816,0.008826386742293834,0.029639599844813347,0.0,0.007685073651373386,0.0,0.11841194331645966
4997,9.570547408657148e-05,0.006090165302157402,0.008686203509569168,0.029598214477300645,0.0,0.00763065367937088,0.0,0.11844190210103989
4998,0.00010008097888203338,0.006165651883929968,0.008765784092247486,0.028585170954465867,0.0,0.007570281624794006,0.0,0.11847338825464249
4999,9.601614146959037e-05,0.005950590968132019,0.008247498050332069,0.029879774525761606,0.0,0.007503727916628122,0.0,0.11848746240139008
5000,9.491852251812816e-05,0.006156938988715411,0.00863735657185316,0.02835259586572647,0.0,0.007452319376170635,0.0,0.11849264800548553
5001,9.407194738741964e-05,0.0061569781973958015,0.00741187697276473,0.028487563878297806,0.0,0.0074515575543046,0.0,0.11849303543567657
5002,9.912853420246392e-05,0.005990844964981079,0.0077714304439723495,0.029224148765206338,0.0,0.007556119468063116,0.0,0.11847750842571259
5003,9.6920233045239e-05,0.005893129669129848,0.008333959430456162,0.028169267997145652,0.0,0.00767469173297286,0.0,0.11845793575048447
5004,9.03596926946193e-05,0.006149864010512829,0.00868352297693491,0.02863382250070572,0.0,0.0077960193157196045,0.0,0.11845289170742035
5005,9.737683576531709e-05,0.006155497115105391,0.008006487879902125,0.029700642451643944,0.0,0.007900455966591835,0.0,0.11845960468053818
5006,9.609976841602474e-05,0.005900656711310149,0.00795086771249771,0.02846625670790672,0.0,0.007956704124808311,0.0,0.11847104877233505
5007,9.532375406706706e-05,0.006369047611951828,0.007933709397912025,0.028667766973376273,0.0,0.007940424606204033,0.0,0.11847684532403946
5008,9.292650502175092e-05,0.005976719968020916,0.007949218712747097,0.027907000109553336,0.0,0.007902138866484165,0.0,0.1184837818145752
5009,9.886618645396083e-05,0.006118835601955652,0.007909081131219863,0.027873995527625085,0.0,0.007877854630351067,0.0,0.11846639215946198
5010,0.00010053727310150861,0.00590823320671916,0.008759248163551092,0.029557836800813676,0.0,0.007852792739868164,0.0,0.11844766139984131
5011,9.421773138456047e-05,0.006238346640020609,0.008267435152083636,0.028992776200175284,0.0,0.007816853933036327,0.0,0.11843053251504898
5012,9.75367147475481e-05,0.005780031904578209,0.008657268807291984,0.028678911551833153,0.0,0.007750524673610926,0.0,0.11843115091323853
5013,9.969104430638254e-05,0.006105815060436726,0.008748585171997548,0.030037157982587815,0.0,0.007665286306291819,0.0,0.11843814700841904
5014,9.475912083871663e-05,0.006053438782691956,0.008366085402667523,0.027888362854719163,0.0,0.007602713070809841,0.0,0.11843861639499664
5015,9.698197973193601e-05,0.0059974219650030134,0.008402943052351475,0.02906241752207279,0.0,0.007582926191389561,0.0,0.11844748258590698
5016,8.942533022491262e-05,0.006000896450132132,0.008618420362472535,0.028638267144560813,0.0,0.00755417812615633,0.0,0.11846816539764404
5017,9.650436841184274e-05,0.006285617593675852,0.008639548905193806,0.028480430692434312,0.0,0.007519368082284927,0.0,0.11848102509975433
5018,9.571822301950306e-05,0.005997205432504415,0.008371559530496597,0.02843475453555584,0.0,0.007498604245483875,0.0,0.11848058551549911
5019,0.00010130226582987234,0.0062293817289173605,0.008695710077881813,0.02874898798763752,0.0,0.007473178207874298,0.0,0.1185026541352272
5020,9.545732464175672e-05,0.006110290717333555,0.008549881540238858,0.027910614386200905,0.0,0.007423974573612213,0.0,0.11852012574672699
5021,0.00010680637933546677,0.006292512454092502,0.008396490477025509,0.030098021775484086,0.0,0.007375319954007864,0.0,0.1185264140367508
5022,9.150060941465199e-05,0.006049912888556719,0.008431152254343034,0.028969457000494005,0.0,0.007422595284879208,0.0,0.11852777004241943
5023,0.00010590595775283873,0.006141702458262443,0.007837208174169063,0.029279939830303192,0.0,0.0074920654296875,0.0,0.11851725727319717
5024,9.697023051558062e-05,0.006017259880900383,0.008325559459626675,0.02884170562028885,0.0,0.007530284579843283,0.0,0.11850466579198837
5025,8.982897270470858e-05,0.0061556586995720865,0.008112080302089453,0.02960761897265911,0.0,0.007525560446083546,0.0,0.11850573867559433
5026,9.719964000396431e-05,0.006223254930227995,0.00775904068723321,0.029492801055312157,0.0,0.007510242518037558,0.0,0.11851555109024048
5027,9.507447393843904e-05,0.0063325753435492516,0.00833169911056757,0.02803056389093399,0.0,0.007495518773794174,0.0,0.11852891743183136
5028,9.407707839272916e-05,0.006043545436114073,0.007289859186857939,0.027896736189723013,0.0,0.007477698381990194,0.0,0.11853401362895966
5029,9.962002513930202e-05,0.0060815434902906414,0.0076729865744709965,0.02952754497528076,0.0,0.007481883279979229,0.0,0.11852402985095978
5030,0.00010162585967918858,0.006233301293104887,0.008349208999425173,0.02976553775370121,0.0,0.00747251370921731,0.0,0.11851473152637482
5031,0.00010256947425659745,0.00594480549916625,0.008793191611766815,0.029506853967905044,0.0,0.007436228450387716,0.0,0.11852355301380157
5032,9.097698202822357e-05,0.006307513825595379,0.00948030948638916,0.030602194368839264,0.0,0.007402124814689159,0.0,0.11851979792118073
5033,0.00011214939877390862,0.006125807389616966,0.009529042243957519,0.02958616688847542,0.0,0.007443188223987818,0.0,0.11852320283651352
5034,9.75043119979091e-05,0.006274271663278342,0.009137597866356373,0.02838490828871727,0.0,0.007531804032623768,0.0,0.1185273751616478
5035,9.909938962664455e-05,0.006061810906976462,0.00814707987010479,0.030055716633796692,0.0,0.0076485625468194485,0.0,0.11853116750717163
5036,8.748507971176878e-05,0.006367651000618935,0.007869796268641949,0.02981022521853447,0.0,0.007704682648181915,0.0,0.11854925006628036
5037,0.000106765866803471,0.006235166359692812,0.008007643651217223,0.02969970032572746,0.0,0.007718990556895733,0.0,0.11857087910175323
5038,9.782249107956887e-05,0.006006693653762341,0.00858978983014822,0.028349675238132477,0.0,0.0077042789198458195,0.0,0.11860491335391998
5039,8.752672292757779e-05,0.005986421089619398,0.008310267329216003,0.02785874642431736,0.0,0.007638619281351566,0.0,0.11862435191869736
5040,9.95738388155587e-05,0.005894775409251452,0.008581958897411823,0.028003356978297235,0.0,0.007541685365140438,0.0,0.11863366514444351
5041,9.336222137790173e-05,0.0061442886479198934,0.008440437912940978,0.02972717136144638,0.0,0.007449224591255188,0.0,0.11864231526851654
5042,9.293214679928496e-05,0.005969724245369434,0.008670665323734283,0.028353237360715867,0.0,0.007386444602161646,0.0,0.11863700300455093
5043,9.11650451598689e-05,0.006065523531287908,0.00841649565845728,0.029616684839129447,0.0,0.007421606685966253,0.0,0.11863052845001221
5044,9.507126815151423e-05,0.005970718804746866,0.00839069988578558,0.02912982031702995,0.0,0.007469634525477886,0.0,0.11863493919372559
5045,0.00010024524090113118,0.006052580941468477,0.0081734886392951,0.027948984876275063,0.0,0.0074887992814183235,0.0,0.11862137168645859
5046,9.652523294789717e-05,0.0062116974964737896,0.007609171513468027,0.028509871289134025,0.0,0.007523440755903721,0.0,0.11861071735620499
5047,0.0001023507968056947,0.005906577128916979,0.007838353328406811,0.028378261253237724,0.0,0.007536099757999182,0.0,0.11860667169094086
5048,9.58370786975138e-05,0.0059750212356448175,0.008826314471662045,0.02921246998012066,0.0,0.007571741938591003,0.0,0.11860388517379761
5049,9.814658551476896e-05,0.006079006381332875,0.008551802672445773,0.029049669206142426,0.0,0.007599535398185253,0.0,0.1185932382941246
5050,0.00010018384200520814,0.006141258124262095,0.008563850447535515,0.027367958426475526,0.0,0.007590109016746283,0.0,0.11858942359685898
5051,9.673318709246814e-05,0.005852343421429396,0.008195257186889649,0.029346703737974166,0.0,0.007564959116280079,0.0,0.1185809001326561
5052,9.339075040770695e-05,0.006191105302423239,0.008577302843332291,0.029210659861564636,0.0,0.00755011523142457,0.0,0.11856973171234131
5053,0.0001009012819849886,0.006117071956396103,0.009047117456793785,0.02922746501863003,0.0,0.007530874107033014,0.0,0.11857497692108154
5054,0.00010409918468212709,0.006214500870555639,0.008953497372567653,0.027979008853435516,0.0,0.007493641227483749,0.0,0.11858614534139633
5055,9.881886508082971e-05,0.006119491253048182,0.00807728711515665,0.029843675345182417,0.0,0.007437821477651596,0.0,0.11859575659036636
5056,0.00010235839581582696,0.006261416245251894,0.006883651576936245,0.028766434639692307,0.0,0.007363040000200272,0.0,0.11859215795993805
5057,9.815706580411643e-05,0.006106863915920258,0.008273107744753361,0.02888214513659477,0.0,0.0072832172736525536,0.0,0.11857546865940094
5058,0.00010064272355521098,0.0062049848958849905,0.008000334817916155,0.029325801879167557,0.0,0.007292725145816803,0.0,0.11856319010257721
5059,9.35557036427781e-05,0.006160154845565558,0.00801994688808918,0.028048153221607208,0.0,0.007335434667766094,0.0,0.11853412538766861
5060,8.967665198724716e-05,0.006173216551542282,0.007782809063792228,0.028318872302770616,0.0,0.007370936684310436,0.0,0.11851165443658829
5061,9.57629512413405e-05,0.0062763959169387816,0.007629767619073391,0.028665700182318687,0.0,0.0073993019759655,0.0,0.11849965900182724
5062,9.203875233652071e-05,0.006146403960883617,0.0078140988945961,0.028417939320206642,0.0,0.0073914192616939545,0.0,0.11847858130931854
5063,9.186643874272704e-05,0.006043799128383398,0.00821674233302474,0.02769581712782383,0.0,0.007382205221801996,0.0,0.11845352500677109
5064,9.811147901928052e-05,0.006291790120303631,0.008096905797719956,0.029418444633483885,0.0,0.007401219103485346,0.0,0.11844167858362198
5065,9.284628613386303e-05,0.006107462290674448,0.008150155283510685,0.02895069047808647,0.0,0.007457387633621693,0.0,0.11845327913761139
5066,9.405812452314421e-05,0.005987191759049893,0.007730872649699449,0.029130706563591957,0.0,0.007499949540942907,0.0,0.11847536265850067
5067,9.909424552461133e-05,0.005951415654271841,0.008444090373814106,0.028641752898693085,0.0,0.0075079998932778835,0.0,0.11847881227731705
5068,0.00010421793849673122,0.005910596065223217,0.008415056765079499,0.02798580043017864,0.0,0.007502238266170025,0.0,0.11847440153360367
5069,0.00010358719155192375,0.005948894284665584,0.007951868325471878,0.028878334164619445,0.0,0.007467295974493027,0.0,0.11848988384008408
5070,9.049712680280209e-05,0.006052878126502037,0.007497998513281345,0.029024777188897132,0.0,0.007405638694763184,0.0,0.11849464476108551
5071,9.689426806289703e-05,0.006172451470047235,0.007225224189460278,0.029369526356458665,0.0,0.0073996735736727715,0.0,0.1185026541352272
5072,9.151709236903116e-05,0.006155538745224476,0.007791526522487402,0.029566140472888948,0.0,0.007462252862751484,0.0,0.11852152645587921
5073,0.00010735428513726219,0.006047837249934673,0.007861967105418444,0.029120214655995368,0.0,0.007493965327739716,0.0,0.11852322518825531
5074,8.923335262807086e-05,0.005977808963507414,0.008249807916581631,0.028495336323976515,0.0,0.007491416297852993,0.0,0.11851084232330322
5075,0.00010104422690346838,0.006099389307200909,0.007942577823996544,0.028413141146302223,0.0,0.0074974484741687775,0.0,0.11850687116384506
5076,9.335649519925937e-05,0.006223422568291425,0.008006128948181868,0.028831902518868448,0.0,0.007488608360290527,0.0,0.1185186356306076
5077,9.701674862299115e-05,0.006099114287644624,0.008563980646431445,0.02918405644595623,0.0,0.007478334009647369,0.0,0.11850374937057495
5078,9.608551918063312e-05,0.0062088041566312315,0.008352940995246172,0.02885076552629471,0.0,0.007467640098184347,0.0,0.11849085241556168
5079,0.00010397213627584278,0.006032676156610251,0.009023916721343995,0.027949261665344238,0.0,0.0074727535247802734,0.0,0.11849243938922882
5080,9.155435836873948e-05,0.005955117475241423,0.008240210078656673,0.03179185763001442,0.0,0.007462292909622192,0.0,0.1184815764427185
5081,0.00010316276748199016,0.0060655447654426094,0.008439614530652761,0.030107011646032335,0.0,0.0074447826482355595,0.0,0.11849286407232285
5082,9.229623974533751e-05,0.006149815116077662,0.008811329863965512,0.029898204654455186,0.0,0.007460108492523432,0.0,0.1185041218996048
5083,0.00010393458942417055,0.0062372563406825066,0.009028538689017295,0.02860601581633091,0.0,0.007491810712963343,0.0,0.1185273677110672
5084,9.49237946770154e-05,0.006111651472747326,0.008983395993709564,0.02926574684679508,0.0,0.007513360120356083,0.0,0.1185443252325058
5085,9.13717463845387e-05,0.006244403310120106,0.008072961494326592,0.028912893682718276,0.0,0.007562427781522274,0.0,0.11855566501617432
5086,0.0001022515309159644,0.00610354095697403,0.008095880318433047,0.029077467694878577,0.0,0.007625899277627468,0.0,0.11854623258113861
5087,8.883395785233005e-05,0.006151121109724045,0.008006076514720916,0.02863728366792202,0.0,0.007660261355340481,0.0,0.11852184683084488
5088,9.938940493157134e-05,0.006053599715232849,0.008379579801112414,0.028793922066688536,0.0,0.007643301971256733,0.0,0.11849894374608994
5089,9.078724833671004e-05,0.0061193486675620076,0.009001629240810872,0.030030784755945207,0.0,0.007587190717458725,0.0,0.11848588287830353
5090,8.744502847548574e-05,0.005976307205855846,0.008386342599987984,0.028500600904226302,0.0,0.007594031281769276,0.0,0.11849081516265869
5091,9.118672605836763e-05,0.006113172881305218,0.008332407101988792,0.02915363758802414,0.0,0.0076660229824483395,0.0,0.11849723756313324
5092,9.205292008118704e-05,0.0060092248022556305,0.008360623847693205,0.029314625635743143,0.0,0.007768827024847269,0.0,0.11848287284374237
5093,9.552074479870498e-05,0.006098861340433359,0.008699977770447731,0.028787287697196007,0.0,0.007827317342162132,0.0,0.11847388744354248
5094,0.00010238356771878898,0.005902607366442681,0.008596129901707172,0.029415390640497207,0.0,0.0078049348667263985,0.0,0.11846037209033966
5095,0.00010009085526689887,0.006149430759251118,0.008312969096004963,0.029350201785564422,0.0,0.007718765642493963,0.0,0.11847074329853058
5096,9.774208447197453e-05,0.005946586281061173,0.008289030008018016,0.02857975997030735,0.0,0.007649713661521673,0.0,0.11848052591085434
5097,9.800427069421858e-05,0.006029640696942807,0.008744898065924645,0.02774444445967674,0.0,0.007633820176124573,0.0,0.11847098916769028
5098,9.394465596415102e-05,0.0060879049822688104,0.008843275532126427,0.028585921972990036,0.0,0.0076430984772741795,0.0,0.11845370382070541
5099,9.884926839731634e-05,0.006104667205363512,0.008974024653434753,0.029945246502757074,0.0,0.007673248648643494,0.0,0.11844466626644135
5100,9.715006744954735e-05,0.006140001025050879,0.0090956574305892,0.02921963930130005,0.0,0.007724790833890438,0.0,0.11843721568584442
5101,0.00010742459999164566,0.006021984573453665,0.008656401000916959,0.027788565680384635,0.0,0.007762412074953318,0.0,0.11842276901006699
5102,9.82841695076786e-05,0.006105570122599602,0.008600333705544472,0.02882375605404377,0.0,0.007737164851278067,0.0,0.11841072887182236
5103,9.433658415218815e-05,0.006091754045337438,0.0092968063428998,0.029082970321178438,0.0,0.0076747434213757515,0.0,0.11840403079986572
5104,9.833927470026538e-05,0.006200058571994305,0.00905106719583273,0.02934201806783676,0.0,0.007595508359372616,0.0,0.1184062734246254
5105,9.549644601065665e-05,0.006113055907189846,0.009039929322898387,0.02903045415878296,0.0,0.007535236421972513,0.0,0.11841233819723129
5106,9.866315667750314e-05,0.006184789631515741,0.009294974431395531,0.027836648747324944,0.0,0.0074907513335347176,0.0,0.11842761933803558
5107,9.537918522255495e-05,0.006295967567712069,0.00898013822734356,0.02908862680196762,0.0,0.007444416638463736,0.0,0.11843559890985489
5108,9.93809720966965e-05,0.006104071345180273,0.008522919006645679,0.029578518122434616,0.0,0.007491775788366795,0.0,0.11844201385974884
5109,8.973981020972132e-05,0.006230929400771856,0.008427675254642964,0.02858984060585499,0.0,0.007584676146507263,0.0,0.11844571679830551
5110,9.337275405414402e-05,0.00623713806271553,0.008592422492802143,0.028515542298555373,0.0,0.007659033872187138,0.0,0.11843712627887726
5111,0.00010079408239107578,0.006183619983494282,0.008687524497509003,0.0271427184343338,0.0,0.0077565438114106655,0.0,0.11841374635696411
5112,9.280366939492523e-05,0.006137883011251688,0.008506617322564126,0.029442600533366205,0.0,0.007853183895349503,0.0,0.1184026375412941
5113,0.00010041937348432839,0.006081170029938221,0.008440161868929864,0.030211153626441955,0.0,0.007876003161072731,0.0,0.11838241666555405
5114,0.00010270562634104863,0.006294723879545927,0.008539971057325601,0.03014504462480545,0.0,0.007823149673640728,0.0,0.11838861554861069
5115,9.986879013013095e-05,0.0061869054101407524,0.008248443715274334,0.028103452920913697,0.0,0.007746797055006027,0.0,0.11841490119695663
5116,9.449228673474863e-05,0.00613865926861763,0.0083262724801898,0.027596141397953033,0.0,0.007717920932918787,0.0,0.11842624843120575
5117,9.432202205061913e-05,0.0060931102372705935,0.008054053038358688,0.02833309769630432,0.0,0.007722421083599329,0.0,0.11842036247253418
5118,0.00010030539851868525,0.006044512428343296,0.007965409476310015,0.028652196377515794,0.0,0.00770148541778326,0.0,0.11840071529150009
5119,9.123209019890055e-05,0.006037195306271314,0.0081576744094491,0.028976843878626823,0.0,0.007656818721443415,0.0,0.11837097257375717
5120,9.294209448853507e-05,0.0062336488626897335,0.008145114034414291,0.029122503474354744,0.0,0.007627230137586594,0.0,0.11833413690328598
5121,8.687570807524026e-05,0.0061609910801053045,0.00789310410618782,0.029914159327745438,0.0,0.007590903900563717,0.0,0.11831500381231308
5122,8.947373135015368e-05,0.0060720030218362805,0.008062458131462336,0.029885703325271608,0.0,0.007558430079370737,0.0,0.11832734197378159
5123,9.801711275940761e-05,0.006184355542063713,0.0077574682421982285,0.02953968569636345,0.0,0.0075499555096030235,0.0,0.11835072934627533
5124,9.942757751559838e-05,0.00622957507148385,0.007926362194120884,0.02949504107236862,0.0,0.007593728601932526,0.0,0.11839382350444794
5125,9.117453882936388e-05,0.006222628243267536,0.008128105662763119,0.027410712838172913,0.0,0.00763924652710557,0.0,0.11843530088663101
5126,9.491365781286732e-05,0.005969483405351639,0.007662468031048775,0.030533621832728387,0.0,0.007629506289958954,0.0,0.11843963712453842
5127,9.953530097845942e-05,0.006213300209492445,0.008214103803038598,0.02899271696805954,0.0,0.007621324621140957,0.0,0.1184476763010025
5128,9.612383873900399e-05,0.005883843172341585,0.008137832581996917,0.028447195515036584,0.0,0.007658643182367086,0.0,0.11845135688781738
5129,9.733047190820798e-05,0.006254612188786268,0.008231649082154036,0.029069792851805686,0.0,0.007679579313844442,0.0,0.11843101680278778
5130,9.370331972604617e-05,0.005885866191238165,0.008300366904586553,0.028924118354916574,0.0,0.007685167249292135,0.0,0.11843325942754745
5131,9.508527145953848e-05,0.0061745958402752875,0.008524377644062043,0.029414675012230874,0.0,0.0076723420061171055,0.0,0.11845018714666367
5132,9.773225610842928e-05,0.005723142623901367,0.00818034540861845,0.029326333478093148,0.0,0.007641742937266827,0.0,0.1184549480676651
5133,9.640452626626938e-05,0.006224565580487252,0.009008915349841117,0.028800200298428537,0.0,0.007593338843435049,0.0,0.11845707893371582
5134,9.71150875557214e-05,0.0060070640407502655,0.009275050833821297,0.029386753961443902,0.0,0.007517977152019739,0.0,0.11847470700740814
5135,9.836692188400776e-05,0.006164996977895498,0.009320186823606491,0.028753628581762315,0.0,0.0074203223921358585,0.0,0.11850975453853607
5136,9.387537866132334e-05,0.006284220144152641,0.008774990774691105,0.029237795248627664,0.0,0.007356924470514059,0.0,0.11854454129934311
5137,0.0001024182842229493,0.006091718375682831,0.00890693049877882,0.02863350324332714,0.0,0.007387640420347452,0.0,0.11856510490179062
5138,9.369936742587015e-05,0.006320854835212231,0.008951899968087674,0.028360515460371973,0.0,0.0074415965937078,0.0,0.11855559051036835
5139,9.240461222361773e-05,0.006181586161255836,0.008498834073543548,0.029268875345587732,0.0,0.007529872003942728,0.0,0.11852580308914185
5140,0.0001055607761372812,0.006140303425490856,0.008450460992753506,0.028593191131949424,0.0,0.007589912973344326,0.0,0.11851704120635986
5141,0.00010002787312259897,0.006224711798131466,0.00836564926430583,0.028050841763615608,0.0,0.007600767072290182,0.0,0.11851531267166138
5142,0.00010784610349219292,0.006212737504392862,0.008320339117199182,0.030073244124650955,0.0,0.007604443468153477,0.0,0.1184840202331543
5143,9.212309378199279e-05,0.0059767340309917925,0.008583586663007736,0.029236916080117227,0.0,0.007617384195327759,0.0,0.11843391507863998
5144,0.0001038581904140301,0.0062025245279073715,0.008358023036271334,0.027216293662786484,0.0,0.007629753090441227,0.0,0.11840734630823135
5145,0.00010541399969952182,0.006122306361794472,0.007953660003840924,0.030151597410440444,0.0,0.007621436379849911,0.0,0.1183876246213913
5146,0.0001044823380652815,0.006182505749166012,0.00791116850450635,0.02913179248571396,0.0,0.007596945855766535,0.0,0.11836989969015121
5147,0.00010770081134978682,0.0061433322727680205,0.007662457879632711,0.029337278008460997,0.0,0.007551322691142559,0.0,0.11835633218288422
5148,0.00010453461145516485,0.006335560884326697,0.0077912649139761925,0.02950366660952568,0.0,0.007491067051887512,0.0,0.11835949122905731
5149,0.00010284566524205729,0.0061821285635232925,0.007512297667562962,0.028711975365877152,0.0,0.007431411184370518,0.0,0.11837083101272583
5150,0.00010595415806164965,0.006214720197021961,0.007923751510679722,0.029041843488812447,0.0,0.007396130822598934,0.0,0.11836852878332138
5151,9.959937451640145e-05,0.005969225335866213,0.007559117861092091,0.029023774340748786,0.0,0.007346291095018387,0.0,0.11837238073348999
5152,0.00010047122923424467,0.0060092655941843985,0.007933134026825429,0.02849586568772793,0.0,0.007274082396179438,0.0,0.11839008331298828
5153,9.623192163417116e-05,0.006061347667127848,0.007846119068562984,0.028738128393888472,0.0,0.007200358901172876,0.0,0.11841390281915665
5154,0.00010471013520145789,0.006091071851551532,0.007509009540081024,0.028468436002731322,0.0,0.007165311835706234,0.0,0.11842204630374908
5155,9.672927844803781e-05,0.0060352164320647715,0.007735926005989313,0.027740201726555825,0.0,0.0072469101287424564,0.0,0.11841501295566559
5156,0.00010363865294493735,0.006185027584433555,0.007674101646989584,0.027467283606529235,0.0,0.007379814051091671,0.0,0.11839812994003296
5157,9.765440918272362e-05,0.006276583112776279,0.008121133502572774,0.029201309382915496,0.0,0.007465927861630917,0.0,0.1183776706457138
5158,0.00010752571834018453,0.006125296279788017,0.00848601320758462,0.02956266365945339,0.0,0.007490822114050388,0.0,0.11837097257375717
5159,0.0001069099671440199,0.005996635276824236,0.008292760420590638,0.029620684310793878,0.0,0.007478500250726938,0.0,0.11838287115097046
5160,8.770701679168269e-05,0.006051405519247055,0.007567204348742962,0.028857588395476343,0.0,0.007487199269235134,0.0,0.11840412765741348
5161,9.433652012376114e-05,0.006303762644529342,0.0074785610660910605,0.028853662312030792,0.0,0.007521698717027903,0.0,0.11843158304691315
5162,0.00010217972157988697,0.006245704833418131,0.007577155064791441,0.02940014973282814,0.0,0.007592685520648956,0.0,0.11844749748706818
5163,9.878354176180437e-05,0.006071519479155541,0.007521787192672491,0.028171525895595552,0.0,0.007711074315011501,0.0,0.11844982206821442
5164,8.942075073719025e-05,0.00617972519248724,0.007154498714953661,0.029138324409723283,0.0,0.007791392505168915,0.0,0.11845938861370087
5165,9.410133061464876e-05,0.006081866938620806,0.0075406888499855995,0.02825383022427559,0.0,0.0078156478703022,0.0,0.11844144016504288
5166,9.911902889143675e-05,0.006036706361919641,0.008106373343616724,0.028326593711972235,0.0,0.007788114249706268,0.0,0.11842335760593414
5167,9.965690842363983e-05,0.006094422657042742,0.007238673884421587,0.027698370441794396,0.0,0.007738753221929073,0.0,0.11841905117034912
5168,9.714539773995057e-05,0.006421749014407396,0.007262639421969652,0.029949092119932175,0.0,0.007689076475799084,0.0,0.11840806156396866
5169,9.751197503646836e-05,0.006151682604104281,0.0077383131720125675,0.029020947217941285,0.0,0.007683068513870239,0.0,0.1183944121003151
5170,9.22447638004087e-05,0.006304500624537468,0.007718512322753668,0.030056143179535866,0.0,0.007655962370336056,0.0,0.11837301403284073
5171,9.604515362298116e-05,0.006014089286327362,0.008127226307988168,0.028062370792031287,0.0,0.007642005570232868,0.0,0.11836069822311401
5172,9.106084471568465e-05,0.00612671822309494,0.007961353100836278,0.028766842558979988,0.0,0.007614650763571262,0.0,0.11836548149585724
5173,8.939703257055953e-05,0.0060450051911175254,0.007500725518912077,0.028994805365800857,0.0,0.007573576178401709,0.0,0.11837901920080185
5174,0.00010296108230249957,0.00652939984574914,0.00839222762733698,0.028452130407094954,0.0,0.007529431488364935,0.0,0.1183982715010643
5175,9.76737035671249e-05,0.0062116215005517,0.007987552974373101,0.028213890641927718,0.0,0.007583577185869217,0.0,0.11839743703603745
5176,9.653419547248632e-05,0.006063169613480568,0.009203328005969524,0.02911302223801613,0.0,0.007728814147412777,0.0,0.11838109791278839
5177,9.626815444789827e-05,0.005964527744799853,0.008585245162248612,0.028568956628441812,0.0,0.00788411870598793,0.0,0.11837060749530792
5178,0.00010252490901621058,0.006117624975740909,0.008725633565336465,0.029602543264627457,0.0,0.00797522533684969,0.0,0.11837209761142731
5179,9.44541083299555e-05,0.006346975546330213,0.0087158995680511,0.02880610153079033,0.0,0.007991401478648186,0.0,0.11836771667003632
5180,0.00010034175211330876,0.005959797557443381,0.008930268324911594,0.027742816507816313,0.0,0.007975300773978233,0.0,0.11836030334234238
5181,0.00010194154165219516,0.006100276205688715,0.009263401478528976,0.02980322279036045,0.0,0.007992391474545002,0.0,0.11835013329982758
5182,8.881369431037455e-05,0.005996924079954624,0.008608068898320198,0.03040955252945423,0.0,0.008020702749490738,0.0,0.11834164708852768
5183,8.99427745025605e-05,0.005966517422348261,0.007887661643326282,0.029429204016923904,0.0,0.008021244779229164,0.0,0.11834114789962769
5184,9.369110193802044e-05,0.0062041818164289,0.007858748361468316,0.029453178867697716,0.0,0.007990016601979733,0.0,0.11833522468805313
5185,9.809086768655106e-05,0.0062592137604951855,0.009141100198030471,0.029417839646339417,0.0,0.007925080135464668,0.0,0.11833681166172028
5186,0.00010272236104356126,0.006207910180091858,0.00857366193085909,0.029327131062746047,0.0,0.007867041975259781,0.0,0.11832163482904434
5187,9.573612187523395e-05,0.006102670170366764,0.008415546081960202,0.029191074520349504,0.0,0.007830188609659672,0.0,0.1183120608329773
5188,9.166489617200569e-05,0.0061297759413719176,0.00825974065810442,0.028621375933289527,0.0,0.0078114732168614864,0.0,0.11831891536712646
5189,9.558302845107392e-05,0.00619096290320158,0.008064171764999628,0.029572649300098418,0.0,0.007752769626677036,0.0,0.11833354085683823
5190,9.91455584880896e-05,0.006184388976544141,0.007786345854401589,0.03046187087893486,0.0,0.007659316062927246,0.0,0.11834119260311127
5191,9.83053760137409e-05,0.0060465364716947075,0.008212956227362156,0.029054563492536545,0.0,0.007556759752333164,0.0,0.11836215108633041
5192,0.00010197476221946999,0.006103008333593607,0.008323355484753847,0.02812908627092838,0.0,0.007477364037185907,0.0,0.11838005483150482
5193,8.983388543128967e-05,0.00582914175465703,0.007779931928962469,0.02977060228586197,0.0,0.007435744162648916,0.0,0.11838404834270477
5194,0.00010381244937889278,0.005981856677681208,0.008004812989383936,0.029188255965709686,0.0,0.007423703558743,0.0,0.11838968843221664
5195,9.868470369838178e-05,0.006155971530824899,0.0076192857697606085,0.029885945096611976,0.0,0.007402400486171246,0.0,0.11838291585445404
5196,9.123527561314405e-05,0.006245183013379574,0.007737410347908735,0.028658669069409372,0.0,0.0073644607327878475,0.0,0.11838388442993164
5197,8.648718503536656e-05,0.006090428400784731,0.007687127869576216,0.02979850210249424,0.0,0.007342714816331863,0.0,0.11839082092046738
5198,0.00010411858384031802,0.006278243660926819,0.007578434608876705,0.028993354737758638,0.0,0.0073213824070990086,0.0,0.11840592324733734
5199,9.293084440287203e-05,0.006049990560859442,0.007745745312422514,0.028443125635385515,0.0,0.0073022181168198586,0.0,0.11843005567789078
5200,9.64545863098465e-05,0.006241783313453197,0.007623685151338577,0.028427998721599578,0.0,0.007289518602192402,0.0,0.11845563352108002
5201,9.112131228903309e-05,0.006228809896856547,0.007761995401233434,0.028969721496105195,0.0,0.00735944788902998,0.0,0.11847100406885147
5202,0.00010787275241455063,0.006067115813493729,0.007665977161377668,0.029323919862508773,0.0,0.007501185871660709,0.0,0.11849856376647949
5203,0.0001053927160683088,0.006209068093448877,0.0074669280089437965,0.028631551936268807,0.0,0.00758445356041193,0.0,0.11853756755590439
5204,9.557674347888678e-05,0.005998567026108503,0.00797329805791378,0.02908524014055729,0.0,0.00761080626398325,0.0,0.1185617446899414
5205,0.00010472390567883849,0.006236512959003448,0.008284632489085198,0.029380466043949127,0.0,0.007659760769456625,0.0,0.1185702234506607
5206,9.982882183976472e-05,0.006216060556471348,0.008513490483164788,0.02814035303890705,0.0,0.007700469344854355,0.0,0.11857308447360992
5207,9.590713016223162e-05,0.005955704301595688,0.008424193132668734,0.02724929004907608,0.0,0.007712049875408411,0.0,0.1185675710439682
5208,9.77606832748279e-05,0.006194526795297861,0.009207411669194698,0.028406600654125213,0.0,0.007694846950471401,0.0,0.11854569613933563
5209,9.812137432163581e-05,0.005960794724524021,0.008896427601575852,0.026744114980101586,0.0,0.007661832962185144,0.0,0.11854082345962524
5210,9.354441135656089e-05,0.0059865077026188375,0.008184587210416793,0.0276798103004694,0.0,0.007586468942463398,0.0,0.11854102462530136
5211,8.975651435321197e-05,0.0060598054900765416,0.009235349856317044,0.028584543243050577,0.0,0.00749130779877305,0.0,0.11853699386119843
5212,9.231777221430093e-05,0.006253389362245798,0.008400408178567886,0.028882835432887076,0.0,0.007396756671369076,0.0,0.11854243278503418
5213,9.732418693602085e-05,0.006189285218715668,0.008639845065772533,0.028692328184843064,0.0,0.007342526223510504,0.0,0.11853455007076263
5214,0.00010127963032573462,0.006163800973445177,0.009116352908313275,0.02910391092300415,0.0,0.007310607470571995,0.0,0.11853663623332977
5215,9.68644890235737e-05,0.006046281941235065,0.008867228962481022,0.02792089283466339,0.0,0.007266703061759472,0.0,0.11855240911245346
5216,9.084829653147609e-05,0.006169554963707924,0.008916303142905235,0.029367126524448395,0.0,0.00723319873213768,0.0,0.11855009943246841
5217,9.585576335666702e-05,0.005973195470869541,0.008346716128289699,0.028810010850429536,0.0,0.0072167739272117615,0.0,0.11854289472103119
5218,9.852222574409097e-05,0.006198382470756769,0.008475095592439174,0.02897004634141922,0.0,0.007207075599581003,0.0,0.11853170394897461
5219,0.00010067666735267267,0.006133813969790935,0.008163933269679546,0.030032577365636824,0.0,0.007183631416410208,0.0,0.11853232234716415
5220,0.00010208052262896671,0.005911715049296618,0.007761619333177805,0.030116982012987136,0.0,0.00717267906293273,0.0,0.11855318397283554
5221,0.00010542593081481755,0.006113482359796763,0.007482325844466686,0.03013664186000824,0.0,0.007165156304836273,0.0,0.11855761706829071
5222,9.819806145969779e-05,0.006190376169979572,0.00855292221531272,0.028279424458742142,0.0,0.007144915405660868,0.0,0.11855441331863403
5223,9.057219285750762e-05,0.00612091002985835,0.00785895176231861,0.029763993993401527,0.0,0.0071382783353328705,0.0,0.11854369938373566
5224,0.00010046651877928525,0.006170502305030823,0.00829885872080922,0.029233390092849733,0.0,0.007136502768844366,0.0,0.1185288056731224
5225,0.00010099201754201203,0.005941447801887989,0.008609297499060631,0.028255417197942733,0.0,0.007157387677580118,0.0,0.11851533502340317
5226,9.475024708081037e-05,0.006198189686983824,0.008133003208786248,0.028315278142690657,0.0,0.007181095890700817,0.0,0.11851408332586288
5227,0.0001037518391967751,0.006136859860271215,0.007973596267402173,0.029036711156368255,0.0,0.007202577777206898,0.0,0.11850519478321075
5228,9.665440447861328e-05,0.006225687358528376,0.008083084877580405,0.031030091643333434,0.0,0.007237808313220739,0.0,0.11849317699670792
5229,9.136544540524482e-05,0.006230458430945873,0.00840740380808711,0.02843749225139618,0.0,0.007432850543409586,0.0,0.11850259453058243
5230,9.66132982284762e-05,0.006295320205390453,0.007888583652675151,0.02847478464245796,0.0,0.007771104574203491,0.0,0.11851058155298233
5231,9.827900648815558e-05,0.006088522262871265,0.007960306853055954,0.02804735638201237,0.0,0.008015599101781845,0.0,0.11850893497467041
5232,0.00010201964614680037,0.005984459165483713,0.007783833052963018,0.02892496809363365,0.0,0.008112199604511261,0.0,0.11850843578577042
5233,9.396052628289908e-05,0.006278177630156279,0.008826721273362637,0.028869136422872543,0.0,0.008100234903395176,0.0,0.118499755859375
5234,9.603761718608439e-05,0.006058216374367475,0.008978848904371261,0.028694473579525946,0.0,0.008038150146603584,0.0,0.11849324405193329
5235,9.489779331488535e-05,0.006221613194793463,0.009169470891356469,0.030782274156808852,0.0,0.00795828364789486,0.0,0.11848559230566025
5236,8.928566385293379e-05,0.006019206531345844,0.009325435385107994,0.029197057336568834,0.0,0.007889918982982635,0.0,0.11849124729633331
5237,8.889529999578372e-05,0.006236272118985653,0.008893231116235256,0.029115190356969835,0.0,0.007827505469322205,0.0,0.1185074895620346
5238,9.670379949966446e-05,0.006189754698425531,0.008790753595530987,0.02895797826349735,0.0,0.007798905484378338,0.0,0.11852989345788956
5239,9.656632610131056e-05,0.006196758896112442,0.008464368991553783,0.02910982705652714,0.0,0.007771145552396774,0.0,0.11853615194559097
5240,8.571584185119718e-05,0.00608245525509119,0.008328819833695888,0.028567899763584138,0.0,0.0077716512605547905,0.0,0.11853363364934921
5241,9.501041931798681e-05,0.006062240898609161,0.008227663673460483,0.028784812614321708,0.0,0.007778169121593237,0.0,0.11853259801864624
5242,9.91762601188384e-05,0.006086347345262766,0.007859308458864688,0.02793949730694294,0.0,0.007762186229228973,0.0,0.11853792518377304
5243,0.00010294422536389902,0.006251564156264067,0.007778798975050449,0.02945314459502697,0.0,0.007825818844139576,0.0,0.11853613704442978
5244,9.740337118273601e-05,0.006266686879098415,0.008296602498739957,0.029788243770599365,0.0,0.00787570234388113,0.0,0.1185179352760315
5245,0.00010186876461375505,0.006099110655486584,0.008393417671322822,0.027252372354269028,0.0,0.00785594992339611,0.0,0.11850454658269882
5246,9.329754975624382e-05,0.005940346233546734,0.007157120015472173,0.029365746304392815,0.0,0.0078015634790062904,0.0,0.11848308891057968
5247,9.398040128871799e-05,0.0062766410410404205,0.00745368329808116,0.02884862795472145,0.0,0.007731995079666376,0.0,0.1184813529253006
5248,9.136426087934524e-05,0.006071141827851534,0.008300423063337803,0.0278809018433094,0.0,0.007669168524444103,0.0,0.11848896741867065
5249,0.00010162719554500655,0.006281342916190624,0.007690184377133846,0.028068722039461137,0.0,0.007590368390083313,0.0,0.11849143356084824
5250,0.00010088990384247155,0.005981045868247747,0.007382513210177422,0.028452544286847115,0.0,0.00750337541103363,0.0,0.11848211288452148
5251,9.035001421580091e-05,0.006010746769607067,0.008449518028646708,0.028972576558589935,0.0,0.007423206232488155,0.0,0.11846127361059189
5252,9.595946612535044e-05,0.006131616793572903,0.008739892393350601,0.028655527532100676,0.0,0.00734762754291296,0.0,0.11843302100896835
5253,9.737701329868287e-05,0.005956212431192398,0.007987040095031261,0.028494535759091378,0.0,0.00728234276175499,0.0,0.1183987483382225
5254,9.575463191140443e-05,0.006082631833851338,0.008770578913390637,0.02894982434809208,0.0,0.007233275566250086,0.0,0.11837925761938095
5255,0.00010130924638360739,0.006272132229059935,0.008289998583495616,0.029360575973987578,0.0,0.007218784186989069,0.0,0.118375763297081
5256,9.597402822691947e-05,0.00613497868180275,0.008135045692324639,0.02923269532620907,0.0,0.007224437780678272,0.0,0.11839430034160614
5257,9.948065999196843e-05,0.006202199403196574,0.008321703132241964,0.029319626092910767,0.0,0.007223131600767374,0.0,0.11840935796499252
5258,0.0001024737095576711,0.006114191189408302,0.008901908993721008,0.028868144005537034,0.0,0.007267914712429047,0.0,0.11843331158161163
5259,9.645595418987796e-05,0.006102503836154937,0.008398468792438506,0.028814959153532983,0.0,0.007372444961220026,0.0,0.11844432353973389
5260,9.75560993538238e-05,0.006165186781436205,0.008541594818234443,0.0278668362647295,0.0,0.0074408650398254395,0.0,0.11845743656158447
5261,9.22628620173782e-05,0.006105246208608151,0.008904696628451347,0.029704494029283525,0.0,0.007445088587701321,0.0,0.11846248805522919
5262,9.160628833342344e-05,0.006271109357476235,0.00871879030019045,0.029200253263115882,0.0,0.0073989639058709145,0.0,0.11846335232257843
5263,9.447327611269429e-05,0.006237546633929014,0.00843347404152155,0.029946368932724,0.0,0.007370593957602978,0.0,0.118474580347538
5264,9.089152736123652e-05,0.006273217685520649,0.008131473325192928,0.028036502376198768,0.0,0.0073801251128315926,0.0,0.11846812069416046
5265,9.242870291927829e-05,0.006211824528872967,0.008075093477964401,0.029102835059165954,0.0,0.007395497057586908,0.0,0.11846272647380829
5266,0.0001002165037789382,0.006044620461761951,0.008225032314658164,0.028634636476635934,0.0,0.007379078306257725,0.0,0.11846581846475601
5267,9.876986441668124e-05,0.006199428625404835,0.008179299905896187,0.02889595106244087,0.0,0.007339698262512684,0.0,0.11846138536930084
5268,9.695876797195524e-05,0.006083814986050129,0.008208602294325828,0.028099356219172478,0.0,0.007328390143811703,0.0,0.11846108734607697
5269,9.521808678982779e-05,0.006142007093876601,0.008273348771035671,0.029347454383969306,0.0,0.007426129188388586,0.0,0.11846727132797241
5270,9.610381966922432e-05,0.006173553317785263,0.008300459384918213,0.02924875430762768,0.0,0.007604021579027176,0.0,0.11847589910030365
5271,9.091323445318267e-05,0.0062450037337839605,0.007798266597092152,0.029913490638136864,0.0,0.007703819777816534,0.0,0.11851320415735245
5272,9.318995435023681e-05,0.0060751884244382385,0.007316453289240599,0.028313201665878297,0.0,0.007739572785794735,0.0,0.11855894327163696
5273,8.738420438021421e-05,0.00637798486277461,0.007545783463865518,0.02761593833565712,0.0,0.007734539452940226,0.0,0.11858322471380234
5274,9.541127074044197e-05,0.0061487722210586074,0.007923165149986745,0.029045673087239265,0.0,0.007800695486366749,0.0,0.11858625710010529
5275,9.70551438513212e-05,0.006198421865701675,0.007903087977319955,0.02953210547566414,0.0,0.007904701866209507,0.0,0.11861171573400497
5276,9.404538868693635e-05,0.0060720531269907955,0.007810678705573082,0.028114591911435127,0.0,0.007958179339766502,0.0,0.11864718049764633
5277,9.450436336919666e-05,0.0063622621819376945,0.007741258572787046,0.029584438353776932,0.0,0.00794717576354742,0.0,0.11867252737283707
5278,0.0001017799906549044,0.006127963587641716,0.007147919293493033,0.029033087939023972,0.0,0.007912106812000275,0.0,0.1186816468834877
5279,9.14013449801132e-05,0.005969797540456056,0.007937269937247037,0.028398841992020606,0.0,0.007854165509343147,0.0,0.11867330968379974
5280,8.7968677689787e-05,0.00584919648244977,0.008092033397406339,0.029291828349232673,0.0,0.00777676235884428,0.0,0.11865831911563873
5281,0.0001035166103974916,0.0060758979991078375,0.007609474379569292,0.02909666672348976,0.0,0.007703750394284725,0.0,0.11864472925662994
5282,9.610990091459825e-05,0.00609415415674448,0.00815106788650155,0.028510460630059242,0.0,0.007628444582223892,0.0,0.1186656802892685
5283,9.191413118969649e-05,0.006179265398532152,0.007230235729366541,0.02984762452542782,0.0,0.007589451968669891,0.0,0.11868268251419067
5284,8.963725267676636e-05,0.006020696740597487,0.007775363884866238,0.027294430881738663,0.0,0.007573124021291733,0.0,0.11868496239185333
5285,9.951940155588091e-05,0.006111425068229437,0.007742050476372242,0.028134864196181296,0.0,0.007531019393354654,0.0,0.11868263781070709
5286,9.587226377334445e-05,0.006034480594098568,0.008068899903446437,0.029502154514193534,0.0,0.007477177772670984,0.0,0.11866410821676254
5287,9.586245723767207e-05,0.006018966715782881,0.007755394652485847,0.02928764820098877,0.0,0.007439546287059784,0.0,0.11865599453449249
5288,0.00010046643874375149,0.006050745490938425,0.007530259527266025,0.029412027448415756,0.0,0.007407972123473883,0.0,0.11866786330938339
5289,9.504188492428511e-05,0.005930765252560377,0.008328717295080423,0.027537673339247705,0.0,0.007361228112131357,0.0,0.11868129670619965
5290,9.792499331524595e-05,0.006224496476352215,0.008034619130194187,0.02914670407772064,0.0,0.007309213280677795,0.0,0.11869265139102936
5291,9.157742024399341e-05,0.006274662353098393,0.007576292473822832,0.028193410485982895,0.0,0.007284464780241251,0.0,0.1187053695321083
5292,9.534998389426619e-05,0.005989306420087814,0.008152359444648028,0.028915151953697205,0.0,0.007310775574296713,0.0,0.118710458278656
5293,9.972548868972809e-05,0.00606683949008584,0.008185947593301535,0.028379616513848304,0.0,0.007400825619697571,0.0,0.11870835721492767
5294,9.973385313060135e-05,0.006098685320466757,0.00879966262727976,0.029287536442279816,0.0,0.007526888512074947,0.0,0.11867998540401459
5295,8.782364020589739e-05,0.006126040872186422,0.008522570878267289,0.030058519169688224,0.0,0.007607014384120703,0.0,0.11866477876901627
5296,8.726757514523342e-05,0.005980856902897358,0.00849499274045229,0.029814598709344865,0.0,0.007647189311683178,0.0,0.11866332590579987
5297,9.145592048298568e-05,0.005911117978394031,0.008225033897906542,0.029424862936139107,0.0,0.0077204047702252865,0.0,0.11865177005529404
5298,9.940571471815929e-05,0.005962820816785097,0.008486095443367958,0.03009525462985039,0.0,0.007767166942358017,0.0,0.11864453554153442
5299,9.134360298048704e-05,0.0061012192629277704,0.007877154089510442,0.029857394099235535,0.0,0.007836855947971344,0.0,0.11864723265171051
5300,8.84301625774242e-05,0.0061080770567059515,0.007412224356085062,0.028196841850876807,0.0,0.007915506139397621,0.0,0.11866295337677002
5301,0.00010222948476439342,0.006168892420828342,0.007332293596118688,0.02861880771815777,0.0,0.007950822822749615,0.0,0.11867509037256241
5302,9.617923496989534e-05,0.006309936288744211,0.007532269787043333,0.02923864722251892,0.0,0.007923511788249016,0.0,0.11867521703243256
5303,9.088180377148092e-05,0.006215890496969223,0.00757773807272315,0.028537381440401077,0.0,0.007857950404286385,0.0,0.11866562068462372
5304,0.000100028894667048,0.006153810862451791,0.007831379491835832,0.028223394975066186,0.0,0.007759553380310535,0.0,0.11864538490772247
5305,0.00010008412355091422,0.005999990087002516,0.007589383330196142,0.028703232109546662,0.0,0.007634073495864868,0.0,0.11863051354885101
5306,9.016482799779623e-05,0.006135131791234016,0.007423624489456415,0.028793206438422203,0.0,0.0075197541154921055,0.0,0.11862291395664215
5307,9.673256427049637e-05,0.0060339091345667836,0.007707283087074757,0.027509262785315514,0.0,0.007438666187226772,0.0,0.11862581968307495
5308,9.602757199900225e-05,0.006206366792321205,0.0070842023938894275,0.029480983689427375,0.0,0.00738845020532608,0.0,0.11862220615148544
5309,9.11455528694205e-05,0.006127950735390186,0.007268434017896652,0.029845287278294563,0.0,0.007441677153110504,0.0,0.1186128705739975
5310,0.00010980937222484499,0.006159027945250273,0.006922895833849907,0.02910260111093521,0.0,0.007632891647517681,0.0,0.11862100660800934
5311,0.00010489946289453656,0.006136996205896139,0.007633906323462725,0.028389847651124,0.0,0.007763628847897053,0.0,0.11861668527126312
5312,0.00010627634037518874,0.006076365802437067,0.007465226948261261,0.028001518175005912,0.0,0.007822510786354542,0.0,0.11860521137714386
5313,0.00010054559097625316,0.006013537012040615,0.007712117675691843,0.02821373790502548,0.0,0.007822414860129356,0.0,0.11861591041088104
5314,9.51749985688366e-05,0.006294404435902834,0.007405408658087254,0.02904069498181343,0.0,0.007766502909362316,0.0,0.1186249628663063
5315,9.872877126326784e-05,0.006072430033236742,0.007359083741903305,0.027858920395374298,0.0,0.0076707350090146065,0.0,0.11861264705657959
5316,8.966932364273816e-05,0.006140325870364905,0.007332566566765309,0.030136151239275932,0.0,0.007582736201584339,0.0,0.11860571056604385
5317,9.737618383951486e-05,0.005891764350235462,0.007798267714679241,0.02834320329129696,0.0,0.00750843295827508,0.0,0.11859746277332306
5318,9.400831477250904e-05,0.006172803975641727,0.007552123535424471,0.029023869335651396,0.0,0.0074400887824594975,0.0,0.1185893639922142
5319,9.685511613497511e-05,0.006254140939563513,0.007505933754146099,0.02927628830075264,0.0,0.0074198865331709385,0.0,0.11860102415084839
5320,9.205863898387179e-05,0.006037503201514483,0.007336386479437351,0.028979059681296347,0.0,0.0074611930176615715,0.0,0.11859917640686035
5321,8.916388323996217e-05,0.006239900086075068,0.007928240858018399,0.02847004123032093,0.0,0.00748331006616354,0.0,0.11858294159173965
5322,9.452707890886814e-05,0.006092528067529202,0.008313678577542305,0.029581242799758913,0.0,0.007475831545889378,0.0,0.1185569167137146
5323,0.00010295502142980695,0.0060861120000481606,0.007968741096556186,0.028917071595788,0.0,0.007458905223757029,0.0,0.11854322999715805
5324,0.00010422650666441768,0.00625929357483983,0.007728303130716085,0.028681668639183044,0.0,0.007449790835380554,0.0,0.11852459609508514
5325,9.96623799437657e-05,0.006379113160073757,0.00803824160248041,0.02900676801800728,0.0,0.007519231643527746,0.0,0.11849226802587509
5326,9.154791187029331e-05,0.006112985964864493,0.0076150820590555664,0.0295233603566885,0.0,0.0075737545266747475,0.0,0.11846748739480972
5327,0.00010381162137491628,0.006078800931572914,0.007259667105972767,0.02891279198229313,0.0,0.007720562629401684,0.0,0.11845578998327255
5328,9.716111671878024e-05,0.006491401605308056,0.007717394270002842,0.027885301783680917,0.0,0.007996817119419575,0.0,0.11845092475414276
5329,9.571017726557329e-05,0.0062408697791397575,0.007847004663199186,0.029256003350019454,0.0,0.008202615194022655,0.0,0.11843280494213104
5330,0.00010199004173045978,0.0061007077805697914,0.007125428225845098,0.028264398127794264,0.0,0.008403928950428963,0.0,0.11843190342187881
5331,9.959595336113125e-05,0.006214298773556948,0.007577052060514689,0.028920667618513106,0.0,0.008575471118092537,0.0,0.11843596398830414
5332,9.705279808258638e-05,0.006161670945584774,0.006971628218889236,0.030216581374406814,0.0,0.008709719404578209,0.0,0.11843762546777725
5333,9.579511097399518e-05,0.006332599744200707,0.0074023156426846985,0.026881181076169013,0.0,0.008798854425549507,0.0,0.11842689663171768
5334,0.00010380511084804312,0.006135893054306507,0.007428530231118202,0.02957816943526268,0.0,0.00878184475004673,0.0,0.11840733140707016
5335,0.00010873206920223311,0.00614950368180871,0.008016670867800713,0.02874099276959896,0.0,0.008688688278198242,0.0,0.11840809881687164
5336,0.00010126073320861905,0.006255987472832203,0.007589687593281269,0.02963859625160694,0.0,0.008636578917503357,0.0,0.11842254549264908
5337,0.00010296196851413696,0.006191766913980245,0.00776436859741807,0.028029028326272964,0.0,0.008583957329392433,0.0,0.11841658502817154
5338,9.155558655038476e-05,0.005964849051088095,0.007457182835787534,0.027804848551750184,0.0,0.008506100624799728,0.0,0.1183951124548912
5339,9.860004938673228e-05,0.006107592210173607,0.007291540410369635,0.02877638824284077,0.0,0.008406774140894413,0.0,0.1183909922838211
5340,9.695064945844934e-05,0.006123956944793463,0.0072894151322543625,0.029859037324786186,0.0,0.008294226601719856,0.0,0.11838610470294952
5341,9.417619730811566e-05,0.005964304693043232,0.007457348611205816,0.030003924667835236,0.0,0.008164258673787117,0.0,0.11839588731527328
5342,9.631514403736219e-05,0.00614367462694645,0.007130915671586991,0.029372572898864746,0.0,0.008055644109845161,0.0,0.11840423196554184
5343,9.388349863002077e-05,0.006305336952209473,0.007268369384109974,0.028125693649053575,0.0,0.007992624305188656,0.0,0.11841683089733124
5344,8.964737789938227e-05,0.006237318459898234,0.006670920178294182,0.028243938088417055,0.0,0.00792106706649065,0.0,0.11842759698629379
5345,9.888834320008755e-05,0.00583882573992014,0.007218157593160868,0.028859761729836463,0.0,0.007824511267244816,0.0,0.11842779815196991
5346,9.613833244657144e-05,0.006081591546535492,0.006808798853307962,0.028594303876161575,0.0,0.007730352692306042,0.0,0.11841173470020294
5347,9.789382893359289e-05,0.005943197850137949,0.007336184568703175,0.02907738909125328,0.0,0.007658245973289013,0.0,0.11839041858911514
5348,9.674417378846556e-05,0.006057791784405709,0.0075428028590977195,0.027639830112457277,0.0,0.007581020705401897,0.0,0.11837661266326904
5349,0.00010016728629125282,0.005809367820620537,0.007171528507024049,0.028536804392933844,0.0,0.007497561629861593,0.0,0.1183505430817604
5350,0.00010568545549176634,0.006070049852132798,0.007334535848349333,0.02899143993854523,0.0,0.007447764277458191,0.0,0.11832591146230698
5351,9.695249318610876e-05,0.006163452006876469,0.007507423497736454,0.028491200879216194,0.0,0.0074409605003893375,0.0,0.11832215636968613
5352,9.32599592488259e-05,0.00619951756671071,0.0074367189779877664,0.029615386575460433,0.0,0.007447586860507727,0.0,0.11832331120967865
5353,9.83418445684947e-05,0.0062289686873555185,0.007502668350934982,0.028343324735760688,0.0,0.007500169333070517,0.0,0.11833612620830536
5354,9.637991461204365e-05,0.006072733737528324,0.007891353964805604,0.030135919526219367,0.0,0.007571493741124868,0.0,0.11835895478725433
5355,9.321561374235899e-05,0.006221500970423221,0.007637697272002697,0.027894631400704382,0.0,0.0076202526688575745,0.0,0.11837892234325409
5356,0.00010425104264868423,0.0063534841872751715,0.007368021737784147,0.02937389276921749,0.0,0.007604940794408321,0.0,0.1183839663863182
5357,9.536068682791665e-05,0.005942963995039463,0.007514652144163847,0.029436524957418442,0.0,0.007544233463704586,0.0,0.11839089542627335
5358,9.458154818275943e-05,0.006021025031805039,0.007309162989258766,0.02856033369898796,0.0,0.007468563970178366,0.0,0.11839719861745834
5359,9.192003053613008e-05,0.006407090649008751,0.007039264868944883,0.0283344566822052,0.0,0.007393243722617626,0.0,0.11838895082473755
5360,9.74333510384895e-05,0.006237885262817144,0.00759724173694849,0.028119350597262383,0.0,0.007346624042838812,0.0,0.1183873862028122
5361,9.700766240712255e-05,0.006014151219278574,0.0071540819481015205,0.02924816720187664,0.0,0.007307496853172779,0.0,0.1183977946639061
5362,0.00010836496658157557,0.006101327389478684,0.0072941496968269345,0.02798481397330761,0.0,0.007259771227836609,0.0,0.11841648817062378
5363,9.51056252233684e-05,0.005914784036576748,0.007446761056780815,0.028912245109677315,0.0,0.007217445410788059,0.0,0.1184205636382103
5364,9.740472305566072e-05,0.0064508428797125815,0.007641170080751181,0.0296625342220068,0.0,0.0072059170342981815,0.0,0.11842668056488037
5365,9.514958510408178e-05,0.006083787884563208,0.007032506447285414,0.029267974197864532,0.0,0.007296616677194834,0.0,0.11843447387218475
5366,0.00010964013490593061,0.006351952161639929,0.006948024127632379,0.028385142609477044,0.0,0.007419435773044825,0.0,0.1184333935379982
5367,9.643242083257064e-05,0.0062083503231406215,0.006976011954247951,0.029005562886595726,0.0,0.0075204274617135525,0.0,0.1184212937951088
5368,9.23716666875407e-05,0.006150174234062433,0.007436906453222036,0.02888799160718918,0.0,0.007575576659291983,0.0,0.1184086799621582
5369,9.544797940179706e-05,0.006143796723335981,0.0070518175140023235,0.02947792038321495,0.0,0.007616123650223017,0.0,0.11839023977518082
5370,9.717429784359411e-05,0.00611986517906189,0.00753592411056161,0.028997346758842468,0.0,0.0076292576268315315,0.0,0.11838702112436295
5371,9.941103489836678e-05,0.006064300518482923,0.0076171642169356344,0.029425569996237754,0.0,0.007603309117257595,0.0,0.11839549243450165
5372,9.661559743108228e-05,0.00620898911729455,0.007714440952986479,0.03023778721690178,0.0,0.007554042153060436,0.0,0.11842165887355804
5373,9.633628942538053e-05,0.006116790976375341,0.007864397671073674,0.027684254571795464,0.0,0.007486806251108646,0.0,0.11844970285892487
5374,0.00010408815869595855,0.006244525033980608,0.008061097655445337,0.028232110664248466,0.0,0.0074564493261277676,0.0,0.11844949424266815
5375,9.831966744968667e-05,0.006285903695970774,0.007511973939836025,0.030189307034015657,0.0,0.007439394481480122,0.0,0.11843065172433853
5376,0.00010440987825859338,0.006087099201977253,0.007346474658697843,0.03021620735526085,0.0,0.007474713027477264,0.0,0.11840836703777313
5377,9.519480227027088e-05,0.006026212219148874,0.007638501934707165,0.029934727400541306,0.0,0.007488464005291462,0.0,0.11840729415416718
5378,9.46668311371468e-05,0.006193371582776308,0.007867793180048465,0.029405130073428154,0.0,0.0074562192894518375,0.0,0.11841412633657455
5379,0.00010331089288229123,0.0062417381443083285,0.007400286011397838,0.028249458968639375,0.0,0.007409851998090744,0.0,0.11840713024139404
5380,0.00010310200887033715,0.006100183073431254,0.007301313988864422,0.02971455901861191,0.0,0.00739698950201273,0.0,0.11839131265878677
5381,9.260972728952765e-05,0.0061066667549312115,0.007115493249148131,0.02829105481505394,0.0,0.0074079870246350765,0.0,0.11839427798986435
5382,9.780405525816604e-05,0.0059963402338325976,0.007535861525684595,0.02867339849472046,0.0,0.007394483778625727,0.0,0.1183917373418808
5383,0.00010091845615534112,0.005999196507036686,0.007295336574316025,0.028757743537425995,0.0,0.007340757641941309,0.0,0.11838646978139877
5384,9.582582424627617e-05,0.006330975983291865,0.007156556751579046,0.02980472333729267,0.0,0.007264947984367609,0.0,0.11836179345846176
5385,0.00011475002975203097,0.005996005516499281,0.007461606338620186,0.02774263806641102,0.0,0.007182730827480555,0.0,0.11834073066711426
5386,9.889863285934552e-05,0.00611426243558526,0.007708402071148157,0.02818775698542595,0.0,0.007107503712177277,0.0,0.11832873523235321
5387,9.265047701774165e-05,0.006338185351341963,0.0074948851950466635,0.02733040042221546,0.0,0.00706303957849741,0.0,0.11832654476165771
5388,9.533929405733944e-05,0.006389891635626555,0.008016710169613361,0.027632950246334075,0.0,0.0070974864065647125,0.0,0.11832787841558456
5389,9.81541714281775e-05,0.006058068759739399,0.008272057864814997,0.02877190485596657,0.0,0.00718148797750473,0.0,0.11831065267324448
5390,0.00010167742584599182,0.005946898367255926,0.007648102007806301,0.027741383388638498,0.0,0.0072385878302156925,0.0,0.11830198764801025
5391,9.628341649658978e-05,0.006045236531645059,0.007882135454565287,0.02850794158875942,0.0,0.007254435680806637,0.0,0.11828591674566269
5392,9.76194627583027e-05,0.006114756315946579,0.007312629930675029,0.02734687104821205,0.0,0.007255094591528177,0.0,0.11826352775096893
5393,9.61601224844344e-05,0.006110005453228951,0.007170915137976408,0.029207780584692956,0.0,0.007317447569221258,0.0,0.11825194209814072
5394,0.00010499203490326181,0.006256885919719934,0.007270890008658171,0.029733825102448465,0.0,0.0073737697675824165,0.0,0.11825373023748398
5395,9.217750339303165e-05,0.00613878620788455,0.007614934723824263,0.028510499373078348,0.0,0.007449246011674404,0.0,0.11825251579284668
5396,9.383931464981287e-05,0.0061670265160501,0.007692084927111864,0.028750142827630044,0.0,0.0075541092082858086,0.0,0.11823992431163788
5397,9.392621432198211e-05,0.006189646013081074,0.008527904003858566,0.028735966607928275,0.0,0.0075965747237205505,0.0,0.11822198331356049
5398,0.00010055812454083935,0.006290794163942337,0.007563818804919719,0.029402313753962517,0.0,0.007571062538772821,0.0,0.1182153970003128
5399,9.423624724149703e-05,0.006217080913484096,0.007905557937920093,0.028928038477897645,0.0,0.007495052181184292,0.0,0.11822377145290375
5400,9.618653421057388e-05,0.006114138010889292,0.0075384704396128654,0.02904231511056423,0.0,0.007410284131765366,0.0,0.11822633445262909
5401,9.254502365365624e-05,0.005987295135855675,0.007868720777332782,0.028891560062766074,0.0,0.00733883585780859,0.0,0.1182093620300293
5402,9.636420872993767e-05,0.006176235619932413,0.008075615391135216,0.029569296538829802,0.0,0.007273579947650433,0.0,0.11818361282348633
5403,9.19154641451314e-05,0.006195898074656725,0.007694740127772093,0.028416243940591814,0.0,0.007239444646984339,0.0,0.11816096305847168
5404,9.759680251590908e-05,0.0061588134616613385,0.007291393727064133,0.028448564186692237,0.0,0.007242932915687561,0.0,0.11816336959600449
5405,9.329940221505239e-05,0.005927728489041328,0.007101931888610124,0.02945442236959934,0.0,0.007386458106338978,0.0,0.11816979944705963
5406,9.572928101988509e-05,0.006150179821997881,0.007377180084586143,0.029947871714830397,0.0,0.007572222501039505,0.0,0.11818818002939224
5407,9.146361117018387e-05,0.00613858038559556,0.007513352110981942,0.02882426604628563,0.0,0.007675147149711847,0.0,0.1182113066315651
5408,8.923359710024669e-05,0.006185956485569477,0.007718515396118164,0.030646715313196182,0.0,0.007713924162089825,0.0,0.11823173612356186
5409,9.801692503970116e-05,0.0059197420254349705,0.007881052140146495,0.028704024478793146,0.0,0.00769782206043601,0.0,0.11824450641870499
5410,9.611533168936148e-05,0.006200760696083307,0.007092184945940971,0.028664477169513702,0.0,0.007641453295946121,0.0,0.11824961006641388
5411,9.59561497438699e-05,0.006279116682708264,0.007728819735348225,0.028269073739647866,0.0,0.0075689442455768585,0.0,0.1182362288236618
5412,9.423009614693001e-05,0.006150921899825334,0.007150137424468994,0.02892928496003151,0.0,0.007626740727573633,0.0,0.11822046339511871
5413,0.00010561792441876605,0.006151011027395725,0.0072005619294941425,0.02824281491339207,0.0,0.007773128338158131,0.0,0.11821001768112183
5414,9.296410426031798e-05,0.006216316670179367,0.007758141309022903,0.029944613203406335,0.0,0.007876106537878513,0.0,0.1182001605629921
5415,9.694859909359366e-05,0.006294654961675405,0.007669053040444851,0.02867734804749489,0.0,0.007923963479697704,0.0,0.11820415407419205
5416,9.74979717284441e-05,0.0062311763875186445,0.007283935509622097,0.029826169088482856,0.0,0.007930425927042961,0.0,0.11821816116571426
5417,0.00010401353792985902,0.006256885826587677,0.007754901330918074,0.029589520767331123,0.0,0.00787738524377346,0.0,0.1182374581694603
5418,9.83648860710673e-05,0.00615215515717864,0.007505032327026128,0.029011494666337966,0.0,0.007771597243845463,0.0,0.11824765056371689
5419,9.041343437274919e-05,0.00606512762606144,0.0076093562878668305,0.027345000207424162,0.0,0.007657201495021582,0.0,0.11826856434345245
5420,9.658354392740875e-05,0.006114569120109081,0.007079477328807116,0.02864052802324295,0.0,0.00756570091471076,0.0,0.11828309297561646
5421,9.920310549205169e-05,0.006143906526267529,0.006740057282149792,0.02811270095407963,0.0,0.0074991500005126,0.0,0.11827665567398071
5422,9.240810468327254e-05,0.006175595335662365,0.007067771349102259,0.02806670479476452,0.0,0.007495065685361624,0.0,0.11827262490987778
5423,9.039668075274676e-05,0.006276245042681694,0.007173666544258594,0.02841039076447487,0.0,0.007529823575168848,0.0,0.11827842891216278
5424,9.449447388760745e-05,0.006117823533713818,0.007386739458888769,0.02919576093554497,0.0,0.007550481706857681,0.0,0.11827456951141357
5425,9.476270352024586e-05,0.006036861147731542,0.007044488564133644,0.029092953726649284,0.0,0.007542416453361511,0.0,0.11827681213617325
5426,0.00010508689592825249,0.006094975490123033,0.0072886146605014804,0.02897329144179821,0.0,0.0075097233057022095,0.0,0.118277907371521
5427,9.986642398871482e-05,0.006109058018773794,0.0072996364906430244,0.028699816390872,0.0,0.007453485392034054,0.0,0.1182674765586853
5428,9.67535117524676e-05,0.006267388444393873,0.0077003689482808115,0.02958124503493309,0.0,0.007405920419842005,0.0,0.11825951188802719
5429,9.790863987291232e-05,0.006055113673210144,0.007711621280759573,0.029484085738658905,0.0,0.0074024079367518425,0.0,0.11825557053089142
5430,0.00010402065236121416,0.0062165303155779835,0.007607814017683267,0.029493826255202294,0.0,0.007408761885017157,0.0,0.1182541698217392
5431,9.787075250642375e-05,0.006127772200852632,0.007838507927954198,0.029421273991465567,0.0,0.007439176551997662,0.0,0.11824635416269302
5432,9.960751194739714e-05,0.006057950761169195,0.007651490904390812,0.027899689227342605,0.0,0.007475815713405609,0.0,0.11824624240398407
5433,9.5308170421049e-05,0.006254574842751026,0.007606096565723419,0.02799015901982784,0.0,0.0075224325992167,0.0,0.1182355135679245
5434,0.00010224868456134572,0.0060424675233662125,0.007776419539004565,0.027816205844283105,0.0,0.0075886668637394905,0.0,0.11821548640727997
5435,9.24066873267293e-05,0.006140828598290682,0.007051059976220131,0.028726983815431595,0.0,0.007614733185619116,0.0,0.11818914115428925
5436,9.596790187060833e-05,0.006159538589417935,0.0072409558109939095,0.029705999419093132,0.0,0.007613529916852713,0.0,0.11817529052495956
5437,9.509884839644655e-05,0.00610643569380045,0.006828366871923208,0.028141723945736885,0.0,0.007583713624626398,0.0,0.1181657537817955
5438,9.48093962506391e-05,0.006072755251079798,0.007172200921922922,0.029058738425374032,0.0,0.007549939211457968,0.0,0.11816859245300293
5439,0.00010036878375103697,0.0062331466004252436,0.007171459868550301,0.02828247509896755,0.0,0.007529019378125668,0.0,0.11817159503698349
5440,0.0001059253903804347,0.006099990382790565,0.0070343706756830215,0.02819196991622448,0.0,0.007504937704652548,0.0,0.11817184835672379
5441,9.699175716377794e-05,0.0064482796005904675,0.00772100305184722,0.02849789336323738,0.0,0.007461339235305786,0.0,0.11817671358585358
5442,0.00010695130040403456,0.006016883999109268,0.007757522538304329,0.028987365216016768,0.0,0.007401070091873407,0.0,0.11818663030862808
5443,9.659186180215329e-05,0.006098481547087431,0.007620918378233909,0.029664701595902444,0.0,0.007369488477706909,0.0,0.11821231991052628
5444,0.00010536095505813137,0.006189554370939732,0.007331321761012077,0.02876789718866348,0.0,0.0075181713327765465,0.0,0.11822552978992462
5445,0.0001019072427880019,0.006024658028036356,0.007319720648229122,0.02832580842077732,0.0,0.007753358688205481,0.0,0.11823911964893341
5446,9.53114198637195e-05,0.00588765162974596,0.007455849088728428,0.028929076716303827,0.0,0.007907907478511333,0.0,0.11826417595148087
5447,9.449830686207861e-05,0.006124500092118979,0.007047198340296745,0.027556006237864493,0.0,0.00797185953706503,0.0,0.11827898025512695
5448,0.00010635135695338249,0.006129830610007048,0.007691914495080709,0.029748504608869554,0.0,0.007979781366884708,0.0,0.1182766929268837
5449,0.00010027293610619381,0.006164891645312309,0.00769868940114975,0.02906535491347313,0.0,0.007993700914084911,0.0,0.11828279495239258
5450,9.978284942917526e-05,0.006194220669567585,0.0074518249370157715,0.028151120617985727,0.0,0.007973715662956238,0.0,0.11828179657459259
5451,9.615402668714524e-05,0.006128389667719602,0.007633504364639521,0.03016623891890049,0.0,0.007949725724756718,0.0,0.11828622967004776
5452,9.166899399133399e-05,0.006248501688241958,0.00696664685383439,0.028333812952041626,0.0,0.007893882691860199,0.0,0.1182970181107521
5453,9.881033765850589e-05,0.006105960998684168,0.007478722184896469,0.029053807258605957,0.0,0.007807459682226181,0.0,0.1183074489235878
5454,9.279316145693883e-05,0.006048406381160021,0.007579683512449265,0.028625250980257987,0.0,0.007719835732132196,0.0,0.11831667274236679
5455,9.691783634480089e-05,0.006149559747427702,0.00801120139658451,0.03005075119435787,0.0,0.0076444498263299465,0.0,0.11832360178232193
5456,9.205432725138963e-05,0.006009314954280853,0.007380676548928022,0.029285236075520516,0.0,0.007573512848466635,0.0,0.11833466589450836
5457,0.00010363378823967651,0.006098659336566925,0.007655724231153726,0.030249682441353797,0.0,0.007518646772950888,0.0,0.11834446340799332
5458,9.113812557188794e-05,0.0061304127797484394,0.00772315701469779,0.028382165357470512,0.0,0.007511320058256388,0.0,0.1183764785528183
5459,9.906523628160358e-05,0.006048098672181368,0.007664777897298336,0.03001577444374561,0.0,0.007643760181963444,0.0,0.1184086948633194
5460,9.689901053206995e-05,0.006078162137418986,0.007592096552252769,0.030554620549082756,0.0,0.007768128998577595,0.0,0.11842165887355804
5461,0.0001000959426164627,0.006032706610858441,0.007185416761785746,0.02916652262210846,0.0,0.007830743677914143,0.0,0.11841557919979095
5462,9.628665284253657e-05,0.006134021654725074,0.007188452407717705,0.029467643797397615,0.0,0.007841141894459724,0.0,0.11842085421085358
5463,9.89053412922658e-05,0.006211574282497167,0.007832245249301196,0.03003314584493637,0.0,0.007793591823428869,0.0,0.11842427402734756
5464,0.00010354203259339556,0.0061503005214035514,0.0073857205919921395,0.028750493377447128,0.0,0.0077263833954930305,0.0,0.1184139996767044
5465,9.807716705836355e-05,0.00598130039870739,0.007261047046631575,0.028196589648723604,0.0,0.007691904902458191,0.0,0.11840562522411346
5466,9.230162249878049e-05,0.006307347025722265,0.007486151810735464,0.028541040420532227,0.0,0.007677142973989248,0.0,0.11839248985052109
5467,8.845459960866719e-05,0.00600548991933465,0.007656092382967472,0.02849086858332157,0.0,0.007744004018604755,0.0,0.11838419735431671
5468,0.00010337263229303062,0.006213252618908882,0.007441641017794609,0.027234893664717673,0.0,0.007824404165148735,0.0,0.11838281154632568
5469,0.00010441854683449492,0.006252685189247131,0.007375409174710512,0.028964706882834434,0.0,0.007854046300053596,0.0,0.11838622391223907
5470,9.669339779065922e-05,0.006525870971381664,0.006645642314106226,0.02920583114027977,0.0,0.007854804396629333,0.0,0.11839349567890167
5471,9.889372886391356e-05,0.006371739786118269,0.0074753470718860624,0.028857503086328506,0.0,0.007842332124710083,0.0,0.11840317398309708
5472,9.046855993801727e-05,0.006364256702363491,0.007313979137688875,0.027475984394550325,0.0,0.007796845398843288,0.0,0.11840357631444931
5473,9.850987698882818e-05,0.006083053164184093,0.007201895583420992,0.029049335047602654,0.0,0.007747108582407236,0.0,0.11840343475341797
5474,9.901876328513026e-05,0.006244324613362551,0.007284608203917742,0.029692453145980836,0.0,0.007709159050136805,0.0,0.11840200424194336
5475,9.529102535452694e-05,0.006163357850164175,0.007059995550662279,0.027764405682682992,0.0,0.007728498429059982,0.0,0.11840176582336426
5476,9.586734377080575e-05,0.0061158457770943645,0.007483956590294838,0.028965525701642035,0.0,0.007778082974255085,0.0,0.11840365082025528
5477,9.508588118478656e-05,0.006215186975896359,0.007407084479928017,0.029442401975393294,0.0,0.007837838493287563,0.0,0.11840216815471649
5478,9.079349692910909e-05,0.006011599767953157,0.007285538967698813,0.030234271287918092,0.0,0.007865247316658497,0.0,0.11840112507343292
5479,9.614505834178999e-05,0.006181337404996157,0.007490915339440107,0.02786807268857956,0.0,0.007836714386940002,0.0,0.11840597540140152
5480,0.00010086880356539041,0.0060780634172260765,0.007288330793380737,0.02801705412566662,0.0,0.007798002567142248,0.0,0.11839856207370758
5481,0.00010326745978090912,0.006020213756710291,0.007202885020524264,0.028881025686860084,0.0,0.007809665985405445,0.0,0.1183849349617958
5482,9.620069322409108e-05,0.006128540821373462,0.007320452854037285,0.029247505590319633,0.0,0.007802054286003113,0.0,0.11837617307901382
5483,9.467827330809087e-05,0.00623372970148921,0.007438022363930941,0.029201757907867432,0.0,0.007747179362922907,0.0,0.11836184561252594
5484,9.064384503290057e-05,0.005955141689628363,0.007325828168541193,0.029008441418409348,0.0,0.007659087888896465,0.0,0.11834019422531128
5485,9.718241781229154e-05,0.006138414889574051,0.007287919148802757,0.028611795976758003,0.0,0.007569655776023865,0.0,0.11831972748041153
5486,9.399965929333121e-05,0.006200999766588211,0.007444090582430363,0.028045355156064034,0.0,0.007490898482501507,0.0,0.11830608546733856
5487,9.842638537520543e-05,0.006054453551769257,0.0077318321913480755,0.029197904840111734,0.0,0.0074492343701422215,0.0,0.11829660832881927
5488,9.550776885589585e-05,0.00617822976782918,0.00720766894519329,0.029164516553282737,0.0,0.007441312074661255,0.0,0.11830081790685654
5489,9.248631540685892e-05,0.006112630572170019,0.007421709783375263,0.028155722096562384,0.0,0.007415711879730225,0.0,0.11829562485218048
5490,9.583378850948065e-05,0.006296876911073923,0.006955822743475437,0.028888771310448647,0.0,0.007366064004600048,0.0,0.11829060316085815
5491,9.401256538694724e-05,0.006135084759443998,0.007696230616420508,0.03067157305777073,0.0,0.007306061685085297,0.0,0.11828692257404327
5492,9.290783054893836e-05,0.006145880371332168,0.007543790061026812,0.029749709740281106,0.0,0.007247666362673044,0.0,0.11829417943954468
5493,0.00010116356716025621,0.006042499002069235,0.007421416975557804,0.03013213835656643,0.0,0.0071962745860219,0.0,0.11831231415271759
5494,9.232762386091053e-05,0.006177656725049019,0.007378277741372586,0.028784097731113435,0.0,0.007164495997130871,0.0,0.11832859367132187
5495,9.094436973100528e-05,0.006028424482792616,0.0071954777464270595,0.027998490259051323,0.0,0.00716874236240983,0.0,0.11835946142673492
5496,9.159538458334283e-05,0.00589652443304658,0.0074886100366711615,0.028257130831480026,0.0,0.007293593138456345,0.0,0.11836248636245728
5497,9.44102241192013e-05,0.005913681071251631,0.007633156329393387,0.02775336429476738,0.0,0.007429411169141531,0.0,0.1183430403470993
5498,9.2922781186644e-05,0.00588201992213726,0.00793765438720584,0.028582237660884857,0.0,0.007486296351999044,0.0,0.11834780126810074
5499,0.0001006490652798675,0.006101316027343273,0.0072353830561041835,0.028428708389401435,0.0,0.007480671163648367,0.0,0.1183541864156723
5500,9.68159394687973e-05,0.005936634354293346,0.0074185216799378395,0.028926800563931467,0.0,0.007456081919372082,0.0,0.11834542453289032
5501,9.792555210879073e-05,0.006263958103954792,0.00771689172834158,0.02852819785475731,0.0,0.007495561148971319,0.0,0.11835405975580215
5502,9.769267198862508e-05,0.006032066233456135,0.007171868067234755,0.028619227185845374,0.0,0.007553815841674805,0.0,0.11834210157394409
5503,9.285951527999714e-05,0.00616431487724185,0.0074895242229104046,0.029170361161231995,0.0,0.00759829580783844,0.0,0.11832672357559204
5504,0.00010121843952219934,0.006054913718253374,0.007134461775422096,0.02998005487024784,0.0,0.007642245385795832,0.0,0.1183287501335144
5505,9.467775234952568e-05,0.005977928824722767,0.007419267389923334,0.028107931092381477,0.0,0.007653906010091305,0.0,0.11834492534399033
5506,0.00010336298437323422,0.006030685175210238,0.00790981501340866,0.029444459080696105,0.0,0.007669327314943075,0.0,0.11835908889770508
5507,9.996903681894765e-05,0.006194899883121252,0.007373705692589283,0.02905653491616249,0.0,0.007648766040802002,0.0,0.11836934089660645
5508,9.487408242421224e-05,0.006332689244300127,0.00747090270742774,0.02852962426841259,0.0,0.007591987494379282,0.0,0.11835615336894989
5509,9.776528313523158e-05,0.006161586288362742,0.0073025980032980446,0.02846578657627106,0.0,0.007514350116252899,0.0,0.11833492666482925
5510,9.718848159536719e-05,0.006092959176748991,0.007548500690609217,0.02797738090157509,0.0,0.007431585341691971,0.0,0.11831758171319962
5511,9.082229516934603e-05,0.006096159107983112,0.007591924257576465,0.028965570405125617,0.0,0.007380386348813772,0.0,0.11830325424671173
5512,9.24770618439652e-05,0.006092378776520491,0.007536715362221003,0.028390463069081308,0.0,0.007424664683640003,0.0,0.11829695850610733
5513,9.330320608569309e-05,0.005869414657354355,0.0074139715172350405,0.028976379707455636,0.0,0.007481811102479696,0.0,0.1182677373290062
5514,9.016094409162179e-05,0.006173501722514629,0.007816749066114426,0.029142021015286446,0.0,0.007507352624088526,0.0,0.11822788417339325
5515,9.259470971301198e-05,0.0062048683874309065,0.007624349277466536,0.02863725647330284,0.0,0.007503800094127655,0.0,0.11818158626556396
5516,0.00010089847346534952,0.006010585650801659,0.0072352859191596505,0.029654683917760848,0.0,0.0075090364553034306,0.0,0.11813583225011826
5517,9.226699476130306e-05,0.006002757139503956,0.007184386905282736,0.02833077684044838,0.0,0.0075216637924313545,0.0,0.11811511218547821
5518,9.337019000668078e-05,0.006110525596886874,0.006829776801168919,0.030035358667373658,0.0,0.007544620893895626,0.0,0.1180996298789978
5519,0.0001024994082399644,0.006107199843972922,0.006843824312090874,0.029576454311609268,0.0,0.007575921714305878,0.0,0.11808661371469498
5520,9.591970592737198e-05,0.0059830999933183195,0.007443577889353037,0.0286458995193243,0.0,0.007595322094857693,0.0,0.1180749386548996
5521,0.00010370689560659229,0.006086237449198961,0.0075514551252126695,0.029282017052173613,0.0,0.007583680562674999,0.0,0.11806382983922958
5522,9.590531117282808e-05,0.006146373692899942,0.007460218016058206,0.028244976326823233,0.0,0.007562638260424137,0.0,0.11806521564722061
5523,0.00010020884074037894,0.006136958487331867,0.00780113348737359,0.02899310477077961,0.0,0.00754953920841217,0.0,0.1180652603507042
5524,8.839761867420747e-05,0.0062244155444204806,0.007395029440522194,0.03061850257217884,0.0,0.007526216097176075,0.0,0.11807825416326523
5525,0.00010371976677561178,0.006049522198736668,0.008002952300012111,0.02877149060368538,0.0,0.007491207215934992,0.0,0.11810408532619476
5526,0.00010412492410978302,0.00607132026925683,0.007662509195506572,0.02944999448955059,0.0,0.007434885948896408,0.0,0.1181252971291542
5527,9.822797874221578e-05,0.005947378277778625,0.007770879659801722,0.028900715336203576,0.0,0.007388916797935963,0.0,0.11812367290258408
5528,9.429373167222366e-05,0.0061357862316071985,0.007634374592453241,0.02846813350915909,0.0,0.00736930500715971,0.0,0.11811685562133789
5529,0.00011017028009518981,0.006185898743569851,0.008069832995533942,0.028422779962420465,0.0,0.0073702470399439335,0.0,0.11811371892690659
5530,0.00010482250363565981,0.006238749157637358,0.0073970846831798555,0.02982318326830864,0.0,0.007358511444181204,0.0,0.11810223013162613
5531,0.00010520051728235558,0.006261928752064705,0.007402424421161413,0.027390824258327486,0.0,0.007335477974265814,0.0,0.11810716241598129
5532,9.794245561352e-05,0.006311824172735214,0.007810061797499657,0.028651316091418265,0.0,0.007407791912555695,0.0,0.11811353266239166
5533,9.971726540243253e-05,0.006250452995300293,0.007245106343179941,0.02837766259908676,0.0,0.007633910980075598,0.0,0.11812116205692291
5534,9.916502749547362e-05,0.006153667252510786,0.0072535531595349315,0.027645079791545867,0.0,0.007803686894476414,0.0,0.11813654005527496
5535,9.950558305718004e-05,0.005816677585244179,0.007290457468479871,0.029635462537407876,0.0,0.007918777875602245,0.0,0.11815179884433746
5536,9.898525750031694e-05,0.0061989353969693186,0.006827050913125276,0.028538406267762183,0.0,0.007965984754264355,0.0,0.1181795597076416
5537,0.0001045734781655483,0.006171276699751616,0.0067982453852891925,0.029954081028699876,0.0,0.007932914420962334,0.0,0.11820713430643082
5538,0.0001024684010189958,0.006070308573544026,0.007599259540438652,0.028985192254185676,0.0,0.00785062462091446,0.0,0.11819865554571152
5539,0.0001024127093842253,0.00587304150685668,0.007790351938456297,0.030556990206241606,0.0,0.007742391433566809,0.0,0.11818574368953705
5540,0.00010208712483290583,0.0061132189817726616,0.007663645222783089,0.028557610511779786,0.0,0.007638685405254364,0.0,0.11817151308059692
5541,9.495337581029162e-05,0.006233423575758934,0.008236231841146946,0.028933048620820044,0.0,0.007541450206190348,0.0,0.11815620958805084
5542,0.00010047902615042403,0.006004698202013969,0.007850739732384681,0.029032894968986513,0.0,0.007490263320505619,0.0,0.11814571917057037
5543,0.00010226628655800596,0.006085429154336452,0.007756147067993879,0.029588083922863006,0.0,0.0074787624180316925,0.0,0.11815061420202255
5544,9.092564723687247e-05,0.006212149187922478,0.007722679898142815,0.02979264482855797,0.0,0.0074703628197312355,0.0,0.11815521866083145
5545,0.00010117612546309829,0.006272671744227409,0.007570923771709204,0.03091502860188484,0.0,0.007566138170659542,0.0,0.1181759387254715
5546,9.731144091347232e-05,0.006218661274760962,0.007720514014363289,0.029943926632404326,0.0,0.007778164930641651,0.0,0.11820930242538452
5547,9.959294693544507e-05,0.006174493860453367,0.007748787011951208,0.028947310894727706,0.0,0.007919342257082462,0.0,0.11823660135269165
5548,9.233418531948701e-05,0.006181658152490855,0.007413624320179224,0.029513755440711976,0.0,0.007974237203598022,0.0,0.11825015395879745
5549,0.000101197007461451,0.005875510070472956,0.00732588954269886,0.02901565097272396,0.0,0.00798294972628355,0.0,0.11825826019048691
5550,8.984649612102658e-05,0.005957221146672964,0.007325469795614481,0.028113371506333352,0.0,0.00795604009181261,0.0,0.11825709044933319
5551,0.00010844988719327375,0.005995941441506147,0.00747858164831996,0.028130314871668817,0.0,0.00792820006608963,0.0,0.11826147884130478
5552,9.83853853540495e-05,0.0060922052711248394,0.007747517246752977,0.02927750237286091,0.0,0.007885045371949673,0.0,0.11826519668102264
5553,9.788664756342769e-05,0.005980018898844719,0.0073755929246544834,0.03150715082883835,0.0,0.007816952653229237,0.0,0.11826219409704208
5554,9.640505886636675e-05,0.006099043041467666,0.007259491179138422,0.029851285368204118,0.0,0.0077349357306957245,0.0,0.11826040595769882
5555,9.485267655691132e-05,0.006070876587182283,0.0071626691147685054,0.029472916945815088,0.0,0.007693353109061718,0.0,0.11827275902032852
5556,9.402594441780821e-05,0.006175956130027771,0.007372529990971088,0.029243118688464166,0.0,0.007653679698705673,0.0,0.11827993392944336
5557,9.150256082648411e-05,0.0059953838586807254,0.007138015795499086,0.029464702308177947,0.0,0.0076197674497962,0.0,0.11828172206878662
5558,9.327050356660039e-05,0.006050684861838818,0.007750452682375908,0.028837059065699576,0.0,0.0076128640212118626,0.0,0.11828826367855072
5559,9.408131008967758e-05,0.006109144072979689,0.007960203289985656,0.028761744499206543,0.0,0.0076136901043355465,0.0,0.11829280853271484
5560,9.820809646043926e-05,0.006318862736225128,0.007353946380317211,0.028638914972543717,0.0,0.007744274102151394,0.0,0.11828704923391342
5561,9.700764203444124e-05,0.006152784544974565,0.007611063681542874,0.02868928760290146,0.0,0.007869815453886986,0.0,0.11829165369272232
5562,9.581937338225544e-05,0.006110398843884468,0.007714886590838433,0.029788288101553918,0.0,0.007911896333098412,0.0,0.1183045506477356
5563,0.00010220991825917735,0.00612401058897376,0.0080201406031847,0.029853134602308273,0.0,0.007905768230557442,0.0,0.1183205395936966
5564,9.355694928672164e-05,0.006064697261899709,0.0073392725549638275,0.02927178256213665,0.0,0.00787315797060728,0.0,0.11833168566226959
5565,9.25930289668031e-05,0.006194572430104017,0.007289826497435569,0.027511703595519067,0.0,0.007904360070824623,0.0,0.11833957582712173
5566,9.45273888646625e-05,0.006051634624600411,0.007942326460033655,0.028197324275970458,0.0,0.007927622646093369,0.0,0.11833779513835907
5567,9.926742786774412e-05,0.006102305930107832,0.007583922892808914,0.027733256667852403,0.0,0.00789321307092905,0.0,0.11832842975854874
5568,9.529152011964471e-05,0.006153178121894598,0.007779311388731003,0.02887146957218647,0.0,0.007817527279257774,0.0,0.118311807513237
5569,0.00010035809391411022,0.006132617872208357,0.007776557747274637,0.02762305475771427,0.0,0.007749767042696476,0.0,0.11829926818609238
5570,8.566707110730931e-05,0.005938863102346659,0.007539920788258314,0.028140243515372275,0.0,0.007681600749492645,0.0,0.11828110367059708
5571,9.89053602097556e-05,0.006262102629989386,0.007729966007173061,0.02957676202058792,0.0,0.007622828241437674,0.0,0.1182662844657898
5572,9.533718257443979e-05,0.0060829704627394674,0.007915952894836664,0.02877427563071251,0.0,0.007615634705871344,0.0,0.11824896186590195
5573,9.866069012787193e-05,0.0060924481600523,0.007599847856909037,0.027959292009472846,0.0,0.0076459115371108055,0.0,0.1182360053062439
5574,9.85452046734281e-05,0.005941103026270866,0.007402410544455051,0.030266229808330537,0.0,0.007646060083061457,0.0,0.11823561042547226
5575,9.908356005325914e-05,0.006111032702028752,0.007150853052735329,0.029792557656764983,0.0,0.007603144738823175,0.0,0.11822805553674698
5576,9.413486113771797e-05,0.006102512311190367,0.007206507679075003,0.029205496609210967,0.0,0.007541810628026724,0.0,0.1182415634393692
5577,8.968691108748316e-05,0.006066046468913555,0.007509232964366674,0.029445363953709603,0.0,0.007527614943683147,0.0,0.11825456470251083
5578,9.101471805479377e-05,0.005923978146165609,0.007657401449978352,0.02986113466322422,0.0,0.007548178546130657,0.0,0.11824549734592438
5579,9.583221544744447e-05,0.006161873508244753,0.008142865262925625,0.029007602483034134,0.0,0.007532344199717045,0.0,0.11822869628667831
5580,9.631005232222379e-05,0.006060338951647282,0.007893413305282593,0.03032446727156639,0.0,0.007475986145436764,0.0,0.1182234138250351
5581,9.400861163157969e-05,0.006206545513123274,0.008009842410683633,0.029919400438666345,0.0,0.007399366702884436,0.0,0.11822745949029922
5582,9.217288170475513e-05,0.00635237917304039,0.008234770875424147,0.03160015344619751,0.0,0.007312456611543894,0.0,0.1182396411895752
5583,8.877393847797065e-05,0.006083470489829779,0.007976963557302952,0.028722704201936722,0.0,0.007244186941534281,0.0,0.11827008426189423
5584,9.516426071058959e-05,0.006296681705862284,0.007639503106474876,0.030037682503461838,0.0,0.007212239317595959,0.0,0.11830345541238785
5585,9.923377074301243e-05,0.00599425146356225,0.007438132911920548,0.028174717724323273,0.0,0.007257581688463688,0.0,0.11831120401620865
5586,9.089957165997475e-05,0.005965144280344248,0.0077303494326770306,0.029175639525055884,0.0,0.007373284548521042,0.0,0.11830206960439682
5587,0.00010088974522659555,0.006065305136144161,0.007694976218044758,0.028901928290724754,0.0,0.007488811854273081,0.0,0.11829797178506851
5588,0.00010103686217917129,0.006264220084995031,0.007762603927403688,0.030007269978523255,0.0,0.0075449263677001,0.0,0.11828906834125519
5589,9.135428845183924e-05,0.006108352169394493,0.007125185523182154,0.028802017122507094,0.0,0.007540951017290354,0.0,0.11829229444265366
5590,0.00010327392083127051,0.0061454885639250275,0.007504322566092014,0.029851073399186134,0.0,0.007510945200920105,0.0,0.11831285059452057
5591,9.768906311364844e-05,0.006081679090857506,0.007432897482067347,0.028320876136422157,0.0,0.007461518980562687,0.0,0.118327796459198
5592,0.00010464898368809373,0.00596424899995327,0.0075487782247364524,0.028304292634129525,0.0,0.007394689135253429,0.0,0.11833672225475311
5593,9.303036495111883e-05,0.006311391014605761,0.0076757149770855905,0.026955271139740944,0.0,0.00734702730551362,0.0,0.11833375692367554
5594,8.62399596371688e-05,0.005913628544658422,0.007698383554816246,0.02874753326177597,0.0,0.007346483413130045,0.0,0.1183280199766159
5595,9.100335446419195e-05,0.0060249450616538525,0.007621355913579464,0.02909656837582588,0.0,0.0073772878386080265,0.0,0.11831670999526978
5596,9.109448437811807e-05,0.005995180178433657,0.007943253219127654,0.02785056047141552,0.0,0.007396968547254801,0.0,0.11831489950418472
5597,9.21253566048108e-05,0.006168849300593138,0.0073523690924048426,0.029043320566415787,0.0,0.007386162877082825,0.0,0.11831124871969223
5598,9.491751698078587e-05,0.005997873935848474,0.007388883084058761,0.02858041785657406,0.0,0.0074188681319355965,0.0,0.11831983178853989
5599,0.00010472028370713815,0.006317795533686876,0.007848250400274991,0.02800489738583565,0.0,0.0074907816015183926,0.0,0.11831210553646088
5600,9.253418538719415e-05,0.006360101513564587,0.00708340210840106,0.028188659623265267,0.0,0.0075270370580255985,0.0,0.11829377710819244
5601,9.51090594753623e-05,0.006150540895760059,0.007282520737498998,0.029601609334349632,0.0,0.0075043728575110435,0.0,0.11827085167169571
5602,9.236126352334395e-05,0.005934596341103315,0.007049204781651497,0.02962701804935932,0.0,0.007456994615495205,0.0,0.1182466372847557
5603,9.052768145920709e-05,0.006089329160749913,0.007757667917758226,0.02832329086959362,0.0,0.007413686718791723,0.0,0.11823196709156036
5604,9.536154684610664e-05,0.006084087397903204,0.007754401676356793,0.029176925867795946,0.0,0.00740674277767539,0.0,0.11824829876422882
5605,9.911784873111174e-05,0.006085049267858267,0.007364863809198141,0.028824877366423605,0.0,0.007405775599181652,0.0,0.11825866997241974
5606,0.00010396197903901338,0.006222974229604006,0.007702758815139532,0.029064355045557023,0.0,0.007378063164651394,0.0,0.11827254295349121
5607,0.00010175722418352962,0.006018412206321955,0.007662960607558489,0.029096074774861334,0.0,0.007337646093219519,0.0,0.11828649044036865
5608,9.556375589454546e-05,0.006106298789381981,0.0075434096157550815,0.029196396097540857,0.0,0.007298541255295277,0.0,0.11828496307134628
5609,8.993347728392109e-05,0.00600531892850995,0.007406977936625481,0.028183053806424142,0.0,0.0072825001552701,0.0,0.11826523393392563
5610,9.486848575761542e-05,0.006159170344471931,0.007767046522349119,0.029467564821243287,0.0,0.0073312195017933846,0.0,0.11825724691152573
5611,0.00010294301027897745,0.006232861708849668,0.007248236332088709,0.028698283806443216,0.0,0.007463783957064152,0.0,0.11826541274785995
5612,0.00010255325614707544,0.006212081294506788,0.007268486730754376,0.027947749942541122,0.0,0.007582016289234161,0.0,0.11826326698064804
5613,8.71708820341155e-05,0.006204853951931,0.0072693459689617155,0.029336997866630556,0.0,0.007627168204635382,0.0,0.11825589835643768
5614,9.69615051872097e-05,0.006213717069476843,0.007566372863948345,0.03045625947415829,0.0,0.007626628037542105,0.0,0.11824033409357071
5615,9.97181297861971e-05,0.006102536432445049,0.007802457641810178,0.02853182256221771,0.0,0.007726932410150766,0.0,0.11824984848499298
5616,9.261832310585305e-05,0.006289965566247701,0.007744278758764267,0.027895865589380266,0.0,0.007867689244449139,0.0,0.11826106160879135
5617,8.852512983139604e-05,0.006308684684336185,0.007630952727049589,0.027572480961680412,0.0,0.007920457981526852,0.0,0.11825736612081528
5618,9.920781740220263e-05,0.00630058366805315,0.007009741198271513,0.028378834202885627,0.0,0.007921640761196613,0.0,0.11822768300771713
5619,0.0001026346828439273,0.0061576136387884615,0.007325670588761568,0.028619913384318352,0.0,0.007911684922873974,0.0,0.11820034682750702
5620,9.942915494320914e-05,0.006135491095483303,0.007603103201836348,0.028314043954014777,0.0,0.007914358749985695,0.0,0.11819998919963837
5621,9.385230368934572e-05,0.0063515323214232925,0.007144084665924311,0.028160098195075988,0.0,0.007900984957814217,0.0,0.11819435656070709
5622,9.381309791933745e-05,0.006025935895740986,0.007614860963076353,0.029645518958568574,0.0,0.007845011539757252,0.0,0.11819674074649811
5623,0.00010160422825720162,0.006203121319413185,0.00720948837697506,0.02951153926551342,0.0,0.0077700307592749596,0.0,0.11819968372583389
5624,9.743629489094019e-05,0.006264339946210384,0.007760177738964558,0.030017040297389032,0.0,0.007688012905418873,0.0,0.11819805204868317
5625,9.556290315231309e-05,0.00628230394795537,0.00732785826548934,0.028662807866930963,0.0,0.007638034876435995,0.0,0.11819025129079819
5626,9.464240429224446e-05,0.005933534260839224,0.00734870508313179,0.030062768235802652,0.0,0.007718734443187714,0.0,0.11818476021289825
5627,9.977890731533989e-05,0.006085033342242241,0.0074079157784581184,0.029836627840995788,0.0,0.007803262677043676,0.0,0.11819659173488617
5628,9.892095113173127e-05,0.006184124853461981,0.00819464586675167,0.029582442715764046,0.0,0.007837495766580105,0.0,0.11822819709777832
5629,9.550961549393832e-05,0.00621854243800044,0.00772451413795352,0.028877678140997887,0.0,0.007816852070391178,0.0,0.11826157569885254
5630,9.495177800999954e-05,0.006057302933186293,0.008018620498478412,0.02777973897755146,0.0,0.007758547551929951,0.0,0.11827202141284943
5631,0.000100710779952351,0.006240988615900278,0.008180564641952515,0.0282601784914732,0.0,0.007756323553621769,0.0,0.1182684451341629
5632,9.984482312574983e-05,0.006177216023206711,0.008211824297904968,0.028094204142689705,0.0,0.007799394428730011,0.0,0.1182546615600586
5633,9.793114732019604e-05,0.00617689210921526,0.008036277815699577,0.02908420003950596,0.0,0.007808575872331858,0.0,0.11825159937143326
5634,9.441034344490618e-05,0.0060259363614022735,0.00786509420722723,0.029457654058933257,0.0,0.00781440269201994,0.0,0.1182476058602333
5635,9.722065879032016e-05,0.0060262630693614485,0.008268381003290415,0.02864198461174965,0.0,0.007811509072780609,0.0,0.11823047697544098
5636,0.00010634225764079019,0.0061236219480633736,0.007724376115947962,0.028458510339260102,0.0,0.007800226099789143,0.0,0.11821968853473663
5637,0.00010620818648021668,0.006085832789540291,0.0077599423937499525,0.029350550100207328,0.0,0.007766503840684891,0.0,0.11822320520877838
5638,0.00010536541522014886,0.005815339181572199,0.007781125605106354,0.02900409884750843,0.0,0.0077169365249574184,0.0,0.11820808798074722
5639,9.917395072989166e-05,0.0061290071345865725,0.007379789557307959,0.028759412840008734,0.0,0.007673623971641064,0.0,0.11819608509540558
5640,9.636565519031138e-05,0.006154351495206356,0.00744219459593296,0.029296182468533515,0.0,0.0077164554968476295,0.0,0.1181969866156578
5641,0.0001025737394229509,0.006298820115625858,0.007490985188633203,0.0291707593947649,0.0,0.007832404226064682,0.0,0.1182018518447876
5642,0.00010337943531339988,0.005909929424524308,0.007775794062763452,0.03012988865375519,0.0,0.007936771959066391,0.0,0.1181931346654892
5643,9.813124779611826e-05,0.006104593072086573,0.00784360384568572,0.02733113504946232,0.0,0.007983088493347168,0.0,0.11818065494298935
5644,9.393202781211585e-05,0.00602831831201911,0.007686605397611857,0.029397034645080568,0.0,0.007972419261932373,0.0,0.11818359047174454
5645,0.0001026104888296686,0.00608339598402381,0.00812399722635746,0.027684666961431504,0.0,0.007905167527496815,0.0,0.11819770187139511
5646,8.925540460040793e-05,0.006085205730050803,0.007820171769708395,0.02788556255400181,0.0,0.0077966428361833096,0.0,0.11820115894079208
5647,0.0001000920674414374,0.006151517573744059,0.007928508147597314,0.029296199977397918,0.0,0.0076897055841982365,0.0,0.1182156354188919
5648,9.563761414028704e-05,0.006222135853022337,0.0071990168653428555,0.028852496668696402,0.0,0.007584625389426947,0.0,0.11822811514139175
5649,0.00010015624720836059,0.00625198483467102,0.007287147361785174,0.028713981807231902,0.0,0.0075185103341937065,0.0,0.11824305355548859
5650,9.804058354347944e-05,0.005990418791770935,0.007178940903395414,0.02815120406448841,0.0,0.007471868302673101,0.0,0.11828532069921494
5651,9.805819863686338e-05,0.006204418744891882,0.007814615406095982,0.028282960504293443,0.0,0.0074080536141991615,0.0,0.11830786615610123
5652,9.7260921029374e-05,0.006460868194699288,0.007375725358724594,0.02896401844918728,0.0,0.007403059396892786,0.0,0.11832227557897568
5653,0.00010513331944821403,0.006131751276552677,0.00794045589864254,0.028452931717038155,0.0,0.0075996676459908485,0.0,0.11832454055547714
5654,9.475825499976054e-05,0.006070766784250736,0.007719059847295285,0.03095657341182232,0.0,0.00776978675276041,0.0,0.11832334101200104
5655,9.939758601831272e-05,0.006402360182255507,0.007856691814959049,0.029212313890457153,0.0,0.007888181135058403,0.0,0.11833864450454712
5656,9.655097092036158e-05,0.006107778288424015,0.008046625182032585,0.028638313338160516,0.0,0.008041223511099815,0.0,0.11836854368448257
5657,9.431806392967701e-05,0.006282216776162386,0.007846395950764418,0.029452154785394667,0.0,0.008244925178587437,0.0,0.11838912963867188
5658,9.592347778379917e-05,0.006284144334495067,0.00782826142385602,0.030047979578375815,0.0,0.008461267687380314,0.0,0.11841050535440445
5659,9.372901695314795e-05,0.00611660685390234,0.007665449287742376,0.029481559246778487,0.0,0.008591488003730774,0.0,0.11843012273311615
5660,0.0001002447446808219,0.006205932889133692,0.007565608993172645,0.02930235005915165,0.0,0.008618593215942383,0.0,0.11844358593225479
5661,0.00010760816367110238,0.00612951647490263,0.007765122037380934,0.029012076929211615,0.0,0.008543235249817371,0.0,0.11845395714044571
5662,0.00010597106156637893,0.0061833208426833155,0.007455112412571907,0.028711917996406554,0.0,0.008410641923546791,0.0,0.11844688653945923
5663,9.096126159420237e-05,0.0060797400772571565,0.00775862792506814,0.02851194478571415,0.0,0.008259505033493042,0.0,0.11843255907297134
5664,0.00010308648343198002,0.006130456365644932,0.007820417173206806,0.028764582797884942,0.0,0.008106539957225323,0.0,0.11844024807214737
5665,9.743239061208442e-05,0.006044684536755085,0.007817460224032402,0.028451774269342422,0.0,0.007961595430970192,0.0,0.1184668317437172
5666,9.978290327126161e-05,0.006019230093806982,0.00747260432690382,0.02880347743630409,0.0,0.007830637507140636,0.0,0.11847932636737823
5667,9.711655438877642e-05,0.006251979060471058,0.007593261357396841,0.028811967000365257,0.0,0.007701221853494644,0.0,0.11848749220371246
5668,9.43284627282992e-05,0.0061404422856867315,0.007116821222007274,0.02750251442193985,0.0,0.007585859391838312,0.0,0.1184859648346901
5669,9.557927842251956e-05,0.006146040000021458,0.007430550269782543,0.029253872856497765,0.0,0.007516254670917988,0.0,0.11846015602350235
5670,9.811195341171696e-05,0.006109077669680119,0.007906080782413482,0.03036567531526089,0.0,0.007499683648347855,0.0,0.1184377521276474
5671,0.00010660413681762293,0.006190740410238505,0.008020064141601325,0.02824234664440155,0.0,0.007493659853935242,0.0,0.11841993033885956
5672,9.957298170775175e-05,0.00634200731292367,0.0073044469580054285,0.028872832655906677,0.0,0.007475356105715036,0.0,0.11840160191059113
5673,0.00010362752800574526,0.006265955977141857,0.006927085109055042,0.029355501011013984,0.0,0.0075234011746943,0.0,0.11838702857494354
5674,9.315730858361349e-05,0.006056977529078722,0.007350314222276211,0.030120737850666046,0.0,0.007848487235605717,0.0,0.1183718591928482
5675,0.00010683523869374767,0.006207941193133592,0.006993832066655159,0.0284711517393589,0.0,0.008186055347323418,0.0,0.11836890876293182
5676,0.00010500212665647269,0.0061168033629655835,0.007109421212226153,0.028126659244298934,0.0,0.00841938704252243,0.0,0.11836236715316772
5677,0.00010311027726856991,0.0060260316357016565,0.007844433654099703,0.029643388465046883,0.0,0.00850314274430275,0.0,0.11835452169179916
5678,0.00010424286592751742,0.0060647127218544485,0.007372834347188472,0.027675268054008485,0.0,0.008470776490867138,0.0,0.11835476011037827
5679,9.689875732874498e-05,0.006198037322610617,0.007333032973110676,0.029588114470243454,0.0,0.00838429294526577,0.0,0.1183663010597229
5680,0.00010322661109967158,0.006002613715827465,0.00821894695982337,0.03065338879823685,0.0,0.00829338375478983,0.0,0.11837644875049591
5681,9.805794979911298e-05,0.006046066991984844,0.0078780397772789,0.027879048138856888,0.0,0.008218785747885704,0.0,0.1183980330824852
5682,9.175046579912305e-05,0.006163516640663147,0.007760209869593382,0.028089779987931253,0.0,0.00815095566213131,0.0,0.11843031644821167
5683,9.711309976410121e-05,0.006121268216520548,0.00772984316572547,0.028377249464392663,0.0,0.008058044128119946,0.0,0.11843377351760864
5684,9.687423153081909e-05,0.006234973389655352,0.0076713478192687035,0.029533412680029868,0.0,0.007958662696182728,0.0,0.11842997372150421
5685,9.400628186995164e-05,0.00599852055311203,0.00819110618904233,0.028792377561330795,0.0,0.00785934366285801,0.0,0.1184314712882042
5686,0.0001007297236355953,0.0062828904017806055,0.007346800807863474,0.028899779170751573,0.0,0.007767519447952509,0.0,0.11843900382518768
5687,9.866654290817678e-05,0.0061954444274306296,0.0074454954825341705,0.029757096990942956,0.0,0.007678970694541931,0.0,0.1184355616569519
5688,0.00010689933405956253,0.0059533844701945785,0.007427304517477751,0.02976202704012394,0.0,0.007592885289341211,0.0,0.11844117939472198
5689,0.00010048108524642884,0.0061253578402102,0.007419145666062832,0.026679281890392304,0.0,0.007505288813263178,0.0,0.11844028532505035
5690,9.667622798588127e-05,0.006200432311743498,0.007681443355977535,0.028591716289520265,0.0,0.007416757754981518,0.0,0.11842484772205353
5691,9.795563091756776e-05,0.006268062070012093,0.007288621738553047,0.02842276245355606,0.0,0.007335687521845102,0.0,0.11841282993555069
5692,0.00010064494708785787,0.006152102351188659,0.007869338244199752,0.027969205379486085,0.0,0.007306729909032583,0.0,0.11839689314365387
5693,9.771382610779256e-05,0.0060951017774641516,0.00750056030228734,0.028762909397482873,0.0,0.007334624417126179,0.0,0.1183810606598854
5694,9.000635473057627e-05,0.006077259685844183,0.0073191141709685326,0.02819204404950142,0.0,0.007377312984317541,0.0,0.11837448179721832
5695,9.653172746766358e-05,0.0059283958747982975,0.006915686558932066,0.02934494726359844,0.0,0.0073851486667990685,0.0,0.11835529655218124
5696,0.00010329395590815693,0.005960127525031567,0.0072802256792783735,0.028646424412727356,0.0,0.007371532265096903,0.0,0.11832056939601898
5697,9.932892280630767e-05,0.006369945127516985,0.007779017835855484,0.02912924811244011,0.0,0.007374169770628214,0.0,0.11830772459506989
5698,9.608764667063951e-05,0.006078740023076535,0.007754960190504789,0.028338344395160676,0.0,0.007409111596643925,0.0,0.11829821765422821
5699,9.545979410177096e-05,0.005960034299641847,0.0076224301010370255,0.029583124071359636,0.0,0.007434923201799393,0.0,0.11828307807445526
5700,9.29794172407128e-05,0.006203098967671394,0.007444464508444071,0.02786485217511654,0.0,0.007430427707731724,0.0,0.11826355755329132
5701,8.92544150701724e-05,0.006059452518820762,0.007399880420416593,0.028559742495417595,0.0,0.0073866634629666805,0.0,0.11825042963027954
5702,0.00010433569841552525,0.006147351767867804,0.007532294746488333,0.028861314803361893,0.0,0.0073324041441082954,0.0,0.11824341118335724
5703,9.79114804067649e-05,0.006125701405107975,0.007600885163992643,0.029104281589388846,0.0,0.007289813365787268,0.0,0.11824798583984375
5704,9.943583136191591e-05,0.006236851308494806,0.007740737684071064,0.029356684163212778,0.0,0.007321425713598728,0.0,0.1182389035820961
5705,9.40986123168841e-05,0.006209795642644167,0.007180846855044365,0.02924913577735424,0.0,0.007487346418201923,0.0,0.11823663860559464
5706,9.803029097383842e-05,0.006178028415888548,0.007283467706292868,0.029270870238542558,0.0,0.007658457849174738,0.0,0.11823557317256927
5707,0.00010051156859844924,0.006093500182032585,0.00734821567311883,0.028847185894846916,0.0,0.007794778794050217,0.0,0.11821675300598145
5708,9.925344202201813e-05,0.006099550146609544,0.007641840074211359,0.027428070455789565,0.0,0.00789095088839531,0.0,0.11822260916233063
5709,0.00010056316095869988,0.006220199540257454,0.007704213168472052,0.02931617833673954,0.0,0.007916057482361794,0.0,0.11824236810207367
5710,9.821823769016192e-05,0.0060631480999290945,0.006978333927690983,0.028807050362229348,0.0,0.007897412404417992,0.0,0.11825563758611679
5711,9.662191878305748e-05,0.005965809151530266,0.007376984599977732,0.028918512165546417,0.0,0.007861869409680367,0.0,0.11826688051223755
5712,9.429580240976066e-05,0.0062803981825709345,0.006889824941754341,0.028859681636095046,0.0,0.007810729090124369,0.0,0.11827573925256729
5713,9.550533868605272e-05,0.0060777045786380764,0.007172443997114896,0.0287730447947979,0.0,0.007784657180309296,0.0,0.11829306930303574
5714,0.00010075547761516646,0.006156794819980859,0.00746070621535182,0.029616058990359306,0.0,0.007764114532619715,0.0,0.11830270290374756
5715,0.000103591954393778,0.006189139187335968,0.007742676604539156,0.028672849014401435,0.0,0.007743441965430975,0.0,0.11830370128154755
5716,9.415695676580071e-05,0.00610353471711278,0.007803606148809194,0.02913098521530628,0.0,0.007755878381431103,0.0,0.11831436306238174
5717,9.60767996730283e-05,0.005900848004966974,0.007685159426182508,0.028085405752062798,0.0,0.007818181067705154,0.0,0.11831746250391006
5718,9.193071746267378e-05,0.006089307554066181,0.007615572679787875,0.02777000218629837,0.0,0.00783847738057375,0.0,0.11831346899271011
5719,9.533667616778985e-05,0.0060382610186934475,0.007088986318558454,0.028733986243605614,0.0,0.007831087335944176,0.0,0.11830659955739975
5720,0.00010385060304543003,0.006181773636490107,0.00755103537812829,0.028660850971937178,0.0,0.007869419641792774,0.0,0.1183159202337265
5721,9.567427914589644e-05,0.0063325904309749605,0.006950726546347141,0.02801378592848778,0.0,0.007884993217885494,0.0,0.1183324009180069
5722,9.871973015833646e-05,0.006223887111991644,0.0074896994978189465,0.028254009783267975,0.0,0.00783915352076292,0.0,0.11832918971776962
5723,9.701982489787042e-05,0.006025839596986771,0.007450375240296125,0.029595837742090226,0.0,0.007749904878437519,0.0,0.1183224767446518
5724,9.890561486827209e-05,0.006151511799544096,0.00750503484159708,0.028924321010708808,0.0,0.007655693683773279,0.0,0.1183367520570755
5725,8.882775582605973e-05,0.0058966307900846,0.007048722729086876,0.027964481711387636,0.0,0.007596765644848347,0.0,0.11834646761417389
5726,0.00010026867093984037,0.0060361788608133795,0.0071180185303092005,0.02867656499147415,0.0,0.007553464267402887,0.0,0.11835577338933945
5727,9.997489396482707e-05,0.006016041990369559,0.007770500425249338,0.02880566194653511,0.0,0.00753167737275362,0.0,0.11835043132305145
5728,0.0001018894137814641,0.006250952463597059,0.007578105386346579,0.028593819215893747,0.0,0.0075203776359558105,0.0,0.11833836883306503
5729,9.836863318923861e-05,0.00600723372772336,0.007593405153602362,0.029952679201960562,0.0,0.007487309165298939,0.0,0.11834100633859634
5730,9.619677875889465e-05,0.006093444488942623,0.007568715140223503,0.03013671338558197,0.0,0.007445403840392828,0.0,0.1183377057313919
5731,9.870256180875004e-05,0.006171412486582995,0.007279860135167837,0.02783435061573982,0.0,0.0074514830484986305,0.0,0.11834335327148438
5732,9.185320523101837e-05,0.0060593786649405955,0.007326649129390716,0.028563738614320756,0.0,0.007489021867513657,0.0,0.11836113035678864
5733,0.00010260373383061961,0.006307509820908308,0.0072135917842388155,0.028280768543481827,0.0,0.0074962712824344635,0.0,0.11837230622768402
5734,9.716938366182149e-05,0.006434079445898533,0.007017756905406713,0.02885861061513424,0.0,0.007464401423931122,0.0,0.11836693435907364
5735,0.00011000698868883774,0.00627186568453908,0.007639115583151579,0.027106240019202234,0.0,0.00748362997546792,0.0,0.11835204064846039
5736,9.821624553296715e-05,0.006161031499505043,0.0070297237485647205,0.02788776606321335,0.0,0.007530537899583578,0.0,0.11834205687046051
5737,9.119928581640125e-05,0.00622813543304801,0.0074830567464232445,0.029794881492853163,0.0,0.007553502917289734,0.0,0.11833467334508896
5738,9.68274092883803e-05,0.006102370098233223,0.007454006373882294,0.028483015671372413,0.0,0.007528248243033886,0.0,0.11832620948553085
5739,9.771509357960894e-05,0.006143170036375522,0.007484774012118578,0.02690295726060867,0.0,0.007612301968038082,0.0,0.1183333769440651
5740,0.00010140155645785854,0.006039804313331842,0.007681174855679274,0.028434156253933907,0.0,0.007770951837301254,0.0,0.1183261126279831
5741,9.792362398002297e-05,0.006447627209126949,0.007552153803408146,0.028924347087740897,0.0,0.00786224752664566,0.0,0.11829812824726105
5742,9.693285974208266e-05,0.0063389603048563,0.008010565768927336,0.02895614355802536,0.0,0.00789300911128521,0.0,0.11826191842556
5743,9.284029511036351e-05,0.006087364908307791,0.00819152258336544,0.030503515899181367,0.0,0.00790694635361433,0.0,0.1182468980550766
5744,9.635242749936879e-05,0.0060620615258812904,0.007660661358386278,0.02946140952408314,0.0,0.007871400564908981,0.0,0.11824952065944672
5745,9.744216949911789e-05,0.006089286878705025,0.007519031967967748,0.029233507066965102,0.0,0.007803283631801605,0.0,0.11824144423007965
5746,9.378016111440956e-05,0.00601140633225441,0.0077155951410532,0.02780085541307926,0.0,0.007725250907242298,0.0,0.11822255700826645
5747,9.739702945807949e-05,0.006204742379486561,0.007329642865806818,0.029077087715268134,0.0,0.007651178631931543,0.0,0.1181965321302414
5748,9.756198414834216e-05,0.005893128830939532,0.007532802876085043,0.03037787564098835,0.0,0.0075808241963386536,0.0,0.11817590147256851
5749,9.664917452028021e-05,0.0061543483287096025,0.007932221330702306,0.029092979431152344,0.0,0.007542745675891638,0.0,0.11817338317632675
5750,9.423633309779689e-05,0.00635839719325304,0.0072950274683535096,0.02886587902903557,0.0,0.00748834852129221,0.0,0.11817081272602081
5751,8.891780016710982e-05,0.006030978541821242,0.007220534700900316,0.029917699098587037,0.0,0.007422159425914288,0.0,0.11815792322158813
5752,9.76302064373158e-05,0.0062453411519527435,0.00747712654992938,0.02889995202422142,0.0,0.007363686803728342,0.0,0.11813739687204361
5753,9.462495072511956e-05,0.006211970094591379,0.007940480019897223,0.03020431995391846,0.0,0.007295710500329733,0.0,0.11812356859445572
5754,9.735642815940082e-05,0.006228168960660696,0.007134045846760273,0.02835357338190079,0.0,0.007221152540296316,0.0,0.11812851577997208
5755,9.12133342353627e-05,0.006190658919513226,0.007062162365764379,0.02762896902859211,0.0,0.007178177125751972,0.0,0.11813579499721527
5756,8.621056040283292e-05,0.006030661705881357,0.007842510193586349,0.02810533009469509,0.0,0.007175748702138662,0.0,0.11813211441040039
5757,0.00010265817982144654,0.00613158093765378,0.0076673045754432675,0.029453888535499573,0.0,0.007221112959086895,0.0,0.11812536418437958
5758,9.021835430758073e-05,0.00602501817047596,0.007445213757455349,0.02856600023806095,0.0,0.007306828163564205,0.0,0.11812051385641098
5759,8.968368347268551e-05,0.006110379006713629,0.007255507819354534,0.028576739504933356,0.0,0.0073679061606526375,0.0,0.11813239753246307
5760,8.806238620309159e-05,0.006120209954679013,0.00771041801199317,0.029252844303846358,0.0,0.007363162003457546,0.0,0.11815790086984634
5761,0.0001026678437483497,0.006069858372211456,0.007157862093299628,0.02879715636372566,0.0,0.007315536495298147,0.0,0.11818365752696991
5762,9.058857976924628e-05,0.006265728455036879,0.007180785294622183,0.030734120681881905,0.0,0.007273145951330662,0.0,0.11821426451206207
5763,9.498682920821011e-05,0.005833976529538631,0.007654388435184956,0.029352177679538728,0.0,0.007249536458402872,0.0,0.11824814230203629
5764,0.00010033192520495505,0.005907514225691557,0.007078815530985594,0.02985837645828724,0.0,0.0072538284584879875,0.0,0.11828303337097168
5765,9.607452666386962e-05,0.006079542078077793,0.0077967018820345405,0.029050597548484804,0.0,0.007255282253026962,0.0,0.11831490695476532
5766,9.811241179704666e-05,0.006170417368412018,0.0073578421957790855,0.028214477747678757,0.0,0.007224625442177057,0.0,0.11832879483699799
5767,0.00010109923896379769,0.006078404374420643,0.007370799779891968,0.03011922761797905,0.0,0.007170817814767361,0.0,0.11831437051296234
5768,9.18753314181231e-05,0.006147005409002304,0.007310713268816471,0.02919458970427513,0.0,0.007109497673809528,0.0,0.11829879134893417
5769,9.5696649805177e-05,0.0063886894844472405,0.007336188200861215,0.028681203722953796,0.0,0.007080741226673126,0.0,0.11828331649303436
5770,9.012119262479246e-05,0.006194049771875143,0.00704269465059042,0.028719646483659746,0.0,0.007131432183086872,0.0,0.11826463043689728
5771,9.92198329186067e-05,0.006171292252838611,0.007158600725233555,0.028375998511910437,0.0,0.007221029605716467,0.0,0.1182488352060318
5772,9.302400867454708e-05,0.006207099463790655,0.007258891966193915,0.02825029715895653,0.0,0.007349689956754446,0.0,0.11822891235351562
5773,0.0001000883727101609,0.006080129649490118,0.007500503119081259,0.028723078966140746,0.0,0.007534523494541645,0.0,0.11820481717586517
5774,9.484663169132546e-05,0.006098272744566202,0.007636680640280247,0.029584814608097077,0.0,0.007674533873796463,0.0,0.11818693578243256
5775,9.430607897229493e-05,0.006232254020869732,0.007886557281017304,0.029176414385437964,0.0,0.0077308835461735725,0.0,0.11817057430744171
5776,9.451858059037477e-05,0.006099382694810629,0.007750281598418951,0.029017904400825502,0.0,0.007717172149568796,0.0,0.11816258728504181
5777,9.595947922207415e-05,0.006200522929430008,0.007696099579334259,0.029967981204390527,0.0,0.007659677416086197,0.0,0.11816810071468353
5778,9.426809410797432e-05,0.006071563251316548,0.007744182366877794,0.028055214136838914,0.0,0.007591801229864359,0.0,0.118192158639431
5779,9.772120247362182e-05,0.006224867142736912,0.007116579264402389,0.03024574965238571,0.0,0.007527819834649563,0.0,0.11820240318775177
5780,9.96476665022783e-05,0.006268461886793375,0.007294534705579281,0.02799333445727825,0.0,0.00752665102481842,0.0,0.11819920688867569
5781,9.587915701558813e-05,0.006117943488061428,0.007417205441743136,0.0293766301125288,0.0,0.007535266224294901,0.0,0.11818923056125641
5782,9.725766431074589e-05,0.006207492481917143,0.0074570680037140845,0.02996470741927624,0.0,0.007550027221441269,0.0,0.11819092184305191
5783,0.00010067075781989842,0.006138666998594999,0.007130028866231442,0.0284898791462183,0.0,0.007546131499111652,0.0,0.11820012331008911
5784,9.462908928981051e-05,0.006030893698334694,0.006953933369368314,0.02976193279027939,0.0,0.007504877634346485,0.0,0.11820843070745468
5785,9.531204996164888e-05,0.0063230257481336595,0.0072000715881586075,0.02979374974966049,0.0,0.007455556187778711,0.0,0.11822645366191864
5786,9.079219016712159e-05,0.006279883161187172,0.007214969675987959,0.029688316211104394,0.0,0.007408493664115667,0.0,0.11826296150684357
5787,9.664344979682937e-05,0.006325782369822263,0.0075475146993994715,0.030423804372549056,0.0,0.007390967570245266,0.0,0.11831371486186981
5788,9.25622895010747e-05,0.0062276535667479035,0.007540204003453255,0.028462226316332818,0.0,0.007433091755956411,0.0,0.11835882812738419
5789,9.9744854378514e-05,0.005926868040114641,0.00747243370860815,0.030170820653438568,0.0,0.0075029185973107815,0.0,0.11838950961828232
5790,9.373092616442591e-05,0.0059610167518258095,0.007580912299454212,0.028566181287169458,0.0,0.007556505501270294,0.0,0.11842398345470428
5791,9.076280548470095e-05,0.006118746753782034,0.00750397527590394,0.02903687357902527,0.0,0.007556983735412359,0.0,0.1184394583106041
5792,0.00010065542155643926,0.006219108030200005,0.007031663320958614,0.028157973289489747,0.0,0.0075630368664860725,0.0,0.11842633783817291
5793,9.062431490747258e-05,0.00626516854390502,0.007591371517628431,0.028530149906873702,0.0,0.007623863872140646,0.0,0.11838890612125397
5794,9.702889219624922e-05,0.0059056863188743595,0.007416742481291294,0.02944489158689976,0.0,0.0076474943198263645,0.0,0.11835245788097382
5795,8.991233917186037e-05,0.0060907679609954355,0.007374474033713341,0.02824159860610962,0.0,0.007630398031324148,0.0,0.1183200478553772
5796,9.897715935949236e-05,0.005998781137168408,0.00723823020234704,0.02753145471215248,0.0,0.007622478064149618,0.0,0.11828473955392838
5797,9.926843486027793e-05,0.005973075702786446,0.007094864454120398,0.030451206117868425,0.0,0.007624449674040079,0.0,0.11825642734766006
5798,9.289457666454837e-05,0.00621285829693079,0.007588650658726692,0.029538702964782716,0.0,0.007632680237293243,0.0,0.11826322227716446
5799,9.500799496890977e-05,0.006260292977094651,0.007484578620642423,0.02872825488448143,0.0,0.00768644455820322,0.0,0.11828136444091797
5800,8.944186847656966e-05,0.006377690006047487,0.007934445887804032,0.02895912863314152,0.0,0.007712534163147211,0.0,0.11827671527862549
5801,0.00010305721807526424,0.006143028661608696,0.00801086612045765,0.028427797183394433,0.0,0.007719527930021286,0.0,0.11827684938907623
5802,8.936179656302557e-05,0.0061489568091928955,0.00759896282106638,0.028465701267123222,0.0,0.007735124323517084,0.0,0.11828255653381348
5803,9.939814335666597e-05,0.005991576611995697,0.007265165820717812,0.02976955585181713,0.0,0.007727003190666437,0.0,0.11829106509685516
5804,0.00010543049575062469,0.006034835707396269,0.007440243754535914,0.028618058562278746,0.0,0.007695472799241543,0.0,0.11830391734838486
5805,9.340278338640929e-05,0.005992050096392631,0.007497488986700773,0.02924543134868145,0.0,0.007637202739715576,0.0,0.11830900609493256
5806,9.7825271950569e-05,0.006125597935169935,0.007165033463388681,0.029983982816338538,0.0,0.0075764223001897335,0.0,0.1183110922574997
5807,9.679627401055768e-05,0.006046961806714535,0.007316307444125414,0.028533583879470824,0.0,0.007524721324443817,0.0,0.11831052601337433
5808,0.0001045084311044775,0.005966048408299685,0.0072306300513446334,0.028479185327887534,0.0,0.0075709158554673195,0.0,0.11829976737499237
5809,9.90432032267563e-05,0.006141287926584482,0.007383747212588787,0.028251286968588828,0.0,0.007636089809238911,0.0,0.11828961223363876
5810,9.592318965587766e-05,0.006240466237068176,0.007735723070800305,0.028959371522068976,0.0,0.007651024963706732,0.0,0.11828074604272842
5811,9.791914781089872e-05,0.0061747942119836806,0.0073385917581617836,0.02826143503189087,0.0,0.007657032459974289,0.0,0.11827880144119263
5812,0.00010167065192945302,0.006152609549462795,0.007458593789488077,0.02968100383877754,0.0,0.007673674263060093,0.0,0.11828551441431046
5813,9.86533792456612e-05,0.0063851609826087955,0.007362076733261347,0.029014822840690613,0.0,0.00767886359244585,0.0,0.11830009520053864
5814,0.00010069693526020274,0.006044031120836735,0.007593399100005627,0.028521721065044404,0.0,0.0077112941071391106,0.0,0.11831154674291611
5815,9.616869647288695e-05,0.006154074147343635,0.007527212798595429,0.029719582945108413,0.0,0.007750280201435089,0.0,0.11831436306238174
5816,9.877326956484467e-05,0.006009088177233934,0.007543201185762882,0.0286411602050066,0.0,0.007765662856400013,0.0,0.11833129078149796
5817,9.622662328183651e-05,0.006350727658718825,0.007761995121836662,0.02813573107123375,0.0,0.007736425846815109,0.0,0.11833356320858002
5818,9.520134481135755e-05,0.006070813629776239,0.007167360186576844,0.02838164158165455,0.0,0.007724972907453775,0.0,0.1183127760887146
5819,8.973227231763303e-05,0.006075243186205626,0.007817305158823729,0.02811240926384926,0.0,0.007714176084846258,0.0,0.11828842014074326
5820,9.836721437750384e-05,0.0061684009619057175,0.0076306072995066644,0.029784024506807328,0.0,0.007662058807909489,0.0,0.11828558146953583
5821,9.580169426044449e-05,0.006424474902451039,0.007393472921103239,0.029452649131417274,0.0,0.007590745575726032,0.0,0.11829791218042374
5822,9.777852246770636e-05,0.006268469430506229,0.007565598376095295,0.03014208860695362,0.0,0.007515185512602329,0.0,0.1183030754327774
5823,0.00010057455510832369,0.006060193758457899,0.00753694474697113,0.02884071655571461,0.0,0.007499022874981165,0.0,0.11830353736877441
5824,9.829154005274177e-05,0.006287697236984968,0.007699670549482107,0.028504078462719917,0.0,0.007543513085693121,0.0,0.11829817295074463
5825,0.00012086017959518358,0.005876294896006584,0.007441720366477967,0.029202240332961083,0.0,0.007600340060889721,0.0,0.11827699840068817
5826,0.00010454279254190624,0.006132282223552466,0.007900668773800135,0.029904548451304434,0.0,0.007612763438373804,0.0,0.11826255172491074
5827,0.00010433996067149565,0.006055994518101215,0.007292570173740387,0.029984446987509728,0.0,0.007572927512228489,0.0,0.11826536804437637
5828,0.00010193387279286981,0.00598489074036479,0.007282102573662996,0.028312099725008012,0.0,0.0075046406127512455,0.0,0.11827924102544785
5829,0.0001002038101432845,0.006130363233387471,0.007166021410375834,0.029397354274988175,0.0,0.007450424134731293,0.0,0.11828234046697617
5830,0.00010422027698950843,0.006088200863450766,0.007610314898192883,0.02863534800708294,0.0,0.007438776548951864,0.0,0.1182856410741806
5831,9.372579806949943e-05,0.0060608874075114725,0.007419098634272814,0.028994940966367722,0.0,0.00742797926068306,0.0,0.11828508228063583
5832,9.955148416338489e-05,0.006325897108763456,0.007503058575093746,0.029810146987438203,0.0,0.007474977523088455,0.0,0.11829092353582382
5833,0.00010541002557147294,0.006074861250817775,0.007861744426190854,0.028556839376688004,0.0,0.007551754359155893,0.0,0.11828778684139252
5834,9.058833384187893e-05,0.006263685971498489,0.008056250773370266,0.02703643813729286,0.0,0.00759144639596343,0.0,0.11827822029590607
5835,0.00010142975952476263,0.006271822471171617,0.007773085217922926,0.028275281935930253,0.0,0.007583629339933395,0.0,0.118271604180336
5836,9.828024922171607e-05,0.0062382141128182415,0.008238509856164455,0.028518189489841462,0.0,0.007566961459815502,0.0,0.11825791746377945
5837,0.00010440635815029964,0.006193465366959572,0.007835139241069555,0.02968408986926079,0.0,0.007523471023887396,0.0,0.11823822557926178
5838,9.478727006353437e-05,0.006219073571264744,0.007850554771721363,0.030101232603192328,0.0,0.007468593306839466,0.0,0.11823556572198868
5839,9.396796231158078e-05,0.006067270040512085,0.007217464130371809,0.027880845591425896,0.0,0.007421968970447779,0.0,0.11823201179504395
5840,9.715328487800435e-05,0.0063445957377552984,0.007412690296769142,0.02856555990874767,0.0,0.0073633380234241486,0.0,0.11823080480098724
5841,0.0001016083246213384,0.006185219436883926,0.007961465138942003,0.028557910397648812,0.0,0.007310917135328054,0.0,0.11822221428155899
5842,9.298542427131906e-05,0.006358477845788002,0.0076990070752799514,0.02894974686205387,0.0,0.007292383816093206,0.0,0.11821132898330688
5843,8.867839933373034e-05,0.006149980332702398,0.007736883498728276,0.030756869912147523,0.0,0.007273839320987463,0.0,0.11820526421070099
5844,9.429164638277143e-05,0.006005094759166241,0.006945766694843769,0.028779731318354606,0.0,0.007228644099086523,0.0,0.11822338402271271
5845,9.559293976053595e-05,0.00609288290143013,0.007245379406958819,0.030338943004608154,0.0,0.007199173327535391,0.0,0.11824043840169907
5846,0.0001076724729500711,0.005983364675194025,0.007406479213386774,0.029632435739040376,0.0,0.007234685122966766,0.0,0.11826010048389435
5847,8.979196427389979e-05,0.006313122436404228,0.007521262485533952,0.029768799990415575,0.0,0.007290111389011145,0.0,0.11827483028173447
5848,9.462769521633163e-05,0.0063235430046916005,0.00784751046448946,0.029905522987246514,0.0,0.007317479699850082,0.0,0.11828223615884781
5849,9.47723223362118e-05,0.0060148718766868114,0.007551302388310433,0.03018690422177315,0.0,0.007433565799146891,0.0,0.11830233037471771
5850,9.320797398686409e-05,0.006154873780906201,0.007581803854554892,0.02968290150165558,0.0,0.00766438152641058,0.0,0.11832541227340698
5851,9.928778454195707e-05,0.006241855770349502,0.007736596651375294,0.030483298376202582,0.0,0.007862172089517117,0.0,0.11833187192678452
5852,0.00010065238748211414,0.0060252751223742965,0.007988485693931579,0.02798540107905865,0.0,0.007989009842276573,0.0,0.11832692474126816
5853,9.555557189742104e-05,0.006184235122054816,0.00801095925271511,0.02856355607509613,0.0,0.008060096763074398,0.0,0.11831273883581161
5854,9.637922194087878e-05,0.006392297986894846,0.007610985171049833,0.02805422432720661,0.0,0.008070536889135838,0.0,0.11828102916479111
5855,8.913264609873295e-05,0.006340373028069735,0.007695558108389377,0.029211324453353883,0.0,0.008015776053071022,0.0,0.11826054006814957
5856,9.635624592192471e-05,0.005974580161273479,0.0077617627568542956,0.027415172755718233,0.0,0.007950810715556145,0.0,0.11824381351470947
5857,9.899945289362221e-05,0.006029109098017215,0.0075985236093401905,0.027970153093338012,0.0,0.007890610024333,0.0,0.11821933090686798
5858,9.70957989920862e-05,0.006201950274407864,0.007655697595328093,0.02906838320195675,0.0,0.007834071293473244,0.0,0.1181936264038086
5859,9.370327170472592e-05,0.006265116389840841,0.007575331721454859,0.02848811447620392,0.0,0.007771939039230347,0.0,0.11816587299108505
5860,9.163572394754738e-05,0.006045408733189106,0.007476872112601995,0.028911076486110687,0.0,0.007688780315220356,0.0,0.11814431101083755
5861,9.678793139755726e-05,0.006022485624998808,0.007340732403099537,0.028277479857206345,0.0,0.007616033311933279,0.0,0.11814145743846893
5862,0.00010430309193907306,0.006131488643586635,0.007666556723415851,0.027829831466078758,0.0,0.007571390364319086,0.0,0.11813734471797943
5863,9.64212478720583e-05,0.006380142923444509,0.007826573774218559,0.028743839263916014,0.0,0.007521985564380884,0.0,0.11813559383153915
5864,0.00010591428144834936,0.006084274034947157,0.007681274972856045,0.029869748651981352,0.0,0.00749229034408927,0.0,0.1181582435965538
5865,9.090119128813967e-05,0.006171131227165461,0.007427484728395939,0.028660066053271295,0.0,0.007501415908336639,0.0,0.11818212270736694
5866,9.392133651999756e-05,0.0061682422645390035,0.007307370193302631,0.030414481088519095,0.0,0.0074943676590919495,0.0,0.11818598210811615
5867,0.00010092082811752334,0.006100376229733228,0.0076437552459537985,0.02863428071141243,0.0,0.007499999366700649,0.0,0.11819352954626083
5868,9.921086602844298e-05,0.0059539034962654116,0.007305299304425717,0.02879032976925373,0.0,0.007487283553928137,0.0,0.11820442974567413
5869,9.109065576922149e-05,0.006179434154182673,0.00747582009062171,0.028894994407892227,0.0,0.007436197251081467,0.0,0.11820443719625473
5870,9.219931089319289e-05,0.006163955107331276,0.007245419267565012,0.02919255308806896,0.0,0.0073705269023776054,0.0,0.11819286644458771
5871,9.592902788426727e-05,0.0063022499904036525,0.007634832803159952,0.02852332666516304,0.0,0.007374070584774017,0.0,0.11817258596420288
5872,9.717015345813706e-05,0.005855353828519583,0.007171373255550862,0.02805376090109348,0.0,0.00741993123665452,0.0,0.11815258115530014
5873,0.00010193729831371456,0.006116356048732996,0.007794261816889048,0.02743629515171051,0.0,0.007440697401762009,0.0,0.11813154071569443
5874,0.00010104253597091884,0.006120464205741883,0.00778878154233098,0.02850073091685772,0.0,0.007432377897202969,0.0,0.11811678111553192
5875,8.901132241589949e-05,0.006366298627108335,0.007422379218041897,0.029028132557868958,0.0,0.007411515805870295,0.0,0.11810164153575897
5876,0.00010356193379266188,0.0060760780237615105,0.0071814233437180516,0.028480421379208566,0.0,0.0073718903586268425,0.0,0.11811061203479767
5877,9.887727937893943e-05,0.006169333960860968,0.007531000860035419,0.02951621599495411,0.0,0.007325381971895695,0.0,0.11812647432088852
5878,9.523840271867812e-05,0.006066716555505991,0.007458474393934012,0.0288265660405159,0.0,0.007283197250217199,0.0,0.11815442889928818
5879,9.52882706769742e-05,0.006114304531365633,0.007269164919853211,0.029392482340335847,0.0,0.007306383457034826,0.0,0.11818506568670273
5880,9.46206200751476e-05,0.005948074720799923,0.00707459133118391,0.029236676916480065,0.0,0.007477891631424427,0.0,0.11822299659252167
5881,9.158636094070971e-05,0.006035016383975744,0.007965312339365482,0.029662665724754334,0.0,0.0076791392639279366,0.0,0.11827705055475235
5882,9.335282375104726e-05,0.006159072183072567,0.0077039218507707116,0.02915692962706089,0.0,0.007804164197295904,0.0,0.11831599473953247
5883,0.0001066084296326153,0.006289262510836125,0.0074513120576739315,0.028755970671772955,0.0,0.007853548042476177,0.0,0.11832921206951141
5884,9.144039504462853e-05,0.006154971290379762,0.00756536666303873,0.028962555900216104,0.0,0.00785735808312893,0.0,0.11833946406841278
5885,9.6534525800962e-05,0.0059450346045196055,0.007453490607440471,0.029261965677142142,0.0,0.007793260272592306,0.0,0.11836103349924088
5886,9.716432105051353e-05,0.006098975520581007,0.007459629792720079,0.028140669316053392,0.0,0.007700412068516016,0.0,0.11837664991617203
5887,0.00010162942780880257,0.006019813753664493,0.007348745130002499,0.028515375033020974,0.0,0.007627108134329319,0.0,0.1183752566576004
5888,9.210355929099024e-05,0.006034060288220644,0.007528001721948385,0.029683928191661834,0.0,0.0075581795535981655,0.0,0.11836590617895126
5889,9.422523144166916e-05,0.006264389678835869,0.0075408224016428,0.028784562647342683,0.0,0.007500688545405865,0.0,0.11835706233978271
5890,9.218645427608863e-05,0.006155855115503072,0.007536201551556587,0.02850361242890358,0.0,0.0074960230849683285,0.0,0.11833897978067398
5891,9.936773276422172e-05,0.0062043857760727406,0.007238534465432167,0.029387180879712104,0.0,0.007573646493256092,0.0,0.11832386255264282
5892,9.187942487187684e-05,0.006165060866624117,0.007552104722708464,0.029787632822990417,0.0,0.007647855672985315,0.0,0.11832240968942642
5893,9.717336361063645e-05,0.0061163176782429215,0.007352345436811447,0.02870633751153946,0.0,0.007682291325181723,0.0,0.11831309646368027
5894,0.00010615135688567534,0.006173993460834026,0.007186841033399105,0.028652802854776383,0.0,0.007665020413696766,0.0,0.11831110715866089
5895,9.596322488505393e-05,0.006050470937043429,0.007332640327513218,0.029977088049054145,0.0,0.00761793926358223,0.0,0.11830638349056244
5896,9.679589857114479e-05,0.006155530735850334,0.0072834276594221595,0.029371334612369536,0.0,0.007546572480350733,0.0,0.11830323934555054
5897,9.454450482735411e-05,0.006011277716606855,0.007575249206274748,0.028591693192720414,0.0,0.007553549017757177,0.0,0.11830008029937744
5898,9.628956613596528e-05,0.00613806564360857,0.007100878283381462,0.029005500301718713,0.0,0.007748042698949575,0.0,0.11826719343662262
5899,9.550479589961469e-05,0.0060864734463393685,0.007275628298521042,0.03059726022183895,0.0,0.008033708669245243,0.0,0.11823096126317978
5900,8.836019987938926e-05,0.006324545573443174,0.0075274031609296795,0.030561986193060876,0.0,0.008304021321237087,0.0,0.11822184175252914
5901,9.559162135701627e-05,0.006075127515941858,0.007763826008886099,0.02987524904310703,0.0,0.008467955514788628,0.0,0.11822269856929779
5902,9.797017264645547e-05,0.0060960352420806885,0.00758330225944519,0.029524463787674905,0.0,0.008507280610501766,0.0,0.11822827160358429
5903,0.0001109627861296758,0.006084921397268772,0.0073435002006590365,0.029388435930013657,0.0,0.00852817203849554,0.0,0.1182268038392067
5904,0.00010263250733260066,0.006379264779388905,0.007263825740665197,0.02848169729113579,0.0,0.008567938581109047,0.0,0.1182105541229248
5905,0.00010000075853895396,0.006235218979418278,0.0076371275819838045,0.029205578193068505,0.0,0.008570589125156403,0.0,0.11817841231822968
5906,0.00010196512012043968,0.00601842887699604,0.007273496501147747,0.02970372177660465,0.0,0.008523210883140564,0.0,0.11817081272602081
5907,9.068102517630904e-05,0.006237461231648922,0.007138467766344548,0.028889385983347893,0.0,0.008439609780907631,0.0,0.11818195879459381
5908,9.568270470481366e-05,0.006239095143973828,0.007079205196350813,0.02887285090982914,0.0,0.008329857140779495,0.0,0.11817828565835953
5909,9.771604818524793e-05,0.006335620675235987,0.007095631398260594,0.029530943557620048,0.0,0.008201987482607365,0.0,0.11815794557332993
5910,9.712831379147247e-05,0.006140386778861284,0.007029298041015863,0.02803785093128681,0.0,0.008096237666904926,0.0,0.11814781278371811
5911,9.409884660271928e-05,0.006009739823639393,0.007086344715207815,0.029612233489751817,0.0,0.008007580414414406,0.0,0.11814401298761368
5912,0.00010056193423224613,0.006377838272601366,0.006574760377407074,0.028935850784182548,0.0,0.00790818128734827,0.0,0.11815109103918076
5913,9.336830407846719e-05,0.0060523031279444695,0.007634233590215445,0.028601785004138947,0.0,0.007847391068935394,0.0,0.11815746873617172
5914,9.448884229641407e-05,0.00619061840698123,0.007750891987234354,0.027973681688308716,0.0,0.007831166498363018,0.0,0.11815331876277924
5915,9.720256057335063e-05,0.006131074670702219,0.0072628544643521305,0.029139943048357965,0.0,0.007795300334692001,0.0,0.11814922094345093
5916,9.78125972324051e-05,0.006285075284540653,0.007654196303337813,0.030017462745308875,0.0,0.007753693498671055,0.0,0.11815978586673737
5917,0.00010339142754673958,0.006180490739643574,0.007609291560947895,0.029872984811663627,0.0,0.007704712450504303,0.0,0.11817343533039093
5918,0.00010010110127041116,0.006090009119361639,0.007447102293372154,0.02737661451101303,0.0,0.007662585936486721,0.0,0.11818011105060577
5919,8.943249413277954e-05,0.006127107795327902,0.007280958537012339,0.028855976089835166,0.0,0.007626669015735388,0.0,0.11816622316837311
5920,9.73619957221672e-05,0.006024752464145422,0.007233184482902289,0.030132352933287622,0.0,0.007572832517325878,0.0,0.11814217269420624
5921,9.364351426484063e-05,0.005988509859889746,0.007448867987841367,0.03073467016220093,0.0,0.007516051176935434,0.0,0.11814077198505402
5922,9.611392015358433e-05,0.006096555106341839,0.007521327119320631,0.02927226424217224,0.0,0.007497971411794424,0.0,0.11817042529582977
5923,9.139872272498906e-05,0.006043256726115942,0.007666896190494299,0.02915869131684303,0.0,0.007509274873882532,0.0,0.11817662417888641
5924,9.448044729651884e-05,0.006280308309942484,0.007329534646123648,0.030018820613622665,0.0,0.007526096887886524,0.0,0.11818063259124756
5925,9.531812975183129e-05,0.0062206673435866834,0.007223810628056526,0.028491702303290366,0.0,0.0075239017605781555,0.0,0.11818047612905502
5926,0.0001029324674163945,0.006296210456639528,0.007345597818493843,0.028818748891353607,0.0,0.007518698927015066,0.0,0.11815943568944931
5927,9.222424705512822e-05,0.006075917277485132,0.007143660262227058,0.028494653478264808,0.0,0.007506710942834616,0.0,0.11815626919269562
5928,9.955534478649497e-05,0.006094233598560095,0.007295417133718729,0.028757400810718536,0.0,0.007468576543033123,0.0,0.11817184835672379
5929,9.46300511714071e-05,0.006169128976762295,0.007559220865368843,0.028514482080936432,0.0,0.007425664458423853,0.0,0.11820088326931
5930,8.927971066441387e-05,0.006116446666419506,0.007293634302914143,0.029849481582641602,0.0,0.007407798431813717,0.0,0.1182139664888382
5931,0.0001033143897075206,0.005974015779793262,0.007081544492393732,0.02888388782739639,0.0,0.007396620698273182,0.0,0.11821570247411728
5932,8.814427419565619e-05,0.006147818453609943,0.007428317330777645,0.028984612599015237,0.0,0.007397878915071487,0.0,0.11820213496685028
5933,9.721089882077649e-05,0.006058548204600811,0.007733408454805612,0.02877827361226082,0.0,0.007382380776107311,0.0,0.11820317804813385
5934,9.589644614607095e-05,0.006061933841556311,0.007753920555114746,0.02831590548157692,0.0,0.007337708957493305,0.0,0.1182035356760025
5935,9.668870334280654e-05,0.005902135372161865,0.007673701643943787,0.030358359590172766,0.0,0.007271545939147472,0.0,0.11819233745336533
5936,9.227995469700545e-05,0.006110096350312233,0.0070048049092292786,0.02846250683069229,0.0,0.007204744033515453,0.0,0.11818616092205048
5937,9.102972107939422e-05,0.006044460367411375,0.00771452896296978,0.02835591584444046,0.0,0.007170145399868488,0.0,0.11819358170032501
5938,0.00010096864716615527,0.0061333287507295605,0.007299134880304337,0.02804720662534237,0.0,0.0072081126272678375,0.0,0.11820489168167114
5939,8.799559582257643e-05,0.006381783727556467,0.007484711986035108,0.029578354582190512,0.0,0.007296402007341385,0.0,0.11821003258228302
5940,9.663907840149478e-05,0.006339844036847353,0.0073922455310821535,0.030211659520864485,0.0,0.00736126909032464,0.0,0.11822064220905304
5941,9.495268750470132e-05,0.00596931716427207,0.007327277027070522,0.028517933934926985,0.0,0.007374796085059643,0.0,0.11822579056024551
5942,9.494572732364759e-05,0.006258690357208252,0.00772978225722909,0.029390424489974976,0.0,0.007381867617368698,0.0,0.11821310222148895
5943,0.0001031834792229347,0.00630245516076684,0.007830950804054737,0.02882370613515377,0.0,0.007421139627695084,0.0,0.11820727586746216
5944,9.552037081448362e-05,0.006017459090799093,0.007536899577826261,0.02970210462808609,0.0,0.007476074155420065,0.0,0.11820989847183228
5945,9.46498170378618e-05,0.0058851055800914764,0.007659253664314747,0.029578790441155432,0.0,0.007484567351639271,0.0,0.11822185665369034
5946,9.702622628537938e-05,0.006131808832287788,0.007606225926429034,0.02950551435351372,0.0,0.007443307898938656,0.0,0.1182352751493454
5947,9.712477767607198e-05,0.00621489230543375,0.00760647514835,0.02971939407289028,0.0,0.007412024773657322,0.0,0.11825158447027206
5948,9.477550775045529e-05,0.006393960025161505,0.007082162331789732,0.028628646582365035,0.0,0.007415135391056538,0.0,0.11826430261135101
5949,9.74953596596606e-05,0.006009404361248016,0.007325788028538227,0.02895396016538143,0.0,0.007456472609192133,0.0,0.11828223615884781
5950,9.213559824274852e-05,0.006058037560433149,0.007138138730078935,0.028026697784662248,0.0,0.007503911852836609,0.0,0.11828769743442535
5951,0.0001006261954898946,0.005947275180369615,0.007474478427320718,0.02951538935303688,0.0,0.007512579206377268,0.0,0.11829107999801636
5952,9.950248640961945e-05,0.006132323108613491,0.007404981926083565,0.02989928610622883,0.0,0.007481452077627182,0.0,0.11830136924982071
5953,8.662504842504859e-05,0.006147967744618654,0.007435446791350842,0.03000793308019638,0.0,0.007465758360922337,0.0,0.11831052601337433
5954,9.599527402315289e-05,0.00627752710133791,0.007058434374630451,0.029090897366404533,0.0,0.0074540674686431885,0.0,0.11832194030284882
5955,8.956077072070911e-05,0.006165802106261253,0.0071553591638803486,0.02756158709526062,0.0,0.007414741907268763,0.0,0.11830854415893555
5956,9.217069600708783e-05,0.005998833756893873,0.007687531784176827,0.02823570966720581,0.0,0.007389762904495001,0.0,0.1183047667145729
5957,9.750666358741001e-05,0.006089799851179123,0.006780972052365541,0.02815968245267868,0.0,0.007358976639807224,0.0,0.1183134913444519
5958,9.432627266505733e-05,0.006207117717713118,0.0071293370798230175,0.02910878323018551,0.0,0.007302305195480585,0.0,0.11831418424844742
5959,9.276338387280703e-05,0.006255794316530228,0.007346943393349648,0.029467108100652693,0.0,0.0072449990548193455,0.0,0.11833199113607407
5960,9.833301155595108e-05,0.006141015142202377,0.00801480384543538,0.028923146054148675,0.0,0.007276253309100866,0.0,0.1183522492647171
5961,9.633173322072252e-05,0.005960000492632389,0.007087161671370268,0.02827356420457363,0.0,0.007388307247310877,0.0,0.11837595701217651
5962,9.474374674027786e-05,0.0064259422942996025,0.007146810460835695,0.028735344111919404,0.0,0.007497976068407297,0.0,0.11839358508586884
5963,9.559003810863942e-05,0.006253680586814881,0.006958651170134544,0.03067188672721386,0.0,0.007573747541755438,0.0,0.11839912831783295
5964,0.00010312006925232709,0.0062094698660075665,0.007219074666500092,0.029218294098973273,0.0,0.00761965150013566,0.0,0.11839413642883301
5965,9.611921705072745e-05,0.006208970118314028,0.007376430183649063,0.02927140034735203,0.0,0.007684688083827496,0.0,0.11838729679584503
5966,9.15589407668449e-05,0.005838946625590325,0.0075640490278601645,0.02878027856349945,0.0,0.0077522010542452335,0.0,0.11839355528354645
5967,8.401078957831487e-05,0.006089222617447376,0.007233137916773558,0.028866709023714066,0.0,0.00777942081913352,0.0,0.11840575933456421
5968,9.815498488023877e-05,0.006195826549082994,0.007809814251959324,0.029595065116882324,0.0,0.0077717481181025505,0.0,0.11841633170843124
5969,9.783285349840298e-05,0.006096451077610254,0.0076041875407099726,0.029365488141775132,0.0,0.007746731396764517,0.0,0.11842229217290878
5970,9.581102931406349e-05,0.0061087231151759624,0.0069582873955369,0.027974498644471168,0.0,0.0077115437015891075,0.0,0.11840571463108063
5971,9.031560330186039e-05,0.00613919897004962,0.0067206392996013165,0.0289532870054245,0.0,0.007664283271878958,0.0,0.11840047687292099
5972,9.9761167075485e-05,0.006029105000197888,0.007015775144100189,0.03020549789071083,0.0,0.007619093172252178,0.0,0.11839766800403595
5973,9.297416545450687e-05,0.006137508433312178,0.00716179059818387,0.028534833714365958,0.0,0.007589708082377911,0.0,0.11839057505130768
5974,9.590135014150291e-05,0.006113963760435581,0.007464760262519121,0.02961229532957077,0.0,0.007544814143329859,0.0,0.11840452253818512
5975,0.00010060796921607107,0.006260280963033438,0.00698163341730833,0.029897817596793174,0.0,0.007488695438951254,0.0,0.1184224858880043
5976,9.935593843692913e-05,0.006046294141560793,0.0073960623703897,0.029818236827850342,0.0,0.0074745891615748405,0.0,0.11844034492969513
5977,9.956058929674327e-05,0.006323814298957587,0.007659542374312878,0.028737739846110343,0.0,0.007451596669852734,0.0,0.11845095455646515
5978,9.835691744228826e-05,0.006138912774622441,0.00723815830424428,0.02849103920161724,0.0,0.007396887056529522,0.0,0.11844021081924438
5979,0.00011134273954667151,0.0061114242300391195,0.007479001767933369,0.029611580073833466,0.0,0.007341516669839621,0.0,0.1184253841638565
5980,9.070618834812194e-05,0.0060394609346985815,0.007320786826312542,0.029085780307650567,0.0,0.007297294680029154,0.0,0.11840580403804779
5981,9.6779408340808e-05,0.005855666566640138,0.007569868583232164,0.028485020250082017,0.0,0.007254644297063351,0.0,0.11839939653873444
5982,0.0001028595565003343,0.00596117302775383,0.0076059895567595955,0.0293270044028759,0.0,0.007242714520543814,0.0,0.11838960647583008
5983,0.000100353364541661,0.0063176780007779595,0.0077302828431129456,0.02834910936653614,0.0,0.007231242023408413,0.0,0.11837287247180939
5984,9.744088747538626e-05,0.006147080194205045,0.007295547425746918,0.029913584142923354,0.0,0.007252794690430164,0.0,0.11836829036474228
5985,9.610284469090402e-05,0.006191506702452898,0.00748154865577817,0.02797296680510044,0.0,0.007313305977731943,0.0,0.11839373409748077
5986,8.957539248513057e-05,0.006088530365377665,0.0068331056274473665,0.0285125982016325,0.0,0.00736981863155961,0.0,0.11840663105249405
5987,9.606495586922392e-05,0.0061830529943108555,0.0072847758419811726,0.02947445251047611,0.0,0.007393715437501669,0.0,0.11841581761837006
5988,9.402358555234968e-05,0.006129303015768528,0.007449196837842465,0.029526908323168753,0.0,0.007375572808086872,0.0,0.11841548979282379
5989,9.538899321341887e-05,0.006111140735447407,0.007336075883358717,0.028707511350512506,0.0,0.00741249555721879,0.0,0.11841772496700287
5990,0.00010132495226571337,0.006104290392249823,0.007154649961739779,0.02931542359292507,0.0,0.007519516162574291,0.0,0.11841981112957001
5991,9.82117504463531e-05,0.006076729204505682,0.007163985259830951,0.0299917533993721,0.0,0.007603686302900314,0.0,0.11841785907745361
5992,0.00010256408713757992,0.0061033818870782856,0.007561443746089936,0.028111294284462927,0.0,0.007744872476905584,0.0,0.11841686815023422
5993,9.812043281272053e-05,0.00607854500412941,0.00720764622092247,0.028662829473614693,0.0,0.008024472743272781,0.0,0.11841677129268646
5994,9.676069021224976e-05,0.006110617239028215,0.007670734543353319,0.02891451083123684,0.0,0.008282938972115517,0.0,0.11842920631170273
5995,9.448113560210914e-05,0.0061793668195605275,0.007158121466636658,0.028891721367836,0.0,0.008409393019974232,0.0,0.11844023317098618
5996,0.00011330923298373819,0.006086738128215074,0.007315030694007874,0.028510112687945365,0.0,0.008430655114352703,0.0,0.1184367910027504
5997,0.00010000661277445033,0.0061971799470484255,0.0074988936074078085,0.029376275837421417,0.0,0.008468781597912312,0.0,0.11840905249118805
5998,9.68180422205478e-05,0.00608269227668643,0.007067710533738137,0.028737936913967133,0.0,0.008514903485774994,0.0,0.11838006973266602
5999,9.762713452801108e-05,0.006071082036942244,0.007407236285507679,0.028565501794219017,0.0,0.008510090410709381,0.0,0.11836697906255722
6000,9.894467075355351e-05,0.0058865749277174475,0.006979625206440687,0.028248417377471923,0.0,0.008422935381531715,0.0,0.1183653473854065
6001,9.574266150593757e-05,0.006331271771341562,0.007575052138417959,0.028583231940865518,0.0,0.008285383693873882,0.0,0.11834657192230225
6002,9.645348909543827e-05,0.0062433951534330845,0.007153128087520599,0.02806456685066223,0.0,0.008124538697302341,0.0,0.11833775043487549
6003,9.770361793925986e-05,0.006095076818019152,0.007273423578590154,0.027599503099918366,0.0,0.007976232096552849,0.0,0.118327297270298
6004,9.93211957393214e-05,0.006183987483382225,0.007532238680869341,0.02928413450717926,0.0,0.007843831554055214,0.0,0.11830584704875946
6005,0.0001039331458741799,0.006243662629276514,0.007558689266443252,0.029110439121723175,0.0,0.007725399918854237,0.0,0.1182883232831955
6006,9.932985703926533e-05,0.006089247390627861,0.007625661510974169,0.029143809154629708,0.0,0.007614010479301214,0.0,0.11827734857797623
6007,9.377649694215506e-05,0.00615225313231349,0.007646644953638315,0.029412539675831795,0.0,0.007519182749092579,0.0,0.11826028674840927
6008,9.739528759382665e-05,0.006252374127507209,0.007499744277447462,0.02967096455395222,0.0,0.007468337658792734,0.0,0.11825660616159439
6009,9.419405105290935e-05,0.006254366040229798,0.0073160636238753796,0.02925967313349247,0.0,0.007450473960489035,0.0,0.11826413869857788
6010,0.00010374707053415478,0.006142521556466818,0.007181892916560173,0.028408584371209144,0.0,0.0074269138276577,0.0,0.1182929053902626
6011,0.00010171184985665604,0.006275156140327453,0.007692530378699302,0.029691039025783537,0.0,0.007380331866443157,0.0,0.11831823736429214
6012,9.200463828165084e-05,0.006033222004771232,0.0073552984744310376,0.02925882153213024,0.0,0.00736955925822258,0.0,0.11832525581121445
6013,9.74469308857806e-05,0.0061927116475999355,0.007426199875772,0.027823180705308915,0.0,0.0074098361656069756,0.0,0.11830630153417587
6014,0.00010105685651069507,0.006025351956486702,0.007602348364889622,0.028790580108761787,0.0,0.007467850111424923,0.0,0.11828510463237762
6015,9.191226999973878e-05,0.00630935775116086,0.007264427747577429,0.028733465075492858,0.0,0.0074976468458771706,0.0,0.11826412379741669
6016,0.000101914003607817,0.005954534653574229,0.006995187513530255,0.0289693471044302,0.0,0.007494243793189526,0.0,0.11824925243854523
6017,9.969515231205151e-05,0.006266188994050026,0.007664319407194853,0.028660091385245324,0.0,0.0074525317177176476,0.0,0.11824140697717667
6018,9.758767846506089e-05,0.006066766753792763,0.007359309494495392,0.03046587109565735,0.0,0.007379578892141581,0.0,0.1182328313589096
6019,9.499415318714455e-05,0.006312105897814035,0.007230456545948982,0.029391042515635492,0.0,0.007327744271606207,0.0,0.11823145300149918
6020,8.992899238364771e-05,0.006150108948349953,0.00766636710613966,0.02784530445933342,0.0,0.007325465325266123,0.0,0.11824987083673477
6021,9.308645530836657e-05,0.006316237151622772,0.007769693434238434,0.029271157830953597,0.0,0.007330446504056454,0.0,0.11826398223638535
6022,9.054715919774026e-05,0.006085323169827461,0.007214093022048474,0.027759888395667075,0.0,0.007314011454582214,0.0,0.11826616525650024
6023,9.509682131465524e-05,0.0061059405095875265,0.0073776221834123135,0.028309600055217744,0.0,0.007314720656722784,0.0,0.11825007200241089
6024,9.321154502686113e-05,0.0061676597222685816,0.007450967188924551,0.029100403562188147,0.0,0.007360205054283142,0.0,0.11824049800634384
6025,9.848909976426513e-05,0.006353699322789908,0.0071887698024511336,0.030045083537697793,0.0,0.007409487850964069,0.0,0.11823997646570206
6026,9.237129852408543e-05,0.0062222274020314215,0.006780676450580359,0.028094971925020217,0.0,0.007423924747854471,0.0,0.11822235584259033
6027,9.35942298383452e-05,0.005951598007231951,0.006718272529542446,0.028889498114585875,0.0,0.007430757395923138,0.0,0.1182078942656517
6028,0.00010240851697744802,0.0061736986972391605,0.007037329953163862,0.029697071015834808,0.0,0.007505317684262991,0.0,0.11821017414331436
6029,0.00010076124599436297,0.0058664906769990924,0.007657186686992645,0.030297625437378885,0.0,0.00767130684107542,0.0,0.11821345239877701
6030,9.604336664779112e-05,0.006143223587423563,0.007318488974124193,0.030039546266198158,0.0,0.007781913969665766,0.0,0.1182221919298172
6031,9.720058442326262e-05,0.006032934878021479,0.006985924299806356,0.028309040144085883,0.0,0.007831252180039883,0.0,0.11823420226573944
6032,9.921995369950309e-05,0.006360990460962057,0.007668199948966503,0.029692556709051132,0.0,0.007837544195353985,0.0,0.1182420626282692
6033,0.0001061836795997806,0.006068123783916235,0.007405840232968331,0.026810239627957345,0.0,0.007803288288414478,0.0,0.11825619637966156
6034,0.00010111528536072001,0.006112665962427854,0.007134221773594618,0.028942423686385155,0.0,0.0077555226162076,0.0,0.11826900392770767
6035,9.509052324574441e-05,0.006217182241380214,0.007626119628548622,0.02853437066078186,0.0,0.0076914625242352486,0.0,0.1182989701628685
6036,9.64554026722908e-05,0.0060602017678320404,0.00757899833843112,0.028180335462093354,0.0,0.007632835302501917,0.0,0.11832208931446075
6037,9.779316023923456e-05,0.006057355273514986,0.007578033115714788,0.02853206731379032,0.0,0.007616893388330936,0.0,0.11832346022129059
6038,9.005938190966844e-05,0.006188690010458231,0.007594954688102007,0.028142188116908072,0.0,0.007708499673753977,0.0,0.11830500513315201
6039,9.328713931608946e-05,0.006306729558855295,0.007344831991940737,0.027975193783640863,0.0,0.007859131321310997,0.0,0.11828756332397461
6040,9.373768407385796e-05,0.005797922797501087,0.00738956006243825,0.02875792160630226,0.0,0.007955826818943024,0.0,0.11828096956014633
6041,9.427813201909885e-05,0.006315052974969149,0.00707939425483346,0.029027309641242026,0.0,0.007966415956616402,0.0,0.11828217655420303
6042,9.076417918549851e-05,0.006136047560721636,0.007331739086657763,0.02804664596915245,0.0,0.007911493070423603,0.0,0.11828438192605972
6043,9.487125644227489e-05,0.006073798798024654,0.006823686324059964,0.028337621316313743,0.0,0.007811226882040501,0.0,0.11828736960887909
6044,9.63555445196107e-05,0.006123931519687176,0.006852539163082838,0.02876349538564682,0.0,0.007690508849918842,0.0,0.11827850341796875
6045,0.00010176507930736989,0.0061862457543611525,0.007400228176265955,0.02883085757493973,0.0,0.007573263254016638,0.0,0.11828266084194183
6046,9.3860924243927e-05,0.006226749625056982,0.007467824779450893,0.027999765798449518,0.0,0.0075008319690823555,0.0,0.11831831932067871
6047,9.298874356318265e-05,0.006307938974350691,0.007168753258883953,0.02901783399283886,0.0,0.007462742738425732,0.0,0.11833570897579193
6048,9.738325898069888e-05,0.006014885194599628,0.007116074953228235,0.02898596562445164,0.0,0.007417086511850357,0.0,0.11834610998630524
6049,0.00010582159302430227,0.006299388688057661,0.006905640475451946,0.029867444187402725,0.0,0.0073741585947573185,0.0,0.11836524307727814
6050,0.00010315891704522073,0.006251157633960247,0.006658655311912298,0.02875119335949421,0.0,0.007360131945461035,0.0,0.11836467683315277
6051,0.0001027842954499647,0.006125306431204081,0.007131056301295758,0.028085820004343988,0.0,0.007348288781940937,0.0,0.1183570846915245
6052,9.031718509504572e-05,0.005968374945223331,0.007379563245922327,0.029483794793486597,0.0,0.007344815880060196,0.0,0.11835470050573349
6053,0.00010073851299239323,0.006088896933943033,0.007382880058139562,0.029395046830177306,0.0,0.007317151874303818,0.0,0.11836502701044083
6054,0.00010338214633520693,0.006233750842511654,0.007687070220708847,0.027820082008838655,0.0,0.0072594331577420235,0.0,0.11836816370487213
6055,9.558317251503467e-05,0.0061765539459884165,0.007834365125745535,0.028960161656141282,0.0,0.007194946054369211,0.0,0.11835263669490814
6056,9.868510678643361e-05,0.005998194124549628,0.007721054181456566,0.028051473200321198,0.0,0.007187786046415567,0.0,0.11833667755126953
6057,0.00010632886405801401,0.006215308699756861,0.007234496623277664,0.030466357618570326,0.0,0.007235351018607616,0.0,0.11831629276275635
6058,9.965160570573062e-05,0.00608606543391943,0.0076440426521003245,0.028124818950891493,0.0,0.007317522075027227,0.0,0.11830148845911026
6059,9.30968890315853e-05,0.006186595652252436,0.007690382748842239,0.028657906129956244,0.0,0.007388909347355366,0.0,0.11828070878982544
6060,9.830648632487282e-05,0.006146548688411713,0.007373812887817621,0.02771516963839531,0.0,0.007424586918205023,0.0,0.11825170367956161
6061,9.271121089113877e-05,0.006211664434522391,0.007085533626377582,0.029453352093696594,0.0,0.007408034056425095,0.0,0.11822719871997833
6062,9.371947962790727e-05,0.006221374310553074,0.007763567566871643,0.029173636063933372,0.0,0.007386364974081516,0.0,0.11822853982448578
6063,8.878321386873722e-05,0.0059586366638541225,0.0073590482585132126,0.02881448045372963,0.0,0.007369242608547211,0.0,0.11824508011341095
6064,0.00010286284377798438,0.006113344803452492,0.007278944458812475,0.029053595289587973,0.0,0.007346922066062689,0.0,0.11824551969766617
6065,0.00010031351848738268,0.006203914433717728,0.00703455489128828,0.029427652060985566,0.0,0.007308775093406439,0.0,0.11822684109210968
6066,9.230619034497067e-05,0.006428211182355881,0.0077753736637532714,0.028550928086042406,0.0,0.007273945026099682,0.0,0.11822183430194855
6067,8.884031267371028e-05,0.00595313087105751,0.006828778423368931,0.028637415543198586,0.0,0.007225601468235254,0.0,0.11823394149541855
6068,9.670799918239936e-05,0.006162539683282375,0.007682641502469778,0.029423679038882256,0.0,0.00716736912727356,0.0,0.1182280033826828
6069,9.800199914025142e-05,0.006134912371635437,0.0075408128090202805,0.029995428398251534,0.0,0.0071765654720366,0.0,0.11819933354854584
6070,0.00010236796078970656,0.00617844108492136,0.007344255596399308,0.02773561030626297,0.0,0.007280899677425623,0.0,0.11817853152751923
6071,9.991524566430599e-05,0.00612713024020195,0.0073530666530132295,0.0287409458309412,0.0,0.00738148670643568,0.0,0.11816518008708954
6072,9.7340063075535e-05,0.0060293499380350115,0.007461726851761341,0.028565142303705215,0.0,0.007483527064323425,0.0,0.11816445738077164
6073,0.00010161136015085503,0.006037468928843737,0.007262171618640423,0.027632519602775574,0.0,0.007569704204797745,0.0,0.118167445063591
6074,9.109042875934392e-05,0.0062247317284345625,0.007076883781701326,0.02918003499507904,0.0,0.007599952630698681,0.0,0.1181662306189537
6075,9.390680206706747e-05,0.006212044321000576,0.007608052995055914,0.029012744128704072,0.0,0.007584313862025738,0.0,0.11817344278097153
6076,9.218677296303212e-05,0.006284445337951183,0.007635392993688583,0.029851040989160537,0.0,0.0075327493250370026,0.0,0.11818083375692368
6077,9.913136600516736e-05,0.006180490832775831,0.007703969534486532,0.02833654247224331,0.0,0.007463580928742886,0.0,0.11817904561758041
6078,9.791203774511814e-05,0.00618350962176919,0.007461347617208958,0.028379252925515176,0.0,0.00742891151458025,0.0,0.1181771382689476
6079,9.198699990520254e-05,0.005991631466895342,0.007675962150096893,0.028024189174175262,0.0,0.007401749491691589,0.0,0.118199422955513
6080,9.694951586425304e-05,0.006092361733317375,0.00931521849706769,0.029360319674015044,0.0,0.007348798215389252,0.0,0.11822003126144409
6081,9.381193376611918e-05,0.006218492146581411,0.008601665124297142,0.029264244064688683,0.0,0.007286070846021175,0.0,0.11823000013828278
6082,0.00010095681936945766,0.006015367154031992,0.008428736682981252,0.02816011495888233,0.0,0.007225824054330587,0.0,0.11824244260787964
6083,9.742972324602305e-05,0.006242784578353167,0.008245490118861198,0.028157050907611846,0.0,0.0071876742877066135,0.0,0.11825213581323624
6084,9.98427509330213e-05,0.006050865910947323,0.0079417172819376,0.028769343718886377,0.0,0.007178808096796274,0.0,0.11826338618993759
6085,9.727760043460875e-05,0.006174084823578596,0.007735519390553236,0.028397278115153312,0.0,0.0071569690480828285,0.0,0.11828847229480743
6086,9.674308530520648e-05,0.006225468032062054,0.0074808458797633644,0.02862887643277645,0.0,0.007123990450054407,0.0,0.11831297725439072
6087,0.0001015457819448784,0.0061797711066901686,0.007831400260329247,0.03057425804436207,0.0,0.0071267313323915005,0.0,0.1183299645781517
6088,9.722395916469395e-05,0.00615280270576477,0.007940610498189926,0.02885834500193596,0.0,0.007196750491857529,0.0,0.11834132671356201
6089,9.471227967878803e-05,0.006031604856252671,0.007872411515563726,0.02831761948764324,0.0,0.007258976809680462,0.0,0.11833743751049042
6090,9.831558854784816e-05,0.006271087098866701,0.007625767029821873,0.029105009511113167,0.0,0.007368419319391251,0.0,0.11833808571100235
6091,0.00010022104979725554,0.006151611730456352,0.007294371351599693,0.02858237102627754,0.0,0.007565993815660477,0.0,0.11832886934280396
6092,0.00010990586742991582,0.00642524054273963,0.007946975901722908,0.029118165373802185,0.0,0.007703596260398626,0.0,0.11831171810626984
6093,0.00010184666316490621,0.006000959128141403,0.00757086779922247,0.029549435898661613,0.0,0.007751495577394962,0.0,0.11831642687320709
6094,0.00010114978940691798,0.006381203047931194,0.0075948406010866165,0.02960158921778202,0.0,0.0077715530060231686,0.0,0.11831285059452057
6095,9.569395479047671e-05,0.006387421954423189,0.007003051973879337,0.029373766854405403,0.0,0.007805508561432362,0.0,0.11830081045627594
6096,9.373045904794707e-05,0.0061293189413845536,0.008333508763462305,0.029448530077934264,0.0,0.007795579731464386,0.0,0.11829749494791031
6097,0.00010362370376242325,0.006021392904222012,0.007557272259145975,0.028634171932935715,0.0,0.007785077206790447,0.0,0.11831216514110565
6098,9.906844061333687e-05,0.006340545415878296,0.0077120657078921795,0.028744470700621604,0.0,0.007764264941215515,0.0,0.11832185089588165
6099,9.26607201108709e-05,0.006241751275956631,0.0078119498677551745,0.028835360333323477,0.0,0.007755103521049023,0.0,0.11833055317401886
6100,9.52658912865445e-05,0.006123221945017576,0.008347941748797893,0.02821248434484005,0.0,0.007770639844238758,0.0,0.11832191050052643
6101,0.00010225794831058011,0.00587539728730917,0.0076015405356884,0.03000473640859127,0.0,0.00774880638346076,0.0,0.11830208450555801
6102,9.839701087912544e-05,0.006226092670112848,0.007620504312217236,0.03020907863974571,0.0,0.007713125552982092,0.0,0.11829986423254013
6103,9.56605639657937e-05,0.006073111202567816,0.007172800973057747,0.02898700423538685,0.0,0.007647796534001827,0.0,0.1183033436536789
6104,9.724649571580812e-05,0.006119133159518242,0.007563226949423551,0.030225988104939462,0.0,0.007572364993393421,0.0,0.11829235404729843
6105,0.00010304108873242513,0.00592882689088583,0.0072683608159422874,0.02859853208065033,0.0,0.007484713103622198,0.0,0.11829463392496109
6106,9.822662832448259e-05,0.0061014721170067785,0.007345539145171642,0.02853054255247116,0.0,0.007398431189358234,0.0,0.11830822378396988
6107,9.39307443331927e-05,0.006282160896807909,0.007141968049108982,0.028692511096596717,0.0,0.007346905767917633,0.0,0.11832698434591293
6108,9.336685761809349e-05,0.006087552756071091,0.007550153229385614,0.029217738285660745,0.0,0.007348646875470877,0.0,0.11834336817264557
6109,0.00010454803850734606,0.006244141422212124,0.007402132824063301,0.02970241829752922,0.0,0.0073664141818881035,0.0,0.11836620420217514
6110,9.321877732872962e-05,0.005936037842184305,0.0072614745236933235,0.028770049661397935,0.0,0.007416584994643927,0.0,0.11838877201080322
6111,9.55508032348007e-05,0.006119384244084358,0.007282427605241537,0.02867090478539467,0.0,0.007506064139306545,0.0,0.11839916557073593
6112,8.973422955023125e-05,0.006090285629034043,0.007686982583254576,0.028781264275312423,0.0,0.007576426025480032,0.0,0.11839918047189713
6113,9.160195186268539e-05,0.006135210487991571,0.007722026202827692,0.028749839588999748,0.0,0.007584641221910715,0.0,0.11838378012180328
6114,0.00010473818838363513,0.00609246026724577,0.007178498525172472,0.030557982996106146,0.0,0.007576742209494114,0.0,0.118372842669487
6115,9.17814570129849e-05,0.00624264907091856,0.00701369559392333,0.02990901693701744,0.0,0.007556489668786526,0.0,0.11837784200906754
6116,0.00010095907491631806,0.005996010638773442,0.006943394336849451,0.028203071653842927,0.0,0.007584878709167242,0.0,0.11840416491031647
6117,9.252624440705403e-05,0.006087701860815286,0.007370634749531746,0.029124383255839346,0.0,0.007605614606291056,0.0,0.1184290423989296
6118,0.00010302637238055468,0.006124555319547653,0.007884669862687588,0.029874925687909126,0.0,0.007572918199002743,0.0,0.11844079196453094
6119,9.469883661950007e-05,0.006244105845689773,0.007728874497115612,0.028825532644987106,0.0,0.007519426755607128,0.0,0.11843247711658478
6120,9.527415095362812e-05,0.006220350041985512,0.0076385030522942545,0.02833791933953762,0.0,0.007525146007537842,0.0,0.11840634047985077
6121,9.498600120423361e-05,0.006024713069200516,0.007165832817554474,0.02755737230181694,0.0,0.007544678635895252,0.0,0.1183948740363121
6122,9.157848107861355e-05,0.006002281047403813,0.007625758647918701,0.029538756981492043,0.0,0.007580508477985859,0.0,0.11837959289550781
6123,9.497863502474501e-05,0.006153337005525827,0.007599875703454018,0.02855600193142891,0.0,0.007618798408657312,0.0,0.11836638301610947
6124,9.861634898697958e-05,0.006063833367079496,0.007106254436075687,0.028933008015155793,0.0,0.00768245616927743,0.0,0.11834491789340973
6125,9.637790062697605e-05,0.006195202749222517,0.007596154604107142,0.02753296382725239,0.0,0.007754000835120678,0.0,0.11832018196582794
6126,9.839214762905613e-05,0.006174975074827671,0.0079007551074028,0.027731413766741753,0.0,0.0077646998688578606,0.0,0.11828930675983429
6127,9.632313012843951e-05,0.006124663818627596,0.007506038993597031,0.030142749845981597,0.0,0.007713699247688055,0.0,0.11826524883508682
6128,9.451965306652709e-05,0.006055497657507658,0.00774694662541151,0.029061105474829672,0.0,0.0076215676963329315,0.0,0.1182595044374466
6129,9.437640546821058e-05,0.006088249105960131,0.0080228584818542,0.027722060307860376,0.0,0.007537069730460644,0.0,0.11825940757989883
6130,9.751765901455656e-05,0.006172285135835409,0.008453191816806793,0.0288466215133667,0.0,0.007497776299715042,0.0,0.11824484914541245
6131,0.00010556156048551202,0.006185749918222428,0.008218177501112223,0.02888059988617897,0.0,0.0074731335043907166,0.0,0.11822952330112457
6132,9.997505694627761e-05,0.0060865766368806366,0.00781934279948473,0.02792399935424328,0.0,0.007492554374039173,0.0,0.11821950972080231
6133,9.715301712276414e-05,0.006299678329378366,0.007532008830457926,0.028307495638728142,0.0,0.007640525698661804,0.0,0.11821981519460678
6134,9.880085708573461e-05,0.005970443226397037,0.008030261006206274,0.03049654737114906,0.0,0.007775065954774618,0.0,0.11821379512548447
6135,0.00010770141670946032,0.006025339476764202,0.008746571931988,0.02919601760804653,0.0,0.007845303043723106,0.0,0.11821405589580536
6136,0.0001031613937811926,0.006071413774043322,0.008528908621519804,0.028651291504502296,0.0,0.007839903235435486,0.0,0.11821986734867096
6137,9.558921301504597e-05,0.0064607147127389904,0.008062567375600339,0.027874579653143883,0.0,0.007807103451341391,0.0,0.11822281032800674
6138,0.00010257941321469843,0.006086060963571072,0.008000429254025221,0.029147890955209733,0.0,0.007765062153339386,0.0,0.11821949481964111
6139,9.99562835204415e-05,0.006273170746862888,0.00838173134252429,0.02815088853240013,0.0,0.007728902157396078,0.0,0.1182180643081665
6140,0.0001001350552542135,0.005964228510856628,0.007912176940590144,0.027324818447232245,0.0,0.007860936224460602,0.0,0.11822129786014557
6141,0.00010781269083963707,0.006014019623398781,0.008441930077970028,0.028599507734179498,0.0,0.008106292225420475,0.0,0.11822166293859482
6142,0.00010572419123491272,0.0061554468236863615,0.008108561392873526,0.029770880565047265,0.0,0.008319439366459846,0.0,0.11822585016489029
6143,0.0001052666804753244,0.006171960290521384,0.008201740588992834,0.02776876948773861,0.0,0.008440550416707993,0.0,0.1182478666305542
6144,9.809281036723405e-05,0.005982556287199259,0.00837811417877674,0.028246356546878813,0.0,0.0084862494841218,0.0,0.11827585846185684
6145,0.00010323618625989184,0.006421438232064247,0.00801799949258566,0.02773643545806408,0.0,0.008453543297946453,0.0,0.11828315258026123
6146,9.530156530672685e-05,0.006400663778185845,0.00783097930252552,0.02931198701262474,0.0,0.008355429396033287,0.0,0.11826825141906738
6147,9.796025551622733e-05,0.006362437270581722,0.008022473193705082,0.02981373406946659,0.0,0.00821622647345066,0.0,0.11823954433202744
6148,9.375026565976441e-05,0.005987741332501173,0.008532694168388843,0.0297449205070734,0.0,0.008074186742305756,0.0,0.11822972446680069
6149,0.00010003741190303116,0.006009475700557232,0.008298345655202866,0.028237100690603256,0.0,0.007968394085764885,0.0,0.11823052167892456
6150,9.426759934285655e-05,0.00594351515173912,0.008679518103599548,0.028887306898832323,0.0,0.007899245247244835,0.0,0.11823542416095734
6151,9.338696836493909e-05,0.006234581675380468,0.008432380668818951,0.02713472843170166,0.0,0.007843920961022377,0.0,0.1182536706328392
6152,9.07978232135065e-05,0.006000969931483269,0.00786980139091611,0.02945835404098034,0.0,0.007773260120302439,0.0,0.11824784427881241
6153,8.975171949714422e-05,0.006143177673220634,0.008588194847106934,0.027917200326919557,0.0,0.0077026174403727055,0.0,0.11824524402618408
6154,8.87261499883607e-05,0.006068381667137146,0.00863394383341074,0.028779780119657518,0.0,0.007660560309886932,0.0,0.11824460327625275
6155,9.274012845708057e-05,0.006261321902275086,0.008415735512971877,0.02913568653166294,0.0,0.007635557092726231,0.0,0.11823320388793945
6156,9.554175048833712e-05,0.006210880540311337,0.008185146283358336,0.029488053172826767,0.0,0.007585667073726654,0.0,0.11824165284633636
6157,0.0001015190311591141,0.006170227099210024,0.008388267271220684,0.029137640073895455,0.0,0.007539232261478901,0.0,0.11827687174081802
6158,9.797071979846805e-05,0.005984085332602263,0.008337722532451153,0.028980617597699165,0.0,0.007509507238864899,0.0,0.11831064522266388
6159,8.964941662270576e-05,0.006014999374747277,0.008106204681098461,0.028625277057290077,0.0,0.007478842046111822,0.0,0.11835236847400665
6160,9.779603133210912e-05,0.0061779006384313105,0.008254401106387376,0.028429604694247247,0.0,0.007448325864970684,0.0,0.11838109791278839
6161,9.627043618820608e-05,0.006288686953485012,0.00891073402017355,0.029158801957964896,0.0,0.007512960582971573,0.0,0.11840321123600006
6162,9.54300703597255e-05,0.006106419302523136,0.00917353481054306,0.028986066579818726,0.0,0.007665933109819889,0.0,0.11841831356287003
6163,9.932824323186651e-05,0.006079801265150309,0.008460288308560849,0.027778690308332445,0.0,0.0077665322460234165,0.0,0.1184113472700119
6164,9.415910026291385e-05,0.006140641029924154,0.007906554639339447,0.02882647216320038,0.0,0.007801047060638666,0.0,0.11837689578533173
6165,9.342548728454858e-05,0.006202461943030357,0.00807558223605156,0.02889545150101185,0.0,0.007794591598212719,0.0,0.1183609589934349
6166,9.270741284126416e-05,0.00607053292915225,0.00798976868391037,0.02966533862054348,0.0,0.007767976727336645,0.0,0.11836572736501694
6167,9.983642958104611e-05,0.006016990635544062,0.007587825134396553,0.029174578562378883,0.0,0.007715503219515085,0.0,0.11836282163858414
6168,9.74006878095679e-05,0.006240710150450468,0.007483114674687386,0.028706898912787437,0.0,0.007661708630621433,0.0,0.11835108697414398
6169,9.662927332101389e-05,0.006286218203604222,0.008480081148445607,0.029081767052412034,0.0,0.007662712596356869,0.0,0.1183403730392456
6170,0.00010962184460368007,0.0059935242868959905,0.00787343168631196,0.0301069263368845,0.0,0.0076749287545681,0.0,0.11831478774547577
6171,9.960000024875627e-05,0.005995341204106807,0.007808166462928057,0.029178690910339356,0.0,0.007707769982516766,0.0,0.11828228086233139
6172,0.00010185503488173709,0.0061519983224570755,0.00819458719342947,0.02776401899755001,0.0,0.007751678116619587,0.0,0.11827902495861053
6173,0.00010338603024138138,0.006030331272631884,0.008090942725539207,0.030101518705487253,0.0,0.007768483366817236,0.0,0.1182945966720581
6174,9.747119329404086e-05,0.006201520375907421,0.007929947413504123,0.02869286835193634,0.0,0.0077256085351109505,0.0,0.11833109706640244
6175,9.643691300880164e-05,0.006098915822803974,0.008246983028948307,0.029872673377394677,0.0,0.007647213526070118,0.0,0.11836584657430649
6176,9.282901155529543e-05,0.00591669948771596,0.007800756953656673,0.029541638493537904,0.0,0.007585432380437851,0.0,0.11838052421808243
6177,9.56270974711515e-05,0.006322849914431572,0.00812146058306098,0.028564563393592833,0.0,0.007540966384112835,0.0,0.11838164180517197
6178,9.138480527326465e-05,0.006157989986240864,0.008428644761443138,0.026893454417586327,0.0,0.007519795559346676,0.0,0.1183793768286705
6179,0.00010189143504248931,0.00611403351649642,0.008517071604728699,0.02878166288137436,0.0,0.007571191992610693,0.0,0.11837271600961685
6180,9.488997602602467e-05,0.0060707337222993376,0.008250142354518175,0.029403810575604438,0.0,0.007637127302587032,0.0,0.11838338524103165
6181,0.00010337537387385964,0.006207600701600313,0.007891159877181054,0.028191463276743888,0.0,0.0076665692031383514,0.0,0.1184026226401329
6182,9.521436149952933e-05,0.006081893760710955,0.007973733358085155,0.027640093117952347,0.0,0.00765778124332428,0.0,0.11841674894094467
6183,9.915826813085004e-05,0.00616637161001563,0.008948947489261627,0.0288280226290226,0.0,0.007622058037668467,0.0,0.11843226104974747
6184,9.429383353563026e-05,0.0060542414896190165,0.008007012866437435,0.02845386490225792,0.0,0.007574012968689203,0.0,0.11842483282089233
6185,9.12990391952917e-05,0.005838390532881021,0.007943943422287703,0.028965937346220015,0.0,0.00750438217073679,0.0,0.1184137836098671
6186,9.070435917237773e-05,0.005964160803705454,0.00829405728727579,0.02916957288980484,0.0,0.007459770888090134,0.0,0.11839447170495987
6187,9.665321558713914e-05,0.0061313934624195095,0.008228418603539466,0.028317591547966002,0.0,0.00744285574182868,0.0,0.1183706745505333
6188,9.573580464348198e-05,0.005921785067766905,0.008236397430300713,0.02839323803782463,0.0,0.007524036802351475,0.0,0.11835715919733047
6189,9.53525013756007e-05,0.006007520202547312,0.008001143950968981,0.028513038530945778,0.0,0.0076450868509709835,0.0,0.11834591627120972
6190,9.596037270966917e-05,0.006202809512615204,0.008326761797070504,0.028333528339862822,0.0,0.007751061115413904,0.0,0.11833269894123077
6191,8.996342658065259e-05,0.0061920806765556335,0.008478820137679578,0.027973575890064238,0.0,0.007806163281202316,0.0,0.118339404463768
6192,9.712257888168096e-05,0.005956285074353218,0.00863764937967062,0.029981804266571998,0.0,0.007823158986866474,0.0,0.1183459609746933
6193,9.124645875999705e-05,0.005985843017697334,0.009003657288849354,0.029237200692296027,0.0,0.007798023521900177,0.0,0.1183488517999649
6194,0.00010427450179122389,0.0060901189222931865,0.008680951595306397,0.030055209621787073,0.0,0.007770259864628315,0.0,0.11834494769573212
6195,9.528992522973567e-05,0.0061853849329054356,0.008460980467498302,0.02912139557301998,0.0,0.007767711766064167,0.0,0.11834180355072021
6196,9.27459288504906e-05,0.006333182752132416,0.008417858090251685,0.029435701295733453,0.0,0.0077586425468325615,0.0,0.1183372288942337
6197,0.00010032585414592177,0.005927202478051186,0.008075637556612492,0.0291154108941555,0.0,0.007745790295302868,0.0,0.11834917962551117
6198,9.708666912047192e-05,0.005960443522781134,0.00873859841376543,0.029108739644289016,0.0,0.007703918963670731,0.0,0.11835800111293793
6199,9.896605770336464e-05,0.006111357361078262,0.008152824640274049,0.028897396475076675,0.0,0.007685542106628418,0.0,0.1183515340089798
6200,0.00010756399278761819,0.006353475339710713,0.008276848867535592,0.02816721647977829,0.0,0.0076665556989610195,0.0,0.11835768073797226
6201,9.783863497432321e-05,0.006094616465270519,0.007806054875254631,0.028540594130754472,0.0,0.007637371774762869,0.0,0.1183658242225647
6202,9.451886871829629e-05,0.006077056098729372,0.007351686432957649,0.029151814803481103,0.0,0.007601477205753326,0.0,0.11835969984531403
6203,0.00010169727174798026,0.006158968992531299,0.007971399277448655,0.02826957739889622,0.0,0.007555503398180008,0.0,0.11832977831363678
6204,9.317063522757962e-05,0.006056587677448988,0.008124862797558308,0.029291054233908653,0.0,0.0075144520960748196,0.0,0.11830610036849976
6205,0.00010006762167904525,0.006116078794002533,0.008021866343915463,0.029075538739562035,0.0,0.007486476097255945,0.0,0.11828462779521942
6206,9.64724604273215e-05,0.006176646240055561,0.00838436298072338,0.028321819752454756,0.0,0.007458666805177927,0.0,0.11828179657459259
6207,0.0001031597246765159,0.00634436784312129,0.00839067529886961,0.029798255860805513,0.0,0.007416249252855778,0.0,0.11827957630157471
6208,9.731746395118535e-05,0.006009456049650907,0.00808299295604229,0.02777569703757763,0.0,0.007362880744040012,0.0,0.1182764321565628
6209,9.684341930551454e-05,0.006329973042011261,0.008905147016048432,0.028338896855711938,0.0,0.007344937417656183,0.0,0.11827865988016129
6210,0.00010198876552749425,0.0059120506048202515,0.008130724914371968,0.029412820190191268,0.0,0.007464244961738586,0.0,0.11828730255365372
6211,0.00010116461780853569,0.006065964885056019,0.00769583061337471,0.028399408236145972,0.0,0.0076011428609490395,0.0,0.11829225718975067
6212,0.00010611207108013332,0.00637203985825181,0.008245935663580894,0.029233262315392493,0.0,0.007683462463319302,0.0,0.11828682571649551
6213,9.621005301596597e-05,0.006020171660929918,0.007645896822214127,0.028601140528917313,0.0,0.007736747618764639,0.0,0.11830095201730728
6214,0.00010120249062310905,0.006326823309063911,0.007736250106245279,0.02929154448211193,0.0,0.007808333728462458,0.0,0.11831159889698029
6215,9.89743581158109e-05,0.006211391091346741,0.008408907428383827,0.028840628266334534,0.0,0.007968400605022907,0.0,0.11832539737224579
6216,9.626317187212407e-05,0.006240800768136978,0.008418675698339938,0.029595211520791052,0.0,0.008139383979141712,0.0,0.11833854019641876
6217,9.967350633814931e-05,0.006328659411519766,0.008430879935622216,0.029147611930966377,0.0,0.008264838717877865,0.0,0.11835052818059921
6218,9.483367612119764e-05,0.006102073192596436,0.008206892665475607,0.028665893152356146,0.0,0.00829107966274023,0.0,0.1183466762304306
6219,9.40031633945182e-05,0.006229987740516663,0.008256741520017385,0.027801257371902467,0.0,0.00824278686195612,0.0,0.11834762245416641
6220,9.902665915433318e-05,0.006066849641501904,0.008055613096803426,0.029799401015043258,0.0,0.008210600353777409,0.0,0.11834992468357086
6221,8.988350309664383e-05,0.006339385826140642,0.007824806403368712,0.02814021073281765,0.0,0.008200595155358315,0.0,0.11835859715938568
6222,0.00010191304754698649,0.006158614344894886,0.00795513615012169,0.0288113571703434,0.0,0.008175285533070564,0.0,0.11836627870798111
6223,9.90681379335001e-05,0.006220973748713732,0.008271442074328662,0.028156818076968192,0.0,0.008136222139000893,0.0,0.11836600303649902
6224,0.00010528873681323603,0.006060145050287247,0.008233749773353338,0.02973816767334938,0.0,0.008061252534389496,0.0,0.11836625635623932
6225,0.00010209532192675396,0.006166386138647795,0.008216402307152749,0.029637361317873,0.0,0.007970749400556087,0.0,0.11835715919733047
6226,9.450204233871773e-05,0.005985766742378473,0.0083319584839046,0.0296535711735487,0.0,0.007875274866819382,0.0,0.11835633218288422
6227,9.283681429224089e-05,0.006296909134835005,0.00807979293167591,0.028839217871427535,0.0,0.007769137620925903,0.0,0.11837110668420792
6228,9.547560039209202e-05,0.006205662060528994,0.007909661158919334,0.028561950474977494,0.0,0.007675404194742441,0.0,0.11837885528802872
6229,9.914644906530156e-05,0.006079693138599396,0.007858087308704853,0.028638746216893197,0.0,0.007604934275150299,0.0,0.11837613582611084
6230,9.29333982639946e-05,0.0060782055370509624,0.007960379775613546,0.028999121487140657,0.0,0.0075455158948898315,0.0,0.11837359517812729
6231,0.00010240638221148401,0.005795943178236484,0.007944284193217754,0.028485962003469468,0.0,0.007488369010388851,0.0,0.11836521327495575
6232,9.414626838406548e-05,0.006149392109364271,0.008608321286737919,0.028051260858774185,0.0,0.007427229080349207,0.0,0.11835350096225739
6233,9.866820473689586e-05,0.006100633181631565,0.00852943081408739,0.029950298741459845,0.0,0.007425582967698574,0.0,0.1183377355337143
6234,9.529041562927887e-05,0.006145999114960432,0.00799695160239935,0.02856638766825199,0.0,0.007453049533069134,0.0,0.11833477020263672
6235,0.00010285281896358356,0.006183761358261109,0.007778517436236143,0.030268856883049013,0.0,0.007461506873369217,0.0,0.11832885444164276
6236,0.00010343525209464133,0.006103936862200498,0.007565162423998117,0.02887701466679573,0.0,0.007459166459739208,0.0,0.11832471191883087
6237,9.551431576255709e-05,0.006162566132843494,0.007665211241692305,0.028557779639959334,0.0,0.007429980672895908,0.0,0.11833024024963379
6238,9.890910005196928e-05,0.0060251416638493534,0.0071531497873365876,0.027563560381531717,0.0,0.007407146040350199,0.0,0.11834222078323364
6239,9.660237119533122e-05,0.006008977815508842,0.007829438522458076,0.026862471550703048,0.0,0.007394750602543354,0.0,0.11833218485116959
6240,0.00010671682248357684,0.005974456109106541,0.007739958819001913,0.028999052569270135,0.0,0.007439079228788614,0.0,0.11830593645572662
6241,0.00010076711478177459,0.006179770827293396,0.007507031690329314,0.029899680987000465,0.0,0.0075029032304883,0.0,0.11828817427158356
6242,0.0001027415128191933,0.006137915793806315,0.00761418305337429,0.029097212105989458,0.0,0.007538158446550369,0.0,0.11827782541513443
6243,9.49237699387595e-05,0.006105057336390019,0.007853398937731982,0.02781269811093807,0.0,0.0075783757492899895,0.0,0.1182611808180809
6244,9.971448016585783e-05,0.0060356415808200834,0.008000383246690035,0.029378871992230417,0.0,0.0075911968015134335,0.0,0.11823678016662598
6245,9.94628411717713e-05,0.006078297551721334,0.00771855479106307,0.029995272308588027,0.0,0.007559128105640411,0.0,0.11822213232517242
6246,9.286955755669624e-05,0.006151187606155873,0.007942774891853332,0.028211619704961777,0.0,0.0074941618368029594,0.0,0.11822901666164398
6247,0.00010324187896912918,0.00604471480473876,0.007427766174077988,0.03024372421205044,0.0,0.007445723749697208,0.0,0.11823872476816177
6248,9.470622608205303e-05,0.006148157641291618,0.007856418378651142,0.030176492035388948,0.0,0.0074020614847540855,0.0,0.11824699491262436
6249,0.00010138693905901164,0.006118363235145807,0.00783589705824852,0.02947424128651619,0.0,0.00737204123288393,0.0,0.11826848983764648
6250,9.783612185856327e-05,0.006169476732611656,0.007718706596642732,0.029481393843889238,0.0,0.0073399231769144535,0.0,0.11827723681926727
6251,0.0001058093665051274,0.005971655156463385,0.00797433713451028,0.02953698895871639,0.0,0.007403571158647537,0.0,0.1182837039232254
6252,9.763285197550431e-05,0.00605973768979311,0.008548460900783539,0.028452572226524354,0.0,0.007576614618301392,0.0,0.11828645318746567
6253,9.798333630897104e-05,0.006114915478974581,0.007814504764974117,0.02820563204586506,0.0,0.007700643502175808,0.0,0.11827497184276581
6254,0.00010427717352285981,0.006189417745918036,0.00780468787997961,0.028984519466757775,0.0,0.007754036225378513,0.0,0.11827941238880157
6255,9.624378435546532e-05,0.006183984037488699,0.007528400607407093,0.028475045785307886,0.0,0.007747039198875427,0.0,0.11829914152622223
6256,0.0001044997392455116,0.006206399202346802,0.008280862495303154,0.0282538965344429,0.0,0.007728389464318752,0.0,0.11830663681030273
6257,9.225145768141375e-05,0.0059859220869839195,0.0076950606890022755,0.028512915968894957,0.0,0.007740388624370098,0.0,0.11830975860357285
6258,9.653507295297459e-05,0.006108684744685888,0.007367935590445995,0.02786761075258255,0.0,0.007726615760475397,0.0,0.11833534389734268
6259,0.00010192995687248185,0.006026242300868035,0.007604495994746685,0.029032526537775993,0.0,0.007688499987125397,0.0,0.11834096908569336
6260,0.00010054674639832228,0.006135628651827573,0.007635084632784128,0.028437046334147453,0.0,0.007649396546185017,0.0,0.11834719032049179
6261,0.00010262640716973692,0.006150110345333815,0.008045346383005381,0.02839742451906204,0.0,0.007612189743667841,0.0,0.1183619499206543
6262,0.0001037768175592646,0.006022304855287075,0.007578984368592501,0.029257693514227866,0.0,0.00756628205999732,0.0,0.11837416887283325
6263,0.00010118300269823521,0.006103978864848614,0.007653073873370886,0.02728882320225239,0.0,0.007549259811639786,0.0,0.1183956116437912
6264,0.0001079971028957516,0.005979751795530319,0.008130799699574708,0.029902102425694466,0.0,0.007573006208986044,0.0,0.11841873079538345
6265,9.98855146463029e-05,0.006154497992247343,0.007728224247694015,0.027509894222021103,0.0,0.007613400463014841,0.0,0.1184452548623085
6266,9.270785958506166e-05,0.006301170028746128,0.007726205978542566,0.0285668071359396,0.0,0.007609526626765728,0.0,0.11846096813678741
6267,9.440396097488701e-05,0.006203543208539486,0.007531514670699835,0.027558137476444245,0.0,0.007580147590488195,0.0,0.11847326904535294
6268,0.00010497754410607741,0.0061482411809265615,0.00811136132106185,0.02829956039786339,0.0,0.007539987564086914,0.0,0.11848864704370499
6269,8.958727994468063e-05,0.006203924678266049,0.0075077713467180725,0.02785903476178646,0.0,0.007474315352737904,0.0,0.11851288378238678
6270,0.00010166685387957841,0.006064070574939251,0.007764730509370566,0.02882194332778454,0.0,0.007401036564260721,0.0,0.11853444576263428
6271,9.991782862925903e-05,0.005958291795104742,0.007613614853471518,0.0300062146037817,0.0,0.0073266588151454926,0.0,0.11855588853359222
6272,0.00010357057180954143,0.006255304254591465,0.007510933093726635,0.029131072759628295,0.0,0.007256895303726196,0.0,0.11856994777917862
6273,0.00010051698191091419,0.006233423668891192,0.008064246736466885,0.030284756794571877,0.0,0.00721996882930398,0.0,0.11858947575092316
6274,9.108477242989466e-05,0.006084851548075676,0.008051402308046818,0.028621580451726913,0.0,0.007208379451185465,0.0,0.11860685050487518
6275,9.847091714618728e-05,0.005966097675263881,0.007912012096494437,0.028448910638689994,0.0,0.007232180330902338,0.0,0.11861604452133179
6276,9.965009521692992e-05,0.006146401539444924,0.007817875128239393,0.028299480304121973,0.0,0.007276597432792187,0.0,0.11861445754766464
6277,9.365700389025733e-05,0.00600266195833683,0.00858576949685812,0.029402728378772735,0.0,0.007337626069784164,0.0,0.11860382556915283
6278,9.488869400229306e-05,0.0062328105792403225,0.00804014215245843,0.02872798889875412,0.0,0.007373379077762365,0.0,0.11860208213329315
6279,9.259344369638711e-05,0.006172569002956152,0.008733079396188259,0.028770194947719575,0.0,0.007378226611763239,0.0,0.11860326677560806
6280,9.229187126038595e-05,0.006099558342248202,0.008394071459770202,0.029254462197422983,0.0,0.007384131196886301,0.0,0.11859072744846344
6281,0.00010116380581166595,0.0060188986361026766,0.008140862081199884,0.028881721943616868,0.0,0.007364633027464151,0.0,0.11858019977807999
6282,9.227537084370852e-05,0.006132728513330221,0.007571750786155462,0.030277659371495246,0.0,0.007337503135204315,0.0,0.11857099831104279
6283,0.0001117586376494728,0.00600571995601058,0.007322180643677711,0.027510255947709082,0.0,0.007326027844101191,0.0,0.11854474246501923
6284,0.00010841584880836309,0.005870251450687647,0.007595814857631921,0.028753865882754324,0.0,0.007308485452085733,0.0,0.11851950734853745
6285,9.462300804443657e-05,0.00614372780546546,0.0075035950168967245,0.030471671000123025,0.0,0.007282542996108532,0.0,0.11850178241729736
6286,9.561563056195154e-05,0.006212870310992003,0.007778272591531276,0.029648763686418535,0.0,0.007239737547934055,0.0,0.1184939369559288
6287,9.321211400674656e-05,0.006112157460302114,0.007766545657068491,0.029396523535251618,0.0,0.007213941775262356,0.0,0.11849154531955719
6288,0.00011121075658593327,0.0061056243255734445,0.00765448845922947,0.027948543429374695,0.0,0.007217471953481436,0.0,0.11846823990345001
6289,9.461798326810822e-05,0.006020822841674089,0.007776593789458275,0.029727037623524667,0.0,0.007205098867416382,0.0,0.11844382435083389
6290,9.354032954433933e-05,0.005889227241277694,0.007400474790483713,0.03045183829963207,0.0,0.007183120585978031,0.0,0.11844190210103989
6291,9.682477975729853e-05,0.006323654763400554,0.007842810824513435,0.03083002343773842,0.0,0.007165532559156418,0.0,0.11844658851623535
6292,9.475513361394406e-05,0.006102268118411303,0.008039871603250504,0.02869875282049179,0.0,0.007152888923883438,0.0,0.11844761669635773
6293,9.290360758313909e-05,0.0063356712460517885,0.008030835632234811,0.028585707768797874,0.0,0.007172389887273312,0.0,0.11844602972269058
6294,0.0001004968275083229,0.006153182405978441,0.008264228608459235,0.02882634475827217,0.0,0.007219440303742886,0.0,0.11843998730182648
6295,9.855848620645701e-05,0.006275469996035099,0.0077551518566906456,0.02835741378366947,0.0,0.007307955529540777,0.0,0.1184295043349266
6296,9.985995857277885e-05,0.0063682346604764465,0.007659066468477249,0.029353922605514525,0.0,0.007428082637488842,0.0,0.11843657493591309
6297,0.00010320803994545713,0.006119091995060444,0.0074189333245158195,0.02898084782063961,0.0,0.007531715091317892,0.0,0.11844295263290405
6298,9.80154552962631e-05,0.006140002235770226,0.007400929834693671,0.029090308025479315,0.0,0.00760293286293745,0.0,0.11844535917043686
6299,9.655192261561751e-05,0.00619715666398406,0.007461142633110285,0.028733233362436293,0.0,0.007628468330949545,0.0,0.11844190210103989
6300,0.00010539427457842976,0.0060144375078380104,0.0071730539202690125,0.028595080971717833,0.0,0.007603281177580357,0.0,0.11844166368246078
6301,0.00010041563655249774,0.006110131181776524,0.007098566461354494,0.028348097950220107,0.0,0.007553748786449432,0.0,0.11843949556350708
6302,0.00010512331937206909,0.0062595846131443976,0.007031427882611752,0.029390592128038406,0.0,0.007496371865272522,0.0,0.11845187097787857
6303,9.900248842313886e-05,0.006151757575571537,0.0076034733094275,0.02924417667090893,0.0,0.007438019849359989,0.0,0.11845928430557251
6304,0.00010160776728298515,0.006047864817082882,0.007934687938541175,0.02978519760072231,0.0,0.0074101961217820644,0.0,0.11843685805797577
6305,9.538213053019717e-05,0.0061226154677569864,0.00787703488022089,0.028701212257146835,0.0,0.0073951175436377525,0.0,0.11841706186532974
6306,9.044809266924858e-05,0.005990313459187746,0.007715498469769955,0.02887858748435974,0.0,0.007348307874053717,0.0,0.11839427798986435
6307,0.0001031583349686116,0.006139366514980793,0.0072646505199372765,0.029083454236388206,0.0,0.007270147558301687,0.0,0.11837691068649292
6308,0.00010113210300914943,0.006106886733323336,0.007433973718434572,0.028453261032700537,0.0,0.007189299911260605,0.0,0.11837343871593475
6309,9.73740199697204e-05,0.006186733115464449,0.007767283823341131,0.028743885457515717,0.0,0.007108171470463276,0.0,0.11837740242481232
6310,9.89092601230368e-05,0.006144752725958824,0.007477464899420738,0.028284652158617973,0.0,0.007071645464748144,0.0,0.11840055137872696
6311,9.119938622461631e-05,0.005960798449814319,0.007280160300433635,0.027881910279393195,0.0,0.007146078161895275,0.0,0.11840689182281494
6312,9.887294436339289e-05,0.0060963364318013195,0.007457074895501137,0.028398909047245978,0.0,0.0072993203066289425,0.0,0.1183861717581749
6313,9.82851066510193e-05,0.006041560973972082,0.007544160168617964,0.028776253759860992,0.0,0.007418949156999588,0.0,0.11837402731180191
6314,9.128270176006481e-05,0.006071112304925919,0.007485525496304035,0.029767218232154845,0.0,0.007474982645362616,0.0,0.11835634708404541
6315,0.00010575084015727044,0.006075547728687525,0.007800036203116178,0.029291609302163124,0.0,0.007522076368331909,0.0,0.11833745241165161
6316,9.674537286628038e-05,0.0061024692840874195,0.00907079502940178,0.028410300984978674,0.0,0.007537902798503637,0.0,0.11833520233631134
6317,9.792735800147056e-05,0.006094892043620348,0.007966275699436665,0.02805855795741081,0.0,0.007495367433875799,0.0,0.11832515895366669
6318,9.693960309959948e-05,0.006232170388102531,0.00801395857706666,0.030156635120511054,0.0,0.007437372114509344,0.0,0.11830483376979828
6319,9.814840886974707e-05,0.006175383273512125,0.00780256362631917,0.03012310527265072,0.0,0.007394876331090927,0.0,0.11830125749111176
6320,8.886990253813565e-05,0.0059866982512176035,0.007807864621281624,0.029767664894461632,0.0,0.007416997104883194,0.0,0.11831352859735489
6321,9.97636336251162e-05,0.005989041272550821,0.007410180196166039,0.0286306019872427,0.0,0.0074620917439460754,0.0,0.11832883208990097
6322,9.59247161517851e-05,0.006284401658922434,0.007574526127427816,0.028173791617155074,0.0,0.007492133881896734,0.0,0.11834906041622162
6323,9.725145500851795e-05,0.0060816132463514805,0.007559486199170351,0.029177864268422126,0.0,0.007491434458643198,0.0,0.11836789548397064
6324,9.232050651917235e-05,0.006123093143105507,0.007472794689238072,0.029439635574817657,0.0,0.007476352155208588,0.0,0.1183815598487854
6325,9.563127969158813e-05,0.0057359859347343445,0.007177763618528843,0.02832101583480835,0.0,0.00746318232268095,0.0,0.11839137971401215
6326,0.00010596794745652006,0.0060235423967242244,0.007275461964309215,0.02915063686668873,0.0,0.007420930080115795,0.0,0.11839728057384491
6327,9.857178811216727e-05,0.006099553592503071,0.00744360750541091,0.028532738983631133,0.0,0.007364838384091854,0.0,0.11839888244867325
6328,9.590693371137604e-05,0.006315418612211942,0.006848391145467758,0.029749291390180586,0.0,0.00731803709641099,0.0,0.11839393526315689
6329,9.925230697263032e-05,0.006300838571041823,0.006908249668776989,0.02804788388311863,0.0,0.007318179123103619,0.0,0.11839883029460907
6330,9.54197661485523e-05,0.006119604129344225,0.007423201669007539,0.02887442409992218,0.0,0.007384743541479111,0.0,0.11840901523828506
6331,9.086355130420998e-05,0.006055040843784809,0.0073602994903922084,0.02792508006095886,0.0,0.007429754827171564,0.0,0.11840415000915527
6332,8.965970482677221e-05,0.006166220363229513,0.007303905114531517,0.029240309819579126,0.0,0.007439871784299612,0.0,0.11838523298501968
6333,9.208761039189995e-05,0.005872943438589573,0.007814416289329528,0.029530834406614304,0.0,0.0073957121931016445,0.0,0.11836854368448257
6334,9.152924176305532e-05,0.006004366930574179,0.008446971699595452,0.02841542363166809,0.0,0.00731740053743124,0.0,0.11836515367031097
6335,9.557153098285198e-05,0.006168574187904596,0.00814503189176321,0.028716517239809038,0.0,0.007236516568809748,0.0,0.1183830052614212
6336,9.880882280413061e-05,0.0062031161971390246,0.00762835294008255,0.029255134239792823,0.0,0.007195967249572277,0.0,0.11839189380407333
6337,9.821421990636736e-05,0.006112754065543413,0.007800041139125824,0.028887384012341498,0.0,0.007227160036563873,0.0,0.11838529258966446
6338,9.767924493644386e-05,0.0060582000762224196,0.007608798984438181,0.028301110863685607,0.0,0.007257741875946522,0.0,0.11838056892156601
6339,0.00010081309883389623,0.005959335807710886,0.007435603626072406,0.029078661277890206,0.0,0.007287005428224802,0.0,0.11837524175643921
6340,0.00010305633040843531,0.006053063552826643,0.00711697218939662,0.02892649732530117,0.0,0.007298947777599096,0.0,0.11835981905460358
6341,0.00010925225506071001,0.006139719486236572,0.0075250881724059585,0.029231549799442293,0.0,0.007271770387887955,0.0,0.11835668981075287
6342,9.55706214881502e-05,0.006062421668320894,0.007918479666113854,0.029324090108275414,0.0,0.0072599127888679504,0.0,0.11835618317127228
6343,0.0001007115250104107,0.006206430587917566,0.007540909107774496,0.028759048134088517,0.0,0.00735818687826395,0.0,0.11836560815572739
6344,9.503479086561128e-05,0.006109628453850746,0.008078745100647211,0.028433678299188615,0.0,0.007446347735822201,0.0,0.1183871477842331
6345,9.619576885597781e-05,0.0060822305269539354,0.008314552996307612,0.02835785448551178,0.0,0.0074981763027608395,0.0,0.11838384717702866
6346,9.421868016943336e-05,0.0059924679808318615,0.008278066292405128,0.02989243119955063,0.0,0.007518386002629995,0.0,0.11837111413478851
6347,0.00010061508073704317,0.006096000876277685,0.007992401346564293,0.028040025010704996,0.0,0.0075026825070381165,0.0,0.11838150024414062
6348,9.681323572294787e-05,0.0064311839640140535,0.007774410676211119,0.028399191424250604,0.0,0.007480265107005835,0.0,0.11840294301509857
6349,9.983305353671313e-05,0.006072917394340039,0.007484016474336386,0.02838900499045849,0.0,0.0074855731800198555,0.0,0.11842679977416992
6350,9.137789311353117e-05,0.005944293830543757,0.007604889292269945,0.0290404099971056,0.0,0.007465959992259741,0.0,0.11843875795602798
6351,9.513502154732124e-05,0.006290088035166263,0.007386458665132522,0.02869529612362385,0.0,0.00740311061963439,0.0,0.11843524128198624
6352,9.842189174378291e-05,0.0062530992552638056,0.007824772782623769,0.027790047973394395,0.0,0.007324775215238333,0.0,0.11842770874500275
6353,8.727960957912728e-05,0.00632016770541668,0.007642521616071462,0.028602901846170425,0.0,0.007248865906149149,0.0,0.11840073764324188
6354,0.00010067167459055781,0.006107298005372286,0.007625754456967115,0.028212925791740416,0.0,0.007187752518802881,0.0,0.11837569624185562
6355,9.987221565097571e-05,0.006156981270760298,0.007082466129213571,0.029127341508865357,0.0,0.007154461927711964,0.0,0.11835139989852905
6356,9.057607821887359e-05,0.0063875683583319185,0.007246451359242201,0.03036428093910217,0.0,0.007165317889302969,0.0,0.11833753436803818
6357,0.00010412932315375655,0.006236047018319368,0.007436876837164164,0.02856675870716572,0.0,0.007201144006103277,0.0,0.11834430694580078
6358,9.508167568128556e-05,0.006093851290643215,0.007149241399019957,0.029005599766969682,0.0,0.007223921362310648,0.0,0.11834921687841415
6359,0.00010299085406586527,0.006006085406988859,0.007417850941419601,0.027714912220835684,0.0,0.007259744219481945,0.0,0.11835571378469467
6360,0.00010146522108698264,0.006159627251327038,0.007094593998044729,0.028140213713049887,0.0,0.00729720015078783,0.0,0.11836302280426025
6361,9.403132571605965e-05,0.006038892641663551,0.007310785818845034,0.0285496536642313,0.0,0.0073099397122859955,0.0,0.1183519959449768
6362,9.825370943872258e-05,0.006206975411623716,0.0073648352175951,0.028302790224552156,0.0,0.0072816587053239346,0.0,0.11833357810974121
6363,9.859337151283399e-05,0.006214571930468082,0.00732883121818304,0.02865554913878441,0.0,0.007228201720863581,0.0,0.11832503974437714
6364,9.933172259479761e-05,0.006018880940973759,0.007473665568977594,0.02771965004503727,0.0,0.007169851567596197,0.0,0.11831863224506378
6365,9.973490086849779e-05,0.006046486087143421,0.007595448009669781,0.030155501514673232,0.0,0.007108652498573065,0.0,0.11831532418727875
6366,8.850362792145461e-05,0.0061417057178914545,0.007353478949517012,0.027861328050494193,0.0,0.007103296462446451,0.0,0.11832337081432343
6367,8.531181229045614e-05,0.006173044163733721,0.007680448610335589,0.029059011861681937,0.0,0.00717251468449831,0.0,0.11832032352685928
6368,9.148867102339863e-05,0.006240485887974501,0.007687293086200952,0.02975926697254181,0.0,0.007246638648211956,0.0,0.11832505464553833
6369,9.462457383051515e-05,0.006026703678071499,0.007432547677308321,0.029362399131059647,0.0,0.007333492394536734,0.0,0.11833144724369049
6370,9.728569857543334e-05,0.006073856912553311,0.007501423917710781,0.029715019464492797,0.0,0.007404840551316738,0.0,0.11832872778177261
6371,0.0001006213977234438,0.006246512848883867,0.007736186310648918,0.02826295979321003,0.0,0.007455022539943457,0.0,0.11834212392568588
6372,0.00010372251854278147,0.00628591775894165,0.007242018450051546,0.0300509512424469,0.0,0.007511010859161615,0.0,0.11837552487850189
6373,9.327344596385956e-05,0.006258246209472418,0.0074619964696466924,0.030083396285772324,0.0,0.007521557155996561,0.0,0.11841188371181488
6374,9.857172844931483e-05,0.005968455411493778,0.007338285259902477,0.029248474165797234,0.0,0.007558704353868961,0.0,0.1184208020567894
6375,9.692142921267078e-05,0.0058670323342084885,0.007021341193467379,0.027614348009228705,0.0,0.007605209946632385,0.0,0.11842423677444458
6376,9.180611814372242e-05,0.006193406973034143,0.007576722651720047,0.02825479246675968,0.0,0.007608737796545029,0.0,0.11842663586139679
6377,9.36120530241169e-05,0.005953287240117788,0.007636338844895363,0.028330164030194283,0.0,0.007562830112874508,0.0,0.11843597888946533
6378,0.0001033911103149876,0.0060341981239616874,0.008354461006820201,0.02849402353167534,0.0,0.0075158909894526005,0.0,0.11844949424266815
6379,9.656507318140939e-05,0.006128998938947916,0.008001871034502983,0.028380679711699486,0.0,0.007500962819904089,0.0,0.11845055967569351
6380,0.0001001744152745232,0.006252504885196686,0.007343650981783867,0.029337751120328902,0.0,0.00755053386092186,0.0,0.11843124777078629
6381,0.00010127159475814551,0.005943079013377428,0.0071899894624948505,0.029078930616378784,0.0,0.007611152715981007,0.0,0.11841662228107452
6382,9.187688556266949e-05,0.006263904366642236,0.007639042846858501,0.029423126950860023,0.0,0.007633077446371317,0.0,0.11840345710515976
6383,9.011867659864947e-05,0.006010023318231106,0.007011959888041019,0.029440801963210105,0.0,0.007654916495084763,0.0,0.11838559806346893
6384,9.639514173613861e-05,0.006158928666263819,0.0077476222068071365,0.029977120086550714,0.0,0.007679409347474575,0.0,0.11836376041173935
6385,9.500428132014349e-05,0.006186147220432758,0.007830906100571156,0.02893652059137821,0.0,0.007687624543905258,0.0,0.11836302280426025
6386,9.818244579946622e-05,0.006210093572735787,0.007036010362207889,0.028740452602505684,0.0,0.00765687832608819,0.0,0.11837232112884521
6387,0.00010178408556384965,0.0061437682248651985,0.007324217725545168,0.02980305105447769,0.0,0.00757965724915266,0.0,0.11836405098438263
6388,9.284661064157262e-05,0.006029704678803682,0.007650934811681509,0.029332664608955384,0.0,0.007483175955712795,0.0,0.11836186796426773
6389,0.00010104177927132696,0.006111912429332733,0.007221667468547821,0.0301391638815403,0.0,0.00738323200494051,0.0,0.11835567653179169
6390,8.950788760557771e-05,0.006080748606473207,0.007473678607493639,0.028653130680322648,0.0,0.007291569374501705,0.0,0.11833498626947403
6391,9.406155004398897e-05,0.006074384413659572,0.007688490673899651,0.02898154966533184,0.0,0.007250042166560888,0.0,0.11830998957157135
6392,8.66013317136094e-05,0.006026368681341409,0.007484689820557833,0.02930388003587723,0.0,0.007236653007566929,0.0,0.11830413341522217
6393,9.205981477862224e-05,0.0064630194567143915,0.0077496346086263655,0.029135863482952117,0.0,0.007211121264845133,0.0,0.11831679195165634
6394,0.00010146435815840959,0.006109698954969644,0.0073209373280405995,0.02984586954116821,0.0,0.007180054672062397,0.0,0.11832360923290253
6395,9.430890931980685e-05,0.006304125860333442,0.007917417958378793,0.029639213904738428,0.0,0.007146584335714579,0.0,0.11832592636346817
6396,9.249253635061905e-05,0.006358493305742741,0.007351396325975657,0.02961505502462387,0.0,0.007266646716743708,0.0,0.11833908408880234
6397,0.00010321610607206821,0.006287132296711207,0.007042509038001299,0.028627116978168488,0.0,0.007458445616066456,0.0,0.11835338175296783
6398,0.00010049743577837944,0.006144229043275118,0.007607287541031837,0.029751863330602646,0.0,0.007600419223308563,0.0,0.11835063993930817
6399,0.00010438118188176304,0.006098522245883942,0.007571745198220015,0.028185497596859933,0.0,0.0076976073905825615,0.0,0.11833105236291885
6400,0.00010436695883981883,0.006179788429290056,0.007849261816591024,0.028817785158753394,0.0,0.007734421640634537,0.0,0.11832640320062637
6401,9.497185383224859e-05,0.0061186571605503556,0.007967124041169883,0.0297333762049675,0.0,0.00775094423443079,0.0,0.11832933127880096
6402,0.00010498719493625685,0.006130161788314581,0.007678091898560524,0.02850752994418144,0.0,0.007766466587781906,0.0,0.11832810938358307
6403,9.930624801199884e-05,0.006082455348223448,0.0077502323314547535,0.02779822573065758,0.0,0.007763201836496592,0.0,0.11832195520401001
6404,9.961459145415574e-05,0.006006545852869749,0.007666617259383201,0.028880907222628593,0.0,0.007748727686703205,0.0,0.11829537153244019
6405,9.632184519432485e-05,0.006074350699782372,0.007630778569728136,0.028801104798913003,0.0,0.007706089876592159,0.0,0.11826703697443008
6406,0.00010693008953239768,0.0062424811534583565,0.007028932683169842,0.0297029048204422,0.0,0.007641220930963755,0.0,0.11825593560934067
6407,0.00010445761581650004,0.006096257176250219,0.008376063592731953,0.02958691380918026,0.0,0.007580342702567577,0.0,0.11824909597635269
6408,9.446061449125409e-05,0.00617034723982215,0.0073437454178929325,0.029554478451609613,0.0,0.0075323693454265594,0.0,0.11826630681753159
6409,9.5291507022921e-05,0.005945785157382488,0.007519040908664465,0.02892298437654972,0.0,0.007508342154324055,0.0,0.11829382181167603
6410,9.771149343578145e-05,0.0060831991024315355,0.007648436725139618,0.02943890504539013,0.0,0.00748564163222909,0.0,0.1183025985956192
6411,0.00010341729212086648,0.006041864585131407,0.007762832660228014,0.030486633256077766,0.0,0.00744146853685379,0.0,0.11831086874008179
6412,9.49866880546324e-05,0.006240515038371086,0.0075635980814695355,0.029114477708935736,0.0,0.007444956339895725,0.0,0.11830798536539078
6413,9.294103365391493e-05,0.006085218954831361,0.0077870006673038,0.028172783181071283,0.0,0.007575581315904856,0.0,0.11831428855657578
6414,8.91043440788053e-05,0.0062392340041697025,0.007774371560662985,0.028306799381971358,0.0,0.00767480069771409,0.0,0.11835042387247086
6415,0.00010837696463568136,0.0061353262513875965,0.007390979211777449,0.02986062243580818,0.0,0.007728397846221924,0.0,0.11838742345571518
6416,9.055826667463407e-05,0.005961284972727299,0.007390607707202434,0.028441700711846353,0.0,0.007748656906187534,0.0,0.11839880049228668
6417,9.226448455592617e-05,0.006121163815259933,0.007702265121042729,0.02920127660036087,0.0,0.007747931871563196,0.0,0.11839745193719864
6418,0.00010068315605167299,0.006126855872571469,0.007584161125123501,0.029501942545175554,0.0,0.0077106282114982605,0.0,0.11839698255062103
6419,9.906730847433209e-05,0.006068216916173696,0.007384630292654038,0.029899414628744125,0.0,0.0076547907665371895,0.0,0.11839310824871063
6420,9.673872991697863e-05,0.006239278335124254,0.007249283790588379,0.02871415764093399,0.0,0.007663484662771225,0.0,0.11838291585445404
6421,9.402158902958036e-05,0.00618453212082386,0.007000202313065529,0.028471139073371888,0.0,0.007696518208831549,0.0,0.11836810410022736
6422,0.000101854934473522,0.006080020777881145,0.0075458760373294355,0.028294609859585762,0.0,0.00772202480584383,0.0,0.11835573613643646
6423,8.776203612796963e-05,0.006008472852408886,0.007570753339678049,0.02872980423271656,0.0,0.007775424979627132,0.0,0.11834447085857391
6424,9.695560729596763e-05,0.006095512676984072,0.007203893642872572,0.029430362209677697,0.0,0.007829939015209675,0.0,0.11833188682794571
6425,9.359452524222433e-05,0.0063138315454125404,0.007342579308897257,0.02828892059624195,0.0,0.007823847234249115,0.0,0.11829900741577148
6426,9.33922579861246e-05,0.00610815929248929,0.007159925438463688,0.028578513115644456,0.0,0.00784897431731224,0.0,0.11826815456151962
6427,9.878421988105402e-05,0.006095750350505113,0.0075790325179696085,0.028766578808426858,0.0,0.007942568510770798,0.0,0.11825285106897354
6428,9.391849889652803e-05,0.006188272777944803,0.00774059109389782,0.028456052392721178,0.0,0.008062120527029037,0.0,0.11823960393667221
6429,0.00010409909300506115,0.00615763645619154,0.007916318066418172,0.029967906326055525,0.0,0.008132671937346458,0.0,0.11823145300149918
6430,9.553735289955512e-05,0.006151015590876341,0.007666872628033161,0.03039339669048786,0.0,0.008139173500239849,0.0,0.11823227256536484
6431,9.492486133240163e-05,0.006256383936852216,0.00732538178563118,0.02855796627700329,0.0,0.00809885747730732,0.0,0.11823955923318863
6432,8.748828840907664e-05,0.006093053054064513,0.007955897785723209,0.028285568207502367,0.0,0.008017970249056816,0.0,0.11824433505535126
6433,0.00010051988356281072,0.005999783426523209,0.007700685504823923,0.027982798963785173,0.0,0.00793006643652916,0.0,0.11825531721115112
6434,9.731988830026239e-05,0.0061657923273742195,0.007353299204260111,0.029199262708425523,0.0,0.007870921865105629,0.0,0.11825823783874512
6435,9.615815069992095e-05,0.006322162039577961,0.007497402653098106,0.029178891330957413,0.0,0.007831203751266003,0.0,0.11826451122760773
6436,9.275978081859648e-05,0.005894838832318783,0.007759171910583973,0.028466368094086647,0.0,0.007796899415552616,0.0,0.11826460063457489
6437,0.00010134090553037822,0.006159861572086811,0.007678342051804066,0.029220998659729956,0.0,0.007756543345749378,0.0,0.11825448274612427
6438,9.116891451412811e-05,0.005938476976007223,0.007768015936017036,0.028260685876011847,0.0,0.0076916576363146305,0.0,0.11825599521398544
6439,9.60825927904807e-05,0.0061030170880258085,0.007900658901780844,0.02887364327907562,0.0,0.007602977566421032,0.0,0.11826995760202408
6440,9.364182187709957e-05,0.0061501311138272285,0.007807433791458607,0.029506908357143403,0.0,0.007530498318374157,0.0,0.11829634010791779
6441,9.460391884204e-05,0.0061056938953697685,0.007474176958203316,0.02928393967449665,0.0,0.007466125302016735,0.0,0.11831066757440567
6442,9.770275792106987e-05,0.006493169255554676,0.00744697293266654,0.02737588807940483,0.0,0.007396863307803869,0.0,0.11831550300121307
6443,9.053806716110557e-05,0.006105538085103035,0.007800505310297012,0.02834354490041733,0.0,0.00735186692327261,0.0,0.11831209808588028
6444,9.537894802633673e-05,0.006225395016372204,0.007657153066247702,0.028915193676948548,0.0,0.0073446542955935,0.0,0.11828771978616714
6445,9.528977680020034e-05,0.00590053116902709,0.007614278793334961,0.029578812047839166,0.0,0.007360381539911032,0.0,0.1182541698217392
6446,9.874921233858913e-05,0.006103423703461885,0.0072581090964376925,0.0302476666867733,0.0,0.007375885732471943,0.0,0.11825177818536758
6447,9.900059812935069e-05,0.006394186150282621,0.008126082830131054,0.029361148178577424,0.0,0.00736710149794817,0.0,0.11826697736978531
6448,9.989723330363631e-05,0.006162028666585684,0.007841362897306681,0.028954584896564484,0.0,0.007372887339442968,0.0,0.11826789379119873
6449,0.00010055171005660669,0.006008690968155861,0.007969147246330976,0.02907121405005455,0.0,0.007433182094246149,0.0,0.11826671659946442
6450,0.0001053472951753065,0.00622042017057538,0.007865314278751612,0.028092458844184875,0.0,0.00756680965423584,0.0,0.11826835572719574
6451,8.872821490513161e-05,0.0063210873864591125,0.008007305208593607,0.028766699135303497,0.0,0.007653956767171621,0.0,0.11825159937143326
6452,9.95211725239642e-05,0.006079897657036782,0.00815540123730898,0.028326351940631867,0.0,0.007672445382922888,0.0,0.11824093014001846
6453,9.078524599317461e-05,0.006165186874568462,0.0073604159988462925,0.0293148510158062,0.0,0.007648623548448086,0.0,0.11825405061244965
6454,0.00010050962882814928,0.006126775033771991,0.007697940804064274,0.028780864924192427,0.0,0.007597996853291988,0.0,0.1182762160897255
6455,0.00010902025387622416,0.00618413994088769,0.007431331463158131,0.029199224337935446,0.0,0.007551552262157202,0.0,0.1182955875992775
6456,9.277844364987686e-05,0.0060956872068345545,0.00747865978628397,0.030252547562122346,0.0,0.007565715350210667,0.0,0.11832597106695175
6457,9.982407354982569e-05,0.006317453552037477,0.007418582867830992,0.027331304922699928,0.0,0.007645369507372379,0.0,0.11835871636867523
6458,0.00010388193040853367,0.006319895479828119,0.007441840413957834,0.02884020358324051,0.0,0.007755863480269909,0.0,0.11838041245937347
6459,9.331524342997e-05,0.006057505402714014,0.00743904709815979,0.027760236337780953,0.0,0.007814303040504456,0.0,0.11837627738714218
6460,9.431637299712747e-05,0.006201599445194006,0.007808229885995388,0.02904255948960781,0.0,0.007795250974595547,0.0,0.11836756765842438
6461,9.62706282734871e-05,0.006064520124346018,0.007493334542959929,0.02949235439300537,0.0,0.007784828543663025,0.0,0.11835753917694092
6462,9.438937267987057e-05,0.006100987549871206,0.007452531065791845,0.027970143407583237,0.0,0.007782496511936188,0.0,0.11834952980279922
6463,9.855095413513482e-05,0.006325645744800568,0.0074489211663603784,0.0281928151845932,0.0,0.007771642412990332,0.0,0.11833743751049042
6464,9.854736854322254e-05,0.006200677622109652,0.007701059617102146,0.028215209394693373,0.0,0.007756152655929327,0.0,0.11831988394260406
6465,9.561589831719175e-05,0.00601589223369956,0.007483307272195816,0.029189539328217506,0.0,0.007723347283899784,0.0,0.11832673847675323
6466,0.00010043149522971362,0.006165799032896757,0.00756288981065154,0.02889126129448414,0.0,0.007667632307857275,0.0,0.11836311966180801
6467,0.00010170869063585997,0.006092989910393953,0.007697760127484798,0.030273495987057687,0.0,0.007606689818203449,0.0,0.11838176101446152
6468,0.00010196863004239277,0.006260139960795641,0.0076001125387847425,0.02957500033080578,0.0,0.007549582980573177,0.0,0.11839108169078827
6469,9.736459905980155e-05,0.006168216187506914,0.007369696069508791,0.029599684476852416,0.0,0.0075538381934165955,0.0,0.1184026449918747
6470,9.765548893483355e-05,0.006139613408595324,0.007966700941324234,0.028645943477749826,0.0,0.007581294514238834,0.0,0.1184181347489357
6471,9.737326472532004e-05,0.006152848433703184,0.00809555547311902,0.027843186259269716,0.0,0.007586783263832331,0.0,0.11843939125537872
6472,8.96890473086387e-05,0.006248722318559885,0.007331753335893154,0.02873769626021385,0.0,0.0076052164658904076,0.0,0.11846015602350235
6473,9.365676087327301e-05,0.00623924033716321,0.007684539817273617,0.028974192589521407,0.0,0.007722353097051382,0.0,0.11847639083862305
6474,9.95847483864054e-05,0.006015294324606657,0.007458069361746311,0.02868625000119209,0.0,0.007817307487130165,0.0,0.1184861809015274
6475,9.155178559012711e-05,0.005909506324678659,0.0076307806186378,0.02972524203360081,0.0,0.007849819958209991,0.0,0.11849043518304825
6476,0.00010750661604106427,0.006309461314231157,0.00781317250803113,0.029052600264549255,0.0,0.007829603739082813,0.0,0.11848434060811996
6477,9.484287875238806e-05,0.005959688499569893,0.007453365623950959,0.029430482536554337,0.0,0.007772486656904221,0.0,0.11849482357501984
6478,9.457490086788312e-05,0.0062485943548381325,0.007537990342825651,0.029405255615711213,0.0,0.007687793113291264,0.0,0.11851240694522858
6479,9.080326271941886e-05,0.006115670315921307,0.0076947006396949295,0.02919576093554497,0.0,0.007597959600389004,0.0,0.11852006614208221
6480,0.00010420424223411828,0.006252975203096867,0.0071909352205693725,0.02861322946846485,0.0,0.007619061972945929,0.0,0.11851964145898819
6481,0.00010006082593463361,0.0060260239988565445,0.0076796445995569226,0.028918911516666413,0.0,0.007678932044655085,0.0,0.11852703243494034
6482,9.350811451440677e-05,0.00621426161378622,0.007301104813814163,0.029709630459547044,0.0,0.007701709866523743,0.0,0.11853990703821182
6483,9.75953196757473e-05,0.006072444655001163,0.007542593777179718,0.028340299054980277,0.0,0.007683000527322292,0.0,0.11854787915945053
6484,0.00010288552148267627,0.006100917048752308,0.007882365863770247,0.027612437307834626,0.0,0.007674145046621561,0.0,0.11856039613485336
6485,9.548675880068913e-05,0.00593256251886487,0.00767719903960824,0.028004049509763717,0.0,0.0076695033349096775,0.0,0.11856311559677124
6486,9.389983024448157e-05,0.006158965546637774,0.007567690685391426,0.028419432789087297,0.0,0.007659374736249447,0.0,0.11856027692556381
6487,8.60744621604681e-05,0.005935146473348141,0.007785240560770035,0.0292705949395895,0.0,0.007618090603500605,0.0,0.11855454742908478
6488,8.90269162482582e-05,0.0062744726426899435,0.0074038301594555374,0.027922198548913,0.0,0.007589478977024555,0.0,0.1185394749045372
6489,8.915673824958504e-05,0.006392503902316093,0.007597932685166597,0.029731478542089462,0.0,0.007664023898541927,0.0,0.11853258311748505
6490,0.0001014259018120356,0.006086754985153675,0.007476143259555102,0.028036319464445115,0.0,0.007729164324700832,0.0,0.118535116314888
6491,9.959210001397878e-05,0.0061869719997048375,0.007324863877147436,0.027404797077178956,0.0,0.007790166884660721,0.0,0.11853678524494171
6492,9.366371959913522e-05,0.006144434399902821,0.0076072879135608675,0.029702635109424592,0.0,0.007872672751545906,0.0,0.11852671951055527
6493,9.195581951644271e-05,0.0060693173669278625,0.007738639414310455,0.03066329248249531,0.0,0.0079276692122221,0.0,0.1185171827673912
6494,9.276918281102553e-05,0.006024956051260233,0.007255658973008394,0.029061953723430633,0.0,0.00795065052807331,0.0,0.1184973493218422
6495,0.00010039412445621565,0.006054999399930238,0.007308321632444858,0.0289525605738163,0.0,0.007924715988337994,0.0,0.11847192049026489
6496,9.189022239297628e-05,0.006007090397179127,0.007020170707255602,0.0286784615367651,0.0,0.007915778085589409,0.0,0.11846332252025604
6497,9.261538507416844e-05,0.005999167356640101,0.007745365425944328,0.028583051264286043,0.0,0.007959933951497078,0.0,0.1184583529829979
6498,9.890417131828145e-05,0.006212554406374693,0.007322307582944632,0.02778756320476532,0.0,0.007955348119139671,0.0,0.11844278872013092
6499,9.877706470433623e-05,0.00618533855304122,0.0075730524957180025,0.0305936262011528,0.0,0.007912999019026756,0.0,0.11843589693307877
6500,9.794601210160181e-05,0.00641766469925642,0.007672188524156809,0.029538049548864364,0.0,0.007877122610807419,0.0,0.11843760311603546
6501,9.955734858522192e-05,0.00623065261170268,0.007417276222258806,0.028171615675091743,0.0,0.007814609445631504,0.0,0.11843691766262054
6502,9.890095534501598e-05,0.006143572181463242,0.007386522088199854,0.027396887168288232,0.0,0.007722293026745319,0.0,0.11842415481805801
6503,8.93988850293681e-05,0.006029426679015159,0.007545122690498829,0.028802888840436934,0.0,0.007623902056366205,0.0,0.11840621381998062
6504,9.291759633924812e-05,0.006116601917892694,0.007463687192648649,0.029103656113147736,0.0,0.007571549620479345,0.0,0.11839767545461655
6505,9.921478485921397e-05,0.0062089797109365465,0.007626620307564736,0.029911471530795097,0.0,0.007610764354467392,0.0,0.11840061843395233
6506,0.0001020316602080129,0.006049669347703457,0.007506423629820347,0.029673392325639723,0.0,0.007688659243285656,0.0,0.11841080337762833
6507,9.950158128049224e-05,0.006052924878895282,0.007186962850391864,0.029454008862376212,0.0,0.007737564388662577,0.0,0.11841519176959991
6508,9.381002892041578e-05,0.0060830596834421154,0.007464340794831515,0.028621824085712434,0.0,0.007726616226136684,0.0,0.11842159926891327
6509,0.00010357806022511795,0.006029398553073407,0.007259797211736441,0.027900899574160577,0.0,0.007690842263400555,0.0,0.11842215061187744
6510,9.097874426515773e-05,0.006000628322362899,0.007237106654793024,0.027985424175858496,0.0,0.007713890168815851,0.0,0.11842223256826401
6511,9.852859220700338e-05,0.006096978392452002,0.007296709809452295,0.0279024600982666,0.0,0.007766962982714176,0.0,0.11840903759002686
6512,9.891687368508428e-05,0.006029882282018661,0.007596938032656908,0.0305818822234869,0.0,0.007775602396577597,0.0,0.11838877201080322
6513,8.705592772457748e-05,0.0061967972666025165,0.007610270846635103,0.02885381281375885,0.0,0.007737630046904087,0.0,0.11837420612573624
6514,0.00010493960726307706,0.006074249744415283,0.007166447769850493,0.02867007739841938,0.0,0.007707085460424423,0.0,0.11836881935596466
6515,9.739347442518919e-05,0.0060435025952756405,0.008021901920437812,0.028355156630277635,0.0,0.007689931895583868,0.0,0.11835644394159317
6516,0.00010331997327739373,0.006048937700688839,0.0072469934821128845,0.028786276653409004,0.0,0.0076528387144207954,0.0,0.11835037171840668
6517,0.00010146743588848039,0.006086893565952778,0.007904921658337116,0.02834984175860882,0.0,0.007583157159388065,0.0,0.11835837364196777
6518,8.961321727838368e-05,0.006157749239355326,0.007563239056617021,0.029615449905395507,0.0,0.007497369311749935,0.0,0.11835106462240219
6519,0.00010087823029607535,0.006061888113617897,0.007558069191873074,0.03086401931941509,0.0,0.007448069751262665,0.0,0.11834798753261566
6520,9.312581532867625e-05,0.0061373068951070305,0.007619551010429859,0.027991018444299697,0.0,0.0074334279634058475,0.0,0.11833851039409637
6521,9.669084975030273e-05,0.006151888240128756,0.007597619667649269,0.02993869371712208,0.0,0.00745334243401885,0.0,0.11831299960613251
6522,9.610366687411443e-05,0.006074109021574259,0.007311975117772818,0.028559665381908416,0.0,0.007476489059627056,0.0,0.11829464137554169
6523,9.28018955164589e-05,0.006008386984467507,0.00741902207955718,0.029171762987971306,0.0,0.007455135695636272,0.0,0.11826284974813461
6524,0.00010169940505875275,0.006196787301450968,0.00773141086101532,0.028643273189663886,0.0,0.007409375160932541,0.0,0.11824575811624527
6525,9.665957768447697e-05,0.006292254198342562,0.007962096482515335,0.029422825202345848,0.0,0.007366103120148182,0.0,0.11823946237564087
6526,0.00010074454767163842,0.006098755542188883,0.007943295873701572,0.02821974754333496,0.0,0.007331167813390493,0.0,0.11823689937591553
6527,8.839724614517763e-05,0.006341119576245546,0.008007153030484914,0.02935274802148342,0.0,0.007299699820578098,0.0,0.11823590099811554
6528,8.898493251763284e-05,0.006043066643178463,0.008078034967184067,0.030072139203548433,0.0,0.0073442296124994755,0.0,0.11823644489049911
6529,9.283421240979806e-05,0.006282170582562685,0.007737599406391382,0.02849924601614475,0.0,0.007406249642372131,0.0,0.11822904646396637
6530,9.750175231602043e-05,0.006137832254171372,0.007476555276662111,0.028001684695482254,0.0,0.0074392519891262054,0.0,0.11822549998760223
6531,8.629160729469731e-05,0.006222080159932375,0.008089896105229855,0.029645240306854247,0.0,0.007445687893778086,0.0,0.11821621656417847
6532,9.481431916356087e-05,0.005965707916766405,0.00801028059795499,0.028840618208050728,0.0,0.007524959743022919,0.0,0.11822201311588287
6533,9.226567344740033e-05,0.0060889067128300665,0.007537262607365846,0.029512839019298555,0.0,0.007617831230163574,0.0,0.11823934316635132
6534,0.00010378521401435136,0.006037357822060585,0.007379264291375876,0.02922937646508217,0.0,0.007647963706403971,0.0,0.11823634058237076
6535,9.012276132125407e-05,0.006093112099915743,0.0077366304583847524,0.029480279237031937,0.0,0.007652725093066692,0.0,0.11822453886270523
6536,9.366370359202847e-05,0.0058380961418151855,0.007643392682075501,0.028508799523115157,0.0,0.0076907724142074585,0.0,0.11821083724498749
6537,8.991266804514453e-05,0.006142557132989168,0.007489838637411594,0.028476281836628915,0.0,0.007778382394462824,0.0,0.11820314824581146
6538,9.614475420676172e-05,0.006111404951661825,0.007556931208819151,0.029662762582302094,0.0,0.007842911407351494,0.0,0.1181960478425026
6539,9.624541271477938e-05,0.00613669129088521,0.007570989243686199,0.029335039854049682,0.0,0.007876348681747913,0.0,0.11819837987422943
6540,9.971937251975759e-05,0.005968255270272493,0.007389348745346069,0.029409341514110565,0.0,0.007849912159144878,0.0,0.11818293482065201
6541,9.42013764870353e-05,0.006179430242627859,0.007708119042217731,0.02925833612680435,0.0,0.007773058023303747,0.0,0.11817262321710587
6542,9.134587744483725e-05,0.006214349530637264,0.007900606095790862,0.029473059996962547,0.0,0.007674898952245712,0.0,0.11817588657140732
6543,9.444233437534421e-05,0.006130269542336464,0.007361257914453745,0.029270311817526817,0.0,0.007579417433589697,0.0,0.11816740036010742
6544,9.423131705261767e-05,0.0062656629830598835,0.007516775187104941,0.027736230567097665,0.0,0.007493702229112387,0.0,0.11817274242639542
6545,9.761088440427557e-05,0.006078280322253704,0.007421385589987039,0.029848909005522728,0.0,0.007423059549182653,0.0,0.11818639189004898
6546,0.00010014806903200225,0.005934051517397165,0.0071489294990897175,0.029022447392344476,0.0,0.007395073771476746,0.0,0.11820049583911896
6547,9.79595773969777e-05,0.005811706651002169,0.006981032341718674,0.028780147060751916,0.0,0.007397291716188192,0.0,0.11823459714651108
6548,9.591501293471083e-05,0.00617992589250207,0.007606559433043003,0.02821270637214184,0.0,0.007417033426463604,0.0,0.11826977878808975
6549,0.0001018922048388049,0.006147448625415564,0.0071678380481898785,0.029064052924513816,0.0,0.007493781391531229,0.0,0.11830766499042511
6550,0.000101674378674943,0.006096045579761266,0.007680652663111687,0.029121603071689605,0.0,0.00753528019413352,0.0,0.11832650005817413
6551,0.00010495937749510631,0.006206038221716881,0.007496344950050115,0.02739965282380581,0.0,0.007525099907070398,0.0,0.11835181713104248
6552,9.831024653976783e-05,0.005989457666873932,0.007823558151721954,0.02830405831336975,0.0,0.007494735531508923,0.0,0.11837401241064072
6553,0.00010146293643629179,0.006030174437910318,0.007375058997422457,0.029442713409662247,0.0,0.007447830401360989,0.0,0.11836488544940948
6554,0.00010459886398166418,0.006127454806119204,0.007687406055629254,0.02781965397298336,0.0,0.0073999883607029915,0.0,0.118360236287117
6555,0.00010634610953275114,0.005959346145391464,0.007456690818071365,0.029322023317217828,0.0,0.007448558695614338,0.0,0.11835166066884995
6556,9.016173717100174e-05,0.006225837953388691,0.007515826262533665,0.028860754892230035,0.0,0.007531116250902414,0.0,0.11834673583507538
6557,0.00010927346884272992,0.0060084272176027295,0.007325941976159811,0.028423040360212325,0.0,0.007587271276861429,0.0,0.1183522492647171
6558,9.648213890613987e-05,0.006189624406397342,0.007901757955551147,0.02878902442753315,0.0,0.007583140395581722,0.0,0.11834196001291275
6559,0.00010236523958155886,0.006064045056700706,0.007170251198112964,0.02741627171635628,0.0,0.0075403549708426,0.0,0.11832480132579803
6560,0.00010177770018344745,0.0061192034743726255,0.007334719505161047,0.029233658313751222,0.0,0.0074873738922178745,0.0,0.11830303817987442
6561,9.664589160820469e-05,0.006338541395962238,0.0074419429525733,0.028181789442896843,0.0,0.007429838180541992,0.0,0.11828070878982544
6562,9.230965079041198e-05,0.006004940625280142,0.007563249580562115,0.02942982241511345,0.0,0.007415998727083206,0.0,0.11826620995998383
6563,9.064497717190534e-05,0.006126056239008903,0.007314959168434143,0.029383666813373566,0.0,0.007435028441250324,0.0,0.1182541474699974
6564,0.00010151636524824426,0.00626552551984787,0.007396891992539167,0.02833493985235691,0.0,0.007481400854885578,0.0,0.11823785305023193
6565,9.612948197172955e-05,0.006010673195123673,0.007656743563711643,0.029839648678898812,0.0,0.007525508292019367,0.0,0.11823292076587677
6566,9.489298099651933e-05,0.006011807266622782,0.0074270590208470825,0.030402354523539545,0.0,0.007542738225311041,0.0,0.11823634803295135
6567,9.926238999469206e-05,0.006363727152347565,0.007610496040433646,0.02909148521721363,0.0,0.007515802048146725,0.0,0.1182572990655899
6568,0.0001070502374204807,0.00609027361497283,0.007521271333098411,0.029507433623075487,0.0,0.007481008768081665,0.0,0.11828384548425674
6569,9.023100865306333e-05,0.006044932268559932,0.007707013934850693,0.02807116396725178,0.0,0.007448234595358372,0.0,0.11829651892185211
6570,9.337787341792136e-05,0.006134079024195671,0.007311909645795822,0.028188541159033777,0.0,0.007413251791149378,0.0,0.11831138283014297
6571,0.00010173449845751747,0.006066294480115175,0.0071329684928059574,0.029610487446188927,0.0,0.007386898156255484,0.0,0.11831985414028168
6572,9.880085708573461e-05,0.006055719684809446,0.007272008527070284,0.029348230734467507,0.0,0.007412501610815525,0.0,0.11830844730138779
6573,9.81801509624347e-05,0.006051661912351847,0.007328822370618581,0.029460510611534117,0.0,0.007473149336874485,0.0,0.11830488592386246
6574,0.0001004864665446803,0.006154969055205584,0.007392036449164152,0.02902980223298073,0.0,0.007597681134939194,0.0,0.11830580234527588
6575,9.312657202826813e-05,0.006130345538258553,0.007284091599285602,0.029176812246441843,0.0,0.007676553912460804,0.0,0.11830601841211319
6576,9.352202323498204e-05,0.006062196847051382,0.007254740037024021,0.029532532021403313,0.0,0.007687204517424107,0.0,0.11830785125494003
6577,9.049257641891018e-05,0.0061085839755833145,0.007367183640599251,0.02837563566863537,0.0,0.007671368308365345,0.0,0.11831940710544586
6578,9.017744450829923e-05,0.006213625986129045,0.007569991145282983,0.029293621331453322,0.0,0.007678274996578693,0.0,0.11833611875772476
6579,8.696477307239548e-05,0.005948581453412771,0.007346574775874614,0.03025755286216736,0.0,0.0076982565224170685,0.0,0.11835546791553497
6580,9.889558277791366e-05,0.006182325724512339,0.00798417991027236,0.02913924939930439,0.0,0.007681860588490963,0.0,0.11838553100824356
6581,0.00010175819770665839,0.006259875185787678,0.007249280530959368,0.02887118197977543,0.0,0.007661197334527969,0.0,0.11841785907745361
6582,9.615499438950792e-05,0.006213258020579815,0.007512546610087156,0.029360094293951988,0.0,0.007719517685472965,0.0,0.11842884868383408
6583,8.919172832975165e-05,0.006398558337241411,0.007358137052506208,0.02765042893588543,0.0,0.007810869254171848,0.0,0.1184300035238266
6584,9.331934270448983e-05,0.006037466879934073,0.007561403047293425,0.028154200688004494,0.0,0.007873769849538803,0.0,0.11843234300613403
6585,0.00010291492362739519,0.006153527088463307,0.0077288028784096244,0.028785275295376778,0.0,0.007925203070044518,0.0,0.11842093616724014
6586,9.366800513816997e-05,0.0063041018322110174,0.007167924847453833,0.028193353116512297,0.0,0.007950854487717152,0.0,0.11841116100549698
6587,9.831669740378857e-05,0.006157356221228838,0.007450832892209292,0.02840293198823929,0.0,0.007953422144055367,0.0,0.11838613450527191
6588,0.00010884039802476764,0.006315601337701082,0.007260254584252834,0.028965816274285315,0.0,0.007933535613119602,0.0,0.11835535615682602
6589,9.872341906884685e-05,0.005922835785895586,0.007084651943296194,0.027907869964838027,0.0,0.007892323657870293,0.0,0.11833216995000839
6590,9.399694827152416e-05,0.0061251834034919735,0.007062646560370922,0.028184950351715088,0.0,0.007817351259291172,0.0,0.1183161735534668
6591,0.0001019436153001152,0.0062582666985690595,0.007393161207437516,0.02929967939853668,0.0,0.007725509814918041,0.0,0.11830765008926392
6592,9.690893057268113e-05,0.006087007652968168,0.007270152308046817,0.02942209057509899,0.0,0.007669463753700256,0.0,0.11829297244548798
6593,9.452502854401246e-05,0.00597232086583972,0.007368856202811002,0.028346530720591546,0.0,0.007634367793798447,0.0,0.11829127371311188
6594,0.00010054465237772093,0.006249517761170864,0.007151536364108324,0.03022993616759777,0.0,0.007596259471029043,0.0,0.11829540878534317
6595,0.0001012123335385695,0.0061316385865211485,0.007266897056251764,0.02902752347290516,0.0,0.007571457885205746,0.0,0.11831076443195343
6596,9.69619519310072e-05,0.006218571029603481,0.007167677860707045,0.02859102487564087,0.0,0.007530284114181995,0.0,0.11832436174154282
6597,9.843987791100517e-05,0.006247063726186752,0.007381767127662897,0.027985402569174766,0.0,0.007469777017831802,0.0,0.11832870543003082
6598,9.411920182174071e-05,0.0062484643422067165,0.007391266338527202,0.029060215502977372,0.0,0.007417839951813221,0.0,0.11834615468978882
6599,9.06476896489039e-05,0.006235732417553663,0.007606249395757913,0.02906989902257919,0.0,0.00741223618388176,0.0,0.11834307760000229
6600,0.00010138473444385455,0.00630752369761467,0.007668065000325441,0.02844746336340904,0.0,0.007393887732177973,0.0,0.11834988743066788
6601,9.47174645261839e-05,0.006121283397078514,0.0077865106984972956,0.02752911448478699,0.0,0.007333040237426758,0.0,0.11835559457540512
6602,9.857034892775118e-05,0.005848588980734348,0.007393815647810697,0.027559366077184677,0.0,0.007253491785377264,0.0,0.11834132671356201
6603,9.589917754055932e-05,0.006018025800585747,0.008116731606423854,0.027692773938179018,0.0,0.0071724774315953255,0.0,0.11832554638385773
6604,9.432398219360039e-05,0.006238141283392906,0.007424387708306312,0.028788501024246217,0.0,0.007098586764186621,0.0,0.11831365525722504
6605,9.577806195011362e-05,0.005945612210780382,0.0072891351766884325,0.029516946524381638,0.0,0.007076822221279144,0.0,0.11832223832607269
6606,9.964985802071168e-05,0.006261758133769035,0.007768834382295609,0.030448513105511665,0.0,0.007098044268786907,0.0,0.11834857612848282
6607,9.093067055800929e-05,0.006142727192491293,0.007558486331254244,0.029919426888227463,0.0,0.007229169365018606,0.0,0.1183537021279335
6608,9.772932535270228e-05,0.00599075024947524,0.007280272338539362,0.02916516363620758,0.0,0.007406300865113735,0.0,0.11835037171840668
6609,9.82016499619931e-05,0.006062540598213673,0.007104978710412979,0.0292567890137434,0.0,0.007558817509561777,0.0,0.11835277080535889
6610,9.948582155629992e-05,0.005990696512162686,0.006950520910322666,0.029571451619267462,0.0,0.0076577672734856606,0.0,0.11836092174053192
6611,9.620395139791072e-05,0.005910422001034021,0.007707076240330934,0.02864347882568836,0.0,0.007674485445022583,0.0,0.11838167905807495
6612,9.082346223294735e-05,0.006241187825798989,0.007598910387605429,0.029181693494319916,0.0,0.007628188468515873,0.0,0.11839045584201813
6613,0.00010380659514339641,0.0059348042123019695,0.007386022992432117,0.02775685153901577,0.0,0.007576330564916134,0.0,0.11837242543697357
6614,9.768919262569398e-05,0.0060329361818730835,0.007436818443238735,0.02968413420021534,0.0,0.007566024549305439,0.0,0.11837742477655411
6615,0.00010132876632269472,0.006103506404906511,0.007111527863889933,0.02863481417298317,0.0,0.007575448602437973,0.0,0.11840230226516724
6616,9.27740809856914e-05,0.0059594930149614814,0.007422038447111845,0.029234084114432336,0.0,0.007557449396699667,0.0,0.11842341721057892
6617,8.776106842560694e-05,0.006219196133315563,0.007208810001611709,0.029097859188914298,0.0,0.0075180246494710445,0.0,0.11843939125537872
6618,9.562705236021429e-05,0.0061885640025138855,0.006984992418438196,0.02870405986905098,0.0,0.0074512409046292305,0.0,0.11845799535512924
6619,9.329463937319815e-05,0.006235424429178238,0.007445694226771593,0.028449754789471628,0.0,0.007391142658889294,0.0,0.11846204847097397
6620,9.654761088313535e-05,0.006369915883988142,0.007255601603537798,0.028812985494732858,0.0,0.007357368711382151,0.0,0.11845535039901733
6621,0.000105941436777357,0.006429853662848472,0.006869411841034889,0.030202192440629005,0.0,0.0074460143223404884,0.0,0.1184425950050354
6622,0.00010235443915007636,0.006106875371187925,0.007545966096222401,0.028808074817061425,0.0,0.007673004176467657,0.0,0.11845338344573975
6623,9.690727019915358e-05,0.0060279321856796745,0.0074063284322619435,0.02944665215909481,0.0,0.007826506160199642,0.0,0.11847810447216034
6624,9.279552905354649e-05,0.006068613100796938,0.007049482129514217,0.02833915166556835,0.0,0.007879430428147316,0.0,0.11850588023662567
6625,9.240921644959599e-05,0.005946543719619513,0.007236710656434298,0.028815512359142304,0.0,0.007863117381930351,0.0,0.1185237392783165
6626,9.895688999677077e-05,0.005895710363984108,0.007513310108333826,0.028226258233189583,0.0,0.007833811454474926,0.0,0.11852474510669708
6627,0.00010038119507953525,0.006204666011035443,0.007301927171647548,0.029397618770599366,0.0,0.0077940551564097404,0.0,0.11850850284099579
6628,0.00010085376852657646,0.006247765943408012,0.007049618382006883,0.028211577981710433,0.0,0.0077231265604496,0.0,0.11849690973758698
6629,9.108950762310996e-05,0.006080542970448732,0.007437941711395979,0.030096087977290152,0.0,0.007650952786207199,0.0,0.11851172149181366
6630,0.00010160172532778234,0.006124861165881157,0.007108924072235822,0.029797159880399705,0.0,0.007593876216560602,0.0,0.11852206289768219
6631,0.00010555811459198595,0.006129759643226862,0.007759775128215551,0.028455380350351334,0.0,0.007569244597107172,0.0,0.11852648109197617
6632,9.637703478801996e-05,0.006245579477399588,0.007299710344523191,0.02817228399217129,0.0,0.007548435591161251,0.0,0.11852147430181503
6633,0.00010380522871855646,0.006150560174137354,0.007539422903209925,0.027788113057613372,0.0,0.0075201066210865974,0.0,0.11850255727767944
6634,0.00010030219273176044,0.006136056501418352,0.007327286433428526,0.029810461029410363,0.0,0.007495247758924961,0.0,0.11847557872533798
6635,0.00010034364240709692,0.006120480783283711,0.00739811584353447,0.029285698384046554,0.0,0.007501800544559956,0.0,0.11845378577709198
6636,9.6333037072327e-05,0.006047326326370239,0.007577578630298376,0.028319914638996125,0.0,0.007512717507779598,0.0,0.1184404268860817
6637,9.931544918799773e-05,0.006052346620708704,0.00714469151571393,0.028173592314124106,0.0,0.007496396545320749,0.0,0.11843208968639374
6638,9.966433135559783e-05,0.006041012611240149,0.007494552806019783,0.028927562385797502,0.0,0.007446967996656895,0.0,0.11841794103384018
6639,9.122849878622219e-05,0.006243992689996957,0.007565807737410069,0.029005943238735198,0.0,0.007397442124783993,0.0,0.11841364949941635
6640,0.00010036627936642617,0.006048391293734312,0.007436053920537233,0.02942586801946163,0.0,0.0074460627511143684,0.0,0.11842446029186249
6641,0.0001074453757610172,0.006060301605612039,0.00744992783293128,0.028764633461833,0.0,0.0076083107851445675,0.0,0.11843772232532501
6642,0.0001013556175166741,0.006148366443812847,0.007454194687306881,0.02894621454179287,0.0,0.007741357199847698,0.0,0.11843911558389664
6643,0.00010399448365205899,0.006081164814531803,0.007268023118376732,0.029689078405499458,0.0,0.00782712735235691,0.0,0.11843578517436981
6644,8.892911864677444e-05,0.006224195472896099,0.006908696424216032,0.028896354883909226,0.0,0.007836610078811646,0.0,0.11841998249292374
6645,9.366999729536474e-05,0.006184405926615,0.007076247222721576,0.027690063044428826,0.0,0.007791520096361637,0.0,0.11841341108083725
6646,9.823730069911108e-05,0.006067109014838934,0.007524864282459021,0.02906714230775833,0.0,0.007734260056167841,0.0,0.1184096559882164
6647,0.0001071833583409898,0.006203589960932732,0.007561452686786652,0.02783193252980709,0.0,0.007661448325961828,0.0,0.1183982715010643
6648,9.80956931016408e-05,0.006331459153443575,0.007370796985924244,0.029417647048830986,0.0,0.007627211511135101,0.0,0.11837615072727203
6649,9.991439437726513e-05,0.006112765427678824,0.007354316860437393,0.028306400030851366,0.0,0.007603009231388569,0.0,0.11836179345846176
6650,9.695983753772452e-05,0.006084839999675751,0.0069317776709794995,0.027446980029344557,0.0,0.0075650387443602085,0.0,0.11835058778524399
6651,9.695958433439956e-05,0.006361184548586607,0.007147540338337421,0.028828585147857667,0.0,0.007574381772428751,0.0,0.11834366619586945
6652,0.00010133319883607328,0.006094366870820522,0.006770417373627424,0.029648160189390184,0.0,0.007629846688359976,0.0,0.11833027750253677
6653,9.28881810978055e-05,0.005912835337221622,0.007432529330253601,0.029130494222044945,0.0,0.007662562187761068,0.0,0.11831305176019669
6654,9.397998655913398e-05,0.00608096681535244,0.007432514429092407,0.028426775336265565,0.0,0.007642857730388641,0.0,0.1182980164885521
6655,0.00010233974462607876,0.006187988724559545,0.00783014427870512,0.028142450749874114,0.0,0.007592604961246252,0.0,0.1182837039232254
6656,0.00010375699639553204,0.006441585067659616,0.007468645088374614,0.02806544415652752,0.0,0.007548692636191845,0.0,0.1182837262749672
6657,9.024095052154735e-05,0.006212783511728048,0.0072054251097142695,0.028582958877086638,0.0,0.00750407949090004,0.0,0.11828877776861191
6658,0.00010112045856658369,0.0060831038281321526,0.007526814192533493,0.02904534712433815,0.0,0.007456527557224035,0.0,0.11830008029937744
6659,0.00010141260572709143,0.006194517947733402,0.007371674850583076,0.02820175364613533,0.0,0.0074141984805464745,0.0,0.11832068860530853
6660,9.145558724412694e-05,0.0063349676318466665,0.007677364815026522,0.02799002155661583,0.0,0.007362131029367447,0.0,0.11833757162094116
6661,9.058821015059949e-05,0.00611120667308569,0.007670593541115522,0.028428497910499572,0.0,0.007299586199223995,0.0,0.11834807693958282
6662,9.39589983318001e-05,0.006033088453114033,0.006835466902703047,0.02930929958820343,0.0,0.007249264512211084,0.0,0.11834178119897842
6663,9.203958761645481e-05,0.006089129392057658,0.007404708117246628,0.028030550479888915,0.0,0.007199591491371393,0.0,0.11834204196929932
6664,9.627361432649196e-05,0.006288276333361864,0.007690154854208231,0.029043588042259216,0.0,0.007213601376861334,0.0,0.11834810674190521
6665,9.080298186745495e-05,0.00620201351121068,0.007264862116426229,0.028851249441504478,0.0,0.007289672736078501,0.0,0.1183524951338768
6666,9.174201550194993e-05,0.00667642205953598,0.007770293671637773,0.029205459356307983,0.0,0.007376483175903559,0.0,0.11836022138595581
6667,0.00010079689818667247,0.006186298187822103,0.007157741114497185,0.02995016984641552,0.0,0.007637849543243647,0.0,0.1183868870139122
6668,0.00010369897354394198,0.006181662902235985,0.007465152628719806,0.028998024016618728,0.0,0.007971841841936111,0.0,0.11841841787099838
6669,0.0001000448246486485,0.006159466784447431,0.007695717737078667,0.028610729798674583,0.0,0.008176584728062153,0.0,0.11843748390674591
6670,0.00010947347618639469,0.005910598393529654,0.007944963034242391,0.028419162333011627,0.0,0.00824483297765255,0.0,0.11842413246631622
6671,9.697668283479289e-05,0.0060627656057477,0.007674610055983066,0.028937163576483727,0.0,0.00822015106678009,0.0,0.11840786039829254
6672,9.435175161343068e-05,0.006003974750638008,0.007835068739950657,0.029344703629612924,0.0,0.008152531459927559,0.0,0.11840562522411346
6673,0.00010503956873435527,0.00629666792228818,0.007336126361042261,0.029262732714414597,0.0,0.008105006068944931,0.0,0.1184256449341774
6674,8.461568650091067e-05,0.006220678985118866,0.007822291273623706,0.02847534716129303,0.0,0.00818290002644062,0.0,0.11844964325428009
6675,9.529053641017526e-05,0.00611227136105299,0.007522278837859631,0.02710040397942066,0.0,0.008395825512707233,0.0,0.11846867948770523
6676,9.703442046884447e-05,0.006078498810529709,0.007432428095489741,0.027899426594376563,0.0,0.008609717711806297,0.0,0.1184711679816246
6677,0.00010281943395966664,0.005906741973012686,0.007500071544200182,0.028586720302700996,0.0,0.008713832125067711,0.0,0.1184682697057724
6678,0.00010109610302606597,0.005987044516950845,0.007823551166802644,0.02969462499022484,0.0,0.008731475099921227,0.0,0.1184697151184082
6679,0.00010004814394051209,0.006252740789204836,0.007608848251402378,0.02892654836177826,0.0,0.008733181282877922,0.0,0.11847780644893646
6680,0.00010522241209400817,0.006193468347191811,0.006904671713709831,0.027813754230737685,0.0,0.008702302351593971,0.0,0.11848175525665283
6681,9.555060678394512e-05,0.006218165718019008,0.007337877899408341,0.02820945270359516,0.0,0.008625510148704052,0.0,0.11848366260528564
6682,9.303875849582255e-05,0.006092888489365578,0.007401950377970934,0.02885071709752083,0.0,0.008514607325196266,0.0,0.11847947537899017
6683,9.859220153884962e-05,0.0059015916660428045,0.007032713107764721,0.029485562816262245,0.0,0.008377131074666977,0.0,0.11846873909235
6684,0.00010748045024229213,0.006122198700904846,0.00744641711935401,0.02927289567887783,0.0,0.008258093148469925,0.0,0.11844631284475327
6685,9.450614306842909e-05,0.006026169843971729,0.007091092877089977,0.02973385192453861,0.0,0.008150325156748295,0.0,0.11840758472681046
6686,9.816598176257685e-05,0.005990305915474892,0.00762672433629632,0.029582149535417556,0.0,0.008039139211177826,0.0,0.11840139329433441
6687,9.590645204298198e-05,0.006101994402706623,0.007327601034194231,0.030076014623045922,0.0,0.00791507214307785,0.0,0.11841867119073868
6688,8.926304872147739e-05,0.005939209181815386,0.007916884776204825,0.028360668942332266,0.0,0.007779894862323999,0.0,0.11841801553964615
6689,9.525843779556453e-05,0.006113276910036802,0.007780956104397774,0.029644671082496642,0.0,0.007656957022845745,0.0,0.1184171587228775
6690,0.00010177884541917592,0.006294795777648687,0.007380404323339462,0.02913191430270672,0.0,0.007580252829939127,0.0,0.11843212693929672
6691,0.00010175727074965835,0.006071227416396141,0.007194772642105818,0.029109513759613036,0.0,0.007526520639657974,0.0,0.11844637244939804
6692,9.23259198316373e-05,0.006086539290845394,0.007263711746782064,0.030156650021672247,0.0,0.007499317638576031,0.0,0.11845137178897858
6693,9.772792109288275e-05,0.0060509203001856806,0.007395425625145435,0.029579972848296165,0.0,0.007512209005653858,0.0,0.11846710741519928
6694,8.907922165235505e-05,0.006070088502019644,0.008097207359969615,0.027934200316667556,0.0,0.007513863034546375,0.0,0.11849558353424072
6695,9.770833130460233e-05,0.005990053899586201,0.007406317535787821,0.028435461968183518,0.0,0.0074789212085306644,0.0,0.11849170923233032
6696,9.108644735533744e-05,0.006168728973716497,0.00737081216648221,0.02968419939279556,0.0,0.007434515748172998,0.0,0.11849131435155869
6697,0.00010074019228341058,0.006130557879805565,0.007928329333662987,0.029584987089037895,0.0,0.007477167993783951,0.0,0.11851970106363297
6698,8.795474423095584e-05,0.006065317708998918,0.0071153643541038035,0.0287672258913517,0.0,0.007523448672145605,0.0,0.11855791509151459
6699,9.79988559265621e-05,0.006127618625760079,0.00736735574901104,0.029090763255953788,0.0,0.007536996155977249,0.0,0.11857561022043228
6700,9.59740878897719e-05,0.006268962472677231,0.007711448892951012,0.03056851588189602,0.0,0.007520223967730999,0.0,0.11858981847763062
6701,9.230442956322804e-05,0.00596403144299984,0.007606308721005916,0.028829585760831833,0.0,0.007482324726879597,0.0,0.11860305070877075
6702,9.347886953037232e-05,0.0061702651903033255,0.008202925510704517,0.02923271767795086,0.0,0.007443828973919153,0.0,0.11860783398151398
6703,9.947428916348144e-05,0.0061841804534196855,0.008469638414680958,0.02792366109788418,0.0,0.007459445856511593,0.0,0.11862299591302872
6704,9.736448846524582e-05,0.00598340081050992,0.008199924137443304,0.029066259786486626,0.0,0.007492918521165848,0.0,0.1186232790350914
6705,0.0001057051820680499,0.005863967072218657,0.007794721145182848,0.029435237124562263,0.0,0.007524917367845774,0.0,0.11863084882497787
6706,9.974021377274766e-05,0.006105160806328058,0.007169966679066419,0.027601705119013786,0.0,0.007523791398853064,0.0,0.1186312586069107
6707,9.737751825014129e-05,0.006123637408018112,0.007900222297757864,0.028670401871204378,0.0,0.007493526674807072,0.0,0.1186237558722496
6708,9.456777479499578e-05,0.006024111621081829,0.007590705528855324,0.02770529016852379,0.0,0.00748853012919426,0.0,0.11861097812652588
6709,9.32506241952069e-05,0.006032455433160067,0.007374314684420824,0.029041556268930437,0.0,0.007499604020267725,0.0,0.11859556287527084
6710,9.18338424526155e-05,0.006123462412506342,0.007227026112377644,0.027908705174922943,0.0,0.007487988565117121,0.0,0.11859621852636337
6711,9.171892743324861e-05,0.006117641646414995,0.0072586447931826115,0.029287532716989518,0.0,0.007477656006813049,0.0,0.11861322075128555
6712,9.370547340949997e-05,0.006024486012756824,0.006813619844615459,0.02934180721640587,0.0,0.007489870302379131,0.0,0.11862945556640625
6713,9.509923547739163e-05,0.006133275479078293,0.007250951509922743,0.02964380830526352,0.0,0.007512579672038555,0.0,0.11864595115184784
6714,9.24693449633196e-05,0.006214656587690115,0.007370040658861399,0.029267890751361846,0.0,0.007504393346607685,0.0,0.1186584010720253
6715,9.446594631299377e-05,0.005862118024379015,0.0069511462934315205,0.028456392139196394,0.0,0.0074622416868805885,0.0,0.11865992844104767
6716,9.43916937103495e-05,0.0061849232763051985,0.007375326100736856,0.029636158794164657,0.0,0.007433687802404165,0.0,0.1186707466840744
6717,9.384498407598585e-05,0.006166496593505144,0.007273809146136045,0.02943083196878433,0.0,0.007469466421753168,0.0,0.11867503076791763
6718,9.936364949680865e-05,0.006023986265063286,0.0071548747830092905,0.028908590972423553,0.0,0.007507112808525562,0.0,0.11866269260644913
6719,9.920882439473644e-05,0.0060961228795349594,0.007285283599048853,0.029647372663021088,0.0,0.007511286996304989,0.0,0.11864648759365082
6720,0.00010236449743388221,0.005891917366534471,0.006843485962599516,0.029039204120635986,0.0,0.007497064769268036,0.0,0.11862708628177643
6721,9.862521692411974e-05,0.0060937898233532906,0.007265998050570488,0.028541147708892822,0.0,0.007480061613023281,0.0,0.11860710382461548
6722,0.00010248833423247561,0.006138378847390413,0.0071562275290489195,0.029472846910357474,0.0,0.0074838087894022465,0.0,0.11860504001379013
6723,9.633295267121866e-05,0.006061437353491783,0.007240907568484545,0.029361183941364288,0.0,0.007474103011190891,0.0,0.11858711391687393
6724,0.00010149520967388526,0.0059728256426751615,0.006772612500935793,0.029993737861514092,0.0,0.007434964179992676,0.0,0.1185687780380249
6725,9.38564378884621e-05,0.006215286161750555,0.007362637016922235,0.02792540453374386,0.0,0.007377476431429386,0.0,0.11854735761880875
6726,9.847139735938982e-05,0.0058737644925713536,0.007639245223253965,0.029688728600740434,0.0,0.007381835021078587,0.0,0.1185297816991806
6727,9.472245001234114e-05,0.006073522008955478,0.006664430908858776,0.0283145472407341,0.0,0.007432547397911549,0.0,0.11852214485406876
6728,9.420713176950812e-05,0.006331893149763346,0.007441656850278378,0.029479968547821044,0.0,0.007486867718398571,0.0,0.118522509932518
6729,9.163409267785028e-05,0.006221974454820156,0.007186414580792189,0.029920801147818567,0.0,0.007506681140512228,0.0,0.1185297966003418
6730,9.201379580190406e-05,0.0061113666743040085,0.007588203530758619,0.028965063393115997,0.0,0.007491059601306915,0.0,0.11852344125509262
6731,9.645649406593293e-05,0.006127036176621914,0.007610923424363136,0.028857759758830072,0.0,0.007445639930665493,0.0,0.11851056665182114
6732,9.458230779273436e-05,0.006383108254522085,0.007476836629211903,0.028325030207633974,0.0,0.007388038095086813,0.0,0.11849460750818253
6733,0.0001014019493595697,0.006029883772134781,0.007089900225400925,0.0285574559122324,0.0,0.00738323200494051,0.0,0.11849430948495865
6734,9.835271193878726e-05,0.006289692595601082,0.007231161743402481,0.02990063391625881,0.0,0.0074831647798419,0.0,0.11848471313714981
6735,0.00010113018215633929,0.006085018441081047,0.007262094132602215,0.029423053190112115,0.0,0.007598159369081259,0.0,0.11846403777599335
6736,0.00010488387488294393,0.005985144339501858,0.007417792547494173,0.02918834388256073,0.0,0.007658173330128193,0.0,0.11845318228006363
6737,9.843497537076473e-05,0.006375737022608519,0.006769773922860623,0.029279464110732078,0.0,0.007707219570875168,0.0,0.1184401884675026
6738,0.0001000878561171703,0.006463781464844942,0.007328324392437935,0.028681958094239235,0.0,0.007885120809078217,0.0,0.11842308193445206
6739,9.282194660045206e-05,0.0061326099559664725,0.007786078657954931,0.02732050009071827,0.0,0.008115654811263084,0.0,0.11841579526662827
6740,9.128165256697685e-05,0.006115377508103847,0.007773950230330229,0.027562856674194336,0.0,0.008238384500145912,0.0,0.11842101812362671
6741,9.574377036187798e-05,0.006157148815691471,0.007602138072252273,0.03013906069099903,0.0,0.008275370113551617,0.0,0.11841706186532974
6742,0.00010060179047286511,0.00616462454199791,0.0076277609914541245,0.028267831727862357,0.0,0.008261771872639656,0.0,0.11840824037790298
6743,9.222471562679857e-05,0.006114610750228166,0.007944211270660162,0.02855505645275116,0.0,0.008189256303012371,0.0,0.11839717626571655
6744,9.80660886853002e-05,0.006123613752424717,0.0073994043283164505,0.028529177606105804,0.0,0.008092578500509262,0.0,0.11841758340597153
6745,9.631629800423979e-05,0.0062026380561292175,0.007272938173264265,0.029337047785520553,0.0,0.008009170182049274,0.0,0.11842449754476547
6746,9.708728175610304e-05,0.005974675994366407,0.007368627749383449,0.02917073778808117,0.0,0.007996374741196632,0.0,0.1184316873550415
6747,9.171395358862356e-05,0.006075788848102092,0.007772392407059669,0.02905636541545391,0.0,0.008006575517356396,0.0,0.11843712627887726
6748,9.458676940994337e-05,0.006013509165495634,0.00763412369415164,0.027696722745895387,0.0,0.008069323375821114,0.0,0.11842817068099976
6749,9.05821128981188e-05,0.0062474488280713555,0.007537745963782072,0.028070778399705888,0.0,0.008113367483019829,0.0,0.11841694265604019
6750,9.56286399741657e-05,0.006024328619241714,0.00725321164354682,0.02841959595680237,0.0,0.008112238720059395,0.0,0.11840798705816269
6751,0.00010394960117992014,0.006292078178375959,0.0077434896491467954,0.030320797115564346,0.0,0.008092870935797691,0.0,0.11839807033538818
6752,8.897043881006539e-05,0.006456213817000389,0.007444160152226686,0.029313145950436593,0.0,0.008086035028100014,0.0,0.11839248239994049
6753,9.80258802883327e-05,0.006210681051015854,0.007482672203332185,0.02915068604052067,0.0,0.008084574714303017,0.0,0.11838635057210922
6754,9.627498657209799e-05,0.0061351553536951545,0.008177074790000915,0.027782341837882994,0.0,0.008029282093048096,0.0,0.11837975680828094
6755,9.723820112412795e-05,0.006211118027567864,0.007922001369297504,0.02960803471505642,0.0,0.007948903366923332,0.0,0.1183985248208046
6756,0.0001009426050586626,0.005968282744288444,0.007485511433333159,0.028460651636123657,0.0,0.007894319482147694,0.0,0.11842022091150284
6757,9.555110591463745e-05,0.00598760386928916,0.007774870377033949,0.029882388561964034,0.0,0.007831939496099949,0.0,0.11841250956058502
6758,0.0001023976452415809,0.006492262426763773,0.007690760120749473,0.029544628411531448,0.0,0.007750283926725388,0.0,0.11839339882135391
6759,0.00010127189307240769,0.006099576037377119,0.007376283779740334,0.02827376164495945,0.0,0.007678586058318615,0.0,0.11836791038513184
6760,9.47868189541623e-05,0.006207133829593659,0.007494065538048744,0.02818737141788006,0.0,0.007605305407196283,0.0,0.11834986507892609
6761,9.576245793141425e-05,0.006308421492576599,0.007846847735345363,0.02920908182859421,0.0,0.007589241955429316,0.0,0.11834126710891724
6762,9.723411349114031e-05,0.006166168209165335,0.007634489610791206,0.030637897178530694,0.0,0.0076950592920184135,0.0,0.11833784729242325
6763,0.0001023718054057099,0.00618945537135005,0.006435786373913288,0.030640332400798796,0.0,0.007853375747799873,0.0,0.11833548545837402
6764,9.385913726873696e-05,0.006115596368908882,0.007156229671090841,0.028608843684196472,0.0,0.007967958226799965,0.0,0.11835161596536636
6765,9.90089523838833e-05,0.006253297813236714,0.0071355804800987245,0.02847222052514553,0.0,0.007997431792318821,0.0,0.11836965382099152
6766,9.499117877567186e-05,0.006197602953761816,0.007522377092391253,0.02864406332373619,0.0,0.007964449003338814,0.0,0.11835642158985138
6767,9.460253058932722e-05,0.00611317316070199,0.00781642496585846,0.028713091835379602,0.0,0.007947270758450031,0.0,0.118352971971035
6768,9.119822643697262e-05,0.006093128770589829,0.007309536170214415,0.028392549231648447,0.0,0.007946931757032871,0.0,0.11835762113332748
6769,0.00010320669825887307,0.0061561080627143385,0.00739875677973032,0.028178611770272255,0.0,0.007912963628768921,0.0,0.11834301799535751
6770,9.756129875313491e-05,0.006215367000550032,0.00705181984230876,0.02818913944065571,0.0,0.007837554439902306,0.0,0.11832938343286514
6771,9.997829038184136e-05,0.005951246898621321,0.007458589226007462,0.028146902471780776,0.0,0.0077562155202031136,0.0,0.11832070350646973
6772,9.702801326056942e-05,0.0060203390195965765,0.007725412864238024,0.028754227608442307,0.0,0.007682146970182657,0.0,0.11831285804510117
6773,0.0001085980169591494,0.006002089101821184,0.00708380825817585,0.028984128311276437,0.0,0.0075969211757183075,0.0,0.1182984858751297
6774,8.870093006407842e-05,0.006286395993083715,0.007533297687768936,0.029887158423662186,0.0,0.007503241300582886,0.0,0.11828366667032242
6775,0.00010228471073787659,0.006240711733698845,0.007407830283045769,0.02916531041264534,0.0,0.007449072785675526,0.0,0.11827538907527924
6776,9.902832534862682e-05,0.006204896047711373,0.007816518284380436,0.027976062893867493,0.0,0.00746498629450798,0.0,0.1182747334241867
6777,9.722430258989334e-05,0.006050586886703968,0.007315913215279579,0.0287448026239872,0.0,0.007475243415683508,0.0,0.11827857792377472
6778,9.442171722184867e-05,0.006173690780997276,0.0077888606116175655,0.02746620811522007,0.0,0.007474931888282299,0.0,0.11827057600021362
6779,9.647109109209851e-05,0.006099350471049547,0.007675188593566418,0.028244532644748688,0.0,0.007446034345775843,0.0,0.11824939399957657
6780,9.88755127764307e-05,0.006179127190262079,0.007264718227088451,0.028643161803483964,0.0,0.007389882113784552,0.0,0.11823932826519012
6781,8.900565590010955e-05,0.006302235834300518,0.007743671350181103,0.02870599925518036,0.0,0.007408978883177042,0.0,0.11823225021362305
6782,0.00010308227210771292,0.00610082084313035,0.007996158301830291,0.02935115396976471,0.0,0.007529794238507748,0.0,0.11823315918445587
6783,9.793876379262655e-05,0.005912987515330315,0.0077738694846630095,0.029885510355234145,0.0,0.007613041903823614,0.0,0.11824673414230347
6784,9.346148872282355e-05,0.006033845245838165,0.007373463548719883,0.02965497672557831,0.0,0.007638447917997837,0.0,0.11824866384267807
6785,9.076900023501367e-05,0.0063728044740855696,0.007483337633311748,0.030672673135995865,0.0,0.007625213358551264,0.0,0.11823101341724396
6786,0.0001020244977553375,0.006184909958392382,0.007161439955234527,0.02960328906774521,0.0,0.007624422200024128,0.0,0.11824776977300644
6787,9.513814438832924e-05,0.006093217339366674,0.007502624671906233,0.03023209609091282,0.0,0.007635300513356924,0.0,0.11827440559864044
6788,9.164450893877074e-05,0.006213949713855982,0.007869203574955463,0.02822623811662197,0.0,0.007623113691806793,0.0,0.11830084025859833
6789,9.554691350786016e-05,0.005986256804317236,0.007438818644732237,0.027644225955009462,0.0,0.00761370500549674,0.0,0.11831575632095337
6790,9.561511978972703e-05,0.006321957707405091,0.0075216258876025675,0.029861713573336602,0.0,0.007593621499836445,0.0,0.11830471456050873
6791,9.059253497980534e-05,0.006260576285421848,0.007554997503757477,0.028117243945598603,0.0,0.007558279670774937,0.0,0.11831041425466537
6792,9.398774127475918e-05,0.006070748437196016,0.007538604084402323,0.027991057932376863,0.0,0.007549752481281757,0.0,0.1183207780122757
6793,9.757542284205556e-05,0.006030634138733148,0.007206719741225243,0.02758919447660446,0.0,0.007597976364195347,0.0,0.11830215156078339
6794,9.490421798545867e-05,0.006094498187303543,0.0070221490226686,0.028679190203547478,0.0,0.00764478649944067,0.0,0.11828146129846573
6795,9.589604887878522e-05,0.006169134564697742,0.007221623323857784,0.029471759870648383,0.0,0.0076495022512972355,0.0,0.1182711273431778
6796,0.0001020993062411435,0.006128979008644819,0.0074256336316466335,0.02871127687394619,0.0,0.0076217628084123135,0.0,0.11828851699829102
6797,0.00010212770139332861,0.006150120217353105,0.007490039244294167,0.03019019290804863,0.0,0.0075713396072387695,0.0,0.11831921339035034
6798,8.842986426316202e-05,0.006290441192686558,0.007645730301737786,0.028555427491664887,0.0,0.007519367150962353,0.0,0.11835795640945435
6799,0.00010028730321209878,0.0060881517827510835,0.007337511330842972,0.029703464731574057,0.0,0.00750640407204628,0.0,0.11836650222539902
6800,9.338242671219632e-05,0.00623199725523591,0.007699033990502357,0.027722556516528128,0.0,0.007512341253459454,0.0,0.11838473379611969
6801,9.668144775787368e-05,0.005975919682532549,0.007746838871389628,0.030417881160974502,0.0,0.007497509475797415,0.0,0.11839345842599869
6802,9.199763153446838e-05,0.006112893670797348,0.0075909668579697605,0.029814910143613815,0.0,0.007459415588527918,0.0,0.11840005218982697
6803,9.59875833359547e-05,0.006120363064110279,0.007654337119311095,0.029151291772723197,0.0,0.007432346697896719,0.0,0.11840648949146271
6804,8.862433314789086e-05,0.00599384605884552,0.007408859301358461,0.02846555970609188,0.0,0.007461777422577143,0.0,0.11839769780635834
6805,0.00010327533818781376,0.006082075927406549,0.007472358923405409,0.028000202775001527,0.0,0.0075333816930651665,0.0,0.11837635934352875
6806,9.739250817801804e-05,0.005952366534620524,0.007921910565346479,0.029829154536128045,0.0,0.007569886744022369,0.0,0.1183590292930603
6807,0.00010271882347296923,0.006238526105880738,0.007519248034805059,0.029187582805752753,0.0,0.00756515096873045,0.0,0.11835171282291412
6808,0.00010035921150119975,0.006274937558919192,0.007405088189989329,0.029272406548261642,0.0,0.007536455988883972,0.0,0.11835543066263199
6809,9.933329420164227e-05,0.006050793360918761,0.006825762987136841,0.02923627756536007,0.0,0.0074919117614626884,0.0,0.11836476624011993
6810,0.0001021972086164169,0.006037523597478866,0.007035428658127785,0.030142592638731,0.0,0.0074471039697527885,0.0,0.11836123466491699
6811,9.346560400445015e-05,0.006187355797737837,0.0073378774337470535,0.02916467599570751,0.0,0.007402881048619747,0.0,0.11835797131061554
6812,9.161767084151507e-05,0.006150124128907919,0.007389398571103811,0.028135673329234123,0.0,0.007364450488239527,0.0,0.11835571378469467
6813,0.00010726802865974605,0.006225124932825565,0.007182167563587427,0.027783724293112756,0.0,0.007335199508816004,0.0,0.11833574622869492
6814,0.0001003825746010989,0.00625221598893404,0.007257642410695553,0.02898060865700245,0.0,0.007323975209146738,0.0,0.1183186024427414
6815,0.00011239379964536055,0.006189207918941975,0.007447306904941798,0.02888120338320732,0.0,0.007330800406634808,0.0,0.11831919103860855
6816,9.749355667736382e-05,0.006096521392464638,0.007303372304886579,0.028505115956068038,0.0,0.007332464214414358,0.0,0.11832968145608902
6817,0.00010232413187623024,0.006321410462260246,0.007453850656747818,0.027789046987891197,0.0,0.0073104663752019405,0.0,0.11833486706018448
6818,9.78770069195889e-05,0.00625281548127532,0.00743583282455802,0.030022207647562027,0.0,0.007286327891051769,0.0,0.11834188550710678
6819,9.789999021450057e-05,0.00618542181327939,0.0075282914564013485,0.028750759735703468,0.0,0.007323606871068478,0.0,0.11835242807865143
6820,9.589287365088239e-05,0.006097640097141266,0.007373736705631018,0.030501778423786163,0.0,0.007457776460796595,0.0,0.11837194114923477
6821,0.00010666725574992597,0.006176885962486267,0.007280681654810906,0.02808503285050392,0.0,0.007629170082509518,0.0,0.11840935796499252
6822,9.303400584030897e-05,0.006009631138294935,0.007516986690461636,0.02917117364704609,0.0,0.0077789463102817535,0.0,0.11843638122081757
6823,0.00010181028483202681,0.006166322994977236,0.007401599548757076,0.028467288613319396,0.0,0.007826339453458786,0.0,0.11844922602176666
6824,9.718890942167491e-05,0.0062055705115199086,0.007783773075789213,0.030363791808485984,0.0,0.007800024934113026,0.0,0.11845210939645767
6825,0.00010502785735297949,0.006094357278198004,0.007808872777968645,0.029166034236550332,0.0,0.0077395387925207615,0.0,0.11843999475240707
6826,9.731450554681942e-05,0.006003904808312655,0.007804916054010391,0.028430717810988427,0.0,0.007687471807003021,0.0,0.11844583600759506
6827,9.718367655295879e-05,0.0061423004604876045,0.007737110462039709,0.028626519069075585,0.0,0.007645481266081333,0.0,0.11846907436847687
6828,9.385327866766602e-05,0.006246429681777954,0.008284272998571396,0.0289627056568861,0.0,0.0075928024016320705,0.0,0.11850279569625854
6829,9.637962793931364e-05,0.006166426837444306,0.008059937972575426,0.027913377061486243,0.0,0.007517340127378702,0.0,0.11851876974105835
6830,9.115437278524041e-05,0.0061784106306731704,0.007390167377889156,0.029858892783522606,0.0,0.00746488431468606,0.0,0.11852312088012695
6831,0.00010086011898238211,0.006253406964242458,0.007988629303872586,0.027999886497855186,0.0,0.007421698421239853,0.0,0.11851026862859726
6832,9.837962425081059e-05,0.006185702420771122,0.007616139855235815,0.028757648169994356,0.0,0.007367771118879318,0.0,0.11848578602075577
6833,9.549602109473198e-05,0.006243187002837658,0.008064770326018333,0.028434548154473306,0.0,0.007335505448281765,0.0,0.11846919357776642
6834,9.136810404015705e-05,0.006102391425520182,0.007571425102651119,0.029070328548550607,0.0,0.007315687835216522,0.0,0.11844553798437119
6835,9.409711929038167e-05,0.006011937279254198,0.007453790213912725,0.03015364706516266,0.0,0.007331522647291422,0.0,0.11844246089458466
6836,9.708137367852032e-05,0.00607772720977664,0.007575996778905391,0.029446643963456153,0.0,0.007349609397351742,0.0,0.1184619814157486
6837,9.692598396213726e-05,0.0061596986837685105,0.006991091556847096,0.029417701438069342,0.0,0.007367237005382776,0.0,0.11846520006656647
6838,9.466852498007938e-05,0.006001181621104479,0.007630665693432093,0.02832174487411976,0.0,0.007364692632108927,0.0,0.11845888942480087
6839,9.698359499452636e-05,0.006097914092242718,0.007501146662980318,0.028490253537893296,0.0,0.007336646318435669,0.0,0.11844155937433243
6840,9.255394397769123e-05,0.0060982444323599335,0.0075100123882293705,0.029242192208766938,0.0,0.007287143263965845,0.0,0.1184089332818985
6841,9.809599432628602e-05,0.006100876443088055,0.00776060875505209,0.02818692922592163,0.0,0.007230851799249649,0.0,0.11839933693408966
6842,9.231788571923971e-05,0.005958843324333429,0.007629262935370207,0.029893110692501067,0.0,0.007193883415311575,0.0,0.11840150505304337
6843,9.661947697168217e-05,0.006194160412997007,0.007665288355201483,0.027950814366340636,0.0,0.007212977856397629,0.0,0.11840121448040009
6844,9.322335827164352e-05,0.006171056535094976,0.0072351224720478054,0.027841787785291672,0.0,0.007223493419587612,0.0,0.1183963194489479
6845,9.797105012694373e-05,0.006343316566199064,0.007296286523342133,0.02878715507686138,0.0,0.007235935889184475,0.0,0.1183960810303688
6846,0.00010044099908554927,0.00609829006716609,0.007595356088131666,0.029360924661159516,0.0,0.007246306631714106,0.0,0.11840701103210449
6847,9.853640076471493e-05,0.0059701502323150635,0.00778161445632577,0.029320477694272994,0.0,0.007262640632688999,0.0,0.11841803789138794
6848,9.194939484586939e-05,0.00621016938239336,0.007911094278097153,0.030220725759863853,0.0,0.007299850694835186,0.0,0.11841366440057755
6849,9.692806197563187e-05,0.0060899387113749984,0.007797898445278406,0.02925400696694851,0.0,0.007334763649851084,0.0,0.11840859800577164
6850,9.68363878200762e-05,0.006157691869884729,0.007664718106389046,0.028620164096355438,0.0,0.0073387534357607365,0.0,0.11839482933282852
6851,0.00010425825021229685,0.0062523575499653814,0.007696481328457594,0.02900283820927143,0.0,0.007315187249332666,0.0,0.11838693916797638
6852,8.712038834346458e-05,0.006126115936785937,0.007654450088739395,0.029510099440813065,0.0,0.007280522026121616,0.0,0.11839143931865692
6853,9.393671498401091e-05,0.006234537530690432,0.007446282636374235,0.028206845745444298,0.0,0.007232197560369968,0.0,0.11839468777179718
6854,9.045419428730384e-05,0.006081435550004244,0.0075060902163386345,0.02953098453581333,0.0,0.0071690743789076805,0.0,0.11839501559734344
6855,9.640163480071351e-05,0.006048925686627626,0.007579361461102963,0.028486982733011246,0.0,0.007097828201949596,0.0,0.11838427931070328
6856,9.747383010108023e-05,0.006098896637558937,0.007477887999266386,0.028662993758916854,0.0,0.007032018154859543,0.0,0.11837376654148102
6857,9.736773936310782e-05,0.006063597183674574,0.007756154425442219,0.028764236718416214,0.0,0.006974268704652786,0.0,0.11836651712656021
6858,9.437718690605835e-05,0.005962330475449562,0.007592933531850576,0.029808054491877557,0.0,0.006922038737684488,0.0,0.11836578696966171
6859,0.00010131567396456375,0.0063053881749510765,0.00760233923792839,0.027797649055719374,0.0,0.0069499388337135315,0.0,0.11836308240890503
6860,0.00010071431606775149,0.0061663007363677025,0.007179251313209534,0.031084794923663138,0.0,0.007135267369449139,0.0,0.11835481971502304
6861,9.440803987672552e-05,0.006073946505784989,0.007270723581314087,0.027189820259809493,0.0,0.007321074604988098,0.0,0.11835342645645142
6862,9.804850997170433e-05,0.00583631843328476,0.007291438523679972,0.027419202774763108,0.0,0.007452449295669794,0.0,0.11835026741027832
6863,8.852594037307426e-05,0.006205010414123535,0.007520201336592436,0.027798105776309968,0.0,0.007525688968598843,0.0,0.11834454536437988
6864,0.0001019906427245587,0.006011100951582193,0.007326062861829996,0.02778543271124363,0.0,0.007550790905952454,0.0,0.1183418482542038
6865,0.00010584101401036605,0.006205585040152073,0.007583777327090502,0.028394971415400504,0.0,0.007600129581987858,0.0,0.1183420792222023
6866,0.00010064991802209989,0.006247324496507644,0.007643779087811708,0.027666307240724563,0.0,0.007631284184753895,0.0,0.11833962053060532
6867,0.00010701042774599045,0.006007889658212662,0.00751009164378047,0.028454241529107093,0.0,0.007605238351970911,0.0,0.11833421885967255
6868,0.00010095398756675422,0.006288398616015911,0.00796620948240161,0.027684658393263818,0.0,0.007535174489021301,0.0,0.11832252889871597
6869,9.748133888933807e-05,0.0063149560242891315,0.0075888211838901045,0.0291434895247221,0.0,0.007448763586580753,0.0,0.11831680685281754
6870,9.5965682703536e-05,0.0062242066487669945,0.007652147952467203,0.029364579916000368,0.0,0.007377351634204388,0.0,0.1183202713727951
6871,0.00010766617924673483,0.006131188105791807,0.007832612283527851,0.02769693061709404,0.0,0.007335263304412365,0.0,0.11832300573587418
6872,9.040075819939375e-05,0.0060445299372076985,0.008114741276949644,0.029062895104289055,0.0,0.007298900280147791,0.0,0.11831386387348175
6873,0.00010019379551522434,0.005980794131755829,0.007475449796766042,0.02823650576174259,0.0,0.007312321569770575,0.0,0.11829712241888046
6874,9.718566871015355e-05,0.00623022960498929,0.0076181251555681225,0.028203558921813966,0.0,0.007330124266445637,0.0,0.11827105283737183
6875,9.984532662201672e-05,0.006368508748710156,0.007417831197381019,0.02808018624782562,0.0,0.0073462738655507565,0.0,0.11824990808963776
6876,0.00010161022073589266,0.006195445731282234,0.007980651315301656,0.02914435938000679,0.0,0.007350501604378223,0.0,0.11822263896465302
6877,9.48550528846681e-05,0.006227651890367269,0.007568156626075506,0.02935475707054138,0.0,0.0073219845071434975,0.0,0.11819855868816376
6878,0.00010114116885233671,0.006130367890000344,0.007414925284683705,0.02928152270615101,0.0,0.007272258400917053,0.0,0.11821500957012177
6879,8.755540620768443e-05,0.005905069783329964,0.008094948716461658,0.02881570756435394,0.0,0.0072431741282343864,0.0,0.11824862658977509
6880,0.0001012586391880177,0.006201225146651268,0.007819706480950117,0.029299021512269974,0.0,0.007213082164525986,0.0,0.11827562749385834
6881,9.46395972277969e-05,0.005998344998806715,0.007863478735089302,0.028656086325645445,0.0,0.007207553833723068,0.0,0.11829067766666412
6882,9.209427225869149e-05,0.006210784427821636,0.007543385773897171,0.02950981967151165,0.0,0.007217190228402615,0.0,0.11826920509338379
6883,9.588437824277207e-05,0.006174856517463923,0.007002739794552326,0.027970703318715096,0.0,0.007204605732113123,0.0,0.11824853718280792
6884,9.69262357102707e-05,0.006277910433709621,0.00759340226650238,0.028848623484373094,0.0,0.007153536193072796,0.0,0.11824581772089005
6885,8.75958037795499e-05,0.006111082620918751,0.00803035106509924,0.028834005072712898,0.0,0.007116840686649084,0.0,0.11826007068157196
6886,9.844958694884553e-05,0.006088658142834902,0.00730181522667408,0.028401763737201692,0.0,0.007143950555473566,0.0,0.11829276382923126
6887,0.00010184960410697386,0.006093121692538261,0.0077355606481432915,0.028256756067276,0.0,0.00720637571066618,0.0,0.11831514537334442
6888,9.985242213588208e-05,0.005906029231846332,0.0071897943504154686,0.02971109636127949,0.0,0.0072676255367696285,0.0,0.11831872165203094
6889,9.820623236009852e-05,0.006425819359719753,0.006620920449495316,0.02755387909710407,0.0,0.007335391826927662,0.0,0.1183210164308548
6890,9.829744376474992e-05,0.0061502793803811075,0.0071713002398610115,0.028572700172662734,0.0,0.007403747644275427,0.0,0.11830172687768936
6891,9.085071651497856e-05,0.006151490472257137,0.007591662090271711,0.029889967292547226,0.0,0.007411257829517126,0.0,0.11828017234802246
6892,9.839302801992745e-05,0.006257910188287497,0.007432473171502352,0.0285545464605093,0.0,0.007355461362749338,0.0,0.11826952546834946
6893,9.414353407919407e-05,0.005964274518191814,0.0068232472985982895,0.02852962389588356,0.0,0.007292675785720348,0.0,0.11826644092798233
6894,9.368390456074849e-05,0.006121871527284384,0.00728377727791667,0.02858007065951824,0.0,0.007265412248671055,0.0,0.11826135963201523
6895,9.644493256928399e-05,0.005973814241588116,0.007286262419074774,0.03001220114529133,0.0,0.007236774079501629,0.0,0.11825398355722427
6896,9.92678091279231e-05,0.006383683625608682,0.007492117118090391,0.02806760184466839,0.0,0.00720930565148592,0.0,0.11826317012310028
6897,0.00010358903527958318,0.006283178646117449,0.007641455717384815,0.02831876650452614,0.0,0.007192240096628666,0.0,0.11828695237636566
6898,0.00010217655217275024,0.006342485267668963,0.006978490762412548,0.028394629433751106,0.0,0.007189634256064892,0.0,0.11829777806997299
6899,0.00010038918699137867,0.006183459516614675,0.007572110835462808,0.0280736543238163,0.0,0.007178403437137604,0.0,0.11828448623418808
6900,9.529172530164942e-05,0.006320224981755019,0.007107872422784567,0.028939493745565415,0.0,0.007166735827922821,0.0,0.118278369307518
6901,9.206769173033535e-05,0.006177928112447262,0.007795691303908825,0.028888161480426788,0.0,0.007239641156047583,0.0,0.11825760453939438
6902,0.0001079035282600671,0.006196749489754438,0.007233164831995964,0.02809326834976673,0.0,0.007347572594881058,0.0,0.11825387179851532
6903,9.729304001666605e-05,0.006172681506723165,0.0073416965082287785,0.02781975455582142,0.0,0.0074320631101727486,0.0,0.11825650930404663
6904,9.57935320911929e-05,0.0061866908334195616,0.007193904463201761,0.0299973264336586,0.0,0.007438511587679386,0.0,0.11825151741504669
6905,9.648932027630507e-05,0.005996738839894533,0.00780765013769269,0.029071343690156938,0.0,0.007414185907691717,0.0,0.11825953423976898
6906,9.939851006492972e-05,0.00603893818333745,0.00740240877494216,0.029702022671699524,0.0,0.007429349236190319,0.0,0.1182713732123375
6907,9.398964612046256e-05,0.006059647910296917,0.007122179213911295,0.02890998385846615,0.0,0.007460456341505051,0.0,0.11829285323619843
6908,9.324187267338857e-05,0.006223302520811558,0.007333309389650822,0.029122933745384216,0.0,0.0074586281552910805,0.0,0.11831964552402496
6909,9.820875129662454e-05,0.005976097378879786,0.0072362332604825495,0.030007385462522507,0.0,0.007431915961205959,0.0,0.11834530532360077
6910,8.810967119643465e-05,0.006261839531362057,0.007304059062153101,0.029231032729148863,0.0,0.007425694726407528,0.0,0.1183629259467125
6911,9.301343961851672e-05,0.006103516835719347,0.007245037984102964,0.03029464967548847,0.0,0.007413262967020273,0.0,0.11837112903594971
6912,9.863323502941057e-05,0.006127616111189127,0.007189035415649414,0.028159309551119803,0.0,0.007368016056716442,0.0,0.11837492883205414
6913,9.98087038169615e-05,0.00621163435280323,0.007143572811037302,0.028902214393019675,0.0,0.007295479066669941,0.0,0.11837108433246613
6914,9.416506945854053e-05,0.006294934917241335,0.007079146150499582,0.028550681099295615,0.0,0.0072152456268668175,0.0,0.11839425563812256
6915,0.00010219662362942472,0.006008032895624638,0.006950821448117495,0.029212324321269988,0.0,0.007171126548200846,0.0,0.11841043084859848
6916,9.78739932179451e-05,0.006051814928650856,0.0068640452809631824,0.02817048951983452,0.0,0.0071809785440564156,0.0,0.118439219892025
6917,9.463594178669155e-05,0.005984525848180056,0.00808552112430334,0.029935665801167487,0.0,0.007220839150249958,0.0,0.11847939342260361
6918,9.874409151962027e-05,0.00631999196484685,0.00971083715558052,0.029407863691449165,0.0,0.007352979388087988,0.0,0.11850843578577042
6919,9.17230368941091e-05,0.006087542604655027,0.008757195994257927,0.02991799935698509,0.0,0.0075952960178256035,0.0,0.11851799488067627
6920,9.586664382368326e-05,0.006155733671039343,0.009084068797528743,0.02999572567641735,0.0,0.007798715028911829,0.0,0.11850757896900177
6921,0.0001043784330249764,0.006164334621280432,0.007966323010623454,0.0291094783693552,0.0,0.007905040867626667,0.0,0.11850377172231674
6922,9.825097949942574e-05,0.00614988012239337,0.00760283786803484,0.029332853108644485,0.0,0.007913816720247269,0.0,0.11852259933948517
6923,9.714078187244013e-05,0.006124310940504074,0.00791007410734892,0.030238724872469903,0.0,0.007861914113163948,0.0,0.11854717880487442
6924,0.00010456069721840323,0.006193614657968282,0.007308745384216308,0.029310401156544687,0.0,0.007774034980684519,0.0,0.11856231838464737
6925,0.00010443040664540604,0.005965755227953196,0.00749045992270112,0.03009604848921299,0.0,0.007665903307497501,0.0,0.1185806393623352
6926,9.910807129926979e-05,0.006081075593829155,0.0073604220524430275,0.028901321813464165,0.0,0.007567103020846844,0.0,0.11859333515167236
6927,9.87967461696826e-05,0.006266091950237751,0.00710661020129919,0.028859786689281464,0.0,0.007476723752915859,0.0,0.11859361827373505
6928,9.871444490272552e-05,0.0058335126377642155,0.006836517620831728,0.029158879071474075,0.0,0.007421781774610281,0.0,0.11859418451786041
6929,0.00010300903086317703,0.006248812470585108,0.007395843602716922,0.029407114163041113,0.0,0.007403743453323841,0.0,0.11859500408172607
6930,9.880012657959014e-05,0.006145369354635477,0.007358971238136292,0.0295960184186697,0.0,0.007527627982199192,0.0,0.1185876727104187
6931,9.660940413596109e-05,0.006078388821333647,0.007823649048805236,0.028776031360030173,0.0,0.00777591485530138,0.0,0.11857181787490845
6932,9.885939361993223e-05,0.006469614803791046,0.008029552828520536,0.028725529462099074,0.0,0.007963152602314949,0.0,0.11855912208557129
6933,9.550519607728347e-05,0.005827618762850761,0.007474044524133206,0.029578747600317,0.0,0.008042341098189354,0.0,0.11854501068592072
6934,0.00010118364880327136,0.005904699862003327,0.007671749126166106,0.029153604805469514,0.0,0.008027864620089531,0.0,0.11855008453130722
6935,0.00010184530110564083,0.006303148902952671,0.007666399329900741,0.02925114966928959,0.0,0.00797208584845066,0.0,0.1185624748468399
6936,9.791347983991727e-05,0.006050789169967175,0.00744074797257781,0.029402459412813185,0.0,0.00790672842413187,0.0,0.11856941878795624
6937,8.918100647861137e-05,0.006036037299782038,0.00732671394944191,0.029243631288409233,0.0,0.007824985310435295,0.0,0.11857316642999649
6938,9.445287141716108e-05,0.005817636381834745,0.007045739144086838,0.027934000268578528,0.0,0.007739725522696972,0.0,0.11855504661798477
6939,9.801777341635897e-05,0.006090977508574724,0.007019317150115967,0.0283619187772274,0.0,0.0076797837391495705,0.0,0.1185339093208313
6940,0.0001008880281005986,0.006129117403179407,0.0069330819882452484,0.02765745148062706,0.0,0.007649299688637257,0.0,0.11851811408996582
6941,0.00010320522560505196,0.006110335886478424,0.007219926081597805,0.02907828725874424,0.0,0.007627655752003193,0.0,0.11850783973932266
6942,8.93809599801898e-05,0.005970378406345844,0.007673065550625325,0.028191791847348213,0.0,0.007622972130775452,0.0,0.11850510537624359
6943,9.444792376598344e-05,0.006129867676645517,0.008498759381473065,0.0284221813082695,0.0,0.007637288421392441,0.0,0.11850134283304214
6944,9.610807173885406e-05,0.0064071805216372015,0.007376420311629772,0.02797717824578285,0.0,0.007634834386408329,0.0,0.11850573867559433
6945,9.772197518032044e-05,0.006262604519724846,0.00757010318338871,0.0283260565251112,0.0,0.007744328584522009,0.0,0.11852364242076874
6946,9.267902350984514e-05,0.006109900586307049,0.007548874150961638,0.029655331373214723,0.0,0.007903637364506721,0.0,0.11852464824914932
6947,0.00010136880300706252,0.006334844324737787,0.007502227555960417,0.029693153128027915,0.0,0.00800617877393961,0.0,0.11851714551448822
6948,9.808123722905293e-05,0.006213557813316584,0.007076912559568882,0.027700530365109444,0.0,0.008114850148558617,0.0,0.11852000653743744
6949,0.00010104242101078853,0.006119117792695761,0.007250927574932575,0.02945450469851494,0.0,0.008166846819221973,0.0,0.11852632462978363
6950,9.386991441715509e-05,0.0059640112332999705,0.007436690758913756,0.0275361318141222,0.0,0.008132233284413815,0.0,0.11852403730154037
6951,9.215575555572286e-05,0.006148021388798952,0.007883443962782621,0.028382206708192824,0.0,0.008038702420890331,0.0,0.11851322650909424
6952,9.267008572351187e-05,0.006061391718685627,0.00850439453497529,0.029773911088705064,0.0,0.007927406579256058,0.0,0.1184895858168602
6953,0.00010160449019167573,0.006105439178645611,0.007819580938667059,0.029072531685233115,0.0,0.00787231046706438,0.0,0.11848137527704239
6954,8.824934484437108e-05,0.005974463652819395,0.006798701453953981,0.029483636468648912,0.0,0.007834444753825665,0.0,0.11848194897174835
6955,9.583659848431126e-05,0.006115872226655483,0.007550651207566261,0.02929115705192089,0.0,0.0077830152586102486,0.0,0.1184852123260498
6956,9.189530392177403e-05,0.006041600368916988,0.007318868488073349,0.028460728377103804,0.0,0.007768428884446621,0.0,0.11849073320627213
6957,9.890923538478092e-05,0.006125606596469879,0.007449439633637667,0.030126377940177917,0.0,0.007748855743557215,0.0,0.11850203573703766
6958,9.55216833972372e-05,0.006340901274234057,0.007028334215283394,0.028146618604660036,0.0,0.0077152857556939125,0.0,0.11852014064788818
6959,9.684242104412988e-05,0.006168524082750082,0.007021575421094895,0.029545727744698526,0.0,0.007665806915611029,0.0,0.11852501332759857
6960,9.18394885957241e-05,0.006108572520315647,0.00730501813814044,0.027820296585559845,0.0,0.00759076839312911,0.0,0.11851730197668076
6961,9.14030708372593e-05,0.006345174927264452,0.00745826568454504,0.028345487639307977,0.0,0.00750785693526268,0.0,0.11850075423717499
6962,8.849889127304778e-05,0.006179850548505783,0.00822451589629054,0.02866571806371212,0.0,0.007446503732353449,0.0,0.11848211288452148
6963,9.446966578252614e-05,0.0061646425165236,0.008236166369169951,0.028906511142849922,0.0,0.007442183792591095,0.0,0.11846166849136353
6964,8.773763838689774e-05,0.0061865711584687235,0.00802289741113782,0.029606739431619643,0.0,0.007448670454323292,0.0,0.11844029277563095
6965,0.0001003661032882519,0.006142784282565117,0.007790862210094928,0.02948746345937252,0.0,0.007443028502166271,0.0,0.11843155324459076
6966,0.0001002215562039055,0.0061172694899141785,0.007578413095325231,0.029689914360642434,0.0,0.007417176850140095,0.0,0.11842656135559082
6967,0.00010025383380707353,0.006117866840213537,0.0073888319544494156,0.028689805045723916,0.0,0.007375591900199652,0.0,0.1184212937951088
6968,8.967397297965363e-05,0.006043092906475067,0.007428537122905254,0.027464951574802398,0.0,0.0074267396703362465,0.0,0.11843080818653107
6969,9.635107708163559e-05,0.006102652754634619,0.0072223061695694925,0.02859572023153305,0.0,0.007522295229136944,0.0,0.11844376474618912
6970,0.00010261712595820427,0.00603387150913477,0.0076239388436079025,0.029163815453648566,0.0,0.007563576102256775,0.0,0.11845292896032333
6971,9.779066604096443e-05,0.0061801855452358724,0.007439102046191692,0.029053397849202155,0.0,0.007573885377496481,0.0,0.11847299337387085
6972,9.476290142629296e-05,0.0059793995693326,0.007460813038051128,0.030010133981704712,0.0,0.007555502001196146,0.0,0.1184898167848587
6973,0.00010098242928506807,0.006171920988708735,0.008376975078135729,0.02901846207678318,0.0,0.007504183799028397,0.0,0.11850497871637344
6974,9.544981876388192e-05,0.006369966641068458,0.008459135517477989,0.030173370614647865,0.0,0.007468143943697214,0.0,0.1185169667005539
6975,9.817464742809535e-05,0.005974232126027346,0.007771570514887571,0.02899140901863575,0.0,0.007446456700563431,0.0,0.11854390799999237
6976,9.935857960954308e-05,0.006009707227349281,0.007517671678215265,0.0288746640086174,0.0,0.0074027604423463345,0.0,0.11857316642999649
6977,9.471027151448652e-05,0.006285712216049432,0.007463391032069921,0.028048551082611083,0.0,0.007419172674417496,0.0,0.11859185993671417
6978,9.713454201119021e-05,0.006186137441545725,0.007413364015519619,0.028852194547653198,0.0,0.00757262110710144,0.0,0.11859945207834244
6979,0.00010146549466298893,0.0060299430973827835,0.00806164089590311,0.027328533679246904,0.0,0.007711436599493027,0.0,0.11859355866909027
6980,9.863179293461144e-05,0.006142435595393181,0.00782981440424919,0.028926948085427284,0.0,0.007869582623243332,0.0,0.11857179552316666
6981,9.685408440418541e-05,0.006209930405020714,0.006895043794065714,0.029992377385497093,0.0,0.007963946089148521,0.0,0.1185469999909401
6982,8.976070239441469e-05,0.0062737295404076574,0.007721373718231917,0.02879660427570343,0.0,0.008039755746722221,0.0,0.11852756887674332
6983,8.986854081740602e-05,0.0061464236117899414,0.00840427866205573,0.029033302888274194,0.0,0.008135965093970299,0.0,0.1185077577829361
6984,9.691276936791837e-05,0.005859116651117801,0.008753783814609051,0.030373714864253998,0.0,0.008171656168997288,0.0,0.11849768459796906
6985,9.547961672069505e-05,0.006034266110509634,0.008393883984535933,0.02790583558380604,0.0,0.008140804246068,0.0,0.11850116401910782
6986,9.74841372226365e-05,0.0061525125987827774,0.007945995032787322,0.029745349660515785,0.0,0.008107857778668404,0.0,0.11849294602870941
6987,9.19655300094746e-05,0.006063086818903685,0.007886993605643511,0.028895495086908342,0.0,0.008092720992863178,0.0,0.11848326772451401
6988,9.142761264229194e-05,0.006088352017104626,0.007664141710847616,0.028541594743728638,0.0,0.008071870543062687,0.0,0.11847613751888275
6989,9.638500778237357e-05,0.006041139736771584,0.00749714644625783,0.030494789034128188,0.0,0.008033955469727516,0.0,0.11845646798610687
6990,9.78388576186262e-05,0.006264260970056057,0.007388428505510092,0.029151289910078048,0.0,0.008000525645911694,0.0,0.11844958364963531
6991,0.00010004453069996088,0.006088483519852162,0.00721524516120553,0.029818175733089446,0.0,0.007966633886098862,0.0,0.11845193058252335
6992,9.920692682499065e-05,0.006144353467971086,0.007390674296766519,0.029235848784446718,0.0,0.007900008000433445,0.0,0.11845073848962784
6993,9.711854218039662e-05,0.0059726485051214695,0.007623892277479172,0.028225720673799515,0.0,0.007816610857844353,0.0,0.11845161020755768
6994,9.824852895690128e-05,0.0060584238730370995,0.007774507068097592,0.026976045593619345,0.0,0.007713310420513153,0.0,0.11844255775213242
6995,0.00010449927940499037,0.0062241566367447375,0.009332980215549468,0.029669107124209403,0.0,0.007596728391945362,0.0,0.11842890083789825
6996,8.967997418949381e-05,0.005914232786744833,0.007574573718011379,0.028974731639027595,0.0,0.007487016264349222,0.0,0.11841897666454315
6997,9.709557052701711e-05,0.006262992881238461,0.007886053062975407,0.028933969140052796,0.0,0.007401422597467899,0.0,0.11840057373046875
6998,9.628195548430085e-05,0.006136095151305199,0.007940618600696326,0.028155387192964555,0.0,0.007348754443228245,0.0,0.11838571727275848
6999,9.72376175923273e-05,0.006102614384144544,0.00800103396177292,0.02916180416941643,0.0,0.00730848778039217,0.0,0.11838974058628082
7000,9.765857976162806e-05,0.00615182900801301,0.007866819947957992,0.02896045073866844,0.0,0.00726234819740057,0.0,0.1184006780385971
7001,9.330447064712644e-05,0.006284668017178774,0.007369932718575001,0.028786420822143555,0.0,0.007249838672578335,0.0,0.11840526014566422
7002,0.00010211652697762474,0.006152237672358752,0.007245670072734356,0.028153997287154196,0.0,0.007251362316310406,0.0,0.11839853227138519
7003,9.635349415475503e-05,0.005963284615427255,0.007800990249961615,0.031165273487567903,0.0,0.0072347139939665794,0.0,0.11838807165622711
7004,0.00010196684452239424,0.006144880596548319,0.007455169409513474,0.028937865048646927,0.0,0.007238061632961035,0.0,0.11837594211101532
7005,9.254988981410861e-05,0.006053632870316505,0.007913075666874648,0.02809252738952637,0.0,0.007292924914509058,0.0,0.11835797876119614
7006,9.929849475156515e-05,0.006007878575474024,0.008427507430315017,0.028683537244796754,0.0,0.0073349857702851295,0.0,0.11834291368722916
7007,0.00010103580279974267,0.006133483815938234,0.007860543206334114,0.02880546972155571,0.0,0.007332510314881802,0.0,0.11832311004400253
7008,9.372707427246496e-05,0.00607889024540782,0.007707603741437197,0.028781360760331155,0.0,0.007292530033737421,0.0,0.11830992996692657
7009,0.00010092108568642289,0.006221105251461268,0.008107441198080777,0.029334405809640883,0.0,0.007245327346026897,0.0,0.11830423027276993
7010,9.435508691240102e-05,0.006166326161473989,0.007648755796253681,0.028712545335292817,0.0,0.007191990967839956,0.0,0.11829950660467148
7011,9.725800191517919e-05,0.006238854955881834,0.008296959567815065,0.02948674000799656,0.0,0.007147492375224829,0.0,0.11831395328044891
7012,9.069189545698463e-05,0.006193048506975174,0.007743258308619261,0.028992431610822676,0.0,0.007129924837499857,0.0,0.11833971738815308
7013,0.00010024120711022988,0.006274919118732214,0.007514575403183699,0.029346997663378716,0.0,0.007155642844736576,0.0,0.11837393045425415
7014,9.181572095258161e-05,0.006127990689128638,0.00714084729552269,0.029391993209719657,0.0,0.007176320068538189,0.0,0.11842517554759979
7015,9.099917951971292e-05,0.0064730500802397724,0.007751667033880949,0.02960246503353119,0.0,0.007234258111566305,0.0,0.11848795413970947
7016,0.000100343392114155,0.00607035793364048,0.008255161251872778,0.029546736180782317,0.0,0.007377299480140209,0.0,0.11852256208658218
7017,9.397437970619649e-05,0.006188898999243975,0.008343330770730972,0.028518787771463393,0.0,0.007477226667106152,0.0,0.11853136122226715
7018,9.874433453660458e-05,0.005891843605786562,0.00784437283873558,0.02969588004052639,0.0,0.007499026600271463,0.0,0.11851851642131805
7019,9.002574370242655e-05,0.006177426408976316,0.007477617636322975,0.02907591462135315,0.0,0.00749882310628891,0.0,0.1184929609298706
7020,9.29345202166587e-05,0.006132214795798063,0.00724352290853858,0.029301140829920767,0.0,0.007523884065449238,0.0,0.11847355216741562
7021,0.00010189270542468876,0.006150736100971698,0.007887159939855337,0.028788286820054056,0.0,0.0075341337360441685,0.0,0.11846499145030975
7022,8.865662093739956e-05,0.006041067466139793,0.007356908172369003,0.02787228599190712,0.0,0.007560004945844412,0.0,0.11844103038311005
7023,9.715667547425256e-05,0.006095049250870943,0.007877471670508385,0.029108109325170516,0.0,0.00766778877004981,0.0,0.11843917518854141
7024,9.732667094795034e-05,0.006129247602075338,0.008246001042425632,0.028570914641022682,0.0,0.0077716028317809105,0.0,0.11843768507242203
7025,9.546407090965658e-05,0.006075650360435248,0.007453845161944628,0.030096834897994994,0.0,0.007825827226042747,0.0,0.11842658370733261
7026,9.254251053789631e-05,0.006025293655693531,0.0074647534638643265,0.029155449569225313,0.0,0.007803728338330984,0.0,0.118441142141819
7027,9.184034279314801e-05,0.00623886389657855,0.007504896633327008,0.027924774587154387,0.0,0.0077348873019218445,0.0,0.11845126003026962
7028,9.36200754949823e-05,0.006196726579219103,0.007663490995764732,0.02953449301421642,0.0,0.00768198911100626,0.0,0.11845216900110245
7029,9.551369003020227e-05,0.006051495019346475,0.007584883738309145,0.028977548331022264,0.0,0.007623162120580673,0.0,0.11845177412033081
7030,9.077090944629163e-05,0.006256100535392761,0.0075224793516099455,0.029853586852550507,0.0,0.0075476765632629395,0.0,0.1184539794921875
7031,9.655727189965546e-05,0.00592080382630229,0.00796402022242546,0.029241930320858957,0.0,0.007468970958143473,0.0,0.118482805788517
7032,8.844976400723681e-05,0.0059780020266771315,0.0077709703706204895,0.02870713360607624,0.0,0.007446228060871363,0.0,0.11851233243942261
7033,9.655300382291899e-05,0.006117656547576189,0.007992438971996307,0.028653231635689735,0.0,0.007550429552793503,0.0,0.11853139102458954
7034,0.00010118827340193093,0.006168219819664955,0.0075515266507864,0.029599354788661002,0.0,0.0076320236548781395,0.0,0.11854369938373566
7035,9.587601380189881e-05,0.006043713726103306,0.007233690470457077,0.029915166646242143,0.0,0.007671453058719635,0.0,0.1185510903596878
7036,0.00010806874488480389,0.006037470046430826,0.007711057271808386,0.029051560536026956,0.0,0.0076913731172680855,0.0,0.11857595294713974
7037,9.699067013571038e-05,0.006061996333301067,0.00807278137654066,0.03121207468211651,0.0,0.00768738379701972,0.0,0.11858560889959335
7038,0.00010177757503697649,0.0060741259716451165,0.008024691324681043,0.029133667051792145,0.0,0.007662358693778515,0.0,0.11858420073986053
7039,9.780241671251134e-05,0.006114915572106838,0.00789660308510065,0.028332548588514327,0.0,0.007617936469614506,0.0,0.11858544498682022
7040,9.483235189691185e-05,0.006300622411072254,0.007537456043064594,0.029074574634432793,0.0,0.007566922809928656,0.0,0.11857648193836212
7041,9.170232515316456e-05,0.006127519067376852,0.007781384885311127,0.029355626180768014,0.0,0.007521655410528183,0.0,0.11858121305704117
7042,8.346623362740502e-05,0.005972264613956213,0.0077397582121193405,0.02913914732635021,0.0,0.007468631956726313,0.0,0.11858166754245758
7043,0.0001039837981807068,0.006414196081459522,0.008500393014401197,0.02895316146314144,0.0,0.007401037961244583,0.0,0.11857161670923233
7044,9.171246492769569e-05,0.006173405610024929,0.009060684032738209,0.029455424472689628,0.0,0.007357747759670019,0.0,0.1185699850320816
7045,9.33961069677025e-05,0.006166504696011543,0.009116801247000695,0.029677131026983262,0.0,0.007381585892289877,0.0,0.11857930570840836
7046,8.874365157680586e-05,0.006167699955403805,0.009143228828907012,0.02972109280526638,0.0,0.007432089652866125,0.0,0.11860612779855728
7047,0.00010193018824793399,0.006069982703775167,0.0085257014259696,0.03015859015285969,0.0,0.0075051626190543175,0.0,0.11864186823368073
7048,9.129105310421438e-05,0.006141337566077709,0.008702859282493591,0.030287086591124536,0.0,0.007638434413820505,0.0,0.11867038905620575
7049,0.00010049892589449882,0.006064993143081665,0.008619378320872784,0.02910030446946621,0.0,0.007863344624638557,0.0,0.11868824064731598
7050,0.00010793503461172804,0.006359338853508234,0.008942730911076068,0.02650855928659439,0.0,0.008011571131646633,0.0,0.11869142949581146
7051,9.265799599234015e-05,0.006126242503523826,0.008218345884233712,0.028492553159594536,0.0,0.00803300179541111,0.0,0.11866450309753418
7052,8.561650902265683e-05,0.0062447297386825085,0.007948190346360207,0.02784724235534668,0.0,0.00799468718469143,0.0,0.11863052845001221
7053,8.931510237744077e-05,0.006225502118468285,0.007839761953800917,0.028286052122712135,0.0,0.008026953786611557,0.0,0.11860088258981705
7054,0.00010038400214398279,0.0061740981414914135,0.008254036214202643,0.02859712317585945,0.0,0.008058643899857998,0.0,0.11858348548412323
7055,9.442762093385682e-05,0.0061296578496694565,0.0077186918817460535,0.028722552582621574,0.0,0.008029982447624207,0.0,0.11856228113174438
7056,9.425606549484655e-05,0.005962598230689764,0.007469478156417608,0.029416892677545547,0.0,0.008019926026463509,0.0,0.11853017657995224
7057,9.392362699145451e-05,0.00605801185593009,0.007736204750835895,0.028518863767385483,0.0,0.008034939877688885,0.0,0.11850545555353165
7058,9.489560325164348e-05,0.006134919077157974,0.008234908059239387,0.028331761062145234,0.0,0.008002059534192085,0.0,0.11849281936883926
7059,0.00010072012519231066,0.006125118862837553,0.007865909207612275,0.029200709983706476,0.0,0.007927450351417065,0.0,0.11849130690097809
7060,9.690699225757271e-05,0.006214039213955402,0.007880256976932287,0.029302579909563066,0.0,0.007845945656299591,0.0,0.1184900626540184
7061,0.00010313048551324755,0.006323960423469543,0.00842133266851306,0.02928764037787914,0.0,0.007788222283124924,0.0,0.11847794055938721
7062,0.00010214272479061037,0.006087544467300176,0.008952930010855198,0.02859167456626892,0.0,0.007775142788887024,0.0,0.11845456063747406
7063,0.00010005886870203539,0.006120384857058525,0.008896404504776,0.027706530690193177,0.0,0.007737506181001663,0.0,0.1184389740228653
7064,0.00010029316617874429,0.005938406102359295,0.00860995203256607,0.028122347593307496,0.0,0.007668992038816214,0.0,0.11844567954540253
7065,9.636600298108533e-05,0.006219062954187393,0.008301999792456627,0.028515883907675742,0.0,0.007598103489726782,0.0,0.11843401193618774
7066,8.563193987356498e-05,0.0061909412033855915,0.008859928511083127,0.029078057035803795,0.0,0.007543950341641903,0.0,0.11842820793390274
7067,0.00010445227089803666,0.0061000338755548,0.00852847695350647,0.02895679362118244,0.0,0.007494704332202673,0.0,0.11843274533748627
7068,9.214992023771628e-05,0.006023028306663037,0.008036264032125474,0.02802143469452858,0.0,0.007435726933181286,0.0,0.1184362918138504
7069,0.0001004187943181023,0.006278846599161625,0.007756424508988858,0.029166365787386895,0.0,0.007382020354270935,0.0,0.11844215542078018
7070,0.00010602795664453879,0.006087816413491964,0.008097084052860738,0.02893025279045105,0.0,0.00734096160158515,0.0,0.11843832582235336
7071,0.00010140538070118055,0.00618660943582654,0.008565084636211395,0.029632191359996795,0.0,0.007402999792248011,0.0,0.1184258833527565
7072,0.00010458920296514407,0.006273042131215334,0.007891995832324028,0.02996077425777912,0.0,0.007501054555177689,0.0,0.11842386424541473
7073,8.81692860275507e-05,0.006113332603126765,0.008510489389300347,0.028545798361301424,0.0,0.0075865997932851315,0.0,0.11844458431005478
7074,9.356350783491507e-05,0.006048826407641173,0.00810177056118846,0.029526976868510246,0.0,0.007647699676454067,0.0,0.11847706139087677
7075,9.630211425246671e-05,0.0058629089966416355,0.007901741378009319,0.030224326625466348,0.0,0.007662151008844376,0.0,0.11849243938922882
7076,9.784861613297835e-05,0.006018157303333283,0.008657628390938043,0.027756186574697493,0.0,0.007639007177203894,0.0,0.11849267780780792
7077,9.490229713264853e-05,0.006197539065033198,0.008196679316461087,0.027909760177135468,0.0,0.007596240844577551,0.0,0.11848912388086319
7078,9.019025892484934e-05,0.006320870574563741,0.008562151715159417,0.02917332760989666,0.0,0.007536585442721844,0.0,0.11847791820764542
7079,0.00010049170523416251,0.006055268738418817,0.008194284792989493,0.02958824634552002,0.0,0.007449736353009939,0.0,0.11847259849309921
7080,0.00010202035045949742,0.006147234980016947,0.007691247761249543,0.029240625351667403,0.0,0.007361600641161203,0.0,0.11847458779811859
7081,9.32815033593215e-05,0.006149139441549778,0.00811848919838667,0.029021136835217475,0.0,0.007305031176656485,0.0,0.1184561476111412
7082,9.279129008064047e-05,0.006129572633653879,0.008399298973381519,0.028510121628642082,0.0,0.00729479780420661,0.0,0.11843603849411011
7083,9.608051186660305e-05,0.005979091301560402,0.008018883410841227,0.02861994169652462,0.0,0.007304590195417404,0.0,0.11840967833995819
7084,0.00010355127596994862,0.006060284562408924,0.00822675060480833,0.02878049798309803,0.0,0.007307256571948528,0.0,0.11839009821414948
7085,9.94677422568202e-05,0.0062088117003440855,0.00836564414203167,0.02914598472416401,0.0,0.007301047444343567,0.0,0.11837969720363617
7086,9.90630389424041e-05,0.006074122618883848,0.008938390389084816,0.029037430137395858,0.0,0.0072561996057629585,0.0,0.11837141215801239
7087,9.843513107625768e-05,0.006037840899080038,0.0088163279928267,0.028649230673909187,0.0,0.0071942685171961784,0.0,0.11836016178131104
7088,9.53539478359744e-05,0.006104118842631579,0.008578517474234104,0.029306043311953543,0.0,0.007147691212594509,0.0,0.11835555732250214
7089,0.00010348593059461564,0.006109390314668417,0.009425754472613335,0.02944568023085594,0.0,0.007144545204937458,0.0,0.1183633804321289
7090,0.00010522263473831118,0.006284104473888874,0.009224892407655717,0.029241546988487244,0.0,0.007217985577881336,0.0,0.11837170273065567
7091,9.73253874690272e-05,0.00628675315529108,0.009404930286109447,0.02804611437022686,0.0,0.007404700852930546,0.0,0.11837953329086304
7092,0.0001017787100863643,0.006075690034776926,0.00880347853526473,0.027573010325431822,0.0,0.007574459072202444,0.0,0.1183791384100914
7093,0.00010033080616267398,0.006210353784263134,0.00796381952241063,0.02944471426308155,0.0,0.007722623646259308,0.0,0.11837364733219147
7094,0.0001018116672639735,0.006172313541173935,0.008394772559404374,0.02870852090418339,0.0,0.00781500805169344,0.0,0.11837095022201538
7095,9.678316710051149e-05,0.006105296220630408,0.008722002804279327,0.028778520226478577,0.0,0.00783838052302599,0.0,0.11835622787475586
7096,9.419197740498931e-05,0.0060948354192078115,0.008554623741656543,0.02898186706006527,0.0,0.00782632827758789,0.0,0.11833681911230087
7097,9.514273551758379e-05,0.006210747268050909,0.007950143981724977,0.0288249671459198,0.0,0.007786211557686329,0.0,0.11832531541585922
7098,0.00010272351501043886,0.005982002150267363,0.007969416491687299,0.027812997996807098,0.0,0.007745259907096624,0.0,0.11831307411193848
7099,9.893227979773656e-05,0.005919109471142292,0.007543657254427671,0.028594912216067313,0.0,0.007700967602431774,0.0,0.11829761415719986
7100,9.578279277775437e-05,0.0060132666490972046,0.007881475705653429,0.029364389181137086,0.0,0.0076287053525447845,0.0,0.11828035116195679
7101,9.362968557979912e-05,0.00620256457477808,0.008375485613942146,0.02949995845556259,0.0,0.007537207566201687,0.0,0.11827732622623444
7102,9.824970620684326e-05,0.005935802217572927,0.008763659931719302,0.0287701528519392,0.0,0.00743407616391778,0.0,0.11828267574310303
7103,9.391245257575064e-05,0.006033765058964491,0.009161093644797802,0.02840310037136078,0.0,0.007348141632974148,0.0,0.11829061806201935
7104,9.847064065979794e-05,0.0059150390326976774,0.00976543352007866,0.029017539322376253,0.0,0.00729664321988821,0.0,0.11828732490539551
7105,0.00010201424302067608,0.006191001832485199,0.009011646918952464,0.02951209954917431,0.0,0.007286776788532734,0.0,0.11830732971429825
7106,9.559323952998967e-05,0.005976136401295662,0.008710136264562606,0.02780284807085991,0.0,0.007374455686658621,0.0,0.11834733188152313
7107,8.997529512271285e-05,0.005958422645926475,0.008257636427879333,0.029373855888843538,0.0,0.007529398892074823,0.0,0.11837781965732574
7108,9.576448064763099e-05,0.006343057751655579,0.008644420094788075,0.02874565087258816,0.0,0.007629601750522852,0.0,0.11838706582784653
7109,9.262461535399779e-05,0.005997297260910273,0.008335026726126672,0.0286257978528738,0.0,0.007678064052015543,0.0,0.11840765178203583
7110,0.00010168873122893274,0.006252511311322451,0.008349907491356135,0.028035145625472067,0.0,0.007701843045651913,0.0,0.11842937767505646
7111,9.430709178559482e-05,0.006231897417455912,0.008122056256979704,0.028975764662027358,0.0,0.007700464688241482,0.0,0.11842731386423111
7112,9.787892340682447e-05,0.006158405356109143,0.007992088329046965,0.029198601469397546,0.0,0.007708563469350338,0.0,0.1184317097067833
7113,9.449761419091373e-05,0.006000402849167585,0.008917771838605404,0.029727168008685113,0.0,0.00774479191750288,0.0,0.11842794716358185
7114,9.537740843370556e-05,0.0060719954781234264,0.008638055436313153,0.029540247470140456,0.0,0.0077891102991998196,0.0,0.11843186616897583
7115,0.00011007348657585681,0.006082652136683464,0.008531782403588295,0.02896648347377777,0.0,0.007788086775690317,0.0,0.11843303591012955
7116,8.951337804319337e-05,0.005899922829121352,0.008656839467585086,0.028959299251437188,0.0,0.007736781146377325,0.0,0.11842519044876099
7117,0.00010931326105492189,0.006269570998847484,0.008213701657950878,0.02942945659160614,0.0,0.007696694228798151,0.0,0.1184178814291954
7118,9.429319761693478e-05,0.006056400202214718,0.00841989666223526,0.028818274661898614,0.0,0.0076613649725914,0.0,0.11842826753854752
7119,9.646004618844018e-05,0.005869351606816053,0.007998855225741864,0.029007717594504358,0.0,0.007607094943523407,0.0,0.1184297427535057
7120,9.489287913311273e-05,0.006208013743162155,0.00812303125858307,0.029944713413715362,0.0,0.007565844804048538,0.0,0.11840923130512238
7121,9.951050451491028e-05,0.006165615748614073,0.008823209442198277,0.029662399366497994,0.0,0.0075591630302369595,0.0,0.11839860677719116
7122,8.939951658248901e-05,0.006053035706281662,0.008207586221396923,0.02964961640536785,0.0,0.007536641322076321,0.0,0.11840575933456421
7123,9.112369734793901e-05,0.006095488462597132,0.007813617493957281,0.02978319302201271,0.0,0.007521413266658783,0.0,0.11842689663171768
7124,9.182764479191974e-05,0.006011077202856541,0.008800892531871796,0.027873581275343895,0.0,0.0075142597779631615,0.0,0.11843001842498779
7125,9.913535177474841e-05,0.006149738561362028,0.009108331799507142,0.028887929767370223,0.0,0.00749990064650774,0.0,0.1184198409318924
7126,9.212119184667244e-05,0.006167192663997412,0.009594128839671612,0.02803952991962433,0.0,0.007477401290088892,0.0,0.11842890828847885
7127,9.511953248875216e-05,0.006172792986035347,0.008828927762806416,0.028672685474157335,0.0,0.007472417317330837,0.0,0.11843178421258926
7128,9.138431632891298e-05,0.006278202962130308,0.009515131264925003,0.028692704066634177,0.0,0.0075401128269732,0.0,0.11842463165521622
7129,9.845525637501851e-05,0.006171643454581499,0.008991864696145057,0.029350169375538825,0.0,0.0076220715418457985,0.0,0.11841587722301483
7130,9.3663833104074e-05,0.00608811853453517,0.009140417724847794,0.03034299798309803,0.0,0.007695569656789303,0.0,0.11841579526662827
7131,8.762522193137557e-05,0.0062243503518402575,0.009013071283698082,0.02763575203716755,0.0,0.007791497744619846,0.0,0.11843617260456085
7132,9.715501219034194e-05,0.005968688800930977,0.00785419698804617,0.03068719357252121,0.0,0.007948952727019787,0.0,0.11845406144857407
7133,9.101040341192856e-05,0.006053751707077027,0.008517624996602535,0.029403102397918702,0.0,0.008087113499641418,0.0,0.11846469342708588
7134,8.941832784330473e-05,0.0062393413856625555,0.007953595463186502,0.029991381615400315,0.0,0.008159993216395378,0.0,0.11847380548715591
7135,9.423386654816568e-05,0.006194071564823389,0.0076640484854578975,0.02944699451327324,0.0,0.008136766962707043,0.0,0.1184922456741333
7136,9.534960554447025e-05,0.006094982475042343,0.007658020593225956,0.028956666588783264,0.0,0.008071018382906914,0.0,0.11849919706583023
7137,9.53086680965498e-05,0.006066771596670151,0.008099056500941514,0.02900922894477844,0.0,0.008006839081645012,0.0,0.11850695312023163
7138,9.023498132592067e-05,0.006092066690325737,0.007486916147172451,0.029144350066781045,0.0,0.007941172458231449,0.0,0.11850607395172119
7139,0.00010147501598112285,0.006233939342200756,0.00830124793574214,0.028390750661492346,0.0,0.007866350002586842,0.0,0.11848815530538559
7140,0.00010358737490605563,0.006050301343202591,0.01024910919368267,0.0283108189702034,0.0,0.007776052691042423,0.0,0.11847058683633804
7141,9.92104978649877e-05,0.006321093067526817,0.009540499467402697,0.02921885997056961,0.0,0.007699864916503429,0.0,0.11845959722995758
7142,9.310376772191376e-05,0.006052977498620748,0.00939338244497776,0.02936592772603035,0.0,0.007611881010234356,0.0,0.1184549331665039
7143,9.352909837616608e-05,0.006466929614543915,0.00882174214348197,0.029820583015680312,0.0,0.007513092365115881,0.0,0.11845973879098892
7144,0.00010021097841672599,0.0057308216579258445,0.008690232597291469,0.02883515991270542,0.0,0.007418373133987188,0.0,0.11844873428344727
7145,0.00010201548429904506,0.006142781674861908,0.0083179434761405,0.028833862766623496,0.0,0.0073336451314389706,0.0,0.11844505369663239
7146,9.645403770264238e-05,0.006127380020916462,0.008725354075431823,0.029959236457943916,0.0,0.007292212452739477,0.0,0.11847422271966934
7147,9.207757975673302e-05,0.00620145695284009,0.009489968605339526,0.028402760997414588,0.0,0.007279404904693365,0.0,0.11850079149007797
7148,9.871170477708802e-05,0.006101704481989145,0.00814200909808278,0.02949574589729309,0.0,0.007263681385666132,0.0,0.11850817501544952
7149,9.542363259242847e-05,0.0059268568642437455,0.008313606120646,0.029835093393921853,0.0,0.007262504193931818,0.0,0.11849834024906158
7150,9.285172709496691e-05,0.006153123546391725,0.00808040052652359,0.029963259771466254,0.0,0.007276469375938177,0.0,0.11847801506519318
7151,9.827145404415206e-05,0.006151882465928793,0.007774030510336161,0.02821173258125782,0.0,0.007289168890565634,0.0,0.11847633123397827
7152,0.0001047008583554998,0.006104425340890884,0.008010461274534465,0.029147550091147424,0.0,0.007304459810256958,0.0,0.11848776042461395
7153,0.00010131112358067185,0.006216204632073641,0.007604228984564543,0.02855769544839859,0.0,0.007310440298169851,0.0,0.1184999942779541
7154,0.00010431834671180696,0.005968406423926353,0.008215808589011431,0.02814984805881977,0.0,0.007289160043001175,0.0,0.118501678109169
7155,0.00010283904266543687,0.006241241842508316,0.008149853348731995,0.02805163450539112,0.0,0.007261469028890133,0.0,0.11849324405193329
7156,9.502355533186346e-05,0.005989342276006937,0.009045351296663284,0.02966073267161846,0.0,0.007272870279848576,0.0,0.11849131435155869
7157,9.250535804312676e-05,0.006101942341774702,0.009228634089231491,0.028508281335234642,0.0,0.007312211208045483,0.0,0.11849275976419449
7158,9.924319456331432e-05,0.00608041537925601,0.009011810459196568,0.028215637430548668,0.0,0.00734520610421896,0.0,0.11848028004169464
7159,9.804206929402426e-05,0.006086490862071514,0.009249098598957062,0.029084816202521326,0.0,0.007367958314716816,0.0,0.11846546828746796
7160,9.235683683073148e-05,0.006025507394224405,0.008718585222959518,0.029441800713539124,0.0,0.007382785435765982,0.0,0.1184518113732338
7161,9.500338492216543e-05,0.006278443988412619,0.008624330908060075,0.02837943471968174,0.0,0.007550056092441082,0.0,0.118438720703125
7162,0.00010461078054504468,0.0060430653393268585,0.008570437412708997,0.030379902198910715,0.0,0.00786101259291172,0.0,0.11843179166316986
7163,9.978497982956469e-05,0.00600293017923832,0.008244945202022791,0.029158061370253563,0.0,0.008079797960817814,0.0,0.11843906342983246
7164,8.9271817705594e-05,0.006303093209862709,0.008579808287322521,0.028720164299011232,0.0,0.00820276327431202,0.0,0.11844239383935928
7165,9.459841094212606e-05,0.0059712986461818215,0.00784209482371807,0.028417693078517915,0.0,0.008272957056760788,0.0,0.11844617128372192
7166,0.00010603179543977603,0.0061691999435424805,0.008181088138371706,0.02887732982635498,0.0,0.008288847282528877,0.0,0.11846087127923965
7167,9.292500035371632e-05,0.006118305865675211,0.008969535119831562,0.029019154608249664,0.0,0.008247341960668564,0.0,0.11848118156194687
7168,9.966213692678139e-05,0.006077689956873656,0.00823702421039343,0.03035366050899029,0.0,0.008180320262908936,0.0,0.11850621551275253
7169,0.00010286679753335193,0.006061812210828066,0.008580434694886207,0.028233668208122252,0.0,0.008150721900165081,0.0,0.1185268983244896
7170,9.741406684042886e-05,0.006040460802614689,0.009782082960009575,0.027158481255173682,0.0,0.008126025088131428,0.0,0.11854396015405655
7171,0.00010371973767178133,0.006199921388179064,0.009272795170545578,0.02930564098060131,0.0,0.008097866550087929,0.0,0.11854328215122223
7172,8.755879534874111e-05,0.006040606740862131,0.008485642354935407,0.028325016051530837,0.0,0.008166959509253502,0.0,0.11852087080478668
7173,9.173798025585711e-05,0.0062319829128682615,0.008597635198384523,0.02898974306881428,0.0,0.008218186907470226,0.0,0.11849482357501984
7174,9.291279275203124e-05,0.005963666643947363,0.007870018761605025,0.02820040434598923,0.0,0.008214617148041725,0.0,0.11847487837076187
7175,9.241419757017866e-05,0.006075700931251049,0.007985056191682816,0.028227176517248154,0.0,0.008164611645042896,0.0,0.11845532804727554
7176,9.495826670899988e-05,0.006069383025169373,0.008334545511752367,0.030505342036485673,0.0,0.00811670534312725,0.0,0.1184622272849083
7177,9.802453860174865e-05,0.006269260309636593,0.007808655314147472,0.02876831330358982,0.0,0.008067553862929344,0.0,0.11849929392337799
7178,9.773190395208075e-05,0.0058810458518564705,0.007697828114032745,0.029244516789913178,0.0,0.008006805554032326,0.0,0.1185212954878807
7179,0.00010091235744766892,0.006233928631991148,0.00829608626663685,0.030950772389769555,0.0,0.007952727377414703,0.0,0.11854369938373566
7180,9.68907363130711e-05,0.006108362134546042,0.008479587361216545,0.028466128185391425,0.0,0.007877620868384838,0.0,0.11855672299861908
7181,9.99384734313935e-05,0.006345798354595899,0.008441995270550251,0.02825601175427437,0.0,0.007800541818141937,0.0,0.11855985224246979
7182,9.323322738055139e-05,0.006130932830274105,0.008095221500843764,0.02851492017507553,0.0,0.007768670562654734,0.0,0.11855294555425644
7183,9.462344460189342e-05,0.006199377961456776,0.00808389987796545,0.02761739641427994,0.0,0.0078084999695420265,0.0,0.11855915933847427
7184,9.80429002083838e-05,0.006092266738414764,0.0077860414050519465,0.030865057185292245,0.0,0.007840218022465706,0.0,0.11856122314929962
7185,9.681327501311898e-05,0.006018404569476843,0.00835218196734786,0.028000375255942345,0.0,0.007821273058652878,0.0,0.11853788793087006
7186,9.270660957554356e-05,0.0063252544961869715,0.00888290861621499,0.0284559179097414,0.0,0.007768751587718725,0.0,0.11852721869945526
7187,9.42396218306385e-05,0.006245809514075518,0.008943810686469078,0.027755631506443022,0.0,0.007735603488981724,0.0,0.11851607263088226
7188,0.00010005788935814053,0.0061590708792209625,0.008888437133282422,0.029129040613770484,0.0,0.007790700998157263,0.0,0.11849217116832733
7189,9.866649052128195e-05,0.006107902247458696,0.00790545716881752,0.028926748409867288,0.0,0.00793050043284893,0.0,0.11847828328609467
7190,0.0001029740524245426,0.006025608722120523,0.008779918774962425,0.028174291551113128,0.0,0.008003676310181618,0.0,0.11847303062677383
7191,9.308604203397408e-05,0.006112104840576648,0.008922838419675828,0.028019594401121138,0.0,0.007983431220054626,0.0,0.11848006397485733
7192,0.00010338468127883971,0.00627465546131134,0.008651215210556984,0.02926003932952881,0.0,0.007901645265519619,0.0,0.11850577592849731
7193,9.52991540543735e-05,0.006087673641741276,0.00827829446643591,0.02741813026368618,0.0,0.007860967889428139,0.0,0.11851631104946136
7194,0.00010291088838130236,0.0061209602281451225,0.008464796468615532,0.029035485908389093,0.0,0.007876047864556313,0.0,0.11852426826953888
7195,9.903232712531463e-05,0.00608692467212677,0.009003436472266913,0.029984493181109427,0.0,0.007887663319706917,0.0,0.11852830648422241
7196,9.742031543282791e-05,0.006195392087101936,0.008437767252326011,0.029729524999856947,0.0,0.00786811113357544,0.0,0.11855338513851166
7197,8.89571150764823e-05,0.0061368908733129505,0.008247786853462457,0.029032012075185777,0.0,0.007844097912311554,0.0,0.11858729273080826
7198,9.863659070106224e-05,0.006206338945776224,0.0080134067684412,0.029556050524115564,0.0,0.007814144715666771,0.0,0.1186034306883812
7199,9.766627481440082e-05,0.006031876429915428,0.007988241035491228,0.030129677802324294,0.0,0.007816877216100693,0.0,0.11862151324748993
7200,0.00010009998804889619,0.005923877097666263,0.008311915583908558,0.028253046795725822,0.0,0.007853945717215538,0.0,0.11864118278026581
7201,9.485612390562892e-05,0.006287464313209057,0.008144172467291355,0.02892215922474861,0.0,0.007845168933272362,0.0,0.118660569190979
7202,9.342447738163173e-05,0.006217118166387081,0.008081800676882267,0.02936888188123703,0.0,0.007783151231706142,0.0,0.1186705231666565
7203,9.545367793180048e-05,0.006359750684350729,0.008712499029934406,0.029968392103910446,0.0,0.007708760444074869,0.0,0.11866331100463867
7204,0.00010038657783297821,0.006124884076416493,0.008483977615833282,0.02945254184305668,0.0,0.0076720439828932285,0.0,0.11865226924419403
7205,9.39604127779603e-05,0.0059933559037745,0.007938968390226364,0.028678928688168525,0.0,0.00765879824757576,0.0,0.11865101754665375
7206,9.550560644129291e-05,0.006186440680176019,0.00803891010582447,0.028531360998749734,0.0,0.0076536498963832855,0.0,0.1186409443616867
7207,9.791974152904004e-05,0.0062870154157280925,0.007986761070787907,0.029043394327163696,0.0,0.007647523190826178,0.0,0.11863919347524643
7208,9.778659732546657e-05,0.006099951546639204,0.008890456892549992,0.029743630439043045,0.0,0.00764649361371994,0.0,0.11864032596349716
7209,0.00010017990280175582,0.006024010572582483,0.008713928423821926,0.028642402216792106,0.0,0.007636968977749348,0.0,0.11864201724529266
7210,9.894444374367595e-05,0.006103648990392685,0.00947254616767168,0.028523503616452218,0.0,0.007650444749742746,0.0,0.11864550411701202
7211,0.00010558144276728854,0.006406411714851856,0.008922449685633183,0.02775675430893898,0.0,0.007662536110728979,0.0,0.11863672733306885
7212,9.670516737969592e-05,0.006117662787437439,0.008754079602658749,0.02993217147886753,0.0,0.007660549134016037,0.0,0.11861832439899445
7213,0.00010167943692067638,0.006307009607553482,0.008402425236999989,0.029348644986748697,0.0,0.007625979371368885,0.0,0.11861230432987213
7214,0.00010003407660406083,0.006132103689014912,0.008532712608575821,0.028805486485362054,0.0,0.007564065046608448,0.0,0.1186242327094078
7215,0.00010777175339171663,0.006073749717324972,0.008203131426125766,0.02905052900314331,0.0,0.007523608859628439,0.0,0.1186172366142273
7216,9.666580153862014e-05,0.00617240546271205,0.008170491829514504,0.030834468454122542,0.0,0.007503715343773365,0.0,0.11860817670822144
7217,0.00010160976089537143,0.005893691536039114,0.008388872630894184,0.029323682188987732,0.0,0.007532878313213587,0.0,0.11859556287527084
7218,9.387143800267949e-05,0.006086849048733712,0.007921856548637151,0.0288832850754261,0.0,0.007548411376774311,0.0,0.11858242750167847
7219,9.042634192155675e-05,0.005958659388124943,0.0080547995865345,0.02824060693383217,0.0,0.007542821578681469,0.0,0.11857771873474121
7220,9.993697749450803e-05,0.006197005044668913,0.007940631173551083,0.028547397628426553,0.0,0.007510785013437271,0.0,0.11857561022043228
7221,9.65600207564421e-05,0.006067937146872282,0.008375869132578373,0.028797606378793715,0.0,0.0074799275025725365,0.0,0.11856190115213394
7222,9.115323045989498e-05,0.006255005113780498,0.008555454760789871,0.029356446862220765,0.0,0.0074822427704930305,0.0,0.118566133081913
7223,9.825056185945869e-05,0.006106349173933268,0.008760289289057255,0.027733273804187775,0.0,0.0075150830671191216,0.0,0.11855751276016235
7224,9.777509403647855e-05,0.006061141844838858,0.008822773955762387,0.029415423795580865,0.0,0.0075143142603337765,0.0,0.11854884773492813
7225,9.697771893115714e-05,0.006072205863893032,0.008927514962852,0.028347817063331605,0.0,0.007476349826902151,0.0,0.1185583621263504
7226,8.842735551297664e-05,0.006156194861978293,0.008683611825108527,0.02842974290251732,0.0,0.007403085473924875,0.0,0.11854659020900726
7227,9.468947828281671e-05,0.005989452730864287,0.008349942043423653,0.029700737074017526,0.0,0.007324297912418842,0.0,0.11853374540805817
7228,9.693380707176402e-05,0.006141856778413057,0.008630267903208732,0.029100251942873002,0.0,0.0072909509763121605,0.0,0.11854664236307144
7229,9.294655174016953e-05,0.006022992543876171,0.008483324013650418,0.028791514784097673,0.0,0.0072601609863340855,0.0,0.1185433641076088
7230,9.775571961654351e-05,0.006424420792609453,0.008232187293469907,0.02816661074757576,0.0,0.007221543230116367,0.0,0.1185232400894165
7231,9.961795731214807e-05,0.006300363689661026,0.007518217712640762,0.029148028045892716,0.0,0.007195247802883387,0.0,0.11850932985544205
7232,9.806540765566751e-05,0.006035530939698219,0.007937733549624681,0.02979731485247612,0.0,0.0072345188818871975,0.0,0.11848850548267365
7233,0.00010000877227867022,0.0061131703667342665,0.008398434426635504,0.02926938235759735,0.0,0.007349769584834576,0.0,0.1184656023979187
7234,9.909213113132865e-05,0.006148258876055479,0.008319856971502304,0.029332764074206354,0.0,0.007470451295375824,0.0,0.11846160888671875
7235,9.843633888522163e-05,0.006207344681024551,0.008380379807204009,0.0287230022251606,0.0,0.007570761255919933,0.0,0.11845292896032333
7236,9.7146540065296e-05,0.006148371938616037,0.008463772013783455,0.029879144579172134,0.0,0.0076798247173428535,0.0,0.11844535171985626
7237,0.00010159361700061709,0.005969419609755278,0.008426883816719055,0.028879960253834724,0.0,0.0077852485701441765,0.0,0.11845626682043076
7238,9.302761754952371e-05,0.006127903889864683,0.008233308885246515,0.028955699130892753,0.0,0.007863814011216164,0.0,0.11848008632659912
7239,9.287492866860703e-05,0.0061962449923157695,0.0081821970641613,0.029267989471554755,0.0,0.007878238335251808,0.0,0.11848769336938858
7240,9.447906777495518e-05,0.006024007964879274,0.008590002544224262,0.029821287840604782,0.0,0.007833054289221764,0.0,0.11849132925271988
7241,9.456255211262032e-05,0.006001781858503819,0.008889424428343774,0.029216988384723662,0.0,0.007773018442094326,0.0,0.11850243806838989
7242,0.00010366422648075969,0.006117880344390869,0.008343502692878247,0.027937833964824677,0.0,0.007741542067378759,0.0,0.11850498616695404
7243,9.417729743290692e-05,0.006027244403958321,0.008960463851690293,0.02923792377114296,0.0,0.007814466953277588,0.0,0.1185070052742958
7244,9.76919720415026e-05,0.006142484303563833,0.008797383494675159,0.02804282046854496,0.0,0.007909364067018032,0.0,0.11851181089878082
7245,9.842088911682367e-05,0.005962890759110451,0.00855752695351839,0.028747084736824035,0.0,0.007949997670948505,0.0,0.11850099265575409
7246,9.998822642955928e-05,0.005987458955496549,0.009049204364418983,0.02874562591314316,0.0,0.007955913431942463,0.0,0.11848060041666031
7247,9.95777256321162e-05,0.006029330845922232,0.00874136034399271,0.02880897596478462,0.0,0.007932072505354881,0.0,0.11847998201847076
7248,9.599644399713725e-05,0.006165806204080582,0.00835739988833666,0.02854800783097744,0.0,0.007859949953854084,0.0,0.11846901476383209
7249,0.00010193420312134548,0.006046931818127632,0.0075658815912902355,0.028770937770605087,0.0,0.007758196443319321,0.0,0.11845439672470093
7250,9.257757046725601e-05,0.005975513346493244,0.00787441674619913,0.029154205322265626,0.0,0.007665256969630718,0.0,0.11845248937606812
7251,0.00010592300968710333,0.006056371424347162,0.007611754443496465,0.029354343190789223,0.0,0.007568974047899246,0.0,0.11844825744628906
7252,0.00010274036030750721,0.005979904346168042,0.0073840592056512834,0.029734284803271293,0.0,0.007491495460271835,0.0,0.11844690889120102
7253,9.750779281603172e-05,0.00603425046429038,0.007585269585251808,0.02892310991883278,0.0,0.0074698119424283504,0.0,0.11845089495182037
7254,9.416677930857986e-05,0.006229700613766908,0.007946295104920864,0.029605426639318467,0.0,0.0074759842827916145,0.0,0.11847202479839325
7255,0.00010054009762825445,0.006123846210539341,0.007818016316741705,0.028150784596800805,0.0,0.00746803218498826,0.0,0.11848016828298569
7256,9.807386813918129e-05,0.006162459496408701,0.008158245589584112,0.028049409762024878,0.0,0.007463312242180109,0.0,0.1184624433517456
7257,9.723532275529578e-05,0.006242156866937876,0.009681895188987256,0.028544844314455985,0.0,0.007437010295689106,0.0,0.11845574527978897
7258,9.638190967962146e-05,0.006196942646056414,0.0090958995744586,0.029700006544589996,0.0,0.007380780763924122,0.0,0.11844687163829803
7259,0.00010119822109118104,0.006273344065994025,0.0093086464330554,0.029243889823555948,0.0,0.007340580224990845,0.0,0.11842615902423859
7260,9.051771776285023e-05,0.005740799009799957,0.008620631322264672,0.028370780870318413,0.0,0.0073895202949643135,0.0,0.11841918528079987
7261,8.82903768797405e-05,0.006006607599556446,0.008899826742708682,0.028934309631586073,0.0,0.007453453727066517,0.0,0.11843810975551605
7262,0.00010174923081649468,0.006303500756621361,0.008637566398829222,0.03020390272140503,0.0,0.007500700652599335,0.0,0.11845042556524277
7263,0.00010255465895170346,0.006170119438320398,0.008445286378264426,0.028448968008160592,0.0,0.007511886768043041,0.0,0.1184675469994545
7264,8.868390723364428e-05,0.006085982918739319,0.008521853201091289,0.028291793912649153,0.0,0.0075101787224411964,0.0,0.11847913265228271
7265,9.423372830497101e-05,0.006193842552602291,0.008444325625896454,0.02903187870979309,0.0,0.007513940334320068,0.0,0.11848403513431549
7266,9.324786515207961e-05,0.006010593101382256,0.00882500521838665,0.02818399667739868,0.0,0.007508088834583759,0.0,0.1184929609298706
7267,9.619406337151304e-05,0.006143614556640387,0.007983510755002499,0.028451399877667427,0.0,0.007490062154829502,0.0,0.11851190030574799
7268,9.991445986088366e-05,0.006034051161259412,0.00835641697049141,0.029652953520417212,0.0,0.007441207766532898,0.0,0.11854077875614166
7269,9.793993958737702e-05,0.00599504504352808,0.00841555343940854,0.028208761289715768,0.0,0.007387763820588589,0.0,0.11856512725353241
7270,0.00010431193077238276,0.006034818850457669,0.00870215818285942,0.02997952699661255,0.0,0.0073454068042337894,0.0,0.11857564747333527
7271,8.993852825369685e-05,0.006324524991214275,0.009421155415475368,0.029323572665452956,0.0,0.00730503723025322,0.0,0.1185789555311203
7272,9.035084076458588e-05,0.005897225346416235,0.009153298847377301,0.02883591055870056,0.0,0.00730795506387949,0.0,0.11858037859201431
7273,9.446339536225423e-05,0.006047923117876053,0.008653518930077552,0.029158199578523634,0.0,0.007348560728132725,0.0,0.11856885254383087
7274,9.440296707907692e-05,0.006033283472061157,0.008581025525927544,0.028950063139200212,0.0,0.0073670088313519955,0.0,0.11855828762054443
7275,9.9982536630705e-05,0.006013992335647344,0.008408801071345806,0.029686054214835167,0.0,0.007350468076765537,0.0,0.11855310201644897
7276,8.613359386799857e-05,0.00611505089327693,0.008485870808362961,0.02756199464201927,0.0,0.007305537816137075,0.0,0.11854158341884613
7277,9.41049016546458e-05,0.006103106122463941,0.007936195190995931,0.030284575000405312,0.0,0.007239006459712982,0.0,0.11853641271591187
7278,9.197928884532302e-05,0.006025650724768639,0.007931046932935715,0.028499070182442666,0.0,0.0071778977289795876,0.0,0.11852221190929413
7279,0.00010484823724254966,0.006226501613855362,0.008054398279637099,0.029758306220173836,0.0,0.007140017114579678,0.0,0.11851519346237183
7280,9.550821705488488e-05,0.006051420699805021,0.008201497700065374,0.029716074466705322,0.0,0.007146096788346767,0.0,0.11852500587701797
7281,0.00010237517417408526,0.0059989626519382,0.00821738876402378,0.029058212414383888,0.0,0.007177083753049374,0.0,0.11854424327611923
7282,0.00010468231921549887,0.0062048850581049916,0.00903649153187871,0.029020899161696433,0.0,0.007266408763825893,0.0,0.11856844276189804
7283,9.305842104367912e-05,0.006328857224434614,0.009364785440266133,0.029995375871658327,0.0,0.007376922760158777,0.0,0.1185590997338295
7284,0.00010104633984155952,0.006204533670097589,0.009186245687305927,0.028833479061722754,0.0,0.007551408372819424,0.0,0.11855046451091766
7285,0.00010094757162733003,0.006025811657309532,0.009818046912550926,0.029015194997191428,0.0,0.007703300565481186,0.0,0.1185407042503357
7286,9.964297350961715e-05,0.006231576483696699,0.00953895840793848,0.028923399746418,0.0,0.007763966917991638,0.0,0.1185373067855835
7287,0.0001055262822774239,0.006151761952787637,0.009239161573350429,0.02883075661957264,0.0,0.007746875286102295,0.0,0.11853678524494171
7288,0.00010226253798464313,0.006003486644476652,0.008918735198676586,0.029792382568120956,0.0,0.007699877023696899,0.0,0.11852677166461945
7289,9.57742566242814e-05,0.006197394616901874,0.009047609008848666,0.02941918596625328,0.0,0.007705610245466232,0.0,0.11851085722446442
7290,9.440703433938324e-05,0.006206852849572897,0.008865414932370187,0.02911428324878216,0.0,0.007708923425525427,0.0,0.11850757896900177
7291,9.343327110400423e-05,0.006043016631156206,0.008989205025136471,0.02906191423535347,0.0,0.007682158146053553,0.0,0.11850707232952118
7292,9.958044101949781e-05,0.00616318229585886,0.0086728785187006,0.03071778081357479,0.0,0.0076179602183401585,0.0,0.11851692199707031
7293,9.648815030232072e-05,0.006137367058545351,0.009134509786963462,0.029185834527015685,0.0,0.007562166545540094,0.0,0.11852916330099106
7294,9.94225891190581e-05,0.006230853777378797,0.00895434059202671,0.028245751559734345,0.0,0.007530081085860729,0.0,0.11851700395345688
7295,9.274885087506846e-05,0.005992944911122322,0.008552953973412514,0.029202372953295707,0.0,0.007478266954421997,0.0,0.11850030720233917
7296,9.08461821381934e-05,0.005998554453253746,0.00810420149937272,0.02957190163433552,0.0,0.007411028258502483,0.0,0.11849822103977203
7297,9.812661446630954e-05,0.006067346967756748,0.008174271322786808,0.028143486380577086,0.0,0.007370439358055592,0.0,0.11850179731845856
7298,9.415817039553076e-05,0.0061155595816671845,0.00819674776867032,0.028798102214932442,0.0,0.007345813326537609,0.0,0.11850275844335556
7299,9.984061034629121e-05,0.006246014591306448,0.008120512217283249,0.028893058001995087,0.0,0.007329948246479034,0.0,0.11849252879619598
7300,9.91698369034566e-05,0.006234852876514196,0.007930019218474627,0.02936451993882656,0.0,0.007312585599720478,0.0,0.11848070472478867
7301,8.794075547484681e-05,0.0061984647065401076,0.00790341328829527,0.0279948890209198,0.0,0.00727890944108367,0.0,0.11848056316375732
7302,9.20929407584481e-05,0.00606825016438961,0.007961941882967949,0.028377308696508407,0.0,0.007259526755660772,0.0,0.1184689998626709
7303,9.865992324193939e-05,0.005990581400692463,0.007462495379149914,0.02993583045899868,0.0,0.0073123956099152565,0.0,0.11846129596233368
7304,9.654418827267363e-05,0.006318506505340338,0.008125157840549947,0.02804194763302803,0.0,0.00736638018861413,0.0,0.11846792697906494
7305,9.438368142582476e-05,0.0060877356678247455,0.008408470265567302,0.029468509927392007,0.0,0.007405088283121586,0.0,0.11847354471683502
7306,0.00010326259798603133,0.006412834860384464,0.00863825473934412,0.0299593735486269,0.0,0.007403759751468897,0.0,0.11846832931041718
7307,9.95610695099458e-05,0.006045305542647839,0.008147355541586876,0.028318127617239952,0.0,0.007365291006863117,0.0,0.11846897751092911
7308,0.00010405921057099476,0.006366366147994995,0.008577262237668037,0.029124944284558297,0.0,0.007306558545678854,0.0,0.11847704648971558
7309,9.893500537145883e-05,0.006111536361277104,0.008026227820664644,0.02816653624176979,0.0,0.007257712073624134,0.0,0.11847998201847076
7310,0.00010409137612441555,0.006090790499001741,0.007765906676650047,0.028871117532253264,0.0,0.007303530815988779,0.0,0.11848946660757065
7311,9.375938680022955e-05,0.005943116825073957,0.008028759714215994,0.02925289496779442,0.0,0.00742014404386282,0.0,0.11851261556148529
7312,9.330078610219062e-05,0.00603790832683444,0.00823608534410596,0.028809710592031478,0.0,0.0074881380423903465,0.0,0.11854109913110733
7313,9.463416645303369e-05,0.006063577625900507,0.008388250786811113,0.029838692396879196,0.0,0.007486163172870874,0.0,0.11855638027191162
7314,9.244056418538094e-05,0.006278017628937959,0.008785683661699295,0.028957895189523696,0.0,0.007472299039363861,0.0,0.11855705082416534
7315,9.072685352293775e-05,0.005935800075531006,0.008157889358699322,0.029258183762431146,0.0,0.007434714585542679,0.0,0.11855246871709824
7316,9.99866591882892e-05,0.006202064175158739,0.007916939724236727,0.02876550257205963,0.0,0.007382129784673452,0.0,0.11855918169021606
7317,9.599015320418402e-05,0.006053393892943859,0.008267745282500983,0.02936563715338707,0.0,0.007404697593301535,0.0,0.11855652183294296
7318,9.777664236025885e-05,0.006235250271856785,0.008168931491672993,0.028791125863790512,0.0,0.007497136481106281,0.0,0.11856557428836823
7319,9.342433186247945e-05,0.006023403722792864,0.008417226932942867,0.028815341740846635,0.0,0.007581080310046673,0.0,0.11857862770557404
7320,0.00010547289857640863,0.00608118325471878,0.00813267007470131,0.028718891367316247,0.0,0.007651282008737326,0.0,0.11857807636260986
7321,0.00010462788486620411,0.005981112830340862,0.008344095945358277,0.030319948494434357,0.0,0.007701085414737463,0.0,0.11856408417224884
7322,0.00010040442721219734,0.006198896933346987,0.007671250216662884,0.028642626479268074,0.0,0.007711589336395264,0.0,0.11854443699121475
7323,9.937577706295997e-05,0.006465663015842438,0.007869318965822459,0.029276376217603685,0.0,0.0076977163553237915,0.0,0.11853458732366562
7324,9.890874789562077e-05,0.006135202664881945,0.007895726338028907,0.02751101516187191,0.0,0.007673307321965694,0.0,0.1185297742486
7325,9.681648807600141e-05,0.006122369691729546,0.00799480453133583,0.029114104434847833,0.0,0.007625277154147625,0.0,0.11852039396762848
7326,9.563716012053191e-05,0.00620351592078805,0.00752191748470068,0.02938995659351349,0.0,0.007554095238447189,0.0,0.11852602660655975
7327,8.699676691321656e-05,0.00595601499080658,0.008159909956157207,0.029631489887833595,0.0,0.007547162473201752,0.0,0.11853770166635513
7328,9.205990645568817e-05,0.006189286056905985,0.007545250095427036,0.02859862633049488,0.0,0.00757224764674902,0.0,0.11856849491596222
7329,0.0001003442841465585,0.00611905986443162,0.007646130304783583,0.029154064506292342,0.0,0.007554753217846155,0.0,0.11860156059265137
7330,9.341677941847593e-05,0.006066098529845476,0.008769579976797105,0.030059002339839935,0.0,0.00750922504812479,0.0,0.11862598359584808
7331,9.558503224980087e-05,0.006327684968709946,0.009346561599522829,0.031408227235078814,0.0,0.007464156486093998,0.0,0.11865884065628052
7332,9.962705371435732e-05,0.0062280062586069105,0.01059698648750782,0.028458434343338012,0.0,0.007461756467819214,0.0,0.11868864297866821
7333,0.00010089643619721755,0.006106741260737181,0.009506612084805965,0.02720518633723259,0.0,0.0075477794744074345,0.0,0.1187012791633606
7334,0.00010007204255089164,0.006365368142724037,0.009113668464124203,0.02888452559709549,0.0,0.007680003996938467,0.0,0.11868026107549667
7335,0.00010233877692371607,0.005955132283270359,0.008690490387380123,0.029039623215794563,0.0,0.007887550629675388,0.0,0.11866284906864166
7336,0.00010288806370226667,0.00625715060159564,0.008581481501460075,0.027928582578897476,0.0,0.008040813729166985,0.0,0.11867217719554901
7337,8.432519098278135e-05,0.006114486791193485,0.008476928249001503,0.028609589487314225,0.0,0.008084572851657867,0.0,0.11866068840026855
7338,9.88957763183862e-05,0.0059737712144851685,0.008215542417019606,0.029633868113160135,0.0,0.008093215525150299,0.0,0.11862816661596298
7339,9.942001197487116e-05,0.006135943252593279,0.008645499870181084,0.02965514212846756,0.0,0.00809517316520214,0.0,0.11861662566661835
7340,9.873628441710025e-05,0.006135248020291329,0.00909976065158844,0.028665651753544807,0.0,0.008128851652145386,0.0,0.11862573772668839
7341,9.24631443922408e-05,0.0061060450039803985,0.008492426946759224,0.027482696622610093,0.0,0.008145821280777454,0.0,0.11862505972385406
7342,9.64521401328966e-05,0.00617168266326189,0.008565490134060383,0.028919046744704247,0.0,0.008102891966700554,0.0,0.11860524117946625
7343,9.050678054336458e-05,0.006348961777985096,0.008292111568152905,0.02946220301091671,0.0,0.008010512217879295,0.0,0.11860992759466171
7344,9.128531528403982e-05,0.006101177725940943,0.00875084325671196,0.027601896971464156,0.0,0.007957087829709053,0.0,0.11862652003765106
7345,9.572823037160561e-05,0.006167464144527912,0.008404579013586044,0.02827269583940506,0.0,0.00813262164592743,0.0,0.11862683296203613
7346,9.378731483593583e-05,0.006228336226195097,0.008891959954053164,0.028729505091905593,0.0,0.008334572426974773,0.0,0.11861121654510498
7347,8.963251020759344e-05,0.006085395719856024,0.009080812707543373,0.02803022563457489,0.0,0.008427156135439873,0.0,0.11859313398599625
7348,9.837134566623718e-05,0.006113319937139749,0.008409505896270274,0.02901163771748543,0.0,0.008476908318698406,0.0,0.11857672035694122
7349,9.995055734179914e-05,0.0060262145474553105,0.008058236725628377,0.03110685497522354,0.0,0.008534828200936317,0.0,0.11856970936059952
7350,9.416241373401135e-05,0.006195447780191899,0.008821476995944978,0.028846606984734534,0.0,0.008536381646990776,0.0,0.11856528371572495
7351,9.565919463057071e-05,0.006052379310131073,0.008743307273834943,0.028158972784876824,0.0,0.008468085899949074,0.0,0.11855272203683853
7352,0.00010304285242455081,0.005971123557537794,0.00907838437706232,0.028581680729985237,0.0,0.008384927175939083,0.0,0.1185322031378746
7353,9.541866747895256e-05,0.00611489936709404,0.008556171506643295,0.02965805195271969,0.0,0.008296124637126923,0.0,0.11853064596652985
7354,9.351553599117324e-05,0.0058827661909162995,0.00818168967962265,0.029303619638085365,0.0,0.00819442979991436,0.0,0.11855106055736542
7355,8.718978497199715e-05,0.006096907705068588,0.008581997826695442,0.02883017882704735,0.0,0.008133158087730408,0.0,0.1185653954744339
7356,9.4111445650924e-05,0.0059183198027312756,0.00823309477418661,0.029599737748503684,0.0,0.008072840981185436,0.0,0.11856047809123993
7357,9.493295510765165e-05,0.00622670454904437,0.008541985042393207,0.028883121535182,0.0,0.007992012426257133,0.0,0.11853575706481934
7358,9.228121198248118e-05,0.006011716276407242,0.00846538059413433,0.028650224581360816,0.0,0.007897377014160156,0.0,0.1184980496764183
7359,9.003514132928103e-05,0.006108744814991951,0.008191175386309623,0.028673882037401198,0.0,0.007808409631252289,0.0,0.11847182363271713
7360,8.662558539072052e-05,0.0060834108851850035,0.008514510095119476,0.029142021760344507,0.0,0.007730908691883087,0.0,0.11846785247325897
7361,9.676929330453277e-05,0.006229808740317822,0.008478927053511142,0.027469148114323615,0.0,0.00766396289691329,0.0,0.1184634193778038
7362,9.218890772899613e-05,0.006091735325753689,0.008454715088009834,0.03052605576813221,0.0,0.007605367805808783,0.0,0.11845310777425766
7363,9.865633182926103e-05,0.006097979936748743,0.008481785096228123,0.028532443568110466,0.0,0.007553829345852137,0.0,0.11844117939472198
7364,9.711954626254738e-05,0.005957620870321989,0.008348736260086299,0.029003093019127846,0.0,0.007548131048679352,0.0,0.11842471361160278
7365,9.380805859109387e-05,0.006105297710746527,0.007732224464416504,0.028747349604964258,0.0,0.007548813708126545,0.0,0.11841243505477905
7366,9.876097756205127e-05,0.006143874581903219,0.009538727812469006,0.02926793061196804,0.0,0.007622838020324707,0.0,0.11840145289897919
7367,9.146718366537243e-05,0.0062138445675373076,0.009531468898057938,0.029691966623067854,0.0,0.007730049081146717,0.0,0.11839630454778671
7368,9.80003722361289e-05,0.006069115269929171,0.00958425123244524,0.028943344205617904,0.0,0.007840661332011223,0.0,0.11839213222265244
7369,9.819785482250154e-05,0.0062129017896950245,0.008973162807524204,0.02838372513651848,0.0,0.007949396967887878,0.0,0.11839296668767929
7370,9.90145665127784e-05,0.006252321694046259,0.008946559764444828,0.030109237506985666,0.0,0.007989968173205853,0.0,0.11839137226343155
7371,9.448213531868533e-05,0.006287576816976071,0.008455906063318253,0.029440724477171897,0.0,0.007951835170388222,0.0,0.1184002012014389
7372,0.00010493540758034214,0.006138847675174475,0.008671808242797851,0.029214519634842874,0.0,0.007861979305744171,0.0,0.11841903626918793
7373,0.00010184779966948554,0.0060034641996026036,0.008401626069098712,0.029852832853794097,0.0,0.007768247276544571,0.0,0.11844156682491302
7374,0.00010448728426126763,0.006017773225903511,0.00865720696747303,0.028222354128956795,0.0,0.007690259255468845,0.0,0.11845573037862778
7375,0.00010401826439192519,0.005996729899197817,0.00801953263580799,0.02841285727918148,0.0,0.007631008513271809,0.0,0.11845531314611435
7376,0.00010607695003272966,0.006080131698399782,0.008193033002316951,0.028900843858718873,0.0,0.00760335847735405,0.0,0.11843963712453842
7377,9.820490813581274e-05,0.006445305980741977,0.007667468767613173,0.02836609408259392,0.0,0.007601416204124689,0.0,0.1184304803609848
7378,8.99886741535738e-05,0.006194970943033696,0.007713707722723484,0.02784029021859169,0.0,0.00765079353004694,0.0,0.11842672526836395
7379,0.0001008953564451076,0.006018002890050412,0.007827848009765149,0.028390120714902878,0.0,0.007718383334577084,0.0,0.11841414123773575
7380,9.43265447858721e-05,0.006152487453073263,0.0076105516403913494,0.02969566322863102,0.0,0.007766661234200001,0.0,0.11841052770614624
7381,9.32669994654134e-05,0.005944291595369577,0.007676952518522739,0.0305614210665226,0.0,0.00778973987326026,0.0,0.11840198189020157
7382,9.097662550630047e-05,0.006173021625727415,0.007908325362950563,0.0299263384193182,0.0,0.007762173656374216,0.0,0.11840256303548813
7383,0.0001084481889847666,0.00614411635324359,0.007603316940367222,0.0291718989610672,0.0,0.007693340070545673,0.0,0.11841364949941635
7384,0.00010720958525780588,0.006060555204749107,0.007448870781809091,0.029248082265257835,0.0,0.007606104947626591,0.0,0.11842547357082367
7385,0.00010655219084583223,0.0061122987419366835,0.008006968162953853,0.02889016382396221,0.0,0.007540913764387369,0.0,0.11842145025730133
7386,9.948270162567497e-05,0.006230186484754085,0.007978452648967505,0.02840982414782047,0.0,0.007489015348255634,0.0,0.11843087524175644
7387,9.022582235047593e-05,0.006220884807407856,0.0077549626119434835,0.02835167050361633,0.0,0.0074301958084106445,0.0,0.11844345182180405
7388,9.896212577586994e-05,0.005893909465521574,0.008513132110238075,0.02840004339814186,0.0,0.007388953119516373,0.0,0.11844751983880997
7389,9.60041958023794e-05,0.0058891595341265205,0.007873378042131663,0.02934207357466221,0.0,0.00738229975104332,0.0,0.11844523251056671
7390,9.567994129611179e-05,0.006017765775322914,0.007743240147829056,0.0285073421895504,0.0,0.007415038999170065,0.0,0.11844612658023834
7391,9.76318959146738e-05,0.006065208464860916,0.007554108090698719,0.028904553130269052,0.0,0.007455120794475079,0.0,0.11844901740550995
7392,0.00010609400051180274,0.006255467608571053,0.008218624629080296,0.02864935025572777,0.0,0.007479491177946329,0.0,0.11846379935741425
7393,9.834905358729884e-05,0.006134106311947107,0.007829978223890066,0.028548625111579896,0.0,0.007496774196624756,0.0,0.11847512423992157
7394,0.00010366979549871757,0.006341184582561254,0.008096658624708652,0.029538105800747873,0.0,0.007482281886041164,0.0,0.1184827908873558
7395,9.977960144169629e-05,0.006163990683853626,0.008146961778402328,0.027736790105700494,0.0,0.007452371064573526,0.0,0.11848535388708115
7396,9.803258581086993e-05,0.006114751938730479,0.007938119396567345,0.029219453036785126,0.0,0.0074141607619822025,0.0,0.11849159002304077
7397,9.243019740097224e-05,0.006171967927366495,0.00835573822259903,0.028703266009688377,0.0,0.007371106650680304,0.0,0.1184847354888916
7398,9.961218602256849e-05,0.006354844849556685,0.008676824998110533,0.028808887302875518,0.0,0.007384550757706165,0.0,0.11847794055938721
7399,9.732383623486384e-05,0.005934372264891863,0.007994017656892538,0.027482567727565764,0.0,0.007480093743652105,0.0,0.11846152693033218
7400,9.956291032722219e-05,0.005917061399668455,0.007876780908554792,0.029454213753342628,0.0,0.007539976388216019,0.0,0.11845432221889496
7401,9.348306484753266e-05,0.00605349950492382,0.007436928804963827,0.028971125185489655,0.0,0.007529163267463446,0.0,0.11845700442790985
7402,9.436867985641584e-05,0.006120233330875635,0.007275136094540358,0.028673986345529555,0.0,0.007537440396845341,0.0,0.11845419555902481
7403,9.532029944239184e-05,0.005914168898016214,0.007688085734844208,0.030167262256145477,0.0,0.007595299277454615,0.0,0.11844302713871002
7404,9.023947641253471e-05,0.006039897445589304,0.007961250841617584,0.02853863164782524,0.0,0.007701758295297623,0.0,0.11844080686569214
7405,0.00010027447569882497,0.006152258068323135,0.008808658085763454,0.029718276858329774,0.0,0.007769178599119186,0.0,0.1184288039803505
7406,9.831456263782456e-05,0.006222577579319477,0.00828293152153492,0.029153744876384734,0.0,0.00776646938174963,0.0,0.11843056976795197
7407,9.825467568589375e-05,0.006007265485823155,0.008561286423355342,0.03040679469704628,0.0,0.00770981702953577,0.0,0.11844320595264435
7408,0.00010200242249993607,0.005994912330061197,0.008008682169020176,0.030435662344098093,0.0,0.007627001963555813,0.0,0.11844383180141449
7409,9.576434822520242e-05,0.006277230009436608,0.008110247366130353,0.027614864706993102,0.0,0.007554119918495417,0.0,0.11845435947179794
7410,9.180453489534556e-05,0.006157721485942602,0.008073513302952052,0.02929243743419647,0.0,0.007478085346519947,0.0,0.11846430599689484
7411,9.145451913354919e-05,0.006149526499211788,0.00763756912201643,0.028362544253468513,0.0,0.007412244565784931,0.0,0.11846808344125748
7412,9.220403735525906e-05,0.006125093437731266,0.00770088005810976,0.02741170972585678,0.0,0.007409273646771908,0.0,0.11845068633556366
7413,9.646206017350778e-05,0.006356947124004364,0.007347322441637516,0.028897982463240622,0.0,0.007464212365448475,0.0,0.1184205636382103
7414,9.764771239133552e-05,0.006258246209472418,0.007692051958292723,0.03120301216840744,0.0,0.007547530345618725,0.0,0.11840347945690155
7415,9.307516738772392e-05,0.006355785951018334,0.007160685025155544,0.028837180882692336,0.0,0.00760058406740427,0.0,0.11841051280498505
7416,0.0001031386709655635,0.005936652049422264,0.007602861616760492,0.029585270583629607,0.0,0.007627040147781372,0.0,0.11841227114200592
7417,9.892533125821501e-05,0.006308036670088768,0.00801423480734229,0.028870095685124397,0.0,0.0076391203328967094,0.0,0.11841772496700287
7418,0.00010088880226248876,0.006089884508401156,0.007527537457644939,0.02867201156914234,0.0,0.007634131703525782,0.0,0.1184358224272728
7419,0.00010649843461578712,0.005996759049594402,0.007638534996658564,0.029296255856752395,0.0,0.00760694732889533,0.0,0.1184358149766922
7420,9.642050717957318e-05,0.006043059565126896,0.007876245677471161,0.029397917538881303,0.0,0.007567628286778927,0.0,0.1184290423989296
7421,9.778234962141142e-05,0.006114120129495859,0.00741657679900527,0.02857682704925537,0.0,0.007512272801250219,0.0,0.11844217777252197
7422,9.647146507631987e-05,0.00602679830044508,0.007283787615597248,0.028971418738365173,0.0,0.00744662806391716,0.0,0.11844952404499054
7423,9.506762435194105e-05,0.006452271528542042,0.006906508095562458,0.029998572543263435,0.0,0.007383415941148996,0.0,0.11845427751541138
7424,0.00010072551667690277,0.006111668329685927,0.0072258665226399895,0.029635175317525863,0.0,0.007369420025497675,0.0,0.1184687614440918
7425,0.0001010683728964068,0.006070288084447384,0.007491119857877493,0.02960898503661156,0.0,0.007393258158117533,0.0,0.11848650872707367
7426,9.464730974286794e-05,0.006339902803301811,0.007486554142087698,0.028206926956772804,0.0,0.007421313785016537,0.0,0.11849600076675415
7427,0.00010303159360773862,0.0059946969151496885,0.007446225453168154,0.02828725501894951,0.0,0.0074776955880224705,0.0,0.11849206686019897
7428,8.977406250778585e-05,0.006194173637777567,0.00767872566357255,0.028932564705610276,0.0,0.007534286472946405,0.0,0.1184876337647438
7429,9.830213384702802e-05,0.006217352952808142,0.007041180599480867,0.029676491767168044,0.0,0.007583514787256718,0.0,0.11847442388534546
7430,0.00010367490467615426,0.006128497701138258,0.007180025894194841,0.02909316197037697,0.0,0.007604965474456549,0.0,0.11846157163381577
7431,9.455844556214288e-05,0.006050245091319084,0.007678310852497816,0.02958025597035885,0.0,0.007588101085275412,0.0,0.11844788491725922
7432,8.920181862777099e-05,0.006124937627464533,0.007589177787303924,0.02852713130414486,0.0,0.007522796746343374,0.0,0.11843874305486679
7433,9.370660554850475e-05,0.00613705413416028,0.0074226269498467445,0.028824398666620253,0.0,0.007495147176086903,0.0,0.11845097690820694
7434,0.00010288395860698074,0.006195325311273337,0.007238311599940062,0.029312163963913916,0.0,0.007611460983753204,0.0,0.11846502125263214
7435,9.234094031853601e-05,0.006257085036486388,0.007350108493119479,0.028545186668634415,0.0,0.007733970880508423,0.0,0.1184743270277977
7436,0.00010058536718133837,0.0061624709516763685,0.008206218853592873,0.028573103621602057,0.0,0.007852030918002129,0.0,0.11848439276218414
7437,0.00010078324557980523,0.006201822869479656,0.008734613843262195,0.029025325551629066,0.0,0.007953310385346413,0.0,0.11848995834589005
7438,9.68817519606091e-05,0.005994892865419388,0.008311501890420913,0.029685455188155175,0.0,0.007992014288902283,0.0,0.11849572509527206
7439,9.357261733384803e-05,0.006057695392519236,0.007862599287182092,0.029167388379573823,0.0,0.007967228069901466,0.0,0.11851944774389267
7440,9.615100861992687e-05,0.005902722664177418,0.007468062452971935,0.02822633534669876,0.0,0.007901065982878208,0.0,0.11852868646383286
7441,9.700408700155094e-05,0.006189478933811188,0.007581713423132896,0.02960529029369354,0.0,0.007832499220967293,0.0,0.11854051053524017
7442,9.878690470941365e-05,0.006224709004163742,0.007933181431144475,0.02839040644466877,0.0,0.007762634661048651,0.0,0.11856218427419662
7443,9.660257492214442e-05,0.006150071043521166,0.007631192728877067,0.028477837890386583,0.0,0.00771151389926672,0.0,0.11855713278055191
7444,9.845573076745495e-05,0.006229671649634838,0.007838779967278242,0.029301557689905167,0.0,0.007667520083487034,0.0,0.11852876096963882
7445,0.0001009888102998957,0.005913219228386879,0.008125340007245541,0.028109220415353776,0.0,0.007613776717334986,0.0,0.11850088834762573
7446,0.00010506985854590312,0.0059295185841619965,0.008203024230897426,0.028465818241238595,0.0,0.007557082921266556,0.0,0.11848107725381851
7447,0.00010330490476917475,0.006059803627431392,0.008120916597545148,0.030374432727694512,0.0,0.007510916795581579,0.0,0.11847227811813354
7448,8.805855759419501e-05,0.006153586506843567,0.00849187895655632,0.02980321943759918,0.0,0.007455423474311829,0.0,0.11846987158060074
7449,0.00010005350195569917,0.005934792943298817,0.007410606555640698,0.027386365458369255,0.0,0.0074149323627352715,0.0,0.11847541481256485
7450,9.822616702876985e-05,0.0058673229068517685,0.00784718357026577,0.028381774201989174,0.0,0.007384923752397299,0.0,0.11847734451293945
7451,9.896170377032831e-05,0.005899293068796396,0.00783487008884549,0.03007422685623169,0.0,0.00733526423573494,0.0,0.11848066747188568
7452,0.00010088500421261415,0.006070363521575928,0.007852360792458057,0.029613792896270752,0.0,0.00727316876873374,0.0,0.11848733574151993
7453,0.00010077909100800753,0.00630137724801898,0.0071194002404809,0.028432588279247283,0.0,0.007223444525152445,0.0,0.11849810928106308
7454,9.489414951531216e-05,0.005965243931859732,0.007632116228342057,0.02828136458992958,0.0,0.00718646589666605,0.0,0.1185029149055481
7455,9.453129023313522e-05,0.006042380072176457,0.007733852416276932,0.028010091558098794,0.0,0.00716337189078331,0.0,0.11849360167980194
7456,9.436500113224611e-05,0.006002584844827652,0.007632159255445003,0.028935415670275688,0.0,0.007145463488996029,0.0,0.11849109083414078
7457,9.857737604761496e-05,0.006331938318908215,0.0077908247709274295,0.0290064487606287,0.0,0.007125727832317352,0.0,0.11848758161067963
7458,9.265781845897436e-05,0.0059301936067640785,0.007777338102459908,0.028217990323901175,0.0,0.0071108415722846985,0.0,0.11849132925271988
7459,0.0001047674086294137,0.006119392905384302,0.007708992157131433,0.028773078694939613,0.0,0.007101952098309994,0.0,0.1184941977262497
7460,9.688585123512894e-05,0.006176191940903663,0.007346445415169001,0.02943957783281803,0.0,0.007106468081474304,0.0,0.11850714683532715
7461,9.235526813426987e-05,0.0060794706456363205,0.007697348110377788,0.029659876599907875,0.0,0.007134642452001572,0.0,0.11850680410861969
7462,9.388379112351686e-05,0.006188530102372169,0.007340275309979915,0.02850135639309883,0.0,0.007217091508209705,0.0,0.11849727481603622
7463,0.00010590993624646217,0.006202682759612799,0.007462077215313912,0.029179184511303902,0.0,0.007313391659408808,0.0,0.11849560588598251
7464,9.001678408822044e-05,0.006024137977510691,0.00766742080450058,0.030180169641971587,0.0,0.007391510996967554,0.0,0.11850861459970474
7465,9.783422719920055e-05,0.006214312463998795,0.0077820844948291775,0.02895062305033207,0.0,0.0074305483140051365,0.0,0.11853720992803574
7466,0.00010419923783047124,0.0060231461189687256,0.008098286855965853,0.028493276238441466,0.0,0.007474454585462809,0.0,0.11854104697704315
7467,8.975763921625912e-05,0.006158917024731636,0.007606822811067104,0.028968818858265875,0.0,0.007508301176130772,0.0,0.11852816492319107
7468,9.700678347144276e-05,0.0061711746267974375,0.007696563936769962,0.028878933191299437,0.0,0.0075025400146842,0.0,0.1185266524553299
7469,9.59055672865361e-05,0.006049251556396485,0.007120151910930872,0.02875600419938564,0.0,0.0074573783203959465,0.0,0.11850906908512115
7470,9.725044219521806e-05,0.0062903731130063536,0.007428475748747587,0.02917030416429043,0.0,0.007382945157587528,0.0,0.11849357932806015
7471,9.659695060690865e-05,0.006307489518076181,0.007436772994697094,0.027611371129751205,0.0,0.007315961178392172,0.0,0.11848747730255127
7472,0.00010338517458876594,0.006003514863550663,0.007372739166021347,0.028918032720685004,0.0,0.007271175272762775,0.0,0.1184578388929367
7473,0.00010216347145615145,0.0060984366573393345,0.007276150025427341,0.027686474844813347,0.0,0.007286301348358393,0.0,0.1184258684515953
7474,9.205415117321535e-05,0.0062610582448542115,0.007282979041337967,0.028882258012890814,0.0,0.007402992341667414,0.0,0.11838533729314804
7475,9.746145660756156e-05,0.006138176564127207,0.007469587959349155,0.029497851431369782,0.0,0.007527121342718601,0.0,0.11836265027523041
7476,8.752991416258738e-05,0.00614751186221838,0.007534678000956774,0.028686054050922394,0.0,0.007599139120429754,0.0,0.11835572868585587
7477,9.171927231363953e-05,0.006164638139307499,0.007637438178062439,0.029403061792254447,0.0,0.007620685733854771,0.0,0.1183522492647171
7478,9.277647477574646e-05,0.006149859633296728,0.007593514304608107,0.028097375854849817,0.0,0.007581201381981373,0.0,0.11836026608943939
7479,9.387025056639686e-05,0.0061937026679515835,0.007016998436301947,0.02908787503838539,0.0,0.007557085249572992,0.0,0.11837899684906006
7480,0.00010153520997846499,0.006168614327907562,0.007506185676902533,0.02734506092965603,0.0,0.007572975941002369,0.0,0.11840176582336426
7481,9.654603200033307e-05,0.005971999652683735,0.007469331379979849,0.029085290804505348,0.0,0.007554546929895878,0.0,0.11842532455921173
7482,0.00010033584258053451,0.006083941925317049,0.007302666176110506,0.028787455335259438,0.0,0.007511514239013195,0.0,0.11843285709619522
7483,0.00010091016156366095,0.0062973667867481705,0.0074004361405968664,0.029975684732198714,0.0,0.007489096373319626,0.0,0.11843402683734894
7484,9.365912264911458e-05,0.006136010959744453,0.008037746697664262,0.029172853007912634,0.0,0.007482039742171764,0.0,0.1184341162443161
7485,9.765035065356642e-05,0.006018998008221388,0.008472027629613877,0.028363438323140144,0.0,0.0074465638026595116,0.0,0.11842913925647736
7486,9.948697843356057e-05,0.006144513469189405,0.008508210722357034,0.02968674749135971,0.0,0.007399675436317921,0.0,0.11843691021203995
7487,9.223039960488677e-05,0.0062033628113567826,0.009250596724450588,0.02964441403746605,0.0,0.007357428316026926,0.0,0.11844933032989502
7488,9.134865540545433e-05,0.006111938785761595,0.008900501951575279,0.028546105697751047,0.0,0.007357322610914707,0.0,0.1184699684381485
7489,0.00010443561768624932,0.006126094982028008,0.009170385263860225,0.028310831636190414,0.0,0.007398918271064758,0.0,0.11848422139883041
7490,0.00010282966104568914,0.00600650180131197,0.008401395939290523,0.02863861620426178,0.0,0.007539176382124424,0.0,0.11847851425409317
7491,9.934831759892405e-05,0.006042332574725151,0.008650283515453338,0.028943274170160294,0.0,0.007693720515817404,0.0,0.11847706884145737
7492,0.00010331656812923029,0.005940698273479939,0.008154982514679433,0.02855348214507103,0.0,0.00781301874667406,0.0,0.11846964061260223
7493,0.00010008830431615934,0.005982539057731629,0.008415161073207856,0.029199955239892005,0.0,0.00791928730905056,0.0,0.11844293028116226
7494,0.00010078827035613358,0.006118324864655733,0.007627513632178307,0.029151419177651405,0.0,0.007969464175403118,0.0,0.11842918395996094
7495,9.715501801110804e-05,0.00593197401612997,0.007877729460597038,0.029672545567154884,0.0,0.007962053641676903,0.0,0.11841626465320587
7496,9.551710536470637e-05,0.006139067653566599,0.0074835213832557205,0.029167419672012328,0.0,0.00793182197958231,0.0,0.11842767894268036
7497,9.482143359491601e-05,0.006091674044728279,0.007550883479416371,0.028768004849553108,0.0,0.007883536629378796,0.0,0.11844374239444733
7498,9.618609328754246e-05,0.006095935683697462,0.007726382557302713,0.028821565583348273,0.0,0.007810390088707209,0.0,0.11845575273036957
7499,9.789733012439683e-05,0.006373139936476946,0.007720178831368685,0.029313761740922928,0.0,0.007714047096669674,0.0,0.11846265941858292
7500,9.202829969581216e-05,0.005994236189872026,0.00764904422685504,0.02888697013258934,0.0,0.0076139336451888084,0.0,0.11847071349620819
7501,9.773595229489729e-05,0.005963125359266996,0.007748502213507891,0.02812357246875763,0.0,0.007509770803153515,0.0,0.11848578602075577
7502,0.00010436197189847007,0.006134875677525997,0.007420667167752981,0.028453809022903443,0.0,0.0074119665659964085,0.0,0.1184767484664917
7503,0.00010441222257213667,0.006202834285795688,0.007578462548553944,0.02953677885234356,0.0,0.007326103746891022,0.0,0.11846841871738434
7504,0.00010440901533002034,0.006218476593494416,0.0069820965640246865,0.029307597130537034,0.0,0.007251585368067026,0.0,0.11846387386322021
7505,9.557357407175004e-05,0.005908914282917977,0.0082817024551332,0.029139237105846406,0.0,0.007241431623697281,0.0,0.11846116930246353
7506,0.00010949639690807089,0.005974821653217078,0.008183232601732015,0.031057810038328172,0.0,0.007280517369508743,0.0,0.1184794083237648
7507,9.554005227982998e-05,0.006153005920350551,0.00773193147033453,0.02855909802019596,0.0,0.007340952754020691,0.0,0.11850082874298096
7508,0.00010074318270199,0.0062238010577857494,0.007591455988585949,0.029021823778748512,0.0,0.007408080156892538,0.0,0.1185305118560791
7509,9.074935514945537e-05,0.005984353832900524,0.007503692805767059,0.028568248078227044,0.0,0.007498080376535654,0.0,0.11855186522006989
7510,0.00010192816116614268,0.006206918973475695,0.007905969489365816,0.02858855575323105,0.0,0.007613809313625097,0.0,0.1185692548751831
7511,9.552943665767089e-05,0.006019297614693641,0.007675271015614271,0.02857606075704098,0.0,0.007685889955610037,0.0,0.11856625974178314
7512,9.674058383097872e-05,0.006307509914040566,0.007328304834663868,0.029292688891291618,0.0,0.0077000274322927,0.0,0.11854423582553864
7513,9.606557432562113e-05,0.006143885664641857,0.007290827482938767,0.029223326593637466,0.0,0.007697891443967819,0.0,0.118525430560112
7514,9.978901653084904e-05,0.006183725781738758,0.007251657918095589,0.029428296163678168,0.0,0.0076910057105124,0.0,0.11852163076400757
7515,0.00010127541609108447,0.0062455225735902785,0.007103274017572403,0.02864982858300209,0.0,0.007675370667129755,0.0,0.11851136386394501
7516,9.148740791715681e-05,0.0063289285637438296,0.007343536242842674,0.028928562998771667,0.0,0.007627350278198719,0.0,0.11849550157785416
7517,0.00010133903269888833,0.006232190597802401,0.007109942939132452,0.028603482991456985,0.0,0.007553814444690943,0.0,0.11848606914281845
7518,0.00010154929041163995,0.005968462489545345,0.007624081335961819,0.029429821670055388,0.0,0.007463664747774601,0.0,0.11847355216741562
7519,0.000100949895568192,0.0062858819030225275,0.007369537092745304,0.02894909307360649,0.0,0.007373695261776447,0.0,0.11846990883350372
7520,9.778738603927195e-05,0.006273051910102368,0.008104857336729766,0.02961677648127079,0.0,0.007305287756025791,0.0,0.11848144233226776
7521,9.299084485974163e-05,0.006237080506980419,0.007598682306706905,0.030207114666700362,0.0,0.0072489455342292786,0.0,0.11848811060190201
7522,9.288399014621973e-05,0.006113370973616838,0.007900884747505188,0.02930472940206528,0.0,0.007211766205728054,0.0,0.11850790679454803
7523,9.764586866367608e-05,0.006290378514677286,0.007469399366527796,0.028047629445791245,0.0,0.00723079452291131,0.0,0.1185220256447792
7524,9.666852420195938e-05,0.006039097625762224,0.007623811904340983,0.02847268395125866,0.0,0.007277278695255518,0.0,0.11851237714290619
7525,9.942386823240668e-05,0.006086283642798662,0.0076167325489223,0.02834978960454464,0.0,0.007301833480596542,0.0,0.11849860846996307
7526,8.852603496052325e-05,0.006038450449705124,0.007520697079598904,0.029324129968881608,0.0,0.007315955124795437,0.0,0.11847782135009766
7527,0.00010027472890214995,0.006183979753404856,0.006801610812544823,0.02894439734518528,0.0,0.007367179729044437,0.0,0.11847446113824844
7528,9.494611585978419e-05,0.006295933201909065,0.007079029176384211,0.030026191845536232,0.0,0.007423565723001957,0.0,0.11847609281539917
7529,0.00010076674952870235,0.0061338010244071485,0.0073421461507678035,0.02938016168773174,0.0,0.007433797232806683,0.0,0.11848684400320053
7530,9.405004821019247e-05,0.006277880631387234,0.0068561662919819355,0.02771201804280281,0.0,0.007403993047773838,0.0,0.11849211156368256
7531,9.694577602203935e-05,0.005999485123902559,0.0072813242673873905,0.028532567992806436,0.0,0.007387712597846985,0.0,0.11848735809326172
7532,9.417999681318178e-05,0.0060896708630025385,0.007124803215265274,0.0301030732691288,0.0,0.0074485293589532375,0.0,0.11847466230392456
7533,9.868363122222945e-05,0.005988562759011984,0.007652167323976755,0.028550834953784944,0.0,0.007508634589612484,0.0,0.11847816407680511
7534,9.315288334619254e-05,0.006265060789883137,0.007694961410015822,0.029489006847143173,0.0,0.007528477814048529,0.0,0.11848137527704239
7535,9.595612937118858e-05,0.0059557070955634115,0.007450178265571594,0.029409873113036156,0.0,0.00749345263466239,0.0,0.11849232763051987
7536,9.368073224322871e-05,0.006312853377312422,0.007781818695366383,0.028674114868044852,0.0,0.00753860455006361,0.0,0.11852099746465683
7537,9.815684898057952e-05,0.006226904876530171,0.008065757900476455,0.02808145694434643,0.0,0.0076362998224794865,0.0,0.1185307726264
7538,9.887103951768949e-05,0.006188878417015075,0.007573113590478897,0.028133684769272804,0.0,0.007716903928667307,0.0,0.11852828413248062
7539,0.000101555633591488,0.006118461489677429,0.0073891949839890005,0.02885982356965542,0.0,0.00781327672302723,0.0,0.11852763593196869
7540,9.114853746723383e-05,0.006198172178119421,0.0072507492266595365,0.03014218434691429,0.0,0.007877403870224953,0.0,0.11853337287902832
7541,9.480677399551496e-05,0.006339755002409219,0.007294200547039509,0.02839507833123207,0.0,0.007887883111834526,0.0,0.11854841560125351
7542,9.182036010315641e-05,0.006221177522093058,0.0074664315208792685,0.029632023721933364,0.0,0.007862395606935024,0.0,0.11855487525463104
7543,9.702406823635102e-05,0.005941169057041407,0.00768737243488431,0.02832295298576355,0.0,0.007801751606166363,0.0,0.11856596171855927
7544,9.779263200471178e-05,0.0059816206805408,0.007311312761157751,0.029490722715854643,0.0,0.007718388922512531,0.0,0.11856285482645035
7545,9.681444644229486e-05,0.006292522512376308,0.007892338000237942,0.028390484675765038,0.0,0.007630328182131052,0.0,0.11855830252170563
7546,0.00010834756394615397,0.006173897068947554,0.007294000219553709,0.0290461290627718,0.0,0.007554913405328989,0.0,0.11857269704341888
7547,0.00010439698526170105,0.006032481696456671,0.0072354963049292564,0.02892304174602032,0.0,0.007473643869161606,0.0,0.11858303844928741
7548,9.348428429802879e-05,0.006233434937894344,0.007428227458149195,0.02902805171906948,0.0,0.007377653382718563,0.0,0.11856452375650406
7549,9.681224037194625e-05,0.006117099896073341,0.0071652204729616645,0.029735611379146577,0.0,0.007301847450435162,0.0,0.11853470653295517
7550,0.00010034545557573438,0.006251536402851343,0.007443059328943491,0.028836065158247947,0.0,0.007260351441800594,0.0,0.11852623522281647
7551,9.207579714711755e-05,0.0059939872473478316,0.007264329493045807,0.028273681178689003,0.0,0.007229434791952372,0.0,0.11851727962493896
7552,9.395911765750498e-05,0.006176821421831846,0.007273336872458458,0.029477354139089584,0.0,0.007212264928966761,0.0,0.11849884688854218
7553,0.00010007782257162034,0.0061093118973076345,0.007537884823977947,0.02953256405889988,0.0,0.007192693650722504,0.0,0.11851193755865097
7554,0.00010358272993471473,0.006297018937766552,0.007202321570366621,0.02880290038883686,0.0,0.007185698952525854,0.0,0.11852636188268661
7555,9.562191407894716e-05,0.0061514307744801044,0.007346657197922468,0.02980210669338703,0.0,0.007201706059277058,0.0,0.11852484941482544
7556,0.00010141795064555481,0.006248482037335634,0.007168353348970413,0.028682417422533035,0.0,0.007219674997031689,0.0,0.11852677166461945
7557,9.679940412752331e-05,0.006066268775612116,0.007336571160703897,0.028392675518989562,0.0,0.007276562508195639,0.0,0.11853315681219101
7558,9.033342939801514e-05,0.006232562102377414,0.007169717643409968,0.02860199138522148,0.0,0.007315747439861298,0.0,0.11854517459869385
7559,9.204637754010037e-05,0.006050828658044338,0.007322367932647467,0.02898760624229908,0.0,0.007320101372897625,0.0,0.11854426562786102
7560,9.746254800120368e-05,0.005951715167611837,0.006917754467576742,0.029545852914452553,0.0,0.00733415549620986,0.0,0.11853732168674469
7561,9.826235182117671e-05,0.005905049946159124,0.007072503212839365,0.029100901260972024,0.0,0.007356488611549139,0.0,0.11854428052902222
7562,9.113061096286402e-05,0.006144201755523682,0.007231360580772161,0.02904725819826126,0.0,0.007364931516349316,0.0,0.11853469908237457
7563,9.768122981768101e-05,0.0061730614863336085,0.007256846781820059,0.028508687391877174,0.0,0.007347262464463711,0.0,0.11851467192173004
7564,9.426674223504961e-05,0.0060352579690516,0.007196267880499363,0.029724401980638505,0.0,0.007329332642257214,0.0,0.11850520223379135
7565,0.00010097889753524214,0.006292560137808323,0.007546384632587433,0.028553492575883865,0.0,0.007320198230445385,0.0,0.1184961348772049
7566,9.905842889565975e-05,0.00611547389999032,0.007387797348201275,0.028309468179941177,0.0,0.0072955600917339325,0.0,0.11847871541976929
7567,9.470049699302762e-05,0.006039895582944155,0.007320437673479318,0.027974845096468925,0.0,0.007278703153133392,0.0,0.11847064644098282
7568,0.0001014853798551485,0.006110201496630907,0.0070410558953881265,0.029624075815081596,0.0,0.007281438913196325,0.0,0.11847557127475739
7569,9.656662150518969e-05,0.006243668124079704,0.007241161074489355,0.028072498738765717,0.0,0.007288855500519276,0.0,0.11846765130758286
7570,9.195221355184913e-05,0.006086081173270941,0.007427797093987465,0.029153626784682272,0.0,0.007303760387003422,0.0,0.11847933381795883
7571,0.00010686634486773982,0.00607518320903182,0.0072535396553576,0.02972288876771927,0.0,0.007349328137934208,0.0,0.11850923299789429
7572,9.631968714529648e-05,0.0061933578923344616,0.007307264767587185,0.028097868710756303,0.0,0.007351384963840246,0.0,0.11855069547891617
7573,0.00010526238766033203,0.0061780777759850025,0.0074008357711136345,0.0278334803879261,0.0,0.007311861962080002,0.0,0.11857803910970688
7574,0.00010056977334897965,0.006134903617203235,0.007207838539034128,0.02931434065103531,0.0,0.007257097866386175,0.0,0.11857827007770538
7575,9.919472504407167e-05,0.006254039332270622,0.007502305507659912,0.02916913852095604,0.0,0.007226251997053623,0.0,0.11859351396560669
7576,9.51381676713936e-05,0.006076534278690815,0.007695864047855138,0.028653153404593467,0.0,0.007253664545714855,0.0,0.11862166225910187
7577,9.758321102708578e-05,0.006157632544636726,0.0075181869789958,0.028607743233442305,0.0,0.007301393896341324,0.0,0.11862461268901825
7578,0.00010333958343835547,0.006127739045768976,0.006771824136376381,0.02981479875743389,0.0,0.007328764535486698,0.0,0.11860549449920654
7579,9.641422657296062e-05,0.006106968782842159,0.00713614709675312,0.02807329222559929,0.0,0.007332322653383017,0.0,0.11857940256595612
7580,9.480548906140029e-05,0.006075173523277045,0.007392656430602074,0.02705027610063553,0.0,0.007342965807765722,0.0,0.11855945736169815
7581,0.00010440939222462475,0.005913972947746515,0.007725222222507,0.028779736161231993,0.0,0.007354604545980692,0.0,0.11852334439754486
7582,9.688243444543332e-05,0.006361663714051247,0.007611752208322287,0.029385033622384073,0.0,0.0073720975778996944,0.0,0.11848127841949463
7583,9.562100894981995e-05,0.005907777789980173,0.0072722634300589565,0.02823024205863476,0.0,0.007386879529803991,0.0,0.11846829950809479
7584,9.065505000762641e-05,0.006158216577023268,0.0075040067546069626,0.028079555183649064,0.0,0.007434009108692408,0.0,0.11848391592502594
7585,0.00010095066099893301,0.0059305143542587755,0.007794002816081047,0.027494778484106065,0.0,0.007466711103916168,0.0,0.11848635971546173
7586,9.386814781464636e-05,0.00591301191598177,0.007573231495916844,0.02785094380378723,0.0,0.007448812481015921,0.0,0.11848485469818115
7587,9.11539260414429e-05,0.0060770572163164616,0.007819678634405136,0.029440321028232574,0.0,0.007417737040668726,0.0,0.11849792301654816
7588,9.210646821884438e-05,0.006298615038394928,0.007629439886659384,0.029539114609360696,0.0,0.007387870457023382,0.0,0.1184983029961586
7589,9.543971245875582e-05,0.00611377190798521,0.007341209519654513,0.027095204591751097,0.0,0.007365708239376545,0.0,0.11850671470165253
7590,9.915131813613698e-05,0.006157358828932047,0.007329782657325268,0.028817718476057054,0.0,0.007372044958174229,0.0,0.11852440983057022
7591,0.0001033318869303912,0.006119242031127214,0.00785090047866106,0.029847781732678415,0.0,0.007359457667917013,0.0,0.11851207911968231
7592,9.94091242318973e-05,0.006255460623651743,0.007326109241694212,0.03043411634862423,0.0,0.007317488081753254,0.0,0.11849270761013031
7593,9.79708624072373e-05,0.006062381528317928,0.007500712014734745,0.02982209213078022,0.0,0.00732170045375824,0.0,0.11849085986614227
7594,9.40261350478977e-05,0.005885013286024332,0.007223211694508791,0.029724777862429618,0.0,0.00733147282153368,0.0,0.1184983029961586
7595,9.34051102376543e-05,0.0061500297859311106,0.007589702028781176,0.029518730565905572,0.0,0.0073000043630599976,0.0,0.11851508915424347
7596,9.24767431570217e-05,0.006248521618545055,0.0074915425851941105,0.02893783859908581,0.0,0.007252603769302368,0.0,0.11853478848934174
7597,9.225343383150175e-05,0.005991431791335345,0.007099953293800354,0.029827528074383734,0.0,0.007233013864606619,0.0,0.11855001747608185
7598,0.00010120489605469629,0.0059019654057919976,0.007981768902391195,0.02994305081665516,0.0,0.0072945645079016685,0.0,0.11855848878622055
7599,9.606226230971516e-05,0.006222229450941086,0.008169395662844182,0.02997114695608616,0.0,0.007346075959503651,0.0,0.11856478452682495
7600,0.00010265957680530847,0.006284729950129986,0.007988146133720874,0.028360462561249734,0.0,0.007374877575784922,0.0,0.11856956779956818
7601,0.00010244070726912468,0.006054661702364683,0.007507555186748505,0.02926207035779953,0.0,0.007380546536296606,0.0,0.118565633893013
7602,9.844978485489264e-05,0.006194334104657173,0.007166594360023737,0.02856128439307213,0.0,0.007445103023201227,0.0,0.11856412887573242
7603,9.207754192175344e-05,0.006199409533292055,0.0071817759424448015,0.028951775655150412,0.0,0.00768048781901598,0.0,0.1185593381524086
7604,9.607729880372063e-05,0.005935534834861755,0.007167903520166874,0.02881973683834076,0.0,0.007898496463894844,0.0,0.11854521185159683
7605,9.390771738253534e-05,0.006258608307689428,0.006809350941330195,0.028610324114561082,0.0,0.008009587414562702,0.0,0.11853654682636261
7606,9.144433570327238e-05,0.00609606672078371,0.00708335405215621,0.028404433652758597,0.0,0.008069224655628204,0.0,0.11851756274700165
7607,9.308926964877174e-05,0.006099674478173256,0.007243680208921433,0.028633885085582733,0.0,0.00811666902154684,0.0,0.11848776042461395
7608,9.634248563088477e-05,0.006146956700831652,0.007505321875214577,0.029698142409324647,0.0,0.008142739534378052,0.0,0.11848600953817368
7609,9.642125078244135e-05,0.006206420622766018,0.006999835092574358,0.02924082688987255,0.0,0.008152885362505913,0.0,0.11847923696041107
7610,9.415263921255245e-05,0.006107191555202007,0.0076681837439537045,0.028579038009047507,0.0,0.008175451308488846,0.0,0.11847128719091415
7611,8.719567995285615e-05,0.006070649530738592,0.007364954520016909,0.029069098830223083,0.0,0.008161092177033424,0.0,0.11848609149456024
7612,9.314690105384215e-05,0.006165273115038871,0.0075029172003269196,0.029749172925949096,0.0,0.008150680921971798,0.0,0.11849699914455414
7613,9.733393380884081e-05,0.006255541183054447,0.007405602745711804,0.02826523780822754,0.0,0.008194058202207088,0.0,0.11850575357675552
7614,9.651914879214019e-05,0.006075936276465655,0.007319568376988173,0.030127230286598205,0.0,0.008230654522776604,0.0,0.11851505935192108
7615,9.650228603277355e-05,0.006100670993328094,0.00744048897176981,0.029444389790296555,0.0,0.00824343878775835,0.0,0.11852413415908813
7616,9.553823329042644e-05,0.006039401609450578,0.007575593236833811,0.029859618097543717,0.0,0.008200298063457012,0.0,0.1185155138373375
7617,9.704378608148545e-05,0.006245695427060128,0.007120695896446705,0.028048688918352126,0.0,0.00810038112103939,0.0,0.1185089573264122
7618,8.775941387284547e-05,0.006244994886219502,0.007599999755620956,0.028677816316485406,0.0,0.007986078038811684,0.0,0.11851610243320465
7619,9.962446783902123e-05,0.006273952685296536,0.007730141840875148,0.028419385850429534,0.0,0.007931964471936226,0.0,0.11850647628307343
7620,9.572176350047812e-05,0.006037880759686231,0.007569902390241623,0.029586704075336458,0.0,0.007919873110949993,0.0,0.1184786707162857
7621,0.00010370667732786387,0.006135803367942572,0.007723701000213623,0.028405707329511642,0.0,0.007904931902885437,0.0,0.1184689849615097
7622,9.514636331005022e-05,0.005981573928147554,0.007438824605196714,0.03020670749247074,0.0,0.007888434454798698,0.0,0.11846715211868286
7623,9.753795166034251e-05,0.005916759092360735,0.007996907643973827,0.029232918098568917,0.0,0.007855069823563099,0.0,0.11848203837871552
7624,9.812536445679143e-05,0.006139360461384058,0.008339041285216809,0.02960169091820717,0.0,0.007797537837177515,0.0,0.11848342418670654
7625,9.783154382603243e-05,0.0060612202621996404,0.007957077212631702,0.02997870445251465,0.0,0.007749904878437519,0.0,0.1184622198343277
7626,9.562228515278549e-05,0.0063378878869116305,0.007707284577190876,0.029490392282605173,0.0,0.007700617425143719,0.0,0.11846558749675751
7627,9.979896276490763e-05,0.006172537803649902,0.007881533354520798,0.028427256271243095,0.0,0.007716321386396885,0.0,0.11847494542598724
7628,9.897456766339019e-05,0.006093917414546013,0.007469218131154776,0.0292746614664793,0.0,0.007754272781312466,0.0,0.11848141252994537
7629,0.00010101298539666459,0.006113649252802134,0.007373658195137978,0.028609243035316468,0.0,0.007778865750879049,0.0,0.11847548186779022
7630,0.00010385143978055566,0.0061385718174278734,0.007508581224828959,0.02926293611526489,0.0,0.0077718570828437805,0.0,0.11845991760492325
7631,9.213184093823657e-05,0.006196931377053261,0.007460493687540292,0.02894483357667923,0.0,0.007738329470157623,0.0,0.11845256388187408
7632,0.00010675930243451149,0.006274467892944812,0.007331209722906351,0.02896871082484722,0.0,0.007671796716749668,0.0,0.11845353990793228
7633,0.00010423303028801456,0.006081013102084398,0.00729604996740818,0.029340507462620735,0.0,0.007621409837156534,0.0,0.11842802911996841
7634,0.00010110857401741668,0.00612851670011878,0.007027920335531235,0.030078929290175437,0.0,0.007563125342130661,0.0,0.1184282898902893
7635,0.0001054318796377629,0.0060755954124033455,0.007356319203972816,0.027652833238244058,0.0,0.007489779498428106,0.0,0.11843576282262802
7636,0.00010053787555079907,0.006012209039181471,0.007221740577369929,0.028967176750302314,0.0,0.007405894808471203,0.0,0.1184268444776535
7637,9.335277281934396e-05,0.005969949252903462,0.007426231447607279,0.02945566326379776,0.0,0.007327060215175152,0.0,0.11843299865722656
7638,9.574046125635505e-05,0.005969384964555502,0.006923822499811649,0.028821070864796638,0.0,0.007257882505655289,0.0,0.11844126880168915
7639,0.00010100374202011153,0.006070897355675698,0.007713299989700317,0.02874748483300209,0.0,0.00718414643779397,0.0,0.11844561249017715
7640,9.336253569927066e-05,0.006193440407514572,0.00723221292719245,0.02996591813862324,0.0,0.0071715726517140865,0.0,0.11844319105148315
7641,0.00010205200815107673,0.00587363000959158,0.007219268195331097,0.028112511709332468,0.0,0.007291869726032019,0.0,0.11845879256725311
7642,0.00010084366367664188,0.006086128205060959,0.007426614407449961,0.02894972749054432,0.0,0.00741812726482749,0.0,0.11849290132522583
7643,0.00010405457142041996,0.006195366755127907,0.0070471267215907575,0.028176002949476243,0.0,0.007481860462576151,0.0,0.11851464211940765
7644,9.871048969216645e-05,0.0060168026015162464,0.006862945016473531,0.028460123389959336,0.0,0.007509059272706509,0.0,0.11851964145898819
7645,0.00010161430545849726,0.006385655980557204,0.007130402885377407,0.030030668526887894,0.0,0.007482065819203854,0.0,0.11849844455718994
7646,9.043991012731567e-05,0.005989777110517025,0.007415460050106048,0.02941991910338402,0.0,0.007422714028507471,0.0,0.1184697151184082
7647,9.961170435417444e-05,0.006047768704593182,0.007161887641996145,0.029517590627074243,0.0,0.007350725121796131,0.0,0.11846058070659637
7648,0.00010391357791377232,0.0061202104203403,0.007236494775861501,0.029810503497719763,0.0,0.007340038660913706,0.0,0.118447445333004
7649,9.869518980849534e-05,0.006130128260701894,0.007442679628729821,0.028888830915093422,0.0,0.00733783096075058,0.0,0.11845642328262329
7650,9.659438655944541e-05,0.0061430917121469975,0.007255461439490319,0.029840290546417236,0.0,0.007314659655094147,0.0,0.11846543848514557
7651,0.00010207763843936846,0.00599492946639657,0.007351942546665669,0.028873880580067634,0.0,0.007271020673215389,0.0,0.11846064031124115
7652,0.0001034189248457551,0.006194949708878994,0.007418182212859392,0.02857569567859173,0.0,0.0072142197750508785,0.0,0.11846746504306793
7653,0.0001016229420201853,0.0060747494921088215,0.007005695719271898,0.028812548518180846,0.0,0.00725227827206254,0.0,0.11847009509801865
7654,9.096772118937224e-05,0.005970218032598495,0.007159932609647512,0.028392469882965087,0.0,0.007342228200286627,0.0,0.11847864091396332
7655,9.754874772625045e-05,0.0062287169508636,0.007147585041821003,0.03036491572856903,0.0,0.00746412668377161,0.0,0.11848294734954834
7656,0.00010040652123279869,0.00629287762567401,0.007625903189182282,0.029692509770393373,0.0,0.007593067828565836,0.0,0.11849260330200195
7657,8.956208621384576e-05,0.006280247867107391,0.007364502362906933,0.029626163840293884,0.0,0.0076562101021409035,0.0,0.11852158606052399
7658,9.562304912833497e-05,0.006105738785117864,0.007441109232604504,0.028194253519177436,0.0,0.007653648499399424,0.0,0.11856026947498322
7659,0.00010251897328998894,0.006163783371448517,0.007533558364957571,0.02893579825758934,0.0,0.007618840783834457,0.0,0.11858268082141876
7660,9.709926671348512e-05,0.006267081573605537,0.007610120251774788,0.028994714096188545,0.0,0.00758008286356926,0.0,0.1186050996184349
7661,0.00010108246351592243,0.006045602168887854,0.007513354625552892,0.02857290543615818,0.0,0.007579428143799305,0.0,0.11862410604953766
7662,0.00010287552140653133,0.006215066090226174,0.007385631091892719,0.0281789842993021,0.0,0.007591920904815197,0.0,0.1186257004737854
7663,9.56121351919137e-05,0.006084525678306818,0.007259531412273645,0.030740030854940415,0.0,0.007563313003629446,0.0,0.11861725896596909
7664,9.937360300682485e-05,0.00597321018576622,0.007215950079262257,0.027705520391464233,0.0,0.007502866443246603,0.0,0.11860136687755585
7665,9.181872883345932e-05,0.006235166918486357,0.00738053759559989,0.02832522876560688,0.0,0.007476522121578455,0.0,0.1185922771692276
7666,9.751061297720298e-05,0.006096821092069149,0.007045118417590856,0.02964193671941757,0.0,0.007485395763069391,0.0,0.11859560012817383
7667,9.991979168262332e-05,0.0058795689605176445,0.007360510807484388,0.029869106784462928,0.0,0.007464357651770115,0.0,0.11860885471105576
7668,9.465867624385283e-05,0.006007640715688467,0.006944567523896694,0.029509054496884346,0.0,0.007421267218887806,0.0,0.11861854791641235
7669,9.555383876431733e-05,0.006057782284915447,0.007538084406405687,0.028110770508646965,0.0,0.007391756866127253,0.0,0.11861207336187363
7670,0.00010280465794494375,0.006229595839977264,0.0071261685341596605,0.02799306660890579,0.0,0.0073748803697526455,0.0,0.11860625445842743
7671,0.00010183937120018527,0.006040315050631762,0.007612973917275667,0.029549996182322503,0.0,0.007352851331233978,0.0,0.11860038340091705
7672,0.00010139040532521903,0.006269221473485231,0.007230576686561107,0.029346731677651405,0.0,0.007383351679891348,0.0,0.11860022693872452
7673,9.907794446917251e-05,0.006201591994613409,0.007235912885516882,0.029601160809397696,0.0,0.007536804769188166,0.0,0.11858750879764557
7674,9.404615266248584e-05,0.0061531648971140385,0.0072219882160425184,0.02839774414896965,0.0,0.007686869241297245,0.0,0.11856812238693237
7675,9.160607005469501e-05,0.006002265214920044,0.007459719758480787,0.028933001309633256,0.0,0.007765182293951511,0.0,0.11855635792016983
7676,9.842185099842026e-05,0.0063345437869429585,0.007782366964966059,0.027325328439474106,0.0,0.0077849263325333595,0.0,0.11854563653469086
7677,9.237700724042952e-05,0.006153488252311945,0.007780290208756924,0.028818023577332496,0.0,0.007844340987503529,0.0,0.11853381246328354
7678,9.448293276363984e-05,0.006128254346549511,0.007336288318037986,0.029235361889004708,0.0,0.007899461314082146,0.0,0.11850778758525848
7679,0.00010351720702601596,0.006052596215158701,0.007755049970000982,0.028248630464076996,0.0,0.007982460781931877,0.0,0.11848392337560654
7680,9.555496071698145e-05,0.005876458622515202,0.007830826472491026,0.028868624567985536,0.0,0.00803116150200367,0.0,0.11846788227558136
7681,0.00010001950286095962,0.0059029276482760904,0.007912705838680267,0.02852989435195923,0.0,0.00800631195306778,0.0,0.11846242100000381
7682,9.319972305092961e-05,0.006031347997486591,0.007184976618736983,0.028600503876805305,0.0,0.007922675460577011,0.0,0.11845419555902481
7683,9.831750357989222e-05,0.006072112172842026,0.0077643483877182,0.02898223474621773,0.0,0.007800976280122995,0.0,0.11842606961727142
7684,9.53734663198702e-05,0.0063216970302164555,0.007105697505176067,0.02759270966053009,0.0,0.007669130805879831,0.0,0.11839215457439423
7685,8.764757949393242e-05,0.006267242040485144,0.007314699143171311,0.02873007468879223,0.0,0.007580571807920933,0.0,0.11836763471364975
7686,9.680603980086744e-05,0.006099612079560756,0.007010794058442116,0.02887927256524563,0.0,0.007547324988991022,0.0,0.11835741996765137
7687,9.722395334392786e-05,0.006187576521188021,0.007075473945587873,0.030286021158099176,0.0,0.007544911000877619,0.0,0.11835594475269318
7688,9.951958782039583e-05,0.006366696208715439,0.00744284363463521,0.029274135082960128,0.0,0.007536584045737982,0.0,0.11836971342563629
7689,9.978628513636067e-05,0.006084959208965302,0.0070366270840168,0.030030346661806106,0.0,0.007495512254536152,0.0,0.11838024854660034
7690,9.580112382536753e-05,0.00622212141752243,0.007178703416138887,0.028779153898358344,0.0,0.007433856837451458,0.0,0.11839503049850464
7691,9.594916919013486e-05,0.005988323781639338,0.007160513754934072,0.030014361068606377,0.0,0.007375439163297415,0.0,0.11839250475168228
7692,8.825613476801664e-05,0.00598361948505044,0.007067838497459888,0.0285580325871706,0.0,0.007323986850678921,0.0,0.11839233338832855
7693,9.46597137954086e-05,0.006091826595366001,0.007189451996237039,0.02897665128111839,0.0,0.007368859834969044,0.0,0.11840536445379257
7694,0.00010193301568506286,0.006173238717019558,0.007126205787062645,0.029004337266087532,0.0,0.007448710501194,0.0,0.11839534342288971
7695,9.662868542363867e-05,0.0061229030601680275,0.00670773945748806,0.029256750643253327,0.0,0.007472100201994181,0.0,0.11838632822036743
7696,0.00010330467921448871,0.0062518582679331304,0.007479797210544347,0.02862115390598774,0.0,0.007443813141435385,0.0,0.11837335675954819
7697,9.752396726980805e-05,0.006174889393150806,0.00761234350502491,0.02921287827193737,0.0,0.007414613850414753,0.0,0.11836671829223633
7698,9.427655168110504e-05,0.006262093968689442,0.0073807106353342535,0.02986282706260681,0.0,0.007428745273500681,0.0,0.11835980415344238
7699,9.370162151753903e-05,0.006123435497283935,0.007604742608964443,0.029136257618665694,0.0,0.007442031987011433,0.0,0.11836053431034088
7700,9.254747710656375e-05,0.006276872102171182,0.007371119502931833,0.029376211389899255,0.0,0.0074714780785143375,0.0,0.11836890876293182
7701,0.00010048208787338808,0.006034283619374037,0.007079285010695458,0.027849815785884857,0.0,0.0075889877043664455,0.0,0.11838042736053467
7702,9.779514221008867e-05,0.006139636971056461,0.006912351120263338,0.02928956188261509,0.0,0.007668389473110437,0.0,0.11840387433767319
7703,9.58802251261659e-05,0.006273753009736538,0.007044152542948723,0.029640330001711845,0.0,0.007698495872318745,0.0,0.1184147372841835
7704,9.231848525814712e-05,0.006184633448719978,0.007128410600125789,0.02933095097541809,0.0,0.007707922253757715,0.0,0.11841031163930893
7705,9.459616412641481e-05,0.006204956956207752,0.00717082479968667,0.02943921200931072,0.0,0.007673005107790232,0.0,0.11841161549091339
7706,9.307469736086205e-05,0.00614805230870843,0.007559017185121775,0.03040337823331356,0.0,0.0076066055335104465,0.0,0.11841698735952377
7707,9.57057040068321e-05,0.0059402257204055784,0.007251542340964079,0.029186561703681946,0.0,0.007522762753069401,0.0,0.1184307336807251
7708,9.671271109255031e-05,0.0061114982701838015,0.007698356825858355,0.029405852407217027,0.0,0.007455939892679453,0.0,0.11845117807388306
7709,0.00010116869816556573,0.006086791586130858,0.007553675305098295,0.02890682779252529,0.0,0.0074295662343502045,0.0,0.11846794933080673
7710,0.00010138211800949647,0.006065757386386395,0.0069736896082758905,0.02916317991912365,0.0,0.007433292921632528,0.0,0.11848114430904388
7711,9.590203117113561e-05,0.006192496977746487,0.006773447804152966,0.028885501250624657,0.0,0.007440636865794659,0.0,0.1184934601187706
7712,9.992666891776026e-05,0.006083951890468597,0.007216591015458107,0.028827543556690215,0.0,0.007424198091030121,0.0,0.11848920583724976
7713,8.86146881384775e-05,0.00614765165373683,0.0072479739785194395,0.028056472167372705,0.0,0.007394124753773212,0.0,0.11848107725381851
7714,9.767636947799474e-05,0.005877078231424093,0.00749199390411377,0.02951166108250618,0.0,0.0073626404628157616,0.0,0.1184808611869812
7715,9.672143060015514e-05,0.006214348040521145,0.007267347816377878,0.028860220685601234,0.0,0.007307074032723904,0.0,0.11847440898418427
7716,9.399386181030422e-05,0.006049554981291294,0.007311978470534086,0.028931216150522233,0.0,0.007238476537168026,0.0,0.11846326291561127
7717,0.0001073602878022939,0.006135375332087278,0.007345946226269007,0.029176147654652596,0.0,0.0072036972269415855,0.0,0.11845611035823822
7718,8.659182931296528e-05,0.00613158093765378,0.007693374622613191,0.02850516401231289,0.0,0.007228894624859095,0.0,0.11846110969781876
7719,0.00010156227217521519,0.006168179679661989,0.0072897707112133505,0.029618022590875627,0.0,0.007296296767890453,0.0,0.11846309900283813
7720,0.00010524139070184901,0.00616929903626442,0.007384170871227979,0.028692330047488213,0.0,0.007383313030004501,0.0,0.11848092079162598
7721,0.00010146354616153985,0.0060406247153878215,0.007689813245087862,0.028709788620471955,0.0,0.007438113447278738,0.0,0.11851105839014053
7722,9.654178429627792e-05,0.006088878493756056,0.007280935253947973,0.029042451083660124,0.0,0.007474632002413273,0.0,0.1185249537229538
7723,9.467798372497782e-05,0.006089179310947657,0.007398645021021366,0.028310129418969154,0.0,0.007602906320244074,0.0,0.11853094398975372
7724,0.0001030493265716359,0.006066499277949333,0.007646207138895989,0.029605330154299735,0.0,0.007932178676128387,0.0,0.11853285133838654
7725,0.0001012527514831163,0.006132475193589925,0.007692681159824133,0.02987867742776871,0.0,0.008265363052487373,0.0,0.11853337287902832
7726,9.347316372441128e-05,0.006079125963151455,0.007303798943758011,0.029648109897971155,0.0,0.00850176252424717,0.0,0.11852463334798813
7727,9.68491061939858e-05,0.006067562289536,0.007302441447973251,0.029046657681465148,0.0,0.008616377599537373,0.0,0.1185210570693016
7728,9.904366015689448e-05,0.006241805758327246,0.007570065651088953,0.02848808318376541,0.0,0.008612649515271187,0.0,0.1185116171836853
7729,8.853924955474213e-05,0.005953466519713402,0.007373066619038582,0.028052511066198348,0.0,0.008525656536221504,0.0,0.11851508915424347
7730,9.622983052395284e-05,0.006023904867470264,0.007638459838926792,0.02915150634944439,0.0,0.00839143805205822,0.0,0.11851869523525238
7731,0.00010333228128729388,0.00604493198916316,0.00730326035991311,0.028709471970796586,0.0,0.00823051668703556,0.0,0.11852910369634628
7732,9.733382030390203e-05,0.005931189563125372,0.007839245535433293,0.029021363332867624,0.0,0.008075102232396603,0.0,0.11851903051137924
7733,9.241613006452098e-05,0.006231458950787782,0.007060264330357313,0.029039892926812173,0.0,0.007942127995193005,0.0,0.11850781738758087
7734,9.525536152068525e-05,0.005990641936659813,0.007963534630835056,0.029215411469340324,0.0,0.007811146788299084,0.0,0.11852604150772095
7735,9.387793543282896e-05,0.00625546220690012,0.0073050008155405525,0.029421904310584068,0.0,0.007698968984186649,0.0,0.11855946481227875
7736,0.00010015063598984852,0.0060794268734753135,0.0074058854021132,0.029166043177247046,0.0,0.007604864425957203,0.0,0.11858019977807999
7737,9.856394899543375e-05,0.006331633497029543,0.00744386138394475,0.029452601075172426,0.0,0.007554995361715555,0.0,0.11858594417572021
7738,9.431669604964554e-05,0.006046369299292564,0.0076726991683244705,0.02853113114833832,0.0,0.007543281652033329,0.0,0.11858439445495605
7739,9.581491467542946e-05,0.006265958119183779,0.0076476441696286205,0.027747440710663797,0.0,0.007555459626019001,0.0,0.11857525259256363
7740,0.00010858160094358027,0.006388036161661148,0.007666305173188448,0.028812044858932497,0.0,0.007672064006328583,0.0,0.11857426166534424
7741,9.624417434679344e-05,0.0059637041762471196,0.007564237341284752,0.028869358450174333,0.0,0.007837584242224693,0.0,0.11857141554355621
7742,9.669020801084116e-05,0.005923395324498415,0.0071125240996479985,0.030395063012838362,0.0,0.007927676662802696,0.0,0.11856909096240997
7743,0.00010198975942330435,0.006095765065401793,0.007320225052535534,0.030088790878653526,0.0,0.00793942715972662,0.0,0.11855471134185791
7744,9.597893949830905e-05,0.006133405119180679,0.00750595722347498,0.02786991707980633,0.0,0.007887521758675575,0.0,0.11854290962219238
7745,9.864442836260423e-05,0.006134732160717249,0.007534502446651459,0.029026614874601363,0.0,0.007789597846567631,0.0,0.11853426694869995
7746,0.00010221109841950238,0.005854205787181854,0.007963847089558839,0.030025183409452438,0.0,0.0076727308332920074,0.0,0.11852182447910309
7747,9.428403136553243e-05,0.006174755841493606,0.0077270778827369215,0.028839687630534173,0.0,0.007591954432427883,0.0,0.11850844323635101
7748,0.0001003828045213595,0.006428493838757277,0.00733754774555564,0.027796081826090814,0.0,0.007535159587860107,0.0,0.11849679797887802
7749,9.674121247371659e-05,0.0061677852645516396,0.007586400397121907,0.028650203347206117,0.0,0.007501520216464996,0.0,0.11848771572113037
7750,0.00010182794503634795,0.006157315243035555,0.007482574321329594,0.03036535605788231,0.0,0.007526653818786144,0.0,0.1184806227684021
7751,0.00010079550556838513,0.006084770988672971,0.008102856390178204,0.029146650433540346,0.0,0.007548626512289047,0.0,0.11848317086696625
7752,8.656691497890278e-05,0.006078820303082466,0.007360615022480488,0.029905141890048982,0.0,0.0075432187877595425,0.0,0.1184992790222168
7753,9.685103723313659e-05,0.006044495664536953,0.007268389500677585,0.026404588669538497,0.0,0.007512442767620087,0.0,0.11850555986166
7754,0.0001015683272271417,0.005975563358515501,0.006978046335279942,0.02821054346859455,0.0,0.007492913398891687,0.0,0.11849548667669296
7755,8.727989770704881e-05,0.00621976051479578,0.00800973055884242,0.02773463986814022,0.0,0.007480314467102289,0.0,0.11847643554210663
7756,8.73584853252396e-05,0.006186730787158012,0.007198616396635771,0.028672098368406295,0.0,0.007506669498980045,0.0,0.11847209930419922
7757,9.861393482424319e-05,0.006338011473417282,0.007159896660596132,0.02774966098368168,0.0,0.007619994692504406,0.0,0.11846403032541275
7758,9.550941904308274e-05,0.006549566332250833,0.007434287760406733,0.02850005365908146,0.0,0.007778065744787455,0.0,0.11845739185810089
7759,9.999446774600074e-05,0.00608817832544446,0.007333206757903099,0.029644204676151274,0.0,0.007952799089252949,0.0,0.11845514923334122
7760,9.604123915778473e-05,0.006037840619683266,0.007185833621770143,0.03038160465657711,0.0,0.008057000115513802,0.0,0.11845310032367706
7761,9.665857214713469e-05,0.006102023925632238,0.007354364357888698,0.028953417763113977,0.0,0.00809382926672697,0.0,0.1184588298201561
7762,9.890333312796429e-05,0.006286566331982613,0.007227038498967886,0.028592249751091002,0.0,0.008051158860325813,0.0,0.1184646487236023
7763,9.774429199751466e-05,0.006238564290106297,0.007426928635686636,0.02826729789376259,0.0,0.007983550429344177,0.0,0.11847696453332901
7764,9.745820134412497e-05,0.005986431334167719,0.0072020373307168485,0.02934232950210571,0.0,0.007912803441286087,0.0,0.1184799075126648
7765,9.998097521020099e-05,0.005999472737312317,0.007234103698283434,0.029799268394708634,0.0,0.007828784175217152,0.0,0.11846970021724701
7766,9.840740240179003e-05,0.006133369728922844,0.007704087253659964,0.02754392512142658,0.0,0.0077461963519454,0.0,0.11847512423992157
7767,9.866310283541679e-05,0.0061810391023755075,0.00776903722435236,0.02835339494049549,0.0,0.007670055143535137,0.0,0.11846989393234253
7768,0.00010438526514917612,0.0060772355645895,0.007526982109993696,0.028502203151583673,0.0,0.007591285742819309,0.0,0.11845271289348602
7769,0.00011194171383976936,0.006260317098349333,0.007566894497722387,0.03049984611570835,0.0,0.00755390664562583,0.0,0.1184314638376236
7770,0.00010365171328885481,0.006087052263319492,0.0072395259514451025,0.029934696853160858,0.0,0.007559728808701038,0.0,0.11842553317546844
7771,9.288798755733297e-05,0.006235571671277284,0.007134587224572897,0.029689971357584,0.0,0.007543658372014761,0.0,0.1184367910027504
7772,9.86094746622257e-05,0.006177740450948477,0.00748503552749753,0.02922467701137066,0.0,0.007488371338695288,0.0,0.11844919621944427
7773,8.88762078830041e-05,0.006028189230710268,0.007417693082243204,0.029338222369551657,0.0,0.007421181537210941,0.0,0.11845578253269196
7774,0.00010337520943721756,0.006102736853063106,0.0074726310558617115,0.028132010251283646,0.0,0.007399086840450764,0.0,0.11845745146274567
7775,8.64196743350476e-05,0.0060896784998476505,0.0069374387152493,0.028853240609169006,0.0,0.00739549845457077,0.0,0.11844321340322495
7776,9.44931962294504e-05,0.006266574934124946,0.007982851844280959,0.027264556661248208,0.0,0.007396178785711527,0.0,0.11842924356460571
7777,9.889421926345676e-05,0.005887252744287252,0.007773221656680107,0.02838336080312729,0.0,0.007378180976957083,0.0,0.11842978000640869
7778,9.758797677932307e-05,0.00633483175188303,0.0076340784318745135,0.0298995491117239,0.0,0.007354642264544964,0.0,0.11842143535614014
7779,9.858998964773491e-05,0.006100730039179325,0.008050772454589605,0.02929631099104881,0.0,0.007393822073936462,0.0,0.11841932684183121
7780,0.00010063903027912602,0.005925057455897331,0.0072043855674564835,0.030350710451602935,0.0,0.00747688626870513,0.0,0.11843423545360565
7781,9.74001522990875e-05,0.006143473461270333,0.007648677472025156,0.027888603508472443,0.0,0.007517592050135136,0.0,0.11846373230218887
7782,9.849867346929386e-05,0.00597708448767662,0.00758639182895422,0.02854946404695511,0.0,0.007516226265579462,0.0,0.1184905543923378
7783,9.725290583446622e-05,0.006145339459180832,0.007419689185917377,0.029694703966379167,0.0,0.0075150467455387115,0.0,0.11850341409444809
7784,9.631852735765278e-05,0.006031336449086666,0.007817466091364623,0.026904040575027467,0.0,0.007524359039962292,0.0,0.11852157115936279
7785,9.869990317383781e-05,0.006229732185602188,0.0076282816007733345,0.028731934353709222,0.0,0.00750953983515501,0.0,0.11853907257318497
7786,9.543466003378854e-05,0.0059842802584171295,0.007692227698862552,0.02824445180594921,0.0,0.007513002958148718,0.0,0.11855505406856537
7787,9.302003163611517e-05,0.0063298545777797696,0.007512958720326424,0.028832903131842613,0.0,0.007538239471614361,0.0,0.11855471134185791
7788,9.013569651870058e-05,0.006029506586492062,0.007249331660568714,0.03113844096660614,0.0,0.007594929542392492,0.0,0.11855953931808472
7789,9.72579771769233e-05,0.005980839673429728,0.0074706850573420525,0.029567625373601913,0.0,0.007658978458493948,0.0,0.11857368797063828
7790,9.771762124728411e-05,0.006074099149554968,0.007272311300039291,0.030346404016017913,0.0,0.007674700114876032,0.0,0.11858000606298447
7791,0.00010050728160422295,0.006150345131754875,0.007431409973651171,0.029302241653203963,0.0,0.007637376431375742,0.0,0.1185891181230545
7792,9.63042548391968e-05,0.006121982168406248,0.007548595685511828,0.02886907197535038,0.0,0.007652537431567907,0.0,0.11857664585113525
7793,9.922891622409225e-05,0.00593238826841116,0.007277912180870772,0.029181390628218652,0.0,0.007701856549829245,0.0,0.11856643855571747
7794,9.39476551138796e-05,0.006190894823521376,0.007448068913072347,0.028565555065870284,0.0,0.007712024264037609,0.0,0.11858230829238892
7795,0.00010149032896151766,0.006124782748520375,0.007965471874922515,0.028963050246238707,0.0,0.007703070528805256,0.0,0.11859381198883057
7796,0.000101529220410157,0.006211159285157919,0.00801423043012619,0.02893098331987858,0.0,0.007700973190367222,0.0,0.11859513819217682
7797,0.00010159055236726999,0.006108616944402456,0.00757432896643877,0.027426813542842866,0.0,0.007685291115194559,0.0,0.11859110742807388
7798,9.640773932915181e-05,0.0060370111837983135,0.007836935482919217,0.029497549310326575,0.0,0.007686703000217676,0.0,0.11858942359685898
7799,9.736664069350808e-05,0.006174637284129858,0.007463217433542013,0.029386814683675766,0.0,0.007758305873721838,0.0,0.11858701705932617
7800,9.556705190334469e-05,0.006230078265070915,0.007773922104388475,0.029799716919660567,0.0,0.007835734635591507,0.0,0.11858449131250381
7801,0.00010381533793406561,0.0060257244855165485,0.0076208807528018955,0.029567430540919305,0.0,0.00785525981336832,0.0,0.11859389394521713
7802,9.417369874427095e-05,0.006147163268178701,0.00809913333505392,0.029112958535552024,0.0,0.007806404493749142,0.0,0.1186034306883812
7803,9.470822260482237e-05,0.006278200820088386,0.007803384773433208,0.029805727303028107,0.0,0.007805954664945602,0.0,0.11860500276088715
7804,0.00010143609106307849,0.0060572074726223946,0.007607509661465883,0.02808360829949379,0.0,0.007887215353548527,0.0,0.11859257519245148
7805,0.00010031972051365301,0.0057917235419154165,0.007387199439108372,0.028745554387569427,0.0,0.007944470271468163,0.0,0.1185791864991188
7806,0.00010121902305399999,0.005924403294920921,0.007090234011411667,0.028680934011936186,0.0,0.007948341779410839,0.0,0.11856601387262344
7807,8.862926188157871e-05,0.006010073516517877,0.0071769111789762976,0.029214386269450186,0.0,0.007898004725575447,0.0,0.11855809390544891
7808,9.156119922408834e-05,0.006135555356740952,0.007209691498428583,0.030367274954915046,0.0,0.00785174872726202,0.0,0.11854753643274307
7809,9.846264874795452e-05,0.006126984301954508,0.007339167036116123,0.029296835884451866,0.0,0.007804556749761105,0.0,0.11852853000164032
7810,9.471754456171765e-05,0.006086787208914757,0.007328780926764011,0.028577040135860442,0.0,0.007742841728031635,0.0,0.11850094795227051
7811,9.33047936996445e-05,0.006164313666522503,0.007467497419565916,0.02986087277531624,0.0,0.007683561649173498,0.0,0.11849521100521088
7812,9.440939174965024e-05,0.006108429282903671,0.0076607813127338885,0.028664423897862435,0.0,0.0076877824030816555,0.0,0.11851555109024048
7813,0.00010043183283414692,0.006027049385011196,0.007370210345834493,0.02746537923812866,0.0,0.007795444689691067,0.0,0.11853637546300888
7814,9.81323144515045e-05,0.006334510538727045,0.007234386261552572,0.030808837711811067,0.0,0.007927224040031433,0.0,0.11854920536279678
7815,9.548630187055096e-05,0.006147105898708105,0.007070750463753939,0.027891916781663896,0.0,0.008130845613777637,0.0,0.11854561418294907
7816,0.00010871930135181174,0.006113422941416502,0.0073114166967570785,0.02815845385193825,0.0,0.008291776292026043,0.0,0.11853635311126709
7817,9.278840152546764e-05,0.006068081315606833,0.007355730142444372,0.029171792790293694,0.0,0.008350368589162827,0.0,0.11852212995290756
7818,0.00010235607478534803,0.006110425293445587,0.007909026090055704,0.02994815297424793,0.0,0.008318396285176277,0.0,0.1184990182518959
7819,0.00010652739874785765,0.006026946287602186,0.00717143751680851,0.02862763814628124,0.0,0.008235068991780281,0.0,0.11849625408649445
7820,9.68921318417415e-05,0.006174213439226151,0.0072495991364121435,0.029757799208164216,0.0,0.00813773088157177,0.0,0.1185041293501854
7821,0.00010723266314016655,0.005972958449274301,0.007383206486701965,0.030167136713862418,0.0,0.008030270226299763,0.0,0.118527352809906
7822,9.946386271622031e-05,0.006091829109936953,0.007871912699192763,0.02804044298827648,0.0,0.00792072806507349,0.0,0.1185421496629715
7823,9.976510045817122e-05,0.005870183184742928,0.007341510336846113,0.02824416905641556,0.0,0.007829061709344387,0.0,0.11855515092611313
7824,9.73507048911415e-05,0.006140382774174213,0.0074956342577934265,0.028988190367817877,0.0,0.007763719651848078,0.0,0.11855137348175049
7825,9.50332629145123e-05,0.00615277960896492,0.007510988786816597,0.029374195635318755,0.0,0.007694401778280735,0.0,0.11854042857885361
7826,9.258478676201775e-05,0.0059698369354009625,0.007352037075906992,0.030455372482538223,0.0,0.0076240049675107,0.0,0.11852826923131943
7827,8.867191208992154e-05,0.00623933868482709,0.007394132018089294,0.0291376993060112,0.0,0.007553539238870144,0.0,0.11852158606052399
7828,0.00010340048029320315,0.006330996006727219,0.007188449241220951,0.029342660307884218,0.0,0.007489781826734543,0.0,0.11853285878896713
7829,9.171116689685733e-05,0.00618977639824152,0.007698610238730907,0.03055669292807579,0.0,0.007506870664656162,0.0,0.11855598539113998
7830,9.951584215741604e-05,0.006128899566829204,0.007308193854987622,0.02746086157858372,0.0,0.0075439587235450745,0.0,0.11856106668710709
7831,9.345793077955022e-05,0.006024042796343565,0.007802292052656412,0.029520136862993242,0.0,0.007535378448665142,0.0,0.11856867372989655
7832,0.00010326250776415691,0.006010265741497278,0.007649410888552666,0.02802438996732235,0.0,0.007495553232729435,0.0,0.11856907606124878
7833,0.00010302816954208538,0.00619247741997242,0.0070168874226510525,0.027019966021180154,0.0,0.0074478150345385075,0.0,0.11857030540704727
7834,9.993581916205585e-05,0.006014170963317156,0.007731201965361834,0.028722095116972924,0.0,0.007437842432409525,0.0,0.11858426034450531
7835,9.694405453046784e-05,0.005959736742079258,0.007959110103547573,0.02895379401743412,0.0,0.007459866348654032,0.0,0.11859355121850967
7836,9.608357504475862e-05,0.005930070206522942,0.007416232861578465,0.028083888441324235,0.0,0.007468170486390591,0.0,0.11860072612762451
7837,9.474912367295474e-05,0.006161789130419493,0.007918427232652903,0.027489181980490683,0.0,0.0074700661934912205,0.0,0.11859744787216187
7838,9.890077781165019e-05,0.006005740538239479,0.007411315385252237,0.02947070486843586,0.0,0.0074859983287751675,0.0,0.11858353763818741
7839,9.449798963032663e-05,0.00622257050126791,0.007445843052119016,0.028258324041962622,0.0,0.007510051131248474,0.0,0.11857254803180695
7840,0.00010831502586370335,0.006087817903608084,0.007738797180354595,0.02972312942147255,0.0,0.007552853785455227,0.0,0.1185612827539444
7841,9.722313843667507e-05,0.006362756341695785,0.007736978307366371,0.028802451118826865,0.0,0.007565113250166178,0.0,0.1185523048043251
7842,9.691131999716163e-05,0.0060759798623621466,0.007069059647619724,0.02936091721057892,0.0,0.007561781909316778,0.0,0.11855077743530273
7843,9.693229658296332e-05,0.006100906524807215,0.007084940001368523,0.029820488765835762,0.0,0.007612044923007488,0.0,0.11854761838912964
7844,0.00010716666292864829,0.006250242330133915,0.007098367065191269,0.028690343722701073,0.0,0.0076782130636274815,0.0,0.11853215843439102
7845,9.93257126538083e-05,0.00598525395616889,0.007676258403807879,0.028576729446649553,0.0,0.0077562155202031136,0.0,0.11851723492145538
7846,9.580414625816047e-05,0.006063803844153881,0.0077321106567978855,0.027830354869365692,0.0,0.00780932093039155,0.0,0.1185166984796524
7847,9.618390613468364e-05,0.006140893790870905,0.008245977200567722,0.028144048154354097,0.0,0.007800388149917126,0.0,0.11852505058050156
7848,9.683797688921913e-05,0.006038793828338385,0.007626546546816826,0.02895645275712013,0.0,0.007736185099929571,0.0,0.11853339523077011
7849,0.00010122880339622498,0.006218316033482552,0.008017556555569173,0.0292622160166502,0.0,0.007634423673152924,0.0,0.1185513511300087
7850,9.813099313760176e-05,0.0060767319053411485,0.008188082091510295,0.028450075909495352,0.0,0.007521238178014755,0.0,0.1185414046049118
7851,9.969702659873292e-05,0.006115220300853252,0.00803158525377512,0.02887023761868477,0.0,0.007482251618057489,0.0,0.1185278668999672
7852,8.890330354915932e-05,0.006280722282826901,0.007533722929656506,0.028425434976816176,0.0,0.007490134332329035,0.0,0.1185263991355896
7853,9.431205253349618e-05,0.006171263102442026,0.007389359455555677,0.027172649279236794,0.0,0.007483765482902527,0.0,0.11851806938648224
7854,0.00010160481469938532,0.006478275358676911,0.007362925820052624,0.027895508334040642,0.0,0.007455452345311642,0.0,0.11848805099725723
7855,9.693455212982372e-05,0.006397577375173569,0.0072010931558907035,0.028674339503049852,0.0,0.007412380073219538,0.0,0.11846460402011871
7856,0.00010912098368862644,0.006282263714820146,0.007570153567939997,0.029894110932946204,0.0,0.007376531604677439,0.0,0.11844669282436371
7857,9.343709971290081e-05,0.006070541497319937,0.007485330197960138,0.029532702267169954,0.0,0.0073765539564192295,0.0,0.1184462308883667
7858,0.0001019567353068851,0.006051794532686472,0.0076804707758128645,0.028345510736107825,0.0,0.007374529726803303,0.0,0.1184549331665039
7859,9.885216422844678e-05,0.006023737136274576,0.00769076282158494,0.02883545123040676,0.0,0.00737699493765831,0.0,0.1184614896774292
7860,0.00010775318223750218,0.006165250856429339,0.007989004254341125,0.02943333238363266,0.0,0.00737130269408226,0.0,0.11848150193691254
7861,9.664956596679985e-05,0.005996436718851328,0.00763258496299386,0.028533490374684334,0.0,0.007361894007772207,0.0,0.11850059032440186
7862,0.00010494655725779012,0.006155320163816214,0.007485875766724348,0.02797299437224865,0.0,0.00734225008636713,0.0,0.11850185692310333
7863,0.0001033883891068399,0.005935585591942072,0.00785358129069209,0.02824249677360058,0.0,0.007309662643820047,0.0,0.1184907928109169
7864,0.00010522027150727808,0.005948512814939022,0.007506191171705723,0.028863106667995454,0.0,0.007256890647113323,0.0,0.11847569048404694
7865,0.0001075673833838664,0.0059632033109664915,0.007849169056862592,0.029227571189403535,0.0,0.0072054252959787846,0.0,0.11846884340047836
7866,9.706684650154785e-05,0.005929212644696235,0.007347681373357773,0.028949050605297087,0.0,0.007173466496169567,0.0,0.1184675320982933
7867,0.0001034138331306167,0.006189014110714197,0.007638016808778047,0.02898838445544243,0.0,0.007165409624576569,0.0,0.11846408993005753
7868,0.00010317940468667075,0.006427130289375782,0.006890963669866324,0.028672134131193162,0.0,0.007250702939927578,0.0,0.11844845116138458
7869,8.86209192685783e-05,0.006196841411292553,0.007282107882201671,0.030601775273680687,0.0,0.007385648787021637,0.0,0.11842988431453705
7870,9.882267913781106e-05,0.006170692015439272,0.007298406958580017,0.02915850281715393,0.0,0.0075143203139305115,0.0,0.11843486875295639
7871,9.963013144442812e-05,0.006121529638767243,0.007211969792842865,0.028632823005318643,0.0,0.007583034690469503,0.0,0.1184443011879921
7872,0.00010313054081052541,0.006173745729029179,0.007599940523505211,0.029103779047727586,0.0,0.007593987043946981,0.0,0.11844775825738907
7873,9.653790621086956e-05,0.006078713014721871,0.007261323742568493,0.028943899646401407,0.0,0.0075758411549031734,0.0,0.11844401061534882
7874,9.966868383344263e-05,0.006127820257097483,0.006904058437794447,0.029347395151853563,0.0,0.0075241997838020325,0.0,0.11844267696142197
7875,9.586060477886348e-05,0.005930473282933235,0.00729502085596323,0.029514462128281592,0.0,0.0074583194218575954,0.0,0.11844191700220108
7876,0.00010207883024122566,0.00622677132487297,0.007764868903905153,0.028144484758377074,0.0,0.007395531982183456,0.0,0.11845172941684723
7877,9.724708797875792e-05,0.006115288566797971,0.007207451853901148,0.027973880246281623,0.0,0.007349635008722544,0.0,0.11845721304416656
7878,9.444252646062523e-05,0.0061490990221500395,0.007182637508958578,0.028037164360284805,0.0,0.007309675216674805,0.0,0.11845441907644272
7879,0.00010241280542686582,0.00617618765681982,0.007285237684845925,0.02811778448522091,0.0,0.007293855305761099,0.0,0.11844006925821304
7880,9.449145727558061e-05,0.005993494391441345,0.007338079996407032,0.0280620701611042,0.0,0.007351989857852459,0.0,0.11842472851276398
7881,9.75985691184178e-05,0.006124526262283325,0.007274880446493626,0.029591837525367738,0.0,0.007431149482727051,0.0,0.11840225756168365
7882,0.00010346349590690806,0.006023537460714578,0.007182722818106413,0.02906413935124874,0.0,0.007517834659665823,0.0,0.11838053166866302
7883,9.799969266168773e-05,0.00615324629470706,0.007167248986661434,0.0279844731092453,0.0,0.0075619034469127655,0.0,0.11836433410644531
7884,9.750832978170366e-05,0.00592212351039052,0.0071419064886868,0.028829295933246613,0.0,0.007559435907751322,0.0,0.11834476888179779
7885,0.00010321680019842461,0.006290298141539097,0.007168410532176495,0.029301639646291733,0.0,0.0075477794744074345,0.0,0.11834295839071274
7886,9.524525521555915e-05,0.0061051097698509695,0.007983201555907727,0.02881081700325012,0.0,0.007539133075624704,0.0,0.1183374896645546
7887,9.747657022671775e-05,0.00594616299495101,0.007523542921990156,0.02929900884628296,0.0,0.007500414736568928,0.0,0.1183357983827591
7888,0.00010923295340035111,0.006213230360299349,0.00788188073784113,0.02772262990474701,0.0,0.007438621483743191,0.0,0.11835215240716934
7889,0.0001026426485623233,0.006031478010118008,0.00787553358823061,0.03024810887873173,0.0,0.007406627293676138,0.0,0.11836826801300049
7890,0.00010587462747935206,0.006337389722466469,0.007371995970606804,0.028428319841623306,0.0,0.007450023200362921,0.0,0.11838023364543915
7891,0.00010684992885217071,0.006079226080328226,0.007732451613992453,0.028201902657747267,0.0,0.007487787399441004,0.0,0.11837096512317657
7892,0.00010611084289848804,0.00593213140964508,0.007628748472779989,0.029716397076845168,0.0,0.007486714515835047,0.0,0.11834155023097992
7893,0.00010660325933713466,0.006142822746187449,0.007993595488369466,0.029626715183258056,0.0,0.00744749465957284,0.0,0.11833994090557098
7894,9.325162536697463e-05,0.006074626557528972,0.0075022544711828235,0.02920365110039711,0.0,0.0073767355643212795,0.0,0.1183389201760292
7895,9.418442350579425e-05,0.006114867608994245,0.007229650765657425,0.02889646701514721,0.0,0.007289918605238199,0.0,0.11835207790136337
7896,0.0001005999103654176,0.006268259976059199,0.007253370899707079,0.027813301607966422,0.0,0.007215738296508789,0.0,0.11836884915828705
7897,0.00010284468589816242,0.0060659971088171,0.007025465276092291,0.02955508455634117,0.0,0.00717539619654417,0.0,0.11836304515600204
7898,9.427130135009065e-05,0.006179253663867712,0.007732119411230087,0.029596473649144174,0.0,0.0071827927604317665,0.0,0.118355393409729
7899,0.00010062290675705299,0.006209887005388737,0.007472194544970989,0.02924760654568672,0.0,0.0071858493611216545,0.0,0.11834591627120972
7900,9.432585211470723e-05,0.006315793190151453,0.007523801457136869,0.02855045273900032,0.0,0.007232832256704569,0.0,0.1183394193649292
7901,9.026779298437759e-05,0.005973906163126231,0.0075728221796453,0.028955868259072304,0.0,0.007268576417118311,0.0,0.11835142225027084
7902,9.840390557656065e-05,0.006194365676492453,0.0076551569625735285,0.028521717339754105,0.0,0.007259064354002476,0.0,0.11838482320308685
7903,9.602667996659875e-05,0.006052750069648028,0.007515520602464676,0.028445176035165786,0.0,0.0072224438190460205,0.0,0.11842390149831772
7904,9.291250462410972e-05,0.006397162191569805,0.00745065463706851,0.028531887009739874,0.0,0.0072190104983747005,0.0,0.11844231933355331
7905,0.00010283813026035205,0.006010907236486673,0.007514393236488104,0.028743769228458404,0.0,0.007238413207232952,0.0,0.1184481531381607
7906,9.726277203299105e-05,0.0061236868612468244,0.007398997154086828,0.029251324385404585,0.0,0.007256762590259314,0.0,0.11844561249017715
7907,9.759544918779284e-05,0.006106811668723821,0.007553649693727493,0.029251093789935113,0.0,0.007286720909178257,0.0,0.11845163255929947
7908,0.00010361085733165965,0.006037767324596643,0.007171851489692927,0.028528781607747078,0.0,0.007392196450382471,0.0,0.11845053732395172
7909,9.894386457744985e-05,0.006072327587753534,0.007411031424999237,0.02926091179251671,0.0,0.007577815558761358,0.0,0.11844365298748016
7910,9.978952148230747e-05,0.006092445459216833,0.007564986776560545,0.02894335351884365,0.0,0.0077157290652394295,0.0,0.11843986809253693
7911,0.00010111414012499153,0.006177827809005975,0.007751558534801006,0.02889942117035389,0.0,0.00782460905611515,0.0,0.11844464391469955
7912,0.00010332844249205664,0.006134855002164841,0.007522499840706587,0.028395345062017442,0.0,0.007894295267760754,0.0,0.11845698207616806
7913,9.642038348829373e-05,0.006309707649052143,0.007500749360769987,0.03019343577325344,0.0,0.007880860939621925,0.0,0.11846975237131119
7914,9.135448490269483e-05,0.005990224331617356,0.007333284616470337,0.02883824221789837,0.0,0.007801713887602091,0.0,0.11848747730255127
7915,0.00010028313554357737,0.006169630028307438,0.007003632374107838,0.029687652736902236,0.0,0.007692381739616394,0.0,0.11849881708621979
7916,9.970854880521074e-05,0.006203927658498287,0.007163733430206776,0.029237273335456847,0.0,0.007649932987987995,0.0,0.11852052062749863
7917,9.693122119642794e-05,0.006311023607850075,0.0070896526798605915,0.02888184003531933,0.0,0.007702757604420185,0.0,0.11853200197219849
7918,0.00010303388407919555,0.006098517309874296,0.007101028133183718,0.028766245022416113,0.0,0.00782029889523983,0.0,0.1185460239648819
7919,0.00010008075623773039,0.006238931883126497,0.007290741242468357,0.02855902649462223,0.0,0.007900792174041271,0.0,0.11857140064239502
7920,9.844094747677446e-05,0.0061382587999105455,0.00727741839364171,0.030375863984227182,0.0,0.007918688468635082,0.0,0.11858538538217545
7921,0.0001058120746165514,0.006037896499037743,0.007004060409963131,0.029024891555309296,0.0,0.007888776250183582,0.0,0.11859877407550812
7922,0.00010468011314515024,0.006209609750658274,0.00738975154235959,0.02700081653892994,0.0,0.007843409664928913,0.0,0.11859569698572159
7923,0.00010386649810243398,0.006064015626907349,0.007460203766822815,0.02858108691871166,0.0,0.007789332419633865,0.0,0.11859554052352905
7924,9.897943091345951e-05,0.006167307589203119,0.008001190610229969,0.02850763164460659,0.0,0.007722094655036926,0.0,0.11860936880111694
7925,0.00010074224701384082,0.0061022453010082245,0.007174346968531609,0.028547671064734458,0.0,0.0076382881961762905,0.0,0.11861815303564072
7926,9.381345589645206e-05,0.0062108741141855715,0.007312328647822141,0.03022601492702961,0.0,0.007545347325503826,0.0,0.11862417310476303
7927,9.016209951369092e-05,0.00611453102901578,0.007646104879677295,0.029411458224058152,0.0,0.007451893296092749,0.0,0.1186235174536705
7928,9.893975511658937e-05,0.006114473100751638,0.007759382203221321,0.028920257091522218,0.0,0.007364609744399786,0.0,0.1186426654458046
7929,9.548426896799356e-05,0.00614732475951314,0.007707104831933975,0.02798406295478344,0.0,0.007291012909263372,0.0,0.11863444745540619
7930,9.509257652098312e-05,0.006110800430178642,0.007085741497576237,0.02825975455343723,0.0,0.007277896162122488,0.0,0.1186215877532959
7931,9.41400503506884e-05,0.0061028748750686646,0.007310585305094719,0.031136622279882432,0.0,0.007295601069927216,0.0,0.11860611289739609
7932,9.050593798747286e-05,0.0060675196349620816,0.007448322977870703,0.02901034541428089,0.0,0.00730504235252738,0.0,0.11860300600528717
7933,9.333260677522049e-05,0.0062780800275504586,0.007073834538459778,0.028979714959859848,0.0,0.007308027241379023,0.0,0.11861999332904816
7934,0.0001001963159069419,0.005956084188073874,0.007241122052073478,0.02793506346642971,0.0,0.007286997977644205,0.0,0.11862260103225708
7935,9.883159073069692e-05,0.006074305064976216,0.007234492152929306,0.030896759405732156,0.0,0.007289043627679348,0.0,0.11861592531204224
7936,9.457591077079996e-05,0.006003151927143335,0.007726103067398071,0.028594859316945075,0.0,0.007347241044044495,0.0,0.1186022013425827
7937,9.9662366847042e-05,0.006401675753295422,0.007870277762413025,0.028576716408133508,0.0,0.007400285452604294,0.0,0.11857262998819351
7938,9.381835989188402e-05,0.005891125556081534,0.007141744159162045,0.02829010970890522,0.0,0.007418316788971424,0.0,0.11854211986064911
7939,9.764447022462264e-05,0.0062300141900777815,0.007414878159761429,0.029795216023921968,0.0,0.007394874002784491,0.0,0.11854535341262817
7940,9.436704276595264e-05,0.006244965083897114,0.007149238605052233,0.029204762354493142,0.0,0.007348008453845978,0.0,0.11854690313339233
7941,9.724934352561831e-05,0.0061987824738025665,0.007365367747843266,0.028419404104351998,0.0,0.007299142889678478,0.0,0.11854656040668488
7942,9.28363311686553e-05,0.006066187284886837,0.007712718471884728,0.028163541480898856,0.0,0.007288272492587566,0.0,0.11854901164770126
7943,9.734437917359173e-05,0.006006356980651617,0.008145032729953528,0.02812913469970226,0.0,0.007296825293451548,0.0,0.1185423731803894
7944,0.00010381605388829485,0.005996101163327694,0.007467374950647354,0.029552679508924484,0.0,0.007288053631782532,0.0,0.11852771043777466
7945,9.2965793737676e-05,0.006108265370130539,0.0073917869478464125,0.028994377329945566,0.0,0.007264295127242804,0.0,0.11850811541080475
7946,9.587001986801624e-05,0.006086628884077072,0.007251347322016955,0.02880478575825691,0.0,0.00723385950550437,0.0,0.11848779767751694
7947,9.392907959409058e-05,0.005985925905406475,0.00725055169314146,0.02980530634522438,0.0,0.007191614247858524,0.0,0.11846736818552017
7948,9.528047521598638e-05,0.006196601036936045,0.00695811789482832,0.02925839088857174,0.0,0.0071640037931501865,0.0,0.11845890432596207
7949,0.00010477310133865103,0.006326447520405054,0.006685137283056974,0.02863216809928417,0.0,0.007148174103349447,0.0,0.11846405267715454
7950,0.0001027077596518211,0.006214246433228254,0.006782734766602516,0.028649858385324477,0.0,0.007180324289947748,0.0,0.11846067756414413
7951,9.502667526248843e-05,0.006254670768976211,0.007234678883105516,0.029667725414037706,0.0,0.007272105664014816,0.0,0.11844582855701447
7952,9.732129547046497e-05,0.006162482500076294,0.007315304223448038,0.0297669380903244,0.0,0.0073336525820195675,0.0,0.11844708770513535
7953,9.24522872082889e-05,0.006161100417375565,0.007303405366837978,0.02681460939347744,0.0,0.007355640176683664,0.0,0.11845046281814575
7954,9.257714264094829e-05,0.006372426543384791,0.007100196648389101,0.029089644178748132,0.0,0.0073658740147948265,0.0,0.11845829337835312
7955,9.20922786463052e-05,0.005991832632571459,0.007411656156182289,0.0282236997038126,0.0,0.007430489175021648,0.0,0.11844881623983383
7956,9.466772607993334e-05,0.006285429652780295,0.007799169141799211,0.02944365292787552,0.0,0.0074997046031057835,0.0,0.11843524128198624
7957,9.454883984290063e-05,0.00617433749139309,0.007045440841466188,0.029303673654794693,0.0,0.007559008896350861,0.0,0.11841925233602524
7958,0.0001008918130537495,0.006067844573408365,0.007497145142406225,0.02927579954266548,0.0,0.007596528623253107,0.0,0.11839880049228668
7959,0.00010083453089464456,0.0061974856071174145,0.007019909098744392,0.028150495886802674,0.0,0.0076291365548968315,0.0,0.1183997169137001
7960,9.290911111747846e-05,0.00621987683698535,0.0072850814089179036,0.02949719540774822,0.0,0.007746702991425991,0.0,0.11841368675231934
7961,8.846119890222326e-05,0.006101464107632637,0.007510192785412073,0.028593141585588455,0.0,0.007915345951914787,0.0,0.11842580139636993
7962,9.909515647450462e-05,0.005922264978289604,0.007278911955654621,0.029055365547537803,0.0,0.008022732101380825,0.0,0.11844410002231598
7963,9.936507558450103e-05,0.006291606742888689,0.007572222407907248,0.028790411353111268,0.0,0.008017988875508308,0.0,0.1184343472123146
7964,9.231815638486296e-05,0.0061364443972706795,0.007519934326410294,0.02890707030892372,0.0,0.007935140281915665,0.0,0.11841599643230438
7965,9.677347698016092e-05,0.005966777075082063,0.007964080478996039,0.029086863994598387,0.0,0.007833778858184814,0.0,0.11838619410991669
7966,9.451694058952853e-05,0.006216906290501356,0.007653847895562648,0.02911773882806301,0.0,0.007745741866528988,0.0,0.11836818605661392
7967,9.563881612848491e-05,0.006076266150921583,0.007673166878521443,0.02999255284667015,0.0,0.007688208017498255,0.0,0.11837132275104523
7968,0.00010241890704492107,0.005988071300089359,0.008100578095763922,0.029548488557338715,0.0,0.007656480185687542,0.0,0.11838953197002411
7969,9.278507641283796e-05,0.0063562153838574885,0.007487464137375355,0.029156549274921416,0.0,0.007611960172653198,0.0,0.11839006841182709
7970,9.60607678280212e-05,0.006179250124841928,0.007451220043003559,0.028282300010323523,0.0,0.007546196226030588,0.0,0.11839622259140015
7971,9.291545866290108e-05,0.0061635952442884445,0.007342504058033228,0.029301689937710762,0.0,0.007487787399441004,0.0,0.11841239780187607
7972,9.096509747905657e-05,0.005996767431497574,0.007401645556092263,0.02809763476252556,0.0,0.0075057619251310825,0.0,0.11842934787273407
7973,9.72249748883769e-05,0.006268853973597288,0.007673729304224252,0.028720583021640777,0.0,0.007542591542005539,0.0,0.11843018233776093
7974,9.822359716054052e-05,0.006221114564687014,0.007492717262357474,0.029883936792612076,0.0,0.0076033687219023705,0.0,0.11842820793390274
7975,9.559304307913408e-05,0.006305750086903572,0.007564334385097027,0.029774940758943557,0.0,0.007679947651922703,0.0,0.11844466626644135
7976,9.065959311556071e-05,0.006287471204996109,0.007795022521167994,0.029054103419184685,0.0,0.007718282286077738,0.0,0.11846516281366348
7977,9.293714829254896e-05,0.006309026572853327,0.008006669674068689,0.030170419439673423,0.0,0.007698475383222103,0.0,0.11848407983779907
7978,9.786127047846094e-05,0.005999267660081386,0.008085460029542446,0.029541587084531785,0.0,0.007669816724956036,0.0,0.11849367618560791
7979,0.00010342244058847427,0.0060675060376524925,0.007860873080790042,0.028862324729561805,0.0,0.0076480405405163765,0.0,0.11848197132349014
7980,0.00010019561450462789,0.0061663523316383365,0.007729821745306254,0.029073457419872283,0.0,0.007594802416861057,0.0,0.11847800016403198
7981,9.138281602645293e-05,0.005957065057009459,0.007806816045194865,0.028642287477850914,0.0,0.007584359496831894,0.0,0.11847488582134247
7982,9.217279584845528e-05,0.006089126504957676,0.007502886280417442,0.029286382719874382,0.0,0.0076380083337426186,0.0,0.1184619888663292
7983,0.00010230492480332032,0.006198926921933889,0.007426060829311609,0.027988090738654138,0.0,0.007694019470363855,0.0,0.11844533681869507
7984,9.35046118684113e-05,0.005989940091967583,0.007558804750442505,0.030032574012875558,0.0,0.007722976617515087,0.0,0.118430957198143
7985,0.00010199041134910658,0.006024529784917831,0.0075071644969284534,0.029820702970027924,0.0,0.007717065513134003,0.0,0.11844293773174286
7986,0.00010591167374514043,0.006146756373345852,0.007838024850934744,0.027397783100605012,0.0,0.007690629921853542,0.0,0.11845254898071289
7987,9.426273318240419e-05,0.006364160217344761,0.007622231729328632,0.02858375459909439,0.0,0.0076385363936424255,0.0,0.1184537261724472
7988,0.00010227838793070987,0.006178138963878155,0.007726118061691522,0.02911304831504822,0.0,0.007566320244222879,0.0,0.11846277862787247
7989,8.993545634439215e-05,0.006051261071115732,0.00804259404540062,0.029224839806556702,0.0,0.007476405240595341,0.0,0.11846498399972916
7990,0.0001050335427862592,0.0059472832828760145,0.0075431613251566885,0.03091934844851494,0.0,0.007464298512786627,0.0,0.11846353113651276
7991,0.00010297035332769155,0.00617648595944047,0.007327263616025448,0.029646271467208864,0.0,0.00749021302908659,0.0,0.11846993118524551
7992,9.753412887221202e-05,0.0062772220931947235,0.007335304748266935,0.030083850026130676,0.0,0.007479407824575901,0.0,0.11848799884319305
7993,0.0001052980194799602,0.006218148954212665,0.007305994350463152,0.028227515146136285,0.0,0.007448050193488598,0.0,0.11850553750991821
7994,8.970121416496113e-05,0.006334648653864861,0.007359280344098806,0.029009702801704406,0.0,0.007424482144415379,0.0,0.11851856857538223
7995,9.796381054911762e-05,0.00607728511095047,0.007438056729733944,0.02833346389234066,0.0,0.00749454740434885,0.0,0.1185230165719986
7996,8.878301887307316e-05,0.006174299586564303,0.007379638031125069,0.02942775413393974,0.0,0.0076241521164774895,0.0,0.11850991100072861
7997,9.937915892805904e-05,0.006163644883781671,0.0075919896364212034,0.029325859621167183,0.0,0.007696008775383234,0.0,0.11850683391094208
7998,8.835339976940305e-05,0.006128323543816805,0.007506375573575497,0.02816859371960163,0.0,0.007709025405347347,0.0,0.118525430560112
7999,9.219189960276707e-05,0.005940633174031973,0.0075147833675146105,0.027926698327064514,0.0,0.0077046798542141914,0.0,0.11852917820215225
8000,9.265430126106366e-05,0.005964375659823417,0.0070668869651854035,0.026801027730107306,0.0,0.007681821472942829,0.0,0.11853460967540741
8001,9.529714589007199e-05,0.00603089714422822,0.007103995140641928,0.02909175753593445,0.0,0.00762070482596755,0.0,0.11855544149875641
8002,9.317281364928931e-05,0.006291349977254867,0.007692955806851387,0.028594466298818587,0.0,0.007545259781181812,0.0,0.11856560409069061
8003,0.00010050252749351784,0.006139619648456574,0.007764229830354452,0.028234777972102165,0.0,0.007568682543933392,0.0,0.11855918169021606
8004,9.156964515568688e-05,0.0059619714505970475,0.007763349637389183,0.028797072172164918,0.0,0.007689664606004953,0.0,0.11854354292154312
8005,0.00010010556725319475,0.00611172579228878,0.007108037173748016,0.029566195607185364,0.0,0.00776906032115221,0.0,0.11852987110614777
8006,9.809952753130347e-05,0.006203056313097477,0.00743110990151763,0.028483454883098603,0.0,0.007769182324409485,0.0,0.11852546036243439
8007,9.622237557778135e-05,0.005974168423563242,0.007509340066462755,0.030600013583898543,0.0,0.007709869649261236,0.0,0.11851559579372406
8008,0.00010337865096516907,0.006081285793334246,0.007771185971796513,0.028637381643056868,0.0,0.007622384466230869,0.0,0.1185077652335167
8009,0.00010178494412684813,0.0060427600517869,0.007315750606358052,0.028458163142204285,0.0,0.007529922761023045,0.0,0.1184941977262497
8010,9.907916537486017e-05,0.006196641083806753,0.007380600739270449,0.029690317809581757,0.0,0.007515092846006155,0.0,0.11847939342260361
8011,9.304436534876003e-05,0.005995852407068014,0.00770219936966896,0.02859747186303139,0.0,0.007621603552252054,0.0,0.11847022920846939
8012,9.405109885847196e-05,0.006094686407595873,0.007565543986856937,0.02814086489379406,0.0,0.007751717232167721,0.0,0.11847297102212906
8013,9.468605858273805e-05,0.0062987424433231355,0.007844636216759682,0.029168064892292022,0.0,0.007819424383342266,0.0,0.11846830695867538
8014,0.00010282319562975318,0.006037114467471838,0.007617628574371338,0.02882705070078373,0.0,0.007829086855053902,0.0,0.11846251785755157
8015,0.00010134611220564693,0.006191655993461609,0.007952846214175224,0.02897418402135372,0.0,0.007801660802215338,0.0,0.11846117675304413
8016,9.791607008082792e-05,0.006062791403383017,0.007279857154935598,0.02990740053355694,0.0,0.007729526609182358,0.0,0.11845382302999496
8017,0.00010454484436195344,0.006182172615081072,0.007697417959570884,0.02928897850215435,0.0,0.007632416673004627,0.0,0.11844360828399658
8018,0.00010019566980190575,0.006108499504625798,0.007820528745651246,0.030470336601138116,0.0,0.007522282190620899,0.0,0.11841776221990585
8019,9.953287517419084e-05,0.006026633363217115,0.007757516950368882,0.02886328250169754,0.0,0.007424334529787302,0.0,0.11840634047985077
8020,0.00010677753743948415,0.006124581675976515,0.0074530430138111115,0.02935157120227814,0.0,0.007419658359140158,0.0,0.1184101551771164
8021,9.539246093481779e-05,0.006226088106632233,0.007843130826950073,0.028569740429520606,0.0,0.007461843080818653,0.0,0.11842408031225204
8022,9.101432806346565e-05,0.006192110106348991,0.00838255686685443,0.028611185029149055,0.0,0.007508493028581142,0.0,0.11843657493591309
8023,9.932977118296549e-05,0.005970946792513132,0.007878706511110067,0.028944112733006476,0.0,0.007534188684076071,0.0,0.11844495683908463
8024,8.984399173641577e-05,0.006213972065597773,0.007758626155555249,0.02938816510140896,0.0,0.0075153568759560585,0.0,0.1184518113732338
8025,8.871193858794868e-05,0.006104275491088629,0.007226504478603601,0.029381885752081872,0.0,0.0074711455963552,0.0,0.11846021562814713
8026,9.591548587195575e-05,0.006055174861103296,0.007047075778245926,0.029428522661328317,0.0,0.007399409078061581,0.0,0.11846921592950821
8027,9.131430560955777e-05,0.006098110415041447,0.007778530474752188,0.028570686653256416,0.0,0.0073090652003884315,0.0,0.11848989874124527
8028,9.260798833565786e-05,0.005994836334139109,0.007190123200416565,0.029310600459575654,0.0,0.007223015185445547,0.0,0.11851229518651962
8029,0.00010562512616161258,0.006148434430360794,0.007651892211288214,0.02851521335542202,0.0,0.0071706948801875114,0.0,0.1185174360871315
8030,9.616128954803571e-05,0.006209759321063757,0.0071811243891716,0.02810017541050911,0.0,0.007195239420980215,0.0,0.11853929609060287
8031,0.00010194715287070721,0.006283896323293447,0.007660290505737066,0.028022590279579162,0.0,0.0072873374447226524,0.0,0.1185554638504982
8032,9.73706875811331e-05,0.006261750403791666,0.006982840877026319,0.029608073458075524,0.0,0.007402373943477869,0.0,0.1185460239648819
8033,8.808109705569223e-05,0.006280331127345562,0.007358164712786675,0.027958709746599197,0.0,0.007467902265489101,0.0,0.11853907257318497
8034,9.54545961576514e-05,0.006216152664273977,0.007229544781148433,0.02928827553987503,0.0,0.007457891944795847,0.0,0.11853691190481186
8035,9.791269840206951e-05,0.006042471062391997,0.007403305824846029,0.02884845919907093,0.0,0.007440187036991119,0.0,0.11853351444005966
8036,8.546397875761614e-05,0.006146497093141079,0.007759905606508255,0.03046817481517792,0.0,0.007410687394440174,0.0,0.11850907653570175
8037,0.00010278176050633192,0.00619918666779995,0.007512678764760495,0.027879153192043305,0.0,0.007354100700467825,0.0,0.11847727000713348
8038,9.029642824316397e-05,0.006338020972907543,0.007812980934977532,0.03028326891362667,0.0,0.007312808185815811,0.0,0.11845661699771881
8039,9.528734808554873e-05,0.006056631449609995,0.00734683321788907,0.029141054674983024,0.0,0.00729754101485014,0.0,0.11847512423992157
8040,9.840028651524335e-05,0.0061949161812663075,0.007199715729802847,0.028907225653529166,0.0,0.007330246269702911,0.0,0.11848819255828857
8041,9.268824651371687e-05,0.006188482977449894,0.007395435683429241,0.02968745306134224,0.0,0.007406898774206638,0.0,0.11849454790353775
8042,9.750137833179906e-05,0.006138489115983248,0.007224608771502971,0.029392227157950403,0.0,0.007442464120686054,0.0,0.11848659813404083
8043,0.00010177849617321044,0.006153660174459219,0.00713821267709136,0.028569798171520232,0.0,0.007443195674568415,0.0,0.11847666651010513
8044,9.48416258324869e-05,0.0063768642023205755,0.007962229195982218,0.029961526021361352,0.0,0.0074669374153018,0.0,0.11846508830785751
8045,8.603976311860606e-05,0.006226624920964241,0.007179276365786791,0.02936607673764229,0.0,0.007563824765384197,0.0,0.11846315860748291
8046,0.00010495787137188017,0.006223139259964228,0.007558213174343109,0.029666735231876372,0.0,0.007691953331232071,0.0,0.11845678091049194
8047,9.890980873024091e-05,0.00619351863861084,0.006956788711249828,0.029334613308310508,0.0,0.0077749984338879585,0.0,0.11844859272241592
8048,0.00010408790985820815,0.006282621435821057,0.0071083130314946175,0.02844275049865246,0.0,0.007808768656104803,0.0,0.1184425801038742
8049,8.906424482120201e-05,0.006041210982948542,0.0073598334565758705,0.02857987768948078,0.0,0.007813624106347561,0.0,0.11841820180416107
8050,9.890179062495008e-05,0.0061222266405820845,0.007513206172734499,0.027256687730550767,0.0,0.007813740521669388,0.0,0.11840808391571045
8051,0.00010316358675481752,0.006087196990847588,0.007431124150753021,0.03015131838619709,0.0,0.007786921225488186,0.0,0.11841775476932526
8052,9.44457875448279e-05,0.006087588332593441,0.007083766255527734,0.02897186204791069,0.0,0.007783586625009775,0.0,0.1184268444776535
8053,0.00010254150693072006,0.005897841136902571,0.007323466800153255,0.029127729311585426,0.0,0.007747122552245855,0.0,0.1184227466583252
8054,9.594588482286781e-05,0.006366609781980515,0.007469146512448788,0.029345139861106873,0.0,0.0076677813194692135,0.0,0.11841978132724762
8055,9.35673771891743e-05,0.006049578730016947,0.007319423835724592,0.028081372007727624,0.0,0.0075682057067751884,0.0,0.11840683221817017
8056,9.13662079256028e-05,0.006042539328336716,0.007168840896338224,0.02922869473695755,0.0,0.00748935854062438,0.0,0.11836756765842438
8057,8.80188395967707e-05,0.006205770652741194,0.007023143954575062,0.028574008122086526,0.0,0.007425002753734589,0.0,0.11833439022302628
8058,9.477624989813193e-05,0.006134385336190462,0.007240736763924361,0.02994261421263218,0.0,0.007379375398159027,0.0,0.11831188201904297
8059,9.749212622409687e-05,0.0063352779485285286,0.0077268236316740515,0.02978643514215946,0.0,0.007404938340187073,0.0,0.11828169971704483
8060,9.850945352809503e-05,0.006399618834257126,0.007484980765730143,0.02917063795030117,0.0,0.007502452470362186,0.0,0.11825816333293915
8061,9.441939473617822e-05,0.006385405268520117,0.007720404211431742,0.03087332993745804,0.0,0.0075855618342757225,0.0,0.11825267225503922
8062,9.645441314205527e-05,0.006225624028593302,0.0075472740456461905,0.02821678891777992,0.0,0.0076551660895347595,0.0,0.11825591325759888
8063,0.00010191141773248091,0.006020598206669092,0.007750889845192432,0.028461410105228423,0.0,0.007676295004785061,0.0,0.11826109886169434
8064,9.187453106278554e-05,0.00577757665887475,0.007685647625476122,0.030601412057876587,0.0,0.00765984645113349,0.0,0.11826325953006744
8065,9.341913100797683e-05,0.005877538863569498,0.007592390105128288,0.02910023704171181,0.0,0.007598841097205877,0.0,0.1182892769575119
8066,0.00010580636444501579,0.006133171636611224,0.007819693256169557,0.02856132313609123,0.0,0.007504654116928577,0.0,0.11831299960613251
8067,0.00010052175202872604,0.006089705973863602,0.00760774202644825,0.02975304089486599,0.0,0.007420045789331198,0.0,0.11833622306585312
8068,9.038853895617648e-05,0.0060409603640437124,0.007272504270076752,0.028538344800472258,0.0,0.007398538291454315,0.0,0.11836771667003632
8069,0.00010177725489484147,0.006204604543745518,0.007453660666942597,0.0286252710968256,0.0,0.007471381686627865,0.0,0.11839139461517334
8070,9.97170849586837e-05,0.00609902199357748,0.0075492556206882,0.028964702785015107,0.0,0.007561313454061747,0.0,0.11838869750499725
8071,9.366825252072885e-05,0.006196926813572645,0.007229109480977059,0.029240892082452775,0.0,0.007634743116796017,0.0,0.11838488280773163
8072,9.626386308809742e-05,0.006062419340014458,0.007410075515508652,0.02821667455136776,0.0,0.007672219071537256,0.0,0.11838827282190323
8073,9.72189664025791e-05,0.006136121787130832,0.007346961554139853,0.029667567834258078,0.0,0.007719830609858036,0.0,0.11840866506099701
8074,9.717897773953155e-05,0.006028704158961773,0.006859285477548838,0.028049660846590996,0.0,0.007742800749838352,0.0,0.11843834072351456
8075,9.485810296609998e-05,0.006310662813484668,0.007617467921227217,0.02866779826581478,0.0,0.007736092898994684,0.0,0.11845006793737411
8076,0.00010487122781341896,0.005899893306195736,0.006799880508333444,0.029052577540278436,0.0,0.007686165627092123,0.0,0.11844680458307266
8077,9.939104929799215e-05,0.006098976079374552,0.006886162981390953,0.028968910127878188,0.0,0.007603898644447327,0.0,0.11843858659267426
8078,9.675027831690386e-05,0.006163738388568163,0.007453193515539169,0.028801540657877923,0.0,0.007519750390201807,0.0,0.11843617260456085
8079,9.609419066691771e-05,0.00609535938128829,0.007678938936442137,0.02940438613295555,0.0,0.007482630666345358,0.0,0.11844141781330109
8080,0.00010291552171111107,0.006109303236007691,0.007441428862512112,0.02813468426465988,0.0,0.007470488548278809,0.0,0.11844925582408905
8081,0.00010043488146038726,0.006148888636380434,0.007521101925522089,0.028116611763834953,0.0,0.007458369247615337,0.0,0.11844267696142197
8082,9.402383147971705e-05,0.006272653210908174,0.007569426018744707,0.029181614890694617,0.0,0.007448513060808182,0.0,0.11844159662723541
8083,0.00010831606632564217,0.006103372760117054,0.007616341393440962,0.030648454278707504,0.0,0.007448931224644184,0.0,0.11843981593847275
8084,9.781691915122792e-05,0.006306098494678736,0.007607297133654356,0.028567972779273986,0.0,0.007442856673151255,0.0,0.11846520006656647
8085,0.00010430382826598361,0.0061759564094245436,0.007365339994430542,0.029180550947785378,0.0,0.00741780549287796,0.0,0.11846641451120377
8086,9.67390602454543e-05,0.006160410866141319,0.007287322636693716,0.02928650863468647,0.0,0.007407635450363159,0.0,0.11848080158233643
8087,0.00010472138674231247,0.006203221809118986,0.007782155554741621,0.02828174866735935,0.0,0.007402785122394562,0.0,0.11848048120737076
8088,8.930371113820001e-05,0.006236272864043713,0.007720926869660616,0.02863134853541851,0.0,0.007393044885247946,0.0,0.11847086995840073
8089,9.72522801021114e-05,0.006292589660733938,0.007601059973239899,0.029079515486955643,0.0,0.007375899702310562,0.0,0.11847828328609467
8090,8.615524711785838e-05,0.006046466529369354,0.0077629460021853445,0.02889787144958973,0.0,0.007340299431234598,0.0,0.11846260726451874
8091,9.880330326268449e-05,0.006076004356145859,0.007703830767422914,0.02912120074033737,0.0,0.007301039062440395,0.0,0.11845751851797104
8092,0.00010607836593408137,0.006124859116971493,0.007599973399192095,0.028212877362966536,0.0,0.007271991111338139,0.0,0.11845539510250092
8093,0.00010300073481630533,0.006041823606938124,0.007651473395526409,0.030024782195687293,0.0,0.007282500620931387,0.0,0.11844100058078766
8094,0.00010445272491779178,0.0060049289837479595,0.0074882710352540014,0.02870964854955673,0.0,0.007300790399312973,0.0,0.1184440404176712
8095,9.94453497696668e-05,0.006210830621421337,0.006923492345958948,0.028222928196191786,0.0,0.007321204990148544,0.0,0.11844320595264435
8096,0.00010106573026860132,0.00607892544940114,0.007633388601243496,0.028663582727313043,0.0,0.007327044848352671,0.0,0.11843135207891464
8097,9.575409203534945e-05,0.0060039847157895565,0.007510146591812372,0.02795884609222412,0.0,0.007345590740442276,0.0,0.11843118816614151
8098,9.753450285643339e-05,0.0061218167655169966,0.00798996351659298,0.029054620862007143,0.0,0.0073504275642335415,0.0,0.1184222474694252
8099,9.396799141541124e-05,0.006392397452145815,0.0073452737182378765,0.028696776553988456,0.0,0.007313313893973827,0.0,0.11841513961553574
8100,0.00010205293219769373,0.0060768391005694864,0.00739821856841445,0.027326327562332154,0.0,0.0072868699207901955,0.0,0.11840172857046127
8101,0.00010437554446980357,0.006230875011533498,0.007032577320933342,0.029529956355690955,0.0,0.007315120659768581,0.0,0.11840885877609253
8102,0.00010393503471277654,0.005980501789599657,0.007056164555251598,0.028240871056914328,0.0,0.0073598166927695274,0.0,0.1184329241514206
8103,8.69699812028557e-05,0.006204517930746079,0.007013936992734671,0.02767702005803585,0.0,0.0073653399012982845,0.0,0.11843736469745636
8104,9.260348451789469e-05,0.005960898194462061,0.0070330464281141754,0.029057826846837997,0.0,0.007337546907365322,0.0,0.11842669546604156
8105,9.734109044075012e-05,0.0063051204197108746,0.007567564025521278,0.02817995622754097,0.0,0.007323899772018194,0.0,0.11840327084064484
8106,9.712007595226168e-05,0.0059270772151649,0.006870474480092525,0.02886900380253792,0.0,0.007433684077113867,0.0,0.11837534606456757
8107,9.659939823905006e-05,0.006037352606654167,0.007147594355046749,0.02726174592971802,0.0,0.0076163774356245995,0.0,0.11835648119449615
8108,9.786336740944535e-05,0.006111771427094936,0.007096072100102902,0.027892708033323287,0.0,0.007729307748377323,0.0,0.11834180355072021
8109,0.00010063294175779446,0.0062142228707671165,0.007568497024476528,0.02974555678665638,0.0,0.007763363420963287,0.0,0.1183277815580368
8110,9.125629730988294e-05,0.005958402995020151,0.007322865724563599,0.028531177341938017,0.0,0.0077451965771615505,0.0,0.11834336817264557
8111,0.00010432499839225784,0.005954018980264664,0.007510939240455627,0.02922460362315178,0.0,0.0076798321679234505,0.0,0.11834287643432617
8112,9.780092077562585e-05,0.006160098128020763,0.0075295669957995415,0.028519146889448167,0.0,0.007610965520143509,0.0,0.1183389276266098
8113,0.00010329931392334401,0.0060589898377656935,0.007539474219083786,0.030247174948453904,0.0,0.007561139762401581,0.0,0.118329718708992
8114,9.560815960867331e-05,0.006096976064145565,0.007867460418492556,0.028878720104694368,0.0,0.007525154389441013,0.0,0.11831837892532349
8115,9.28945024497807e-05,0.006077172234654427,0.007582120224833488,0.02892628647387028,0.0,0.007539683487266302,0.0,0.11832189559936523
8116,0.00010242856078548356,0.006084249448031187,0.007532181497663259,0.02890557385981083,0.0,0.007685261778533459,0.0,0.1183212548494339
8117,9.10257629584521e-05,0.006224824581295252,0.007781669870018959,0.02896810546517372,0.0,0.00784212164580822,0.0,0.11830957978963852
8118,9.78732539806515e-05,0.006151218898594379,0.007113811559975147,0.030150897800922394,0.0,0.007925426587462425,0.0,0.11829151958227158
8119,0.00010255136294290423,0.006127671152353287,0.007419405132532119,0.02920594736933708,0.0,0.008025684393942356,0.0,0.1182880774140358
8120,0.00010104101675096899,0.006042603310197592,0.007510771881788969,0.02870676517486572,0.0,0.008219053037464619,0.0,0.11828923225402832
8121,0.00010190360480919481,0.006132591236382723,0.007601995300501585,0.02836705930531025,0.0,0.008329330943524837,0.0,0.11829984188079834
8122,9.019374119816348e-05,0.00613475851714611,0.007184277381747961,0.028188521414995192,0.0,0.008378242142498493,0.0,0.1183147206902504
8123,9.182174981106072e-05,0.006212686747312545,0.0069123456254601475,0.028942678496241568,0.0,0.008434305898845196,0.0,0.11832679808139801
8124,0.00010232566419290378,0.006122604012489319,0.007126239873468876,0.028601427003741263,0.0,0.008433792740106583,0.0,0.11832501739263535
8125,9.403431467944757e-05,0.006203683838248253,0.007385317515581846,0.029481467977166175,0.0,0.008370527997612953,0.0,0.11832503229379654
8126,9.728569566505029e-05,0.0058982506394386295,0.007197342067956925,0.02876857854425907,0.0,0.008280727081000805,0.0,0.11832268536090851
8127,0.00010141593083972112,0.0061447865329682825,0.007061912305653095,0.02850876487791538,0.0,0.008170563727617264,0.0,0.11831076443195343
8128,9.964609635062515e-05,0.006116002704948187,0.007633214630186558,0.02956123761832714,0.0,0.008052567020058632,0.0,0.11829612404108047
8129,8.475418435409665e-05,0.006213690992444754,0.007159120496362447,0.028747223690152167,0.0,0.007982471957802773,0.0,0.1182938814163208
8130,9.193200094159693e-05,0.005899076908826828,0.007373210601508617,0.02959664985537529,0.0,0.007915869355201721,0.0,0.11829224973917007
8131,0.00010017796885222196,0.006257642339915037,0.006935703568160534,0.028520747646689416,0.0,0.0078358706086874,0.0,0.11828267574310303
8132,0.00010526224505156279,0.005876326933503151,0.007398341130465269,0.028830334916710852,0.0,0.007792635355144739,0.0,0.11827025562524796
8133,0.00010268345649819822,0.006123161036521196,0.007516927924007178,0.028936633840203285,0.0,0.007783209439367056,0.0,0.11824972927570343
8134,0.0001033940920024179,0.0062611703760921955,0.007256748341023922,0.030308863893151284,0.0,0.007781477179378271,0.0,0.11822451651096344
8135,9.139711037278175e-05,0.006236432027071715,0.007954758033156395,0.02855747900903225,0.0,0.0077382707968354225,0.0,0.11820991337299347
8136,9.285203414037824e-05,0.006082142610102892,0.007331342995166778,0.029499227926135064,0.0,0.007659577764570713,0.0,0.11819510161876678
8137,9.564029460307211e-05,0.006415452156215906,0.007658434845507145,0.02884817272424698,0.0,0.0075849080458283424,0.0,0.11817426979541779
8138,9.365730074932799e-05,0.006047994457185268,0.007079363986849785,0.027947504445910452,0.0,0.00757454801350832,0.0,0.11817063391208649
8139,9.54569026362151e-05,0.006118917651474476,0.0071020426228642465,0.0291511669754982,0.0,0.007562627084553242,0.0,0.11815562099218369
8140,9.355072688777e-05,0.006043746415525675,0.0071653942577540874,0.029863015934824943,0.0,0.00754082715138793,0.0,0.11815595626831055
8141,0.00010169361485168338,0.006202375236898661,0.007122702058404684,0.029658101499080658,0.0,0.007506667636334896,0.0,0.11819930374622345
8142,0.00010120514634763822,0.0059924483299255375,0.007230853009968996,0.02815234921872616,0.0,0.007492206059396267,0.0,0.11822136491537094
8143,9.185727540170774e-05,0.006167612038552761,0.007207461353391409,0.028606095537543296,0.0,0.0074579110369086266,0.0,0.11823152005672455
8144,9.486303897574544e-05,0.006027692463248968,0.006901111640036106,0.027869385480880738,0.0,0.0073942579329013824,0.0,0.11824388802051544
8145,0.00010541339142946526,0.005927956942468881,0.007644646801054478,0.02982747107744217,0.0,0.007326595485210419,0.0,0.1182650551199913
8146,0.00010052191355498507,0.006090653780847788,0.007579238433390856,0.027805156633257867,0.0,0.007285046391189098,0.0,0.11829590797424316
8147,9.309490269515663e-05,0.006204172503203154,0.0077652671374380585,0.029737288877367974,0.0,0.0072481571696698666,0.0,0.11829767376184464
8148,9.610735432943329e-05,0.0061678336933255196,0.00763126639649272,0.029131366685032845,0.0,0.007237353827804327,0.0,0.11829378455877304
8149,9.202107030432671e-05,0.00598048847168684,0.0075909305363893505,0.027156146988272668,0.0,0.007259274832904339,0.0,0.11827900260686874
8150,9.575894800946116e-05,0.006252360064536333,0.007434597704559565,0.02824079357087612,0.0,0.007296445779502392,0.0,0.11828295886516571
8151,9.687036072136834e-05,0.0062152093276381494,0.0076273147016763685,0.02830372639000416,0.0,0.007341364864259958,0.0,0.1182941421866417
8152,9.911378583637998e-05,0.006098672375082969,0.00761768538504839,0.02905571796000004,0.0,0.007345649413764477,0.0,0.11829005181789398
8153,0.00010226668237010018,0.006161100883036852,0.007336049899458885,0.029633676260709764,0.0,0.007318741176277399,0.0,0.11829366534948349
8154,0.00010109459108207375,0.006325146928429603,0.007674080319702625,0.028752412647008896,0.0,0.007282917387783527,0.0,0.11830025911331177
8155,0.00010447864915477111,0.006201549712568521,0.007742170616984368,0.028905610367655755,0.0,0.007239227648824453,0.0,0.11830408871173859
8156,9.305252169724553e-05,0.006085061281919479,0.007604095432907343,0.028227492421865463,0.0,0.007232291158288717,0.0,0.11831816285848618
8157,9.865272731985897e-05,0.005877735279500485,0.007492079026997089,0.028924525901675224,0.0,0.007290954235941172,0.0,0.11832554638385773
8158,0.00010101082298206166,0.006133389193564653,0.006963428575545549,0.028649776056408883,0.0,0.007342385593801737,0.0,0.1182977557182312
8159,9.773503115866334e-05,0.006282826233655214,0.007581013347953558,0.028337641060352324,0.0,0.0073876469396054745,0.0,0.11827381700277328
8160,9.401278221048415e-05,0.0059875517152249815,0.007280458882451058,0.028426286205649375,0.0,0.00740311574190855,0.0,0.11825355142354965
8161,9.118193702306598e-05,0.006108627002686262,0.007789589837193489,0.029038511216640472,0.0,0.007385233882814646,0.0,0.11823103576898575
8162,9.322263795183972e-05,0.005985881388187409,0.007557918224483729,0.029989420250058175,0.0,0.0073350719176232815,0.0,0.11821895837783813
8163,0.00010345304181100801,0.006190252117812633,0.008060482516884803,0.02804158292710781,0.0,0.007279235869646072,0.0,0.11824236810207367
8164,9.911013185046614e-05,0.006110762245953083,0.007669607177376747,0.026691505312919618,0.0,0.007242721505463123,0.0,0.11826103925704956
8165,9.183435322484002e-05,0.005986564513295889,0.008134371321648359,0.029179235547780992,0.0,0.0072224014438688755,0.0,0.11825420707464218
8166,9.681052033556625e-05,0.006169724371284246,0.007778867706656456,0.02842598855495453,0.0,0.007254848722368479,0.0,0.11825110018253326
8167,9.51974347117357e-05,0.005998246092349291,0.0074814497493207455,0.028654103726148607,0.0,0.007303708698600531,0.0,0.1182599812746048
8168,9.179823391605168e-05,0.006234900373965502,0.007368586305528879,0.02924189679324627,0.0,0.007325018756091595,0.0,0.11825253814458847
8169,8.779201743891463e-05,0.006115554459393024,0.007130062580108643,0.028195413202047347,0.0,0.007346814963966608,0.0,0.1182338148355484
8170,8.955975645221769e-05,0.006185537204146385,0.007519201934337616,0.029994038119912147,0.0,0.007404583040624857,0.0,0.11822190135717392
8171,9.459390857955441e-05,0.006254257448017597,0.007439537812024355,0.028170163184404372,0.0,0.0075757429003715515,0.0,0.11822189390659332
8172,9.606479725334793e-05,0.0061931277625262736,0.00712533388286829,0.030012728273868562,0.0,0.007710632868111134,0.0,0.11822441965341568
8173,9.703572432044894e-05,0.00618184832856059,0.007370494678616524,0.029958047345280646,0.0,0.0077563002705574036,0.0,0.11822859942913055
8174,9.71381741692312e-05,0.006193689443171025,0.007207982148975134,0.028123199567198755,0.0,0.007736282888799906,0.0,0.11822433769702911
8175,9.223777888109908e-05,0.006425958778709173,0.007183149084448814,0.02911192923784256,0.0,0.007696276064962149,0.0,0.11822567135095596
8176,9.832763753365725e-05,0.00604465240612626,0.00762291494756937,0.02967686615884304,0.0,0.007756674196571112,0.0,0.11824474483728409
8177,9.633982263039798e-05,0.005965506937354803,0.0073375403881073,0.028964528813958168,0.0,0.007905307225883007,0.0,0.11826769262552261
8178,9.344162535853683e-05,0.006303206831216812,0.0072841523215174675,0.0296345017850399,0.0,0.008001773618161678,0.0,0.11829601228237152
8179,8.746620878810062e-05,0.006087336875498295,0.007782872673124075,0.028874771669507027,0.0,0.008040031418204308,0.0,0.11832325160503387
8180,9.978062444133684e-05,0.006112898606806994,0.007450881414115429,0.02868068255484104,0.0,0.008033755235373974,0.0,0.1183152049779892
8181,9.902585588861257e-05,0.006184450816363096,0.007535876706242561,0.02808714099228382,0.0,0.007988323457539082,0.0,0.11828871816396713
8182,9.228130074916408e-05,0.0060967206954956055,0.007637124229222536,0.030181368440389635,0.0,0.007907984778285027,0.0,0.11827312409877777
8183,9.216329199261964e-05,0.006482058297842741,0.00757010942324996,0.029397495463490485,0.0,0.007808906491845846,0.0,0.11827961355447769
8184,0.0001066408061888069,0.005976319033652544,0.007795686647295952,0.029938578233122827,0.0,0.0077093676663935184,0.0,0.11827931553125381
8185,9.352719207527116e-05,0.006418299116194248,0.007244827784597873,0.02845022901892662,0.0,0.007623612880706787,0.0,0.11825980991125107
8186,9.75707996985875e-05,0.006087268423289061,0.0075241150334477425,0.029041512683033944,0.0,0.007642256561666727,0.0,0.11824300140142441
8187,9.57146126893349e-05,0.006181078497320414,0.00739918602630496,0.028497610613703726,0.0,0.007720558904111385,0.0,0.11824096739292145
8188,9.107861114898697e-05,0.005939897242933511,0.007055876031517983,0.029740095511078833,0.0,0.007748723961412907,0.0,0.11824532598257065
8189,0.00010107302368851378,0.006175498012453318,0.007893477566540241,0.02858673520386219,0.0,0.007723744958639145,0.0,0.11827021837234497
8190,9.450060315430164e-05,0.006120494846254587,0.0070443559437990185,0.028639700263738632,0.0,0.007672240491956472,0.0,0.11828593164682388
8191,9.298858931288123e-05,0.006133583933115005,0.0071986416354775425,0.030080408975481986,0.0,0.007653822191059589,0.0,0.11828772723674774
8192,9.747404692461714e-05,0.005986702628433704,0.007586481515318155,0.029951011762022972,0.0,0.007644982542842627,0.0,0.11829771846532822
8193,8.76706384588033e-05,0.006036352086812258,0.007122756540775299,0.03067476227879524,0.0,0.007629913743585348,0.0,0.11831214278936386
8194,9.509078809060157e-05,0.006313316430896521,0.0073428602889180185,0.029532904177904128,0.0,0.0076358444057404995,0.0,0.11833331733942032
8195,9.681478841230273e-05,0.006169436685740948,0.006994231883436441,0.030366048216819763,0.0,0.007636385969817638,0.0,0.11835701763629913
8196,9.19293423066847e-05,0.006138142663985491,0.007251736614853144,0.028677388653159143,0.0,0.007631617598235607,0.0,0.1183873638510704
8197,9.660383948357776e-05,0.0062321237288415435,0.007158946804702282,0.02955610230565071,0.0,0.0076734223403036594,0.0,0.11841783672571182
8198,9.796568338060752e-05,0.0061301073990762235,0.007482492737472058,0.02840864360332489,0.0,0.00771559402346611,0.0,0.11844296753406525
8199,9.539604652673007e-05,0.005999367870390415,0.00810317024588585,0.02957589440047741,0.0,0.007767119444906712,0.0,0.11845777183771133
8200,9.698840731289237e-05,0.005924095306545496,0.007893247250467538,0.028873734548687933,0.0,0.007771044969558716,0.0,0.11847450584173203
8201,9.985155484173446e-05,0.006118684727698565,0.007630001194775105,0.028841473907232285,0.0,0.007761610206216574,0.0,0.11847859621047974
8202,9.341435361420736e-05,0.006106237508356571,0.007755671814084053,0.029586818441748618,0.0,0.007754288613796234,0.0,0.11847903579473495
8203,9.34535448323004e-05,0.006099078804254532,0.0070139716379344465,0.03028722368180752,0.0,0.007715634070336819,0.0,0.11848992109298706
8204,9.858154371613636e-05,0.00617341548204422,0.007426919881254435,0.029842925444245338,0.0,0.007653395179659128,0.0,0.11851947009563446
8205,9.912953828461468e-05,0.006393489800393582,0.007096139155328274,0.029032516479492187,0.0,0.00758162047713995,0.0,0.11854925006628036
8206,9.454755490878597e-05,0.006115117482841015,0.007392358407378197,0.028546470031142235,0.0,0.007509109564125538,0.0,0.11855743825435638
8207,9.275563497794792e-05,0.00604124590754509,0.007171991467475891,0.029962293058633804,0.0,0.007444104645401239,0.0,0.11854907125234604
8208,9.421201393706724e-05,0.006049176771193742,0.008029324654489755,0.028043335303664207,0.0,0.007373054977506399,0.0,0.11855260282754898
8209,9.45448613492772e-05,0.006183620635420084,0.007644907478243113,0.02919139377772808,0.0,0.007322176359593868,0.0,0.11855985224246979
8210,9.701768140075728e-05,0.006159877683967352,0.007601460907608271,0.028523948416113852,0.0,0.007358146365731955,0.0,0.11857185512781143
8211,9.158468019450083e-05,0.006193915288895369,0.007039913814514876,0.028664452582597734,0.0,0.007468894124031067,0.0,0.11856605857610703
8212,9.899985743686557e-05,0.006229285150766373,0.007339278794825077,0.02905169315636158,0.0,0.007562494371086359,0.0,0.11853798478841782
8213,9.684543911134825e-05,0.006236426346004009,0.007929595094174147,0.029521214216947554,0.0,0.007594601716846228,0.0,0.11852189153432846
8214,9.317846852354705e-05,0.005933865532279014,0.007397401425987482,0.027824642136693,0.0,0.007565827574580908,0.0,0.11852245032787323
8215,0.00010277384135406464,0.005948903691023588,0.007357831671833992,0.027913258597254752,0.0,0.00751887634396553,0.0,0.11851096153259277
8216,9.251316078007221e-05,0.006202253047376871,0.007448557205498219,0.02841329835355282,0.0,0.007467581424862146,0.0,0.11850985139608383
8217,9.464973554713651e-05,0.005965376645326615,0.007367165200412274,0.02864817827939987,0.0,0.007412669248878956,0.0,0.11852693557739258
8218,9.14367483346723e-05,0.006143336277455091,0.007471132092177868,0.02912827879190445,0.0,0.007354154251515865,0.0,0.11854495853185654
8219,8.742693171370775e-05,0.006319149676710367,0.0075147228315472605,0.02847451902925968,0.0,0.007322213612496853,0.0,0.11855701357126236
8220,9.096680005313829e-05,0.006150975450873375,0.007551256194710731,0.029481801390647887,0.0,0.007343895733356476,0.0,0.1185549944639206
8221,9.507392678642645e-05,0.006169177684932947,0.0076595863327384,0.028646518662571906,0.0,0.007388232741504908,0.0,0.11854597181081772
8222,9.165256196865811e-05,0.006251214537769556,0.00760978339239955,0.029332734644412994,0.0,0.007432207465171814,0.0,0.11854258924722672
8223,9.512868418823928e-05,0.006288214027881623,0.007248923182487488,0.027619806304574012,0.0,0.0074874358251690865,0.0,0.11853320896625519
8224,9.326167637482285e-05,0.006229408085346222,0.007223472278565168,0.028736856952309608,0.0,0.00752292713150382,0.0,0.11852327734231949
8225,0.00010398024605819955,0.0061207284219563,0.007447387650609016,0.029758936911821365,0.0,0.007535354699939489,0.0,0.11850938946008682
8226,9.970183746190741e-05,0.0060933434404432775,0.007986737042665481,0.027694783732295038,0.0,0.007501783315092325,0.0,0.11848737299442291
8227,9.824103181017562e-05,0.006348174344748258,0.007579562719911337,0.029303723201155662,0.0,0.007443231530487537,0.0,0.1184636726975441
8228,9.160177578451111e-05,0.00640226099640131,0.0071775374002754685,0.02939426973462105,0.0,0.0073786331340670586,0.0,0.11844120919704437
8229,9.344224963570014e-05,0.0064090220257639885,0.007734444364905358,0.02921103686094284,0.0,0.007315241731703281,0.0,0.1184205561876297
8230,8.802088850643486e-05,0.006164868175983429,0.007706477120518684,0.028551218658685686,0.0,0.0072715310379862785,0.0,0.11839648336172104
8231,9.965810895664617e-05,0.006077163573354483,0.0075276135466992855,0.028179807215929033,0.0,0.00725671136751771,0.0,0.11837802082300186
8232,9.970963146770373e-05,0.006132610887289047,0.007608904410153628,0.029256635531783103,0.0,0.007299458142369986,0.0,0.1183643788099289
8233,9.691764425951987e-05,0.0060662288218736645,0.007770582754164934,0.029284780845046043,0.0,0.007373262196779251,0.0,0.11835575103759766
8234,0.00010398928716313094,0.006278588250279426,0.0072306527756154535,0.028568973764777184,0.0,0.007419494446367025,0.0,0.11834859848022461
8235,9.1866435832344e-05,0.005997926462441683,0.007148528750985861,0.02920147404074669,0.0,0.007521811872720718,0.0,0.1183326467871666
8236,0.00010034394508693368,0.0062967147678136826,0.007605106104165316,0.02845958061516285,0.0,0.007625865284353495,0.0,0.11832940578460693
8237,9.507973445579409e-05,0.00626787431538105,0.0076270831748843195,0.028597131371498108,0.0,0.0076836333610117435,0.0,0.11831915378570557
8238,9.57865675445646e-05,0.006191764678806067,0.007320262864232064,0.029461824148893357,0.0,0.007781526539474726,0.0,0.11831025034189224
8239,9.426464384887367e-05,0.00586630254983902,0.0076841357164084915,0.030653021484613418,0.0,0.007897711358964443,0.0,0.11830540001392365
8240,0.00010451042035128922,0.006120082084089517,0.007997647300362587,0.02855643592774868,0.0,0.007934588938951492,0.0,0.11830487102270126
8241,9.520861349301412e-05,0.00613312991335988,0.007645971141755581,0.030073586851358414,0.0,0.007929442450404167,0.0,0.11830759048461914
8242,9.290870948461816e-05,0.006133754085749388,0.007398661877959967,0.028977616131305693,0.0,0.007902664132416248,0.0,0.11830545961856842
8243,8.997803961392492e-05,0.006087115965783596,0.007576284371316433,0.02913111597299576,0.0,0.007830997928977013,0.0,0.11829777806997299
8244,9.7184932383243e-05,0.005848174449056387,0.007886281237006187,0.03003227412700653,0.0,0.00774646271020174,0.0,0.11831697076559067
8245,9.518501610727981e-05,0.006285185180604458,0.007428507134318352,0.028971910104155542,0.0,0.0076978737488389015,0.0,0.1183575764298439
8246,0.00010191382752964274,0.006190463621169329,0.007612084783613682,0.029276002570986746,0.0,0.007675506174564362,0.0,0.1184004545211792
8247,9.552807605359704e-05,0.006040390208363533,0.00716216852888465,0.029776304215192794,0.0,0.0077187963761389256,0.0,0.11844496428966522
8248,9.780429827515036e-05,0.005920242704451084,0.007511358242481947,0.029244701191782952,0.0,0.007743155118077993,0.0,0.11846993863582611
8249,9.758288215380161e-05,0.006161642353981733,0.007458052039146424,0.028152792155742644,0.0,0.007749521639198065,0.0,0.11848513782024384
8250,9.168684628093615e-05,0.006016495078802109,0.0070689933374524115,0.030192288383841515,0.0,0.007729966193437576,0.0,0.11850537359714508
8251,0.00010443123464938253,0.006258933432400226,0.007622543070465326,0.029116850718855856,0.0,0.007683989591896534,0.0,0.11850924789905548
8252,0.0001062686977093108,0.005973992124199867,0.007378915138542652,0.027984590083360673,0.0,0.007651071064174175,0.0,0.118522047996521
8253,0.0001019205476040952,0.006148848962038755,0.007165365386754274,0.028464368730783462,0.0,0.0076139820739626884,0.0,0.11854378134012222
8254,0.00010140220256289467,0.00625167777761817,0.006990890577435493,0.028850440680980683,0.0,0.007584995590150356,0.0,0.11856341361999512
8255,9.754896309459582e-05,0.006002082396298647,0.007504319585859775,0.028979221358895302,0.0,0.007547291927039623,0.0,0.11858818680047989
8256,9.680962684797124e-05,0.0060182343237102035,0.007499773614108562,0.028727996721863748,0.0,0.007487779948860407,0.0,0.118601955473423
8257,9.542392508592457e-05,0.006172797083854676,0.007325098570436239,0.028280195593833924,0.0,0.007414229214191437,0.0,0.11859405040740967
8258,9.273632458643988e-05,0.006304421927779913,0.006953656300902366,0.029048285260796548,0.0,0.007374919950962067,0.0,0.11858147382736206
8259,0.00010115330660482868,0.006051172129809856,0.007207917980849743,0.028919096663594247,0.0,0.007334168069064617,0.0,0.11856504529714584
8260,9.391751664225012e-05,0.006001674942672253,0.007769785821437836,0.028864588215947153,0.0,0.007305070757865906,0.0,0.11857124418020248
8261,9.534221608191729e-05,0.00627775602042675,0.007295384909957648,0.02891186848282814,0.0,0.007283029146492481,0.0,0.11859171092510223
8262,9.839152335189283e-05,0.005959757324308157,0.007433083094656468,0.029578645527362824,0.0,0.007277493830770254,0.0,0.11860934644937515
8263,9.910988010233268e-05,0.006216299906373024,0.007438570540398359,0.030771037191152574,0.0,0.007285843137651682,0.0,0.11861857026815414
8264,9.592885471647606e-05,0.006065534986555576,0.007741023786365986,0.028220033273100853,0.0,0.007301227655261755,0.0,0.11863620579242706
8265,9.809656476136296e-05,0.0060408711433410645,0.007190783508121967,0.029048730805516242,0.0,0.007361754775047302,0.0,0.11864916980266571
8266,9.307259460911155e-05,0.006372136157006025,0.007613369170576334,0.029124164208769798,0.0,0.0074152229353785515,0.0,0.11864815652370453
8267,9.69114524195902e-05,0.006185206025838852,0.007370535284280777,0.028537093475461007,0.0,0.007443912327289581,0.0,0.11863948404788971
8268,9.194770827889443e-05,0.006018484756350517,0.007645601965487003,0.028850582987070085,0.0,0.007479368709027767,0.0,0.11861737817525864
8269,9.879355347948149e-05,0.006056064367294311,0.007336947694420814,0.027387988939881324,0.0,0.007488168776035309,0.0,0.11859633773565292
8270,8.968189358711242e-05,0.005851009860634804,0.007169306743890047,0.02910994179546833,0.0,0.0075193122029304504,0.0,0.1185758113861084
8271,0.00010234591900371015,0.006201877817511558,0.007510386500507593,0.02859920561313629,0.0,0.007601083256304264,0.0,0.11854586750268936
8272,9.668012207839639e-05,0.006038667820394039,0.007230518665164709,0.02899785861372948,0.0,0.007644991390407085,0.0,0.11853382736444473
8273,9.811585914576426e-05,0.006105291936546564,0.007316607050597668,0.028290600702166557,0.0,0.007687810808420181,0.0,0.11852548271417618
8274,0.00011014747869921848,0.006176330335438252,0.0077343076467514035,0.02870505377650261,0.0,0.007722649723291397,0.0,0.11850053071975708
8275,9.92683635558933e-05,0.006198068708181381,0.007801283057779074,0.0277640275657177,0.0,0.007706649601459503,0.0,0.11848042905330658
8276,9.594829753041267e-05,0.00624929154291749,0.007626614440232516,0.02918676845729351,0.0,0.007648830767720938,0.0,0.11847184598445892
8277,9.031212684931233e-05,0.0061182274483144285,0.007394000608474016,0.028266287595033645,0.0,0.007574769202619791,0.0,0.11846492439508438
8278,9.483385802013799e-05,0.0061251727864146234,0.00759604861959815,0.027991552650928498,0.0,0.0075006550177931786,0.0,0.11848108470439911
8279,9.049216896528378e-05,0.006113893818110228,0.007593236956745386,0.028695264458656312,0.0,0.007436519954353571,0.0,0.11849649250507355
8280,9.227977134287357e-05,0.006148633267730475,0.007605230435729027,0.027616840600967408,0.0,0.007363441400229931,0.0,0.1184864491224289
8281,9.774589270818978e-05,0.006085215229541063,0.007326271943747997,0.02818802520632744,0.0,0.007302871439605951,0.0,0.11846927553415298
8282,9.353065979667008e-05,0.006058713141828776,0.007298789825290442,0.028267243504524232,0.0,0.007273565046489239,0.0,0.1184506043791771
8283,9.52496484387666e-05,0.006079793628305197,0.007357212901115418,0.03006555251777172,0.0,0.007268768735229969,0.0,0.11845041811466217
8284,9.048428619280457e-05,0.006176677066832781,0.007697856239974499,0.029144031181931495,0.0,0.007331975735723972,0.0,0.11845336109399796
8285,0.00010298932320438326,0.005972482357174158,0.007191058434545994,0.028897762671113013,0.0,0.007450385484844446,0.0,0.11845414340496063
8286,9.927070786943659e-05,0.006112055666744709,0.007603496219962836,0.028661323711276054,0.0,0.007595554925501347,0.0,0.11845166981220245
8287,0.00010688960028346628,0.0060366765595972535,0.007534983009099961,0.02931631840765476,0.0,0.007661208510398865,0.0,0.11844445765018463
8288,8.66457077790983e-05,0.0061168353073298935,0.00718056047335267,0.028942090272903443,0.0,0.007647247519344091,0.0,0.11843687295913696
8289,0.00010354033875046298,0.006061171554028988,0.007260136213153601,0.029081803932785987,0.0,0.007602566387504339,0.0,0.11840231716632843
8290,9.161631169263273e-05,0.006268771644681692,0.007337794359773398,0.028223681449890136,0.0,0.0075411610305309296,0.0,0.11837852001190186
8291,0.00010335229308111593,0.006039754766970873,0.007160607818514108,0.02910037785768509,0.0,0.007455732673406601,0.0,0.11837494373321533
8292,0.00010020663467003033,0.006295682303607464,0.007105053961277008,0.028832343593239784,0.0,0.007391798309981823,0.0,0.11837680637836456
8293,9.375533991260455e-05,0.006180661730468273,0.0073498056270182134,0.02830451913177967,0.0,0.007360182702541351,0.0,0.11837990581989288
8294,0.00010169995948672295,0.006355651933699846,0.007413027063012123,0.029077779874205588,0.0,0.00732814148068428,0.0,0.11837925761938095
8295,0.00010079465573653579,0.006319820135831833,0.007346199732273817,0.02897193804383278,0.0,0.007311540190130472,0.0,0.1183832511305809
8296,9.888569475151599e-05,0.006133665516972542,0.007153286226093769,0.029053151980042456,0.0,0.0073168398812413216,0.0,0.11840331554412842
8297,9.768088784767315e-05,0.005962762050330639,0.007540618721395731,0.028239497542381288,0.0,0.007317630108445883,0.0,0.11842743307352066
8298,0.00010109380382345989,0.006216415576636792,0.0074624322354793545,0.029475517570972443,0.0,0.00731378048658371,0.0,0.11844176054000854
8299,9.700832888484e-05,0.0060183052904903885,0.007672602962702513,0.028671563044190405,0.0,0.007314852438867092,0.0,0.11846287548542023
8300,9.112366969930009e-05,0.006333901267498732,0.007836619298905135,0.028838789090514183,0.0,0.0073484331369400024,0.0,0.11847715079784393
8301,0.00010245265730191022,0.006082280445843935,0.007386246416717768,0.02906607985496521,0.0,0.007393908686935902,0.0,0.11848358809947968
8302,0.00010296996188117192,0.006339844968169928,0.007193192187696695,0.0299382533878088,0.0,0.007429494522511959,0.0,0.11849208176136017
8303,0.00010456383461132646,0.006025669071823359,0.007188798300921917,0.029505035653710366,0.0,0.00746137136593461,0.0,0.118508480489254
8304,9.920507145579904e-05,0.005988073535263538,0.007212998531758785,0.028761328011751176,0.0,0.0075259217992424965,0.0,0.11851318180561066
8305,9.284317929996178e-05,0.006297901086509228,0.007326906640082597,0.03028850182890892,0.0,0.007567607797682285,0.0,0.11851184070110321
8306,9.287819993915036e-05,0.006127730663865805,0.007146922685205936,0.028764329850673676,0.0,0.007563815917819738,0.0,0.11850540339946747
8307,0.0001031303996569477,0.006144091300666332,0.006959576439112425,0.029201718419790267,0.0,0.0075290268287062645,0.0,0.11848592758178711
8308,8.43279791297391e-05,0.0060973971150815485,0.007109704148024321,0.02860482931137085,0.0,0.00748594943434,0.0,0.11846785247325897
8309,8.957309619290754e-05,0.0062251478433609005,0.007180133275687695,0.02967309281229973,0.0,0.007437733002007008,0.0,0.11845525354146957
8310,9.814554505283013e-05,0.00609406316652894,0.007491225935518741,0.028732669353485108,0.0,0.007386623416095972,0.0,0.11844594776630402
8311,9.567077504470944e-05,0.006017250753939152,0.007473256718367338,0.030063677206635477,0.0,0.007348815910518169,0.0,0.11844620853662491
8312,0.00010430861148051918,0.006130475737154484,0.007288100570440293,0.028362089395523073,0.0,0.007358432747423649,0.0,0.11845000088214874
8313,9.998512978199869e-05,0.006046770699322223,0.007814899645745754,0.029101770371198654,0.0,0.007368665188550949,0.0,0.11844134330749512
8314,9.31093207327649e-05,0.006150002311915159,0.007692701369524002,0.028153560310602187,0.0,0.007339259143918753,0.0,0.11843643337488174
8315,9.874793468043209e-05,0.006227296311408281,0.007266680616885424,0.02976476848125458,0.0,0.007296794559806585,0.0,0.11844594776630402
8316,9.019266726681963e-05,0.006238165311515331,0.007288975268602371,0.02845289558172226,0.0,0.007277098949998617,0.0,0.1184488907456398
8317,8.742279751459137e-05,0.006152521353214979,0.007931737042963505,0.028283866494894026,0.0,0.0073016248643398285,0.0,0.1184522733092308
8318,9.60472912993282e-05,0.0061545965261757376,0.007459472306072712,0.028298571333289148,0.0,0.007368226535618305,0.0,0.11844845116138458
8319,9.146374650299549e-05,0.005975487641990185,0.007467435859143734,0.028920310363173485,0.0,0.00745497178286314,0.0,0.11845569312572479
8320,9.206440154230222e-05,0.006077095679938793,0.007776852324604988,0.02813056781888008,0.0,0.007490021642297506,0.0,0.11846804618835449
8321,9.099313465412706e-05,0.0061288180761039255,0.0073072737082839016,0.028063404932618143,0.0,0.007470708340406418,0.0,0.11846661567687988
8322,9.491090750088916e-05,0.006018765363842249,0.007769363932311535,0.02894037254154682,0.0,0.0074173943139612675,0.0,0.11845822632312775
8323,9.679072973085567e-05,0.005923488363623619,0.007765699457377195,0.027833065763115884,0.0,0.007353381719440222,0.0,0.11844924837350845
8324,9.26789769437164e-05,0.006240986008197069,0.008165910374373198,0.029385396093130112,0.0,0.007303343620151281,0.0,0.11846309900283813
8325,9.056529670488089e-05,0.006318279076367617,0.008066797163337469,0.02856341302394867,0.0,0.007279247045516968,0.0,0.11848578602075577
8326,9.646427060943097e-05,0.006167432386428117,0.008066767081618308,0.029003793001174928,0.0,0.007308740168809891,0.0,0.11849768459796906
8327,9.15005657589063e-05,0.0062025713734328745,0.007787791173905134,0.028226015716791154,0.0,0.0073557049036026,0.0,0.11850450187921524
8328,0.00010002698109019547,0.006201555300503969,0.007623317837715149,0.029000219702720643,0.0,0.00742194801568985,0.0,0.11849943548440933
8329,9.207515249727294e-05,0.006088725291192532,0.007616124395281076,0.02807673066854477,0.0,0.007542450912296772,0.0,0.11847914755344391
8330,9.939862211467698e-05,0.006211519986391067,0.007172015495598316,0.028952520713210105,0.0,0.007649525068700314,0.0,0.11845172941684723
8331,9.398548863828182e-05,0.006118563655763865,0.0072141531854867935,0.03010340631008148,0.0,0.007767434231936932,0.0,0.11841724812984467
8332,0.0001001744851237163,0.006226547993719578,0.007238438539206982,0.02939889132976532,0.0,0.007873406633734703,0.0,0.11837954819202423
8333,0.0001041154027916491,0.0061062309890985485,0.007387490570545196,0.03019108362495899,0.0,0.007926654070615768,0.0,0.1183667778968811
8334,9.500721498625352e-05,0.006206624396145344,0.007283190917223692,0.02816372737288475,0.0,0.007918358780443668,0.0,0.11834688484668732
8335,9.976717701647431e-05,0.006183323077857494,0.00693391989916563,0.029045939445495605,0.0,0.007888426072895527,0.0,0.11833252757787704
8336,9.252767486032099e-05,0.006065801996737718,0.007381127960979938,0.028746242821216583,0.0,0.007823542691767216,0.0,0.11832443624734879
8337,9.861137223197148e-05,0.005957044754177332,0.007303314842283725,0.028979429975152016,0.0,0.007722228765487671,0.0,0.1183408722281456
8338,9.171421988867224e-05,0.0060253764502704145,0.0072246470488607885,0.029020969942212104,0.0,0.007610177155584097,0.0,0.11837434768676758
8339,9.338256495539099e-05,0.006235449854284525,0.007152526825666428,0.028315515816211702,0.0,0.007501491345465183,0.0,0.11838878691196442
8340,9.795957303140312e-05,0.006244948785752058,0.00738138584420085,0.029083037003874778,0.0,0.007392766885459423,0.0,0.11841323226690292
8341,0.00010004501236835495,0.00626331390812993,0.00737967286258936,0.028635337203741073,0.0,0.007343886885792017,0.0,0.11842455714941025
8342,9.016262047225609e-05,0.006064548343420029,0.007253234926611185,0.030652362480759622,0.0,0.007375715766102076,0.0,0.11841177940368652
8343,0.00010012403217842802,0.00592583380639553,0.007538438402116298,0.02969156689941883,0.0,0.007413364946842194,0.0,0.11839715391397476
8344,9.686122939456254e-05,0.0062872210517525675,0.007773848809301853,0.027341075986623765,0.0,0.007439500652253628,0.0,0.1183815747499466
8345,0.0001031345542287454,0.006148012261837721,0.007733339816331864,0.02946958355605602,0.0,0.00743472296744585,0.0,0.11836376041173935
8346,9.51610243646428e-05,0.005915931612253189,0.007706429902464151,0.027848027274012567,0.0,0.007481299340724945,0.0,0.11834707111120224
8347,9.124060452450066e-05,0.006316771358251571,0.006975442916154861,0.028700466081500054,0.0,0.007564644329249859,0.0,0.11833012104034424
8348,9.586883534211666e-05,0.006204006541520357,0.007074375543743372,0.029863450676202774,0.0,0.00759884063154459,0.0,0.11831047385931015
8349,0.00010067868133774027,0.006071947421878577,0.007230246253311634,0.02893526814877987,0.0,0.007580204866826534,0.0,0.11830401420593262
8350,9.933015826391056e-05,0.00607873285189271,0.007075355015695095,0.02952619455754757,0.0,0.00752860214561224,0.0,0.11832115799188614
8351,9.48889646679163e-05,0.006199054419994354,0.00711022149771452,0.027810874208807946,0.0,0.007452523801475763,0.0,0.11832672357559204
8352,0.00010618983651511371,0.0061264518648386,0.007552731875330209,0.02894846014678478,0.0,0.007375327404588461,0.0,0.11831843852996826
8353,9.422572329640389e-05,0.006144275609403849,0.007383506745100021,0.0301076203584671,0.0,0.007301949895918369,0.0,0.11832191050052643
8354,0.0001014080349705182,0.006081598345190287,0.007506775390356779,0.03045366331934929,0.0,0.007256672717630863,0.0,0.11833249032497406
8355,9.998186869779602e-05,0.00625503771007061,0.0072477471083402635,0.028466353937983514,0.0,0.007303033955395222,0.0,0.11835776269435883
8356,9.416821267222985e-05,0.006036215648055077,0.0072213663719594475,0.029216758906841278,0.0,0.007385428063571453,0.0,0.11836682260036469
8357,9.205106616718694e-05,0.006012092065066099,0.007201454322785139,0.030117885395884513,0.0,0.007493768818676472,0.0,0.11835014820098877
8358,0.0001002201868686825,0.006275478005409241,0.0076439171098172665,0.029035713523626328,0.0,0.007586739957332611,0.0,0.11833815276622772
8359,0.00010502860823180526,0.006242538150399923,0.007079481054097414,0.029353660717606544,0.0,0.007676827255636454,0.0,0.11832501739263535
8360,0.00010071513970615343,0.006089136656373739,0.007581277005374432,0.02959776483476162,0.0,0.00774452555924654,0.0,0.11832155287265778
8361,0.00010236011730739847,0.006168554071336985,0.00754263224080205,0.030766189470887183,0.0,0.00774325430393219,0.0,0.11830823123455048
8362,9.346424776595086e-05,0.006020727101713419,0.0076515769585967066,0.029060064256191252,0.0,0.007730665151029825,0.0,0.11830027401447296
8363,0.00010426100925542414,0.006139340251684189,0.007340847328305244,0.029997682943940163,0.0,0.007702764123678207,0.0,0.11830006539821625
8364,9.64209160883911e-05,0.006265460792928934,0.006956712808459997,0.02889179512858391,0.0,0.007650651969015598,0.0,0.11829110234975815
8365,9.93615496554412e-05,0.0062170554883778095,0.007464843802154064,0.029033200070261955,0.0,0.0076297433115541935,0.0,0.11825591325759888
8366,9.780403779586777e-05,0.0061800825409591194,0.007606678269803524,0.030634543299674986,0.0,0.007631209678947926,0.0,0.11823458969593048
8367,9.761175024323166e-05,0.006019282434135675,0.006883099488914013,0.028687909245491028,0.0,0.007612854242324829,0.0,0.11824977397918701
8368,9.9773975671269e-05,0.006274985056370497,0.0071743899956345555,0.0298766553401947,0.0,0.00757700065150857,0.0,0.11828400939702988
8369,9.7423029365018e-05,0.005995882954448461,0.0070056446827948095,0.02926703579723835,0.0,0.007542991079390049,0.0,0.11831251531839371
8370,9.356941445730627e-05,0.006107076443731785,0.007064644247293472,0.02882554903626442,0.0,0.007532803807407618,0.0,0.11833037436008453
8371,0.0001033762440783903,0.006209015753120184,0.00715809129178524,0.02809264026582241,0.0,0.007577562239021063,0.0,0.11832878738641739
8372,9.6427759854123e-05,0.005959336087107659,0.007256419956684112,0.02994689904153347,0.0,0.00763302156701684,0.0,0.11831839382648468
8373,0.00010334748221794144,0.006021463591605425,0.007223232556134463,0.028359774500131607,0.0,0.007641945965588093,0.0,0.11832751333713531
8374,9.283229155698791e-05,0.006143613439053297,0.007313099130988121,0.027652347832918166,0.0,0.007596264593303204,0.0,0.11832712590694427
8375,9.697997593320906e-05,0.006209890265017748,0.007517818920314312,0.02918648235499859,0.0,0.007507950998842716,0.0,0.11832918971776962
8376,0.00010765116312541067,0.006169483438134194,0.007224887236952781,0.02886405512690544,0.0,0.007416376378387213,0.0,0.1183544248342514
8377,8.937427337514236e-05,0.006093660648912191,0.007246215268969536,0.03015766367316246,0.0,0.007347341626882553,0.0,0.1183835119009018
8378,0.00010037327592726797,0.006151615828275681,0.00702293636277318,0.02888840138912201,0.0,0.0073888106271624565,0.0,0.11840365827083588
8379,9.771068143891171e-05,0.00625871829688549,0.007234982959926128,0.029160536453127862,0.0,0.0074446359649300575,0.0,0.11840923875570297
8380,0.00010577463399386033,0.006410484202206135,0.006763073988258839,0.02953571602702141,0.0,0.007468872703611851,0.0,0.11843366920948029
8381,0.00010524225072003902,0.005964875221252441,0.007096198201179504,0.029450682923197746,0.0,0.00746059138327837,0.0,0.11845000833272934
8382,0.00010362712637288496,0.006039307545870542,0.006993158999830484,0.02856913171708584,0.0,0.007421516813337803,0.0,0.11845509707927704
8383,9.415789099875838e-05,0.00597204091027379,0.006973794661462307,0.027415068820118904,0.0,0.007362179458141327,0.0,0.1184571385383606
8384,9.841496648732573e-05,0.005961911380290985,0.007037833612412214,0.029291913285851477,0.0,0.007333679590374231,0.0,0.11845626682043076
8385,9.72941255895421e-05,0.006236999295651913,0.007425956428050995,0.02963549569249153,0.0,0.007327347993850708,0.0,0.11844600737094879
8386,9.462424786761403e-05,0.006175630260258913,0.007318541128188372,0.028173362463712694,0.0,0.007317847106605768,0.0,0.11844819784164429
8387,9.516708960290998e-05,0.006206661276519298,0.007365337014198304,0.030598003789782523,0.0,0.007324726786464453,0.0,0.1184486597776413
8388,9.642794902902097e-05,0.005973446648567915,0.007600355893373489,0.029651504755020142,0.0,0.007433661259710789,0.0,0.11843813955783844
8389,9.210194548359141e-05,0.006209249794483185,0.0075938419438898565,0.028640010952949525,0.0,0.007562065031379461,0.0,0.11842453479766846
8390,8.518074755556882e-05,0.00627393489703536,0.007548288349062205,0.029477861896157264,0.0,0.0076454756781458855,0.0,0.11841306835412979
8391,9.590633708285168e-05,0.0062737160362303255,0.00750502422451973,0.02869839034974575,0.0,0.00773241464048624,0.0,0.11841627210378647
8392,9.680501243565231e-05,0.006171190738677978,0.007054782845079899,0.02943863570690155,0.0,0.007773463614284992,0.0,0.118421770632267
8393,9.779719111975282e-05,0.00610318873077631,0.007435878738760948,0.02951324135065079,0.0,0.0077936770394444466,0.0,0.11843322217464447
8394,9.668502607382834e-05,0.006309755705296993,0.0074002563022077085,0.028630000725388526,0.0,0.0077887773513793945,0.0,0.11844445765018463
8395,9.319927776232361e-05,0.006023668218404055,0.0075369150377810005,0.027356902509927748,0.0,0.007730425335466862,0.0,0.11844922602176666
8396,0.00010020009067375213,0.006015661358833313,0.007547904085367918,0.029971796646714212,0.0,0.007647496648132801,0.0,0.11845453083515167
8397,0.00010341876622987911,0.006014940235763789,0.007847467064857483,0.028248177841305733,0.0,0.007589186076074839,0.0,0.1184748038649559
8398,8.715099247638136e-05,0.006087504420429468,0.007599690556526184,0.028647981584072113,0.0,0.007538527250289917,0.0,0.11850116401910782
8399,8.383075328310952e-05,0.006237483024597168,0.007500891201198101,0.027179745957255363,0.0,0.007472950033843517,0.0,0.11852937936782837
8400,9.52673377469182e-05,0.006098791863769293,0.007422889303416014,0.028361614048480987,0.0,0.007445734925568104,0.0,0.11853202432394028
8401,9.353868808830157e-05,0.00617868285626173,0.007194260507822037,0.029174592718482016,0.0,0.007463587913662195,0.0,0.11851737648248672
8402,9.174097795039415e-05,0.006250716559588909,0.007459708116948604,0.028806467726826667,0.0,0.007495397236198187,0.0,0.11849458515644073
8403,8.198048453778028e-05,0.00642101401463151,0.007289962936192751,0.029690878093242647,0.0,0.007483956404030323,0.0,0.11847729980945587
8404,9.51346941292286e-05,0.006341584306210279,0.007387416251003742,0.028747985139489174,0.0,0.007452085614204407,0.0,0.11848847568035126
8405,9.565046784700825e-05,0.006084744259715081,0.007154626306146383,0.028756191954016685,0.0,0.007417124696075916,0.0,0.11848755180835724
8406,9.830067283473909e-05,0.005820608977228403,0.006943638063967228,0.02825472131371498,0.0,0.00739945936948061,0.0,0.11847840249538422
8407,8.987874898593872e-05,0.0060975619591772555,0.007378126960247755,0.02751099094748497,0.0,0.007375640328973532,0.0,0.11846469342708588
8408,9.661270305514336e-05,0.0059839745983481405,0.007256619818508625,0.029489295184612276,0.0,0.007332322187721729,0.0,0.11845052242279053
8409,9.252900053979829e-05,0.006156239286065101,0.007219934184104204,0.028147608414292334,0.0,0.007297294680029154,0.0,0.11844452470541
8410,8.854865882312879e-05,0.005866357125341892,0.007214681152254343,0.028888145834207533,0.0,0.007290045730769634,0.0,0.11843767017126083
8411,0.0001063826828612946,0.005889953393489122,0.007415450364351273,0.02824958525598049,0.0,0.007305602077394724,0.0,0.11843444406986237
8412,0.00010216909577138722,0.0060505540110170845,0.007131701055914164,0.03012649342417717,0.0,0.007324792444705963,0.0,0.11844221502542496
8413,9.355531365144998e-05,0.00599027806892991,0.0075329490005970005,0.028787532448768617,0.0,0.007318321615457535,0.0,0.11845879256725311
8414,9.071270033018663e-05,0.006416422314941883,0.007351631857454776,0.02819601893424988,0.0,0.007277376018464565,0.0,0.11846289783716202
8415,9.752269252203405e-05,0.0061853121966123584,0.006907331291586161,0.027471643313765524,0.0,0.007224035914987326,0.0,0.11845443397760391
8416,9.769463940756395e-05,0.0062270816415548325,0.007323813065886498,0.028938322514295577,0.0,0.007188933435827494,0.0,0.11845381557941437
8417,9.875863906927407e-05,0.006453150697052479,0.0073443952947855,0.03034905344247818,0.0,0.007274951785802841,0.0,0.11845517158508301
8418,9.527993970550596e-05,0.00619729096069932,0.007384736556559801,0.029524607956409453,0.0,0.0074152154847979546,0.0,0.11847939342260361
8419,9.424357122043148e-05,0.006037423294037581,0.007594609819352627,0.029756250232458113,0.0,0.0075024873949587345,0.0,0.11852451413869858
8420,0.00010146655549760907,0.006097920332103967,0.007500345818698406,0.028836605697870256,0.0,0.0075792185962200165,0.0,0.11858616024255753
8421,9.592718852218241e-05,0.006150286458432674,0.007151336781680584,0.030291274562478064,0.0,0.007669468875974417,0.0,0.11861810833215714
8422,9.49697379837744e-05,0.006000033020973206,0.007707907818257809,0.02773529849946499,0.0,0.007728300057351589,0.0,0.1186237558722496
8423,0.00010420729668112472,0.00611995505169034,0.007343041244894266,0.02878558114171028,0.0,0.007743814494460821,0.0,0.11863040924072266
8424,9.847441979218274e-05,0.006245449464768171,0.007500307261943817,0.0297768272459507,0.0,0.007724353577941656,0.0,0.11863676458597183
8425,0.00010227982420474291,0.006104663480073214,0.007532144617289305,0.029240572080016135,0.0,0.00768828671425581,0.0,0.11862696707248688
8426,0.00010298750567017123,0.0061984418891370295,0.007642190996557474,0.028614826500415802,0.0,0.0076223998330533504,0.0,0.11861832439899445
8427,0.00010244849108858034,0.00632618460804224,0.007311951369047165,0.029768481478095056,0.0,0.0075323814526200294,0.0,0.11860207468271255
8428,0.0001038321090163663,0.00619509844109416,0.007153751235455275,0.02852937802672386,0.0,0.007442010100930929,0.0,0.11858008801937103
8429,9.292694885516539e-05,0.006177979055792093,0.006974743120372296,0.028288014978170396,0.0,0.007374680135399103,0.0,0.11856637895107269
8430,0.00010403186606708915,0.0061267313547432424,0.007779489550739527,0.02885599210858345,0.0,0.007419707719236612,0.0,0.11855169385671616
8431,9.422342263860628e-05,0.0061982057988643645,0.0073236552067101005,0.028893927484750746,0.0,0.007480537984520197,0.0,0.11854682862758636
8432,0.00010238986869808287,0.005992917250841856,0.007112293969839811,0.02868744023144245,0.0,0.0075257704593241215,0.0,0.11853711307048798
8433,0.00010266086464980618,0.006299222819507122,0.007609641924500465,0.02990693859755993,0.0,0.007565989159047604,0.0,0.11853869259357452
8434,0.0001023698496283032,0.006218548025935888,0.007404605299234391,0.028171552717685698,0.0,0.00758289685472846,0.0,0.11855177581310272
8435,9.397742396686227e-05,0.006246537901461124,0.007390880119055509,0.029473353177309036,0.0,0.0076014259830117226,0.0,0.11856117099523544
8436,0.00010185426799580455,0.0061059086583554745,0.007435739319771528,0.029512365534901618,0.0,0.007655488792806864,0.0,0.11857350915670395
8437,9.266105043934659e-05,0.006146128196269274,0.0074602064676582815,0.0292416051030159,0.0,0.007682010531425476,0.0,0.11857624351978302
8438,9.820960112847388e-05,0.005988671164959669,0.007096344884485006,0.029180999472737314,0.0,0.007669205777347088,0.0,0.11855964362621307
8439,9.67970845522359e-05,0.00595626886934042,0.00753136957064271,0.028824836760759354,0.0,0.007613533642143011,0.0,0.1185627207159996
8440,9.977251611417159e-05,0.006066439859569073,0.007318162452429533,0.028780400380492212,0.0,0.0075624561868608,0.0,0.11858715862035751
8441,9.095989225897938e-05,0.0060768603347241875,0.007551838736981153,0.029285956174135208,0.0,0.007519167847931385,0.0,0.11861014366149902
8442,0.00010007597011281177,0.0062760449014604095,0.007291773520410061,0.029280932247638704,0.0,0.007498086430132389,0.0,0.11860819160938263
8443,9.651382570154964e-05,0.0060127717442810535,0.0073904735036194324,0.02908684015274048,0.0,0.007480756379663944,0.0,0.1186005100607872
8444,9.332617482868955e-05,0.00615592896938324,0.007203599903732538,0.029322853684425353,0.0,0.007462984416633844,0.0,0.11860571801662445
8445,8.793796150712297e-05,0.006008163280785084,0.006986361648887396,0.02944727912545204,0.0,0.00744861364364624,0.0,0.11863578855991364
8446,9.14542906684801e-05,0.006354884430766106,0.007724491320550442,0.02922152541577816,0.0,0.00743085378780961,0.0,0.11867152154445648
8447,9.17551020393148e-05,0.006101664621382952,0.007822513021528721,0.028744251653552055,0.0,0.007394182030111551,0.0,0.1186830997467041
8448,9.451823425479233e-05,0.006086136773228645,0.00806793263182044,0.02782479263842106,0.0,0.007339686155319214,0.0,0.11868248879909515
8449,8.993960946099833e-05,0.006167701259255409,0.0076820338144898415,0.029166557639837266,0.0,0.007298757322132587,0.0,0.11866849660873413
8450,9.881228615995496e-05,0.00617428133264184,0.007294833473861217,0.02943449281156063,0.0,0.007316279225051403,0.0,0.1186542883515358
8451,0.00010073634184664116,0.006162500381469727,0.007646178361028433,0.02797890529036522,0.0,0.007340394891798496,0.0,0.11864712089300156
8452,0.00010006658267229796,0.00622906181961298,0.007119503896683454,0.028497907519340514,0.0,0.007378176786005497,0.0,0.11864209175109863
8453,9.480723238084466e-05,0.006009550858289003,0.007562581636011601,0.029880068078637124,0.0,0.007481195032596588,0.0,0.11864632368087769
8454,9.281235688831657e-05,0.006160207558423281,0.007371298037469387,0.03012954071164131,0.0,0.007548730820417404,0.0,0.11865141242742538
8455,9.241389197995886e-05,0.006271247286349535,0.007404065411537886,0.029240163043141365,0.0,0.007575675845146179,0.0,0.11865945905447006
8456,0.00010189923777943477,0.006034060753881932,0.00738056767731905,0.028126702830195426,0.0,0.0075768656097352505,0.0,0.11865316331386566
8457,0.00010233098291791975,0.006304452754557132,0.00737575301900506,0.029523351788520814,0.0,0.007536967750638723,0.0,0.11863188445568085
8458,0.00010096921905642376,0.005956529174000025,0.007504364475607872,0.028938958793878554,0.0,0.007494667079299688,0.0,0.11861024051904678
8459,9.35303876758553e-05,0.006084485165774822,0.007639160286635161,0.029652613028883935,0.0,0.007456986699253321,0.0,0.11859128624200821
8460,0.00010119041689904407,0.006302333623170853,0.007481063716113567,0.028113894909620286,0.0,0.007444003131240606,0.0,0.11858159303665161
8461,0.00010018435132224113,0.006110945902764797,0.007341629080474377,0.028645749017596246,0.0,0.007429373916238546,0.0,0.11855609714984894
8462,9.646152466302738e-05,0.006149394437670708,0.007044563721865416,0.02775852344930172,0.0,0.0073960223235189915,0.0,0.11852617561817169
8463,9.476205887040123e-05,0.005903877504169941,0.007371784187853336,0.027225152030587195,0.0,0.007370341569185257,0.0,0.11850378662347794
8464,0.00010181264369748532,0.006075860653072596,0.007671468425542116,0.02896752655506134,0.0,0.007346583995968103,0.0,0.11848507076501846
8465,0.0001051166487741284,0.006276366673409939,0.0073078304529190065,0.02945319004356861,0.0,0.007324300706386566,0.0,0.11846891790628433
8466,9.889391658362001e-05,0.006075846217572689,0.007455474510788917,0.02942759022116661,0.0,0.007336749229580164,0.0,0.11845125257968903
8467,9.224068198818714e-05,0.006016475521028042,0.007787405885756016,0.029758017137646676,0.0,0.0073747532442212105,0.0,0.11844094097614288
8468,9.512602555332706e-05,0.006128278281539679,0.007444327883422375,0.029342057928442956,0.0,0.00742154847830534,0.0,0.1184174194931984
8469,9.085047495318576e-05,0.006110332440584898,0.007257510535418987,0.02966415025293827,0.0,0.0075067877769470215,0.0,0.11840981245040894
8470,0.00010309777135262266,0.006296043749898672,0.007810736820101738,0.028556134551763535,0.0,0.007572016678750515,0.0,0.11841051280498505
8471,0.00010021989874076098,0.0061460046097636225,0.007639352232217789,0.028878095373511315,0.0,0.007617422379553318,0.0,0.11840684711933136
8472,8.780719799688086e-05,0.006178473867475986,0.007017401233315468,0.028241559863090515,0.0,0.007601473480463028,0.0,0.11841857433319092
8473,9.509745432296768e-05,0.006236642226576805,0.007360799703747034,0.029247130453586578,0.0,0.007597752846777439,0.0,0.11842823028564453
8474,9.525687783025205e-05,0.006288120150566101,0.007296728435903788,0.029347585514187813,0.0,0.007613389287143946,0.0,0.1184312254190445
8475,9.95148264337331e-05,0.005814042314887047,0.007483785785734653,0.029563279077410697,0.0,0.007613207213580608,0.0,0.11843904107809067
8476,0.00010219471005257219,0.006052909139543772,0.0071387050673365595,0.03092157356441021,0.0,0.007598397321999073,0.0,0.1184379830956459
8477,0.0001012244654702954,0.0061922455206513405,0.007165623921900987,0.027322952076792716,0.0,0.00756551418453455,0.0,0.11844434589147568
8478,9.753549529705197e-05,0.006172758433967829,0.0072725900448858734,0.027988363802433015,0.0,0.007525009103119373,0.0,0.11843957006931305
8479,9.828798356465995e-05,0.006170387007296085,0.007585824467241764,0.02929713800549507,0.0,0.007524742279201746,0.0,0.1184360608458519
8480,9.853057126747444e-05,0.005977146048098803,0.007378414738923311,0.029403247684240342,0.0,0.0075177839025855064,0.0,0.11844298988580704
8481,9.455230028834193e-05,0.00618435200303793,0.007579904515296221,0.0283343318849802,0.0,0.00749241653829813,0.0,0.11843983829021454
8482,9.466979245189577e-05,0.006190107669681311,0.007463119085878133,0.028143345937132837,0.0,0.007491386495530605,0.0,0.11842255294322968
8483,9.365867881570012e-05,0.00613858038559556,0.007574404031038285,0.027896786108613014,0.0,0.007496237754821777,0.0,0.11840790510177612
8484,9.648689592722803e-05,0.006241187825798989,0.007259917818009854,0.02898785434663296,0.0,0.007485714741051197,0.0,0.11840392649173737
8485,9.82990168267861e-05,0.005994999315589666,0.007456686440855264,0.029299147054553033,0.0,0.007440198212862015,0.0,0.11842095851898193
8486,0.0001016161753796041,0.006077046878635884,0.007763822004199028,0.027227015048265458,0.0,0.007377460598945618,0.0,0.11843714863061905
8487,9.565955406287685e-05,0.006077426578849554,0.0077463435009121895,0.028229673206806184,0.0,0.007385252509266138,0.0,0.11844059079885483
8488,9.811072668526321e-05,0.006071064341813326,0.007796910405158996,0.028749504685401918,0.0,0.0074469163082540035,0.0,0.11842574179172516
8489,9.435983665753155e-05,0.006196936685591936,0.00791082214564085,0.028486739844083786,0.0,0.00747690862044692,0.0,0.11840967833995819
8490,9.779923711903394e-05,0.006111088860780001,0.008127839677035809,0.02803586944937706,0.0,0.0074849301017820835,0.0,0.11839599907398224
8491,0.00010029814147856086,0.00619343901053071,0.0076461371034383776,0.029968395084142684,0.0,0.0075323814526200294,0.0,0.1184021607041359
8492,9.545190405333415e-05,0.006072723213583231,0.007568957656621933,0.028709008917212488,0.0,0.007611518260091543,0.0,0.11841919273138046
8493,9.050054068211466e-05,0.005915688071399927,0.007770789414644241,0.02727775610983372,0.0,0.007762280758470297,0.0,0.11841291189193726
8494,9.758587693795562e-05,0.00619871485978365,0.007732871547341346,0.02895449325442314,0.0,0.007886942476034164,0.0,0.11838977038860321
8495,9.673081804066897e-05,0.006074475031346083,0.007488867919892073,0.028622961416840554,0.0,0.007931466214358807,0.0,0.11837039142847061
8496,0.00011146497708978132,0.006047008000314236,0.007458169106394052,0.030087703838944435,0.0,0.007997218519449234,0.0,0.11835525929927826
8497,0.00010129273287020623,0.0062949201092123985,0.008106839284300804,0.029217680916190147,0.0,0.008050110191106796,0.0,0.11834681034088135
8498,0.00010567672579782083,0.00589124895632267,0.007622334267944097,0.029584219306707384,0.0,0.008040076121687889,0.0,0.11834707111120224
8499,9.631960419937968e-05,0.00588779766112566,0.007646878156810999,0.03136096782982349,0.0,0.007987652905285358,0.0,0.11834993213415146
8500,0.00010362055618315936,0.006189908087253571,0.007784764189273119,0.028836601600050926,0.0,0.007920542731881142,0.0,0.11836675554513931
8501,9.352601919090375e-05,0.006165727972984314,0.0075695086270570755,0.02840287834405899,0.0,0.007822531275451183,0.0,0.11838914453983307
8502,0.00010169258312089368,0.006226285919547081,0.008009185269474983,0.02865738235414028,0.0,0.007705817464739084,0.0,0.11839942634105682
8503,0.00010035628656623885,0.006119827553629875,0.0075719508342444895,0.029061699658632277,0.0,0.007607949431985617,0.0,0.11839684098958969
8504,0.00010052960133180022,0.006093878298997879,0.007440460752695799,0.028065789863467215,0.0,0.00755366962403059,0.0,0.11838775873184204
8505,9.445165487704798e-05,0.005867415945976973,0.007385584246367216,0.02844216674566269,0.0,0.0075063579715788364,0.0,0.1183718591928482
8506,9.894116228679196e-05,0.006440644711256027,0.007401235774159432,0.027953628450632095,0.0,0.00748613104224205,0.0,0.11832962185144424
8507,9.74993614363484e-05,0.0061384175904095175,0.00760036837309599,0.028034619614481927,0.0,0.007496668491512537,0.0,0.11829371750354767
8508,0.00010346960334572941,0.005967245809733868,0.007503886800259351,0.03003690652549267,0.0,0.0074872286058962345,0.0,0.11827297508716583
8509,0.0001020977841108106,0.006019151769578457,0.0074644616805017,0.028529756888747215,0.0,0.00745419692248106,0.0,0.11826195567846298
8510,9.931766981026157e-05,0.006044373102486134,0.007574458979070187,0.028151709213852884,0.0,0.007450091652572155,0.0,0.11824772506952286
8511,0.00010142747196368873,0.006222556531429291,0.0077040382660925385,0.02975338473916054,0.0,0.00748014310374856,0.0,0.11823315918445587
8512,9.521014872007071e-05,0.00632568197324872,0.007694359496235847,0.028814500942826272,0.0,0.007557990960776806,0.0,0.11822666972875595
8513,9.49933601077646e-05,0.005995521787554026,0.007601343002170325,0.029589829593896867,0.0,0.0077308653853833675,0.0,0.11822660267353058
8514,9.276356868213043e-05,0.006160861626267433,0.007171865459531546,0.02891877815127373,0.0,0.007936262525618076,0.0,0.1182117909193039
8515,9.30163194425404e-05,0.006280762329697609,0.007047939673066139,0.028196770697832108,0.0,0.008097374811768532,0.0,0.1181943267583847
8516,0.00010357684222981334,0.0060887954197824,0.0079870100133121,0.028636239096522333,0.0,0.008147033862769604,0.0,0.1181870698928833
8517,0.00010001266200561076,0.006173414457589388,0.00748827513307333,0.030516233295202255,0.0,0.008088751696050167,0.0,0.11816749721765518
8518,9.960581373889e-05,0.006094924919307232,0.008033838868141175,0.028982583060860635,0.0,0.007967290468513966,0.0,0.118160679936409
8519,9.388640173710883e-05,0.006126916874200106,0.008095890656113625,0.028963477164506913,0.0,0.007846222259104252,0.0,0.11816726624965668
8520,9.977431618608534e-05,0.006077729258686304,0.007522690668702125,0.027985193580389024,0.0,0.007766415365040302,0.0,0.1181899905204773
8521,0.00010064805683214217,0.006265467405319214,0.007497934810817242,0.029402130842208864,0.0,0.007692740764468908,0.0,0.11820997297763824
8522,9.92992427200079e-05,0.006146308500319719,0.007894557155668735,0.028028230369091033,0.0,0.007614863105118275,0.0,0.11821798980236053
8523,9.194632730213925e-05,0.006132766976952553,0.007772875111550092,0.029743967950344084,0.0,0.007529886905103922,0.0,0.1182260736823082
8524,9.58907388849184e-05,0.006201140210032463,0.007691169064491988,0.028135881945490836,0.0,0.007452044636011124,0.0,0.11822777986526489
8525,9.633541922084987e-05,0.0062639440409839155,0.007746416050940752,0.027903106808662415,0.0,0.007368330843746662,0.0,0.11822600662708282
8526,0.00010571815801085904,0.005885294638574123,0.008168391603976487,0.02873321957886219,0.0,0.0073122186586260796,0.0,0.11822805553674698
8527,9.155659354291857e-05,0.00617256024852395,0.008135172538459301,0.0280087660998106,0.0,0.007297777570784092,0.0,0.1182422786951065
8528,9.679673676146194e-05,0.00620654746890068,0.007853862550109624,0.02969195507466793,0.0,0.007370149251073599,0.0,0.11824584007263184
8529,9.724921692395583e-05,0.0060149325989186765,0.008283540792763232,0.029528091475367547,0.0,0.007429499179124832,0.0,0.11824937909841537
8530,9.587780950823799e-05,0.005986449494957924,0.007584797125309706,0.028845729678869246,0.0,0.0074430061504244804,0.0,0.11825110763311386
8531,9.343407582491636e-05,0.005957099981606007,0.00792747987434268,0.02736833356320858,0.0,0.007429444696754217,0.0,0.11825652420520782
8532,9.46513217058964e-05,0.006108505558222533,0.007725411094725132,0.02985720559954643,0.0,0.0074611552990973,0.0,0.11826226860284805
8533,9.660505747888237e-05,0.006128364335745573,0.007592693157494068,0.029948675259947776,0.0,0.007558366749435663,0.0,0.11827091872692108
8534,9.496960701653734e-05,0.006055033393204212,0.007665356807410717,0.02978322356939316,0.0,0.00763621786609292,0.0,0.11829210817813873
8535,9.877355041680858e-05,0.0061422428116202354,0.007833838183432817,0.02987844869494438,0.0,0.007675565779209137,0.0,0.1183289885520935
8536,9.760762914083898e-05,0.006231211218982935,0.007990171480923892,0.028437573462724686,0.0,0.007690401282161474,0.0,0.11835970729589462
8537,0.00010749209759524092,0.006157968938350677,0.007012567762285471,0.02884509526193142,0.0,0.007697670720517635,0.0,0.1183527261018753
8538,0.00010225507139693946,0.006145293172448873,0.007605411205440759,0.027958385273814203,0.0,0.007706123404204845,0.0,0.11832211166620255
8539,9.600511111784726e-05,0.006087744329124689,0.0073821678757667545,0.028331010416150094,0.0,0.00768996262922883,0.0,0.11828593909740448
8540,9.457017440581695e-05,0.006222008913755417,0.007410258799791336,0.029154329001903533,0.0,0.007633689790964127,0.0,0.1182715892791748
8541,9.967744699679315e-05,0.006138440780341625,0.007470446731895208,0.029739196598529815,0.0,0.007597137242555618,0.0,0.11828784644603729
8542,0.00010250428167637437,0.006136778183281422,0.007680951338261366,0.028719742223620413,0.0,0.007585099432617426,0.0,0.11829986423254013
8543,0.00010136565397260711,0.006118935160338878,0.00757870664820075,0.028812870755791663,0.0,0.007542984094470739,0.0,0.11829309165477753
8544,9.397105459356681e-05,0.006179107818752527,0.007486674562096595,0.029540485143661498,0.0,0.007483139634132385,0.0,0.11827556788921356
8545,9.269954316550865e-05,0.006090051494538784,0.007417149748653174,0.02839058041572571,0.0,0.007442860398441553,0.0,0.11826445907354355
8546,9.343224664917215e-05,0.005990635510534048,0.007197963446378708,0.027088042721152304,0.0,0.007407281547784805,0.0,0.11826658248901367
8547,9.818094258662313e-05,0.005980844236910343,0.007710652891546488,0.029349005222320555,0.0,0.007369570434093475,0.0,0.11826448142528534
8548,0.00010299538553226739,0.006004602462053299,0.007809738628566265,0.028569480031728746,0.0,0.007349980063736439,0.0,0.118278369307518
8549,9.344008431071416e-05,0.0060395698994398115,0.007257772143930197,0.029804472625255585,0.0,0.007317176554352045,0.0,0.11830522119998932
8550,0.00010008339158957824,0.006140213459730148,0.007375703379511833,0.02922441065311432,0.0,0.0072624110616743565,0.0,0.11831845343112946
8551,9.203664376400411e-05,0.00606547137722373,0.007544160820543766,0.027858975157141686,0.0,0.00720713147893548,0.0,0.11832771450281143
8552,9.142409835476429e-05,0.006071711424738169,0.007942394074052572,0.02864472195506096,0.0,0.007254081312566996,0.0,0.11833664029836655
8553,8.988542103907093e-05,0.006028544437140226,0.007170416042208671,0.02933032438158989,0.0,0.007409713231027126,0.0,0.11832878738641739
8554,9.678250207798556e-05,0.0062605530023574826,0.007494556438177824,0.030910925939679146,0.0,0.007602418772876263,0.0,0.11833115667104721
8555,0.00010742283775471151,0.006173341069370508,0.007466347143054009,0.027888279780745505,0.0,0.00785182323306799,0.0,0.11833015829324722
8556,9.483236935921013e-05,0.006231691967695951,0.00787876807153225,0.02898421585559845,0.0,0.008032841607928276,0.0,0.11832354217767715
8557,9.407089528394863e-05,0.0062969054095447065,0.007351635489612818,0.029355694353580476,0.0,0.008112560957670212,0.0,0.11831794679164886
8558,9.783514105947688e-05,0.006130933295935392,0.007695103436708451,0.029050622135400772,0.0,0.008095602504909039,0.0,0.11830846220254898
8559,9.842020517680794e-05,0.006096842419356108,0.007971504144370556,0.029196468740701677,0.0,0.008013637736439705,0.0,0.11832044273614883
8560,9.407947218278422e-05,0.005973836034536361,0.007623910903930664,0.028933336213231086,0.0,0.007885420694947243,0.0,0.11834148317575455
8561,9.355023794341833e-05,0.006016275379806757,0.008009472396224737,0.0298371646553278,0.0,0.007739667780697346,0.0,0.11834384500980377
8562,0.00010568667930783704,0.005790892150253057,0.007368487864732742,0.028739763796329497,0.0,0.00760003412142396,0.0,0.11834777891635895
8563,9.150328260147944e-05,0.006010622438043356,0.0076762325130403045,0.029341638460755347,0.0,0.007476739585399628,0.0,0.11834372580051422
8564,9.069982770597562e-05,0.006054428406059742,0.0074000473134219645,0.029444846510887145,0.0,0.007402576506137848,0.0,0.11834175884723663
8565,9.226282418239862e-05,0.006331794150173664,0.00783312665298581,0.029369044676423074,0.0,0.007414639927446842,0.0,0.11834345012903214
8566,9.554809657856822e-05,0.006410791631788015,0.007530272286385298,0.029164802655577658,0.0,0.007500949315726757,0.0,0.11832723766565323
8567,9.962662152247503e-05,0.006217582896351814,0.007639775425195694,0.029570502415299415,0.0,0.00766517361626029,0.0,0.11830620467662811
8568,9.878855926217511e-05,0.006236685533076524,0.007428029924631119,0.02762560620903969,0.0,0.007775521371513605,0.0,0.1183064803481102
8569,0.00010049204720417038,0.006344089936465025,0.007553043402731418,0.02978084161877632,0.0,0.007804307155311108,0.0,0.1183033138513565
8570,0.00010158299264730885,0.006068926118314266,0.007373676262795925,0.02852448746562004,0.0,0.007777497172355652,0.0,0.11830843985080719
8571,9.031593071995303e-05,0.006107640825212002,0.00731361135840416,0.028425608202815054,0.0,0.00775913754478097,0.0,0.11831934750080109
8572,0.00010025651863543317,0.006087097153067589,0.007413848582655191,0.027758585289120674,0.0,0.0078016952611505985,0.0,0.11831196397542953
8573,9.201780194416642e-05,0.005984743684530258,0.0075380014255642894,0.02806621268391609,0.0,0.007840788923203945,0.0,0.1183011531829834
8574,9.866397012956441e-05,0.0060475626029074196,0.0077642034739255905,0.02995247393846512,0.0,0.007845839485526085,0.0,0.11829237639904022
8575,9.458952845307068e-05,0.006044811103492975,0.008262199722230435,0.027951668575406076,0.0,0.007801264524459839,0.0,0.118291936814785
8576,9.69192318734713e-05,0.006159213557839394,0.00806268472224474,0.028874178975820543,0.0,0.007717198692262173,0.0,0.118319071829319
8577,9.190963755827397e-05,0.006208337098360062,0.00792491277679801,0.02869960181415081,0.0,0.007614546921104193,0.0,0.1183527335524559
8578,9.596113814041019e-05,0.0060716717503964904,0.007442650105804205,0.029945837706327437,0.0,0.007505594287067652,0.0,0.1183551698923111
8579,9.443294984521345e-05,0.0060265383683145044,0.007981976307928563,0.02877010405063629,0.0,0.007386400364339352,0.0,0.11836183071136475
8580,9.783233108464628e-05,0.006283702328801155,0.007684384565800428,0.02902226001024246,0.0,0.007285033818334341,0.0,0.11837483942508698
8581,0.00010142608662135899,0.0060155288316309456,0.007509683817625045,0.028334840759634973,0.0,0.007224405650049448,0.0,0.11839787662029266
8582,0.00010032730788225308,0.006250174809247255,0.007354393880814314,0.028751060366630554,0.0,0.0071909381076693535,0.0,0.1184162050485611
8583,9.997435554396362e-05,0.006078038364648819,0.007536940462887287,0.029003213346004485,0.0,0.007182106375694275,0.0,0.1184154748916626
8584,9.462984016863629e-05,0.006052133347839117,0.00760220242664218,0.028453002125024794,0.0,0.0072224936448037624,0.0,0.11841114610433578
8585,9.676533372839912e-05,0.006079535093158483,0.007221424859017134,0.029294084757566452,0.0,0.007261754013597965,0.0,0.11839993298053741
8586,9.924580954248085e-05,0.006079141143709421,0.00705176517367363,0.028733036667108535,0.0,0.007263083942234516,0.0,0.11839477717876434
8587,0.00010879385954467579,0.006200379971414804,0.008366763405501843,0.028826691210269928,0.0,0.007224918343126774,0.0,0.11838390678167343
8588,9.791430493351072e-05,0.006050100643187761,0.00893680639564991,0.028112657368183136,0.0,0.007165548391640186,0.0,0.11837532371282578
8589,9.742015099618584e-05,0.006231951806694269,0.0078114383853971955,0.02830686792731285,0.0,0.007098278496414423,0.0,0.11837442219257355
8590,9.354654466733336e-05,0.006330053228884936,0.008276112191379071,0.02770775929093361,0.0,0.007062864955514669,0.0,0.11837861686944962
8591,0.00010696122626541182,0.0062709197402000426,0.008233213983476161,0.028534222021698953,0.0,0.007117520086467266,0.0,0.11837136745452881
8592,0.00010248610633425414,0.006068039312958717,0.007872338499873876,0.02881166450679302,0.0,0.007218805141746998,0.0,0.11837669461965561
8593,0.00010239430121146142,0.006128578260540962,0.008150298520922661,0.029010301828384398,0.0,0.0072930725291371346,0.0,0.1183767095208168
8594,9.850336209638044e-05,0.006238961406052112,0.008440124988555908,0.02881157137453556,0.0,0.007445088122040033,0.0,0.1183830127120018
8595,8.891011675586924e-05,0.006012680567800998,0.00825507789850235,0.030097488313913345,0.0,0.007592319045215845,0.0,0.11840613186359406
8596,0.00010176653449889272,0.006163930706679821,0.007580616232007742,0.029639697074890135,0.0,0.0076750898733735085,0.0,0.11842987686395645
8597,9.628976986277848e-05,0.006028811819851399,0.008058668859302998,0.028821983933448793,0.0,0.007704650051891804,0.0,0.11844445765018463
8598,9.553265117574483e-05,0.0058707259595394135,0.008056805655360221,0.028226790949702263,0.0,0.007722282316535711,0.0,0.11845380067825317
8599,9.542884363327176e-05,0.006116760615259409,0.008504906110465527,0.02762225717306137,0.0,0.007756324950605631,0.0,0.11845085769891739
8600,0.00010006686788983643,0.006098870187997818,0.008429799787700176,0.030389293283224105,0.0,0.007770819123834372,0.0,0.11843188852071762
8601,9.320260578533634e-05,0.006202931702136994,0.00870022103190422,0.029727841541171075,0.0,0.007769028656184673,0.0,0.11842743307352066
8602,9.830046910792589e-05,0.0061085959896445274,0.0081115641631186,0.029688096046447753,0.0,0.007790585048496723,0.0,0.11843414604663849
8603,9.395031811436639e-05,0.006112205237150193,0.008578263595700264,0.02912340871989727,0.0,0.007798382546752691,0.0,0.11843293905258179
8604,9.916530689224601e-05,0.0061191913671791555,0.008318924903869629,0.03088316470384598,0.0,0.007765376474708319,0.0,0.11842582374811172
8605,0.00010134801123058423,0.006017966475337744,0.008270552568137645,0.029472917690873145,0.0,0.007711458019912243,0.0,0.11841066926717758
8606,0.0001002724835416302,0.0059690108522772786,0.007742924988269806,0.02782175913453102,0.0,0.007652600761502981,0.0,0.11838920414447784
8607,9.295946365455166e-05,0.006080954056233168,0.007900656200945377,0.029177159070968628,0.0,0.00758032500743866,0.0,0.11837967485189438
8608,9.203955705743283e-05,0.0062203752808272835,0.008045764919370414,0.029378014057874678,0.0,0.007518751081079245,0.0,0.11836999654769897
8609,9.813349461182952e-05,0.006144244037568569,0.007779001258313656,0.02867647185921669,0.0,0.007516843732446432,0.0,0.11836912482976913
8610,0.00010111476731253788,0.006055822409689426,0.008395066857337952,0.028816358745098115,0.0,0.0075335316359996796,0.0,0.118375264108181
8611,0.00010337048151995987,0.006039870530366897,0.008444422390311956,0.029349691420793533,0.0,0.007536767981946468,0.0,0.11837053298950195
8612,9.892195230349898e-05,0.006205231789499522,0.009000683575868607,0.028324273228645325,0.0,0.0075225443579256535,0.0,0.11837498843669891
8613,0.00010156103089684621,0.0060294407419860365,0.008822221588343383,0.029827724024653435,0.0,0.007471116725355387,0.0,0.11837062984704971
8614,9.888048225548118e-05,0.006196851562708616,0.008108098153024912,0.028878623247146608,0.0,0.007445385213941336,0.0,0.11836646497249603
8615,0.00010198892268817872,0.006073303427547217,0.008394008036702871,0.02827174626290798,0.0,0.007477393839508295,0.0,0.11836729198694229
8616,9.439765708521008e-05,0.006182305049151182,0.008042029477655888,0.030011703073978425,0.0,0.007493981625884771,0.0,0.11836528778076172
8617,0.00010557449131738394,0.00626270892098546,0.008056671172380448,0.027546801418066025,0.0,0.007470158394426107,0.0,0.11837232112884521
8618,9.079199662664905e-05,0.006162184569984674,0.007615150604397059,0.02841360419988632,0.0,0.007424807641655207,0.0,0.1183629035949707
8619,9.767594310687855e-05,0.006071616988629102,0.007840883173048496,0.029994693771004676,0.0,0.007363884709775448,0.0,0.11834925413131714
8620,9.29953544982709e-05,0.006089267320930958,0.007381775416433811,0.02863788791000843,0.0,0.007297199219465256,0.0,0.11836060136556625
8621,0.00010118283826159314,0.006023227423429489,0.007764158397912979,0.02948402091860771,0.0,0.007228720933198929,0.0,0.11835682392120361
8622,0.00010380263556726277,0.00621865401044488,0.007476263679563999,0.029815606772899628,0.0,0.007177179213613272,0.0,0.11834977567195892
8623,9.681653027655557e-05,0.006215704418718815,0.00789813082665205,0.030048227682709695,0.0,0.0072069792076945305,0.0,0.1183464303612709
8624,0.0001017525268252939,0.006145941186696291,0.007967672031372785,0.028910746052861213,0.0,0.007257002405822277,0.0,0.1183445081114769
8625,0.0001078991626854986,0.006192216277122497,0.008562956005334854,0.028525704890489577,0.0,0.007335673086345196,0.0,0.11832829564809799
8626,9.857190307229757e-05,0.006218791287392378,0.008636847138404846,0.028125109523534773,0.0,0.007385808043181896,0.0,0.11830173432826996
8627,0.00010643013083608822,0.006323106400668621,0.008470119442790747,0.028621200099587442,0.0,0.0073936134576797485,0.0,0.11827655136585236
8628,0.00010386835929239168,0.006066517811268568,0.00809420570731163,0.0286175612360239,0.0,0.0074110873974859715,0.0,0.11827020347118378
8629,8.970370690803975e-05,0.006226904131472111,0.008143380098044873,0.028413449972867967,0.0,0.007437766995280981,0.0,0.11826638132333755
8630,8.540643029846251e-05,0.006005899794399738,0.008100559003651142,0.029231556132435797,0.0,0.007438404019922018,0.0,0.11826266348361969
8631,0.0001023710283334367,0.0062120907939970495,0.007917194347828626,0.028773507848381997,0.0,0.007426212541759014,0.0,0.11826282739639282
8632,0.00010086436377605423,0.006187535729259253,0.008224569074809552,0.028826221451163293,0.0,0.007428581826388836,0.0,0.11826882511377335
8633,9.301561367465183e-05,0.006150664389133453,0.007918463554233313,0.02813866138458252,0.0,0.0074240341782569885,0.0,0.1182674765586853
8634,9.946349455276504e-05,0.006291148997843265,0.008021822851151227,0.030138152465224267,0.0,0.007395007647573948,0.0,0.11826833337545395
8635,0.00010195907962042838,0.00612168237566948,0.008089269883930683,0.029154735803604125,0.0,0.007429760880768299,0.0,0.11827743053436279
8636,9.902485908241943e-05,0.006294393818825484,0.007897935807704926,0.028711326792836188,0.0,0.007489724550396204,0.0,0.11829398572444916
8637,9.435409010620788e-05,0.0060162276960909365,0.00809361394494772,0.029153482243418693,0.0,0.007580124773085117,0.0,0.1183127909898758
8638,9.379930706927553e-05,0.005998396780341864,0.008315636217594147,0.028130608424544335,0.0,0.007695457898080349,0.0,0.11833856999874115
8639,0.00010620461107464507,0.0062322976998984815,0.007662072684615851,0.028052275255322456,0.0,0.007752886973321438,0.0,0.1183503046631813
8640,9.708404977573081e-05,0.006039780378341675,0.00779651515185833,0.027451053634285925,0.0,0.007779767271131277,0.0,0.11835615336894989
8641,9.28532361285761e-05,0.0061606233939528465,0.007782994769513607,0.02856283038854599,0.0,0.007808612193912268,0.0,0.11834748834371567
8642,9.610377746867016e-05,0.006183519959449768,0.007936168182641267,0.028604453057050706,0.0,0.0078003606759011745,0.0,0.11833715438842773
8643,8.932400232879445e-05,0.006127600558102131,0.008246105629950762,0.028395549952983858,0.0,0.007839682511985302,0.0,0.11832563579082489
8644,9.016404510475695e-05,0.006102764513343573,0.008385460078716277,0.02996422052383423,0.0,0.00795196183025837,0.0,0.1183181032538414
8645,9.195263119181618e-05,0.005994779802858829,0.008680316247045993,0.02816254012286663,0.0,0.008001831360161304,0.0,0.1183067187666893
8646,0.00010224017169093713,0.005978192295879125,0.00851902924478054,0.02826814502477646,0.0,0.008001805283129215,0.0,0.11830607801675797
8647,9.617994219297543e-05,0.006175441108644009,0.008237419370561837,0.03023877628147602,0.0,0.00799325667321682,0.0,0.11829117685556412
8648,0.00010142481623915955,0.006002073828130961,0.008947617933154106,0.02877719923853874,0.0,0.007955905981361866,0.0,0.1182822436094284
8649,9.90547938272357e-05,0.006224936153739691,0.00831734836101532,0.029033897444605827,0.0,0.007878346368670464,0.0,0.11829426139593124
8650,9.801006090128794e-05,0.006332158856093883,0.008110462501645089,0.0290207639336586,0.0,0.007824206724762917,0.0,0.11829908937215805
8651,8.747091778786853e-05,0.006195106450468302,0.008165159448981284,0.028292767703533173,0.0,0.007887216284871101,0.0,0.11830632388591766
8652,0.00010103863751282915,0.0059889438562095165,0.008521436434239148,0.029119967296719552,0.0,0.00794523861259222,0.0,0.11830071359872818
8653,9.714038023957982e-05,0.006163047160953283,0.008336017653346062,0.02850385643541813,0.0,0.00800453219562769,0.0,0.1182987242937088
8654,9.672735759522766e-05,0.006392034143209458,0.008098222687840462,0.0279605757445097,0.0,0.008027265779674053,0.0,0.11830832809209824
8655,9.179183543892578e-05,0.006196096818894148,0.00808067610487342,0.02929973341524601,0.0,0.008020992390811443,0.0,0.11830741167068481
8656,9.41711594350636e-05,0.006167578231543303,0.008414412103593349,0.029720062017440797,0.0,0.007981045171618462,0.0,0.1182914525270462
8657,9.851071226876229e-05,0.006124874297529459,0.007773356884717942,0.02986358106136322,0.0,0.007896317169070244,0.0,0.11827147006988525
8658,9.482509194640443e-05,0.006300435308367014,0.00810521924868226,0.028226568177342416,0.0,0.007819479331374168,0.0,0.1182713732123375
8659,9.072277753148228e-05,0.005968693271279335,0.008546917699277401,0.02896980382502079,0.0,0.007755969651043415,0.0,0.11828234046697617
8660,0.00010522184456931427,0.006087765377014875,0.008960709534585476,0.0294796884059906,0.0,0.00771052110940218,0.0,0.11828996241092682
8661,0.00010000065376516431,0.006139049772173166,0.008700399473309518,0.02830285094678402,0.0,0.007696608547121286,0.0,0.11829228699207306
8662,9.380712144775316e-05,0.005927684251219034,0.008435794711112976,0.029034727066755295,0.0,0.007691084407269955,0.0,0.11829230934381485
8663,0.00010832545813173055,0.006062498036772013,0.008923263847827911,0.02915743738412857,0.0,0.0076621039770543575,0.0,0.11829892545938492
8664,9.81856690486893e-05,0.006115917302668095,0.00828728573396802,0.029688773676753044,0.0,0.007612334098666906,0.0,0.11830323934555054
8665,9.672114683780819e-05,0.006013435497879982,0.007991822436451912,0.028459994494915007,0.0,0.007535167969763279,0.0,0.11830520629882812
8666,9.330487082479522e-05,0.006124409474432468,0.007888480927795172,0.027537935599684715,0.0,0.007442409638315439,0.0,0.11829610913991928
8667,0.00010001582413678988,0.006266474630683661,0.00840736823156476,0.028212687000632286,0.0,0.007377350237220526,0.0,0.11828877776861191
8668,9.992030973080546e-05,0.006094224937260151,0.009181245416402816,0.02882617749273777,0.0,0.007440970744937658,0.0,0.11830972135066986
8669,0.00010938427731161937,0.00609470009803772,0.009014257788658142,0.028343617171049117,0.0,0.007514841854572296,0.0,0.118330217897892
8670,9.191402496071533e-05,0.00595861179754138,0.00886762011796236,0.029719269648194314,0.0,0.007536602672189474,0.0,0.11835230886936188
8671,9.457237465539947e-05,0.006266831699758768,0.008406888227909803,0.028161975741386413,0.0,0.0075050340965390205,0.0,0.1183733344078064
8672,9.87993276794441e-05,0.005940529517829418,0.008939479291439057,0.029756132513284683,0.0,0.007468237541615963,0.0,0.11837895959615707
8673,9.521638712612912e-05,0.006102422997355461,0.00861155018210411,0.027604660764336587,0.0,0.007457110099494457,0.0,0.11837343871593475
8674,9.96780683635734e-05,0.006232201680541038,0.008446672558784485,0.028591828420758247,0.0,0.007485277019441128,0.0,0.11837387084960938
8675,0.00010378483711974696,0.006212023179978132,0.008139882329851389,0.02915097586810589,0.0,0.007581023965030909,0.0,0.11837530136108398
8676,9.755248029250652e-05,0.006180752348154783,0.008716816268861293,0.028975917771458626,0.0,0.0076994942501187325,0.0,0.11835924535989761
8677,8.936181839089841e-05,0.006156256794929505,0.008172697480767965,0.028638452664017676,0.0,0.007770550902932882,0.0,0.11833053827285767
8678,9.223076631315053e-05,0.006048477999866009,0.008393311966210603,0.029367123916745185,0.0,0.007766891270875931,0.0,0.11831335723400116
8679,8.941884443629533e-05,0.006145242787897587,0.008265951368957757,0.028747156634926795,0.0,0.00770313898101449,0.0,0.11830614507198334
8680,8.883298723958433e-05,0.006027104705572129,0.007955216243863106,0.028764631226658822,0.0,0.007623051758855581,0.0,0.11830087006092072
8681,0.00010382664040662349,0.00608211113139987,0.007988313771784305,0.029104794934391977,0.0,0.007532603107392788,0.0,0.11829736083745956
8682,9.28866007598117e-05,0.006064000446349383,0.007645314652472734,0.02875247597694397,0.0,0.007455750368535519,0.0,0.11828944832086563
8683,9.606039675418288e-05,0.00614392887800932,0.008168339915573596,0.028301509842276574,0.0,0.007408257573843002,0.0,0.11829762160778046
8684,9.533717966405674e-05,0.006166906654834747,0.008496293425559997,0.028848323598504068,0.0,0.00736615527421236,0.0,0.11829891055822372
8685,8.917748054955154e-05,0.006271819770336151,0.008059533406049013,0.02895644083619118,0.0,0.007317357696592808,0.0,0.11830995976924896
8686,9.127459197770804e-05,0.006160348281264305,0.008266578242182732,0.02973075732588768,0.0,0.007276585791260004,0.0,0.11832151561975479
8687,9.912390814861282e-05,0.006413997430354357,0.008898138627409935,0.029605569317936897,0.0,0.007238832768052816,0.0,0.1183280497789383
8688,9.27471395698376e-05,0.005995349306613207,0.008626836910843849,0.027226565033197404,0.0,0.007364989724010229,0.0,0.11833027750253677
8689,0.00010159589000977576,0.006291407719254493,0.008246411941945553,0.029447104781866074,0.0,0.007582335267215967,0.0,0.11833512783050537
8690,9.697251225588843e-05,0.005937866773456335,0.008323865570127964,0.02978191487491131,0.0,0.007823876105248928,0.0,0.11834727227687836
8691,9.715369669720531e-05,0.006000299844890833,0.0075871612876653675,0.027094943076372148,0.0,0.008014867082238197,0.0,0.1183728575706482
8692,0.0001053295869496651,0.006059845164418221,0.007942735962569714,0.02904229499399662,0.0,0.008104508742690086,0.0,0.11837708950042725
8693,9.308553708251566e-05,0.0061931761913001536,0.008426845073699951,0.02866852469742298,0.0,0.00815534871071577,0.0,0.1183728575706482
8694,0.00010946218826575204,0.006287149712443351,0.008106181863695383,0.02889591045677662,0.0,0.008139315992593765,0.0,0.11837619543075562
8695,9.59179989877157e-05,0.006190820783376694,0.007690597604960203,0.02951735407114029,0.0,0.008083757013082504,0.0,0.11837100982666016
8696,9.87165403785184e-05,0.0061698311008512976,0.008115024399012327,0.028408988565206527,0.0,0.007984752766788006,0.0,0.11837746948003769
8697,9.231507428921759e-05,0.006145789567381143,0.007680575363337994,0.030029122158885,0.0,0.007860731333494186,0.0,0.11838147789239883
8698,9.863502637017519e-05,0.006222350150346756,0.007852946035563945,0.028427137061953545,0.0,0.007743323687463999,0.0,0.11839090287685394
8699,0.00010062355431728065,0.00612500524148345,0.007997227367013693,0.029379331320524216,0.0,0.007677214685827494,0.0,0.11840556561946869
8700,9.929802326951176e-05,0.0062732349149882795,0.00846218541264534,0.02841769754886627,0.0,0.007650616578757763,0.0,0.11839787662029266
8701,9.012104565044864e-05,0.006051868386566639,0.007969938404858112,0.026839473843574525,0.0,0.0076509080827236176,0.0,0.11837919801473618
8702,0.00010042295762104913,0.006267486046999693,0.0079131999053061,0.029398108646273614,0.0,0.007631861604750156,0.0,0.11836697906255722
8703,9.249740687664599e-05,0.006029704306274653,0.007804601266980171,0.02825639136135578,0.0,0.007589661981910467,0.0,0.11835119873285294
8704,9.69261207501404e-05,0.006201118510216474,0.007766007445752621,0.02912009842693806,0.0,0.007531571201980114,0.0,0.11832596361637115
8705,9.802747954381629e-05,0.006028449535369873,0.007871283032000066,0.02912272736430168,0.0,0.007466904819011688,0.0,0.11830492317676544
8706,9.691165323602035e-05,0.00604060422629118,0.008322623930871487,0.028883207961916922,0.0,0.007401005830615759,0.0,0.11828599125146866
8707,9.611112909624353e-05,0.0058903231285512446,0.0078077753074467186,0.028629133105278017,0.0,0.007348763290792704,0.0,0.11826920509338379
8708,9.41831196541898e-05,0.006148202996701002,0.007971231080591678,0.02938546910881996,0.0,0.007308082189410925,0.0,0.11826813220977783
8709,9.240218059858307e-05,0.006086865346878767,0.007742475345730781,0.030320802330970766,0.0,0.007275053299963474,0.0,0.1182897686958313
8710,9.183178335661068e-05,0.0060414991341531275,0.008012383338063955,0.028829628974199294,0.0,0.0072611114010214806,0.0,0.11830433458089828
8711,9.010994981508701e-05,0.0061279715038836,0.00784621573984623,0.029002709314227104,0.0,0.0072707198560237885,0.0,0.11830653250217438
8712,9.979467868106439e-05,0.00607435442507267,0.007841006666421891,0.028091410547494887,0.0,0.007277361117303371,0.0,0.11830861866474152
8713,0.00010191972542088479,0.005970489885658026,0.008055629208683968,0.02912280298769474,0.0,0.0072998465038836,0.0,0.11830475181341171
8714,0.0001022310068947263,0.006094746850430965,0.008391022216528654,0.029648277908563614,0.0,0.007305101957172155,0.0,0.11830009520053864
8715,9.46233150898479e-05,0.006255000364035368,0.00782958846539259,0.029589839279651642,0.0,0.0072929998859763145,0.0,0.11831359565258026
8716,9.305533167207614e-05,0.006097299791872501,0.008210563752800226,0.028692397475242614,0.0,0.007325914688408375,0.0,0.11833109706640244
8717,9.263106767321005e-05,0.0059387626126408575,0.007613466307520867,0.028091051802039146,0.0,0.007518698927015066,0.0,0.11834888160228729
8718,9.825254819588736e-05,0.0061585973016917706,0.008224151097238064,0.02996138148009777,0.0,0.007695164531469345,0.0,0.11834057420492172
8719,9.609312983229756e-05,0.006162039935588837,0.008281354233622551,0.028143779560923576,0.0,0.007834495976567268,0.0,0.1183307021856308
8720,9.373003849759698e-05,0.006134291272610426,0.00787378353998065,0.029131487011909485,0.0,0.007933591492474079,0.0,0.11832276731729507
8721,9.157906606560573e-05,0.006116550229489803,0.008321700431406499,0.028644702956080438,0.0,0.007936009205877781,0.0,0.11831502616405487
8722,9.596794843673706e-05,0.006144275236874819,0.008258929289877415,0.028465279191732407,0.0,0.00788215734064579,0.0,0.11831311136484146
8723,9.356967930216343e-05,0.006204457581043243,0.00813814727589488,0.02888035848736763,0.0,0.007812486495822668,0.0,0.11831466108560562
8724,9.758757514646276e-05,0.006058505456894636,0.007945291884243488,0.02931685037910938,0.0,0.007725474424660206,0.0,0.11832813173532486
8725,9.493429533904418e-05,0.006178520992398262,0.007844328228384257,0.029746272042393683,0.0,0.007637396454811096,0.0,0.11836636066436768
8726,9.718598739709705e-05,0.006057527847588062,0.007859535794705153,0.030344847217202188,0.0,0.007624566555023193,0.0,0.11839476972818375
8727,0.00010214299400104209,0.006201555859297514,0.008596737030893564,0.0289821345359087,0.0,0.007633062545210123,0.0,0.11839780956506729
8728,9.909965592669323e-05,0.006461779493838549,0.007905255444347859,0.02938195951282978,0.0,0.007625509984791279,0.0,0.11839444935321808
8729,8.933080825954676e-05,0.0059308722615242,0.00873274654150009,0.029024994373321532,0.0,0.0075952098704874516,0.0,0.11840303242206573
8730,9.721044189063832e-05,0.006190539896488189,0.007997386343777179,0.028266670927405358,0.0,0.007547415792942047,0.0,0.11841733753681183
8731,0.00010327337076887488,0.005964026786386967,0.008526967093348502,0.028351489827036856,0.0,0.007488753646612167,0.0,0.11842836439609528
8732,9.771873446879908e-05,0.006276502925902605,0.008849360793828965,0.029968827590346338,0.0,0.007411111146211624,0.0,0.1184314489364624
8733,9.723859402583912e-05,0.0061960647813975814,0.007859253138303757,0.029115340486168862,0.0,0.007339057512581348,0.0,0.11842551082372665
8734,9.71195739111863e-05,0.006226915493607521,0.008278733119368553,0.028800934553146362,0.0,0.007318840362131596,0.0,0.11841919273138046
8735,0.00010484491649549454,0.006197202485054731,0.008385928254574538,0.02879178673028946,0.0,0.007326108403503895,0.0,0.11841700226068497
8736,9.646090038586407e-05,0.005871864594519138,0.0076485672034323215,0.029216322302818298,0.0,0.007338965777307749,0.0,0.11838488280773163
8737,9.588919347152114e-05,0.006142398156225681,0.007537836953997612,0.02926429882645607,0.0,0.007335130125284195,0.0,0.11835901439189911
8738,9.696242777863517e-05,0.006125406175851822,0.00766904279589653,0.03063727617263794,0.0,0.007352958433330059,0.0,0.11834366619586945
8739,9.107927762670442e-05,0.005958572216331959,0.00805155374109745,0.028686248883605003,0.0,0.007389457430690527,0.0,0.11835843324661255
8740,9.830751805566252e-05,0.005989896599203348,0.007717605866491795,0.029032810777425765,0.0,0.007397651672363281,0.0,0.11837079375982285
8741,9.081279131351039e-05,0.006145116873085499,0.007495447713881731,0.02960571236908436,0.0,0.007447962649166584,0.0,0.11837303638458252
8742,9.567804081598297e-05,0.006163607165217399,0.007707309443503618,0.0289863184094429,0.0,0.007567414548248053,0.0,0.11836747825145721
8743,9.161787311313674e-05,0.0060289504937827585,0.007473295833915472,0.028650885820388793,0.0,0.007644424680620432,0.0,0.11836977303028107
8744,0.00010225759906461463,0.006181347277015447,0.007582422252744437,0.028416439518332483,0.0,0.007703102193772793,0.0,0.11837586015462875
8745,9.782561392057687e-05,0.006166426930576563,0.007834771741181612,0.028897033631801607,0.0,0.007711855228990316,0.0,0.11835815012454987
8746,9.67145708273165e-05,0.006067458633333444,0.00810173973441124,0.030238281935453415,0.0,0.0077168382704257965,0.0,0.11835537105798721
8747,9.779343818081543e-05,0.005998190399259329,0.007743394561111927,0.02927739657461643,0.0,0.0077347783371806145,0.0,0.11836143583059311
8748,9.579644247423858e-05,0.006014335714280605,0.007644954975694418,0.028919327631592752,0.0,0.0077843270264565945,0.0,0.11835256963968277
8749,9.153419523499906e-05,0.006058951467275619,0.007449097279459238,0.029218579456210137,0.0,0.007794566452503204,0.0,0.1183486133813858
8750,9.13659343495965e-05,0.006153558287769556,0.007937442697584628,0.02995065562427044,0.0,0.007751576602458954,0.0,0.11835595220327377
8751,9.436054097022861e-05,0.006193626299500465,0.009068626537919044,0.029516258835792543,0.0,0.007686525583267212,0.0,0.11836984008550644
8752,9.776759688975289e-05,0.006113778427243232,0.009554236754775047,0.0289875827729702,0.0,0.007631803397089243,0.0,0.11838027089834213
8753,9.51947586145252e-05,0.006228084489703178,0.008569984789937734,0.029588640108704566,0.0,0.007595311850309372,0.0,0.1183941587805748
8754,9.792291530175135e-05,0.006048705894500017,0.008214521314948797,0.02925763577222824,0.0,0.007585573010146618,0.0,0.11840294301509857
8755,9.428358462173491e-05,0.0059319760650396345,0.008251908980309964,0.028558338433504103,0.0,0.0075620850548148155,0.0,0.11841102689504623
8756,9.306373685831204e-05,0.005966752208769322,0.007622401230037212,0.028252828121185302,0.0,0.007504562847316265,0.0,0.11842403560876846
8757,8.681110775796697e-05,0.00603191489353776,0.007168283872306347,0.028048275038599968,0.0,0.0074353343807160854,0.0,0.11842856556177139
8758,8.910580800147727e-05,0.006007338501513004,0.007836896926164627,0.02922070473432541,0.0,0.0073720598593354225,0.0,0.1184423416852951
8759,9.008175984490663e-05,0.006101212184876204,0.0074369126930832865,0.027925714477896692,0.0,0.007370322942733765,0.0,0.11845499277114868
8760,9.809076000237838e-05,0.006252667959779501,0.007896003779023886,0.02826199308037758,0.0,0.007526327855885029,0.0,0.11846022307872772
8761,0.00010058087500510737,0.0060861905105412005,0.007782960031181574,0.02777331545948982,0.0,0.007688749581575394,0.0,0.11845769733190536
8762,9.29254194488749e-05,0.006247261911630631,0.007753981184214354,0.028462884575128557,0.0,0.007781242486089468,0.0,0.11844043433666229
8763,9.470309159951285e-05,0.005967868864536286,0.007891872711479665,0.029550815746188164,0.0,0.007822699844837189,0.0,0.11843011528253555
8764,9.682327508926391e-05,0.0059473375789821144,0.007536895014345646,0.030678168684244157,0.0,0.007838129997253418,0.0,0.11844004690647125
8765,9.327773586846888e-05,0.006050056032836437,0.007670970167964697,0.0287428867071867,0.0,0.007855749689042568,0.0,0.11845715343952179
8766,8.700394537299871e-05,0.006122355069965124,0.007706692628562451,0.029547119140625,0.0,0.007939876057207584,0.0,0.11846939474344254
8767,0.00010309550270903856,0.006096488237380982,0.007410863414406776,0.02842736802995205,0.0,0.008071347139775753,0.0,0.11846579611301422
8768,9.965021890820936e-05,0.006252967845648527,0.00794239593669772,0.02813201993703842,0.0,0.00811671745032072,0.0,0.11844556033611298
8769,9.370145708089694e-05,0.0061364701017737385,0.008090042788535357,0.02797725349664688,0.0,0.008079193532466888,0.0,0.11843830347061157
8770,0.00010090485593536869,0.005952857993543148,0.008164158370345832,0.02872389815747738,0.0,0.007989565841853619,0.0,0.11844637244939804
8771,9.351018670713528e-05,0.006133425328880548,0.007785581704229117,0.029840509966015817,0.0,0.007879440672695637,0.0,0.11844935268163681
8772,9.307347791036591e-05,0.006192596070468426,0.007394519541412592,0.030321982130408286,0.0,0.007817471399903297,0.0,0.11845667660236359
8773,9.039652359206229e-05,0.006294387485831976,0.007494272757321596,0.030085919052362443,0.0,0.007799065206199884,0.0,0.11848622560501099
8774,9.671893785707652e-05,0.006470237579196692,0.007699433527886867,0.028925000876188278,0.0,0.007783092558383942,0.0,0.11851862818002701
8775,9.191196004394442e-05,0.006291784904897213,0.007461135927587748,0.029737329483032225,0.0,0.007817496545612812,0.0,0.11853494495153427
8776,9.633642621338367e-05,0.006278148200362921,0.007437585666775703,0.029159344732761383,0.0,0.007917673327028751,0.0,0.11853866279125214
8777,9.158120083156973e-05,0.0061334165744483474,0.007896809466183185,0.027512654289603235,0.0,0.007958575151860714,0.0,0.11855290830135345
8778,0.00010069037816720083,0.006116071809083223,0.007617186848074197,0.029239008948206902,0.0,0.007920505478978157,0.0,0.1185450404882431
8779,9.95012087514624e-05,0.006080589536577463,0.007319767028093338,0.028650476783514022,0.0,0.00783192366361618,0.0,0.11853750050067902
8780,0.00010347177885705605,0.006208775006234646,0.008150343038141727,0.029601828753948213,0.0,0.007736568339169025,0.0,0.11853782087564468
8781,9.714461484691128e-05,0.006236646790057421,0.008645113464444876,0.028796476870775224,0.0,0.007641445845365524,0.0,0.11853954941034317
8782,9.641912620281801e-05,0.005963877961039543,0.007473467662930488,0.02995874881744385,0.0,0.007553323172032833,0.0,0.11852971464395523
8783,9.453550010221078e-05,0.005991878174245358,0.008332285098731518,0.029514550045132638,0.0,0.007483017630875111,0.0,0.11853118240833282
8784,9.326321014668792e-05,0.005865361075848341,0.008188759814947844,0.02842792682349682,0.0,0.007429883815348148,0.0,0.11855018138885498
8785,9.677767520770431e-05,0.005954962968826294,0.0075522026978433136,0.02828483246266842,0.0,0.007382432464510202,0.0,0.11855940520763397
8786,0.00010353599500376732,0.006036515347659588,0.007553601637482643,0.02827320583164692,0.0,0.007342183031141758,0.0,0.11855065822601318
8787,9.736290230648592e-05,0.006324779521673918,0.007655228674411774,0.028179657831788062,0.0,0.007318571209907532,0.0,0.1185305267572403
8788,0.0001027123158564791,0.006068384554237127,0.006954721640795469,0.028943283855915068,0.0,0.007275059819221497,0.0,0.11852079629898071
8789,9.062765311682597e-05,0.005995293334126473,0.007529080286622048,0.02932434491813183,0.0,0.0072199441492557526,0.0,0.11851030588150024
8790,9.386736783199013e-05,0.0062037122435867785,0.00726427212357521,0.026881139352917673,0.0,0.007168338634073734,0.0,0.11849616467952728
8791,9.84746395261027e-05,0.006241959426552058,0.007544338889420033,0.028240058943629263,0.0,0.007177999708801508,0.0,0.11849024146795273
8792,9.86885221209377e-05,0.0059824175201356414,0.007384971436113119,0.02851942032575607,0.0,0.007222461048513651,0.0,0.11846635490655899
8793,9.58773904130794e-05,0.006086217053234577,0.007416555006057024,0.029533788189291955,0.0,0.007270850241184235,0.0,0.11844773590564728
8794,9.387061145389452e-05,0.006223323382437229,0.0077137044630944725,0.02893207222223282,0.0,0.007376479916274548,0.0,0.11846516281366348
8795,9.416393149876967e-05,0.006143176276236772,0.007512505818158388,0.027864620834589005,0.0,0.007656855974346399,0.0,0.11847947537899017
8796,0.00010146497370442376,0.006224791798740625,0.007492165546864271,0.029880129918456077,0.0,0.007894884794950485,0.0,0.11846765130758286
8797,9.820209816098213e-05,0.0060463565401732925,0.007293966878205538,0.028704042732715606,0.0,0.008019720204174519,0.0,0.11845652014017105
8798,9.594938601367175e-05,0.006152694765478373,0.00696650967001915,0.02877493351697922,0.0,0.008077464997768402,0.0,0.11843971163034439
8799,9.866567270364613e-05,0.006205933447927236,0.007389516197144985,0.030858266353607177,0.0,0.008096951059997082,0.0,0.11841569095849991
8800,9.429015626665205e-05,0.0061828047968447205,0.0075738196261227134,0.02910976968705654,0.0,0.008067800663411617,0.0,0.11839516460895538
8801,0.00010046649986179545,0.006007710937410593,0.0073090454563498495,0.02939082235097885,0.0,0.007997510023415089,0.0,0.11836870014667511
8802,0.00010479328484507278,0.0060044508427381516,0.00748557522892952,0.028953507915139197,0.0,0.007918192073702812,0.0,0.11835463345050812
8803,9.969703096430748e-05,0.005865359678864479,0.0071917067281901835,0.028116010874509812,0.0,0.00786690041422844,0.0,0.11835716664791107
8804,9.470936201978475e-05,0.006165714841336012,0.007411630544811487,0.028760442137718202,0.0,0.007810127921402454,0.0,0.11834684759378433
8805,9.543868218315765e-05,0.006262854672968388,0.0073963885195553304,0.028452032059431077,0.0,0.0077780261635780334,0.0,0.11834349483251572
8806,0.00010111783485626802,0.006122526898980141,0.007281522080302238,0.029469311609864234,0.0,0.007744601462036371,0.0,0.11833973228931427
8807,9.4994404935278e-05,0.0062403897754848,0.007138645276427269,0.029351810365915297,0.0,0.00772117218002677,0.0,0.11833355575799942
8808,9.055899427039549e-05,0.006090474221855402,0.007496671099215746,0.029172417521476746,0.0,0.007790256291627884,0.0,0.11833993345499039
8809,9.251846495317295e-05,0.006017451453953981,0.007098323106765747,0.029315679147839547,0.0,0.007847756147384644,0.0,0.11834801733493805
8810,9.309418528573588e-05,0.006101809721440077,0.007660106103867292,0.029927780851721764,0.0,0.007843106985092163,0.0,0.1183420792222023
8811,8.886923897080123e-05,0.006197577249258757,0.007339738961309195,0.03044297769665718,0.0,0.007794031407684088,0.0,0.11833322048187256
8812,9.333678317489103e-05,0.0061356863006949425,0.0074073499999940395,0.029248903691768646,0.0,0.007732660509645939,0.0,0.11834553629159927
8813,9.279296646127477e-05,0.006147705670446158,0.007441119477152825,0.031139102205634116,0.0,0.007690359838306904,0.0,0.11835658550262451
8814,9.88784318906255e-05,0.006015045195817947,0.007379526831209659,0.028564177080988885,0.0,0.0076720984652638435,0.0,0.11837904155254364
8815,8.9993370056618e-05,0.006025793123990297,0.007153232302516699,0.02874525561928749,0.0,0.007658383343368769,0.0,0.11839769780635834
8816,8.978792029665784e-05,0.006207073014229536,0.007051886338740587,0.029167742654681205,0.0,0.007658727467060089,0.0,0.11840642988681793
8817,9.294098417740315e-05,0.006058790627866984,0.007332378067076206,0.030760683864355088,0.0,0.007653804961591959,0.0,0.11841475963592529
8818,9.447384218219668e-05,0.0062080428935587404,0.006981771718710661,0.029163898527622224,0.0,0.007610549684613943,0.0,0.11842582374811172
8819,9.452554659219458e-05,0.00606151120737195,0.007153501454740763,0.028953547403216363,0.0,0.0075406902469694614,0.0,0.11844529956579208
8820,9.779027313925326e-05,0.006106582563370466,0.007500657252967358,0.02948106750845909,0.0,0.007472292985767126,0.0,0.11847259849309921
8821,0.00010477708128746599,0.006376718077808619,0.00755286430940032,0.030393873155117036,0.0,0.007420297712087631,0.0,0.11848340928554535
8822,9.4504130538553e-05,0.006005408428609371,0.009075470641255379,0.02908165454864502,0.0,0.007393091917037964,0.0,0.11847251653671265
8823,9.93345835013315e-05,0.006070026848465204,0.009084086306393147,0.029159945622086524,0.0,0.007423988543450832,0.0,0.11845266819000244
8824,9.885895415209233e-05,0.006405044533312321,0.008524137549102306,0.028862755745649338,0.0,0.007474261336028576,0.0,0.11842136085033417
8825,9.434109670110047e-05,0.0058901036158204075,0.008163108117878437,0.029252514988183976,0.0,0.0075144036673009396,0.0,0.11839230358600616
8826,9.810660703806207e-05,0.006096334662288427,0.007949945330619813,0.027170255780220032,0.0,0.007513971533626318,0.0,0.11836866289377213
8827,9.461607551202178e-05,0.006080377195030451,0.008252072054892779,0.027516944333910942,0.0,0.007480361964553595,0.0,0.11834565550088882
8828,0.0001013593195239082,0.006265044678002596,0.00822043614462018,0.02695356458425522,0.0,0.007424990646541119,0.0,0.11832654476165771
8829,9.374951478093862e-05,0.006326348334550857,0.007778197526931763,0.02874448858201504,0.0,0.007360633462667465,0.0,0.11831221729516983
8830,9.314984927186743e-05,0.006218655779957771,0.007882525119930506,0.029262885823845862,0.0,0.0073401122353971004,0.0,0.11829622834920883
8831,0.0001024275115923956,0.0063505593687295915,0.0075218346901237965,0.029363176599144936,0.0,0.007342627737671137,0.0,0.11830383539199829
8832,0.00010086524853250011,0.00647794185206294,0.008023206610232592,0.02849310003221035,0.0,0.007392262574285269,0.0,0.11833278834819794
8833,9.863010636763647e-05,0.006147706508636474,0.008345883339643478,0.0284761156886816,0.0,0.0074963318184018135,0.0,0.11833897978067398
8834,9.604276419850066e-05,0.006311161350458861,0.008022306393831969,0.028981343284249304,0.0,0.0076313079334795475,0.0,0.11833150684833527
8835,9.86674363957718e-05,0.006296687759459019,0.008288081176578999,0.029903185740113258,0.0,0.00772306090220809,0.0,0.1183234229683876
8836,9.217848564730957e-05,0.006088260468095541,0.00811966611072421,0.02870840169489384,0.0,0.007758260704576969,0.0,0.1183091253042221
8837,0.0001004156976705417,0.006212537921965122,0.008262872789055109,0.029670902714133262,0.0,0.0077666714787483215,0.0,0.11829068511724472
8838,0.00010100459476234392,0.006053163576871157,0.0082159623503685,0.02889425344765186,0.0,0.0077610500156879425,0.0,0.11827560514211655
8839,9.733450424391777e-05,0.006067329179495573,0.008230749610811472,0.029996120557188987,0.0,0.007706561591476202,0.0,0.1182856336236
8840,0.00010286275501130149,0.006287186034023761,0.007826748676598072,0.02797999568283558,0.0,0.007609172724187374,0.0,0.11828549206256866
8841,9.830591297941283e-05,0.006293545383960009,0.008169715851545334,0.027972061187028885,0.0,0.007496549282222986,0.0,0.11829376220703125
8842,9.92834524367936e-05,0.006081353407353163,0.00804614182561636,0.028721772879362107,0.0,0.007406485732644796,0.0,0.11829328536987305
8843,9.446693147765472e-05,0.006220370717346668,0.007508635893464089,0.029162672534585,0.0,0.007374825421720743,0.0,0.11830075085163116
8844,0.00010174889321206138,0.0062219686806201935,0.007584735937416554,0.02933049239218235,0.0,0.007377012632787228,0.0,0.11831352859735489
8845,0.0001034742672345601,0.006149486172944307,0.007156228460371494,0.027022141590714456,0.0,0.007377555128186941,0.0,0.11832542717456818
8846,9.288820147048681e-05,0.006193572375923395,0.007404293958097696,0.02899610958993435,0.0,0.007359874434769154,0.0,0.11833624541759491
8847,0.0001016233247355558,0.006213763449341059,0.007619789149612188,0.02907959185540676,0.0,0.007329460233449936,0.0,0.11834406852722168
8848,9.926866478053853e-05,0.006063104420900345,0.007555815856903791,0.027258972823619842,0.0,0.007335872855037451,0.0,0.11835205554962158
8849,9.289074514526874e-05,0.006198794115334749,0.007228352222591638,0.029548805579543112,0.0,0.007378215901553631,0.0,0.11835403740406036
8850,9.640394855523483e-05,0.006284924875944853,0.007403804361820221,0.02833222709596157,0.0,0.007417023181915283,0.0,0.11835111677646637
8851,9.960408351616934e-05,0.006089706625789404,0.007267119456082582,0.02838701270520687,0.0,0.007415355648845434,0.0,0.11833550035953522
8852,9.781346016097814e-05,0.0061501898802816864,0.00830453671514988,0.029406564310193062,0.0,0.007392951287329197,0.0,0.11831778287887573
8853,0.0001045470853568986,0.006142587680369615,0.0075264573097229,0.02851807177066803,0.0,0.007395023945719004,0.0,0.11829549074172974
8854,9.533915144857019e-05,0.006331400852650404,0.008348648436367512,0.028701701387763023,0.0,0.007423196919262409,0.0,0.11826964467763901
8855,0.00010216358059551567,0.006077150348573923,0.007745172176510095,0.028495223447680473,0.0,0.007491418160498142,0.0,0.11825047433376312
8856,9.963841584976762e-05,0.005931892525404691,0.008439016714692115,0.029695192351937294,0.0,0.007566411979496479,0.0,0.1182343140244484
8857,9.509167139185593e-05,0.005987341795116663,0.007676873449236154,0.0276902224868536,0.0,0.0075946650467813015,0.0,0.11821919679641724
8858,0.00010223337449133396,0.0061858338303864,0.007779894303530455,0.02810259982943535,0.0,0.007580263074487448,0.0,0.11820310354232788
8859,9.444452007301152e-05,0.006117904372513294,0.007415022328495979,0.02956979125738144,0.0,0.00753945205360651,0.0,0.11817923933267593
8860,9.831349452724681e-05,0.006006835866719485,0.0071777948178350925,0.028868649154901505,0.0,0.007481941021978855,0.0,0.11818394809961319
8861,9.001815196825191e-05,0.00605927798897028,0.007407933659851551,0.028267333284020424,0.0,0.007471500895917416,0.0,0.11818145215511322
8862,9.850887436186895e-05,0.006117422319948673,0.007011823076754809,0.027544498816132544,0.0,0.00748237082734704,0.0,0.11818218231201172
8863,8.81009196746163e-05,0.006148033589124679,0.007273902930319309,0.028897224366664885,0.0,0.0074777440167963505,0.0,0.11817294359207153
8864,8.88201713678427e-05,0.006000564340502024,0.0070255186408758165,0.030065326392650603,0.0,0.007467879448086023,0.0,0.11816947162151337
8865,0.00010271165956510231,0.0061166945844888685,0.007627976126968861,0.02830914855003357,0.0,0.007486982736736536,0.0,0.11817766726016998
8866,0.00010306497424608096,0.006170933227986097,0.007510122656822204,0.029169922322034837,0.0,0.007482166402041912,0.0,0.11818267405033112
8867,0.00010167558502871543,0.006310872174799443,0.0077272230759263035,0.029207563400268553,0.0,0.007448858581483364,0.0,0.11818933486938477
8868,0.00010128975554835051,0.006250701937824487,0.007381818816065788,0.02873767986893654,0.0,0.007418318185955286,0.0,0.11819794028997421
8869,0.00010752539819804951,0.006173401139676571,0.007335914671421051,0.029117053747177123,0.0,0.0073693543672561646,0.0,0.1182134598493576
8870,9.989018581109121e-05,0.006177457235753536,0.007757529057562352,0.028089265525341033,0.0,0.007318395189940929,0.0,0.11823499202728271
8871,9.359358955407515e-05,0.006084744352847338,0.007752494420856237,0.028930409252643584,0.0,0.007301753852516413,0.0,0.11824487149715424
8872,9.953918633982539e-05,0.0061521140858531,0.007440755516290665,0.02798813655972481,0.0,0.007279650308191776,0.0,0.11824333667755127
8873,9.980458708014339e-05,0.006038740649819374,0.007743903715163469,0.0295254435390234,0.0,0.007310183253139257,0.0,0.11824525892734528
8874,9.374342625960708e-05,0.006026418320834637,0.00800237711519003,0.02901567816734314,0.0,0.007446504198014736,0.0,0.11823979765176773
8875,9.626574174035341e-05,0.006026355177164077,0.007477125525474549,0.029735719412565233,0.0,0.007582294289022684,0.0,0.11825098097324371
8876,9.692295570857823e-05,0.006213520467281341,0.00760003812611103,0.029607335478067397,0.0,0.007680115289986134,0.0,0.11826479434967041
8877,9.999138565035537e-05,0.006054958701133728,0.007364771608263254,0.030225010961294173,0.0,0.0077406056225299835,0.0,0.11826832592487335
8878,9.49342706007883e-05,0.0061919293366372585,0.007257566880434751,0.029026081785559654,0.0,0.007736675441265106,0.0,0.1182805523276329
8879,9.84841026365757e-05,0.006077008415013551,0.006895591598004102,0.02822558246552944,0.0,0.0076776654459536076,0.0,0.11830083280801773
8880,9.944582125172019e-05,0.0061063050292432305,0.007137703895568848,0.028860609978437424,0.0,0.007630026433616877,0.0,0.11831186711788177
8881,9.766461444087327e-05,0.006057469267398119,0.007213128078728914,0.02853144109249115,0.0,0.007656318601220846,0.0,0.11832030117511749
8882,9.5973743009381e-05,0.00616634264588356,0.007832730840891599,0.02878597117960453,0.0,0.007732161786407232,0.0,0.11834254115819931
8883,9.549553942633793e-05,0.00615392355248332,0.007288688141852617,0.028800195828080178,0.0,0.007828581146895885,0.0,0.11839008331298828
8884,9.801787964534015e-05,0.0060358776710927485,0.007676688022911549,0.027117417380213737,0.0,0.007890267297625542,0.0,0.1184433102607727
8885,0.00010500136704649776,0.0061287122778594496,0.00786810852587223,0.030251524224877358,0.0,0.007982776500284672,0.0,0.11846683919429779
8886,0.0001088379809516482,0.006213983241468668,0.00775354765355587,0.029025109112262727,0.0,0.008044544607400894,0.0,0.11848276853561401
8887,9.646284452173859e-05,0.006069046165794134,0.007390884310007095,0.027154894173145296,0.0,0.008064555935561657,0.0,0.11849845945835114
8888,9.798691899050027e-05,0.0059896912425756454,0.007677602954208851,0.02794989161193371,0.0,0.00806941743940115,0.0,0.11851630359888077
8889,9.391942148795351e-05,0.006170992087572813,0.0074721770361065865,0.03018171079456806,0.0,0.008017524145543575,0.0,0.11852066218852997
8890,9.712102328194306e-05,0.006028770375996828,0.007144901156425476,0.028321469202637672,0.0,0.007932992652058601,0.0,0.11851797997951508
8891,9.991572878789156e-05,0.006096142344176769,0.007284845691174269,0.02757534272968769,0.0,0.007895422168076038,0.0,0.11851336061954498
8892,9.575644071446732e-05,0.006293981615453958,0.0076124145649373535,0.028319082409143447,0.0,0.007875579409301281,0.0,0.1185096949338913
8893,0.00010149521694984287,0.006145281065255403,0.009069595858454705,0.0289683822542429,0.0,0.007853318005800247,0.0,0.11851155757904053
8894,0.00010074731253553181,0.006322906725108624,0.00898969629779458,0.029859328269958497,0.0,0.007818222977221012,0.0,0.11850645393133163
8895,0.00010690644849091769,0.006059125810861587,0.008978269435465336,0.02863687463104725,0.0,0.007750845514237881,0.0,0.11850001662969589
8896,0.00010052003781311215,0.006163523718714714,0.008557538501918316,0.029124607145786286,0.0,0.007666768040508032,0.0,0.11847631633281708
8897,0.00010354880505474285,0.006106625590473413,0.008132660202682019,0.028224323689937592,0.0,0.007601064629852772,0.0,0.11845852434635162
8898,0.00010378648876212538,0.006029225792735815,0.0074061649851500985,0.02946634292602539,0.0,0.0075460271909832954,0.0,0.1184447780251503
8899,9.717808134155348e-05,0.006084263604134321,0.0073185798712074755,0.029361469298601152,0.0,0.007484164088964462,0.0,0.11844941228628159
8900,9.100626339204609e-05,0.0060314425267279145,0.0070973971858620645,0.028340330347418785,0.0,0.007424007169902325,0.0,0.11845747381448746
8901,0.00010645420843502507,0.00608598543331027,0.007228602841496468,0.028396323323249817,0.0,0.007385614328086376,0.0,0.11844642460346222
8902,9.980025788536295e-05,0.006231316085904837,0.007695840951055288,0.030301370471715928,0.0,0.007345070131123066,0.0,0.11841919273138046
8903,9.635011228965595e-05,0.0061428964138031,0.007738195732235909,0.030156292021274567,0.0,0.007285456173121929,0.0,0.1183936819434166
8904,0.00011156878754263744,0.006012636795639991,0.007548632659018039,0.029253199696540833,0.0,0.0072176577523350716,0.0,0.11839310824871063
8905,0.0001035679888445884,0.005938023701310158,0.008061052486300468,0.028827933222055437,0.0,0.007152535021305084,0.0,0.11840524524450302
8906,9.889583743643016e-05,0.006093981117010117,0.007631999999284744,0.028815529868006708,0.0,0.007138533983379602,0.0,0.11841406673192978
8907,0.00010201508121099323,0.00608775420114398,0.007916501071304084,0.029376466944813728,0.0,0.007127052638679743,0.0,0.11840679496526718
8908,9.072742541320622e-05,0.0061332213692367075,0.007450150419026613,0.02815908193588257,0.0,0.007100178860127926,0.0,0.1183885782957077
8909,9.528322843834757e-05,0.00596242155879736,0.007196870166808367,0.02796734534204006,0.0,0.007064707577228546,0.0,0.11836521327495575
8910,9.319183300249279e-05,0.006376640871167183,0.007471369951963425,0.02868935391306877,0.0,0.007085394114255905,0.0,0.11833679676055908
8911,9.706818964332342e-05,0.00620759567245841,0.007860947400331497,0.027855977416038513,0.0,0.007261541672050953,0.0,0.11831674724817276
8912,9.719488734845072e-05,0.006033003516495228,0.007104318588972092,0.02876291088759899,0.0,0.00741241592913866,0.0,0.11830538511276245
8913,8.963277650764212e-05,0.006271618511527776,0.007766233850270509,0.029764243587851524,0.0,0.00754817109555006,0.0,0.11830136924982071
8914,0.00010100040235556662,0.006289850547909736,0.007462433353066444,0.02938975244760513,0.0,0.007678584195673466,0.0,0.11832393705844879
8915,9.865077736321836e-05,0.006230208091437817,0.007431022264063359,0.028255028277635576,0.0,0.007749183569103479,0.0,0.11835350841283798
8916,9.311460889875889e-05,0.006107392720878124,0.007305801566690207,0.02906819134950638,0.0,0.0078123449347913265,0.0,0.11836676299571991
8917,8.42694571474567e-05,0.00626653702929616,0.0072909343987703325,0.029339727759361268,0.0,0.007884850725531578,0.0,0.11837203800678253
8918,9.067194187082351e-05,0.006091492157429457,0.007459842227399349,0.028204629942774773,0.0,0.007924969308078289,0.0,0.11837587505578995
8919,9.70720371697098e-05,0.006166241131722927,0.007337709609419108,0.028768593072891237,0.0,0.007908409461379051,0.0,0.11838261038064957
8920,9.919818403432145e-05,0.006163893546909094,0.0072509140707552435,0.02786729298532009,0.0,0.007865739054977894,0.0,0.11838527023792267
8921,0.0001059549511410296,0.006063890177756548,0.007442093919962645,0.027396488189697265,0.0,0.007792584598064423,0.0,0.11838309466838837
8922,9.595434821676462e-05,0.00625870143994689,0.007343345694243908,0.028263180702924728,0.0,0.007698787841945887,0.0,0.11836773157119751
8923,9.412028302904218e-05,0.00635015619918704,0.007383923511952162,0.029075197502970697,0.0,0.007653026841580868,0.0,0.11835215985774994
8924,0.00010016581509262324,0.0061311589553952215,0.007183951325714588,0.028567951545119284,0.0,0.00766660925000906,0.0,0.11834094673395157
8925,9.182130306726322e-05,0.006044355873018503,0.0072678797878324986,0.02912726402282715,0.0,0.007677089422941208,0.0,0.11833789199590683
8926,9.453386737732217e-05,0.00621558940038085,0.007328349724411964,0.02887715771794319,0.0,0.0076415748335421085,0.0,0.1183488592505455
8927,9.552396513754502e-05,0.006004718691110611,0.007470173947513104,0.028269334882497787,0.0,0.007555474527180195,0.0,0.11835049092769623
8928,9.609142580302432e-05,0.005981484521180391,0.0074516039341688154,0.030109208077192307,0.0,0.007442359812557697,0.0,0.1183609813451767
8929,9.877977718133479e-05,0.006366270314902067,0.0069062159396708015,0.030474646389484404,0.0,0.007346597500145435,0.0,0.11836743354797363
8930,9.874386742012576e-05,0.006110056955367327,0.007129252795130015,0.029612472280859947,0.0,0.007304862141609192,0.0,0.11836981773376465
8931,0.00010448733082739637,0.005956973880529404,0.007045398931950331,0.02984064556658268,0.0,0.007291561923921108,0.0,0.11838352680206299
8932,0.00010387086658738553,0.00624935906380415,0.0072926532477140425,0.029039011150598527,0.0,0.007357481867074966,0.0,0.1183808222413063
8933,9.727189608383923e-05,0.006022965162992477,0.0075455823913216594,0.029138189181685446,0.0,0.007481970824301243,0.0,0.11838257312774658
8934,9.949881787179038e-05,0.006166353449225425,0.007431120797991753,0.028863173723220826,0.0,0.00758536159992218,0.0,0.11839468777179718
8935,9.782874840311707e-05,0.0061174043454229835,0.0075735926628112795,0.028795318305492403,0.0,0.007637672126293182,0.0,0.11839161813259125
8936,9.761179535416886e-05,0.006029673293232918,0.007246477622538805,0.028167751803994178,0.0,0.007665064185857773,0.0,0.11839195340871811
8937,9.556207369314507e-05,0.00627035852521658,0.007238434813916683,0.02937518246471882,0.0,0.007730162236839533,0.0,0.11839606612920761
8938,9.504112676950172e-05,0.006197709217667579,0.007918813452124595,0.028878675028681754,0.0,0.007839394733309746,0.0,0.11839596182107925
8939,9.855153475655243e-05,0.006188020296394825,0.007415784802287817,0.029507166519761086,0.0,0.007915673777461052,0.0,0.11838562786579132
8940,9.647041588323191e-05,0.0061318883672356606,0.007282127253711223,0.028640451654791833,0.0,0.007941236719489098,0.0,0.11838293075561523
8941,9.782929992070421e-05,0.006110317725688219,0.0071656923741102215,0.028219366818666457,0.0,0.007913224399089813,0.0,0.11839289963245392
8942,0.00010018991742981598,0.006025597639381886,0.007443786226212978,0.02995516136288643,0.0,0.007853364571928978,0.0,0.11839964240789413
8943,9.491821401752532e-05,0.006250063516199588,0.00836376566439867,0.029369600862264634,0.0,0.00776998046785593,0.0,0.11842131614685059
8944,9.565271029714495e-05,0.0062018190510571,0.008216730691492558,0.029025878757238388,0.0,0.007673581130802631,0.0,0.11844239383935928
8945,0.0001026357596856542,0.0060997441411018375,0.008043465856462716,0.028436574339866637,0.0,0.007569555193185806,0.0,0.11841770261526108
8946,9.270992159144953e-05,0.0061709553934633735,0.007869330048561097,0.03006417416036129,0.0,0.007460293360054493,0.0,0.11838672310113907
8947,0.00010253363871015608,0.006211693026125431,0.008122137654572726,0.029632848873734473,0.0,0.007369352970272303,0.0,0.11839327961206436
8948,9.32317998376675e-05,0.00633603660389781,0.008197705633938313,0.02923370376229286,0.0,0.0073176780715584755,0.0,0.1184091717004776
8949,9.899949945975095e-05,0.006234945077449083,0.007418538630008698,0.027905675768852233,0.0,0.007314309477806091,0.0,0.11842832714319229
8950,0.00010176701471209526,0.0060465577989816666,0.007534719072282314,0.028792159631848335,0.0,0.007364191114902496,0.0,0.11842423677444458
8951,9.652146982261912e-05,0.006161851715296507,0.0076183279044926165,0.02805195897817612,0.0,0.007429423276335001,0.0,0.11839946359395981
8952,9.949048544513061e-05,0.006072917860001326,0.007935997843742371,0.0296319343149662,0.0,0.007463071495294571,0.0,0.11837977170944214
8953,9.892729576677084e-05,0.006239187344908715,0.007460867520421743,0.029409756138920783,0.0,0.0074611930176615715,0.0,0.11836733669042587
8954,9.279176301788539e-05,0.006043183524161578,0.007649005204439163,0.028527861833572386,0.0,0.007446291856467724,0.0,0.11835166066884995
8955,9.465771581744775e-05,0.005936369113624096,0.0075984328985214235,0.029435691237449647,0.0,0.007421025540679693,0.0,0.11833695322275162
8956,9.664453536970541e-05,0.0062075935304164885,0.0073770396411418915,0.028454509750008582,0.0,0.007368098013103008,0.0,0.1183185800909996
8957,0.0001026632555294782,0.005994418915361166,0.00707187382504344,0.02883791960775852,0.0,0.007295205257833004,0.0,0.11830440908670425
8958,9.19251426239498e-05,0.006039013527333737,0.007769219204783439,0.030237473919987677,0.0,0.007226055022329092,0.0,0.11829906702041626
8959,9.781364205991849e-05,0.00603287685662508,0.007397597376257181,0.02868162766098976,0.0,0.007191643118858337,0.0,0.11829207092523575
8960,0.00010210181208094581,0.006075209937989712,0.007373390439897776,0.029561487957835197,0.0,0.007175507489591837,0.0,0.11829318106174469
8961,9.562555060256272e-05,0.006092578265815973,0.007885999139398336,0.028840364888310432,0.0,0.0071988641284406185,0.0,0.11830967664718628
8962,9.735012863529847e-05,0.00634543476626277,0.007631553430110216,0.028043100982904433,0.0,0.007249002810567617,0.0,0.11833260208368301
8963,0.00010015569714596494,0.006028989981859923,0.0076521200127899645,0.02813689559698105,0.0,0.007274264004081488,0.0,0.11836409568786621
8964,9.355995862279088e-05,0.006053225882351398,0.0074459312483668326,0.028437749296426774,0.0,0.007249764166772366,0.0,0.11835770308971405
8965,9.273502655560151e-05,0.006102511752396822,0.007369702029973268,0.028187220916152,0.0,0.007192160934209824,0.0,0.11835677921772003
8966,9.245359542546794e-05,0.006240874622017145,0.0069584352895617485,0.027798385918140413,0.0,0.007138179149478674,0.0,0.11835916340351105
8967,9.074481204152107e-05,0.0059747880324721335,0.007613502629101277,0.029749879240989686,0.0,0.007146916352212429,0.0,0.11836598068475723
8968,0.00010284631134709344,0.0061713865958154205,0.007411165349185467,0.028868024796247484,0.0,0.007247342728078365,0.0,0.11837126314640045
8969,9.553630370646715e-05,0.00608738511800766,0.007624904718250036,0.028028157725930213,0.0,0.007360530085861683,0.0,0.11836495250463486
8970,9.261075465474277e-05,0.005847354047000408,0.007529108971357346,0.028065911307930947,0.0,0.007457508705556393,0.0,0.11835785955190659
8971,9.131320402957498e-05,0.006116800289601087,0.007341909036040306,0.02782822847366333,0.0,0.007516378071159124,0.0,0.11833755671977997
8972,0.00010107070411322639,0.006079107150435447,0.007198570016771555,0.02885243818163872,0.0,0.007535695098340511,0.0,0.1183273196220398
8973,9.373815555591136e-05,0.005819693673402071,0.007428095862269402,0.02899402752518654,0.0,0.007502607069909573,0.0,0.11834375560283661
8974,9.514510893495753e-05,0.006391013972461224,0.007896054163575172,0.02940523996949196,0.0,0.007437077350914478,0.0,0.11834307760000229
8975,9.543601336190478e-05,0.005949721951037645,0.007337653543800116,0.02894199751317501,0.0,0.007403076626360416,0.0,0.11834321916103363
8976,8.859872759785503e-05,0.006178971566259861,0.007507578562945127,0.02843322977423668,0.0,0.0073898909613490105,0.0,0.11835101991891861
8977,0.00010156134230783209,0.0061166459694504734,0.007858858816325665,0.028845764324069025,0.0,0.007427431643009186,0.0,0.11836321651935577
8978,9.045569750014693e-05,0.006262322980910539,0.008034853357821703,0.02807227410376072,0.0,0.007549788802862167,0.0,0.11837784945964813
8979,0.00010146215354325249,0.006152975279837847,0.00735377948731184,0.02794078178703785,0.0,0.00772099057212472,0.0,0.11838213354349136
8980,9.218095074174926e-05,0.0061671526171267034,0.00725158704444766,0.02828940935432911,0.0,0.007897919043898582,0.0,0.118382528424263
8981,9.717052016640082e-05,0.006135819014161825,0.007756167650222778,0.0306478276848793,0.0,0.008008167147636414,0.0,0.118377685546875
8982,8.912457706173882e-05,0.00627140337601304,0.007311885245144367,0.028546032682061195,0.0,0.008033452555537224,0.0,0.11838392913341522
8983,9.292664617532864e-05,0.0059529637917876245,0.00748147014528513,0.029487340524792672,0.0,0.008009819313883781,0.0,0.11840526759624481
8984,0.00010472839639987796,0.005954662803560495,0.007854412868618965,0.029291026666760443,0.0,0.007945687510073185,0.0,0.11843357235193253
8985,0.00010837596782948822,0.006139025557786226,0.007570318691432476,0.027559521794319152,0.0,0.007855936884880066,0.0,0.11845278739929199
8986,9.3113150796853e-05,0.00614417502656579,0.007959997840225696,0.02917342782020569,0.0,0.007823403924703598,0.0,0.11845747381448746
8987,8.83824861375615e-05,0.006256258860230446,0.007944699376821518,0.028290969505906104,0.0,0.00788209680467844,0.0,0.11845006048679352
8988,9.795941004995257e-05,0.00590709438547492,0.007546956092119217,0.029426060244441034,0.0,0.00791957788169384,0.0,0.1184438019990921
8989,9.981351613532751e-05,0.00615329435095191,0.007415107451379299,0.028644616529345513,0.0,0.00789533369243145,0.0,0.11845071613788605
8990,9.595231240382418e-05,0.0060654602013528345,0.00756952641531825,0.02900960184633732,0.0,0.007826266810297966,0.0,0.11844588816165924
8991,0.00010221819393336773,0.005917922407388687,0.007638048566877842,0.028507830575108528,0.0,0.007730744779109955,0.0,0.11843310296535492
8992,9.694001491880044e-05,0.005969774071127176,0.007843519188463688,0.029889100417494773,0.0,0.007621498312801123,0.0,0.11842765659093857
8993,0.00010187347797909751,0.0061069861054420475,0.007679154071956873,0.028029574453830718,0.0,0.0075312452390789986,0.0,0.11842699348926544
8994,0.00010259141126880422,0.006050177663564682,0.007067553792148828,0.027884025871753693,0.0,0.00747112650424242,0.0,0.11841179430484772
8995,9.695194312371313e-05,0.006099594105035066,0.007544759009033441,0.02844606600701809,0.0,0.007411195430904627,0.0,0.11839886754751205
8996,0.00010098715138155967,0.006076429411768914,0.007344919815659523,0.028612438961863516,0.0,0.007382592651993036,0.0,0.11839260160923004
8997,9.898607822833583e-05,0.006095324270427227,0.00736410990357399,0.029606657475233077,0.0,0.007405723445117474,0.0,0.11841268837451935
8998,0.00010916043684119358,0.00617337953299284,0.007301763445138931,0.030032021924853325,0.0,0.0074054161086678505,0.0,0.1184244379401207
8999,9.488379291724413e-05,0.00596481254324317,0.007767030317336321,0.028561518341302872,0.0,0.007377289235591888,0.0,0.11842788755893707
9000,9.277502103941516e-05,0.006178414914757013,0.00801385547965765,0.029171575233340262,0.0,0.007395604159682989,0.0,0.11843987554311752
9001,9.669504215708003e-05,0.00614045187830925,0.0076320024207234384,0.02954651415348053,0.0,0.0074359215795993805,0.0,0.1184551864862442
9002,0.00010606223077047616,0.006357162166386843,0.008056378364562989,0.02983235605061054,0.0,0.007430566940456629,0.0,0.11846189200878143
9003,0.00010459324403200299,0.006172015238553286,0.00752904936671257,0.02825751155614853,0.0,0.0073851002380251884,0.0,0.11846821010112762
9004,9.801653795875609e-05,0.006274721678346395,0.007902291510254145,0.028903133049607278,0.0,0.007320588920265436,0.0,0.1184840202331543
9005,9.842118743108585e-05,0.006193073652684689,0.007599043659865856,0.028152162209153175,0.0,0.007291610352694988,0.0,0.11848173290491104
9006,9.734126942930743e-05,0.006118756625801325,0.007516763079911471,0.028787614405155183,0.0,0.007311641238629818,0.0,0.11847491562366486
9007,0.0001008281164104119,0.0062459434382617475,0.007719753123819828,0.028546513989567757,0.0,0.007408183999359608,0.0,0.1184687465429306
9008,0.00010438162862556056,0.00599922239780426,0.008159379195421933,0.02860216274857521,0.0,0.007635881192982197,0.0,0.11845012754201889
9009,9.780308464542031e-05,0.006196838617324829,0.007652669958770275,0.029246190190315248,0.0,0.007877652533352375,0.0,0.11844561994075775
9010,9.852146322373301e-05,0.006127677951008081,0.007548141945153475,0.028096583485603333,0.0,0.00804627314209938,0.0,0.11844168603420258
9011,0.00010093558230437339,0.006111829821020365,0.007075011637061835,0.02842330262064934,0.0,0.008133115246891975,0.0,0.11842761188745499
9012,9.993648563977331e-05,0.00608823299407959,0.007453922927379608,0.028880128636956215,0.0,0.008116425015032291,0.0,0.1184302344918251
9013,0.00010056737955892459,0.0060724889859557155,0.008043795824050903,0.029315775632858275,0.0,0.00802678894251585,0.0,0.1184275895357132
9014,9.92590023088269e-05,0.005953665263950825,0.007570879627019167,0.028210058435797693,0.0,0.007913926616311073,0.0,0.11842241138219833
9015,9.883353777695447e-05,0.0060875071212649345,0.007424136996269226,0.028094865381717682,0.0,0.007789790630340576,0.0,0.11840914189815521
9016,9.24228472285904e-05,0.006074447929859161,0.007597032934427261,0.029586854204535485,0.0,0.007664388976991177,0.0,0.11839526891708374
9017,9.20710270293057e-05,0.006091228034347296,0.007482755184173584,0.03005805052816868,0.0,0.007552770432084799,0.0,0.1183900237083435
9018,0.00010241912677884102,0.006201384682208299,0.008160980604588985,0.028604228794574738,0.0,0.0074788667261600494,0.0,0.11838730424642563
9019,9.810945193748921e-05,0.006247840356081724,0.008084080927073956,0.029472943022847177,0.0,0.007442882750183344,0.0,0.11838976293802261
9020,0.00010005690855905414,0.006134321540594101,0.007356533594429493,0.02731614001095295,0.0,0.007426606956869364,0.0,0.11837991327047348
9021,9.780571999726818e-05,0.006247701309621334,0.007124474924057722,0.029075349867343902,0.0,0.007404472678899765,0.0,0.11835955083370209
9022,0.00010001388582168148,0.006175689678639173,0.007546371314674616,0.029173222556710243,0.0,0.007423024624586105,0.0,0.11833479255437851
9023,8.987991604954004e-05,0.006047136709094047,0.007391331717371941,0.027855164557695388,0.0,0.007458241190761328,0.0,0.11832316219806671
9024,9.207836556015536e-05,0.006139369215816259,0.007650958932936191,0.02822100482881069,0.0,0.007537683937698603,0.0,0.11832424253225327
9025,9.786023729247972e-05,0.006297827698290348,0.007560062315315008,0.029355733096599577,0.0,0.007656171917915344,0.0,0.11832015216350555
9026,9.343622950837016e-05,0.005864036083221435,0.007798200566321611,0.029112155362963677,0.0,0.007706812117248774,0.0,0.11832507699728012
9027,9.941882017301395e-05,0.006223738566040993,0.007842998672276735,0.02999781519174576,0.0,0.007689253427088261,0.0,0.11831016838550568
9028,9.20099570066668e-05,0.006147875264286995,0.007843916490674018,0.028082554042339326,0.0,0.007669039070606232,0.0,0.11829465627670288
9029,9.29636851651594e-05,0.00614771731197834,0.008834357745945454,0.0285533145070076,0.0,0.007652095519006252,0.0,0.11828098446130753
9030,9.259508515242487e-05,0.006108614802360535,0.008327145967632532,0.02779841087758541,0.0,0.007612262852489948,0.0,0.11827047169208527
9031,9.255020850105212e-05,0.006250733882188797,0.008026877231895924,0.02870091386139393,0.0,0.00755055109038949,0.0,0.1182716116309166
9032,9.460579021833838e-05,0.006339226104319096,0.008069865219295026,0.02958519384264946,0.0,0.007478588726371527,0.0,0.1182849183678627
9033,8.810336876194925e-05,0.006131094321608544,0.007495010271668434,0.02867792099714279,0.0,0.0074106729589402676,0.0,0.1182866320014
9034,9.594730072421953e-05,0.00602398943156004,0.007436296343803406,0.02887946180999279,0.0,0.007347441278398037,0.0,0.11827097833156586
9035,9.714198968140409e-05,0.006350528541952371,0.007408799789845944,0.028489550575613976,0.0,0.0073150089010596275,0.0,0.11826159060001373
9036,8.915172656998038e-05,0.006302088685333729,0.007480788789689541,0.029609619826078414,0.0,0.007472419645637274,0.0,0.11827011406421661
9037,0.00010064409143524244,0.006178491190075875,0.007289657462388277,0.029537150263786317,0.0,0.007647613529115915,0.0,0.1182861328125
9038,9.692239254945889e-05,0.006033053249120712,0.0074936974793672565,0.029691397771239282,0.0,0.007744199130684137,0.0,0.11828441917896271
9039,9.005803876789286e-05,0.006397940218448639,0.0074431832879781725,0.029142283275723456,0.0,0.007790678180754185,0.0,0.11828366667032242
9040,9.66253923252225e-05,0.0059689274989068505,0.007915388233959675,0.02923341728746891,0.0,0.007806119974702597,0.0,0.11829257011413574
9041,9.228184644598514e-05,0.00630748737603426,0.00718520199880004,0.03014967925846577,0.0,0.007788053713738918,0.0,0.11831124871969223
9042,0.00010293134400853887,0.005892906151711941,0.007623297814279795,0.028213808313012123,0.0,0.007737663574516773,0.0,0.11833306401968002
9043,9.332652552984655e-05,0.006116578169167042,0.007040735986083746,0.028212260082364084,0.0,0.007687999401241541,0.0,0.11834003776311874
9044,0.00010066300019389019,0.006310675572603941,0.007585287280380726,0.030121548846364022,0.0,0.0076689510606229305,0.0,0.11833681166172028
9045,8.973463118309156e-05,0.006081687845289707,0.0075231936760246755,0.02807452194392681,0.0,0.007649436593055725,0.0,0.1183423176407814
9046,9.592542046448216e-05,0.0061295534484088424,0.007911230158060788,0.02825840823352337,0.0,0.007610873319208622,0.0,0.11834569275379181
9047,9.340338874608278e-05,0.006093513872474432,0.007634492125362158,0.029633799195289613,0.0,0.007577844895422459,0.0,0.11835602670907974
9048,8.877742366166785e-05,0.006350983586162329,0.00810843612998724,0.028320975229144098,0.0,0.007582402788102627,0.0,0.11837261915206909
9049,9.369196777697653e-05,0.006046102661639452,0.007642282731831073,0.028526066988706588,0.0,0.007565596140921116,0.0,0.11837484687566757
9050,9.330376633442938e-05,0.006064697820693255,0.007481961045414209,0.030329656973481178,0.0,0.007510802708566189,0.0,0.11837367713451385
9051,9.706493729026988e-05,0.006017117016017437,0.007625002413988113,0.029899850860238074,0.0,0.007443820592015982,0.0,0.11837267875671387
9052,9.729666926432401e-05,0.006055082473903894,0.007344659790396691,0.02939058020710945,0.0,0.007378250360488892,0.0,0.11837516725063324
9053,8.536548994015902e-05,0.006000774540007114,0.007714197039604187,0.0276359461247921,0.0,0.007313472218811512,0.0,0.11837659031152725
9054,0.00010192210611421615,0.006109660770744085,0.007953535858541727,0.028517917543649674,0.0,0.007266175001859665,0.0,0.1183902844786644
9055,9.75748771452345e-05,0.006097260396927595,0.00785308312624693,0.028826957568526268,0.0,0.007281070109456778,0.0,0.11840560287237167
9056,9.881418372970074e-05,0.006169450934976339,0.007406734488904476,0.02857942245900631,0.0,0.007295011077076197,0.0,0.11842326074838638
9057,9.956663270713762e-05,0.006141905952244997,0.007690463215112686,0.029832270741462708,0.0,0.007290559820830822,0.0,0.11843134462833405
9058,8.890141907613724e-05,0.006005162373185158,0.007704614102840424,0.028517064824700355,0.0,0.007330124266445637,0.0,0.1184481531381607
9059,9.547850786475464e-05,0.006134968716651201,0.006972590647637844,0.028978430107235907,0.0,0.007391309831291437,0.0,0.11847326904535294
9060,0.0001047684796503745,0.005988460499793291,0.007898999750614167,0.02972094863653183,0.0,0.007477945182472467,0.0,0.11849882453680038
9061,9.696731576696039e-05,0.006071048695594073,0.007451476622372865,0.02963867038488388,0.0,0.007533586584031582,0.0,0.11852101981639862
9062,9.884299070108681e-05,0.006058122403919697,0.007691717240959406,0.029160941764712334,0.0,0.007523052394390106,0.0,0.11853692680597305
9063,9.541002800688148e-05,0.006158722564578056,0.007614206988364458,0.029989269003272055,0.0,0.007497670594602823,0.0,0.11854412406682968
9064,9.700637456262484e-05,0.006063224840909242,0.007996013481169939,0.03027661480009556,0.0,0.007482915185391903,0.0,0.11854978650808334
9065,9.609034168533981e-05,0.006116775143891573,0.007574135530740022,0.029673581570386888,0.0,0.007445589639246464,0.0,0.11854352056980133
9066,9.443056769669056e-05,0.00613678265362978,0.007551851682364941,0.028164833039045333,0.0,0.00738843297585845,0.0,0.11854785680770874
9067,0.00010195951472269371,0.006214963458478451,0.007562087848782539,0.02927640937268734,0.0,0.0073683001101017,0.0,0.11855282634496689
9068,9.88590021734126e-05,0.006125124637037516,0.007762904372066259,0.029729317873716354,0.0,0.007343503646552563,0.0,0.11855950206518173
9069,9.553481504553929e-05,0.006317566893994808,0.00791956838220358,0.028951455652713776,0.0,0.007323754485696554,0.0,0.11855874955654144
9070,0.00010103263339260593,0.006266314908862114,0.008403526805341243,0.02822786755859852,0.0,0.00738032441586256,0.0,0.11854632943868637
9071,9.767030569491908e-05,0.006003227829933166,0.00834133941680193,0.02894167900085449,0.0,0.0074813636019825935,0.0,0.11854324489831924
9072,0.00010505793179618194,0.005986891128122807,0.008289366215467452,0.02783527970314026,0.0,0.007600423879921436,0.0,0.11853767931461334
9073,8.831209852360189e-05,0.0059994329698383805,0.008238468412309885,0.028117234259843825,0.0,0.007658706046640873,0.0,0.11852558702230453
9074,9.760408574948088e-05,0.006217558775097132,0.008054058067500591,0.028345767036080362,0.0,0.007643978111445904,0.0,0.11851756274700165
9075,9.550843242323026e-05,0.006344588659703732,0.008152466174215079,0.02964848279953003,0.0,0.007582756690680981,0.0,0.1185000091791153
9076,9.940161980921402e-05,0.006329884193837643,0.008000507019460201,0.02955589033663273,0.0,0.007496223784983158,0.0,0.11848568916320801
9077,9.587797248968854e-05,0.006254446320235729,0.00794608611613512,0.029035906493663787,0.0,0.007410273887217045,0.0,0.11847730726003647
9078,0.00010007267410401255,0.006187046505510807,0.00789506770670414,0.029144517332315444,0.0,0.0073838187381625175,0.0,0.11848552525043488
9079,9.400050330441446e-05,0.00617128312587738,0.008146140538156033,0.028938692808151246,0.0,0.00748833641409874,0.0,0.1184980720281601
9080,9.98411953332834e-05,0.006313185207545757,0.008068006858229637,0.028919121995568276,0.0,0.007611264940351248,0.0,0.11850806325674057
9081,9.587629610905424e-05,0.006046507228165865,0.007735917530953884,0.028586208820343018,0.0,0.007788834627717733,0.0,0.11852353811264038
9082,9.820254927035421e-05,0.006095328368246555,0.00715784328058362,0.027976608276367186,0.0,0.00794131774455309,0.0,0.11853325366973877
9083,9.461921290494501e-05,0.006176564376801252,0.007166614569723606,0.02935398705303669,0.0,0.008002102375030518,0.0,0.11852824687957764
9084,9.474202524870635e-05,0.006255708355456591,0.007927090860903263,0.02949707508087158,0.0,0.007971344515681267,0.0,0.1185358539223671
9085,0.00010491922876099125,0.0062871863134205345,0.0079851939342916,0.028426000848412514,0.0,0.007917734794318676,0.0,0.11855672299861908
9086,9.828518377617002e-05,0.0061147244647145275,0.008270505908876657,0.028752722963690757,0.0,0.007883600890636444,0.0,0.11856801807880402
9087,9.418870467925444e-05,0.006056114006787539,0.0073012102395296095,0.027743015065789224,0.0,0.00789632461965084,0.0,0.11854921281337738
9088,0.00010679968254407868,0.006145513523370028,0.007212990149855614,0.029338009655475616,0.0,0.007900458760559559,0.0,0.1185145229101181
9089,9.569543472025544e-05,0.006225930619984865,0.007452890649437905,0.028076069056987764,0.0,0.007899217307567596,0.0,0.11848475784063339
9090,9.805158479139208e-05,0.006006298027932644,0.00787095706909895,0.028584860265254974,0.0,0.007880772463977337,0.0,0.1184590607881546
9091,9.310009190812706e-05,0.006234512012451887,0.00721528148278594,0.029180528596043587,0.0,0.007813600823283195,0.0,0.11844992637634277
9092,9.931974927894771e-05,0.0060529947280883786,0.007326577883213758,0.02944844625890255,0.0,0.007717132568359375,0.0,0.11845805495977402
9093,9.61131663643755e-05,0.006030907668173313,0.007620254531502724,0.02883647307753563,0.0,0.007639692164957523,0.0,0.11847683042287827
9094,9.984476200770586e-05,0.005947667080909014,0.007259877864271402,0.028256988152861595,0.0,0.007595486007630825,0.0,0.11849465221166611
9095,0.00010132401948794722,0.006310553941875696,0.007543001882731914,0.02777995988726616,0.0,0.007584738545119762,0.0,0.11849603801965714
9096,0.00010001875343732536,0.005995927844196558,0.008068656362593175,0.0279886819422245,0.0,0.007579650729894638,0.0,0.11850748211145401
9097,0.00010904694208875298,0.006150056142359972,0.007777682691812515,0.029278761148452757,0.0,0.007546901702880859,0.0,0.11852884292602539
9098,9.282211976824328e-05,0.006169866118580103,0.007494835928082466,0.029456226900219918,0.0,0.007490168325603008,0.0,0.11854628473520279
9099,9.595674200681969e-05,0.00616220673546195,0.007964650727808475,0.029360436275601386,0.0,0.007416059263050556,0.0,0.11855892837047577
9100,0.00010248060862068087,0.00607785964384675,0.00828905701637268,0.0301346592605114,0.0,0.0073927417397499084,0.0,0.118566133081913
9101,0.00010018511820817367,0.006060497742146254,0.008450469374656678,0.028222887590527535,0.0,0.007410803344100714,0.0,0.11855832487344742
9102,9.4238092424348e-05,0.006313139013946057,0.00857574138790369,0.02924393303692341,0.0,0.007437197957187891,0.0,0.11855258792638779
9103,9.623008518246933e-05,0.0062322703190147875,0.008949485048651696,0.029311804845929147,0.0,0.007562205195426941,0.0,0.11854290962219238
9104,9.584375220583752e-05,0.0060363724827766415,0.009089322946965694,0.029416531696915625,0.0,0.007672034204006195,0.0,0.11853961646556854
9105,9.263341198675334e-05,0.006012321170419455,0.008206638880074025,0.02859749533236027,0.0,0.007710055913776159,0.0,0.1185339093208313
9106,9.288780420320108e-05,0.006022989936172962,0.008423700183629989,0.02884531654417515,0.0,0.007689727935940027,0.0,0.11852388083934784
9107,9.436314285267144e-05,0.006001509726047516,0.008504147082567215,0.027863864600658417,0.0,0.007644403725862503,0.0,0.11850621551275253
9108,0.00010431801783852279,0.006329663284122944,0.007557916454970837,0.027468929067254066,0.0,0.007581661455333233,0.0,0.11848990619182587
9109,0.00010084915411425754,0.006082924734801054,0.0072539601475000385,0.028995707631111145,0.0,0.007505989633500576,0.0,0.11848372220993042
9110,0.00010256315581500531,0.006089755147695541,0.007648096047341823,0.028602654859423638,0.0,0.0074484096840023994,0.0,0.11848249286413193
9111,9.594488219590857e-05,0.006303976010531187,0.007619855180382729,0.029229484125971796,0.0,0.007426331285387278,0.0,0.11848865449428558
9112,9.979759779525921e-05,0.006120910588651896,0.007735518924891949,0.028103794530034067,0.0,0.007462468929588795,0.0,0.1185004934668541
9113,0.00010099356586579233,0.006221659854054451,0.007894225791096688,0.028948457539081575,0.0,0.007541980594396591,0.0,0.11850923299789429
9114,0.00010057483887067064,0.006188784167170525,0.007629167847335338,0.02913120836019516,0.0,0.007580910809338093,0.0,0.1185072660446167
9115,9.34481737203896e-05,0.006316351238638163,0.007631223555654288,0.029390594735741616,0.0,0.007569743786007166,0.0,0.11849462985992432
9116,0.00010066614049719647,0.006047803536057472,0.007738520484417677,0.029956360906362535,0.0,0.007528676651418209,0.0,0.11848682165145874
9117,0.00010028353717643768,0.006242264714092016,0.007904301024973392,0.029078522697091103,0.0,0.007518053986132145,0.0,0.11847987025976181
9118,0.0001001988974167034,0.005951023660600185,0.007693854253739118,0.027843577042222022,0.0,0.007503733970224857,0.0,0.11845926940441132
9119,9.701228409539909e-05,0.006129426509141922,0.007286738604307175,0.02861811816692352,0.0,0.00749052781611681,0.0,0.1184345930814743
9120,9.862129372777418e-05,0.0060387331992387775,0.007016012445092201,0.027776428312063218,0.0,0.007490149699151516,0.0,0.11841070652008057
9121,9.470444783801212e-05,0.006045508198440075,0.007685056421905756,0.02875228375196457,0.0,0.007475781254470348,0.0,0.11837786436080933
9122,9.534694690955803e-05,0.006174549553543329,0.0074469887651503084,0.029593029990792274,0.0,0.007448458578437567,0.0,0.11835584789514542
9123,9.41240243264474e-05,0.006352410931140184,0.007796336337924004,0.02926107607781887,0.0,0.007403388619422913,0.0,0.11836912482976913
9124,9.345953440060839e-05,0.006107737869024276,0.007987197022885084,0.029528113827109338,0.0,0.007342119701206684,0.0,0.11838118731975555
9125,9.985293872887269e-05,0.006321088317781687,0.008103385753929614,0.027661313489079475,0.0,0.007310010492801666,0.0,0.11838860809803009
9126,9.049931250046939e-05,0.006169834546744824,0.008170996140688658,0.028932686522603036,0.0,0.007386062294244766,0.0,0.11837532371282578
9127,0.0001009682790027,0.006182314362376928,0.008234846778213978,0.028496606275439262,0.0,0.007476457394659519,0.0,0.11835642904043198
9128,9.482077875873074e-05,0.005939207412302494,0.007891307398676873,0.02820637300610542,0.0,0.0075235264375805855,0.0,0.1183505654335022
9129,9.71254543401301e-05,0.006041195895522833,0.007784098666161299,0.029688018187880517,0.0,0.007525979541242123,0.0,0.11834051460027695
9130,0.00010008432873291895,0.006217043567448855,0.008181584626436233,0.027989963069558144,0.0,0.0074743242003023624,0.0,0.11833679676055908
9131,0.00010140182275790721,0.00613652840256691,0.0074424734339118,0.028843123465776443,0.0,0.007398518268018961,0.0,0.11832757294178009
9132,9.798502287594602e-05,0.006148971430957317,0.008005638793110847,0.028303470090031625,0.0,0.0073361461982131,0.0,0.1183033436536789
9133,8.810267900116742e-05,0.0059130116365849975,0.007815536949783564,0.028771207109093665,0.0,0.007279904093593359,0.0,0.11828693002462387
9134,0.00010000662878155709,0.00624830573797226,0.007872410770505666,0.027296709641814233,0.0,0.00722140446305275,0.0,0.11827093362808228
9135,9.45177220273763e-05,0.006140840612351895,0.007715796213597059,0.029533122107386588,0.0,0.0072169555351138115,0.0,0.11826999485492706
9136,9.84248792519793e-05,0.006158875301480293,0.007466170750558376,0.02849038764834404,0.0,0.007223260588943958,0.0,0.11827047169208527
9137,0.00010012923303293064,0.006194975692778826,0.008388580568134785,0.028651360422372818,0.0,0.007230792194604874,0.0,0.11827903985977173
9138,0.00010328191274311393,0.006078820955008268,0.008902114257216454,0.028086436912417412,0.0,0.007229454815387726,0.0,0.11828581243753433
9139,9.323541889898479e-05,0.0059341883286833765,0.008283219113945962,0.028741081804037096,0.0,0.007210591342300177,0.0,0.11829593032598495
9140,9.790123876882718e-05,0.005918050650507212,0.007952248863875865,0.03002098612487316,0.0,0.007165685296058655,0.0,0.11829762160778046
9141,9.57884913077578e-05,0.006216760072857141,0.00778807383030653,0.02962089963257313,0.0,0.007120954338461161,0.0,0.11829601228237152
9142,9.514439152553677e-05,0.0062242671847343445,0.008132413774728776,0.028792879357934,0.0,0.007110840640962124,0.0,0.1182992234826088
9143,8.561406721128151e-05,0.0060371185652911665,0.007911983411759138,0.03010815940797329,0.0,0.007154756225645542,0.0,0.11830566078424454
9144,0.00010075099562527612,0.006132439523935318,0.00781588451936841,0.02969297058880329,0.0,0.007221656385809183,0.0,0.11831358820199966
9145,9.482747846050188e-05,0.006162263080477714,0.007358437031507492,0.027515934035182,0.0,0.007284954190254211,0.0,0.11831383407115936
9146,0.00010004513605963439,0.006046351324766874,0.007450837641954422,0.028234394267201424,0.0,0.007310331799089909,0.0,0.11830253899097443
9147,9.427699842490256e-05,0.00636645769700408,0.007790978625416755,0.028246364369988442,0.0,0.007295866496860981,0.0,0.1182778850197792
9148,9.901156154228375e-05,0.006069708988070488,0.008224880322813988,0.02890738844871521,0.0,0.007286373525857925,0.0,0.11825813353061676
9149,9.521799656795338e-05,0.006206201203167438,0.00792586887255311,0.027396049723029135,0.0,0.0073367455042898655,0.0,0.11824258416891098
9150,8.861686364980415e-05,0.005970402806997299,0.007839727122336626,0.0283336590975523,0.0,0.007368952967226505,0.0,0.11821744590997696
9151,0.00010534104076214135,0.006089896894991398,0.008003485668450595,0.028417216241359712,0.0,0.007386832498013973,0.0,0.11818387359380722
9152,9.039865981321781e-05,0.006154489889740944,0.00924732806161046,0.028277790546417235,0.0,0.0073849717155098915,0.0,0.11814408004283905
9153,9.539962193230166e-05,0.006165180169045925,0.008171427994966507,0.028776407614350318,0.0,0.007355147041380405,0.0,0.11811022460460663
9154,9.265791595680639e-05,0.006019415706396103,0.008193106576800346,0.02893717922270298,0.0,0.00729155819863081,0.0,0.11809147894382477
9155,9.312265901826323e-05,0.0060512106865644455,0.008344483934342862,0.027631020918488503,0.0,0.0072354963049292564,0.0,0.11808600276708603
9156,9.24243635381572e-05,0.00626352122053504,0.007948381546884774,0.02858329750597477,0.0,0.007256525568664074,0.0,0.11809305846691132
9157,8.831438753986731e-05,0.006263897567987442,0.008389706909656524,0.028371530026197432,0.0,0.007498546503484249,0.0,0.1180872693657875
9158,0.00010068366682389752,0.006153846997767687,0.00792377619072795,0.028676038980484007,0.0,0.007761662360280752,0.0,0.11808600276708603
9159,0.00010371196258347481,0.006033866386860609,0.008144205436110497,0.02893102467060089,0.0,0.007926100865006447,0.0,0.1181042343378067
9160,9.99607887933962e-05,0.005913943238556385,0.007846619095653295,0.02787230759859085,0.0,0.007980622351169586,0.0,0.11811698973178864
9161,9.045830520335585e-05,0.006158879585564136,0.007695347536355257,0.029798441752791404,0.0,0.007960071787238121,0.0,0.11811031401157379
9162,9.499583684373647e-05,0.006095740012824535,0.007467592973262072,0.028738071024417878,0.0,0.007890571840107441,0.0,0.11811107397079468
9163,9.606856910977512e-05,0.006063746754080057,0.007530238386243582,0.02806066647171974,0.0,0.007784700952470303,0.0,0.11810219287872314
9164,9.495110862189904e-05,0.0062651243060827255,0.007480155676603317,0.02864130586385727,0.0,0.007693391293287277,0.0,0.1180909276008606
9165,9.963932097889483e-05,0.006127069611102343,0.007552806846797466,0.028559792414307596,0.0,0.0076597994193434715,0.0,0.11808896064758301
9166,9.642761870054528e-05,0.006187070719897747,0.008587387017905712,0.029313259571790696,0.0,0.007807185407727957,0.0,0.11807779967784882
9167,9.558658057358116e-05,0.006074206531047821,0.009106740634888411,0.02894548624753952,0.0,0.007978741079568863,0.0,0.11806096881628036
9168,9.291799506172538e-05,0.006343099381774664,0.008291541785001754,0.02950284890830517,0.0,0.008050734177231789,0.0,0.11806684732437134
9169,9.303384576924145e-05,0.006270306371152401,0.00781922908499837,0.028062161058187485,0.0,0.008087838999927044,0.0,0.11808832734823227
9170,9.85356033197604e-05,0.006116885039955377,0.00781668657436967,0.02972184754908085,0.0,0.008066804148256779,0.0,0.11810867488384247
9171,9.42761791520752e-05,0.006048511806875467,0.00755756925791502,0.028609100356698038,0.0,0.007988442666828632,0.0,0.11812089383602142
9172,8.741427445784211e-05,0.0064239615574479105,0.00749635873362422,0.028673554584383965,0.0,0.007934841327369213,0.0,0.1181277483701706
9173,9.588105604052544e-05,0.0059603207744657995,0.007834482472389936,0.02892856188118458,0.0,0.007963960990309715,0.0,0.11813794076442719
9174,9.596672607585788e-05,0.006302511133253574,0.007401855383068323,0.02986412011086941,0.0,0.008011364378035069,0.0,0.11816368997097015
9175,0.00010220881231362,0.006223356444388628,0.0073093102313578125,0.029652759060263635,0.0,0.007996260188519955,0.0,0.11818535625934601
9176,9.452293452341109e-05,0.006054554879665375,0.008361438941210508,0.028227482363581656,0.0,0.007922092452645302,0.0,0.11819007247686386
9177,9.500935557298363e-05,0.006233904603868723,0.007602496910840273,0.02890910692512989,0.0,0.007840914651751518,0.0,0.11819920688867569
9178,9.41308942856267e-05,0.005928693804889917,0.007463346049189567,0.028384909406304358,0.0,0.007777499966323376,0.0,0.11820155382156372
9179,9.979965107049793e-05,0.006175450608134269,0.007581220380961895,0.02938832566142082,0.0,0.007717633154243231,0.0,0.1181955486536026
9180,8.86890702531673e-05,0.006192149221897125,0.007936039846390486,0.029047108441591262,0.0,0.0076609342359006405,0.0,0.11819501966238022
9181,9.453737438889221e-05,0.006020054779946804,0.007676621526479721,0.028806955367326737,0.0,0.007598256226629019,0.0,0.11818794161081314
9182,0.00010478351032361388,0.006093763560056686,0.007682680804282427,0.02846654914319515,0.0,0.007539949379861355,0.0,0.11816024780273438
9183,0.00010149518202524632,0.0059725984930992125,0.008073431439697742,0.02958454191684723,0.0,0.007476889993995428,0.0,0.11814888566732407
9184,9.402739378856495e-05,0.006227005645632744,0.007869636360555887,0.02964424602687359,0.0,0.007407727185636759,0.0,0.11812770366668701
9185,9.141425543930381e-05,0.006013243459165096,0.009115728735923766,0.0282569982111454,0.0,0.007325374521315098,0.0,0.11810977756977081
9186,9.997719316743315e-05,0.006082626059651375,0.008194415923207998,0.029273859784007074,0.0,0.00725840637460351,0.0,0.11809472739696503
9187,9.606511885067448e-05,0.006143054272979498,0.007680037152022123,0.029110165685415267,0.0,0.007275907788425684,0.0,0.11809365451335907
9188,9.733005135785789e-05,0.006145067419856787,0.007753370981663466,0.030503378063440324,0.0,0.007358545903116465,0.0,0.11810304969549179
9189,0.00010029359837062656,0.005991277750581503,0.0078273493796587,0.028946864232420922,0.0,0.0074123055674135685,0.0,0.11811774969100952
9190,0.00010019316832767799,0.006102959997951985,0.00966675952076912,0.02900079861283302,0.0,0.007423367351293564,0.0,0.1181231290102005
9191,9.207974799210205e-05,0.006078958977013826,0.009266986884176731,0.02891714870929718,0.0,0.007437949068844318,0.0,0.11812825500965118
9192,9.97599374386482e-05,0.006254088412970304,0.008571353368461132,0.02821383476257324,0.0,0.007478791289031506,0.0,0.11813695728778839
9193,9.452420636080205e-05,0.0063274243846535684,0.008260230347514153,0.029637693613767623,0.0,0.007587381638586521,0.0,0.11814385652542114
9194,9.737748914631083e-05,0.006148034427314997,0.007733099721372127,0.02935778461396694,0.0,0.007926501333713531,0.0,0.11815892159938812
9195,9.890692454064264e-05,0.006116209179162979,0.0072000384330749515,0.029266281798481942,0.0,0.008262475952506065,0.0,0.11816294491291046
9196,0.00010320903529645876,0.006137738563120365,0.007791122607886791,0.028590139746665955,0.0,0.008465692400932312,0.0,0.11815036833286285
9197,9.622980869608e-05,0.006086892634630203,0.007576358038932085,0.02902264930307865,0.0,0.008521124720573425,0.0,0.11813795566558838
9198,0.00010488102416275069,0.006092992704361677,0.007794590480625629,0.028434209898114203,0.0,0.0084840077906847,0.0,0.11815887689590454
9199,9.723480034153908e-05,0.006027277745306492,0.008436868153512477,0.029083911329507828,0.0,0.008398478850722313,0.0,0.11818774044513702
9200,9.544838103465736e-05,0.006060527916997671,0.008713036868721246,0.030556053668260575,0.0,0.008316504769027233,0.0,0.11821546405553818
9201,9.513179829809815e-05,0.0060298720374703406,0.008231788314878941,0.029176615178585052,0.0,0.00822602678090334,0.0,0.1182413250207901
9202,9.744463459355756e-05,0.006151611637324095,0.008471981063485146,0.028735535964369775,0.0,0.008115601725876331,0.0,0.11827639490365982
9203,9.776372753549367e-05,0.00612815897911787,0.007546742167323828,0.030122571811079978,0.0,0.00798515323549509,0.0,0.11828471720218658
9204,9.180854831356556e-05,0.006192872859537601,0.007950567454099656,0.028958913683891297,0.0,0.007850457914173603,0.0,0.11829366534948349
9205,9.30085516301915e-05,0.006235104892402888,0.008338807336986064,0.02902347147464752,0.0,0.007731031626462936,0.0,0.1182786375284195
9206,9.442383743589744e-05,0.0060693594627082344,0.008359802700579167,0.028032483533024788,0.0,0.007650273386389017,0.0,0.11826185882091522
9207,9.521533065708354e-05,0.006208086758852005,0.007904623448848725,0.02910294346511364,0.0,0.007595547940582037,0.0,0.11824202537536621
9208,9.871039510471747e-05,0.0065228259190917015,0.007684935629367828,0.0297662615776062,0.0,0.0075876833871006966,0.0,0.11822094023227692
9209,9.74911541561596e-05,0.006287817005068063,0.00810512937605381,0.029221409186720847,0.0,0.007650353014469147,0.0,0.11821524798870087
9210,9.749691816978157e-05,0.0058263554237782955,0.00858048927038908,0.028703786432743073,0.0,0.007696760352700949,0.0,0.11821148544549942
9211,9.664206445449963e-05,0.006011168006807566,0.008230014331638813,0.02931792102754116,0.0,0.007693922612816095,0.0,0.11822445690631866
9212,9.745478892000392e-05,0.006099266931414604,0.008151440788060427,0.028917576372623443,0.0,0.007657356560230255,0.0,0.11823622137308121
9213,9.048777428688481e-05,0.006090250983834267,0.008392974175512791,0.0295952420681715,0.0,0.00761046726256609,0.0,0.11823296546936035
9214,0.00010421821352792903,0.00603218749165535,0.00796325895935297,0.028666058927774428,0.0,0.007555190473794937,0.0,0.11822815984487534
9215,9.37176329898648e-05,0.005955854710191488,0.008288541343063116,0.02963842488825321,0.0,0.0074791922233998775,0.0,0.11822261661291122
9216,9.995045984396711e-05,0.006103205308318138,0.007637765258550644,0.028151553869247437,0.0,0.007407036609947681,0.0,0.11822943389415741
9217,8.844585681799799e-05,0.006162261497229338,0.007806186750531197,0.027756820246577264,0.0,0.0073534101247787476,0.0,0.11824536323547363
9218,0.00010894861188717186,0.0061861552298069,0.008390839397907256,0.029297396540641785,0.0,0.0073033226653933525,0.0,0.11823785305023193
9219,9.09126756596379e-05,0.0061850897036492825,0.007938751578330993,0.028350167348980902,0.0,0.007289767265319824,0.0,0.11822761595249176
9220,0.000101770598848816,0.006085878144949675,0.007910762540996074,0.029116345569491386,0.0,0.0073229046538472176,0.0,0.11821304261684418
9221,9.664591925684363e-05,0.005954852048307657,0.007919666822999716,0.026438681408762932,0.0,0.0073405117727816105,0.0,0.1181943416595459
9222,9.482916066190228e-05,0.0062283920124173164,0.007602417282760144,0.028472623229026793,0.0,0.007327029947191477,0.0,0.11818958818912506
9223,8.750615379540249e-05,0.006174980755895376,0.008169924467802047,0.027616431191563606,0.0,0.007319203577935696,0.0,0.11818979680538177
9224,9.594526927685365e-05,0.006238175462931395,0.008301740605384111,0.02824748381972313,0.0,0.0073191202245652676,0.0,0.11818598210811615
9225,0.00010080461797770112,0.006000207364559173,0.008328416757285595,0.028844769299030303,0.0,0.007325601764023304,0.0,0.11819341033697128
9226,9.04419895960018e-05,0.00610625147819519,0.007549624424427748,0.027989700064063074,0.0,0.0073233796283602715,0.0,0.11820205301046371
9227,0.00010774391412269325,0.005887342337518931,0.00760500468313694,0.02801458425819874,0.0,0.00730962585657835,0.0,0.11819597333669662
9228,9.513769182376564e-05,0.006164136808365583,0.008228582516312598,0.02932143844664097,0.0,0.007329986430704594,0.0,0.11818166822195053
9229,9.937482536770403e-05,0.006252539437264204,0.00855320980772376,0.027962478622794152,0.0,0.007396482862532139,0.0,0.11815956979990005
9230,9.653007437009365e-05,0.0061488616280257705,0.008539409656077624,0.02942560873925686,0.0,0.007444155868142843,0.0,0.1181304007768631
9231,9.928353538271039e-05,0.006137388851493597,0.008283705264329911,0.028601662442088126,0.0,0.0074566132389009,0.0,0.11813399940729141
9232,9.963240008801222e-05,0.006162809114903212,0.007172396034002304,0.0297663576900959,0.0,0.007485070265829563,0.0,0.11815272271633148
9233,9.857655822997913e-05,0.005986387655138969,0.007788942754268646,0.029642560705542564,0.0,0.00752662867307663,0.0,0.11817208677530289
9234,0.00010046919633168727,0.006327794305980206,0.007680970802903175,0.030197273194789886,0.0,0.007556017488241196,0.0,0.11817897856235504
9235,9.692942257970572e-05,0.00614562127739191,0.007601205445826054,0.028533711656928064,0.0,0.007559728808701038,0.0,0.11819694191217422
9236,9.374028886668384e-05,0.006069472059607506,0.007576591428369283,0.028667248785495758,0.0,0.007598238531500101,0.0,0.11820851266384125
9237,8.84219873114489e-05,0.00619432395324111,0.00768569614738226,0.02822725884616375,0.0,0.007650308310985565,0.0,0.11821909993886948
9238,9.788857132662088e-05,0.006035070773214102,0.008344257809221744,0.02947675473988056,0.0,0.007765957619994879,0.0,0.1182149201631546
9239,9.501649910816922e-05,0.006098873354494572,0.008178753219544888,0.028187009692192077,0.0,0.007872020825743675,0.0,0.11819944530725479
9240,9.434328821953387e-05,0.005977378599345684,0.009083221852779388,0.02951817214488983,0.0,0.007986480370163918,0.0,0.11819126456975937
9241,9.989646059693769e-05,0.006217646412551403,0.008505626395344735,0.028767858818173408,0.0,0.008145386353135109,0.0,0.11820340156555176
9242,9.44658080697991e-05,0.006147528067231178,0.008058650884777308,0.029736470058560373,0.0,0.008355377241969109,0.0,0.11820948123931885
9243,9.660893410909921e-05,0.0061474384739995,0.007523629441857338,0.030620502680540083,0.0,0.008514130488038063,0.0,0.1182105541229248
9244,9.870179201243445e-05,0.006046754680573941,0.007598515134304762,0.029689253866672517,0.0,0.008564503863453865,0.0,0.11823110282421112
9245,0.00010417709854664281,0.006232382357120514,0.007516973931342363,0.029729190841317178,0.0,0.008538215421140194,0.0,0.1182604432106018
9246,9.415133827133104e-05,0.006034804414957762,0.007940038293600082,0.02948703393340111,0.0,0.008516316302120686,0.0,0.11828184127807617
9247,9.304629638791084e-05,0.00614312207326293,0.008084888756275176,0.03029821403324604,0.0,0.008461703546345234,0.0,0.1182965487241745
9248,9.590974950697273e-05,0.005981153808534145,0.007884821482002735,0.02748912125825882,0.0,0.008384091779589653,0.0,0.11831585317850113
9249,9.452354861423373e-05,0.00607464574277401,0.008103631623089313,0.027526718750596046,0.0,0.008282193914055824,0.0,0.11832179129123688
9250,9.814544318942353e-05,0.006198993138968945,0.008017008099704981,0.02847030833363533,0.0,0.008161203935742378,0.0,0.11830829083919525
9251,9.571627597324551e-05,0.006034906674176455,0.008291092235594988,0.028142524883151054,0.0,0.008023150265216827,0.0,0.1182897537946701
9252,9.016714757308364e-05,0.00619655828922987,0.008923684060573579,0.028723761811852454,0.0,0.00794412661343813,0.0,0.11827971041202545
9253,9.272894967580215e-05,0.006080177519470454,0.008476044796407223,0.02799106389284134,0.0,0.007934127002954483,0.0,0.118277408182621
9254,9.028415661305189e-05,0.006128942221403122,0.0085560891777277,0.027812958136200903,0.0,0.007923860102891922,0.0,0.11826934665441513
9255,0.0001004569508950226,0.006207909248769283,0.008306232281029224,0.02850431017577648,0.0,0.007926052436232567,0.0,0.11827530711889267
9256,0.00011214188853045926,0.0060921099968254564,0.007978018373250961,0.02896082177758217,0.0,0.00792257022112608,0.0,0.1182793602347374
9257,0.0001088385542971082,0.006113707087934017,0.00865358104929328,0.027895867824554443,0.0,0.00790162943303585,0.0,0.11828190088272095
9258,9.623326477594673e-05,0.00621342770755291,0.00836038514971733,0.028894975036382674,0.0,0.007857649587094784,0.0,0.1182885393500328
9259,0.00010462509089848027,0.006165461149066687,0.008397463895380496,0.02864646390080452,0.0,0.007780089974403381,0.0,0.11830504983663559
9260,9.908343490678817e-05,0.005946961045265198,0.008091588411480189,0.02876979745924473,0.0,0.007686793804168701,0.0,0.11834122240543365
9261,9.76138879195787e-05,0.006199998781085014,0.008243441674858331,0.029509944096207618,0.0,0.0076240673661231995,0.0,0.11837078630924225
9262,0.00010273091320414096,0.006001477688550949,0.007691080868244171,0.028899941965937613,0.0,0.007575871888548136,0.0,0.11837045103311539
9263,9.92789035080932e-05,0.006289711222052574,0.0077904433012008665,0.029928093776106834,0.0,0.0075367814861238,0.0,0.1183629259467125
9264,9.47315216762945e-05,0.00607089726254344,0.007887154165655375,0.029707092419266702,0.0,0.007494439370930195,0.0,0.11834660917520523
9265,9.220801002811641e-05,0.006090391986072063,0.008279131259769201,0.027764854580163957,0.0,0.007439798675477505,0.0,0.11835446208715439
9266,0.00010435016447445378,0.006077586207538843,0.00864048656076193,0.030523800849914552,0.0,0.007372121326625347,0.0,0.11837617307901382
9267,9.61550700594671e-05,0.006148640811443329,0.009019020199775695,0.028643305599689483,0.0,0.007327778730541468,0.0,0.11839320510625839
9268,9.273282921640202e-05,0.005977050494402647,0.008537962846457959,0.028887901827692984,0.0,0.007320757023990154,0.0,0.11839763820171356
9269,9.236868063453585e-05,0.0062146978452801704,0.008192070759832859,0.030055201798677444,0.0,0.007322690449655056,0.0,0.11839864403009415
9270,9.729625016916544e-05,0.00615902179852128,0.008348216395825147,0.027923689410090446,0.0,0.007316840346902609,0.0,0.11839208751916885
9271,9.870118519756943e-05,0.006258593779057265,0.007998282462358475,0.030370938777923583,0.0,0.007282348815351725,0.0,0.11837702989578247
9272,9.216257749358192e-05,0.006197625491768122,0.00817775884643197,0.0284713976085186,0.0,0.007222529500722885,0.0,0.11835106462240219
9273,0.00010077155020553619,0.006316124834120274,0.007889064308255912,0.02772132083773613,0.0,0.007165372371673584,0.0,0.11833348125219345
9274,9.811135387280956e-05,0.006013702601194382,0.008293695375323295,0.02905167154967785,0.0,0.007110205478966236,0.0,0.11832267045974731
9275,0.00010101492516696453,0.006043829210102558,0.008068695664405823,0.029141630977392197,0.0,0.00705646350979805,0.0,0.11832424253225327
9276,9.794113429961726e-05,0.006015001982450485,0.007648169714957476,0.029570134729146956,0.0,0.007036641240119934,0.0,0.11830753087997437
9277,9.546111396048218e-05,0.006248500104993582,0.0077963356859982015,0.02869953140616417,0.0,0.0070374212227761745,0.0,0.11828436702489853
9278,9.599734476068988e-05,0.006062911543995142,0.007905733212828637,0.02834016941487789,0.0,0.007212004624307156,0.0,0.1182522401213646
9279,9.606680832803249e-05,0.00599653348326683,0.007966253533959388,0.028691406920552255,0.0,0.0074874176643788815,0.0,0.11821390688419342
9280,9.439512214157731e-05,0.005964971799403429,0.00828253272920847,0.02958652600646019,0.0,0.00770443445071578,0.0,0.118196502327919
9281,9.391924395458773e-05,0.006017565727233887,0.007976080756634474,0.029508927091956138,0.0,0.00789063610136509,0.0,0.11818663775920868
9282,9.578958270139992e-05,0.006121918465942145,0.0076661031693220135,0.028367524966597557,0.0,0.008020051755011082,0.0,0.11818967759609222
9283,8.98307014722377e-05,0.006287341006100178,0.008121034875512124,0.02955455183982849,0.0,0.008122129365801811,0.0,0.11820820719003677
9284,8.983521402115003e-05,0.006153816636651754,0.008331328723579645,0.028375223651528357,0.0,0.008180473931133747,0.0,0.11824043095111847
9285,9.835714008659125e-05,0.006173911318182945,0.00876816138625145,0.03005518317222595,0.0,0.008158167824149132,0.0,0.11826685816049576
9286,9.317064977949485e-05,0.00597873916849494,0.008448396064341068,0.028539124131202697,0.0,0.008072025142610073,0.0,0.11829102039337158
9287,9.592623100616038e-05,0.00597107345238328,0.007681729085743427,0.028277676180005075,0.0,0.00795252900570631,0.0,0.11830615997314453
9288,9.357797098346055e-05,0.006089357845485211,0.0075069120153784755,0.028325050324201583,0.0,0.007826869376003742,0.0,0.11831055581569672
9289,9.641658834880218e-05,0.006135860644280911,0.007773580867797137,0.028634639084339143,0.0,0.007714949548244476,0.0,0.11830449104309082
9290,9.827956237131729e-05,0.006090786959975958,0.007541354838758707,0.029899034276604654,0.0,0.0076048909686505795,0.0,0.11830446869134903
9291,8.4190302004572e-05,0.006091772299259901,0.007206948380917311,0.02988927699625492,0.0,0.007508912589401007,0.0,0.1183052659034729
9292,9.565305663272738e-05,0.0059257629327476025,0.007558552455157042,0.030501826107501982,0.0,0.007440445479005575,0.0,0.11831165850162506
9293,9.320718963863328e-05,0.006113186106085777,0.007904514390975236,0.028811820223927496,0.0,0.007402101997286081,0.0,0.11833824217319489
9294,9.707326826173812e-05,0.006183615792542696,0.007353122159838676,0.028642070293426514,0.0,0.007443114183843136,0.0,0.1183427944779396
9295,9.802201675483957e-05,0.00601963959634304,0.007574195321649313,0.028806247189640997,0.0,0.0075521888211369514,0.0,0.11833345890045166
9296,9.274531475966796e-05,0.00598138952627778,0.00782466009259224,0.02925829030573368,0.0,0.007630915846675634,0.0,0.1183234229683876
9297,9.525608620606363e-05,0.006139361578971147,0.007681481633335352,0.028999906778335572,0.0,0.007633833680301905,0.0,0.11831684410572052
9298,9.722741961013526e-05,0.006195290572941303,0.00910235233604908,0.02896568402647972,0.0,0.007603851612657309,0.0,0.11831430345773697
9299,0.00010005946533055975,0.00594564164057374,0.009010536968708039,0.028827936574816703,0.0,0.007613585330545902,0.0,0.11829401552677155
9300,0.00010137721692444756,0.00628433283418417,0.008729625679552554,0.0289397444576025,0.0,0.007608761545270681,0.0,0.11827884614467621
9301,0.00010522887314436957,0.0061969893053174015,0.008723396807909012,0.030152441188693046,0.0,0.007634677924215794,0.0,0.11827374994754791
9302,9.425890602869913e-05,0.006162569019943475,0.00858664233237505,0.028439171239733697,0.0,0.007733182515949011,0.0,0.11826521158218384
9303,0.00010339986329199746,0.0062029541470110415,0.009066820982843638,0.029212861508131027,0.0,0.0078119514510035515,0.0,0.11825885623693466
9304,0.00010165730054723099,0.0062321038916707035,0.008581445366144181,0.029667124152183533,0.0,0.007833056151866913,0.0,0.1182636246085167
9305,0.00010107834095833823,0.005988322384655476,0.009141037240624428,0.028239094838500022,0.0,0.007850589230656624,0.0,0.11825644969940186
9306,0.00010070166899822652,0.006022034771740436,0.008869897481054068,0.028301190212368967,0.0,0.007849118672311306,0.0,0.11823631823062897
9307,9.856182878138497e-05,0.006249163765460253,0.0094039686024189,0.02874174602329731,0.0,0.007814581505954266,0.0,0.11820390075445175
9308,9.974306594813242e-05,0.006039927899837494,0.009460468776524067,0.02888605073094368,0.0,0.00775174330919981,0.0,0.11819006502628326
9309,8.911319455364718e-05,0.006307617761194706,0.009136178344488145,0.02879176028072834,0.0,0.007698684930801392,0.0,0.1182079091668129
9310,9.879217977868394e-05,0.006087343115359545,0.008971605077385902,0.028573746979236602,0.0,0.007638215087354183,0.0,0.11822190135717392
9311,9.277143835788593e-05,0.006016640178859234,0.009019439667463302,0.029845265299081804,0.0,0.0075627900660037994,0.0,0.11822745949029922
9312,9.577062010066584e-05,0.006024451926350594,0.009108157269656659,0.02969045713543892,0.0,0.007492913398891687,0.0,0.1182367354631424
9313,9.860356076387688e-05,0.00599687397480011,0.008839372172951698,0.031097769737243652,0.0,0.007447817362844944,0.0,0.11825253069400787
9314,0.00010349314543418586,0.005899365991353989,0.00826595611870289,0.029646877944469453,0.0,0.007412206381559372,0.0,0.1182689517736435
9315,9.156160231214017e-05,0.0060727672651410105,0.008678022213280201,0.02840333618223667,0.0,0.007362204138189554,0.0,0.11828994750976562
9316,9.170703851850704e-05,0.0059081208892166615,0.009206572361290456,0.028965857252478598,0.0,0.007346471305936575,0.0,0.11830262094736099
9317,9.743448899826034e-05,0.006218794267624617,0.00907221157103777,0.029195977747440337,0.0,0.00734326895326376,0.0,0.11829729378223419
9318,9.989712270908058e-05,0.006170932203531265,0.00903508011251688,0.029174763709306717,0.0,0.007357566151767969,0.0,0.11830461025238037
9319,9.808135800994932e-05,0.0061782291159033775,0.008921021781861781,0.029376800730824472,0.0,0.007399508263915777,0.0,0.1183076873421669
9320,9.705983102321624e-05,0.005941452737897634,0.008892208710312844,0.027519362792372704,0.0,0.007610672619193792,0.0,0.11830178648233414
9321,9.935455163940787e-05,0.0062243669293820855,0.008506197854876519,0.029185862839221956,0.0,0.007833946496248245,0.0,0.11829618364572525
9322,9.628092811908573e-05,0.006136078387498856,0.009191136993467807,0.028962408006191254,0.0,0.007952341809868813,0.0,0.11830204725265503
9323,9.3575069331564e-05,0.006276845466345549,0.008831468410789967,0.029979604482650756,0.0,0.008008698001503944,0.0,0.11831548064947128
9324,0.00010172336333198473,0.005996501818299293,0.008733240887522697,0.02833677493035793,0.0,0.008006932213902473,0.0,0.11834092438220978
9325,9.494099940638989e-05,0.006026004534214735,0.008656864799559117,0.02930537164211273,0.0,0.007942083291709423,0.0,0.11837688833475113
9326,9.571629780111835e-05,0.006195169594138861,0.009003424271941184,0.030575212836265565,0.0,0.007865901105105877,0.0,0.11840200424194336
9327,9.481874003540725e-05,0.006201611831784248,0.009085758589208126,0.02968096137046814,0.0,0.007802779786288738,0.0,0.11843027174472809
9328,9.114837885135785e-05,0.006053443159908056,0.008360930532217026,0.03003675565123558,0.0,0.007733642123639584,0.0,0.11845634132623672
9329,9.196724713547155e-05,0.006411304417997599,0.008724389784038066,0.02882777601480484,0.0,0.0076614124700427055,0.0,0.11846134811639786
9330,8.568312478018925e-05,0.00603896239772439,0.008822142519056797,0.028261678665876387,0.0,0.007588326930999756,0.0,0.11844716966152191
9331,0.00010381214815424755,0.006211546342819929,0.009342979919165374,0.02860438823699951,0.0,0.007520119659602642,0.0,0.11843190342187881
9332,9.307617729064077e-05,0.0061099912971258165,0.0094202421605587,0.029579256474971772,0.0,0.007449814584106207,0.0,0.11842040717601776
9333,9.468022763030604e-05,0.006073385383933783,0.009423160739243031,0.028854646906256675,0.0,0.007380784954875708,0.0,0.11840224266052246
9334,0.00010138155048480257,0.006282109394669532,0.009581414051353931,0.02960285693407059,0.0,0.007327333092689514,0.0,0.11837117373943329
9335,9.066558268386871e-05,0.006193995382636786,0.008652019873261451,0.027923325076699257,0.0,0.007303175516426563,0.0,0.11834859848022461
9336,9.425966127309948e-05,0.006116068456321955,0.008687657304108143,0.02996528595685959,0.0,0.00730320205911994,0.0,0.11833913624286652
9337,9.690102742752061e-05,0.006165625713765621,0.00855693630874157,0.02835862822830677,0.0,0.007369400002062321,0.0,0.11834164708852768
9338,8.676809229655192e-05,0.006291580852121115,0.00885114874690771,0.028774531558156013,0.0,0.007457713130861521,0.0,0.11833824962377548
9339,9.790290787350386e-05,0.0060345765203237535,0.00845019705593586,0.028472690284252165,0.0,0.007570440880954266,0.0,0.11832758039236069
9340,9.866737964330241e-05,0.0061535170301795,0.00842355415225029,0.028375507146120072,0.0,0.007632403634488583,0.0,0.11831521987915039
9341,0.00010270194179611281,0.006068828888237477,0.008439646475017071,0.028627708554267883,0.0,0.007634436246007681,0.0,0.11830824613571167
9342,9.387784375576302e-05,0.006195615604519844,0.008646531775593758,0.028728006035089494,0.0,0.007591255009174347,0.0,0.11832135915756226
9343,0.0001061233226209879,0.006028308533132076,0.008994165807962418,0.028838955238461493,0.0,0.007560119964182377,0.0,0.11835058033466339
9344,9.708877187222242e-05,0.0062020614743232725,0.00874948976561427,0.030186989903450014,0.0,0.007522507105022669,0.0,0.11836842447519302
9345,9.589295805199072e-05,0.006008802354335785,0.009087059274315834,0.027676409110426903,0.0,0.007468466646969318,0.0,0.11839114129543304
9346,0.00010045567178167403,0.006119371112436056,0.009160550497472286,0.029683034867048264,0.0,0.00740252947434783,0.0,0.11840236186981201
9347,9.453032980673015e-05,0.00603049136698246,0.009311529248952866,0.0301702830940485,0.0,0.007364849094301462,0.0,0.11842380464076996
9348,0.00010870793921640143,0.006179677881300449,0.009797774255275726,0.02911633439362049,0.0,0.007369295693933964,0.0,0.11845791339874268
9349,9.393713989993557e-05,0.006178922485560179,0.009195206500589848,0.029535075277090074,0.0,0.007461478002369404,0.0,0.11848034709692001
9350,9.192369179800153e-05,0.00607110932469368,0.008869676291942597,0.02963782586157322,0.0,0.007614229805767536,0.0,0.11847744137048721
9351,9.650567371863872e-05,0.006287450157105923,0.008670336753129958,0.029845815524458884,0.0,0.00780221214517951,0.0,0.11846846342086792
9352,9.04385800822638e-05,0.006292491126805544,0.008393071033060551,0.028348028659820557,0.0,0.007928474806249142,0.0,0.11845153570175171
9353,9.973355772672222e-05,0.006018098723143339,0.008185524865984917,0.02838466428220272,0.0,0.007995102554559708,0.0,0.11844086647033691
9354,9.635369497118518e-05,0.006346456240862608,0.00875640269368887,0.028485868126153946,0.0,0.008001714944839478,0.0,0.11843498796224594
9355,0.00010393904231023043,0.006076563615351915,0.008603653684258462,0.0298512477427721,0.0,0.007977889850735664,0.0,0.11844656616449356
9356,0.00010045930685009807,0.0061370753683149815,0.008635582774877549,0.028643041476607324,0.0,0.007921351119875908,0.0,0.1184539645910263
9357,9.659491188358515e-05,0.006008836720138788,0.007987534813582896,0.029331406205892564,0.0,0.007838965393602848,0.0,0.11845238506793976
9358,9.43224600632675e-05,0.0061942324042320255,0.008194746077060699,0.028580429032444954,0.0,0.007748261094093323,0.0,0.11845637857913971
9359,0.00010308529599569737,0.006047932617366314,0.008291871473193168,0.02884061597287655,0.0,0.007665587123483419,0.0,0.11844148486852646
9360,9.031446097651497e-05,0.006097788084298372,0.00851773638278246,0.029140810295939446,0.0,0.007637030445039272,0.0,0.11841535568237305
9361,9.110913815675303e-05,0.00638175867497921,0.008301583956927061,0.028332764655351637,0.0,0.007738742046058178,0.0,0.1183963268995285
9362,9.583078208379448e-05,0.00602337047457695,0.008596364594995975,0.029367823526263236,0.0,0.007842563092708588,0.0,0.11837130784988403
9363,9.0972357429564e-05,0.005926698260009289,0.008266241103410722,0.028156880661845206,0.0,0.007860654033720493,0.0,0.11835367977619171
9364,9.770243923412636e-05,0.006116523407399654,0.008454523980617523,0.02933671809732914,0.0,0.007811719086021185,0.0,0.11834164708852768
9365,9.978291200241074e-05,0.006038107722997665,0.008687830343842507,0.027988369390368462,0.0,0.0077544027008116245,0.0,0.11832873523235321
9366,9.423787123523653e-05,0.005950633715838194,0.008933189697563649,0.029654842987656593,0.0,0.007686602883040905,0.0,0.11832871288061142
9367,9.552146511850878e-05,0.005982771422713995,0.008482304681092501,0.028578619286417962,0.0,0.007603328675031662,0.0,0.11833281815052032
9368,9.569029207341373e-05,0.006169432401657104,0.008554417081177235,0.028500580042600632,0.0,0.007542139384895563,0.0,0.11833560466766357
9369,0.00010433754359837622,0.006052672117948532,0.008755578845739364,0.028151926770806312,0.0,0.007487424649298191,0.0,0.11833243072032928
9370,0.00010062733490485698,0.006143195554614067,0.008600020781159401,0.0285567257553339,0.0,0.007413284387439489,0.0,0.11833131313323975
9371,9.475581900915131e-05,0.005874054413288832,0.009126711264252662,0.02775423936545849,0.0,0.007347916252911091,0.0,0.11832506954669952
9372,0.000102313379466068,0.006005463190376759,0.008662400208413601,0.02853061705827713,0.0,0.0073317671194672585,0.0,0.1182989701628685
9373,9.838943369686604e-05,0.006186217721551657,0.008526324853301048,0.028793730214238165,0.0,0.007322434335947037,0.0,0.11827494204044342
9374,9.625126258470119e-05,0.006264088954776525,0.008623413555324078,0.028993638604879378,0.0,0.007334026042371988,0.0,0.11826618015766144
9375,9.534412674838677e-05,0.005985428951680661,0.008381643239408732,0.028164321184158327,0.0,0.007361615542322397,0.0,0.11827783286571503
9376,9.404892916791141e-05,0.006343569420278072,0.00868394635617733,0.028963926061987878,0.0,0.007401306182146072,0.0,0.11829693615436554
9377,0.00010299047426087782,0.006087244115769863,0.008866814337670803,0.028685212880373002,0.0,0.007474775426089764,0.0,0.11830639839172363
9378,0.00010866264492506161,0.006029064394533634,0.008000168576836586,0.028092414885759354,0.0,0.0075170197524130344,0.0,0.11830036342144012
9379,9.245883993571624e-05,0.0062068824656307696,0.00869150422513485,0.02903967387974262,0.0,0.007506816182285547,0.0,0.11827640235424042
9380,9.624953527236358e-05,0.005948809906840324,0.008906490355730056,0.02903336063027382,0.0,0.0074647897854447365,0.0,0.11825833469629288
9381,9.779758402146399e-05,0.006301308516412973,0.009277992509305477,0.028918691724538804,0.0,0.007431520614773035,0.0,0.11823999881744385
9382,9.507751528872176e-05,0.006191164627671242,0.00899879727512598,0.028657916560769083,0.0,0.007497168146073818,0.0,0.11822502315044403
9383,9.704586555017158e-05,0.006225318647921085,0.009085885435342788,0.029387740418314934,0.0,0.007575286086648703,0.0,0.1182074323296547
9384,0.00010277684050379321,0.006121590081602335,0.008668610081076621,0.028472094610333443,0.0,0.007604047656059265,0.0,0.11819851398468018
9385,9.047553758136928e-05,0.006133710872381926,0.008195644803345203,0.027838708087801933,0.0,0.007581431418657303,0.0,0.11819954961538315
9386,0.00010089538991451264,0.006210500933229923,0.008330433256924152,0.02915057949721813,0.0,0.007567895110696554,0.0,0.11821713298559189
9387,0.00010667119640856981,0.006253145448863506,0.008733651787042617,0.027917682006955147,0.0,0.0075602964498102665,0.0,0.11825114488601685
9388,9.601338242646307e-05,0.005855892598628998,0.008230559341609479,0.029143908247351646,0.0,0.007533541414886713,0.0,0.11827745288610458
9389,9.624950762372464e-05,0.006299776397645474,0.00834835935384035,0.028080793842673302,0.0,0.00748791266232729,0.0,0.11829499900341034
9390,0.0001036935966112651,0.006072079390287399,0.0085627231746912,0.02887309342622757,0.0,0.007415435276925564,0.0,0.11829521507024765
9391,0.0001012416774756275,0.005982727184891701,0.0083972642198205,0.02906320206820965,0.0,0.007342498749494553,0.0,0.11828909069299698
9392,0.00010177489893976599,0.00623853737488389,0.008492563106119632,0.029448215663433076,0.0,0.007274818606674671,0.0,0.11828038841485977
9393,9.95562571915798e-05,0.006143970228731632,0.007925251871347428,0.029125313833355905,0.0,0.007211074233055115,0.0,0.11827196180820465
9394,9.688434365671129e-05,0.006172528676688671,0.008571342006325722,0.028202587738633156,0.0,0.007167419884353876,0.0,0.11827852576971054
9395,9.836847166297958e-05,0.006186346057802439,0.008465775288641453,0.02985219992697239,0.0,0.007169736083596945,0.0,0.11828084290027618
9396,0.0001064744996256195,0.006236611027270555,0.008824794925749302,0.029004647582769393,0.0,0.007169918157160282,0.0,0.11827535927295685
9397,0.00010523122327867895,0.0058754032477736475,0.008817476406693458,0.028041628748178483,0.0,0.007151114288717508,0.0,0.11829078197479248
9398,0.00010625679133227094,0.005951454490423202,0.008340730424970388,0.02780780978500843,0.0,0.007129466626793146,0.0,0.11830595880746841
9399,0.0001018418013700284,0.006185952015221119,0.00848379684612155,0.0283645436167717,0.0,0.007109704427421093,0.0,0.11831017583608627
9400,9.52075919485651e-05,0.0060768453404307365,0.009115883149206638,0.02863748259842396,0.0,0.007099027745425701,0.0,0.11830148845911026
9401,9.515631682006642e-05,0.005977289099246263,0.008712739683687687,0.029221465438604356,0.0,0.007097566034644842,0.0,0.11831004917621613
9402,9.516224963590503e-05,0.005969293601810932,0.009344465099275112,0.02813658453524113,0.0,0.007162459194660187,0.0,0.11832215636968613
9403,9.602148929843679e-05,0.00629927460104227,0.008675136975944043,0.029203523695468903,0.0,0.0073616341687738895,0.0,0.11833884567022324
9404,9.910826192935929e-05,0.006331821251660585,0.008712920174002648,0.028535029292106627,0.0,0.0075390152633190155,0.0,0.11836576461791992
9405,0.0001023931399686262,0.0060813046991825105,0.0091819416731596,0.028884055465459822,0.0,0.007629379630088806,0.0,0.11839146912097931
9406,8.97222853382118e-05,0.006158675439655781,0.008928288705646992,0.029164059832692147,0.0,0.007668602280318737,0.0,0.11840786039829254
9407,9.051066444953904e-05,0.006184649933129549,0.009206703305244446,0.02866712398827076,0.0,0.007670661900192499,0.0,0.1184111014008522
9408,9.735864732647314e-05,0.005966131575405598,0.008636799827218055,0.028238015621900557,0.0,0.007714771665632725,0.0,0.11842173337936401
9409,9.082838805625215e-05,0.0061665398068726065,0.008621631748974323,0.02887139283120632,0.0,0.007781577296555042,0.0,0.1184331402182579
9410,9.365154401166364e-05,0.006316318921744823,0.008330394886434079,0.028655342012643813,0.0,0.007810858078300953,0.0,0.11843927204608917
9411,8.717677847016602e-05,0.0060259982012212275,0.00882957223802805,0.028988643363118172,0.0,0.007796167396008968,0.0,0.11844147741794586
9412,9.318115480709821e-05,0.00622691148892045,0.008082680497318506,0.02900588810443878,0.0,0.007752660661935806,0.0,0.11844088137149811
9413,9.231423173332587e-05,0.006216680258512497,0.008841347135603427,0.03014925867319107,0.0,0.007728652097284794,0.0,0.11844341456890106
9414,8.802621305221691e-05,0.0060132361948490145,0.008709601499140263,0.029471923410892487,0.0,0.007766939699649811,0.0,0.11844233423471451
9415,9.23980915104039e-05,0.006237622909247875,0.008717139437794685,0.029944609478116037,0.0,0.0078056612983345985,0.0,0.11843855679035187
9416,9.183399088215083e-05,0.006192677747458219,0.008243305515497923,0.029171059280633925,0.0,0.007820402272045612,0.0,0.11843983083963394
9417,9.100620954995974e-05,0.006060601025819778,0.008370606414973735,0.027666689455509187,0.0,0.007894295267760754,0.0,0.11843442916870117
9418,9.274097537854686e-05,0.006093089375644923,0.007985004037618638,0.029856886714696884,0.0,0.008004240691661835,0.0,0.11841553449630737
9419,9.586653322912753e-05,0.0061173785477876665,0.00741635886952281,0.029088857397437096,0.0,0.008035237900912762,0.0,0.11840714514255524
9420,9.107865043915808e-05,0.006077993474900722,0.007957356330007315,0.028615352883934974,0.0,0.007990759797394276,0.0,0.11842773109674454
9421,9.453752572881058e-05,0.00614982359111309,0.008310030214488506,0.03048459142446518,0.0,0.007898582145571709,0.0,0.11845065653324127
9422,0.00010112588061019778,0.006139126978814602,0.008456557337194682,0.030009722337126732,0.0,0.007793118245899677,0.0,0.11846642196178436
9423,9.615395101718605e-05,0.006272220332175493,0.008145110961049796,0.029727107286453246,0.0,0.007695979438722134,0.0,0.11847071349620819
9424,0.0001024641838739626,0.006132022477686405,0.00858154185116291,0.02792423851788044,0.0,0.007678986992686987,0.0,0.1184702143073082
9425,9.151814301731065e-05,0.00597127927467227,0.007606407906860113,0.029585598036646843,0.0,0.007669760379940271,0.0,0.1184748038649559
9426,9.616211173124611e-05,0.00606588339433074,0.008035292197018862,0.027568430826067924,0.0,0.00762187922373414,0.0,0.11845578998327255
9427,9.159752808045596e-05,0.006083475518971681,0.007835809048265219,0.02966306284070015,0.0,0.007550202310085297,0.0,0.11843059957027435
9428,9.933363035088404e-05,0.006010236963629722,0.007705011125653982,0.029281125590205192,0.0,0.007484309375286102,0.0,0.11842799186706543
9429,9.111890249187126e-05,0.006191511452198028,0.008536545000970364,0.028390735760331152,0.0,0.007429169956594706,0.0,0.11843551695346832
9430,9.659687493694946e-05,0.00618143305182457,0.008427744545042515,0.02924345210194588,0.0,0.007374034728854895,0.0,0.11843335628509521
9431,9.94976406218484e-05,0.006252438575029373,0.00789908403530717,0.029575079679489136,0.0,0.007341392338275909,0.0,0.1184377521276474
9432,9.216228208970278e-05,0.006087649613618851,0.008261561021208763,0.028704570978879927,0.0,0.007331599481403828,0.0,0.11843220144510269
9433,9.187088580802083e-05,0.005962712876498699,0.008464871626347303,0.028512383252382277,0.0,0.007325360085815191,0.0,0.11843105405569077
9434,9.338193776784465e-05,0.006221740506589413,0.007813877426087856,0.028696563094854355,0.0,0.007304377853870392,0.0,0.11843405663967133
9435,9.521269385004416e-05,0.006072686892002821,0.008303486835211515,0.028728415071964265,0.0,0.0072736600413918495,0.0,0.11843538284301758
9436,9.911522211041302e-05,0.006132078822702169,0.00787628386169672,0.028367119282484053,0.0,0.007265123073011637,0.0,0.11843204498291016
9437,8.81924177519977e-05,0.006178585533052683,0.00806455099955201,0.0288016390055418,0.0,0.007238271180540323,0.0,0.11841922998428345
9438,9.560873004375026e-05,0.0061650024726986885,0.008275296445935965,0.0294682364910841,0.0,0.007206283509731293,0.0,0.11840973794460297
9439,0.0001005015496048145,0.0061180292628705505,0.008380353916436434,0.0299822848290205,0.0,0.0072622536681592464,0.0,0.1184125542640686
9440,9.38800789299421e-05,0.006255597062408924,0.008644616603851319,0.029791797697544097,0.0,0.007354125380516052,0.0,0.11842785030603409
9441,9.769652970135212e-05,0.006086004804819823,0.008360343053936958,0.028928589820861817,0.0,0.007392818573862314,0.0,0.11843683570623398
9442,9.090723033295944e-05,0.006138952448964119,0.008446874190121889,0.029169514030218124,0.0,0.007401206996291876,0.0,0.11843238025903702
9443,9.699615184217691e-05,0.0062224484980106355,0.008445163909345865,0.028187117725610732,0.0,0.0074127004481852055,0.0,0.11842181533575058
9444,0.00010171618923777714,0.006339589133858681,0.008934477344155312,0.029229837656021117,0.0,0.0074383653700351715,0.0,0.11840877681970596
9445,0.00010502106160856784,0.0061825023032724856,0.007982224412262439,0.029373016208410263,0.0,0.00747982133179903,0.0,0.1183965802192688
9446,9.571221889927983e-05,0.006254323199391365,0.008335825614631176,0.02823091223835945,0.0,0.007509256713092327,0.0,0.11838799715042114
9447,9.732274629641325e-05,0.0060214783065021035,0.008265460096299648,0.03011317327618599,0.0,0.007514003664255142,0.0,0.1183868870139122
9448,9.253598254872486e-05,0.006221142224967479,0.007989889103919267,0.029398687928915024,0.0,0.0074960640631616116,0.0,0.11840113252401352
9449,9.049475484061986e-05,0.006264285463839769,0.007989064045250415,0.028895415738224982,0.0,0.007452717516571283,0.0,0.11840184777975082
9450,9.942180622601882e-05,0.006193318217992782,0.0080402753315866,0.02764134220778942,0.0,0.007524039596319199,0.0,0.11839190870523453
9451,9.576265583746135e-05,0.006036857236176729,0.008076489344239235,0.028870707005262376,0.0,0.007673980202525854,0.0,0.11837828159332275
9452,9.137252491200342e-05,0.006056996714323759,0.007837939541786909,0.027794571593403816,0.0,0.007821737788617611,0.0,0.11838259547948837
9453,9.488990617683158e-05,0.006189135368913412,0.007678882591426373,0.029230833798646928,0.0,0.007892393507063389,0.0,0.11838223040103912
9454,9.478969441261143e-05,0.00602735010907054,0.007565103471279144,0.02960001789033413,0.0,0.007892878726124763,0.0,0.11838336288928986
9455,9.526321227895095e-05,0.006167194806039333,0.007835845183581113,0.030041255056858063,0.0,0.007832253351807594,0.0,0.11838537454605103
9456,9.669103164924308e-05,0.006259120348840952,0.008629199955612421,0.02896013930439949,0.0,0.007747507654130459,0.0,0.1183948665857315
9457,8.981717255664989e-05,0.00608228575438261,0.009305318631231786,0.030863969027996062,0.0,0.0076508549973368645,0.0,0.11840216815471649
9458,9.585312654962763e-05,0.006119921244680882,0.008693813160061837,0.028614679351449013,0.0,0.007544835563749075,0.0,0.11841388046741486
9459,9.738298249430954e-05,0.006230819411575795,0.0087803540751338,0.027882026508450508,0.0,0.00745463278144598,0.0,0.11841078847646713
9460,9.424224554095417e-05,0.006220526993274689,0.008419924788177014,0.028622310608625412,0.0,0.007411097176373005,0.0,0.11839858442544937
9461,9.897016425384209e-05,0.006036695465445519,0.007553886063396931,0.029547838494181633,0.0,0.007446936331689358,0.0,0.11839635670185089
9462,9.540296450722962e-05,0.006297136470675468,0.008228394947946072,0.028434865921735764,0.0,0.007474273443222046,0.0,0.11840397119522095
9463,0.00010087995033245534,0.006024604011327028,0.008559785783290863,0.02881029583513737,0.0,0.007515314966440201,0.0,0.11839630454778671
9464,0.00010007348173530772,0.006404703017324209,0.008415455557405948,0.02838238999247551,0.0,0.007537097670137882,0.0,0.11839201301336288
9465,9.440094872843474e-05,0.006182416528463364,0.007972543779760598,0.02968040183186531,0.0,0.007531293667852879,0.0,0.11838658154010773
9466,9.912550012813881e-05,0.0062146601267158985,0.008201815560460091,0.029260266944766043,0.0,0.007505205925554037,0.0,0.11838237941265106
9467,9.52408168814145e-05,0.006229967903345823,0.00831221267580986,0.028704265505075453,0.0,0.007475364953279495,0.0,0.11839528381824493
9468,0.0001007808357826434,0.006199400871992111,0.007930992543697358,0.028466982394456865,0.0,0.007425408810377121,0.0,0.11839000880718231
9469,9.579730831319467e-05,0.00636076619848609,0.0076475381851196286,0.02669599764049053,0.0,0.0073761167004704475,0.0,0.11837784200906754
9470,9.458708664169534e-05,0.0061138438060879706,0.00849463976919651,0.028937866166234016,0.0,0.007368095219135284,0.0,0.11836037784814835
9471,9.338602103525773e-05,0.006203923001885414,0.008630137518048286,0.029607030749320983,0.0,0.007376458495855331,0.0,0.11833073198795319
9472,0.00010124626714969054,0.0062256019562482836,0.008724640682339668,0.028127862513065337,0.0,0.0073773423209786415,0.0,0.11831103265285492
9473,9.74721770035103e-05,0.006013059336692095,0.008237752690911293,0.028871745616197587,0.0,0.007364685647189617,0.0,0.11831040680408478
9474,9.077689610421657e-05,0.006168736144900322,0.007892655953764916,0.030518319830298422,0.0,0.007324217818677425,0.0,0.11831362545490265
9475,9.224226523656398e-05,0.006158303935080767,0.008148637879639865,0.029087838903069495,0.0,0.007270540110766888,0.0,0.11832686513662338
9476,9.686694102128968e-05,0.006079873722046614,0.007937905378639698,0.030693970248103143,0.0,0.007206764072179794,0.0,0.11835126578807831
9477,9.45053092436865e-05,0.005820520594716072,0.007634451240301132,0.028957638517022134,0.0,0.007149928715080023,0.0,0.11837892234325409
9478,9.988959936890751e-05,0.006268619373440742,0.007609105948358774,0.028944361954927444,0.0,0.007127062417566776,0.0,0.11839821189641953
9479,9.206084796460345e-05,0.005881303828209639,0.008524543419480324,0.029984018579125405,0.0,0.007144647650420666,0.0,0.11840381473302841
9480,9.605862142052502e-05,0.006102450005710125,0.008046025969088077,0.029841965809464455,0.0,0.007170823868364096,0.0,0.11839735507965088
9481,9.832495561568066e-05,0.0061151481233537195,0.008254574798047542,0.029393764585256575,0.0,0.007227023597806692,0.0,0.11839435994625092
9482,8.652814867673441e-05,0.006188155338168144,0.007912038080394267,0.028715335205197333,0.0,0.007278234697878361,0.0,0.1184006780385971
9483,9.146896336460486e-05,0.005834828689694404,0.007929362915456295,0.029652401432394983,0.0,0.007363390177488327,0.0,0.11840447038412094
9484,9.307299769716338e-05,0.006017727591097355,0.007722347415983677,0.02949392795562744,0.0,0.0074614486657083035,0.0,0.11840096861124039
9485,0.00010673633369151503,0.006107407715171575,0.008082024473696946,0.029359350353479384,0.0,0.007507450878620148,0.0,0.118392214179039
9486,0.00010461410274729133,0.00629079807549715,0.007780511491000652,0.03057825453579426,0.0,0.0075081465765833855,0.0,0.11838395893573761
9487,9.841558057814837e-05,0.006194570939987898,0.00762819703668356,0.028744492679834366,0.0,0.007500459905713797,0.0,0.11838440597057343
9488,0.00010505023383302614,0.006043182872235775,0.008368729893118144,0.028600983694195746,0.0,0.007509142160415649,0.0,0.11838551610708237
9489,0.00010298750567017123,0.006231583841145039,0.008622263930737973,0.0286730132997036,0.0,0.00751043576747179,0.0,0.11837173998355865
9490,9.647208644310012e-05,0.0059503050521016124,0.008747614454478025,0.029880811274051667,0.0,0.007484254892915487,0.0,0.11834953725337982
9491,0.00010266488534398377,0.006175122782588005,0.009017379209399223,0.029869536682963372,0.0,0.0074554868042469025,0.0,0.11833697557449341
9492,9.642285585869104e-05,0.006130222883075476,0.009050773829221726,0.02930266447365284,0.0,0.0074120983481407166,0.0,0.11832314729690552
9493,9.952054970199242e-05,0.006192316953092814,0.008663791231811047,0.02870194651186466,0.0,0.007358292583376169,0.0,0.11831250041723251
9494,9.532347321510315e-05,0.0060734481550753115,0.008558262512087822,0.030444904044270516,0.0,0.00734691321849823,0.0,0.11831998825073242
9495,9.621372300898657e-05,0.0060308994725346565,0.007991542294621467,0.028783958032727243,0.0,0.00747319171205163,0.0,0.11832468211650848
9496,0.00010338150314055383,0.00631860475987196,0.00821382161229849,0.029429800063371658,0.0,0.007613637484610081,0.0,0.11830931901931763
9497,9.518634615233169e-05,0.006194484792649746,0.008053797017782926,0.027898997813463212,0.0,0.007693591061979532,0.0,0.118288554251194
9498,0.00010016397427534685,0.006409221049398184,0.008382314816117287,0.027903078123927116,0.0,0.0077286227606236935,0.0,0.11827071756124496
9499,9.519785817246884e-05,0.006163632869720459,0.007779216393828392,0.02796761319041252,0.0,0.007740332745015621,0.0,0.11825166642665863
9500,0.00010566757555352524,0.006080090161412954,0.007543849851936102,0.02720026597380638,0.0,0.007698257453739643,0.0,0.11822843551635742
9501,9.169366676360368e-05,0.005907347239553928,0.007968156691640615,0.03050121068954468,0.0,0.00765386363491416,0.0,0.11822056770324707
9502,0.00010323706519557163,0.006200919393450022,0.00816636011004448,0.0284847192466259,0.0,0.0076157404109835625,0.0,0.11822202056646347
9503,9.508519287919626e-05,0.006115084607154131,0.008512090146541595,0.02971288450062275,0.0,0.007582273334264755,0.0,0.1182401180267334
9504,0.00010720325517468154,0.006140523310750723,0.008411685191094875,0.029421036690473558,0.0,0.007567291148006916,0.0,0.11826708167791367
9505,0.00010393663687864318,0.006139780022203922,0.008252105582505465,0.029040461778640746,0.0,0.007554669864475727,0.0,0.11827631294727325
9506,0.00010106760746566578,0.005892341490834951,0.00815198989585042,0.02886364348232746,0.0,0.007542621344327927,0.0,0.11827536672353745
9507,9.549083333695307e-05,0.006079226918518543,0.008190802857279777,0.027608658000826836,0.0,0.007527104113250971,0.0,0.1182626336812973
9508,9.490767697570846e-05,0.006218869797885418,0.007981478236615658,0.028301697224378586,0.0,0.007486902177333832,0.0,0.11825740337371826
9509,9.379463881487027e-05,0.0060203964821994305,0.008612226787954569,0.028603047505021094,0.0,0.007450266741216183,0.0,0.11825301498174667
9510,9.623838996049016e-05,0.006023679673671722,0.00861092023551464,0.030264320969581603,0.0,0.007414376828819513,0.0,0.11825604736804962
9511,9.706803830340504e-05,0.0060907824896276,0.00818113312125206,0.02931603342294693,0.0,0.0074349669739604,0.0,0.11826737225055695
9512,9.325939317932353e-05,0.0060350137762725355,0.008160737715661526,0.03048061430454254,0.0,0.007466139737516642,0.0,0.11827941983938217
9513,9.655539906816557e-05,0.005891535524278879,0.008170811645686626,0.028004778176546098,0.0,0.007509790360927582,0.0,0.11828651279211044
9514,9.629283886170015e-05,0.006205094698816538,0.008348495606333018,0.028698062896728514,0.0,0.007640521973371506,0.0,0.11828704923391342
9515,9.41234378842637e-05,0.006176326423883438,0.008088861033320427,0.029930447041988373,0.0,0.007852843031287193,0.0,0.11829562485218048
9516,9.95720736682415e-05,0.0061901168897748,0.008772441931068898,0.028838369995355606,0.0,0.00798607524484396,0.0,0.11830846220254898
9517,9.669860010035336e-05,0.0061767916195094585,0.008860884234309196,0.028794747963547706,0.0,0.007994968444108963,0.0,0.1183098778128624
9518,9.707539284136147e-05,0.006010245904326439,0.008566002734005452,0.029096688702702524,0.0,0.00793191697448492,0.0,0.1183038204908371
9519,9.875228279270232e-05,0.005997014231979847,0.008156665321439504,0.02880828231573105,0.0,0.007867577485740185,0.0,0.11829884350299835
9520,9.731416212162003e-05,0.006322867423295975,0.00829455852508545,0.029076626524329185,0.0,0.007787850685417652,0.0,0.11830122768878937
9521,0.00010656930826371535,0.006213176529854536,0.008171892073005439,0.029741623997688295,0.0,0.007696198765188456,0.0,0.11830615997314453
9522,9.850675705820322e-05,0.0060691569931805136,0.008155540842562915,0.02908751294016838,0.0,0.007668370846658945,0.0,0.11831636726856232
9523,9.840260609053075e-05,0.006251049600541592,0.008537218999117612,0.02905697822570801,0.0,0.007675352040678263,0.0,0.11832771450281143
9524,9.00191575055942e-05,0.00628656754270196,0.008151188492774963,0.028507813811302185,0.0,0.007744789123535156,0.0,0.11831972748041153
9525,9.707088611321524e-05,0.006081615202128887,0.007753941975533962,0.027677581086754798,0.0,0.0078093186020851135,0.0,0.11830143630504608
9526,0.00010014341823989525,0.006282483041286468,0.008298182301223278,0.030027962848544122,0.0,0.007818684913218021,0.0,0.1182904839515686
9527,9.952809050446376e-05,0.006104541476815939,0.007905614655464887,0.0290078092366457,0.0,0.0078099193051457405,0.0,0.11828619241714478
9528,9.175466111628338e-05,0.006009392999112606,0.008282796386629343,0.029224662855267525,0.0,0.007774831261485815,0.0,0.1182800754904747
9529,9.381146228406578e-05,0.006007139291614294,0.008552679046988487,0.027946314588189126,0.0,0.0077008893713355064,0.0,0.11827081441879272
9530,9.485252667218447e-05,0.006281779054552317,0.007650330942124128,0.028029968589544298,0.0,0.007670310791581869,0.0,0.11827434599399567
9531,9.666259720688685e-05,0.0059321877546608445,0.007906445115804673,0.029982445016503333,0.0,0.007714617066085339,0.0,0.11829511821269989
9532,8.988156478153541e-05,0.006314446404576302,0.008136448636651038,0.028702755644917487,0.0,0.007740685250610113,0.0,0.1183275580406189
9533,9.273579489672556e-05,0.0060449914075434204,0.007969500124454498,0.028493012487888335,0.0,0.0077034360729157925,0.0,0.11834201961755753
9534,9.4659770547878e-05,0.006026570312678814,0.008177477307617665,0.028868045285344125,0.0,0.0076331184245646,0.0,0.11834516376256943
9535,9.471598459640518e-05,0.006160726770758629,0.008198519796133041,0.029223021119832993,0.0,0.007597147487103939,0.0,0.11834874004125595
9536,9.671418083598838e-05,0.006238919030874967,0.008180598542094231,0.028523093089461327,0.0,0.007578396704047918,0.0,0.1183449998497963
9537,8.979278063634411e-05,0.00629823599010706,0.00810589287430048,0.02949701063334942,0.0,0.007578781805932522,0.0,0.11833170801401138
9538,9.794527140911668e-05,0.006108648795634508,0.007937187887728214,0.028831201791763305,0.0,0.007581871002912521,0.0,0.1183081716299057
9539,0.00010090218274854124,0.006146588921546936,0.00803911779075861,0.0290388785302639,0.0,0.007551899645477533,0.0,0.11829935014247894
9540,9.785971778910607e-05,0.0063105707988142965,0.007551052793860436,0.02836633287370205,0.0,0.007527142763137817,0.0,0.1183004155755043
9541,0.00010049671691376716,0.006060834974050522,0.007675710413604975,0.028061890229582786,0.0,0.007557283155620098,0.0,0.11830711364746094
9542,0.00010289646597811952,0.006301368679851293,0.007552207261323929,0.03003803305327892,0.0,0.00757796224206686,0.0,0.11832072585821152
9543,9.192242723656818e-05,0.005896130297333002,0.007208129577338696,0.029618899524211883,0.0,0.007573351263999939,0.0,0.11833540350198746
9544,0.00010065210954053327,0.006042257044464349,0.007159782480448485,0.028680015727877615,0.0,0.0075448984280228615,0.0,0.11833678185939789
9545,9.657460323069245e-05,0.006020371709018946,0.007455743569880724,0.02793714068830013,0.0,0.007488185074180365,0.0,0.11832741647958755
9546,9.397846006322652e-05,0.006170426402240992,0.007614562008529902,0.029078558832407,0.0,0.007416125386953354,0.0,0.11832289397716522
9547,0.00010869343823287636,0.005992553103715182,0.007210484240204096,0.029732482507824898,0.0,0.007380489259958267,0.0,0.11832834780216217
9548,9.449580393265933e-05,0.006092291511595249,0.007910245191305875,0.028626421838998793,0.0,0.007368635386228561,0.0,0.11834491789340973
9549,9.806283778743819e-05,0.0061437968164682385,0.008318405598402023,0.0289517130702734,0.0,0.007432050071656704,0.0,0.11836181581020355
9550,9.381817071698605e-05,0.006349682062864304,0.008077170886099338,0.028233148157596588,0.0,0.007539238780736923,0.0,0.11837569624185562
9551,9.749451273819432e-05,0.006419872399419546,0.007948639895766973,0.028747692331671716,0.0,0.007656401488929987,0.0,0.11839284747838974
9552,0.00010127005662070587,0.0061194153502583505,0.0077390741556882855,0.029027744382619857,0.0,0.00772882392629981,0.0,0.11839593946933746
9553,0.00010320742585463449,0.005991396307945251,0.007972461264580488,0.02983657345175743,0.0,0.00774649390950799,0.0,0.11838086694478989
9554,0.00010136015916941687,0.006143663078546524,0.008267781604081393,0.028649245202541352,0.0,0.007768771145492792,0.0,0.11838091909885406
9555,0.00010187312727794051,0.006318738404661417,0.00793596412986517,0.028448356315493584,0.0,0.007769132498651743,0.0,0.118385449051857
9556,0.00010718425037339329,0.006215467769652605,0.007808524928987026,0.029140807315707208,0.0,0.007741531822830439,0.0,0.11838626861572266
9557,0.0001009492261800915,0.005969916749745607,0.007449734583497047,0.0285182423889637,0.0,0.007698052562773228,0.0,0.11838078498840332
9558,9.770990727702156e-05,0.0062137158587574955,0.00771544324234128,0.02844758629798889,0.0,0.007624527905136347,0.0,0.11836498975753784
9559,9.399405244039371e-05,0.006173661909997463,0.007852161582559348,0.02997968830168247,0.0,0.007545949425548315,0.0,0.11834569275379181
9560,9.923122852342203e-05,0.006211901362985372,0.007240879442542791,0.028671281412243843,0.0,0.0074696592055261135,0.0,0.11833874881267548
9561,8.971077768364921e-05,0.006187798175960779,0.007668340485543013,0.028723344579339026,0.0,0.007417411543428898,0.0,0.11833465099334717
9562,9.444461320526898e-05,0.006131203286349774,0.007441752310842276,0.029874008893966675,0.0,0.007367982063442469,0.0,0.11832928657531738
9563,0.00010068033880088479,0.00612298771739006,0.007726855296641588,0.02918655127286911,0.0,0.007334854453802109,0.0,0.11831396818161011
9564,9.509961964795365e-05,0.006043022684752941,0.008044018410146236,0.028686773404479025,0.0,0.007320130709558725,0.0,0.11831913888454437
9565,9.384160803165287e-05,0.005925550404936075,0.007657433673739433,0.029631470516324043,0.0,0.007354803383350372,0.0,0.11833520233631134
9566,9.770067990757524e-05,0.006062029115855694,0.008122334629297257,0.028422658145427705,0.0,0.0073836795054376125,0.0,0.11834187805652618
9567,9.995693835662678e-05,0.005772591382265091,0.007767482940107584,0.028042076900601388,0.0,0.007370230741798878,0.0,0.11834627389907837
9568,9.868976339930669e-05,0.006113698985427618,0.00765933096408844,0.029570084437727927,0.0,0.0073313950560987,0.0,0.1183340772986412
9569,0.00010669338662410155,0.006113854702562094,0.007644592318683863,0.028994808346033095,0.0,0.007291310466825962,0.0,0.11832918971776962
9570,9.441340662306175e-05,0.00609976127743721,0.007818309124559164,0.029249856248497963,0.0,0.007304995320737362,0.0,0.11833108961582184
9571,9.22758350498043e-05,0.0061120990663766864,0.00781856570392847,0.027522457763552666,0.0,0.007331726606935263,0.0,0.1183381900191307
9572,9.791656484594568e-05,0.0060508414171636105,0.007367778662592172,0.028283233195543288,0.0,0.007322398014366627,0.0,0.11834392696619034
9573,9.736645297380165e-05,0.006204873509705067,0.007292485423386097,0.028486238792538643,0.0,0.007312185131013393,0.0,0.11835722625255585
9574,9.982590709114447e-05,0.006196060124784708,0.007981078326702118,0.029037819430232047,0.0,0.007298145443201065,0.0,0.11837925016880035
9575,9.232150332536549e-05,0.005952691566199065,0.007748326379805803,0.02940174676477909,0.0,0.007262588944286108,0.0,0.11839902400970459
9576,0.00010253357031615451,0.005978910904377699,0.00777475954964757,0.0281988438218832,0.0,0.0072258235886693,0.0,0.11841461807489395
9577,9.107157966354862e-05,0.006118075363337994,0.007692707329988479,0.02890098690986633,0.0,0.007185988128185272,0.0,0.11839272081851959
9578,9.296005737269297e-05,0.006263597961515188,0.0075707296840846535,0.029278627783060073,0.0,0.007143116556107998,0.0,0.11836256831884384
9579,9.903827885864303e-05,0.006091298907995224,0.007809168938547373,0.028267461434006692,0.0,0.007105229888111353,0.0,0.11834516376256943
9580,9.567605593474582e-05,0.006314207240939141,0.008138570748269559,0.02945367284119129,0.0,0.007102989591658115,0.0,0.11833449453115463
9581,9.663557138992474e-05,0.006107618194073438,0.007931640651077033,0.02882363311946392,0.0,0.007135074585676193,0.0,0.11835231631994247
9582,9.475466795265675e-05,0.006241392064839602,0.007649887818843126,0.030024638026952745,0.0,0.007156080100685358,0.0,0.11837773025035858
9583,9.103861812036485e-05,0.0060071618296206,0.0076930074021220205,0.02968905307352543,0.0,0.007156741805374622,0.0,0.1183953508734703
9584,9.137421729974449e-05,0.00606587789952755,0.00738885561004281,0.028708884865045546,0.0,0.007143234368413687,0.0,0.11841251701116562
9585,9.319284290540964e-05,0.006046476867049932,0.006792885717004538,0.028826117143034936,0.0,0.007111571729183197,0.0,0.11842049658298492
9586,0.00010388472292106598,0.006107561383396387,0.007307141181081533,0.029637622833251952,0.0,0.0070648775435984135,0.0,0.11843083798885345
9587,9.154328872682527e-05,0.006340942624956369,0.0071465099230408665,0.029423923790454866,0.0,0.007026658859103918,0.0,0.11845177412033081
9588,9.014986862894147e-05,0.006057678535580635,0.007667655125260353,0.03046007677912712,0.0,0.00703652948141098,0.0,0.11846499145030975
9589,0.00010305160540156067,0.006106195133179426,0.00797173399478197,0.02978973127901554,0.0,0.007078041788190603,0.0,0.11846046149730682
9590,9.53848022618331e-05,0.005863553378731012,0.008066921215504407,0.028721166774630547,0.0,0.007115982472896576,0.0,0.11845649778842926
9591,9.840967395575717e-05,0.006119803432375193,0.007662925962358713,0.029240801557898523,0.0,0.007121451199054718,0.0,0.11843729019165039
9592,8.568877965444698e-05,0.00604869443923235,0.007947634067386388,0.02865605466067791,0.0,0.007097055669873953,0.0,0.11842276155948639
9593,9.590239351382479e-05,0.006266922038048506,0.00816426072269678,0.028552737832069398,0.0,0.0071262456476688385,0.0,0.11842276901006699
9594,9.217391052516178e-05,0.006248239893466234,0.00790292965248227,0.028716069459915162,0.0,0.007283427752554417,0.0,0.11842978000640869
9595,9.520731255179271e-05,0.006225267332047224,0.007692241296172142,0.02941899262368679,0.0,0.007437494583427906,0.0,0.11842391639947891
9596,9.733805782161654e-05,0.006117457896471024,0.007850177865475417,0.02939549498260021,0.0,0.0075088320299983025,0.0,0.11841233819723129
9597,0.00010486443352419883,0.006049168203026057,0.007451484724879265,0.028900756686925887,0.0,0.007524700369685888,0.0,0.11840760707855225
9598,9.874017705442384e-05,0.006168233882635832,0.007325458247214556,0.02837391905486584,0.0,0.007503377739340067,0.0,0.1184196025133133
9599,0.00010900955385295674,0.006172993220388889,0.0075999123044312,0.029959137365221978,0.0,0.007448161486536264,0.0,0.11843149363994598
9600,9.883833263302222e-05,0.006178443413227796,0.0074198427610099316,0.02934084050357342,0.0,0.007399623282253742,0.0,0.11845403909683228
9601,0.00010236028028884903,0.006111552659422159,0.00752351563423872,0.029229651391506194,0.0,0.007406804710626602,0.0,0.11847798526287079
9602,0.00010245589801343158,0.006148308236151934,0.007314265333116054,0.029521160945296287,0.0,0.007402909453958273,0.0,0.11849670112133026
9603,9.261922241421416e-05,0.006068634893745184,0.007520479150116444,0.02908790409564972,0.0,0.007367556449025869,0.0,0.1184990257024765
9604,9.861811413429678e-05,0.006144046876579523,0.007955650612711907,0.027916105464100838,0.0,0.007365754339843988,0.0,0.11849256604909897
9605,0.00010056203464046121,0.006205956544727087,0.008769823983311654,0.028341932222247124,0.0,0.007459896616637707,0.0,0.11847656965255737
9606,9.168904507532716e-05,0.006074739340692759,0.008133406843990087,0.029397597536444664,0.0,0.007600771728903055,0.0,0.11846049129962921
9607,9.516934514977037e-05,0.006016763579100371,0.008391155023127794,0.028681396692991256,0.0,0.0077054440043866634,0.0,0.11845137178897858
9608,0.0001054162872605957,0.006069136131554842,0.00828268676996231,0.02896904610097408,0.0,0.00773437786847353,0.0,0.11844493448734283
9609,0.0001004797377390787,0.006040254049003125,0.008588647842407227,0.02864423394203186,0.0,0.007707039825618267,0.0,0.11844182014465332
9610,9.947242797352374e-05,0.006099846307188272,0.007780287507921457,0.028721687942743303,0.0,0.007672928273677826,0.0,0.11844980716705322
9611,9.493123943684622e-05,0.005894013307988643,0.00759309520944953,0.02903399020433426,0.0,0.007694867439568043,0.0,0.11846597492694855
9612,9.617910109227523e-05,0.006185668800026178,0.008069900888949632,0.0287081778049469,0.0,0.007722408510744572,0.0,0.11848125606775284
9613,9.407097095390782e-05,0.005942246783524752,0.007832692563533783,0.029725398495793344,0.0,0.007702452130615711,0.0,0.1184903234243393
9614,9.621304197935388e-05,0.006173145119100809,0.0076336094178259374,0.03037421517074108,0.0,0.007634972687810659,0.0,0.11849592626094818
9615,0.00010967458074446767,0.006141429860144853,0.007810030598193407,0.02951710522174835,0.0,0.007534593343734741,0.0,0.1185242161154747
9616,9.311843168688939e-05,0.006207352317869663,0.00762030752375722,0.02978353127837181,0.0,0.0074189393781125546,0.0,0.1185508593916893
9617,9.66331601375714e-05,0.005943355057388544,0.00784230548888445,0.029681967571377754,0.0,0.007398631423711777,0.0,0.11855646222829819
9618,9.593530849087984e-05,0.006143061071634292,0.007535266503691673,0.02929611913859844,0.0,0.007551638875156641,0.0,0.11857329308986664
9619,9.385538432979957e-05,0.006024899147450924,0.008231203351169825,0.028048940002918243,0.0,0.007685983087867498,0.0,0.11857620626688004
9620,9.163493377855048e-05,0.006357207708060741,0.007737973798066377,0.02767612934112549,0.0,0.007834354415535927,0.0,0.11857229471206665
9621,8.925855217967182e-05,0.006249760091304779,0.007444644812494516,0.02900569550693035,0.0,0.007938621565699577,0.0,0.1185571551322937
9622,9.854777599684894e-05,0.006134263519197702,0.00812364686280489,0.028566225618124007,0.0,0.00798293761909008,0.0,0.11853500455617905
9623,9.589498513378203e-05,0.006140224821865559,0.008329152595251799,0.029131166636943817,0.0,0.008042342960834503,0.0,0.11851062625646591
9624,9.63506317930296e-05,0.006130395829677582,0.007352865021675825,0.02998785488307476,0.0,0.008073507808148861,0.0,0.11848703771829605
9625,0.00010374643316026776,0.006333603896200657,0.008189408946782351,0.028831927850842477,0.0,0.008034305647015572,0.0,0.11847833544015884
9626,9.128347010118887e-05,0.005971291847527027,0.007532385084778071,0.029009393602609634,0.0,0.007991882972419262,0.0,0.11847873777151108
9627,9.891875379253179e-05,0.0060152034275233746,0.007079357653856278,0.028448497131466865,0.0,0.007968965917825699,0.0,0.1184786930680275
9628,9.319562523160129e-05,0.006116918195039034,0.007500063069164753,0.02935477942228317,0.0,0.007952384650707245,0.0,0.11846723407506943
9629,9.885046019917355e-05,0.006220520008355379,0.007705405168235302,0.028417351841926574,0.0,0.007910674437880516,0.0,0.11846750974655151
9630,9.575823205523192e-05,0.00589351849630475,0.0071325420401990415,0.028583062440156938,0.0,0.007882337085902691,0.0,0.11847513914108276
9631,9.128949168371036e-05,0.0060539253987371925,0.0071568615734577175,0.02808346040546894,0.0,0.0078359916806221,0.0,0.11846864223480225
9632,9.739816596265882e-05,0.006085930112749338,0.007839726470410823,0.02819209024310112,0.0,0.007807654794305563,0.0,0.11846117675304413
9633,9.855702228378505e-05,0.006003813166171312,0.0076628000475466255,0.028968566656112672,0.0,0.007782681379467249,0.0,0.1184772253036499
9634,0.00010769170767161995,0.006069837510585785,0.007836858369410038,0.027448757737874984,0.0,0.007774817757308483,0.0,0.1184777021408081
9635,9.454145474592223e-05,0.00621131993830204,0.007865353487432003,0.028468489274382593,0.0,0.007789847441017628,0.0,0.11846047639846802
9636,9.377282985951751e-05,0.006163933966308832,0.007868877612054348,0.027727828547358512,0.0,0.007872126065194607,0.0,0.11844167858362198
9637,9.384575969306752e-05,0.0060979099944233894,0.007856141310185194,0.030078906565904617,0.0,0.007969129830598831,0.0,0.11842647939920425
9638,9.44077066378668e-05,0.006139262206852436,0.00856758076697588,0.02947210371494293,0.0,0.00798540748655796,0.0,0.11839606612920761
9639,8.880044333636761e-05,0.0062351197935640815,0.007992962002754211,0.02968673184514046,0.0,0.007930581457912922,0.0,0.11836936324834824
9640,9.091090760193765e-05,0.006093395128846169,0.008755322359502316,0.029522437229752542,0.0,0.007825645618140697,0.0,0.1183592677116394
9641,9.497278515482321e-05,0.005846528615802526,0.008443470671772957,0.02875490114092827,0.0,0.007724027149379253,0.0,0.11835131794214249
9642,0.00010468558029970154,0.006075262650847435,0.008278095722198486,0.02906646616756916,0.0,0.00767902797088027,0.0,0.11833520233631134
9643,9.699013608042151e-05,0.006008620280772448,0.007822025381028653,0.02771410681307316,0.0,0.007652816362679005,0.0,0.1183103546500206
9644,0.00010111159645020962,0.006142773758620023,0.008145970106124879,0.02775185592472553,0.0,0.007622707635164261,0.0,0.1182791143655777
9645,9.8981405608356e-05,0.006081109214574098,0.0077746731229126455,0.02926352508366108,0.0,0.0075846784748137,0.0,0.118258997797966
9646,0.00010042712383437902,0.00655929334461689,0.007709825970232486,0.029279034957289694,0.0,0.007585086859762669,0.0,0.11825569719076157
9647,9.708181169116869e-05,0.006182732898741961,0.007539018895477057,0.028627942129969598,0.0,0.0076152244582772255,0.0,0.11824704706668854
9648,9.688006102805957e-05,0.006089623644948005,0.006916017923504114,0.028073643520474433,0.0,0.007654954679310322,0.0,0.11823077499866486
9649,8.900738030206412e-05,0.006255264859646559,0.007437286246567964,0.030322903394699098,0.0,0.007675684988498688,0.0,0.11820038408041
9650,9.835158998612314e-05,0.006258862279355526,0.007447042874991894,0.028810883313417433,0.0,0.007784594781696796,0.0,0.11819417774677277
9651,9.143631614279002e-05,0.006066206470131874,0.008184666093438864,0.02841431014239788,0.0,0.007914720103144646,0.0,0.11821214109659195
9652,8.548292244086042e-05,0.006182964704930782,0.00838706288486719,0.028598551452159882,0.0,0.007962270639836788,0.0,0.11824236065149307
9653,9.37427656026557e-05,0.0061361327767372135,0.008472554385662079,0.028734131529927254,0.0,0.007932320237159729,0.0,0.11827150732278824
9654,8.873709448380396e-05,0.0062575946561992165,0.008350860886275768,0.028958340734243394,0.0,0.007859058678150177,0.0,0.11830325424671173
9655,9.261140075977892e-05,0.006004702765494585,0.007774297147989273,0.028898846358060837,0.0,0.0077909380197525024,0.0,0.11832904815673828
9656,9.538942103972658e-05,0.0062781904824078085,0.00818258598446846,0.028805235773324965,0.0,0.007733642123639584,0.0,0.1183430552482605
9657,9.819393890211358e-05,0.006232101935893297,0.007969853654503822,0.028265979140996933,0.0,0.007724319584667683,0.0,0.11835042387247086
9658,8.765113452682271e-05,0.005807769671082497,0.007917653769254684,0.02870897464454174,0.0,0.007770636584609747,0.0,0.11837227642536163
9659,9.548744128551334e-05,0.0060744152404367925,0.008203116059303284,0.028558448329567908,0.0,0.007821157574653625,0.0,0.11837516725063324
9660,0.00010203963611274958,0.005951389111578465,0.007577465008944273,0.029287933930754663,0.0,0.007829494774341583,0.0,0.11836417019367218
9661,9.731420286698266e-05,0.006111814454197883,0.007963807880878448,0.029372576624155045,0.0,0.007790209259837866,0.0,0.1183621883392334
9662,9.04778906260617e-05,0.0062168572098016735,0.007890421152114867,0.02894436977803707,0.0,0.007728908210992813,0.0,0.11835390329360962
9663,9.951642277883366e-05,0.006082983314990997,0.007521469797939062,0.028996846824884414,0.0,0.0077040293253958225,0.0,0.11835718154907227
9664,9.406902536284179e-05,0.0059533284045755865,0.007479401677846909,0.02859714739024639,0.0,0.007698577828705311,0.0,0.11837004125118256
9665,0.000101590329722967,0.006109488569200039,0.007429709006100893,0.029397813603281975,0.0,0.007696195505559444,0.0,0.11837206780910492
9666,9.636633039917797e-05,0.005797799583524466,0.007188358623534441,0.027224574610590933,0.0,0.00769177358597517,0.0,0.11837247759103775
9667,9.308917942689732e-05,0.006157527025789022,0.007206404488533736,0.029802022874355315,0.0,0.007684644311666489,0.0,0.11836838722229004
9668,9.506141650490463e-05,0.006311733182519675,0.007170109264552593,0.029222001135349274,0.0,0.007653741631656885,0.0,0.11836240440607071
9669,9.992361447075382e-05,0.006101010832935572,0.006995837297290563,0.029383542761206628,0.0,0.007592163980007172,0.0,0.1183503046631813
9670,9.281286329496652e-05,0.006169790867716074,0.007487950753420592,0.028801385685801505,0.0,0.007541581988334656,0.0,0.1183205097913742
9671,9.650053689256311e-05,0.006217738520354033,0.007229780033230782,0.028657464683055876,0.0,0.007507625967264175,0.0,0.11829729378223419
9672,9.625086095184087e-05,0.0062098135240375996,0.007479764800518751,0.02858712524175644,0.0,0.007522019557654858,0.0,0.11827719211578369
9673,9.587906242813915e-05,0.0063314978033304214,0.007321563642472028,0.030657578259706497,0.0,0.007542327977716923,0.0,0.11826392263174057
9674,9.164403163595126e-05,0.0059675158932805065,0.007381696160882712,0.029190019145607947,0.0,0.007541321218013763,0.0,0.11826112121343613
9675,9.162866917904467e-05,0.00609712228178978,0.008097898121923209,0.029222576692700387,0.0,0.007518556900322437,0.0,0.11824671179056168
9676,9.527962392894552e-05,0.006152808479964733,0.0077190007083117965,0.028781770914793014,0.0,0.007485424168407917,0.0,0.11823326349258423
9677,9.806251327972859e-05,0.0060384305194020275,0.008118698559701442,0.02908829003572464,0.0,0.00752614438533783,0.0,0.11822457611560822
9678,9.854039381025359e-05,0.006245709583163261,0.008072157856076956,0.028674238920211793,0.0,0.007586901541799307,0.0,0.11821118742227554
9679,0.00010441739141242579,0.006207060813903808,0.0090856546536088,0.02913011759519577,0.0,0.00761722307652235,0.0,0.11819911003112793
9680,9.211970464093611e-05,0.005995593965053558,0.009106830507516862,0.030170198157429697,0.0,0.00759713351726532,0.0,0.11820545047521591
9681,9.747091098688543e-05,0.00636010393500328,0.008052423782646655,0.02930111400783062,0.0,0.00754724582657218,0.0,0.11823257058858871
9682,0.0001011602915241383,0.005964868608862162,0.007965020276606083,0.028220764920115472,0.0,0.007502430118620396,0.0,0.11826672405004501
9683,9.510156378382817e-05,0.006035447306931019,0.007708282303065061,0.02831111066043377,0.0,0.007477535400539637,0.0,0.11829012632369995
9684,9.064447949640453e-05,0.0059113197959959505,0.007742589060217142,0.02798214480280876,0.0,0.007445118390023708,0.0,0.11829189211130142
9685,9.166952077066526e-05,0.006143633276224136,0.007915598712861538,0.028519586846232414,0.0,0.00747420871630311,0.0,0.1182808056473732
9686,0.0001061575094354339,0.0062401342205703255,0.007567672058939934,0.028605643659830093,0.0,0.007541678845882416,0.0,0.11827117204666138
9687,0.00010861718183150516,0.006091301795095205,0.007721238303929567,0.02868400365114212,0.0,0.007618344388902187,0.0,0.1182553768157959
9688,9.926381317200139e-05,0.0061446538195014,0.007240504398941994,0.02938169091939926,0.0,0.007699955254793167,0.0,0.11823910474777222
9689,0.00010483609949005768,0.006022629328072071,0.007088132854551077,0.028820271790027618,0.0,0.007762187626212835,0.0,0.11822720617055893
9690,0.00010022664500866085,0.0059840289875864984,0.007069038972258568,0.02829333208501339,0.0,0.0077683040872216225,0.0,0.11821423470973969
9691,0.00010362420871388168,0.005886803194880485,0.007802028581500054,0.027852247282862664,0.0,0.007712571416050196,0.0,0.11821222305297852
9692,9.997714660130441e-05,0.00624069469049573,0.007912515942007304,0.028290336206555366,0.0,0.007632988039404154,0.0,0.11819759756326675
9693,9.756588551681488e-05,0.006125329155474901,0.007983736973255873,0.029225723072886466,0.0,0.00755083654075861,0.0,0.11815949529409409
9694,9.900162840494885e-05,0.006129876151680947,0.007824801374226809,0.02844691202044487,0.0,0.007459048181772232,0.0,0.11813559383153915
9695,9.674277825979515e-05,0.006045225728303194,0.008112778514623642,0.02727644518017769,0.0,0.007373730186372995,0.0,0.1181139349937439
9696,9.606146486476063e-05,0.006035614665597678,0.00778976958245039,0.028927014023065568,0.0,0.0073249610140919685,0.0,0.11809809505939484
9697,0.00010026306117651984,0.006126776337623596,0.007861720863729715,0.029373839497566223,0.0,0.007333190646022558,0.0,0.11808941513299942
9698,9.555159485898911e-05,0.006229304149746895,0.007597467862069607,0.028133640810847283,0.0,0.007366011384874582,0.0,0.11809135973453522
9699,0.00010154588235309348,0.006224828772246838,0.008062991499900817,0.029649729281663893,0.0,0.007402597460895777,0.0,0.1180977076292038
9700,9.796128433663398e-05,0.006082478258758783,0.007729005347937345,0.029847819358110428,0.0,0.007432566024363041,0.0,0.11810381710529327
9701,0.00010268055921187624,0.00595081988722086,0.0074810019694268705,0.030313787609338762,0.0,0.00743256276473403,0.0,0.11812625080347061
9702,0.00010152589238714427,0.005967287532985211,0.007442284841090441,0.029177527129650115,0.0,0.0074066901579499245,0.0,0.11816762387752533
9703,9.786164155229926e-05,0.006253866013139486,0.007798848859965801,0.029746310040354728,0.0,0.00737788388505578,0.0,0.11820574849843979
9704,9.624691010685637e-05,0.006087623164057731,0.00750889852643013,0.029252370074391364,0.0,0.007351769600063562,0.0,0.1182335838675499
9705,9.022387384902686e-05,0.006011045444756747,0.007104126643389464,0.028506650030612944,0.0,0.0073138028383255005,0.0,0.11825282871723175
9706,9.851558570517227e-05,0.006455632485449314,0.0077544298022985455,0.029526687413454055,0.0,0.007291140966117382,0.0,0.11827738583087921
9707,9.684322722023354e-05,0.005899995379149914,0.007255238480865955,0.029971659556031226,0.0,0.007326260209083557,0.0,0.11829676479101181
9708,9.841877326834946e-05,0.005940182600170374,0.007291985675692558,0.02849549725651741,0.0,0.007370461709797382,0.0,0.11831776797771454
9709,0.00010418974998174235,0.006239697989076376,0.0073773544281721115,0.028289702162146567,0.0,0.007392872124910355,0.0,0.11832811683416367
9710,0.00010131363378604875,0.006267812568694353,0.006892862543463707,0.02806948609650135,0.0,0.007382987532764673,0.0,0.11832134425640106
9711,9.67297557508573e-05,0.006118154525756836,0.0075742373242974285,0.030070491135120392,0.0,0.007336534559726715,0.0,0.11831642687320709
9712,0.00010092305310536177,0.0063189628534018995,0.0072506674565374855,0.028125673532485962,0.0,0.007283520884811878,0.0,0.11832746118307114
9713,9.852586808847263e-05,0.006113970559090376,0.0073480972088873385,0.02930143065750599,0.0,0.007313333451747894,0.0,0.11834098398685455
9714,9.072471148101613e-05,0.006216154713183641,0.007534038182348013,0.03003639690577984,0.0,0.007381801959127188,0.0,0.11836441606283188
9715,9.582283091731369e-05,0.005990241374820471,0.007665881142020226,0.028831829503178596,0.0,0.00741972029209137,0.0,0.11837762594223022
9716,0.00010249305341858417,0.006316934898495674,0.008094803243875504,0.027446211501955985,0.0,0.007414370775222778,0.0,0.11838960647583008
9717,9.887087217066436e-05,0.00613422803580761,0.007943106908351183,0.028589850291609764,0.0,0.007416537497192621,0.0,0.11837297677993774
9718,9.487311326665804e-05,0.006166459154337644,0.007688078097999096,0.028031379356980322,0.0,0.007421382702887058,0.0,0.1183512955904007
9719,0.00010147716238861904,0.006011251918971538,0.007797702960669994,0.029836267605423926,0.0,0.007420740090310574,0.0,0.11833737045526505
9720,9.341689728898927e-05,0.006070240866392851,0.00771420756354928,0.03006734251976013,0.0,0.007436840329319239,0.0,0.11832962185144424
9721,9.70618988503702e-05,0.006048359163105488,0.00793706877157092,0.029251598566770554,0.0,0.007517398800700903,0.0,0.11832328885793686
9722,8.87621965375729e-05,0.006115903519093991,0.007646421901881695,0.029594454541802408,0.0,0.007709904573857784,0.0,0.11831210553646088
9723,9.439456334803253e-05,0.006152432970702648,0.0076154121197760105,0.029338643699884415,0.0,0.007902733981609344,0.0,0.11832090467214584
9724,9.754849597811698e-05,0.006185595877468586,0.007417321018874645,0.02993244007229805,0.0,0.008045637980103493,0.0,0.11832433938980103
9725,8.65653608343564e-05,0.006261148490011692,0.007121760118752718,0.027838017046451568,0.0,0.008129725232720375,0.0,0.11831875890493393
9726,9.088646183954551e-05,0.006185416411608457,0.007232406176626682,0.02832357883453369,0.0,0.008164487779140472,0.0,0.1183125227689743
9727,9.572059934725985e-05,0.006040325295180083,0.006972034275531769,0.027501703053712846,0.0,0.008141884580254555,0.0,0.11830158531665802
9728,0.00010105293476954102,0.006223826576024294,0.007352770585566759,0.029029420390725136,0.0,0.008090031333267689,0.0,0.11828838288784027
9729,9.742393740452826e-05,0.006117317080497742,0.007134911138564348,0.028637393936514856,0.0,0.008108234032988548,0.0,0.11829352378845215
9730,9.604343213140965e-05,0.006053906865417957,0.007419431675225496,0.028523272648453713,0.0,0.008127138949930668,0.0,0.11830885708332062
9731,9.112102852668614e-05,0.006127787474542856,0.007112239208072424,0.030009134113788603,0.0,0.008094350807368755,0.0,0.1183110922574997
9732,9.417436376679689e-05,0.006204330176115036,0.007070216163992882,0.030424683168530465,0.0,0.008016612380743027,0.0,0.11832749843597412
9733,9.825118759181351e-05,0.006149073783308268,0.007927539478987455,0.02769770286977291,0.0,0.007918840274214745,0.0,0.11836260557174683
9734,9.317761432612315e-05,0.006107116769999266,0.007967289350926877,0.027354642376303674,0.0,0.007846771739423275,0.0,0.11838339269161224
9735,9.111216349992901e-05,0.006121820490807295,0.007782601378858089,0.028741886839270592,0.0,0.007856707088649273,0.0,0.11839763075113297
9736,9.45138672250323e-05,0.006047853082418442,0.0076290609315037726,0.02857079543173313,0.0,0.00786626897752285,0.0,0.11839769035577774
9737,9.626908286008984e-05,0.006028194073587656,0.007983861118555069,0.029682636260986328,0.0,0.00783093273639679,0.0,0.11838214099407196
9738,9.872852970147506e-05,0.00615205904468894,0.0077676201239228245,0.02896358408033848,0.0,0.0077594006434082985,0.0,0.11837772279977798
9739,9.323966660303994e-05,0.006213186495006085,0.007975943107157945,0.028850067779421805,0.0,0.007677050773054361,0.0,0.11837033182382584
9740,9.078120638150722e-05,0.006080275308340788,0.007361913938075304,0.029427339136600495,0.0,0.007596749812364578,0.0,0.11836029589176178
9741,0.00010122423118446023,0.0062626244500279425,0.007004165556281805,0.029241883382201194,0.0,0.00751424441114068,0.0,0.11834714561700821
9742,9.402362193213775e-05,0.00628024348989129,0.007060407847166062,0.029315032437443732,0.0,0.007432154379785061,0.0,0.11834664642810822
9743,9.382274874951691e-05,0.006012017838656902,0.007177961990237236,0.029321331158280374,0.0,0.0073629627004265785,0.0,0.11835048347711563
9744,8.979428239399567e-05,0.00614993991330266,0.0072393413633108136,0.029430675879120828,0.0,0.007339611649513245,0.0,0.11836550384759903
9745,9.00411803741008e-05,0.006167073268443346,0.007317815441638231,0.02846544571220875,0.0,0.007328385021537542,0.0,0.11837230622768402
9746,9.594544972060248e-05,0.0060396441258490086,0.007362543698400259,0.0288856815546751,0.0,0.007305432111024857,0.0,0.1183634027838707
9747,9.881294681690633e-05,0.006164924800395965,0.0076240917667746546,0.02889319136738777,0.0,0.007265660911798477,0.0,0.11836782842874527
9748,0.00010014060244429856,0.00610529500991106,0.0071441085077822205,0.028767301142215727,0.0,0.0072518400847911835,0.0,0.11837556213140488
9749,9.392414503963664e-05,0.005963257700204849,0.00830549206584692,0.028887111321091653,0.0,0.007266602013260126,0.0,0.11837227642536163
9750,9.05149121535942e-05,0.006019472237676382,0.008290157653391361,0.03060772493481636,0.0,0.007263674400746822,0.0,0.11836840957403183
9751,9.911566594382748e-05,0.006172784510999918,0.008305888622999191,0.029565928876399993,0.0,0.0072291842661798,0.0,0.11838165670633316
9752,9.470001823501662e-05,0.006243775878101587,0.008443894051015376,0.02913949154317379,0.0,0.007208271883428097,0.0,0.11841009557247162
9753,9.338461240986362e-05,0.0062839829362928866,0.00836128145456314,0.029164741560816766,0.0,0.007263781037181616,0.0,0.1184304729104042
9754,9.8371175408829e-05,0.005854935012757778,0.008174582943320274,0.027960033714771272,0.0,0.007331314031034708,0.0,0.11842808872461319
9755,0.00010100011277245358,0.006145865749567747,0.008088420238345861,0.030585050582885742,0.0,0.007384416647255421,0.0,0.11841267347335815
9756,9.940062591340393e-05,0.006170119810849428,0.007490576710551977,0.029624368250370025,0.0,0.007418815977871418,0.0,0.11843155324459076
9757,8.899741078494117e-05,0.005912965536117554,0.007532769721001387,0.028107234090566636,0.0,0.007432012818753719,0.0,0.11844591051340103
9758,0.00010153045732295141,0.006020267866551876,0.007636483572423458,0.027892809361219406,0.0,0.0074068098329007626,0.0,0.11843474954366684
9759,9.635120077291503e-05,0.006303225457668304,0.007768611051142215,0.029141032695770265,0.0,0.007358536124229431,0.0,0.11842896044254303
9760,9.19979836908169e-05,0.006179292500019073,0.007460517529398203,0.02991163432598114,0.0,0.007308394648134708,0.0,0.11843667179346085
9761,9.786496084416286e-05,0.005998091492801905,0.007136044092476368,0.027234617620706558,0.0,0.007271486334502697,0.0,0.11845064163208008
9762,9.675258188508451e-05,0.006534741725772619,0.00755326533690095,0.028075402602553368,0.0,0.007229936774820089,0.0,0.11845453083515167
9763,9.5814470842015e-05,0.006362846866250038,0.007213164772838354,0.030005162954330443,0.0,0.007185298949480057,0.0,0.11843736469745636
9764,9.652745793573559e-05,0.005966840777546167,0.007160467002540827,0.028993290662765504,0.0,0.007200521416962147,0.0,0.1184288039803505
9765,9.643382800277323e-05,0.006108917854726314,0.007450109533965588,0.030108356848359108,0.0,0.0072403899393975735,0.0,0.11843470484018326
9766,9.521358006168157e-05,0.005987093783915043,0.007292305864393711,0.028395235538482666,0.0,0.00726800411939621,0.0,0.118436798453331
9767,0.000103973806835711,0.006032111123204231,0.007381478697061539,0.02830745540559292,0.0,0.0073325433768332005,0.0,0.11842978000640869
9768,9.159468027064577e-05,0.006257453560829162,0.00813397616147995,0.02870716080069542,0.0,0.0073865847662091255,0.0,0.1184212937951088
9769,9.541842591715976e-05,0.006410281825810671,0.00828841356560588,0.030174434930086137,0.0,0.007385497447103262,0.0,0.11842583119869232
9770,0.00010048331751022488,0.006061750277876854,0.00836129318922758,0.02953115850687027,0.0,0.007344295736402273,0.0,0.1184355765581131
9771,0.00010607003350742162,0.006099182926118374,0.008753427863121032,0.028006985411047937,0.0,0.007315457798540592,0.0,0.11845073848962784
9772,9.010696376208216e-05,0.006031530164182186,0.008713488467037678,0.02854626588523388,0.0,0.007315988652408123,0.0,0.11845169961452484
9773,9.881864243652672e-05,0.006238265708088875,0.008312212210148573,0.028191863000392912,0.0,0.007315711583942175,0.0,0.11843957006931305
9774,9.809302864596247e-05,0.006192131247371435,0.007999220676720143,0.02866639494895935,0.0,0.007332273758947849,0.0,0.11842207610607147
9775,9.815532830543816e-05,0.006069878209382295,0.00809297924861312,0.027973188459873198,0.0,0.0073369937017560005,0.0,0.11840931326150894
9776,9.555184806231409e-05,0.005864524189382792,0.007996416185051203,0.02897217832505703,0.0,0.007317227311432362,0.0,0.11839816719293594
9777,9.425572643522173e-05,0.005867933202534914,0.007955274172127247,0.028539267554879188,0.0,0.007281980477273464,0.0,0.11838452517986298
9778,0.00010725247702794149,0.0060377711430192,0.007783494796603918,0.028981857001781464,0.0,0.00723851565271616,0.0,0.11837085336446762
9779,9.424466406926513e-05,0.006347404234111309,0.007589135598391294,0.028578639030456543,0.0,0.0072495341300964355,0.0,0.11836643517017365
9780,9.13790034246631e-05,0.00619345810264349,0.0074299081228673455,0.029329834505915642,0.0,0.007279656827449799,0.0,0.11836229264736176
9781,9.822890860959888e-05,0.005968823097646236,0.007678231503814459,0.028727345541119574,0.0,0.007279391400516033,0.0,0.11837508529424667
9782,9.251615847460926e-05,0.0060348897241055965,0.007635727152228355,0.028605717793107034,0.0,0.007289044559001923,0.0,0.11838103830814362
9783,0.0001044364835252054,0.006141850911080837,0.007522603031247854,0.028276365250349045,0.0,0.0073201037012040615,0.0,0.11838662624359131
9784,0.00010325898183509708,0.00620358269661665,0.00759633481502533,0.03031420111656189,0.0,0.007393006235361099,0.0,0.11838895082473755
9785,0.0001013462824630551,0.006179936137050391,0.007485152222216129,0.026734426990151404,0.0,0.007530263625085354,0.0,0.11838376522064209
9786,9.398912661708891e-05,0.006352296099066734,0.0075842893682420255,0.02821318730711937,0.0,0.007664815988391638,0.0,0.11836810410022736
9787,9.713227482279762e-05,0.00622473256662488,0.008327343966811895,0.029161911085247995,0.0,0.007777865044772625,0.0,0.11835025250911713
9788,0.00010150453745154664,0.00612706858664751,0.008641746826469898,0.03012324571609497,0.0,0.007861016318202019,0.0,0.1183319091796875
9789,9.691852028481662e-05,0.006038779858499765,0.007904873229563236,0.029226715862751006,0.0,0.00789438933134079,0.0,0.11834915727376938
9790,9.237746999133379e-05,0.006172653380781412,0.007836522534489632,0.029164302349090575,0.0,0.007858301512897015,0.0,0.11835720390081406
9791,9.953191911336035e-05,0.0060858622193336485,0.007569500524550676,0.027806943655014037,0.0,0.007794846780598164,0.0,0.11834317445755005
9792,9.196674363920465e-05,0.006048724427819252,0.007849598582834006,0.029037793353199958,0.0,0.007712418679147959,0.0,0.11832980066537857
9793,9.533604606986046e-05,0.006189593300223351,0.008063201792538166,0.028969359770417213,0.0,0.007605002727359533,0.0,0.11831150949001312
9794,0.00010253570217173546,0.0063012512400746346,0.007471680920571089,0.029055167734622956,0.0,0.007492424454540014,0.0,0.118296779692173
9795,9.396154928253964e-05,0.006283272616565227,0.006906684301793575,0.029971205815672874,0.0,0.007430712692439556,0.0,0.11828102916479111
9796,8.75574565725401e-05,0.00597539059817791,0.007529052253812551,0.028794655203819276,0.0,0.00746257696300745,0.0,0.11826209723949432
9797,9.789992909645662e-05,0.006107849255204201,0.007370230183005333,0.030084988847374917,0.0,0.007522174622863531,0.0,0.11825007200241089
9798,9.304608101956546e-05,0.005942715238779784,0.0073336510919034485,0.029041466116905213,0.0,0.007608786225318909,0.0,0.11822565644979477
9799,0.00010024954826803878,0.006390051543712616,0.008041143510490656,0.029260113090276717,0.0,0.0076437415555119514,0.0,0.1182153970003128
9800,0.00010188574233325199,0.006131639797240495,0.00826179664582014,0.027989260479807855,0.0,0.007656811270862818,0.0,0.11822328716516495
9801,8.807165722828359e-05,0.00620542299002409,0.008698048070073128,0.028764454275369646,0.0,0.00769327487796545,0.0,0.11822299659252167
9802,9.594810981070623e-05,0.006189507339149714,0.008859823271632195,0.028741636127233506,0.0,0.007725030183792114,0.0,0.11820937693119049
9803,0.0001042089905240573,0.006112220790237188,0.008854988776147366,0.027753963693976404,0.0,0.007816212251782417,0.0,0.11819996684789658
9804,9.17014287551865e-05,0.006166028697043658,0.008338113129138947,0.02910268008708954,0.0,0.007905783131718636,0.0,0.11820591986179352
9805,9.757677908055485e-05,0.006013648584485054,0.007803227286785841,0.027680443599820137,0.0,0.007985398173332214,0.0,0.11821575462818146
9806,0.00010214885842287912,0.005977456551045179,0.008202077820897102,0.028500241041183472,0.0,0.008102813735604286,0.0,0.11821959167718887
9807,9.97902374365367e-05,0.006280596740543843,0.007647807709872723,0.028721685335040093,0.0,0.008149927482008934,0.0,0.11821691691875458
9808,9.806549933273345e-05,0.00609479658305645,0.00806883703917265,0.02851738817989826,0.0,0.008114469237625599,0.0,0.11821174621582031
9809,9.304564737249166e-05,0.006062402483075857,0.0074828464537858965,0.0290475569665432,0.0,0.008061305619776249,0.0,0.11820042133331299
9810,9.237102494807914e-05,0.006024768948554993,0.007401815429329872,0.02920445501804352,0.0,0.007985955104231834,0.0,0.11820060014724731
9811,8.95152086741291e-05,0.006040628347545862,0.007257234212011099,0.028239859268069267,0.0,0.007902280427515507,0.0,0.11821355670690536
9812,9.597610187483951e-05,0.006181954219937324,0.007066648360341788,0.029675715044140814,0.0,0.00783764198422432,0.0,0.11821730434894562
9813,0.00010006447846535593,0.006201433110982179,0.006991901155561209,0.02900824584066868,0.0,0.007768775336444378,0.0,0.11822231858968735
9814,9.519355953671038e-05,0.005949889775365591,0.007320903148502112,0.02786256782710552,0.0,0.007713594473898411,0.0,0.11822543293237686
9815,9.589916735421866e-05,0.006318680942058563,0.007444998901337385,0.028720343858003615,0.0,0.007651783525943756,0.0,0.11823086440563202
9816,0.00010439770703669637,0.006143338792026043,0.007032670453190804,0.029037459567189217,0.0,0.007631377317011356,0.0,0.11822924762964249
9817,9.134161518886685e-05,0.006031890027225017,0.0074474580585956575,0.029855039343237876,0.0,0.0076403566636145115,0.0,0.11823408305644989
9818,9.913325629895553e-05,0.005897723697125911,0.007105061691254378,0.02811206430196762,0.0,0.007630634121596813,0.0,0.11824387311935425
9819,0.0001004159654257819,0.0062021022662520405,0.007708864938467741,0.029266275838017462,0.0,0.007605552673339844,0.0,0.1182481050491333
9820,9.866238106042147e-05,0.006301392707973719,0.007868234813213349,0.029374368861317633,0.0,0.007564140949398279,0.0,0.11826074123382568
9821,9.290510352002456e-05,0.006303165946155787,0.0077495953068137165,0.027142340317368507,0.0,0.007521855179220438,0.0,0.11827825009822845
9822,8.975191740319133e-05,0.006145063787698746,0.007939674891531467,0.02817089334130287,0.0,0.007488911040127277,0.0,0.11828194558620453
9823,9.146105439867824e-05,0.006281336676329375,0.007436490897089243,0.028044566884636878,0.0,0.0074770390056073666,0.0,0.11826425790786743
9824,8.958758116932586e-05,0.006147869396954775,0.007852610480040313,0.029247695580124855,0.0,0.0075021954253315926,0.0,0.11824619770050049
9825,9.69417000305839e-05,0.006185729429125786,0.007123132329434156,0.027264975011348724,0.0,0.007528824266046286,0.0,0.11824855953454971
9826,9.034596005221828e-05,0.006032939720898867,0.007463881094008684,0.028647202625870706,0.0,0.00752257090061903,0.0,0.11825492233037949
9827,9.317632211605086e-05,0.006101593933999538,0.00749877505004406,0.029385408014059068,0.0,0.007492789067327976,0.0,0.11825895309448242
9828,9.604186343494802e-05,0.0061395131051540375,0.007110854238271713,0.029114529117941858,0.0,0.007521509192883968,0.0,0.11826503276824951
9829,9.180042543448508e-05,0.0061767508275806906,0.007234342861920595,0.02948678806424141,0.0,0.0075554498471319675,0.0,0.11827459186315536
9830,9.5177827461157e-05,0.006083570979535579,0.007114827632904053,0.029591898992657663,0.0,0.007561848498880863,0.0,0.11828400194644928
9831,9.686630219221115e-05,0.005962422303855419,0.007528866920620203,0.028585393726825715,0.0,0.00755355367437005,0.0,0.11828748881816864
9832,8.993402443593367e-05,0.006119627691805363,0.007794081326574087,0.029430092498660087,0.0,0.007601811550557613,0.0,0.11827416718006134
9833,0.00010572888422757387,0.006214451044797897,0.00736614279448986,0.02980891950428486,0.0,0.007680254988372326,0.0,0.11825375258922577
9834,9.654662571847438e-05,0.005990389175713063,0.007810915820300579,0.02824816107749939,0.0,0.007729524280875921,0.0,0.11824469268321991
9835,0.00010583854018477722,0.00625499552115798,0.007393477763980627,0.029070403799414633,0.0,0.007749589625746012,0.0,0.11826173216104507
9836,9.369016042910516e-05,0.006274558324366808,0.0070362742058932785,0.028550941869616507,0.0,0.0077292053028941154,0.0,0.11827224493026733
9837,9.768594900378957e-05,0.0061828169971704485,0.007410444598644972,0.028904212266206743,0.0,0.007682120893150568,0.0,0.11827073991298676
9838,9.40460289712064e-05,0.006149411760270595,0.007225971203297377,0.02894854247570038,0.0,0.007689883001148701,0.0,0.11825567483901978
9839,0.0001011255822959356,0.006321009714156389,0.00721915140748024,0.027982249110937118,0.0,0.007689435034990311,0.0,0.11821082979440689
9840,0.00010017125023296103,0.006286031007766724,0.007891674619168043,0.02931746393442154,0.0,0.007728931959718466,0.0,0.11817745864391327
9841,9.782185079529882e-05,0.006328026391565799,0.007704018987715245,0.02832789197564125,0.0,0.007797363214194775,0.0,0.11818079650402069
9842,9.996008884627372e-05,0.005956352781504392,0.0072281613945961,0.028992490097880363,0.0,0.00785280391573906,0.0,0.11819078028202057
9843,9.873770904960111e-05,0.006028574518859386,0.007625405490398407,0.03016992025077343,0.0,0.007964788004755974,0.0,0.11819742619991302
9844,0.00010246290621580556,0.006167974602431059,0.007031793892383576,0.030584249272942544,0.0,0.008072196505963802,0.0,0.1182236447930336
9845,0.00010235833324259147,0.006222653388977051,0.007792049366980791,0.028945188224315643,0.0,0.008176671341061592,0.0,0.11823578923940659
9846,0.00010637500236043707,0.006063203979283571,0.0076941453851759435,0.030964156612753868,0.0,0.008213343098759651,0.0,0.1182662695646286
9847,0.00010168813751079142,0.0061820301227271555,0.007533059082925319,0.029496631771326064,0.0,0.008202411234378815,0.0,0.11828740686178207
9848,9.85439750365913e-05,0.0061842378228902815,0.007569210790097714,0.02803281843662262,0.0,0.008192802779376507,0.0,0.11828575283288956
9849,9.379939292557538e-05,0.006173405796289444,0.007613238319754601,0.0285678144544363,0.0,0.008136476390063763,0.0,0.11829937994480133
9850,9.906133054755628e-05,0.006307799462229013,0.007188787404447794,0.02831314392387867,0.0,0.008045591413974762,0.0,0.11830480396747589
9851,9.60771445534192e-05,0.005964689608663321,0.00747621450573206,0.028903966397047044,0.0,0.007986209355294704,0.0,0.11829011142253876
9852,9.742579277371988e-05,0.006083505228161812,0.00781292449682951,0.027751639112830163,0.0,0.007926879450678825,0.0,0.11827915906906128
9853,0.00010185280407313258,0.006238932255655527,0.007788514532148838,0.03099227398633957,0.0,0.007875065319240093,0.0,0.11828044801950455
9854,9.786521113710477e-05,0.006384056713432074,0.007933758478611708,0.028392935171723366,0.0,0.007824483327567577,0.0,0.11829741299152374
9855,0.00010466551029821857,0.006112954299896956,0.0072420923039317135,0.02829796224832535,0.0,0.007758586201816797,0.0,0.11830584704875946
9856,0.00010022207716247067,0.006287935841828585,0.007920484710484742,0.027686894312500952,0.0,0.007737437728792429,0.0,0.11829330772161484
9857,0.00010380904277553781,0.0062505117617547516,0.007597108371555805,0.02806028239428997,0.0,0.0078003183007240295,0.0,0.11826969683170319
9858,9.805703884921969e-05,0.006017388962209225,0.007208572700619698,0.029730373248457908,0.0,0.007845905609428883,0.0,0.11824159324169159
9859,9.78639247477986e-05,0.006066344678401947,0.007589125260710716,0.027547812089323997,0.0,0.007830724120140076,0.0,0.11821756511926651
9860,9.180908527923748e-05,0.006248214375227689,0.007524982932955027,0.029223096370697022,0.0,0.007777266204357147,0.0,0.11818914115428925
9861,9.43936247495003e-05,0.0062460900284349915,0.007773924805223942,0.028373956307768823,0.0,0.007726258598268032,0.0,0.11817587912082672
9862,9.662584052421153e-05,0.006030926015228033,0.006959027517586947,0.029204303026199342,0.0,0.007673895917832851,0.0,0.11818131059408188
9863,0.00010072513105114922,0.005923883523792028,0.007121099717915058,0.028411833569407463,0.0,0.0076219066977500916,0.0,0.1182030439376831
9864,0.0001024207944283262,0.006023133173584938,0.007179424352943897,0.028210623934865,0.0,0.007569354958832264,0.0,0.11822223663330078
9865,9.410852508153766e-05,0.006072834320366383,0.007345413509756327,0.029176042601466178,0.0,0.007518170867115259,0.0,0.11821623146533966
9866,9.845542372204364e-05,0.006402964238077402,0.00714653693139553,0.028598764911293983,0.0,0.0074723465368151665,0.0,0.11820385605096817
9867,9.520046005491167e-05,0.0063614404760301115,0.007397860195487738,0.028236375004053117,0.0,0.007424868643283844,0.0,0.11818595230579376
9868,9.002188598969952e-05,0.006115562096238136,0.007648259494453668,0.029468337073922157,0.0,0.007383855525404215,0.0,0.118172287940979
9869,9.412893850822002e-05,0.00614059129729867,0.007644447963684797,0.030027979239821433,0.0,0.007352424319833517,0.0,0.11816515773534775
9870,9.137583256233484e-05,0.006122311670333147,0.007719340268522501,0.02819475382566452,0.0,0.007317668292671442,0.0,0.11817097663879395
9871,9.350493492092938e-05,0.006330733280628919,0.007376434095203876,0.027585509419441222,0.0,0.007295171730220318,0.0,0.11817111074924469
9872,9.536610159557312e-05,0.006153394654393196,0.007105346117168665,0.02956506870687008,0.0,0.00726892938837409,0.0,0.11816774308681488
9873,9.703567484393716e-05,0.0062559347599744795,0.007745610177516937,0.028717165067791938,0.0,0.007266896776854992,0.0,0.11816227436065674
9874,9.50562083744444e-05,0.005974774248898029,0.008028037380427122,0.029321111366152765,0.0,0.007282385136932135,0.0,0.11816994845867157
9875,0.00010045540111605077,0.006180671229958534,0.00718911262229085,0.028677742183208465,0.0,0.0072714174166321754,0.0,0.11819080263376236
9876,0.00010643529385561124,0.006135640572756529,0.007343920227140188,0.028693663701415063,0.0,0.0072705866768956184,0.0,0.11819837987422943
9877,0.00010034489823738114,0.00610442329198122,0.007467466685920954,0.02861706167459488,0.0,0.007271504960954189,0.0,0.1181919127702713
9878,9.925782796926796e-05,0.006110832188278436,0.007151975482702255,0.028533146530389786,0.0,0.007260081823915243,0.0,0.11818508058786392
9879,9.802892454899848e-05,0.0060405503958463665,0.00743129551410675,0.028282180801033972,0.0,0.0072327544912695885,0.0,0.11818230152130127
9880,9.697162749944255e-05,0.00603622505441308,0.0076857426203787325,0.029248137027025223,0.0,0.007182230707257986,0.0,0.11817745864391327
9881,9.31230912101455e-05,0.006400815397500992,0.007322248071432114,0.02858816422522068,0.0,0.007148475851863623,0.0,0.11818365752696991
9882,0.00010027006646851078,0.006087241414934397,0.007713351212441921,0.030383597314357757,0.0,0.007176545914262533,0.0,0.11820097267627716
9883,9.735427447594702e-05,0.006249994412064553,0.007393934670835734,0.028509656339883803,0.0,0.0071947006508708,0.0,0.11823078244924545
9884,9.388224134454504e-05,0.0063552984967827795,0.007565688528120518,0.027198338136076926,0.0,0.007212269119918346,0.0,0.11824353039264679
9885,9.755357023095712e-05,0.006044331192970276,0.007773827947676182,0.028795188665390013,0.0,0.007258271332830191,0.0,0.11824240535497665
9886,9.085346391657367e-05,0.00610710522159934,0.007235109526664019,0.02826334349811077,0.0,0.007305746432393789,0.0,0.11825235188007355
9887,0.00010280625137966126,0.006351446080952883,0.007419942133128643,0.029603662341833113,0.0,0.007376274559646845,0.0,0.1182624101638794
9888,0.00010177089570788667,0.0061928159557282925,0.007447479665279389,0.030056942626833914,0.0,0.007462796755135059,0.0,0.11826548725366592
9889,0.00010520810756133869,0.00605853945016861,0.008865566458553076,0.02852303683757782,0.0,0.0075385430827736855,0.0,0.11826635897159576
9890,9.841115825111046e-05,0.005989886913448572,0.007921977154910564,0.028725265711545944,0.0,0.007580532226711512,0.0,0.1182645931839943
9891,9.947728831321001e-05,0.006000432185828686,0.0080520061776042,0.029418591037392618,0.0,0.007581199053674936,0.0,0.1182752475142479
9892,9.646583930589259e-05,0.006036444753408432,0.007777092233300209,0.028375795111060143,0.0,0.007569586392492056,0.0,0.11831283569335938
9893,9.923092293320223e-05,0.006173422839492559,0.007599562685936689,0.029052186757326126,0.0,0.007530569098889828,0.0,0.11833816766738892
9894,9.600186749594286e-05,0.005954905971884727,0.0077287106774747375,0.02982207350432873,0.0,0.007463851477950811,0.0,0.11834349483251572
9895,0.00010825555509654805,0.006224764324724674,0.007682105805724859,0.029025851190090178,0.0,0.00741750281304121,0.0,0.11835013329982758
9896,8.663133921800181e-05,0.006281194649636746,0.007559525780379772,0.028494057804346086,0.0,0.007387141697108746,0.0,0.11835453659296036
9897,9.320717072114348e-05,0.006150382570922375,0.00729526523500681,0.029086299985647202,0.0,0.007361376192420721,0.0,0.11837073415517807
9898,9.518551523797214e-05,0.006052084546536207,0.0070499546825885774,0.028891824185848236,0.0,0.007384298834949732,0.0,0.11836788803339005
9899,9.78108582785353e-05,0.006124023068696261,0.007157693617045879,0.028398410975933076,0.0,0.0074563114903867245,0.0,0.11836838722229004
9900,9.726834541652351e-05,0.006112003605812788,0.007779924944043159,0.02864382378757,0.0,0.0074937427416443825,0.0,0.11837755143642426
9901,9.840291604632512e-05,0.006311184540390968,0.00759628377854824,0.029743625223636626,0.0,0.007489725016057491,0.0,0.11836497485637665
9902,0.00010280798305757343,0.006113278586417437,0.0073566572740674015,0.028806769102811814,0.0,0.007465497590601444,0.0,0.11834783852100372
9903,9.963228512788191e-05,0.005932816863059997,0.00755834961310029,0.030175550654530526,0.0,0.00744290929287672,0.0,0.11833468824625015
9904,9.757461957633495e-05,0.006186914816498757,0.007053301203995943,0.029481735453009604,0.0,0.007416829466819763,0.0,0.1183464303612709
9905,9.648703126003965e-05,0.006016940623521805,0.007589060999453068,0.028714140877127647,0.0,0.00744591373950243,0.0,0.11834937334060669
9906,9.778158710105345e-05,0.006151351425796747,0.0072528146207332615,0.029009459540247917,0.0,0.007572630885988474,0.0,0.11834849417209625
9907,0.00010059527412522584,0.0063599636778235435,0.007267777808010578,0.027910925820469855,0.0,0.007662978954613209,0.0,0.11835522949695587
9908,9.681502269813791e-05,0.006359015963971615,0.0073359889909625055,0.028461328893899917,0.0,0.007706162519752979,0.0,0.11836369335651398
9909,9.505883208476007e-05,0.006154109630733729,0.00738431429490447,0.02853936664760113,0.0,0.007699701003730297,0.0,0.1183711513876915
9910,0.00010181348188780248,0.006119167804718018,0.007586606498807669,0.02718510143458843,0.0,0.0076484763994812965,0.0,0.11837579309940338
9911,9.619818301871419e-05,0.006036852020770311,0.0069812917150557045,0.0274359792470932,0.0,0.007583077996969223,0.0,0.11838444322347641
9912,9.588232642272487e-05,0.006464634649455547,0.007317638210952282,0.028770701959729195,0.0,0.007546187844127417,0.0,0.1183851808309555
9913,9.962910989997908e-05,0.006222248170524835,0.007224000338464975,0.0288940254598856,0.0,0.0076089417561888695,0.0,0.11837787926197052
9914,8.919344691094011e-05,0.006039720214903355,0.007592283841222525,0.028294207900762557,0.0,0.00766731658950448,0.0,0.11837731301784515
9915,9.600110643077641e-05,0.005796705558896065,0.007035298552364111,0.028425387293100356,0.0,0.0076599703170359135,0.0,0.11837659776210785
9916,9.610747511032969e-05,0.006182367261499166,0.0073694013059139255,0.02898546978831291,0.0,0.007604280952364206,0.0,0.11837325990200043
9917,9.522260370431468e-05,0.006104488205164671,0.007326742634177208,0.028921124711632728,0.0,0.00752649363130331,0.0,0.11836794763803482
9918,0.00010156758071389049,0.006215161830186844,0.007463937345892191,0.02889973521232605,0.0,0.00746998330578208,0.0,0.11837699264287949
9919,0.0001005765370791778,0.006116914097219706,0.007890039961785078,0.028536107391119003,0.0,0.007568788714706898,0.0,0.11839016526937485
9920,9.390035265823826e-05,0.006194473430514336,0.007889174111187457,0.02851661555469036,0.0,0.007741178385913372,0.0,0.1184007078409195
9921,9.325168211944401e-05,0.0062480255030095576,0.00726540507748723,0.027851419523358345,0.0,0.007954834029078484,0.0,0.1184111014008522
9922,9.295732452301309e-05,0.0059846675023436545,0.00740535520017147,0.030153082311153413,0.0,0.008156859315931797,0.0,0.11841405928134918
9923,0.00010061686334665865,0.005931486655026674,0.007310379017144442,0.028038718551397324,0.0,0.008252287283539772,0.0,0.11842869222164154
9924,9.237344493158161e-05,0.005887237377464771,0.0075110306963324545,0.027695468068122862,0.0,0.008288525976240635,0.0,0.11843457072973251
9925,9.341382683487609e-05,0.006379038468003273,0.007480290252715349,0.02759022042155266,0.0,0.008272634819149971,0.0,0.11842387914657593
9926,9.134729189099743e-05,0.006259477976709604,0.007277396321296692,0.029140496626496315,0.0,0.008293447084724903,0.0,0.11840082705020905
9927,9.609918779460714e-05,0.006105216592550278,0.0073396977037191394,0.029588178917765617,0.0,0.008315714076161385,0.0,0.11837625503540039
9928,9.549022215651348e-05,0.006097475346177816,0.007288761250674724,0.02943182736635208,0.0,0.008268705569207668,0.0,0.11835899204015732
9929,9.27589848288335e-05,0.0061338462866842745,0.007232519052922726,0.029126486182212828,0.0,0.008162625133991241,0.0,0.11835838854312897
9930,8.775134774623439e-05,0.006211330834776163,0.007104576379060745,0.027579250186681746,0.0,0.008034514263272285,0.0,0.11835332214832306
9931,8.74524877872318e-05,0.006086400337517261,0.007246658764779567,0.030101288855075837,0.0,0.007899823598563671,0.0,0.11834607273340225
9932,0.00010307622287655249,0.006103161070495844,0.007464237324893474,0.02932257540524006,0.0,0.007778311613947153,0.0,0.11834724247455597
9933,9.352502529509365e-05,0.006123623624444008,0.0077305702492594715,0.02947339490056038,0.0,0.007696930319070816,0.0,0.11835112422704697
9934,0.00010412555857328699,0.0060595663264393805,0.007729936484247446,0.029620013386011123,0.0,0.007678324822336435,0.0,0.11836425960063934
9935,9.976600122172386e-05,0.0060754047706723215,0.007824168540537357,0.02916473224759102,0.0,0.007673542946577072,0.0,0.11839103698730469
9936,9.3456897593569e-05,0.0061255360022187235,0.007826135493814945,0.03043639808893204,0.0,0.007735779043287039,0.0,0.11841614544391632
9937,9.381762356497347e-05,0.006122050154954195,0.007325810939073562,0.02884713150560856,0.0,0.007789005525410175,0.0,0.11844135820865631
9938,9.290689486078918e-05,0.0062855701893568035,0.00798053853213787,0.029370062053203583,0.0,0.007821117527782917,0.0,0.11846919357776642
9939,9.86731072771363e-05,0.0061014614067971705,0.008006394933909177,0.028300536423921586,0.0,0.007849408313632011,0.0,0.11847613006830215
9940,9.350521868327633e-05,0.006073306873440742,0.008057351969182492,0.027954353764653207,0.0,0.007870865985751152,0.0,0.1184675469994545
9941,9.41260441322811e-05,0.006167339161038399,0.007503218855708838,0.02846694178879261,0.0,0.007867442443966866,0.0,0.11843979358673096
9942,9.34829207835719e-05,0.006278540659695864,0.00750323086977005,0.029498593136668205,0.0,0.007842561230063438,0.0,0.11841452121734619
9943,9.784825670067221e-05,0.0061078454367816445,0.007307286560535431,0.030321712791919708,0.0,0.007803404238075018,0.0,0.11840333789587021
9944,0.00010594773339107632,0.006125461589545011,0.007418162375688553,0.02868010327219963,0.0,0.007726835552603006,0.0,0.11840305477380753
9945,0.0001013547123875469,0.006118242349475622,0.007446443010121584,0.028951797634363174,0.0,0.007621239870786667,0.0,0.11840472370386124
9946,0.00010947171831503511,0.005972405429929495,0.007641238253563642,0.02843410484492779,0.0,0.007511471398174763,0.0,0.11840537935495377
9947,0.00010017415916081518,0.006158254761248827,0.0075288133695721625,0.028813710436224937,0.0,0.007416157983243465,0.0,0.11841636896133423
9948,0.00010058678453788162,0.00607870975509286,0.007418539933860302,0.029021717235445978,0.0,0.00736286211758852,0.0,0.1184176579117775
9949,0.00010368072835262865,0.006068586744368077,0.007395872659981251,0.028221770748496057,0.0,0.0073222508653998375,0.0,0.11840850114822388
9950,0.00010843035415746272,0.006152873858809471,0.007173375226557255,0.030106312409043313,0.0,0.007285021245479584,0.0,0.11840195953845978
9951,8.951228228397668e-05,0.006112155131995678,0.0071564516052603725,0.029759566858410837,0.0,0.007256370037794113,0.0,0.11839530616998672
9952,0.00010723454470280558,0.006312525365501642,0.007050984166562557,0.02847690209746361,0.0,0.007263399660587311,0.0,0.11837857961654663
9953,9.162292553810403e-05,0.006135814264416695,0.007111590821295977,0.02968393936753273,0.0,0.007289332337677479,0.0,0.11836429685354233
9954,9.749557357281446e-05,0.006107179261744022,0.0068849497474730015,0.02932129129767418,0.0,0.007381410337984562,0.0,0.11835770308971405
9955,9.54999850364402e-05,0.006174297630786895,0.007026308123022318,0.029334207251667976,0.0,0.007552393712103367,0.0,0.11835448443889618
9956,9.82982906862162e-05,0.006130905542522669,0.007772702444344759,0.029659203067421914,0.0,0.007715227548032999,0.0,0.11836148798465729
9957,9.754583152243868e-05,0.006067332532256842,0.007393558509647846,0.028289294987916946,0.0,0.007794615812599659,0.0,0.11836244910955429
9958,0.00010262118157697842,0.0061798361130058765,0.007329740934073925,0.0277347132563591,0.0,0.007810983806848526,0.0,0.11835412681102753
9959,9.00309780263342e-05,0.006262292619794607,0.007481055986136198,0.02917785719037056,0.0,0.007790474686771631,0.0,0.11834476888179779
9960,0.00010338274296373129,0.006104226596653462,0.007735055685043335,0.029203637316823006,0.0,0.007741748355329037,0.0,0.118341363966465
9961,0.00010166968131670728,0.0061671888455748555,0.00755601916462183,0.02996223010122776,0.0,0.0077230436727404594,0.0,0.1183449849486351
9962,9.575422736816109e-05,0.006156178191304207,0.007642864808440208,0.028380493447184563,0.0,0.007789833936840296,0.0,0.11836186796426773
9963,9.512352698948234e-05,0.005951127503067255,0.007374749146401882,0.029416887462139128,0.0,0.007860069163143635,0.0,0.11837403476238251
9964,0.00010792668326757849,0.005896032974123955,0.007930732984095811,0.030063003674149512,0.0,0.008002865128219128,0.0,0.1183711513876915
9965,9.991725091822446e-05,0.0059920880943536755,0.007254800293594599,0.028346461057662965,0.0,0.008120703510940075,0.0,0.11837077140808105
9966,0.00010431974806124344,0.005960941407829523,0.007862537913024426,0.02968648336827755,0.0,0.00816456787288189,0.0,0.11835203319787979
9967,9.2153980222065e-05,0.006055984180420637,0.007558327261358499,0.028762625902891158,0.0,0.008152097463607788,0.0,0.11832475662231445
9968,0.00010341797024011612,0.0060120497830212115,0.007405899651348591,0.028702617064118384,0.0,0.008091719821095467,0.0,0.1183147057890892
9969,9.542512707412243e-05,0.006191165372729302,0.007129483483731746,0.030341811850667,0.0,0.008011872880160809,0.0,0.11831823736429214
9970,8.988576737465337e-05,0.006036804988980293,0.007819541357457637,0.028541112691164015,0.0,0.007919070310890675,0.0,0.11831241846084595
9971,0.00010132764145964757,0.006166559271514415,0.0076815314590930935,0.029200970381498336,0.0,0.007825188338756561,0.0,0.118300661444664
9972,9.7556748369243e-05,0.0060577066615223885,0.0072266444563865665,0.028859153389930725,0.0,0.007713163737207651,0.0,0.11830506473779678
9973,9.818380349315702e-05,0.006087570264935493,0.007114552520215511,0.02953627482056618,0.0,0.007590011693537235,0.0,0.1183212399482727
9974,9.112483967328444e-05,0.006120701879262924,0.007236675824970007,0.02949022054672241,0.0,0.0074737281538546085,0.0,0.11831295490264893
9975,0.00010083481756737456,0.006128803081810475,0.007181701622903347,0.02818170338869095,0.0,0.00739167258143425,0.0,0.11829268932342529
9976,9.824339940678328e-05,0.005945035442709923,0.007122383639216423,0.028269510343670846,0.0,0.007372030522674322,0.0,0.11828307807445526
9977,0.00010580907692201436,0.006094435602426529,0.007028850074857473,0.028476355597376823,0.0,0.0073572248220443726,0.0,0.11827389895915985
9978,9.715710330056026e-05,0.006389792542904615,0.007172811590135097,0.028974848613142968,0.0,0.0073453462682664394,0.0,0.11826495826244354
9979,9.187172690872103e-05,0.006089862622320652,0.007201132085174322,0.029822663217782975,0.0,0.007350660860538483,0.0,0.11826254427433014
9980,0.0001055226064636372,0.006119775772094727,0.007157337013632059,0.02869437150657177,0.0,0.007391809020191431,0.0,0.11825607717037201
9981,9.81897916062735e-05,0.006188097782433033,0.007161638233810663,0.029504419490695,0.0,0.007435396313667297,0.0,0.11826567351818085
9982,0.00010451485868543387,0.006116375792771578,0.007733791321516037,0.028519461303949355,0.0,0.007460144814103842,0.0,0.11828360706567764
9983,8.714585856068879e-05,0.006128604244440794,0.007419230695813894,0.028576435148715974,0.0,0.007513807620853186,0.0,0.11830587685108185
9984,9.56442323513329e-05,0.0060778137296438215,0.007422378566116094,0.029543186724185943,0.0,0.007549099624156952,0.0,0.1183319240808487
9985,9.229012066498399e-05,0.005985779222100973,0.00718736769631505,0.028446359559893608,0.0,0.0075380681082606316,0.0,0.11834685504436493
9986,9.700633090687915e-05,0.006013862974941731,0.007366097345948219,0.02894304133951664,0.0,0.007526753935962915,0.0,0.11835052073001862
9987,9.913176181726157e-05,0.0062585707753896715,0.007081611361354589,0.026953811198472975,0.0,0.007527700625360012,0.0,0.11835451424121857
9988,9.636063623474911e-05,0.006097278092056513,0.007250194996595382,0.028102317824959755,0.0,0.007497025188058615,0.0,0.11834476888179779
9989,9.167922544293106e-05,0.006125401519238949,0.007421700190752745,0.029909029230475427,0.0,0.0074887326918542385,0.0,0.1183401495218277
9990,0.00010295887914253399,0.0061527987942099575,0.007377019617706537,0.03007639795541763,0.0,0.007465925998985767,0.0,0.11834748834371567
9991,0.00010042276262538508,0.006151125766336918,0.007276409957557917,0.02871977835893631,0.0,0.007410278078168631,0.0,0.11835237592458725
9992,9.738469088915735e-05,0.006119445152580738,0.007293193228542804,0.028536412864923477,0.0,0.007351131644099951,0.0,0.11835137754678726
9993,9.187971445498989e-05,0.006150960922241211,0.006961160618811846,0.02881339155137539,0.0,0.0072992173954844475,0.0,0.11834941804409027
9994,9.779405954759567e-05,0.006170839816331863,0.007243240531533956,0.028651688992977143,0.0,0.007253200747072697,0.0,0.1183416098356247
9995,9.530106035526842e-05,0.00617720689624548,0.007711291592568159,0.028444014117121698,0.0,0.0072474293410778046,0.0,0.11834804713726044
9996,9.686780686024576e-05,0.006178612820804119,0.007283830642700195,0.029251688346266746,0.0,0.007253916002810001,0.0,0.11836676299571991
9997,0.000100152833329048,0.006188340112566948,0.0074155345559120175,0.029113445430994034,0.0,0.0072649093344807625,0.0,0.11837969720363617
9998,9.261192171834409e-05,0.006167355179786682,0.007606049068272114,0.028681828081607817,0.0,0.007314988877624273,0.0,0.11837561428546906
9999,9.71691551967524e-05,0.006029757484793663,0.00759368073195219,0.028118032589554788,0.0,0.007383505813777447,0.0,0.11836562305688858
