,0
0,0.31273547
1,0.16237426
2,0.36685166
3,0.33247894
4,0.21205686
5,0.5409572
6,0.77866924
7,0.77222604
8,0.7274594
9,0.42516333
10,0.12015611
11,0.09286073
12,0.07059938
13,0.09511846
14,0.05962017
15,0.053863786
16,0.054344542
17,0.041539446
18,0.05944328
19,0.057278574
20,0.073266864
21,0.105505526
22,0.118475735
23,0.11696243
24,0.11673617
25,0.1300372
26,0.15113705
27,0.15049875
28,0.16676348
29,0.17510173
30,0.19239739
31,0.22005394
32,0.24617544
33,0.31775725
34,0.45741165
35,0.34162623
36,0.24072662
37,0.23705658
38,0.2599429
39,0.2463403
40,0.22474624
41,0.20188738
42,0.19873266
43,0.23668641
44,0.2562874
45,0.2929458
46,0.12340714
47,0.42929363
48,0.39713088
49,0.18209687
50,0.14405479
51,0.15532734
52,0.10769703
53,0.107238844
54,0.100322224
55,0.0898816
56,0.095788494
57,0.102478266
58,0.112388745
59,0.09504168
60,0.10363525
61,0.26252377
62,0.33983585
63,0.26353657
64,0.23344645
65,0.44185436
66,0.3397113
67,0.2890709
68,0.19234562
69,0.14887536
70,0.14332926
71,0.15836197
72,0.18402669
73,0.16555169
74,0.27831
75,0.37252736
76,0.33263212
77,0.17980129
78,0.3533637
79,0.121695414
80,0.14553052
81,0.14242989
82,0.0907146
83,0.13334303
84,0.25458646
85,0.054707795
86,0.050584555
87,0.08659851
88,0.09320718
89,0.14584213
90,0.21584713
91,0.40614754
92,0.8947072
93,0.2466377
94,0.23451215
95,0.25403166
96,0.28149778
97,0.3124609
98,0.24571627
99,0.38597965
100,1.190439
101,0.7090047
102,0.4113196
103,0.2684654
104,0.37228513
105,0.45749494
106,0.18097359
107,0.41903198
108,0.35646746
109,0.08422506
110,0.12829149
111,0.19644794
112,0.27131996
113,0.36629364
114,0.39475968
115,0.41714206
116,0.4290117
117,0.4666471
118,0.527825
119,0.38602743
120,0.4219092
121,0.23852614
122,0.25822255
123,0.2191755
124,0.20036481
125,0.19036095
126,0.20461854
127,0.23735565
128,0.3086279
129,0.46211848
130,0.28216717
131,0.17691307
132,0.3580175
133,0.19152108
134,0.1852071
135,0.101980984
136,0.16562602
137,0.1972302
138,0.19705391
139,0.16811368
140,0.252487
141,0.6580014
142,0.59102285
143,0.29190212
144,0.41746148
145,0.46433777
146,0.2887907
147,0.57185316
148,0.722342
149,0.8830786
150,0.59844
151,0.41283485
152,0.812984
153,0.8751316
154,0.7964352
155,0.9061562
156,0.57612777
157,0.40547544
158,0.13518858
159,0.09451427
160,0.1803568
161,0.51641226
162,0.404738
163,0.29613438
164,0.09784418
165,0.096812785
166,0.13363731
167,0.20108736
168,0.43195862
169,0.44004175
170,0.76677895
171,0.3614648
172,0.53338087
173,0.2338641
174,0.2539475
175,0.18149024
176,0.19387135
177,0.20826995
178,0.09899509
179,0.19536145
180,0.17777097
181,0.20191987
182,0.34995502
183,0.37674338
184,0.381424
185,0.41040266
186,0.46778286
187,0.5489617
188,0.4427256
189,0.39023793
190,0.38974386
191,0.27216452
192,0.25928557
193,0.2742273
194,0.27611947
195,0.27347636
196,0.28089693
197,0.26754504
198,0.30953187
199,0.28071338
200,0.26861578
201,0.2584602
202,0.3480868
203,0.37133846
204,0.37088746
205,0.3224392
206,0.26490968
207,0.053066194
208,0.067968965
209,0.13448815
210,0.07179639
211,0.046735942
212,0.13738774
213,0.29729986
214,0.6743465
215,0.7294335
216,0.5246053
217,0.42591208
218,0.34807542
219,0.27004057
220,0.21477175
221,0.17506593
222,0.33393145
223,0.33681327
224,0.4078574
225,0.43393177
226,0.35070255
227,0.44458473
228,0.39369896
229,0.14887488
230,0.43072727
231,0.5832602
232,0.4572453
233,0.37484568
234,0.30695397
235,0.32002538
236,0.3225729
237,0.4104917
238,0.40025723
239,0.15413773
240,0.20487237
241,0.329223
242,0.17838798
243,0.09126991
244,0.26022014
245,0.08647323
246,0.37328732
247,0.090373635
248,0.066833735
249,0.07181871
250,0.2117149
251,0.17653681
252,0.21451016
253,0.103362314
254,0.111866295
255,0.23976451
256,0.47338676
257,0.19878465
258,0.6343053
259,0.2281475
260,0.26757038
261,0.71649003
262,0.46239242
263,0.27010906
264,0.24964571
265,0.19833864
266,0.16740015
267,0.14391974
268,0.20759146
269,0.25008762
270,0.19967096
271,0.20415685
272,0.311748
273,0.29661828
274,0.3808658
275,0.520669
276,0.5250525
277,0.4270138
278,0.51029366
279,0.48849756
280,0.4741872
281,0.46248505
282,0.4490834
283,0.34726572
284,0.25545946
285,0.23675013
286,0.21111001
287,0.3242891
288,0.3455778
289,0.4056359
290,0.44322735
291,0.39281234
292,0.3153069
293,0.23673922
294,0.1945945
295,0.1920179
296,0.20642713
297,0.1858437
298,0.293896
299,0.49510565
300,0.07398939
301,0.21024281
302,0.40617037
303,0.41532066
304,0.30970964
305,0.27313358
306,0.1493631
307,0.2022407
308,0.27563462
309,0.27679327
310,0.3308652
311,0.2791885
312,0.5106884
313,0.6277319
314,0.44949755
315,0.48888087
316,0.36687642
317,0.47475854
318,0.3147313
319,0.36018807
320,0.1658765
321,0.16012353
322,0.25463578
323,0.11804563
324,0.2131762
325,0.1764148
326,0.2154754
327,0.40891254
328,0.40988463
329,0.3200559
330,0.20749444
331,0.10258368
332,0.1369744
333,0.21867152
334,0.14459056
335,0.3278396
336,0.5028739
337,1.1647545
338,0.2048999
339,0.2794708
340,0.3953397
341,0.39838398
342,0.43562827
343,0.38224635
344,0.26371294
345,0.17315157
346,0.18999238
347,0.14850155
348,0.28619474
349,0.40595317
350,0.39770013
351,0.32324824
352,0.33621436
353,0.5460732
354,0.5518513
355,0.39209625
356,0.36692145
357,0.3597877
358,0.30718362
359,0.30107182
360,0.24189581
361,0.24279556
362,0.21431525
363,0.20902996
364,0.18897969
365,0.17282929
366,0.17244807
367,0.17265435
368,0.22997168
369,0.24549209
370,0.40832886
371,0.34510958
372,0.106202185
373,0.13621445
374,0.20499909
375,0.16463178
376,0.087275095
377,0.16822568
378,0.38804865
379,0.6083783
380,0.7734059
381,0.59313667
382,0.5109221
383,0.4522133
384,0.37021986
385,0.40110275
386,0.35178947
387,0.3457386
388,0.32939816
389,0.33961195
390,0.2907434
391,0.23315556
392,0.15995651
393,0.19903997
394,0.25215822
395,0.346354
396,0.36692435
397,0.35009962
398,0.32210225
399,0.20025766
400,0.34925562
401,0.30604494
402,0.23865372
403,0.22406006
404,0.21859479
405,0.20287949
406,0.13656649
407,0.092066586
408,0.27180862
409,0.10378671
410,0.22626385
411,0.12588777
412,0.108106226
413,0.06941998
414,0.22880916
415,0.16709708
416,0.22243431
417,0.14352682
418,0.104821146
419,0.20279777
420,0.36889917
421,0.3363586
422,0.85061044
423,0.18809068
424,0.24673635
425,0.58162713
426,0.6180489
427,0.3947762
428,0.31405854
429,0.2309348
430,0.196141
431,0.15547648
432,0.19218908
433,0.23438993
434,0.19113025
435,0.21500158
436,0.25796437
437,0.36740395
438,0.33669585
439,0.47087848
440,0.5179544
441,0.3487934
442,0.46783537
443,0.4436046
444,0.44957703
445,0.4583689
446,0.4397764
447,0.32068563
448,0.20755422
449,0.09318541
450,0.2156249
451,0.32946515
452,0.33597898
453,0.35838088
454,0.42233914
455,0.41153002
456,0.35216212
457,0.27605924
458,0.17923501
459,0.15772727
460,0.16360572
461,0.24373671
462,0.37117934
463,0.28464228
464,0.08683805
465,0.34182918
466,0.54501224
467,0.32254386
468,0.29973242
469,0.23085946
470,0.14937833
471,0.239288
472,0.28447586
473,0.2623815
474,0.257474
475,0.5573501
476,0.5942073
477,0.4508642
478,0.46864563
479,0.34786123
480,0.3922168
481,0.27891284
482,0.13322724
483,0.081877165
484,0.26320726
485,0.19638821
486,0.10984713
487,0.24931028
488,0.15069614
489,0.29340243
490,0.38785502
491,0.3313222
492,0.33493966
493,0.12966615
494,0.1781733
495,0.08334411
496,0.27627438
497,0.15501249
498,0.33001328
499,0.59299445
500,1.2062085
501,0.19324207
502,0.27171886
503,0.44900218
504,0.40122074
505,0.44209024
506,0.36705557
507,0.22428602
508,0.20393522
509,0.19323064
510,0.15382385
511,0.31474417
512,0.33407837
513,0.3343901
514,0.34690958
515,0.3125811
516,0.5461922
517,0.54023254
518,0.36743647
519,0.39951527
520,0.39479104
521,0.3204704
522,0.26060408
523,0.2756897
524,0.24100877
525,0.23379293
526,0.232418
527,0.22097534
528,0.19760749
529,0.2688746
530,0.2498726
531,0.30429202
532,0.30639362
533,0.3711222
534,0.039291084
535,0.05433671
536,0.14517587
537,0.13829008
538,0.086535275
539,0.17103639
540,0.34123898
541,0.63744235
542,0.7241604
543,0.5507485
544,0.5027507
545,0.45152318
546,0.39282086
547,0.33428976
548,0.3880678
549,0.35834405
550,0.37492633
551,0.3225904
552,0.3306095
553,0.24725388
554,0.27101618
555,0.19840774
556,0.18609789
557,0.26117498
558,0.3493058
559,0.366252
560,0.34764886
561,0.33297044
562,0.3476057
563,0.23322433
564,0.20882124
565,0.17065598
566,0.16652215
567,0.1690082
568,0.25880837
569,0.14493278
570,0.26835394
571,0.25164267
572,0.08665085
573,0.08865273
574,0.0638271
575,0.074549615
576,0.20380452
577,0.28291744
578,0.09483561
579,0.23477791
580,0.13834363
581,0.29839897
582,0.20168191
583,0.66609555
584,0.11260003
585,0.24149239
586,0.29148495
587,0.64915943
588,0.46188992
589,0.39732125
590,0.29836053
591,0.24538285
592,0.24240662
593,0.3541878
594,0.5055002
595,0.41481066
596,0.31264877
597,0.38270515
598,0.49126965
599,0.6309182
600,0.5300069
601,0.43020916
602,0.37072414
603,0.3755648
604,0.27263767
605,0.28798437
606,0.28713077
607,0.26802245
608,0.25291783
609,0.23568083
610,0.2694703
611,0.31564394
612,0.3804065
613,0.40968162
614,0.43345255
615,0.42734918
616,0.40930408
617,0.2630921
618,0.07245584
619,0.09341186
620,0.106942624
621,0.13231266
622,0.19906911
623,0.24747959
624,0.5475403
625,0.52984554
626,0.3410343
627,0.21497536
628,0.19664755
629,0.26027173
630,0.38177612
631,0.2868527
632,0.29586318
633,0.27466276
634,0.22521849
635,0.14560604
636,0.15789467
637,0.09210068
638,0.11335567
639,0.24182716
640,0.31725186
641,0.35213706
642,0.34931722
643,0.24017453
644,0.24604899
645,0.21222839
646,0.22968009
647,0.32807103
648,0.15503016
649,0.3940443
650,0.5903315
651,0.5816553
652,0.13962862
653,0.08614883
654,0.11030856
655,0.07531202
656,0.16774866
657,0.09026877
658,0.21034679
659,0.1329171
660,0.2510898
661,0.44695067
662,0.6525439
663,0.12130016
664,0.23493218
665,0.28068197
666,0.5692528
667,0.48431763
668,0.44263807
669,0.3253848
670,0.16997835
671,0.20045453
672,0.22145376
673,0.3156605
674,0.3805433
675,0.42205995
676,0.428896
677,0.42826024
678,0.6056041
679,0.47187746
680,0.42617422
681,0.39890754
682,0.3468742
683,0.3310456
684,0.30768225
685,0.26929393
686,0.24304083
687,0.22186667
688,0.21475023
689,0.21506913
690,0.25245813
691,0.2804869
692,0.25978506
693,0.34264356
694,0.37090376
695,0.44414023
696,0.3137454
697,0.13795784
698,0.0983589
699,0.14733867
700,0.1473848
701,0.08175524
702,0.16401134
703,0.30546057
704,0.58829296
705,0.7498104
706,0.5562525
707,0.4527234
708,0.37424666
709,0.26654077
710,0.31468517
711,0.40601173
712,0.35069698
713,0.35016477
714,0.27558228
715,0.16816154
716,0.1716995
717,0.25270075
718,0.23884213
719,0.25505224
720,0.32399577
721,0.3578599
722,0.3475573
723,0.36659497
724,0.33797786
725,0.23656124
726,0.34799725
727,0.26674172
728,0.15385991
729,0.14335954
730,0.17481983
731,0.13831498
732,0.22050172
733,0.2873068
734,0.14083429
735,0.112341344
736,0.058179975
737,0.11232865
738,0.22482607
739,0.0998053
740,0.23018566
741,0.13322133
742,0.25070685
743,0.1700412
744,0.78778803
745,0.15019599
746,0.23169333
747,0.2825669
748,0.4058731
749,0.571333
750,0.48793158
751,0.37662274
752,0.17763656
753,0.19996956
754,0.29248285
755,0.34613913
756,0.38272572
757,0.42880237
758,0.49818385
759,0.5194741
760,0.59676516
761,0.47633126
762,0.43256342
763,0.393427
764,0.33187985
765,0.31804967
766,0.29292303
767,0.27449948
768,0.22390209
769,0.223327
770,0.20865287
771,0.20921077
772,0.22121608
773,0.23587167
774,0.2948975
775,0.28206468
776,0.24555191
777,0.32693708
778,0.45757672
779,0.18546039
780,0.1639024
781,0.11337426
782,0.14407788
783,0.12603164
784,0.15632486
785,0.23509073
786,0.3562409
787,0.7800541
788,0.61176634
789,0.45503935
790,0.36421803
791,0.375787
792,0.38177305
793,0.3436851
794,0.3508617
795,0.3215056
796,0.16380075
797,0.22178292
798,0.23153988
799,0.17719698
800,0.29303744
801,0.34321296
802,0.3566934
803,0.33091408
804,0.42693198
805,0.33566177
806,0.29987198
807,0.19959229
808,0.15236259
809,0.16924012
810,0.20977646
811,0.26106784
812,0.12068774
813,0.22732045
814,0.27175713
815,0.08661103
816,0.06516126
817,0.06942254
818,0.08558309
819,0.22272217
820,0.31293595
821,0.084672794
822,0.264674
823,0.12564099
824,0.26903903
825,0.4226135
826,0.17904025
827,0.085594654
828,0.23441821
829,0.27839243
830,0.5988698
831,0.4687096
832,0.42031714
833,0.30297256
834,0.23495393
835,0.2593727
836,0.31059322
837,0.40294355
838,0.50112224
839,0.40800822
840,0.26987165
841,0.48813987
842,0.60633355
843,0.5869607
844,0.4679004
845,0.377975
846,0.436788
847,0.42156622
848,0.283996
849,0.3216297
850,0.2760529
851,0.32416338
852,0.3492737
853,0.3809032
854,0.37106735
855,0.32083634
856,0.3108263
857,0.3046225
858,0.3878759
859,0.39729372
860,0.23792171
861,0.124283046
862,0.16171256
863,0.14434731
864,0.16634583
865,0.23827815
866,0.26730686
867,0.53374517
868,0.4544558
869,0.3137099
870,0.15804794
871,0.19806835
872,0.28131723
873,0.4051076
874,0.3195777
875,0.32932732
876,0.2433091
877,0.19354327
878,0.15481195
879,0.14965615
880,0.11181417
881,0.21607679
882,0.44037598
883,0.29937565
884,0.42257366
885,0.26686746
886,0.29367548
887,0.14102435
888,0.084043264
889,0.12529397
890,0.23531468
891,0.41458666
892,0.66658556
893,0.6400215
894,0.45943427
895,0.052991062
896,0.19109371
897,0.04098624
898,0.118038535
899,0.204283
900,0.09833941
901,0.34083027
902,0.1691382
903,0.40961242
904,0.5112201
905,0.062740624
906,0.22476989
907,0.25205958
908,0.29161543
909,0.6130062
910,0.46567714
911,0.49987644
912,0.30529666
913,0.17743018
914,0.17533606
915,0.21915992
916,0.32876146
917,0.35450125
918,0.32880634
919,0.3380996
920,0.42252874
921,0.5630728
922,0.45561504
923,0.3476136
924,0.4461262
925,0.34380478
926,0.30035686
927,0.3063689
928,0.2600478
929,0.25973436
930,0.21472675
931,0.2287215
932,0.21211055
933,0.23977377
934,0.24860378
935,0.25838298
936,0.26408395
937,0.15668476
938,0.39043152
939,0.10647488
940,0.101074874
941,0.14487173
942,0.13952483
943,0.08766025
944,0.22838835
945,0.34947315
946,0.73348457
947,0.64316076
948,0.5366726
949,0.47419214
950,0.40582463
951,0.3657108
952,0.36518764
953,0.36056885
954,0.35694927
955,0.31849638
956,0.3102024
957,0.22261123
958,0.20596217
959,0.18769625
960,0.19957092
961,0.2675978
962,0.3510031
963,0.36989498
964,0.34300458
965,0.2192887
966,0.40503228
967,0.34298122
968,0.27454704
969,0.1800698
970,0.2003029
971,0.28449392
972,0.27723345
973,0.14321087
974,0.09582758
975,0.28371328
976,0.081964135
977,0.15452294
978,0.058051407
979,0.1143415
980,0.1864098
981,0.23529239
982,0.24728426
983,0.119214505
984,0.25935918
985,0.16808051
986,0.34799516
987,0.5658978
988,0.931443
989,0.17985702
990,0.2631014
991,0.31844366
992,0.6689378
993,0.44098204
994,0.41498414
995,0.24461955
996,0.25305763
997,0.27123255
998,0.36497122
999,0.45550394
1000,0.3129837
1001,0.1797233
1002,0.34231785
1003,0.3310319
1004,0.24918966
1005,0.28396177
1006,0.84253895
1007,0.8456038
1008,0.8039418
1009,0.65466887
1010,0.37022623
1011,0.11048919
1012,0.095606744
1013,0.06063059
1014,0.060013235
1015,0.06274802
1016,0.07106796
1017,0.07765399
1018,0.08564769
1019,0.068219304
1020,0.08780944
1021,0.123644084
1022,0.12776834
1023,0.12185043
1024,0.12721223
1025,0.13875887
1026,0.14768007
1027,0.16887021
1028,0.16005284
1029,0.17787167
1030,0.20486048
1031,0.22884884
1032,0.27625376
1033,0.41344097
1034,0.40419856
1035,0.23565115
1036,0.25302202
1037,0.24624592
1038,0.26266915
1039,0.25296015
1040,0.19985442
1041,0.19920856
1042,0.22325023
1043,0.27297115
1044,0.1849697
1045,0.20958704
1046,0.48315793
1047,0.24552155
1048,0.12439275
1049,0.16579807
1050,0.13499741
1051,0.11859408
1052,0.11234393
1053,0.105654776
1054,0.08812393
1055,0.11060908
1056,0.10490769
1057,0.106790684
1058,0.09126269
1059,0.08269653
1060,0.2365261
1061,0.37604344
1062,0.2439482
1063,0.24116823
1064,0.41663247
1065,0.37641662
1066,0.3010047
1067,0.20704222
1068,0.14781842
1069,0.15733922
1070,0.18178757
1071,0.18912873
1072,0.16591203
1073,0.23608473
1074,0.37858278
1075,0.28664398
1076,0.10433614
1077,0.36509085
1078,0.1409137
1079,0.12308717
1080,0.08210996
1081,0.13569167
1082,0.12726781
1083,0.18446016
1084,0.16005969
1085,0.04885
1086,0.06618667
1087,0.08285785
1088,0.11880076
1089,0.19234061
1090,0.27905697
1091,0.87341046
1092,0.28269163
1093,0.19898218
1094,0.26605004
1095,0.27792215
1096,0.30609238
1097,0.23222816
1098,0.36126262
1099,1.2461427
1100,0.760971
1101,0.48762694
1102,0.2754835
1103,0.28621602
1104,0.461091
1105,0.31056
1106,0.29731488
1107,0.48745564
1108,0.1527754
1109,0.17350987
1110,0.21754768
1111,0.29713365
1112,0.3843249
1113,0.42563176
1114,0.44167763
1115,0.4538188
1116,0.4872283
1117,0.518979
1118,0.4869412
1119,0.408208
1120,0.22383307
1121,0.17819136
1122,0.19431329
1123,0.20272239
1124,0.20038435
1125,0.17272419
1126,0.23965429
1127,0.3027205
1128,0.41778886
1129,0.34847674
1130,0.17559886
1131,0.30472514
1132,0.25802493
1133,0.16038759
1134,0.17133579
1135,0.09317641
1136,0.17908584
1137,0.17806578
1138,0.24713154
1139,0.29661605
1140,0.8449837
1141,0.43527815
1142,0.3055596
1143,0.38184994
1144,0.41413373
1145,0.30682027
1146,0.48493898
1147,0.705398
1148,0.89610684
1149,0.62956303
1150,0.3278684
1151,0.7821846
1152,0.6983381
1153,0.9663261
1154,0.93479884
1155,0.5104523
1156,0.37485763
1157,0.19445844
1158,0.3005251
1159,0.2483074
1160,0.39854753
1161,0.37622952
1162,0.2748104
1163,0.05461216
1164,0.09186196
1165,0.20378959
1166,0.2342335
1167,0.48792028
1168,0.61314666
1169,0.7214202
1170,0.52888703
1171,0.44700766
1172,0.23290554
1173,0.17723054
1174,0.1471234
1175,0.19012691
1176,0.112111434
1177,0.08142245
1178,0.20968638
1179,0.21945475
1180,0.1936979
1181,0.3201329
1182,0.3895785
1183,0.3889162
1184,0.28957683
1185,0.44535327
1186,0.53634673
1187,0.5018721
1188,0.4049169
1189,0.40196803
1190,0.3237178
1191,0.33211723
1192,0.26514173
1193,0.28513408
1194,0.23851681
1195,0.27462646
1196,0.29728273
1197,0.33977067
1198,0.3235757
1199,0.323186
1200,0.37146342
1201,0.3845542
1202,0.34766906
1203,0.26788375
1204,0.3005461
1205,0.19972971
1206,0.15779734
1207,0.061177045
1208,0.06697628
1209,0.073798954
1210,0.13625126
1211,0.23917931
1212,0.590326
1213,0.59050274
1214,0.4384696
1215,0.3847734
1216,0.31989628
1217,0.23220903
1218,0.15388384
1219,0.1582413
1220,0.2847926
1221,0.4358261
1222,0.39195496
1223,0.38218758
1224,0.3006251
1225,0.19520071
1226,0.2569617
1227,0.19423482
1228,0.26985446
1229,0.15326339
1230,0.2997129
1231,0.5595541
1232,0.51758367
1233,0.41798106
1234,0.3965407
1235,0.37280476
1236,0.47115904
1237,0.22119653
1238,0.18139738
1239,0.18117702
1240,0.22239333
1241,0.16589752
1242,0.16912442
1243,0.10151863
1244,0.09435552
1245,0.1689673
1246,0.061760306
1247,0.056601882
1248,0.11613959
1249,0.19790143
1250,0.23966546
1251,0.101544686
1252,0.11056877
1253,0.12980741
1254,0.30978733
1255,0.6681178
1256,0.82706034
1257,0.20645529
1258,0.24701512
1259,0.5113638
1260,0.6515115
1261,0.30864063
1262,0.2474671
1263,0.16690624
1264,0.20421559
1265,0.18801382
1266,0.12344287
1267,0.18704739
1268,0.2050173
1269,0.25826815
1270,0.27204782
1271,0.34022593
1272,0.30095428
1273,0.46473548
1274,0.5320555
1275,0.41662163
1276,0.48673066
1277,0.48759618
1278,0.45939296
1279,0.4671319
1280,0.46442705
1281,0.45550412
1282,0.36796856
1283,0.2589671
1284,0.26517284
1285,0.22148424
1286,0.31812152
1287,0.37817967
1288,0.40018374
1289,0.44032118
1290,0.4365281
1291,0.35486564
1292,0.29398924
1293,0.2207605
1294,0.21935916
1295,0.22676179
1296,0.19776651
1297,0.2758384
1298,0.454601
1299,0.13154775
1300,0.16833094
1301,0.3291138
1302,0.44551626
1303,0.29112107
1304,0.30532944
1305,0.15837517
1306,0.12105851
1307,0.30181035
1308,0.39008602
1309,0.35447448
1310,0.061962023
1311,0.25247693
1312,0.51009154
1313,0.45510775
1314,0.41353366
1315,0.36919993
1316,0.34704292
1317,0.36844397
1318,0.42859676
1319,0.12320483
1320,0.117286235
1321,0.29116434
1322,0.118021786
1323,0.1419569
1324,0.24574174
1325,0.3051061
1326,0.3076359
1327,0.34734485
1328,0.33137628
1329,0.20629707
1330,0.08694354
1331,0.1573197
1332,0.14770885
1333,0.12803495
1334,0.25503916
1335,0.51899
1336,0.8068178
1337,0.116836905
1338,0.24042475
1339,0.5139027
1340,0.41861844
1341,0.40346006
1342,0.35198396
1343,0.23495418
1344,0.17706634
1345,0.19903594
1346,0.16467562
1347,0.26514137
1348,0.35405514
1349,0.39312214
1350,0.39659286
1351,0.35899988
1352,0.47096473
1353,0.54908484
1354,0.43089378
1355,0.35798556
1356,0.3885276
1357,0.33015698
1358,0.27697265
1359,0.27677462
1360,0.25336707
1361,0.24012646
1362,0.2220791
1363,0.2229724
1364,0.19077419
1365,0.26275823
1366,0.27712727
1367,0.3158732
1368,0.3694247
1369,0.43654376
1370,0.3048979
1371,0.060353816
1372,0.05106312
1373,0.12365733
1374,0.10873979
1375,0.08242064
1376,0.20494169
1377,0.29981506
1378,0.41876417
1379,0.7293594
1380,0.55619144
1381,0.47978324
1382,0.41367626
1383,0.33935776
1384,0.27505785
1385,0.21478222
1386,0.31951663
1387,0.37439895
1388,0.36589074
1389,0.39850113
1390,0.24869563
1391,0.16986348
1392,0.21897429
1393,0.2384932
1394,0.21825129
1395,0.28423858
1396,0.37055653
1397,0.3646192
1398,0.40016323
1399,0.2914747
1400,0.23969877
1401,0.2742903
1402,0.4309276
1403,0.22916263
1404,0.14567405
1405,0.14628488
1406,0.17742571
1407,0.101573944
1408,0.2988958
1409,0.07558748
1410,0.14268963
1411,0.1691044
1412,0.08978099
1413,0.20035921
1414,0.14971147
1415,0.16182186
1416,0.24013522
1417,0.20084214
1418,0.56325936
1419,0.13431823
1420,0.07905859
1421,0.22958964
1422,0.27398175
1423,0.30732965
1424,0.59892666
1425,0.43233943
1426,0.4569595
1427,0.24994421
1428,0.20184992
1429,0.21160524
1430,0.30593833
1431,0.3509469
1432,0.3772887
1433,0.37069845
1434,0.4612778
1435,0.6212302
1436,0.44049564
1437,0.38469473
1438,0.49164185
1439,0.3591528
1440,0.3132856
1441,0.27485168
1442,0.32770342
1443,0.36019135
1444,0.37365693
1445,0.40080687
1446,0.41545355
1447,0.47659504
1448,0.20352258
1449,0.21152128
1450,0.30096212
1451,0.3401644
1452,0.33727032
1453,0.2938764
1454,0.45688146
1455,0.23964728
1456,0.16980565
1457,0.12186068
1458,0.116042495
1459,0.13765836
1460,0.17986184
1461,0.33719096
1462,0.66756296
1463,0.7391783
1464,0.51317585
1465,0.4150092
1466,0.4178716
1467,0.35606402
1468,0.37651068
1469,0.3512091
1470,0.3197262
1471,0.2943658
1472,0.22107904
1473,0.17789581
1474,0.20296636
1475,0.26632223
1476,0.33855098
1477,0.36407775
1478,0.34888786
1479,0.29789835
1480,0.14522076
1481,0.31903666
1482,0.3594945
1483,0.33419758
1484,0.22233546
1485,0.2985317
1486,0.32111508
1487,0.15466109
1488,0.08262777
1489,0.2665385
1490,0.07679623
1491,0.24633707
1492,0.07559639
1493,0.09212071
1494,0.12429348
1495,0.17138255
1496,0.19265684
1497,0.20547234
1498,0.0689026
1499,0.20113863
1500,0.13788676
1501,0.2978704
1502,0.60297567
1503,0.7457194
1504,0.16274059
1505,0.25134027
1506,0.27028853
1507,0.64344215
1508,0.529997
1509,0.36017329
1510,0.30642122
1511,0.24168053
1512,0.16678512
1513,0.15108344
1514,0.20176505
1515,0.2611591
1516,0.19198555
1517,0.20683694
1518,0.29046732
1519,0.32091397
1520,0.4099723
1521,0.52176905
1522,0.44504625
1523,0.45069432
1524,0.48276114
1525,0.46175602
1526,0.45721477
1527,0.43751603
1528,0.31488472
1529,0.21623182
1530,0.11434621
1531,0.1294982
1532,0.27401733
1533,0.3146477
1534,0.32874703
1535,0.39838073
1536,0.37335122
1537,0.31634563
1538,0.26431218
1539,0.16710642
1540,0.13303442
1541,0.1509425
1542,0.22528146
1543,0.35974073
1544,0.3589205
1545,0.05988349
1546,0.32625952
1547,0.54298025
1548,0.4018697
1549,0.17483544
1550,0.3229426
1551,0.18023032
1552,0.18031725
1553,0.22819223
1554,0.22634494
1555,0.50310767
1556,0.5714847
1557,0.5001649
1558,0.5009316
1559,0.37217486
1560,0.3625434
1561,0.3874266
1562,0.3012308
1563,0.108394384
1564,0.07908511
1565,0.32797366
1566,0.2235718
1567,0.11551094
1568,0.3282922
1569,0.25206596
1570,0.28785524
1571,0.40044612
1572,0.2879067
1573,0.15604979
1574,0.079449594
1575,0.2303077
1576,0.15168385
1577,0.26532394
1578,0.18752539
1579,0.48593467
1580,0.18152899
1581,0.069437325
1582,0.22302222
1583,0.26177096
1584,0.350796
1585,0.5535783
1586,0.50332266
1587,0.42879552
1588,0.25746018
1589,0.14742756
1590,0.15690827
1591,0.19995858
1592,0.33239573
1593,0.39050514
1594,0.33792043
1595,0.31887665
1596,0.45739555
1597,0.5642545
1598,0.4233622
1599,0.40436032
1600,0.37015903
1601,0.3076948
1602,0.26497754
1603,0.26514393
1604,0.21539421
1605,0.22708549
1606,0.19961347
1607,0.20004487
1608,0.19899684
1609,0.16422775
1610,0.20408529
1611,0.19805041
1612,0.2798842
1613,0.36360794
1614,0.50102687
1615,0.1431086
1616,0.098697454
1617,0.1559227
1618,0.14415556
1619,0.10716021
1620,0.066230655
1621,0.21800762
1622,0.35786927
1623,0.7621498
1624,0.6711687
1625,0.5472475
1626,0.4783471
1627,0.41630533
1628,0.33809176
1629,0.40382707
1630,0.34901613
1631,0.36692673
1632,0.33137333
1633,0.34031865
1634,0.24248835
1635,0.25913268
1636,0.20663705
1637,0.17723212
1638,0.24387649
1639,0.35489273
1640,0.36692768
1641,0.354276
1642,0.27621084
1643,0.4511379
1644,0.3177284
1645,0.2708097
1646,0.15729105
1647,0.18759507
1648,0.21050341
1649,0.3299768
1650,0.188861
1651,0.09288299
1652,0.32208145
1653,0.0905782
1654,0.081804276
1655,0.056159794
1656,0.11599833
1657,0.16545385
1658,0.27360362
1659,0.20360047
1660,0.12427485
1661,0.21400258
1662,0.1953566
1663,0.4270681
1664,0.4551795
1665,0.4725583
1666,0.221964
1667,0.26146418
1668,0.44746304
1669,0.6147639
1670,0.41635442
1671,0.36171043
1672,0.21589774
1673,0.23500599
1674,0.27056104
1675,0.47225285
1676,0.49220732
1677,0.29555187
1678,0.3758878
1679,0.44357178
1680,0.53191775
1681,0.62542444
1682,0.49394566
1683,0.41160423
1684,0.35234013
1685,0.4468147
1686,0.25230995
1687,0.2571793
1688,0.24743888
1689,0.25489497
1690,0.2888797
1691,0.31588465
1692,0.33704966
1693,0.35483086
1694,0.3784006
1695,0.3567968
1696,0.4222057
1697,0.43046114
1698,0.14217111
1699,0.2083888
1700,0.10265736
1701,0.13214129
1702,0.12620413
1703,0.18315926
1704,0.23385519
1705,0.3925441
1706,0.574181
1707,0.36963934
1708,0.22896084
1709,0.17576396
1710,0.22280796
1711,0.33437642
1712,0.34686285
1713,0.3248545
1714,0.2963872
1715,0.23527893
1716,0.17798713
1717,0.16801292
1718,0.1065501
1719,0.058222383
1720,0.37066266
1721,0.3813343
1722,0.25931025
1723,0.48088548
1724,0.2465449
1725,0.24798651
1726,0.16865468
1727,0.26702768
1728,0.24441655
1729,0.24286832
1730,0.5549608
1731,0.63122165
1732,0.64932454
1733,0.19178295
1734,0.094788566
1735,0.11212766
1736,0.0820415
1737,0.16615182
1738,0.08028969
1739,0.20153604
1740,0.12662917
1741,0.2564214
1742,0.5776925
1743,0.1887672
1744,0.09279448
1745,0.23792267
1746,0.2931677
1747,0.5824698
1748,0.47185948
1749,0.429692
1750,0.31400132
1751,0.18371297
1752,0.21292806
1753,0.2551755
1754,0.33946994
1755,0.41025668
1756,0.4268481
1757,0.38573796
1758,0.3960724
1759,0.56191736
1760,0.5571228
1761,0.44084147
1762,0.40868452
1763,0.3928934
1764,0.35331163
1765,0.33298618
1766,0.30310643
1767,0.27544594
1768,0.2458876
1769,0.23222965
1770,0.24604857
1771,0.23156217
1772,0.33867836
1773,0.3427828
1774,0.37459767
1775,0.4182493
1776,0.4626759
1777,0.18457757
1778,0.093471155
1779,0.046774447
1780,0.0950813
1781,0.10454115
1782,0.063323915
1783,0.18901624
1784,0.32711706
1785,0.6820261
1786,0.61284816
1787,0.48408467
1788,0.40112352
1789,0.3046697
1790,0.23383032
1791,0.27974302
1792,0.40404105
1793,0.33836484
1794,0.33530098
1795,0.29797408
1796,0.43727016
1797,0.43353325
1798,0.2099266
1799,0.19067736
1800,0.2259998
1801,0.28179476
1802,0.34958017
1803,0.37982965
1804,0.36554706
1805,0.28493422
1806,0.23727512
1807,0.35536915
1808,0.46101618
1809,0.19470851
1810,0.15197349
1811,0.1610763
1812,0.10194856
1813,0.2143134
1814,0.366659
1815,0.15959787
1816,0.10612205
1817,0.11735314
1818,0.05209911
1819,0.19361703
1820,0.13520324
1821,0.23275828
1822,0.19099551
1823,0.22910005
1824,0.23223774
1825,0.48790753
1826,0.13674912
1827,0.22789466
1828,0.270023
1829,0.3199181
1830,0.6128871
1831,0.49209753
1832,0.43459138
1833,0.23353273
1834,0.19653453
1835,0.18681204
1836,0.305631
1837,0.34645706
1838,0.38196754
1839,0.40891126
1840,0.40008438
1841,0.5843737
1842,0.52858603
1843,0.4228536
1844,0.38867304
1845,0.4533164
1846,0.3622719
1847,0.29333776
1848,0.27964008
1849,0.24089363
1850,0.23645411
1851,0.20785844
1852,0.24287537
1853,0.2367397
1854,0.23441824
1855,0.24969396
1856,0.28272375
1857,0.29254124
1858,0.21310155
1859,0.35161006
1860,0.15308774
1861,0.10260685
1862,0.16593325
1863,0.14263114
1864,0.12382203
1865,0.2190195
1866,0.36869723
1867,0.78034955
1868,0.66421616
1869,0.52470684
1870,0.43190637
1871,0.36013788
1872,0.38511595
1873,0.36291847
1874,0.36200356
1875,0.33340818
1876,0.30301288
1877,0.21056728
1878,0.22845207
1879,0.1786297
1880,0.1969218
1881,0.25370356
1882,0.34545392
1883,0.37266892
1884,0.34485525
1885,0.24293303
1886,0.44422895
1887,0.36512935
1888,0.3309226
1889,0.20165074
1890,0.21577352
1891,0.28054354
1892,0.24446243
1893,0.11289573
1894,0.13027407
1895,0.2556005
1896,0.14152697
1897,0.24425569
1898,0.08793831
1899,0.15255952
1900,0.1253866
1901,0.22943446
1902,0.23014468
1903,0.086688444
1904,0.22980574
1905,0.12745261
1906,0.28249246
1907,0.5792618
1908,0.23121238
1909,0.17114842
1910,0.24399263
1911,0.28486073
1912,0.6583943
1913,0.5110003
1914,0.37978622
1915,0.27498263
1916,0.44456655
1917,0.54152083
1918,0.18404813
1919,0.07356864
1920,0.15520343
1921,0.16394255
1922,0.30564627
1923,0.4132005
1924,0.39642292
1925,0.4817534
1926,0.57285935
1927,0.4674673
1928,0.47722834
1929,0.44949526
1930,0.43007666
1931,0.42590305
1932,0.41709608
1933,0.43277875
1934,0.34582373
1935,0.2461782
1936,0.17380652
1937,0.20728502
1938,0.38610652
1939,0.3048498
1940,0.4090242
1941,0.396007
1942,0.4187402
1943,0.50831336
1944,0.40470216
1945,0.27208036
1946,0.12673762
1947,0.2790674
1948,0.29769176
1949,0.24250445
1950,0.2548791
1951,0.3884058
1952,0.32590902
1953,0.10284403
1954,0.09463921
1955,0.30685377
1956,0.413447
1957,0.31221986
1958,0.4056694
1959,0.3465382
1960,0.123421736
1961,0.5286201
1962,0.48136255
1963,0.44771737
1964,0.38522035
1965,0.28869516
1966,0.3316843
1967,0.24498957
1968,0.23759302
1969,0.074730694
1970,0.2715894
1971,0.29834157
1972,0.114884734
1973,0.33592683
1974,0.52671677
1975,0.56325495
1976,0.23724473
1977,0.20501316
1978,0.16688684
1979,0.07314056
1980,0.19758242
1981,0.11929882
1982,0.3445014
1983,0.14068419
1984,0.29111606
1985,0.6126095
1986,1.1972501
1987,0.24315235
1988,0.2461415
1989,0.29821223
1990,0.49448463
1991,0.4389143
1992,0.5294453
1993,0.36382902
1994,0.16485357
1995,0.18237096
1996,0.16325492
1997,0.26173297
1998,0.40986422
1999,0.38301432
2000,0.08876315
2001,0.22747251
2002,0.35916114
2003,0.33107477
2004,0.25749016
2005,0.56371236
2006,0.7492377
2007,0.7883463
2008,0.69503295
2009,0.6064656
2010,0.42066076
2011,0.08125323
2012,0.08242647
2013,0.04660815
2014,0.07125239
2015,0.025456995
2016,0.028338045
2017,0.034710072
2018,0.043246113
2019,0.05805917
2020,0.07110518
2021,0.095273435
2022,0.12997988
2023,0.13363943
2024,0.13515526
2025,0.12663516
2026,0.13732213
2027,0.1543056
2028,0.1660783
2029,0.17315143
2030,0.18795693
2031,0.20386878
2032,0.23302832
2033,0.2517031
2034,0.32375574
2035,0.45440537
2036,0.3358291
2037,0.23421724
2038,0.24582058
2039,0.25228834
2040,0.25208768
2041,0.2104376
2042,0.20307384
2043,0.20848009
2044,0.23863533
2045,0.25271043
2046,0.13555637
2047,0.42403352
2048,0.3890449
2049,0.2598327
2050,0.11373818
2051,0.13840762
2052,0.1330166
2053,0.124637865
2054,0.110529356
2055,0.09097615
2056,0.10469115
2057,0.10954742
2058,0.0974861
2059,0.10584972
2060,0.09512475
2061,0.12243676
2062,0.2566892
2063,0.35019767
2064,0.2567661
2065,0.21047753
2066,0.4311789
2067,0.34947455
2068,0.29772013
2069,0.21323313
2070,0.09347395
2071,0.15504152
2072,0.1883224
2073,0.20393598
2074,0.15785754
2075,0.2554742
2076,0.3835461
2077,0.27251747
2078,0.11225158
2079,0.36434108
2080,0.13912395
2081,0.13825351
2082,0.07278556
2083,0.12338504
2084,0.13335887
2085,0.21616794
2086,0.14971945
2087,0.04780495
2088,0.07356115
2089,0.11602147
2090,0.122823894
2091,0.19593918
2092,0.29374558
2093,0.84390223
2094,0.26698416
2095,0.20611596
2096,0.29227346
2097,0.26903212
2098,0.31713122
2099,0.24574697
2100,0.37880027
2101,1.1971127
2102,0.68179667
2103,0.41949573
2104,0.25517857
2105,0.32040006
2106,0.44785905
2107,0.21961403
2108,0.35159525
2109,0.42931265
2110,0.15155208
2111,0.19339183
2112,0.23812076
2113,0.31648925
2114,0.40824714
2115,0.43165338
2116,0.44564998
2117,0.46078712
2118,0.49553534
2119,0.52053326
2120,0.49138942
2121,0.39353842
2122,0.21424828
2123,0.16548732
2124,0.1966827
2125,0.21459384
2126,0.18308093
2127,0.18765509
2128,0.2589528
2129,0.31599784
2130,0.438158
2131,0.3174615
2132,0.17056425
2133,0.30458462
2134,0.21366316
2135,0.17162436
2136,0.18509562
2137,0.08933231
2138,0.18920514
2139,0.18350571
2140,0.25353342
2141,0.29798588
2142,0.8633107
2143,0.41693184
2144,0.3130384
2145,0.439786
2146,0.4403139
2147,0.31275916
2148,0.50057995
2149,0.73574364
2150,0.87587273
2151,0.5861996
2152,0.31374347
2153,0.74063295
2154,0.7338123
2155,1.0158219
2156,0.8574276
2157,0.5538135
2158,0.42217216
2159,0.41110414
2160,0.31182745
2161,0.3807
2162,0.36382478
2163,0.3581437
2164,0.15963048
2165,0.065200806
2166,0.101867765
2167,0.13684684
2168,0.27908283
2169,0.59926456
2170,0.62149805
2171,0.49105874
2172,0.5535342
2173,0.3567434
2174,0.12811519
2175,0.12821448
2176,0.17855741
2177,0.1790956
2178,0.09146718
2179,0.060555637
2180,0.22661097
2181,0.22692494
2182,0.2365836
2183,0.32226062
2184,0.38833553
2185,0.29914862
2186,0.25643364
2187,0.45408994
2188,0.5500562
2189,0.47199178
2190,0.39914352
2191,0.42234388
2192,0.36119956
2193,0.3483822
2194,0.31602687
2195,0.29771763
2196,0.28397432
2197,0.31031877
2198,0.3627438
2199,0.40181118
2200,0.36532098
2201,0.3983767
2202,0.4153381
2203,0.38901117
2204,0.3321085
2205,0.25754404
2206,0.34013975
2207,0.41804418
2208,0.19262818
2209,0.09557277
2210,0.041304756
2211,0.21977079
2212,0.20225221
2213,0.29061517
2214,0.5798599
2215,0.37090316
2216,0.2934919
2217,0.24994317
2218,0.17317283
2219,0.10050166
2220,0.1014846
2221,0.19268909
2222,0.31052083
2223,0.40050378
2224,0.34838015
2225,0.34953132
2226,0.30884236
2227,0.26224223
2228,0.15477881
2229,0.1942513
2230,0.17870846
2231,0.3418581
2232,0.23251432
2233,0.44727224
2234,0.6011361
2235,0.36391473
2236,0.34499514
2237,1.2227025
2238,0.3934244
2239,0.6230778
2240,0.60807633
2241,0.42308876
2242,0.19429857
2243,0.1561014
2244,0.104176104
2245,0.21084821
2246,0.112683624
2247,0.13426696
2248,0.11144923
2249,0.12190652
2250,0.054229796
2251,0.068817854
2252,0.24227434
2253,0.1753422
2254,0.08851903
2255,0.23971894
2256,0.18498135
2257,0.3849938
2258,0.57372653
2259,0.8647026
2260,0.17816442
2261,0.25365084
2262,0.6123855
2263,0.51589155
2264,0.35754913
2265,0.27266496
2266,0.29933798
2267,0.51690996
2268,0.20154738
2269,0.115863085
2270,0.18995506
2271,0.1519106
2272,0.20603937
2273,0.35630724
2274,0.3215053
2275,0.4206776
2276,0.5430851
2277,0.4857244
2278,0.38039255
2279,0.40449384
2280,0.3510937
2281,0.3478067
2282,0.38192955
2283,0.4396582
2284,0.39685
2285,0.29848266
2286,0.23491612
2287,0.19614424
2288,0.2795768
2289,0.3453932
2290,0.45721647
2291,0.417484
2292,0.38596085
2293,0.41868907
2294,0.38975102
2295,0.3073915
2296,0.15530473
2297,0.1413947
2298,0.24989545
2299,0.24029458
2300,0.22478643
2301,0.2674914
2302,0.36294305
2303,0.456756
2304,0.19318211
2305,0.09706193
2306,0.29391834
2307,0.37911755
2308,0.3714054
2309,0.35163355
2310,0.3439665
2311,0.14751711
2312,0.5460632
2313,0.46274897
2314,0.43318918
2315,0.37431479
2316,0.30054873
2317,0.33360106
2318,0.3183304
2319,0.18912683
2320,0.089752495
2321,0.30437827
2322,0.28384668
2323,0.14006808
2324,0.51239526
2325,0.67318195
2326,0.46338978
2327,0.14287639
2328,0.27542007
2329,0.08901131
2330,0.07836348
2331,0.22657186
2332,0.17668355
2333,0.27615488
2334,0.18808037
2335,0.49542347
2336,0.1481356
2337,0.09404284
2338,0.22696131
2339,0.26389307
2340,0.31195086
2341,0.49163592
2342,0.54427886
2343,0.5169395
2344,0.30902135
2345,0.17048469
2346,0.14822897
2347,0.20105292
2348,0.39718825
2349,0.41572762
2350,0.3814847
2351,0.35962898
2352,0.38695133
2353,0.54905635
2354,0.48537678
2355,0.44124353
2356,0.3351587
2357,0.34915596
2358,0.31950483
2359,0.28241515
2360,0.25863558
2361,0.23810874
2362,0.2222684
2363,0.20833483
2364,0.18205254
2365,0.16753028
2366,0.15343824
2367,0.17828882
2368,0.1743029
2369,0.24993227
2370,0.31110367
2371,0.08490145
2372,0.13861166
2373,0.23861933
2374,0.20088658
2375,0.118157655
2376,0.17627949
2377,0.39785063
2378,0.6774225
2379,0.7782326
2380,0.57675445
2381,0.50283664
2382,0.43736255
2383,0.37873834
2384,0.36651605
2385,0.36053085
2386,0.33388543
2387,0.29526436
2388,0.33195326
2389,0.21953309
2390,0.18234873
2391,0.13108209
2392,0.15861821
2393,0.27114177
2394,0.34220707
2395,0.37071264
2396,0.34808075
2397,0.2905404
2398,0.2219801
2399,0.39309788
2400,0.2607113
2401,0.19868469
2402,0.18338817
2403,0.19682002
2404,0.29579633
2405,0.16951293
2406,0.10531324
2407,0.36341828
2408,0.0738588
2409,0.18929914
2410,0.066943526
2411,0.0732241
2412,0.21206528
2413,0.19570276
2414,0.23759836
2415,0.10609393
2416,0.18508959
2417,0.2082839
2418,0.46017507
2419,0.36209595
2420,0.80767834
2421,0.22612876
2422,0.26751614
2423,0.55365694
2424,0.54837465
2425,0.35220262
2426,0.27868855
2427,0.3180082
2428,0.5043796
2429,0.14750542
2430,0.10500684
2431,0.15442677
2432,0.16040793
2433,0.18819982
2434,0.44333714
2435,0.3814221
2436,0.46252298
2437,0.5578813
2438,0.40451008
2439,0.3780229
2440,0.3644142
2441,0.32826525
2442,0.34811148
2443,0.33168417
2444,0.39417976
2445,0.39105174
2446,0.34714675
2447,0.2865637
2448,0.26181602
2449,0.26032466
2450,0.26976943
2451,0.33327448
2452,0.43308014
2453,0.4350303
2454,0.41006747
2455,0.36348173
2456,0.205021
2457,0.024411052
2458,0.1258359
2459,0.23239446
2460,0.23083556
2461,0.22579895
2462,0.29471153
2463,0.40318143
2464,0.32876027
2465,0.12227833
2466,0.3341846
2467,0.30761847
2468,0.3549096
2469,0.29482943
2470,0.25937593
2471,0.20190853
2472,0.16003528
2473,0.23488984
2474,0.5656611
2475,0.5122738
2476,0.4364698
2477,0.27529085
2478,0.32293865
2479,0.36025214
2480,0.2777935
2481,0.08510387
2482,0.21816558
2483,0.2131187
2484,0.115502
2485,0.23647368
2486,0.27780128
2487,0.21433665
2488,0.20114347
2489,0.28416777
2490,0.21647772
2491,0.056946754
2492,0.16675138
2493,0.08641424
2494,0.29716337
2495,0.13330871
2496,0.29895943
2497,0.22017813
2498,0.9872918
2499,0.1345489
2500,0.24883777
2501,0.52411175
2502,0.44401127
2503,0.39408523
2504,0.35116696
2505,0.21040279
2506,0.22861269
2507,0.21090758
2508,0.20872022
2509,0.33322477
2510,0.3908702
2511,0.4304364
2512,0.35360464
2513,0.38780195
2514,0.55038166
2515,0.57906216
2516,0.4596478
2517,0.3797121
2518,0.39074293
2519,0.36406353
2520,0.34915945
2521,0.31450564
2522,0.28642732
2523,0.2761487
2524,0.24477297
2525,0.2751149
2526,0.33148462
2527,0.39249903
2528,0.4314982
2529,0.42081603
2530,0.46760026
2531,0.34865522
2532,0.24219108
2533,0.035778355
2534,0.07063621
2535,0.050285816
2536,0.13935605
2537,0.24009562
2538,0.31011337
2539,0.6789
2540,0.474352
2541,0.40483084
2542,0.37793684
2543,0.32581705
2544,0.21931338
2545,0.20832655
2546,0.28500482
2547,0.40121937
2548,0.40902027
2549,0.33917654
2550,0.2257171
2551,0.2376923
2552,0.17347045
2553,0.25068125
2554,0.4029596
2555,0.25837916
2556,0.3915245
2557,0.40462822
2558,0.40634656
2559,0.64042574
2560,0.44265124
2561,0.49026057
2562,0.60126764
2563,0.33623916
2564,0.13376522
2565,0.27181852
2566,0.3134084
2567,0.13274351
2568,0.42213959
2569,0.20227084
2570,0.1313304
2571,0.18695986
2572,0.07398015
2573,0.13263202
2574,0.24719602
2575,0.12077577
2576,0.43683
2577,0.19708514
2578,0.15148038
2579,0.10992688
2580,0.14694
2581,0.23262501
2582,0.2539634
2583,0.2906652
2584,0.30166012
2585,0.3386848
2586,0.55577564
2587,0.37159935
2588,0.09238745
2589,0.14068717
2590,0.3382109
2591,0.47313517
2592,0.38895953
2593,0.36732554
2594,0.3720099
2595,0.33362642
2596,0.3011155
2597,0.4065982
2598,0.48580927
2599,0.5062969
2600,0.49136603
2601,0.42243057
2602,0.5412084
2603,0.50170994
2604,0.39079478
2605,0.2073416
2606,0.1797696
2607,0.22301328
2608,0.2961561
2609,0.2930716
2610,0.2682144
2611,0.22450536
2612,0.17381614
2613,0.11159021
2614,0.118691415
2615,0.1586678
2616,0.1997585
2617,0.2509545
2618,0.30953372
2619,0.3853699
2620,0.43231252
2621,0.34183094
2622,0.3642809
2623,0.30475277
2624,0.24024892
2625,0.22110397
2626,0.2074933
2627,0.15263581
2628,0.060319573
2629,0.08204743
2630,0.10180646
2631,0.24542558
2632,0.23816293
2633,0.29736423
2634,0.26351774
2635,0.49546775
2636,0.48469502
2637,0.20484197
2638,0.3313979
2639,0.33516166
2640,0.40638208
2641,0.35287338
2642,0.3791998
2643,0.38427234
2644,0.23911703
2645,0.611777
2646,0.80391693
2647,0.8295599
2648,0.9211745
2649,0.5924133
2650,0.6237885
2651,0.44872573
2652,0.27293825
2653,0.6236137
2654,0.6215298
2655,0.729445
2656,0.19441807
2657,0.19973552
2658,0.16578305
2659,0.24008673
2660,0.22594059
2661,0.28167623
2662,0.3460135
2663,0.14908534
2664,0.37259573
2665,1.0310245
2666,0.86320984
2667,0.90756583
2668,0.32975668
2669,0.43776152
2670,0.4943567
2671,0.61908346
2672,0.815155
2673,0.74110776
2674,0.51367646
2675,0.20923966
2676,0.44005454
2677,0.5677365
2678,0.41436434
2679,0.34441796
2680,0.2816852
2681,0.20798475
2682,0.1416167
2683,0.082635544
2684,0.11427417
2685,0.14075646
2686,0.21837579
2687,0.25652575
2688,0.31899148
2689,0.32703152
2690,0.32065102
2691,0.3575617
2692,0.29633337
2693,0.32591236
2694,0.3210737
2695,0.2914676
2696,0.26818234
2697,0.27312905
2698,0.27905673
2699,0.30500007
2700,0.31873584
2701,0.18902838
2702,0.15518254
2703,0.093982816
2704,0.24419636
2705,0.29404777
2706,0.2990409
2707,0.27642858
2708,0.47005925
2709,0.23986322
2710,0.27955258
2711,0.33643064
2712,0.31646788
2713,0.39731812
2714,0.4230017
2715,0.4724068
2716,0.32313997
2717,0.49435908
2718,0.8332689
2719,0.9054341
2720,0.76634526
2721,0.5295566
2722,0.4484476
2723,0.44437373
2724,0.16859405
2725,0.18615395
2726,0.4784056
2727,0.27220675
2728,0.17809945
2729,0.13768244
2730,0.20782518
2731,0.23067886
2732,0.26537877
2733,0.32761115
2734,0.4071505
2735,0.2600707
2736,0.7211305
2737,0.7915504
2738,0.88925207
2739,0.3288098
2740,0.27080816
2741,0.4727466
2742,0.45911777
2743,0.5232908
2744,0.55996734
2745,0.5428998
2746,0.38372955
2747,0.8071467
2748,0.67516154
2749,0.54807687
2750,0.46191993
2751,0.3998678
2752,0.3234408
2753,0.28563136
2754,0.25257796
2755,0.21697474
2756,0.16900605
2757,0.21612626
2758,0.27922165
2759,0.24611233
2760,0.2576435
2761,0.23376311
2762,0.21234904
2763,0.23638242
2764,0.27472073
2765,0.19752574
2766,0.19552916
2767,0.20766073
2768,0.24050891
2769,0.23756564
2770,0.17982465
2771,0.17598653
2772,0.09402755
2773,0.1560544
2774,0.29452074
2775,0.3110537
2776,0.29543293
2777,0.29834232
2778,0.42808697
2779,0.25965416
2780,0.30219567
2781,0.27906823
2782,0.36455154
2783,0.44845963
2784,0.50219166
2785,0.54141515
2786,0.34898764
2787,0.7539307
2788,1.0026463
2789,0.8737572
2790,0.5767779
2791,0.4602601
2792,0.32046038
2793,0.32369578
2794,0.39772302
2795,0.33514047
2796,0.6494578
2797,0.29614076
2798,0.35040957
2799,0.21240342
2800,0.25809312
2801,0.34407544
2802,0.43233854
2803,0.35504115
2804,0.31979173
2805,0.8036834
2806,0.120513916
2807,0.44275466
2808,0.15956362
2809,0.15828405
2810,0.10790462
2811,0.19079404
2812,0.1518271
2813,0.43702167
2814,0.66073227
2815,0.39621875
2816,0.9819129
2817,0.7207859
2818,0.46273246
2819,0.4660516
2820,0.7175602
2821,0.43157417
2822,0.57817984
2823,0.43128482
2824,0.2922353
2825,0.17150652
2826,0.28410435
2827,0.25188863
2828,0.48288366
2829,0.27772814
2830,0.3177717
2831,0.3611314
2832,0.37460256
2833,0.3407067
2834,0.35447687
2835,0.21051598
2836,0.24260238
2837,0.5545893
2838,0.23147407
2839,0.5057606
2840,0.19367647
2841,0.13062829
2842,0.20362936
2843,0.2962396
2844,0.16153705
2845,0.41732416
2846,1.2858404
2847,1.3050616
2848,0.9366522
2849,0.5089121
2850,1.1518109
2851,0.9703869
2852,0.5203196
2853,0.5308884
2854,0.77962255
2855,0.89291096
2856,1.0249809
2857,0.12677616
2858,0.23307478
2859,0.36075312
2860,0.30882424
2861,0.18643886
2862,0.32613093
2863,0.8413768
2864,0.8509039
2865,0.80790997
2866,0.575469
2867,0.17014349
2868,0.09919572
2869,0.094239295
2870,0.07530439
2871,0.07364467
2872,0.056455508
2873,0.058948606
2874,0.063663095
2875,0.0850868
2876,0.05494201
2877,0.080323756
2878,0.1142731
2879,0.11730346
2880,0.11223248
2881,0.11894487
2882,0.12438458
2883,0.1489417
2884,0.16513436
2885,0.17389628
2886,0.17477435
2887,0.19552541
2888,0.22494593
2889,0.24949634
2890,0.35717145
2891,0.48243156
2892,0.27022007
2893,0.23251681
2894,0.24328007
2895,0.2604696
2896,0.24944381
2897,0.22049664
2898,0.19817623
2899,0.2121253
2900,0.2510716
2901,0.27715617
2902,0.18842913
2903,0.20708407
2904,0.45949873
2905,0.2223849
2906,0.13050818
2907,0.15747866
2908,0.12732977
2909,0.11856523
2910,0.10007453
2911,0.10316561
2912,0.086220846
2913,0.10172984
2914,0.11379094
2915,0.1115683
2916,0.086138055
2917,0.1514231
2918,0.34572583
2919,0.27528626
2920,0.30615094
2921,0.28678122
2922,0.38378233
2923,0.32625693
2924,0.21768916
2925,0.21804592
2926,0.1885196
2927,0.12994151
2928,0.17306301
2929,0.1722565
2930,0.17572683
2931,0.31946546
2932,0.23180893
2933,0.19524291
2934,0.11454317
2935,0.08900398
2936,0.077990055
2937,0.086015165
2938,0.15248439
2939,0.08880052
2940,0.16915557
2941,0.27206898
2942,0.046812057
2943,0.058047175
2944,0.07553983
2945,0.10566133
2946,0.1694271
2947,0.24666357
2948,0.5685373
2949,0.4589727
2950,0.12113875
2951,0.21068853
2952,0.26026016
2953,0.29109508
2954,0.27513862
2955,0.28823024
2956,1.1612146
2957,0.98732805
2958,0.532125
2959,0.47226095
2960,0.23313498
2961,0.31720144
2962,0.43551484
2963,0.19960022
2964,0.39839703
2965,0.3800473
2966,0.12395203
2967,0.1762039
2968,0.26069492
2969,0.33439296
2970,0.4084163
2971,0.41717535
2972,0.42858726
2973,0.462856
2974,0.49739957
2975,0.4858906
2976,0.41939056
2977,0.21849585
2978,0.19840226
2979,0.19295274
2980,0.22159131
2981,0.21835344
2982,0.18476483
2983,0.21807075
2984,0.25767764
2985,0.35098672
2986,0.48121777
2987,0.2789683
2988,0.334975
2989,0.42346317
2990,0.14626224
2991,0.15630177
2992,0.12311016
2993,0.25233638
2994,0.18666244
2995,0.22846682
2996,0.3096422
2997,0.842372
2998,0.49511975
2999,0.65970635
3000,0.22460642
3001,0.41781124
3002,0.5876399
3003,0.31929994
3004,0.6133476
3005,0.80284274
3006,0.8227086
3007,0.5728158
3008,0.6370296
3009,0.8773523
3010,0.9987459
3011,0.6842082
3012,1.0400575
3013,0.4815604
3014,0.3300068
3015,0.07258664
3016,0.17576978
3017,0.255869
3018,0.49100637
3019,0.41460595
3020,0.2685521
3021,0.08685067
3022,0.11112286
3023,0.12471777
3024,0.23649293
3025,0.4962895
3026,0.2353459
3027,0.23385286
3028,0.34674862
3029,0.55695254
3030,0.28332174
3031,0.29415673
3032,0.19844729
3033,0.20458591
3034,0.16231889
3035,0.13071403
3036,0.18873785
3037,0.17245016
3038,0.28291246
3039,0.42207822
3040,0.37855923
3041,0.363248
3042,0.47599304
3043,0.5150306
3044,0.5097375
3045,0.3894137
3046,0.36515623
3047,0.3528024
3048,0.27970988
3049,0.20195484
3050,0.25141948
3051,0.35027555
3052,0.36889026
3053,0.3592685
3054,0.3031143
3055,0.31786314
3056,0.24770197
3057,0.20487212
3058,0.25691983
3059,0.32471007
3060,0.36832368
3061,0.3851208
3062,0.10703343
3063,0.11868238
3064,0.031461343
3065,0.117953375
3066,0.1081083
3067,0.06740154
3068,0.17392242
3069,0.3001418
3070,0.50862294
3071,0.7430174
3072,0.56817377
3073,0.48044983
3074,0.3979224
3075,0.32974222
3076,0.28303164
3077,0.20886624
3078,0.26331848
3079,0.43350518
3080,0.40485495
3081,0.44672757
3082,0.31736386
3083,0.39947873
3084,0.27139953
3085,0.20424443
3086,0.21448416
3087,0.34217918
3088,0.3721298
3089,0.38137233
3090,0.3590393
3091,0.28519958
3092,0.44151282
3093,0.2289919
3094,0.22328585
3095,0.22848421
3096,0.20233333
3097,0.2660146
3098,0.16958487
3099,0.105688035
3100,0.29955328
3101,0.1639333
3102,0.3216203
3103,0.07617271
3104,0.060510576
3105,0.100847274
3106,0.16886824
3107,0.210477
3108,0.18340269
3109,0.09370692
3110,0.13917096
3111,0.1420722
3112,0.3071314
3113,0.66143715
3114,0.82267934
3115,0.17939389
3116,0.24853295
3117,0.3934002
3118,0.72620225
3119,0.340987
3120,0.34335622
3121,0.23718989
3122,0.20266873
3123,0.1530106
3124,0.16424927
3125,0.24861696
3126,0.21518368
3127,0.21781184
3128,0.264771
3129,0.3371545
3130,0.31624633
3131,0.42605764
3132,0.5304341
3133,0.5292378
3134,0.54799706
3135,0.55791354
3136,0.51575994
3137,0.47762382
3138,0.43199927
3139,0.37169498
3140,0.07485104
3141,0.039062236
3142,0.19017541
3143,0.2548328
3144,0.34392616
3145,0.36968926
3146,0.38851342
3147,0.30248088
3148,0.25531328
3149,0.22038865
3150,0.16355057
3151,0.13170496
3152,0.17182747
3153,0.18531257
3154,0.26440758
3155,0.3814495
3156,0.28240085
3157,0.1318151
3158,0.37530327
3159,0.42706573
3160,0.40841424
3161,0.16927516
3162,0.32070446
3163,0.16161367
3164,0.17403995
3165,0.23489079
3166,0.06889817
3167,0.27027142
3168,0.5551487
3169,0.635484
3170,0.57195234
3171,0.53776455
3172,0.40362144
3173,0.4795393
3174,0.39302903
3175,0.23175633
3176,0.19861278
3177,0.17099905
3178,0.2676549
3179,0.19751081
3180,0.15399934
3181,0.28774044
3182,0.20022066
3183,0.094003
3184,0.295351
3185,0.39465505
3186,0.23787266
3187,0.08201814
3188,0.26773307
3189,0.19961679
3190,0.20133066
3191,0.20346123
3192,0.3913058
3193,0.5590487
3194,0.12912583
3195,0.26920253
3196,0.26944172
3197,0.35746247
3198,0.50622356
3199,0.5718335
3200,0.45251733
3201,0.26466846
3202,0.15754752
3203,0.13478574
3204,0.22407705
3205,0.448169
3206,0.43564677
3207,0.38487202
3208,0.3589101
3209,0.33941442
3210,0.5211375
3211,0.5656116
3212,0.53219247
3213,0.40161368
3214,0.39709204
3215,0.4413129
3216,0.44681525
3217,0.4463187
3218,0.48365372
3219,0.41774768
3220,0.32083476
3221,0.23119535
3222,0.2422333
3223,0.1825451
3224,0.16233356
3225,0.13918653
3226,0.15151069
3227,0.11080517
3228,0.15562645
3229,0.06263545
3230,0.10899243
3231,0.15119906
3232,0.23673335
3233,0.2907194
3234,0.36169553
3235,0.6939532
3236,0.65164137
3237,0.5378943
3238,0.47265723
3239,0.40926582
3240,0.3592205
3241,0.37825805
3242,0.3542121
3243,0.33376253
3244,0.33153814
3245,0.28644043
3246,0.16225845
3247,0.19521424
3248,0.11225098
3249,0.14332086
3250,0.27026284
3251,0.34544522
3252,0.3612091
3253,0.3444875
3254,0.28989676
3255,0.2564843
3256,0.4699536
3257,0.33604848
3258,0.14871694
3259,0.13916026
3260,0.17839253
3261,0.1996513
3262,0.16914617
3263,0.10366574
3264,0.31831416
3265,0.07355428
3266,0.10301649
3267,0.113007784
3268,0.108897805
3269,0.16232252
3270,0.2239263
3271,0.0820743
3272,0.2133491
3273,0.1639961
3274,0.38463092
3275,0.43860424
3276,1.0762916
3277,0.1936022
3278,0.27258295
3279,0.43203774
3280,0.61960655
3281,0.39790195
3282,0.3477577
3283,0.1988244
3284,0.26058966
3285,0.4322573
3286,0.51875305
3287,0.24574585
3288,0.29126057
3289,0.35763443
3290,0.44350165
3291,0.5525249
3292,0.57511884
3293,0.47105783
3294,0.41443074
3295,0.3597332
3296,0.304349
3297,0.3223526
3298,0.2972465
3299,0.27130425
3300,0.24664459
3301,0.22513165
3302,0.22235681
3303,0.27269128
3304,0.30388504
3305,0.34347707
3306,0.3951812
3307,0.41781777
3308,0.3977973
3309,0.35919523
3310,0.17328079
3311,0.19519421
3312,0.14530283
3313,0.13961434
3314,0.13409215
3315,0.18406266
3316,0.24241707
3317,0.45560646
3318,0.6260365
3319,0.3942192
3320,0.25253385
3321,0.3030569
3322,0.39387608
3323,0.3169585
3324,0.33121318
3325,0.26480576
3326,0.20744027
3327,0.14225295
3328,0.13185346
3329,0.19141215
3330,0.30555835
3331,0.108875126
3332,0.4167021
3333,0.41611972
3334,0.54224104
3335,0.57320786
3336,0.3585583
3337,0.54347336
3338,0.5456477
3339,0.14914444
3340,0.13787621
3341,0.29823995
3342,0.1827947
3343,0.2598669
3344,0.46519804
3345,0.2717779
3346,0.07350904
3347,0.1269058
3348,0.09115565
3349,0.15705049
3350,0.17908314
3351,0.14437582
3352,0.36063942
3353,0.18966466
3354,0.399359
3355,0.23220584
3356,0.09957999
3357,0.23150802
3358,0.24979967
3359,0.29560828
3360,0.38543203
3361,0.4995089
3362,0.54137206
3363,0.32474667
3364,0.1781507
3365,0.19348752
3366,0.28794798
3367,0.31363267
3368,0.3344587
3369,0.3481971
3370,0.39857596
3371,0.40342754
3372,0.550822
3373,0.56552315
3374,0.44702786
3375,0.4144562
3376,0.416066
3377,0.3841606
3378,0.33853298
3379,0.30992323
3380,0.2883785
3381,0.29189324
3382,0.25960273
3383,0.26132745
3384,0.29805577
3385,0.24033946
3386,0.20733991
3387,0.33585554
3388,0.3088451
3389,0.09129372
3390,0.0788964
3391,0.09831296
3392,0.16291969
3393,0.22304976
3394,0.2841947
3395,0.34392667
3396,0.7506499
3397,0.6122097
3398,0.52444655
3399,0.45784992
3400,0.38799676
3401,0.35860014
3402,0.3610673
3403,0.33578396
3404,0.30724138
3405,0.28700674
3406,0.2549734
3407,0.22028211
3408,0.19574502
3409,0.17158565
3410,0.19531295
3411,0.29925215
3412,0.3495298
3413,0.3576905
3414,0.33203876
3415,0.17610398
3416,0.35080993
3417,0.3665974
3418,0.26579309
3419,0.2098248
3420,0.2169629
3421,0.25349712
3422,0.13365564
3423,0.09422475
3424,0.2488172
3425,0.078721106
3426,0.2706601
3427,0.16296406
3428,0.10453662
3429,0.060303807
3430,0.18660152
3431,0.19872068
3432,0.22970204
3433,0.08404521
3434,0.21215057
3435,0.17011261
3436,0.3470183
3437,0.38660538
3438,0.88031346
3439,0.14903116
3440,0.2521038
3441,0.45615682
3442,0.6444378
3443,0.39621103
3444,0.34421867
3445,0.27808723
3446,0.5086664
3447,0.1522159
3448,0.11426111
3449,0.17210758
3450,0.12806247
3451,0.1757114
3452,0.35213214
3453,0.39671236
3454,0.38943243
3455,0.49145323
3456,0.56628114
3457,0.40370417
3458,0.40849656
3459,0.36760372
3460,0.37632513
3461,0.36322865
3462,0.42092195
3463,0.38735068
3464,0.3041095
3465,0.21408525
3466,0.16644719
3467,0.23667967
3468,0.3554396
3469,0.348342
3470,0.43165493
3471,0.40496862
3472,0.45200908
3473,0.43731242
3474,0.3657011
3475,0.1891174
3476,0.15757954
3477,0.278871
3478,0.25032794
3479,0.25440377
3480,0.34126174
3481,0.4321467
3482,0.12781864
3483,0.053900756
3484,0.24730039
3485,0.388855
3486,0.34509376
3487,0.40655732
3488,0.3751768
3489,0.25486273
3490,0.19440347
3491,0.57418895
3492,0.5062899
3493,0.45170864
3494,0.35746932
3495,0.28168303
3496,0.324422
3497,0.45317233
3498,0.113165915
3499,0.12008619
3500,0.2521289
3501,0.11266506
3502,0.112692475
3503,0.33866745
3504,0.2545083
3505,0.06525524
3506,0.31444508
3507,0.26838702
3508,0.07758206
3509,0.11780131
3510,0.20722598
3511,0.18865867
3512,0.3040204
3513,0.20123559
3514,0.3859612
3515,0.16715169
3516,0.10658842
3517,0.22754651
3518,0.2754954
3519,0.33400214
3520,0.5420946
3521,0.52942264
3522,0.42066234
3523,0.21222496
3524,0.17291442
3525,0.15955219
3526,0.24783693
3527,0.33024436
3528,0.32870907
3529,0.3660795
3530,0.37974477
3531,0.4309779
3532,0.5486294
3533,0.5535833
3534,0.38573742
3535,0.38917202
3536,0.38673303
3537,0.37902093
3538,0.34080458
3539,0.30020806
3540,0.2999888
3541,0.28193823
3542,0.2775737
3543,0.22958569
3544,0.26201463
3545,0.29789174
3546,0.30049562
3547,0.23230931
3548,0.23027848
3549,0.047498107
3550,0.071601346
3551,0.095513195
3552,0.11847685
3553,0.23386702
3554,0.3271269
3555,0.4149865
3556,0.71680593
3557,0.55718017
3558,0.46866804
3559,0.4606685
3560,0.42355636
3561,0.3959459
3562,0.33837026
3563,0.3760134
3564,0.3494997
3565,0.34719858
3566,0.31840375
3567,0.31979886
3568,0.28887126
3569,0.2501965
3570,0.17942286
3571,0.19542477
3572,0.23146749
3573,0.33618945
3574,0.36008567
3575,0.3604476
3576,0.25937164
3577,0.40598583
3578,0.31206042
3579,0.26445293
3580,0.18090571
3581,0.18166119
3582,0.17689943
3583,0.31742752
3584,0.22806449
3585,0.08894384
3586,0.33962977
3587,0.09127861
3588,0.07575363
3589,0.06095016
3590,0.11978006
3591,0.14221734
3592,0.31556708
3593,0.20940204
3594,0.19911358
3595,0.23636311
3596,0.18984038
3597,0.4282306
3598,0.4925804
3599,0.25979966
3600,0.22477275
3601,0.26466227
3602,0.37388748
3603,0.5937866
3604,0.44943732
3605,0.38966447
3606,0.19195354
3607,0.26295027
3608,0.25729626
3609,0.34059393
3610,0.4133625
3611,0.4773991
3612,0.39977634
3613,0.40893066
3614,0.61431646
3615,0.5708235
3616,0.4532851
3617,0.43301994
3618,0.34080842
3619,0.40973976
3620,0.35075182
3621,0.41901723
3622,0.28161266
3623,0.25677395
3624,0.27669522
3625,0.27377766
3626,0.2395219
3627,0.21615514
3628,0.25556016
3629,0.31424862
3630,0.28183368
3631,0.30278355
3632,0.34780502
3633,0.15448007
3634,0.19902706
3635,0.1367363
3636,0.16971868
3637,0.19776976
3638,0.23630697
3639,0.26197767
3640,0.54630876
3641,0.63093686
3642,0.36479086
3643,0.2251516
3644,0.2857334
3645,0.41254193
3646,0.34712398
3647,0.34941453
3648,0.26723742
3649,0.24610046
3650,0.34903762
3651,0.4139581
3652,0.34732017
3653,0.286142
3654,0.42825
3655,0.4722127
3656,0.45261502
3657,0.3382697
3658,0.26196116
3659,0.44804323
3660,0.5166962
3661,0.13856345
3662,0.22726622
3663,0.12756675
3664,0.12441595
3665,0.24629402
3666,0.31559443
3667,0.08315104
3668,0.13396552
3669,0.16693068
3670,0.15967798
3671,0.16181755
3672,0.29517344
3673,0.07946506
3674,0.50232893
3675,0.25936788
3676,0.38181925
3677,0.31643748
3678,0.12494993
3679,0.23218924
3680,0.27688694
3681,0.28923935
3682,0.28705692
3683,0.39018488
3684,0.45861068
3685,0.34388328
3686,0.23022363
3687,0.4861871
3688,0.66685665
3689,0.61132705
3690,0.42716724
3691,0.48739523
3692,0.4408997
3693,0.31590876
3694,0.23972604
3695,0.23668063
3696,0.28144664
3697,0.3355158
3698,0.3610763
3699,0.55203104
3700,0.70985866
3701,0.66188586
3702,0.46544224
3703,0.32261008
3704,0.2929569
3705,0.26069576
3706,0.25508404
3707,0.23495641
3708,0.21237758
3709,0.16657817
3710,0.093106605
3711,0.14815915
3712,0.21964288
3713,0.25174817
3714,0.29778653
3715,0.31367302
3716,0.3366556
3717,0.28780946
3718,0.28976232
3719,0.25464344
3720,0.13563709
3721,0.17331874
3722,0.19390011
3723,0.18893623
3724,0.07382791
3725,0.07590082
3726,0.06756641
3727,0.13361341
3728,0.22905177
3729,0.2248705
3730,0.3272687
3731,0.53031296
3732,0.2438029
3733,0.27459127
3734,0.2613342
3735,0.23575729
3736,0.33517128
3737,0.39771068
3738,0.38004136
3739,0.2645324
3740,0.40222538
3741,0.73438513
3742,0.8434534
3743,0.93834174
3744,0.1404025
3745,0.59613204
3746,0.42150283
3747,0.5717777
3748,0.18606466
3749,0.13240016
3750,0.14131165
3751,0.21617252
3752,0.20771849
3753,0.33364037
3754,0.31573007
3755,0.23426867
3756,0.2875045
3757,0.32278132
3758,0.31389204
3759,0.26370898
3760,0.5612551
3761,0.25258207
3762,0.8654166
3763,0.4664617
3764,0.17611574
3765,0.26748607
3766,0.37842494
3767,0.30648237
3768,0.27417594
3769,0.18547189
3770,0.4085679
3771,0.6427064
3772,0.9210692
3773,0.875474
3774,0.65185726
3775,0.51558536
3776,0.45763275
3777,0.5136412
3778,0.37969333
3779,0.19664049
3780,0.28260422
3781,0.31095237
3782,0.31207862
3783,0.22370413
3784,0.37996608
3785,0.42457008
3786,0.41683975
3787,0.3366647
3788,0.3039371
3789,0.30486488
3790,0.2311435
3791,0.2954017
3792,0.29436916
3793,0.31947523
3794,0.4170472
3795,0.2869618
3796,0.2619141
3797,0.3408512
3798,0.26450932
3799,0.19211894
3800,0.35906166
3801,0.27811396
3802,0.32921398
3803,0.40361816
3804,0.45727277
3805,0.41301566
3806,0.366988
3807,0.77899206
3808,1.0763235
3809,0.2506376
3810,0.59140134
3811,0.90663594
3812,0.45238462
3813,0.3152858
3814,0.3632918
3815,0.25462413
3816,0.2386046
3817,0.3276231
3818,0.27758557
3819,0.27241403
3820,0.3275283
3821,0.16107035
3822,0.21443853
3823,0.12137151
3824,0.10080463
3825,0.1408388
3826,0.3312789
3827,0.45005572
3828,0.4024926
3829,0.35759956
3830,0.3376128
3831,0.35776445
3832,0.30374122
3833,0.2433104
3834,0.33320788
3835,0.27584988
3836,0.21106043
3837,0.28848317
3838,0.8576761
3839,0.9614366
3840,0.9391928
3841,0.74769837
3842,0.68757606
3843,0.58864033
3844,0.3934411
3845,0.20720574
3846,0.10589036
3847,0.33287564
3848,0.15220359
3849,0.24949783
3850,0.46364003
3851,0.31191638
3852,0.98299444
3853,0.26739997
3854,0.35429955
3855,0.19316846
3856,0.17715019
3857,0.36491334
3858,0.14408356
3859,0.40252677
3860,0.32042712
3861,0.20506954
3862,0.33462918
3863,0.80615175
3864,0.82516927
3865,0.8057548
3866,0.636513
3867,0.25639543
3868,0.090114474
3869,0.08837293
3870,0.06261957
3871,0.06275688
3872,0.05061008
3873,0.05795063
3874,0.07390559
3875,0.07605906
3876,0.061312437
3877,0.08990705
3878,0.12221074
3879,0.12195811
3880,0.11850041
3881,0.12249255
3882,0.12894505
3883,0.14713687
3884,0.15787525
3885,0.16323638
3886,0.17924169
3887,0.2005392
3888,0.23184189
3889,0.2629364
3890,0.39229223
3891,0.4414585
3892,0.23300147
3893,0.23515615
3894,0.24808425
3895,0.2516574
3896,0.25260884
3897,0.20633559
3898,0.18286863
3899,0.21320684
3900,0.24860284
3901,0.2569637
3902,0.02578926
3903,0.47018158
3904,0.3365454
3905,0.19507918
3906,0.15100409
3907,0.13006547
3908,0.11341065
3909,0.10598911
3910,0.09763381
3911,0.09854911
3912,0.10085526
3913,0.104158655
3914,0.11283227
3915,0.09496936
3916,0.06643155
3917,0.22119233
3918,0.3926574
3919,0.25787404
3920,0.25611776
3921,0.36136124
3922,0.366837
3923,0.32245052
3924,0.21339339
3925,0.20940807
3926,0.17037511
3927,0.16673978
3928,0.19794798
3929,0.1768218
3930,0.23336968
3931,0.3561382
3932,0.2734243
3933,0.08644879
3934,0.37043807
3935,0.13483083
3936,0.14269365
3937,0.06989509
3938,0.13498983
3939,0.11910793
3940,0.18402748
3941,0.20377554
3942,0.048165083
3943,0.068488516
3944,0.0809139
3945,0.108563244
3946,0.17061579
3947,0.27726126
3948,0.8023652
3949,0.37175992
3950,0.09390044
3951,0.24187839
3952,0.28588927
3953,0.31372762
3954,0.2308023
3955,0.3392771
3956,1.283452
3957,0.8459765
3958,0.45263448
3959,0.31639624
3960,0.25618416
3961,0.41613847
3962,0.36118218
3963,0.21077222
3964,0.5316738
3965,0.21509317
3966,0.1638129
3967,0.20898604
3968,0.28982517
3969,0.37510124
3970,0.423926
3971,0.43317842
3972,0.44543839
3973,0.48278797
3974,0.51388586
3975,0.49521706
3976,0.40700498
3977,0.20656149
3978,0.18471439
3979,0.18119273
3980,0.2070779
3981,0.20102848
3982,0.16252294
3983,0.22815706
3984,0.2928103
3985,0.39877594
3986,0.39673302
3987,0.21086186
3988,0.31934053
3989,0.33195528
3990,0.16178322
3991,0.14597306
3992,0.090867266
3993,0.19909507
3994,0.19396602
3995,0.25708854
3996,0.23637979
3997,0.28286177
3998,0.41384625
3999,0.32262668
4000,0.33173388
4001,0.4640718
4002,0.30391914
4003,0.43330348
4004,0.7385956
4005,0.82453406
4006,0.6670868
4007,0.34803718
4008,0.7385163
4009,0.8033557
4010,0.95057
4011,1.0172627
4012,0.5248432
4013,0.36632174
4014,0.21601948
4015,0.20786826
4016,0.061072588
4017,0.46994457
4018,0.35752448
4019,0.3194079
4020,0.06257352
4021,0.088112995
4022,0.16565907
4023,0.20420003
4024,0.37115407
4025,0.41985464
4026,1.0549968
4027,0.42054188
4028,0.51818013
4029,0.2118305
4030,0.1975866
4031,0.11713457
4032,0.1803176
4033,0.16885465
4034,0.100396685
4035,0.16843545
4036,0.2110372
4037,0.20802325
4038,0.26489034
4039,0.38237986
4040,0.39361447
4041,0.33486605
4042,0.3610283
4043,0.5114195
4044,0.5274174
4045,0.4241731
4046,0.40208447
4047,0.35353035
4048,0.33484414
4049,0.2537479
4050,0.26340485
4051,0.23062706
4052,0.25440648
4053,0.29278773
4054,0.31723794
4055,0.34767014
4056,0.32929233
4057,0.3094164
4058,0.38360298
4059,0.36465225
4060,0.32531312
4061,0.28923678
4062,0.19111294
4063,0.14142026
4064,0.08890034
4065,0.061811358
4066,0.08664292
4067,0.07557283
4068,0.15792888
4069,0.30517554
4070,0.7168663
4071,0.54091096
4072,0.46027806
4073,0.38219666
4074,0.29243073
4075,0.20086423
4076,0.121892065
4077,0.2360712
4078,0.38759592
4079,0.4009324
4080,0.39145213
4081,0.35320276
4082,0.22437824
4083,0.1860766
4084,0.19063693
4085,0.33347473
4086,0.1460889
4087,0.3450716
4088,0.52661705
4089,0.43539014
4090,0.5907788
4091,0.54001504
4092,0.62037605
4093,0.51975065
4094,0.20361525
4095,0.14431196
4096,0.16264045
4097,0.32341567
4098,0.33930278
4099,0.109591275
4100,0.17966428
4101,0.094521284
4102,0.08846849
4103,0.10222033
4104,0.07005417
4105,0.10462284
4106,0.19823098
4107,0.22498575
4108,0.0747318
4109,0.112246126
4110,0.15974396
4111,0.35590017
4112,0.2048145
4113,1.062177
4114,0.16836506
4115,0.26308823
4116,0.5658313
4117,0.55905956
4118,0.3206874
4119,0.22850603
4120,0.13031441
4121,0.43728197
4122,0.3862134
4123,0.12041183
4124,0.12891261
4125,0.21311757
4126,0.27391103
4127,0.28795278
4128,0.3319194
4129,0.41880792
4130,0.5514573
4131,0.44236046
4132,0.42158282
4133,0.4381859
4134,0.42237565
4135,0.4011784
4136,0.4148517
4137,0.43386617
4138,0.45156068
4139,0.42312104
4140,0.3569623
4141,0.3037551
4142,0.2995188
4143,0.30686194
4144,0.32272214
4145,0.34934875
4146,0.41341656
4147,0.37826315
4148,0.3601125
4149,0.36634728
4150,0.32965803
4151,0.17196442
4152,0.1265648
4153,0.22854804
4154,0.2566441
4155,0.30540353
4156,0.34019187
4157,0.40007126
4158,0.32286742
4159,0.106100805
4160,0.13879132
4161,0.38667303
4162,0.3637774
4163,0.41200015
4164,0.33083484
4165,0.32605794
4166,0.30261385
4167,0.25647065
4168,0.2745072
4169,0.23953593
4170,0.5637131
4171,0.46805722
4172,0.43491867
4173,0.28342342
4174,0.3289519
4175,0.38552043
4176,0.27840468
4177,0.16238916
4178,0.22003567
4179,0.16914925
4180,0.11894286
4181,0.2348453
4182,0.39208782
4183,0.087928146
4184,0.34093446
4185,0.28272668
4186,0.18074962
4187,0.069069624
4188,0.18242595
4189,0.067825615
4190,0.20555207
4191,0.16574216
4192,0.35852247
4193,0.46372715
4194,1.2083493
4195,0.1804946
4196,0.33475938
4197,0.52172935
4198,0.404446
4199,0.34095436
4200,0.27450478
4201,0.17540377
4202,0.2236843
4203,0.2168196
4204,0.24117506
4205,0.37757897
4206,0.432005
4207,0.39280367
4208,0.33973497
4209,0.39043224
4210,0.55576444
4211,0.56046784
4212,0.42017344
4213,0.38893494
4214,0.38130182
4215,0.3652632
4216,0.32512754
4217,0.29677522
4218,0.27382597
4219,0.26237264
4220,0.2694372
4221,0.25370672
4222,0.34580788
4223,0.37919533
4224,0.42717183
4225,0.42816073
4226,0.4311025
4227,0.39498773
4228,0.2603461
4229,0.02135942
4230,0.037384868
4231,0.048986852
4232,0.026411757
4233,0.16412242
4234,0.30253628
4235,0.61596125
4236,0.54948336
4237,0.44070214
4238,0.40488344
4239,0.34746167
4240,0.2445705
4241,0.19944865
4242,0.24487895
4243,0.360229
4244,0.31186932
4245,0.35501564
4246,0.28678876
4247,0.22498362
4248,0.2028258
4249,0.22998846
4250,0.33589232
4251,0.3000022
4252,0.23949933
4253,0.4481666
4254,0.46238595
4255,0.580515
4256,0.66276574
4257,0.27685878
4258,0.48719347
4259,0.44887167
4260,0.13416272
4261,0.21715224
4262,0.19475426
4263,0.09659243
4264,0.35699013
4265,0.28599513
4266,0.14827678
4267,0.16686189
4268,0.048182726
4269,0.07658887
4270,0.19041887
4271,0.11418442
4272,0.35139948
4273,0.14551216
4274,0.32757396
4275,0.5826533
4276,0.17300606
4277,0.22983274
4278,0.23376703
4279,0.27992308
4280,0.3026119
4281,0.3876426
4282,0.46707717
4283,0.4837142
4284,0.20328647
4285,0.14534487
4286,0.18860923
4287,0.2939695
4288,0.43909132
4289,0.40641004
4290,0.38938937
4291,0.38017166
4292,0.48379648
4293,0.5215777
4294,0.49116173
4295,0.38533494
4296,0.44115067
4297,0.41505495
4298,0.3425598
4299,0.20463958
4300,0.3511178
4301,0.25045133
4302,0.33875704
4303,0.32033473
4304,0.24218403
4305,0.3447308
4306,0.42612705
4307,0.43009463
4308,0.35351318
4309,0.36538127
4310,0.43497276
4311,0.09577663
4312,0.3370794
4313,0.31811386
4314,0.43195972
4315,0.41372374
4316,0.35751125
4317,0.39275235
4318,0.3564729
4319,0.36502117
4320,0.38047183
4321,0.3573293
4322,0.32944262
4323,0.3145874
4324,0.2698703
4325,0.20240173
4326,0.11742158
4327,0.11106452
4328,0.15261999
4329,0.13057122
4330,0.30334443
4331,0.3626514
4332,0.37041003
4333,0.27306348
4334,0.16628954
4335,0.33287048
4336,0.22354734
4337,0.43420076
4338,0.22551501
4339,0.3042912
4340,0.2881171
4341,0.18131077
4342,0.10228735
4343,0.17762351
4344,0.38697326
4345,0.16092369
4346,0.111187726
4347,0.24852961
4348,0.1856941
4349,0.32887527
4350,0.089665316
4351,0.32086456
4352,0.191154
4353,0.19030404
4354,0.14556813
4355,0.19157377
4356,0.23975694
4357,0.28836083
4358,0.29445803
4359,0.31170535
4360,0.3717724
4361,0.522919
4362,0.38549265
4363,0.16822088
4364,0.19855614
4365,0.30269817
4366,0.46584257
4367,0.4759637
4368,0.4502983
4369,0.46109557
4370,0.4268768
4371,0.45535737
4372,0.52545613
4373,0.5188092
4374,0.43287134
4375,0.40299928
4376,0.31795138
4377,0.3205818
4378,0.4095736
4379,0.40897363
4380,0.23552294
4381,0.10069199
4382,0.2068339
4383,0.4501094
4384,0.35739112
4385,0.24449505
4386,0.2652486
4387,0.16172284
4388,0.091877535
4389,0.13597886
4390,0.1559681
4391,0.19569206
4392,0.28517932
4393,0.34012347
4394,0.3517822
4395,0.3484575
4396,0.3349965
4397,0.3082696
4398,0.28092536
4399,0.2439481
4400,0.19603592
4401,0.13667786
4402,0.05863762
4403,0.20631617
4404,0.096832365
4405,0.15304989
4406,0.31780332
4407,0.3109995
4408,0.27145022
4409,0.23022532
4410,0.4487526
4411,0.59138525
4412,0.21639979
4413,0.2561478
4414,0.4056859
4415,0.448804
4416,0.3019911
4417,0.20732033
4418,0.3217426
4419,0.2001695
4420,0.30466706
4421,0.6207186
4422,0.6228967
4423,0.74427915
4424,0.78615975
4425,0.7734397
4426,0.70364654
4427,0.5432099
4428,0.36458784
4429,0.18004242
4430,0.79303074
4431,0.6498075
4432,0.20107532
4433,0.20593512
4434,0.23406625
4435,0.23150504
4436,0.28266883
4437,0.30562752
4438,0.24277794
4439,0.27779388
4440,0.7918916
4441,0.895925
4442,0.79104745
4443,0.6685092
4444,0.7112545
4445,0.7480087
4446,0.7512816
4447,0.6430062
4448,0.4245278
4449,0.29237324
4450,0.24852994
4451,0.46783873
4452,0.36561045
4453,0.2576912
4454,0.30597144
4455,0.29820937
4456,0.36575145
4457,0.41431224
4458,0.40480977
4459,0.30781528
4460,0.24770719
4461,0.2652501
4462,0.3432054
4463,0.40355533
4464,0.39869574
4465,0.26667947
4466,0.2537426
4467,0.18790418
4468,0.2711535
4469,0.45201182
4470,0.65766156
4471,0.5246282
4472,0.4292255
4473,0.35509244
4474,0.42267525
4475,0.40551057
4476,0.37220427
4477,0.32436353
4478,0.30764967
4479,0.32944646
4480,0.21996877
4481,0.3324981
4482,0.27022427
4483,0.16617388
4484,0.23259729
4485,0.31281525
4486,0.35170966
4487,0.368016
4488,0.30115157
4489,0.3740819
4490,0.24302596
4491,0.2272802
4492,0.15100917
4493,0.17570859
4494,0.21053521
4495,0.26643306
4496,0.09785226
4497,0.33674747
4498,0.09695755
4499,0.32412416
4500,0.086405635
4501,0.056432366
4502,0.098722816
4503,0.20132193
4504,0.22231658
4505,0.1861198
4506,0.124978796
4507,0.116527915
4508,0.26329458
4509,0.58135957
4510,0.31893212
4511,0.114153385
4512,0.2381913
4513,0.2732895
4514,0.6847701
4515,0.43579686
4516,0.2883757
4517,0.23757523
4518,0.3684999
4519,0.51414
4520,0.26190206
4521,0.08183169
4522,0.19191809
4523,0.21453911
4524,0.3331114
4525,0.32968992
4526,0.40372115
4527,0.5076485
4528,0.54794705
4529,0.3898272
4530,0.45215654
4531,0.41822428
4532,0.42303777
4533,0.4360703
4534,0.43612316
4535,0.46003076
4536,0.4024124
4537,0.32716078
4538,0.27544203
4539,0.25259054
4540,0.29171073
4541,0.36982638
4542,0.3723216
4543,0.3453962
4544,0.3740756
4545,0.4308431
4546,0.41733065
4547,0.35670963
4548,0.20538709
4549,0.14171392
4550,0.25769588
4551,0.28552115
4552,0.26713252
4553,0.28667194
4554,0.3948718
4555,0.27490586
4556,0.055855572
4557,0.16113865
4558,0.42153728
4559,0.36976653
4560,0.38773602
4561,0.30622977
4562,0.31558964
4563,0.2728442
4564,0.2554684
4565,0.14004424
4566,0.5969468
4567,0.5325438
4568,0.43506077
4569,0.33717102
4570,0.26023322
4571,0.29631704
4572,0.24435079
4573,0.16308933
4574,0.25199667
4575,0.1904482
4576,0.11772823
4577,0.22357121
4578,0.21395995
4579,0.44514942
4580,0.23735327
4581,0.35300317
4582,0.30501643
4583,0.1071347
4584,0.14957368
4585,0.14314798
4586,0.27402535
4587,0.1303333
4588,0.27008086
4589,0.20509326
4590,0.92706335
4591,0.1393525
4592,0.23645896
4593,0.4148741
4594,0.4241709
4595,0.42782167
4596,0.4057002
4597,0.26988208
4598,0.21290977
4599,0.23210151
4600,0.15652564
4601,0.3020655
4602,0.36277205
4603,0.38766664
4604,0.42049354
4605,0.35129553
4606,0.5403503
4607,0.542163
4608,0.4085455
4609,0.38340488
4610,0.40606028
4611,0.3420542
4612,0.3061907
4613,0.31338984
4614,0.25109914
4615,0.24877007
4616,0.22856852
4617,0.2414234
4618,0.24049425
4619,0.3382284
4620,0.36176506
4621,0.35178822
4622,0.45322198
4623,0.25771597
4624,0.18036664
4625,0.07713154
4626,0.10246812
4627,0.11742343
4628,0.082877696
4629,0.19160102
4630,0.32468647
4631,0.6173952
4632,0.6687034
4633,0.52152365
4634,0.47615483
4635,0.44394532
4636,0.3706067
4637,0.28596383
4638,0.312743
4639,0.4176534
4640,0.3453154
4641,0.35971284
4642,0.34672648
4643,0.17115325
4644,0.1657508
4645,0.2496917
4646,0.22134304
4647,0.21180019
4648,0.30712932
4649,0.36063027
4650,0.3424555
4651,0.40269107
4652,0.30120742
4653,0.25234157
4654,0.23105043
4655,0.37016946
4656,0.14842719
4657,0.15446043
4658,0.20985623
4659,0.17693584
4660,0.095042646
4661,0.2822386
4662,0.13691233
4663,0.13487042
4664,0.12304002
4665,0.08573723
4666,0.21206151
4667,0.1911769
4668,0.13068712
4669,0.32044122
4670,0.17782384
4671,0.4328865
4672,0.4488794
4673,0.030260801
4674,0.22577786
4675,0.26525193
4676,0.29675502
4677,0.5354868
4678,0.46477956
4679,0.49839112
4680,0.27072167
4681,0.20149028
4682,0.21374002
4683,0.30528885
4684,0.33712408
4685,0.3711152
4686,0.38913536
4687,0.42109537
4688,0.59828067
4689,0.5092974
4690,0.43929747
4691,0.38937014
4692,0.39450514
4693,0.35668164
4694,0.31005502
4695,0.27215552
4696,0.23120463
4697,0.22889343
4698,0.18697074
4699,0.2229011
4700,0.20920746
4701,0.1806623
4702,0.25607362
4703,0.28593883
4704,0.26623344
4705,0.22193465
4706,0.39019382
4707,0.17764997
4708,0.13436997
4709,0.1270979
4710,0.14069787
4711,0.13099676
4712,0.2168155
4713,0.3267467
4714,0.51322997
4715,0.7904598
4716,0.55576676
4717,0.4403479
4718,0.35420856
4719,0.40235433
4720,0.35713106
4721,0.36550087
4722,0.3410529
4723,0.33204514
4724,0.16440877
4725,0.1949801
4726,0.19664595
4727,0.16753009
4728,0.30069506
4729,0.34642738
4730,0.35664076
4731,0.34343135
4732,0.43377566
4733,0.33232367
4734,0.28813362
4735,0.18896651
4736,0.15358132
4737,0.16984737
4738,0.22519435
4739,0.30387178
4740,0.13438053
4741,0.16205083
4742,0.30786222
4743,0.21723862
4744,0.07641657
4745,0.07423675
4746,0.06879699
4747,0.23005846
4748,0.28005868
4749,0.07501958
4750,0.3131049
4751,0.13991356
4752,0.2872364
4753,0.470963
4754,0.7089674
4755,0.13478905
4756,0.2398054
4757,0.3014562
4758,0.6096897
4759,0.46909046
4760,0.46062392
4761,0.32000965
4762,0.21541043
4763,0.26063442
4764,0.28584558
4765,0.38333142
4766,0.410779
4767,0.47533995
4768,0.3744535
4769,0.4945077
4770,0.63479
4771,0.5143073
4772,0.4512298
4773,0.42311427
4774,0.43541253
4775,0.43065047
4776,0.42480713
4777,0.29813665
4778,0.32186797
4779,0.35213017
4780,0.25796276
4781,0.27900144
4782,0.2797284
4783,0.2800361
4784,0.28108025
4785,0.28801686
4786,0.4209876
4787,0.36309573
4788,0.097865194
4789,0.15147889
4790,0.12437436
4791,0.13880414
4792,0.20997697
4793,0.25371778
4794,0.5576459
4795,0.58864003
4796,0.45193416
4797,0.3490654
4798,0.24046943
4799,0.27567327
4800,0.36152774
4801,0.3337724
4802,0.34263182
4803,0.28867278
4804,0.36053556
4805,0.43533093
4806,0.4336837
4807,0.3063537
4808,0.1880258
4809,0.35503608
4810,0.4342333
4811,0.35648733
4812,0.37694055
4813,0.30164307
4814,0.25325614
4815,0.52658623
4816,0.41245586
4817,0.14343977
4818,0.13141245
4819,0.1138531
4820,0.15011367
4821,0.30904898
4822,0.23012748
4823,0.07206857
4824,0.13401031
4825,0.18728477
4826,0.14087778
4827,0.22081226
4828,0.3126725
4829,0.14273372
4830,0.39030266
4831,0.22650135
4832,0.7024643
4833,0.757594
4834,0.18632579
4835,0.2428158
4836,0.27141058
4837,0.28575635
4838,0.27321684
4839,0.5868559
4840,0.4651616
4841,0.254172
4842,0.24998927
4843,0.5458107
4844,0.6643323
4845,0.56760377
4846,0.3799793
4847,0.4067031
4848,0.46059787
4849,0.24580364
4850,0.21514481
4851,0.26539636
4852,0.26943842
4853,0.31093407
4854,0.3651723
4855,0.5503441
4856,0.6886747
