,0,1,2,3,4,5,6,7
0,2441.7344,0.0,1058.7745,89.17028,0.015060201,0.0,0.5923678,0.29704505
1,1478.7162,0.0,1294.6414,89.17036,0.015318781,0.0,0.5663501,0.29704407
2,1356.393,0.0,1131.3953,89.170425,0.017643346,0.0,0.5168349,0.2970431
3,1262.4902,0.0,902.9916,89.17052,0.012272011,0.0,0.58245194,0.29704216
4,1917.917,0.0,1217.4169,89.17058,0.013448874,0.0,0.5920541,0.29704112
5,1462.9327,0.0,1141.4249,89.17062,0.017984929,0.0,0.59978235,0.2970401
6,2868.2083,0.0,826.06104,89.17069,0.016104376,0.0,0.5885248,0.297039
7,1475.1306,0.0,1290.943,89.17079,0.020233296,0.0,0.53799355,0.29703796
8,2134.1475,0.0,1018.83777,89.17084,0.017511409,0.0,0.57788765,0.29703683
9,2360.5405,0.0,1359.8677,89.170906,0.018296376,0.0,0.6239869,0.29703572
10,1313.8741,0.0,1274.201,89.17096,0.016529575,0.0,0.52262795,0.29703462
11,1306.0823,0.0,1006.8733,89.171036,0.017330911,0.0,0.6110189,0.2970335
12,1836.1477,0.0,904.6827,89.17108,0.015611398,0.0,0.56138486,0.29703236
13,1755.7242,0.0,1081.9031,89.171135,0.014941087,0.0,0.5708368,0.2970312
14,2532.4338,0.0,1211.9742,89.17115,0.014249059,0.0,0.58821326,0.2970299
15,1193.8955,0.0,843.2585,89.1712,0.016150845,0.0,0.5842911,0.29702866
16,1808.9453,0.0,1012.81146,89.17123,0.017731052,0.0,0.55382025,0.29702735
17,1879.8414,0.0,897.2877,89.17128,0.018033909,0.0,0.57712007,0.2970261
18,1847.2583,0.0,1470.0125,89.171295,0.013849805,0.0,0.5856745,0.29702485
19,1656.1917,0.0,1068.3087,89.1713,0.015451643,0.0,0.5681814,0.29702356
20,2321.1682,0.0,1135.475,89.1713,0.017475963,0.0,0.5790105,0.29702228
21,2086.2837,0.0,1064.9974,89.17134,0.01599956,0.0,0.5857116,0.297021
22,1808.6024,0.0,1231.0646,89.17141,0.016282907,0.0,0.57896966,0.29701975
23,1747.785,0.0,1853.6842,89.17152,0.0155059025,0.0,0.5798666,0.2970185
24,2305.2126,0.0,1196.2136,89.171715,0.018170692,0.0,0.61318606,0.29701722
25,1670.7385,0.0,1171.4231,89.17191,0.018326862,0.0,0.5792894,0.2970159
26,2143.7683,0.0,1177.4138,89.172066,0.014618958,0.0,0.6057555,0.29701468
27,2058.6663,0.0,1174.3219,89.172226,0.01523232,0.0,0.53409874,0.29701346
28,2287.086,0.0,1335.4166,89.17238,0.016717792,0.0,0.5749636,0.29701585
29,1848.3422,0.0,1179.5094,89.17251,0.01843996,0.0,0.53291476,0.29701787
30,2497.3896,0.0,1149.8163,89.17268,0.014446981,0.0,0.56477803,0.29701963
31,1602.9866,0.0,1355.3105,89.172844,0.020001454,0.0,0.5879003,0.29701704
32,2340.1858,0.0,990.92645,89.173065,0.017535564,0.0,0.56911266,0.2970146
33,2794.4104,0.0,1397.7036,89.173256,0.018825518,0.0,0.58097637,0.29701215
34,1441.2328,0.0,1166.007,89.17345,0.019170238,0.0,0.5324832,0.29700992
35,2508.278,0.0,1367.7511,89.173645,0.017909428,0.0,0.57718176,0.29700628
36,2192.1787,0.0,1001.41064,89.17379,0.018093124,0.0,0.57738864,0.29700294
37,1754.364,0.0,1334.4171,89.173935,0.01455576,0.0,0.5537325,0.2969998
38,1683.3281,0.0,1358.0562,89.17403,0.016202062,0.0,0.56751317,0.2969969
39,2036.5756,0.0,683.9306,89.174095,0.022504633,0.0,0.58448046,0.29699412
40,1853.8066,0.0,839.4193,89.17414,0.019099824,0.0,0.63146067,0.2969915
41,1552.5953,0.0,1032.371,89.17417,0.017493207,0.0,0.5304735,0.29698905
42,1850.0393,0.0,1249.9541,89.17423,0.013888417,0.0,0.59778875,0.2969867
43,1513.9578,0.0,1333.776,89.17427,0.016845077,0.0,0.581749,0.2969845
44,1715.3364,0.0,884.90234,89.17429,0.01599299,0.0,0.5835445,0.29698235
45,1855.554,0.0,974.22314,89.17431,0.01579947,0.0,0.6078602,0.29698032
46,1828.0143,0.0,895.9321,89.1744,0.018628689,0.0,0.56822085,0.29697835
47,2389.949,0.0,873.91595,89.17449,0.016800042,0.0,0.605897,0.29697642
48,1580.718,0.0,1117.5145,89.174576,0.014825158,0.0,0.57158864,0.29697412
49,1653.2002,0.0,1268.1505,89.17466,0.015786476,0.0,0.6240883,0.2969713
50,1903.0636,0.0,1272.3152,89.17472,0.017878428,0.0,0.56722426,0.2969686
51,1770.9487,0.0,1275.432,89.174835,0.01311345,0.0,0.5564892,0.2969661
52,1526.608,0.0,1155.5938,89.17497,0.016528387,0.0,0.5511025,0.29696372
53,1995.619,0.0,899.1092,89.17511,0.0112286955,0.0,0.5612949,0.2969614
54,1878.7642,0.0,1063.919,89.17523,0.015019163,0.0,0.56259537,0.29695928
55,1438.9347,0.0,1342.7957,89.17533,0.017279573,0.0,0.5794234,0.2969572
56,1829.3867,0.0,1096.2013,89.17538,0.017837597,0.0,0.56883174,0.2969552
57,1152.3582,0.0,934.0103,89.1754,0.01591289,0.0,0.59707737,0.29695326
58,1573.6498,0.0,1079.4427,89.175415,0.017078824,0.0,0.5714945,0.2969514
59,1732.2327,0.0,1176.6547,89.17549,0.017466275,0.0,0.58343804,0.29694963
60,1583.7693,0.0,1238.1967,89.175575,0.018427398,0.0,0.55501986,0.2969479
61,2721.838,0.0,1023.4816,89.17567,0.015013981,0.0,0.5683022,0.2969462
62,1653.2926,0.0,1009.1914,89.17578,0.01592557,0.0,0.56094,0.29694456
63,1942.9067,0.0,893.4999,89.1759,0.016221887,0.0,0.5521751,0.29694295
64,1367.2078,0.0,1102.9736,89.17602,0.0179343,0.0,0.6021658,0.29694134
65,2302.1277,0.0,957.6807,89.176125,0.01896679,0.0,0.56772614,0.29693976
66,1919.4586,0.0,1206.9446,89.17624,0.01321171,0.0,0.58273274,0.2969383
67,1904.538,0.0,1076.1692,89.17642,0.01380084,0.0,0.6261424,0.29693684
68,2034.3235,0.0,1211.6223,89.1766,0.01708975,0.0,0.50369155,0.29693538
69,1959.1682,0.0,930.77496,89.17676,0.019500157,0.0,0.59064686,0.2969339
70,1707.2826,0.0,787.9063,89.17694,0.016213235,0.0,0.60268784,0.29693246
71,2772.035,0.0,912.5086,89.177086,0.017726082,0.0,0.5581386,0.29693106
72,2343.1182,0.0,1286.9635,89.17716,0.015353086,0.0,0.58066213,0.29692966
73,1989.3148,0.0,1073.047,89.177216,0.016279567,0.0,0.556919,0.2969283
74,1768.0862,0.0,1353.1855,89.17728,0.016883504,0.0,0.58397245,0.29692695
75,1491.852,0.0,1232.3604,89.177345,0.01942015,0.0,0.57106036,0.29692554
76,1872.0726,0.0,1196.3794,89.17737,0.016213452,0.0,0.62122697,0.2969242
77,1994.9563,0.0,970.49243,89.17741,0.01771286,0.0,0.5881902,0.2969229
78,1993.6552,0.0,1291.6699,89.17742,0.020962939,0.0,0.55505276,0.2969215
79,1385.8425,0.0,928.9164,89.17746,0.01763804,0.0,0.5159088,0.29692018
80,1495.9998,0.0,1124.9922,89.17747,0.017307935,0.0,0.6050236,0.29691878
81,1892.9521,0.0,1094.1737,89.177536,0.0202853,0.0,0.55058324,0.29691738
82,1813.5656,0.0,1049.1284,89.17753,0.013914171,0.0,0.5718664,0.29691607
83,2071.918,0.0,975.4885,89.17754,0.016634006,0.0,0.5512401,0.29691476
84,1783.7914,0.0,1046.1157,89.17752,0.020425174,0.0,0.5769231,0.29691344
85,1686.9791,0.0,1089.7632,89.17755,0.01622057,0.0,0.5661887,0.29691207
86,1351.1542,0.0,1265.6841,89.1776,0.017079884,0.0,0.5552913,0.2969108
87,1808.0388,0.0,1043.1273,89.177635,0.018180959,0.0,0.6235188,0.29690945
88,1819.003,0.0,947.2779,89.177666,0.014998069,0.0,0.59993374,0.2969081
89,1840.3219,0.0,1073.7308,89.1777,0.014003213,0.0,0.567572,0.2969068
90,1668.4503,0.0,1283.8142,89.17774,0.01784569,0.0,0.604447,0.29690552
91,1829.598,0.0,1098.189,89.17785,0.017249964,0.0,0.6075386,0.29690424
92,2294.9866,0.0,991.7553,89.17793,0.016187616,0.0,0.57007456,0.2969031
93,1580.7285,0.0,885.045,89.178024,0.019695718,0.0,0.56792176,0.29690206
94,1935.1615,0.0,1007.4108,89.17809,0.015726414,0.0,0.56771415,0.2969009
95,2396.8525,0.0,1272.0796,89.17817,0.014964391,0.0,0.59675187,0.29689977
96,1875.6191,0.0,1156.8403,89.17826,0.017952044,0.0,0.6409065,0.2968993
97,1909.54,0.0,1123.6455,89.17833,0.015040651,0.0,0.5823564,0.29689863
98,2040.2583,0.0,1181.224,89.178406,0.018056381,0.0,0.56109667,0.29689798
99,1941.3511,0.0,1259.6812,89.17851,0.015363552,0.0,0.5556936,0.2968973
100,1541.2218,0.0,1591.9567,89.178604,0.013136211,0.0,0.6013255,0.2968965
101,1702.1841,0.0,1005.1305,89.17865,0.016425801,0.0,0.5636817,0.29689568
102,2236.1282,0.0,977.27344,89.178696,0.01713635,0.0,0.5936739,0.2968948
103,1494.7345,0.0,1216.2324,89.17877,0.011936516,0.0,0.547816,0.2968935
104,1954.2351,0.0,1336.9507,89.17882,0.018274387,0.0,0.57811654,0.29689088
105,1785.1433,0.0,981.19714,89.178955,0.01774323,0.0,0.60810125,0.2968884
106,1643.3878,0.0,1064.3317,89.17906,0.014216486,0.0,0.5366771,0.29688612
107,1786.8052,0.0,1032.4039,89.17918,0.014752081,0.0,0.62905896,0.29688385
108,1920.176,0.0,902.7076,89.179276,0.015787523,0.0,0.5626683,0.29688168
109,1650.7109,0.0,1037.788,89.17937,0.01529051,0.0,0.5591949,0.2968797
110,1670.3234,0.0,951.49646,89.17939,0.015903931,0.0,0.5296924,0.29687777
111,1799.3374,0.0,1207.8333,89.17945,0.019148607,0.0,0.6045403,0.29687625
112,2625.6125,0.0,1277.4568,89.17951,0.01938155,0.0,0.58994555,0.29687476
113,1647.7422,0.0,1158.7755,89.179596,0.016208477,0.0,0.56316495,0.29687336
114,1529.87,0.0,1088.1604,89.17963,0.014380902,0.0,0.5720966,0.29687187
115,1940.3203,0.0,1069.5612,89.179665,0.016365226,0.0,0.58205134,0.29687047
116,2468.4092,0.0,1066.9703,89.179756,0.017430903,0.0,0.5711314,0.29686904
117,1338.3284,0.0,1139.3445,89.17979,0.01933283,0.0,0.59428304,0.2968677
118,1632.225,0.0,1093.8511,89.17983,0.01533642,0.0,0.56788933,0.2968663
119,1581.6063,0.0,1134.1129,89.1799,0.016063526,0.0,0.5648028,0.29686493
120,1711.3588,0.0,1100.0953,89.17993,0.01508159,0.0,0.5780398,0.2968673
121,2156.005,0.0,1071.1898,89.18,0.014074661,0.0,0.5757956,0.29686958
122,2242.5444,0.0,1532.142,89.18008,0.013921117,0.0,0.55186856,0.29689088
123,1498.8231,0.0,886.79865,89.18024,0.019561304,0.0,0.5821967,0.29691002
124,1819.538,0.0,1017.00494,89.180374,0.0136524495,0.0,0.5707145,0.2969273
125,1517.5886,0.0,1156.2313,89.18051,0.015378531,0.0,0.5737098,0.29694292
126,1320.2767,0.0,1063.1329,89.18061,0.020865604,0.0,0.62539303,0.29695696
127,1520.5677,0.0,874.2545,89.180695,0.015768364,0.0,0.5430777,0.29696915
128,1818.8114,0.0,1353.5953,89.180756,0.015187843,0.0,0.5553211,0.29697967
129,1437.837,0.0,932.21216,89.18085,0.013397709,0.0,0.5636297,0.29698908
130,2259.1943,0.0,851.8818,89.18095,0.017121002,0.0,0.5463223,0.29699755
131,1681.6201,0.0,896.0918,89.18103,0.017611109,0.0,0.5385392,0.29700503
132,1959.4086,0.0,1007.68774,89.18107,0.019643027,0.0,0.5583826,0.297012
133,1759.4637,0.0,1252.8148,89.18113,0.017663237,0.0,0.5824144,0.29701823
134,2360.6816,0.0,1278.0273,89.18114,0.014487214,0.0,0.5914786,0.29702368
135,1582.0088,0.0,1447.9423,89.181145,0.017654339,0.0,0.55271155,0.29702854
136,1523.4973,0.0,1395.3534,89.1812,0.013223472,0.0,0.5594411,0.29703274
137,1506.6974,0.0,1195.2037,89.181274,0.016397115,0.0,0.5723843,0.29703647
138,1801.8706,0.0,1006.453,89.181335,0.016319972,0.0,0.5682003,0.29703975
139,1860.5854,0.0,1251.8762,89.18141,0.018392447,0.0,0.5959641,0.2970426
140,1974.0414,0.0,1201.6753,89.18156,0.013940347,0.0,0.59849215,0.29704505
141,1359.3302,0.0,993.9948,89.1817,0.016883701,0.0,0.5636213,0.29704714
142,2226.505,0.0,995.0982,89.181885,0.014759484,0.0,0.6311368,0.2970489
143,1394.7081,0.0,1251.2289,89.18204,0.01804044,0.0,0.5428078,0.29705033
144,1548.8667,0.0,1195.5455,89.18214,0.01977057,0.0,0.6280448,0.29705155
145,1638.7076,0.0,835.14575,89.18224,0.017984388,0.0,0.56956327,0.29705265
146,2972.8381,0.0,772.9963,89.18231,0.017475476,0.0,0.6252339,0.29705352
147,1850.2866,0.0,1214.503,89.18241,0.013010226,0.0,0.5604925,0.29705417
148,2176.388,0.0,1442.1383,89.18254,0.015649345,0.0,0.5311911,0.29705465
149,1654.4288,0.0,1257.5498,89.18267,0.016608085,0.0,0.5598677,0.29705495
150,1648.2203,0.0,1122.714,89.18282,0.0143668,0.0,0.602005,0.2970551
151,1949.3448,0.0,1005.8142,89.18295,0.013777012,0.0,0.5826285,0.29705507
152,1907.6573,0.0,1406.4725,89.18308,0.02001702,0.0,0.5735396,0.29705498
153,1916.6757,0.0,1103.1583,89.18321,0.019358654,0.0,0.6097331,0.29705465
154,1865.3992,0.0,1066.4669,89.18336,0.014789316,0.0,0.5526793,0.29705435
155,2370.5454,0.0,1174.6036,89.18354,0.019140566,0.0,0.599933,0.29705393
156,1639.6045,0.0,1090.9286,89.183716,0.017217997,0.0,0.5952465,0.2970534
157,2270.4414,0.0,994.2038,89.18387,0.016687617,0.0,0.56729364,0.29705277
158,1819.4823,0.0,1258.6786,89.18398,0.01539306,0.0,0.57712376,0.2970521
159,2051.527,0.0,955.1078,89.184105,0.016815202,0.0,0.5633015,0.29705137
160,1777.106,0.0,1227.8174,89.18421,0.019020066,0.0,0.5818165,0.29705057
161,1699.0831,0.0,976.11774,89.18436,0.015563367,0.0,0.54518247,0.2970497
162,2643.3794,0.0,1024.7723,89.184555,0.017048946,0.0,0.60845804,0.29704887
163,1818.2081,0.0,919.62024,89.18478,0.014404687,0.0,0.55824864,0.2970479
164,1789.8472,0.0,1135.1161,89.18497,0.021616004,0.0,0.5684385,0.2970463
165,1643.0869,0.0,1154.1844,89.18513,0.01378392,0.0,0.57666016,0.2970447
166,2283.6545,0.0,1035.2401,89.18529,0.01688485,0.0,0.53155345,0.29704314
167,2108.014,0.0,1332.83,89.18542,0.0136731975,0.0,0.5634252,0.29704288
168,1205.9343,0.0,1114.7385,89.18552,0.016691921,0.0,0.5332388,0.29704255
169,2031.2999,0.0,1392.387,89.18558,0.017971681,0.0,0.5609837,0.29704213
170,1836.8264,0.0,1182.907,89.18562,0.015370714,0.0,0.6238375,0.2970416
171,2241.527,0.0,1228.4781,89.18562,0.02045829,0.0,0.57212555,0.29704106
172,2463.6177,0.0,1087.5441,89.18564,0.014702933,0.0,0.5790574,0.29704046
173,2181.9001,0.0,1335.131,89.185646,0.021813422,0.0,0.5763861,0.29703975
174,1438.1562,0.0,890.10046,89.18569,0.017524555,0.0,0.51852584,0.29703903
175,2214.389,0.0,1256.6669,89.18576,0.014859936,0.0,0.57213485,0.29703996
176,1441.0322,0.0,1259.3341,89.18585,0.015539697,0.0,0.5743505,0.2970406
177,1790.0172,0.0,1499.3438,89.18596,0.014596323,0.0,0.5651398,0.2970411
178,1700.5851,0.0,1223.7197,89.18607,0.023186445,0.0,0.600772,0.29704142
179,2190.23,0.0,1024.9846,89.18622,0.022197455,0.0,0.6129714,0.29704157
180,1811.2161,0.0,1528.7424,89.18631,0.01805504,0.0,0.5223421,0.29704154
181,1406.5812,0.0,1093.6925,89.18638,0.015027532,0.0,0.5644932,0.29706347
182,1822.1198,0.0,1029.0991,89.18645,0.017418992,0.0,0.55427945,0.29708347
183,1600.1036,0.0,1045.5328,89.18656,0.01565791,0.0,0.539341,0.2971018
184,1933.5497,0.0,1217.2534,89.18672,0.021207443,0.0,0.60991114,0.29711837
185,1707.3252,0.0,1163.6477,89.18685,0.015492637,0.0,0.57128245,0.29713342
186,1961.4773,0.0,1108.7164,89.18697,0.018903222,0.0,0.5932456,0.29714704
187,2198.0955,0.0,1241.0852,89.18711,0.014640423,0.0,0.54884267,0.29715925
188,1730.1893,0.0,1404.3574,89.18721,0.018567136,0.0,0.5809761,0.29717034
189,1570.6123,0.0,1434.1144,89.18732,0.017523987,0.0,0.6075286,0.29718027
190,2012.8724,0.0,948.7477,89.18743,0.01580627,0.0,0.5285891,0.29718915
191,1625.1985,0.0,1083.6023,89.18754,0.01886072,0.0,0.6126704,0.2971971
192,1649.9812,0.0,1293.8998,89.18761,0.012551214,0.0,0.5759827,0.2972042
193,2062.2725,0.0,1039.3695,89.1877,0.016897105,0.0,0.5645797,0.29721048
194,1510.1348,0.0,1314.2395,89.1878,0.019057006,0.0,0.5609941,0.29721606
195,2618.607,0.0,1161.3169,89.18794,0.014396463,0.0,0.63260484,0.29722202
196,1819.6635,0.0,1151.188,89.188065,0.016928088,0.0,0.59878844,0.2972272
197,2132.4229,0.0,1143.1793,89.188225,0.016226722,0.0,0.5783038,0.29723182
198,2173.3657,0.0,1132.34,89.18835,0.013633953,0.0,0.5853319,0.29723552
199,1412.6284,0.0,1090.5828,89.1885,0.015037092,0.0,0.5665844,0.2972388
200,1578.6385,0.0,995.41705,89.188644,0.016384063,0.0,0.5525741,0.2972416
201,2207.2932,0.0,1152.6193,89.1888,0.013448204,0.0,0.5911846,0.29724434
202,2351.3489,0.0,1095.3264,89.18896,0.019633478,0.0,0.5810408,0.2972467
203,1892.393,0.0,914.33356,89.189125,0.016040962,0.0,0.57814205,0.29724872
204,2039.2528,0.0,950.7657,89.18927,0.018256346,0.0,0.5727176,0.2972504
205,2183.686,0.0,1289.7351,89.18943,0.0144700585,0.0,0.58532596,0.29725218
206,1970.4099,0.0,1357.4279,89.189575,0.016826075,0.0,0.58290327,0.2972536
207,1947.1218,0.0,1162.2454,89.18968,0.015226914,0.0,0.60848,0.29725486
208,1981.111,0.0,1066.5594,89.18978,0.016435122,0.0,0.5630787,0.2972558
209,1720.4366,0.0,1242.2744,89.18987,0.016522018,0.0,0.5379869,0.29725656
210,1523.7037,0.0,1124.736,89.18995,0.016472092,0.0,0.5882105,0.2972571
211,2158.9858,0.0,1271.2018,89.18996,0.014273985,0.0,0.57864815,0.2972575
212,1863.1882,0.0,1306.2007,89.19,0.015871815,0.0,0.60873777,0.2972577
213,2587.973,0.0,1072.0067,89.19009,0.021002194,0.0,0.5439205,0.2972578
214,1941.0859,0.0,1393.9073,89.19018,0.015728557,0.0,0.60071176,0.29725772
215,2335.1506,0.0,955.5083,89.19029,0.0125735765,0.0,0.61233735,0.29725754
216,1792.2477,0.0,1294.6827,89.19039,0.019213658,0.0,0.57391185,0.29725727
217,1466.4246,0.0,1172.1858,89.190475,0.015389778,0.0,0.54823625,0.2972569
218,1872.633,0.0,1319.201,89.19057,0.017117953,0.0,0.6172327,0.2972564
219,1838.6556,0.0,1285.6274,89.190636,0.0147631075,0.0,0.55705655,0.29725587
220,1220.6558,0.0,1189.9138,89.19073,0.013692695,0.0,0.58521223,0.29725525
221,2347.6272,0.0,830.758,89.19082,0.019277982,0.0,0.5656805,0.29725453
222,1884.6573,0.0,914.47644,89.1909,0.022001406,0.0,0.5787956,0.29725376
223,2175.0964,0.0,1743.2767,89.190956,0.016051084,0.0,0.59017223,0.29725295
224,2507.1797,0.0,837.61755,89.19093,0.017870262,0.0,0.58372647,0.29725212
225,2025.944,0.0,1406.9698,89.190926,0.016492289,0.0,0.55998206,0.29725122
226,1741.1066,0.0,1013.7012,89.19098,0.014655456,0.0,0.5763139,0.2972503
227,2107.6663,0.0,1406.9802,89.19103,0.01554738,0.0,0.55630016,0.2972493
228,1631.8099,0.0,1107.3833,89.19108,0.017615147,0.0,0.573687,0.2972483
229,2152.1223,0.0,1044.9176,89.19117,0.019254586,0.0,0.56027174,0.2972472
230,1939.7104,0.0,1199.4362,89.19127,0.015261058,0.0,0.5283334,0.29724616
231,1502.3868,0.0,750.56573,89.19136,0.01596349,0.0,0.539964,0.2972451
232,1905.6758,0.0,1143.2783,89.191475,0.017341897,0.0,0.59148586,0.29724395
233,1634.3546,0.0,1178.9216,89.191635,0.016513202,0.0,0.58397734,0.29724285
234,2734.8525,0.0,1119.2019,89.19183,0.01485998,0.0,0.6154297,0.2972417
235,1732.0092,0.0,1207.1859,89.191986,0.018093068,0.0,0.55041957,0.2972405
236,1893.3108,0.0,1216.8866,89.19214,0.01859463,0.0,0.5424427,0.29723936
237,1847.4183,0.0,1048.6096,89.19228,0.020751046,0.0,0.5944201,0.29723817
238,1296.5272,0.0,1122.4409,89.192444,0.01618714,0.0,0.5607833,0.29723695
239,1924.5323,0.0,1455.7042,89.1926,0.015250763,0.0,0.52937484,0.29723582
240,1464.1282,0.0,988.1018,89.19276,0.01817687,0.0,0.54777896,0.29723468
241,1961.1456,0.0,1157.2623,89.19286,0.013756089,0.0,0.5896462,0.29723358
242,2077.133,0.0,1204.2836,89.19299,0.015063912,0.0,0.58863705,0.29723248
243,2006.9633,0.0,780.2826,89.19311,0.015217497,0.0,0.6084593,0.29723135
244,2712.769,0.0,1410.0984,89.19322,0.016668785,0.0,0.5757946,0.29723033
245,2168.5964,0.0,1133.3986,89.193306,0.015754748,0.0,0.57403004,0.2972293
246,1858.469,0.0,1099.8678,89.19341,0.01471519,0.0,0.61022776,0.2972282
247,1478.1987,0.0,1450.2808,89.193504,0.013898866,0.0,0.56517255,0.29722705
248,2124.0115,0.0,1062.5522,89.19357,0.016757041,0.0,0.5478565,0.29722595
249,1727.125,0.0,973.4961,89.193596,0.018293327,0.0,0.55177176,0.29722485
250,1856.462,0.0,1442.6864,89.19365,0.015231004,0.0,0.5888684,0.29722366
251,1691.1873,0.0,1315.415,89.1937,0.017906807,0.0,0.57381845,0.2972277
252,1391.856,0.0,1028.89,89.19379,0.016153473,0.0,0.5182655,0.29723123
253,2127.136,0.0,879.62134,89.19384,0.019702941,0.0,0.5623495,0.2972398
254,1860.9327,0.0,986.25574,89.19391,0.014038565,0.0,0.5725977,0.2972475
255,2323.885,0.0,937.18604,89.19397,0.013621408,0.0,0.6014978,0.29725435
256,2112.2354,0.0,924.7567,89.19402,0.013837408,0.0,0.5390202,0.2972606
257,1932.3527,0.0,1130.0248,89.19404,0.017881513,0.0,0.5782318,0.29726604
258,1779.4065,0.0,1305.2817,89.19406,0.016437858,0.0,0.58226055,0.29727098
259,1800.5692,0.0,914.8131,89.19397,0.013708058,0.0,0.5558049,0.29727527
260,2265.7058,0.0,913.4199,89.19383,0.016917331,0.0,0.5782362,0.29727903
261,1432.5216,0.0,1011.7397,89.19375,0.014546956,0.0,0.55136454,0.29728234
262,1847.0448,0.0,1099.2216,89.193695,0.015487346,0.0,0.58265615,0.29728523
263,2796.266,0.0,1213.201,89.193726,0.0154375825,0.0,0.5846192,0.2972877
264,1735.0028,0.0,1063.1302,89.19379,0.014102472,0.0,0.58391976,0.29728982
265,2047.6025,0.0,1002.39154,89.19386,0.01643835,0.0,0.6012099,0.29729158
266,1772.7197,0.0,1130.1326,89.19394,0.016970078,0.0,0.5494984,0.29729304
267,1871.39,0.0,901.971,89.19401,0.014586303,0.0,0.5587383,0.29729924
268,1484.4219,0.0,1243.3483,89.19406,0.017075118,0.0,0.5815786,0.2973047
269,1678.3811,0.0,946.2717,89.19409,0.013137071,0.0,0.56804645,0.2973095
270,1321.4517,0.0,1113.8219,89.194115,0.01552639,0.0,0.5496155,0.2973137
271,2174.4795,0.0,1182.8141,89.19414,0.017966457,0.0,0.61995935,0.29731736
272,1861.5702,0.0,1873.9205,89.194115,0.015299698,0.0,0.54331154,0.29732057
273,1270.0609,0.0,875.33606,89.19408,0.016044144,0.0,0.57300305,0.29732338
274,1180.3156,0.0,1000.2214,89.19406,0.017153673,0.0,0.63407236,0.29732576
275,1570.8812,0.0,1533.9827,89.19414,0.013869518,0.0,0.5673513,0.2973278
276,1830.5153,0.0,1332.1691,89.19412,0.016923213,0.0,0.5659198,0.2973295
277,2284.7407,0.0,1067.7688,89.194115,0.0144242225,0.0,0.53440976,0.2973309
278,1381.231,0.0,1289.2291,89.19407,0.016427416,0.0,0.5905891,0.297332
279,2221.5754,0.0,1201.0708,89.19403,0.013973994,0.0,0.58018756,0.29733416
280,1688.2174,0.0,1540.7076,89.19397,0.018157799,0.0,0.57766163,0.29733637
281,1622.7982,0.0,1244.7167,89.19393,0.017276801,0.0,0.6247276,0.29733863
282,1460.0392,0.0,996.7469,89.19383,0.016748406,0.0,0.53390104,0.29734075
283,1819.295,0.0,1096.6036,89.19375,0.016712192,0.0,0.6108178,0.2973424
284,1694.3794,0.0,1170.3859,89.19369,0.01544714,0.0,0.5614302,0.29734385
285,1910.0769,0.0,952.2991,89.1936,0.014033966,0.0,0.57950765,0.29734525
286,2199.5603,0.0,1003.31903,89.19349,0.01609513,0.0,0.5446362,0.29734647
287,1709.3578,0.0,973.37354,89.19337,0.015502284,0.0,0.5775787,0.29734752
288,1492.9539,0.0,979.7036,89.19329,0.013272511,0.0,0.57406944,0.29734492
289,1566.0352,0.0,1024.5422,89.1932,0.0151582025,0.0,0.56338066,0.29734248
290,1282.1013,0.0,1023.747,89.19308,0.018140182,0.0,0.5657816,0.2973403
291,1908.6509,0.0,1152.4244,89.19301,0.015776385,0.0,0.62966096,0.29733825
292,2162.1433,0.0,1052.5133,89.19301,0.014539487,0.0,0.52311635,0.2973364
293,1963.6774,0.0,1054.8999,89.19306,0.01749891,0.0,0.58300835,0.2973346
294,1479.4962,0.0,1117.7133,89.19315,0.01689605,0.0,0.52848953,0.29733288
295,1825.0248,0.0,1058.1224,89.19323,0.012333786,0.0,0.5879225,0.29733127
296,2696.1099,0.0,926.48395,89.19329,0.015534724,0.0,0.5861334,0.2973297
297,2238.8296,0.0,1268.2833,89.193375,0.015895914,0.0,0.55242103,0.29732817
298,2056.6067,0.0,1298.6307,89.19343,0.016656764,0.0,0.60812867,0.29732665
299,1630.1085,0.0,1043.4509,89.193504,0.017126057,0.0,0.5874222,0.2973253
300,1703.261,0.0,1245.3127,89.1936,0.016097216,0.0,0.56098574,0.29732385
301,1484.1648,0.0,1034.4602,89.19368,0.015566087,0.0,0.5790734,0.29732245
302,1938.1671,0.0,1038.9421,89.19376,0.018938303,0.0,0.58645713,0.2973211
303,2122.2373,0.0,921.882,89.193825,0.016559124,0.0,0.5794598,0.29731974
304,1336.3783,0.0,1491.7805,89.193954,0.018401444,0.0,0.5607833,0.29731882
305,2313.525,0.0,951.4043,89.19406,0.01684911,0.0,0.5841111,0.29731828
306,1422.1271,0.0,959.03687,89.19415,0.019102287,0.0,0.5737748,0.29731765
307,1728.208,0.0,1141.4825,89.19422,0.016580582,0.0,0.49161327,0.29731664
308,1586.8849,0.0,874.16614,89.194305,0.017673777,0.0,0.5965885,0.29731563
309,2742.889,0.0,997.54974,89.19434,0.013168289,0.0,0.5465648,0.29731455
310,2379.6245,0.0,1384.1887,89.19437,0.017841093,0.0,0.5271585,0.29731354
311,2138.6143,0.0,1081.1554,89.19443,0.015895601,0.0,0.52495265,0.29731244
312,1876.7002,0.0,910.5815,89.194496,0.02014636,0.0,0.53513694,0.29731134
313,1917.9271,0.0,916.2165,89.194534,0.014556415,0.0,0.5639716,0.2973102
314,1338.3203,0.0,896.82086,89.19458,0.018959202,0.0,0.58376396,0.29730904
315,2388.4482,0.0,1103.7012,89.19465,0.013106126,0.0,0.5762216,0.2973079
316,1785.198,0.0,1059.4584,89.194756,0.019395217,0.0,0.5566449,0.29730672
317,1962.2583,0.0,1055.922,89.19487,0.016877316,0.0,0.6108538,0.29731342
318,1918.5249,0.0,905.3912,89.195,0.019669125,0.0,0.54724777,0.29731935
319,1703.4348,0.0,1383.7251,89.19512,0.01762059,0.0,0.57349724,0.29732454
320,2222.7812,0.0,1672.9231,89.195244,0.0159757,0.0,0.5617756,0.2973291
321,1696.7657,0.0,1059.1622,89.195335,0.0144662885,0.0,0.56506646,0.29733264
322,1644.119,0.0,1622.5114,89.19543,0.01912184,0.0,0.54286975,0.2973357
323,1718.2362,0.0,1160.6196,89.19562,0.017430589,0.0,0.5562222,0.29733837
324,1443.256,0.0,1405.9141,89.19576,0.016350163,0.0,0.52081656,0.2973406
325,1490.8258,0.0,1201.0917,89.19592,0.014201745,0.0,0.56367064,0.2973425
326,3257.8538,0.0,1533.4528,89.19608,0.013161405,0.0,0.60412085,0.29734406
327,1807.9429,0.0,974.3695,89.196236,0.015856225,0.0,0.5298283,0.29734534
328,2297.369,0.0,1320.5062,89.19641,0.014753491,0.0,0.5652339,0.29734638
329,1746.9271,0.0,1210.2445,89.19656,0.017436137,0.0,0.5595239,0.2973472
330,1936.6362,0.0,1196.2064,89.1967,0.01843575,0.0,0.5540072,0.29734778
331,1382.5428,0.0,1192.9382,89.19687,0.014866238,0.0,0.58106786,0.29734817
332,1891.9427,0.0,1226.0382,89.19704,0.013941648,0.0,0.5527498,0.29734838
333,1890.62,0.0,906.7801,89.19717,0.015285192,0.0,0.5466485,0.29734847
334,2574.2969,0.0,1090.6766,89.19728,0.019812457,0.0,0.5498569,0.29734868
335,1309.776,0.0,853.7948,89.19736,0.015357322,0.0,0.553658,0.29734874
336,1930.1227,0.0,1060.2454,89.197395,0.017830495,0.0,0.60224915,0.29734385
337,2066.204,0.0,1585.3859,89.19741,0.017545858,0.0,0.5639667,0.29733932
338,1882.4932,0.0,940.5181,89.19743,0.013940918,0.0,0.56391925,0.29733518
339,2030.5089,0.0,1038.1104,89.19741,0.020100567,0.0,0.5498588,0.2973313
340,2471.8027,0.0,1198.6849,89.19741,0.017940296,0.0,0.5348546,0.2973278
341,1286.1383,0.0,1185.9501,89.19742,0.015380561,0.0,0.5863906,0.29732448
342,1960.9185,0.0,922.2043,89.19743,0.021050692,0.0,0.60524064,0.29732138
343,1451.5038,0.0,1093.5492,89.1975,0.015778584,0.0,0.52538264,0.2973119
344,1852.456,0.0,1464.7456,89.19759,0.013534139,0.0,0.5401752,0.29730326
345,2216.4958,0.0,1708.2521,89.19774,0.018399265,0.0,0.5887488,0.29729542
346,2141.2952,0.0,1004.4832,89.197876,0.015384365,0.0,0.5468674,0.29730058
347,1821.048,0.0,927.0819,89.19799,0.015066711,0.0,0.53353417,0.2973051
348,1765.7114,0.0,1252.8921,89.19809,0.021737855,0.0,0.54124326,0.29730913
349,2060.284,0.0,1291.6942,89.198166,0.016083099,0.0,0.5543457,0.2973127
350,1326.8877,0.0,1070.4546,89.19825,0.019291764,0.0,0.57452744,0.29731578
351,1623.4381,0.0,1040.9905,89.19833,0.011941522,0.0,0.55093205,0.29731846
352,1481.0049,0.0,965.188,89.19837,0.017532593,0.0,0.5889803,0.29732072
353,1666.7524,0.0,1782.1849,89.198425,0.017741667,0.0,0.52768373,0.29732275
354,1755.9172,0.0,1036.0402,89.19849,0.016466007,0.0,0.58342123,0.29732373
355,2228.779,0.0,1206.8125,89.19852,0.013955872,0.0,0.5489785,0.29732454
356,1808.9235,0.0,869.38385,89.198555,0.014128827,0.0,0.55026835,0.29732516
357,1856.1163,0.0,1337.5734,89.198616,0.016597979,0.0,0.53912854,0.29732558
358,1577.7096,0.0,1444.5709,89.198685,0.017841464,0.0,0.52119803,0.29732588
359,1725.3151,0.0,1568.9474,89.19872,0.017671771,0.0,0.5927849,0.29732597
360,2027.37,0.0,870.6068,89.19877,0.015524711,0.0,0.5447781,0.29732588
361,1980.5947,0.0,1178.6687,89.19883,0.014944648,0.0,0.5602979,0.29732564
362,1657.043,0.0,1223.219,89.198906,0.019500162,0.0,0.58801264,0.29732534
363,1563.2473,0.0,1444.9585,89.19898,0.014248263,0.0,0.5825191,0.29732493
364,1997.2059,0.0,939.20624,89.199036,0.018912654,0.0,0.6414382,0.29732448
365,1317.8574,0.0,1423.4113,89.19908,0.013197079,0.0,0.542555,0.29732385
366,2086.5886,0.0,1108.2041,89.19907,0.01631482,0.0,0.55305517,0.2973232
367,2030.1609,0.0,1307.4777,89.19907,0.018484347,0.0,0.5957676,0.29732245
368,2002.9055,0.0,1202.2339,89.199104,0.015828384,0.0,0.59091496,0.29732168
369,1582.9885,0.0,1192.6416,89.199135,0.015148158,0.0,0.57926524,0.29732093
370,1687.0125,0.0,1110.3911,89.19917,0.0167094,0.0,0.5618062,0.29732
371,1702.5226,0.0,1142.9503,89.19921,0.01653339,0.0,0.5219483,0.2973191
372,2028.9362,0.0,1066.0435,89.19923,0.014555811,0.0,0.5912959,0.2973182
373,1680.5245,0.0,1174.4547,89.19928,0.0146458205,0.0,0.574503,0.2973172
374,2183.0322,0.0,1243.0906,89.19932,0.023848495,0.0,0.6136615,0.29731616
375,1714.4542,0.0,1063.727,89.199356,0.015617197,0.0,0.5770595,0.29731515
376,1828.9135,0.0,1231.665,89.199425,0.017114082,0.0,0.5615343,0.29731408
377,1912.8856,0.0,1314.1824,89.1995,0.019936152,0.0,0.56975657,0.297313
378,2051.938,0.0,1278.0953,89.19956,0.020954542,0.0,0.55039465,0.29731184
379,1589.4106,0.0,1444.2507,89.19968,0.014483547,0.0,0.58735126,0.2973107
380,2695.545,0.0,1033.6798,89.199776,0.019226523,0.0,0.589484,0.29730958
381,2570.3406,0.0,1291.3497,89.199776,0.016189283,0.0,0.59040284,0.2973084
382,2227.8516,0.0,1434.7242,89.19984,0.015187912,0.0,0.5745742,0.29730722
383,1470.7941,0.0,1223.1562,89.199974,0.015104192,0.0,0.54595304,0.2973066
384,1669.4537,0.0,1179.4122,89.200035,0.013814981,0.0,0.5278786,0.29730585
385,2313.35,0.0,1062.0886,89.20007,0.015376585,0.0,0.5931501,0.29730508
386,2399.116,0.0,1030.8503,89.200165,0.012471283,0.0,0.62162924,0.2973027
387,1834.2817,0.0,1109.2875,89.20024,0.017157396,0.0,0.57029784,0.2973005
388,2343.5745,0.0,1055.2601,89.20033,0.017863464,0.0,0.5559653,0.29729837
389,1862.5814,0.0,1331.2211,89.200424,0.014976053,0.0,0.5672823,0.29729638
390,1671.974,0.0,1530.6029,89.20049,0.014668994,0.0,0.6080923,0.29729438
391,1555.33,0.0,1209.6,89.20055,0.018961031,0.0,0.56554425,0.29729253
392,2197.3545,0.0,1150.6755,89.20057,0.016952943,0.0,0.58041704,0.29729074
393,1785.0211,0.0,880.825,89.20062,0.016699262,0.0,0.5820549,0.29729104
394,1592.4597,0.0,1136.7594,89.20068,0.01522896,0.0,0.5726744,0.2972912
395,1820.0554,0.0,1091.4087,89.20077,0.02327381,0.0,0.5839038,0.29729047
396,1735.6664,0.0,1039.7893,89.20084,0.020425173,0.0,0.56319755,0.29728964
397,2136.9688,0.0,1040.4143,89.200874,0.014029702,0.0,0.59041166,0.2972884
398,2562.2756,0.0,1218.1843,89.20086,0.015763247,0.0,0.585058,0.2972873
399,2323.1255,0.0,1189.947,89.20087,0.017141132,0.0,0.5437533,0.2972861
400,1543.3608,0.0,1149.569,89.20089,0.016806496,0.0,0.5838529,0.2972849
401,2149.5867,0.0,1194.6227,89.200935,0.017147643,0.0,0.58971655,0.29728287
402,1689.0581,0.0,900.72815,89.20098,0.014425967,0.0,0.5167626,0.297281
403,1415.0037,0.0,1025.8325,89.20106,0.0136091355,0.0,0.58714676,0.29727927
404,2094.026,0.0,932.11285,89.2011,0.015866239,0.0,0.60512185,0.29727772
405,1730.0765,0.0,1328.9807,89.20113,0.018546496,0.0,0.59042305,0.29728386
406,2212.514,0.0,1311.4949,89.20114,0.017497182,0.0,0.53482914,0.29728138
407,2143.8875,0.0,737.1987,89.201126,0.016394988,0.0,0.5503578,0.2972792
408,1913.1937,0.0,1532.8798,89.2011,0.013746694,0.0,0.572716,0.29727733
409,2340.372,0.0,1485.4111,89.20109,0.01417449,0.0,0.545977,0.29727554
410,1593.9049,0.0,1162.9016,89.20106,0.019769244,0.0,0.550731,0.2972739
411,1709.582,0.0,1254.4027,89.20106,0.014675323,0.0,0.58287716,0.29727244
412,1529.9777,0.0,1133.3035,89.20103,0.01654231,0.0,0.53567225,0.29730123
413,1905.6168,0.0,1389.1714,89.201004,0.017000107,0.0,0.6006231,0.29732758
414,1793.6317,0.0,1167.4454,89.20099,0.019921388,0.0,0.54576796,0.29735148
415,2177.0479,0.0,1031.4778,89.20101,0.015915852,0.0,0.52817196,0.29737335
416,2191.0068,0.0,1065.7045,89.20098,0.016809676,0.0,0.5589306,0.29739323
417,1912.3843,0.0,989.13513,89.201004,0.01526647,0.0,0.5718124,0.29741114
418,1970.7778,0.0,1214.872,89.20102,0.017244201,0.0,0.60736394,0.2974274
419,2146.9385,0.0,1346.4419,89.201004,0.0124930255,0.0,0.5644598,0.29744193
420,2577.178,0.0,938.84534,89.20099,0.016405577,0.0,0.5864463,0.29745504
421,1727.2277,0.0,1007.76495,89.20099,0.01575195,0.0,0.546245,0.29746687
422,1840.9923,0.0,1045.2362,89.201,0.01727859,0.0,0.5905018,0.29747745
423,1898.5309,0.0,833.3992,89.20103,0.012841519,0.0,0.5728071,0.29748687
424,1632.1425,0.0,1065.2064,89.201035,0.0170539,0.0,0.56494606,0.29749534
425,2481.4238,0.0,1075.5491,89.20104,0.015179324,0.0,0.6030305,0.29750293
426,2495.3333,0.0,1035.0193,89.20104,0.015457628,0.0,0.5930512,0.29751325
427,1754.2317,0.0,1034.4689,89.20101,0.015441222,0.0,0.59997535,0.29752254
428,1755.275,0.0,880.0853,89.201,0.018398132,0.0,0.55723697,0.2975308
429,1927.4332,0.0,1170.6167,89.201,0.015865384,0.0,0.5516781,0.2975381
430,1665.6089,0.0,1120.9476,89.20102,0.014244728,0.0,0.58914196,0.29754463
431,2081.8794,0.0,1089.1202,89.20106,0.019244246,0.0,0.55388576,0.29755035
432,1841.1517,0.0,1309.8596,89.201126,0.01707193,0.0,0.5775318,0.29755536
433,1828.5226,0.0,1302.22,89.20117,0.015196956,0.0,0.55009484,0.29755968
434,3086.1294,0.0,1026.957,89.20117,0.016985187,0.0,0.56390476,0.29756358
435,2077.406,0.0,1394.6588,89.201225,0.017228357,0.0,0.5862682,0.29756683
436,1295.8207,0.0,1169.6436,89.201225,0.013709977,0.0,0.5182592,0.29756966
437,2224.2085,0.0,1310.6748,89.20122,0.015525691,0.0,0.58776855,0.29757214
438,1853.1469,0.0,906.1658,89.20124,0.017303098,0.0,0.5503119,0.29757422
439,1735.6873,0.0,1189.0713,89.201294,0.015608388,0.0,0.55042213,0.29757592
440,1833.937,0.0,1189.8224,89.20138,0.017809894,0.0,0.55859053,0.29757732
441,1855.8291,0.0,1318.9678,89.20146,0.015582165,0.0,0.56478155,0.29757842
442,1423.8643,0.0,1349.5123,89.201546,0.012977264,0.0,0.61240333,0.29757932
443,2314.1885,0.0,1256.714,89.20161,0.01505171,0.0,0.6044289,0.29758
444,2144.2478,0.0,1020.7539,89.20171,0.015125154,0.0,0.56260026,0.29758048
445,1608.2744,0.0,1136.9023,89.201805,0.013142995,0.0,0.593891,0.29758078
446,2337.096,0.0,917.6564,89.20189,0.016351461,0.0,0.5783912,0.2975809
447,2180.953,0.0,1395.5203,89.20196,0.012378998,0.0,0.56698155,0.29758087
448,1507.1827,0.0,978.7438,89.202,0.016776422,0.0,0.5792675,0.29758072
449,1919.5184,0.0,1289.9595,89.20204,0.019147689,0.0,0.5536479,0.29758194
450,2101.0444,0.0,906.5648,89.20206,0.015027599,0.0,0.5455274,0.29758295
451,2253.918,0.0,1133.5797,89.20208,0.016415164,0.0,0.61263275,0.29758376
452,1385.9597,0.0,1041.4779,89.20208,0.01786761,0.0,0.5551991,0.29758433
453,1743.2203,0.0,1147.6807,89.20208,0.016317675,0.0,0.6071224,0.29758465
454,2408.9045,0.0,1420.1956,89.202095,0.014454834,0.0,0.56465507,0.29758486
455,2132.5796,0.0,1175.4944,89.20208,0.01495479,0.0,0.48873782,0.29758498
456,2020.7333,0.0,1087.3802,89.202065,0.018417295,0.0,0.56837916,0.2975849
457,1943.482,0.0,991.0448,89.20203,0.019854795,0.0,0.5660433,0.29758474
458,1878.6001,0.0,1282.3237,89.20204,0.014947775,0.0,0.5521337,0.2975844
459,1879.2067,0.0,1255.9849,89.20206,0.015665665,0.0,0.56917226,0.29758406
460,2196.044,0.0,985.6148,89.202065,0.016885074,0.0,0.571795,0.29758352
461,1791.347,0.0,993.1112,89.20205,0.017564839,0.0,0.5356101,0.29758313
462,1529.8325,0.0,1065.7572,89.20204,0.017161155,0.0,0.5860168,0.29758254
463,2094.0864,0.0,1357.6885,89.20202,0.019066557,0.0,0.57586175,0.2975819
464,1690.6349,0.0,1144.5535,89.20204,0.01934341,0.0,0.5667128,0.2975812
465,2299.7334,0.0,1208.9622,89.20203,0.01706298,0.0,0.58928823,0.29758045
466,2046.3031,0.0,1483.7799,89.202034,0.017466675,0.0,0.62664795,0.2975796
467,1966.3667,0.0,1092.7682,89.201965,0.017420119,0.0,0.5411388,0.29757878
468,1628.9674,0.0,909.37085,89.20192,0.020671709,0.0,0.56060255,0.29757786
469,1858.5142,0.0,1194.1223,89.20186,0.018162608,0.0,0.5810399,0.29757693
470,2471.7744,0.0,1361.5641,89.20183,0.016083617,0.0,0.55940735,0.29757595
471,1776.6912,0.0,1309.6112,89.20179,0.01904209,0.0,0.5610915,0.29757494
472,2066.52,0.0,1187.6344,89.20172,0.016714191,0.0,0.5585612,0.29757386
473,1877.373,0.0,966.379,89.20174,0.015829653,0.0,0.58432555,0.29757282
474,2038.5687,0.0,1165.651,89.201744,0.018316716,0.0,0.5557134,0.29757172
475,1613.896,0.0,989.112,89.20177,0.015248004,0.0,0.5808882,0.2975706
476,2026.3492,0.0,1076.8135,89.201805,0.019553585,0.0,0.5596832,0.29756945
477,1929.994,0.0,1368.5133,89.20186,0.020672683,0.0,0.54179734,0.2975683
478,1790.0651,0.0,994.56274,89.20192,0.022072306,0.0,0.6250756,0.29756716
479,1626.0945,0.0,1191.937,89.20204,0.015521787,0.0,0.54309654,0.29756606
480,1614.3745,0.0,1163.4799,89.20218,0.016448427,0.0,0.5040196,0.29756498
481,2028.083,0.0,1097.1438,89.20232,0.017293401,0.0,0.55122745,0.2975638
482,1976.2721,0.0,1084.0042,89.20245,0.018424781,0.0,0.52598125,0.29756266
483,1314.9146,0.0,1241.3035,89.20255,0.01582548,0.0,0.57038987,0.29756987
484,1701.5115,0.0,1021.859,89.20258,0.01882397,0.0,0.55497074,0.29757634
485,1218.5825,0.0,1202.463,89.202675,0.015437299,0.0,0.53082705,0.29758224
486,1931.9258,0.0,894.595,89.20276,0.017822534,0.0,0.5905151,0.29758742
487,1812.9524,0.0,1037.3488,89.202835,0.018841011,0.0,0.5620069,0.29759213
488,1851.1638,0.0,1082.134,89.20293,0.017535677,0.0,0.55558574,0.29759803
489,1645.4952,0.0,1194.3344,89.20302,0.01446997,0.0,0.5439975,0.2976033
490,2221.3994,0.0,1410.3253,89.20312,0.015158421,0.0,0.55064046,0.2976079
491,1885.7745,0.0,1119.6785,89.20322,0.013871329,0.0,0.58412445,0.297613
492,1492.2104,0.0,925.97504,89.203285,0.013028204,0.0,0.5357417,0.29761752
493,1806.8586,0.0,943.6753,89.203354,0.018714031,0.0,0.6132004,0.29762143
494,1440.7927,0.0,1184.9397,89.2034,0.016738992,0.0,0.54698133,0.29762486
495,2328.122,0.0,1593.5249,89.20349,0.014297618,0.0,0.5497624,0.29762864
496,2108.5413,0.0,1067.7177,89.20357,0.015971515,0.0,0.559288,0.2976321
497,2512.1975,0.0,1103.7987,89.20363,0.0146144135,0.0,0.59706104,0.29763523
498,1558.0336,0.0,1283.2847,89.20368,0.013868671,0.0,0.55249196,0.29763803
499,1755.205,0.0,1334.1007,89.203705,0.015595488,0.0,0.53260195,0.29764044
500,2040.4818,0.0,1328.5641,89.20369,0.015109157,0.0,0.52373374,0.29764256
501,1582.8759,0.0,866.654,89.20369,0.015703566,0.0,0.5797477,0.29764438
502,1805.7684,0.0,1165.4944,89.20364,0.01627737,0.0,0.5453397,0.29764593
503,1498.9977,0.0,875.79156,89.20361,0.01406411,0.0,0.62533706,0.29765013
504,1799.9962,0.0,1052.0448,89.203575,0.016226975,0.0,0.5552728,0.29765373
505,1449.985,0.0,954.6306,89.203545,0.012992016,0.0,0.55612135,0.29765686
506,1365.0392,0.0,1179.7325,89.203514,0.016487524,0.0,0.5404736,0.2976597
507,1733.0731,0.0,1081.2047,89.203545,0.018037267,0.0,0.5460005,0.29766205
508,1462.1567,0.0,1009.0008,89.20358,0.021296008,0.0,0.58035624,0.29766402
509,1643.919,0.0,1173.389,89.20364,0.016581964,0.0,0.6236003,0.29766572
510,1322.2838,0.0,954.16284,89.20374,0.0136586055,0.0,0.54776394,0.29766715
511,2101.6155,0.0,1083.3961,89.20383,0.016193166,0.0,0.5285685,0.2976683
512,1909.3195,0.0,1201.5896,89.20393,0.01234917,0.0,0.5947082,0.29766917
513,2416.5117,0.0,1207.1901,89.20401,0.012361276,0.0,0.570966,0.29766986
514,1728.6326,0.0,1274.896,89.20408,0.016685914,0.0,0.5389317,0.29767036
515,1851.519,0.0,1921.0122,89.20412,0.014312918,0.0,0.58977354,0.29767075
516,1960.2036,0.0,1005.5191,89.20418,0.016568758,0.0,0.543133,0.2976709
517,1965.9427,0.0,1137.6945,89.20428,0.017458575,0.0,0.54125625,0.29767093
518,1723.6671,0.0,1115.0427,89.204384,0.015065308,0.0,0.5778502,0.29767084
519,1875.3849,0.0,1296.1321,89.204475,0.016658168,0.0,0.5449277,0.2976706
520,2017.2589,0.0,824.993,89.204575,0.017339932,0.0,0.5420432,0.29767027
521,1985.8054,0.0,891.05804,89.204666,0.017504472,0.0,0.5811984,0.29766986
522,1512.6936,0.0,1337.761,89.20473,0.0154050505,0.0,0.5763902,0.29766932
523,2112.9304,0.0,1329.793,89.20477,0.014571382,0.0,0.6339268,0.29766873
524,1853.7346,0.0,1384.1411,89.20486,0.014831541,0.0,0.569971,0.29766807
525,1863.6365,0.0,1021.7014,89.20497,0.017438605,0.0,0.5642039,0.29766726
526,1899.9572,0.0,1114.5653,89.20505,0.01624281,0.0,0.55782646,0.29766652
527,2319.6963,0.0,1355.4874,89.20518,0.018739637,0.0,0.57524866,0.29766572
528,1497.9093,0.0,1155.8354,89.20531,0.014846429,0.0,0.5573115,0.29766482
529,2184.9229,0.0,1142.8198,89.20546,0.018753342,0.0,0.55833954,0.2976639
530,2084.4402,0.0,1152.5942,89.20562,0.015637804,0.0,0.5927916,0.2976629
531,2396.0964,0.0,1019.2477,89.20579,0.016942477,0.0,0.5835341,0.29766196
532,1997.6172,0.0,1203.913,89.20593,0.018749353,0.0,0.5920296,0.29766092
533,1545.1454,0.0,1337.225,89.20601,0.015286881,0.0,0.5357271,0.29765984
534,2224.3828,0.0,1085.6577,89.20611,0.01163381,0.0,0.5447911,0.29765883
535,1923.4146,0.0,889.50757,89.206215,0.015866606,0.0,0.59020424,0.29765767
536,1636.3589,0.0,1615.449,89.20631,0.015938532,0.0,0.5525845,0.29765683
537,1969.0052,0.0,1007.31305,89.20639,0.015415988,0.0,0.5515064,0.2976559
538,2387.9617,0.0,1554.2404,89.206436,0.01877649,0.0,0.5715259,0.297655
539,1657.3442,0.0,1606.9391,89.20646,0.01627241,0.0,0.5579278,0.29765394
540,2405.3313,0.0,927.641,89.206474,0.02163307,0.0,0.572374,0.2976529
541,1285.6586,0.0,1118.9143,89.20653,0.01664228,0.0,0.5588237,0.29765183
542,1481.8256,0.0,1222.1772,89.20652,0.016784234,0.0,0.5543954,0.29765075
543,1653.8989,0.0,1501.1588,89.206474,0.015663002,0.0,0.5578498,0.29764956
544,2076.8818,0.0,1167.2777,89.2064,0.018504076,0.0,0.5465142,0.29764846
545,2280.0918,0.0,935.91693,89.20629,0.017625414,0.0,0.57055604,0.29764733
546,2011.9113,0.0,1324.2549,89.2062,0.017294167,0.0,0.5723986,0.29764622
547,2099.6074,0.0,1077.7344,89.206154,0.01805125,0.0,0.5580905,0.29764503
548,1819.8553,0.0,1013.56915,89.20607,0.015258757,0.0,0.57772833,0.2976438
549,1297.087,0.0,1332.5139,89.206055,0.012967415,0.0,0.55011785,0.29764268
550,2032.0458,0.0,945.30005,89.20607,0.018127047,0.0,0.6204177,0.29764143
551,1817.7987,0.0,989.5668,89.20607,0.017077407,0.0,0.53205013,0.2976402
552,1591.735,0.0,1138.3529,89.20606,0.020901829,0.0,0.58153176,0.297639
553,2211.4238,0.0,996.04645,89.20609,0.01701451,0.0,0.5783555,0.29763776
554,1913.084,0.0,1475.7906,89.20613,0.016895475,0.0,0.58376455,0.29763648
555,2135.7917,0.0,1060.0253,89.206154,0.012937389,0.0,0.5757214,0.2976352
556,1892.4597,0.0,1082.1305,89.20616,0.018019617,0.0,0.524671,0.29763392
557,2369.3855,0.0,1117.2351,89.20617,0.014432448,0.0,0.5607412,0.2976335
558,1857.6696,0.0,1594.6523,89.206184,0.012520995,0.0,0.56408757,0.297633
559,2148.51,0.0,1205.2493,89.20622,0.014782367,0.0,0.5959067,0.29763243
560,1790.1774,0.0,1091.6417,89.20631,0.01779305,0.0,0.5483495,0.29763278
561,2516.502,0.0,1335.9297,89.2064,0.019414978,0.0,0.53950584,0.29763293
562,1753.0725,0.0,1015.49286,89.20649,0.015786264,0.0,0.5354093,0.29763302
563,1771.711,0.0,1168.0043,89.206604,0.018610543,0.0,0.5620878,0.2976329
564,2075.6624,0.0,1014.41833,89.20661,0.014840158,0.0,0.5877217,0.29763266
565,2029.3295,0.0,1326.2294,89.20664,0.015119481,0.0,0.53360695,0.29763237
566,1768.9319,0.0,1171.199,89.2067,0.016177585,0.0,0.56235933,0.29763195
567,1455.2728,0.0,1122.901,89.20675,0.0155552905,0.0,0.561898,0.2976314
568,1681.7605,0.0,1081.4625,89.20676,0.016888615,0.0,0.5324657,0.29763082
569,1559.9102,0.0,1247.2373,89.206764,0.01928977,0.0,0.5840576,0.2976302
570,1718.3809,0.0,1156.673,89.206825,0.01552394,0.0,0.5618453,0.2976299
571,1531.9703,0.0,1175.85,89.2069,0.019979361,0.0,0.58432025,0.29762954
572,2748.1733,0.0,1534.2231,89.20696,0.017193364,0.0,0.5507755,0.2976291
573,2238.7537,0.0,1235.8387,89.20705,0.014307189,0.0,0.56289315,0.29762852
574,1601.6288,0.0,1048.1587,89.20712,0.015630294,0.0,0.56420124,0.297628
575,2000.5,0.0,1029.2516,89.20719,0.017050061,0.0,0.57372725,0.29762736
576,1876.7346,0.0,971.0194,89.20729,0.015016409,0.0,0.56226945,0.29762664
577,2693.3408,0.0,1318.2484,89.20732,0.015076685,0.0,0.5807637,0.29762587
578,1723.0245,0.0,984.60077,89.20739,0.01597262,0.0,0.5404452,0.297625
579,1565.9496,0.0,1203.1393,89.20745,0.019481502,0.0,0.55772877,0.2976261
580,2381.7058,0.0,856.3743,89.20748,0.015765281,0.0,0.5663803,0.29762706
581,2165.4128,0.0,841.61285,89.20752,0.013416654,0.0,0.52146786,0.29762778
582,2335.15,0.0,1252.8375,89.207596,0.017725928,0.0,0.5395071,0.29762834
583,2204.6414,0.0,1666.7982,89.20767,0.01490598,0.0,0.5631182,0.2976287
584,1730.2935,0.0,1228.3075,89.20775,0.016982872,0.0,0.5716028,0.29762894
585,1774.6875,0.0,1392.8412,89.20779,0.019465303,0.0,0.55702734,0.297629
586,2054.0256,0.0,1113.4927,89.20794,0.01401909,0.0,0.5447158,0.29762894
587,2009.4875,0.0,1112.537,89.20806,0.013798824,0.0,0.61191905,0.29762873
588,1993.9797,0.0,1153.1636,89.20814,0.016047118,0.0,0.5591662,0.2976284
589,1544.6873,0.0,960.1606,89.20818,0.015871698,0.0,0.5423603,0.29762802
590,2562.2058,0.0,1242.8075,89.20828,0.01575744,0.0,0.5214116,0.29762754
591,1436.4658,0.0,948.4009,89.208374,0.018167691,0.0,0.57171553,0.29762697
592,1429.453,0.0,1190.629,89.20844,0.014258621,0.0,0.5350151,0.29762632
593,1660.6693,0.0,1075.3442,89.20847,0.015353536,0.0,0.5827977,0.29762563
594,1327.1052,0.0,1257.7887,89.20848,0.017276777,0.0,0.6002419,0.29762483
595,2071.2764,0.0,936.2407,89.20848,0.016293695,0.0,0.5735447,0.297624
596,2081.0261,0.0,1250.3481,89.20846,0.016335782,0.0,0.61203355,0.29762313
597,1733.2617,0.0,1114.1133,89.208466,0.013974535,0.0,0.56903195,0.29762223
598,1887.9058,0.0,989.46875,89.208466,0.021598473,0.0,0.5884825,0.29762125
599,2083.7695,0.0,1069.6611,89.2085,0.014016841,0.0,0.56807387,0.2976202
600,1436.451,0.0,1481.5011,89.20855,0.016429074,0.0,0.59830916,0.29761916
601,2038.6044,0.0,814.70074,89.208595,0.014189467,0.0,0.5545709,0.2976204
602,2848.3145,0.0,877.8744,89.208664,0.018459208,0.0,0.55297947,0.29762137
603,2322.5208,0.0,1287.2661,89.20866,0.016992591,0.0,0.56780934,0.29762208
604,2285.017,0.0,1501.492,89.208725,0.014818306,0.0,0.58062625,0.29762268
605,2498.4636,0.0,1471.3134,89.20876,0.017448807,0.0,0.5612471,0.29762307
606,2210.3843,0.0,1161.6034,89.20881,0.016083967,0.0,0.57560605,0.29762316
607,1507.6307,0.0,798.6039,89.20886,0.015028207,0.0,0.58158946,0.29762322
608,1796.4523,0.0,1090.9844,89.20893,0.015000096,0.0,0.54218554,0.29762313
609,2715.2014,0.0,1034.4052,89.209076,0.015331424,0.0,0.5789634,0.29762295
610,2378.6277,0.0,1145.7654,89.209274,0.016844146,0.0,0.5974128,0.2976225
611,1744.6204,0.0,1245.7656,89.209435,0.015080343,0.0,0.6629663,0.29762208
612,1396.8917,0.0,1105.296,89.20962,0.01817137,0.0,0.61716247,0.29762948
613,2107.3728,0.0,1395.876,89.20976,0.0177278,0.0,0.5618968,0.29763606
614,1433.6403,0.0,1390.2847,89.209885,0.016301792,0.0,0.57561696,0.2976418
615,1739.1206,0.0,1065.4598,89.21002,0.016860459,0.0,0.5598894,0.29764697
616,1958.267,0.0,1031.9547,89.21016,0.015128285,0.0,0.57365155,0.2976515
617,1964.1599,0.0,1411.165,89.21028,0.014198395,0.0,0.585577,0.29765546
618,2082.0583,0.0,974.1772,89.21034,0.015751239,0.0,0.61484617,0.2976589
619,2049.6736,0.0,897.25653,89.2104,0.014699226,0.0,0.6176945,0.29766494
620,2502.664,0.0,922.68805,89.21044,0.016504029,0.0,0.56057894,0.29767027
621,1920.4523,0.0,1118.0867,89.21046,0.017854108,0.0,0.53454185,0.29767492
622,2034.5101,0.0,1635.7974,89.21046,0.014880456,0.0,0.5832932,0.29767892
623,2406.5295,0.0,1069.2346,89.21047,0.015253266,0.0,0.53346026,0.29768252
624,1768.7385,0.0,1078.8732,89.21048,0.017105823,0.0,0.5433952,0.29768556
625,1724.3219,0.0,1188.6182,89.210495,0.012825153,0.0,0.5583445,0.2976882
626,1746.3839,0.0,1376.9998,89.21058,0.015576842,0.0,0.55056846,0.29769745
627,2131.2227,0.0,1121.6147,89.210655,0.018376911,0.0,0.59302604,0.29770595
628,1840.8488,0.0,784.25977,89.2107,0.019462345,0.0,0.51116526,0.29771382
629,2527.4434,0.0,802.7173,89.21075,0.015179932,0.0,0.5619562,0.29772094
630,2378.4504,0.0,1376.8945,89.21075,0.016330045,0.0,0.54001904,0.29772747
631,2068.352,0.0,1139.7521,89.21071,0.015145435,0.0,0.6215601,0.29773334
632,1841.8495,0.0,1048.869,89.2107,0.016173117,0.0,0.53191113,0.29773864
633,1658.3853,0.0,1446.1997,89.21073,0.019617125,0.0,0.5855763,0.29774332
634,1807.6299,0.0,1058.514,89.210754,0.014260553,0.0,0.5882057,0.29774755
635,1742.3274,0.0,1061.0862,89.21076,0.019092346,0.0,0.52512234,0.29775125
636,1804.0469,0.0,1332.7454,89.210815,0.017035231,0.0,0.5729891,0.2977545
637,1674.4143,0.0,1064.3651,89.21089,0.016054843,0.0,0.59227556,0.2977573
638,1816.0846,0.0,1268.1604,89.21098,0.016100857,0.0,0.53392017,0.29775983
639,1816.1118,0.0,1236.8021,89.21104,0.016354255,0.0,0.5763083,0.29776195
640,1276.506,0.0,996.21277,89.21111,0.016845787,0.0,0.5268106,0.29776374
641,1627.9258,0.0,1039.7565,89.211205,0.016451348,0.0,0.54792225,0.29776523
642,1882.1823,0.0,1075.0664,89.211235,0.014654186,0.0,0.56329393,0.29776645
643,2248.9536,0.0,1108.9888,89.21129,0.0152093675,0.0,0.5450068,0.29776824
644,1553.8928,0.0,1227.1345,89.21133,0.013526132,0.0,0.5676675,0.29776964
645,2154.7964,0.0,1002.13696,89.21129,0.018889487,0.0,0.61617774,0.29777086
646,1895.3228,0.0,997.08844,89.21129,0.015890088,0.0,0.62260646,0.2977718
647,2542.2173,0.0,1288.3125,89.211235,0.015511364,0.0,0.5269277,0.29777256
648,2073.3123,0.0,1198.511,89.211205,0.01408617,0.0,0.5503575,0.29777604
649,1942.6696,0.0,1686.8151,89.21119,0.018369222,0.0,0.5525684,0.297779
650,1400.7646,0.0,1266.1627,89.21118,0.017090704,0.0,0.5667089,0.29778162
651,1667.7112,0.0,1084.3511,89.21119,0.015748776,0.0,0.5828046,0.29778785
652,1364.7292,0.0,1198.1335,89.211235,0.017171735,0.0,0.5739422,0.29779083
653,1919.9661,0.0,1068.2393,89.21127,0.014373544,0.0,0.5757956,0.29779345
654,2378.9802,0.0,944.31146,89.211334,0.014998872,0.0,0.59466976,0.29779765
655,2505.5403,0.0,975.11487,89.2114,0.017803602,0.0,0.5350878,0.29780143
656,2060.9949,0.0,1366.4053,89.21143,0.021649987,0.0,0.56404173,0.2978048
657,1863.9893,0.0,1082.5226,89.211464,0.015987689,0.0,0.5983764,0.29780823
658,1581.3474,0.0,1133.0526,89.21147,0.017750444,0.0,0.60479116,0.29781112
659,1542.3044,0.0,1378.0831,89.21148,0.01816533,0.0,0.56842065,0.2978137
660,1853.4597,0.0,1165.7356,89.21151,0.016827932,0.0,0.5825236,0.2978159
661,2094.3003,0.0,956.944,89.21155,0.016568583,0.0,0.5794341,0.29781786
662,1071.3672,0.0,1206.586,89.21156,0.018095426,0.0,0.53617674,0.29781947
663,1684.9539,0.0,1301.8936,89.2116,0.014802076,0.0,0.5946568,0.29782075
664,1927.651,0.0,1083.2405,89.21162,0.013145646,0.0,0.57205844,0.29782188
665,2380.6543,0.0,1158.9877,89.21166,0.015110593,0.0,0.5526797,0.29782274
666,1794.1918,0.0,963.24664,89.211716,0.017916175,0.0,0.6009661,0.2978234
667,1779.3527,0.0,1247.9872,89.211754,0.015404493,0.0,0.5410054,0.2978239
668,2418.6245,0.0,775.656,89.21183,0.019851238,0.0,0.552763,0.2978229
669,2587.6428,0.0,1217.6696,89.211876,0.018547978,0.0,0.5785221,0.29782194
670,1548.2528,0.0,963.06854,89.21191,0.018646061,0.0,0.580503,0.29782096
671,1520.5383,0.0,991.27136,89.2119,0.017198391,0.0,0.54737246,0.29781997
672,1984.1151,0.0,1183.8566,89.211914,0.017012877,0.0,0.5537325,0.29781893
673,1964.0651,0.0,1262.1036,89.21191,0.013822218,0.0,0.5497851,0.29781792
674,1556.6823,0.0,1388.0901,89.21193,0.014230459,0.0,0.5729744,0.29781687
675,2476.635,0.0,1208.9541,89.21193,0.018318623,0.0,0.57375664,0.29781574
676,1764.4171,0.0,1336.2703,89.21193,0.016909894,0.0,0.5707322,0.2978147
677,1219.1847,0.0,923.94,89.211945,0.014520401,0.0,0.5558235,0.29781362
678,1881.0653,0.0,1199.3071,89.211975,0.016323308,0.0,0.5850742,0.2978125
679,1803.2394,0.0,1072.8615,89.21198,0.018360887,0.0,0.5547084,0.29781136
680,1556.5396,0.0,946.6434,89.21206,0.018256763,0.0,0.55699956,0.2978102
681,1970.9915,0.0,1263.0469,89.21216,0.015944153,0.0,0.56479764,0.29780903
682,1880.3844,0.0,1020.8026,89.21229,0.013771314,0.0,0.5353248,0.2978153
683,2236.9338,0.0,1012.1156,89.21239,0.013750618,0.0,0.59916127,0.29782075
684,1784.8157,0.0,1281.6521,89.21249,0.01961264,0.0,0.56573457,0.29782566
685,1797.742,0.0,1081.8629,89.21257,0.015426995,0.0,0.5593606,0.29782987
686,1351.9073,0.0,1066.7192,89.212654,0.015060708,0.0,0.5520333,0.29783356
687,1564.0101,0.0,1312.3898,89.21275,0.017477114,0.0,0.5508796,0.29783675
688,1858.4093,0.0,1326.7339,89.21284,0.016567282,0.0,0.60339034,0.2978395
689,2740.5454,0.0,1134.7825,89.212875,0.015892565,0.0,0.5306076,0.29784173
690,1969.1625,0.0,1283.6354,89.21291,0.016261267,0.0,0.52762884,0.29784006
691,1677.0521,0.0,1453.1119,89.21289,0.01761175,0.0,0.58026946,0.29783872
692,1686.2374,0.0,1458.1825,89.21284,0.016516555,0.0,0.63727117,0.29783753
693,1583.324,0.0,1222.7537,89.21285,0.016850246,0.0,0.54331017,0.29783645
694,1590.8994,0.0,1387.3063,89.212875,0.016013771,0.0,0.58803034,0.29783556
695,1544.4547,0.0,1307.409,89.21299,0.011672638,0.0,0.6004349,0.2978346
696,1947.1885,0.0,1209.7004,89.21309,0.013588394,0.0,0.5279446,0.29783374
697,1854.7744,0.0,1043.9341,89.21322,0.014901551,0.0,0.589517,0.29783288
698,1674.6078,0.0,1233.344,89.21335,0.015793826,0.0,0.57524884,0.2978282
699,1858.1025,0.0,981.1682,89.21339,0.016096145,0.0,0.5460454,0.29782397
700,1708.7555,0.0,1198.715,89.213425,0.015560456,0.0,0.56503904,0.29782006
701,1469.1846,0.0,950.6349,89.213455,0.013766858,0.0,0.60081273,0.29781651
702,2115.2522,0.0,1046.1445,89.21351,0.016900685,0.0,0.5935774,0.2978132
703,2561.1545,0.0,893.42737,89.21355,0.015433041,0.0,0.570595,0.29781187
704,2386.057,0.0,1238.5377,89.21361,0.017980885,0.0,0.5573159,0.2978106
705,1849.6807,0.0,1092.7823,89.213684,0.015499173,0.0,0.61436224,0.29780945
706,2020.3408,0.0,1296.7455,89.21376,0.015700903,0.0,0.5120364,0.2978083
707,2303.1975,0.0,983.597,89.21382,0.014953654,0.0,0.59421676,0.29780716
708,1496.9341,0.0,1067.2888,89.21393,0.01837036,0.0,0.5890539,0.29780605
709,1895.7523,0.0,1110.48,89.21403,0.014539647,0.0,0.556231,0.2978049
710,1756.5981,0.0,1368.0295,89.214134,0.019762864,0.0,0.5623691,0.2978038
711,2267.7354,0.0,1124.4456,89.21427,0.015635956,0.0,0.5768893,0.29780263
712,1923.0181,0.0,1242.3293,89.214386,0.017605305,0.0,0.61452836,0.29779863
713,1460.9016,0.0,967.24347,89.21453,0.0149543835,0.0,0.58658886,0.29779497
714,1771.3131,0.0,1534.6359,89.21465,0.016469005,0.0,0.6286873,0.29779163
715,1975.983,0.0,928.59894,89.21478,0.013276683,0.0,0.54532385,0.29778847
716,1517.8601,0.0,1193.1799,89.21486,0.016837474,0.0,0.5849744,0.2977856
717,1738.9994,0.0,1238.6031,89.21494,0.015209469,0.0,0.54930824,0.2977829
718,2579.9072,0.0,1189.8984,89.21502,0.021112626,0.0,0.54833263,0.29778036
719,1788.9596,0.0,1419.352,89.2151,0.015034607,0.0,0.53495634,0.297778
720,1771.5323,0.0,1344.1841,89.21513,0.015556112,0.0,0.5659466,0.29777566
721,2029.6906,0.0,1135.4364,89.21519,0.018145502,0.0,0.59006155,0.29777354
722,1680.0109,0.0,1105.9752,89.21523,0.015356995,0.0,0.5484995,0.29777145
723,2462.0151,0.0,1191.0631,89.21526,0.017727632,0.0,0.532453,0.29777035
724,1896.8324,0.0,1137.2466,89.21524,0.012722168,0.0,0.55554366,0.29776928
725,2046.5294,0.0,1129.8734,89.21521,0.019914309,0.0,0.60185057,0.29776824
726,2352.238,0.0,1168.0492,89.21518,0.016718756,0.0,0.5324136,0.29776716
727,2197.9468,0.0,1351.9181,89.21519,0.016180364,0.0,0.5958711,0.29776582
728,1610.033,0.0,1041.3763,89.21525,0.01691046,0.0,0.54197717,0.29776448
729,1744.9341,0.0,853.8673,89.215294,0.019071905,0.0,0.5580933,0.29776323
730,1982.0731,0.0,1058.4062,89.2153,0.015459752,0.0,0.57866836,0.29776192
731,1616.3894,0.0,1285.981,89.2153,0.013606079,0.0,0.5297078,0.29776064
732,2123.1187,0.0,924.23035,89.2153,0.012374707,0.0,0.5535251,0.29775935
733,1912.6399,0.0,1143.0577,89.21529,0.016298337,0.0,0.57515883,0.2977581
734,1895.9905,0.0,1336.4198,89.21529,0.016157934,0.0,0.6101773,0.29775682
735,1363.364,0.0,1329.926,89.215324,0.015830113,0.0,0.5358242,0.29775554
736,1353.8573,0.0,954.6686,89.21536,0.018168813,0.0,0.5832843,0.2977543
737,1553.0521,0.0,884.2198,89.21538,0.014336063,0.0,0.56790614,0.297753
738,1942.4456,0.0,1232.6823,89.21543,0.018564813,0.0,0.57912797,0.2977507
739,1961.2192,0.0,1303.1805,89.21546,0.01433144,0.0,0.5931303,0.29774854
740,1697.1005,0.0,985.8138,89.21548,0.014891803,0.0,0.5862751,0.2977464
741,1730.0134,0.0,1414.9198,89.215515,0.020123938,0.0,0.60604614,0.29774442
742,1821.3213,0.0,1105.2051,89.21552,0.014225293,0.0,0.573466,0.29774255
743,2051.0962,0.0,1178.5111,89.215515,0.018495448,0.0,0.5245328,0.29774073
744,2133.1226,0.0,1170.3081,89.21558,0.011493164,0.0,0.59202665,0.29773903
745,1538.7513,0.0,1065.7623,89.215576,0.014356397,0.0,0.5570331,0.29773724
746,1988.9421,0.0,1445.0228,89.21564,0.020578738,0.0,0.5367586,0.2977355
747,1772.3463,0.0,879.45953,89.215706,0.020788845,0.0,0.52736664,0.29773396
748,2000.8297,0.0,1154.554,89.21575,0.018770145,0.0,0.5670157,0.29773238
749,1299.4359,0.0,1242.6307,89.21585,0.018215673,0.0,0.5914018,0.29773086
750,2026.693,0.0,1213.2596,89.21598,0.017303845,0.0,0.59451526,0.29772934
751,2086.403,0.0,1098.2296,89.21613,0.016188271,0.0,0.56126237,0.2977227
752,1765.608,0.0,1178.3948,89.21631,0.017513458,0.0,0.551472,0.29771656
753,1673.108,0.0,1593.2238,89.21655,0.016251784,0.0,0.5619719,0.29771096
754,2039.4541,0.0,1221.5846,89.21678,0.012874432,0.0,0.56640846,0.29770574
755,2179.788,0.0,977.494,89.216965,0.01697829,0.0,0.5687531,0.29770094
756,1946.0289,0.0,1336.4105,89.217155,0.016628318,0.0,0.55016625,0.29769707
757,2175.9211,0.0,1023.17084,89.21729,0.017207667,0.0,0.5586071,0.29769346
758,1816.2742,0.0,954.06274,89.21741,0.016587378,0.0,0.59598714,0.29769015
759,2006.4954,0.0,1213.9952,89.217545,0.015474807,0.0,0.5373086,0.29768702
760,1300.0244,0.0,1494.8309,89.217674,0.016308587,0.0,0.55867475,0.2976841
761,2079.9565,0.0,1400.3995,89.217735,0.016664581,0.0,0.5729834,0.29768133
762,1568.6241,0.0,1257.9586,89.217735,0.019133568,0.0,0.5592672,0.2976787
763,1579.717,0.0,1188.3492,89.21772,0.01477938,0.0,0.56521094,0.29767624
764,2071.6504,0.0,788.8798,89.2177,0.014946034,0.0,0.5626205,0.29767388
765,2053.1104,0.0,1100.2086,89.21771,0.01758454,0.0,0.5620764,0.2976716
766,2013.5878,0.0,799.1492,89.217735,0.015434265,0.0,0.5408268,0.29766935
767,1579.5461,0.0,989.8132,89.21776,0.013553526,0.0,0.587291,0.2976721
768,1625.0083,0.0,1061.1455,89.21776,0.014963103,0.0,0.5382738,0.29767436
769,1915.9191,0.0,1097.3917,89.217766,0.020198932,0.0,0.5286925,0.29767635
770,2603.306,0.0,1111.7657,89.217766,0.01518704,0.0,0.5587199,0.297678
771,1455.3378,0.0,1216.4562,89.2178,0.020068072,0.0,0.60826296,0.2976794
772,1687.2196,0.0,943.516,89.217834,0.015670113,0.0,0.57308877,0.29768053
773,1927.5461,0.0,1103.9355,89.217865,0.016395476,0.0,0.5909132,0.2976814
774,1510.8263,0.0,853.6768,89.21791,0.01926806,0.0,0.58667606,0.29768205
775,2879.1582,0.0,1102.483,89.21796,0.017455194,0.0,0.5609861,0.29768255
776,1567.207,0.0,1961.1935,89.218,0.014562878,0.0,0.582092,0.29768285
777,1538.7999,0.0,986.92944,89.21808,0.014486946,0.0,0.56920373,0.29768297
778,1621.0548,0.0,1218.2183,89.21814,0.016545272,0.0,0.6400954,0.29768294
779,1983.3815,0.0,1270.7344,89.218185,0.016632479,0.0,0.57601553,0.2976764
780,2534.2366,0.0,1207.679,89.21817,0.020915013,0.0,0.55479443,0.29767057
781,2222.7979,0.0,1168.7651,89.218185,0.01630025,0.0,0.5805099,0.2976653
782,1618.4948,0.0,1118.7081,89.218155,0.021216273,0.0,0.5375496,0.29765898
783,1596.9279,0.0,1005.71246,89.21812,0.01589121,0.0,0.5234256,0.29764992
784,1585.1866,0.0,1130.3575,89.21809,0.01852867,0.0,0.5181489,0.2976417
785,2325.5308,0.0,977.4121,89.21806,0.0134829115,0.0,0.595585,0.29763564
786,1695.9594,0.0,1172.9974,89.21798,0.014047588,0.0,0.5993387,0.29763097
787,1618.2893,0.0,1168.5071,89.21792,0.014644746,0.0,0.57774734,0.29762667
788,1523.8629,0.0,963.73267,89.21784,0.0145468,0.0,0.54274833,0.29762265
789,1703.2003,0.0,1342.2218,89.21782,0.018624417,0.0,0.5223284,0.29761893
790,1470.2286,0.0,1069.4557,89.21779,0.017648455,0.0,0.5626227,0.29761556
791,1999.9346,0.0,1166.6042,89.217766,0.015584655,0.0,0.6070194,0.29761234
792,1862.4244,0.0,1031.548,89.21782,0.017769264,0.0,0.57445717,0.29760933
793,1568.091,0.0,764.95416,89.21791,0.017474841,0.0,0.5899088,0.29760647
794,1843.0692,0.0,804.81683,89.21802,0.016225923,0.0,0.60375035,0.2976038
795,1710.0651,0.0,1301.5063,89.2181,0.016944971,0.0,0.57510185,0.29760125
796,1710.1854,0.0,1054.8945,89.218185,0.013976134,0.0,0.5792662,0.29759884
797,1735.1469,0.0,783.61523,89.21828,0.01482109,0.0,0.53685176,0.29759645
798,1191.9313,0.0,1135.7433,89.21837,0.014060172,0.0,0.5679563,0.29759422
799,2019.8024,0.0,798.8025,89.21851,0.019928353,0.0,0.5936817,0.29759204
800,1883.464,0.0,1429.0731,89.21867,0.015746119,0.0,0.5411722,0.29758993
801,1415.2177,0.0,1244.2706,89.21882,0.017684512,0.0,0.57232904,0.2975879
802,1615.2969,0.0,824.9608,89.218925,0.01571752,0.0,0.5728065,0.29758593
803,1756.2236,0.0,1024.0662,89.21902,0.017676642,0.0,0.5721968,0.2975841
804,1813.9722,0.0,1442.4908,89.2191,0.014847858,0.0,0.5763347,0.29758224
805,1480.0692,0.0,1378.8221,89.219215,0.018756358,0.0,0.57738984,0.29758042
806,2131.4158,0.0,867.5282,89.21934,0.01727158,0.0,0.6096692,0.29757866
807,1665.7155,0.0,1469.4667,89.21946,0.018830176,0.0,0.60112244,0.29757646
808,1581.0616,0.0,931.2955,89.21954,0.016676705,0.0,0.57388,0.29757425
809,1722.1283,0.0,1146.6838,89.21966,0.015208732,0.0,0.5350868,0.29757223
810,1758.9269,0.0,1045.4885,89.21979,0.014457246,0.0,0.5579051,0.2975702
811,2233.38,0.0,1383.8433,89.219925,0.01682753,0.0,0.5534464,0.29756826
812,1835.741,0.0,862.45935,89.220085,0.021278508,0.0,0.5570582,0.2975664
813,1521.6503,0.0,1237.4626,89.22019,0.018313438,0.0,0.55555475,0.29756457
814,1566.8513,0.0,980.2462,89.22027,0.019022744,0.0,0.5735043,0.29756266
815,2006.4425,0.0,1029.1378,89.220314,0.020069435,0.0,0.5266077,0.29756087
816,1721.7665,0.0,1135.994,89.22034,0.016720414,0.0,0.5286271,0.29755905
817,1773.6554,0.0,1133.4696,89.22035,0.015799664,0.0,0.5608103,0.29755735
818,1867.643,0.0,916.4283,89.22037,0.014784044,0.0,0.553431,0.2975556
819,1636.6083,0.0,1073.8198,89.220406,0.0180763,0.0,0.5469564,0.297554
820,1887.0884,0.0,1064.1624,89.2204,0.015550546,0.0,0.54812336,0.29755232
821,2445.9194,0.0,1235.8549,89.22044,0.014722755,0.0,0.5340929,0.2975484
822,1492.2417,0.0,932.5301,89.22045,0.01588456,0.0,0.5436498,0.2975447
823,1810.3042,0.0,1100.7971,89.22045,0.018143468,0.0,0.5896516,0.2975412
824,1963.3097,0.0,1243.839,89.22043,0.014816783,0.0,0.5499982,0.2975392
825,1771.8137,0.0,1146.8633,89.220406,0.019786414,0.0,0.5507068,0.29753733
826,1653.4762,0.0,1154.2172,89.22036,0.01686253,0.0,0.5945714,0.2975354
827,2168.0813,0.0,1032.0065,89.2203,0.012986263,0.0,0.5958399,0.29753357
828,1719.9303,0.0,1381.6642,89.22019,0.017934013,0.0,0.5460281,0.2975318
829,2087.514,0.0,1387.1287,89.22014,0.016635977,0.0,0.5809793,0.29753008
830,1223.0719,0.0,1296.9945,89.220116,0.016941432,0.0,0.5376772,0.29752836
831,2034.1333,0.0,1105.1512,89.22013,0.014495244,0.0,0.5560025,0.2975267
832,1699.2671,0.0,1133.0784,89.22015,0.015908074,0.0,0.5688267,0.2975251
833,1927.073,0.0,1387.9956,89.220146,0.017966494,0.0,0.56883633,0.2975242
834,1903.887,0.0,1070.298,89.220146,0.01629848,0.0,0.5667232,0.2975235
835,1886.7041,0.0,864.5888,89.22017,0.015235461,0.0,0.60759497,0.29752305
836,1361.1074,0.0,1135.4216,89.220184,0.019473463,0.0,0.5998831,0.29752263
837,2217.176,0.0,1521.0499,89.22023,0.021574622,0.0,0.5666895,0.29752228
838,1749.7896,0.0,1034.3356,89.220276,0.014471898,0.0,0.56775784,0.29752192
839,1880.4432,0.0,1044.8828,89.22038,0.018540978,0.0,0.5452757,0.2975215
840,1306.5485,0.0,1027.6566,89.22046,0.014757048,0.0,0.58483434,0.29752105
841,2187.9663,0.0,1148.5941,89.22054,0.012761778,0.0,0.5161253,0.29752055
842,1390.1549,0.0,1089.3652,89.220634,0.0152318515,0.0,0.5494871,0.29752004
843,1905.8677,0.0,1149.1674,89.22069,0.021668803,0.0,0.5348842,0.29752085
844,2137.5898,0.0,899.4348,89.2207,0.015970811,0.0,0.5389709,0.29752147
845,1568.2296,0.0,1331.9515,89.220695,0.016088132,0.0,0.5885421,0.29752192
846,1108.5604,0.0,966.02045,89.22064,0.013751085,0.0,0.5604079,0.29752222
847,3387.7249,0.0,1141.5284,89.22063,0.015601262,0.0,0.5663453,0.29752237
848,2588.2068,0.0,1092.1744,89.22061,0.01609471,0.0,0.5983956,0.2975224
849,1673.9515,0.0,1051.7766,89.22057,0.017323785,0.0,0.56802875,0.29752252
850,1167.132,0.0,1124.5458,89.22053,0.018044598,0.0,0.54995805,0.29752395
851,2419.6536,0.0,847.48047,89.2205,0.019258922,0.0,0.5895104,0.29752517
852,2033.2031,0.0,1158.5271,89.22045,0.014728388,0.0,0.5602696,0.29752633
853,1835.0975,0.0,1107.692,89.22042,0.017264372,0.0,0.55002,0.2975273
854,1654.19,0.0,1578.2085,89.22043,0.014570221,0.0,0.55914253,0.2975279
855,1390.5209,0.0,913.5393,89.22048,0.016279798,0.0,0.5673857,0.29752845
856,1453.823,0.0,1012.1259,89.220505,0.018428493,0.0,0.53878105,0.2975288
857,1576.3917,0.0,1223.0875,89.22057,0.01757878,0.0,0.54914373,0.297529
858,1512.0402,0.0,1201.0919,89.22069,0.019454237,0.0,0.5928198,0.29752907
859,1836.0144,0.0,1074.9701,89.22082,0.01735181,0.0,0.5418529,0.29753077
860,1724.2448,0.0,1450.8735,89.220955,0.016657937,0.0,0.5460222,0.29753226
861,2155.0068,0.0,861.82227,89.22108,0.014486558,0.0,0.55246747,0.29753336
862,1782.0454,0.0,1076.2305,89.22117,0.016936118,0.0,0.59853595,0.29753456
863,1591.4877,0.0,844.33905,89.22123,0.014624218,0.0,0.5739992,0.29753557
864,1990.9901,0.0,1064.5862,89.221275,0.017188476,0.0,0.5563303,0.2975363
865,1454.1434,0.0,1407.2296,89.221344,0.013148445,0.0,0.62206405,0.29753682
866,1483.3987,0.0,993.0044,89.22142,0.016451344,0.0,0.5913744,0.29753718
867,1462.5388,0.0,1091.6763,89.22157,0.021402046,0.0,0.5755555,0.29753733
868,1720.7238,0.0,1103.455,89.22172,0.016807986,0.0,0.5834204,0.29753736
869,1973.4915,0.0,1212.9102,89.22187,0.014496557,0.0,0.57783103,0.29753724
870,1300.4681,0.0,982.7004,89.222,0.016554184,0.0,0.55617845,0.29753697
871,2034.1007,0.0,1002.1372,89.222084,0.015991729,0.0,0.551105,0.2975366
872,2168.6794,0.0,1111.7909,89.22216,0.013813741,0.0,0.5708936,0.29753616
873,1613.737,0.0,1018.753,89.22226,0.017280813,0.0,0.53890526,0.2975356
874,2089.1348,0.0,988.6229,89.2223,0.013456695,0.0,0.5658181,0.2975404
875,1883.3573,0.0,942.92535,89.222336,0.015068869,0.0,0.58020365,0.29754463
876,1923.9948,0.0,1148.3065,89.222336,0.015829308,0.0,0.5934816,0.2975516
877,1537.1808,0.0,1000.4853,89.22236,0.017836224,0.0,0.5515674,0.29755786
878,2494.093,0.0,1331.8286,89.22236,0.018448096,0.0,0.572963,0.29756805
879,1915.8867,0.0,1078.2383,89.22234,0.015595539,0.0,0.5897249,0.29757726
880,2861.4578,0.0,1281.6735,89.222374,0.016124226,0.0,0.5218737,0.29758593
881,2125.267,0.0,1097.5503,89.22241,0.02029047,0.0,0.529397,0.29759365
882,2414.7078,0.0,1282.1823,89.222466,0.02096652,0.0,0.54672325,0.2976006
883,1864.1096,0.0,1145.2948,89.22251,0.016958695,0.0,0.58143395,0.29760674
884,2197.088,0.0,1254.9406,89.22254,0.01612808,0.0,0.53902876,0.29761398
885,2138.3252,0.0,1001.5367,89.22261,0.015606406,0.0,0.5499927,0.29762045
886,2017.0521,0.0,1178.8702,89.22267,0.015690662,0.0,0.54934025,0.29762614
887,2268.032,0.0,1654.7125,89.222725,0.016103374,0.0,0.5545585,0.29763117
888,1551.0089,0.0,1100.0607,89.22276,0.016169379,0.0,0.523414,0.29763553
889,1837.6155,0.0,1215.2029,89.222786,0.017246468,0.0,0.5464684,0.29763937
890,1851.3854,0.0,1364.7677,89.22282,0.018349707,0.0,0.61430705,0.29764268
891,1452.3406,0.0,1281.5046,89.22281,0.019675665,0.0,0.613617,0.29764554
892,1891.1484,0.0,883.8505,89.2228,0.02200079,0.0,0.5287055,0.29764974
893,1952.6935,0.0,1535.8505,89.222824,0.015029828,0.0,0.56991243,0.2976565
894,1730.2104,0.0,947.07605,89.22286,0.01584747,0.0,0.5786051,0.29766643
895,1552.7944,0.0,1186.9802,89.2229,0.013642767,0.0,0.5612032,0.29767546
896,1480.4662,0.0,1037.0677,89.2229,0.014630778,0.0,0.54978335,0.2976837
897,1743.4036,0.0,1324.5361,89.22292,0.0145018725,0.0,0.52392364,0.2976911
898,2361.8538,0.0,1528.5085,89.22297,0.013244823,0.0,0.5730232,0.2976978
899,1539.3486,0.0,937.62225,89.22296,0.014460037,0.0,0.5649368,0.29770386
900,1454.455,0.0,1256.1783,89.22295,0.013028862,0.0,0.54669046,0.29771137
901,1810.7083,0.0,999.10583,89.22295,0.020285731,0.0,0.62370217,0.29771814
902,1758.8386,0.0,1171.6934,89.22296,0.015757263,0.0,0.5526314,0.29772502
903,2457.1895,0.0,1206.4119,89.22294,0.014232251,0.0,0.5882343,0.2977312
904,1997.9407,0.0,1127.7563,89.22294,0.014552358,0.0,0.5399344,0.29773664
905,1846.5764,0.0,1089.1454,89.223,0.018651709,0.0,0.5926551,0.2977415
906,1689.2328,0.0,918.8923,89.223045,0.01656166,0.0,0.5549073,0.29774573
907,1556.0695,0.0,1169.3412,89.22305,0.014682651,0.0,0.5389463,0.29774943
908,1188.395,0.0,1278.0875,89.22309,0.011615194,0.0,0.5884914,0.29775268
909,1572.3867,0.0,1352.5554,89.22312,0.015268967,0.0,0.50705856,0.29775548
910,1758.8354,0.0,918.47565,89.223145,0.012954045,0.0,0.52784985,0.29775792
911,1598.912,0.0,1234.762,89.22321,0.015691675,0.0,0.60886675,0.29775995
912,2045.6016,0.0,1291.453,89.22328,0.017261075,0.0,0.5403292,0.29776153
913,1628.1199,0.0,1094.6066,89.223434,0.017604943,0.0,0.5506524,0.2977628
914,1772.812,0.0,1183.8344,89.22359,0.020159401,0.0,0.5611612,0.29776388
915,1739.9135,0.0,1173.536,89.22372,0.013967717,0.0,0.55190635,0.2977647
916,1686.8575,0.0,990.6599,89.22386,0.01763468,0.0,0.60707754,0.29776534
917,2174.68,0.0,865.0053,89.22405,0.02340357,0.0,0.57372564,0.2977678
918,1701.3643,0.0,1251.649,89.22423,0.014722604,0.0,0.53851414,0.29777
919,2378.0413,0.0,1257.0728,89.2244,0.014939075,0.0,0.5139878,0.29777193
920,2515.1167,0.0,1404.6345,89.22457,0.016888417,0.0,0.56042993,0.29777357
921,1697.5182,0.0,1411.9529,89.22473,0.015681712,0.0,0.6042129,0.29777494
922,1583.2823,0.0,1002.8342,89.2249,0.015913539,0.0,0.56627774,0.2977771
923,1757.41,0.0,1051.1727,89.22511,0.020543102,0.0,0.6196518,0.2977789
924,1540.2833,0.0,1329.5887,89.22529,0.016425893,0.0,0.6281093,0.29778042
925,2281.477,0.0,1069.8213,89.225464,0.01568625,0.0,0.56298256,0.2977817
926,1880.6764,0.0,837.81696,89.22565,0.015864931,0.0,0.5614737,0.29778272
927,1916.2714,0.0,1466.0118,89.2258,0.017347153,0.0,0.58799225,0.29778355
928,1873.1616,0.0,1243.3304,89.22595,0.015108362,0.0,0.5590838,0.29778415
929,1893.9102,0.0,1491.2726,89.226105,0.015873266,0.0,0.53156257,0.2977845
930,1879.8154,0.0,1173.5094,89.226265,0.0146689955,0.0,0.55153024,0.29778475
931,1323.5671,0.0,886.2776,89.22641,0.020989083,0.0,0.54083645,0.29778486
932,2907.9395,0.0,1184.4681,89.22654,0.016165588,0.0,0.5723998,0.29778475
933,2029.9584,0.0,1403.9857,89.22664,0.017033918,0.0,0.5753204,0.29778457
934,1807.3424,0.0,1071.9174,89.22674,0.013295038,0.0,0.53912014,0.29778427
935,2196.913,0.0,1121.0282,89.22683,0.017071027,0.0,0.5693357,0.29778388
936,1835.093,0.0,833.02954,89.22685,0.0129356,0.0,0.52694213,0.29778343
937,1670.6029,0.0,790.96234,89.226875,0.019268498,0.0,0.5379871,0.29778284
938,2308.1838,0.0,1274.489,89.226875,0.020295583,0.0,0.5763475,0.29778218
939,2155.5442,0.0,916.78906,89.22689,0.019008122,0.0,0.5386138,0.2977816
940,2084.0645,0.0,1122.9133,89.226906,0.013314279,0.0,0.53305984,0.2977809
941,1878.3549,0.0,1201.2075,89.22692,0.017881613,0.0,0.53256595,0.29778016
942,1765.2695,0.0,1201.9316,89.22693,0.01391464,0.0,0.5788309,0.29778194
943,1437.5181,0.0,1190.9329,89.22696,0.019273434,0.0,0.5370029,0.2977835
944,2298.7803,0.0,767.7395,89.226944,0.014811497,0.0,0.5222986,0.2977854
945,2230.5789,0.0,1251.4933,89.226944,0.018185545,0.0,0.5897511,0.29778713
946,1904.493,0.0,869.5131,89.226944,0.017707622,0.0,0.5717189,0.2977885
947,1867.7738,0.0,1342.2875,89.22694,0.014710411,0.0,0.570958,0.2977897
948,1354.5875,0.0,1067.0095,89.226974,0.014158882,0.0,0.54157627,0.2977906
949,1846.4993,0.0,1670.2316,89.227036,0.018077154,0.0,0.5419445,0.29779133
950,2170.9106,0.0,1172.7427,89.22707,0.015883982,0.0,0.56363934,0.2977919
951,1971.1438,0.0,946.09235,89.22712,0.0174311,0.0,0.5782809,0.2977923
952,1579.4739,0.0,1948.7378,89.22717,0.017078783,0.0,0.53763723,0.29779246
953,2434.517,0.0,1118.3053,89.22724,0.016483767,0.0,0.56016225,0.2977925
954,2318.8416,0.0,1162.8531,89.227325,0.019436333,0.0,0.5785644,0.2977924
955,1436.327,0.0,1509.2961,89.227394,0.016448595,0.0,0.5677813,0.29779217
956,1837.6578,0.0,911.64465,89.22744,0.015510119,0.0,0.5523347,0.29779178
957,1879.7875,0.0,1433.3512,89.22746,0.016901456,0.0,0.5710093,0.2977856
958,2246.6782,0.0,1085.3088,89.22753,0.014884807,0.0,0.6496579,0.29777992
959,2320.494,0.0,1701.9481,89.2276,0.018725965,0.0,0.54377055,0.29777464
960,1766.4935,0.0,1165.4523,89.22768,0.02009425,0.0,0.592417,0.2977701
961,1816.9327,0.0,1096.6866,89.22773,0.017186442,0.0,0.58698,0.2977662
962,1945.2114,0.0,1162.8289,89.22781,0.01907117,0.0,0.58704895,0.29776287
963,1623.3539,0.0,1180.6564,89.22791,0.013450582,0.0,0.6107682,0.29775906
964,1930.7822,0.0,930.6377,89.22803,0.017343206,0.0,0.58946615,0.29775563
965,1619.0255,0.0,1204.5828,89.228134,0.018718425,0.0,0.53370976,0.2977526
966,1846.2705,0.0,1320.6543,89.22823,0.014044255,0.0,0.57226884,0.2977498
967,1583.2526,0.0,1112.7843,89.22834,0.015893107,0.0,0.57282156,0.29774728
968,2149.3604,0.0,1151.713,89.22843,0.017604157,0.0,0.5742576,0.2977449
969,2387.1797,0.0,1518.4749,89.22859,0.017703695,0.0,0.6712431,0.29774272
970,1907.3538,0.0,1142.9067,89.22875,0.015090006,0.0,0.57245266,0.29774064
971,2276.721,0.0,1336.5503,89.22891,0.017776456,0.0,0.54013693,0.2977387
972,1308.8748,0.0,865.6935,89.22902,0.015124171,0.0,0.5979615,0.2977368
973,1925.9261,0.0,1112.4711,89.22921,0.014640443,0.0,0.5894548,0.297735
974,1737.0751,0.0,962.37213,89.22938,0.016034972,0.0,0.57456565,0.2977332
975,1709.6146,0.0,1340.4426,89.22953,0.015074454,0.0,0.5946978,0.29773137
976,1763.8214,0.0,1188.9205,89.22971,0.015382188,0.0,0.5182532,0.29772964
977,1399.1058,0.0,1098.5835,89.22993,0.014612386,0.0,0.6020128,0.2977279
978,1518.8359,0.0,1021.45953,89.23013,0.01665046,0.0,0.6206515,0.29772782
979,1674.7003,0.0,815.87946,89.23034,0.017540885,0.0,0.5477681,0.29772785
980,2210.6536,0.0,1226.3636,89.23054,0.014992548,0.0,0.5736573,0.297728
981,1908.8281,0.0,894.28546,89.230736,0.016272282,0.0,0.5825063,0.29772815
982,1676.9513,0.0,1202.9338,89.23092,0.014949667,0.0,0.58486485,0.29772836
983,1972.1578,0.0,1405.8456,89.23107,0.018617108,0.0,0.555941,0.29772875
984,1381.718,0.0,1029.7261,89.23119,0.016686402,0.0,0.621736,0.29772913
985,1769.599,0.0,1133.7235,89.23135,0.017434582,0.0,0.51307935,0.29772937
986,1789.665,0.0,1066.061,89.23154,0.020594254,0.0,0.5553784,0.2977295
987,1919.7112,0.0,947.2391,89.231735,0.01331196,0.0,0.54207414,0.29772958
988,2791.6052,0.0,1012.8975,89.231895,0.016768325,0.0,0.5653123,0.2977319
989,2143.1594,0.0,1113.9279,89.232056,0.019587893,0.0,0.62997335,0.29773387
990,1327.1576,0.0,910.84735,89.2322,0.015552732,0.0,0.6088946,0.2977356
991,1214.7372,0.0,1308.213,89.23234,0.017075395,0.0,0.57422733,0.2977371
992,1786.6448,0.0,1035.5557,89.23245,0.018153984,0.0,0.56286895,0.29773843
993,2329.851,0.0,1009.4547,89.23254,0.0130178705,0.0,0.5263154,0.29773954
994,1970.7026,0.0,1065.8789,89.2326,0.017253382,0.0,0.56193846,0.29773733
995,2698.3816,0.0,964.0754,89.23268,0.017593913,0.0,0.5366282,0.2977352
996,1761.327,0.0,1096.8284,89.23272,0.013808325,0.0,0.56319356,0.2977332
997,2178.3323,0.0,821.13776,89.23279,0.017801208,0.0,0.55982965,0.29773122
998,1470.8176,0.0,973.0579,89.23288,0.017556936,0.0,0.5828072,0.2977293
999,1925.7554,0.0,1140.3982,89.2329,0.016483767,0.0,0.5695313,0.29772753
1000,1764.7174,0.0,1416.2213,89.23297,0.01562402,0.0,0.5193923,0.2977258
1001,2060.815,0.0,1374.0685,89.233025,0.018719006,0.0,0.57124877,0.2977241
1002,1580.548,0.0,963.7198,89.23306,0.017649395,0.0,0.5909416,0.29771656
1003,1834.6122,0.0,1273.2396,89.233116,0.018121336,0.0,0.5582268,0.2977097
1004,1670.3093,0.0,1085.5878,89.23313,0.012777401,0.0,0.63289016,0.29770342
1005,2566.4978,0.0,1068.018,89.23314,0.01844173,0.0,0.5668615,0.29769766
1006,1799.1565,0.0,1564.0874,89.233116,0.01454094,0.0,0.5527033,0.29769227
1007,1831.2504,0.0,996.67236,89.23313,0.018265823,0.0,0.54404515,0.29768735
1008,1531.7482,0.0,1049.8463,89.23317,0.016051412,0.0,0.54006857,0.29768276
1009,2409.5854,0.0,1193.1606,89.233185,0.0206507,0.0,0.5846737,0.2976785
1010,2170.9739,0.0,879.272,89.23319,0.017203124,0.0,0.5592258,0.2976746
1011,1964.4927,0.0,1324.9576,89.23315,0.018969184,0.0,0.59057057,0.29767096
1012,2291.0388,0.0,1143.4341,89.2331,0.018402953,0.0,0.5344914,0.29766756
1013,1701.9485,0.0,1551.4019,89.23306,0.013836029,0.0,0.5585558,0.2976644
1014,1381.7369,0.0,1014.6595,89.23302,0.015603068,0.0,0.5160239,0.29766142
1015,1919.4922,0.0,1169.351,89.23299,0.01718372,0.0,0.5856813,0.29765862
1016,2205.4048,0.0,1605.4113,89.233,0.018043019,0.0,0.60043573,0.29765588
1017,2167.6814,0.0,1350.974,89.23306,0.01519084,0.0,0.57799387,0.29766
1018,2280.5208,0.0,1081.1644,89.23308,0.015705455,0.0,0.5603545,0.2976636
1019,1745.3214,0.0,1013.1342,89.233116,0.017326433,0.0,0.58111286,0.2976669
1020,1911.5195,0.0,958.6638,89.233154,0.01513813,0.0,0.57267165,0.29766983
1021,2368.2126,0.0,1315.8665,89.23317,0.016580595,0.0,0.55049896,0.29767224
1022,1621.5703,0.0,1073.7119,89.23321,0.01727401,0.0,0.5937618,0.29767436
1023,2392.7942,0.0,873.1054,89.23322,0.016611189,0.0,0.52841616,0.2976798
1024,1815.3285,0.0,1266.942,89.23324,0.014003294,0.0,0.5675727,0.2976847
1025,1920.3088,0.0,1315.5986,89.233246,0.013432607,0.0,0.48051232,0.29768905
1026,1695.8844,0.0,1091.1538,89.2333,0.016542088,0.0,0.5673783,0.2976929
1027,1714.6353,0.0,1110.7705,89.23335,0.019010317,0.0,0.58212435,0.2976963
1028,2002.8336,0.0,1245.2961,89.23344,0.014032064,0.0,0.56762344,0.2976992
1029,1189.693,0.0,1488.6398,89.2335,0.011979898,0.0,0.5749258,0.29770184
1030,1658.2979,0.0,1426.3157,89.23354,0.013924583,0.0,0.52790964,0.29769525
1031,1690.7383,0.0,1067.8154,89.23351,0.017423168,0.0,0.5818069,0.29768932
1032,1626.4883,0.0,1075.848,89.2335,0.017185548,0.0,0.5619707,0.29768384
1033,2084.7437,0.0,1509.159,89.23342,0.013521793,0.0,0.5511822,0.29767883
1034,2019.0958,0.0,1139.9242,89.23333,0.020730827,0.0,0.55140036,0.29767433
1035,1697.2307,0.0,962.4938,89.233284,0.015097739,0.0,0.56168365,0.29767013
1036,2344.6414,0.0,1491.0627,89.23325,0.01664294,0.0,0.5926132,0.29766622
1037,1931.9377,0.0,1212.7141,89.2332,0.017555013,0.0,0.5852604,0.29766265
1038,1434.5281,0.0,1136.9614,89.23321,0.016520992,0.0,0.5975283,0.29765934
1039,1808.6873,0.0,955.34625,89.233215,0.014836739,0.0,0.55830276,0.29765615
1040,1657.5251,0.0,1041.0131,89.233246,0.01521158,0.0,0.5480491,0.29765323
1041,1957.9604,0.0,1279.7075,89.23325,0.015209722,0.0,0.56941247,0.29765046
1042,1993.2688,0.0,1011.3203,89.2333,0.017051693,0.0,0.63353777,0.29764783
1043,2396.4016,0.0,984.22174,89.23336,0.012765325,0.0,0.55780005,0.29764533
1044,1372.5045,0.0,1223.6377,89.23345,0.016946008,0.0,0.5880548,0.29764056
1045,1984.7247,0.0,1231.7902,89.2335,0.013151462,0.0,0.5967243,0.29768232
1046,2037.798,0.0,896.4861,89.23355,0.014101191,0.0,0.5646919,0.29772106
1047,1437.457,0.0,1267.4441,89.233604,0.01638649,0.0,0.59943247,0.29775688
1048,2024.0234,0.0,1106.2985,89.23369,0.017436933,0.0,0.532264,0.29778993
1049,1944.0503,0.0,1387.7552,89.23374,0.0133918775,0.0,0.5752424,0.29782036
1050,1253.2661,0.0,1254.8966,89.23386,0.019655451,0.0,0.5603579,0.29784817
1051,1417.4034,0.0,844.7535,89.2339,0.016245406,0.0,0.5376345,0.2978736
1052,1984.2513,0.0,962.71735,89.23401,0.014533038,0.0,0.5290102,0.29789662
1053,1451.4501,0.0,868.33984,89.23414,0.016234394,0.0,0.5636815,0.2979179
1054,1707.4816,0.0,1149.588,89.23427,0.018694926,0.0,0.5984365,0.2979372
1055,2022.8998,0.0,1080.6393,89.234436,0.017926693,0.0,0.58569735,0.29795468
1056,1944.6531,0.0,1106.7047,89.23458,0.015720772,0.0,0.62276244,0.29797038
1057,1671.5983,0.0,1069.5852,89.23475,0.018819964,0.0,0.5638587,0.29798457
1058,2234.6062,0.0,1287.1577,89.23486,0.017373497,0.0,0.5131607,0.29799733
1059,2182.005,0.0,994.0087,89.23496,0.018009804,0.0,0.5637603,0.29800883
1060,1592.006,0.0,1144.0292,89.235054,0.017963229,0.0,0.5377214,0.29802135
1061,1919.5948,0.0,935.27985,89.235176,0.019688759,0.0,0.60378337,0.29803258
1062,1647.212,0.0,1512.6149,89.23524,0.01601354,0.0,0.54360265,0.2980427
1063,1626.5753,0.0,1390.718,89.235245,0.0145917935,0.0,0.56864357,0.29805174
1064,1771.9391,0.0,1041.8593,89.23526,0.017482063,0.0,0.5404047,0.2980598
1065,1545.7787,0.0,1004.4583,89.23526,0.015224147,0.0,0.57261026,0.29806703
1066,2402.521,0.0,1138.2698,89.2353,0.015312123,0.0,0.5612216,0.29807347
1067,2486.2412,0.0,1128.6609,89.235306,0.017629568,0.0,0.5691755,0.2980792
1068,2442.9065,0.0,1004.994,89.23531,0.018849343,0.0,0.6108495,0.29808423
1069,1821.0187,0.0,1400.5968,89.23533,0.019585345,0.0,0.5448279,0.29808867
1070,1335.3322,0.0,1540.8276,89.23533,0.018246725,0.0,0.6300609,0.29809257
1071,2160.6375,0.0,1070.6495,89.235306,0.01344949,0.0,0.56038564,0.29809603
1072,1871.9835,0.0,1553.0653,89.2354,0.017129522,0.0,0.55692786,0.298099
1073,2104.1956,0.0,1109.5535,89.23547,0.013456956,0.0,0.54550046,0.2981016
1074,1774.0571,0.0,921.22723,89.235596,0.012610739,0.0,0.5241494,0.2981038
1075,2136.9917,0.0,1050.4497,89.23571,0.013544939,0.0,0.52867305,0.29810536
1076,1392.0533,0.0,1448.0052,89.23583,0.015063064,0.0,0.55773807,0.29810667
1077,2366.5374,0.0,903.9566,89.23596,0.01866968,0.0,0.58562684,0.2981077
1078,1652.7125,0.0,946.18304,89.23606,0.01600116,0.0,0.5664155,0.29810852
1079,1643.7343,0.0,985.76404,89.236145,0.01665508,0.0,0.57055,0.2981091
1080,1974.157,0.0,914.1838,89.23625,0.014460808,0.0,0.58427304,0.29811615
1081,2746.8318,0.0,1195.9614,89.23636,0.018178273,0.0,0.56506985,0.2981277
1082,2034.6172,0.0,1267.2091,89.23646,0.022509411,0.0,0.55935764,0.2981383
1083,1608.953,0.0,1016.09924,89.23654,0.014260173,0.0,0.609648,0.29814792
1084,1634.9918,0.0,1008.72034,89.236626,0.016966356,0.0,0.5638643,0.29815656
1085,1344.5333,0.0,1094.0641,89.236725,0.015247025,0.0,0.57177687,0.29816437
1086,2023.0388,0.0,1312.2435,89.23678,0.019184038,0.0,0.57457185,0.2981705
1087,2228.476,0.0,969.4159,89.23687,0.018721443,0.0,0.56818527,0.29817605
1088,2120.0928,0.0,1507.2843,89.2369,0.019142171,0.0,0.5225215,0.298181
1089,2070.9705,0.0,834.34467,89.236984,0.018398173,0.0,0.5728034,0.29818532
1090,2545.9473,0.0,865.31824,89.23711,0.016783489,0.0,0.58248156,0.29818922
1091,1421.4047,0.0,1248.7375,89.237236,0.020116378,0.0,0.6002581,0.29819262
1092,2087.587,0.0,1495.4115,89.23733,0.016876623,0.0,0.61220026,0.2981956
1093,1785.5818,0.0,922.9833,89.23746,0.019391008,0.0,0.5818431,0.29819816
1094,2215.9043,0.0,1175.6725,89.23761,0.01870746,0.0,0.59772074,0.2982004
1095,1498.5812,0.0,1205.9633,89.23767,0.01858684,0.0,0.5440947,0.29820234
1096,2782.7297,0.0,1148.0481,89.23777,0.015540538,0.0,0.5775708,0.29820395
1097,2228.5447,0.0,1116.0812,89.23785,0.020238841,0.0,0.5929779,0.2982068
1098,1365.131,0.0,944.3712,89.23792,0.017600952,0.0,0.5771512,0.29820934
1099,2527.1682,0.0,1123.4221,89.23796,0.01923409,0.0,0.5648855,0.29821151
1100,2717.7085,0.0,1228.3291,89.23799,0.01706088,0.0,0.51292646,0.29821333
1101,2034.576,0.0,960.2034,89.2381,0.017018951,0.0,0.6223656,0.29821482
1102,1732.0801,0.0,1228.8359,89.23822,0.01411812,0.0,0.53995186,0.2982161
1103,1204.2374,0.0,1125.3496,89.23836,0.01932595,0.0,0.5886563,0.29821712
1104,1856.7252,0.0,1472.409,89.23848,0.014916628,0.0,0.5520188,0.29821792
1105,1279.4352,0.0,1145.1722,89.23854,0.014309904,0.0,0.5365442,0.29821858
1106,2250.9058,0.0,1011.89075,89.238594,0.013318697,0.0,0.5379509,0.29822028
1107,1325.0776,0.0,1531.9359,89.23867,0.016678803,0.0,0.5748421,0.29822183
1108,1939.9935,0.0,1184.1344,89.238754,0.022069698,0.0,0.57120097,0.29822323
1109,1809.2257,0.0,1137.556,89.238815,0.014695495,0.0,0.5440974,0.29822445
1110,1814.514,0.0,1049.5529,89.23887,0.021396834,0.0,0.54784554,0.2982254
1111,1855.3041,0.0,1377.7635,89.23896,0.01497067,0.0,0.5781035,0.2982263
1112,1879.3846,0.0,1187.4292,89.23899,0.018267391,0.0,0.577124,0.29822698
1113,1641.9589,0.0,1187.8192,89.23902,0.01936195,0.0,0.56040096,0.29822752
1114,1583.1503,0.0,1030.7909,89.239044,0.016444515,0.0,0.58848655,0.29822794
1115,1389.6808,0.0,1171.9774,89.23905,0.017407957,0.0,0.6074879,0.2982282
1116,2421.0923,0.0,1223.7229,89.23904,0.015381312,0.0,0.56633204,0.29822835
1117,1811.8727,0.0,1443.1365,89.23902,0.017525507,0.0,0.568662,0.29822832
1118,1793.6368,0.0,1426.77,89.23904,0.01408755,0.0,0.5662865,0.29822826
1119,1667.2687,0.0,1284.9908,89.23905,0.014767225,0.0,0.5850433,0.29822806
1120,1932.8977,0.0,1081.5524,89.2391,0.014324063,0.0,0.61919934,0.2982211
1121,1822.199,0.0,1586.1075,89.23918,0.02159286,0.0,0.5636383,0.2982148
1122,2287.217,0.0,946.1598,89.23924,0.017862992,0.0,0.5224896,0.29820907
1123,1800.0851,0.0,1161.8844,89.23932,0.017771348,0.0,0.56656015,0.29820395
1124,2121.5278,0.0,1091.8008,89.23938,0.017081771,0.0,0.57046866,0.29819918
1125,1250.1833,0.0,1089.3042,89.23941,0.017719489,0.0,0.57182133,0.29819483
1126,2044.9545,0.0,1142.7383,89.239456,0.019046258,0.0,0.6002125,0.29819268
1127,1264.5109,0.0,1278.8628,89.23956,0.013026593,0.0,0.5452739,0.29819053
1128,2025.7592,0.0,771.34406,89.23966,0.015766539,0.0,0.5238437,0.29818848
1129,1959.6758,0.0,968.0923,89.239784,0.017670102,0.0,0.5954652,0.29818654
1130,2107.4248,0.0,1258.1034,89.23993,0.01514494,0.0,0.5853538,0.29818466
1131,1482.0958,0.0,1216.0387,89.24013,0.013421565,0.0,0.577775,0.2981829
1132,2292.2512,0.0,1558.2191,89.24031,0.017386695,0.0,0.5920774,0.29818124
1133,1375.6093,0.0,1338.0568,89.2404,0.014452627,0.0,0.56400573,0.29817963
1134,1510.6976,0.0,1277.0988,89.240425,0.018079996,0.0,0.5931057,0.29817805
1135,1391.5525,0.0,1129.3429,89.240425,0.014548913,0.0,0.5640822,0.2981765
1136,1654.9862,0.0,1491.2798,89.240425,0.019601572,0.0,0.54974353,0.29817498
1137,2141.8875,0.0,1041.1836,89.24044,0.013570655,0.0,0.5812564,0.29817352
1138,1804.3079,0.0,1137.8518,89.240456,0.02132237,0.0,0.60811275,0.2981721
1139,1967.9736,0.0,1557.0112,89.24052,0.01347862,0.0,0.55407894,0.2981707
1140,1706.2114,0.0,1176.2316,89.24053,0.0139455,0.0,0.61391383,0.2981693
1141,1710.5754,0.0,1273.7396,89.24057,0.015097089,0.0,0.56715274,0.2981679
1142,1903.5831,0.0,1359.25,89.24068,0.013511976,0.0,0.5328759,0.29816654
1143,1620.1738,0.0,1816.17,89.24075,0.01429365,0.0,0.5550859,0.29816526
1144,2418.4863,0.0,1296.379,89.2408,0.015659004,0.0,0.5700792,0.29816395
1145,1536.9352,0.0,1376.3137,89.2408,0.016589494,0.0,0.5666363,0.29816267
1146,1959.6873,0.0,1143.8391,89.24079,0.019288955,0.0,0.5947478,0.2981614
1147,1680.4424,0.0,1089.1538,89.24082,0.0144423125,0.0,0.59477043,0.2981601
1148,1666.9966,0.0,1146.7047,89.24082,0.01543214,0.0,0.5452531,0.2981588
1149,1423.9355,0.0,982.03723,89.24092,0.013551745,0.0,0.5870787,0.2981575
1150,2302.6865,0.0,1573.9158,89.241,0.017366787,0.0,0.5455804,0.29815626
1151,1739.5193,0.0,1103.448,89.24104,0.020301554,0.0,0.53144664,0.29815468
1152,1780.9197,0.0,870.0748,89.2411,0.018790878,0.0,0.5342651,0.29815307
1153,1883.9042,0.0,887.5169,89.24115,0.013266597,0.0,0.5587454,0.2981515
1154,1978.6765,0.0,1325.3674,89.241196,0.01165304,0.0,0.60361,0.29814994
1155,2113.079,0.0,1183.4596,89.24122,0.014776932,0.0,0.58391273,0.29814842
1156,1857.0911,0.0,1170.0057,89.24122,0.014569569,0.0,0.50114685,0.29814693
1157,1969.7452,0.0,912.00653,89.24121,0.016157605,0.0,0.5825869,0.29814547
1158,1881.6921,0.0,1210.512,89.24115,0.015025292,0.0,0.5502722,0.29814404
1159,2497.0432,0.0,1352.4685,89.24115,0.013562713,0.0,0.5854084,0.29814264
1160,1965.1807,0.0,950.90533,89.24117,0.0151313245,0.0,0.59486955,0.29814118
1161,2012.8295,0.0,977.3766,89.24125,0.018300345,0.0,0.6338519,0.2981422
1162,1886.8313,0.0,1215.0776,89.24137,0.021432474,0.0,0.5280432,0.29814297
1163,1989.6705,0.0,1193.8304,89.2415,0.012202982,0.0,0.56179607,0.29814526
1164,1522.3063,0.0,1044.3412,89.24165,0.018440114,0.0,0.59096825,0.29814726
1165,1851.8702,0.0,1072.4474,89.24175,0.016375024,0.0,0.56782436,0.29814893
1166,1690.8539,0.0,1069.5754,89.24185,0.01627311,0.0,0.523993,0.2981504
1167,2040.0101,0.0,1381.5446,89.24193,0.017399643,0.0,0.57971925,0.29815158
1168,2211.3567,0.0,1143.123,89.241974,0.015642427,0.0,0.60380214,0.29815254
1169,2189.5542,0.0,1169.102,89.241974,0.014216138,0.0,0.5429716,0.29815322
1170,2484.3052,0.0,1359.5173,89.24196,0.014629937,0.0,0.57484925,0.2981538
1171,1673.1218,0.0,1066.4503,89.241875,0.0166164,0.0,0.5474736,0.29815418
1172,1464.1611,0.0,996.0191,89.24179,0.014460314,0.0,0.5865114,0.2981544
1173,3075.8047,0.0,994.3195,89.241714,0.014107982,0.0,0.5664773,0.29815447
1174,1468.344,0.0,1235.8745,89.24162,0.014654982,0.0,0.55112624,0.29815444
1175,1750.9316,0.0,1447.0482,89.241516,0.015737081,0.0,0.56691647,0.2981543
1176,1331.9208,0.0,1160.7815,89.241356,0.017917437,0.0,0.5641528,0.29815403
1177,2546.0574,0.0,1052.0172,89.24128,0.016286157,0.0,0.5394906,0.29815367
1178,2166.6125,0.0,1233.8716,89.24115,0.015671998,0.0,0.56754065,0.29815328
1179,1299.6443,0.0,1087.046,89.24104,0.0182167,0.0,0.60645765,0.29815274
1180,1873.6906,0.0,1100.0408,89.241005,0.015831143,0.0,0.5599672,0.29815206
1181,2883.1218,0.0,963.73737,89.24098,0.015870914,0.0,0.54032516,0.29815134
1182,1495.7094,0.0,1149.1222,89.24096,0.014769845,0.0,0.59502137,0.2981491
1183,1838.5247,0.0,1528.6371,89.24096,0.015128799,0.0,0.58926296,0.298147
1184,1967.9908,0.0,1067.2675,89.241104,0.018192023,0.0,0.51505655,0.29814488
1185,1494.4773,0.0,1015.5501,89.24124,0.018235741,0.0,0.5811757,0.29814297
1186,1523.6903,0.0,1157.1134,89.241356,0.013977403,0.0,0.5653033,0.29814106
1187,1990.4487,0.0,1460.7026,89.2415,0.014757816,0.0,0.5156646,0.29814535
1188,1597.334,0.0,1224.7687,89.24164,0.015077646,0.0,0.54017144,0.29814917
1189,2242.546,0.0,1424.0994,89.24177,0.018356688,0.0,0.62057275,0.29815257
1190,1537.9757,0.0,935.39417,89.241875,0.016395852,0.0,0.5374247,0.29815552
1191,1328.7335,0.0,1252.298,89.24201,0.020553797,0.0,0.6021333,0.29815802
1192,1572.8678,0.0,1425.1183,89.24209,0.015240571,0.0,0.56090087,0.2981602
1193,1913.5248,0.0,1122.0022,89.24214,0.017872108,0.0,0.54498833,0.29816365
1194,2110.9338,0.0,1135.9534,89.24226,0.018021714,0.0,0.5706227,0.29816666
1195,1912.9604,0.0,1449.6108,89.242386,0.01937683,0.0,0.57832694,0.2981693
1196,2266.8801,0.0,842.9228,89.242584,0.015991302,0.0,0.5654302,0.29817152
1197,1918.8287,0.0,1010.7594,89.24277,0.018528286,0.0,0.6045488,0.29817346
1198,1964.0841,0.0,1081.1261,89.242935,0.014836176,0.0,0.54129285,0.2981751
1199,1416.1512,0.0,1237.0226,89.24307,0.015215939,0.0,0.5495963,0.29817647
1200,1622.9581,0.0,1244.3573,89.243195,0.016766082,0.0,0.5310287,0.29817757
1201,1837.4385,0.0,1248.5972,89.2433,0.013042919,0.0,0.578477,0.29817843
1202,1892.5441,0.0,1110.2017,89.24333,0.015308058,0.0,0.5477833,0.29817912
1203,1662.4785,0.0,1508.2748,89.243385,0.015378647,0.0,0.5484556,0.29817963
1204,1575.3604,0.0,982.5355,89.24345,0.015652899,0.0,0.58205795,0.29817998
1205,1467.8772,0.0,1273.2284,89.24349,0.017855642,0.0,0.6078897,0.29818013
1206,1787.5106,0.0,888.2991,89.24354,0.017500252,0.0,0.54497755,0.29818022
1207,1834.3021,0.0,1086.2902,89.24358,0.015889868,0.0,0.5919938,0.29818013
1208,1717.6407,0.0,1230.5635,89.243675,0.017347947,0.0,0.55364835,0.2981799
1209,2088.6807,0.0,1147.3197,89.243774,0.017539933,0.0,0.6230523,0.29817963
1210,1618.8146,0.0,1002.1772,89.24393,0.017500969,0.0,0.5690903,0.29817903
1211,1939.2661,0.0,1002.76587,89.24404,0.01582433,0.0,0.60856086,0.29817706
1212,2296.523,0.0,1143.0746,89.244125,0.017149879,0.0,0.57554126,0.2981752
1213,1553.9485,0.0,1247.9274,89.244225,0.01821969,0.0,0.54452515,0.29817337
1214,2056.3645,0.0,1280.5331,89.244316,0.017656423,0.0,0.5647539,0.29817167
1215,2156.051,0.0,1305.7247,89.24439,0.01953546,0.0,0.5327793,0.29817
1216,1925.1459,0.0,1394.9419,89.244484,0.01773208,0.0,0.5400257,0.29816812
1217,2309.0396,0.0,972.4646,89.2446,0.013470805,0.0,0.5399075,0.29816628
1218,2368.58,0.0,1075.6677,89.244675,0.014104369,0.0,0.6052102,0.29816455
1219,1812.1082,0.0,804.7867,89.24478,0.016272299,0.0,0.5772893,0.2981628
1220,1978.2445,0.0,1263.6992,89.24487,0.014289834,0.0,0.6120214,0.29816112
1221,1868.5149,0.0,930.5325,89.24501,0.017729087,0.0,0.547141,0.29815954
1222,1945.0239,0.0,1202.7137,89.24519,0.015938273,0.0,0.57069993,0.29815796
1223,1540.7661,0.0,1179.2335,89.24531,0.017186303,0.0,0.5699172,0.29815817
1224,1481.1942,0.0,1096.4166,89.2454,0.018652946,0.0,0.60034764,0.2981582
1225,1944.4619,0.0,1220.7308,89.24546,0.011539365,0.0,0.56850153,0.29815817
1226,1992.3328,0.0,1075.2097,89.24548,0.015852528,0.0,0.57251453,0.298158
1227,1499.7893,0.0,1688.439,89.24555,0.015621106,0.0,0.5866077,0.29815766
1228,1716.6803,0.0,1218.7432,89.24559,0.017846445,0.0,0.55498314,0.29815727
1229,1715.9723,0.0,1201.3041,89.245636,0.017440064,0.0,0.5659368,0.2981569
1230,2616.0608,0.0,1431.7075,89.245674,0.013441544,0.0,0.5369074,0.2981563
1231,1996.594,0.0,894.0879,89.245735,0.016501827,0.0,0.6096328,0.29815575
1232,2480.8105,0.0,1165.2849,89.245804,0.016845118,0.0,0.61353576,0.2981551
1233,2407.0894,0.0,1349.6589,89.245926,0.017357256,0.0,0.5607444,0.29815438
1234,1590.9877,0.0,1422.9518,89.24604,0.018149566,0.0,0.535043,0.2981536
1235,1999.6245,0.0,1055.7974,89.24618,0.015751297,0.0,0.5852063,0.29815283
1236,2153.6406,0.0,1625.4316,89.24626,0.017501457,0.0,0.5556654,0.29814196
1237,1812.6342,0.0,1285.4457,89.24634,0.017070886,0.0,0.5974268,0.29813224
1238,2097.5037,0.0,940.6133,89.24641,0.017423205,0.0,0.54957753,0.29812357
1239,1751.9644,0.0,1117.1464,89.246414,0.015021997,0.0,0.5950181,0.2981157
1240,1677.2672,0.0,1249.1263,89.24639,0.016700558,0.0,0.5946355,0.29810864
1241,2083.5999,0.0,1122.4307,89.24635,0.019774817,0.0,0.56979483,0.2981022
1242,1400.6278,0.0,1342.1897,89.24632,0.018863128,0.0,0.5912106,0.2980964
1243,1323.6241,0.0,1008.7215,89.24634,0.014310393,0.0,0.5651721,0.29809105
1244,1264.8821,0.0,970.76526,89.24639,0.016200095,0.0,0.53679097,0.29808626
1245,1727.0627,0.0,1298.4762,89.246414,0.018389052,0.0,0.57005113,0.29808176
1246,1969.9008,0.0,1220.1427,89.246414,0.015232521,0.0,0.6245696,0.29807785
1247,2138.8318,0.0,1245.7577,89.24641,0.019666512,0.0,0.5769309,0.29807425
1248,2008.9366,0.0,1135.5894,89.24647,0.013958319,0.0,0.5938047,0.2980709
1249,1630.218,0.0,884.4709,89.24656,0.015752666,0.0,0.5758741,0.2980678
1250,1959.79,0.0,1031.6868,89.246666,0.017429514,0.0,0.5952408,0.29806304
1251,1023.3934,0.0,973.34033,89.2468,0.019330347,0.0,0.59585565,0.29805866
1252,2187.3345,0.0,1055.6027,89.24694,0.016795367,0.0,0.62635934,0.29805464
1253,2086.2214,0.0,887.5793,89.247086,0.015344942,0.0,0.54723614,0.2980509
1254,2104.2173,0.0,1205.5543,89.24725,0.019545833,0.0,0.60608363,0.29804745
1255,2060.2583,0.0,1421.5282,89.24739,0.021954019,0.0,0.57074535,0.29804423
1256,1516.162,0.0,963.6984,89.24747,0.014653213,0.0,0.5670576,0.29804128
1257,2033.227,0.0,1015.0044,89.24755,0.017969996,0.0,0.5619974,0.29803845
1258,2045.9191,0.0,955.0533,89.24761,0.019227987,0.0,0.5338842,0.29803583
1259,1341.2578,0.0,982.8613,89.24767,0.017370727,0.0,0.5705724,0.29803333
1260,2125.218,0.0,1114.9667,89.24777,0.014571657,0.0,0.5797255,0.29803097
1261,1696.0211,0.0,1154.0483,89.24784,0.017215058,0.0,0.5786528,0.2980287
1262,2015.1172,0.0,1171.8063,89.2479,0.017035395,0.0,0.61236864,0.29802656
1263,1479.9258,0.0,1269.6901,89.24794,0.015363192,0.0,0.62371075,0.29802454
1264,1393.6764,0.0,925.1666,89.24797,0.01868139,0.0,0.5734689,0.29802257
1265,2003.457,0.0,980.19934,89.24796,0.019671902,0.0,0.55894893,0.2980179
1266,1717.2242,0.0,943.9753,89.24792,0.019806135,0.0,0.5765595,0.2980136
1267,1784.3016,0.0,1007.5241,89.24785,0.018180322,0.0,0.5635737,0.29800963
1268,1865.5237,0.0,994.7147,89.24783,0.015741829,0.0,0.55229384,0.29800603
1269,1693.5494,0.0,1185.9955,89.24781,0.014742839,0.0,0.60927415,0.29800192
1270,1523.9619,0.0,913.46783,89.24779,0.015813328,0.0,0.5558276,0.29799816
1271,2118.2761,0.0,959.2076,89.24776,0.014139287,0.0,0.5527252,0.29799467
1272,1488.2122,0.0,1293.3639,89.247665,0.01439544,0.0,0.5844978,0.29799148
1273,2163.9165,0.0,1127.0604,89.24762,0.017441738,0.0,0.57023805,0.29798847
1274,1602.008,0.0,963.22675,89.24754,0.014898406,0.0,0.56339324,0.29798564
1275,1275.4708,0.0,998.59235,89.24746,0.015277989,0.0,0.5711917,0.297983
1276,1628.9937,0.0,1189.8759,89.24736,0.016761512,0.0,0.5516375,0.2979792
1277,2158.2285,0.0,1154.5265,89.24725,0.020913778,0.0,0.53905267,0.2979756
1278,1786.4775,0.0,983.17084,89.24717,0.01400284,0.0,0.5738764,0.29797187
1279,2388.3704,0.0,1269.9824,89.247055,0.016563643,0.0,0.57000226,0.29796848
1280,1494.958,0.0,996.86053,89.247025,0.018660434,0.0,0.6030844,0.29796526
1281,2092.6816,0.0,1250.5234,89.24699,0.013374738,0.0,0.57386327,0.29796228
1282,2148.567,0.0,1326.9703,89.24697,0.017388564,0.0,0.57917905,0.2979595
1283,1785.8947,0.0,1021.5811,89.24694,0.014586317,0.0,0.57113385,0.2979569
1284,1697.977,0.0,1107.3755,89.24694,0.015962247,0.0,0.5509821,0.29795444
1285,1856.3743,0.0,967.0402,89.24703,0.01926744,0.0,0.5597917,0.2979522
1286,1258.4766,0.0,1169.979,89.24717,0.013303636,0.0,0.5798322,0.29794997
1287,2202.3433,0.0,1525.6499,89.24725,0.016361794,0.0,0.54113436,0.2979479
1288,1411.4846,0.0,1195.6531,89.2473,0.017636089,0.0,0.579597,0.29794592
1289,1399.0946,0.0,1314.2463,89.24739,0.015897688,0.0,0.58498156,0.297944
1290,1625.8892,0.0,1501.5106,89.24744,0.018078249,0.0,0.5623661,0.29794216
1291,1881.1083,0.0,1246.5015,89.24752,0.015049471,0.0,0.568634,0.29794046
1292,1505.5574,0.0,1068.0278,89.24755,0.0155515615,0.0,0.62940305,0.2979387
1293,1862.9038,0.0,837.92914,89.2476,0.012623268,0.0,0.5339877,0.29793707
1294,2318.216,0.0,1057.332,89.24765,0.014434686,0.0,0.56427664,0.29793546
1295,1469.8804,0.0,1391.9341,89.247734,0.019521367,0.0,0.54624474,0.29793385
1296,1473.7567,0.0,1059.1361,89.247856,0.014959492,0.0,0.59930444,0.29793233
1297,1669.4271,0.0,978.16223,89.24793,0.016776837,0.0,0.56937486,0.29793084
1298,1674.2156,0.0,1576.5525,89.248024,0.013937086,0.0,0.5636336,0.29792935
1299,1647.8058,0.0,1134.6414,89.24814,0.016602136,0.0,0.56485486,0.2979279
1300,1923.7887,0.0,1005.8501,89.24818,0.021476597,0.0,0.59046066,0.29792646
1301,1975.6224,0.0,1045.8044,89.24823,0.013994066,0.0,0.5764245,0.29792506
1302,1744.596,0.0,1060.6984,89.24824,0.014553587,0.0,0.5630722,0.29792362
1303,1935.486,0.0,1264.5032,89.24826,0.017059626,0.0,0.5726715,0.29792136
1304,2209.588,0.0,1005.7269,89.248276,0.0179989,0.0,0.5792565,0.29791912
1305,1813.1566,0.0,1132.4332,89.24829,0.016580109,0.0,0.5717785,0.29791698
1306,1921.8021,0.0,1181.8464,89.24831,0.013957217,0.0,0.5519731,0.29791492
1307,1915.2534,0.0,1255.1631,89.24834,0.01380125,0.0,0.5678329,0.29791299
1308,1898.117,0.0,925.1113,89.2484,0.018455902,0.0,0.61461365,0.2979111
1309,2479.8267,0.0,1749.8842,89.24847,0.014235886,0.0,0.59160763,0.29790923
1310,1570.6412,0.0,988.24286,89.24853,0.0148426015,0.0,0.5965472,0.29790744
1311,1701.492,0.0,1245.7416,89.24861,0.014349415,0.0,0.553627,0.29790574
1312,1856.1809,0.0,993.34894,89.24874,0.016762733,0.0,0.6007217,0.29790404
1313,1965.9503,0.0,1226.8705,89.248886,0.013915549,0.0,0.5967822,0.29790244
1314,2663.046,0.0,1364.85,89.248924,0.014679926,0.0,0.56998116,0.29790342
1315,1462.0046,0.0,1029.5981,89.24892,0.013931173,0.0,0.5532145,0.29790425
1316,1506.3658,0.0,965.2437,89.248924,0.013261557,0.0,0.5385782,0.29790488
1317,1908.0951,0.0,1072.7468,89.24898,0.016077591,0.0,0.55165434,0.29790542
1318,1242.4111,0.0,1152.4926,89.24899,0.01514199,0.0,0.62247646,0.29790577
1319,1909.6406,0.0,1095.7089,89.24902,0.016231796,0.0,0.56832945,0.29790547
1320,1460.7753,0.0,1257.0674,89.24903,0.016428616,0.0,0.5864326,0.29790515
1321,2271.5256,0.0,1295.2668,89.24906,0.0149010895,0.0,0.58448815,0.29790795
1322,1627.9307,0.0,862.43353,89.24908,0.015824562,0.0,0.60674345,0.29791027
1323,1939.671,0.0,1110.0304,89.24911,0.018490918,0.0,0.53726524,0.2979123
1324,1452.0681,0.0,1037.4336,89.24912,0.018024446,0.0,0.5344471,0.29791397
1325,1905.7651,0.0,1216.0718,89.24914,0.015307946,0.0,0.60218906,0.2979154
1326,2020.6464,0.0,1393.2408,89.249115,0.013384855,0.0,0.54897064,0.2979166
1327,1702.4825,0.0,1107.2606,89.24912,0.018672284,0.0,0.5699104,0.29791752
1328,1880.9591,0.0,1321.5363,89.24918,0.013406697,0.0,0.5856919,0.29791826
1329,2321.573,0.0,1018.13214,89.24923,0.013673587,0.0,0.59080994,0.29791883
1330,1395.0956,0.0,1357.5734,89.2493,0.011439334,0.0,0.57863665,0.29791608
1331,2055.421,0.0,1156.587,89.24939,0.014997778,0.0,0.57957894,0.29791373
1332,2120.9124,0.0,984.7281,89.24943,0.011960931,0.0,0.56135356,0.29791176
1333,1931.6864,0.0,1768.5281,89.24947,0.0152111305,0.0,0.4961238,0.2979098
1334,2311.7937,0.0,1125.9736,89.24954,0.013049021,0.0,0.56613845,0.29790795
1335,1391.1227,0.0,1341.6521,89.24965,0.020017816,0.0,0.588496,0.2979062
1336,1557.0432,0.0,1175.9996,89.24976,0.016573295,0.0,0.5707821,0.29790446
1337,1944.8309,0.0,1210.0853,89.24984,0.01299125,0.0,0.6256856,0.29790276
1338,2442.9412,0.0,955.14716,89.24995,0.01514343,0.0,0.5441566,0.29790115
1339,2091.2993,0.0,893.11755,89.25002,0.017033067,0.0,0.5145284,0.29790056
1340,1948.6521,0.0,1170.577,89.25009,0.01700215,0.0,0.60697,0.29790002
1341,1957.8263,0.0,1497.6865,89.250175,0.02151407,0.0,0.559101,0.29789937
1342,1847.5201,0.0,1003.6599,89.25022,0.014246355,0.0,0.5724299,0.29789865
1343,2606.7964,0.0,1007.28674,89.250275,0.01403448,0.0,0.559229,0.29789788
1344,2711.2634,0.0,1069.1244,89.25036,0.015549896,0.0,0.56006885,0.29789707
1345,2340.3577,0.0,1292.3346,89.25039,0.014159663,0.0,0.56806505,0.29789624
1346,2076.2568,0.0,1122.4789,89.250435,0.014806146,0.0,0.5353878,0.29789534
1347,1941.5085,0.0,1235.727,89.25048,0.015870618,0.0,0.58110523,0.2978944
1348,1890.9493,0.0,1418.2075,89.25053,0.016530035,0.0,0.5673293,0.2978934
1349,2351.7427,0.0,1172.668,89.25056,0.013137109,0.0,0.558573,0.2978925
1350,1825.1147,0.0,848.70355,89.25058,0.014299989,0.0,0.57984066,0.2978916
1351,1802.8842,0.0,1009.9443,89.25066,0.015466329,0.0,0.57700944,0.29789057
1352,1976.136,0.0,1111.1128,89.250725,0.017311724,0.0,0.5437279,0.29788962
1353,2124.0098,0.0,1102.6959,89.25079,0.01703403,0.0,0.5817803,0.29788864
1354,1501.8268,0.0,1411.0515,89.25091,0.01710194,0.0,0.59396756,0.29788765
1355,1728.7117,0.0,1305.7332,89.251015,0.015922155,0.0,0.54917574,0.29787767
1356,1706.9526,0.0,1306.1669,89.25116,0.013248635,0.0,0.59871364,0.29785374
1357,1706.5148,0.0,1122.043,89.25131,0.01875002,0.0,0.63274765,0.29783306
1358,1567.8683,0.0,1460.1343,89.25147,0.014937024,0.0,0.54131377,0.29781452
1359,1733.9448,0.0,1376.0046,89.25165,0.01515533,0.0,0.53502476,0.29779792
1360,1880.8042,0.0,1479.139,89.25182,0.017269984,0.0,0.57861936,0.297783
1361,1434.3176,0.0,1196.4465,89.252,0.018623406,0.0,0.5991255,0.29776952
1362,1336.6987,0.0,892.7909,89.25214,0.014186075,0.0,0.5647087,0.29775742
1363,1738.5656,0.0,993.2668,89.25228,0.015104521,0.0,0.617157,0.29774112
1364,1709.519,0.0,993.7206,89.25239,0.017297955,0.0,0.58537817,0.29772636
1365,1914.1802,0.0,1201.9833,89.2525,0.015095736,0.0,0.57196516,0.297713
1366,1837.0311,0.0,1120.614,89.252655,0.019005455,0.0,0.59689057,0.2977009
1367,1147.7472,0.0,1271.0969,89.25282,0.016860051,0.0,0.5816454,0.29768994
1368,2113.0027,0.0,1563.6062,89.25292,0.0148365665,0.0,0.59834987,0.29767996
1369,1536.8982,0.0,1015.3471,89.252945,0.018012166,0.0,0.52020025,0.29767093
1370,2093.131,0.0,1293.512,89.253006,0.01719467,0.0,0.5715658,0.29766265
1371,2378.4067,0.0,988.7613,89.253075,0.015900342,0.0,0.58666724,0.29765517
1372,1695.6353,0.0,1090.4513,89.253174,0.018938173,0.0,0.5561278,0.29764828
1373,2145.3677,0.0,1126.2526,89.253334,0.016019009,0.0,0.53398514,0.29764196
1374,1918.755,0.0,1161.3245,89.25346,0.016383944,0.0,0.5616722,0.29763618
1375,1916.7062,0.0,772.45874,89.25358,0.016949667,0.0,0.5529454,0.29763088
1376,1730.4058,0.0,1082.8789,89.25368,0.01860366,0.0,0.5878551,0.29762596
1377,1315.2273,0.0,1191.5857,89.25377,0.016147524,0.0,0.5969187,0.29762116
1378,1663.2051,0.0,1119.5607,89.25392,0.013519145,0.0,0.5781592,0.29761675
1379,2036.4637,0.0,1119.0015,89.254105,0.016846966,0.0,0.5728204,0.29761264
1380,1411.5735,0.0,1138.7102,89.25428,0.013542244,0.0,0.575232,0.29760882
1381,2526.1187,0.0,1300.3055,89.2544,0.01588934,0.0,0.55153257,0.29760528
1382,1912.043,0.0,1210.8514,89.2545,0.016781017,0.0,0.5609769,0.2976019
1383,2110.8025,0.0,1109.3086,89.254616,0.01842342,0.0,0.53441477,0.29759884
1384,1664.1476,0.0,1292.1375,89.25474,0.014891928,0.0,0.61444354,0.29759592
1385,1971.883,0.0,1375.4127,89.25487,0.020246781,0.0,0.6318036,0.2975932
1386,1750.9485,0.0,1053.1135,89.25506,0.015562713,0.0,0.5881361,0.2975906
1387,1695.8529,0.0,1188.6023,89.2552,0.016651161,0.0,0.5832121,0.2975881
1388,1237.5933,0.0,993.6905,89.25536,0.017700199,0.0,0.56145346,0.2975858
1389,2272.6191,0.0,1095.6022,89.25548,0.012955333,0.0,0.5698167,0.29758358
1390,3071.934,0.0,1036.1918,89.25564,0.017801534,0.0,0.59717274,0.29758143
1391,1872.0284,0.0,1034.4299,89.25575,0.01608527,0.0,0.5805057,0.29757944
1392,2726.089,0.0,853.44684,89.255806,0.019245151,0.0,0.5539884,0.29757744
1393,1621.2141,0.0,1223.2299,89.25587,0.016928434,0.0,0.58749855,0.29757553
1394,1699.6095,0.0,1205.8167,89.2559,0.015970226,0.0,0.56586504,0.29757643
1395,2471.0684,0.0,1313.7731,89.25591,0.015774045,0.0,0.57764316,0.29757723
1396,1983.6512,0.0,1067.3331,89.255905,0.015315816,0.0,0.56938887,0.29757783
1397,2615.5203,0.0,929.4041,89.25588,0.016411584,0.0,0.57577586,0.2975783
1398,1936.2891,0.0,1173.4019,89.25585,0.01776831,0.0,0.5227515,0.2975786
1399,1935.6531,0.0,901.9545,89.25583,0.016467264,0.0,0.5921807,0.29757884
1400,1923.3369,0.0,789.94495,89.25581,0.01842658,0.0,0.6486032,0.29757887
1401,2105.4463,0.0,1190.1067,89.25581,0.015560072,0.0,0.58273786,0.29757854
1402,2644.4668,0.0,1163.3058,89.25577,0.015277414,0.0,0.6059435,0.29757813
1403,2515.8079,0.0,1407.7441,89.255745,0.01914113,0.0,0.5713903,0.2975777
1404,1661.1885,0.0,874.3905,89.25572,0.013936917,0.0,0.53894436,0.2975771
1405,1781.8783,0.0,979.53973,89.255775,0.017264916,0.0,0.534448,0.2975766
1406,1624.1587,0.0,1037.7019,89.25585,0.01937814,0.0,0.5449898,0.29757595
1407,1289.8575,0.0,1068.841,89.255905,0.017880142,0.0,0.5226716,0.2975753
1408,1834.7245,0.0,1314.8104,89.25598,0.017763091,0.0,0.57531047,0.29757455
1409,1836.6211,0.0,1240.0953,89.25602,0.019128952,0.0,0.54081285,0.29757378
1410,1480.8792,0.0,1500.6598,89.25612,0.022687256,0.0,0.54016083,0.29757294
1411,2086.9302,0.0,1033.0627,89.25614,0.020384405,0.0,0.548232,0.29757208
1412,1230.9896,0.0,962.69684,89.256195,0.012247048,0.0,0.5889615,0.2975745
1413,1721.0214,0.0,1089.7701,89.25628,0.017188989,0.0,0.6005595,0.29757884
1414,1692.052,0.0,1086.0298,89.25634,0.018252108,0.0,0.61398053,0.2975827
1415,1947.9362,0.0,1093.171,89.25641,0.018099818,0.0,0.53315735,0.29758605
1416,1265.7826,0.0,812.1302,89.256454,0.01634101,0.0,0.57882094,0.29758897
1417,1778.8109,0.0,1201.6179,89.25647,0.019697571,0.0,0.5814743,0.29759148
1418,2250.244,0.0,1223.7094,89.25651,0.014793078,0.0,0.54799426,0.29759362
1419,2071.9358,0.0,1523.765,89.25655,0.020227626,0.0,0.54543567,0.29759547
1420,2278.1313,0.0,823.82007,89.25658,0.01666502,0.0,0.5407554,0.297597
1421,1686.9208,0.0,1224.2635,89.256645,0.02139017,0.0,0.58068055,0.29759827
1422,2106.6067,0.0,906.21094,89.25668,0.01435099,0.0,0.5887715,0.29759926
1423,1677.4146,0.0,1061.4844,89.256714,0.015287207,0.0,0.526566,0.29760003
1424,1576.4929,0.0,1079.6144,89.25672,0.014228019,0.0,0.56975186,0.2976006
1425,1436.7452,0.0,1272.5492,89.256714,0.015243905,0.0,0.5132858,0.29761142
1426,1609.3566,0.0,1266.6122,89.25672,0.01665375,0.0,0.5326745,0.2976212
1427,1674.0619,0.0,1033.0669,89.25676,0.013937498,0.0,0.5760023,0.29763
1428,1755.9012,0.0,1217.5283,89.256836,0.014893189,0.0,0.585464,0.2976379
1429,2298.2656,0.0,1085.5093,89.256996,0.013569295,0.0,0.59975636,0.29764503
1430,1557.8081,0.0,1111.6356,89.25713,0.01627171,0.0,0.53099316,0.29765132
1431,1702.5569,0.0,1177.266,89.25722,0.0142937,0.0,0.5887277,0.2976569
1432,1864.5734,0.0,1079.1384,89.25728,0.01480149,0.0,0.5618545,0.29766193
1433,2205.4214,0.0,1129.7687,89.25735,0.013418855,0.0,0.6302829,0.29766005
1434,2254.536,0.0,1293.6864,89.25742,0.016266735,0.0,0.5405282,0.29765838
1435,1607.7333,0.0,1169.3062,89.25742,0.017727688,0.0,0.56345654,0.29765427
1436,1970.8823,0.0,1108.143,89.25746,0.016591212,0.0,0.5710732,0.29765058
1437,1975.1443,0.0,955.65405,89.25753,0.019500894,0.0,0.55738443,0.29764727
1438,1826.1383,0.0,1142.7832,89.25763,0.016400378,0.0,0.5695672,0.2976442
1439,2162.1428,0.0,1070.475,89.25767,0.016197085,0.0,0.6033634,0.29764143
1440,1440.5851,0.0,1062.9998,89.2577,0.01424806,0.0,0.5773884,0.2976388
1441,2368.7988,0.0,1074.2158,89.25773,0.016737435,0.0,0.5715412,0.29763642
1442,2014.4816,0.0,1247.7081,89.25775,0.014148718,0.0,0.5665937,0.29763415
1443,1642.1873,0.0,1127.5035,89.25782,0.01923724,0.0,0.6012561,0.29763204
1444,1926.2723,0.0,1309.9839,89.25783,0.022017494,0.0,0.5936639,0.29763
1445,1743.4874,0.0,1306.9474,89.25786,0.019879743,0.0,0.5324267,0.29762805
1446,1913.1405,0.0,901.9327,89.2579,0.013826435,0.0,0.5324343,0.29762626
1447,1522.2649,0.0,1023.19855,89.25791,0.019083861,0.0,0.5883769,0.2976245
1448,1914.3715,0.0,1111.3058,89.25792,0.01683459,0.0,0.590553,0.2976228
1449,1834.6464,0.0,1173.4062,89.25794,0.019133676,0.0,0.5785876,0.29762182
1450,1586.2688,0.0,1243.0764,89.25797,0.017115816,0.0,0.5901296,0.29762077
1451,1689.0986,0.0,1111.2257,89.258,0.017320488,0.0,0.5749416,0.2976208
1452,2536.6306,0.0,900.66046,89.25797,0.012465014,0.0,0.55814093,0.2976207
1453,1993.3914,0.0,1213.5348,89.25796,0.01785518,0.0,0.5604038,0.29762053
1454,1393.9357,0.0,1309.2979,89.258,0.014248177,0.0,0.5843,0.29762024
1455,2144.9954,0.0,1400.6676,89.25803,0.016943235,0.0,0.5606289,0.29761973
1456,2018.363,0.0,1083.7805,89.258095,0.015314534,0.0,0.54672825,0.29761913
1457,1811.8141,0.0,761.2901,89.25819,0.01773813,0.0,0.5438826,0.29761845
1458,1591.0583,0.0,970.06573,89.25829,0.015860148,0.0,0.5220288,0.2976178
1459,2423.802,0.0,1197.6763,89.25839,0.013336356,0.0,0.50917053,0.297617
1460,1256.3685,0.0,1209.4775,89.25851,0.014332525,0.0,0.53403205,0.29761618
1461,1536.5643,0.0,1193.7198,89.258644,0.017356232,0.0,0.5726666,0.29761535
1462,1877.3196,0.0,1039.2892,89.25873,0.013674083,0.0,0.56663585,0.29761449
1463,2044.8649,0.0,1297.3763,89.2588,0.017582066,0.0,0.5550065,0.29761356
1464,1329.5527,0.0,1345.4135,89.2589,0.015177142,0.0,0.5434048,0.2976126
1465,1998.3904,0.0,1406.6465,89.259,0.016303934,0.0,0.574934,0.29761165
1466,1530.0608,0.0,1200.3763,89.25909,0.0147531275,0.0,0.54939175,0.29761064
1467,1837.3827,0.0,990.9629,89.25919,0.019127926,0.0,0.541279,0.29760963
1468,2506.5088,0.0,1309.8872,89.25934,0.019511083,0.0,0.5594565,0.29760858
1469,1736.7344,0.0,1342.4729,89.259445,0.014881912,0.0,0.5231979,0.2976075
1470,1948.915,0.0,1384.2355,89.25954,0.02160168,0.0,0.59559965,0.29759967
1471,1789.9119,0.0,1171.2128,89.25963,0.015289171,0.0,0.59073555,0.29759258
1472,1505.0453,0.0,1040.5508,89.2597,0.0187064,0.0,0.571765,0.29758772
1473,2015.4541,0.0,1262.2139,89.259705,0.019531013,0.0,0.5847227,0.2975834
1474,2297.0571,0.0,1204.0831,89.25971,0.02315047,0.0,0.56321454,0.29757932
1475,1745.6023,0.0,1087.1544,89.25973,0.015083819,0.0,0.582667,0.2975755
1476,1505.6259,0.0,840.2204,89.25971,0.020706348,0.0,0.563517,0.29757196
1477,1930.3424,0.0,1214.2461,89.25973,0.02093276,0.0,0.58976483,0.29756886
1478,1599.2336,0.0,1199.8354,89.25977,0.016135877,0.0,0.54899025,0.29756653
1479,2048.364,0.0,1038.5057,89.25982,0.01861731,0.0,0.55748355,0.2975643
1480,2060.3687,0.0,1026.0646,89.2599,0.0125535345,0.0,0.570246,0.29756215
1481,1797.422,0.0,1049.2094,89.26002,0.0144819245,0.0,0.5744252,0.29756016
1482,1770.1848,0.0,1057.8773,89.26014,0.0133249685,0.0,0.54271287,0.29755822
1483,1873.6467,0.0,1004.3543,89.26024,0.017820572,0.0,0.6116004,0.29755634
1484,2814.5723,0.0,1032.7627,89.26032,0.0149486875,0.0,0.54405254,0.29755512
1485,2210.565,0.0,1225.4935,89.26034,0.01678482,0.0,0.5958922,0.29755396
1486,1566.54,0.0,1321.8562,89.26036,0.017631542,0.0,0.5308039,0.2975528
1487,1713.2826,0.0,903.24994,89.26042,0.015652932,0.0,0.5738539,0.29755148
1488,1827.8899,0.0,859.2857,89.26045,0.015677206,0.0,0.601631,0.29755017
1489,2282.785,0.0,1463.9414,89.260475,0.013479061,0.0,0.58400714,0.2975489
1490,1195.8708,0.0,1425.2872,89.2604,0.02027123,0.0,0.5828885,0.29754755
1491,2516.543,0.0,877.23517,89.26045,0.014079191,0.0,0.59983546,0.29754624
1492,2243.9734,0.0,1194.9648,89.26051,0.02309644,0.0,0.54633784,0.29754493
1493,1926.7582,0.0,1217.1823,89.26056,0.017543465,0.0,0.56433916,0.2975437
1494,1970.9963,0.0,1261.2654,89.260574,0.013897454,0.0,0.579347,0.2975424
1495,1817.3807,0.0,827.7515,89.26056,0.018393887,0.0,0.54392207,0.29754117
1496,2150.826,0.0,1088.3688,89.260544,0.018553786,0.0,0.5699761,0.2975399
1497,1595.3817,0.0,1120.3224,89.260574,0.018414453,0.0,0.58204365,0.29753864
1498,1814.7179,0.0,1251.4308,89.26065,0.017559653,0.0,0.5140574,0.29753911
1499,2122.7312,0.0,1247.4331,89.26072,0.020334471,0.0,0.5912218,0.29753947
1500,1472.3663,0.0,1045.4761,89.26065,0.018245693,0.0,0.5789591,0.29753965
1501,1485.8994,0.0,1316.9263,89.26052,0.02264437,0.0,0.5677132,0.2975397
1502,1511.6823,0.0,901.1387,89.26047,0.022217494,0.0,0.5594015,0.29753968
1503,1842.4312,0.0,1418.8292,89.26045,0.01890273,0.0,0.5417828,0.29753938
1504,1949.4701,0.0,684.0358,89.26041,0.016226035,0.0,0.52377045,0.29753903
1505,2271.11,0.0,1609.9862,89.26038,0.020320935,0.0,0.5481687,0.2975386
1506,1924.133,0.0,1426.0221,89.26036,0.01662114,0.0,0.567893,0.29753804
1507,2184.3506,0.0,1268.4952,89.260345,0.014227904,0.0,0.6212649,0.29753748
1508,1476.6495,0.0,1084.8568,89.26038,0.01649604,0.0,0.5513025,0.29753685
1509,1663.9279,0.0,1546.8466,89.26043,0.018938892,0.0,0.56563497,0.29753605
1510,1821.9111,0.0,1073.4752,89.26052,0.018235706,0.0,0.57942146,0.2975352
1511,1772.569,0.0,1190.5669,89.26055,0.016274173,0.0,0.5376197,0.2975335
1512,1394.8737,0.0,963.8211,89.26063,0.0182129,0.0,0.57048845,0.297532
1513,2014.3934,0.0,1282.8054,89.260635,0.017668419,0.0,0.6241727,0.29753053
1514,1436.1383,0.0,1258.805,89.26072,0.013074498,0.0,0.593229,0.2975291
1515,1583.7239,0.0,1350.2941,89.26077,0.016732505,0.0,0.5590345,0.29752776
1516,2802.4395,0.0,1204.8171,89.260826,0.02137293,0.0,0.5642778,0.29752645
1517,1668.9208,0.0,1095.2687,89.260864,0.017025184,0.0,0.5995852,0.2975252
1518,1864.46,0.0,1382.3849,89.26089,0.016275652,0.0,0.5828438,0.29752392
1519,1777.4347,0.0,1142.4448,89.26092,0.019258305,0.0,0.5315126,0.29752266
1520,1434.3112,0.0,1210.0289,89.26099,0.017812084,0.0,0.5888519,0.2975214
1521,2281.7664,0.0,997.4499,89.261024,0.017854493,0.0,0.5882196,0.2975202
1522,2217.2678,0.0,1141.8186,89.261116,0.01861063,0.0,0.5855798,0.29751894
1523,1709.1053,0.0,1317.2498,89.26115,0.01908656,0.0,0.56632936,0.29751775
1524,1954.7137,0.0,1175.0701,89.26117,0.016286945,0.0,0.60592324,0.29751655
1525,2341.161,0.0,1249.9055,89.26113,0.016317671,0.0,0.5643524,0.29751533
1526,2194.1782,0.0,991.41223,89.26117,0.015000801,0.0,0.59979254,0.29751414
1527,1866.9989,0.0,865.7011,89.26117,0.016926905,0.0,0.5733237,0.29751286
1528,2490.1116,0.0,1019.0384,89.26115,0.017190322,0.0,0.5860738,0.2975116
1529,1716.1234,0.0,1018.7853,89.26112,0.019885618,0.0,0.5949044,0.2975106
1530,1766.4193,0.0,1312.1813,89.261055,0.019272603,0.0,0.58100486,0.29750952
1531,1777.0168,0.0,1461.6604,89.260994,0.016329795,0.0,0.56111044,0.2975084
1532,2012.1783,0.0,1606.094,89.2609,0.020733409,0.0,0.5962001,0.29751942
1533,2001.4484,0.0,933.3263,89.26085,0.0171317,0.0,0.5776887,0.29752925
1534,1578.8387,0.0,1128.1202,89.2608,0.01677288,0.0,0.59317946,0.29753804
1535,1440.8369,0.0,1076.2787,89.2608,0.015977357,0.0,0.5907514,0.2975459
1536,1501.9229,0.0,1234.9747,89.26082,0.01715184,0.0,0.52044034,0.29755288
1537,1893.4445,0.0,1606.1992,89.26084,0.02457699,0.0,0.6118333,0.29755908
1538,1999.7583,0.0,1129.3123,89.26086,0.015063116,0.0,0.56416684,0.29756457
1539,2192.9697,0.0,1403.7107,89.26086,0.015894592,0.0,0.51139724,0.29756942
1540,1545.4219,0.0,1334.9375,89.26088,0.01575563,0.0,0.5892188,0.29757363
1541,1890.9747,0.0,977.9173,89.26092,0.014971326,0.0,0.59612894,0.29757732
1542,2022.5846,0.0,1252.5156,89.26095,0.017578216,0.0,0.5918641,0.29758057
1543,2319.391,0.0,1254.6627,89.26099,0.016882608,0.0,0.56397986,0.29758325
1544,1737.0547,0.0,1045.3153,89.26102,0.015081605,0.0,0.57507265,0.29758564
1545,1819.781,0.0,850.0434,89.26103,0.018918583,0.0,0.59814185,0.29758763
1546,2296.0522,0.0,1157.4199,89.2611,0.014124801,0.0,0.5552435,0.29758924
1547,1835.1315,0.0,1050.377,89.26117,0.013893667,0.0,0.6017544,0.29759064
1548,1418.1093,0.0,1378.1675,89.26122,0.021687888,0.0,0.5965214,0.29759178
1549,1234.962,0.0,1264.6456,89.2613,0.01633716,0.0,0.52880883,0.2975927
1550,2111.9844,0.0,1120.0,89.26145,0.016870692,0.0,0.5833237,0.29759336
1551,2012.0513,0.0,1089.1127,89.26155,0.014211647,0.0,0.5773204,0.29759392
1552,1410.8969,0.0,1086.5065,89.26166,0.016159197,0.0,0.5499843,0.2975943
1553,1900.3539,0.0,1148.2745,89.26171,0.016685288,0.0,0.53207517,0.29759452
1554,1767.386,0.0,1167.3177,89.261765,0.017790576,0.0,0.5939569,0.29759422
1555,2416.011,0.0,973.4634,89.26184,0.01839648,0.0,0.55880535,0.29759526
1556,1261.0791,0.0,1322.462,89.2619,0.014164677,0.0,0.6459676,0.29759613
1557,1483.5096,0.0,823.9483,89.261925,0.018379984,0.0,0.58588994,0.2975968
1558,2029.1581,0.0,1058.6641,89.2619,0.015690837,0.0,0.5898093,0.29759738
1559,2081.1511,0.0,1350.551,89.2619,0.018131778,0.0,0.5601505,0.2975977
1560,1796.4023,0.0,1342.2218,89.26189,0.019102085,0.0,0.598784,0.29759797
1561,1704.7415,0.0,1025.8031,89.26187,0.020239694,0.0,0.5882014,0.2975981
1562,1772.4637,0.0,1153.4918,89.261856,0.015884506,0.0,0.5455819,0.29759806
1563,1835.9049,0.0,1224.496,89.261795,0.017948203,0.0,0.5552072,0.29759791
1564,1810.1984,0.0,1071.7101,89.26175,0.016439531,0.0,0.5594296,0.29759765
1565,3111.7217,0.0,1117.6251,89.26169,0.018175786,0.0,0.5373241,0.29759732
1566,1825.3889,0.0,1051.2288,89.26161,0.017871141,0.0,0.58889174,0.29759693
1567,2085.1667,0.0,1112.1306,89.26154,0.017768022,0.0,0.543801,0.29759645
1568,1495.8519,0.0,971.16473,89.26148,0.019157458,0.0,0.5479497,0.2975959
1569,1884.1097,0.0,1391.9292,89.26144,0.014746524,0.0,0.5799687,0.29759526
1570,2178.9194,0.0,1024.4991,89.261375,0.017304884,0.0,0.5469024,0.29759458
1571,1871.5017,0.0,1170.1932,89.26138,0.0134533495,0.0,0.5927305,0.29759377
1572,2113.474,0.0,1213.0538,89.261345,0.016926222,0.0,0.5458869,0.29759303
1573,1960.0409,0.0,1083.9065,89.26135,0.017958157,0.0,0.5346384,0.2975922
1574,2428.4094,0.0,1120.3033,89.261345,0.016897364,0.0,0.5839766,0.29759127
1575,1566.6091,0.0,1206.3794,89.26127,0.015373534,0.0,0.57263654,0.2975904
1576,1508.8723,0.0,1077.313,89.26117,0.014250646,0.0,0.5630953,0.29758948
1577,1786.6224,0.0,826.4366,89.261086,0.014984397,0.0,0.60025495,0.2975884
1578,1613.4099,0.0,700.393,89.261086,0.013671356,0.0,0.5651385,0.29758742
1579,1472.5568,0.0,1114.6475,89.2611,0.015573791,0.0,0.5800953,0.297588
1580,2012.6755,0.0,1103.594,89.26112,0.01589705,0.0,0.58069813,0.2975884
1581,1558.7479,0.0,1335.6971,89.2612,0.014096039,0.0,0.5554567,0.29758868
1582,2176.7239,0.0,1205.7518,89.26127,0.015644094,0.0,0.58851755,0.2975888
1583,2011.463,0.0,1395.887,89.261375,0.014424803,0.0,0.5449214,0.29758877
1584,1620.3752,0.0,1201.2982,89.261444,0.013544096,0.0,0.5604344,0.29758865
1585,2180.9983,0.0,973.32434,89.26152,0.017004227,0.0,0.52561176,0.2975885
1586,1333.0404,0.0,1100.7538,89.26158,0.014855005,0.0,0.62257665,0.2975882
1587,1572.8213,0.0,733.6489,89.26169,0.01797854,0.0,0.5540733,0.29758775
1588,1977.5049,0.0,1319.869,89.2618,0.01785395,0.0,0.5839683,0.29758683
1589,1770.2091,0.0,1029.3156,89.261955,0.016014745,0.0,0.5542275,0.29758584
1590,1240.9667,0.0,956.9865,89.26216,0.012659697,0.0,0.5990119,0.29758486
1591,1601.8849,0.0,1177.054,89.26235,0.015414961,0.0,0.5352365,0.29758382
1592,1608.4615,0.0,1184.4858,89.26253,0.014268689,0.0,0.5254888,0.29758283
1593,1770.5461,0.0,1273.6205,89.26271,0.015423184,0.0,0.5723354,0.2975818
1594,1746.9791,0.0,1212.2964,89.262825,0.013602118,0.0,0.60243404,0.29758072
1595,1710.7987,0.0,1373.7909,89.262985,0.015900712,0.0,0.5554987,0.29757968
1596,1659.5283,0.0,1138.5667,89.2631,0.012955435,0.0,0.56702614,0.2975786
1597,1970.9094,0.0,1382.1697,89.2632,0.015702635,0.0,0.56931955,0.29757705
1598,1619.0793,0.0,1132.2336,89.263306,0.016996078,0.0,0.5922724,0.29757553
1599,1779.2739,0.0,1333.0575,89.263405,0.016306376,0.0,0.55421555,0.2975741
1600,1423.5209,0.0,1181.5677,89.263565,0.01707688,0.0,0.56503403,0.2975727
1601,1861.8542,0.0,1399.4474,89.26373,0.014647916,0.0,0.5572064,0.2975712
1602,1480.1969,0.0,938.46027,89.26387,0.021480497,0.0,0.5795784,0.29756984
1603,1732.7213,0.0,1278.9003,89.26399,0.015702646,0.0,0.5611816,0.2975684
1604,2524.7234,0.0,844.98553,89.26409,0.014524481,0.0,0.569821,0.29756698
1605,2449.1995,0.0,1478.1859,89.26415,0.015172815,0.0,0.58728147,0.29756564
1606,1806.0769,0.0,1017.7207,89.26406,0.014764216,0.0,0.63937426,0.29756436
1607,2095.2014,0.0,863.9462,89.26401,0.018362343,0.0,0.5718695,0.29756308
1608,2280.3804,0.0,1332.1906,89.26396,0.018782906,0.0,0.55360717,0.2975618
1609,1592.4843,0.0,1152.6372,89.263954,0.01555795,0.0,0.56298953,0.29756087
1610,1783.2744,0.0,1142.156,89.2639,0.020149741,0.0,0.534194,0.29755995
1611,2311.0637,0.0,1339.6055,89.26388,0.017573996,0.0,0.5562923,0.29755896
1612,1955.0929,0.0,1295.3297,89.26387,0.02082919,0.0,0.5793475,0.2975587
1613,1447.8442,0.0,1366.4943,89.263855,0.016118651,0.0,0.6350233,0.29755825
1614,2042.1838,0.0,1141.2948,89.26395,0.020657144,0.0,0.5534748,0.29755786
1615,1708.7941,0.0,1260.503,89.26408,0.018335553,0.0,0.5939251,0.29755732
1616,1970.8557,0.0,1011.9927,89.2642,0.018977035,0.0,0.542982,0.2975567
1617,2368.9666,0.0,1168.7732,89.26431,0.015991764,0.0,0.60812706,0.29755604
1618,1767.8463,0.0,1077.5026,89.26439,0.018112963,0.0,0.53570634,0.29755527
1619,2470.3015,0.0,886.3387,89.26446,0.01782717,0.0,0.6093709,0.29755446
1620,1622.1829,0.0,1290.5028,89.26457,0.017818203,0.0,0.57152987,0.29755366
1621,1698.171,0.0,878.5,89.26472,0.01759008,0.0,0.61790377,0.2975527
1622,1537.7991,0.0,1603.1224,89.2649,0.018752018,0.0,0.6172272,0.29755184
1623,2470.1692,0.0,939.4781,89.26505,0.0152472835,0.0,0.58123153,0.29755083
1624,1477.7312,0.0,1296.1917,89.26521,0.015717037,0.0,0.5657243,0.29754984
1625,2493.643,0.0,1013.034,89.26536,0.015763525,0.0,0.5481037,0.29754883
1626,1748.6875,0.0,1232.1158,89.26548,0.01632667,0.0,0.5205825,0.29754782
1627,2129.772,0.0,1279.4432,89.26559,0.016169496,0.0,0.549351,0.29754734
1628,1419.5437,0.0,1178.455,89.26563,0.019152604,0.0,0.541208,0.29754686
1629,1641.1682,0.0,924.57654,89.2657,0.0164969,0.0,0.5634912,0.29754627
1630,2157.9463,0.0,943.7424,89.26576,0.016463686,0.0,0.54850566,0.2975462
1631,2054.8286,0.0,1092.9292,89.26581,0.013337923,0.0,0.56839144,0.297546
1632,1874.6759,0.0,1529.2784,89.26583,0.017436009,0.0,0.5976144,0.2975457
1633,1523.3362,0.0,1301.5627,89.26588,0.015688848,0.0,0.58685243,0.2975453
1634,2118.6392,0.0,1284.8175,89.26598,0.016972367,0.0,0.5312056,0.29754123
1635,1541.7688,0.0,1582.4113,89.26609,0.020745542,0.0,0.54667056,0.2975376
1636,2404.328,0.0,918.21313,89.26617,0.017741067,0.0,0.5700924,0.2975342
1637,1868.9756,0.0,1165.0917,89.26624,0.015180763,0.0,0.56695354,0.29753086
1638,1159.5237,0.0,1101.3735,89.266335,0.016044168,0.0,0.56588376,0.29752782
1639,1634.3314,0.0,976.40326,89.266426,0.019433415,0.0,0.5751351,0.29752493
1640,1502.8174,0.0,1030.8766,89.26648,0.016429543,0.0,0.5565385,0.29752225
1641,1913.4371,0.0,1311.4324,89.26655,0.0138160195,0.0,0.51827013,0.29751977
1642,2511.3098,0.0,1241.8354,89.266594,0.019341424,0.0,0.6022026,0.2975174
1643,1141.9883,0.0,1233.2861,89.26665,0.014167424,0.0,0.5264919,0.29751512
1644,2273.7693,0.0,1006.8401,89.266716,0.015016916,0.0,0.60837585,0.29751295
1645,2555.5522,0.0,903.9034,89.26678,0.016158268,0.0,0.57064813,0.29751092
1646,1741.1227,0.0,956.9502,89.26685,0.018213823,0.0,0.57597965,0.29750893
1647,1575.4323,0.0,1010.4777,89.266945,0.016655212,0.0,0.6123125,0.29750708
1648,2147.2046,0.0,1268.1698,89.26704,0.014695451,0.0,0.5437322,0.29750526
1649,1846.4492,0.0,1319.7865,89.26714,0.017010607,0.0,0.5413522,0.29750308
1650,1556.7252,0.0,718.9458,89.26723,0.015866153,0.0,0.57095206,0.29750046
1651,1665.2833,0.0,1138.8898,89.267296,0.01638209,0.0,0.59302056,0.29749796
1652,2108.5776,0.0,1269.0021,89.26738,0.017413754,0.0,0.5532528,0.29749557
1653,1785.4794,0.0,881.372,89.26748,0.01377853,0.0,0.5325954,0.29749334
1654,2056.9436,0.0,1454.9713,89.26761,0.016203888,0.0,0.5983352,0.29749134
1655,2290.6167,0.0,1460.6744,89.26771,0.01666346,0.0,0.5852604,0.29748943
1656,2278.8694,0.0,916.024,89.2678,0.015439554,0.0,0.57466525,0.29748768
1657,1957.9812,0.0,1148.5345,89.267914,0.016992014,0.0,0.5894765,0.2974859
1658,2054.4912,0.0,815.9313,89.26806,0.015167117,0.0,0.5643884,0.29748413
1659,1930.1484,0.0,1218.1833,89.26817,0.0139372675,0.0,0.54891956,0.29748225
1660,2182.6904,0.0,835.0346,89.26837,0.01316995,0.0,0.5435871,0.29748043
1661,1487.0522,0.0,768.95013,89.268616,0.012035303,0.0,0.58084965,0.29747868
1662,1573.4423,0.0,982.5358,89.26882,0.01812058,0.0,0.58078,0.29747695
1663,2536.803,0.0,1118.8323,89.269035,0.012875965,0.0,0.54637575,0.29747528
1664,1928.1935,0.0,914.58435,89.26926,0.0115954615,0.0,0.5711467,0.2974736
1665,1917.4287,0.0,1277.8323,89.269455,0.015292628,0.0,0.5610611,0.29747203
1666,1527.0386,0.0,1153.5586,89.26966,0.017208776,0.0,0.57288086,0.29747048
1667,1734.1243,0.0,747.691,89.269844,0.01469378,0.0,0.58334553,0.29746893
1668,1567.0714,0.0,1198.7104,89.270035,0.015070233,0.0,0.5534544,0.29746747
1669,1676.9011,0.0,1373.7355,89.27016,0.01910292,0.0,0.5296773,0.29746595
1670,1615.4606,0.0,1341.3937,89.27025,0.015452949,0.0,0.59611285,0.29746443
1671,1577.4932,0.0,1187.1512,89.27033,0.018915346,0.0,0.56997025,0.29746297
1672,1428.3069,0.0,1118.0927,89.270386,0.017817874,0.0,0.54586935,0.2974615
1673,1888.9099,0.0,997.497,89.2704,0.016048951,0.0,0.58246684,0.29746008
1674,1578.505,0.0,781.4802,89.27041,0.01757802,0.0,0.61134696,0.2974587
1675,1462.3102,0.0,1266.2604,89.270386,0.01894842,0.0,0.52895385,0.29745725
1676,2032.7354,0.0,1151.4911,89.270256,0.014806404,0.0,0.62377495,0.29745588
1677,2018.0568,0.0,1161.3032,89.27011,0.016701883,0.0,0.5506651,0.29745406
1678,2324.0698,0.0,1436.6029,89.26996,0.017133437,0.0,0.5333666,0.29745227
1679,1830.7513,0.0,1539.2504,89.26981,0.018374417,0.0,0.5533519,0.29745063
1680,1690.3716,0.0,958.2158,89.26977,0.012016489,0.0,0.5501229,0.2974489
1681,2155.701,0.0,1470.8971,89.26974,0.018286064,0.0,0.59830844,0.29744726
1682,2186.3645,0.0,1148.7081,89.269775,0.015003342,0.0,0.5852759,0.29744565
1683,1557.8066,0.0,1170.9875,89.26984,0.015921576,0.0,0.54428285,0.2974441
1684,1681.5865,0.0,1064.8114,89.26989,0.017438402,0.0,0.56260145,0.2974426
1685,1840.3164,0.0,1125.6094,89.26993,0.01813942,0.0,0.58455455,0.29744133
1686,1552.6266,0.0,981.69775,89.26997,0.015770253,0.0,0.5781523,0.29744014
1687,1483.7257,0.0,1064.0916,89.27004,0.01494861,0.0,0.59218436,0.29743892
1688,1947.768,0.0,1077.2891,89.27011,0.012741022,0.0,0.57492,0.29743767
1689,1914.2946,0.0,1331.6438,89.27025,0.016452817,0.0,0.5262472,0.29743654
1690,2151.34,0.0,1333.2091,89.27035,0.01703465,0.0,0.5579649,0.29743525
1691,1888.2141,0.0,1226.4979,89.270485,0.016643126,0.0,0.5555483,0.29743406
1692,1573.9131,0.0,1278.4601,89.270615,0.015854638,0.0,0.570091,0.29743278
1693,1463.181,0.0,992.11914,89.2707,0.019991776,0.0,0.6025406,0.29743156
1694,2739.55,0.0,979.4724,89.27078,0.014540914,0.0,0.5965029,0.29743114
1695,1922.6841,0.0,1497.1365,89.27085,0.014710054,0.0,0.56112903,0.29743063
1696,1513.0112,0.0,1342.71,89.270836,0.015586382,0.0,0.56661355,0.2974301
1697,2131.3145,0.0,917.1017,89.2708,0.013987544,0.0,0.54900783,0.2974295
1698,1867.0992,0.0,1244.402,89.27083,0.0134497695,0.0,0.58316344,0.29742882
1699,2310.4226,0.0,755.4584,89.27086,0.013310865,0.0,0.5462821,0.29742804
1700,1502.9043,0.0,822.521,89.27087,0.018280428,0.0,0.56907654,0.29742566
1701,1859.1716,0.0,1399.5885,89.27093,0.01349258,0.0,0.5756739,0.2974234
1702,1694.1508,0.0,1188.5043,89.27097,0.015576193,0.0,0.55937624,0.29742122
1703,2372.1624,0.0,1428.2576,89.27105,0.016225088,0.0,0.5630316,0.29741925
1704,1491.9171,0.0,949.59045,89.271126,0.015467535,0.0,0.58710265,0.2974175
1705,1914.19,0.0,1152.2852,89.27114,0.019506617,0.0,0.5059852,0.2974158
1706,1575.9292,0.0,837.56464,89.27121,0.015242755,0.0,0.5918652,0.29741707
1707,2422.3203,0.0,1315.1669,89.27125,0.018139603,0.0,0.5859043,0.29741812
1708,2898.9614,0.0,904.4733,89.271255,0.013968087,0.0,0.5773182,0.2974193
1709,1695.382,0.0,1143.4883,89.27126,0.018215502,0.0,0.581501,0.29742026
1710,2027.5979,0.0,1021.87213,89.2713,0.019091602,0.0,0.61505437,0.297421
1711,2099.4238,0.0,1114.012,89.271324,0.016946686,0.0,0.6117028,0.29742157
1712,1559.9855,0.0,1066.8525,89.27135,0.013392685,0.0,0.57628316,0.297422
1713,1579.4409,0.0,1172.6462,89.271416,0.015102737,0.0,0.58738875,0.29742217
1714,1862.6094,0.0,953.706,89.2715,0.014600499,0.0,0.6496023,0.29742226
1715,1904.2511,0.0,959.9289,89.27161,0.013318166,0.0,0.5522758,0.2974222
1716,1992.4956,0.0,1161.4402,89.271706,0.014050141,0.0,0.58047193,0.29742354
1717,1733.7817,0.0,1031.787,89.27186,0.015111986,0.0,0.5887295,0.29742464
1718,2439.294,0.0,1001.50757,89.272064,0.02120192,0.0,0.63233346,0.29742545
1719,1625.8292,0.0,1334.7314,89.27225,0.017210787,0.0,0.55745167,0.29742607
1720,2136.142,0.0,910.37775,89.27252,0.019849885,0.0,0.6062742,0.2974265
1721,1972.8778,0.0,1082.9049,89.27282,0.01784168,0.0,0.6102991,0.29742676
1722,1806.7114,0.0,1422.2366,89.27306,0.014971396,0.0,0.55475104,0.29742688
1723,2923.4875,0.0,1475.2528,89.273285,0.01860305,0.0,0.55647236,0.29742685
1724,1444.0175,0.0,986.79065,89.27349,0.021515768,0.0,0.5891267,0.2974269
1725,1595.7052,0.0,889.4204,89.27364,0.0145709645,0.0,0.56619483,0.2974268
1726,1805.9125,0.0,881.6403,89.273766,0.01803282,0.0,0.6003818,0.2974265
1727,1689.288,0.0,903.009,89.27384,0.01708091,0.0,0.6085443,0.29742622
1728,2562.74,0.0,1114.2711,89.27389,0.014967995,0.0,0.6031426,0.2974257
1729,1822.3541,0.0,1351.7443,89.27397,0.016172646,0.0,0.61047196,0.29742518
1730,1583.2532,0.0,1291.8256,89.274055,0.020662166,0.0,0.5210234,0.29742455
1731,1733.7792,0.0,1088.5398,89.274055,0.013362395,0.0,0.5939249,0.29742387
1732,2414.9917,0.0,1164.2582,89.27411,0.017990297,0.0,0.56872714,0.29742318
1733,1613.292,0.0,1040.164,89.274124,0.015875587,0.0,0.5754391,0.29742238
1734,1696.1576,0.0,1385.6737,89.27411,0.0143099,0.0,0.6248301,0.29742154
1735,1880.2976,0.0,1107.522,89.27412,0.015490001,0.0,0.55696446,0.29742065
1736,2006.9435,0.0,1119.6965,89.27408,0.022322949,0.0,0.5861974,0.29741964
1737,2031.0266,0.0,1086.9421,89.27403,0.01655208,0.0,0.6018765,0.29741868
1738,2028.0497,0.0,1002.696,89.27401,0.020060051,0.0,0.5618062,0.29741764
1739,1896.7296,0.0,844.5467,89.27399,0.016057499,0.0,0.5194849,0.2974166
1740,2161.5818,0.0,1268.5703,89.27398,0.014747521,0.0,0.56354,0.2974155
1741,1693.7222,0.0,1690.1581,89.27397,0.015619504,0.0,0.57509756,0.29741445
1742,2705.0374,0.0,1131.9872,89.27389,0.015499514,0.0,0.5922845,0.2974133
1743,1568.1388,0.0,960.4317,89.27385,0.015950814,0.0,0.58171034,0.29741216
1744,2646.7432,0.0,1309.1492,89.273865,0.0141320005,0.0,0.59698695,0.29741096
1745,1982.438,0.0,1200.451,89.273895,0.015743176,0.0,0.54335254,0.29741085
1746,2105.1067,0.0,1226.294,89.27392,0.012943128,0.0,0.5774063,0.2974106
1747,2364.7708,0.0,1071.2072,89.27395,0.014722336,0.0,0.5618932,0.29741025
1748,2143.8723,0.0,1108.8136,89.27401,0.015678419,0.0,0.5126535,0.29740983
1749,2069.6655,0.0,875.61743,89.274055,0.016787024,0.0,0.54338866,0.29740927
1750,2101.4397,0.0,981.38947,89.27412,0.016839188,0.0,0.5672733,0.29741213
1751,1893.7152,0.0,1242.2218,89.2742,0.015287812,0.0,0.5474989,0.2974146
1752,2136.5579,0.0,930.1992,89.2743,0.015252861,0.0,0.57633203,0.29741672
1753,2000.5117,0.0,896.176,89.27438,0.017138524,0.0,0.5638681,0.29741845
1754,1903.7721,0.0,1291.8375,89.2745,0.01842579,0.0,0.5403364,0.29741994
1755,1601.0039,0.0,1064.7277,89.2746,0.016208977,0.0,0.5540036,0.29742104
1756,2191.6501,0.0,1134.5161,89.27469,0.020769633,0.0,0.5092071,0.29742196
1757,1870.6208,0.0,1366.014,89.27482,0.016093653,0.0,0.5578928,0.29742268
1758,1731.9303,0.0,1473.4913,89.274956,0.020106332,0.0,0.61944056,0.29742312
1759,2437.487,0.0,1083.88,89.27502,0.013918753,0.0,0.57161534,0.29742345
1760,2143.4578,0.0,1297.5461,89.275055,0.016939593,0.0,0.55645597,0.2974235
1761,2030.2128,0.0,924.5602,89.27515,0.016364083,0.0,0.53964543,0.29742348
1762,2173.6455,0.0,1133.4235,89.275215,0.017299604,0.0,0.595618,0.29742244
1763,2089.0115,0.0,1083.9198,89.27524,0.017077837,0.0,0.55273014,0.29742208
1764,2090.3276,0.0,1223.973,89.2753,0.014436727,0.0,0.57141674,0.29742157
1765,2743.2466,0.0,859.70557,89.27541,0.015171785,0.0,0.5805553,0.29742104
1766,1983.2882,0.0,1374.1222,89.2755,0.015781984,0.0,0.5402614,0.2974204
1767,1903.254,0.0,844.27466,89.275566,0.014252837,0.0,0.60403526,0.29741976
1768,1656.4863,0.0,1432.1719,89.27561,0.017239604,0.0,0.5936949,0.29741898
1769,1573.841,0.0,1192.6985,89.27568,0.02188471,0.0,0.5911646,0.29741818
1770,2125.3372,0.0,989.3828,89.27578,0.015871903,0.0,0.5276451,0.29741728
1771,2420.6335,0.0,955.0292,89.27591,0.016271105,0.0,0.5618044,0.2974164
1772,1816.0645,0.0,930.8818,89.27603,0.019134354,0.0,0.5537068,0.29741532
1773,1574.3972,0.0,1290.6477,89.276146,0.013925682,0.0,0.6075234,0.29741433
1774,1315.5891,0.0,1269.8882,89.27622,0.014307397,0.0,0.6196248,0.2974132
1775,2484.4814,0.0,1284.9835,89.27629,0.013041111,0.0,0.581802,0.29741213
1776,2506.557,0.0,1114.6667,89.27633,0.014660822,0.0,0.58378637,0.29741102
1777,1313.5518,0.0,1231.9581,89.27631,0.01280109,0.0,0.5605986,0.29740986
1778,2334.2375,0.0,1080.1417,89.2763,0.012064636,0.0,0.5513859,0.2974087
1779,1400.663,0.0,830.0169,89.27633,0.014559966,0.0,0.55518746,0.2974075
1780,1962.3167,0.0,1127.7699,89.27637,0.013719488,0.0,0.5582652,0.29740575
1781,2173.8818,0.0,1277.3307,89.27644,0.020455277,0.0,0.5836061,0.297404
1782,2299.2056,0.0,1128.5432,89.27652,0.019667257,0.0,0.5482196,0.29739913
1783,2024.1974,0.0,1148.2216,89.276596,0.014183326,0.0,0.6079787,0.29739472
1784,1583.2612,0.0,1310.6299,89.27666,0.017124387,0.0,0.5664959,0.2973907
1785,1519.9495,0.0,1181.0951,89.27677,0.013937399,0.0,0.5551564,0.29738697
1786,2029.9323,0.0,1380.4076,89.27686,0.018282386,0.0,0.57451963,0.29738355
1787,1820.3994,0.0,825.0727,89.27694,0.013731284,0.0,0.5875837,0.29738036
1788,1880.0498,0.0,881.4258,89.277,0.013487573,0.0,0.59462476,0.2973774
1789,2105.072,0.0,912.48334,89.27706,0.01176628,0.0,0.59772724,0.2973746
1790,1734.4127,0.0,1378.519,89.27712,0.016426794,0.0,0.5750526,0.29737207
1791,2262.26,0.0,1137.5856,89.277214,0.014828183,0.0,0.5474701,0.29736957
1792,1987.6466,0.0,1065.4216,89.277336,0.016418833,0.0,0.58987236,0.29736745
1793,1431.0101,0.0,830.733,89.27741,0.013407763,0.0,0.57518244,0.2973655
1794,1547.0933,0.0,1064.5629,89.27747,0.013476132,0.0,0.5774114,0.29736355
1795,1887.9869,0.0,1216.8992,89.2775,0.014926675,0.0,0.6174762,0.2973617
1796,2001.4299,0.0,812.44507,89.27751,0.014109211,0.0,0.55978143,0.2973599
1797,2168.2458,0.0,1003.8755,89.27755,0.014674234,0.0,0.6108948,0.29735816
1798,2613.8213,0.0,1048.2714,89.27755,0.01807092,0.0,0.5922333,0.29735646
1799,2098.1235,0.0,980.02045,89.277565,0.01672773,0.0,0.5736357,0.2973548
1800,1240.48,0.0,1121.246,89.27762,0.0140668135,0.0,0.556287,0.29735315
1801,2206.8538,0.0,926.46027,89.27769,0.0145342555,0.0,0.5796085,0.29735157
1802,1800.235,0.0,1221.9503,89.27778,0.01720432,0.0,0.5399377,0.29735
1803,1545.5695,0.0,1239.2477,89.2778,0.014480488,0.0,0.58484495,0.29734847
1804,2129.8906,0.0,1479.1632,89.277824,0.01885136,0.0,0.5344009,0.29734695
1805,1665.784,0.0,955.037,89.277824,0.01691291,0.0,0.5589614,0.2973472
1806,2091.489,0.0,1067.8732,89.27782,0.013184562,0.0,0.5803176,0.29734725
1807,2262.3032,0.0,803.4622,89.27775,0.019617874,0.0,0.5186428,0.29734722
1808,1583.0232,0.0,1409.6514,89.277664,0.016546205,0.0,0.582215,0.29734704
1809,1511.8977,0.0,1032.0416,89.27753,0.013644366,0.0,0.55126095,0.2973468
1810,1831.1454,0.0,1187.0253,89.27736,0.017278505,0.0,0.5934889,0.29734647
1811,1849.3872,0.0,1098.0895,89.27726,0.016498214,0.0,0.53201514,0.29734603
1812,1736.275,0.0,1106.4874,89.277176,0.016263388,0.0,0.568756,0.29734546
1813,1656.641,0.0,1319.335,89.2771,0.013260238,0.0,0.5759699,0.29734486
1814,1700.934,0.0,1170.5856,89.277016,0.015773028,0.0,0.6058023,0.29734418
1815,1754.5441,0.0,1217.3822,89.276955,0.015062142,0.0,0.5575787,0.2973434
1816,2386.663,0.0,1228.0382,89.27689,0.01412947,0.0,0.5585198,0.2973426
1817,1223.4156,0.0,838.20624,89.276794,0.014672276,0.0,0.5826301,0.29734173
1818,1610.648,0.0,1223.1906,89.27672,0.018535042,0.0,0.54030216,0.29734084
1819,1991.087,0.0,1124.58,89.27676,0.016699562,0.0,0.57492363,0.29733986
1820,2043.3461,0.0,1795.8547,89.27676,0.01375442,0.0,0.58493215,0.29733887
1821,1495.8077,0.0,1026.9009,89.276794,0.015924916,0.0,0.5548223,0.29733318
1822,1282.3674,0.0,1487.486,89.276794,0.01578041,0.0,0.5851468,0.2973291
1823,1534.9442,0.0,1255.6083,89.27679,0.014379391,0.0,0.5124604,0.29732603
1824,1589.3068,0.0,905.064,89.27679,0.015551861,0.0,0.5767367,0.29732376
1825,1987.2427,0.0,1441.0181,89.27676,0.017530695,0.0,0.56371,0.29732195
1826,1825.8883,0.0,1459.276,89.27678,0.013980662,0.0,0.5328896,0.29732054
1827,1967.1089,0.0,1490.4911,89.27678,0.018951192,0.0,0.61493886,0.29731947
1828,2118.4304,0.0,1094.5476,89.27681,0.016810186,0.0,0.5791932,0.29731867
1829,1638.0825,0.0,1073.5011,89.276855,0.014859426,0.0,0.54135436,0.29731807
1830,1484.48,0.0,1514.9185,89.27687,0.015854258,0.0,0.5576931,0.29731756
1831,1478.662,0.0,1341.0209,89.27693,0.015720338,0.0,0.5311272,0.2973171
1832,1671.7921,0.0,1014.1658,89.27701,0.01723551,0.0,0.58215076,0.29731655
1833,2090.6177,0.0,1346.663,89.27706,0.0188579,0.0,0.5902592,0.297322
1834,1391.2023,0.0,1031.1625,89.27712,0.016363174,0.0,0.54744613,0.29732698
1835,1661.3857,0.0,1236.0614,89.27717,0.014346367,0.0,0.56386375,0.29733154
1836,1947.8093,0.0,1234.0376,89.27729,0.0151597215,0.0,0.5678816,0.29733568
1837,1819.6418,0.0,1720.895,89.27739,0.0139020085,0.0,0.5342965,0.29733944
1838,1587.9045,0.0,1224.38,89.2775,0.013559934,0.0,0.5700463,0.29734278
1839,1407.6836,0.0,1120.5106,89.27759,0.014811827,0.0,0.5717832,0.2973458
1840,1848.3927,0.0,1156.2152,89.27767,0.016936718,0.0,0.5698676,0.29735476
1841,2110.6294,0.0,1194.6896,89.277794,0.015836615,0.0,0.57035637,0.2973628
1842,1815.5626,0.0,1226.12,89.27792,0.012009944,0.0,0.51325774,0.2973687
1843,1625.7622,0.0,1209.1823,89.27804,0.016040104,0.0,0.53402126,0.29737407
1844,2340.1406,0.0,1075.157,89.278206,0.01577435,0.0,0.57912123,0.29737884
1845,1211.1011,0.0,1117.825,89.27835,0.015725348,0.0,0.58458585,0.29738298
1846,1905.1533,0.0,1565.2491,89.27846,0.018485934,0.0,0.5572324,0.29738662
1847,2230.148,0.0,1047.4722,89.27848,0.019668633,0.0,0.5368466,0.2973898
1848,1598.7491,0.0,1107.6494,89.27847,0.01917303,0.0,0.52444077,0.29739425
1849,2350.549,0.0,1081.3448,89.27841,0.01680972,0.0,0.52903974,0.2973997
1850,1815.1326,0.0,1068.1554,89.27836,0.014945177,0.0,0.533887,0.29740447
1851,1400.0471,0.0,1089.8213,89.278275,0.014497574,0.0,0.58039063,0.2974087
1852,2059.924,0.0,1108.4622,89.2782,0.0158207,0.0,0.59843475,0.2974124
1853,2239.911,0.0,1123.3232,89.2781,0.015737182,0.0,0.54318917,0.29741558
1854,1759.1046,0.0,991.91406,89.27802,0.017167829,0.0,0.598541,0.29741833
1855,2531.3804,0.0,1433.605,89.27794,0.01793126,0.0,0.5724722,0.29741818
1856,2024.7896,0.0,1409.8091,89.27787,0.016223853,0.0,0.5533415,0.2974179
1857,1613.1886,0.0,1200.4484,89.27779,0.015517876,0.0,0.62092793,0.29741758
1858,2411.5962,0.0,1007.7027,89.27773,0.015301335,0.0,0.5450007,0.2974171
1859,1643.7322,0.0,995.9165,89.27769,0.016814737,0.0,0.5506369,0.2974166
1860,1526.8925,0.0,801.6614,89.27765,0.019747889,0.0,0.5804795,0.29741597
1861,2094.4827,0.0,1081.0151,89.27766,0.014229238,0.0,0.5743918,0.29741243
1862,1995.2344,0.0,1079.9462,89.27766,0.0139981285,0.0,0.5689694,0.29740918
1863,1594.659,0.0,1365.2865,89.27767,0.015967455,0.0,0.6180712,0.29740617
1864,1542.8531,0.0,1021.9242,89.27769,0.017276503,0.0,0.5647647,0.29740342
1865,1681.6599,0.0,1240.9039,89.27772,0.018122554,0.0,0.5470462,0.29740083
1866,1871.6948,0.0,1212.6525,89.277794,0.013805432,0.0,0.5333552,0.29739842
1867,1986.0521,0.0,1165.5302,89.27784,0.016616298,0.0,0.61310524,0.29740196
1868,2182.3342,0.0,1257.7007,89.27791,0.01880621,0.0,0.56490195,0.29740512
1869,2105.3945,0.0,1282.9053,89.27793,0.01973558,0.0,0.59374404,0.29740795
1870,1342.1278,0.0,1028.6272,89.277954,0.019439049,0.0,0.55382836,0.29741046
1871,1528.7438,0.0,816.83374,89.27798,0.012519224,0.0,0.552477,0.29741257
1872,1548.472,0.0,1019.84937,89.27795,0.0146511225,0.0,0.60865295,0.29741177
1873,1781.3024,0.0,1373.4987,89.27791,0.014974162,0.0,0.6257238,0.29740375
1874,1580.021,0.0,971.0085,89.277954,0.016691525,0.0,0.60438144,0.29739702
1875,1569.0515,0.0,1586.5148,89.278,0.016104288,0.0,0.5691133,0.29739252
1876,1746.8922,0.0,989.2505,89.27799,0.017940555,0.0,0.52709985,0.29738873
1877,1697.2375,0.0,1080.4176,89.27797,0.014870254,0.0,0.5902492,0.29738554
1878,1552.9417,0.0,996.6974,89.27798,0.018233865,0.0,0.5807404,0.29738352
1879,2047.051,0.0,1348.616,89.27798,0.014320276,0.0,0.5380417,0.2973802
1880,1757.6482,0.0,1180.2319,89.27791,0.017689453,0.0,0.6183082,0.29737738
1881,1915.6437,0.0,900.9023,89.277794,0.01936343,0.0,0.557173,0.2973749
1882,2028.0013,0.0,1082.4984,89.277695,0.016477492,0.0,0.579704,0.29737264
1883,1608.4268,0.0,963.4439,89.2776,0.017434996,0.0,0.56540674,0.29736936
1884,1825.4526,0.0,1175.087,89.27752,0.017740488,0.0,0.55840546,0.29736638
1885,2265.0977,0.0,1157.6656,89.277504,0.020263735,0.0,0.5718625,0.29736358
1886,1571.9028,0.0,1094.575,89.27757,0.017965317,0.0,0.62426996,0.29736108
1887,1801.2335,0.0,1188.3441,89.27763,0.016525913,0.0,0.56462544,0.29735872
1888,2041.2766,0.0,1106.7312,89.277695,0.016209321,0.0,0.5917405,0.29735652
1889,2119.3086,0.0,1108.3021,89.277756,0.014084578,0.0,0.54607916,0.2973541
1890,1805.9575,0.0,1259.2833,89.27778,0.016495917,0.0,0.5829286,0.2973519
1891,1948.3748,0.0,1250.3906,89.27777,0.017334582,0.0,0.54935545,0.29734978
1892,1572.005,0.0,987.6884,89.27772,0.015591193,0.0,0.50652564,0.29734772
1893,2301.4624,0.0,1005.28436,89.27764,0.014954977,0.0,0.5477073,0.2973462
1894,1612.6315,0.0,853.78174,89.277565,0.016190294,0.0,0.5620189,0.29734477
1895,1278.7396,0.0,1362.1227,89.27748,0.01666937,0.0,0.57365245,0.2973433
1896,2081.529,0.0,1068.1521,89.27732,0.015149003,0.0,0.51194274,0.2973419
1897,2171.8708,0.0,1294.6656,89.277145,0.016656004,0.0,0.5581466,0.2973405
1898,1827.3502,0.0,1038.3667,89.27704,0.015612002,0.0,0.5787722,0.29733908
1899,2947.6865,0.0,1224.3073,89.27691,0.01804421,0.0,0.61169136,0.29733774
1900,2273.963,0.0,1431.2252,89.27684,0.016090386,0.0,0.60156727,0.2973364
1901,2008.4855,0.0,1177.1415,89.27676,0.013393435,0.0,0.557717,0.29733506
1902,2542.057,0.0,1147.176,89.27669,0.014946832,0.0,0.56131935,0.29733375
1903,1595.1475,0.0,1190.0812,89.276665,0.016314462,0.0,0.5782269,0.29733235
1904,1809.5182,0.0,1409.0354,89.27665,0.017300095,0.0,0.6323967,0.29733104
1905,2039.2964,0.0,1498.0322,89.27663,0.015027284,0.0,0.5406103,0.29732975
1906,2505.4766,0.0,1363.0363,89.27661,0.021145513,0.0,0.5721186,0.29732844
1907,1596.4032,0.0,1149.1373,89.276566,0.018737998,0.0,0.5713911,0.29732642
1908,1841.425,0.0,1072.418,89.276634,0.01739574,0.0,0.5470478,0.29732445
1909,2036.132,0.0,1071.804,89.27676,0.016767783,0.0,0.5700271,0.2973226
1910,1949.5383,0.0,989.9527,89.27685,0.017710183,0.0,0.6005715,0.29732084
1911,1971.5223,0.0,1212.0216,89.27697,0.021510035,0.0,0.5718845,0.29731908
1912,1822.9802,0.0,1137.3369,89.27717,0.016858099,0.0,0.56913733,0.29731736
1913,1523.5723,0.0,1068.1305,89.27732,0.014402108,0.0,0.59027696,0.2973157
1914,1669.4927,0.0,908.53723,89.277435,0.016841311,0.0,0.5604407,0.29731402
1915,2277.926,0.0,1328.8429,89.277504,0.020271063,0.0,0.5986643,0.2973148
1916,2041.8024,0.0,1176.559,89.277596,0.014876597,0.0,0.5290963,0.29731545
1917,2613.2266,0.0,1193.413,89.27765,0.016440976,0.0,0.5245732,0.2973425
1918,1797.1682,0.0,938.7155,89.27766,0.02059925,0.0,0.59857196,0.29736727
1919,2164.2034,0.0,1286.3214,89.27769,0.01728221,0.0,0.55663043,0.2973898
1920,1768.5326,0.0,1105.5305,89.27774,0.019032305,0.0,0.55882967,0.29741025
1921,2199.255,0.0,1580.9382,89.27776,0.021321332,0.0,0.56613606,0.2974288
1922,2156.211,0.0,1239.1539,89.27782,0.015272348,0.0,0.54076827,0.29744557
1923,1953.9581,0.0,914.73474,89.27792,0.01662926,0.0,0.56172514,0.29746068
1924,1374.475,0.0,1250.3816,89.27803,0.013273999,0.0,0.5209916,0.29747432
1925,1695.931,0.0,1028.9562,89.27812,0.019527687,0.0,0.5497273,0.2974866
1926,2384.534,0.0,1123.9862,89.27814,0.021100234,0.0,0.560297,0.29749763
1927,1637.3761,0.0,848.738,89.27818,0.019627258,0.0,0.60171306,0.29750755
1928,2189.0696,0.0,1095.4089,89.27823,0.01914146,0.0,0.52194333,0.29751247
1929,1809.0085,0.0,1143.5685,89.27823,0.017368073,0.0,0.5533061,0.29751682
1930,2182.4172,0.0,1142.6547,89.2782,0.017150046,0.0,0.58839345,0.2975207
1931,1754.6075,0.0,1124.2513,89.27817,0.016564835,0.0,0.5413415,0.29752412
1932,2578.4905,0.0,1300.9747,89.27814,0.018426828,0.0,0.5773698,0.29752705
1933,1608.2518,0.0,844.3741,89.27815,0.01246655,0.0,0.54028386,0.2975296
1934,2488.3176,0.0,1064.8152,89.27815,0.020249074,0.0,0.5406378,0.29753232
1935,1891.377,0.0,1408.0968,89.27816,0.017311916,0.0,0.5683346,0.29753464
1936,2157.6545,0.0,1016.69324,89.27826,0.01724967,0.0,0.57878053,0.29753664
1937,2316.1565,0.0,989.07043,89.27834,0.019251347,0.0,0.57153827,0.29753864
1938,1735.3442,0.0,1203.2854,89.27842,0.0144983865,0.0,0.5687885,0.2975403
1939,2380.4094,0.0,904.817,89.27855,0.0128980875,0.0,0.56525016,0.29754177
1940,1565.6271,0.0,996.23596,89.27864,0.01858578,0.0,0.53674334,0.2975429
1941,2182.9495,0.0,1116.9586,89.27872,0.016683929,0.0,0.5211551,0.29754382
1942,2248.0156,0.0,1079.5482,89.278755,0.015917849,0.0,0.56226766,0.29754454
1943,1523.4443,0.0,1267.4357,89.27879,0.016179388,0.0,0.582288,0.2975451
1944,1942.7394,0.0,1231.0531,89.2788,0.018448934,0.0,0.52138436,0.2975455
1945,2461.2107,0.0,1371.2104,89.27878,0.014393052,0.0,0.56833506,0.29754597
1946,2141.0068,0.0,1197.3469,89.278786,0.017799262,0.0,0.5283036,0.2975463
1947,2202.2405,0.0,1444.6768,89.27875,0.013792275,0.0,0.5798793,0.29754648
1948,1949.145,0.0,1300.9081,89.278725,0.020806015,0.0,0.54998744,0.29754657
1949,1988.2666,0.0,773.8314,89.27874,0.016442172,0.0,0.59210914,0.29754645
1950,1827.2731,0.0,970.1783,89.27877,0.01781062,0.0,0.5701381,0.2975463
1951,2127.7349,0.0,1484.025,89.27878,0.022206252,0.0,0.5595598,0.297546
1952,987.03174,0.0,820.82263,89.278854,0.013906857,0.0,0.5882593,0.2975456
1953,1957.214,0.0,1059.4323,89.278885,0.016401578,0.0,0.5744178,0.29754516
1954,1755.2288,0.0,868.4312,89.27893,0.015523962,0.0,0.6058208,0.2975441
1955,1907.9364,0.0,1477.2028,89.27898,0.013974832,0.0,0.5577965,0.297543
1956,1603.4412,0.0,966.0749,89.27904,0.016239304,0.0,0.5608313,0.29754174
1957,2151.9595,0.0,1147.9357,89.27908,0.014593169,0.0,0.54939455,0.2975405
1958,1965.1862,0.0,1335.5441,89.27912,0.016523514,0.0,0.5702241,0.29753926
1959,2488.716,0.0,699.9521,89.27916,0.014727975,0.0,0.56174994,0.29753807
1960,2837.1328,0.0,1014.4263,89.27923,0.013917705,0.0,0.5887773,0.29753917
1961,2210.446,0.0,1349.5947,89.279305,0.01307179,0.0,0.5799681,0.29754016
1962,2149.0837,0.0,1050.6615,89.27934,0.012806084,0.0,0.57040733,0.29754093
1963,1751.2711,0.0,1514.2224,89.27937,0.01401425,0.0,0.5635621,0.2975416
1964,2463.5566,0.0,934.7234,89.27938,0.013899985,0.0,0.55123335,0.2975421
1965,2058.0342,0.0,1046.8098,89.27941,0.01814892,0.0,0.5373674,0.29754302
1966,1957.9683,0.0,1497.9943,89.279465,0.018305685,0.0,0.5538331,0.2975438
1967,2622.8755,0.0,997.45636,89.2795,0.015131494,0.0,0.58104694,0.29754436
1968,1717.8278,0.0,1027.735,89.27951,0.012980139,0.0,0.58895993,0.29754478
1969,2473.3538,0.0,991.0314,89.27956,0.015091154,0.0,0.5947058,0.29754505
1970,1795.1237,0.0,1684.0156,89.2795,0.014791745,0.0,0.54081416,0.2975452
1971,1835.9333,0.0,1113.0435,89.27944,0.014756007,0.0,0.5745915,0.2975452
1972,1960.671,0.0,1171.6351,89.27941,0.014613621,0.0,0.53474116,0.29754514
1973,1862.3912,0.0,950.7642,89.27941,0.017799877,0.0,0.51397634,0.297545
1974,1773.2231,0.0,1180.0797,89.27946,0.01648308,0.0,0.5618214,0.29755262
1975,1650.5659,0.0,1283.0944,89.27954,0.01336437,0.0,0.5836851,0.29755968
1976,1573.111,0.0,846.77136,89.27962,0.018620135,0.0,0.56622124,0.29756624
1977,2458.8047,0.0,1263.7261,89.2797,0.015660085,0.0,0.58178574,0.29757208
1978,1645.4972,0.0,1141.6896,89.27986,0.017921796,0.0,0.53517526,0.29757628
1979,2027.0361,0.0,1216.8702,89.28001,0.017743181,0.0,0.56840444,0.29757985
1980,1611.0651,0.0,1098.6135,89.2802,0.015223181,0.0,0.5413177,0.29758313
1981,1632.1456,0.0,1226.994,89.28039,0.018271506,0.0,0.53523797,0.29758605
1982,2427.0906,0.0,987.6121,89.28058,0.016239038,0.0,0.5677178,0.2975885
1983,1936.0698,0.0,1058.8699,89.28073,0.015784696,0.0,0.56538314,0.29759067
1984,1957.3286,0.0,1035.1686,89.28089,0.01696376,0.0,0.49873084,0.29759246
1985,1202.92,0.0,987.17346,89.28098,0.013290063,0.0,0.55849564,0.29759395
1986,1207.4219,0.0,1382.1924,89.28106,0.015472358,0.0,0.5511781,0.29759514
1987,1774.8019,0.0,1054.8867,89.28112,0.018391745,0.0,0.53441447,0.29759616
1988,2455.4526,0.0,1120.8859,89.28121,0.019673837,0.0,0.5645687,0.29759693
1989,2125.536,0.0,997.2431,89.281265,0.01341074,0.0,0.5302418,0.2975975
1990,2117.0208,0.0,1150.0526,89.28139,0.016053293,0.0,0.56092083,0.29759794
1991,1529.6284,0.0,669.522,89.28157,0.015310921,0.0,0.5814804,0.29759824
1992,3282.2363,0.0,1101.6903,89.28173,0.014301425,0.0,0.52781725,0.29759833
1993,1903.7429,0.0,1197.711,89.28189,0.017440755,0.0,0.5693382,0.2975975
1994,2490.8855,0.0,1228.2848,89.282036,0.014899231,0.0,0.54989207,0.2975965
1995,2177.832,0.0,949.02606,89.282166,0.016668191,0.0,0.5678278,0.29759544
1996,2048.717,0.0,1294.1124,89.28231,0.015694967,0.0,0.5418468,0.29759443
1997,1976.0128,0.0,995.8234,89.282425,0.01666196,0.0,0.5504069,0.29759347
1998,1599.8169,0.0,1155.9615,89.28253,0.0151942745,0.0,0.5909492,0.2975925
1999,1981.5032,0.0,1247.0458,89.282585,0.017733984,0.0,0.54516035,0.2975914
2000,1723.4325,0.0,1153.1404,89.28268,0.015336726,0.0,0.54299206,0.2975904
2001,1732.421,0.0,996.19806,89.28271,0.014823845,0.0,0.53179353,0.29758942
2002,2010.7245,0.0,816.9245,89.28272,0.017595332,0.0,0.54308075,0.29758835
2003,1887.8939,0.0,1111.6769,89.28279,0.022258054,0.0,0.5840424,0.2975873
2004,1814.5438,0.0,1002.19556,89.28292,0.016437765,0.0,0.58070993,0.29758626
2005,1919.35,0.0,1247.0662,89.283035,0.013994197,0.0,0.5666371,0.2975852
2006,1996.9646,0.0,1285.6367,89.283134,0.016749416,0.0,0.5917059,0.29758412
2007,2292.6045,0.0,1120.092,89.28322,0.015268853,0.0,0.5718745,0.297583
2008,1805.3619,0.0,1099.1836,89.28332,0.014918093,0.0,0.57266253,0.2975819
2009,2277.546,0.0,1159.7744,89.2834,0.0207938,0.0,0.5725914,0.29758078
2010,1620.4237,0.0,1186.5616,89.283485,0.02034929,0.0,0.5944072,0.29757968
2011,1644.0927,0.0,1094.8214,89.28356,0.017189484,0.0,0.5681184,0.2975786
2012,1442.6427,0.0,1233.4635,89.283676,0.01366015,0.0,0.56514376,0.29757744
2013,2008.256,0.0,1139.5605,89.2838,0.017875833,0.0,0.57484365,0.29757634
2014,1651.8784,0.0,1423.1625,89.283875,0.018587776,0.0,0.5249196,0.29757515
2015,1367.9641,0.0,972.8793,89.284,0.0169825,0.0,0.5881602,0.29757383
2016,1767.0881,0.0,964.0254,89.2841,0.017881773,0.0,0.58352554,0.29757252
2017,2208.16,0.0,1365.1808,89.28425,0.013990564,0.0,0.5219102,0.29757118
2018,1584.0099,0.0,1519.55,89.28436,0.016675595,0.0,0.54204863,0.29756993
2019,1870.499,0.0,1238.4275,89.28446,0.018707247,0.0,0.5897894,0.29756844
2020,2240.88,0.0,1179.3416,89.28449,0.015105071,0.0,0.5653757,0.29756853
2021,1775.4003,0.0,1087.1714,89.28456,0.016127335,0.0,0.5660467,0.29756856
2022,1668.6545,0.0,995.41486,89.28466,0.019532975,0.0,0.556323,0.2975684
2023,1956.1963,0.0,1115.1903,89.28478,0.016084068,0.0,0.5627068,0.29757425
2024,1928.0823,0.0,1618.8427,89.28488,0.01719949,0.0,0.57997817,0.2975795
2025,1882.6453,0.0,1153.8174,89.28501,0.013812514,0.0,0.5604834,0.29758415
2026,1914.7256,0.0,856.7452,89.285126,0.015430818,0.0,0.6007514,0.29758826
2027,1499.6951,0.0,1116.5459,89.28525,0.015126544,0.0,0.5794445,0.297592
2028,1957.9568,0.0,1114.1029,89.28538,0.014282945,0.0,0.5555681,0.29759538
2029,1791.4531,0.0,934.74725,89.285545,0.01456536,0.0,0.55669963,0.29759854
2030,1727.171,0.0,1047.3195,89.285736,0.013916711,0.0,0.522171,0.2976014
2031,2116.2073,0.0,1094.2764,89.28589,0.015671588,0.0,0.59208524,0.29760385
2032,1224.5082,0.0,1332.1749,89.28602,0.014893557,0.0,0.5679166,0.2976043
2033,2335.016,0.0,1024.6318,89.28615,0.019189838,0.0,0.553605,0.29760462
2034,1529.2396,0.0,1061.7333,89.286285,0.015192263,0.0,0.56189114,0.29759896
2035,1498.0599,0.0,1276.1987,89.28639,0.017086914,0.0,0.54763293,0.2975938
2036,1896.2771,0.0,904.9903,89.28653,0.014730486,0.0,0.53006816,0.29758912
2037,1945.179,0.0,1078.6614,89.28658,0.019432116,0.0,0.51351464,0.2975848
2038,1975.4908,0.0,1303.5518,89.28662,0.014637502,0.0,0.5440396,0.29758027
2039,1577.61,0.0,1452.3184,89.286644,0.016498199,0.0,0.5418565,0.2975761
2040,1929.1581,0.0,1116.0695,89.28664,0.017405763,0.0,0.60703224,0.29757226
2041,1885.6677,0.0,839.0602,89.28662,0.018033793,0.0,0.5787957,0.29756868
2042,2047.9242,0.0,1129.3607,89.28662,0.013825591,0.0,0.5869485,0.2975653
2043,1852.1337,0.0,838.7437,89.28664,0.01854343,0.0,0.56145495,0.29756218
2044,1691.0747,0.0,1375.6333,89.286606,0.014451763,0.0,0.5850867,0.2975593
2045,2021.3953,0.0,1114.2109,89.286575,0.016671782,0.0,0.5770203,0.29755655
2046,1966.2633,0.0,1380.1965,89.286545,0.015140566,0.0,0.5662203,0.2975539
2047,1905.7601,0.0,703.09796,89.286476,0.018396001,0.0,0.59229195,0.29755148
2048,2473.8818,0.0,1042.4779,89.28637,0.014787614,0.0,0.57230616,0.29754916
2049,1779.7938,0.0,1256.6079,89.28625,0.016811982,0.0,0.5589795,0.2975472
2050,2050.0579,0.0,1129.6526,89.28617,0.018617677,0.0,0.5594131,0.29754537
2051,2269.67,0.0,1163.581,89.28608,0.015572707,0.0,0.5488266,0.29754356
2052,2095.3984,0.0,1040.0634,89.28603,0.01882764,0.0,0.58871883,0.29754186
2053,2498.9065,0.0,1406.6234,89.286,0.015563533,0.0,0.553672,0.29754016
2054,1900.5402,0.0,1395.7594,89.28598,0.01554724,0.0,0.6042849,0.29753855
2055,2495.0322,0.0,1144.831,89.28592,0.017930936,0.0,0.5621151,0.2975331
2056,2245.313,0.0,1420.9738,89.285866,0.01862476,0.0,0.59349436,0.29752812
2057,2180.8638,0.0,1100.5889,89.28586,0.015143925,0.0,0.5721736,0.29752475
2058,1910.6378,0.0,1152.995,89.2859,0.01708891,0.0,0.60334545,0.29752174
2059,1326.3573,0.0,1615.6328,89.285934,0.013802531,0.0,0.54476476,0.29751894
2060,2476.949,0.0,896.4484,89.285965,0.015012844,0.0,0.5420798,0.2975164
2061,1581.8395,0.0,1250.464,89.28601,0.013911193,0.0,0.56963885,0.29751393
2062,1581.1451,0.0,961.0563,89.28603,0.022998994,0.0,0.5706367,0.2975054
2063,1617.0997,0.0,1077.395,89.28604,0.014042481,0.0,0.55146706,0.29749772
2064,1877.2952,0.0,967.10846,89.28608,0.01745022,0.0,0.54876065,0.29749084
2065,2179.9219,0.0,1274.4991,89.28614,0.012380771,0.0,0.5630086,0.29748467
2066,1450.8362,0.0,1268.624,89.28619,0.016454,0.0,0.56364584,0.29747882
2067,2093.7688,0.0,1120.7224,89.28626,0.016899187,0.0,0.56149036,0.29747397
2068,1499.059,0.0,959.93713,89.286354,0.01537252,0.0,0.54630625,0.2974696
2069,1584.1567,0.0,1064.4706,89.28646,0.01612841,0.0,0.58830494,0.29746556
2070,1826.3302,0.0,1039.4851,89.28653,0.014544506,0.0,0.56152725,0.29746187
2071,1743.503,0.0,1343.5298,89.28666,0.015373737,0.0,0.57048917,0.29745847
2072,1956.0042,0.0,1266.6224,89.28669,0.013802931,0.0,0.54328215,0.2974553
2073,1562.0964,0.0,1252.8229,89.2867,0.01747626,0.0,0.51379627,0.2974524
2074,1930.6508,0.0,1062.9989,89.286705,0.0148238335,0.0,0.55302477,0.2974497
2075,2309.088,0.0,941.9039,89.286674,0.01267219,0.0,0.51400256,0.29744717
2076,2384.8662,0.0,1213.5883,89.28665,0.01539766,0.0,0.5479879,0.29744473
2077,1655.9099,0.0,951.68353,89.28664,0.018515375,0.0,0.546029,0.29744247
2078,1898.7062,0.0,771.31573,89.28667,0.014534054,0.0,0.6152781,0.29744032
2079,2345.383,0.0,1225.3824,89.28671,0.018278314,0.0,0.610945,0.29743826
2080,1917.0538,0.0,769.81244,89.28677,0.0132526215,0.0,0.54439324,0.29743633
2081,1930.3787,0.0,795.0324,89.28685,0.015655428,0.0,0.5877726,0.29743448
2082,1808.9802,0.0,1325.5997,89.28692,0.016555712,0.0,0.57432306,0.29743257
2083,2693.4531,0.0,1311.8827,89.28695,0.015242523,0.0,0.5845286,0.29743093
2084,1655.01,0.0,838.9777,89.28703,0.016954986,0.0,0.53729874,0.2974294
2085,1607.4874,0.0,1395.866,89.28712,0.014773829,0.0,0.6124586,0.29742786
2086,2178.0964,0.0,1205.1691,89.287186,0.016503999,0.0,0.5513376,0.29742634
2087,2027.3033,0.0,1041.9591,89.28724,0.014587661,0.0,0.5697245,0.29742494
2088,1664.2773,0.0,1495.1094,89.28729,0.014092664,0.0,0.5382084,0.29742223
2089,1459.0018,0.0,1085.9026,89.287285,0.019692939,0.0,0.5723796,0.2974197
2090,2323.642,0.0,1048.298,89.28725,0.017841091,0.0,0.57998645,0.29741696
2091,2097.8313,0.0,1084.7573,89.28723,0.012731232,0.0,0.6102916,0.29741433
2092,2503.7324,0.0,1516.2842,89.287224,0.016325302,0.0,0.5832994,0.29741195
2093,1447.858,0.0,1140.9573,89.287224,0.01626337,0.0,0.5639228,0.29740968
2094,1756.8959,0.0,643.2498,89.28721,0.015923519,0.0,0.58954376,0.29740757
2095,1757.3297,0.0,1495.6141,89.28717,0.016655244,0.0,0.5671813,0.29740557
2096,1667.6732,0.0,1058.8241,89.28712,0.015394537,0.0,0.58307314,0.29740366
2097,2024.364,0.0,1254.3585,89.28708,0.016149145,0.0,0.5941887,0.29740185
2098,1529.561,0.0,1088.8268,89.28703,0.015367661,0.0,0.5765031,0.29739863
2099,1303.9752,0.0,1362.4923,89.28697,0.019700985,0.0,0.5863042,0.29739562
2100,2140.352,0.0,1076.2589,89.2869,0.015221447,0.0,0.6067084,0.29739338
2101,2245.472,0.0,1107.6698,89.28683,0.017412912,0.0,0.5742416,0.2973912
2102,1797.2808,0.0,1109.9272,89.28676,0.017863093,0.0,0.54849076,0.29738924
2103,1601.2394,0.0,1091.7882,89.2867,0.018613376,0.0,0.5791557,0.2973873
2104,1982.0239,0.0,971.56964,89.28662,0.017156726,0.0,0.56335294,0.297388
2105,1447.4554,0.0,901.14624,89.28656,0.015507391,0.0,0.55204916,0.29738855
2106,1999.8956,0.0,1404.372,89.28652,0.018793814,0.0,0.5559127,0.29738903
2107,1386.8943,0.0,1019.2516,89.286514,0.015492748,0.0,0.54513514,0.29738945
2108,1939.5474,0.0,1048.1846,89.28651,0.0161459,0.0,0.57417744,0.2973897
2109,1716.2843,0.0,1132.9453,89.286514,0.017434679,0.0,0.5186367,0.29738986
2110,1504.6935,0.0,1103.4897,89.28651,0.016479207,0.0,0.57957304,0.2973899
2111,2317.3516,0.0,1211.4542,89.286514,0.013401634,0.0,0.5155059,0.29739004
2112,1566.0304,0.0,981.89166,89.28653,0.015813377,0.0,0.5564879,0.29739013
2113,1817.8109,0.0,942.52905,89.28651,0.016790189,0.0,0.5862316,0.29739007
2114,1903.6099,0.0,1089.6643,89.28651,0.014313324,0.0,0.55428195,0.297373
2115,1742.7612,0.0,1241.6906,89.2865,0.01802475,0.0,0.5848737,0.2973583
2116,1386.8912,0.0,1403.2369,89.28657,0.019385397,0.0,0.5357232,0.297345
2117,2174.9504,0.0,1099.288,89.28661,0.018637437,0.0,0.5421159,0.2973369
2118,1751.2722,0.0,1092.1398,89.28665,0.015239639,0.0,0.5959475,0.29732952
2119,1401.0685,0.0,1116.2812,89.28672,0.015873302,0.0,0.56029856,0.29732287
2120,1854.3,0.0,1081.4796,89.286766,0.014043607,0.0,0.5512931,0.2973168
2121,1943.2031,0.0,1083.679,89.28682,0.017619062,0.0,0.5897121,0.2973113
2122,1658.8231,0.0,1302.5363,89.28689,0.018140297,0.0,0.61072844,0.29730624
2123,1507.1696,0.0,984.4575,89.28692,0.01811156,0.0,0.55084527,0.29730165
2124,2216.9521,0.0,1483.0021,89.28691,0.020806413,0.0,0.5398833,0.29729703
2125,2180.1365,0.0,1090.3351,89.28694,0.020560108,0.0,0.53363395,0.2972929
2126,1787.1417,0.0,1132.2167,89.28696,0.016917638,0.0,0.5903604,0.29728907
2127,1481.8328,0.0,1129.1581,89.28698,0.01548834,0.0,0.6201918,0.2972877
2128,1304.3934,0.0,1190.8495,89.28704,0.014414502,0.0,0.5601659,0.2972865
2129,1714.1165,0.0,1209.6439,89.287094,0.014075786,0.0,0.5521414,0.29728547
2130,1853.6356,0.0,1120.1256,89.28714,0.016295575,0.0,0.550801,0.2972844
2131,1633.418,0.0,985.03723,89.28719,0.016676765,0.0,0.548004,0.2972887
2132,1647.085,0.0,774.93317,89.2873,0.017392144,0.0,0.5495373,0.29729095
2133,1453.9445,0.0,968.78674,89.28739,0.017001646,0.0,0.58036274,0.29729304
2134,2455.6765,0.0,979.7932,89.28746,0.01756575,0.0,0.5959116,0.2972949
2135,1782.3339,0.0,956.3909,89.28761,0.018966524,0.0,0.62015676,0.29729658
2136,2021.8265,0.0,1250.2964,89.28778,0.017647883,0.0,0.539476,0.297298
2137,1962.4115,0.0,1004.93933,89.28795,0.014840889,0.0,0.5655001,0.29729933
2138,1809.1703,0.0,1215.9885,89.28814,0.016134912,0.0,0.5787653,0.2973004
2139,2568.916,0.0,1224.1105,89.28826,0.016306682,0.0,0.538295,0.2973013
2140,1788.4032,0.0,1445.5106,89.28849,0.018253071,0.0,0.54959774,0.297302
2141,1598.6165,0.0,1346.2003,89.28871,0.015881456,0.0,0.57603925,0.29730257
2142,1818.4734,0.0,976.3596,89.28889,0.016683746,0.0,0.5676249,0.297303
2143,1876.4126,0.0,1226.3304,89.289024,0.0144925965,0.0,0.63547003,0.297303
2144,2010.4471,0.0,1130.4872,89.289116,0.016600542,0.0,0.56333244,0.29730296
2145,2091.6167,0.0,1018.32904,89.28921,0.017082341,0.0,0.5493738,0.29729924
2146,2112.511,0.0,1242.5695,89.28924,0.020404678,0.0,0.575246,0.29729578
2147,1962.8763,0.0,866.53107,89.28922,0.015737811,0.0,0.57180995,0.2972951
2148,1878.052,0.0,1066.2007,89.28921,0.018312074,0.0,0.589983,0.297295
2149,1579.1666,0.0,1041.1744,89.2892,0.014077723,0.0,0.5312822,0.2972954
2150,2184.3767,0.0,934.27203,89.28921,0.020745229,0.0,0.5480665,0.2972961
2151,2018.8589,0.0,835.6949,89.289215,0.015890082,0.0,0.5775335,0.29729697
2152,3335.975,0.0,1177.3346,89.28926,0.016773714,0.0,0.5840936,0.29729792
2153,1658.6385,0.0,894.11707,89.28933,0.014776643,0.0,0.5876288,0.29729894
2154,1801.1852,0.0,1128.7411,89.289345,0.016800266,0.0,0.53558123,0.29729995
2155,1858.8083,0.0,1081.7627,89.2894,0.01798442,0.0,0.5623485,0.29730082
2156,1387.6138,0.0,1349.9138,89.28952,0.014584692,0.0,0.5705601,0.29730168
2157,2590.891,0.0,1186.6987,89.289604,0.017338246,0.0,0.6020839,0.29730085
2158,1396.3345,0.0,977.3063,89.2897,0.015667384,0.0,0.5745151,0.29730013
2159,1864.549,0.0,1235.395,89.28985,0.01576221,0.0,0.5540588,0.29729295
2160,1749.782,0.0,880.2867,89.29002,0.015821803,0.0,0.6068461,0.29728648
2161,1973.087,0.0,1063.643,89.29014,0.019781895,0.0,0.54991937,0.29728064
2162,1284.6836,0.0,1079.741,89.29026,0.015667683,0.0,0.55773973,0.29727536
2163,1614.7704,0.0,1305.6613,89.29037,0.015508121,0.0,0.5355951,0.2972706
2164,2440.0793,0.0,1235.9841,89.29052,0.013960963,0.0,0.6025602,0.29726636
2165,1928.8242,0.0,1646.6133,89.29067,0.017580843,0.0,0.55270934,0.29726246
2166,2230.8599,0.0,1056.4512,89.290825,0.013642697,0.0,0.5558061,0.29725885
2167,2179.221,0.0,1248.9612,89.29096,0.019926574,0.0,0.52652854,0.2972556
2168,2228.8972,0.0,1043.6396,89.291046,0.015925061,0.0,0.5323552,0.29725254
2169,1963.0883,0.0,934.3662,89.291145,0.017229665,0.0,0.5987533,0.29724395
2170,1709.9065,0.0,1202.0773,89.29126,0.017323297,0.0,0.58290315,0.2972366
2171,1771.1105,0.0,1155.393,89.29134,0.016257146,0.0,0.58289844,0.29723024
2172,1642.179,0.0,1211.7433,89.29142,0.015588562,0.0,0.55592895,0.29722482
2173,1532.4391,0.0,801.48627,89.29152,0.014073923,0.0,0.5327776,0.29722
2174,1954.1765,0.0,1210.5863,89.2916,0.017284263,0.0,0.52213746,0.2972158
2175,1384.0088,0.0,929.40326,89.29166,0.013875866,0.0,0.5964848,0.2972121
2176,3016.6204,0.0,1131.9484,89.29168,0.014084112,0.0,0.5611259,0.29720882
2177,1551.418,0.0,1457.3395,89.29166,0.014942639,0.0,0.57553315,0.2972058
2178,1701.9302,0.0,1222.5192,89.2917,0.015789405,0.0,0.5724474,0.2972031
2179,1682.1707,0.0,909.16833,89.29175,0.014364022,0.0,0.59039766,0.29720065
2180,1838.0889,0.0,1252.0603,89.29179,0.015801296,0.0,0.5813937,0.29719833
2181,1896.0548,0.0,1250.1941,89.29186,0.014654607,0.0,0.5241811,0.2971962
2182,1903.3588,0.0,987.90247,89.291954,0.01644202,0.0,0.5897366,0.2971942
2183,1770.7762,0.0,1180.976,89.29204,0.014546556,0.0,0.5483288,0.29719236
2184,1744.476,0.0,1284.1548,89.29213,0.014369352,0.0,0.56572914,0.2971906
2185,2184.3164,0.0,790.3743,89.2922,0.01307978,0.0,0.55613804,0.29718894
2186,1733.045,0.0,1060.3794,89.29231,0.017686814,0.0,0.5378383,0.29718733
2187,1993.3447,0.0,1129.0244,89.29243,0.017936172,0.0,0.5296397,0.29718584
2188,1897.372,0.0,1251.48,89.29254,0.017042164,0.0,0.54235077,0.29718363
2189,1924.2091,0.0,1425.3673,89.292656,0.012951757,0.0,0.55927336,0.2971816
2190,1605.4191,0.0,1173.551,89.29274,0.017444674,0.0,0.551831,0.2971797
2191,1952.5414,0.0,1380.7738,89.29279,0.011140911,0.0,0.5508374,0.29717788
2192,1993.2921,0.0,1260.6915,89.29282,0.014685046,0.0,0.54506916,0.29717618
2193,1521.9012,0.0,1181.7257,89.29285,0.018191734,0.0,0.53916657,0.29717454
2194,2948.2722,0.0,1463.563,89.292854,0.01779507,0.0,0.5390892,0.29717278
2195,1633.4198,0.0,996.97437,89.29283,0.016159207,0.0,0.60541296,0.29717118
2196,2450.9956,0.0,1192.0387,89.292854,0.018314231,0.0,0.5617926,0.2971696
2197,2144.6016,0.0,1825.88,89.292915,0.015359681,0.0,0.6099867,0.2971681
2198,1543.966,0.0,1227.7067,89.29292,0.012509233,0.0,0.54907787,0.29716662
2199,2311.695,0.0,1282.0408,89.292885,0.016001558,0.0,0.57748955,0.29716513
2200,2048.3674,0.0,1080.1143,89.29294,0.01657911,0.0,0.5439658,0.29716384
2201,2263.1614,0.0,1283.6063,89.293015,0.01894695,0.0,0.5715576,0.2971626
2202,1971.3456,0.0,1160.5088,89.293106,0.013056105,0.0,0.60717165,0.29716134
2203,1988.6016,0.0,1161.638,89.293175,0.013495741,0.0,0.5859724,0.29716003
2204,2233.107,0.0,1190.9479,89.29328,0.017072825,0.0,0.58934855,0.29715878
2205,1432.4132,0.0,1200.9836,89.29335,0.01470623,0.0,0.6261685,0.2971575
2206,1818.792,0.0,982.5855,89.293396,0.019542342,0.0,0.5939952,0.29715624
2207,1952.4768,0.0,1134.9711,89.293434,0.014988251,0.0,0.5576171,0.297155
2208,2087.4336,0.0,1260.4675,89.29354,0.014387593,0.0,0.5564055,0.29715377
2209,1916.619,0.0,1093.524,89.29366,0.015078883,0.0,0.53778005,0.29715255
2210,1498.202,0.0,1079.509,89.29381,0.015755076,0.0,0.54414034,0.29715133
2211,2516.553,0.0,989.9302,89.29397,0.014816456,0.0,0.5438894,0.29715014
2212,2168.2207,0.0,870.839,89.294136,0.01621162,0.0,0.54262817,0.29714885
2213,2568.241,0.0,921.19684,89.29429,0.01750353,0.0,0.5891918,0.29714754
2214,2052.7603,0.0,1263.7902,89.294395,0.019016165,0.0,0.55160296,0.29714632
2215,1623.733,0.0,1356.4581,89.29455,0.016267713,0.0,0.5908465,0.29714507
2216,1587.7722,0.0,1157.2535,89.294624,0.018852895,0.0,0.5455398,0.29714385
2217,1855.3007,0.0,1564.9603,89.29471,0.016816583,0.0,0.5873754,0.29714203
2218,1946.2495,0.0,1205.5194,89.2947,0.015981926,0.0,0.5624106,0.29714042
2219,2311.3196,0.0,1147.8354,89.29475,0.0157603,0.0,0.5411387,0.29713875
2220,2109.268,0.0,1275.5073,89.29478,0.018216018,0.0,0.5368886,0.29713714
2221,1476.0648,0.0,1096.4034,89.294785,0.019477002,0.0,0.5676894,0.29713565
2222,2187.7563,0.0,931.79095,89.29483,0.019764077,0.0,0.55248386,0.29713416
2223,2124.7297,0.0,1149.306,89.29483,0.015020691,0.0,0.59528637,0.29713234
2224,1592.7793,0.0,1112.5035,89.2949,0.018612873,0.0,0.55259854,0.29713067
2225,2050.5151,0.0,971.1923,89.29493,0.023048371,0.0,0.67281264,0.29712906
2226,1805.4603,0.0,1616.1698,89.29496,0.017162487,0.0,0.5644953,0.29712743
2227,1887.2902,0.0,1201.8722,89.294975,0.02295892,0.0,0.55281126,0.29712588
2228,1964.2208,0.0,1263.8866,89.294975,0.019536708,0.0,0.5815992,0.29712442
2229,1667.9375,0.0,1068.261,89.29502,0.020084439,0.0,0.5630514,0.29712293
2230,1653.4346,0.0,1050.438,89.29504,0.014750938,0.0,0.598755,0.2971215
2231,1516.813,0.0,990.09503,89.295044,0.016495146,0.0,0.5728952,0.29712006
2232,2136.6047,0.0,888.55646,89.29505,0.019793317,0.0,0.59710354,0.29711875
2233,1720.9343,0.0,1089.0518,89.29509,0.01753266,0.0,0.53730625,0.29711735
2234,1969.9146,0.0,1023.9806,89.29508,0.021648262,0.0,0.5554098,0.29711604
2235,2082.713,0.0,1053.7122,89.295074,0.015904533,0.0,0.51171297,0.29711476
2236,1778.105,0.0,956.85504,89.29508,0.012804571,0.0,0.5981668,0.29711345
2237,2163.467,0.0,910.7596,89.29507,0.015211712,0.0,0.57471454,0.2971121
2238,1475.306,0.0,1430.9268,89.29506,0.015462229,0.0,0.56688493,0.29711097
2239,1531.1666,0.0,1257.7365,89.29503,0.017603617,0.0,0.55792564,0.2971098
2240,1575.792,0.0,975.1074,89.29507,0.015244141,0.0,0.5526606,0.2971086
2241,1490.7959,0.0,1067.2026,89.295044,0.017947748,0.0,0.50534093,0.29710746
2242,2165.382,0.0,728.62585,89.295074,0.019194882,0.0,0.5715066,0.2971063
2243,1724.714,0.0,989.8928,89.29509,0.018873071,0.0,0.54494876,0.2971051
2244,1708.0607,0.0,1246.5992,89.29515,0.011950538,0.0,0.5703541,0.29710394
2245,1507.0305,0.0,1555.0199,89.29527,0.02253662,0.0,0.56652254,0.29710278
2246,1880.7699,0.0,1230.7146,89.295395,0.019501977,0.0,0.5941909,0.29710162
2247,1809.9089,0.0,1590.5696,89.29554,0.017728467,0.0,0.54841113,0.29710042
2248,2712.6174,0.0,1050.2218,89.29568,0.017504804,0.0,0.5804662,0.2970993
2249,2015.4464,0.0,904.58344,89.29576,0.020169232,0.0,0.5264031,0.29709813
2250,1956.8354,0.0,1097.351,89.29588,0.013709817,0.0,0.5708015,0.29709995
2251,2173.285,0.0,1229.1896,89.29595,0.019806877,0.0,0.5708846,0.29710147
2252,1539.5914,0.0,839.16095,89.29602,0.018263344,0.0,0.59778136,0.29710278
2253,1699.2502,0.0,1375.5825,89.29608,0.020167604,0.0,0.5878453,0.29710385
2254,1957.0276,0.0,1199.171,89.29615,0.019610096,0.0,0.5924961,0.29710463
2255,1286.5997,0.0,1021.7879,89.29627,0.01604609,0.0,0.5595497,0.29710525
2256,1702.8251,0.0,1254.8599,89.29638,0.020687582,0.0,0.5978912,0.29710564
2257,1637.6008,0.0,1428.655,89.296486,0.013327978,0.0,0.5479615,0.29710594
2258,2150.1934,0.0,1223.701,89.29659,0.013738364,0.0,0.57345533,0.29710564
2259,1792.2528,0.0,1433.1284,89.29662,0.017979871,0.0,0.55305165,0.29710522
2260,1980.9662,0.0,1271.6609,89.29657,0.01479553,0.0,0.5694727,0.2971013
2261,2139.5938,0.0,695.14374,89.29653,0.017184664,0.0,0.53069025,0.29709762
2262,1987.6925,0.0,1417.6666,89.29648,0.014033197,0.0,0.5951073,0.2970943
2263,2161.6565,0.0,988.01483,89.29641,0.0174305,0.0,0.5530696,0.29709116
2264,1823.1316,0.0,994.3104,89.296326,0.020034065,0.0,0.55542797,0.2970882
2265,1785.755,0.0,1004.1372,89.296234,0.017714564,0.0,0.5633734,0.29708552
2266,1857.1765,0.0,1311.2382,89.29606,0.014786655,0.0,0.5767335,0.29708347
2267,2138.1562,0.0,1080.2944,89.29578,0.013376998,0.0,0.57302856,0.29708153
2268,1413.4037,0.0,1299.9508,89.295525,0.017784609,0.0,0.53935313,0.29707932
2269,1421.1646,0.0,820.1138,89.29534,0.01693972,0.0,0.56509393,0.29707724
2270,1903.2374,0.0,1077.55,89.29517,0.015184368,0.0,0.56950295,0.29707545
2271,2431.9968,0.0,971.9302,89.29502,0.017904358,0.0,0.56105334,0.29707372
2272,1638.0804,0.0,1178.364,89.29493,0.018557407,0.0,0.5658358,0.29707202
2273,1641.6703,0.0,940.39606,89.29483,0.02029095,0.0,0.5402106,0.2970706
2274,2224.7646,0.0,1015.05145,89.294785,0.021307176,0.0,0.5586838,0.29708233
2275,1679.4835,0.0,1200.0073,89.29475,0.015003085,0.0,0.5599444,0.29709294
2276,2075.5024,0.0,879.07086,89.29474,0.017304912,0.0,0.50744665,0.2971025
2277,1904.8789,0.0,1112.5642,89.29473,0.015751846,0.0,0.5487088,0.2971111
2278,1483.9802,0.0,1152.8229,89.29474,0.016763141,0.0,0.5799595,0.29711884
2279,1829.643,0.0,1162.3859,89.29477,0.014427172,0.0,0.539302,0.2971257
2280,1904.0448,0.0,1053.3018,89.29485,0.016736124,0.0,0.57553357,0.29713184
2281,2614.8618,0.0,1237.3538,89.29492,0.017740868,0.0,0.53125584,0.29714426
2282,1480.9833,0.0,1330.3325,89.294975,0.014900913,0.0,0.5651889,0.29715607
2283,1505.7073,0.0,1027.953,89.295074,0.017183995,0.0,0.52190423,0.29716665
2284,1958.4839,0.0,977.3293,89.29519,0.016911147,0.0,0.568376,0.29717615
2285,1700.6788,0.0,1364.9333,89.29528,0.01906476,0.0,0.533908,0.29718584
2286,1887.5286,0.0,1555.8337,89.295395,0.016142357,0.0,0.5513232,0.29719698
2287,1999.444,0.0,1363.969,89.29555,0.017184392,0.0,0.57586986,0.29720706
2288,2759.3022,0.0,983.4445,89.29573,0.015847579,0.0,0.54040545,0.29721618
2289,2045.8373,0.0,995.17957,89.295876,0.019345826,0.0,0.6180436,0.29722768
2290,1539.0342,0.0,1095.6852,89.296036,0.014089613,0.0,0.59498537,0.29723817
2291,1350.2667,0.0,1145.9596,89.29619,0.015249012,0.0,0.55925703,0.29724777
2292,1776.054,0.0,1296.5044,89.29633,0.016240472,0.0,0.58383346,0.29725647
2293,2899.4326,0.0,1318.1852,89.29646,0.018137299,0.0,0.5907462,0.297264
2294,1838.9556,0.0,1203.4742,89.29662,0.016138904,0.0,0.5520201,0.2972707
2295,2291.5015,0.0,1314.7203,89.296814,0.018623827,0.0,0.5660727,0.2972768
2296,2160.135,0.0,1292.3763,89.296936,0.015407888,0.0,0.5322718,0.29728222
2297,2368.2808,0.0,1341.1008,89.29707,0.017553063,0.0,0.57724434,0.29728702
2298,2213.7249,0.0,1258.361,89.2972,0.017504914,0.0,0.5547326,0.29729134
2299,2405.5037,0.0,817.07263,89.29727,0.012034217,0.0,0.5745823,0.29729512
2300,2071.282,0.0,1121.1664,89.29734,0.016904479,0.0,0.50708354,0.29729846
2301,2017.1,0.0,1606.4244,89.297295,0.019984156,0.0,0.57324827,0.2973014
2302,2482.4963,0.0,1260.3694,89.29728,0.015986394,0.0,0.5781092,0.29730392
2303,1880.9038,0.0,823.0201,89.29726,0.013415514,0.0,0.5475278,0.2973061
2304,1953.2109,0.0,860.19507,89.29724,0.018468322,0.0,0.54360855,0.297308
2305,1431.1151,0.0,922.8804,89.29722,0.016227975,0.0,0.53885233,0.29730964
2306,2507.791,0.0,1007.6388,89.29715,0.021288387,0.0,0.5684283,0.29731092
2307,1839.3427,0.0,1153.0195,89.297066,0.013846356,0.0,0.56121606,0.29731083
2308,2095.5332,0.0,1045.1554,89.297005,0.015565641,0.0,0.5446228,0.29731083
2309,1335.1942,0.0,1147.7107,89.296906,0.013744025,0.0,0.6087085,0.29731074
2310,2362.2095,0.0,1023.841,89.296814,0.017885279,0.0,0.57386255,0.2973106
2311,2142.6802,0.0,1216.9288,89.29672,0.014496867,0.0,0.5412046,0.29731035
2312,2361.2434,0.0,1027.1078,89.2966,0.015726797,0.0,0.54307854,0.29730996
2313,1474.6852,0.0,1530.8525,89.29648,0.016691953,0.0,0.5509714,0.2973096
2314,1522.1075,0.0,972.9621,89.296455,0.017347312,0.0,0.55519056,0.29730913
2315,1846.9867,0.0,1075.2365,89.29648,0.0131865665,0.0,0.5405778,0.29730853
2316,1856.8312,0.0,1064.2296,89.2965,0.01806993,0.0,0.48107415,0.29730794
2317,1931.0343,0.0,1093.8765,89.296555,0.013063963,0.0,0.5430646,0.29731303
2318,1502.9758,0.0,820.3044,89.29666,0.017504215,0.0,0.6215448,0.2973176
2319,1412.2184,0.0,962.7369,89.29675,0.015402198,0.0,0.5927454,0.29732165
2320,1621.395,0.0,1306.696,89.29688,0.016891735,0.0,0.59725183,0.2973252
2321,2105.5327,0.0,1202.4873,89.297005,0.016872812,0.0,0.55850476,0.2973282
2322,1980.4875,0.0,1197.5593,89.297104,0.016193936,0.0,0.5494717,0.2973309
2323,2226.152,0.0,1056.3188,89.29724,0.014800677,0.0,0.5687375,0.2973332
2324,1808.5992,0.0,1149.6788,89.29735,0.01461219,0.0,0.60974926,0.29733518
2325,1781.62,0.0,995.52875,89.29746,0.014058715,0.0,0.5264057,0.29733688
2326,1379.554,0.0,959.61426,89.29755,0.018961035,0.0,0.5465759,0.2973383
2327,1520.6317,0.0,1252.3469,89.29761,0.01955973,0.0,0.59697443,0.29733944
2328,2384.8967,0.0,993.1109,89.29771,0.014901601,0.0,0.512499,0.29734042
2329,1963.4458,0.0,1067.1156,89.29779,0.017743506,0.0,0.5990298,0.29734108
2330,2381.9954,0.0,1401.5623,89.29784,0.0155259725,0.0,0.5634412,0.29734161
2331,1816.9874,0.0,1207.705,89.29784,0.016595516,0.0,0.5662699,0.29734197
2332,1822.6721,0.0,850.64404,89.29782,0.0145136025,0.0,0.58432204,0.2973422
2333,2909.7092,0.0,1134.7458,89.29776,0.014678828,0.0,0.58079016,0.29734227
2334,2048.5068,0.0,1043.757,89.29769,0.014783844,0.0,0.57611,0.29734224
2335,2153.2224,0.0,994.338,89.29763,0.015167033,0.0,0.58353376,0.29734206
2336,1833.4309,0.0,869.08466,89.29759,0.016628724,0.0,0.5982529,0.29734185
2337,2200.8381,0.0,887.5523,89.297516,0.014897572,0.0,0.5734662,0.29734153
2338,2028.6333,0.0,1404.014,89.29746,0.015167649,0.0,0.5812096,0.29734108
2339,2012.7812,0.0,988.9074,89.29741,0.01825481,0.0,0.5496252,0.29734057
2340,1520.4014,0.0,974.91956,89.297356,0.0122675,0.0,0.59540117,0.29734
2341,1880.8633,0.0,1261.8922,89.29734,0.0148962205,0.0,0.6205666,0.2973394
2342,2725.8823,0.0,1179.8053,89.29735,0.016207103,0.0,0.59909976,0.29733872
2343,1426.539,0.0,1044.4354,89.29736,0.017032018,0.0,0.54358554,0.29733804
2344,1785.1703,0.0,1169.1279,89.29738,0.01401425,0.0,0.64795136,0.29733905
2345,1579.231,0.0,1059.7523,89.29741,0.017332263,0.0,0.5894015,0.29733995
2346,2615.071,0.0,1393.9446,89.29747,0.016489595,0.0,0.5081461,0.29734063
2347,1680.8638,0.0,1541.3848,89.2975,0.015263658,0.0,0.6055333,0.29734117
2348,1975.2922,0.0,1085.3799,89.29757,0.015543712,0.0,0.50835276,0.29734156
2349,1660.7407,0.0,1111.2521,89.29767,0.018376365,0.0,0.5638338,0.2973417
2350,1833.6348,0.0,1285.7946,89.29779,0.015111685,0.0,0.5748895,0.29734182
2351,1685.9906,0.0,1070.0039,89.29789,0.016472528,0.0,0.58246964,0.29734173
2352,1907.1559,0.0,1110.0815,89.29796,0.018783882,0.0,0.59582305,0.29734156
2353,1364.5188,0.0,1308.4623,89.29804,0.014993439,0.0,0.5282958,0.2973413
2354,1489.5529,0.0,1306.366,89.298164,0.017352607,0.0,0.5957426,0.29734096
2355,2027.7144,0.0,848.9906,89.29825,0.017334823,0.0,0.5262641,0.2973405
2356,2163.025,0.0,1145.4929,89.29831,0.016433565,0.0,0.5714212,0.29734
2357,1765.2352,0.0,1006.3957,89.29839,0.016282894,0.0,0.5667709,0.2973485
2358,1808.0624,0.0,869.40283,89.29846,0.01456113,0.0,0.51988167,0.29735467
2359,1525.7609,0.0,1060.5317,89.29857,0.014623066,0.0,0.5779774,0.29736048
2360,1964.6117,0.0,1265.6257,89.29864,0.018516704,0.0,0.56907547,0.29736602
2361,2132.8318,0.0,1281.5356,89.2988,0.016099064,0.0,0.5510174,0.29737106
2362,1695.7667,0.0,948.3309,89.29891,0.014372687,0.0,0.5870139,0.29737574
2363,2611.9827,0.0,1130.4325,89.29905,0.017869076,0.0,0.53957003,0.29738
2364,2212.1467,0.0,1006.10504,89.29922,0.018634079,0.0,0.568529,0.29738387
2365,2122.848,0.0,1075.9326,89.299355,0.016972069,0.0,0.5947981,0.29738736
2366,1950.2982,0.0,1365.4932,89.29946,0.01779679,0.0,0.6014315,0.29739046
2367,1528.226,0.0,1219.0753,89.29954,0.014999881,0.0,0.577711,0.29739326
2368,1244.2107,0.0,1484.798,89.29957,0.015775902,0.0,0.5406675,0.29739562
2369,2125.417,0.0,1006.3181,89.29957,0.015035016,0.0,0.6122521,0.29739776
2370,1933.9875,0.0,1104.1593,89.299545,0.0149399415,0.0,0.576997,0.29739967
2371,1718.3354,0.0,1087.7316,89.29952,0.017484386,0.0,0.6145743,0.2974012
2372,1908.3394,0.0,1524.7032,89.29957,0.01335921,0.0,0.57448775,0.29740253
2373,2942.5317,0.0,838.0202,89.29966,0.02015479,0.0,0.53181374,0.29740363
2374,2561.4333,0.0,1365.4567,89.29973,0.017088933,0.0,0.5743967,0.29740465
2375,2120.7778,0.0,1396.011,89.29982,0.016156785,0.0,0.5831826,0.29740542
2376,1953.1018,0.0,1167.319,89.2999,0.015149832,0.0,0.5684758,0.29740602
2377,1831.6688,0.0,1224.4138,89.29995,0.013228185,0.0,0.54071987,0.29740646
2378,1976.1378,0.0,1218.8881,89.299965,0.012902334,0.0,0.59933275,0.29740682
2379,2429.2063,0.0,1282.03,89.29991,0.016643714,0.0,0.57060957,0.2974071
2380,1641.9685,0.0,1301.9948,89.29991,0.016919188,0.0,0.59639704,0.29740718
2381,2201.3489,0.0,1463.3934,89.29988,0.013920127,0.0,0.5603572,0.29740718
2382,1527.3644,0.0,1016.3394,89.29987,0.015232306,0.0,0.5541527,0.29740703
2383,2049.597,0.0,1006.5414,89.29987,0.013659522,0.0,0.6008549,0.297397
2384,2218.636,0.0,1191.1066,89.29986,0.014703008,0.0,0.55288905,0.29738876
2385,1666.406,0.0,1281.7549,89.29983,0.015228523,0.0,0.553018,0.29738426
2386,1540.8268,0.0,1371.8721,89.29977,0.011520401,0.0,0.58412516,0.2973807
2387,1516.1167,0.0,1180.0906,89.299736,0.013897553,0.0,0.58616346,0.29737782
2388,1861.8301,0.0,1338.5365,89.29973,0.019107483,0.0,0.5746016,0.29737595
2389,1372.0352,0.0,1417.184,89.29965,0.017662564,0.0,0.60245603,0.29737455
2390,1647.0989,0.0,936.4999,89.299614,0.01720645,0.0,0.5736654,0.29737344
2391,1385.5148,0.0,961.94476,89.299545,0.015666764,0.0,0.52499276,0.2973725
2392,2060.9858,0.0,1204.3362,89.299515,0.01522661,0.0,0.5284231,0.2973717
2393,1624.1044,0.0,851.2051,89.29949,0.015464014,0.0,0.57232237,0.297371
2394,1650.9478,0.0,1002.75366,89.29945,0.01522865,0.0,0.5273715,0.29737037
2395,1953.102,0.0,1157.4857,89.29945,0.017056495,0.0,0.6017823,0.29736978
2396,1874.1483,0.0,882.7603,89.29945,0.014553009,0.0,0.56417775,0.29736924
2397,1978.8052,0.0,1480.9585,89.29954,0.015377853,0.0,0.5198247,0.29736757
2398,1711.7979,0.0,1260.1162,89.2996,0.016248852,0.0,0.49615538,0.2973656
2399,1702.45,0.0,1162.8888,89.29972,0.01897565,0.0,0.5836997,0.2973617
2400,1740.3524,0.0,1075.007,89.299805,0.019687388,0.0,0.5235641,0.29735917
2401,2139.7039,0.0,1117.2648,89.29988,0.01760421,0.0,0.5416029,0.2973568
2402,1551.7471,0.0,1322.0575,89.299995,0.016353121,0.0,0.5519606,0.2973547
2403,1982.9604,0.0,948.6896,89.30003,0.017026216,0.0,0.5699018,0.2973621
2404,1468.9419,0.0,999.1984,89.30004,0.016887551,0.0,0.55483377,0.29736868
2405,1567.7511,0.0,1289.3706,89.300125,0.020341037,0.0,0.53561354,0.29737458
2406,1846.4309,0.0,1171.6671,89.30016,0.017062552,0.0,0.5719677,0.29737988
2407,1467.8525,0.0,1041.2344,89.30021,0.01637371,0.0,0.59031576,0.29738456
2408,1992.9716,0.0,1028.8401,89.300255,0.017738933,0.0,0.6026951,0.2973887
2409,1923.7985,0.0,1475.0084,89.30029,0.015676118,0.0,0.52483714,0.29739237
2410,1578.566,0.0,1280.881,89.30035,0.014307097,0.0,0.5960423,0.29739556
2411,1529.9089,0.0,957.89154,89.300354,0.012798257,0.0,0.5995079,0.29739836
2412,2095.4817,0.0,1178.401,89.30036,0.017183995,0.0,0.5836419,0.29740077
2413,1437.9406,0.0,878.691,89.30044,0.016597675,0.0,0.5692121,0.2974029
2414,1398.7115,0.0,1219.5684,89.30052,0.021685472,0.0,0.531819,0.29740465
2415,1642.5878,0.0,1137.6245,89.30059,0.017742973,0.0,0.565872,0.29740614
2416,2080.704,0.0,1173.4607,89.30066,0.01682909,0.0,0.5776144,0.29740772
2417,2195.4048,0.0,1218.5454,89.3007,0.014319959,0.0,0.6051146,0.29740903
2418,1903.7712,0.0,1449.9424,89.30075,0.018388163,0.0,0.51204616,0.29741013
2419,1487.9956,0.0,865.3527,89.3008,0.01746643,0.0,0.5512631,0.29741096
2420,1436.845,0.0,1097.0055,89.30082,0.015411272,0.0,0.599776,0.29741165
2421,1673.2351,0.0,933.6317,89.30088,0.020692252,0.0,0.55350125,0.29741275
2422,1980.4779,0.0,1064.4667,89.30094,0.018412665,0.0,0.5362475,0.29741365
2423,3064.1865,0.0,1083.2577,89.30098,0.015695151,0.0,0.5276995,0.29741433
2424,1600.1445,0.0,1214.6272,89.30103,0.016857684,0.0,0.5731971,0.29741496
2425,1817.7279,0.0,1239.1284,89.301094,0.013076259,0.0,0.5804402,0.29741532
2426,1367.4904,0.0,979.892,89.30118,0.018825082,0.0,0.5710679,0.29741552
2427,1977.1002,0.0,1026.482,89.30119,0.017513422,0.0,0.53829885,0.29741558
2428,1628.4923,0.0,1036.6534,89.30126,0.013766978,0.0,0.5963961,0.29741672
2429,1879.1113,0.0,1317.1406,89.30132,0.015489601,0.0,0.52872765,0.29741764
2430,2092.1177,0.0,1117.394,89.30136,0.016707696,0.0,0.55321527,0.29741836
2431,1872.3065,0.0,936.4095,89.30141,0.015460445,0.0,0.57849133,0.29741892
2432,1906.5018,0.0,1429.3597,89.30147,0.018169,0.0,0.56538284,0.2974193
2433,1758.4196,0.0,1013.74347,89.30152,0.015294733,0.0,0.53499126,0.29741958
2434,1585.8851,0.0,1354.7662,89.3015,0.014806135,0.0,0.5757632,0.2974197
2435,1993.4974,0.0,1052.6572,89.30145,0.016493475,0.0,0.56502914,0.2974197
2436,2862.3484,0.0,1062.5197,89.30144,0.015216394,0.0,0.52922976,0.2974196
2437,1765.0463,0.0,1219.9403,89.30141,0.020952005,0.0,0.53039837,0.2974194
2438,1552.5708,0.0,1346.248,89.30139,0.017902223,0.0,0.56346136,0.2974191
2439,1889.583,0.0,886.72736,89.301346,0.01587214,0.0,0.5206508,0.2974187
2440,1768.5859,0.0,1390.0297,89.301315,0.02332984,0.0,0.5486643,0.29742742
2441,1931.0042,0.0,1233.4753,89.30137,0.016571285,0.0,0.52939534,0.29743502
2442,1490.398,0.0,1291.1364,89.30139,0.016305273,0.0,0.56918466,0.2974418
2443,1745.1456,0.0,1116.1577,89.301414,0.016030759,0.0,0.56915,0.29744792
2444,1575.5928,0.0,1355.7823,89.30146,0.017150767,0.0,0.56722015,0.2974533
2445,1854.5161,0.0,1134.0271,89.301506,0.016500695,0.0,0.5671306,0.297457
2446,2071.2217,0.0,1193.2133,89.301605,0.01743441,0.0,0.61883086,0.29746026
2447,1794.1653,0.0,910.71796,89.30172,0.016327748,0.0,0.5906865,0.29746312
2448,2184.1746,0.0,1084.0018,89.30179,0.015084374,0.0,0.58565044,0.29746562
2449,1314.8467,0.0,917.5043,89.30181,0.01658013,0.0,0.5600258,0.29746804
2450,1895.1937,0.0,1118.1041,89.301834,0.017713616,0.0,0.55447316,0.29747012
2451,2215.3882,0.0,1464.6244,89.301834,0.013418625,0.0,0.57604426,0.29747188
2452,2259.2942,0.0,1188.4617,89.30188,0.020581271,0.0,0.5523592,0.2974734
2453,1627.4637,0.0,1012.45013,89.30189,0.01805941,0.0,0.58696395,0.29747468
2454,2272.1018,0.0,1593.8744,89.30187,0.015559968,0.0,0.55798763,0.29747567
2455,1752.2614,0.0,1164.5215,89.30186,0.015032709,0.0,0.5669545,0.29748172
2456,1645.8292,0.0,1016.94257,89.30183,0.019650988,0.0,0.5249066,0.2974871
2457,1469.0883,0.0,1111.764,89.3018,0.01631105,0.0,0.5642587,0.29749194
2458,1802.8818,0.0,1316.2511,89.3018,0.016707253,0.0,0.557639,0.29749623
2459,1287.5912,0.0,1726.1403,89.30177,0.014648838,0.0,0.5833467,0.2975
2460,1968.3649,0.0,1220.4575,89.301796,0.016382925,0.0,0.58017194,0.29750332
2461,1894.3662,0.0,1307.2578,89.30181,0.015879769,0.0,0.5771354,0.29750624
2462,1565.3308,0.0,1186.0206,89.30183,0.017347563,0.0,0.5462302,0.29750878
2463,1540.5713,0.0,1102.394,89.301865,0.015464045,0.0,0.56642973,0.29751095
2464,2045.9763,0.0,1207.9987,89.30194,0.015317753,0.0,0.5380279,0.29751283
2465,1627.0533,0.0,1227.0146,89.30195,0.01677636,0.0,0.6239016,0.2975144
2466,1807.6005,0.0,1241.5587,89.30196,0.015955888,0.0,0.57450056,0.2975157
2467,2114.2395,0.0,1200.3038,89.30196,0.014243033,0.0,0.57713056,0.2975168
2468,1992.8138,0.0,1236.971,89.302,0.015701301,0.0,0.6097282,0.29751766
2469,2118.8875,0.0,1030.0901,89.30207,0.016849019,0.0,0.5348216,0.29751834
2470,1710.1158,0.0,991.6225,89.30217,0.0157981,0.0,0.5439048,0.29751882
2471,1538.5641,0.0,1288.1643,89.30226,0.019371418,0.0,0.5937532,0.29751915
2472,2541.2896,0.0,1110.2191,89.30236,0.01716888,0.0,0.58810467,0.29751936
2473,1254.9303,0.0,1055.1978,89.30246,0.018182889,0.0,0.65340996,0.29751948
2474,2723.8499,0.0,1149.4878,89.30258,0.016246986,0.0,0.5714383,0.29751936
2475,1764.7749,0.0,911.14703,89.30267,0.015995305,0.0,0.5736619,0.29751924
2476,2227.432,0.0,1025.77,89.30279,0.021580111,0.0,0.53118765,0.29751897
2477,1743.1754,0.0,1086.1786,89.30292,0.015377904,0.0,0.5289936,0.29751867
2478,1770.3359,0.0,978.18384,89.30301,0.01630593,0.0,0.5635016,0.29751822
2479,1676.3583,0.0,949.6043,89.30309,0.016199864,0.0,0.5355486,0.29751778
2480,2073.1702,0.0,1412.851,89.30319,0.014279928,0.0,0.5931077,0.2975172
2481,1339.4861,0.0,1470.089,89.303276,0.01471186,0.0,0.541765,0.29751545
2482,2167.636,0.0,913.8281,89.30337,0.017017126,0.0,0.6329298,0.29751375
2483,2104.7837,0.0,820.44684,89.30346,0.018266246,0.0,0.5773889,0.2975121
2484,1434.845,0.0,1099.3633,89.30357,0.0217973,0.0,0.54729104,0.29751047
2485,1767.9021,0.0,1431.3732,89.303665,0.021378865,0.0,0.5753113,0.29750896
2486,1635.6833,0.0,1372.9836,89.303825,0.019660069,0.0,0.5768969,0.29750752
2487,1574.9644,0.0,1041.4598,89.303955,0.018663857,0.0,0.5474796,0.29750606
2488,1751.4037,0.0,822.96094,89.30408,0.016086502,0.0,0.5492311,0.2975047
2489,2326.5657,0.0,1011.9915,89.30421,0.01833798,0.0,0.5959189,0.2975033
2490,2065.589,0.0,1048.996,89.30431,0.013114843,0.0,0.5518342,0.2975019
2491,1783.0397,0.0,1431.0521,89.30439,0.01974787,0.0,0.5829518,0.29750058
2492,2256.827,0.0,1108.7478,89.30446,0.015250415,0.0,0.5390177,0.2974993
2493,2141.573,0.0,974.6333,89.30448,0.016624123,0.0,0.6239479,0.29749796
2494,1634.8528,0.0,1090.1917,89.30451,0.015301037,0.0,0.5868493,0.29749674
2495,1794.4956,0.0,1044.079,89.30452,0.012558332,0.0,0.56793565,0.29749545
2496,1641.6498,0.0,774.1876,89.30451,0.017011754,0.0,0.5437826,0.29749417
2497,2675.9792,0.0,1056.5479,89.30455,0.016614221,0.0,0.5621716,0.29749325
2498,1477.7585,0.0,1337.5753,89.30458,0.017695699,0.0,0.5613352,0.29750165
2499,2155.7136,0.0,1093.2487,89.30458,0.016480282,0.0,0.5923389,0.29750916
2500,1942.0698,0.0,1128.2867,89.30458,0.015153797,0.0,0.5794658,0.2975158
2501,1369.3169,0.0,1061.8403,89.30458,0.014830738,0.0,0.5274714,0.29752174
2502,2279.9036,0.0,948.08344,89.304565,0.017795889,0.0,0.57072693,0.29752693
2503,1182.7502,0.0,1211.2509,89.3046,0.01625723,0.0,0.56929475,0.29753143
2504,1924.2172,0.0,895.0989,89.30463,0.0135181425,0.0,0.55192864,0.2975355
2505,1419.9633,0.0,961.19507,89.30464,0.018620301,0.0,0.557373,0.297539
2506,1650.3832,0.0,1456.1523,89.30462,0.012845325,0.0,0.55898756,0.297542
2507,2188.485,0.0,1135.9609,89.304596,0.013825401,0.0,0.5818426,0.2975446
2508,2260.551,0.0,1070.4695,89.304565,0.016725216,0.0,0.5632828,0.29754686
2509,1562.236,0.0,1228.5599,89.30455,0.01365137,0.0,0.5651039,0.2975488
2510,1902.8256,0.0,1131.6226,89.304535,0.016653469,0.0,0.6109736,0.2975504
2511,2101.236,0.0,1002.6289,89.30456,0.016894756,0.0,0.5744064,0.29755136
2512,1551.8153,0.0,1017.12775,89.304596,0.013819782,0.0,0.5634059,0.2975522
2513,1871.5933,0.0,979.4026,89.304634,0.013862513,0.0,0.59707665,0.29755276
2514,1573.5919,0.0,1240.5315,89.30465,0.016405426,0.0,0.6248654,0.29755327
2515,1683.7383,0.0,1223.4755,89.30462,0.017012345,0.0,0.5592176,0.29755354
2516,1405.2665,0.0,1344.0485,89.304565,0.0151751265,0.0,0.57706845,0.29755384
2517,1995.3297,0.0,1121.7831,89.30455,0.014878388,0.0,0.58538693,0.2975541
2518,1623.0393,0.0,1045.3918,89.30457,0.014943386,0.0,0.50033915,0.29755428
2519,1829.2502,0.0,1318.6539,89.30457,0.018114666,0.0,0.5466511,0.29755428
2520,2348.7312,0.0,988.44507,89.30461,0.015743647,0.0,0.55874527,0.29755437
2521,1896.2579,0.0,1213.5096,89.30466,0.014676671,0.0,0.58562744,0.2975543
2522,2309.237,0.0,1571.8739,89.304726,0.01707286,0.0,0.5800721,0.29755417
2523,1647.8237,0.0,1046.6659,89.3048,0.018158048,0.0,0.5616194,0.29755396
2524,2042.489,0.0,1240.1007,89.3049,0.019591728,0.0,0.57589835,0.29755405
2525,1494.0989,0.0,1075.6824,89.30492,0.01681606,0.0,0.56223595,0.29755414
2526,1685.9126,0.0,1060.3851,89.304955,0.016989928,0.0,0.58032477,0.2975576
2527,2214.432,0.0,1220.6102,89.305,0.01968405,0.0,0.5638056,0.29756063
2528,2213.0383,0.0,957.80035,89.30508,0.019337613,0.0,0.58453625,0.29756323
2529,1461.3419,0.0,1067.3115,89.305115,0.017475069,0.0,0.5754327,0.29756546
2530,1581.1278,0.0,1613.7898,89.30511,0.016454305,0.0,0.5465306,0.29756734
2531,2380.5046,0.0,1013.76447,89.30517,0.018502869,0.0,0.5530013,0.29756904
2532,1789.3644,0.0,1143.8992,89.30523,0.014501335,0.0,0.61912763,0.29757035
2533,2195.044,0.0,1392.962,89.30526,0.015832096,0.0,0.5674645,0.29757148
2534,1765.3242,0.0,1040.7913,89.3053,0.023183865,0.0,0.5687047,0.29757234
2535,2001.6995,0.0,1278.9219,89.305336,0.012446493,0.0,0.5822699,0.29757306
2536,1497.8702,0.0,1068.3224,89.30541,0.016044313,0.0,0.54151654,0.2975735
2537,1891.7042,0.0,1250.2041,89.305504,0.017977025,0.0,0.56491196,0.29757386
2538,2032.898,0.0,1214.8324,89.305565,0.018857082,0.0,0.57533324,0.29757416
2539,1850.4955,0.0,1519.6342,89.305664,0.013269,0.0,0.5449518,0.29757178
2540,2070.3425,0.0,1022.35754,89.30578,0.016102899,0.0,0.55530024,0.2975697
2541,2321.299,0.0,1155.9805,89.3059,0.014854925,0.0,0.50575817,0.2975678
2542,1523.4755,0.0,1153.7645,89.30605,0.0147849005,0.0,0.5833261,0.29756606
2543,1564.5482,0.0,1402.2109,89.30619,0.016603917,0.0,0.55375075,0.2975644
2544,1552.545,0.0,1185.5308,89.30633,0.013904698,0.0,0.5870232,0.29756337
2545,1927.0034,0.0,1067.7449,89.30644,0.014597794,0.0,0.5532068,0.29756242
2546,1541.1173,0.0,1049.1906,89.30654,0.0154265715,0.0,0.58163536,0.2975614
2547,1429.8698,0.0,986.6012,89.30665,0.017509554,0.0,0.57536805,0.29756042
2548,1430.6202,0.0,1365.4869,89.30679,0.012616734,0.0,0.52032423,0.2975579
2549,2394.0483,0.0,1161.3252,89.30694,0.018754352,0.0,0.5386936,0.29755548
2550,1985.7357,0.0,1239.5205,89.30708,0.014188713,0.0,0.6173479,0.29755327
2551,1875.458,0.0,1490.4589,89.30718,0.021864705,0.0,0.5556299,0.29755113
2552,1473.4446,0.0,1233.33,89.307274,0.015514038,0.0,0.5447714,0.2975491
2553,2756.7417,0.0,980.04504,89.3074,0.014259013,0.0,0.5463705,0.29754722
2554,1809.644,0.0,878.6709,89.307526,0.015774183,0.0,0.55726564,0.29754543
2555,2238.437,0.0,1217.3661,89.3076,0.013861729,0.0,0.561893,0.29754367
2556,2408.7974,0.0,1289.1782,89.30771,0.017475992,0.0,0.5715109,0.29754195
2557,1685.3708,0.0,1112.6332,89.307755,0.0169149,0.0,0.5783393,0.29754034
2558,2047.2976,0.0,1275.0187,89.30778,0.011847275,0.0,0.5636328,0.29753876
2559,1924.3578,0.0,1102.4445,89.3078,0.01629955,0.0,0.5454472,0.2975372
2560,1325.5018,0.0,946.917,89.30781,0.013889991,0.0,0.5437557,0.29753572
2561,1583.0366,0.0,1114.6677,89.30782,0.019942537,0.0,0.5629224,0.29753426
2562,1965.0557,0.0,1189.1002,89.307816,0.012881453,0.0,0.56657964,0.29753283
2563,1616.3225,0.0,994.24347,89.30781,0.013610592,0.0,0.54929775,0.29753146
2564,2141.3154,0.0,959.6234,89.30775,0.01141276,0.0,0.6028931,0.2975301
2565,1396.9908,0.0,924.51416,89.30767,0.015223207,0.0,0.63089687,0.2975287
2566,2178.2173,0.0,1161.9894,89.30763,0.019978382,0.0,0.5933903,0.2975274
2567,1315.3284,0.0,1175.9528,89.30759,0.0153522715,0.0,0.5538168,0.29752612
2568,2049.9202,0.0,914.13434,89.30757,0.015991248,0.0,0.5819153,0.2975248
2569,1860.9274,0.0,1136.7195,89.30757,0.015508326,0.0,0.5373506,0.2975235
2570,1300.2817,0.0,863.07794,89.30761,0.015834138,0.0,0.55759776,0.29752222
2571,1932.8447,0.0,1023.54456,89.30768,0.016553078,0.0,0.62316895,0.297521
2572,2117.1536,0.0,977.3178,89.30776,0.011688239,0.0,0.5467946,0.29751977
2573,1779.017,0.0,1100.616,89.30781,0.012168418,0.0,0.56060994,0.29751852
2574,1853.5396,0.0,972.5138,89.30787,0.018096145,0.0,0.5767925,0.29751733
2575,1953.4037,0.0,1270.6671,89.30795,0.017610602,0.0,0.581207,0.29751512
2576,1681.3239,0.0,1088.3872,89.30806,0.013568832,0.0,0.6276764,0.297513
2577,2606.3633,0.0,1026.6333,89.30815,0.016392691,0.0,0.58178395,0.29751098
2578,1558.2068,0.0,882.00275,89.30823,0.015341131,0.0,0.57149315,0.29750904
2579,1660.3643,0.0,1041.2101,89.30828,0.016711669,0.0,0.54688644,0.2975072
2580,1940.4974,0.0,1114.5726,89.30841,0.017220212,0.0,0.6141496,0.29750553
2581,2290.5984,0.0,1229.7723,89.30849,0.017105624,0.0,0.53785586,0.29750392
2582,2300.3738,0.0,923.4474,89.30856,0.013808325,0.0,0.58683884,0.29750234
2583,1982.33,0.0,983.3473,89.308655,0.015048361,0.0,0.5121475,0.2975008
2584,2281.6648,0.0,921.90576,89.30878,0.01752308,0.0,0.5564213,0.2974993
2585,2368.653,0.0,1343.3826,89.3089,0.014685627,0.0,0.6034294,0.29749778
2586,2142.293,0.0,881.50354,89.309006,0.018416196,0.0,0.54033226,0.29749632
2587,1877.7255,0.0,954.54016,89.30913,0.015627526,0.0,0.5465,0.29749486
2588,2161.0635,0.0,1139.7317,89.3092,0.014641571,0.0,0.61204433,0.29749346
2589,1999.693,0.0,1097.2274,89.30922,0.015991583,0.0,0.5333276,0.29749116
2590,1696.2523,0.0,1137.7488,89.30925,0.015351321,0.0,0.5838156,0.297489
2591,2038.3019,0.0,1257.8958,89.309265,0.014097336,0.0,0.5482932,0.2974869
2592,1744.2147,0.0,878.99646,89.30925,0.013210103,0.0,0.51850045,0.29748887
2593,2136.283,0.0,1568.5734,89.30925,0.01517805,0.0,0.57925534,0.29749063
2594,1698.4674,0.0,1211.8529,89.309265,0.014326027,0.0,0.5100771,0.29748955
2595,1748.2549,0.0,1335.931,89.30928,0.016504306,0.0,0.5579181,0.2974885
2596,1666.5496,0.0,1134.7213,89.30934,0.013372163,0.0,0.56471467,0.29748675
2597,1710.9078,0.0,1542.4872,89.30942,0.01753958,0.0,0.5625915,0.29748505
2598,1897.5792,0.0,1329.7296,89.30951,0.014129079,0.0,0.5778223,0.29748344
2599,1992.6691,0.0,1126.7325,89.30957,0.019451356,0.0,0.6048353,0.29748198
2600,1254.0851,0.0,1007.46277,89.309616,0.015754147,0.0,0.6012003,0.29748058
2601,1707.02,0.0,1082.4132,89.30968,0.013887826,0.0,0.60391235,0.29747927
2602,1629.6825,0.0,1300.4265,89.309715,0.017223084,0.0,0.5998521,0.297478
2603,1443.9707,0.0,1292.2908,89.309685,0.017853353,0.0,0.58794534,0.2974767
2604,2243.4353,0.0,993.2316,89.30972,0.015510378,0.0,0.5555507,0.2974755
2605,1707.8748,0.0,969.4322,89.30978,0.019778136,0.0,0.6024567,0.29747427
2606,1721.4523,0.0,894.2674,89.30978,0.017055798,0.0,0.5985432,0.29747307
2607,1812.6852,0.0,1113.0808,89.30977,0.016189467,0.0,0.5812512,0.2974694
2608,1506.1061,0.0,1314.5219,89.30984,0.015525324,0.0,0.5611738,0.29746556
2609,1894.0631,0.0,1125.746,89.30993,0.013760375,0.0,0.5538077,0.297462
2610,1273.6985,0.0,1367.4487,89.31006,0.014715103,0.0,0.63911885,0.29745907
2611,1728.0522,0.0,1162.0834,89.31016,0.019302342,0.0,0.5918476,0.29745644
2612,1485.315,0.0,1348.154,89.31026,0.016735438,0.0,0.55378616,0.29745397
2613,2200.6006,0.0,1045.8397,89.31041,0.016546283,0.0,0.5612146,0.29745153
2614,1937.2013,0.0,1030.1495,89.31055,0.017329322,0.0,0.60645884,0.2974493
2615,1730.9396,0.0,1004.1582,89.3107,0.015272059,0.0,0.58763707,0.29744712
2616,1654.364,0.0,1481.3019,89.31088,0.013740996,0.0,0.562249,0.2974451
2617,1745.721,0.0,1280.7725,89.31103,0.016557053,0.0,0.5494079,0.2974431
2618,1738.2068,0.0,1410.1183,89.31114,0.017928494,0.0,0.5721688,0.2974412
2619,1280.3877,0.0,1291.2866,89.311226,0.014706822,0.0,0.52736616,0.2974394
2620,2118.921,0.0,1124.3904,89.31131,0.014810119,0.0,0.556418,0.29743764
2621,2250.6426,0.0,868.60846,89.311386,0.016935734,0.0,0.56030434,0.29743594
2622,1349.4414,0.0,1124.3531,89.3115,0.015165626,0.0,0.5050863,0.2974343
2623,2319.252,0.0,1084.1155,89.31159,0.01641845,0.0,0.5491544,0.29743272
2624,1475.3187,0.0,1243.4154,89.31163,0.019893397,0.0,0.54389036,0.29743117
2625,1653.9982,0.0,1483.5667,89.31171,0.01736882,0.0,0.5539069,0.29742962
2626,1951.4669,0.0,1113.0668,89.31179,0.018484708,0.0,0.5856665,0.29742813
2627,2274.364,0.0,1512.2635,89.311874,0.015719285,0.0,0.57308424,0.29742667
2628,1356.3229,0.0,943.3153,89.3119,0.016338212,0.0,0.57491934,0.29742524
2629,1747.1735,0.0,1276.4065,89.31192,0.015826184,0.0,0.54542536,0.29742384
2630,1882.526,0.0,1003.1797,89.31188,0.015066056,0.0,0.58049524,0.29742244
2631,1573.009,0.0,987.59454,89.31187,0.016979003,0.0,0.59970975,0.2974211
2632,1586.2695,0.0,1100.038,89.31184,0.016798973,0.0,0.57281554,0.29741973
2633,1970.3638,0.0,1029.4205,89.3118,0.016589032,0.0,0.6002344,0.29741833
2634,2774.862,0.0,1547.1276,89.31178,0.019499889,0.0,0.58786494,0.297417
2635,2362.7756,0.0,1224.6456,89.31175,0.016070258,0.0,0.54065335,0.29741567
2636,2349.6626,0.0,1102.8049,89.31169,0.0174508,0.0,0.54760814,0.2974144
2637,1880.6747,0.0,1051.5492,89.31159,0.017863613,0.0,0.55880344,0.2974131
2638,1684.7374,0.0,1144.2236,89.311485,0.015151521,0.0,0.57061327,0.29741183
2639,2433.4229,0.0,1095.2458,89.31135,0.01570652,0.0,0.52356356,0.29741114
2640,1928.8644,0.0,1014.2307,89.31121,0.012718442,0.0,0.55513996,0.29741043
2641,1965.1459,0.0,1000.83826,89.31107,0.01799189,0.0,0.53613544,0.29740965
2642,2458.2036,0.0,1137.5317,89.311,0.01659882,0.0,0.5572098,0.29740882
2643,1758.0731,0.0,1121.2966,89.311005,0.013774413,0.0,0.5429787,0.29740807
2644,1517.192,0.0,1143.182,89.310974,0.015498742,0.0,0.58834493,0.2974072
2645,1653.3945,0.0,1513.5234,89.31102,0.019779285,0.0,0.5415911,0.29740638
2646,2022.9917,0.0,1053.4766,89.31109,0.016593276,0.0,0.6071898,0.29740506
2647,1538.4099,0.0,1047.0042,89.31117,0.014146644,0.0,0.59236205,0.2974038
2648,1993.5823,0.0,1046.4309,89.31124,0.013815272,0.0,0.5445117,0.29740256
2649,1594.2726,0.0,923.2697,89.31125,0.016837616,0.0,0.577955,0.29740137
2650,2456.3074,0.0,920.58356,89.311264,0.017007034,0.0,0.56980574,0.29740012
2651,1567.1685,0.0,1251.9504,89.31127,0.017005112,0.0,0.5710037,0.297399
2652,2905.659,0.0,1381.7915,89.31127,0.013515322,0.0,0.5554711,0.2973979
2653,1961.398,0.0,1295.2081,89.31131,0.017395915,0.0,0.5916977,0.29739377
2654,2268.1516,0.0,1006.86237,89.3114,0.014266799,0.0,0.58002067,0.29739016
2655,1460.9633,0.0,1135.7367,89.31153,0.016775152,0.0,0.5621425,0.29738626
2656,1876.6956,0.0,1083.8477,89.31164,0.016397461,0.0,0.6017363,0.29738277
2657,1876.0724,0.0,901.83044,89.311745,0.017839763,0.0,0.5440294,0.29737967
2658,1798.6923,0.0,1085.364,89.311844,0.01371534,0.0,0.5354867,0.29737678
2659,1694.5057,0.0,1059.8328,89.31197,0.016222179,0.0,0.54663754,0.29737413
2660,1795.65,0.0,749.7747,89.312096,0.02170535,0.0,0.54856175,0.2973717
2661,1540.0211,0.0,1201.3368,89.31223,0.014763199,0.0,0.5413749,0.29736948
2662,1466.5255,0.0,1146.3867,89.312325,0.014179818,0.0,0.5574709,0.29736736
2663,2414.8372,0.0,1314.7219,89.31244,0.013116458,0.0,0.5326247,0.29736537
2664,1745.8652,0.0,1134.8109,89.31256,0.013879389,0.0,0.55606455,0.29736346
2665,1898.3394,0.0,1068.0305,89.31267,0.0155749265,0.0,0.60404176,0.29736167
2666,2757.5476,0.0,1213.4204,89.31284,0.016507605,0.0,0.59595513,0.2973599
2667,2072.188,0.0,1255.4956,89.313,0.014101918,0.0,0.55865365,0.29735824
2668,1594.6263,0.0,1309.4854,89.31313,0.016105533,0.0,0.5574163,0.29736036
2669,1690.6311,0.0,850.6225,89.313255,0.013014486,0.0,0.53793985,0.2973622
2670,1605.114,0.0,1254.3132,89.31341,0.0176827,0.0,0.54833114,0.29736382
2671,1784.403,0.0,1388.7577,89.31356,0.014266951,0.0,0.59089655,0.297371
2672,1318.2041,0.0,1236.8921,89.3137,0.015890414,0.0,0.5499679,0.29737747
2673,1493.751,0.0,1045.7192,89.313896,0.019187082,0.0,0.6047592,0.29738262
2674,1632.3639,0.0,1096.9166,89.31406,0.017126981,0.0,0.58413255,0.29738718
2675,1866.3508,0.0,1105.6204,89.31415,0.014363978,0.0,0.56876934,0.29739118
2676,1773.1061,0.0,1281.9594,89.31426,0.015955776,0.0,0.5494722,0.2973949
2677,2107.96,0.0,1499.7812,89.314354,0.01668274,0.0,0.60165304,0.29739812
2678,1622.998,0.0,961.8543,89.31446,0.016885072,0.0,0.5909903,0.29740092
2679,1632.7377,0.0,1436.5034,89.31456,0.014820991,0.0,0.5130316,0.29740334
2680,1887.7903,0.0,1089.0972,89.314575,0.013600252,0.0,0.5659096,0.2974054
2681,1932.968,0.0,1343.9274,89.3146,0.016179068,0.0,0.5436287,0.29740754
2682,1400.2875,0.0,938.5581,89.31462,0.016317604,0.0,0.5561831,0.29740924
2683,1871.5359,0.0,1037.033,89.31463,0.014743924,0.0,0.606013,0.29741073
2684,1883.6589,0.0,865.96246,89.31467,0.011144465,0.0,0.5614711,0.29741192
2685,1732.2303,0.0,969.494,89.31472,0.017051859,0.0,0.55294627,0.29741287
2686,1478.3862,0.0,1165.0332,89.31478,0.0157172,0.0,0.5692177,0.29741362
2687,2336.9172,0.0,1255.6052,89.314804,0.013673158,0.0,0.5508274,0.2974124
2688,2090.1926,0.0,777.27844,89.31484,0.015959052,0.0,0.5542265,0.29741138
2689,2170.7327,0.0,1323.3153,89.31489,0.017136589,0.0,0.56780213,0.2974105
2690,2074.0374,0.0,1033.9281,89.31496,0.021483365,0.0,0.5718846,0.29741058
2691,2184.4788,0.0,1123.0344,89.31505,0.014936201,0.0,0.5686585,0.2974107
2692,1859.4366,0.0,1067.0042,89.315186,0.0149543425,0.0,0.54709154,0.29741073
2693,1756.3956,0.0,1458.3123,89.31534,0.014948357,0.0,0.5748683,0.29741073
2694,1674.3856,0.0,1037.1892,89.31551,0.017099,0.0,0.57783526,0.2974106
2695,1874.9202,0.0,1031.619,89.31569,0.019266939,0.0,0.56105494,0.29741058
2696,1847.2316,0.0,955.3893,89.31586,0.016405463,0.0,0.55688596,0.29741037
2697,1878.4578,0.0,871.8385,89.31601,0.018009892,0.0,0.578068,0.29741016
2698,1733.9987,0.0,1135.6594,89.31617,0.016854022,0.0,0.55474097,0.29740986
2699,1971.9844,0.0,1143.4438,89.31627,0.017438985,0.0,0.5857532,0.29741368
2700,2288.8235,0.0,1273.0929,89.316414,0.016115531,0.0,0.5428885,0.29741696
2701,1665.6984,0.0,1293.5168,89.31653,0.015236339,0.0,0.60126066,0.2974199
2702,1359.1594,0.0,1239.8268,89.31665,0.015787419,0.0,0.56532836,0.2974224
2703,1639.5991,0.0,1308.6235,89.31671,0.0142426295,0.0,0.56112856,0.2974238
2704,1967.2216,0.0,956.8065,89.31678,0.014951391,0.0,0.5276209,0.29742497
2705,1539.6852,0.0,1199.2373,89.31686,0.018490836,0.0,0.5483215,0.29742596
2706,1595.5005,0.0,1122.3763,89.31694,0.017684719,0.0,0.5736568,0.29742676
2707,1476.9224,0.0,1325.1086,89.31699,0.016353857,0.0,0.55494404,0.2974274
2708,2478.322,0.0,1112.9592,89.31707,0.0143665355,0.0,0.5991808,0.2974279
2709,1989.9242,0.0,1117.4648,89.31712,0.015703818,0.0,0.57497996,0.29742825
2710,2013.1445,0.0,1230.0199,89.317215,0.0162525,0.0,0.58521146,0.29742914
2711,2021.1898,0.0,1117.8854,89.31729,0.01688846,0.0,0.56684756,0.29742986
2712,2093.025,0.0,1171.2559,89.317314,0.01621589,0.0,0.5593526,0.29743043
2713,1466.2631,0.0,1071.2012,89.317345,0.01492087,0.0,0.5754439,0.2974308
2714,1340.7869,0.0,1590.4476,89.31732,0.014972627,0.0,0.5947552,0.297431
2715,2046.2539,0.0,1214.8217,89.31728,0.015861414,0.0,0.53789365,0.29742602
2716,1543.9172,0.0,1224.132,89.31729,0.017394213,0.0,0.56904376,0.29742137
2717,1889.9692,0.0,1249.6956,89.317276,0.017115425,0.0,0.5636413,0.2974167
2718,1789.5767,0.0,933.4366,89.3172,0.015310993,0.0,0.6170451,0.29742616
2719,1332.6737,0.0,1440.7188,89.317116,0.01795361,0.0,0.5505924,0.29743472
2720,2015.0648,0.0,1095.6101,89.31704,0.014338508,0.0,0.53831255,0.29744235
2721,1506.7603,0.0,1113.854,89.31694,0.01599203,0.0,0.59547585,0.29744923
2722,1994.675,0.0,1436.4924,89.31683,0.018069383,0.0,0.5831783,0.2974553
2723,1923.1586,0.0,1266.3289,89.31672,0.017091101,0.0,0.5835799,0.29746178
2724,1571.9987,0.0,1173.4562,89.31664,0.01862055,0.0,0.5802033,0.2974674
2725,2403.0786,0.0,881.5685,89.316635,0.017171368,0.0,0.5535351,0.29747242
2726,2156.443,0.0,1279.9424,89.31661,0.018630434,0.0,0.5946597,0.29747692
2727,1595.5784,0.0,1096.3354,89.31662,0.016855214,0.0,0.5199513,0.29748082
2728,1679.6143,0.0,980.2992,89.31661,0.013958009,0.0,0.4979467,0.29748428
2729,2121.7573,0.0,1297.5723,89.31663,0.016073119,0.0,0.52252746,0.29748726
2730,1597.104,0.0,1105.7324,89.316666,0.021381628,0.0,0.5644174,0.2974905
2731,2034.8331,0.0,1185.4713,89.3167,0.017618835,0.0,0.5862558,0.2974934
2732,1654.2754,0.0,960.83923,89.31674,0.01344129,0.0,0.5598392,0.29749584
2733,1623.0321,0.0,1340.0005,89.31682,0.015107961,0.0,0.56533927,0.2974979
2734,1726.8707,0.0,992.45886,89.31691,0.016458355,0.0,0.5958149,0.29749972
2735,2139.7268,0.0,1173.7848,89.31695,0.013870388,0.0,0.62641805,0.29750115
2736,2158.7388,0.0,1449.3403,89.316956,0.012682334,0.0,0.57372063,0.29750243
2737,1622.1652,0.0,1245.8077,89.316925,0.014762437,0.0,0.5761465,0.29750332
2738,1721.6804,0.0,1166.1086,89.316864,0.015585429,0.0,0.55785125,0.29750416
2739,1721.2817,0.0,1195.863,89.31682,0.01586764,0.0,0.592163,0.29750472
2740,1463.6407,0.0,1069.1472,89.316765,0.01374555,0.0,0.577275,0.29751033
2741,1933.8068,0.0,855.95685,89.31676,0.016411219,0.0,0.60244215,0.29751915
2742,1607.3713,0.0,1208.1423,89.316765,0.019571487,0.0,0.60057,0.29752705
2743,1998.7744,0.0,1045.8556,89.31678,0.018795134,0.0,0.58454204,0.29753414
2744,1771.3148,0.0,1209.5914,89.31682,0.014653442,0.0,0.52439606,0.2975403
2745,1735.1515,0.0,1721.9421,89.316864,0.013405921,0.0,0.6147594,0.29754585
2746,2681.3203,0.0,1332.4537,89.31686,0.016521487,0.0,0.5858184,0.2975507
2747,1958.857,0.0,1324.5947,89.31683,0.015996926,0.0,0.57347155,0.297555
2748,1536.4431,0.0,1268.2185,89.31681,0.013943564,0.0,0.61506987,0.29755846
2749,2002.8895,0.0,937.6193,89.31682,0.015279441,0.0,0.5494076,0.29756144
2750,1893.0776,0.0,1214.313,89.31682,0.016404172,0.0,0.55095553,0.29756406
2751,1893.5769,0.0,1215.8574,89.31687,0.016671084,0.0,0.598053,0.2975663
2752,2233.844,0.0,1376.8616,89.316895,0.013516358,0.0,0.57402366,0.2975682
2753,2027.2468,0.0,1249.3048,89.3169,0.017691784,0.0,0.55871314,0.2975698
2754,1815.8918,0.0,1453.6489,89.3169,0.015808243,0.0,0.57906413,0.29757112
2755,2287.7842,0.0,980.1466,89.31695,0.015078932,0.0,0.5736166,0.29757226
2756,1512.8857,0.0,1141.8242,89.31697,0.015543751,0.0,0.5712527,0.29757315
2757,2593.5842,0.0,1085.1512,89.31702,0.01614081,0.0,0.54159486,0.2975738
2758,1773.9596,0.0,1219.4144,89.31702,0.015309445,0.0,0.56806874,0.29757428
2759,2553.5276,0.0,875.42334,89.317024,0.01507204,0.0,0.5615597,0.2975746
2760,1501.7408,0.0,1280.0813,89.31703,0.014728527,0.0,0.5506191,0.29757482
2761,2254.134,0.0,876.56616,89.31704,0.014248482,0.0,0.606261,0.2975684
2762,2289.378,0.0,1407.6174,89.31696,0.013202021,0.0,0.5604963,0.29756263
2763,1707.7085,0.0,1276.9365,89.31696,0.015800936,0.0,0.56995,0.29755732
2764,1420.878,0.0,1197.5479,89.31703,0.014028758,0.0,0.5849516,0.2975525
2765,2112.4016,0.0,1097.642,89.31705,0.016015401,0.0,0.56406236,0.297548
2766,1982.7753,0.0,1642.6367,89.31705,0.015583873,0.0,0.56452763,0.29754394
2767,1704.2695,0.0,1030.9229,89.31702,0.016220238,0.0,0.5564982,0.29754016
2768,2519.9944,0.0,1151.5613,89.31701,0.018226992,0.0,0.565518,0.29753658
2769,1506.7684,0.0,1163.367,89.31697,0.01922237,0.0,0.6122405,0.29753327
2770,1622.7075,0.0,1067.3077,89.31696,0.017006949,0.0,0.51450443,0.29753014
2771,1572.4255,0.0,1129.0383,89.31692,0.01838645,0.0,0.5427612,0.29752734
2772,2206.954,0.0,1116.8429,89.31687,0.017714404,0.0,0.5348655,0.29752457
2773,1813.4357,0.0,1088.1434,89.31686,0.011902246,0.0,0.59975725,0.29752174
2774,1893.6617,0.0,1101.8817,89.31681,0.013948256,0.0,0.5459616,0.29751906
2775,2974.3672,0.0,1381.443,89.31675,0.012986442,0.0,0.54654825,0.29751655
2776,2115.8733,0.0,1397.0818,89.31676,0.017769976,0.0,0.54568803,0.2975145
2777,1850.5547,0.0,1062.4993,89.316826,0.016901204,0.0,0.6464557,0.29751253
2778,1229.2649,0.0,1319.7533,89.31684,0.017236121,0.0,0.6019029,0.29751065
2779,1882.2422,0.0,948.1773,89.31688,0.014859613,0.0,0.5374125,0.29750893
2780,1917.3265,0.0,1174.8882,89.31695,0.01403646,0.0,0.58780503,0.29750723
2781,2017.3291,0.0,1324.9838,89.31696,0.0149679035,0.0,0.5482329,0.29750332
2782,2056.8635,0.0,1160.7135,89.31702,0.015642352,0.0,0.54453707,0.29750004
2783,1463.1945,0.0,981.2105,89.31703,0.017520662,0.0,0.55516833,0.29749689
2784,1874.9769,0.0,915.9749,89.317024,0.020158075,0.0,0.5988184,0.2974939
2785,1703.0717,0.0,757.30096,89.31703,0.022098716,0.0,0.5525087,0.29748663
2786,2014.8732,0.0,1192.4484,89.31703,0.020050947,0.0,0.56937253,0.29748
2787,1768.5659,0.0,950.4428,89.317024,0.014511498,0.0,0.5560225,0.29747388
2788,1916.8651,0.0,1027.6448,89.31704,0.015504923,0.0,0.5733925,0.29746833
2789,1758.0681,0.0,1439.4832,89.317055,0.01569031,0.0,0.5141283,0.29746315
2790,1993.8917,0.0,1250.4823,89.317,0.019027084,0.0,0.553542,0.29745835
2791,1622.849,0.0,962.107,89.316956,0.012975842,0.0,0.5596628,0.29745394
2792,1596.6268,0.0,1328.7124,89.31694,0.0142071005,0.0,0.58388585,0.2974498
2793,2004.5414,0.0,1167.2369,89.31692,0.015183916,0.0,0.5908177,0.29744598
2794,2545.8892,0.0,1131.9878,89.31693,0.01234295,0.0,0.57614774,0.29744244
2795,1940.2294,0.0,810.9349,89.31697,0.014389947,0.0,0.5754658,0.29743847
2796,1448.7837,0.0,1281.7979,89.317,0.018232465,0.0,0.60821396,0.29743484
2797,2019.9789,0.0,954.706,89.31706,0.01614197,0.0,0.57142067,0.2974315
2798,2111.7505,0.0,1245.8796,89.31715,0.017686047,0.0,0.6437134,0.29742843
2799,1610.9481,0.0,1163.4972,89.3172,0.017457413,0.0,0.55719006,0.29742545
2800,2292.9385,0.0,1111.9651,89.31727,0.01459932,0.0,0.58365786,0.29742277
2801,2036.3575,0.0,1168.2603,89.31735,0.018526122,0.0,0.5678307,0.29742026
2802,1884.8252,0.0,1257.4236,89.31741,0.015521004,0.0,0.5663084,0.29741782
2803,2153.484,0.0,1327.3462,89.317505,0.018145554,0.0,0.59238076,0.29743332
2804,2147.0603,0.0,1053.1138,89.317604,0.014974935,0.0,0.5820005,0.2974472
2805,1911.0089,0.0,1359.4102,89.31774,0.015434823,0.0,0.57501745,0.29745984
2806,1643.236,0.0,1132.8933,89.3179,0.01831153,0.0,0.6328882,0.29747123
2807,1874.0547,0.0,1267.2413,89.31804,0.018425182,0.0,0.6003088,0.2974814
2808,2031.5552,0.0,1302.4938,89.31818,0.017982356,0.0,0.56323,0.29749066
2809,2061.973,0.0,1330.068,89.31832,0.014895735,0.0,0.54105735,0.29749805
2810,2483.5847,0.0,1048.7673,89.31842,0.017713789,0.0,0.545597,0.2975047
2811,2406.5667,0.0,872.2695,89.31852,0.017742611,0.0,0.5240101,0.2975106
2812,2440.5083,0.0,1215.4059,89.31861,0.0147567615,0.0,0.5918813,0.29751584
2813,2303.8325,0.0,846.67957,89.3187,0.015186973,0.0,0.59675175,0.29752055
2814,1882.4987,0.0,1291.3107,89.31877,0.014956711,0.0,0.5868342,0.2975247
2815,1972.716,0.0,1221.8976,89.318825,0.014254051,0.0,0.52965826,0.29752833
2816,1635.9673,0.0,977.84296,89.3189,0.019301709,0.0,0.5780874,0.29753152
2817,1821.8816,0.0,994.4219,89.31899,0.014853163,0.0,0.54388374,0.29753426
2818,1712.9132,0.0,1315.0499,89.31909,0.017026722,0.0,0.5728919,0.29753664
2819,1501.6179,0.0,1299.5255,89.31919,0.018348582,0.0,0.5634221,0.2975387
2820,1382.2245,0.0,1079.3962,89.31931,0.01802132,0.0,0.5301368,0.2975409
2821,1516.8922,0.0,1119.5583,89.31936,0.015263438,0.0,0.5992476,0.29754278
2822,1269.668,0.0,1132.7601,89.319336,0.018644523,0.0,0.5663184,0.2975444
2823,3026.3965,0.0,1170.5906,89.31926,0.01842077,0.0,0.5260209,0.2975458
2824,2171.713,0.0,982.6303,89.31924,0.016775578,0.0,0.4976178,0.29754683
2825,2585.7258,0.0,1103.5485,89.31918,0.017187377,0.0,0.584246,0.29754776
2826,1636.9327,0.0,1111.0734,89.319145,0.013151511,0.0,0.5000884,0.29754838
2827,1220.8688,0.0,981.89075,89.31916,0.012627598,0.0,0.533936,0.29754904
2828,2330.6936,0.0,732.6581,89.31923,0.0159734,0.0,0.56938106,0.2975495
2829,1795.9846,0.0,867.40704,89.31928,0.018414987,0.0,0.5834664,0.29755718
2830,1659.9346,0.0,1391.1252,89.31938,0.014900062,0.0,0.5498953,0.2975754
2831,1550.6244,0.0,1673.7843,89.31939,0.016628832,0.0,0.5655321,0.29759192
2832,2403.5564,0.0,1383.0679,89.31936,0.014049567,0.0,0.5618548,0.2976067
2833,2497.778,0.0,1026.1624,89.31933,0.0147013515,0.0,0.5481412,0.29762
2834,1928.261,0.0,1278.9575,89.319275,0.015816279,0.0,0.58103144,0.29763186
2835,1797.3488,0.0,1061.3817,89.31918,0.016336279,0.0,0.607911,0.2976425
2836,1697.8297,0.0,837.5241,89.319046,0.017967954,0.0,0.57639015,0.2976587
2837,1823.6674,0.0,1286.6064,89.31895,0.017560538,0.0,0.57072747,0.2976733
2838,2817.4868,0.0,774.2194,89.31887,0.014618808,0.0,0.52567863,0.29768637
2839,1818.1987,0.0,927.17786,89.3188,0.021044012,0.0,0.5520796,0.29769817
2840,1678.4971,0.0,973.05524,89.318794,0.013036526,0.0,0.57236403,0.29770872
2841,2129.3357,0.0,1670.6299,89.3188,0.01998834,0.0,0.5583898,0.2977182
2842,2082.493,0.0,1206.915,89.31886,0.018626094,0.0,0.54986453,0.29772657
2843,1261.4738,0.0,1256.9331,89.31891,0.01687583,0.0,0.5476253,0.2977341
2844,1519.872,0.0,1328.0131,89.318924,0.017697912,0.0,0.5982759,0.29774076
2845,2360.1677,0.0,956.5453,89.31892,0.015636243,0.0,0.5831636,0.29774603
2846,1655.1082,0.0,1023.80206,89.3189,0.017788181,0.0,0.57469773,0.29775065
2847,1549.9927,0.0,1191.9775,89.318924,0.01682376,0.0,0.5348289,0.29775476
2848,2232.4302,0.0,1373.4534,89.31891,0.014255993,0.0,0.6095923,0.2977583
2849,1342.2158,0.0,1226.696,89.31886,0.016961474,0.0,0.63384247,0.2977615
2850,1403.091,0.0,1633.9698,89.31889,0.015142847,0.0,0.47327167,0.29776344
2851,1593.8539,0.0,939.2662,89.318954,0.014525471,0.0,0.55283666,0.297765
2852,1480.8789,0.0,1084.9584,89.319016,0.016642392,0.0,0.54270923,0.29776633
2853,1952.7799,0.0,999.8573,89.31909,0.013306557,0.0,0.5751469,0.2977674
2854,1660.5482,0.0,1153.8447,89.31915,0.014802655,0.0,0.54224145,0.29776824
2855,2938.9978,0.0,1216.982,89.31921,0.014066155,0.0,0.5549716,0.2977689
2856,1472.042,0.0,832.5295,89.319244,0.018371496,0.0,0.56814235,0.29776934
2857,1752.4188,0.0,1096.7306,89.3193,0.016591882,0.0,0.57021344,0.29776973
2858,1647.5708,0.0,788.02234,89.31932,0.020681012,0.0,0.54036593,0.2977699
2859,1873.8429,0.0,1243.6833,89.319336,0.015018391,0.0,0.5553863,0.29776993
2860,1641.507,0.0,1281.7847,89.31938,0.014382816,0.0,0.5247595,0.29776984
2861,1394.0979,0.0,1097.6543,89.319435,0.012605151,0.0,0.60658616,0.29777044
2862,1922.8396,0.0,958.8613,89.319435,0.022218104,0.0,0.5266454,0.2977708
2863,2153.6194,0.0,1315.6119,89.319435,0.014678947,0.0,0.54170954,0.29777756
2864,1395.9528,0.0,1092.6836,89.31944,0.013677018,0.0,0.5889019,0.2977838
2865,1800.4224,0.0,1091.9097,89.31949,0.01572024,0.0,0.6141826,0.29778948
2866,1991.9697,0.0,1175.1997,89.319565,0.01765023,0.0,0.5822329,0.29779458
2867,1636.7059,0.0,933.8789,89.319595,0.015630921,0.0,0.57816863,0.29779994
2868,1664.3612,0.0,985.6151,89.31968,0.01769666,0.0,0.58634126,0.29780474
2869,1778.6938,0.0,973.42633,89.31969,0.017657131,0.0,0.52419144,0.297809
2870,2179.251,0.0,1077.0721,89.319695,0.013697607,0.0,0.5084791,0.29781288
2871,1903.4648,0.0,1132.2001,89.31967,0.014935198,0.0,0.5602286,0.29781622
2872,1819.0292,0.0,1005.794,89.31963,0.017759364,0.0,0.5505109,0.2978192
2873,1625.5953,0.0,969.19244,89.31961,0.01718447,0.0,0.57046187,0.29782176
2874,1675.361,0.0,943.08746,89.31957,0.015613273,0.0,0.60013646,0.29782397
2875,2484.4233,0.0,1109.9855,89.3195,0.01316113,0.0,0.5460141,0.2978259
2876,2119.119,0.0,1344.432,89.3195,0.016107813,0.0,0.5384724,0.29782748
2877,2013.6185,0.0,1175.9149,89.31952,0.0165281,0.0,0.6219447,0.29782885
2878,1882.4846,0.0,1075.5005,89.319466,0.013354713,0.0,0.5209868,0.29783
2879,2492.9417,0.0,1056.3661,89.319466,0.017848033,0.0,0.5751823,0.29783085
2880,1585.7528,0.0,1198.7705,89.31944,0.013889501,0.0,0.56991816,0.29783157
2881,1862.7073,0.0,864.10895,89.31946,0.017065667,0.0,0.5303489,0.29783207
2882,1862.5935,0.0,984.55206,89.31948,0.011684462,0.0,0.5687361,0.2978331
2883,1352.505,0.0,1101.3564,89.31952,0.014639806,0.0,0.54588246,0.2978339
2884,2177.2178,0.0,1118.3406,89.3196,0.015575213,0.0,0.5698886,0.29783455
2885,1866.7925,0.0,1136.5804,89.31968,0.013629733,0.0,0.58529246,0.29783496
2886,2333.5674,0.0,1247.9419,89.31979,0.018172905,0.0,0.5574167,0.29783526
2887,1904.2495,0.0,1268.9435,89.31987,0.017036323,0.0,0.54199445,0.2978354
2888,1877.9106,0.0,1212.6228,89.31994,0.014030023,0.0,0.56201434,0.29783538
2889,1795.6488,0.0,1253.0509,89.32001,0.015698647,0.0,0.60288423,0.29783455
2890,1673.0073,0.0,1039.3103,89.32008,0.016939446,0.0,0.5714306,0.2978337
2891,1560.6292,0.0,919.0198,89.320145,0.015546527,0.0,0.56175566,0.29783282
2892,1699.5795,0.0,937.8552,89.32019,0.01644608,0.0,0.57006073,0.29783186
2893,1407.6338,0.0,1130.8372,89.320206,0.01341452,0.0,0.58510363,0.297831
2894,1700.0211,0.0,943.5712,89.32022,0.01837551,0.0,0.54869443,0.29782996
2895,1975.8336,0.0,1102.8206,89.32027,0.018628778,0.0,0.5692781,0.29782903
2896,1765.7256,0.0,1039.4116,89.320305,0.018029835,0.0,0.5254378,0.29782814
2897,2057.8381,0.0,1006.4844,89.3203,0.016262984,0.0,0.5555773,0.29782715
2898,1733.4269,0.0,1317.6456,89.3203,0.015269399,0.0,0.5337438,0.2978264
2899,1923.3523,0.0,1015.5285,89.32028,0.011310512,0.0,0.5373648,0.2978257
2900,1966.3721,0.0,1687.2086,89.32021,0.016019467,0.0,0.5548814,0.2978249
2901,2463.934,0.0,1168.1602,89.320114,0.017958514,0.0,0.572835,0.29782403
2902,2195.537,0.0,1204.0577,89.32003,0.01879438,0.0,0.5499149,0.2978232
2903,1325.6997,0.0,1226.4033,89.319954,0.015182442,0.0,0.5468782,0.29782224
2904,2287.3445,0.0,978.4329,89.31993,0.019703358,0.0,0.5841906,0.29782104
2905,1682.5228,0.0,1237.4888,89.31986,0.013903584,0.0,0.5458835,0.29782057
2906,1789.7952,0.0,1443.8245,89.31984,0.015109986,0.0,0.57193565,0.29782006
2907,1842.4309,0.0,1147.9412,89.31982,0.018970214,0.0,0.54212874,0.29781947
2908,2121.0532,0.0,1066.4088,89.31977,0.015857715,0.0,0.6075665,0.29781884
2909,1418.3242,0.0,916.2789,89.31973,0.01698157,0.0,0.587579,0.29781818
2910,1707.3813,0.0,1059.1221,89.31971,0.023007594,0.0,0.53173465,0.29781747
2911,2430.588,0.0,1170.0177,89.31971,0.014726373,0.0,0.5653317,0.29781672
2912,1765.988,0.0,1232.3923,89.319695,0.01418536,0.0,0.60406363,0.2978156
2913,1906.9888,0.0,1231.9633,89.31968,0.019428568,0.0,0.60662884,0.2978144
2914,1845.6735,0.0,1183.8414,89.31968,0.01520065,0.0,0.5744047,0.29781362
2915,1719.3047,0.0,1026.5887,89.31966,0.015120651,0.0,0.5850046,0.2978128
2916,2062.6052,0.0,1076.3779,89.31968,0.016592365,0.0,0.5775649,0.2978111
2917,1501.2333,0.0,1316.9575,89.31963,0.015226821,0.0,0.6000016,0.29781064
2918,1880.2828,0.0,1274.2455,89.319595,0.014300886,0.0,0.5783465,0.2978102
2919,1728.5851,0.0,1170.9971,89.31957,0.01303458,0.0,0.5849907,0.2978097
2920,1867.8998,0.0,1752.5692,89.319565,0.014178964,0.0,0.5501063,0.297809
2921,1948.3417,0.0,1361.9822,89.319534,0.013055412,0.0,0.54579425,0.29780835
2922,1584.6747,0.0,948.8492,89.31953,0.01846493,0.0,0.57074845,0.29780757
2923,2181.1003,0.0,903.1436,89.31952,0.013226572,0.0,0.54431444,0.29780692
2924,1674.4669,0.0,977.1561,89.31949,0.014007065,0.0,0.55961823,0.29780623
2925,1920.0764,0.0,1183.7585,89.31949,0.013396114,0.0,0.5781913,0.2978119
2926,2519.6472,0.0,1152.4836,89.319496,0.0152729545,0.0,0.58114785,0.29781687
2927,1803.5273,0.0,1265.8989,89.31958,0.015881645,0.0,0.58610487,0.29782134
2928,1870.3578,0.0,1242.0857,89.31968,0.01678145,0.0,0.6008804,0.2978252
2929,2018.2789,0.0,1065.9913,89.31976,0.01970683,0.0,0.514838,0.2978285
2930,1659.4073,0.0,782.9358,89.31977,0.013658288,0.0,0.5553515,0.29783142
2931,1258.6953,0.0,1328.7452,89.31977,0.013970947,0.0,0.55834675,0.2978339
2932,1928.0557,0.0,853.9876,89.319786,0.014859087,0.0,0.53956974,0.29783574
2933,1879.8727,0.0,1503.0078,89.319855,0.015785567,0.0,0.52954406,0.2978328
2934,2229.881,0.0,1033.2152,89.319954,0.018104982,0.0,0.59261435,0.29783005
2935,2111.905,0.0,1125.6621,89.319984,0.016783752,0.0,0.5566186,0.29782757
2936,1857.7445,0.0,1307.4369,89.32003,0.015173145,0.0,0.60013485,0.2978303
2937,1650.8704,0.0,1119.4534,89.320045,0.019279191,0.0,0.60353875,0.29783276
2938,1248.4222,0.0,1189.3297,89.32007,0.016522627,0.0,0.57276696,0.29783487
2939,2226.159,0.0,1065.5388,89.3201,0.017471764,0.0,0.5597295,0.2978367
2940,2055.0728,0.0,927.5856,89.320145,0.01735819,0.0,0.54692477,0.29783833
2941,1594.7666,0.0,999.3315,89.32017,0.016060099,0.0,0.56133646,0.2978397
2942,1281.6603,0.0,1375.0354,89.32019,0.02134294,0.0,0.5592276,0.2978408
2943,2372.6282,0.0,1160.3971,89.320145,0.019728769,0.0,0.55650604,0.29784173
2944,1616.7635,0.0,1209.102,89.32011,0.016864236,0.0,0.58048916,0.29784244
2945,2073.8682,0.0,1249.753,89.32011,0.014065996,0.0,0.56033134,0.29784298
2946,2131.8813,0.0,1396.3953,89.32011,0.01786162,0.0,0.5109093,0.29784337
2947,1581.4995,0.0,959.953,89.32008,0.017202936,0.0,0.58100975,0.29784364
2948,1781.2458,0.0,968.52985,89.32009,0.02007293,0.0,0.567627,0.29784375
2949,1955.0878,0.0,1186.9679,89.32013,0.015377376,0.0,0.56647784,0.29784366
2950,2403.811,0.0,1064.5153,89.32014,0.014599624,0.0,0.5783266,0.29784355
2951,1543.3718,0.0,1233.278,89.32016,0.01909528,0.0,0.5768899,0.29784328
2952,1677.1503,0.0,1006.9854,89.32014,0.018592937,0.0,0.5821609,0.29784298
2953,1730.3943,0.0,1232.9629,89.32017,0.014667064,0.0,0.5607681,0.29784256
2954,1844.012,0.0,814.3905,89.32024,0.012254338,0.0,0.6075932,0.29784206
2955,1607.9363,0.0,924.48914,89.32032,0.01611541,0.0,0.55082697,0.29784152
2956,2535.7307,0.0,1238.8116,89.32042,0.012474011,0.0,0.57159597,0.29784086
2957,1026.7715,0.0,1180.5864,89.32051,0.013439484,0.0,0.591236,0.29784805
2958,2885.8704,0.0,1314.0249,89.320656,0.01530353,0.0,0.5487741,0.2978544
2959,2018.3994,0.0,950.8635,89.32082,0.0144641735,0.0,0.5982294,0.29786012
2960,2050.9631,0.0,1280.4836,89.32101,0.015608808,0.0,0.5144342,0.29786515
2961,1239.6245,0.0,1230.4695,89.32114,0.013719804,0.0,0.5757992,0.2978696
2962,2029.3339,0.0,1078.9349,89.32123,0.015095099,0.0,0.55224496,0.2978734
2963,1604.1451,0.0,1133.1986,89.321304,0.014369948,0.0,0.5799631,0.29787678
2964,1772.3276,0.0,1475.0244,89.321396,0.0153800985,0.0,0.55451906,0.2978797
2965,1663.9281,0.0,1244.6521,89.32152,0.016963102,0.0,0.59113896,0.2978822
2966,2334.4102,0.0,1024.9268,89.32163,0.013978712,0.0,0.5791509,0.29788437
2967,1352.0619,0.0,1159.3838,89.321754,0.01780988,0.0,0.5935466,0.2978862
2968,2998.1135,0.0,1404.8934,89.321815,0.01451334,0.0,0.6185399,0.29788774
2969,1450.017,0.0,920.6829,89.32191,0.017826434,0.0,0.55144894,0.29788902
2970,1678.7174,0.0,1317.6066,89.32198,0.016463326,0.0,0.5262994,0.29789007
2971,1884.9375,0.0,1020.7845,89.32203,0.01969627,0.0,0.54131675,0.29789087
2972,1746.7847,0.0,1289.901,89.32206,0.01768223,0.0,0.5531439,0.29789147
2973,1742.5657,0.0,913.0435,89.32215,0.015557753,0.0,0.55369467,0.29789194
2974,1827.2548,0.0,1417.4811,89.32222,0.017221203,0.0,0.5645549,0.2978922
2975,1545.9065,0.0,1265.8562,89.322296,0.015130077,0.0,0.58026445,0.2978921
2976,1938.4219,0.0,958.1957,89.32235,0.012698887,0.0,0.5917787,0.29789168
2977,1630.668,0.0,850.66724,89.3224,0.015067177,0.0,0.5782353,0.2978912
2978,2086.5188,0.0,1210.6886,89.32244,0.018941103,0.0,0.62031835,0.2978906
2979,2135.5266,0.0,1093.2946,89.322464,0.01708879,0.0,0.57181704,0.29789007
2980,2041.9825,0.0,1127.0092,89.322426,0.016168326,0.0,0.55963355,0.29788947
2981,1720.9607,0.0,854.5077,89.3224,0.015462495,0.0,0.5355031,0.2978888
2982,1306.0804,0.0,1068.2922,89.32242,0.01516317,0.0,0.53028697,0.29788968
2983,1568.4397,0.0,876.0712,89.32244,0.018256132,0.0,0.54572535,0.29789037
2984,1686.9998,0.0,1227.4623,89.32248,0.020099405,0.0,0.5672133,0.2978909
2985,1807.3242,0.0,886.7406,89.3225,0.018329822,0.0,0.56723356,0.2978912
2986,1616.555,0.0,1290.7263,89.32256,0.014013897,0.0,0.5604683,0.29789135
2987,1658.1763,0.0,1226.9462,89.3226,0.014289912,0.0,0.5125587,0.29789144
2988,1734.6814,0.0,974.86993,89.322685,0.01908173,0.0,0.58791566,0.2978914
2989,1884.7711,0.0,915.79584,89.32277,0.01648218,0.0,0.54529285,0.2978912
2990,2163.1924,0.0,953.1931,89.32283,0.01734567,0.0,0.5819317,0.2978909
2991,1786.0096,0.0,961.6199,89.32285,0.016422203,0.0,0.65361875,0.29789048
2992,2424.046,0.0,1367.6656,89.322876,0.01721235,0.0,0.57289344,0.29789004
2993,1914.8734,0.0,1342.9774,89.322876,0.015688818,0.0,0.5544019,0.2978894
2994,2148.341,0.0,933.4675,89.32291,0.018251378,0.0,0.5639867,0.29788885
2995,1721.3258,0.0,1162.6482,89.322945,0.017321786,0.0,0.5484095,0.29788816
2996,1867.0837,0.0,1014.4138,89.32294,0.015125016,0.0,0.55432135,0.29788747
2997,1420.94,0.0,1395.4924,89.32292,0.020751968,0.0,0.5656004,0.29788667
2998,1776.5404,0.0,901.47394,89.32283,0.017816637,0.0,0.5635831,0.29788584
2999,1949.3773,0.0,860.0767,89.322716,0.013659592,0.0,0.5487964,0.2978849
3000,1871.8872,0.0,1199.3114,89.32261,0.018991837,0.0,0.57505286,0.29788384
3001,2338.8865,0.0,1304.2719,89.32252,0.014884844,0.0,0.60098255,0.29788283
3002,1910.2596,0.0,845.5367,89.32249,0.016906917,0.0,0.5391836,0.29788178
3003,2011.2351,0.0,1128.7925,89.32243,0.014976944,0.0,0.56195956,0.2978807
3004,2056.292,0.0,928.068,89.32238,0.01857509,0.0,0.5914409,0.2978796
3005,1760.1559,0.0,1189.8799,89.32238,0.01601893,0.0,0.56214833,0.29787853
3006,2211.0225,0.0,1241.4725,89.322365,0.012689153,0.0,0.57350814,0.29787743
3007,1325.445,0.0,882.2054,89.32235,0.016420696,0.0,0.5729724,0.29787633
3008,1464.4502,0.0,984.10504,89.32235,0.018639885,0.0,0.55024105,0.29787517
3009,1738.3453,0.0,1123.9498,89.322395,0.016317137,0.0,0.5571617,0.29787406
3010,1810.1261,0.0,1386.3835,89.32241,0.012659535,0.0,0.5399162,0.2978728
3011,1597.9329,0.0,1372.7395,89.3225,0.013237569,0.0,0.58083725,0.2978715
3012,2130.3381,0.0,1327.1008,89.32259,0.014929286,0.0,0.5543604,0.29787025
3013,1861.3118,0.0,1098.6517,89.32272,0.012979578,0.0,0.55172205,0.29786894
3014,1997.4341,0.0,1019.2814,89.322815,0.01315262,0.0,0.5447748,0.29786772
3015,1788.4952,0.0,1060.3969,89.32294,0.017049551,0.0,0.5528886,0.29786646
3016,1887.4591,0.0,1091.9952,89.32304,0.015208024,0.0,0.524837,0.29786524
3017,1845.8524,0.0,1100.6423,89.32314,0.017252993,0.0,0.54649734,0.29786396
3018,2251.6348,0.0,1132.8159,89.323166,0.013199648,0.0,0.6263125,0.2978627
3019,2512.4553,0.0,787.3146,89.32321,0.018295608,0.0,0.5886257,0.29786146
3020,2121.057,0.0,1021.898,89.323265,0.02184635,0.0,0.56919736,0.2978602
3021,2189.135,0.0,1215.2361,89.32332,0.016977739,0.0,0.53963816,0.29785898
3022,2176.0083,0.0,1032.352,89.32337,0.017150786,0.0,0.5416257,0.29785773
3023,1794.5023,0.0,1158.4377,89.323425,0.017294055,0.0,0.5979463,0.29785648
3024,2235.04,0.0,1198.6583,89.32346,0.018464752,0.0,0.56546086,0.29785523
3025,1919.7955,0.0,1000.52484,89.32356,0.014498888,0.0,0.5878889,0.29784673
3026,1607.8424,0.0,1361.4138,89.3236,0.017214973,0.0,0.5664501,0.29783902
3027,1830.5819,0.0,1717.2859,89.32369,0.016902812,0.0,0.5618107,0.297832
3028,1951.0773,0.0,943.0407,89.32381,0.018170124,0.0,0.5980794,0.29782563
3029,1710.443,0.0,1150.671,89.323975,0.014399777,0.0,0.5797593,0.29781985
3030,1914.7966,0.0,948.7393,89.32417,0.013612996,0.0,0.5674999,0.29781455
3031,1886.7314,0.0,747.77435,89.3244,0.016418148,0.0,0.56385624,0.29780972
3032,1706.0596,0.0,1077.0536,89.324585,0.01810792,0.0,0.56235904,0.29780516
3033,2347.8452,0.0,1244.5925,89.32475,0.016077977,0.0,0.5742842,0.29780105
3034,1798.4152,0.0,1171.8135,89.32489,0.023477983,0.0,0.6224422,0.29779717
3035,1858.9158,0.0,1008.24335,89.325035,0.017154433,0.0,0.5363433,0.29779354
3036,1791.8516,0.0,1137.2107,89.32514,0.017541423,0.0,0.5831604,0.29779014
3037,1845.8898,0.0,895.2272,89.32527,0.017509494,0.0,0.5485906,0.29778653
3038,1378.7913,0.0,853.9056,89.325386,0.017165577,0.0,0.5666698,0.2977831
3039,2094.9172,0.0,1107.5022,89.32548,0.017527215,0.0,0.5867969,0.29777995
3040,1921.8964,0.0,1242.4333,89.32561,0.016867016,0.0,0.5319545,0.29777694
3041,1621.0297,0.0,1106.6149,89.325714,0.020531856,0.0,0.5844766,0.29777423
3042,1540.4369,0.0,788.4803,89.32582,0.015990904,0.0,0.5970216,0.29777163
3043,1809.0312,0.0,1116.0281,89.32594,0.018112365,0.0,0.61546457,0.29776922
3044,1883.6577,0.0,972.7292,89.32604,0.016980119,0.0,0.54784817,0.2977669
3045,1393.07,0.0,1307.8607,89.32614,0.01539019,0.0,0.56308335,0.29776466
3046,1671.4269,0.0,1213.5831,89.326256,0.019559622,0.0,0.5288119,0.29776254
3047,1381.4211,0.0,1157.3347,89.32635,0.01829711,0.0,0.60541993,0.29776055
3048,2478.5923,0.0,1054.519,89.32642,0.018389445,0.0,0.6194627,0.2977586
3049,1576.2793,0.0,1120.3994,89.326546,0.013744241,0.0,0.6025049,0.2977567
3050,1733.9788,0.0,1150.5181,89.326675,0.01802246,0.0,0.554506,0.2977549
3051,2931.238,0.0,1028.744,89.32678,0.016146896,0.0,0.54490507,0.29778424
3052,1538.321,0.0,732.9595,89.32682,0.016007576,0.0,0.5777535,0.29781082
3053,1628.8253,0.0,1053.43,89.32687,0.017968167,0.0,0.51087356,0.2978349
3054,2228.3667,0.0,2152.1511,89.32694,0.023769442,0.0,0.61545914,0.2978566
3055,1564.0792,0.0,1440.7512,89.32694,0.014520768,0.0,0.59993684,0.29787627
3056,1411.2308,0.0,1406.1964,89.326935,0.020125384,0.0,0.5320121,0.29789388
3057,1992.3414,0.0,1146.2931,89.3269,0.014952902,0.0,0.5804922,0.29790977
3058,2517.4534,0.0,781.6236,89.32687,0.011876735,0.0,0.60728383,0.29792407
3059,2682.177,0.0,1572.0648,89.32685,0.018540278,0.0,0.6032099,0.29793915
3060,1661.207,0.0,983.1048,89.32685,0.015388745,0.0,0.54340416,0.2979527
3061,2060.0652,0.0,1205.4989,89.32686,0.015422,0.0,0.56154984,0.2979638
3062,1637.9485,0.0,1118.0869,89.32693,0.013537874,0.0,0.5508796,0.29797378
3063,1676.8541,0.0,1078.0968,89.326996,0.016064554,0.0,0.55155206,0.29798278
3064,2206.3137,0.0,926.04565,89.32708,0.020472398,0.0,0.59485924,0.29799086
3065,1968.4067,0.0,1198.1443,89.32715,0.017150087,0.0,0.59552,0.29799807
3066,2212.462,0.0,1251.0708,89.32726,0.014348499,0.0,0.55642766,0.29800454
3067,2015.5177,0.0,1168.1818,89.32739,0.016218215,0.0,0.5526394,0.29801038
3068,1671.598,0.0,857.1168,89.32745,0.013291824,0.0,0.5617218,0.2980039
3069,2055.738,0.0,1127.4971,89.327484,0.016754944,0.0,0.5847775,0.29799828
3070,2000.2631,0.0,1506.4922,89.32751,0.014245498,0.0,0.5906141,0.29799333
3071,1789.5281,0.0,1150.4612,89.32757,0.017674271,0.0,0.623381,0.2980087
3072,1763.2714,0.0,1248.2467,89.32765,0.015704915,0.0,0.59671426,0.29802293
3073,2026.921,0.0,1505.6011,89.32776,0.021481475,0.0,0.5762938,0.298036
3074,1614.4292,0.0,1145.2948,89.32784,0.019060455,0.0,0.5518741,0.29804802
3075,2013.8878,0.0,1237.6652,89.32793,0.01382191,0.0,0.51656425,0.2980589
3076,1865.4435,0.0,1129.1774,89.328026,0.016877575,0.0,0.58493894,0.29806882
3077,1725.7903,0.0,855.2962,89.32813,0.018360145,0.0,0.542305,0.2980778
3078,1703.7157,0.0,1562.5396,89.32822,0.017172499,0.0,0.58921266,0.29808593
3079,1847.5602,0.0,1563.245,89.32831,0.015487528,0.0,0.5468328,0.29809317
3080,2235.9407,0.0,1480.4132,89.32838,0.01494864,0.0,0.5574577,0.29809973
3081,2105.6633,0.0,1073.6886,89.328445,0.01998328,0.0,0.53946847,0.29810795
3082,1913.7081,0.0,1341.5721,89.32849,0.01668029,0.0,0.584823,0.29811686
3083,1769.216,0.0,1200.1095,89.3285,0.013484247,0.0,0.5326758,0.29811037
3084,1758.046,0.0,1241.3008,89.32849,0.01489345,0.0,0.55587804,0.29810464
3085,2738.2559,0.0,994.9422,89.32848,0.016201697,0.0,0.56968486,0.2980996
3086,2013.8383,0.0,1171.5071,89.32847,0.016765662,0.0,0.5807924,0.29809514
3087,2046.9325,0.0,1185.1515,89.32842,0.015275514,0.0,0.5968416,0.2980912
3088,1584.537,0.0,1077.5701,89.32838,0.017143844,0.0,0.5642711,0.29808766
3089,2105.721,0.0,1365.3408,89.32838,0.016541198,0.0,0.5734754,0.2980844
3090,1758.7289,0.0,1340.406,89.32838,0.015908413,0.0,0.53001356,0.2980815
3091,1759.8564,0.0,1071.4894,89.32839,0.02129822,0.0,0.572229,0.29807884
3092,1561.7903,0.0,1386.6697,89.32842,0.015634334,0.0,0.5681132,0.2980763
3093,1946.3688,0.0,1196.6788,89.32848,0.016991116,0.0,0.60077703,0.29807517
3094,1439.7029,0.0,1289.4028,89.32859,0.018591275,0.0,0.52520835,0.29807496
3095,2068.3157,0.0,1587.714,89.3287,0.016587278,0.0,0.52290976,0.29807463
3096,1544.1893,0.0,1050.339,89.3288,0.016930234,0.0,0.55726856,0.29807433
3097,2172.2605,0.0,1199.7688,89.32891,0.016322447,0.0,0.5998668,0.29807395
3098,1509.6257,0.0,927.5572,89.329025,0.017171387,0.0,0.57903355,0.2980736
3099,1732.1271,0.0,1012.02124,89.32916,0.0151424995,0.0,0.56618524,0.29807317
3100,1677.2188,0.0,1512.5557,89.32929,0.015436083,0.0,0.57123625,0.29807267
3101,2437.5957,0.0,1143.1456,89.329384,0.017326703,0.0,0.54791856,0.29807216
3102,1702.0646,0.0,1077.2273,89.3295,0.016661618,0.0,0.611385,0.29807153
3103,1507.8802,0.0,1059.3241,89.329666,0.014711788,0.0,0.57011235,0.298071
3104,1461.4324,0.0,1380.4221,89.32985,0.019299006,0.0,0.5744729,0.29807034
3105,2708.0833,0.0,1430.8903,89.330025,0.017852344,0.0,0.55713266,0.29806963
3106,1453.4016,0.0,1174.5477,89.33018,0.016376063,0.0,0.57916963,0.2980689
3107,2524.679,0.0,1162.3364,89.330345,0.015830664,0.0,0.5625131,0.29806814
3108,1866.8105,0.0,1225.3544,89.3305,0.01781867,0.0,0.58473396,0.29806733
3109,1524.084,0.0,959.7242,89.3306,0.01958133,0.0,0.5792672,0.29806656
3110,1189.5021,0.0,1233.104,89.3307,0.01447859,0.0,0.58810055,0.29806572
3111,2559.6816,0.0,1030.485,89.3308,0.014717128,0.0,0.5925945,0.2980648
3112,1795.5227,0.0,1138.737,89.33085,0.016271155,0.0,0.56427747,0.29806557
3113,1140.2349,0.0,943.9409,89.330956,0.014432313,0.0,0.6230347,0.29806608
3114,1970.2976,0.0,1081.9369,89.33108,0.017134678,0.0,0.60791624,0.29806644
3115,1930.1437,0.0,1063.2765,89.331154,0.016674325,0.0,0.5955324,0.29806674
3116,1860.5278,0.0,1185.3976,89.33121,0.014381155,0.0,0.51642334,0.29806682
3117,1733.0226,0.0,1351.9484,89.33133,0.017487036,0.0,0.52149224,0.29806682
3118,1691.1937,0.0,1378.7213,89.33148,0.016733792,0.0,0.56836057,0.2980667
3119,1709.6146,0.0,1088.4415,89.33166,0.017002096,0.0,0.56608087,0.2980665
3120,1500.3065,0.0,1458.8448,89.33179,0.019021308,0.0,0.5485654,0.2980662
3121,1293.8523,0.0,956.59894,89.33193,0.019414298,0.0,0.611437,0.2980658
3122,2040.6604,0.0,1549.2057,89.33207,0.01600457,0.0,0.5685985,0.29806542
3123,1988.8258,0.0,1115.296,89.33223,0.015766561,0.0,0.58056045,0.29806495
3124,2467.9678,0.0,1079.214,89.33237,0.019923469,0.0,0.54766846,0.29806447
3125,1851.257,0.0,1084.0938,89.33248,0.017146971,0.0,0.6060463,0.29806417
3126,1358.6868,0.0,1493.405,89.33258,0.015455455,0.0,0.54402566,0.29806376
3127,2137.0645,0.0,873.64417,89.332695,0.017951371,0.0,0.6199856,0.2980633
3128,1420.5675,0.0,1326.906,89.332825,0.014328945,0.0,0.5742299,0.29806277
3129,2176.8906,0.0,1080.0167,89.33295,0.018697817,0.0,0.560068,0.29806224
3130,1501.5645,0.0,1364.3066,89.33304,0.014777332,0.0,0.6219343,0.29806155
3131,2243.1858,0.0,1486.0,89.3332,0.017215576,0.0,0.53299487,0.29806092
3132,1385.8031,0.0,1094.4125,89.33333,0.013584498,0.0,0.5873269,0.29806057
3133,2175.7947,0.0,1087.5416,89.33345,0.014617978,0.0,0.53007865,0.29806015
3134,1767.4584,0.0,1368.1969,89.33361,0.015006909,0.0,0.51828754,0.29805967
3135,1895.7736,0.0,1282.6155,89.3338,0.020716438,0.0,0.52208185,0.29805917
3136,1539.5656,0.0,1333.7378,89.334,0.017024284,0.0,0.52649343,0.29805857
3137,2049.951,0.0,750.41705,89.33418,0.017135574,0.0,0.5379584,0.29805788
3138,1352.5419,0.0,1400.6449,89.33433,0.013593113,0.0,0.5855385,0.2980572
3139,2148.6482,0.0,1152.9614,89.334496,0.0152387675,0.0,0.586964,0.29806593
3140,1762.7344,0.0,1071.2521,89.33461,0.016534839,0.0,0.57932734,0.29807377
3141,1363.5404,0.0,1270.5597,89.334694,0.018507335,0.0,0.5575005,0.29808077
3142,1897.181,0.0,1216.5955,89.3348,0.0156237725,0.0,0.5740606,0.29808703
3143,2288.509,0.0,954.79694,89.334946,0.018426929,0.0,0.5554221,0.29809248
3144,2082.0698,0.0,1351.9247,89.335075,0.014686107,0.0,0.5553703,0.29809734
3145,1793.9369,0.0,1248.8058,89.33517,0.013178872,0.0,0.5457458,0.2981016
3146,1947.5862,0.0,841.9098,89.335266,0.016062139,0.0,0.57239485,0.29810542
3147,1987.318,0.0,845.20856,89.335365,0.016150912,0.0,0.56174123,0.29810873
3148,1904.556,0.0,1272.0792,89.33542,0.020714618,0.0,0.56911266,0.29811162
3149,2286.4177,0.0,1073.983,89.33547,0.014133318,0.0,0.58880776,0.2981141
3150,1676.693,0.0,1151.4683,89.33552,0.014177885,0.0,0.56421465,0.29811624
3151,1763.9137,0.0,1064.3562,89.335556,0.015263799,0.0,0.5535264,0.29811752
3152,2284.299,0.0,1027.166,89.335556,0.012332447,0.0,0.57860106,0.29811874
3153,1647.5961,0.0,983.023,89.33559,0.015351693,0.0,0.5630802,0.29812557
3154,2385.9038,0.0,1653.755,89.33561,0.01803868,0.0,0.57924104,0.2981318
3155,1832.3943,0.0,1031.9935,89.33566,0.015113993,0.0,0.61506605,0.2981375
3156,1802.6656,0.0,1869.0745,89.33579,0.014439071,0.0,0.58941287,0.29814258
3157,1449.8096,0.0,994.1069,89.335915,0.018470287,0.0,0.57994366,0.2981468
3158,1627.4026,0.0,1322.4197,89.336,0.011911633,0.0,0.577182,0.29815054
3159,1906.5701,0.0,1417.4565,89.336075,0.018085182,0.0,0.5548724,0.29815388
3160,1847.5759,0.0,1235.3546,89.3361,0.020272886,0.0,0.547978,0.2981568
3161,2363.0146,0.0,1341.9451,89.33611,0.0154766645,0.0,0.5816106,0.29815885
3162,2444.085,0.0,1195.7245,89.33614,0.017866326,0.0,0.60106903,0.29816163
3163,2528.6504,0.0,976.34906,89.33621,0.020101344,0.0,0.59804505,0.29816395
3164,1602.9872,0.0,1132.4401,89.33628,0.016407065,0.0,0.5417013,0.29816613
3165,1879.7443,0.0,1231.324,89.33638,0.015171481,0.0,0.5532574,0.29816794
3166,1483.3289,0.0,1063.3505,89.336464,0.01338917,0.0,0.547449,0.2981695
3167,1566.6716,0.0,1108.773,89.33652,0.013490496,0.0,0.5697438,0.29817075
3168,2010.0203,0.0,1071.9492,89.33656,0.016789524,0.0,0.5530085,0.29817182
3169,1555.4331,0.0,833.6208,89.33657,0.017848577,0.0,0.5672769,0.29817265
3170,1563.3867,0.0,1387.6818,89.33659,0.016742306,0.0,0.5571338,0.2981733
3171,1566.4913,0.0,1112.9482,89.3366,0.020971194,0.0,0.53449607,0.29817382
3172,2292.662,0.0,982.15,89.336655,0.014368391,0.0,0.5625469,0.29817408
3173,1776.4249,0.0,1186.2101,89.33673,0.01601479,0.0,0.54808706,0.29817414
3174,1801.5067,0.0,875.7515,89.33683,0.011765175,0.0,0.58972305,0.29817405
3175,1638.8508,0.0,1240.1445,89.33694,0.017151615,0.0,0.55258346,0.29817393
3176,1658.7014,0.0,1125.1823,89.33704,0.016880536,0.0,0.55596435,0.2981736
3177,1426.5466,0.0,1164.388,89.33714,0.019765634,0.0,0.58273405,0.29817325
3178,1620.4911,0.0,1375.682,89.33719,0.018102806,0.0,0.56975806,0.29817283
3179,1964.0151,0.0,1057.1377,89.33726,0.018843345,0.0,0.6119369,0.29817238
3180,1481.5219,0.0,1263.8461,89.3373,0.013356557,0.0,0.5945539,0.298172
3181,2296.277,0.0,1276.0184,89.33735,0.01691431,0.0,0.5430155,0.29817158
3182,1199.2627,0.0,1253.1826,89.33742,0.022134848,0.0,0.58070254,0.2981711
3183,1022.39764,0.0,1140.688,89.33747,0.016842443,0.0,0.5302219,0.29816425
3184,1801.1515,0.0,1217.4464,89.33755,0.020334098,0.0,0.5709859,0.29815802
3185,1568.4752,0.0,1030.5836,89.3376,0.015078498,0.0,0.625615,0.29815215
3186,1789.4463,0.0,1467.179,89.33765,0.016476339,0.0,0.547456,0.29814562
3187,2115.533,0.0,1294.259,89.33769,0.016251978,0.0,0.57203245,0.29813954
3188,2049.4805,0.0,1023.4167,89.3378,0.014674368,0.0,0.59034216,0.298134
3189,2258.674,0.0,1214.4005,89.33789,0.015399061,0.0,0.606515,0.29812893
3190,2121.8193,0.0,1073.4749,89.33794,0.017763983,0.0,0.5788488,0.29812422
3191,2309.4146,0.0,1329.61,89.33796,0.015054241,0.0,0.58779263,0.29811987
3192,1696.202,0.0,946.0746,89.33795,0.015147928,0.0,0.5434072,0.2981159
3193,2345.074,0.0,1059.3054,89.33791,0.015235886,0.0,0.5986156,0.29811218
3194,1755.3732,0.0,1147.9135,89.33788,0.016238209,0.0,0.5219542,0.29810873
3195,1530.0214,0.0,1407.7815,89.337845,0.016171949,0.0,0.56978416,0.2981055
3196,1428.1792,0.0,1143.3583,89.33782,0.016745295,0.0,0.5804772,0.29810256
3197,2080.5767,0.0,1062.2168,89.33781,0.016402218,0.0,0.5786238,0.2980997
3198,1724.4406,0.0,1324.6451,89.33782,0.018029688,0.0,0.59804106,0.298097
3199,1735.319,0.0,1299.6874,89.33785,0.018029314,0.0,0.56301236,0.2980945
3200,1720.6847,0.0,1176.0511,89.33785,0.013771461,0.0,0.58756155,0.2980922
3201,1485.6333,0.0,1125.087,89.33792,0.01703005,0.0,0.5625753,0.29808992
3202,2088.3171,0.0,1218.8396,89.33798,0.017005358,0.0,0.53851885,0.2980878
3203,1460.1118,0.0,989.6742,89.33799,0.014503709,0.0,0.5973767,0.29808578
3204,2146.8342,0.0,1271.8059,89.33805,0.015231755,0.0,0.5481362,0.29808384
3205,1509.5573,0.0,1006.8765,89.338066,0.0140689965,0.0,0.562525,0.29808325
3206,1769.5487,0.0,1347.463,89.338104,0.014895167,0.0,0.57541275,0.29808277
3207,2022.6927,0.0,1288.1996,89.3381,0.016378699,0.0,0.6242099,0.2980848
3208,1796.3175,0.0,727.6751,89.338135,0.019695852,0.0,0.5795233,0.2980866
3209,2194.9973,0.0,939.5465,89.33818,0.017488213,0.0,0.5694051,0.2980881
3210,1691.2836,0.0,1210.2328,89.33823,0.013647347,0.0,0.57716006,0.29808936
3211,2114.0813,0.0,929.6988,89.33827,0.01611108,0.0,0.59831303,0.29809034
3212,1510.1282,0.0,1320.4579,89.33828,0.013964433,0.0,0.5650016,0.2980912
3213,1466.3982,0.0,1424.0154,89.33829,0.01498774,0.0,0.5627872,0.29809186
3214,1952.4685,0.0,1159.7689,89.338326,0.014481532,0.0,0.5506073,0.29809234
3215,2371.824,0.0,1095.3462,89.33833,0.013675543,0.0,0.54949874,0.29809266
3216,2162.2424,0.0,1302.2462,89.33837,0.020012815,0.0,0.59775305,0.29809287
3217,1634.7062,0.0,1455.8463,89.33838,0.014588289,0.0,0.5435907,0.29809296
3218,2078.9468,0.0,1246.7179,89.3384,0.015553627,0.0,0.5408194,0.2980893
3219,1899.4115,0.0,1281.1821,89.338425,0.014232611,0.0,0.55084145,0.29808697
3220,2122.7334,0.0,1029.045,89.338455,0.01932203,0.0,0.60857636,0.2980848
3221,1568.2769,0.0,1428.4242,89.3385,0.01561665,0.0,0.5704995,0.2980828
3222,2039.4136,0.0,917.3608,89.33852,0.015417869,0.0,0.5458357,0.2980808
3223,1389.4677,0.0,1242.5646,89.338524,0.020318432,0.0,0.5944914,0.2980789
3224,1715.5375,0.0,981.4159,89.3385,0.016383156,0.0,0.5695072,0.29807714
3225,1807.4734,0.0,865.1331,89.33849,0.011685556,0.0,0.576778,0.29807544
3226,1699.9435,0.0,1670.6843,89.33851,0.018383175,0.0,0.5960655,0.2980738
3227,1972.0781,0.0,1256.6985,89.33855,0.024236148,0.0,0.5526568,0.2980722
3228,1903.5967,0.0,1171.7466,89.33857,0.01422854,0.0,0.5566369,0.29807064
3229,1506.3695,0.0,1317.7045,89.33863,0.014186866,0.0,0.5915696,0.29806912
3230,1648.2555,0.0,1187.0951,89.33864,0.015036166,0.0,0.54392636,0.2980677
3231,2749.723,0.0,1383.5951,89.33865,0.015154012,0.0,0.6091533,0.29806626
3232,1774.6438,0.0,1236.164,89.33871,0.015109326,0.0,0.55051875,0.29806486
3233,1953.3336,0.0,1018.4392,89.33873,0.019106027,0.0,0.5605594,0.2980635
3234,1796.2198,0.0,947.0491,89.338776,0.014956547,0.0,0.5733956,0.29806077
3235,2021.7831,0.0,1257.1664,89.338806,0.017216943,0.0,0.52216315,0.29804316
3236,1697.0682,0.0,1178.5297,89.33882,0.013887685,0.0,0.589633,0.2980276
3237,2821.363,0.0,971.6483,89.33888,0.0145296855,0.0,0.58820164,0.29801366
3238,2086.359,0.0,1191.7787,89.33894,0.018477213,0.0,0.5988413,0.2980013
3239,1057.7417,0.0,1191.65,89.33891,0.015307831,0.0,0.59677935,0.29799023
3240,1865.106,0.0,1087.6256,89.338844,0.016664252,0.0,0.5723083,0.2979803
3241,1896.7417,0.0,1158.6198,89.3388,0.016911004,0.0,0.5764004,0.2979714
3242,1999.4641,0.0,978.7642,89.33876,0.014558241,0.0,0.62735194,0.2979633
3243,1983.0529,0.0,1242.5607,89.33874,0.017899593,0.0,0.5456266,0.29795605
3244,1922.3195,0.0,776.06757,89.338745,0.015284695,0.0,0.55182266,0.29794967
3245,1989.4081,0.0,788.8543,89.33875,0.016917486,0.0,0.5933014,0.29794386
3246,2240.7488,0.0,902.59033,89.33877,0.015345318,0.0,0.60202897,0.29793856
3247,1839.8328,0.0,1172.4456,89.33878,0.016644642,0.0,0.56291384,0.29793385
3248,1580.7289,0.0,1024.4375,89.33884,0.0154950265,0.0,0.57329816,0.2979295
3249,2720.303,0.0,1392.3778,89.33883,0.013163045,0.0,0.5568413,0.2979254
3250,1622.7571,0.0,1202.669,89.33876,0.014820761,0.0,0.5624371,0.29792163
3251,1938.1052,0.0,1185.8497,89.33866,0.016283235,0.0,0.628236,0.29791152
3252,1990.4062,0.0,1239.8054,89.33863,0.01464121,0.0,0.54687274,0.29790235
3253,1768.7606,0.0,1200.379,89.33859,0.01416002,0.0,0.5687365,0.29789403
3254,1620.8054,0.0,1386.7976,89.33855,0.016170144,0.0,0.55059373,0.2978865
3255,1832.5364,0.0,1139.7191,89.338486,0.015299413,0.0,0.5877367,0.29787958
3256,2080.8052,0.0,1011.9194,89.338455,0.014770342,0.0,0.60281533,0.29787335
3257,1604.492,0.0,1437.4246,89.33845,0.016312417,0.0,0.58846533,0.2978676
3258,1944.1698,0.0,961.859,89.338455,0.014079466,0.0,0.55702555,0.2978623
3259,1523.239,0.0,1275.3236,89.338524,0.017325694,0.0,0.5625362,0.2978609
3260,2411.0828,0.0,889.5546,89.33862,0.015529454,0.0,0.5673691,0.2978597
3261,1925.7896,0.0,1197.0852,89.33867,0.018993013,0.0,0.53816843,0.29785857
3262,1395.9175,0.0,1049.8047,89.33873,0.016745698,0.0,0.51574206,0.29785755
3263,1435.2622,0.0,1267.0255,89.338776,0.016846186,0.0,0.5755424,0.2978565
3264,2398.7993,0.0,843.7051,89.33881,0.018400395,0.0,0.6124272,0.29785553
3265,1450.5765,0.0,1188.1964,89.338875,0.012692402,0.0,0.5715623,0.2978546
3266,1933.3313,0.0,1449.1794,89.33894,0.01538436,0.0,0.58918,0.29785186
3267,2497.738,0.0,1146.2555,89.33904,0.017613152,0.0,0.55058324,0.29784954
3268,2584.9412,0.0,1370.634,89.339165,0.017280621,0.0,0.5645119,0.2978476
3269,2451.2327,0.0,1105.0289,89.33934,0.016907979,0.0,0.6273688,0.29784358
3270,1931.3605,0.0,1128.83,89.33955,0.01737432,0.0,0.54540026,0.29784
3271,2244.2827,0.0,1102.7069,89.339676,0.021710884,0.0,0.5638473,0.2978368
3272,1329.2107,0.0,1144.83,89.33977,0.01666424,0.0,0.55316895,0.2978319
3273,2320.95,0.0,1138.6437,89.33991,0.016057108,0.0,0.5391687,0.29782745
3274,1795.2771,0.0,1189.2828,89.33997,0.017851077,0.0,0.5581639,0.29782337
3275,1328.0366,0.0,1499.8628,89.34004,0.015773786,0.0,0.58375275,0.2978168
3276,2212.3735,0.0,1693.2078,89.34009,0.01780581,0.0,0.54681313,0.2978109
3277,1955.3865,0.0,1273.8038,89.34013,0.018601853,0.0,0.5967115,0.29780546
3278,1722.1395,0.0,1143.8472,89.340096,0.01618608,0.0,0.5238331,0.2978005
3279,1759.8655,0.0,1063.8789,89.340065,0.014863732,0.0,0.60325444,0.29779598
3280,1599.6775,0.0,1790.3391,89.34005,0.013518523,0.0,0.56200945,0.29779184
3281,1957.975,0.0,969.27875,89.34001,0.013720292,0.0,0.55013335,0.29778895
3282,1853.1847,0.0,1066.1722,89.34,0.014242701,0.0,0.52808774,0.29778627
3283,1625.5195,0.0,876.17865,89.33999,0.019685742,0.0,0.57533777,0.29778412
3284,2271.665,0.0,1015.6155,89.339966,0.01798929,0.0,0.6144414,0.29778206
3285,2155.8088,0.0,999.0155,89.33998,0.018001465,0.0,0.5519488,0.29778013
3286,2125.47,0.0,1438.0878,89.34002,0.0206174,0.0,0.58072656,0.29777825
3287,1356.5797,0.0,1120.2394,89.340096,0.015026746,0.0,0.57853186,0.29777646
3288,1710.8984,0.0,1090.6859,89.340126,0.015697375,0.0,0.5938498,0.29777476
3289,1641.8739,0.0,1063.3654,89.34013,0.017825894,0.0,0.57212996,0.2977731
3290,2051.54,0.0,1461.2744,89.34018,0.015491633,0.0,0.5654236,0.29777148
3291,1892.5511,0.0,1250.4669,89.340225,0.018387131,0.0,0.5399678,0.29776865
3292,2218.343,0.0,1029.8097,89.34032,0.019069366,0.0,0.55755067,0.29776597
3293,1343.7484,0.0,1451.1827,89.3404,0.015787426,0.0,0.54796636,0.2977636
3294,2089.4067,0.0,937.254,89.340454,0.017209608,0.0,0.5575829,0.2977612
3295,2206.387,0.0,1323.031,89.34051,0.01402921,0.0,0.5534359,0.29775906
3296,1169.026,0.0,1245.0148,89.34059,0.0142026795,0.0,0.59613585,0.29775703
3297,1809.4081,0.0,1047.9828,89.340744,0.016157258,0.0,0.5780356,0.29775506
3298,2266.5244,0.0,1025.2034,89.34089,0.01394917,0.0,0.5636902,0.29775319
3299,1985.4065,0.0,1450.6981,89.34106,0.014056949,0.0,0.5840782,0.2977514
3300,1349.6672,0.0,1301.1426,89.34121,0.016576044,0.0,0.5804666,0.29774973
3301,1505.0133,0.0,1057.2266,89.34133,0.017587913,0.0,0.5690705,0.297748
3302,1423.0104,0.0,1363.8392,89.34145,0.01456901,0.0,0.5517193,0.29774648
3303,1525.0499,0.0,906.0357,89.34156,0.014319254,0.0,0.5501698,0.2977449
3304,1457.9594,0.0,1289.8823,89.3416,0.0192945,0.0,0.5887146,0.29774332
3305,1366.9224,0.0,1119.0873,89.34165,0.015536445,0.0,0.52751327,0.29774183
3306,2055.0667,0.0,1047.9935,89.34174,0.017185709,0.0,0.57383466,0.29774037
3307,2583.2783,0.0,1383.7953,89.34181,0.014034706,0.0,0.5895707,0.29774114
3308,1802.8219,0.0,1455.2715,89.34184,0.01179457,0.0,0.52913064,0.29774177
3309,1965.6953,0.0,1030.5425,89.341805,0.017039528,0.0,0.5552682,0.29774225
3310,2265.6787,0.0,1074.6552,89.3418,0.0139581775,0.0,0.55355424,0.29774255
3311,1332.7666,0.0,1273.4344,89.341774,0.015310302,0.0,0.6047839,0.29774153
3312,1951.517,0.0,949.801,89.34175,0.01607031,0.0,0.5769888,0.2977404
3313,2237.4463,0.0,1031.5739,89.34175,0.015875578,0.0,0.56882685,0.29773912
3314,1593.3851,0.0,1203.1708,89.34178,0.015738321,0.0,0.5573801,0.29773778
3315,1880.2355,0.0,939.98883,89.34177,0.017382111,0.0,0.55102247,0.29773557
3316,2070.8176,0.0,1250.4706,89.341736,0.014291711,0.0,0.52484405,0.29773343
3317,1958.2073,0.0,969.8396,89.34171,0.014771815,0.0,0.57509995,0.29773185
3318,1748.9346,0.0,1043.1735,89.341675,0.015981516,0.0,0.50933444,0.29773036
3319,1841.9178,0.0,1055.3047,89.3417,0.017157648,0.0,0.559798,0.29773033
3320,1611.4601,0.0,1356.0747,89.34176,0.014190411,0.0,0.577782,0.29773027
3321,2353.6343,0.0,1508.1239,89.34184,0.012918189,0.0,0.5614476,0.2977301
3322,2506.4124,0.0,1019.9723,89.34193,0.02029489,0.0,0.5482439,0.2977298
3323,1990.5441,0.0,1430.7628,89.342,0.014160296,0.0,0.5745112,0.29772946
3324,2423.2432,0.0,1077.8263,89.34211,0.018716408,0.0,0.5816605,0.29772902
3325,2045.7555,0.0,884.9238,89.342224,0.017596722,0.0,0.58214813,0.29772854
3326,1945.5283,0.0,1284.4198,89.34236,0.017982638,0.0,0.5666344,0.29772803
3327,1575.4119,0.0,975.22656,89.342545,0.0145673435,0.0,0.5659577,0.29772747
3328,1758.049,0.0,1131.1696,89.34273,0.012552413,0.0,0.61038554,0.29772684
3329,1839.6749,0.0,1377.1274,89.3429,0.01541386,0.0,0.5991685,0.29772618
3330,2060.2942,0.0,1195.477,89.34311,0.02101515,0.0,0.6004803,0.29772425
3331,1379.7177,0.0,1323.2485,89.34331,0.014944132,0.0,0.572771,0.2977228
3332,2129.5947,0.0,1422.4548,89.34343,0.017190933,0.0,0.6190466,0.29771963
3333,2041.9977,0.0,1243.7867,89.34352,0.017163716,0.0,0.5708542,0.2977167
3334,2498.062,0.0,1164.4323,89.3436,0.01618874,0.0,0.55424035,0.29771397
3335,1653.2688,0.0,1444.2448,89.34371,0.018236151,0.0,0.9048805,0.29771137
3336,1646.5585,0.0,1061.131,89.34379,0.016374845,0.0,0.5634575,0.29770935
3337,1680.7651,0.0,1009.9449,89.34386,0.018371645,0.0,0.57787406,0.29770645
3338,1649.4656,0.0,1384.0266,89.343994,0.0158105,0.0,0.5511992,0.2977038
3339,1960.864,0.0,1313.6646,89.344055,0.014496503,0.0,0.6149336,0.2977014
3340,1594.9747,0.0,986.4152,89.344124,0.01731025,0.0,0.5828852,0.29769912
3341,1434.5067,0.0,1030.0345,89.3442,0.01666174,0.0,0.5671876,0.29769695
3342,1878.6447,0.0,1299.2667,89.34428,0.018454265,0.0,0.5664042,0.29769498
3343,1850.8154,0.0,1220.501,89.34434,0.017140798,0.0,0.5716435,0.29769304
3344,1115.2902,0.0,1035.0488,89.34437,0.018450283,0.0,0.5657822,0.29769173
3345,2033.5758,0.0,881.7152,89.344406,0.018181441,0.0,0.62942535,0.297693
3346,1968.4784,0.0,875.8189,89.34439,0.016329264,0.0,0.5199113,0.2976941
3347,1613.8989,0.0,1036.9086,89.344444,0.015278272,0.0,0.54351485,0.29769507
3348,1633.7291,0.0,1289.7075,89.344536,0.019877888,0.0,0.5495329,0.29769605
3349,1915.8635,0.0,1183.4252,89.34464,0.022337392,0.0,0.594188,0.29769683
3350,2327.3662,0.0,1000.78174,89.34479,0.019885194,0.0,0.5702822,0.2976969
3351,1785.7571,0.0,1270.3828,89.344925,0.015676666,0.0,0.5883682,0.2976969
3352,1910.1338,0.0,1346.7688,89.34505,0.01732982,0.0,0.60648525,0.29769677
3353,1608.4916,0.0,1314.4308,89.34519,0.017354397,0.0,0.5416089,0.29769656
3354,2022.5734,0.0,1066.6405,89.34535,0.021336038,0.0,0.53332627,0.2976963
3355,2264.5503,0.0,1134.7368,89.345505,0.016779136,0.0,0.5831224,0.2976959
3356,2124.0654,0.0,1460.255,89.345665,0.014945803,0.0,0.6016396,0.29769543
3357,2331.3843,0.0,1056.9386,89.34591,0.01494208,0.0,0.56889737,0.29769492
3358,1354.874,0.0,1041.4918,89.34611,0.0148005895,0.0,0.5908588,0.29769439
3359,1434.3429,0.0,1235.9977,89.346275,0.016484477,0.0,0.5995753,0.29769328
3360,2079.15,0.0,1088.9253,89.346375,0.015709253,0.0,0.58150506,0.297692
3361,1493.3182,0.0,931.8473,89.346436,0.020864222,0.0,0.55204993,0.29769078
3362,1709.2893,0.0,1172.6603,89.34649,0.016718097,0.0,0.6112522,0.29768953
3363,1547.5243,0.0,1063.2307,89.346504,0.014665838,0.0,0.5253397,0.29769605
3364,2091.7026,0.0,1013.2515,89.346504,0.016310703,0.0,0.5584532,0.2977019
3365,1752.3547,0.0,1292.5354,89.34651,0.021213291,0.0,0.5277993,0.2977071
3366,1952.0046,0.0,996.24207,89.346504,0.016799008,0.0,0.5749433,0.29771176
3367,2293.9656,0.0,1239.5844,89.346504,0.015983721,0.0,0.5600852,0.29771572
3368,2297.5789,0.0,1151.285,89.34647,0.014042614,0.0,0.5799617,0.2977192
3369,2020.8005,0.0,1092.1074,89.34648,0.015778555,0.0,0.5633918,0.29772192
3370,2142.4316,0.0,1095.6724,89.346504,0.016162872,0.0,0.547928,0.29772425
3371,1507.6776,0.0,889.0134,89.34653,0.01939191,0.0,0.539875,0.2977262
3372,1637.5918,0.0,923.6659,89.3466,0.015609364,0.0,0.5529821,0.2977279
3373,1395.827,0.0,960.16125,89.3467,0.013281582,0.0,0.55189633,0.2977293
3374,1602.3921,0.0,1078.2463,89.346794,0.016790194,0.0,0.57638514,0.29773054
3375,1508.6531,0.0,1338.5728,89.34685,0.01617809,0.0,0.58035195,0.29773143
3376,1683.2417,0.0,1000.7622,89.34695,0.017889129,0.0,0.5658676,0.2977322
3377,2096.5608,0.0,1230.1395,89.34706,0.016013669,0.0,0.55230176,0.29773277
3378,1705.2415,0.0,1083.9276,89.34716,0.014914231,0.0,0.5680448,0.29773316
3379,1683.6719,0.0,1328.9688,89.34722,0.014227199,0.0,0.5751965,0.29773343
3380,1801.8187,0.0,1028.2202,89.3473,0.016392171,0.0,0.5518908,0.29773352
3381,2438.1453,0.0,1037.486,89.34733,0.0156138055,0.0,0.52092797,0.2977335
3382,1593.7744,0.0,843.0419,89.347374,0.016713716,0.0,0.58868635,0.2977334
3383,1757.5544,0.0,996.87305,89.347404,0.011247836,0.0,0.57153404,0.29773316
3384,1356.1211,0.0,940.62616,89.34739,0.016401373,0.0,0.53550893,0.29773262
3385,1814.5088,0.0,1368.74,89.3474,0.0135470135,0.0,0.5379683,0.29773194
3386,2255.7534,0.0,1562.4545,89.347404,0.01638943,0.0,0.5909866,0.29773125
3387,2821.046,0.0,909.75665,89.347404,0.013488479,0.0,0.5717679,0.2977305
3388,2069.4775,0.0,1024.3439,89.3474,0.014254235,0.0,0.6045991,0.29772976
3389,2036.8883,0.0,825.6285,89.34739,0.01626571,0.0,0.57814753,0.29772893
3390,1472.4924,0.0,974.7621,89.347404,0.016542073,0.0,0.5587465,0.2977281
3391,1813.5253,0.0,1194.9299,89.34744,0.017308323,0.0,0.5797043,0.2977272
3392,2372.3022,0.0,1531.3229,89.34747,0.016308442,0.0,0.5798925,0.29772627
3393,2259.0146,0.0,1251.3357,89.34753,0.016563727,0.0,0.60515696,0.29772532
3394,1603.5542,0.0,1077.5092,89.3476,0.015770297,0.0,0.5863411,0.2977244
3395,2022.0721,0.0,1114.0471,89.34766,0.019250264,0.0,0.5749487,0.29772335
3396,1525.591,0.0,1252.5754,89.34775,0.019321466,0.0,0.583658,0.2977224
3397,1940.231,0.0,1445.2651,89.34787,0.016359482,0.0,0.539684,0.2977214
3398,2230.9778,0.0,1062.214,89.34801,0.013170029,0.0,0.58812547,0.29772034
3399,1883.4114,0.0,1305.9241,89.34816,0.019838862,0.0,0.57329804,0.29771927
3400,1837.1401,0.0,1078.0062,89.34828,0.017028809,0.0,0.5781888,0.29771823
3401,1778.67,0.0,1387.2557,89.34845,0.013367362,0.0,0.549752,0.29771718
3402,2753.1194,0.0,1257.8439,89.34861,0.014615248,0.0,0.58352137,0.29771647
3403,1680.6456,0.0,937.1184,89.34873,0.016285375,0.0,0.6133043,0.29771557
3404,1719.7762,0.0,1078.1337,89.34885,0.017877169,0.0,0.57348657,0.29771465
3405,2120.963,0.0,1185.3512,89.34897,0.014974432,0.0,0.574912,0.29771376
3406,1779.5476,0.0,1694.5656,89.3491,0.018290412,0.0,0.5838165,0.29771277
3407,1780.8287,0.0,1140.0825,89.34925,0.01542218,0.0,0.5407728,0.2977118
3408,1995.9758,0.0,1022.494,89.349434,0.016538894,0.0,0.5907848,0.2977108
3409,2127.6099,0.0,1022.37836,89.349594,0.016748283,0.0,0.58162403,0.29770976
3410,1954.7219,0.0,1158.7621,89.34971,0.015260814,0.0,0.59098035,0.29770392
3411,2169.3079,0.0,1267.5419,89.34981,0.016775224,0.0,0.55826664,0.29769853
3412,2103.7427,0.0,1213.7855,89.34991,0.014711194,0.0,0.56734383,0.2976936
3413,1806.9329,0.0,1316.1183,89.35003,0.017334491,0.0,0.5584654,0.2976891
3414,1481.8914,0.0,1149.3123,89.350105,0.018694334,0.0,0.6092125,0.2976849
3415,2421.036,0.0,1086.9135,89.35016,0.01896835,0.0,0.536787,0.29768103
3416,1894.3165,0.0,1047.5363,89.350174,0.015924033,0.0,0.5040475,0.29767746
3417,2169.5466,0.0,1181.8623,89.35015,0.0137146935,0.0,0.59381247,0.2976742
3418,2602.918,0.0,1487.001,89.35018,0.015642095,0.0,0.57135195,0.29767105
3419,2190.9558,0.0,1011.666,89.35025,0.014259562,0.0,0.5625497,0.29766816
3420,2284.7449,0.0,1457.4169,89.3503,0.016931646,0.0,0.57137656,0.29766542
3421,1825.2507,0.0,1501.4495,89.3503,0.01578518,0.0,0.5363329,0.29766288
3422,1449.1013,0.0,1280.9576,89.35028,0.01919417,0.0,0.5815183,0.2976604
3423,2210.242,0.0,912.46967,89.35018,0.01643437,0.0,0.5607332,0.29765815
3424,1856.0056,0.0,1673.3885,89.35012,0.017572181,0.0,0.5735738,0.29765594
3425,2147.8967,0.0,1166.9735,89.34999,0.019196518,0.0,0.5887482,0.29768336
3426,1861.6365,0.0,1272.5338,89.349945,0.014435543,0.0,0.5611783,0.29770824
3427,1280.8663,0.0,1037.5922,89.34987,0.013539804,0.0,0.5710343,0.29773077
3428,2041.7346,0.0,1245.704,89.349815,0.016642297,0.0,0.54318595,0.29775122
3429,1872.2026,0.0,1175.0494,89.34978,0.021484513,0.0,0.54935414,0.29776964
3430,2141.0474,0.0,1102.6951,89.34971,0.01582041,0.0,0.54178405,0.29778633
3431,1444.3289,0.0,1124.6979,89.349655,0.01786599,0.0,0.57162416,0.29780132
3432,1808.3274,0.0,1023.77527,89.34959,0.015944935,0.0,0.6476208,0.29781482
3433,2128.2214,0.0,1372.2476,89.349525,0.018217977,0.0,0.59542185,0.2978269
3434,1418.9691,0.0,1382.0583,89.3495,0.016733266,0.0,0.5652977,0.29783845
3435,1638.8534,0.0,1034.449,89.34951,0.015576149,0.0,0.6053791,0.2978488
3436,1882.5979,0.0,1413.0758,89.34952,0.017529558,0.0,0.5787409,0.2978557
3437,1648.4539,0.0,1137.6066,89.34955,0.021047851,0.0,0.58385247,0.29786184
3438,1918.9841,0.0,900.0604,89.349594,0.016900253,0.0,0.54982346,0.29786733
3439,1342.8964,0.0,1211.5854,89.34966,0.018315636,0.0,0.5645773,0.2978722
3440,1777.828,0.0,994.0471,89.34969,0.019877596,0.0,0.54849374,0.29787627
3441,1461.5328,0.0,1228.2861,89.34969,0.013117537,0.0,0.5673217,0.29787993
3442,1837.0184,0.0,1385.9414,89.349724,0.017215438,0.0,0.5186901,0.29788357
3443,2291.1929,0.0,987.0007,89.34972,0.017919235,0.0,0.5407872,0.29788676
3444,1986.5903,0.0,1273.9484,89.349754,0.01536769,0.0,0.5546049,0.2978896
3445,1703.2814,0.0,1030.0753,89.349754,0.021687284,0.0,0.5704386,0.297892
3446,1579.6125,0.0,987.38947,89.349724,0.016379356,0.0,0.56316394,0.29789403
3447,1993.614,0.0,1271.8989,89.3497,0.01619986,0.0,0.57146513,0.29789573
3448,1961.631,0.0,1123.0989,89.34969,0.017435696,0.0,0.5923947,0.29789728
3449,2947.282,0.0,1239.1302,89.34969,0.018074514,0.0,0.5450018,0.29789847
3450,1550.6857,0.0,1415.4447,89.34972,0.020021494,0.0,0.6356013,0.29789943
3451,2201.8057,0.0,1077.9379,89.34975,0.01679729,0.0,0.5997414,0.29790023
3452,2395.9927,0.0,875.50256,89.34978,0.013300746,0.0,0.5615379,0.29790086
3453,2017.1326,0.0,1180.2498,89.34977,0.014584958,0.0,0.5957875,0.29789934
3454,1808.4504,0.0,1469.151,89.349884,0.017798247,0.0,0.5276662,0.297898
3455,1880.7291,0.0,1272.0265,89.350006,0.016001128,0.0,0.58007115,0.2978967
3456,2093.0547,0.0,1240.1191,89.35014,0.016073866,0.0,0.5771857,0.29789552
3457,1899.0577,0.0,1033.2491,89.350266,0.01871044,0.0,0.58648986,0.29789835
3458,1668.4609,0.0,1200.2559,89.35035,0.019039478,0.0,0.57594675,0.29790083
3459,1623.3359,0.0,1481.3752,89.35043,0.013564706,0.0,0.5606893,0.29790297
3460,1489.8273,0.0,1050.1349,89.35046,0.017077576,0.0,0.6133457,0.29790485
3461,2068.9397,0.0,1448.9182,89.35043,0.015123467,0.0,0.5040824,0.29790646
3462,2119.1453,0.0,958.76,89.35043,0.014684166,0.0,0.60646236,0.29790777
3463,1798.901,0.0,990.36444,89.350464,0.014291793,0.0,0.5359375,0.29790887
3464,1641.9904,0.0,1050.9796,89.35047,0.013821769,0.0,0.53551245,0.2979098
3465,1813.5248,0.0,773.3835,89.350494,0.015359458,0.0,0.5767329,0.2979105
3466,2705.6592,0.0,1131.941,89.35051,0.018870842,0.0,0.59411347,0.2979111
3467,2176.9336,0.0,1251.0972,89.35058,0.016996127,0.0,0.6054648,0.29791147
3468,1910.1735,0.0,1381.017,89.35068,0.017651208,0.0,0.55297774,0.29791176
3469,1744.4458,0.0,1146.2823,89.350746,0.01520254,0.0,0.59631026,0.29791185
3470,2033.075,0.0,1008.30524,89.35078,0.013545632,0.0,0.5901371,0.29791188
3471,2007.4044,0.0,1196.1812,89.3508,0.015969273,0.0,0.5683151,0.29791403
3472,1847.1324,0.0,1118.3591,89.35083,0.016776193,0.0,0.5848838,0.29791588
3473,1694.2961,0.0,1149.0571,89.35087,0.017800014,0.0,0.53313226,0.29791752
3474,2269.7034,0.0,902.335,89.350914,0.015043892,0.0,0.635605,0.29791698
3475,2100.3667,0.0,1022.8788,89.35092,0.014237384,0.0,0.58697975,0.2979342
3476,1590.0511,0.0,1171.8429,89.350845,0.023563117,0.0,0.57256955,0.2979501
3477,1508.2576,0.0,1155.327,89.35079,0.016812004,0.0,0.58260787,0.29796454
3478,1910.6715,0.0,1084.696,89.350784,0.01629394,0.0,0.596074,0.29797775
3479,2268.9878,0.0,925.528,89.35079,0.01685083,0.0,0.5704566,0.29799002
3480,1949.3575,0.0,1009.01526,89.35076,0.013786994,0.0,0.56354856,0.29800037
3481,2145.352,0.0,1073.1132,89.35074,0.01601318,0.0,0.579689,0.29800987
3482,2308.327,0.0,1001.6379,89.350746,0.013880104,0.0,0.5592958,0.29801837
3483,2028.876,0.0,1195.3193,89.35076,0.014682642,0.0,0.5278239,0.29802597
3484,1748.287,0.0,1086.2255,89.35076,0.01552588,0.0,0.5600164,0.29803276
3485,1782.4229,0.0,1527.9463,89.35072,0.01239201,0.0,0.5710358,0.2980388
3486,1889.1158,0.0,1136.4888,89.350655,0.014479786,0.0,0.58616143,0.29804426
3487,1815.3961,0.0,1506.0499,89.35057,0.016364662,0.0,0.5931395,0.2980491
3488,1695.3925,0.0,1292.571,89.350464,0.016399598,0.0,0.5790691,0.29805338
3489,1531.9731,0.0,879.3225,89.35041,0.015684512,0.0,0.54707545,0.2980523
3490,2098.291,0.0,962.0192,89.350334,0.018192774,0.0,0.5851146,0.29805142
3491,2657.5427,0.0,1048.2734,89.35027,0.015304668,0.0,0.5819449,0.29805052
3492,2073.6853,0.0,1294.1323,89.35019,0.016486213,0.0,0.5558374,0.2980497
3493,1713.4889,0.0,1199.4823,89.35014,0.019978292,0.0,0.5578792,0.29804888
3494,1733.8818,0.0,1068.2656,89.35016,0.014187596,0.0,0.58841413,0.29804808
3495,1741.593,0.0,908.7445,89.35019,0.014136702,0.0,0.52246606,0.29804727
3496,1453.5485,0.0,1412.9711,89.350235,0.014991741,0.0,0.5559541,0.29804677
3497,1419.4337,0.0,1015.7052,89.35036,0.01659773,0.0,0.585323,0.2980462
3498,2042.4302,0.0,874.5209,89.35043,0.016025748,0.0,0.614207,0.29804558
3499,1692.2196,0.0,1279.007,89.35052,0.016247079,0.0,0.5681419,0.2980449
3500,1941.0995,0.0,905.8052,89.35053,0.015773667,0.0,0.57928354,0.29804423
3501,2010.7065,0.0,1132.7638,89.3506,0.015375189,0.0,0.58196443,0.29804358
3502,1594.9108,0.0,965.64087,89.35069,0.02019896,0.0,0.593272,0.29804283
3503,1816.5593,0.0,1390.9305,89.35079,0.013419713,0.0,0.5515486,0.29804203
3504,2164.542,0.0,1067.3654,89.35093,0.016648505,0.0,0.5819882,0.2980413
3505,1422.4437,0.0,886.36017,89.351036,0.01698332,0.0,0.5520409,0.2980388
3506,1430.9663,0.0,1014.5062,89.351105,0.018227417,0.0,0.5625784,0.29803652
3507,2172.1301,0.0,777.7637,89.35115,0.016642075,0.0,0.5662016,0.29803434
3508,1503.1572,0.0,1210.4021,89.351204,0.0120474845,0.0,0.52991855,0.29803228
3509,1661.4818,0.0,871.9914,89.35125,0.017245142,0.0,0.52237576,0.29803032
3510,1888.7062,0.0,1491.7485,89.35133,0.015317927,0.0,0.54594845,0.29802844
3511,2073.5125,0.0,1096.866,89.35138,0.02232427,0.0,0.5851356,0.29802668
3512,1627.6296,0.0,1274.666,89.35137,0.017656203,0.0,0.58228415,0.29802495
3513,1814.4929,0.0,1066.2976,89.35137,0.017736841,0.0,0.5192305,0.2980233
3514,2041.6089,0.0,1140.6309,89.35142,0.017602816,0.0,0.58275414,0.2980217
3515,1596.63,0.0,1146.4427,89.35151,0.015687725,0.0,0.62185454,0.29802018
3516,1477.1699,0.0,724.6296,89.35161,0.018747702,0.0,0.52206796,0.29801863
3517,1424.2114,0.0,1105.798,89.351685,0.015409185,0.0,0.58557975,0.2980172
3518,2877.9336,0.0,1141.6847,89.35179,0.016902773,0.0,0.5731991,0.29801613
3519,1676.335,0.0,1325.4655,89.35185,0.016461462,0.0,0.5866379,0.2980151
3520,1817.3564,0.0,1020.0134,89.351906,0.02022629,0.0,0.5857363,0.29801401
3521,1408.8724,0.0,999.4521,89.351974,0.020181555,0.0,0.54318154,0.29801294
3522,2529.1787,0.0,1116.982,89.35209,0.014579746,0.0,0.60129774,0.29801202
3523,1753.1997,0.0,1047.2195,89.35217,0.015398517,0.0,0.5574901,0.298011
3524,2047.7999,0.0,1000.7621,89.35232,0.015597875,0.0,0.62770677,0.29801005
3525,2475.3843,0.0,973.22485,89.35244,0.018290801,0.0,0.5576633,0.29800904
3526,1663.6265,0.0,986.85675,89.35256,0.017641488,0.0,0.55827266,0.298008
3527,1750.1448,0.0,1108.4753,89.35269,0.020259578,0.0,0.6116974,0.298007
3528,1907.504,0.0,1040.0328,89.352844,0.01650276,0.0,0.6568229,0.29800594
3529,2093.4265,0.0,1667.477,89.353004,0.016209923,0.0,0.58425355,0.29800487
3530,1758.2102,0.0,1690.9879,89.35317,0.018526915,0.0,0.559749,0.29800385
3531,1759.5405,0.0,1254.8251,89.35331,0.016604459,0.0,0.59931546,0.29800275
3532,2590.33,0.0,1252.7413,89.353424,0.014523386,0.0,0.56720513,0.2980017
3533,2114.0598,0.0,1051.743,89.35356,0.013526447,0.0,0.5664846,0.2980006
3534,1873.7028,0.0,826.7681,89.35373,0.018976916,0.0,0.54555917,0.29799953
3535,1791.5977,0.0,1168.8474,89.353874,0.017012171,0.0,0.5682092,0.29799846
3536,2077.5823,0.0,1002.6186,89.35402,0.016037274,0.0,0.5867772,0.2979974
3537,1482.34,0.0,1308.2716,89.35415,0.016413275,0.0,0.5680651,0.29799625
3538,1460.4478,0.0,1078.358,89.35429,0.022887945,0.0,0.55218595,0.2979952
3539,1227.7023,0.0,984.2155,89.35442,0.012644823,0.0,0.56832683,0.2979941
3540,1995.6211,0.0,897.01355,89.35461,0.015893724,0.0,0.56520325,0.297993
3541,1907.1619,0.0,1041.1865,89.3548,0.018444285,0.0,0.5522953,0.29799193
3542,1722.5205,0.0,942.4782,89.354935,0.016504211,0.0,0.58889854,0.29799086
3543,2492.946,0.0,1217.119,89.355064,0.016223129,0.0,0.59608114,0.2979897
3544,2375.4382,0.0,1183.2377,89.35526,0.016963216,0.0,0.60628533,0.29798862
3545,1224.8716,0.0,1327.0951,89.355446,0.01706263,0.0,0.5705528,0.29798752
3546,2117.3638,0.0,1448.0625,89.35558,0.016655087,0.0,0.62959284,0.29798642
3547,1975.4601,0.0,1614.357,89.35569,0.018720789,0.0,0.53098744,0.2979853
3548,1933.4132,0.0,1111.0804,89.35577,0.017058793,0.0,0.572219,0.2979842
3549,1803.762,0.0,1161.0771,89.35582,0.017434746,0.0,0.55808574,0.29798308
3550,1966.3138,0.0,1531.5791,89.35587,0.015863825,0.0,0.57211363,0.2979819
3551,2440.7498,0.0,808.87555,89.355934,0.016808357,0.0,0.54941124,0.29798132
3552,1613.8541,0.0,1201.3463,89.35598,0.015222661,0.0,0.5539237,0.29798076
3553,1885.6641,0.0,1221.7628,89.35601,0.019856181,0.0,0.5948701,0.2979801
3554,1654.8563,0.0,1116.1611,89.356,0.016599726,0.0,0.58503747,0.2979794
3555,1958.1646,0.0,1114.623,89.35599,0.016935237,0.0,0.5416491,0.29797873
3556,1625.0977,0.0,1188.4701,89.35594,0.015469498,0.0,0.53023326,0.29797712
3557,1664.8627,0.0,1012.1319,89.35588,0.018279292,0.0,0.58735245,0.29797557
3558,1949.9773,0.0,892.72833,89.35588,0.018292144,0.0,0.56313676,0.29797408
3559,1745.7675,0.0,1187.9045,89.35583,0.023626171,0.0,0.5727855,0.29797262
3560,1648.7465,0.0,955.1619,89.35578,0.015173237,0.0,0.6226657,0.29797113
3561,1649.1224,0.0,981.6914,89.35579,0.018227693,0.0,0.53353226,0.29796976
3562,1880.0913,0.0,963.64966,89.355804,0.016655484,0.0,0.5494353,0.29796836
3563,1172.2789,0.0,1202.7128,89.355804,0.018796803,0.0,0.53972185,0.29796702
3564,1646.4376,0.0,1383.681,89.35587,0.015494662,0.0,0.54038405,0.2979657
3565,2117.4443,0.0,1352.4973,89.35593,0.016289469,0.0,0.55445325,0.29796433
3566,1338.2429,0.0,1398.4606,89.35599,0.014739501,0.0,0.5454037,0.29796305
3567,1437.1024,0.0,1120.0896,89.35604,0.017525807,0.0,0.57885164,0.29796264
3568,1958.1903,0.0,1059.9,89.35615,0.016945977,0.0,0.5705282,0.29796213
3569,1538.9728,0.0,997.15247,89.35624,0.017157309,0.0,0.5216276,0.29796156
3570,2055.1113,0.0,1078.3607,89.35634,0.013249585,0.0,0.5569257,0.29796067
3571,2507.8474,0.0,1161.459,89.356445,0.015777335,0.0,0.5978092,0.2979598
3572,1914.008,0.0,1268.464,89.35653,0.017543431,0.0,0.5775078,0.29795885
3573,1842.7393,0.0,1575.378,89.356606,0.01682097,0.0,0.56589156,0.2979578
3574,1884.6163,0.0,928.9848,89.35668,0.013093914,0.0,0.547948,0.29795632
3575,1663.2114,0.0,1213.6798,89.35676,0.018591993,0.0,0.62585515,0.2979547
3576,1730.4099,0.0,1564.833,89.356804,0.016605476,0.0,0.56479406,0.29795313
3577,1834.8468,0.0,1273.5378,89.35687,0.016221594,0.0,0.57797533,0.29795164
3578,2094.3733,0.0,1355.0066,89.3569,0.020418087,0.0,0.5537058,0.2979502
3579,1509.4559,0.0,1358.4664,89.35686,0.016406476,0.0,0.56115395,0.2979488
3580,1841.864,0.0,841.1107,89.356834,0.017342627,0.0,0.6182978,0.29794744
3581,1618.6992,0.0,1221.6649,89.35682,0.017687704,0.0,0.539201,0.29794607
3582,2106.8052,0.0,965.11786,89.35678,0.017280571,0.0,0.5284344,0.2979447
3583,1696.9272,0.0,1137.9279,89.35673,0.014800122,0.0,0.5826814,0.2979434
3584,1439.3442,0.0,1288.7893,89.35669,0.018110054,0.0,0.5629612,0.2979427
3585,1706.3888,0.0,1192.0541,89.35664,0.017125938,0.0,0.5330403,0.29794198
3586,2559.9182,0.0,1112.317,89.35656,0.012719947,0.0,0.55189687,0.29794124
3587,1906.4794,0.0,1028.1359,89.3565,0.015476149,0.0,0.5394347,0.29794034
3588,1793.782,0.0,1368.309,89.35643,0.01434122,0.0,0.56648386,0.2979395
3589,2228.6162,0.0,864.89996,89.35638,0.017490847,0.0,0.6095455,0.29793862
3590,1806.3829,0.0,1163.8971,89.356285,0.013875099,0.0,0.595285,0.29793772
3591,1887.6156,0.0,914.49554,89.35624,0.013971764,0.0,0.56137663,0.29793677
3592,2100.639,0.0,869.2851,89.35616,0.014859433,0.0,0.61369056,0.29793587
3593,1881.6305,0.0,1291.3997,89.356125,0.016584555,0.0,0.544344,0.29793495
3594,1621.8555,0.0,1126.1638,89.3561,0.015734784,0.0,0.5550034,0.297934
3595,1928.5046,0.0,1345.307,89.3561,0.017771913,0.0,0.55535376,0.297933
3596,1938.3488,0.0,1065.5447,89.35614,0.013491325,0.0,0.5570842,0.29793203
3597,1867.4299,0.0,905.8071,89.35618,0.017568778,0.0,0.557518,0.297931
3598,2331.9521,0.0,914.81696,89.35628,0.01603116,0.0,0.5804473,0.29792988
3599,1873.3601,0.0,1463.8992,89.356384,0.013430174,0.0,0.5825352,0.29792887
3600,1953.2062,0.0,939.6188,89.35652,0.014711971,0.0,0.575459,0.29792774
3601,1975.0331,0.0,1011.6561,89.35664,0.015601604,0.0,0.5368092,0.29792663
3602,1990.6985,0.0,1003.3086,89.35679,0.013111567,0.0,0.5319937,0.2979255
3603,1748.2974,0.0,1083.7455,89.35692,0.0152465915,0.0,0.5496831,0.29792443
3604,1705.9637,0.0,1393.1558,89.35702,0.014000478,0.0,0.59744585,0.29792854
3605,1636.5656,0.0,1204.5807,89.35708,0.0146245845,0.0,0.56428427,0.29793227
3606,1889.9894,0.0,1040.1119,89.35717,0.014434753,0.0,0.5822971,0.29793543
3607,1890.5532,0.0,872.6977,89.35726,0.017303972,0.0,0.59735763,0.29793826
3608,1522.2633,0.0,1065.8322,89.35733,0.012202221,0.0,0.5690687,0.2979407
3609,1219.2445,0.0,1065.4001,89.35749,0.01616642,0.0,0.5337882,0.29794282
3610,1655.5779,0.0,1229.4156,89.35762,0.01813449,0.0,0.5296931,0.2979447
3611,2169.9407,0.0,1055.8584,89.35774,0.018953014,0.0,0.5536909,0.29794624
3612,1846.6732,0.0,1020.70935,89.35784,0.018188113,0.0,0.57768965,0.29794753
3613,1944.131,0.0,953.12134,89.35793,0.020216316,0.0,0.5484625,0.2979486
3614,1826.68,0.0,939.1193,89.35805,0.01881743,0.0,0.53272307,0.2979494
3615,2041.4651,0.0,1043.332,89.358185,0.016591085,0.0,0.5838995,0.2979501
3616,1707.4575,0.0,898.32477,89.358315,0.014618076,0.0,0.5903606,0.29795054
3617,1767.3761,0.0,1009.72516,89.35847,0.017609265,0.0,0.5740762,0.29795086
3618,1872.6399,0.0,1190.7424,89.35858,0.014213478,0.0,0.55649877,0.297951
3619,1349.2101,0.0,1071.0359,89.35871,0.017707521,0.0,0.5793252,0.29795107
3620,1534.0896,0.0,1172.9375,89.35887,0.018317964,0.0,0.568937,0.297951
3621,2031.3192,0.0,1296.1183,89.35905,0.019625288,0.0,0.54885024,0.2979508
3622,1924.1094,0.0,1069.2864,89.35925,0.020270467,0.0,0.55995625,0.2979505
3623,2471.8613,0.0,1317.5396,89.359474,0.01985135,0.0,0.5968675,0.29795015
3624,1799.4213,0.0,1051.8394,89.35965,0.015354572,0.0,0.5880723,0.29794973
3625,2644.9795,0.0,1155.7015,89.3598,0.01797421,0.0,0.57803017,0.2979492
3626,1462.2789,0.0,916.1133,89.35993,0.014908098,0.0,0.5752468,0.2979486
3627,1395.6794,0.0,894.55615,89.36005,0.01560486,0.0,0.55413723,0.29794797
3628,1677.8136,0.0,1106.6632,89.36015,0.016242618,0.0,0.5152955,0.29794726
3629,1393.623,0.0,1003.95795,89.36026,0.011815224,0.0,0.5647477,0.29794708
3630,1958.1227,0.0,1125.751,89.36037,0.017828373,0.0,0.5308427,0.29794684
3631,1924.4143,0.0,923.22375,89.36046,0.020129241,0.0,0.56527036,0.2979441
3632,1565.7255,0.0,1251.3319,89.36054,0.015996907,0.0,0.5576321,0.2979417
3633,1805.0156,0.0,1158.7648,89.36066,0.018124178,0.0,0.5933244,0.29793972
3634,1519.6248,0.0,1319.9484,89.36074,0.013949122,0.0,0.59715617,0.2979379
3635,1744.5363,0.0,921.7535,89.360794,0.021148965,0.0,0.5698815,0.29793626
3636,1777.4047,0.0,1319.7031,89.36088,0.016910654,0.0,0.55823314,0.29793474
3637,2072.0996,0.0,1032.5245,89.36097,0.0138812065,0.0,0.5605907,0.29793337
3638,1776.0206,0.0,950.27893,89.36106,0.012629904,0.0,0.61364096,0.2979321
3639,1237.3444,0.0,951.68726,89.36118,0.014494839,0.0,0.5814203,0.29792804
3640,2165.2427,0.0,1046.2463,89.36125,0.01907387,0.0,0.5729588,0.29792434
3641,1649.1941,0.0,1159.6104,89.36131,0.017106438,0.0,0.5854219,0.297921
3642,1543.1866,0.0,1514.6249,89.361404,0.013299222,0.0,0.5760511,0.29791784
3643,1392.6455,0.0,1358.6133,89.361496,0.015271382,0.0,0.5488633,0.29791492
3644,1634.6759,0.0,857.43384,89.36154,0.014525372,0.0,0.53746384,0.2979122
3645,1495.5272,0.0,1186.5378,89.3616,0.0141252745,0.0,0.5665335,0.2979097
3646,1959.6044,0.0,1155.3331,89.36166,0.018133324,0.0,0.55418485,0.2979073
3647,1466.1705,0.0,1378.0582,89.36169,0.014411802,0.0,0.5545722,0.2979051
3648,2185.2405,0.0,968.5572,89.36177,0.014213513,0.0,0.5612413,0.29790294
3649,1689.2312,0.0,1038.6937,89.36186,0.02128167,0.0,0.57006407,0.2979007
3650,1933.3256,0.0,1144.1326,89.3619,0.017309772,0.0,0.5560219,0.29789862
3651,2297.545,0.0,940.41907,89.36194,0.016562795,0.0,0.57771194,0.29789656
3652,1915.4377,0.0,1306.1593,89.361946,0.015031887,0.0,0.5898335,0.29789466
3653,1669.5923,0.0,1695.7498,89.36193,0.01655212,0.0,0.6125521,0.29789278
3654,1318.8278,0.0,1067.0262,89.36195,0.01870806,0.0,0.54515576,0.29789102
3655,1474.7141,0.0,867.85077,89.36199,0.015597699,0.0,0.5605855,0.2978893
3656,2035.532,0.0,1062.0004,89.36204,0.01606928,0.0,0.52569294,0.29788765
3657,1835.0261,0.0,1171.5599,89.36213,0.017010886,0.0,0.5394523,0.297886
3658,1864.2312,0.0,1278.7388,89.362206,0.014779821,0.0,0.5732864,0.29788443
3659,1429.6921,0.0,1143.3721,89.36229,0.013765119,0.0,0.56619537,0.29788294
3660,1694.4758,0.0,1697.0887,89.36232,0.015055409,0.0,0.5934292,0.297877
3661,1539.1212,0.0,1118.3578,89.36244,0.02093256,0.0,0.5622027,0.29787165
3662,1935.2284,0.0,1296.9822,89.36254,0.016442474,0.0,0.55283505,0.29787943
3663,2226.6511,0.0,1016.47955,89.3626,0.015571545,0.0,0.5735953,0.29788643
3664,1827.6659,0.0,961.1266,89.36272,0.015057809,0.0,0.5740327,0.29789275
3665,1766.2739,0.0,1211.8036,89.362816,0.014615243,0.0,0.533655,0.2978984
3666,1437.1115,0.0,1151.6257,89.362915,0.014379739,0.0,0.52982205,0.29790348
3667,1856.0735,0.0,1268.3721,89.36296,0.015760705,0.0,0.5691254,0.29790792
3668,1921.0197,0.0,954.9327,89.363045,0.014054937,0.0,0.5563823,0.29791188
3669,1764.8917,0.0,958.4539,89.36313,0.017034706,0.0,0.58664095,0.29791537
3670,1589.1588,0.0,929.344,89.36317,0.02246122,0.0,0.58226514,0.29791838
3671,1506.3555,0.0,1056.4117,89.36322,0.015092947,0.0,0.5692353,0.29792103
3672,1857.105,0.0,1036.8048,89.36325,0.014258425,0.0,0.5284821,0.2979233
3673,1947.48,0.0,1062.2424,89.36327,0.014074696,0.0,0.53902066,0.2979256
3674,2359.8765,0.0,1106.4363,89.36327,0.014304077,0.0,0.50491786,0.29792753
3675,2104.9868,0.0,976.6087,89.363266,0.014749713,0.0,0.55921096,0.29792926
3676,1291.3181,0.0,1171.9012,89.36322,0.018422019,0.0,0.56766903,0.2979307
3677,2441.152,0.0,1277.0964,89.36321,0.016606834,0.0,0.5555515,0.29793194
3678,2233.0532,0.0,1185.1951,89.363205,0.013662891,0.0,0.55712044,0.2979329
3679,1313.393,0.0,1024.0248,89.363174,0.01618205,0.0,0.54345995,0.2979336
3680,1841.937,0.0,1467.8225,89.36315,0.015950272,0.0,0.5837944,0.2979342
3681,1535.6277,0.0,1385.4827,89.36312,0.018491209,0.0,0.52192724,0.2979346
3682,1795.6566,0.0,1091.5024,89.363144,0.014611511,0.0,0.6040135,0.29793483
3683,1404.7572,0.0,1087.405,89.363205,0.012771017,0.0,0.5804343,0.29793492
3684,1518.75,0.0,957.8018,89.363266,0.018144121,0.0,0.58115953,0.29793492
3685,2213.5676,0.0,1201.2498,89.36331,0.015589709,0.0,0.54030746,0.29793477
3686,1683.643,0.0,1413.0317,89.36345,0.019146658,0.0,0.5316297,0.29793453
3687,1661.1816,0.0,1370.8173,89.363625,0.014594525,0.0,0.6108729,0.29794914
3688,1762.1473,0.0,1109.2095,89.36379,0.015392141,0.0,0.55215853,0.29796246
3689,2121.773,0.0,1061.9308,89.36397,0.016627185,0.0,0.62742794,0.2979746
3690,1954.6365,0.0,1164.4833,89.36416,0.018046144,0.0,0.55234116,0.29798555
3691,1554.5942,0.0,1609.8644,89.36433,0.020794248,0.0,0.5577245,0.29799548
3692,1362.9214,0.0,1016.31,89.36447,0.016010512,0.0,0.5764394,0.29800445
3693,1750.0033,0.0,1261.2375,89.36455,0.018977925,0.0,0.54400873,0.2980125
3694,1927.126,0.0,1185.2648,89.36463,0.014043323,0.0,0.53101754,0.29801974
3695,1823.9352,0.0,1391.1469,89.3647,0.01668155,0.0,0.5726888,0.2980262
3696,1831.327,0.0,1303.6985,89.36476,0.017115451,0.0,0.5630771,0.29803196
3697,1729.488,0.0,1110.546,89.364876,0.015067242,0.0,0.5489635,0.29803705
3698,1710.09,0.0,1229.1833,89.36499,0.01455511,0.0,0.52032846,0.2980413
3699,2239.4863,0.0,1205.6456,89.365105,0.01720386,0.0,0.5392725,0.29804507
3700,1665.1218,0.0,1169.4594,89.36522,0.015163453,0.0,0.569499,0.29804838
3701,2071.868,0.0,1273.1687,89.36528,0.011823672,0.0,0.5944802,0.29805124
3702,1478.8121,0.0,1085.2051,89.3653,0.017067045,0.0,0.5274157,0.2980537
3703,1863.7063,0.0,1475.1188,89.36537,0.014662452,0.0,0.563969,0.29805586
3704,1256.7651,0.0,982.02484,89.36544,0.015918918,0.0,0.571121,0.29805765
3705,2178.5002,0.0,1086.0948,89.36549,0.016687818,0.0,0.5600552,0.29805925
3706,1630.5172,0.0,1397.8497,89.365524,0.019325426,0.0,0.5457163,0.2980606
3707,2508.881,0.0,1357.8417,89.36556,0.014892462,0.0,0.59773785,0.29806167
3708,1744.1832,0.0,1453.5411,89.36563,0.016439904,0.0,0.5857489,0.29806253
3709,1695.3088,0.0,1027.7528,89.36572,0.015480515,0.0,0.51223004,0.29806882
3710,1633.3698,0.0,1121.6176,89.36584,0.015230678,0.0,0.5455795,0.29807433
3711,1522.913,0.0,987.26447,89.365944,0.014619667,0.0,0.6055495,0.29807925
3712,1620.1846,0.0,1023.3569,89.366104,0.013479553,0.0,0.57431024,0.2980835
3713,1775.0372,0.0,1128.775,89.366196,0.020181775,0.0,0.59062713,0.29808727
3714,1894.6521,0.0,1973.6677,89.36625,0.01644681,0.0,0.60641736,0.29809052
3715,1926.2427,0.0,996.191,89.3663,0.016019948,0.0,0.57697284,0.29809338
3716,2062.5452,0.0,1063.2424,89.3663,0.015186808,0.0,0.58711046,0.29809585
3717,1830.7695,0.0,1154.2666,89.36634,0.0158651,0.0,0.54196113,0.29809797
3718,1561.4437,0.0,1326.2524,89.366394,0.016989052,0.0,0.5522279,0.29809946
3719,1653.9349,0.0,967.3285,89.366394,0.016702667,0.0,0.57160604,0.29810074
3720,1630.8241,0.0,1242.7896,89.366425,0.0150269605,0.0,0.5587089,0.29810175
3721,880.9701,0.0,857.56476,89.36654,0.01207309,0.0,0.54975873,0.29810116
3722,1736.1924,0.0,1005.3543,89.366646,0.016147695,0.0,0.6198623,0.29810053
3723,1205.4211,0.0,1021.9655,89.36676,0.015704092,0.0,0.5903003,0.29809985
3724,2122.6157,0.0,801.0493,89.366875,0.016848465,0.0,0.57690036,0.29809913
3725,2766.7095,0.0,1153.523,89.36697,0.0156034,0.0,0.5408397,0.29809842
3726,1985.3406,0.0,1161.0441,89.367035,0.014165077,0.0,0.58514225,0.29809755
3727,1892.3248,0.0,993.58386,89.367035,0.014879107,0.0,0.6200131,0.29809675
3728,1903.17,0.0,1132.4438,89.36701,0.015046559,0.0,0.5335554,0.2980959
3729,1884.045,0.0,1235.6575,89.36701,0.015776634,0.0,0.5878946,0.29809496
3730,1671.7517,0.0,966.4042,89.36703,0.013850197,0.0,0.6080047,0.29809406
3731,1949.7463,0.0,1058.841,89.367035,0.013970954,0.0,0.5768508,0.29809308
3732,2590.3044,0.0,1264.159,89.36703,0.015520439,0.0,0.5453505,0.2980921
3733,2601.4045,0.0,1450.1747,89.367065,0.012712536,0.0,0.5745094,0.29809114
3734,2433.7932,0.0,1496.4419,89.36712,0.012812364,0.0,0.5980173,0.2980902
3735,1684.9647,0.0,1288.1687,89.36714,0.013994476,0.0,0.5216644,0.29808912
3736,1656.2537,0.0,1155.1792,89.36716,0.016511042,0.0,0.5133852,0.29808804
3737,1720.7882,0.0,1132.6707,89.367165,0.015018523,0.0,0.58084065,0.29808694
3738,1765.2693,0.0,892.7631,89.36721,0.0148193985,0.0,0.58966696,0.29808584
3739,1640.3373,0.0,1086.7998,89.367256,0.023786305,0.0,0.58386946,0.29808474
3740,1535.6237,0.0,1215.2808,89.36728,0.01403141,0.0,0.5575193,0.29808363
3741,2395.7039,0.0,1082.3319,89.367294,0.014514461,0.0,0.6179047,0.2980825
3742,1257.8104,0.0,925.6012,89.36722,0.015717374,0.0,0.5475875,0.29808137
3743,1960.0312,0.0,1070.2573,89.36717,0.01851761,0.0,0.6137666,0.29808006
3744,1947.3987,0.0,1118.6604,89.36718,0.0137281,0.0,0.5899127,0.2980908
3745,1864.1062,0.0,1130.6711,89.36723,0.015780412,0.0,0.5586406,0.2981004
3746,2187.9468,0.0,1376.4984,89.36733,0.017249245,0.0,0.54825187,0.29810897
3747,2188.4548,0.0,1129.7284,89.36744,0.016155403,0.0,0.5569987,0.29811564
3748,1990.176,0.0,1011.2607,89.367546,0.013974845,0.0,0.635883,0.29812157
3749,2147.4343,0.0,936.17706,89.36771,0.014630755,0.0,0.5405159,0.2981268
3750,1928.6669,0.0,1005.3818,89.36789,0.020032978,0.0,0.5717797,0.29813445
3751,2587.7998,0.0,1363.5461,89.36806,0.012911084,0.0,0.5568613,0.29814142
3752,1976.7826,0.0,1344.9987,89.3682,0.014273584,0.0,0.5436372,0.2981478
3753,1826.3545,0.0,957.135,89.36836,0.016592808,0.0,0.5837645,0.29815355
3754,1706.4476,0.0,1309.7238,89.36847,0.014743484,0.0,0.5781481,0.29815874
3755,2317.6677,0.0,1050.4042,89.368546,0.014727476,0.0,0.56593776,0.29816335
3756,2296.4253,0.0,1070.6124,89.368614,0.016808856,0.0,0.5822522,0.29816756
3757,1728.7742,0.0,777.6827,89.36869,0.0122927455,0.0,0.5918257,0.2981712
3758,2275.3577,0.0,1154.181,89.36875,0.015315294,0.0,0.56917757,0.29817462
3759,1732.6807,0.0,1129.0658,89.36879,0.013876809,0.0,0.5554113,0.29817757
3760,1465.1241,0.0,1047.1027,89.36883,0.014132565,0.0,0.53312415,0.2981802
3761,2682.1401,0.0,904.6387,89.3689,0.016154567,0.0,0.55821157,0.29818246
3762,1758.4692,0.0,1101.5034,89.36899,0.01630239,0.0,0.57632506,0.29818442
3763,1955.5304,0.0,1103.0253,89.36912,0.018541958,0.0,0.57191694,0.29818594
3764,1913.1823,0.0,1153.0881,89.36919,0.019128636,0.0,0.6197022,0.29818723
3765,2201.9673,0.0,1144.5402,89.36926,0.012571241,0.0,0.5536894,0.29818827
3766,1567.7966,0.0,1176.6594,89.36935,0.016138729,0.0,0.55947864,0.2981891
3767,2099.2642,0.0,1567.1792,89.36939,0.016356364,0.0,0.5301782,0.29819417
3768,2092.299,0.0,1207.5884,89.36946,0.014423366,0.0,0.5416073,0.29819998
3769,1486.1992,0.0,1446.9883,89.36955,0.012618257,0.0,0.5778264,0.29820517
3770,2208.0645,0.0,1235.5854,89.36966,0.016408823,0.0,0.548782,0.29820973
3771,1625.7443,0.0,772.24274,89.369804,0.014473833,0.0,0.5215622,0.29821372
3772,1637.2332,0.0,1170.1156,89.36994,0.013027105,0.0,0.5676085,0.2982172
3773,2096.2095,0.0,1036.1143,89.37012,0.013843614,0.0,0.559783,0.2982202
3774,2032.3615,0.0,1075.8883,89.370255,0.017420944,0.0,0.58105814,0.29822287
3775,1619.055,0.0,1081.7336,89.37041,0.018273652,0.0,0.58949983,0.2982251
3776,2308.5256,0.0,1066.1843,89.37056,0.016223658,0.0,0.60999346,0.29822704
3777,1707.3438,0.0,739.4478,89.37071,0.0137860235,0.0,0.6092891,0.29822862
3778,1727.6477,0.0,1479.7388,89.37088,0.015822615,0.0,0.5889103,0.29822993
3779,1351.7982,0.0,1129.3704,89.37102,0.015817394,0.0,0.60225844,0.29823107
3780,1077.1304,0.0,1377.2123,89.3711,0.017419294,0.0,0.55207056,0.29823196
3781,1780.6161,0.0,1079.1583,89.37103,0.017952671,0.0,0.57188773,0.2982326
3782,2049.9436,0.0,1227.2236,89.37101,0.016045712,0.0,0.5299232,0.2982331
3783,1942.383,0.0,995.6,89.37098,0.017071772,0.0,0.5983299,0.2982334
3784,1913.1232,0.0,1138.3586,89.371056,0.021472758,0.0,0.5765856,0.29823354
3785,1495.6182,0.0,991.1673,89.37116,0.017998923,0.0,0.56812686,0.2982336
3786,1627.4307,0.0,1006.51874,89.37129,0.015095732,0.0,0.5669515,0.29823354
3787,2297.5222,0.0,1024.4047,89.37139,0.015608969,0.0,0.54065835,0.29822212
3788,2057.412,0.0,1120.3678,89.37151,0.015086724,0.0,0.6058883,0.29824042
3789,1352.3589,0.0,1255.9064,89.371605,0.015717475,0.0,0.563655,0.2982573
3790,2503.31,0.0,1061.0199,89.37163,0.016163073,0.0,0.61222255,0.29827282
3791,2001.5887,0.0,823.6018,89.37163,0.014841702,0.0,0.58870655,0.29828808
3792,1805.1771,0.0,1431.1459,89.371544,0.014249047,0.0,0.54890954,0.298302
3793,1798.187,0.0,899.3045,89.371574,0.011355355,0.0,0.5655816,0.2983145
3794,1470.8007,0.0,1262.1666,89.37166,0.013762879,0.0,0.56460506,0.29832593
3795,1751.591,0.0,1125.7275,89.371765,0.01570228,0.0,0.5662472,0.2983362
3796,2224.906,0.0,1472.0315,89.37188,0.016309056,0.0,0.5175489,0.29834548
3797,1831.488,0.0,1250.3363,89.37193,0.015622179,0.0,0.54991513,0.29835376
3798,1949.812,0.0,1060.6594,89.37197,0.017341208,0.0,0.59145653,0.29836124
3799,1403.0524,0.0,1236.556,89.37207,0.0155995,0.0,0.59217834,0.29837236
3800,1800.126,0.0,1251.2471,89.37216,0.016536249,0.0,0.6235278,0.29838252
3801,1258.3883,0.0,834.3714,89.37225,0.016641255,0.0,0.5881416,0.2983935
3802,1852.6104,0.0,1089.0455,89.37237,0.01675614,0.0,0.57845443,0.2984034
3803,1991.755,0.0,1503.264,89.37247,0.018223219,0.0,0.5966469,0.29841226
3804,1381.4702,0.0,1175.2003,89.372574,0.015887102,0.0,0.55932873,0.2984203
3805,2451.2712,0.0,1353.7664,89.37266,0.0211267,0.0,0.56605726,0.29842746
3806,2370.4175,0.0,1674.4182,89.37277,0.018721767,0.0,0.5729514,0.29843384
3807,1512.4623,0.0,1106.4078,89.3729,0.014794057,0.0,0.55684084,0.29843956
3808,1970.6682,0.0,925.1957,89.37306,0.018494567,0.0,0.5570117,0.29844457
3809,1798.0018,0.0,1313.6781,89.37321,0.018024776,0.0,0.52272606,0.298449
3810,1682.5273,0.0,960.2684,89.37337,0.01807902,0.0,0.55107313,0.29845297
3811,1667.8976,0.0,1471.4781,89.373505,0.015821565,0.0,0.5751827,0.2984564
3812,1618.1373,0.0,971.6444,89.37364,0.019023854,0.0,0.575148,0.29845944
3813,2233.7822,0.0,990.24677,89.37378,0.015427768,0.0,0.6024916,0.29846326
3814,1783.6156,0.0,1463.1238,89.37393,0.018696593,0.0,0.55139196,0.29846653
3815,1737.792,0.0,1175.7031,89.374084,0.019356016,0.0,0.57041234,0.29846945
3816,1581.7498,0.0,973.82574,89.374214,0.015611963,0.0,0.5850054,0.29847196
3817,1445.1859,0.0,947.90796,89.374374,0.015651375,0.0,0.5296753,0.2984742
3818,2735.915,0.0,1044.0145,89.37452,0.014807699,0.0,0.5431136,0.2984746
3819,1453.23,0.0,1459.4827,89.37465,0.0171808,0.0,0.5811035,0.2984745
3820,1561.8412,0.0,1125.3137,89.374794,0.015766196,0.0,0.5655419,0.2984741
3821,1834.023,0.0,1176.0735,89.37493,0.012572921,0.0,0.5575808,0.2984737
3822,1778.4424,0.0,1076.0427,89.37502,0.015623058,0.0,0.6519808,0.29847318
3823,1980.6495,0.0,1069.2849,89.37506,0.017172506,0.0,0.5365314,0.29847264
3824,1748.2684,0.0,1131.3406,89.37511,0.020120077,0.0,0.59994084,0.29847208
3825,2323.4539,0.0,1494.9249,89.375145,0.015081724,0.0,0.5294781,0.2984714
3826,2181.391,0.0,1023.3478,89.375175,0.014129989,0.0,0.5738351,0.29847077
3827,1717.3711,0.0,1031.1251,89.37524,0.016108116,0.0,0.5408745,0.29847002
3828,1902.8365,0.0,1275.5151,89.3753,0.020463001,0.0,0.5695956,0.29846928
3829,1427.4835,0.0,1194.4214,89.37537,0.016268354,0.0,0.5619409,0.29846847
3830,2465.5854,0.0,1005.1646,89.37539,0.019837685,0.0,0.55177826,0.29846764
3831,1331.175,0.0,1417.5005,89.37546,0.01644173,0.0,0.5845305,0.29846683
3832,1973.9187,0.0,1377.6013,89.375496,0.01430738,0.0,0.55747557,0.2984659
3833,1627.533,0.0,1493.3644,89.375496,0.014552746,0.0,0.5763169,0.29846507
3834,2108.228,0.0,1209.4446,89.375465,0.015974747,0.0,0.5494618,0.2984659
3835,1544.9402,0.0,1416.4226,89.3755,0.015665818,0.0,0.57182866,0.2984666
3836,2484.0198,0.0,1273.0262,89.37548,0.019387811,0.0,0.5668489,0.2984671
3837,1985.7877,0.0,960.7414,89.37548,0.015044734,0.0,0.5791725,0.29846743
3838,1678.3339,0.0,1086.7063,89.375465,0.0175972,0.0,0.5637977,0.29846764
3839,2367.6345,0.0,979.1333,89.37553,0.014719522,0.0,0.58999455,0.29846773
3840,1859.9187,0.0,1148.3605,89.37552,0.014164586,0.0,0.58041716,0.2984677
3841,2231.2832,0.0,1055.2122,89.3755,0.016073672,0.0,0.5596746,0.2984676
3842,2155.6187,0.0,1120.0665,89.37553,0.016607568,0.0,0.58092225,0.29846734
3843,2112.5256,0.0,1106.7455,89.375496,0.013171652,0.0,0.60158163,0.29846707
3844,2374.8171,0.0,1137.9851,89.37549,0.02131775,0.0,0.6106572,0.29846665
3845,2389.336,0.0,1102.2312,89.37549,0.015732443,0.0,0.5832672,0.2984662
3846,1836.7068,0.0,1385.5771,89.375465,0.013421467,0.0,0.56073993,0.2984657
3847,1812.5471,0.0,1511.2836,89.37538,0.018979337,0.0,0.62789255,0.2984651
3848,1762.1774,0.0,846.2468,89.3753,0.013545992,0.0,0.5464638,0.29846445
3849,1986.8097,0.0,996.18774,89.37521,0.014548434,0.0,0.53102434,0.29846376
3850,1812.6708,0.0,1324.5001,89.37517,0.01672689,0.0,0.5770969,0.29846302
3851,2099.9756,0.0,1088.6868,89.375145,0.017860062,0.0,0.5625261,0.2984612
3852,3660.1272,0.0,1027.7638,89.37516,0.017874528,0.0,0.5996345,0.29845947
3853,2516.0642,0.0,904.0138,89.37519,0.016168576,0.0,0.51045054,0.29845795
3854,1728.9777,0.0,1356.5985,89.37519,0.02262583,0.0,0.57824266,0.29845074
3855,2285.4243,0.0,1191.138,89.37518,0.016709477,0.0,0.60659456,0.2984444
3856,1737.0271,0.0,1200.9396,89.3752,0.017593358,0.0,0.56594557,0.2984386
3857,2342.2734,0.0,1233.1519,89.3752,0.018195085,0.0,0.5725894,0.2984332
3858,1550.5823,0.0,1104.7478,89.375244,0.0167101,0.0,0.5609683,0.29842895
3859,1629.9618,0.0,1285.8,89.37529,0.016286172,0.0,0.60514486,0.29842505
3860,2329.7942,0.0,1347.101,89.37532,0.015652457,0.0,0.5887358,0.2984216
3861,2708.7197,0.0,1060.5105,89.37533,0.015451348,0.0,0.55454516,0.2984189
3862,1804.2916,0.0,880.5414,89.375305,0.017968869,0.0,0.57781404,0.29841173
3863,1570.4315,0.0,1066.2008,89.37529,0.012885952,0.0,0.52225584,0.2984053
3864,1780.0549,0.0,1106.8828,89.37531,0.015548731,0.0,0.57780194,0.29839945
3865,1662.5406,0.0,1096.2446,89.37533,0.016298983,0.0,0.5511705,0.29839385
3866,2063.7456,0.0,761.3652,89.37528,0.015942495,0.0,0.54849905,0.29838884
3867,1445.7645,0.0,1121.9116,89.37525,0.017434187,0.0,0.58989334,0.2983837
3868,1723.9479,0.0,1076.8823,89.37528,0.0173544,0.0,0.57989275,0.29837915
3869,2111.641,0.0,1026.1953,89.37528,0.019142803,0.0,0.531994,0.29837495
3870,1558.2526,0.0,809.766,89.375336,0.0154033415,0.0,0.5700089,0.29837108
3871,2146.2622,0.0,1075.0071,89.37538,0.020240534,0.0,0.59659696,0.29837078
3872,1872.1063,0.0,1170.5778,89.37541,0.017473739,0.0,0.5410967,0.29837048
3873,1936.1278,0.0,1116.8694,89.375465,0.016711352,0.0,0.59516734,0.29837012
3874,2004.1549,0.0,1253.1619,89.37549,0.016030433,0.0,0.5985071,0.29836974
3875,2306.8403,0.0,1173.6627,89.37551,0.017484238,0.0,0.57109153,0.2983692
3876,1904.662,0.0,881.95294,89.37553,0.018387875,0.0,0.5606975,0.2983687
3877,1624.282,0.0,1275.4341,89.37556,0.018222367,0.0,0.5571584,0.2983687
3878,2325.4812,0.0,896.1768,89.3756,0.013487985,0.0,0.55775154,0.29836863
3879,1770.8743,0.0,1256.8787,89.37566,0.016566537,0.0,0.53113985,0.29836848
3880,2071.364,0.0,1268.5638,89.37572,0.017734986,0.0,0.53328884,0.29836822
3881,2896.5115,0.0,1319.6105,89.37575,0.015387399,0.0,0.56595564,0.2983679
3882,1350.8286,0.0,1334.8871,89.37579,0.016198708,0.0,0.5496561,0.2983675
3883,1659.7128,0.0,1003.5147,89.37584,0.017539695,0.0,0.60094416,0.29836702
3884,2654.569,0.0,1200.8704,89.37593,0.014488295,0.0,0.58210146,0.29836652
3885,1722.505,0.0,1109.3906,89.376015,0.01441665,0.0,0.56880534,0.2983659
3886,1976.4713,0.0,1228.7784,89.37613,0.015260711,0.0,0.5695845,0.29836524
3887,1790.0127,0.0,1480.5553,89.37624,0.014768137,0.0,0.62205845,0.29836455
3888,1775.0087,0.0,1088.9424,89.37631,0.016724924,0.0,0.5474607,0.29836383
3889,1681.2615,0.0,967.5719,89.37643,0.011810909,0.0,0.59550154,0.2983631
3890,2510.2017,0.0,1240.6926,89.37651,0.016933825,0.0,0.5097317,0.2983623
3891,1965.602,0.0,1043.8937,89.37656,0.01573951,0.0,0.5916419,0.29836148
3892,2036.6724,0.0,1350.2949,89.37659,0.0152910035,0.0,0.5453162,0.29836065
3893,1518.4875,0.0,1116.4987,89.37664,0.015820924,0.0,0.58358186,0.29835978
3894,1747.1881,0.0,1237.0299,89.37671,0.017027535,0.0,0.54164684,0.29835886
3895,1686.7153,0.0,1023.67255,89.376785,0.0151743945,0.0,0.5828106,0.29835796
3896,2849.1846,0.0,890.72705,89.37687,0.015558004,0.0,0.5460772,0.298357
3897,1566.6572,0.0,1123.7529,89.37701,0.015718207,0.0,0.55703616,0.29835603
3898,1563.7902,0.0,925.5484,89.3771,0.016536081,0.0,0.5494573,0.29835507
3899,2014.7026,0.0,934.49146,89.37717,0.015443064,0.0,0.518408,0.2983541
3900,1909.1685,0.0,1382.2941,89.377235,0.016514897,0.0,0.57627,0.29835308
3901,1047.8596,0.0,833.3888,89.37737,0.01210322,0.0,0.55711925,0.2983521
3902,1580.2034,0.0,1096.8201,89.377495,0.014591443,0.0,0.5445631,0.29835108
3903,2330.977,0.0,1183.8398,89.377556,0.01576381,0.0,0.59615195,0.29835004
3904,1713.5863,0.0,987.3316,89.3776,0.0153322,0.0,0.5402056,0.29834902
3905,1702.5245,0.0,1363.7941,89.37764,0.016888164,0.0,0.54521334,0.29834664
3906,1647.3337,0.0,1498.4015,89.3777,0.013750896,0.0,0.5488435,0.2983444
3907,1453.2083,0.0,1402.2599,89.37776,0.013762407,0.0,0.59250563,0.29834235
3908,2131.3916,0.0,1284.3995,89.37776,0.016624084,0.0,0.60526055,0.29834032
3909,1740.4329,0.0,815.90234,89.3778,0.01645384,0.0,0.55522966,0.29833847
3910,1749.6661,0.0,1493.1385,89.37786,0.014553225,0.0,0.5896978,0.29833665
3911,1612.3933,0.0,1291.0608,89.377945,0.014733121,0.0,0.5469209,0.29834393
3912,2025.8766,0.0,844.21497,89.37802,0.01580574,0.0,0.6087301,0.2983505
3913,1868.6869,0.0,752.19904,89.37808,0.017396992,0.0,0.57778454,0.2983565
3914,2119.1367,0.0,1429.0731,89.37811,0.017258262,0.0,0.5414437,0.2983618
3915,1846.4867,0.0,1114.8148,89.37817,0.015635584,0.0,0.5428692,0.29836664
3916,1478.0222,0.0,1381.4188,89.37823,0.018918775,0.0,0.55412126,0.29837093
3917,2120.131,0.0,1210.3917,89.3783,0.015177183,0.0,0.5373255,0.29837474
3918,2385.389,0.0,1158.7979,89.3784,0.016212769,0.0,0.53454614,0.29837808
3919,1789.0573,0.0,785.8602,89.37851,0.01610319,0.0,0.5661224,0.29838
3920,1582.2535,0.0,1011.02594,89.37855,0.016421178,0.0,0.55920357,0.29838154
3921,1427.3597,0.0,1031.0066,89.37857,0.015311642,0.0,0.5608332,0.29838294
3922,1539.5361,0.0,1059.8817,89.37855,0.013834151,0.0,0.5481557,0.2983841
3923,2160.3738,0.0,1034.7277,89.37855,0.017933626,0.0,0.5857077,0.29838502
3924,1490.7013,0.0,1418.1511,89.37849,0.017086899,0.0,0.56731355,0.29838577
3925,1873.6947,0.0,1209.956,89.37844,0.019718027,0.0,0.5659113,0.29838637
3926,2249.02,0.0,1210.4729,89.378365,0.016945641,0.0,0.5524194,0.29838693
3927,1954.8604,0.0,1098.6812,89.3783,0.017446566,0.0,0.6465647,0.2983859
3928,1534.0486,0.0,1130.668,89.3782,0.014020989,0.0,0.5431197,0.2983849
3929,2653.2708,0.0,898.5639,89.37812,0.017999968,0.0,0.53741235,0.2983839
3930,1454.444,0.0,1118.3019,89.37806,0.015860684,0.0,0.5545146,0.29838288
3931,2322.6394,0.0,1112.3802,89.37802,0.016106194,0.0,0.56574076,0.29838184
3932,2387.7676,0.0,1037.3364,89.378006,0.016751267,0.0,0.59776515,0.29838088
3933,2034.3318,0.0,1340.5988,89.378,0.015030436,0.0,0.57506937,0.2983799
3934,2136.7444,0.0,1265.0786,89.378,0.015968502,0.0,0.59958774,0.29837883
3935,1739.258,0.0,1506.3431,89.37799,0.018025648,0.0,0.5605055,0.2983778
3936,2292.8857,0.0,1089.734,89.377975,0.017593168,0.0,0.59298,0.29837692
3937,1822.2827,0.0,970.95844,89.37797,0.015509892,0.0,0.56464946,0.29837596
3938,2097.892,0.0,1039.0432,89.377975,0.012670297,0.0,0.5800237,0.29837504
3939,1671.2687,0.0,1216.1766,89.378006,0.015990037,0.0,0.58037865,0.29837412
3940,1821.9584,0.0,1129.597,89.378044,0.017261256,0.0,0.5735346,0.29837364
3941,1961.3033,0.0,1220.3427,89.37814,0.02127916,0.0,0.5407368,0.29837316
3942,1711.4167,0.0,964.95,89.37821,0.015626302,0.0,0.57048666,0.29837257
3943,1866.3292,0.0,825.0797,89.37833,0.016116524,0.0,0.5552681,0.29837194
3944,1387.2599,0.0,1039.2194,89.37843,0.017396446,0.0,0.58228725,0.29837134
3945,1834.9718,0.0,1079.6484,89.3786,0.01594696,0.0,0.572161,0.29837066
3946,1361.6041,0.0,979.0355,89.37872,0.015778873,0.0,0.54434574,0.29836988
3947,1531.4486,0.0,1090.0354,89.378815,0.016860617,0.0,0.59442246,0.29836917
3948,1324.9054,0.0,1052.0172,89.37888,0.0138265565,0.0,0.6079067,0.29836836
3949,1323.5223,0.0,1051.2109,89.378944,0.014260665,0.0,0.5380884,0.2983676
3950,1695.5536,0.0,1625.6753,89.379074,0.016271306,0.0,0.5517261,0.29836676
3951,1449.7896,0.0,884.0668,89.379166,0.017986972,0.0,0.6021218,0.29836586
3952,1900.8091,0.0,1228.1963,89.37927,0.016403023,0.0,0.57106686,0.298365
3953,1399.4532,0.0,1310.9602,89.379326,0.014428976,0.0,0.5650692,0.29836407
3954,1683.3231,0.0,1148.8917,89.37943,0.014717433,0.0,0.6091492,0.29836318
3955,2326.6333,0.0,1710.8047,89.37955,0.015087379,0.0,0.54143083,0.29836372
3956,1448.4497,0.0,1317.8511,89.37955,0.014250871,0.0,0.53429604,0.29836413
3957,1525.3341,0.0,1486.545,89.37959,0.013782287,0.0,0.56439793,0.29836437
3958,1747.7617,0.0,1057.6735,89.37964,0.015606335,0.0,0.5534805,0.29836443
3959,1763.3429,0.0,1103.7416,89.37966,0.013885244,0.0,0.5475451,0.29836443
3960,2508.1907,0.0,1285.3047,89.37973,0.016633112,0.0,0.53284025,0.29836434
3961,1507.3099,0.0,918.3379,89.37978,0.013150444,0.0,0.54610455,0.29836413
3962,1419.6227,0.0,900.065,89.37984,0.015412535,0.0,0.59232306,0.29836383
3963,2227.9558,0.0,1259.6831,89.37989,0.01746206,0.0,0.5343951,0.29836342
3964,2112.3745,0.0,1197.3425,89.37993,0.014046791,0.0,0.56364954,0.29836297
3965,1594.2867,0.0,975.67926,89.379906,0.013232358,0.0,0.6009538,0.29836243
3966,2129.6946,0.0,1166.8352,89.379875,0.013567453,0.0,0.54548264,0.29836187
3967,1602.0535,0.0,1315.6525,89.37982,0.016722567,0.0,0.56896824,0.2983612
3968,2335.969,0.0,1248.8811,89.37974,0.013787496,0.0,0.5727424,0.29836053
3969,2045.0188,0.0,1172.5753,89.3797,0.014062754,0.0,0.55332446,0.298358
3970,2254.5083,0.0,1080.102,89.37972,0.016726289,0.0,0.58627856,0.29835552
3971,1893.9917,0.0,903.5443,89.37974,0.01616719,0.0,0.62027806,0.29835325
3972,1760.7545,0.0,1073.4188,89.37981,0.017710548,0.0,0.5533773,0.29835108
3973,2126.4084,0.0,1043.5427,89.37989,0.014341904,0.0,0.5705681,0.29834905
3974,2087.8215,0.0,1053.6654,89.37993,0.015974693,0.0,0.5581478,0.2983471
3975,1673.046,0.0,1155.2162,89.38,0.014398871,0.0,0.59258574,0.2983452
3976,1500.6399,0.0,1058.8784,89.380005,0.016088672,0.0,0.54961395,0.2983434
3977,2490.1462,0.0,1364.5282,89.38002,0.016854612,0.0,0.6004104,0.2983417
3978,2005.9232,0.0,1049.7008,89.38005,0.016009351,0.0,0.58726203,0.29834
3979,1527.3741,0.0,1137.0258,89.38006,0.013655992,0.0,0.57927656,0.29833838
3980,1419.3544,0.0,1223.8872,89.38011,0.014864887,0.0,0.5856173,0.29833683
3981,2367.8557,0.0,859.49664,89.38019,0.014848009,0.0,0.5564086,0.2983353
3982,1645.8125,0.0,780.3663,89.38026,0.01641002,0.0,0.5446369,0.29833388
3983,1746.9557,0.0,1124.2296,89.3803,0.014491457,0.0,0.61336535,0.29833242
3984,1439.3368,0.0,1329.5677,89.38035,0.016244218,0.0,0.5541539,0.29833105
3985,1780.4952,0.0,994.4415,89.38036,0.018602762,0.0,0.58014286,0.29832965
3986,2484.924,0.0,1324.1436,89.38042,0.015485626,0.0,0.56031495,0.29832828
3987,1612.1315,0.0,972.2918,89.38052,0.015711535,0.0,0.6004662,0.2983269
3988,1699.621,0.0,1220.8229,89.38064,0.012206931,0.0,0.57816756,0.29833063
3989,1924.3292,0.0,1023.65924,89.38079,0.015479001,0.0,0.57897806,0.2983341
3990,2264.6077,0.0,1110.7482,89.38089,0.01585944,0.0,0.60247797,0.29833627
3991,1961.2302,0.0,970.28656,89.381035,0.015119433,0.0,0.5971414,0.2983383
3992,2213.717,0.0,1134.6005,89.38119,0.015685309,0.0,0.59789455,0.2983401
3993,1773.6251,0.0,1279.7814,89.38128,0.016868686,0.0,0.58039546,0.29834205
3994,1783.3414,0.0,1203.3917,89.38138,0.016408214,0.0,0.5687624,0.29834372
3995,1722.2925,0.0,1059.8215,89.381424,0.015160943,0.0,0.5392184,0.29834524
3996,2066.0835,0.0,1122.367,89.38144,0.016891114,0.0,0.53081214,0.29834658
3997,2017.6359,0.0,1365.45,89.3815,0.015745107,0.0,0.54397786,0.2983477
3998,1494.923,0.0,1019.88904,89.38153,0.017973747,0.0,0.57320917,0.2983486
3999,1408.3536,0.0,1183.4359,89.38156,0.018145194,0.0,0.5562865,0.29834932
4000,2345.0364,0.0,1020.85895,89.3816,0.013533502,0.0,0.5786575,0.29834986
4001,1725.4805,0.0,1231.4835,89.38162,0.015018791,0.0,0.5781814,0.29835027
4002,1589.0275,0.0,998.0078,89.38162,0.019017842,0.0,0.58895445,0.29835057
4003,1794.715,0.0,888.7369,89.38162,0.01780335,0.0,0.5608024,0.29835072
4004,1652.2297,0.0,1375.2522,89.38168,0.015983826,0.0,0.5556655,0.29835072
4005,2049.5244,0.0,1057.8214,89.38177,0.017738542,0.0,0.54029596,0.2983507
4006,1676.0002,0.0,1053.915,89.38178,0.015879728,0.0,0.5104499,0.29835054
4007,1657.804,0.0,927.53534,89.38181,0.017286299,0.0,0.53818387,0.29835024
4008,2105.7932,0.0,908.5336,89.38189,0.016314339,0.0,0.5531044,0.2983499
4009,1374.2587,0.0,1168.1912,89.381996,0.021819212,0.0,0.580498,0.2983495
4010,1685.3712,0.0,1238.6466,89.38209,0.017233437,0.0,0.5313935,0.29834905
4011,1728.3917,0.0,967.5695,89.3822,0.020874057,0.0,0.57405937,0.29834852
4012,1573.5338,0.0,1229.567,89.38229,0.014187592,0.0,0.5320654,0.2983479
4013,2034.319,0.0,848.5286,89.382385,0.02005363,0.0,0.59502506,0.29834726
4014,1555.9463,0.0,1097.4264,89.38245,0.015863355,0.0,0.5801678,0.29834658
4015,1475.1735,0.0,863.9142,89.38251,0.015111777,0.0,0.5094761,0.29834577
4016,1948.1516,0.0,1182.9932,89.38251,0.018923104,0.0,0.5797211,0.29834497
4017,1760.6508,0.0,856.87646,89.38253,0.019853674,0.0,0.56693244,0.2983442
4018,2271.817,0.0,1241.451,89.38253,0.016844459,0.0,0.59703064,0.29834333
4019,2232.16,0.0,959.78674,89.38251,0.017209612,0.0,0.556371,0.29834247
4020,1558.5668,0.0,1204.5986,89.38253,0.017039662,0.0,0.55349004,0.29834157
4021,1291.9796,0.0,885.21265,89.382576,0.018466173,0.0,0.58659565,0.29834372
4022,1813.5984,0.0,1187.4175,89.382614,0.015746646,0.0,0.5046072,0.2983456
4023,1954.3213,0.0,962.43506,89.38265,0.012656498,0.0,0.56230175,0.29834718
4024,2122.7322,0.0,707.77185,89.38269,0.015962396,0.0,0.58680856,0.29834852
4025,2583.7266,0.0,1115.5709,89.38273,0.019026112,0.0,0.57216394,0.29834768
4026,2084.6714,0.0,1231.0981,89.38284,0.019679025,0.0,0.5681401,0.29834676
4027,2048.729,0.0,695.9841,89.382904,0.014723873,0.0,0.5992672,0.29834592
4028,2810.3713,0.0,1342.5198,89.38297,0.015347528,0.0,0.5513532,0.29834497
4029,1991.7454,0.0,1160.7896,89.38312,0.013877885,0.0,0.57784706,0.29834405
4030,1594.3806,0.0,1202.3252,89.38326,0.016933935,0.0,0.56143737,0.29834312
4031,1722.8171,0.0,1089.5176,89.38347,0.015622921,0.0,0.55753535,0.29834223
4032,2738.3906,0.0,972.97034,89.38366,0.014400567,0.0,0.6055354,0.2983413
4033,2952.723,0.0,1037.444,89.38382,0.016703065,0.0,0.60954034,0.2983417
4034,1963.5349,0.0,1220.5255,89.38399,0.014285411,0.0,0.57989705,0.2983419
4035,2149.1555,0.0,992.7147,89.384094,0.01519497,0.0,0.6008559,0.29834205
4036,1881.8274,0.0,1242.0453,89.384186,0.01871701,0.0,0.5866337,0.29834208
4037,1918.8809,0.0,850.2342,89.38427,0.019232783,0.0,0.5138528,0.29834202
4038,1748.673,0.0,796.4573,89.38439,0.015128388,0.0,0.5636775,0.2983418
4039,1585.2925,0.0,1307.88,89.38451,0.014702879,0.0,0.58747935,0.29834154
4040,2224.0298,0.0,1117.5691,89.38458,0.01424478,0.0,0.5503442,0.29834118
4041,2209.5352,0.0,1116.1407,89.38467,0.016526477,0.0,0.54652566,0.29834077
4042,1469.2625,0.0,931.62756,89.38471,0.019886104,0.0,0.5688224,0.2983403
4043,2120.1575,0.0,983.59424,89.38472,0.018074814,0.0,0.56142294,0.29833972
4044,1590.2646,0.0,889.8549,89.38468,0.014166562,0.0,0.5575342,0.29833913
4045,2008.7778,0.0,1266.5071,89.38466,0.017891945,0.0,0.5847434,0.29833844
4046,1908.8275,0.0,1497.3676,89.38466,0.016787922,0.0,0.58111584,0.2983378
4047,1451.943,0.0,1098.925,89.38466,0.020175172,0.0,0.5645609,0.298337
4048,1768.4247,0.0,1319.3827,89.38463,0.019796139,0.0,0.58168876,0.29833624
4049,1994.3203,0.0,1576.6416,89.38463,0.016057888,0.0,0.5819628,0.29833537
4050,1989.483,0.0,1265.8798,89.38457,0.0156333,0.0,0.58512956,0.29833403
4051,1706.7654,0.0,1132.0425,89.3845,0.012844372,0.0,0.57559323,0.29833266
4052,2211.3806,0.0,1137.6749,89.38444,0.019310875,0.0,0.62798965,0.29833135
4053,1520.1156,0.0,1111.4934,89.38435,0.020523138,0.0,0.5762027,0.29833004
4054,2629.1167,0.0,1169.1039,89.384315,0.015617314,0.0,0.5915031,0.29832876
4055,1729.6857,0.0,1095.7697,89.38432,0.01771779,0.0,0.5951821,0.2983275
4056,1873.7457,0.0,1175.8582,89.3844,0.016282452,0.0,0.51345736,0.29832622
4057,1666.8635,0.0,1041.8062,89.3844,0.016446676,0.0,0.5674817,0.298325
4058,1634.2307,0.0,1207.7158,89.38441,0.016070118,0.0,0.5854691,0.29831776
4059,1702.3401,0.0,974.08594,89.384384,0.019589804,0.0,0.616434,0.29830447
4060,2019.4481,0.0,1143.6385,89.38436,0.014197996,0.0,0.5473178,0.29829237
4061,2177.124,0.0,1120.049,89.38431,0.0143158045,0.0,0.5882834,0.29828146
4062,2321.5864,0.0,1365.826,89.38428,0.014526661,0.0,0.52981377,0.29827154
4063,1942.6039,0.0,1025.133,89.3843,0.016789034,0.0,0.56921077,0.29826254
4064,1987.7211,0.0,1409.3751,89.384346,0.014926246,0.0,0.5727403,0.29825437
4065,1582.8379,0.0,1304.7715,89.38438,0.017684778,0.0,0.591169,0.2982469
4066,1458.7573,0.0,1443.6841,89.38435,0.015659885,0.0,0.54737204,0.29824
4067,2053.243,0.0,1244.0013,89.38435,0.014702904,0.0,0.59815395,0.29823384
4068,1780.3209,0.0,1503.8872,89.38437,0.015506501,0.0,0.5640797,0.29822662
4069,2138.5337,0.0,923.84033,89.38439,0.016539041,0.0,0.60835344,0.29822007
4070,1706.3586,0.0,1148.8281,89.3844,0.014302012,0.0,0.5630508,0.29821405
4071,1487.6708,0.0,1229.227,89.38442,0.015947534,0.0,0.61567634,0.29820865
4072,1856.6829,0.0,1246.8313,89.384415,0.019566253,0.0,0.56783915,0.29820374
4073,1801.0981,0.0,859.226,89.38437,0.016227543,0.0,0.5498166,0.29819912
4074,1851.6351,0.0,1160.8898,89.384384,0.013496115,0.0,0.5826766,0.2981949
4075,2044.193,0.0,1180.4882,89.38435,0.016182669,0.0,0.52613544,0.29819098
4076,2737.822,0.0,1114.9165,89.38433,0.01766488,0.0,0.54740065,0.2981874
4077,1400.297,0.0,1415.6383,89.38434,0.020813277,0.0,0.551855,0.29818404
4078,1983.5404,0.0,959.83344,89.38435,0.016266068,0.0,0.5773002,0.29818088
4079,1221.958,0.0,944.15234,89.38439,0.017253328,0.0,0.543049,0.29818177
4080,1982.5092,0.0,1029.2493,89.384445,0.016881142,0.0,0.56200874,0.29818246
4081,3009.617,0.0,1217.5411,89.38447,0.018589748,0.0,0.5602406,0.298183
4082,2216.563,0.0,943.7158,89.38455,0.016295046,0.0,0.58235896,0.29818335
4083,1370.9219,0.0,969.73804,89.384636,0.015723798,0.0,0.5851542,0.29818362
4084,1894.1935,0.0,1078.3243,89.384705,0.015065653,0.0,0.56099296,0.29818112
4085,1954.4406,0.0,978.40027,89.38477,0.01694155,0.0,0.5397514,0.29818493
4086,1711.3019,0.0,1060.0958,89.38483,0.014916241,0.0,0.5268804,0.29818875
4087,1815.2019,0.0,918.8738,89.384895,0.01466657,0.0,0.55696243,0.29819256
4088,2438.7068,0.0,1215.9899,89.38496,0.014048196,0.0,0.51580805,0.29819626
4089,3123.3147,0.0,944.83453,89.384964,0.014385162,0.0,0.6028364,0.29820007
4090,2207.8848,0.0,1152.9828,89.38495,0.013640858,0.0,0.55363786,0.29820362
4091,1323.5013,0.0,1025.8866,89.38492,0.016478043,0.0,0.55561054,0.29820693
4092,2499.885,0.0,1130.1484,89.38495,0.017716855,0.0,0.5820373,0.29821277
4093,1890.4304,0.0,1428.7585,89.38495,0.015761284,0.0,0.6221734,0.29821455
4094,2085.5137,0.0,1183.4341,89.38493,0.015364377,0.0,0.5871638,0.29821616
4095,1796.4778,0.0,1072.338,89.384926,0.013608362,0.0,0.5980823,0.29821774
4096,1575.4346,0.0,1342.673,89.38495,0.015908752,0.0,0.53638124,0.29821914
4097,1823.827,0.0,895.0041,89.38499,0.02116479,0.0,0.59087753,0.29822043
4098,1611.2675,0.0,1303.9185,89.385056,0.013543719,0.0,0.5752958,0.2982216
4099,2382.652,0.0,1198.4017,89.385155,0.015718358,0.0,0.5764499,0.29822254
4100,2419.8513,0.0,1070.8429,89.385254,0.017370053,0.0,0.5850877,0.29822335
4101,1834.395,0.0,1197.2705,89.385345,0.013948793,0.0,0.5728886,0.29822406
4102,2144.2327,0.0,1305.2114,89.385414,0.014943039,0.0,0.54438984,0.2982243
4103,1343.3514,0.0,1068.8639,89.385475,0.015152542,0.0,0.58256876,0.29822448
4104,1817.4893,0.0,1125.3713,89.38553,0.013384893,0.0,0.5602166,0.29822454
4105,1916.6354,0.0,971.84216,89.385605,0.019463435,0.0,0.54688835,0.29822454
4106,1329.4474,0.0,1058.229,89.38568,0.01564579,0.0,0.6002597,0.29822445
4107,1915.3093,0.0,1072.9563,89.38578,0.014643456,0.0,0.5466882,0.29822427
4108,1547.8627,0.0,1263.8472,89.38587,0.01781189,0.0,0.5844633,0.29822406
4109,1632.0774,0.0,1165.5143,89.38593,0.016456507,0.0,0.575354,0.29822373
4110,1901.2562,0.0,958.2212,89.386055,0.016008157,0.0,0.5809517,0.29822332
4111,2159.1077,0.0,1257.1388,89.386154,0.016922884,0.0,0.5367478,0.2982232
4112,2403.5156,0.0,1537.8959,89.38623,0.016829744,0.0,0.57862854,0.2982229
4113,1643.4003,0.0,1112.7045,89.386345,0.015332041,0.0,0.563211,0.2982225
4114,1836.7921,0.0,1534.227,89.38644,0.017053084,0.0,0.5322193,0.2982221
4115,2323.9578,0.0,1305.3534,89.3865,0.016885513,0.0,0.6024004,0.2982216
4116,2272.5776,0.0,997.8911,89.3865,0.016690612,0.0,0.57118964,0.29822254
4117,1046.9113,0.0,1002.138,89.38652,0.012914335,0.0,0.5606873,0.29822326
4118,2155.022,0.0,1110.3969,89.38653,0.014457497,0.0,0.5919335,0.29822394
4119,1478.3212,0.0,961.7189,89.386536,0.017281659,0.0,0.5689921,0.29822442
4120,1849.1838,0.0,1282.0933,89.38655,0.015106006,0.0,0.5546123,0.29822484
4121,1756.592,0.0,1259.428,89.38653,0.015941173,0.0,0.55297107,0.2982245
4122,1727.7148,0.0,1525.1615,89.38653,0.0149703575,0.0,0.5876006,0.29822406
4123,2515.427,0.0,1087.6266,89.38644,0.017406322,0.0,0.59222436,0.2982236
4124,1535.5148,0.0,1101.9445,89.386406,0.018999863,0.0,0.5296982,0.2982231
4125,1628.98,0.0,1006.5038,89.38642,0.018856902,0.0,0.5815371,0.29822263
4126,1581.699,0.0,1058.5238,89.38642,0.016757037,0.0,0.5933498,0.29822212
4127,1651.8905,0.0,929.1935,89.38646,0.017286733,0.0,0.54232645,0.2982215
4128,2377.4944,0.0,1328.6382,89.38648,0.016461244,0.0,0.57571954,0.2982175
4129,2667.3274,0.0,966.5318,89.38654,0.01573063,0.0,0.6177842,0.29821384
4130,1934.3391,0.0,1043.7555,89.386604,0.0141537655,0.0,0.5872969,0.29821047
4131,1803.2847,0.0,1075.3708,89.386665,0.0143781705,0.0,0.5928146,0.2982074
4132,1738.934,0.0,1476.5216,89.3867,0.016447969,0.0,0.5821505,0.29820448
4133,1606.0525,0.0,1098.7242,89.38673,0.016795604,0.0,0.57790625,0.29820183
4134,1819.7319,0.0,1024.6915,89.38674,0.015254116,0.0,0.58029175,0.2981995
4135,1580.8932,0.0,968.01483,89.386795,0.01499917,0.0,0.5934776,0.2981974
4136,1984.1498,0.0,1101.5828,89.386894,0.018302346,0.0,0.5808138,0.29819545
4137,1877.9216,0.0,1040.1488,89.38696,0.018296786,0.0,0.57602084,0.2981935
4138,1292.2765,0.0,1119.361,89.387024,0.018302362,0.0,0.57926273,0.29820302
4139,2083.3396,0.0,971.86786,89.387024,0.01596145,0.0,0.58904016,0.298212
4140,2459.8997,0.0,885.14215,89.38703,0.01569755,0.0,0.58851606,0.29822055
4141,1407.9908,0.0,1335.6677,89.387,0.014894931,0.0,0.53317636,0.2982285
4142,2385.046,0.0,1114.8273,89.386925,0.021048408,0.0,0.5516075,0.29823592
4143,2107.3872,0.0,1252.9288,89.386826,0.018220285,0.0,0.56193703,0.29824266
4144,1736.173,0.0,1127.6105,89.38674,0.016414866,0.0,0.6056378,0.29824808
4145,1810.8416,0.0,1320.2095,89.386635,0.017824553,0.0,0.61711675,0.29825303
4146,1733.8835,0.0,1093.8927,89.38656,0.017429873,0.0,0.58569455,0.29825753
4147,2203.2156,0.0,1782.2777,89.38647,0.01650662,0.0,0.5708549,0.2982613
4148,1857.5164,0.0,1028.6617,89.38643,0.013150468,0.0,0.57345307,0.29826483
4149,1658.4517,0.0,1175.2871,89.386345,0.018773098,0.0,0.5778286,0.29826865
4150,2464.2607,0.0,1012.2717,89.38624,0.016117766,0.0,0.5676041,0.29827207
4151,1909.7828,0.0,1395.8175,89.386185,0.019084152,0.0,0.53259915,0.29827505
4152,1816.82,0.0,1158.7457,89.386185,0.021027727,0.0,0.59063506,0.29827774
4153,1834.8511,0.0,1159.356,89.386185,0.016629793,0.0,0.5666885,0.2982743
4154,1570.5814,0.0,937.7046,89.386246,0.015969008,0.0,0.5513945,0.29827145
4155,1560.517,0.0,1350.3971,89.38628,0.01561832,0.0,0.5410644,0.29826903
4156,1776.2351,0.0,722.24255,89.38635,0.015558213,0.0,0.4902122,0.29826698
4157,2087.441,0.0,1445.9152,89.38643,0.015889924,0.0,0.5750971,0.29826522
4158,1795.6925,0.0,1245.974,89.38652,0.022673473,0.0,0.6071114,0.29826686
4159,1526.058,0.0,1106.9,89.38665,0.019545527,0.0,0.55551916,0.2982683
4160,1823.6534,0.0,1210.4073,89.38677,0.020219073,0.0,0.572308,0.29826972
4161,2226.7256,0.0,1738.3906,89.386925,0.016161552,0.0,0.6162858,0.2982712
4162,1971.926,0.0,1397.9843,89.38709,0.016145974,0.0,0.5971726,0.2982726
4163,1670.6758,0.0,1036.9565,89.38724,0.014722766,0.0,0.58772635,0.29827848
4164,1448.4523,0.0,1364.3025,89.387344,0.018111665,0.0,0.58625036,0.29828382
4165,2893.835,0.0,962.2947,89.38745,0.018337362,0.0,0.55267906,0.29828876
4166,1474.3875,0.0,1265.8612,89.387535,0.017487451,0.0,0.5387105,0.29829323
4167,2010.0604,0.0,1438.7373,89.38765,0.015168019,0.0,0.5521476,0.29829717
4168,2811.887,0.0,1297.5094,89.38771,0.0143000325,0.0,0.5203512,0.29830077
4169,1848.3019,0.0,768.5247,89.38777,0.01630864,0.0,0.5825758,0.29830402
4170,1667.4352,0.0,1019.1607,89.38779,0.0136757605,0.0,0.56861573,0.29830685
4171,2323.217,0.0,938.8681,89.3878,0.017669162,0.0,0.59248513,0.29830813
4172,1862.0737,0.0,1275.1078,89.3878,0.022424038,0.0,0.5269232,0.29831186
4173,2047.1471,0.0,985.47656,89.38784,0.018967178,0.0,0.57120067,0.2983145
4174,2318.7668,0.0,1402.1115,89.38787,0.013008956,0.0,0.587908,0.29831693
4175,1382.344,0.0,1160.257,89.3879,0.014934652,0.0,0.5474768,0.29831907
4176,1668.5421,0.0,953.0472,89.38796,0.017428927,0.0,0.5853287,0.29832098
4177,1633.6696,0.0,1057.7557,89.387985,0.013599185,0.0,0.6058978,0.29832265
4178,2386.9749,0.0,1254.032,89.38803,0.016333146,0.0,0.5819425,0.2983241
4179,2040.6104,0.0,1055.9854,89.38809,0.018671528,0.0,0.5569047,0.2983254
4180,1535.7559,0.0,1055.775,89.38816,0.016423509,0.0,0.57700515,0.2983264
4181,2190.3635,0.0,899.49384,89.38825,0.018143687,0.0,0.56366575,0.29832727
4182,2240.9116,0.0,1167.6934,89.388306,0.018240301,0.0,0.5432637,0.298328
4183,1837.9679,0.0,1122.2438,89.388336,0.013649135,0.0,0.55759615,0.29832855
4184,2170.9253,0.0,1243.4901,89.3884,0.020468574,0.0,0.53391355,0.29832894
4185,1521.5415,0.0,1129.7828,89.38846,0.016670804,0.0,0.55464303,0.2983292
4186,1765.457,0.0,1236.4097,89.38852,0.016223177,0.0,0.56875443,0.29832935
4187,1855.6984,0.0,1177.6477,89.38857,0.019177426,0.0,0.5923209,0.2983294
4188,2056.6616,0.0,928.6464,89.38861,0.01488747,0.0,0.5364781,0.29832938
4189,1585.9235,0.0,1024.1066,89.38862,0.018029828,0.0,0.55769974,0.29832926
4190,1866.2684,0.0,1057.0336,89.38866,0.017866347,0.0,0.59785855,0.298329
4191,2240.6907,0.0,863.04285,89.38871,0.018200148,0.0,0.5484118,0.29832876
4192,1802.6924,0.0,1261.194,89.388756,0.01745011,0.0,0.61824465,0.29832837
4193,1434.3354,0.0,1510.5281,89.38883,0.02081184,0.0,0.53109425,0.29832798
4194,2116.6917,0.0,1265.7534,89.38888,0.019155372,0.0,0.6044393,0.2983275
4195,2027.7675,0.0,1119.8607,89.38895,0.014838951,0.0,0.54556483,0.29832697
4196,1670.7527,0.0,1010.86664,89.38901,0.013336562,0.0,0.58524406,0.2983264
4197,1339.8234,0.0,1217.8463,89.38901,0.01751561,0.0,0.5749116,0.2983258
4198,1701.3125,0.0,1280.1339,89.388985,0.01855175,0.0,0.5468775,0.29832515
4199,1552.0658,0.0,1328.6813,89.38891,0.016474232,0.0,0.55744374,0.29832447
4200,1523.106,0.0,1551.6934,89.38888,0.014631624,0.0,0.5709053,0.29832375
4201,1467.6248,0.0,1119.1434,89.3887,0.016603079,0.0,0.5407045,0.298323
4202,1621.2104,0.0,937.60004,89.38854,0.012233737,0.0,0.5490179,0.29832226
4203,1677.1572,0.0,947.40826,89.38842,0.016312808,0.0,0.5625504,0.29832137
4204,1764.3729,0.0,930.11304,89.38833,0.021196365,0.0,0.5690657,0.2983205
4205,2059.2666,0.0,1087.7808,89.38829,0.01576731,0.0,0.5492673,0.29831964
4206,2219.5479,0.0,1098.7146,89.388245,0.012765656,0.0,0.5721791,0.2983187
4207,2152.1047,0.0,987.5552,89.38824,0.014652401,0.0,0.5566133,0.29831782
4208,1991.5894,0.0,1345.1027,89.38825,0.014924021,0.0,0.5682098,0.29831228
4209,1815.812,0.0,902.74335,89.388275,0.015955515,0.0,0.5302021,0.29830718
4210,1785.5854,0.0,1233.8778,89.38832,0.018057862,0.0,0.56979656,0.2983025
4211,1855.7262,0.0,1368.2303,89.388336,0.019627294,0.0,0.5716435,0.29829824
4212,1777.6285,0.0,1161.2456,89.38836,0.021374283,0.0,0.5252299,0.298291
4213,1833.1758,0.0,1029.0779,89.38844,0.014970525,0.0,0.56986046,0.2982844
4214,2631.4329,0.0,1351.4724,89.38853,0.017043304,0.0,0.5607137,0.29827836
4215,1393.8508,0.0,1107.9988,89.38865,0.0141239595,0.0,0.5527654,0.29827288
4216,1496.8232,0.0,1320.0217,89.3888,0.017859392,0.0,0.58085924,0.29826784
4217,1728.561,0.0,1067.0784,89.38894,0.017205553,0.0,0.54756045,0.29826313
4218,1576.9869,0.0,1109.4396,89.38905,0.017243953,0.0,0.56282645,0.29825887
4219,1557.8479,0.0,1262.8546,89.38916,0.017448425,0.0,0.6244571,0.29825333
4220,2097.5835,0.0,1284.3667,89.38924,0.018222844,0.0,0.5818979,0.29824826
4221,2354.624,0.0,1518.3958,89.38932,0.017677754,0.0,0.58126163,0.29824355
4222,1856.6097,0.0,972.357,89.38945,0.016686393,0.0,0.5761974,0.29823926
4223,2374.0369,0.0,1197.0919,89.38954,0.019973919,0.0,0.5723051,0.2982353
4224,2472.329,0.0,866.5758,89.38966,0.014685377,0.0,0.56942457,0.29823166
4225,1770.826,0.0,987.0092,89.38978,0.015796624,0.0,0.5531286,0.29822823
4226,1916.7721,0.0,887.64557,89.3899,0.01581635,0.0,0.5489134,0.29822505
4227,1797.3104,0.0,1297.757,89.389984,0.013614591,0.0,0.55713505,0.29822212
4228,2098.2651,0.0,1132.4552,89.39008,0.014050335,0.0,0.5525512,0.29821986
4229,2023.483,0.0,1188.603,89.39016,0.017463557,0.0,0.56475437,0.29821768
4230,2197.3818,0.0,1119.3422,89.39023,0.015275206,0.0,0.601267,0.29821563
4231,1590.5128,0.0,952.2555,89.390236,0.019379895,0.0,0.6151193,0.29821366
4232,1710.318,0.0,1156.1917,89.39027,0.01583077,0.0,0.5753467,0.29821217
4233,1763.5209,0.0,1361.7999,89.39037,0.012058267,0.0,0.56416315,0.2982107
4234,2131.4854,0.0,1280.7863,89.39053,0.017733375,0.0,0.61484456,0.29820934
4235,1912.2014,0.0,1240.3116,89.39068,0.014558874,0.0,0.5450151,0.298208
4236,1951.6243,0.0,1273.6804,89.39083,0.018014124,0.0,0.5716415,0.29820666
4237,1730.0768,0.0,1205.3761,89.39096,0.015444517,0.0,0.5920493,0.2982047
4238,1524.4055,0.0,1615.8116,89.39108,0.016258337,0.0,0.5581353,0.29820272
4239,1550.8512,0.0,1324.3137,89.391205,0.018663894,0.0,0.593002,0.2982009
4240,1634.3079,0.0,1492.6935,89.391335,0.014740704,0.0,0.5530393,0.29819912
4241,2111.932,0.0,1108.5414,89.39141,0.019482903,0.0,0.605368,0.2981975
4242,2226.825,0.0,1533.6963,89.39151,0.015001411,0.0,0.55346155,0.29819593
4243,1952.386,0.0,1033.8088,89.391556,0.01814686,0.0,0.53958225,0.2981944
4244,1741.1237,0.0,1055.5372,89.39156,0.018402314,0.0,0.58930326,0.29819292
4245,2362.1428,0.0,1354.1238,89.39158,0.016015565,0.0,0.5126934,0.29819146
4246,2450.0781,0.0,1101.7415,89.39163,0.015270136,0.0,0.5636678,0.2981901
4247,2155.001,0.0,975.2992,89.39164,0.015821725,0.0,0.554023,0.2981888
4248,1807.0999,0.0,1040.0597,89.39163,0.016404256,0.0,0.56543815,0.29818743
4249,1758.8054,0.0,774.3189,89.391655,0.014702871,0.0,0.53968495,0.2981862
4250,1938.6724,0.0,1078.2792,89.391624,0.015808761,0.0,0.5635531,0.2981849
4251,1705.9875,0.0,1087.3525,89.39159,0.017334007,0.0,0.54290646,0.29818365
4252,1560.625,0.0,938.13434,89.39154,0.02007205,0.0,0.5566789,0.2981818
4253,2104.7283,0.0,1345.2817,89.39149,0.016231116,0.0,0.5496757,0.2981801
4254,1964.2234,0.0,1381.0972,89.391426,0.017953126,0.0,0.594154,0.29817843
4255,1326.7924,0.0,1493.707,89.39134,0.01580745,0.0,0.55556476,0.29817685
4256,1689.5283,0.0,1194.3203,89.39129,0.013337625,0.0,0.5505811,0.29817533
4257,1606.2197,0.0,1183.9507,89.3912,0.01714065,0.0,0.54033005,0.29817432
4258,2386.7654,0.0,1113.0115,89.39111,0.015987126,0.0,0.5687697,0.29817325
4259,2438.016,0.0,1386.131,89.39101,0.01349914,0.0,0.5785906,0.29817224
4260,1639.8237,0.0,1225.6522,89.390945,0.012596521,0.0,0.55200666,0.2981798
4261,1685.6041,0.0,1446.6921,89.39091,0.01871096,0.0,0.52291036,0.29818657
4262,2845.9546,0.0,1015.54846,89.3909,0.018034048,0.0,0.5438099,0.2981926
4263,1266.8331,0.0,812.59546,89.390816,0.01547513,0.0,0.51628673,0.29819793
4264,2081.7327,0.0,1243.5437,89.39075,0.015554618,0.0,0.5477766,0.29820266
4265,1722.9132,0.0,1192.8798,89.390686,0.015136092,0.0,0.55547667,0.2982112
4266,1799.9728,0.0,1131.1399,89.39064,0.018174065,0.0,0.6221951,0.29821876
4267,2117.8994,0.0,1284.2382,89.39059,0.017419135,0.0,0.55972064,0.2982255
4268,3084.1958,0.0,1310.3658,89.39052,0.014167789,0.0,0.6154737,0.29823148
4269,2178.9475,0.0,1529.1769,89.39056,0.014485048,0.0,0.5233056,0.2982368
4270,2333.664,0.0,1297.5752,89.39057,0.017393462,0.0,0.58638114,0.2982415
4271,2066.4248,0.0,973.6461,89.39061,0.014733474,0.0,0.5722362,0.2982456
4272,2128.8928,0.0,1351.5208,89.39064,0.015041726,0.0,0.5735389,0.29824927
4273,1748.7778,0.0,885.82227,89.390686,0.017316114,0.0,0.5770685,0.29825294
4274,1879.7932,0.0,1234.6852,89.39077,0.018340152,0.0,0.55033696,0.29825616
4275,1710.7639,0.0,1373.6409,89.39085,0.01608329,0.0,0.5858623,0.29825893
4276,1768.2883,0.0,996.0193,89.39094,0.013300101,0.0,0.5384905,0.29826137
4277,1654.3169,0.0,1026.2412,89.39101,0.014547102,0.0,0.5706539,0.29826346
4278,1460.837,0.0,1228.0319,89.391045,0.015019978,0.0,0.5543195,0.29826522
4279,1719.1193,0.0,1079.7367,89.39108,0.018291045,0.0,0.5767677,0.2982667
4280,1326.267,0.0,1287.2963,89.39116,0.016469229,0.0,0.5762001,0.29826832
4281,1684.8839,0.0,1338.9491,89.39122,0.017452937,0.0,0.5844826,0.29826972
4282,1965.8226,0.0,1022.41705,89.391335,0.0153216,0.0,0.56771976,0.29827124
4283,1908.906,0.0,954.3991,89.391426,0.016812671,0.0,0.642363,0.29827255
4284,1713.3531,0.0,769.0947,89.39148,0.017772961,0.0,0.6198699,0.29827362
4285,2015.5929,0.0,1271.7134,89.39157,0.016087573,0.0,0.5424195,0.2982822
4286,1504.2305,0.0,1336.7911,89.39166,0.0135833025,0.0,0.5744663,0.29828995
4287,1532.0537,0.0,929.8215,89.39175,0.016005062,0.0,0.578906,0.298297
4288,1756.8005,0.0,952.3776,89.39184,0.014024412,0.0,0.59723246,0.29830334
4289,2090.8726,0.0,1205.7915,89.39193,0.016106538,0.0,0.59178257,0.298309
4290,1511.8881,0.0,1059.1914,89.39203,0.016080026,0.0,0.5444077,0.29831406
4291,2625.6733,0.0,1247.9502,89.3921,0.014543541,0.0,0.5598153,0.2983186
4292,2360.3525,0.0,1097.5588,89.39215,0.014993621,0.0,0.54900736,0.29832262
4293,1527.8873,0.0,1149.9645,89.39215,0.013606588,0.0,0.6155742,0.2983262
4294,1993.8856,0.0,968.6522,89.39213,0.010159766,0.0,0.5410013,0.29832965
4295,2278.711,0.0,1043.251,89.392105,0.01695483,0.0,0.59902924,0.29833263
4296,2052.4104,0.0,1221.8959,89.3921,0.015264603,0.0,0.5610293,0.29833522
4297,2409.0818,0.0,1362.502,89.39207,0.015408657,0.0,0.5444474,0.29833746
4298,1575.1222,0.0,888.38605,89.39203,0.016848452,0.0,0.578263,0.2983395
4299,1761.0443,0.0,865.9151,89.392006,0.018000802,0.0,0.6007857,0.29834116
4300,1654.5193,0.0,796.7508,89.392006,0.016204521,0.0,0.55751354,0.29834253
4301,2457.8254,0.0,1291.232,89.39198,0.015203047,0.0,0.5684383,0.2983437
4302,2043.3722,0.0,1123.7227,89.39195,0.013543899,0.0,0.5714123,0.29835036
4303,1650.1406,0.0,925.81854,89.3919,0.012426003,0.0,0.5459883,0.29835638
4304,2117.4954,0.0,952.8803,89.39189,0.014272834,0.0,0.5513181,0.29836175
4305,2404.2568,0.0,1006.25183,89.39188,0.015696628,0.0,0.5474877,0.2983661
4306,1673.8925,0.0,1061.6779,89.39183,0.01690269,0.0,0.56933266,0.29836988
4307,1865.58,0.0,1281.6685,89.39179,0.015778178,0.0,0.5272591,0.29837334
4308,1824.1158,0.0,995.90393,89.39176,0.012976874,0.0,0.591279,0.2983764
4309,1730.7129,0.0,1156.403,89.391685,0.015614329,0.0,0.57809675,0.29837906
4310,1799.9435,0.0,1406.0405,89.39161,0.016085235,0.0,0.54873395,0.29838133
4311,1586.2236,0.0,1194.6636,89.391525,0.016615963,0.0,0.56366944,0.2983832
4312,1733.3495,0.0,1102.4524,89.391426,0.012295823,0.0,0.5601308,0.29838493
4313,2120.4045,0.0,1071.1925,89.39134,0.015532298,0.0,0.5670017,0.29838628
4314,2076.899,0.0,1070.4587,89.39132,0.015326935,0.0,0.6080798,0.29838747
4315,2253.438,0.0,1366.1951,89.39128,0.016006771,0.0,0.5934133,0.29838848
4316,1631.5779,0.0,989.43243,89.39129,0.016945973,0.0,0.57992643,0.29838923
4317,1485.912,0.0,1470.0214,89.3913,0.014180241,0.0,0.5709944,0.29838985
4318,2143.048,0.0,1634.1515,89.39128,0.01585348,0.0,0.5583073,0.29839075
4319,1368.8086,0.0,861.7074,89.3913,0.015361188,0.0,0.53946733,0.29839143
4320,1559.9658,0.0,1122.1497,89.39133,0.018414615,0.0,0.572387,0.29839194
4321,1756.3774,0.0,926.7955,89.39139,0.014854487,0.0,0.6140593,0.2983924
4322,2234.4062,0.0,1236.7917,89.39144,0.016424557,0.0,0.6094923,0.2983926
4323,1527.3643,0.0,1090.1301,89.39152,0.012631787,0.0,0.54660034,0.2983917
4324,1910.8408,0.0,1179.5616,89.39155,0.011445001,0.0,0.57742286,0.29839075
4325,1556.2258,0.0,972.13165,89.39165,0.016476091,0.0,0.6277124,0.2983898
4326,2081.971,0.0,930.8489,89.39175,0.015686106,0.0,0.6163885,0.29838887
4327,1691.614,0.0,1559.9397,89.391884,0.017810963,0.0,0.5441377,0.29838786
4328,1859.7767,0.0,838.2662,89.39199,0.01400709,0.0,0.5612223,0.29838696
4329,2060.4631,0.0,1007.42487,89.39215,0.013355557,0.0,0.56159914,0.29838598
4330,2738.1697,0.0,864.35236,89.39229,0.014813796,0.0,0.5642853,0.29838502
4331,1940.3859,0.0,1634.6718,89.392395,0.014279276,0.0,0.5419809,0.29838347
4332,1854.1594,0.0,1214.1035,89.392494,0.015822409,0.0,0.5494067,0.29838195
4333,2260.2913,0.0,1203.0891,89.39264,0.017532092,0.0,0.55406135,0.2983805
4334,1589.3917,0.0,1149.1339,89.39279,0.0144059835,0.0,0.58935905,0.29837877
4335,1425.351,0.0,839.1752,89.39297,0.0154676065,0.0,0.5680058,0.2983771
4336,1940.6802,0.0,1157.6057,89.39313,0.015545115,0.0,0.5575788,0.2983755
4337,1645.1907,0.0,1726.9111,89.39329,0.015795847,0.0,0.5421556,0.29837397
4338,1990.2179,0.0,1297.7261,89.393456,0.013482156,0.0,0.5955664,0.2983758
4339,1289.9414,0.0,1024.7727,89.393616,0.01416116,0.0,0.600693,0.2983775
4340,1651.2169,0.0,1178.909,89.39377,0.01607703,0.0,0.52920246,0.29838783
4341,1612.4075,0.0,1106.8396,89.39396,0.016915556,0.0,0.56843907,0.29839724
4342,2163.1328,0.0,803.63605,89.39415,0.014642233,0.0,0.58053744,0.29840583
4343,2010.181,0.0,1106.1289,89.39433,0.016412262,0.0,0.615626,0.29841352
4344,1657.8429,0.0,1092.3563,89.39454,0.013515139,0.0,0.54721475,0.29842043
4345,1683.8274,0.0,932.49585,89.39469,0.01638735,0.0,0.5674624,0.2984267
4346,1582.2681,0.0,1198.0839,89.394844,0.016198974,0.0,0.61127186,0.29843226
4347,1518.5398,0.0,841.6453,89.39491,0.01640809,0.0,0.5681553,0.29843727
4348,1819.8102,0.0,803.52655,89.394966,0.019840164,0.0,0.576843,0.29844168
4349,1868.5143,0.0,1424.8756,89.39501,0.014176439,0.0,0.58028364,0.2984456
4350,1490.7219,0.0,1215.7234,89.39508,0.014818402,0.0,0.5287912,0.29844904
4351,1824.9513,0.0,1426.6969,89.39511,0.015464615,0.0,0.59616685,0.2984521
4352,1987.2448,0.0,1250.8313,89.39517,0.015892254,0.0,0.5628674,0.29845473
4353,1633.0021,0.0,980.3952,89.395226,0.015136264,0.0,0.53523606,0.2984584
4354,2413.6975,0.0,1371.1786,89.39526,0.015199314,0.0,0.5678445,0.29846156
4355,2150.4016,0.0,886.7615,89.39526,0.01763333,0.0,0.5375886,0.29846436
4356,1806.4124,0.0,1093.5812,89.39533,0.010973113,0.0,0.56849027,0.29846683
4357,2772.921,0.0,1064.022,89.39536,0.014097701,0.0,0.59688467,0.29846895
4358,1714.5374,0.0,1269.9249,89.39545,0.013796846,0.0,0.53870505,0.29847068
4359,2439.9785,0.0,2023.9935,89.39552,0.017146546,0.0,0.5758983,0.29847223
4360,1589.3502,0.0,1267.2255,89.39556,0.01626666,0.0,0.56791234,0.29847348
4361,1898.283,0.0,1080.2172,89.39559,0.016210381,0.0,0.56575084,0.29847455
4362,1921.9132,0.0,1169.8578,89.39563,0.019088473,0.0,0.56854147,0.2984754
4363,1392.3906,0.0,898.2642,89.39572,0.015042315,0.0,0.53606117,0.29847613
4364,2130.9705,0.0,1218.3917,89.395805,0.020322395,0.0,0.55618954,0.29847655
4365,1460.1859,0.0,815.07214,89.39595,0.01288171,0.0,0.5783171,0.29847693
4366,1602.7935,0.0,1566.6919,89.39609,0.018917628,0.0,0.55647874,0.29847714
4367,2087.7131,0.0,1063.9197,89.3962,0.018254422,0.0,0.5759028,0.29847717
4368,1867.5366,0.0,983.63086,89.396324,0.013599786,0.0,0.5303143,0.29847708
4369,1905.4669,0.0,1069.3322,89.39645,0.015952244,0.0,0.53708446,0.2984748
4370,1897.7689,0.0,995.54193,89.39654,0.015022,0.0,0.5617475,0.2984728
4371,1499.9403,0.0,980.4531,89.39663,0.01555345,0.0,0.5884024,0.29847106
4372,1518.557,0.0,1053.1016,89.39675,0.015069465,0.0,0.55235994,0.29846945
4373,1430.6158,0.0,1029.9299,89.39687,0.017369894,0.0,0.57172513,0.29847625
4374,1925.9307,0.0,1347.926,89.39708,0.016072921,0.0,0.52922785,0.29848212
4375,2331.2244,0.0,1019.7359,89.397255,0.0155958515,0.0,0.6145264,0.29848737
4376,1686.3557,0.0,1160.3914,89.39743,0.012808993,0.0,0.5661671,0.29849213
4377,1565.696,0.0,863.78125,89.39757,0.013289659,0.0,0.5398228,0.29849648
4378,1539.2981,0.0,1121.375,89.39771,0.012233477,0.0,0.52742994,0.2985024
4379,1424.7357,0.0,1026.7695,89.397865,0.017706405,0.0,0.5863334,0.2985077
4380,1976.2672,0.0,1223.3184,89.397995,0.015592104,0.0,0.59453356,0.29851252
4381,1611.4105,0.0,985.6548,89.398094,0.01705889,0.0,0.5435403,0.29851666
4382,2437.8257,0.0,1124.4954,89.39819,0.013123719,0.0,0.5683611,0.29852042
4383,1809.3463,0.0,1235.7837,89.398315,0.016023215,0.0,0.5477901,0.2985237
4384,1719.7137,0.0,1302.8928,89.398415,0.016661607,0.0,0.5484997,0.29852664
4385,2103.016,0.0,723.22437,89.39848,0.015295248,0.0,0.5253868,0.29852918
4386,2363.0183,0.0,1014.7486,89.39857,0.01792652,0.0,0.58466303,0.29853138
4387,1746.1306,0.0,1325.0935,89.39859,0.015480581,0.0,0.6008224,0.29853332
4388,1274.5715,0.0,1133.6128,89.39862,0.012927215,0.0,0.54224086,0.298535
4389,1750.9547,0.0,921.087,89.398674,0.016024966,0.0,0.5834211,0.29853642
4390,2078.719,0.0,1417.2094,89.39873,0.013974759,0.0,0.5519657,0.2985375
4391,2301.7407,0.0,1365.6676,89.39877,0.014506939,0.0,0.5877443,0.29853842
4392,1781.0516,0.0,1612.101,89.398766,0.014720432,0.0,0.5983678,0.2985392
4393,1925.9377,0.0,1122.0326,89.39876,0.021324014,0.0,0.5561613,0.29853973
4394,1795.7135,0.0,1059.5524,89.39876,0.017462298,0.0,0.613835,0.29854012
4395,1104.1666,0.0,1376.8662,89.39873,0.016231634,0.0,0.57941663,0.2985404
4396,2360.6162,0.0,1024.8766,89.39869,0.013470627,0.0,0.5335712,0.29854193
4397,1657.4237,0.0,1178.9604,89.398674,0.016878825,0.0,0.5814938,0.29854342
4398,1737.8859,0.0,1179.5929,89.398674,0.01597545,0.0,0.57798237,0.2985446
4399,1971.063,0.0,1589.3112,89.39869,0.013259955,0.0,0.56124794,0.2985457
4400,1674.812,0.0,1199.7123,89.3987,0.0153019335,0.0,0.595566,0.29854658
4401,2056.118,0.0,1272.3506,89.398766,0.016495315,0.0,0.57067156,0.2985474
4402,2450.4683,0.0,1563.7417,89.398796,0.014907459,0.0,0.55850285,0.29854798
4403,2638.1438,0.0,1283.2494,89.398834,0.016331743,0.0,0.55968374,0.29854846
4404,1948.2026,0.0,807.1605,89.39887,0.014535594,0.0,0.5790949,0.298548
4405,1874.844,0.0,959.42633,89.3989,0.013406271,0.0,0.55141115,0.2985475
4406,2000.7339,0.0,1211.651,89.398964,0.016737837,0.0,0.5616588,0.29854694
4407,2273.6365,0.0,968.5168,89.39901,0.014440313,0.0,0.56786674,0.2985469
4408,1757.3373,0.0,1494.064,89.39907,0.016269237,0.0,0.5314767,0.29854673
4409,2465.8186,0.0,1263.7317,89.39915,0.014354168,0.0,0.58340204,0.2985465
4410,1664.6218,0.0,1107.6653,89.39921,0.017751087,0.0,0.5541836,0.29854625
4411,1599.8171,0.0,1193.6581,89.39927,0.012833504,0.0,0.58643603,0.29854587
4412,2402.8262,0.0,889.58,89.39931,0.018166015,0.0,0.57441056,0.2985455
4413,2474.7275,0.0,1072.3523,89.39936,0.016838528,0.0,0.59404254,0.29854497
4414,2039.0933,0.0,913.1918,89.39942,0.015091585,0.0,0.5627648,0.2985445
4415,1917.0121,0.0,1434.1984,89.3995,0.014484989,0.0,0.54729015,0.29854396
4416,1985.7958,0.0,1274.5942,89.39955,0.01476779,0.0,0.5441078,0.2985434
4417,1944.7742,0.0,925.954,89.39965,0.014049284,0.0,0.613841,0.2985429
4418,1633.152,0.0,1614.1855,89.39975,0.014270584,0.0,0.58467674,0.29854232
4419,2888.6396,0.0,876.0753,89.39983,0.01784621,0.0,0.5538671,0.29854172
4420,1619.932,0.0,1020.2624,89.39988,0.015735343,0.0,0.57200795,0.29854104
4421,2105.5923,0.0,1234.1145,89.39987,0.013616118,0.0,0.49209213,0.29854038
4422,2370.961,0.0,1020.6203,89.399864,0.0138918795,0.0,0.5228286,0.29853964
4423,1633.9669,0.0,1326.5919,89.39988,0.01554875,0.0,0.6039181,0.29853892
4424,1677.2742,0.0,876.4817,89.39994,0.0130166095,0.0,0.529992,0.2985382
4425,1578.8496,0.0,1021.9135,89.399994,0.018203579,0.0,0.5538197,0.2985374
4426,2263.9958,0.0,1299.2146,89.40005,0.013244724,0.0,0.55772924,0.29853657
4427,1773.0118,0.0,982.6241,89.40014,0.014686654,0.0,0.607611,0.29853025
4428,1994.5948,0.0,1191.004,89.400215,0.016342312,0.0,0.57300043,0.2985245
4429,2216.7742,0.0,934.96405,89.40027,0.013717748,0.0,0.5462005,0.29851937
4430,2245.9517,0.0,1104.2218,89.400314,0.018266989,0.0,0.608425,0.2985147
4431,1252.0016,0.0,960.61523,89.400406,0.015845947,0.0,0.59821767,0.29851043
4432,1451.4036,0.0,1233.9264,89.40046,0.017929208,0.0,0.5649818,0.2985065
4433,1469.9271,0.0,1184.1289,89.40048,0.01820485,0.0,0.55558205,0.29850292
4434,1887.254,0.0,1010.6845,89.4005,0.014159798,0.0,0.61882544,0.29849958
4435,1880.2134,0.0,1135.3557,89.40047,0.016066473,0.0,0.5839657,0.29849657
4436,2598.5042,0.0,844.35724,89.40046,0.013247601,0.0,0.5991617,0.2984937
4437,1855.5317,0.0,855.2203,89.400475,0.012980629,0.0,0.5687245,0.29849094
4438,1458.799,0.0,1338.3973,89.40046,0.01115391,0.0,0.56517136,0.29848835
4439,1285.1013,0.0,1098.2172,89.4005,0.016705029,0.0,0.61460394,0.2984859
4440,2149.091,0.0,1053.8309,89.40053,0.015453543,0.0,0.5799813,0.2984836
4441,2148.2258,0.0,1022.1251,89.40059,0.016460633,0.0,0.6367246,0.2984815
4442,1502.4518,0.0,1050.0593,89.40067,0.013721479,0.0,0.57737243,0.29847944
4443,1494.925,0.0,1133.8014,89.40072,0.017357923,0.0,0.57868946,0.29847753
4444,1635.4791,0.0,1294.7208,89.40079,0.01757696,0.0,0.53864014,0.2984757
4445,2013.969,0.0,1090.3772,89.40084,0.014512225,0.0,0.5565874,0.29847386
4446,1533.9656,0.0,1130.5255,89.40092,0.013155237,0.0,0.5887979,0.2984708
4447,1560.0502,0.0,1022.99567,89.40097,0.014201987,0.0,0.59896326,0.2984679
4448,1978.9563,0.0,1404.8655,89.40106,0.014166625,0.0,0.5784558,0.29846516
4449,2382.3577,0.0,1227.5566,89.4012,0.012075971,0.0,0.5858973,0.29846302
4450,1576.484,0.0,993.7337,89.40133,0.014063439,0.0,0.5768378,0.29846096
4451,2505.2256,0.0,1180.8281,89.4015,0.014639254,0.0,0.5612707,0.29845905
4452,2027.4388,0.0,1395.1537,89.40161,0.018510899,0.0,0.5987128,0.29845715
4453,2272.6968,0.0,1589.2231,89.40171,0.015565246,0.0,0.56086266,0.29845542
4454,2057.3672,0.0,1491.6357,89.40177,0.015456989,0.0,0.5468759,0.29845375
4455,1864.3569,0.0,1064.9033,89.40184,0.015470799,0.0,0.5886397,0.29845205
4456,2027.7546,0.0,993.4313,89.40186,0.017028568,0.0,0.5639602,0.29845053
4457,1569.0227,0.0,1194.2711,89.40188,0.014484301,0.0,0.58906174,0.29844907
4458,1683.6898,0.0,858.3394,89.40196,0.020668734,0.0,0.56381744,0.29844767
4459,2395.6738,0.0,1251.3383,89.40208,0.019297384,0.0,0.58034915,0.29844677
4460,1828.6437,0.0,1315.9475,89.40222,0.014465781,0.0,0.5899157,0.29844597
4461,1813.145,0.0,1535.7631,89.402374,0.020675644,0.0,0.55013263,0.2984451
4462,1744.8224,0.0,1248.1492,89.40253,0.015852176,0.0,0.5749618,0.2984442
4463,1836.4495,0.0,1224.1509,89.40267,0.019352686,0.0,0.5969628,0.29844332
4464,2048.9448,0.0,1253.4321,89.40282,0.01662041,0.0,0.6142311,0.298445
4465,1945.5864,0.0,921.0925,89.40295,0.015611295,0.0,0.57681394,0.2984464
4466,1706.0322,0.0,1020.3431,89.40309,0.016926609,0.0,0.574322,0.2984476
4467,1738.6482,0.0,1516.1512,89.40318,0.014287576,0.0,0.5504987,0.2984486
4468,1958.6034,0.0,1609.2335,89.4033,0.017513156,0.0,0.56457895,0.29844937
4469,1737.9191,0.0,1107.9186,89.40337,0.013783987,0.0,0.5762562,0.29844952
4470,2162.7588,0.0,1102.5499,89.40344,0.0151159745,0.0,0.5550866,0.29844952
4471,1796.1292,0.0,984.9897,89.40353,0.013905762,0.0,0.5520384,0.29844952
4472,1961.8755,0.0,1393.2261,89.40358,0.016193872,0.0,0.5510251,0.2984494
4473,1602.844,0.0,1101.4911,89.40362,0.015646314,0.0,0.5999492,0.29844916
4474,1666.4005,0.0,954.89166,89.40366,0.014018282,0.0,0.5432786,0.29844883
4475,2512.1194,0.0,1099.8456,89.403755,0.020691447,0.0,0.52840054,0.2984485
4476,1864.4232,0.0,1210.9862,89.403824,0.0148937125,0.0,0.5817643,0.2984481
4477,1773.8865,0.0,1289.284,89.403885,0.015861206,0.0,0.5380193,0.29844755
4478,1727.1327,0.0,1087.051,89.4039,0.016394412,0.0,0.59649956,0.298447
4479,1757.8982,0.0,1475.6484,89.40393,0.013215778,0.0,0.5685004,0.29844636
4480,1476.8486,0.0,1233.4764,89.403915,0.014182459,0.0,0.61004615,0.29844576
4481,1726.8938,0.0,1079.588,89.40389,0.022558607,0.0,0.59913164,0.2984412
4482,1742.3169,0.0,1419.1168,89.403946,0.018418454,0.0,0.5391902,0.298437
4483,1832.5242,0.0,1179.6672,89.404,0.016369177,0.0,0.5695865,0.29843315
4484,1956.9932,0.0,1019.74805,89.404106,0.01469934,0.0,0.56284636,0.29842955
4485,2054.6682,0.0,979.1241,89.40422,0.016094368,0.0,0.5371395,0.29842627
4486,2511.6077,0.0,1084.7349,89.4043,0.013206735,0.0,0.5539274,0.29842323
4487,1849.2189,0.0,946.4616,89.40433,0.017727032,0.0,0.5759442,0.29842037
4488,2362.3123,0.0,1440.9169,89.40439,0.017581709,0.0,0.53923917,0.2984177
4489,2283.1794,0.0,1011.21344,89.4044,0.017370645,0.0,0.58363605,0.2984152
4490,1540.7268,0.0,1092.0812,89.40445,0.017151251,0.0,0.5436814,0.29841286
4491,1608.8624,0.0,988.6621,89.404465,0.018707877,0.0,0.56671286,0.29841056
4492,2155.7837,0.0,1384.054,89.404434,0.019429106,0.0,0.60074174,0.29840815
4493,1618.0466,0.0,1087.1094,89.40446,0.017722905,0.0,0.60686004,0.29840586
4494,1687.0968,0.0,1154.8456,89.40444,0.01930502,0.0,0.55107486,0.29840368
4495,1850.6381,0.0,1331.952,89.40441,0.015889844,0.0,0.5829304,0.29840168
4496,1767.4747,0.0,946.26117,89.40434,0.014638784,0.0,0.5818949,0.29839972
4497,1658.924,0.0,1237.3196,89.404335,0.013832214,0.0,0.588078,0.29839554
4498,1599.9122,0.0,1240.5704,89.40431,0.01639853,0.0,0.56000334,0.2983917
4499,1946.4427,0.0,1067.1183,89.40429,0.015788514,0.0,0.5617325,0.29838815
4500,1959.5193,0.0,943.9508,89.40428,0.015094899,0.0,0.533256,0.29838482
4501,1606.045,0.0,1229.4073,89.4043,0.014697712,0.0,0.5481129,0.2983843
4502,1543.2026,0.0,1334.4106,89.404274,0.01423199,0.0,0.5422918,0.29838377
4503,1860.2086,0.0,1688.8065,89.404236,0.016539626,0.0,0.5977062,0.2983832
4504,1539.8877,0.0,1116.2307,89.404175,0.0124970935,0.0,0.5285174,0.29838255
4505,1456.3838,0.0,1118.7225,89.40411,0.015110066,0.0,0.5547826,0.2983819
4506,1998.1383,0.0,1154.3826,89.40407,0.018055126,0.0,0.53530747,0.29838124
4507,1735.0924,0.0,856.028,89.40403,0.0134269595,0.0,0.57958484,0.29838046
4508,1746.4565,0.0,1028.5133,89.404015,0.014815548,0.0,0.5207149,0.2983797
4509,2441.6267,0.0,1260.7573,89.40404,0.014482855,0.0,0.5986334,0.29837888
4510,1574.6143,0.0,1109.1722,89.404076,0.015219033,0.0,0.5567442,0.29837826
4511,1753.29,0.0,1200.7408,89.40414,0.016600339,0.0,0.55715615,0.29837757
4512,1711.3575,0.0,1243.2195,89.40426,0.016063832,0.0,0.5308666,0.29837686
4513,1822.6593,0.0,961.0653,89.40436,0.01939207,0.0,0.5653694,0.2983763
4514,1839.537,0.0,1275.4237,89.404465,0.016164917,0.0,0.5626052,0.29837567
4515,1836.4531,0.0,1180.8882,89.40457,0.021310538,0.0,0.5475484,0.298375
4516,1483.3083,0.0,1033.986,89.40461,0.0150782345,0.0,0.52890503,0.2983743
4517,1937.9214,0.0,1117.9929,89.40467,0.016756974,0.0,0.5644055,0.29837358
4518,1549.4354,0.0,1085.8474,89.40473,0.016970597,0.0,0.58066654,0.2983728
4519,1457.0825,0.0,1147.8373,89.40482,0.015131576,0.0,0.5651414,0.29837203
4520,2109.7546,0.0,995.6611,89.404945,0.018919304,0.0,0.5042962,0.29837117
4521,1516.9244,0.0,1095.3707,89.40504,0.014990203,0.0,0.54639035,0.2983691
4522,1574.8058,0.0,1056.639,89.405136,0.017364113,0.0,0.5534827,0.29836723
4523,2151.1653,0.0,1086.5265,89.405266,0.019529238,0.0,0.5653462,0.29836538
4524,1528.6984,0.0,1049.0519,89.405365,0.014388579,0.0,0.55221415,0.29836366
4525,2084.501,0.0,1101.7048,89.405426,0.019517466,0.0,0.5375396,0.29836196
4526,2089.7178,0.0,1253.9827,89.405464,0.01596855,0.0,0.59385055,0.29836035
4527,2011.1255,0.0,1283.8237,89.40548,0.01690996,0.0,0.5250757,0.29835883
4528,1705.6381,0.0,1375.4727,89.40546,0.018962838,0.0,0.6248178,0.2983573
4529,1591.8529,0.0,1283.282,89.40549,0.015622141,0.0,0.56985414,0.29835588
4530,1829.3745,0.0,1245.8536,89.40551,0.014438339,0.0,0.5775228,0.29835448
4531,1380.7104,0.0,1080.0677,89.40551,0.017462913,0.0,0.5403888,0.2983548
4532,1923.1158,0.0,1073.686,89.40554,0.01903236,0.0,0.59737086,0.29835507
4533,2044.2454,0.0,957.0836,89.40553,0.01608846,0.0,0.57101357,0.29835522
4534,1362.7445,0.0,1474.7832,89.405525,0.019961372,0.0,0.5900915,0.2983554
4535,1931.4104,0.0,1196.9811,89.40552,0.014009379,0.0,0.55040514,0.2983555
4536,1812.0522,0.0,957.04266,89.40557,0.015407719,0.0,0.6070797,0.2983555
4537,1828.5428,0.0,953.4325,89.40563,0.015373657,0.0,0.5383331,0.29835537
4538,2146.9675,0.0,1454.4598,89.405685,0.0181409,0.0,0.5582272,0.2983552
4539,1827.4685,0.0,1021.1,89.40575,0.015382892,0.0,0.5100129,0.29835498
4540,1845.9082,0.0,1042.1549,89.40576,0.01485626,0.0,0.57430756,0.29835472
4541,2571.7266,0.0,1157.4127,89.40578,0.01693331,0.0,0.5971165,0.29835162
4542,1662.0912,0.0,1027.424,89.405846,0.01731411,0.0,0.5385111,0.2983487
4543,1809.662,0.0,903.1257,89.40587,0.014896918,0.0,0.59980106,0.298346
4544,1976.4039,0.0,1367.5393,89.40585,0.01502316,0.0,0.5811684,0.2983435
4545,1497.563,0.0,923.30975,89.405846,0.017294109,0.0,0.5382757,0.29834107
4546,1663.3346,0.0,1311.8237,89.40581,0.016975049,0.0,0.57144403,0.29833877
4547,1687.1648,0.0,1149.4698,89.40574,0.01883456,0.0,0.56805384,0.29833648
4548,1729.6925,0.0,835.3887,89.40567,0.016862078,0.0,0.5628586,0.29833397
4549,1476.9412,0.0,1039.2041,89.40558,0.015808592,0.0,0.56301624,0.29833162
4550,2246.0613,0.0,1277.521,89.40555,0.018809104,0.0,0.52771115,0.29832894
4551,1534.4698,0.0,1067.3176,89.40552,0.013437042,0.0,0.54888725,0.2983263
4552,1964.8955,0.0,966.2613,89.40545,0.017520776,0.0,0.5906936,0.29832348
4553,1583.8331,0.0,1198.8461,89.40534,0.014228193,0.0,0.56024927,0.29832086
4554,2088.67,0.0,946.65076,89.40523,0.015612086,0.0,0.54652506,0.2983184
4555,1363.9503,0.0,1020.6867,89.40514,0.015106944,0.0,0.57356703,0.2983161
4556,1798.517,0.0,828.01544,89.405075,0.013609936,0.0,0.56695354,0.29831383
4557,1853.3726,0.0,1139.0421,89.40503,0.019510044,0.0,0.57588273,0.2983118
4558,2302.3665,0.0,782.3444,89.404976,0.02014586,0.0,0.59285796,0.2983098
4559,2092.77,0.0,862.47156,89.404976,0.016736066,0.0,0.5829445,0.298308
4560,1224.5812,0.0,1125.1239,89.40501,0.014362882,0.0,0.58230525,0.2983062
4561,2295.549,0.0,1002.9816,89.40502,0.016565653,0.0,0.6104214,0.29830447
4562,1824.07,0.0,1201.6263,89.405045,0.01677619,0.0,0.56982315,0.29830283
4563,2252.6494,0.0,1063.3605,89.405045,0.01655826,0.0,0.59287137,0.29830122
4564,1942.1416,0.0,996.5772,89.405045,0.019235268,0.0,0.5315721,0.29829967
4565,2161.9048,0.0,924.2278,89.40503,0.016127048,0.0,0.5445365,0.298291
4566,1947.2224,0.0,1292.4889,89.40503,0.014442834,0.0,0.5215266,0.2982832
4567,1357.3734,0.0,999.74585,89.405014,0.016025787,0.0,0.5824017,0.2982751
4568,2006.588,0.0,1001.8616,89.40496,0.014443274,0.0,0.58790094,0.29826793
4569,2198.766,0.0,916.49115,89.40496,0.01345903,0.0,0.56610054,0.29826137
4570,2292.4338,0.0,1147.7965,89.404976,0.015864834,0.0,0.6135713,0.29825547
4571,2267.4285,0.0,957.28564,89.405,0.01781547,0.0,0.5469649,0.2982475
4572,2106.4219,0.0,845.3751,89.40502,0.013480319,0.0,0.61628646,0.2982402
4573,1989.2596,0.0,1021.3233,89.405045,0.019370206,0.0,0.57771134,0.29823357
4574,1653.0149,0.0,998.92926,89.405075,0.016414145,0.0,0.5611712,0.29822764
4575,1614.4988,0.0,1101.3483,89.405106,0.014812928,0.0,0.5468532,0.29822215
4576,2144.262,0.0,874.8653,89.40515,0.018285282,0.0,0.61385494,0.29821715
4577,1397.8568,0.0,1140.0266,89.405235,0.016289039,0.0,0.5940119,0.29821256
4578,2126.7468,0.0,904.66925,89.405304,0.016469063,0.0,0.59942746,0.29823065
4579,1423.7927,0.0,989.92554,89.405396,0.014132196,0.0,0.54512084,0.29824728
4580,1966.5427,0.0,1082.7538,89.40553,0.015183627,0.0,0.54944134,0.2982627
4581,1932.2456,0.0,1115.5159,89.40568,0.01725659,0.0,0.60959804,0.29827684
4582,1330.3737,0.0,1098.6205,89.40581,0.014592095,0.0,0.5940218,0.29828975
4583,1560.9492,0.0,1376.1587,89.405914,0.020319466,0.0,0.5733952,0.29830152
4584,1998.8424,0.0,1051.6184,89.40601,0.017483909,0.0,0.6069461,0.2983122
4585,1664.6378,0.0,939.4898,89.40606,0.016134707,0.0,0.5813099,0.29832143
4586,1923.8658,0.0,855.5402,89.40612,0.017663853,0.0,0.5686358,0.29832968
4587,1853.1953,0.0,851.23956,89.406166,0.014551593,0.0,0.6327933,0.2983371
4588,1986.6195,0.0,1365.9288,89.40622,0.014548893,0.0,0.54609406,0.29834384
4589,2021.6687,0.0,959.4089,89.40625,0.016270876,0.0,0.5287314,0.2983498
4590,2182.983,0.0,1378.7374,89.406296,0.016347446,0.0,0.56281185,0.2983552
4591,1517.4862,0.0,1326.1339,89.40634,0.015892653,0.0,0.5546117,0.2983594
4592,1741.3505,0.0,1089.7167,89.406334,0.015237967,0.0,0.55672395,0.29836315
4593,2046.0115,0.0,1264.1411,89.40637,0.016838644,0.0,0.52660096,0.29836643
4594,2205.6199,0.0,1143.298,89.40638,0.014929196,0.0,0.54343927,0.29836935
4595,1278.9352,0.0,1273.5068,89.40637,0.0176582,0.0,0.55597436,0.29837185
4596,2147.715,0.0,1237.2812,89.40637,0.018851154,0.0,0.5966557,0.29837394
4597,1635.6512,0.0,951.69635,89.40635,0.015103122,0.0,0.60571826,0.2983757
4598,1875.7076,0.0,1376.6372,89.406334,0.017495014,0.0,0.5523591,0.29837716
4599,1248.3536,0.0,1296.602,89.406334,0.017294902,0.0,0.5567025,0.29837835
4600,2217.8389,0.0,993.585,89.406296,0.014850242,0.0,0.5367474,0.2983794
4601,1342.9984,0.0,1579.6912,89.40629,0.014990534,0.0,0.5346996,0.29838023
4602,1374.4132,0.0,1360.8893,89.406334,0.016098699,0.0,0.56070036,0.29838085
4603,1489.1879,0.0,991.17395,89.40636,0.016566314,0.0,0.57654303,0.2983813
4604,1629.8523,0.0,857.0905,89.40634,0.0150087625,0.0,0.5494389,0.2983817
4605,1319.2211,0.0,1124.8107,89.40631,0.016586414,0.0,0.5356188,0.29838184
4606,2187.7366,0.0,1027.5137,89.406296,0.01719941,0.0,0.6094432,0.29838192
4607,1695.026,0.0,1031.5614,89.4063,0.02038211,0.0,0.56566656,0.29838187
4608,2276.3354,0.0,1169.4003,89.4063,0.017268203,0.0,0.58415383,0.29838178
4609,1855.3729,0.0,957.44403,89.406265,0.014270957,0.0,0.5951377,0.29838154
4610,1386.0154,0.0,1390.4929,89.40624,0.018384837,0.0,0.5765192,0.29838124
4611,2524.9875,0.0,1060.0508,89.40621,0.014951646,0.0,0.5301304,0.29838085
4612,1540.9839,0.0,1060.2294,89.40621,0.014250733,0.0,0.61188614,0.29838043
4613,1854.1168,0.0,1029.9017,89.4062,0.015244055,0.0,0.57702845,0.29837996
4614,1988.5326,0.0,1198.2052,89.40619,0.013652734,0.0,0.6151775,0.2983794
4615,1654.8055,0.0,1673.2429,89.40621,0.019454412,0.0,0.5878307,0.2983848
4616,1761.6267,0.0,1355.8174,89.4063,0.01652956,0.0,0.5528735,0.29838955
4617,1794.5714,0.0,1243.6804,89.40632,0.0153924525,0.0,0.57620525,0.29839376
4618,1720.4703,0.0,1243.3312,89.40635,0.014316386,0.0,0.5566939,0.29839748
4619,1635.2428,0.0,937.1685,89.40632,0.017685566,0.0,0.5277668,0.29840076
4620,2010.5494,0.0,1064.9552,89.40632,0.017546684,0.0,0.5840708,0.29840365
4621,2209.8464,0.0,1393.7695,89.40636,0.017033305,0.0,0.5584528,0.29840615
4622,2334.6204,0.0,878.0593,89.40639,0.019953232,0.0,0.56254005,0.29840833
4623,1533.3188,0.0,826.38513,89.4064,0.01557634,0.0,0.5536439,0.29841006
4624,2108.9805,0.0,1267.3839,89.406395,0.021803744,0.0,0.5938667,0.2984115
4625,1862.4397,0.0,1060.6401,89.4064,0.01666048,0.0,0.5157436,0.29841268
4626,1801.5167,0.0,1403.503,89.40642,0.016413193,0.0,0.5612376,0.2984137
4627,1750.7227,0.0,893.10114,89.40641,0.015921846,0.0,0.52452224,0.29841658
4628,1872.7588,0.0,1185.1882,89.4064,0.016406823,0.0,0.58314985,0.2984191
4629,1767.8022,0.0,1206.1512,89.40641,0.01577198,0.0,0.5646051,0.29842135
4630,1648.9028,0.0,1092.6133,89.40643,0.017583437,0.0,0.5690527,0.2984233
4631,1266.9174,0.0,1078.293,89.40645,0.015162496,0.0,0.5726025,0.298425
4632,2146.6719,0.0,950.28253,89.40646,0.016246315,0.0,0.522768,0.29842642
4633,1628.2997,0.0,1019.52783,89.40649,0.01733714,0.0,0.5646054,0.29842758
4634,2523.0767,0.0,1234.1318,89.40653,0.016998105,0.0,0.55341303,0.2984286
4635,1655.8925,0.0,993.398,89.40658,0.012598237,0.0,0.6066271,0.2984294
4636,1808.9633,0.0,949.9477,89.4066,0.017413348,0.0,0.5540463,0.29843
4637,2476.43,0.0,1216.1086,89.40663,0.018395742,0.0,0.5577048,0.29843044
4638,1809.3452,0.0,1207.8484,89.406654,0.017262194,0.0,0.52274597,0.29843077
4639,1699.5887,0.0,1378.6461,89.40671,0.014096182,0.0,0.56729096,0.29843095
4640,1665.6505,0.0,1131.1974,89.40672,0.01526507,0.0,0.5110063,0.29843104
4641,1960.3226,0.0,1165.1498,89.40675,0.016245015,0.0,0.56528974,0.29843098
4642,2536.841,0.0,1071.4133,89.406784,0.0153578175,0.0,0.57435274,0.29843083
4643,2239.2004,0.0,1068.8801,89.40677,0.015761204,0.0,0.5777158,0.29843062
4644,2304.9385,0.0,1281.7297,89.40677,0.01590477,0.0,0.59213346,0.29843032
4645,1302.5427,0.0,1175.1603,89.4068,0.015582256,0.0,0.6064961,0.29842988
4646,1859.85,0.0,1147.0479,89.40679,0.018278038,0.0,0.60519713,0.2984295
4647,1724.5499,0.0,1145.8203,89.40676,0.015545014,0.0,0.5474328,0.29842892
4648,1806.5553,0.0,1189.8362,89.40675,0.015414573,0.0,0.5490971,0.29842812
4649,1961.665,0.0,1121.1809,89.40668,0.013918321,0.0,0.55349445,0.29842734
4650,2368.3694,0.0,1187.9601,89.40658,0.01608587,0.0,0.537786,0.29842657
4651,1916.4692,0.0,1328.9165,89.406494,0.012340134,0.0,0.58006644,0.29842573
4652,1631.7155,0.0,872.9603,89.4064,0.016065553,0.0,0.57962835,0.2984249
4653,1725.6641,0.0,1115.5503,89.40639,0.016566789,0.0,0.6212126,0.2984241
4654,2184.5974,0.0,1470.6412,89.40636,0.017165247,0.0,0.6054934,0.2984233
4655,2736.9377,0.0,1245.4033,89.4063,0.0155238155,0.0,0.55382174,0.29842237
4656,1871.6213,0.0,1183.8995,89.406296,0.01541581,0.0,0.52991647,0.2984215
4657,1391.719,0.0,1248.1289,89.40628,0.014264199,0.0,0.5780405,0.29842055
4658,1894.9205,0.0,1358.2394,89.40629,0.016551957,0.0,0.5397582,0.29842308
4659,1782.5276,0.0,1057.7235,89.4063,0.013496521,0.0,0.56526744,0.29842517
4660,1665.1183,0.0,786.08887,89.40637,0.016149208,0.0,0.5698348,0.29842693
4661,2292.3586,0.0,1208.8188,89.406456,0.01678918,0.0,0.55749893,0.2984284
4662,2055.1162,0.0,1012.122,89.406555,0.011243595,0.0,0.55381906,0.29842964
4663,2726.6558,0.0,1230.1208,89.406654,0.018915582,0.0,0.54866546,0.29843065
4664,2331.1118,0.0,1358.3363,89.40678,0.015969126,0.0,0.55756086,0.29843143
4665,2171.6128,0.0,1352.177,89.40697,0.017859794,0.0,0.6026768,0.29843205
4666,1287.287,0.0,1183.9814,89.407104,0.013920512,0.0,0.5957869,0.29843292
4667,1703.8507,0.0,952.58386,89.40729,0.014188997,0.0,0.5876251,0.2984357
4668,1728.7274,0.0,966.44403,89.40749,0.023977239,0.0,0.5504482,0.29843807
4669,1382.3325,0.0,1161.1555,89.407684,0.017155156,0.0,0.61702377,0.2984401
4670,1557.6793,0.0,1396.2083,89.40782,0.01569128,0.0,0.54552394,0.29844186
4671,2266.346,0.0,1429.049,89.40795,0.017173363,0.0,0.5438193,0.29844332
4672,1838.6877,0.0,1334.5349,89.40801,0.016873155,0.0,0.5557952,0.29844457
4673,1255.135,0.0,1000.74567,89.408035,0.018480485,0.0,0.57026875,0.29844558
4674,2362.9822,0.0,1358.1653,89.408066,0.015599377,0.0,0.59115255,0.29844633
4675,1934.255,0.0,962.0904,89.4081,0.014145429,0.0,0.56570613,0.29844698
4676,1648.7833,0.0,1155.8557,89.40814,0.014936368,0.0,0.56728196,0.2984474
4677,1375.3713,0.0,958.0273,89.40823,0.0170993,0.0,0.592409,0.29844776
4678,2387.3547,0.0,1218.2454,89.40834,0.018999957,0.0,0.5849011,0.29844785
4679,1849.8429,0.0,1488.088,89.40847,0.017318215,0.0,0.57638115,0.29844782
4680,2512.0718,0.0,1334.4542,89.408615,0.015743066,0.0,0.5587739,0.29844767
4681,2289.9104,0.0,1111.3531,89.40878,0.016088596,0.0,0.6183559,0.29844743
4682,1417.9889,0.0,1335.1995,89.40896,0.017152116,0.0,0.5122332,0.29844707
4683,1472.8323,0.0,1130.3019,89.40913,0.015297651,0.0,0.58972263,0.29844669
4684,1970.6815,0.0,1111.9482,89.40927,0.017208986,0.0,0.587923,0.29844627
4685,2335.8025,0.0,1027.0685,89.40946,0.017708654,0.0,0.58906424,0.2984457
4686,1682.2073,0.0,1187.7804,89.40966,0.017814802,0.0,0.5828017,0.29844514
4687,1219.0292,0.0,1215.1531,89.40984,0.016113272,0.0,0.5406916,0.2984445
4688,1985.4513,0.0,965.074,89.40993,0.015994761,0.0,0.5846404,0.29844385
4689,2566.8276,0.0,862.6566,89.41003,0.014348006,0.0,0.53532535,0.29844314
4690,2080.9885,0.0,921.7726,89.41013,0.014165479,0.0,0.6143226,0.29844242
4691,1785.8398,0.0,1235.5737,89.41019,0.02018591,0.0,0.59430516,0.2984416
4692,3071.482,0.0,962.8376,89.41028,0.0144277215,0.0,0.6035857,0.29844078
4693,1967.1128,0.0,871.6539,89.410324,0.015082866,0.0,0.57866645,0.29843944
4694,1559.3724,0.0,1339.7625,89.410385,0.018656356,0.0,0.60526645,0.2984381
4695,2003.2666,0.0,1074.7426,89.41046,0.0131560415,0.0,0.5690829,0.29843682
4696,1729.5461,0.0,986.28516,89.41044,0.014692738,0.0,0.60956776,0.29843554
4697,2202.2964,0.0,1009.28033,89.410446,0.015253678,0.0,0.56936896,0.29843405
4698,2079.6924,0.0,1084.3319,89.41048,0.015509866,0.0,0.5708226,0.29843473
4699,2348.1116,0.0,1197.0372,89.41048,0.01786639,0.0,0.5330663,0.29843524
4700,2032.3821,0.0,1072.0043,89.41047,0.019409647,0.0,0.5414529,0.29843566
4701,1625.1901,0.0,911.3878,89.41046,0.018601485,0.0,0.5897286,0.29843575
4702,1692.645,0.0,1189.5507,89.410515,0.012132525,0.0,0.5612893,0.2984358
4703,1633.0973,0.0,1425.4596,89.41057,0.016833521,0.0,0.5517155,0.2984357
4704,1733.5833,0.0,1334.4595,89.41062,0.019850198,0.0,0.5671045,0.2984355
4705,2568.3958,0.0,974.07086,89.41073,0.017750671,0.0,0.56502837,0.29843298
4706,2429.666,0.0,1481.1494,89.410835,0.014331999,0.0,0.5568158,0.29843056
4707,1454.4586,0.0,1118.2811,89.41096,0.017527197,0.0,0.60751104,0.29842836
4708,1437.257,0.0,1137.5409,89.41109,0.017394904,0.0,0.61789197,0.29842627
4709,1757.143,0.0,1026.636,89.41119,0.015583883,0.0,0.5840261,0.29842433
4710,2080.902,0.0,1190.5833,89.411285,0.01802668,0.0,0.6152718,0.2984225
4711,1849.6736,0.0,942.5957,89.411385,0.015859384,0.0,0.5351156,0.2984207
4712,2227.3328,0.0,1122.319,89.41151,0.016264072,0.0,0.56056595,0.29841903
4713,1820.5914,0.0,1115.2826,89.4116,0.013678234,0.0,0.5567016,0.2984174
4714,1819.6803,0.0,1008.47437,89.41169,0.016911907,0.0,0.5945988,0.29841587
4715,1768.1232,0.0,987.1413,89.41174,0.015104192,0.0,0.5662811,0.29841435
4716,1623.1093,0.0,1459.3842,89.41181,0.016258053,0.0,0.6012253,0.29841292
4717,1502.2433,0.0,1123.4991,89.4119,0.01679914,0.0,0.6176669,0.29841152
4718,1702.1943,0.0,1193.7162,89.41195,0.01821972,0.0,0.6110744,0.29840901
4719,1573.4592,0.0,982.8889,89.41205,0.020977896,0.0,0.55183053,0.29840672
4720,1657.9098,0.0,1093.9872,89.412186,0.016272938,0.0,0.5213065,0.29840448
4721,1712.0669,0.0,1226.0757,89.41229,0.014605379,0.0,0.605044,0.29840243
4722,1686.8738,0.0,754.0908,89.41237,0.023239546,0.0,0.57666814,0.29840043
4723,1765.0187,0.0,1133.1954,89.41249,0.01423285,0.0,0.54547226,0.29839835
4724,1883.372,0.0,924.8001,89.41259,0.017170852,0.0,0.55594385,0.2983963
4725,2311.2505,0.0,911.09686,89.41268,0.017994909,0.0,0.55272806,0.2983943
4726,1755.6278,0.0,1110.7932,89.41275,0.014283098,0.0,0.54544157,0.29839247
4727,2201.4312,0.0,1043.9172,89.41283,0.012365016,0.0,0.5530993,0.2983907
4728,1633.393,0.0,1575.9094,89.41287,0.019534437,0.0,0.59298396,0.298389
4729,1438.0988,0.0,1133.5599,89.412895,0.014236551,0.0,0.52256644,0.29838735
4730,1933.6652,0.0,1016.2491,89.41291,0.018446697,0.0,0.58361256,0.2983857
4731,2081.88,0.0,790.63043,89.412895,0.016995411,0.0,0.5167452,0.2983842
4732,1609.6593,0.0,1442.8922,89.41286,0.014529839,0.0,0.5924356,0.2983827
4733,2235.7944,0.0,1140.56,89.41288,0.015433922,0.0,0.5584142,0.29838127
4734,2015.6794,0.0,1394.0514,89.412926,0.01715554,0.0,0.5535375,0.29837984
4735,2137.1572,0.0,1412.5426,89.41294,0.017071288,0.0,0.5990119,0.29837844
4736,2229.5913,0.0,1475.8662,89.41301,0.014895499,0.0,0.5572721,0.29837713
4737,1961.3722,0.0,1243.7117,89.4131,0.015071427,0.0,0.55085194,0.2983758
4738,2021.4581,0.0,1081.4038,89.41317,0.014866143,0.0,0.5562642,0.29837444
4739,1869.7208,0.0,1068.2053,89.41322,0.014065562,0.0,0.59952104,0.2983732
4740,1770.156,0.0,1538.4858,89.41334,0.019090367,0.0,0.54777694,0.2983719
4741,1932.4945,0.0,1032.942,89.413445,0.015658066,0.0,0.53184503,0.29837063
4742,1779.758,0.0,1567.526,89.41357,0.018347524,0.0,0.57145256,0.29836938
4743,1468.8003,0.0,919.86316,89.413704,0.014869763,0.0,0.56712264,0.29836816
4744,2035.5156,0.0,1361.4812,89.41385,0.014578534,0.0,0.58292556,0.29836696
4745,1987.906,0.0,1394.9033,89.414,0.014157521,0.0,0.51832706,0.29836577
4746,1739.2059,0.0,1142.9552,89.41415,0.018374443,0.0,0.561676,0.29836455
4747,2394.2512,0.0,1098.0602,89.414314,0.016776092,0.0,0.5465056,0.2983634
4748,1972.4812,0.0,1135.98,89.41445,0.017551307,0.0,0.56629556,0.29836228
4749,2345.7542,0.0,1032.8313,89.41463,0.013846835,0.0,0.55425596,0.2983612
4750,1921.1195,0.0,869.86084,89.4148,0.0154769225,0.0,0.5069468,0.2983601
4751,1902.0951,0.0,947.33246,89.414986,0.018283656,0.0,0.5377754,0.29836118
4752,2320.1218,0.0,1157.6519,89.415184,0.016349547,0.0,0.56733245,0.29836202
4753,1902.7883,0.0,1298.4478,89.41539,0.015490038,0.0,0.5828227,0.2983627
4754,1820.676,0.0,1126.0234,89.41555,0.016409375,0.0,0.5707451,0.2983631
4755,2082.8901,0.0,1004.01355,89.415726,0.013825053,0.0,0.5957052,0.29836333
4756,1704.1343,0.0,788.11707,89.41581,0.016651846,0.0,0.56779176,0.29836348
4757,2039.1062,0.0,936.1388,89.41588,0.017309098,0.0,0.6096222,0.29836345
4758,1855.443,0.0,1042.4496,89.4159,0.016833698,0.0,0.59206575,0.29836333
4759,1576.9143,0.0,1317.7341,89.415924,0.01812983,0.0,0.57472444,0.29836318
4760,1681.1768,0.0,1378.7238,89.41601,0.018363683,0.0,0.5486996,0.29836294
4761,2018.0896,0.0,851.74646,89.41606,0.016766036,0.0,0.53584445,0.29836917
4762,1707.743,0.0,1259.4448,89.41609,0.015059188,0.0,0.5571173,0.298375
4763,1765.4651,0.0,1275.3604,89.41613,0.015741756,0.0,0.5723417,0.2983805
4764,1983.924,0.0,1214.9869,89.41619,0.015582657,0.0,0.6146912,0.29838657
4765,1470.9625,0.0,946.50726,89.416245,0.014999449,0.0,0.5685415,0.29839218
4766,2216.7683,0.0,1242.2806,89.41633,0.013701469,0.0,0.58026105,0.29839724
4767,1761.9847,0.0,1199.6354,89.416405,0.018098235,0.0,0.5858174,0.2984019
4768,1910.5917,0.0,1446.8644,89.41644,0.017276168,0.0,0.5667292,0.2984061
4769,1853.9681,0.0,1244.4315,89.41646,0.013663,0.0,0.58332443,0.29840982
4770,1739.3772,0.0,1099.0365,89.4165,0.01510491,0.0,0.56038326,0.29841322
4771,1836.9562,0.0,1135.1956,89.41652,0.016268685,0.0,0.5583341,0.29841617
4772,1712.2777,0.0,1317.0753,89.41655,0.01854503,0.0,0.5977993,0.29841873
4773,1782.4104,0.0,1063.1296,89.4166,0.015213068,0.0,0.55704945,0.29842097
4774,1892.2344,0.0,777.93164,89.41667,0.018006776,0.0,0.5212548,0.29842314
4775,2536.2969,0.0,1114.1664,89.41673,0.013169932,0.0,0.5849081,0.29842514
4776,1593.0558,0.0,1023.57434,89.41681,0.013420118,0.0,0.54191333,0.29842576
4777,2186.0452,0.0,946.8156,89.416855,0.016750699,0.0,0.60966444,0.29842624
4778,1548.6925,0.0,1058.7861,89.41691,0.015337784,0.0,0.55639017,0.29842663
4779,1596.9581,0.0,1361.8468,89.41698,0.0167563,0.0,0.5733513,0.2984269
4780,1512.5984,0.0,1149.3541,89.41704,0.013296708,0.0,0.53411955,0.29842705
4781,1840.1711,0.0,822.3082,89.417145,0.014291989,0.0,0.56315154,0.2984271
4782,2711.4944,0.0,798.4521,89.41725,0.016032062,0.0,0.62480074,0.2984177
4783,2132.8115,0.0,1194.9375,89.41732,0.014204803,0.0,0.58151734,0.29841015
4784,1965.6104,0.0,1542.1305,89.41739,0.018531512,0.0,0.55562556,0.29840338
4785,2176.2542,0.0,1040.4385,89.41747,0.016321667,0.0,0.5650265,0.29839715
4786,2069.9944,0.0,809.38525,89.41762,0.015461145,0.0,0.58607876,0.29839152
4787,2182.1396,0.0,796.15784,89.41777,0.017371964,0.0,0.58092904,0.2983864
4788,2077.6272,0.0,1197.7649,89.417885,0.013013269,0.0,0.56383705,0.29838172
4789,1509.8622,0.0,1226.462,89.418,0.016392808,0.0,0.5448119,0.29837734
4790,1316.6565,0.0,1077.2783,89.418106,0.01992847,0.0,0.5550604,0.2983733
4791,1814.7275,0.0,1029.0233,89.41824,0.015776876,0.0,0.5790305,0.29836977
4792,1509.8583,0.0,1230.5623,89.41837,0.01588818,0.0,0.5404601,0.29836646
4793,2332.3147,0.0,1328.8307,89.41849,0.013824226,0.0,0.5613992,0.2983634
4794,1641.8,0.0,1143.4172,89.41857,0.016449733,0.0,0.6116921,0.29836053
4795,1726.2365,0.0,1204.2706,89.4187,0.015584386,0.0,0.55254954,0.2983579
4796,2252.1992,0.0,1425.8026,89.418846,0.012496427,0.0,0.5832433,0.2983554
4797,1487.4381,0.0,1219.6677,89.419,0.013844885,0.0,0.58056843,0.29835305
4798,1983.2518,0.0,1069.2588,89.41914,0.016762462,0.0,0.5601427,0.29835093
4799,1863.261,0.0,1048.5997,89.41928,0.014860011,0.0,0.560538,0.29834878
4800,1834.6958,0.0,1450.0088,89.41939,0.019670669,0.0,0.5598357,0.29834682
4801,1652.0834,0.0,1008.86743,89.41949,0.014437474,0.0,0.56951785,0.2983449
4802,2081.829,0.0,1065.8842,89.41954,0.014191028,0.0,0.5584254,0.29834312
4803,1931.3234,0.0,1261.9441,89.41961,0.016440423,0.0,0.53209215,0.2983412
4804,1910.0519,0.0,863.1674,89.41969,0.015837077,0.0,0.5547781,0.2983393
4805,1752.4777,0.0,1076.5217,89.41976,0.016897108,0.0,0.5729751,0.29833755
4806,1703.3905,0.0,978.87915,89.41983,0.015201703,0.0,0.56516266,0.29833585
4807,1309.7496,0.0,786.8375,89.4199,0.015818745,0.0,0.54706705,0.2983342
4808,2501.1204,0.0,1064.6821,89.41996,0.016999282,0.0,0.5859075,0.29833284
4809,2152.948,0.0,1101.4331,89.42001,0.017249815,0.0,0.54472446,0.2983315
4810,2320.2795,0.0,1004.1664,89.42009,0.014442071,0.0,0.5284443,0.29833016
4811,1335.7291,0.0,1173.6709,89.4202,0.015382746,0.0,0.5573182,0.29832911
4812,1989.6576,0.0,913.3402,89.42031,0.012975088,0.0,0.608014,0.2983277
4813,2119.4255,0.0,1191.7985,89.42044,0.0139788985,0.0,0.5523641,0.2983264
4814,1824.337,0.0,1258.9419,89.42058,0.019024571,0.0,0.5580009,0.29832512
4815,1655.3097,0.0,1475.1112,89.42071,0.016191218,0.0,0.53102833,0.29832497
4816,2118.1428,0.0,1141.6349,89.42083,0.01321009,0.0,0.55614305,0.29832467
4817,2032.0166,0.0,1105.7158,89.42093,0.018489858,0.0,0.5819924,0.29832432
4818,1805.2452,0.0,1195.0304,89.42101,0.013729237,0.0,0.54946804,0.29832396
4819,2208.0183,0.0,961.59406,89.42109,0.018593827,0.0,0.5133551,0.29832348
4820,1862.0183,0.0,1309.4484,89.421165,0.012256773,0.0,0.5259682,0.29832292
4821,1675.8959,0.0,1092.753,89.4212,0.016166784,0.0,0.5709424,0.29832238
4822,2148.1167,0.0,1091.1547,89.42121,0.014823511,0.0,0.5111477,0.29832172
4823,1900.439,0.0,1021.0669,89.42122,0.014490981,0.0,0.5843053,0.29832104
4824,1946.7091,0.0,1077.1404,89.421234,0.012276117,0.0,0.55984104,0.29832032
4825,1846.554,0.0,1132.8363,89.421265,0.01650691,0.0,0.5992038,0.2983185
4826,1944.7578,0.0,1552.8206,89.42129,0.014316822,0.0,0.5637469,0.29830298
4827,1775.4579,0.0,806.0558,89.42131,0.012843179,0.0,0.5856412,0.29828912
4828,2423.83,0.0,912.3341,89.421326,0.018636625,0.0,0.6016172,0.29827684
4829,1731.3754,0.0,1431.6869,89.421295,0.014286394,0.0,0.5698698,0.2982658
4830,1622.2706,0.0,1122.4171,89.42125,0.013722254,0.0,0.55351627,0.29825598
4831,2321.2188,0.0,916.03046,89.42118,0.018136006,0.0,0.5160955,0.29824707
4832,1895.2112,0.0,1013.90015,89.421074,0.014630092,0.0,0.5995525,0.2982391
4833,1843.7291,0.0,830.33636,89.42098,0.015549611,0.0,0.5475019,0.29823196
4834,2578.5378,0.0,1037.2887,89.420906,0.014333109,0.0,0.57697886,0.29822537
4835,1606.3339,0.0,1205.4106,89.42084,0.013542993,0.0,0.55813205,0.2982198
4836,3438.2412,0.0,1295.6351,89.42077,0.018254139,0.0,0.5493971,0.29821473
4837,1820.2332,0.0,849.483,89.4207,0.012290401,0.0,0.594905,0.2982101
4838,2786.8591,0.0,1254.225,89.42063,0.019296026,0.0,0.60080594,0.29820588
4839,1549.0325,0.0,1204.8646,89.4206,0.01942598,0.0,0.57050383,0.29820195
4840,1730.8,0.0,1342.253,89.42058,0.014300189,0.0,0.58290315,0.29819837
4841,2240.0005,0.0,1332.2302,89.420494,0.016924463,0.0,0.58437407,0.298195
4842,1942.2882,0.0,1104.0304,89.42041,0.014317796,0.0,0.59086907,0.2981919
4843,1875.8282,0.0,938.6769,89.42032,0.014143388,0.0,0.51369476,0.29818898
4844,1799.1335,0.0,930.00995,89.42028,0.018187944,0.0,0.60511017,0.29818636
4845,2370.141,0.0,1294.3429,89.42023,0.01197771,0.0,0.54174274,0.298184
4846,2046.4619,0.0,1192.8164,89.42024,0.012306254,0.0,0.5625899,0.29818192
4847,1997.1572,0.0,1241.5802,89.42027,0.01829093,0.0,0.58788675,0.29817998
4848,1830.94,0.0,1035.2617,89.42031,0.016533978,0.0,0.5837735,0.2981768
4849,1999.1753,0.0,1143.1342,89.420395,0.01697488,0.0,0.61644375,0.29817396
4850,2131.6697,0.0,1313.7942,89.42049,0.01517422,0.0,0.58974135,0.29817122
4851,1700.7976,0.0,939.9095,89.4206,0.0137563,0.0,0.57981396,0.298169
4852,1826.4683,0.0,1038.9641,89.420715,0.018731859,0.0,0.5810848,0.29816678
4853,2364.255,0.0,1186.012,89.42079,0.01599785,0.0,0.5956979,0.29816028
4854,1857.8486,0.0,1065.6769,89.420876,0.015932549,0.0,0.5486926,0.29815432
4855,2901.1052,0.0,1537.9393,89.421,0.0141757615,0.0,0.56625193,0.29814896
4856,2588.9468,0.0,1184.6536,89.42114,0.015520121,0.0,0.55530405,0.29814398
4857,2426.8845,0.0,1239.834,89.42126,0.022800071,0.0,0.5622164,0.29814124
4858,2986.948,0.0,1279.7589,89.42137,0.015251461,0.0,0.56682026,0.29813865
4859,1940.1149,0.0,1032.0448,89.42149,0.017607152,0.0,0.58428466,0.29813626
4860,1721.518,0.0,1002.7164,89.421585,0.014229773,0.0,0.55624384,0.29813397
4861,1983.1539,0.0,859.15106,89.42168,0.018422246,0.0,0.58940214,0.29813185
4862,1839.9359,0.0,1159.7188,89.42177,0.01738872,0.0,0.6065642,0.29812983
4863,2042.0133,0.0,937.13043,89.42186,0.014670088,0.0,0.5823729,0.2981279
4864,1736.4148,0.0,1138.602,89.421906,0.015721774,0.0,0.5259407,0.29812607
4865,1704.7828,0.0,886.8655,89.42194,0.016154382,0.0,0.6004529,0.2981243
4866,1905.5304,0.0,1060.5936,89.42198,0.016897071,0.0,0.57524574,0.2981226
4867,2208.3381,0.0,1440.7042,89.42204,0.0153465215,0.0,0.5635907,0.29813078
4868,2103.886,0.0,1106.036,89.42211,0.012411365,0.0,0.5667342,0.2981383
4869,1951.7769,0.0,1506.9513,89.422195,0.015811425,0.0,0.59188354,0.29814503
4870,1515.38,0.0,872.5576,89.42225,0.015567996,0.0,0.57828534,0.29815102
4871,1413.5575,0.0,1181.3523,89.422295,0.01647757,0.0,0.5556385,0.29815787
4872,1908.3245,0.0,1357.2009,89.42236,0.016961657,0.0,0.55263484,0.298164
4873,1593.0828,0.0,1257.68,89.42245,0.0183335,0.0,0.57330215,0.29816946
4874,2115.1375,0.0,1235.4789,89.42253,0.017537486,0.0,0.611825,0.2981743
4875,1787.767,0.0,995.92694,89.42259,0.017995173,0.0,0.5816459,0.29817858
4876,1616.657,0.0,1328.4977,89.42266,0.016601985,0.0,0.5452835,0.29818237
4877,1707.0676,0.0,1317.4862,89.42271,0.016851164,0.0,0.61430854,0.29818565
4878,2022.4559,0.0,833.3751,89.42276,0.018431298,0.0,0.59386283,0.29818857
4879,2221.9546,0.0,1109.7682,89.422806,0.013789805,0.0,0.59021366,0.29819104
4880,1410.2146,0.0,1329.6808,89.422844,0.01666153,0.0,0.5918604,0.29819378
4881,1520.2645,0.0,984.93317,89.42283,0.018252408,0.0,0.61351204,0.29819602
4882,2336.4531,0.0,1058.0323,89.42284,0.01510101,0.0,0.60540855,0.2981981
4883,1902.5259,0.0,1224.6749,89.42278,0.013523119,0.0,0.57124686,0.2981998
4884,1510.4518,0.0,1212.9963,89.42273,0.01915082,0.0,0.56186306,0.2982012
4885,1631.6232,0.0,1075.8452,89.42274,0.015997268,0.0,0.54304063,0.2982024
4886,1694.6907,0.0,1687.1984,89.42279,0.014675523,0.0,0.57449114,0.29820338
4887,2134.3567,0.0,1115.3206,89.422874,0.015468888,0.0,0.5284628,0.29820415
4888,1724.4742,0.0,985.9469,89.422966,0.016374059,0.0,0.5864893,0.29820475
4889,1809.7103,0.0,979.03217,89.42302,0.0132209435,0.0,0.54949445,0.29820517
4890,1746.245,0.0,1093.3088,89.42308,0.017672978,0.0,0.5649952,0.29820642
4891,1945.2185,0.0,1161.6799,89.42314,0.017008059,0.0,0.5102141,0.29820743
4892,1368.9978,0.0,1125.7252,89.42324,0.01604553,0.0,0.5291672,0.29820827
4893,2020.8304,0.0,1554.1263,89.42335,0.017450977,0.0,0.5719882,0.2982089
4894,2220.8962,0.0,1193.6221,89.42346,0.013605232,0.0,0.55136883,0.2982094
4895,2754.75,0.0,757.05115,89.423546,0.017606346,0.0,0.58371896,0.29820973
4896,1661.2103,0.0,979.8165,89.42362,0.015882207,0.0,0.5390943,0.2982099
4897,1719.2867,0.0,1175.4034,89.42369,0.015115376,0.0,0.5846881,0.29821002
4898,2504.3625,0.0,982.0617,89.423744,0.014563551,0.0,0.58568656,0.29820997
4899,1441.9672,0.0,1739.3903,89.42377,0.01492011,0.0,0.5480418,0.29820982
4900,1666.5846,0.0,1419.4473,89.4238,0.01580732,0.0,0.5488243,0.2982096
4901,1812.7101,0.0,934.35004,89.423836,0.018129682,0.0,0.5555867,0.29820925
4902,1309.9249,0.0,920.08704,89.4239,0.016305503,0.0,0.55044407,0.29820597
4903,1526.7627,0.0,1229.528,89.42393,0.015728649,0.0,0.56898636,0.2982029
4904,1794.2844,0.0,1216.3511,89.423965,0.014715686,0.0,0.6031281,0.29820004
4905,2583.205,0.0,1480.2245,89.424034,0.01340894,0.0,0.55068076,0.2981974
4906,1523.0458,0.0,1011.13635,89.42413,0.020293059,0.0,0.5385192,0.2981949
4907,1845.6034,0.0,1164.6377,89.42424,0.01570528,0.0,0.5321572,0.29819256
4908,2010.7119,0.0,987.16565,89.424286,0.0148072615,0.0,0.55787605,0.29819041
4909,1702.4398,0.0,1093.3344,89.42436,0.015751854,0.0,0.55498445,0.29818845
4910,1322.2441,0.0,894.6957,89.424416,0.01626142,0.0,0.6034198,0.2981869
4911,1909.5107,0.0,943.75806,89.42449,0.013882092,0.0,0.5479339,0.29818562
4912,2062.1575,0.0,1018.7887,89.42451,0.016172362,0.0,0.5463898,0.29818454
4913,1743.7925,0.0,1051.5349,89.424515,0.016640505,0.0,0.5332417,0.29818356
4914,1485.5294,0.0,970.50793,89.42452,0.013819127,0.0,0.5960597,0.29818177
4915,1538.8876,0.0,1006.99725,89.4245,0.0140626505,0.0,0.5495206,0.29818007
4916,1448.2328,0.0,1129.4507,89.42449,0.014624663,0.0,0.55985856,0.29817852
4917,1893.2328,0.0,899.6157,89.42446,0.017456286,0.0,0.52589226,0.29817703
4918,1296.3748,0.0,1029.1531,89.424446,0.016569166,0.0,0.53772545,0.2981757
4919,2118.9336,0.0,1314.835,89.4244,0.015817828,0.0,0.5443029,0.2981744
4920,1035.5917,0.0,1447.7445,89.42442,0.017119482,0.0,0.55072856,0.298173
4921,1649.4347,0.0,958.57556,89.42442,0.018077051,0.0,0.58748955,0.29816607
4922,1665.6287,0.0,1266.0686,89.424385,0.0155081805,0.0,0.5814322,0.2981598
4923,1562.7352,0.0,1254.5732,89.42439,0.016051577,0.0,0.5444968,0.29815906
4924,1950.4573,0.0,1027.8961,89.42439,0.018099016,0.0,0.5184466,0.29815832
4925,1628.6393,0.0,1260.2043,89.42442,0.014400728,0.0,0.6009783,0.298159
4926,1591.8035,0.0,726.194,89.42448,0.017393,0.0,0.58273053,0.29815954
4927,1868.9911,0.0,1400.0438,89.4245,0.016871516,0.0,0.57228523,0.29816002
4928,1763.1232,0.0,1223.7375,89.424484,0.016004225,0.0,0.5049746,0.29816034
4929,1579.4089,0.0,1466.9314,89.42445,0.017417625,0.0,0.58865744,0.2981606
4930,1448.7323,0.0,1004.55054,89.424446,0.015732352,0.0,0.58170646,0.29816076
4931,1844.6974,0.0,1092.5732,89.42445,0.013635686,0.0,0.6243932,0.2981608
4932,1798.2762,0.0,1301.6471,89.42444,0.015781917,0.0,0.5766813,0.29816073
4933,1624.8619,0.0,1208.3594,89.424446,0.014652844,0.0,0.6258668,0.2981606
4934,1708.8973,0.0,1241.1671,89.42448,0.015186164,0.0,0.57442987,0.2981604
4935,1800.6266,0.0,1172.1636,89.42448,0.017769597,0.0,0.54929256,0.2981601
4936,1536.6802,0.0,1138.7222,89.42455,0.016561568,0.0,0.56271756,0.2981593
4937,2028.5315,0.0,993.73883,89.42464,0.014393996,0.0,0.5528444,0.29815862
4938,2247.0369,0.0,1864.0822,89.42477,0.0170709,0.0,0.58044875,0.29815727
4939,1921.0623,0.0,994.2507,89.4249,0.014629444,0.0,0.55700946,0.29815596
4940,1598.8789,0.0,1474.4791,89.42504,0.015651062,0.0,0.50738335,0.29815468
4941,1863.9573,0.0,1487.5873,89.4251,0.01665045,0.0,0.55533046,0.29815328
4942,1544.6055,0.0,1123.251,89.42517,0.012958765,0.0,0.5417577,0.29815194
4943,1600.1356,0.0,1290.3323,89.42533,0.014909305,0.0,0.5523759,0.29815066
4944,1485.8047,0.0,1409.8273,89.42546,0.017980281,0.0,0.55077523,0.29814947
4945,1720.1218,0.0,963.5382,89.42553,0.017152194,0.0,0.5993507,0.29814833
4946,1345.9609,0.0,957.083,89.425575,0.012574624,0.0,0.5356495,0.29814726
4947,1843.7252,0.0,990.2568,89.42565,0.01418415,0.0,0.58993644,0.29814622
4948,1650.1287,0.0,1148.2277,89.425804,0.018506162,0.0,0.53801465,0.2981453
4949,1920.4347,0.0,1075.5558,89.42587,0.013598665,0.0,0.5589646,0.29814437
4950,1494.6698,0.0,1098.8103,89.4259,0.016327169,0.0,0.5412383,0.29814342
4951,1387.2468,0.0,1193.5177,89.42592,0.018145565,0.0,0.5827353,0.29814246
4952,1913.6206,0.0,1317.6008,89.42596,0.014289374,0.0,0.5572635,0.29814148
4953,1227.014,0.0,1073.2316,89.42597,0.013250651,0.0,0.53674936,0.2981406
4954,1922.1252,0.0,1282.0846,89.42599,0.016095133,0.0,0.52263486,0.2981396
4955,1680.7543,0.0,824.2434,89.42606,0.017983325,0.0,0.5901034,0.29814258
4956,1782.1193,0.0,1074.9851,89.42614,0.01672221,0.0,0.6076274,0.29814523
4957,2089.6418,0.0,1150.562,89.42616,0.0143911345,0.0,0.5780562,0.29814455
4958,1940.9198,0.0,1076.2169,89.42626,0.017996885,0.0,0.55094033,0.2981439
4959,1315.1827,0.0,1326.7782,89.426315,0.012822092,0.0,0.56309116,0.2981432
4960,1948.3198,0.0,1371.095,89.426346,0.019650077,0.0,0.563974,0.29814264
4961,1571.5338,0.0,1096.6207,89.42636,0.015342524,0.0,0.59132415,0.298142
4962,1879.4221,0.0,1144.1549,89.42639,0.014081575,0.0,0.5836787,0.2981413
4963,1814.7867,0.0,975.31793,89.42643,0.0125818215,0.0,0.5442807,0.29814065
4964,1251.3945,0.0,1128.2029,89.42644,0.019346565,0.0,0.54320693,0.2981399
4965,1788.1265,0.0,1199.673,89.4265,0.013456836,0.0,0.59164137,0.29813924
4966,2514.0557,0.0,1118.296,89.426445,0.012967454,0.0,0.5474121,0.2981382
4967,2036.1057,0.0,1149.7859,89.426384,0.016152427,0.0,0.59386367,0.2981372
4968,1994.6453,0.0,1086.6448,89.426315,0.02012984,0.0,0.55709106,0.29813617
4969,2068.8967,0.0,1123.6202,89.4262,0.016108744,0.0,0.58002794,0.29813522
4970,1872.2688,0.0,961.84283,89.426094,0.017826421,0.0,0.6051879,0.29813424
4971,1904.7047,0.0,1666.7523,89.426025,0.015530053,0.0,0.537127,0.2981332
4972,1717.4069,0.0,1295.451,89.425995,0.015652802,0.0,0.5959308,0.2981322
4973,1871.6099,0.0,1252.2787,89.426025,0.015343255,0.0,0.56268287,0.29813123
4974,1940.3969,0.0,1225.9974,89.42608,0.014504752,0.0,0.5458239,0.29813018
4975,1794.9008,0.0,1021.7036,89.42616,0.016202403,0.0,0.5300445,0.2981292
4976,2148.9336,0.0,893.9891,89.42626,0.017468741,0.0,0.58909297,0.29812822
4977,1379.7854,0.0,833.63324,89.42638,0.015291921,0.0,0.56248426,0.2981272
4978,2498.4368,0.0,1472.3774,89.426445,0.015049587,0.0,0.57293916,0.29813203
4979,1671.0502,0.0,813.84937,89.4265,0.015961152,0.0,0.56959045,0.29813626
4980,2127.2273,0.0,1198.38,89.42659,0.018596038,0.0,0.54274696,0.29814002
4981,2186.8828,0.0,1082.4783,89.426674,0.017132059,0.0,0.56830025,0.29814333
4982,1821.4325,0.0,1019.7577,89.42679,0.014477316,0.0,0.550113,0.29814613
4983,1770.0194,0.0,1227.343,89.42685,0.015403798,0.0,0.5520423,0.2981486
4984,1915.0857,0.0,1265.6128,89.42691,0.015622154,0.0,0.5171413,0.29815072
4985,1448.9432,0.0,1010.9517,89.42696,0.015326928,0.0,0.60345155,0.29815257
4986,1412.2019,0.0,1185.2277,89.427025,0.015270904,0.0,0.54221094,0.2981541
4987,1889.4799,0.0,1198.4108,89.42707,0.018333543,0.0,0.6088716,0.29815534
4988,2267.1682,0.0,1253.5514,89.42706,0.016861282,0.0,0.59461725,0.29815638
4989,1703.7604,0.0,1182.8793,89.42709,0.018531268,0.0,0.53665483,0.29815772
4990,2035.6342,0.0,887.45135,89.4271,0.012927821,0.0,0.58830756,0.2981589
4991,2042.7119,0.0,1101.2573,89.42714,0.017765705,0.0,0.59683824,0.2981598
4992,1716.6921,0.0,1127.0062,89.42715,0.0152283665,0.0,0.5760607,0.29816058
4993,2133.608,0.0,1025.9019,89.42718,0.017873716,0.0,0.5604373,0.29816118
4994,1656.4828,0.0,1324.2129,89.42717,0.018275391,0.0,0.55174017,0.29816154
4995,1696.5968,0.0,949.4474,89.42714,0.017034685,0.0,0.5882844,0.2981618
4996,1728.4911,0.0,1321.2921,89.427086,0.016170124,0.0,0.5671288,0.29816192
4997,2027.8245,0.0,1356.551,89.4271,0.017784126,0.0,0.59866816,0.29816192
4998,1663.2546,0.0,1188.2958,89.42709,0.020898692,0.0,0.5397288,0.2981618
4999,1439.8008,0.0,1061.014,89.4271,0.013716168,0.0,0.554252,0.2981616
5000,1977.3969,0.0,1046.0977,89.42716,0.018502768,0.0,0.5697042,0.29816136
5001,1376.6188,0.0,1122.2742,89.42721,0.014367318,0.0,0.5406742,0.2981638
5002,2268.1926,0.0,1249.3364,89.427246,0.01256297,0.0,0.5822605,0.2981651
5003,2285.2744,0.0,1236.9471,89.42727,0.017876616,0.0,0.5703462,0.29816648
5004,1779.9244,0.0,1301.848,89.427284,0.014870068,0.0,0.58542943,0.2981686
5005,2067.3164,0.0,876.4021,89.42736,0.016796721,0.0,0.59182274,0.29817083
5006,1922.3075,0.0,1174.4062,89.42744,0.019696992,0.0,0.57649624,0.29817188
5007,1799.7589,0.0,1172.0957,89.42753,0.018232051,0.0,0.5986017,0.29817295
5008,2724.9307,0.0,1275.3737,89.42764,0.016289508,0.0,0.5250683,0.2981741
5009,1807.2745,0.0,940.86725,89.42771,0.018225059,0.0,0.5792481,0.29817152
5010,2138.7166,0.0,866.0706,89.4278,0.015386599,0.0,0.5681385,0.29816934
5011,1546.3,0.0,1275.6119,89.42791,0.016729802,0.0,0.5557338,0.29816747
5012,2154.2153,0.0,1084.3351,89.42799,0.017583463,0.0,0.60234106,0.2981658
5013,1640.0564,0.0,1101.9578,89.42808,0.015023125,0.0,0.54836774,0.29816428
5014,1641.0693,0.0,1144.8418,89.428154,0.019297754,0.0,0.6114223,0.29816288
5015,1629.587,0.0,1191.16,89.42822,0.014117088,0.0,0.56256497,0.29816154
5016,1486.8953,0.0,836.7418,89.4283,0.013573635,0.0,0.5523921,0.29816037
5017,2102.958,0.0,1086.5575,89.42838,0.017150689,0.0,0.62205315,0.29815915
5018,2223.136,0.0,1099.875,89.42849,0.017996024,0.0,0.5381086,0.29815802
5019,1437.1089,0.0,1187.0211,89.42863,0.016953357,0.0,0.5566148,0.29816437
5020,1505.9559,0.0,1011.2397,89.42878,0.017129945,0.0,0.56879944,0.2981719
5021,1666.0273,0.0,808.33997,89.42893,0.016085707,0.0,0.5791727,0.29817933
5022,2088.0261,0.0,1224.116,89.42907,0.016115999,0.0,0.6091879,0.29818642
5023,2081.6414,0.0,1368.5593,89.42924,0.015531293,0.0,0.58492196,0.2981932
5024,2089.3838,0.0,905.4814,89.429344,0.015960906,0.0,0.5766558,0.29819953
5025,1712.4052,0.0,847.4751,89.42947,0.017737998,0.0,0.5573957,0.29820544
5026,2312.0571,0.0,1010.22516,89.42958,0.019205488,0.0,0.5709929,0.29821086
5027,1961.7119,0.0,1367.2415,89.4297,0.019661447,0.0,0.5906453,0.2982159
5028,1544.8315,0.0,1291.1492,89.4298,0.022223063,0.0,0.5464682,0.29822043
5029,1489.0038,0.0,1070.751,89.429886,0.014652863,0.0,0.5694495,0.2982246
5030,1807.4769,0.0,1110.7773,89.42994,0.016495975,0.0,0.56128204,0.2982315
5031,1775.4159,0.0,1402.6978,89.43001,0.018491553,0.0,0.57512414,0.29823858
5032,1875.9447,0.0,1041.756,89.43004,0.02148129,0.0,0.59084296,0.29824486
5033,2097.6658,0.0,939.4292,89.430115,0.013837533,0.0,0.5789368,0.29825056
5034,2236.2324,0.0,1068.4406,89.4302,0.018502252,0.0,0.583395,0.29826993
5035,2180.899,0.0,1522.046,89.43029,0.0153289735,0.0,0.5919571,0.29828736
5036,1942.3646,0.0,1251.4152,89.43039,0.015492126,0.0,0.55774593,0.29830313
5037,1730.5421,0.0,1203.5743,89.43047,0.016456883,0.0,0.53882015,0.29831722
5038,2401.8535,0.0,969.5841,89.430626,0.015810326,0.0,0.5879376,0.29832992
5039,2172.9438,0.0,934.8474,89.43073,0.01844757,0.0,0.5980479,0.29834175
5040,1665.7357,0.0,1197.9401,89.43079,0.0150434775,0.0,0.5920259,0.29835233
5041,2620.1648,0.0,1187.5145,89.43088,0.01635814,0.0,0.5774647,0.2983618
5042,1616.5687,0.0,1235.3374,89.430916,0.018983364,0.0,0.54507506,0.29837027
5043,1447.9784,0.0,1304.2902,89.43098,0.019966356,0.0,0.53832173,0.29837787
5044,2290.9163,0.0,1395.6005,89.43102,0.017971914,0.0,0.58706677,0.29838455
5045,1851.9075,0.0,1191.1099,89.43109,0.016442068,0.0,0.5516259,0.29839054
5046,1926.3252,0.0,760.38983,89.43117,0.019619867,0.0,0.5523165,0.29839578
5047,1839.9567,0.0,957.9134,89.43125,0.015457442,0.0,0.59908545,0.29840046
5048,2060.351,0.0,983.0516,89.43136,0.019500064,0.0,0.5452944,0.2984046
5049,1802.5168,0.0,994.2887,89.43142,0.013888567,0.0,0.49971342,0.2984082
5050,2093.5864,0.0,1092.145,89.431465,0.01367984,0.0,0.550568,0.2984114
5051,2639.9883,0.0,933.2455,89.43152,0.018250147,0.0,0.5813377,0.29841414
5052,1886.8885,0.0,1272.6383,89.43155,0.01682055,0.0,0.6080548,0.29841653
5053,1781.413,0.0,1038.9429,89.431595,0.016806921,0.0,0.540252,0.29841864
5054,1636.5813,0.0,938.62445,89.43161,0.01661599,0.0,0.54626966,0.29842043
5055,1745.3135,0.0,1141.7958,89.43164,0.016267743,0.0,0.5494056,0.29842186
5056,2052.8916,0.0,2107.1497,89.43166,0.016333971,0.0,0.5752264,0.29842317
5057,2163.0142,0.0,1244.5326,89.43168,0.015514302,0.0,0.54722524,0.29842415
5058,1586.6444,0.0,1132.6698,89.431725,0.017580561,0.0,0.53771037,0.29842502
5059,1467.0074,0.0,942.9377,89.431725,0.017390702,0.0,0.5752691,0.29842567
5060,1972.395,0.0,1167.352,89.431725,0.017449077,0.0,0.60430723,0.29842615
5061,1902.4901,0.0,1292.6852,89.43174,0.01517993,0.0,0.5575303,0.29842636
5062,1870.0121,0.0,1010.4582,89.43174,0.018702554,0.0,0.56963193,0.29842645
5063,1639.6216,0.0,982.0193,89.43179,0.017429575,0.0,0.56158304,0.29842642
5064,2774.1177,0.0,1285.2606,89.431816,0.015740205,0.0,0.6055231,0.29842624
5065,2051.1975,0.0,1097.7074,89.43181,0.016437516,0.0,0.58621234,0.2984261
5066,1748.3729,0.0,966.85596,89.43179,0.011834371,0.0,0.5913692,0.29842576
5067,2269.6167,0.0,1322.7981,89.43175,0.017267086,0.0,0.4969976,0.29842377
5068,1786.4323,0.0,1081.3214,89.431656,0.017157014,0.0,0.5520134,0.29842192
5069,2143.0693,0.0,897.4358,89.43152,0.019770723,0.0,0.5567844,0.29841417
5070,1993.7323,0.0,1313.4463,89.43139,0.016776288,0.0,0.60901666,0.2984148
5071,1535.4241,0.0,1111.3729,89.431244,0.014829229,0.0,0.5652875,0.2984156
5072,1680.532,0.0,933.7155,89.43115,0.016268343,0.0,0.54941034,0.2984165
5073,1981.6381,0.0,1016.73114,89.4311,0.016989823,0.0,0.6036093,0.29841742
5074,1284.6404,0.0,1004.572,89.43104,0.014776362,0.0,0.5765729,0.2984183
5075,2166.1375,0.0,1068.1698,89.43102,0.016122246,0.0,0.5525787,0.29841918
5076,1847.3203,0.0,911.8559,89.43103,0.013235055,0.0,0.5587338,0.29841998
5077,1852.8943,0.0,1313.9694,89.43107,0.016411057,0.0,0.52115494,0.2984207
5078,1748.7533,0.0,1244.3152,89.43107,0.015180213,0.0,0.5629964,0.29842135
5079,2320.7136,0.0,1150.0701,89.43108,0.015763596,0.0,0.59244555,0.29842186
5080,1763.2976,0.0,906.5173,89.4311,0.018061366,0.0,0.5542637,0.2984223
5081,1819.0433,0.0,1214.6757,89.43111,0.017350957,0.0,0.5496015,0.29842266
5082,2017.0317,0.0,935.0955,89.431114,0.01483731,0.0,0.55990285,0.29842293
5083,1814.9957,0.0,1440.2336,89.431114,0.015377781,0.0,0.59417045,0.2984231
5084,2683.9016,0.0,1140.8181,89.431145,0.017486842,0.0,0.55922633,0.2984232
5085,2091.5803,0.0,931.76337,89.43116,0.01526615,0.0,0.54443616,0.29842314
5086,1641.4069,0.0,1000.58905,89.43118,0.015408693,0.0,0.59517044,0.29842305
5087,1647.719,0.0,1099.0352,89.43116,0.01585719,0.0,0.5521678,0.29842293
5088,1805.1378,0.0,901.1682,89.43115,0.015577461,0.0,0.5565376,0.2984227
5089,1755.5387,0.0,2072.3037,89.43113,0.015659302,0.0,0.6179644,0.29842237
5090,2916.3135,0.0,1544.6044,89.43107,0.015698088,0.0,0.57055545,0.29842207
5091,2645.7817,0.0,1360.7269,89.43103,0.014366135,0.0,0.5612318,0.29842165
5092,1761.1133,0.0,934.8486,89.43098,0.015303622,0.0,0.5664909,0.29842117
5093,2668.7632,0.0,1141.5281,89.430885,0.015468841,0.0,0.5588769,0.2984207
5094,1842.5255,0.0,1466.9849,89.4308,0.01494478,0.0,0.5921487,0.29842016
5095,1636.6443,0.0,1011.7953,89.43079,0.015162587,0.0,0.578654,0.29841962
5096,2643.1104,0.0,1115.4031,89.430756,0.017025826,0.0,0.5962534,0.29841897
5097,2505.1636,0.0,1186.2114,89.430695,0.014733791,0.0,0.57955515,0.2984183
5098,1868.1117,0.0,910.71765,89.43065,0.014159903,0.0,0.6163994,0.29841617
5099,1914.7974,0.0,974.301,89.43058,0.016088001,0.0,0.565276,0.29841414
5100,1617.2872,0.0,1078.4644,89.4305,0.01651697,0.0,0.57014835,0.2984095
5101,1375.6163,0.0,1098.5184,89.43047,0.014017213,0.0,0.5727037,0.29840535
5102,1945.5951,0.0,1349.9298,89.43046,0.012860572,0.0,0.5803059,0.2983994
5103,1619.762,0.0,1211.6257,89.4305,0.015681935,0.0,0.5892656,0.29839435
5104,1658.6534,0.0,1075.1602,89.430565,0.016202364,0.0,0.55249345,0.29839
5105,1858.2075,0.0,1507.6129,89.43065,0.01567403,0.0,0.57499826,0.2983863
5106,1714.7203,0.0,1238.0464,89.43073,0.014766198,0.0,0.5242048,0.29838306
5107,2165.6536,0.0,954.4095,89.43083,0.015530742,0.0,0.558172,0.29838023
5108,2207.5234,0.0,1418.3098,89.430916,0.014721125,0.0,0.5552264,0.2983748
5109,1706.1554,0.0,1121.5837,89.431,0.0180629,0.0,0.556341,0.29837003
5110,1468.6854,0.0,1395.7495,89.43113,0.017116511,0.0,0.5742372,0.29836568
5111,1955.8741,0.0,1281.0957,89.43126,0.017221285,0.0,0.5564203,0.29836175
5112,1427.5308,0.0,1255.958,89.43139,0.016910762,0.0,0.5907632,0.29835817
5113,1526.0223,0.0,1228.8844,89.43152,0.013206139,0.0,0.52219987,0.29835495
5114,2338.4644,0.0,1360.9034,89.43166,0.019752003,0.0,0.56669545,0.298352
5115,1511.8682,0.0,1291.9193,89.43182,0.01622033,0.0,0.5766932,0.29834926
5116,2206.4905,0.0,1268.552,89.431984,0.015362075,0.0,0.606871,0.29834676
5117,2251.0198,0.0,1761.115,89.43209,0.01568547,0.0,0.61818606,0.29834443
5118,1865.755,0.0,1184.4427,89.43217,0.018324807,0.0,0.5516186,0.29834217
5119,2337.2375,0.0,979.4414,89.43221,0.018146044,0.0,0.52527064,0.29834017
5120,1604.3212,0.0,1144.6185,89.43223,0.0187971,0.0,0.55579555,0.29833826
5121,1844.4193,0.0,1141.3129,89.43227,0.018380433,0.0,0.588871,0.29833642
5122,1783.0538,0.0,932.7137,89.43227,0.017220039,0.0,0.5723758,0.29833475
5123,2295.5247,0.0,1384.6125,89.432335,0.014066726,0.0,0.5326905,0.2983331
5124,2200.5251,0.0,1012.68774,89.43243,0.01748902,0.0,0.59313136,0.29833156
5125,1402.0361,0.0,1059.8635,89.432556,0.017709687,0.0,0.5446987,0.29833007
5126,1955.8745,0.0,1089.1666,89.43265,0.016805556,0.0,0.5574186,0.2983286
5127,1613.1096,0.0,1288.4972,89.43272,0.013090445,0.0,0.56387776,0.29832724
5128,1671.7312,0.0,1394.4464,89.43281,0.012226701,0.0,0.5439881,0.2983259
5129,1789.3146,0.0,1083.8849,89.43282,0.016126037,0.0,0.5455916,0.29832467
5130,1676.7969,0.0,983.48956,89.43284,0.0129974745,0.0,0.53069365,0.29831344
5131,1541.7667,0.0,1201.3049,89.43286,0.017652243,0.0,0.59353167,0.2983036
5132,1931.7734,0.0,1440.0682,89.43288,0.014472403,0.0,0.57726777,0.29829493
5133,1625.9851,0.0,897.35834,89.43283,0.01749382,0.0,0.546081,0.29828718
5134,2884.432,0.0,1387.7885,89.432816,0.01684115,0.0,0.60929334,0.29828036
5135,1933.7969,0.0,1109.1515,89.4328,0.020657703,0.0,0.5850539,0.29827428
5136,2201.0469,0.0,1414.1372,89.432816,0.013913175,0.0,0.5582241,0.29826877
5137,1980.3364,0.0,918.47864,89.432755,0.018432423,0.0,0.56251127,0.29826382
5138,1347.3353,0.0,808.48303,89.4327,0.014614144,0.0,0.6169431,0.29825935
5139,2108.054,0.0,1134.3636,89.432655,0.015230125,0.0,0.526222,0.2982553
5140,1936.8313,0.0,1122.7966,89.432594,0.015420667,0.0,0.57071066,0.29825175
5141,2203.5652,0.0,1197.073,89.432556,0.017947484,0.0,0.56076306,0.29824847
5142,1388.1693,0.0,1062.5435,89.432526,0.016950196,0.0,0.5798419,0.2982455
5143,1703.5077,0.0,1217.3672,89.43255,0.014042802,0.0,0.5981629,0.29824275
5144,1404.6108,0.0,1009.3702,89.43261,0.017803937,0.0,0.5583353,0.29824024
5145,1895.0403,0.0,1185.049,89.4327,0.01446506,0.0,0.5587957,0.2982379
5146,1699.4535,0.0,1019.591,89.432816,0.016070677,0.0,0.5602412,0.2982357
5147,1570.4473,0.0,1151.1398,89.432945,0.015131339,0.0,0.59257144,0.29823008
5148,1793.9391,0.0,1283.574,89.43309,0.015102996,0.0,0.5614233,0.29822537
5149,1675.1666,0.0,1000.09503,89.43319,0.014945747,0.0,0.5737858,0.2982211
5150,1742.897,0.0,1143.8663,89.433266,0.014733489,0.0,0.5616979,0.2982172
5151,2166.0225,0.0,1092.8833,89.43333,0.02139207,0.0,0.58528197,0.29821366
5152,1582.2054,0.0,1287.9279,89.43336,0.01349654,0.0,0.59724414,0.2982129
5153,1715.6067,0.0,1184.5242,89.43337,0.0160838,0.0,0.5969938,0.29821122
5154,1838.761,0.0,1216.4492,89.43344,0.011639161,0.0,0.56017864,0.29820973
5155,1639.0802,0.0,1106.6022,89.43361,0.015698127,0.0,0.6002684,0.2982083
5156,2168.15,0.0,1186.2579,89.43375,0.01525989,0.0,0.5724807,0.29820693
5157,2088.3176,0.0,1138.764,89.43384,0.018628232,0.0,0.5975044,0.29820567
5158,1357.9954,0.0,1087.5447,89.4339,0.014718766,0.0,0.55523634,0.29820454
5159,1787.8716,0.0,1304.2677,89.434,0.020537864,0.0,0.55923146,0.29820338
5160,1606.5529,0.0,1424.771,89.43404,0.014789451,0.0,0.55575013,0.29820234
5161,2363.4463,0.0,1179.295,89.43403,0.018848933,0.0,0.5761638,0.29820126
5162,1819.5132,0.0,919.43256,89.43403,0.01842248,0.0,0.5937185,0.2982002
5163,1695.4274,0.0,1238.4021,89.43399,0.0135893775,0.0,0.59292483,0.29819915
5164,1983.0011,0.0,1109.7322,89.43391,0.01871062,0.0,0.6294938,0.2981982
5165,1974.8594,0.0,1173.3563,89.433846,0.018233327,0.0,0.57648027,0.29819727
5166,1257.9958,0.0,1350.184,89.43376,0.01463788,0.0,0.5469871,0.29819635
5167,1744.8119,0.0,1279.1326,89.43375,0.013258865,0.0,0.5757608,0.2981954
5168,2150.2368,0.0,942.11633,89.433754,0.017279595,0.0,0.58029664,0.29819444
5169,2132.0864,0.0,1030.276,89.43378,0.016921703,0.0,0.5509081,0.2981935
5170,2006.8247,0.0,1147.0518,89.43383,0.014442561,0.0,0.5694589,0.2981926
5171,1737.8156,0.0,1168.7255,89.43393,0.017961023,0.0,0.5719131,0.2981917
5172,1990.6763,0.0,1182.0414,89.43401,0.01709202,0.0,0.56580436,0.29819074
5173,1553.5415,0.0,1451.6387,89.43405,0.017619379,0.0,0.58222365,0.29818982
5174,1937.9968,0.0,1562.1539,89.434105,0.01485887,0.0,0.6339818,0.2981889
5175,2135.4082,0.0,1006.0358,89.43419,0.018005094,0.0,0.53753424,0.29818812
5176,2308.193,0.0,1049.5387,89.43428,0.013717409,0.0,0.5913911,0.29818732
5177,1571.218,0.0,1553.0265,89.43434,0.016916938,0.0,0.6092254,0.2981864
5178,2334.6685,0.0,1283.1323,89.434395,0.011641174,0.0,0.57799506,0.29818562
5179,1718.6608,0.0,1149.6053,89.434425,0.014531605,0.0,0.58070606,0.2981847
5180,1430.2246,0.0,1209.9773,89.434425,0.018174455,0.0,0.6258335,0.2981839
5181,1211.8107,0.0,1261.9668,89.434425,0.014149999,0.0,0.55137885,0.29818302
5182,1556.4054,0.0,1152.3466,89.434425,0.016723584,0.0,0.5533893,0.29818216
5183,1893.237,0.0,1177.0829,89.43441,0.014991279,0.0,0.5625698,0.2981813
5184,1498.1266,0.0,1403.7842,89.434425,0.013377212,0.0,0.5512237,0.2981804
5185,1422.5942,0.0,1188.5365,89.43441,0.015846536,0.0,0.5734632,0.29817954
5186,1625.1947,0.0,909.50745,89.43439,0.015931465,0.0,0.5493249,0.29818472
5187,1692.5569,0.0,1052.8765,89.43439,0.0154114645,0.0,0.5574784,0.29818934
5188,1859.5709,0.0,1258.9663,89.43444,0.01990801,0.0,0.6084746,0.2981949
5189,1822.6506,0.0,1169.9956,89.43451,0.014871176,0.0,0.56962883,0.2981998
5190,2088.676,0.0,908.62585,89.4346,0.0153718395,0.0,0.51159227,0.2982041
5191,1619.2019,0.0,894.95056,89.43468,0.015452385,0.0,0.59870994,0.29820794
5192,1750.9246,0.0,1040.0011,89.43478,0.016192183,0.0,0.60647804,0.29821128
5193,1699.8073,0.0,789.9064,89.434875,0.0139284115,0.0,0.5127421,0.2982143
5194,1890.1469,0.0,1067.6165,89.435,0.013362048,0.0,0.5806104,0.29821685
5195,2087.9402,0.0,1100.6024,89.43514,0.018511383,0.0,0.58754885,0.29821905
5196,1446.3364,0.0,1117.4987,89.43532,0.019332811,0.0,0.5485811,0.29822102
5197,1929.9171,0.0,940.1051,89.43543,0.015973298,0.0,0.60657513,0.29823488
5198,1628.2008,0.0,1206.5323,89.4355,0.013164314,0.0,0.5437831,0.29824746
5199,1728.5088,0.0,992.36993,89.435585,0.014781369,0.0,0.5848342,0.29825884
5200,2161.9873,0.0,1455.861,89.43566,0.01304971,0.0,0.5844722,0.298269
5201,2475.6584,0.0,1019.1945,89.43574,0.013047024,0.0,0.5999192,0.2982782
5202,1853.6007,0.0,840.5379,89.435814,0.015303682,0.0,0.502122,0.29828644
5203,2141.6443,0.0,930.9457,89.43593,0.016860094,0.0,0.5838479,0.29829383
5204,2364.0813,0.0,1001.8853,89.43606,0.016905716,0.0,0.53254724,0.29830047
5205,2013.0284,0.0,1299.9789,89.43618,0.017347204,0.0,0.58239615,0.29830632
5206,1506.3778,0.0,1323.6161,89.436325,0.017527226,0.0,0.58178455,0.29831156
5207,1790.9017,0.0,1342.4924,89.43648,0.018103592,0.0,0.5978619,0.29831627
5208,1445.0188,0.0,1118.5988,89.436584,0.01857925,0.0,0.57408667,0.2983204
5209,2558.7512,0.0,1033.9156,89.43665,0.015947245,0.0,0.5794487,0.29832405
5210,1694.4629,0.0,1614.5167,89.43672,0.014229594,0.0,0.5387223,0.2983264
5211,2457.147,0.0,1567.5857,89.436844,0.017677533,0.0,0.5777845,0.29832852
5212,1369.4463,0.0,1555.9927,89.436935,0.016972015,0.0,0.5681623,0.29833037
5213,1862.5714,0.0,1049.0164,89.43705,0.018472124,0.0,0.5263599,0.29833212
5214,1808.4933,0.0,1303.9442,89.437164,0.01712871,0.0,0.5645787,0.29833362
5215,1803.5842,0.0,965.76447,89.4373,0.014839785,0.0,0.5984742,0.2983335
5216,1801.3607,0.0,1566.8346,89.43744,0.017513141,0.0,0.5962051,0.29833335
5217,1576.544,0.0,1404.361,89.43759,0.016316915,0.0,0.5976909,0.2983333
5218,1591.5945,0.0,1053.4945,89.43771,0.015753672,0.0,0.52545446,0.29833317
5219,2463.4683,0.0,1089.3475,89.43781,0.012701077,0.0,0.5279891,0.29833302
5220,1022.6536,0.0,1569.4651,89.437935,0.019797772,0.0,0.5254228,0.29833284
5221,2019.3741,0.0,993.4996,89.43807,0.01663939,0.0,0.5881599,0.29833266
5222,1589.9052,0.0,1300.4437,89.438225,0.013486451,0.0,0.5364438,0.29833242
5223,1827.1409,0.0,775.7305,89.43837,0.01687295,0.0,0.5866302,0.29833212
5224,1534.697,0.0,1132.8698,89.43849,0.014534229,0.0,0.563668,0.29833183
5225,2130.7473,0.0,1294.985,89.4386,0.019271722,0.0,0.58712006,0.29833147
5226,2100.5295,0.0,1115.0653,89.4387,0.015213858,0.0,0.5931172,0.29833105
5227,1308.8333,0.0,1487.1265,89.43879,0.01933276,0.0,0.55319214,0.2983306
5228,1356.7776,0.0,942.91864,89.438866,0.01644612,0.0,0.5591404,0.29833013
5229,1906.7523,0.0,1057.8237,89.43896,0.017165676,0.0,0.5461306,0.29832962
5230,1772.0157,0.0,1009.7986,89.439026,0.016682405,0.0,0.56034875,0.29832903
5231,1891.3392,0.0,1321.4419,89.439095,0.019157737,0.0,0.5800724,0.29832843
5232,1204.3708,0.0,810.9901,89.43914,0.015457171,0.0,0.54835624,0.29832786
5233,2057.6677,0.0,1239.1322,89.43915,0.012041292,0.0,0.56073,0.2983272
5234,2029.218,0.0,894.81854,89.43922,0.016170219,0.0,0.5282244,0.2983261
5235,2392.5881,0.0,898.09656,89.43928,0.016155504,0.0,0.58670646,0.298325
5236,1944.6089,0.0,1426.4753,89.43931,0.014584234,0.0,0.6077071,0.29832396
5237,1696.0825,0.0,964.95404,89.43933,0.01697838,0.0,0.5799491,0.29832286
5238,2054.4338,0.0,905.469,89.4394,0.01594672,0.0,0.5629362,0.29832184
5239,2050.7927,0.0,1009.315,89.43945,0.0162984,0.0,0.6093796,0.2983208
5240,2145.4949,0.0,1102.4836,89.4395,0.015719652,0.0,0.5601665,0.2983198
5241,1463.4229,0.0,1181.0294,89.4395,0.014769599,0.0,0.5723989,0.29831883
5242,2063.1753,0.0,1666.0609,89.43959,0.019152315,0.0,0.59271646,0.29831782
5243,1922.762,0.0,1024.6117,89.43963,0.017228063,0.0,0.5417583,0.29831684
5244,2141.0032,0.0,1136.3413,89.43962,0.017025586,0.0,0.5715434,0.29831585
5245,1896.2368,0.0,1341.5302,89.43968,0.014224291,0.0,0.5782246,0.29831493
5246,1825.6086,0.0,1135.5781,89.43978,0.015263177,0.0,0.52511173,0.29831398
5247,1145.9579,0.0,1099.6709,89.439865,0.012885302,0.0,0.57796776,0.298313
5248,2441.5432,0.0,1381.9772,89.439995,0.016250554,0.0,0.58557063,0.29832667
5249,2348.2034,0.0,1029.9752,89.44009,0.018242784,0.0,0.5413864,0.29833916
5250,1922.2816,0.0,1191.5284,89.44019,0.017970294,0.0,0.51643866,0.2983495
5251,1523.1841,0.0,1233.985,89.44025,0.014898175,0.0,0.5241552,0.2983589
5252,1596.7363,0.0,1236.0546,89.44034,0.015866436,0.0,0.5581808,0.29836738
5253,1715.8756,0.0,1555.7638,89.44044,0.017498871,0.0,0.5872014,0.29837504
5254,1751.8727,0.0,845.9259,89.440506,0.013393061,0.0,0.5787014,0.2983819
5255,1637.087,0.0,1223.5206,89.44058,0.012419383,0.0,0.57892823,0.29838806
5256,1848.6293,0.0,1215.413,89.44068,0.015383899,0.0,0.5780549,0.29839358
5257,1559.0911,0.0,1061.5891,89.44077,0.017643627,0.0,0.56074286,0.29839855
5258,2460.5068,0.0,1027.9211,89.44085,0.016798375,0.0,0.5573553,0.29840225
5259,1591.4501,0.0,855.4722,89.44092,0.017601352,0.0,0.58067995,0.2984055
5260,2274.721,0.0,1256.5984,89.441,0.017806754,0.0,0.5928475,0.2984084
5261,2010.574,0.0,1261.391,89.44106,0.015092388,0.0,0.5272441,0.29841092
5262,1580.5938,0.0,1180.0714,89.4411,0.013675804,0.0,0.5488612,0.29841313
5263,2206.6658,0.0,1258.2054,89.44113,0.020131173,0.0,0.539667,0.29841498
5264,1884.2217,0.0,1251.0918,89.44111,0.019564053,0.0,0.54432696,0.29841658
5265,2207.0063,0.0,1327.5969,89.44111,0.016657721,0.0,0.60478497,0.29841802
5266,1924.5074,0.0,1112.5349,89.441086,0.013337712,0.0,0.55429184,0.29841918
5267,1399.2262,0.0,1316.0135,89.44107,0.0149960425,0.0,0.5922324,0.2984202
5268,1909.1191,0.0,1172.0255,89.44105,0.015361554,0.0,0.58270144,0.29842094
5269,1817.2263,0.0,1216.3103,89.44105,0.01876363,0.0,0.5538503,0.29842156
5270,2932.694,0.0,1402.5404,89.441086,0.015974272,0.0,0.6479914,0.29842204
5271,1927.7195,0.0,1149.6472,89.44109,0.018552631,0.0,0.5735912,0.29842237
5272,2223.9473,0.0,1224.6294,89.441154,0.0144921485,0.0,0.53191817,0.29842257
5273,1607.0371,0.0,1047.8268,89.441185,0.015882647,0.0,0.54598033,0.2984254
5274,1858.2997,0.0,1497.6803,89.44126,0.012339736,0.0,0.5597266,0.29842797
5275,1470.7833,0.0,934.2668,89.44141,0.01508374,0.0,0.54259485,0.2984304
5276,1802.7098,0.0,1233.5121,89.44156,0.015517747,0.0,0.52567506,0.2984326
5277,1477.1685,0.0,1202.3136,89.44159,0.0132191405,0.0,0.5894441,0.2984346
5278,2081.1548,0.0,1113.3246,89.44163,0.02073012,0.0,0.55595416,0.29843637
5279,2364.097,0.0,838.4474,89.44168,0.017735977,0.0,0.5833162,0.2984415
5280,1712.8865,0.0,888.022,89.44174,0.012714642,0.0,0.56723595,0.2984462
5281,2265.374,0.0,1095.1863,89.441826,0.018321559,0.0,0.53745544,0.29845044
5282,1906.2875,0.0,1312.1304,89.441925,0.015929827,0.0,0.5515458,0.2984542
5283,1558.7802,0.0,1025.6094,89.44201,0.014981854,0.0,0.52918017,0.2984575
5284,1405.046,0.0,911.16724,89.44213,0.0186875,0.0,0.55018806,0.2984605
5285,2074.0237,0.0,1066.827,89.44221,0.016677247,0.0,0.5267578,0.29846337
5286,1957.8544,0.0,950.8101,89.44229,0.017925164,0.0,0.5196967,0.29846156
5287,2182.5796,0.0,1021.1467,89.44237,0.015393356,0.0,0.59406805,0.2984599
5288,1773.2628,0.0,1071.2151,89.44243,0.014789785,0.0,0.5745591,0.29845846
5289,1864.0093,0.0,1447.6078,89.44249,0.017040316,0.0,0.57200587,0.29845703
5290,2128.5183,0.0,1164.5184,89.44255,0.016133917,0.0,0.6006299,0.29845563
5291,1798.6477,0.0,1435.4752,89.44263,0.013795888,0.0,0.54296666,0.29845437
5292,1940.88,0.0,1129.7328,89.442665,0.021999149,0.0,0.6048429,0.29845312
5293,1974.8175,0.0,1323.7128,89.442696,0.0142106395,0.0,0.5501262,0.29845202
5294,1981.7528,0.0,1223.6829,89.44278,0.017386978,0.0,0.5777336,0.29845083
5295,1544.118,0.0,1272.5764,89.44288,0.012501717,0.0,0.5750312,0.29844964
5296,1725.9568,0.0,1077.5302,89.443016,0.013593215,0.0,0.5525944,0.29845178
5297,1623.878,0.0,1309.7585,89.44318,0.019981634,0.0,0.5721209,0.2984536
5298,1348.8003,0.0,1173.2102,89.44324,0.015489746,0.0,0.58050185,0.29845542
5299,2001.1531,0.0,1097.1024,89.44333,0.017917175,0.0,0.55005556,0.29845694
5300,2518.175,0.0,1265.9597,89.44339,0.0138699915,0.0,0.52889466,0.2984583
5301,2660.7593,0.0,1321.7959,89.443474,0.017230064,0.0,0.52790743,0.29845947
5302,1759.4282,0.0,1730.6556,89.443504,0.02279434,0.0,0.59117746,0.2984605
5303,1658.17,0.0,971.53375,89.44356,0.017486766,0.0,0.5375966,0.29846126
5304,1905.6687,0.0,1351.9288,89.44361,0.015753914,0.0,0.5820097,0.29846194
5305,1818.924,0.0,1166.6948,89.443695,0.014793038,0.0,0.56683296,0.29846236
5306,2372.2327,0.0,1362.847,89.44373,0.015158265,0.0,0.5971741,0.29846272
5307,1730.7612,0.0,1210.5314,89.443756,0.016761526,0.0,0.62856126,0.298463
5308,1687.349,0.0,1076.8776,89.443756,0.017476432,0.0,0.555873,0.2984631
5309,1814.8065,0.0,1290.7318,89.44378,0.017530989,0.0,0.54146945,0.29846272
5310,1803.481,0.0,1103.6978,89.44383,0.016682848,0.0,0.5466007,0.29846236
5311,2021.5166,0.0,1104.9828,89.44388,0.015563106,0.0,0.55189633,0.29846475
5312,1451.2422,0.0,1229.4403,89.44394,0.014296817,0.0,0.5203353,0.29846683
5313,2130.5327,0.0,809.7756,89.44403,0.01502377,0.0,0.5713227,0.2984688
5314,1814.4412,0.0,921.6384,89.44413,0.015647894,0.0,0.5973055,0.29847044
5315,1873.2957,0.0,1317.1873,89.44417,0.01330433,0.0,0.51591414,0.29847187
5316,2112.449,0.0,1012.4777,89.444275,0.014293887,0.0,0.5776908,0.29847312
5317,1699.0127,0.0,1559.5292,89.44436,0.019457774,0.0,0.5590519,0.29847407
5318,2092.0776,0.0,1661.1163,89.44443,0.017865976,0.0,0.5709591,0.29847488
5319,1760.6215,0.0,965.65717,89.44455,0.014541882,0.0,0.6046717,0.2984755
5320,1841.8348,0.0,1188.0166,89.44465,0.015117651,0.0,0.56615174,0.29847604
5321,2212.4985,0.0,1174.6075,89.44471,0.012580978,0.0,0.54091847,0.29847637
5322,1904.6425,0.0,1000.16003,89.444824,0.015497625,0.0,0.5389774,0.2984766
5323,1811.5599,0.0,1158.0149,89.44496,0.016278636,0.0,0.56184137,0.29847673
5324,1621.019,0.0,1201.5272,89.44511,0.021566322,0.0,0.5926386,0.29847673
5325,1652.4761,0.0,1515.5135,89.44526,0.012411706,0.0,0.5546607,0.29847664
5326,2097.6384,0.0,1157.3132,89.44532,0.015535998,0.0,0.54398763,0.298476
5327,2341.4265,0.0,974.1443,89.4454,0.015791286,0.0,0.5577468,0.2984754
5328,1855.107,0.0,1349.1788,89.44542,0.014847128,0.0,0.5430247,0.29847488
5329,2286.1807,0.0,1406.4656,89.445404,0.014713282,0.0,0.55252093,0.29847434
5330,1788.2566,0.0,1114.472,89.445435,0.015700303,0.0,0.5981426,0.29847375
5331,1825.111,0.0,1107.031,89.44548,0.018016338,0.0,0.5934504,0.29847312
5332,2311.985,0.0,1243.3207,89.44549,0.016053649,0.0,0.5656347,0.29847252
5333,1460.4991,0.0,1388.6995,89.44549,0.014139644,0.0,0.55386657,0.29847187
5334,2322.1067,0.0,1246.0198,89.44563,0.016046394,0.0,0.5570186,0.29847115
5335,2187.2996,0.0,995.43024,89.44575,0.01530769,0.0,0.5993117,0.29847044
5336,1844.8273,0.0,1181.6234,89.445885,0.017876524,0.0,0.55698013,0.29846975
5337,2145.5974,0.0,1048.1101,89.44602,0.016239157,0.0,0.56042004,0.29846904
5338,1873.0703,0.0,994.95465,89.44617,0.014571629,0.0,0.5486531,0.29846826
5339,1602.2909,0.0,1150.5392,89.44628,0.018866356,0.0,0.56166404,0.2984675
5340,2058.2834,0.0,1570.6718,89.44638,0.017411258,0.0,0.5989693,0.29846668
5341,1731.6853,0.0,1203.7163,89.44646,0.017935205,0.0,0.5926354,0.29846588
5342,1763.0554,0.0,1320.6799,89.446526,0.016336523,0.0,0.5539963,0.29846504
5343,1980.5708,0.0,1255.7064,89.4466,0.016070833,0.0,0.5771805,0.29846427
5344,1646.2418,0.0,1259.6606,89.44666,0.017623443,0.0,0.565821,0.29846343
5345,1622.106,0.0,934.193,89.44677,0.014206834,0.0,0.5891335,0.29846266
5346,1808.0558,0.0,1100.988,89.44692,0.019064972,0.0,0.5571164,0.29846177
5347,1385.2844,0.0,1351.3799,89.447014,0.016113296,0.0,0.55532604,0.2984609
5348,1988.1963,0.0,883.0055,89.447136,0.015868494,0.0,0.5415593,0.29846004
5349,2354.26,0.0,970.1737,89.44726,0.018906951,0.0,0.571861,0.2984592
5350,1885.6469,0.0,1589.8182,89.44737,0.017771438,0.0,0.56996983,0.29845834
5351,2136.0562,0.0,1212.9308,89.44748,0.017988717,0.0,0.53451926,0.29845744
5352,2523.0457,0.0,1300.6609,89.447624,0.015628643,0.0,0.55633223,0.29845658
5353,2318.9946,0.0,1093.1182,89.447784,0.01585088,0.0,0.55536664,0.29845572
5354,1535.7024,0.0,1192.3851,89.4479,0.015506665,0.0,0.5363585,0.29845485
5355,1660.4418,0.0,1027.0127,89.44795,0.016821027,0.0,0.56814134,0.29845396
5356,1861.8319,0.0,1210.3219,89.44803,0.016617917,0.0,0.60364866,0.298453
5357,1487.2394,0.0,1077.3177,89.44803,0.014415529,0.0,0.55745757,0.2984521
5358,1717.6163,0.0,1002.32056,89.44805,0.01685631,0.0,0.54794145,0.2984512
5359,1750.0328,0.0,1111.6038,89.448074,0.017134733,0.0,0.5307398,0.29845804
5360,1410.9731,0.0,982.7878,89.44811,0.014685743,0.0,0.55625576,0.29846433
5361,1501.5867,0.0,1177.8116,89.44815,0.01872389,0.0,0.55918586,0.29847008
5362,1480.324,0.0,1341.3207,89.44821,0.014454586,0.0,0.52965486,0.29847515
5363,1826.3156,0.0,1469.1124,89.448296,0.016087828,0.0,0.61994076,0.29847977
5364,1587.2272,0.0,1017.98505,89.44841,0.013880843,0.0,0.5695409,0.29848394
5365,1817.2612,0.0,960.5211,89.448494,0.016720552,0.0,0.57391036,0.29848766
5366,2071.9048,0.0,1164.3787,89.448524,0.01579044,0.0,0.55797154,0.29849103
5367,1945.2659,0.0,1191.61,89.44853,0.018259225,0.0,0.5231195,0.29849395
5368,1663.9124,0.0,1450.6005,89.44851,0.015960908,0.0,0.59032893,0.29849657
5369,1910.8156,0.0,1335.5297,89.44848,0.0159591,0.0,0.53525305,0.29849884
5370,1722.3467,0.0,1241.1753,89.44848,0.015255469,0.0,0.59181654,0.29850084
5371,2121.8035,0.0,1137.8405,89.4485,0.018531032,0.0,0.57071084,0.2985026
5372,2111.1855,0.0,916.0074,89.44858,0.01772184,0.0,0.58388394,0.2985042
5373,1630.2422,0.0,1364.4906,89.44866,0.020218527,0.0,0.54131603,0.29850554
5374,2114.421,0.0,960.9224,89.44875,0.01542679,0.0,0.5346029,0.29850668
5375,1824.0332,0.0,926.1813,89.448845,0.015583857,0.0,0.5918426,0.2985076
5376,1570.6847,0.0,952.38196,89.44896,0.01710267,0.0,0.57513016,0.29850835
5377,1945.8943,0.0,1005.58344,89.4491,0.016266769,0.0,0.53138614,0.29850894
5378,1498.9827,0.0,1151.0232,89.44922,0.014099874,0.0,0.54034925,0.29850942
5379,1371.0374,0.0,1125.2288,89.44937,0.014410957,0.0,0.58903813,0.29850972
5380,2034.4885,0.0,1323.4058,89.449524,0.019387063,0.0,0.54663634,0.29850993
5381,1505.9825,0.0,1605.0168,89.44966,0.015902359,0.0,0.54514474,0.29851004
5382,1660.4576,0.0,840.6888,89.44972,0.01681943,0.0,0.56600225,0.29850835
5383,1698.5928,0.0,1049.8623,89.44979,0.014513156,0.0,0.56740963,0.2985067
5384,1409.0128,0.0,1149.2327,89.44983,0.012687681,0.0,0.56496155,0.29850525
5385,2766.7878,0.0,1427.7361,89.44986,0.0130437715,0.0,0.57269263,0.29850388
5386,2594.7468,0.0,946.2602,89.449875,0.019569876,0.0,0.54308766,0.29850245
5387,3052.4202,0.0,991.78125,89.44988,0.019696966,0.0,0.55332017,0.29850113
5388,1889.2234,0.0,1081.602,89.44993,0.016536895,0.0,0.55033076,0.29849988
5389,1654.4597,0.0,931.33594,89.44993,0.01500397,0.0,0.5620279,0.29849806
5390,1993.2018,0.0,1128.6921,89.449936,0.017356815,0.0,0.5675619,0.29849163
5391,2281.8364,0.0,1340.8036,89.44994,0.015720472,0.0,0.5427888,0.29848787
5392,2134.0938,0.0,1023.9577,89.44994,0.01582279,0.0,0.5754273,0.29848477
5393,1920.1332,0.0,1148.8085,89.44995,0.016596425,0.0,0.62382066,0.29848215
5394,2051.5234,0.0,1212.7452,89.45003,0.015878884,0.0,0.61903656,0.29847965
5395,1650.2112,0.0,1192.9541,89.45007,0.013543477,0.0,0.5867181,0.29847747
5396,1571.4211,0.0,1118.773,89.450134,0.018084403,0.0,0.5489212,0.2984756
5397,1637.5546,0.0,1008.5154,89.45019,0.012090223,0.0,0.5825139,0.2984826
5398,2130.9702,0.0,1000.4637,89.45019,0.01989467,0.0,0.54184294,0.29848897
5399,1841.3566,0.0,1255.4187,89.45018,0.016748263,0.0,0.55988514,0.2984948
5400,2127.2124,0.0,1149.7609,89.450195,0.016228091,0.0,0.59825164,0.2985
5401,1388.8308,0.0,1020.0694,89.4502,0.011703236,0.0,0.5914526,0.29850477
5402,1570.4835,0.0,1208.0126,89.450195,0.013568392,0.0,0.54900634,0.29850915
5403,1261.7196,0.0,1203.2623,89.45022,0.014538586,0.0,0.60757124,0.2985131
5404,1972.8854,0.0,1097.9897,89.45025,0.014656484,0.0,0.5171343,0.29851657
5405,1923.7986,0.0,1349.6064,89.450294,0.015476765,0.0,0.55618846,0.2985197
5406,1727.8982,0.0,1220.8469,89.450386,0.014643498,0.0,0.60759836,0.2985224
5407,1933.3469,0.0,1076.7972,89.45047,0.016650708,0.0,0.57917565,0.29852477
5408,2272.7844,0.0,1046.4302,89.45054,0.017750867,0.0,0.5390375,0.29852685
5409,1912.8998,0.0,1063.759,89.4506,0.018426362,0.0,0.52802056,0.29852867
5410,1918.7162,0.0,1211.288,89.45066,0.017810341,0.0,0.581511,0.2985302
5411,1638.3208,0.0,1054.3137,89.45077,0.016266948,0.0,0.55421746,0.29853153
5412,2030.4076,0.0,1235.3486,89.4509,0.016549835,0.0,0.50838053,0.2985326
5413,1704.7948,0.0,931.7087,89.45099,0.017930236,0.0,0.5644799,0.2985335
5414,1357.1996,0.0,930.9443,89.45108,0.017155763,0.0,0.580287,0.29853424
5415,2205.7954,0.0,1471.7789,89.45117,0.01870978,0.0,0.576971,0.29853478
5416,2202.5042,0.0,1159.804,89.45125,0.01964733,0.0,0.5509553,0.29853514
5417,1571.5682,0.0,753.4996,89.45129,0.012230767,0.0,0.57122207,0.29853544
5418,1465.7773,0.0,1031.0526,89.45133,0.017116465,0.0,0.55795914,0.29853565
5419,1438.7908,0.0,1489.1208,89.45136,0.020391278,0.0,0.56839377,0.2985357
5420,1929.3566,0.0,1083.5966,89.45137,0.0150124915,0.0,0.52250195,0.2985357
5421,2346.9265,0.0,1250.782,89.451385,0.020911021,0.0,0.5458691,0.2985356
5422,1895.4746,0.0,1342.2534,89.45142,0.020102661,0.0,0.51304555,0.29853612
5423,2501.194,0.0,1030.1776,89.45153,0.017522207,0.0,0.56334543,0.29853654
5424,1809.0162,0.0,815.81586,89.451675,0.01613925,0.0,0.56093717,0.29853675
5425,1748.3527,0.0,963.0033,89.45182,0.014142593,0.0,0.5575912,0.29853678
5426,1919.4972,0.0,1754.823,89.45193,0.016331263,0.0,0.54864234,0.29853678
5427,1738.2292,0.0,1038.1676,89.45201,0.015647016,0.0,0.5387188,0.29853663
5428,1680.8231,0.0,1140.4086,89.4521,0.018720796,0.0,0.5392512,0.29853642
5429,1669.2136,0.0,1194.0204,89.452194,0.017005496,0.0,0.5904279,0.29854742
5430,1680.8356,0.0,903.688,89.45229,0.015507232,0.0,0.56364405,0.29855698
5431,1095.6704,0.0,1153.0216,89.452354,0.015769815,0.0,0.5258986,0.29856554
5432,1794.8308,0.0,1517.3202,89.452354,0.013102552,0.0,0.57261336,0.2985733
5433,1712.833,0.0,1393.3536,89.45234,0.012029525,0.0,0.57200307,0.29858017
5434,1925.5382,0.0,1005.9104,89.45231,0.014124535,0.0,0.5831976,0.2985863
5435,1650.5499,0.0,927.64764,89.45229,0.014857936,0.0,0.5535495,0.2985918
5436,2132.2646,0.0,1141.2411,89.45228,0.014912797,0.0,0.5365189,0.2985967
5437,2231.8777,0.0,1045.2058,89.45228,0.016658425,0.0,0.59950966,0.29860103
5438,1963.9078,0.0,1617.5447,89.45225,0.011334806,0.0,0.5949203,0.29860485
5439,2129.2834,0.0,1399.7316,89.45223,0.018321436,0.0,0.54497313,0.29860818
5440,1734.5515,0.0,1214.7285,89.45218,0.016259465,0.0,0.5983193,0.29861116
5441,2840.3208,0.0,1144.4838,89.45208,0.013544287,0.0,0.5594884,0.29861373
5442,1641.472,0.0,828.6504,89.45197,0.017084286,0.0,0.54024523,0.2986159
5443,1579.4586,0.0,1325.7648,89.451904,0.015034839,0.0,0.5729806,0.29861787
5444,1768.6288,0.0,904.2061,89.45186,0.016471645,0.0,0.5604558,0.2986195
5445,1867.8811,0.0,757.9013,89.451805,0.014990206,0.0,0.5521858,0.29862088
5446,1560.0007,0.0,850.10895,89.45179,0.013708286,0.0,0.5885323,0.2986221
5447,2111.1812,0.0,962.3723,89.45182,0.022518527,0.0,0.53874487,0.29862306
5448,1888.3615,0.0,1030.8597,89.451836,0.013660311,0.0,0.6031474,0.29862377
5449,1173.9742,0.0,1139.8604,89.4519,0.016667774,0.0,0.57225007,0.29862472
5450,1709.5703,0.0,1148.3176,89.45196,0.016294666,0.0,0.55906653,0.29862547
5451,1408.6853,0.0,997.7939,89.452065,0.016437603,0.0,0.57283735,0.29862604
5452,2023.0148,0.0,825.57275,89.45218,0.01514454,0.0,0.526049,0.29862648
5453,1960.7659,0.0,983.14246,89.45229,0.011770679,0.0,0.5740287,0.2986268
5454,1231.7211,0.0,1056.2816,89.45239,0.016987061,0.0,0.54670423,0.298627
5455,2191.8547,0.0,1145.6257,89.45251,0.017307013,0.0,0.5880375,0.2986271
5456,2135.149,0.0,866.864,89.45266,0.014742188,0.0,0.58494824,0.29862705
5457,1610.0193,0.0,1080.4855,89.452774,0.0149036255,0.0,0.54410934,0.2986238
5458,1778.145,0.0,999.2316,89.4529,0.017266333,0.0,0.5439998,0.2986208
5459,1819.6609,0.0,1099.3944,89.453026,0.018370606,0.0,0.55075216,0.29861802
5460,1789.207,0.0,1176.8066,89.45312,0.016221697,0.0,0.5476751,0.2986155
5461,1826.3461,0.0,1311.224,89.45323,0.015038393,0.0,0.549767,0.29862788
5462,1852.3097,0.0,1074.6353,89.45337,0.013677601,0.0,0.5974392,0.29863915
5463,1587.6393,0.0,1196.4214,89.45344,0.011363256,0.0,0.5981818,0.29864943
5464,1956.6664,0.0,1073.5647,89.453476,0.018301597,0.0,0.5288751,0.29865867
5465,1543.508,0.0,934.32745,89.45354,0.014401475,0.0,0.52220225,0.29867005
5466,1575.1488,0.0,1310.6033,89.45365,0.0129151195,0.0,0.5632144,0.29868054
5467,1361.5151,0.0,1158.358,89.453735,0.012938554,0.0,0.54892975,0.29869023
5468,1341.8245,0.0,1055.1919,89.45381,0.015781995,0.0,0.5922868,0.2986991
5469,1433.7921,0.0,887.4341,89.45392,0.016981509,0.0,0.56346315,0.29870722
5470,1995.7994,0.0,1208.6124,89.45407,0.0130026145,0.0,0.5426949,0.29871416
5471,1888.9076,0.0,1087.1831,89.45421,0.015117934,0.0,0.627228,0.29872024
5472,2432.3987,0.0,1124.534,89.45439,0.0133623835,0.0,0.56146085,0.29872572
5473,1376.9054,0.0,963.3654,89.45461,0.012439646,0.0,0.5324719,0.29873067
5474,1894.7648,0.0,1392.3671,89.454796,0.014555333,0.0,0.5316546,0.29873505
5475,2199.872,0.0,1058.2538,89.45497,0.01589875,0.0,0.5418148,0.29872403
5476,1809.2542,0.0,1292.009,89.45513,0.0153811155,0.0,0.5223318,0.29871428
5477,1501.1382,0.0,990.2808,89.45526,0.016833615,0.0,0.569167,0.29870558
5478,2237.9895,0.0,934.2723,89.45544,0.016222926,0.0,0.6055821,0.2986978
5479,1561.9187,0.0,1355.6855,89.4556,0.014420567,0.0,0.543313,0.2986908
5480,1632.131,0.0,745.83105,89.45579,0.018229764,0.0,0.5441258,0.29868463
5481,1563.0916,0.0,1343.776,89.45592,0.018028382,0.0,0.55509436,0.298679
5482,1973.9403,0.0,1146.8644,89.456024,0.01371846,0.0,0.56620866,0.2986738
5483,1992.0745,0.0,998.6138,89.456184,0.0155297145,0.0,0.56654924,0.29866916
5484,2123.955,0.0,1100.4366,89.456314,0.017905429,0.0,0.5898637,0.2986649
5485,1699.8309,0.0,1121.2917,89.45647,0.017505718,0.0,0.542915,0.29866105
5486,1964.0055,0.0,1007.13605,89.45666,0.015077496,0.0,0.5500344,0.29865757
5487,1912.1128,0.0,1365.5115,89.45688,0.020885672,0.0,0.5858223,0.29865426
5488,1814.7888,0.0,1148.1241,89.45705,0.01975756,0.0,0.55769026,0.29865128
5489,2011.6066,0.0,1153.6974,89.457146,0.014443742,0.0,0.5694797,0.29864848
5490,1320.8485,0.0,1038.8281,89.45723,0.013860291,0.0,0.57047457,0.29864597
5491,1860.9766,0.0,1545.0393,89.45726,0.016500931,0.0,0.5962598,0.29864356
5492,1920.6857,0.0,1377.6007,89.45732,0.019524246,0.0,0.5617384,0.29864356
5493,2240.0808,0.0,979.34674,89.45737,0.017989336,0.0,0.5439596,0.2986437
5494,2112.6619,0.0,1532.231,89.45749,0.020447284,0.0,0.55059123,0.29864383
5495,2709.9275,0.0,945.9021,89.45758,0.017581986,0.0,0.6442976,0.2986439
5496,1749.0657,0.0,1190.2886,89.45765,0.017307257,0.0,0.52415377,0.29864392
5497,1460.1859,0.0,1271.8284,89.4577,0.01680205,0.0,0.55085313,0.2986439
5498,1508.2417,0.0,1388.5807,89.45773,0.016528737,0.0,0.5788479,0.2986439
5499,1643.5806,0.0,1129.6492,89.457726,0.014426684,0.0,0.60651374,0.29864377
5500,1563.1985,0.0,1344.7081,89.45774,0.022023698,0.0,0.5538849,0.29864326
5501,1598.1165,0.0,975.03564,89.4578,0.013514127,0.0,0.5857408,0.2986428
5502,1578.3794,0.0,1329.4485,89.45784,0.0153016765,0.0,0.55739486,0.29864243
5503,2308.1853,0.0,1043.5638,89.457924,0.017853867,0.0,0.56553376,0.2986419
5504,1912.9474,0.0,1139.8943,89.45798,0.014564067,0.0,0.5489785,0.29864132
5505,2094.353,0.0,1106.4667,89.458015,0.018132076,0.0,0.54869175,0.2986408
5506,1892.2284,0.0,1065.5612,89.45809,0.015332553,0.0,0.55375457,0.2986403
5507,1335.0094,0.0,1418.253,89.458244,0.01658732,0.0,0.5763588,0.29863974
5508,2604.318,0.0,910.20557,89.45839,0.014835918,0.0,0.52587914,0.2986392
5509,2338.9995,0.0,1132.7859,89.45855,0.019504663,0.0,0.5688963,0.29863867
5510,1953.3143,0.0,1062.4458,89.45873,0.015732681,0.0,0.5859279,0.2986381
5511,2201.6003,0.0,715.1741,89.45893,0.019017521,0.0,0.59937644,0.29863748
5512,1903.4191,0.0,1397.4564,89.45908,0.016872775,0.0,0.5643589,0.29863682
5513,2244.8975,0.0,967.38434,89.45918,0.015802395,0.0,0.5711541,0.29863617
5514,1926.7054,0.0,1107.2542,89.459274,0.016931769,0.0,0.55973333,0.29863554
5515,2039.7399,0.0,1246.3922,89.45938,0.015209828,0.0,0.6163684,0.29863486
5516,2457.8884,0.0,1008.72485,89.45944,0.01760057,0.0,0.5311153,0.29863414
5517,1905.1119,0.0,1213.6606,89.45955,0.01752943,0.0,0.5288808,0.29863346
5518,2556.0051,0.0,1106.507,89.45962,0.01636096,0.0,0.57998073,0.29863274
5519,2098.916,0.0,1267.7745,89.459694,0.016984783,0.0,0.564633,0.298632
5520,1780.1887,0.0,1247.1232,89.45977,0.020363659,0.0,0.55712086,0.29863122
5521,1885.2295,0.0,1120.1844,89.459755,0.015990617,0.0,0.593956,0.29863042
5522,1877.1359,0.0,1072.7101,89.45978,0.021351814,0.0,0.5674805,0.298633
5523,2265.7898,0.0,1113.9849,89.45976,0.014578685,0.0,0.5613315,0.2986353
5524,1683.4226,0.0,1291.0687,89.459785,0.016477082,0.0,0.5728264,0.29863724
5525,1461.6075,0.0,1106.2134,89.45981,0.013418312,0.0,0.652498,0.2986445
5526,1548.225,0.0,823.3104,89.45984,0.016508188,0.0,0.57908845,0.29865098
5527,1676.606,0.0,974.86456,89.45988,0.017505407,0.0,0.58575284,0.2986567
5528,1202.8375,0.0,1249.611,89.45989,0.019780502,0.0,0.54472864,0.29866177
5529,1522.8368,0.0,1265.082,89.459885,0.017183065,0.0,0.52465093,0.2986664
5530,1653.4299,0.0,1117.2869,89.45988,0.014601717,0.0,0.51791763,0.29867044
5531,1583.8607,0.0,1204.1641,89.45991,0.016672624,0.0,0.52871037,0.29867402
5532,1553.5304,0.0,855.5138,89.45992,0.0165179,0.0,0.57892597,0.29867718
5533,1823.9716,0.0,1267.6508,89.45993,0.01879492,0.0,0.5876062,0.29867995
5534,2122.4395,0.0,999.9014,89.45994,0.020306285,0.0,0.5759194,0.29868245
5535,1867.4147,0.0,1213.5419,89.45996,0.01601351,0.0,0.59859174,0.2986845
5536,2102.2158,0.0,1341.6263,89.46002,0.015855927,0.0,0.5323144,0.2986864
5537,1902.2362,0.0,973.9722,89.4601,0.017572358,0.0,0.5811605,0.29868788
5538,2210.245,0.0,1030.3895,89.460205,0.020302413,0.0,0.53553283,0.29868224
5539,1680.2916,0.0,1582.3411,89.46031,0.013986464,0.0,0.5752614,0.2986771
5540,2277.467,0.0,912.5884,89.4604,0.017096262,0.0,0.5947752,0.29867247
5541,1700.3289,0.0,1003.27094,89.460495,0.016732953,0.0,0.5241448,0.29866832
5542,1762.6577,0.0,1064.7612,89.46058,0.017686998,0.0,0.56012887,0.29866448
5543,1932.3992,0.0,1148.7542,89.460686,0.015504095,0.0,0.56149375,0.29866096
5544,1919.7399,0.0,1086.7085,89.46078,0.017160352,0.0,0.57590216,0.29865772
5545,1210.2385,0.0,1335.6259,89.46089,0.015790217,0.0,0.5321709,0.2986548
5546,2052.3772,0.0,1256.1787,89.461006,0.016350616,0.0,0.5750063,0.29865202
5547,1602.0219,0.0,1126.4683,89.46114,0.016205639,0.0,0.5484189,0.29864952
5548,1553.7947,0.0,1318.6859,89.46124,0.02094998,0.0,0.5492729,0.29864714
5549,2353.7834,0.0,1145.1178,89.46132,0.013988402,0.0,0.560956,0.29864493
5550,2057.4822,0.0,739.2629,89.461395,0.015630856,0.0,0.55760896,0.29864287
5551,1593.9929,0.0,849.37054,89.46148,0.01711874,0.0,0.54971266,0.29864094
5552,1691.2849,0.0,1069.0677,89.46149,0.012490811,0.0,0.5657339,0.2986391
5553,2348.2744,0.0,1222.1456,89.46152,0.014037787,0.0,0.5427701,0.29863742
5554,2268.4807,0.0,1045.5715,89.46151,0.01501099,0.0,0.57171714,0.29863572
5555,2359.0,0.0,1101.9309,89.46148,0.01596753,0.0,0.5822098,0.29863414
5556,1535.3038,0.0,903.01904,89.46146,0.014210592,0.0,0.5165716,0.29863265
5557,2346.9167,0.0,1016.6559,89.46145,0.015874483,0.0,0.5680536,0.29863122
5558,1711.451,0.0,1053.0637,89.461426,0.01560954,0.0,0.556018,0.2986298
5559,1681.0325,0.0,1524.4021,89.461395,0.021014806,0.0,0.52927047,0.29862854
5560,1900.4956,0.0,1107.4796,89.46136,0.013798555,0.0,0.5940363,0.2986273
5561,2046.4531,0.0,925.3049,89.461334,0.015978502,0.0,0.51886284,0.29862607
5562,2312.0369,0.0,1095.6667,89.46132,0.017297585,0.0,0.54573405,0.2986251
5563,2169.082,0.0,1461.6873,89.46122,0.01523529,0.0,0.5915235,0.29862416
5564,1470.5485,0.0,1297.4226,89.46114,0.014472688,0.0,0.62089247,0.2986232
5565,1574.4073,0.0,1221.1613,89.46113,0.017213052,0.0,0.6086502,0.29862228
5566,2095.6184,0.0,766.975,89.46113,0.015463221,0.0,0.55610776,0.29862118
5567,1988.8313,0.0,1263.6002,89.461174,0.017644791,0.0,0.55425906,0.29862002
5568,2033.7054,0.0,1418.3706,89.4612,0.016689211,0.0,0.5981543,0.29861897
5569,1397.2223,0.0,1107.388,89.46122,0.017009584,0.0,0.5435288,0.29861787
5570,1812.467,0.0,1037.0143,89.46127,0.020451853,0.0,0.58553874,0.29861683
5571,1700.1202,0.0,1188.2139,89.46122,0.01899801,0.0,0.6028696,0.29861578
5572,1737.4447,0.0,1395.9305,89.46118,0.01679879,0.0,0.5681077,0.29861477
5573,2107.1885,0.0,1156.1705,89.46109,0.014993537,0.0,0.5394204,0.29861376
5574,1948.0825,0.0,897.49945,89.46098,0.015227972,0.0,0.57174844,0.29861274
5575,1922.4708,0.0,895.8028,89.46091,0.017245714,0.0,0.60585177,0.2986118
5576,2304.352,0.0,658.0517,89.4608,0.01939318,0.0,0.54447156,0.29861084
5577,1862.3733,0.0,1057.8123,89.46071,0.016180689,0.0,0.5782597,0.2986098
5578,1993.5281,0.0,1023.07294,89.46059,0.016427929,0.0,0.58220327,0.29860568
5579,1614.7413,0.0,1238.8214,89.46049,0.019814573,0.0,0.5471015,0.29860193
5580,2232.345,0.0,671.42426,89.460434,0.016502507,0.0,0.5928968,0.2985984
5581,1701.6769,0.0,1010.25024,89.46034,0.017285157,0.0,0.5506663,0.2985952
5582,1638.9835,0.0,1268.0332,89.46028,0.01682872,0.0,0.5854698,0.2985922
5583,1885.505,0.0,1065.9486,89.46024,0.018805444,0.0,0.57066905,0.29858944
5584,1697.6346,0.0,1353.6909,89.46027,0.015543479,0.0,0.5926974,0.29858688
5585,3286.5396,0.0,1271.434,89.4603,0.016078051,0.0,0.59974784,0.29858446
5586,1813.4395,0.0,1453.9115,89.46032,0.019231992,0.0,0.60673875,0.29858217
5587,1850.6083,0.0,1047.7605,89.460434,0.016620621,0.0,0.59342664,0.29858008
5588,2321.7986,0.0,1114.1127,89.46054,0.015903218,0.0,0.5575665,0.2985781
5589,1390.0492,0.0,1289.8943,89.46067,0.014855323,0.0,0.5331298,0.29857618
5590,2033.0096,0.0,1001.5,89.46077,0.01576979,0.0,0.5906534,0.29857442
5591,1632.5425,0.0,986.4703,89.46084,0.018062662,0.0,0.5632138,0.29857272
5592,1545.1847,0.0,1070.3906,89.46088,0.016770652,0.0,0.5961148,0.29857114
5593,2419.8516,0.0,1195.3265,89.46091,0.014168038,0.0,0.56218374,0.2985721
5594,1629.8525,0.0,1022.56433,89.460915,0.016921267,0.0,0.5776342,0.2985729
5595,1498.0508,0.0,1190.464,89.46091,0.019656777,0.0,0.5159479,0.29857352
5596,1973.4385,0.0,1036.1102,89.460884,0.01610079,0.0,0.5849767,0.298574
5597,2463.7537,0.0,1315.0756,89.46088,0.021027401,0.0,0.5618721,0.2985744
5598,1619.6654,0.0,1451.3635,89.46085,0.019478343,0.0,0.56522924,0.29857466
5599,1659.8536,0.0,1441.8336,89.46089,0.015646001,0.0,0.551069,0.29857478
5600,1721.1113,0.0,1288.7737,89.46082,0.014539777,0.0,0.54418063,0.2985748
5601,1844.5293,0.0,1503.2198,89.46076,0.011832079,0.0,0.5305328,0.29857472
5602,1579.1643,0.0,1168.5667,89.46074,0.013182133,0.0,0.58514345,0.29857463
5603,2269.837,0.0,1048.696,89.46073,0.0155660175,0.0,0.56045127,0.2985744
5604,1344.1248,0.0,930.41223,89.460724,0.015462319,0.0,0.55524373,0.29857415
5605,1858.7168,0.0,820.586,89.46075,0.014199687,0.0,0.5820629,0.29857376
5606,2841.1274,0.0,1334.7784,89.46075,0.014330028,0.0,0.5371194,0.29857334
5607,2106.5054,0.0,812.2788,89.46075,0.01689284,0.0,0.517787,0.29857284
5608,1602.9164,0.0,999.7608,89.46076,0.017349795,0.0,0.5753605,0.29857233
5609,1980.7596,0.0,838.8785,89.460785,0.0134694055,0.0,0.6031126,0.29857183
5610,1596.1027,0.0,842.3841,89.460815,0.015961468,0.0,0.53756034,0.2985712
5611,1829.5961,0.0,1529.7765,89.4608,0.016786385,0.0,0.59095466,0.29857066
5612,2446.9631,0.0,1051.3116,89.460846,0.01996254,0.0,0.57310563,0.29857016
5613,1675.6775,0.0,735.70636,89.46097,0.013147111,0.0,0.54264754,0.2985696
5614,1703.5248,0.0,851.2522,89.46106,0.013691406,0.0,0.6177816,0.29856893
5615,2044.5682,0.0,679.6497,89.46118,0.016119573,0.0,0.5716268,0.29856834
5616,1950.5903,0.0,1261.9338,89.46127,0.016043784,0.0,0.54945844,0.29856762
5617,1934.1055,0.0,1126.6646,89.46132,0.017254237,0.0,0.5465462,0.29856688
5618,1753.7698,0.0,884.149,89.46144,0.014646373,0.0,0.55974144,0.29856616
5619,1645.4003,0.0,881.416,89.46156,0.01578708,0.0,0.53397006,0.29856542
5620,1466.3307,0.0,1513.3214,89.461685,0.016584238,0.0,0.5323838,0.29856467
5621,1668.1006,0.0,1191.4038,89.46179,0.015143147,0.0,0.51933664,0.29856393
5622,1951.8093,0.0,1020.95703,89.46193,0.018053487,0.0,0.56242144,0.29856306
5623,1959.2081,0.0,1063.2083,89.46205,0.0122689605,0.0,0.5882191,0.29856232
5624,2466.109,0.0,1150.6385,89.46217,0.015670247,0.0,0.5772762,0.29856145
5625,2003.075,0.0,932.2535,89.46229,0.015990634,0.0,0.56320226,0.29856008
5626,1999.0474,0.0,969.54645,89.4624,0.013334762,0.0,0.5657991,0.29855877
5627,1184.3556,0.0,1203.4434,89.46253,0.018197406,0.0,0.5503347,0.2985575
5628,1813.2367,0.0,1092.7521,89.46275,0.01677153,0.0,0.57994556,0.29855624
5629,1480.6321,0.0,1201.9929,89.4629,0.015617883,0.0,0.5584065,0.298555
5630,1562.7559,0.0,1128.9661,89.46301,0.01447463,0.0,0.5579958,0.29855382
5631,1428.212,0.0,1079.659,89.46317,0.013571534,0.0,0.5436284,0.29855266
5632,2486.7957,0.0,955.9457,89.46335,0.017120253,0.0,0.58168834,0.29855153
5633,2211.4597,0.0,1035.7615,89.46351,0.014782141,0.0,0.5756047,0.29855043
5634,1980.5875,0.0,1416.4757,89.463646,0.017243259,0.0,0.5160317,0.29854932
5635,2081.7764,0.0,871.9706,89.46379,0.017153768,0.0,0.60192645,0.29854825
5636,2061.2996,0.0,1042.2472,89.463936,0.016374914,0.0,0.5581901,0.29854718
5637,2080.5828,0.0,1110.0148,89.46402,0.013856884,0.0,0.6044964,0.29854614
5638,2000.6528,0.0,1111.5038,89.46407,0.018251901,0.0,0.56572986,0.2985451
5639,1595.8116,0.0,1368.574,89.46414,0.014690993,0.0,0.56019443,0.29854646
5640,1585.7797,0.0,1196.6787,89.46418,0.018645015,0.0,0.56510293,0.2985477
5641,1304.2482,0.0,978.16235,89.46423,0.017503763,0.0,0.60183644,0.2985487
5642,1947.562,0.0,946.45917,89.46435,0.015583421,0.0,0.562575,0.29854962
5643,1831.3615,0.0,1200.876,89.46447,0.018014718,0.0,0.60654587,0.29855043
5644,1610.3325,0.0,1175.1792,89.46462,0.016286168,0.0,0.5720453,0.29855102
5645,1616.7157,0.0,940.3257,89.46481,0.015416086,0.0,0.5756757,0.29855156
5646,1806.156,0.0,1147.1779,89.46505,0.013315173,0.0,0.55527395,0.29855198
5647,1793.2037,0.0,1012.8781,89.46527,0.013827603,0.0,0.49813318,0.29855224
5648,1935.4935,0.0,1147.6262,89.465485,0.013175249,0.0,0.58794934,0.2985524
5649,1581.3518,0.0,1225.4347,89.46568,0.013189259,0.0,0.5924796,0.29855245
5650,1728.7153,0.0,914.0865,89.46587,0.013901014,0.0,0.59874773,0.29855245
5651,2021.2771,0.0,1147.159,89.46606,0.0141630415,0.0,0.5625226,0.29855236
5652,1842.38,0.0,1258.3541,89.466255,0.017907491,0.0,0.54668593,0.29855216
5653,1994.8008,0.0,1261.2212,89.46644,0.018550728,0.0,0.5876147,0.2985519
5654,2311.428,0.0,1486.299,89.46661,0.017140355,0.0,0.55135417,0.29855153
5655,1405.9817,0.0,1222.7117,89.46669,0.013111456,0.0,0.57673895,0.2985511
5656,2022.7609,0.0,1426.6642,89.46678,0.017158238,0.0,0.5130564,0.29855072
5657,1827.4021,0.0,996.9505,89.46685,0.015528115,0.0,0.5472895,0.29855025
5658,2034.4076,0.0,1075.4694,89.46692,0.01133554,0.0,0.59469455,0.29854968
5659,1697.9883,0.0,1037.788,89.46699,0.015029676,0.0,0.5486727,0.29854915
5660,2366.7449,0.0,1147.2498,89.46707,0.015225567,0.0,0.57837915,0.29854852
5661,1904.0005,0.0,1200.7286,89.46715,0.016803361,0.0,0.50434196,0.29855677
5662,1749.4011,0.0,1525.9882,89.46724,0.018421287,0.0,0.53665113,0.29856414
5663,1892.2867,0.0,1275.2042,89.46734,0.020223957,0.0,0.5548909,0.2985693
5664,2333.703,0.0,1201.1007,89.46738,0.016511275,0.0,0.5313723,0.29857734
5665,2087.4358,0.0,1234.887,89.46748,0.015160188,0.0,0.56593406,0.29858455
5666,1699.4469,0.0,933.981,89.46762,0.01596963,0.0,0.5792712,0.29859114
5667,2641.3025,0.0,894.1591,89.467735,0.013392883,0.0,0.545356,0.29859707
5668,1938.6888,0.0,944.53235,89.46783,0.0133419335,0.0,0.55555725,0.29860237
5669,1976.0219,0.0,899.0676,89.46794,0.017241307,0.0,0.6008867,0.2986071
5670,1633.1743,0.0,1025.0991,89.46798,0.016687645,0.0,0.60574883,0.2986113
5671,1615.5602,0.0,1202.2799,89.46807,0.015601039,0.0,0.6002288,0.29861507
5672,1679.0078,0.0,916.33514,89.46821,0.018722553,0.0,0.5733136,0.2986183
5673,1455.502,0.0,997.4022,89.468315,0.013755733,0.0,0.5271505,0.29862115
5674,2100.389,0.0,831.03174,89.46847,0.017283743,0.0,0.5389087,0.2986236
5675,2095.2983,0.0,897.51807,89.468666,0.017429322,0.0,0.58892334,0.29862577
5676,2412.1636,0.0,1170.9547,89.46884,0.017018987,0.0,0.589174,0.2986276
5677,1802.6969,0.0,973.1448,89.46901,0.01643923,0.0,0.5680449,0.29862916
5678,2898.3728,0.0,981.0008,89.46912,0.01538576,0.0,0.5541662,0.2986305
5679,1955.8713,0.0,970.11316,89.46924,0.019504964,0.0,0.57383764,0.29863167
5680,1636.6335,0.0,1009.12067,89.46933,0.017924488,0.0,0.5765759,0.29863253
5681,1746.9716,0.0,905.3703,89.4694,0.015414357,0.0,0.5648085,0.29863334
5682,1655.6831,0.0,928.4699,89.469505,0.015817266,0.0,0.5533778,0.29863325
5683,2123.1814,0.0,1487.8674,89.469574,0.015128139,0.0,0.62983984,0.29863304
5684,2116.7864,0.0,1008.2259,89.46968,0.015544302,0.0,0.55672777,0.2986328
5685,1987.4265,0.0,1456.4243,89.469795,0.018988289,0.0,0.59253657,0.29863253
5686,1811.4143,0.0,903.72516,89.46989,0.016538115,0.0,0.54350185,0.29863217
5687,1839.49,0.0,687.8972,89.46992,0.01328948,0.0,0.554677,0.29863188
5688,1786.1719,0.0,1210.5854,89.46994,0.01314485,0.0,0.53295803,0.29863146
5689,2378.182,0.0,1136.3969,89.46996,0.020968731,0.0,0.5510384,0.29863104
5690,1960.3586,0.0,1268.6451,89.469864,0.018758584,0.0,0.57439995,0.2986306
5691,1996.3562,0.0,1506.5127,89.46974,0.018790824,0.0,0.52221656,0.29863006
5692,2271.3223,0.0,872.46625,89.46954,0.016290626,0.0,0.54897076,0.2986297
5693,1934.5128,0.0,1083.57,89.46941,0.018925095,0.0,0.5671414,0.29862928
5694,1610.1547,0.0,1132.4908,89.469315,0.01735613,0.0,0.57513046,0.29862887
5695,1784.0928,0.0,1173.6719,89.469215,0.014834087,0.0,0.5330974,0.29862902
5696,1601.4207,0.0,1289.8909,89.46915,0.017586015,0.0,0.55536896,0.29862887
5697,1383.6301,0.0,798.276,89.46908,0.017467901,0.0,0.56117374,0.29862362
5698,1795.4722,0.0,1358.2258,89.46901,0.015881501,0.0,0.5486461,0.29861924
5699,1491.2728,0.0,1259.239,89.46898,0.016126202,0.0,0.56425476,0.29861557
5700,1648.394,0.0,1074.018,89.468925,0.017249186,0.0,0.52742505,0.29861113
5701,1530.2229,0.0,1570.7325,89.46889,0.015118111,0.0,0.56153035,0.29860735
5702,2060.199,0.0,1126.108,89.468796,0.0144872395,0.0,0.5889957,0.29860407
5703,1725.4958,0.0,1277.4978,89.46877,0.015741616,0.0,0.55503094,0.29860118
5704,1541.2179,0.0,897.3011,89.468735,0.016618313,0.0,0.5426352,0.29859862
5705,1836.2773,0.0,1098.2771,89.4687,0.016624864,0.0,0.54631716,0.29859635
5706,1928.1788,0.0,1157.2496,89.46862,0.021533273,0.0,0.56594604,0.2985943
5707,2848.4033,0.0,1307.949,89.46854,0.01757218,0.0,0.59943366,0.29859248
5708,1809.4662,0.0,1301.6827,89.468506,0.0152940005,0.0,0.5680096,0.29859075
5709,1867.0933,0.0,1115.3588,89.46845,0.015596899,0.0,0.59940654,0.29858917
5710,1302.2589,0.0,966.10675,89.46842,0.01340632,0.0,0.5830205,0.29858774
5711,1502.55,0.0,1440.0862,89.46842,0.018052142,0.0,0.5650445,0.29858634
5712,2055.385,0.0,1044.1952,89.46837,0.015423524,0.0,0.60887855,0.29858506
5713,1934.3162,0.0,1109.3846,89.46839,0.01707802,0.0,0.56362855,0.29858378
5714,1797.8617,0.0,897.83923,89.4684,0.015684232,0.0,0.5603053,0.29858258
5715,2357.5615,0.0,804.8129,89.46841,0.012607036,0.0,0.5947254,0.2985814
5716,1674.7461,0.0,887.93164,89.468414,0.012537154,0.0,0.5651156,0.29858112
5717,1471.4116,0.0,1062.0479,89.468414,0.013496313,0.0,0.561697,0.29858083
5718,2022.0768,0.0,1013.48346,89.46839,0.02257974,0.0,0.5862483,0.2985796
5719,1341.2817,0.0,913.25574,89.46838,0.013860494,0.0,0.53518105,0.29857838
5720,2137.7795,0.0,925.35046,89.46837,0.018120069,0.0,0.542042,0.29857722
5721,1905.2422,0.0,1388.7698,89.46839,0.013262961,0.0,0.5604233,0.29857615
5722,1503.3162,0.0,989.57086,89.468414,0.017056424,0.0,0.5561151,0.29857504
5723,1845.1945,0.0,1398.4974,89.46847,0.015545825,0.0,0.5936043,0.29857388
5724,1512.1932,0.0,1352.892,89.468575,0.016371842,0.0,0.6002406,0.2985728
5725,1741.4229,0.0,1333.1504,89.468735,0.013745706,0.0,0.55078524,0.29857177
5726,2588.6646,0.0,885.0415,89.46893,0.01847729,0.0,0.6044369,0.2985707
5727,2866.7803,0.0,938.83264,89.46907,0.012286352,0.0,0.6211352,0.29856968
5728,2029.6544,0.0,1187.3141,89.46921,0.016060065,0.0,0.5641927,0.29856867
5729,1798.6587,0.0,1140.8605,89.46931,0.017039083,0.0,0.5665482,0.29856765
5730,1631.7357,0.0,1239.8256,89.46939,0.017252464,0.0,0.5727805,0.29856664
5731,1778.8075,0.0,1206.61,89.46952,0.019475803,0.0,0.5819108,0.29856566
5732,1591.4572,0.0,1016.8613,89.469666,0.017220896,0.0,0.5776711,0.29856464
5733,1494.6537,0.0,1285.4894,89.4698,0.016596185,0.0,0.54949915,0.2985637
5734,1909.3328,0.0,1053.0326,89.46985,0.018351775,0.0,0.62353724,0.29856274
5735,1613.9724,0.0,1005.4954,89.4699,0.014349021,0.0,0.56629753,0.2985618
5736,1872.7418,0.0,1118.7474,89.46998,0.012588499,0.0,0.54755485,0.29856086
5737,2509.1733,0.0,990.1143,89.47008,0.017848525,0.0,0.5494964,0.29855993
5738,1692.0166,0.0,1368.4913,89.470184,0.015594329,0.0,0.56671154,0.29855898
5739,1961.0469,0.0,1194.732,89.47025,0.012978412,0.0,0.555269,0.29855806
5740,1418.534,0.0,963.8581,89.47029,0.014511367,0.0,0.5673203,0.29856566
5741,1628.7675,0.0,1223.5077,89.47039,0.013825564,0.0,0.5526125,0.2985726
5742,1245.5804,0.0,1252.6141,89.470436,0.016449716,0.0,0.5941371,0.29857755
5743,2630.976,0.0,1112.501,89.470474,0.021190368,0.0,0.579979,0.29858205
5744,1535.4011,0.0,1451.6779,89.470535,0.016861338,0.0,0.5335814,0.29858494
5745,2409.3167,0.0,1011.3234,89.470566,0.020716108,0.0,0.5392728,0.2985875
5746,1617.9255,0.0,1071.02,89.47061,0.018990561,0.0,0.5758868,0.29858977
5747,1793.5846,0.0,1147.5745,89.470634,0.018284824,0.0,0.5158495,0.29859176
5748,1493.6356,0.0,1350.0548,89.47065,0.014929171,0.0,0.5533925,0.29859355
5749,1876.3195,0.0,1185.3162,89.47065,0.0136176,0.0,0.55259275,0.2985951
5750,1470.0627,0.0,1061.9935,89.47068,0.01866164,0.0,0.5953169,0.29859638
5751,2349.0017,0.0,1301.2697,89.47076,0.016971089,0.0,0.5889906,0.29859754
5752,1394.1455,0.0,1148.0033,89.470825,0.016801836,0.0,0.55436844,0.29859847
5753,1995.1508,0.0,861.38947,89.47094,0.018606402,0.0,0.5350776,0.2985992
5754,1419.4595,0.0,1678.4625,89.47101,0.017742151,0.0,0.62169284,0.29859978
5755,1404.0403,0.0,1099.8708,89.47113,0.011978685,0.0,0.534381,0.29860026
5756,1604.2657,0.0,881.4254,89.47127,0.016604796,0.0,0.54708946,0.29860058
5757,2197.1968,0.0,1632.9841,89.47142,0.014810901,0.0,0.5833852,0.29860082
5758,1591.0474,0.0,1111.7472,89.47152,0.016036006,0.0,0.5592396,0.2986009
5759,3081.7615,0.0,1201.4398,89.47163,0.015059439,0.0,0.51095533,0.29860094
5760,1997.4471,0.0,746.41473,89.47175,0.01632723,0.0,0.5280368,0.29860082
5761,1991.4391,0.0,984.4496,89.47187,0.014290872,0.0,0.5501818,0.29860067
5762,1762.1489,0.0,987.6898,89.472,0.014104254,0.0,0.6018404,0.29860044
5763,2005.3175,0.0,1354.1266,89.47211,0.015844403,0.0,0.57970744,0.2986001
5764,1400.5421,0.0,871.38806,89.47223,0.014993025,0.0,0.5449674,0.29859975
5765,1899.6324,0.0,1295.1831,89.472305,0.013298208,0.0,0.5761814,0.29859912
5766,2993.989,0.0,1052.264,89.47239,0.016503077,0.0,0.6168473,0.29859844
5767,1777.9913,0.0,1202.5117,89.47246,0.019832393,0.0,0.5891997,0.29859778
5768,1517.421,0.0,1533.8192,89.4725,0.016300106,0.0,0.54887146,0.29859704
5769,1670.4614,0.0,1260.5037,89.47249,0.015736608,0.0,0.551688,0.29859632
5770,2407.3643,0.0,1219.7849,89.47248,0.014738988,0.0,0.56876796,0.2985963
5771,1520.0702,0.0,1199.7408,89.47247,0.017827049,0.0,0.5677587,0.2985963
5772,2907.475,0.0,1014.9329,89.47248,0.016376376,0.0,0.5051285,0.29859573
5773,1757.6378,0.0,1205.0049,89.47248,0.013932578,0.0,0.5187353,0.2985953
5774,1358.0311,0.0,1297.9991,89.472435,0.01728341,0.0,0.5890311,0.29859492
5775,2336.894,0.0,1099.1248,89.472374,0.01702851,0.0,0.5254505,0.2985944
5776,1588.3203,0.0,953.3867,89.47227,0.017119972,0.0,0.61455435,0.29859126
5777,1362.2494,0.0,1168.9191,89.472176,0.017441383,0.0,0.58606565,0.29858837
5778,1712.2487,0.0,969.4462,89.472115,0.014295667,0.0,0.61556953,0.2985857
5779,2093.7942,0.0,1201.6005,89.47206,0.012596175,0.0,0.5753309,0.29858324
5780,1886.8735,0.0,1022.8472,89.47207,0.016240291,0.0,0.5581529,0.2985809
5781,2047.8385,0.0,1215.8069,89.47215,0.02029925,0.0,0.611781,0.29857853
5782,1336.7179,0.0,1197.2731,89.4723,0.015886761,0.0,0.5641973,0.29859093
5783,1005.2422,0.0,1141.2625,89.47243,0.019447776,0.0,0.6146889,0.29860216
5784,1137.9718,0.0,949.8455,89.47248,0.01315249,0.0,0.5479835,0.29861242
5785,1466.5364,0.0,948.5025,89.47254,0.014374634,0.0,0.6014161,0.29862165
5786,1473.6045,0.0,1224.1274,89.47258,0.016401215,0.0,0.55489165,0.29862997
5787,2251.3257,0.0,1314.9193,89.47257,0.016978707,0.0,0.58640933,0.29863748
5788,1330.5482,0.0,1205.982,89.47258,0.018077139,0.0,0.5404068,0.29864424
5789,2590.7114,0.0,1028.3881,89.472565,0.01585722,0.0,0.5208285,0.29865038
5790,2209.6929,0.0,927.5717,89.47258,0.017447377,0.0,0.56664294,0.29865584
5791,2318.5127,0.0,903.49274,89.47262,0.017957006,0.0,0.5821268,0.29866067
5792,1858.809,0.0,943.94415,89.47266,0.017106794,0.0,0.59791756,0.29866505
5793,2032.1039,0.0,972.8472,89.47269,0.015884612,0.0,0.56267405,0.29866883
5794,1859.3588,0.0,1597.7739,89.47273,0.01836956,0.0,0.5516674,0.2986722
5795,2263.9458,0.0,1090.6204,89.47276,0.01593811,0.0,0.58257437,0.29867512
5796,1844.9098,0.0,1494.7413,89.472786,0.020582328,0.0,0.54362994,0.29867774
5797,1906.2966,0.0,1072.0679,89.4728,0.018304065,0.0,0.5784024,0.29868004
5798,2340.1448,0.0,1047.1089,89.47288,0.016171332,0.0,0.5378675,0.29868189
5799,1967.2859,0.0,1512.3297,89.47295,0.012647903,0.0,0.5617045,0.2986836
5800,1804.1481,0.0,1317.4003,89.47309,0.017620837,0.0,0.5637967,0.29868552
5801,1812.7104,0.0,1161.6338,89.47322,0.016056586,0.0,0.5112191,0.2986872
5802,2335.1338,0.0,1278.8734,89.47332,0.015107769,0.0,0.6041233,0.2986886
5803,1656.4633,0.0,1463.7709,89.473404,0.015972402,0.0,0.5705463,0.29868984
5804,1943.7294,0.0,1039.9031,89.47357,0.01912123,0.0,0.61286306,0.2986908
5805,2340.6023,0.0,886.07965,89.4737,0.016303428,0.0,0.5829231,0.2986916
5806,2340.2932,0.0,1057.7903,89.47384,0.0153906,0.0,0.54740477,0.29869226
5807,1374.7256,0.0,1225.8068,89.47396,0.013013199,0.0,0.55055964,0.29869273
5808,1584.5529,0.0,1199.0238,89.47412,0.013392426,0.0,0.53471684,0.29869303
5809,1918.7123,0.0,1129.3933,89.47427,0.015233005,0.0,0.5705832,0.29869324
5810,1729.77,0.0,1037.8192,89.47444,0.017051227,0.0,0.57249975,0.2986934
5811,1533.299,0.0,1219.3434,89.4746,0.016452186,0.0,0.5786025,0.2986934
5812,2586.0203,0.0,1217.9432,89.47477,0.014414677,0.0,0.5405928,0.29869324
5813,1547.301,0.0,1223.2302,89.47498,0.023756344,0.0,0.5833541,0.29869306
5814,1702.0526,0.0,1058.1703,89.475296,0.013921059,0.0,0.5289111,0.29869282
5815,1897.6305,0.0,1116.7637,89.47557,0.015521604,0.0,0.55623597,0.2986925
5816,2169.807,0.0,1161.3429,89.475815,0.017980132,0.0,0.5720065,0.29869214
5817,1936.2739,0.0,1153.4894,89.47606,0.02066723,0.0,0.5444828,0.2986917
5818,2001.8219,0.0,1058.915,89.47626,0.014524078,0.0,0.5560694,0.2986912
5819,2132.2808,0.0,1098.3044,89.47642,0.012784323,0.0,0.5608641,0.29869077
5820,1613.3279,0.0,1247.9393,89.4766,0.017331759,0.0,0.56080973,0.29869026
5821,1805.0466,0.0,1229.3856,89.47677,0.014497406,0.0,0.56463456,0.2986897
5822,2076.329,0.0,972.0384,89.47687,0.01564343,0.0,0.58458614,0.29869154
5823,1287.7311,0.0,1384.284,89.47696,0.015921675,0.0,0.59485906,0.2986931
5824,2018.0067,0.0,984.6397,89.47701,0.017825391,0.0,0.6094569,0.2986944
5825,1620.2865,0.0,1090.5579,89.47706,0.017968986,0.0,0.53296196,0.2986955
5826,1498.1046,0.0,916.2549,89.47705,0.015708134,0.0,0.539231,0.29869688
5827,1619.9471,0.0,959.3892,89.47707,0.014246574,0.0,0.5570771,0.2986981
5828,1410.5065,0.0,1046.094,89.47708,0.018249456,0.0,0.5260898,0.29869902
5829,1898.0034,0.0,1115.6792,89.477104,0.017595517,0.0,0.5711061,0.29869983
5830,2464.9102,0.0,1286.5969,89.47715,0.014802939,0.0,0.5332297,0.29870042
5831,2050.4246,0.0,1053.4763,89.477234,0.015370548,0.0,0.56556773,0.2987009
5832,1766.5763,0.0,842.0422,89.477325,0.01950079,0.0,0.54690504,0.29870123
5833,2651.985,0.0,916.6695,89.47742,0.01524452,0.0,0.652319,0.29870135
5834,1790.3448,0.0,884.5971,89.47744,0.016631708,0.0,0.54803056,0.29870132
5835,2204.8806,0.0,1172.0852,89.477455,0.015757421,0.0,0.56621045,0.29870123
5836,1707.3301,0.0,1065.7769,89.47749,0.0140985465,0.0,0.58431405,0.29870105
5837,2575.5251,0.0,932.1,89.47754,0.016047645,0.0,0.53432405,0.29870078
5838,1837.7407,0.0,1083.3333,89.47758,0.019255266,0.0,0.5570935,0.29870048
5839,1810.6774,0.0,1059.7195,89.4776,0.017632663,0.0,0.524124,0.29870006
5840,1928.1117,0.0,965.9607,89.477646,0.0138915405,0.0,0.5805654,0.29869965
5841,1942.4526,0.0,1135.214,89.47766,0.016676094,0.0,0.58401287,0.2986992
5842,1482.2155,0.0,933.2484,89.4777,0.017054368,0.0,0.52034724,0.29869866
5843,2199.306,0.0,1022.6241,89.477715,0.017202068,0.0,0.55337495,0.29869923
5844,1917.4698,0.0,909.7324,89.47774,0.015241658,0.0,0.5504187,0.29869965
5845,2337.9011,0.0,1169.5563,89.4777,0.017345225,0.0,0.56264967,0.29869992
5846,1953.8033,0.0,775.70465,89.477684,0.016343813,0.0,0.559,0.29870006
5847,1809.7925,0.0,865.5272,89.47771,0.01666363,0.0,0.5559524,0.29870006
5848,1924.7362,0.0,1217.7985,89.477684,0.015076177,0.0,0.5735283,0.2987
5849,1417.3286,0.0,1090.3093,89.47771,0.018482743,0.0,0.544554,0.29869992
5850,1804.9692,0.0,1227.8073,89.47775,0.020838913,0.0,0.56083053,0.29869965
5851,2255.4978,0.0,1104.6218,89.47777,0.018102154,0.0,0.5460763,0.29869935
5852,1802.1976,0.0,1211.3849,89.47777,0.023815967,0.0,0.58033705,0.298699
5853,1905.7623,0.0,1146.4866,89.4778,0.017418815,0.0,0.554285,0.29869854
5854,1947.9703,0.0,1138.9067,89.4778,0.016219653,0.0,0.5342815,0.29869807
5855,2107.8594,0.0,922.26306,89.477776,0.014137867,0.0,0.52471936,0.2986976
5856,1612.051,0.0,1003.25714,89.477776,0.017440556,0.0,0.59506,0.29869705
5857,1870.5768,0.0,1883.7349,89.47772,0.016968383,0.0,0.5780724,0.2986964
5858,2111.1233,0.0,1488.8654,89.47771,0.016183298,0.0,0.56893903,0.29869553
5859,2049.1157,0.0,1169.5061,89.47781,0.014142181,0.0,0.5761108,0.29869464
5860,2249.7537,0.0,1284.1495,89.47804,0.019188931,0.0,0.55961245,0.2986938
5861,1740.043,0.0,934.01794,89.478226,0.016462138,0.0,0.5472199,0.29869294
5862,2193.69,0.0,1075.8583,89.478355,0.016278893,0.0,0.54517245,0.2986921
5863,1875.9141,0.0,1451.5774,89.47848,0.017319048,0.0,0.56331754,0.29869115
5864,2177.3296,0.0,1063.5386,89.478584,0.014242492,0.0,0.5700655,0.29869026
5865,1910.2804,0.0,1127.8624,89.4787,0.013994558,0.0,0.58888066,0.2986894
5866,1587.1257,0.0,1379.841,89.478775,0.014622181,0.0,0.545551,0.29868856
5867,2357.053,0.0,1002.0556,89.47883,0.020848786,0.0,0.60944915,0.2986877
5868,2222.3171,0.0,1270.4371,89.47883,0.020740092,0.0,0.57241726,0.2986868
5869,1929.3484,0.0,1169.1515,89.47883,0.016679207,0.0,0.5985494,0.29868594
5870,2886.2913,0.0,937.1754,89.478806,0.018815322,0.0,0.56806076,0.29868546
5871,2033.1726,0.0,1523.518,89.478836,0.017035637,0.0,0.55561703,0.29868495
5872,1867.0968,0.0,1102.1178,89.47887,0.017529663,0.0,0.5488348,0.29868436
5873,2029.4253,0.0,863.08514,89.47887,0.015447317,0.0,0.52704763,0.29868376
5874,1256.0796,0.0,965.13513,89.478874,0.015974041,0.0,0.55912894,0.2986831
5875,1770.4647,0.0,979.9556,89.47896,0.014140118,0.0,0.52438927,0.29868245
5876,1599.6238,0.0,1073.1523,89.47902,0.020955605,0.0,0.566822,0.29868174
5877,2123.999,0.0,995.1275,89.479065,0.018839981,0.0,0.5498682,0.2986878
5878,1940.4573,0.0,1312.4296,89.47908,0.020084005,0.0,0.5574433,0.29869324
5879,3326.5308,0.0,1061.986,89.47909,0.014578516,0.0,0.5486292,0.29869822
5880,2321.3125,0.0,1631.1167,89.47908,0.018250633,0.0,0.5848763,0.29870275
5881,1503.1428,0.0,1230.8696,89.479095,0.015744794,0.0,0.58315206,0.2987068
5882,1734.6166,0.0,1064.4131,89.47909,0.0176421,0.0,0.5734196,0.29871044
5883,2279.3396,0.0,1061.9807,89.4791,0.017638233,0.0,0.5789921,0.29871365
5884,2063.7927,0.0,1083.1829,89.4791,0.0204868,0.0,0.56650466,0.29871652
5885,1673.1592,0.0,1567.3901,89.479095,0.018521322,0.0,0.564919,0.2987165
5886,1384.9313,0.0,942.1275,89.47911,0.017736912,0.0,0.5640063,0.2987164
5887,1629.5815,0.0,1135.4347,89.47914,0.016754273,0.0,0.5196001,0.29871625
5888,1861.6819,0.0,1173.1616,89.479164,0.016323466,0.0,0.53605103,0.29871613
5889,1442.9563,0.0,1060.2382,89.47913,0.01632968,0.0,0.5604489,0.29871595
5890,1486.6577,0.0,1004.4146,89.479126,0.01559564,0.0,0.56498766,0.29871574
5891,2106.0715,0.0,1179.9546,89.47903,0.016037267,0.0,0.5158962,0.29871547
5892,1620.1877,0.0,1178.9799,89.478966,0.018773891,0.0,0.59104645,0.29871514
5893,1700.3235,0.0,1165.0322,89.47895,0.016875956,0.0,0.58060277,0.29871476
5894,1947.4747,0.0,876.8272,89.47895,0.012922111,0.0,0.56052876,0.2987144
5895,2096.2996,0.0,1492.2266,89.478966,0.01849623,0.0,0.58015937,0.298714
5896,2304.683,0.0,1090.0787,89.479034,0.013833864,0.0,0.52338624,0.29871354
5897,1609.4921,0.0,1112.8196,89.47912,0.017189726,0.0,0.5409965,0.29871306
5898,1519.1744,0.0,1084.4843,89.4792,0.018792832,0.0,0.62113726,0.29871252
5899,1846.438,0.0,1294.9524,89.47928,0.01872053,0.0,0.55918014,0.298712
5900,1607.0172,0.0,1123.9886,89.47937,0.017673438,0.0,0.61387885,0.29871136
5901,2470.2603,0.0,1602.9878,89.47946,0.015068034,0.0,0.5248504,0.2987107
5902,1970.9578,0.0,1150.2637,89.47952,0.014152143,0.0,0.5456702,0.29871008
5903,1364.7596,0.0,1198.1917,89.479515,0.013757366,0.0,0.595803,0.29870936
5904,2423.1897,0.0,1202.2666,89.4795,0.015226586,0.0,0.5616891,0.29870862
5905,2197.0042,0.0,1245.88,89.479416,0.01439369,0.0,0.53650945,0.29870787
5906,1442.5809,0.0,1141.1569,89.47935,0.014898658,0.0,0.5497224,0.29870716
5907,1647.6289,0.0,1076.4885,89.47926,0.016000496,0.0,0.5952918,0.29870638
5908,1190.8846,0.0,1448.8954,89.4792,0.0147113595,0.0,0.53184325,0.29870558
5909,2009.7294,0.0,1328.3118,89.479164,0.017985519,0.0,0.5450872,0.29870474
5910,2073.9443,0.0,1211.2943,89.47907,0.014631609,0.0,0.57391024,0.29870394
5911,1655.4114,0.0,1393.7195,89.47904,0.016392237,0.0,0.551356,0.2987031
5912,1751.9952,0.0,1542.2886,89.47904,0.015402861,0.0,0.60737133,0.29870224
5913,1704.1349,0.0,1175.6221,89.47899,0.014773538,0.0,0.5861551,0.29870138
5914,2098.4766,0.0,1082.4214,89.478935,0.014444128,0.0,0.5759324,0.29870054
5915,1592.4377,0.0,1345.1437,89.47887,0.014997391,0.0,0.610551,0.29870358
5916,1717.1542,0.0,1065.5016,89.478775,0.015224593,0.0,0.60788894,0.2987062
5917,2641.761,0.0,1210.0109,89.47872,0.013903081,0.0,0.5943959,0.29870847
5918,1953.4,0.0,1037.3773,89.47867,0.014836602,0.0,0.581442,0.2987105
5919,1506.5273,0.0,1253.696,89.47865,0.016586378,0.0,0.54620874,0.29871303
5920,2332.1858,0.0,830.2594,89.47861,0.01196113,0.0,0.5381466,0.29871526
5921,1674.2396,0.0,1179.3895,89.47858,0.018355832,0.0,0.5319991,0.2987172
5922,1525.7335,0.0,1165.6967,89.47857,0.014583645,0.0,0.5417758,0.29871884
5923,1456.8445,0.0,949.7065,89.47858,0.020493625,0.0,0.56193733,0.29872027
5924,1969.4393,0.0,1086.1133,89.47856,0.023452062,0.0,0.56562805,0.2987214
5925,2079.8213,0.0,1163.036,89.47857,0.017428985,0.0,0.55794334,0.29872733
5926,1717.9795,0.0,1135.7314,89.4786,0.017647127,0.0,0.5665755,0.29873264
5927,2097.6963,0.0,1258.5447,89.47862,0.015572712,0.0,0.5647898,0.29873735
5928,1840.7606,0.0,1288.443,89.47857,0.017507818,0.0,0.52482766,0.29874143
5929,1132.7882,0.0,1082.123,89.47854,0.013441272,0.0,0.55447197,0.2987446
5930,1780.9888,0.0,979.8865,89.47849,0.01469784,0.0,0.6044023,0.29874727
5931,1945.5986,0.0,1361.8704,89.47847,0.013860319,0.0,0.5391542,0.29874957
5932,1339.1613,0.0,1327.798,89.47849,0.01747609,0.0,0.5689752,0.29875156
5933,2088.6865,0.0,1050.3759,89.47856,0.018722117,0.0,0.5806799,0.2987534
5934,2107.9392,0.0,918.19324,89.47864,0.013015196,0.0,0.51095164,0.29875493
5935,1776.8269,0.0,1128.545,89.47874,0.016141258,0.0,0.5548049,0.2987562
5936,1634.4214,0.0,1264.7493,89.47879,0.014935663,0.0,0.6124307,0.29875734
5937,2186.5334,0.0,923.8883,89.478874,0.017154677,0.0,0.56214565,0.29875824
5938,1838.1508,0.0,1250.5825,89.47895,0.015456757,0.0,0.59272647,0.29875892
5939,1777.0682,0.0,1305.6677,89.47894,0.015235713,0.0,0.59240854,0.29875988
5940,1967.0903,0.0,1163.3451,89.47896,0.01686217,0.0,0.5443889,0.29876068
5941,1622.0754,0.0,1134.1797,89.479034,0.014599636,0.0,0.56937575,0.29876128
5942,2175.6272,0.0,1089.4034,89.47914,0.018247984,0.0,0.5286125,0.29876173
5943,1819.8398,0.0,1062.2627,89.47921,0.015354961,0.0,0.57480276,0.29875726
5944,1352.1218,0.0,768.7684,89.47925,0.017483905,0.0,0.57086146,0.2987533
5945,1398.265,0.0,1783.347,89.47923,0.014504753,0.0,0.5776288,0.2987497
5946,1337.7389,0.0,1247.2255,89.47921,0.015730508,0.0,0.5878679,0.29874924
5947,1517.8914,0.0,1001.7663,89.47914,0.015396456,0.0,0.58476704,0.29874885
5948,1530.7883,0.0,1338.7314,89.47903,0.01532897,0.0,0.53324604,0.29874837
5949,1335.9216,0.0,1294.1442,89.478905,0.016100302,0.0,0.57167447,0.29874796
5950,1603.4763,0.0,1453.4851,89.47877,0.016491147,0.0,0.5525644,0.29874748
5951,1317.143,0.0,1078.7,89.47865,0.01529245,0.0,0.5752008,0.29874495
5952,1902.5024,0.0,1308.4028,89.478516,0.014021623,0.0,0.56254554,0.2987427
5953,1786.6696,0.0,982.2436,89.4784,0.015812162,0.0,0.5445516,0.29874074
5954,1540.0116,0.0,1152.6567,89.4783,0.018226704,0.0,0.52827805,0.29873908
5955,2123.2876,0.0,1262.0168,89.47824,0.017561296,0.0,0.5443052,0.2987376
5956,1744.981,0.0,956.5035,89.47818,0.015609431,0.0,0.5603142,0.29873618
5957,1769.4161,0.0,1138.5989,89.478096,0.024241883,0.0,0.55985755,0.2987349
5958,1770.4432,0.0,1055.5413,89.478004,0.018720744,0.0,0.54104686,0.29873368
5959,1681.6997,0.0,960.6236,89.47796,0.014199868,0.0,0.60460013,0.2987346
5960,1216.6456,0.0,1013.6275,89.47796,0.015461296,0.0,0.5556781,0.2987354
5961,1556.4705,0.0,965.80597,89.47793,0.015841909,0.0,0.5938716,0.29873613
5962,1611.0753,0.0,1273.326,89.47793,0.018520918,0.0,0.57925504,0.29873663
5963,1667.3579,0.0,1143.1758,89.47792,0.015968319,0.0,0.59117866,0.2987371
5964,1541.9584,0.0,1580.2672,89.47793,0.015342129,0.0,0.562831,0.29873744
5965,1803.1047,0.0,1115.8875,89.47798,0.015860366,0.0,0.5683805,0.29873765
5966,2825.74,0.0,883.11395,89.47806,0.018432897,0.0,0.5860487,0.2987375
5967,1569.1652,0.0,1442.9755,89.478134,0.016390909,0.0,0.57520837,0.29873848
5968,1438.4978,0.0,1433.736,89.47823,0.015162843,0.0,0.5825294,0.29873818
5969,2061.1902,0.0,1573.2246,89.47835,0.016562864,0.0,0.58532435,0.29873782
5970,1575.2335,0.0,1051.174,89.47844,0.015135959,0.0,0.5857626,0.2987383
5971,1867.8492,0.0,901.42535,89.4785,0.014275573,0.0,0.5686343,0.29873872
5972,2088.6348,0.0,1092.8875,89.47854,0.015550698,0.0,0.584885,0.29873893
5973,1921.4183,0.0,1251.539,89.47857,0.0144772865,0.0,0.5781354,0.2987392
5974,1750.7273,0.0,945.0504,89.47859,0.014677788,0.0,0.55349594,0.29873925
5975,2505.7676,0.0,719.8549,89.47865,0.016848598,0.0,0.5855746,0.29874828
5976,1399.0768,0.0,987.74585,89.47871,0.016362188,0.0,0.54337424,0.29875645
5977,1710.8038,0.0,1080.5278,89.47875,0.017046515,0.0,0.58077395,0.2987637
5978,1936.676,0.0,1473.1576,89.478806,0.01631686,0.0,0.54280716,0.2987702
5979,1073.8176,0.0,1088.4431,89.47879,0.01452297,0.0,0.5672064,0.298776
5980,2060.8193,0.0,1176.339,89.4788,0.014332963,0.0,0.5718992,0.2987812
5981,1869.0078,0.0,1201.5314,89.478775,0.014210513,0.0,0.5484241,0.29878572
5982,2286.573,0.0,924.8117,89.478806,0.015702281,0.0,0.53895986,0.29878974
5983,1883.9181,0.0,1623.7135,89.478874,0.018601688,0.0,0.5449766,0.29879332
5984,1593.7594,0.0,1192.3258,89.47895,0.01484514,0.0,0.55483097,0.29879642
5985,2140.657,0.0,921.9733,89.47898,0.016036112,0.0,0.5181272,0.2987991
5986,1366.7408,0.0,1071.3623,89.47908,0.018323202,0.0,0.5398861,0.2988015
5987,2640.0608,0.0,1306.0957,89.479126,0.017833099,0.0,0.5840522,0.29880366
5988,1594.401,0.0,947.9187,89.479164,0.016429719,0.0,0.5567955,0.2988055
5989,1902.4648,0.0,1311.1403,89.4792,0.016688552,0.0,0.5705485,0.29880708
5990,1800.2042,0.0,1191.0951,89.47921,0.014082446,0.0,0.51161647,0.298808
5991,1790.9044,0.0,1233.8162,89.47927,0.016642261,0.0,0.56577283,0.2988087
5992,1559.8171,0.0,1316.7985,89.479385,0.017822545,0.0,0.5663205,0.29880926
5993,2283.642,0.0,938.0333,89.47948,0.017394168,0.0,0.5579082,0.29880908
5994,1486.8231,0.0,984.3755,89.479546,0.017259447,0.0,0.53696483,0.2988088
5995,1476.8662,0.0,1264.8844,89.47958,0.014618456,0.0,0.6173174,0.29880854
5996,2128.397,0.0,1539.1039,89.479546,0.0141055975,0.0,0.5765647,0.2988082
5997,1927.6351,0.0,1465.1353,89.479546,0.014088042,0.0,0.5534924,0.29880777
5998,1718.4073,0.0,1318.795,89.479576,0.0125675155,0.0,0.5858991,0.29880774
5999,1849.8752,0.0,1137.8053,89.4796,0.014447267,0.0,0.5480222,0.2988076
6000,1585.5339,0.0,1525.6261,89.47971,0.020327952,0.0,0.5947715,0.2988073
6001,1385.7537,0.0,1349.6365,89.47984,0.013512711,0.0,0.5563762,0.29880697
6002,1634.1393,0.0,1087.1116,89.479935,0.017736973,0.0,0.58984435,0.29880658
6003,1647.7156,0.0,1027.8018,89.48004,0.01712757,0.0,0.58154374,0.29880613
6004,1966.1576,0.0,1006.85,89.48016,0.014203064,0.0,0.56258196,0.29880568
6005,2023.2104,0.0,1113.0724,89.480286,0.014311047,0.0,0.56073976,0.29880515
6006,2104.5662,0.0,1240.47,89.48033,0.014266258,0.0,0.54175425,0.29880708
6007,1557.7772,0.0,1109.5476,89.48034,0.016109966,0.0,0.5874704,0.2988088
6008,1832.4181,0.0,727.24646,89.480354,0.016715894,0.0,0.6438516,0.29881024
6009,2605.0808,0.0,1095.064,89.4804,0.017168459,0.0,0.5687425,0.2988115
6010,1850.1318,0.0,747.32574,89.480385,0.01312305,0.0,0.5958266,0.29881248
6011,1272.9966,0.0,1148.4271,89.480354,0.013361087,0.0,0.56129545,0.29881337
6012,1644.3556,0.0,851.7664,89.48037,0.018063743,0.0,0.5820749,0.298814
6013,1641.9062,0.0,1023.3771,89.48037,0.016977903,0.0,0.5387006,0.29881525
6014,2083.693,0.0,1178.2146,89.48038,0.016150836,0.0,0.54846144,0.29881638
6015,2518.4546,0.0,1325.9446,89.48041,0.01454784,0.0,0.5604736,0.29881722
6016,1708.6772,0.0,1226.9015,89.48041,0.018137448,0.0,0.61513436,0.2988179
6017,1836.6985,0.0,1103.3385,89.48042,0.017735241,0.0,0.5813315,0.29881844
6018,1979.882,0.0,1563.0212,89.48045,0.017794352,0.0,0.55303514,0.29881874
6019,1611.4991,0.0,1190.9773,89.4805,0.01765512,0.0,0.53859115,0.29881904
6020,1395.301,0.0,1583.2505,89.48049,0.01603749,0.0,0.6043734,0.29881915
6021,1721.3746,0.0,978.0634,89.48044,0.016013749,0.0,0.5245364,0.29881918
6022,1880.0278,0.0,1032.2303,89.48041,0.0135136265,0.0,0.55642664,0.2988191
6023,1927.5721,0.0,1224.505,89.480385,0.012991885,0.0,0.614384,0.29881892
6024,1982.7804,0.0,1196.502,89.480385,0.013163391,0.0,0.5455967,0.29881874
6025,2116.7292,0.0,986.8912,89.480415,0.014371655,0.0,0.5183506,0.29881838
6026,1232.8455,0.0,1009.6767,89.480446,0.013488485,0.0,0.55757207,0.29881802
6027,1683.7109,0.0,1514.6664,89.48045,0.016138773,0.0,0.5992162,0.29881757
6028,1891.0494,0.0,1161.0101,89.48039,0.016529407,0.0,0.5433162,0.29881707
6029,1465.9755,0.0,1140.457,89.48032,0.016536761,0.0,0.5134653,0.29881656
6030,2020.7435,0.0,1120.1083,89.48029,0.017911073,0.0,0.56926453,0.2988159
6031,1854.5002,0.0,1437.927,89.48027,0.014245985,0.0,0.55954945,0.29881525
6032,1652.8123,0.0,927.6822,89.48029,0.01297915,0.0,0.577512,0.29881465
6033,1639.723,0.0,1111.9583,89.480316,0.014605589,0.0,0.5946109,0.29881394
6034,1855.6553,0.0,856.13135,89.48036,0.016631465,0.0,0.5715452,0.2988132
6035,1731.4657,0.0,1329.3916,89.48039,0.0188514,0.0,0.5550701,0.29881245
6036,1733.5247,0.0,1126.7495,89.48044,0.014806579,0.0,0.60410666,0.29881167
6037,1619.9506,0.0,786.60455,89.48046,0.014896735,0.0,0.5663695,0.2988101
6038,1890.1324,0.0,1143.7762,89.48047,0.02078421,0.0,0.59961224,0.2988066
6039,1988.2666,0.0,1018.8008,89.480446,0.0144229885,0.0,0.5503422,0.29880336
6040,1819.3971,0.0,1041.448,89.4804,0.01613072,0.0,0.5659801,0.29880032
6041,1913.2909,0.0,1077.8019,89.480354,0.0154603375,0.0,0.5474313,0.29879752
6042,2283.508,0.0,1405.9539,89.48035,0.014023955,0.0,0.5747873,0.29879493
6043,1407.4292,0.0,969.7987,89.48034,0.01960689,0.0,0.6058756,0.29879248
6044,1750.0232,0.0,1048.648,89.48033,0.014626506,0.0,0.5678332,0.29879016
6045,1407.3479,0.0,1248.762,89.48036,0.01738913,0.0,0.5678529,0.29878804
6046,1970.143,0.0,1369.4204,89.48035,0.013354498,0.0,0.53479373,0.2987861
6047,1901.8026,0.0,1175.2617,89.48036,0.016747432,0.0,0.58711433,0.2987842
6048,1543.9308,0.0,1065.7831,89.48036,0.014781386,0.0,0.6070652,0.29878247
6049,1814.3201,0.0,1214.2269,89.48041,0.017420847,0.0,0.5595437,0.29878074
6050,1776.0151,0.0,1165.3442,89.48047,0.01679134,0.0,0.56463826,0.29877913
6051,1920.7302,0.0,888.80695,89.4805,0.015674897,0.0,0.5873167,0.29877755
6052,2219.6016,0.0,1220.3235,89.480576,0.016936103,0.0,0.5572252,0.29877606
6053,1855.8322,0.0,1114.735,89.48066,0.015267961,0.0,0.5722228,0.2987746
6054,1710.0046,0.0,975.42255,89.48071,0.01433669,0.0,0.57845247,0.29877317
6055,1555.805,0.0,1322.7357,89.48078,0.015789429,0.0,0.5663605,0.29877183
6056,1608.7734,0.0,1172.6647,89.48085,0.01602342,0.0,0.5604815,0.2987705
6057,1831.6592,0.0,837.0673,89.48092,0.013850081,0.0,0.5427378,0.2987692
6058,1953.3291,0.0,799.4097,89.480965,0.0140682105,0.0,0.58949196,0.29876795
6059,2135.1985,0.0,844.6363,89.48111,0.014155748,0.0,0.61909497,0.2987639
6060,1741.5577,0.0,921.4241,89.48121,0.014989611,0.0,0.54813474,0.2987606
6061,1639.1274,0.0,982.74176,89.4813,0.0132005615,0.0,0.5605287,0.29875785
6062,1860.7133,0.0,1286.4141,89.481316,0.013081929,0.0,0.5537061,0.29875553
6063,2618.8008,0.0,1247.8716,89.48134,0.018834498,0.0,0.5732984,0.29875338
6064,1851.7324,0.0,1037.0607,89.48135,0.012780074,0.0,0.56239283,0.29875153
6065,1476.1906,0.0,1313.8976,89.48141,0.01991169,0.0,0.5647447,0.29874992
6066,1619.2927,0.0,1190.7891,89.48143,0.015632644,0.0,0.5319377,0.2987485
6067,1659.5201,0.0,1310.3762,89.481445,0.016074613,0.0,0.59168446,0.29874724
6068,2139.4854,0.0,1168.2231,89.48146,0.015952207,0.0,0.5395511,0.29874578
6069,1811.589,0.0,1097.5563,89.481445,0.018707562,0.0,0.5591279,0.29874447
6070,1594.7999,0.0,1261.3882,89.48148,0.018920433,0.0,0.6440901,0.29874322
6071,1703.096,0.0,897.21826,89.48152,0.015025198,0.0,0.59841007,0.2987421
6072,1388.7643,0.0,928.1089,89.481636,0.013717964,0.0,0.56369996,0.29874095
6073,2071.606,0.0,1146.4172,89.481766,0.016624544,0.0,0.54554385,0.29873943
6074,2367.0422,0.0,1090.2523,89.48181,0.016234014,0.0,0.588622,0.2987382
6075,1633.8323,0.0,1352.321,89.48188,0.01609771,0.0,0.60253775,0.29873696
6076,1543.4645,0.0,951.66925,89.482,0.018284997,0.0,0.57982314,0.29873574
6077,1862.9857,0.0,925.008,89.48213,0.011895351,0.0,0.5470693,0.29873455
6078,1414.2861,0.0,1128.7844,89.4823,0.016333865,0.0,0.5955901,0.2987334
6079,1790.29,0.0,1071.0818,89.48248,0.013088714,0.0,0.54017234,0.2987327
6080,1474.1367,0.0,1368.7404,89.48265,0.01843515,0.0,0.5615655,0.2987319
6081,1594.5148,0.0,1285.1687,89.48278,0.014563588,0.0,0.58719254,0.29873112
6082,1676.2886,0.0,1191.0304,89.48289,0.015947156,0.0,0.5654144,0.2987303
6083,1467.1276,0.0,919.9383,89.48297,0.016300645,0.0,0.5374056,0.29872948
6084,1717.3768,0.0,1209.7703,89.48309,0.011755402,0.0,0.6174464,0.29872867
6085,2983.825,0.0,1203.8396,89.483215,0.019397613,0.0,0.5797634,0.29872856
6086,1747.6788,0.0,1083.5933,89.48333,0.017258195,0.0,0.54939884,0.2987283
6087,1931.6804,0.0,1556.5768,89.483444,0.015742633,0.0,0.57895684,0.29872796
6088,1826.7465,0.0,1522.4924,89.483505,0.014811362,0.0,0.5538585,0.29872704
6089,1801.7739,0.0,1038.547,89.483536,0.017547227,0.0,0.6163757,0.29872617
6090,1465.6146,0.0,832.8922,89.48356,0.016656823,0.0,0.5367948,0.2987254
6091,1758.0791,0.0,1312.6188,89.48359,0.01581516,0.0,0.57606906,0.29872462
6092,2049.9797,0.0,992.2578,89.483665,0.018540157,0.0,0.5582007,0.29872394
6093,2113.5435,0.0,1119.9436,89.48369,0.014281809,0.0,0.51467085,0.2987252
6094,1506.6196,0.0,1296.716,89.48371,0.017445635,0.0,0.56128633,0.29872626
6095,1523.5894,0.0,787.2374,89.483696,0.019133551,0.0,0.57432854,0.2987272
6096,1549.1495,0.0,1421.9054,89.483665,0.0156969,0.0,0.5586779,0.29872793
6097,1809.4948,0.0,1536.3792,89.48361,0.019431308,0.0,0.5336358,0.2987285
6098,1515.2242,0.0,999.66705,89.48364,0.015742484,0.0,0.54947126,0.29873076
6099,1327.3014,0.0,1225.92,89.48367,0.018079558,0.0,0.51172376,0.29873276
6100,1906.5704,0.0,991.1983,89.483734,0.01857312,0.0,0.54312754,0.29873443
6101,2011.9952,0.0,1571.2286,89.483795,0.015466055,0.0,0.51497364,0.29873583
6102,1941.8658,0.0,1049.8468,89.4839,0.013164755,0.0,0.56963587,0.29873702
6103,2019.1967,0.0,1682.5172,89.48397,0.017196797,0.0,0.5511673,0.298738
6104,1862.0128,0.0,942.6862,89.48412,0.013765184,0.0,0.5424454,0.29873928
6105,1690.242,0.0,1197.3633,89.484215,0.013017255,0.0,0.59954375,0.29874027
6106,2803.1191,0.0,867.25574,89.48431,0.018061977,0.0,0.5885207,0.29874107
6107,1537.0607,0.0,899.3451,89.48441,0.016498122,0.0,0.5185462,0.29874173
6108,1657.9662,0.0,1161.2823,89.48455,0.018074874,0.0,0.5240667,0.29874223
6109,1634.1261,0.0,1113.7936,89.48467,0.016754244,0.0,0.54024756,0.29874256
6110,1576.0221,0.0,877.7779,89.484764,0.016367495,0.0,0.568663,0.29874277
6111,1420.3702,0.0,1065.5062,89.48491,0.014411225,0.0,0.59430194,0.298743
6112,1592.4554,0.0,955.2595,89.48503,0.016857442,0.0,0.5834983,0.2987414
6113,1517.5166,0.0,1123.8729,89.48515,0.018340549,0.0,0.53630656,0.29873982
6114,2172.3904,0.0,1339.5754,89.485245,0.017140854,0.0,0.5636074,0.29873696
6115,2013.3971,0.0,1047.7657,89.48538,0.014992307,0.0,0.5744125,0.2987343
6116,2278.9866,0.0,1148.4144,89.48546,0.016119532,0.0,0.5921609,0.29873183
6117,1791.9683,0.0,947.313,89.485535,0.01567965,0.0,0.56058633,0.29872948
6118,1766.4049,0.0,1102.7096,89.4856,0.016902255,0.0,0.5497617,0.2987273
6119,1678.1398,0.0,1061.3328,89.48561,0.016995564,0.0,0.6083749,0.29872525
6120,2085.2,0.0,1177.8291,89.485634,0.016543247,0.0,0.5738523,0.2987233
6121,1812.9385,0.0,1246.76,89.48564,0.01513703,0.0,0.58855677,0.29872143
6122,1198.1031,0.0,1149.9949,89.485664,0.018920753,0.0,0.53253996,0.29871976
6123,2122.21,0.0,1278.5864,89.48568,0.0144190695,0.0,0.5846158,0.29871807
6124,2045.0703,0.0,955.5312,89.4857,0.01605546,0.0,0.5308986,0.29871652
6125,1576.3079,0.0,1141.5693,89.48574,0.01977251,0.0,0.5592917,0.29871503
6126,2232.5747,0.0,1319.3602,89.48576,0.019225141,0.0,0.594774,0.29871356
6127,1617.9093,0.0,962.66547,89.48577,0.014377667,0.0,0.5459465,0.29871213
6128,1446.2622,0.0,1102.3093,89.48582,0.017096674,0.0,0.512378,0.29871076
6129,1954.7172,0.0,844.4097,89.485825,0.015898295,0.0,0.58018297,0.29870945
6130,2008.2167,0.0,1021.1413,89.48584,0.014952323,0.0,0.5631825,0.2987081
6131,1491.4539,0.0,765.2337,89.48588,0.015825145,0.0,0.57215714,0.29870686
6132,2377.572,0.0,881.44714,89.48593,0.017413868,0.0,0.5399865,0.29870558
6133,2206.9795,0.0,1108.8654,89.486015,0.015838124,0.0,0.5832884,0.2987044
6134,1642.433,0.0,1222.9894,89.486046,0.013639058,0.0,0.56558776,0.2987032
6135,1998.6133,0.0,963.278,89.48602,0.017265726,0.0,0.5587258,0.29870203
6136,1683.2711,0.0,1153.4469,89.48605,0.018944487,0.0,0.5743699,0.29870087
6137,2099.8938,0.0,1128.2317,89.48617,0.01448147,0.0,0.61848366,0.29869977
6138,1898.2996,0.0,1261.5521,89.4863,0.018279161,0.0,0.5910834,0.29869857
6139,1735.858,0.0,1201.1168,89.48644,0.01853846,0.0,0.6045121,0.2986975
6140,2297.0906,0.0,1480.7468,89.486565,0.0179876,0.0,0.5498216,0.2986964
6141,1850.1178,0.0,855.31354,89.486664,0.013100207,0.0,0.54955566,0.29869533
6142,1498.4805,0.0,1255.0992,89.48677,0.018177917,0.0,0.5695172,0.29869425
6143,1633.2795,0.0,1195.8534,89.48687,0.016628668,0.0,0.53028196,0.2986887
6144,2665.5085,0.0,946.0062,89.48701,0.015343552,0.0,0.58435786,0.2986837
6145,1776.8046,0.0,1246.1558,89.487144,0.01670142,0.0,0.5451294,0.29867908
6146,1736.4757,0.0,1161.5507,89.48729,0.015439127,0.0,0.5305125,0.2986749
6147,2155.9119,0.0,1139.948,89.48741,0.015167594,0.0,0.59732974,0.2986711
6148,2098.3894,0.0,809.5634,89.487564,0.013959989,0.0,0.5447575,0.2986676
6149,2086.4006,0.0,1668.7216,89.4877,0.014520849,0.0,0.57924384,0.2986643
6150,1563.6296,0.0,1292.2756,89.487816,0.015569128,0.0,0.5417172,0.2986613
6151,1643.6078,0.0,1633.7847,89.487915,0.01570846,0.0,0.54616004,0.29865852
6152,1574.5338,0.0,921.26434,89.488045,0.0163727,0.0,0.58390594,0.29865593
6153,2705.1155,0.0,802.86005,89.48815,0.01695814,0.0,0.52257586,0.29865348
6154,1507.8263,0.0,1637.8774,89.48828,0.016533062,0.0,0.5770794,0.29865122
6155,2644.4734,0.0,1295.8873,89.48839,0.017262548,0.0,0.5648822,0.29864827
6156,2261.8152,0.0,713.8008,89.48851,0.015036329,0.0,0.5331798,0.29864547
6157,1678.4133,0.0,1389.7206,89.488655,0.020001525,0.0,0.5527409,0.29864034
6158,1728.0448,0.0,1149.6604,89.48884,0.01999836,0.0,0.5766454,0.29863566
6159,1576.3695,0.0,1094.0089,89.48902,0.015990632,0.0,0.49932015,0.2986314
6160,1975.2709,0.0,1285.4338,89.489204,0.016343134,0.0,0.58430576,0.29862693
6161,1928.4885,0.0,1093.7218,89.489426,0.018495247,0.0,0.5791111,0.2986229
6162,2155.8704,0.0,1382.1289,89.48966,0.019397644,0.0,0.5661959,0.29861915
6163,1792.631,0.0,1397.0142,89.48985,0.014651469,0.0,0.5710858,0.29861578
6164,1835.6104,0.0,1086.8237,89.490005,0.021873651,0.0,0.5582413,0.29863057
6165,1533.4244,0.0,1121.0287,89.49015,0.019655667,0.0,0.5756745,0.2986442
6166,2035.6638,0.0,1447.5203,89.49031,0.017802998,0.0,0.581905,0.2986567
6167,1605.4829,0.0,1047.6735,89.490425,0.017994286,0.0,0.5652668,0.29866815
6168,2100.6619,0.0,1191.6663,89.49055,0.019014288,0.0,0.6270696,0.29867852
6169,2023.7771,0.0,1040.576,89.490654,0.015118629,0.0,0.5558202,0.29868808
6170,1481.6177,0.0,898.2374,89.49077,0.016914621,0.0,0.5995843,0.29869664
6171,2059.7756,0.0,1195.7552,89.49086,0.01643782,0.0,0.5663508,0.2987044
6172,1723.9006,0.0,953.3785,89.49099,0.018634034,0.0,0.5736133,0.29871136
6173,1879.3851,0.0,1512.7661,89.491104,0.016944904,0.0,0.5688296,0.29871762
6174,1409.6659,0.0,1032.6046,89.49122,0.016988464,0.0,0.5656373,0.29872325
6175,1583.1394,0.0,1193.3541,89.491325,0.019959848,0.0,0.55620146,0.29872823
6176,1704.6292,0.0,1243.7328,89.49141,0.0153517425,0.0,0.5190205,0.2987329
6177,1583.9948,0.0,1276.8298,89.4915,0.015475819,0.0,0.55976987,0.29873702
6178,1675.5399,0.0,944.92804,89.49157,0.016579993,0.0,0.59437156,0.2987407
6179,1750.2258,0.0,1043.2655,89.49165,0.017794263,0.0,0.5460541,0.29874396
6180,1569.3966,0.0,1119.1768,89.491714,0.016214501,0.0,0.552943,0.2987468
6181,1979.3157,0.0,821.8585,89.49181,0.020079277,0.0,0.5444679,0.2987493
6182,1573.6573,0.0,1113.879,89.49193,0.019809728,0.0,0.5811033,0.29875144
6183,1684.9304,0.0,1319.5416,89.49208,0.016234362,0.0,0.5425029,0.2987533
6184,1487.5072,0.0,906.57404,89.49219,0.014988074,0.0,0.57577354,0.2987549
6185,1677.6036,0.0,1164.2089,89.49228,0.01634702,0.0,0.5188786,0.29875615
6186,1704.8651,0.0,1226.6461,89.4923,0.018554118,0.0,0.5689914,0.29875726
6187,1489.7804,0.0,1095.4047,89.49235,0.016213678,0.0,0.55633783,0.29875812
6188,1424.083,0.0,1056.2135,89.49236,0.01573769,0.0,0.555675,0.2987588
6189,1483.5162,0.0,981.7376,89.49246,0.015940636,0.0,0.5433647,0.29875934
6190,1493.42,0.0,979.61786,89.49252,0.015743777,0.0,0.56678367,0.29875982
6191,1588.4476,0.0,1416.4653,89.4926,0.01695782,0.0,0.5668963,0.29876006
6192,1514.2002,0.0,1032.3102,89.492744,0.019943386,0.0,0.5724565,0.29876018
6193,1516.8484,0.0,1088.3823,89.49297,0.017228112,0.0,0.6463442,0.29876015
6194,2017.0724,0.0,1513.7015,89.493195,0.017185299,0.0,0.576384,0.2987601
6195,1994.1935,0.0,991.23517,89.493355,0.016429316,0.0,0.55811167,0.29875988
6196,1448.0804,0.0,1072.0575,89.49351,0.01817416,0.0,0.5368798,0.2987596
6197,2424.4944,0.0,885.0762,89.49363,0.018357147,0.0,0.557783,0.29875925
6198,1782.8948,0.0,1073.1802,89.493774,0.018118817,0.0,0.54559815,0.29875886
6199,2380.8337,0.0,1200.6208,89.49385,0.020868098,0.0,0.516104,0.29875842
6200,1976.1163,0.0,1214.6884,89.49392,0.016065024,0.0,0.6024437,0.2987579
6201,1483.315,0.0,1255.1062,89.49406,0.017515045,0.0,0.56607556,0.29875737
6202,1924.9453,0.0,1029.9203,89.4941,0.014574621,0.0,0.5407448,0.29875675
6203,1523.0952,0.0,1122.1742,89.494156,0.016347822,0.0,0.58263344,0.2987561
6204,1766.7885,0.0,1004.69257,89.49424,0.014412342,0.0,0.5944668,0.29875544
6205,1822.6067,0.0,1382.6749,89.4943,0.019116396,0.0,0.5867326,0.29875472
6206,1526.5334,0.0,1024.8713,89.49435,0.017726354,0.0,0.5446459,0.29875398
6207,2725.119,0.0,1220.9366,89.49436,0.014506653,0.0,0.5524546,0.29875177
6208,2426.1746,0.0,927.82434,89.49438,0.014559103,0.0,0.57150626,0.29874974
6209,1926.8135,0.0,1230.7745,89.49438,0.018118907,0.0,0.56419337,0.29874787
6210,1177.0662,0.0,886.2439,89.49439,0.0141539825,0.0,0.58689016,0.29874608
6211,2163.4644,0.0,1271.8605,89.49442,0.013378169,0.0,0.53894913,0.29874444
6212,1986.1122,0.0,1023.20953,89.49448,0.016251601,0.0,0.53768635,0.29874286
6213,1455.6086,0.0,1251.2769,89.49456,0.014497807,0.0,0.5245575,0.29874137
6214,1935.3447,0.0,870.56915,89.49462,0.012407987,0.0,0.6078813,0.29873994
6215,1855.6783,0.0,1069.1588,89.4947,0.021542728,0.0,0.5829367,0.29873857
6216,2426.8975,0.0,766.3035,89.49479,0.016316948,0.0,0.56049764,0.29873717
6217,3069.0703,0.0,1048.4785,89.49483,0.014164319,0.0,0.53842586,0.29873592
6218,1789.8127,0.0,1131.2428,89.49496,0.01506755,0.0,0.6356218,0.29873466
6219,1747.4646,0.0,905.93536,89.49504,0.018236246,0.0,0.53669953,0.2987334
6220,1844.3273,0.0,1034.3214,89.49518,0.014759727,0.0,0.5270444,0.29873222
6221,2008.1425,0.0,900.27997,89.49532,0.017427284,0.0,0.513098,0.29873103
6222,1903.0057,0.0,943.10034,89.495445,0.0133196395,0.0,0.56668794,0.29872984
6223,1809.9205,0.0,884.39246,89.49552,0.013704329,0.0,0.61858845,0.29872876
6224,1697.9159,0.0,1054.4745,89.49554,0.016140094,0.0,0.58710593,0.29872647
6225,1908.1747,0.0,865.0543,89.495476,0.013065546,0.0,0.5235518,0.29872423
6226,2298.8926,0.0,1121.755,89.49545,0.014741987,0.0,0.54251724,0.2987222
6227,1424.6036,0.0,1453.2644,89.495445,0.01963011,0.0,0.5950309,0.2987188
6228,1504.8909,0.0,1040.7916,89.495415,0.017897654,0.0,0.59045804,0.29871577
6229,2177.984,0.0,1315.6477,89.49536,0.016719062,0.0,0.607449,0.29871294
6230,1759.9963,0.0,1240.3228,89.495346,0.014912941,0.0,0.5823306,0.2987104
6231,1465.4316,0.0,989.8616,89.49528,0.017553939,0.0,0.5456011,0.29870823
6232,2417.3203,0.0,1067.4382,89.49518,0.014192825,0.0,0.56176865,0.29871437
6233,2397.6802,0.0,1363.2649,89.4951,0.01304281,0.0,0.57685626,0.2987199
6234,2105.4902,0.0,847.11084,89.495,0.0148954,0.0,0.5776924,0.29872495
6235,2464.71,0.0,994.665,89.49492,0.018267645,0.0,0.5441517,0.29872948
6236,1752.2075,0.0,930.4493,89.49488,0.016937073,0.0,0.61197996,0.29873353
6237,2212.0896,0.0,1029.7031,89.494835,0.017868746,0.0,0.6277997,0.29873735
6238,1708.3063,0.0,857.5103,89.49485,0.015655477,0.0,0.5185174,0.29873973
6239,3032.2014,0.0,1435.844,89.49483,0.012256512,0.0,0.56924176,0.29874226
6240,1594.4021,0.0,1309.026,89.494774,0.016447332,0.0,0.57397974,0.29874474
6241,2053.1914,0.0,1198.9158,89.49471,0.018332144,0.0,0.544062,0.2987471
6242,2099.2288,0.0,968.746,89.49469,0.01650191,0.0,0.53556603,0.29874933
6243,1554.5078,0.0,965.21576,89.49464,0.018203277,0.0,0.568027,0.2987515
6244,1504.9238,0.0,881.14215,89.49464,0.018281056,0.0,0.5478114,0.2987534
6245,1542.8923,0.0,972.449,89.49456,0.012476442,0.0,0.53859985,0.29875514
6246,1554.6621,0.0,1142.8245,89.4945,0.01492391,0.0,0.5573245,0.29875675
6247,2430.9192,0.0,792.6435,89.49444,0.016100213,0.0,0.5162405,0.29875815
6248,1704.2388,0.0,1385.079,89.494385,0.015358436,0.0,0.5710506,0.2987594
6249,1696.6294,0.0,1104.1445,89.49441,0.017116558,0.0,0.5966157,0.29876044
6250,2235.2412,0.0,1046.6475,89.49439,0.018912405,0.0,0.5548227,0.29876044
6251,1969.3564,0.0,1221.5981,89.49442,0.017953012,0.0,0.5561139,0.29876044
6252,2089.85,0.0,1299.8856,89.49445,0.01874644,0.0,0.56984687,0.29876038
6253,1705.457,0.0,981.14685,89.4945,0.015719566,0.0,0.5663819,0.29876027
6254,1706.5414,0.0,1470.7545,89.494576,0.013588322,0.0,0.5564082,0.29876012
6255,1936.4503,0.0,1045.8955,89.49467,0.016508736,0.0,0.58325744,0.29875994
6256,1540.5641,0.0,824.6534,89.49476,0.014356102,0.0,0.56147325,0.29875967
6257,1744.2081,0.0,1078.5343,89.49478,0.013820517,0.0,0.5411605,0.29875937
6258,2403.167,0.0,1155.6002,89.49486,0.016196985,0.0,0.55260724,0.29875904
6259,1425.8945,0.0,921.15393,89.49499,0.014838385,0.0,0.54936004,0.29875836
6260,1505.1166,0.0,1289.2639,89.4951,0.017996825,0.0,0.5857956,0.2987576
6261,1617.4816,0.0,919.4564,89.495186,0.018108426,0.0,0.5291379,0.29875687
6262,2133.8726,0.0,1608.2458,89.495285,0.017386874,0.0,0.58327794,0.29875615
6263,1786.3815,0.0,1410.1412,89.49538,0.011734,0.0,0.5723641,0.29875535
6264,1419.6792,0.0,836.24243,89.495445,0.013624465,0.0,0.5499918,0.29875457
6265,1993.006,0.0,1167.0104,89.495544,0.014046135,0.0,0.55060756,0.29875374
6266,1698.9,0.0,1384.2848,89.4956,0.01826521,0.0,0.5667815,0.2987529
6267,1420.6029,0.0,1130.1755,89.49569,0.0176921,0.0,0.6021309,0.2987523
6268,2204.3313,0.0,948.8145,89.49573,0.018170986,0.0,0.5946075,0.29875168
6269,1923.8997,0.0,1332.6824,89.49574,0.0126616955,0.0,0.59037495,0.2987511
6270,2375.067,0.0,1230.9861,89.49578,0.015239458,0.0,0.5868579,0.29875043
6271,1668.8391,0.0,1373.6924,89.495804,0.014755744,0.0,0.54321176,0.29874983
6272,1495.0674,0.0,1162.2095,89.4958,0.015348124,0.0,0.5444267,0.2987492
6273,1682.4943,0.0,1212.1018,89.4958,0.016346782,0.0,0.6004562,0.2987485
6274,1554.3982,0.0,1182.8424,89.4958,0.014417532,0.0,0.5462408,0.2987478
6275,2071.6584,0.0,912.98627,89.495834,0.01657099,0.0,0.5975504,0.29874763
6276,2928.6567,0.0,1299.7809,89.495895,0.01586838,0.0,0.55421746,0.29874745
6277,1970.2883,0.0,1091.186,89.49598,0.016682142,0.0,0.5888032,0.2987472
6278,2058.364,0.0,1388.8546,89.49607,0.01783922,0.0,0.6082106,0.29874685
6279,1311.0676,0.0,1074.2211,89.49619,0.0154542625,0.0,0.5538154,0.29874644
6280,1597.0687,0.0,1260.9772,89.49631,0.014292819,0.0,0.5400421,0.29874605
6281,2492.6396,0.0,1029.655,89.49637,0.013200576,0.0,0.54124,0.29874548
6282,2227.1548,0.0,1364.624,89.496414,0.0161729,0.0,0.5236239,0.29874498
6283,1748.495,0.0,1208.6089,89.49651,0.015910286,0.0,0.5639024,0.29874435
6284,1519.0426,0.0,629.77606,89.4966,0.016483676,0.0,0.55459446,0.29874375
6285,2208.0525,0.0,988.331,89.496635,0.01492269,0.0,0.5386044,0.298743
6286,1978.056,0.0,936.46484,89.496666,0.012906441,0.0,0.5497427,0.2987423
6287,1637.5356,0.0,1027.8164,89.49674,0.018723406,0.0,0.6199318,0.29874158
6288,1446.0039,0.0,1319.2744,89.49685,0.018259581,0.0,0.5836307,0.2987408
6289,1322.1726,0.0,1339.758,89.49689,0.014391679,0.0,0.5600237,0.29874003
6290,1671.1935,0.0,1247.057,89.49692,0.01707507,0.0,0.5813117,0.29875797
6291,1519.505,0.0,1055.3195,89.49693,0.016304508,0.0,0.5469312,0.29877427
6292,1526.9421,0.0,1183.1487,89.49699,0.016391642,0.0,0.5537925,0.2987892
6293,1945.3079,0.0,1472.1044,89.497025,0.014481145,0.0,0.5716486,0.2988027
6294,2532.677,0.0,925.9576,89.497086,0.013450984,0.0,0.55413115,0.29881537
6295,2398.4573,0.0,925.45953,89.49715,0.011068217,0.0,0.5853125,0.29882523
6296,1681.1342,0.0,1098.7993,89.49724,0.016617795,0.0,0.5850068,0.29883412
6297,1530.5961,0.0,1147.6411,89.497314,0.016806712,0.0,0.5475106,0.2988421
6298,1396.6554,0.0,1022.75714,89.49741,0.016174985,0.0,0.59346247,0.29884925
6299,1715.6365,0.0,830.91534,89.49748,0.018532742,0.0,0.58739597,0.29885572
6300,1831.2372,0.0,980.6599,89.497574,0.016329095,0.0,0.5636755,0.2988614
6301,1477.5778,0.0,976.93726,89.49772,0.015591675,0.0,0.5701231,0.2988666
6302,2144.7708,0.0,1300.3726,89.497795,0.0163682,0.0,0.5269459,0.29887116
6303,1519.8561,0.0,763.94794,89.497894,0.014488312,0.0,0.5733241,0.29887518
6304,1737.1755,0.0,943.3269,89.49797,0.015597679,0.0,0.5916563,0.29887873
6305,2153.6587,0.0,1077.9366,89.49803,0.01351511,0.0,0.5647425,0.2988819
6306,1585.7567,0.0,988.304,89.49807,0.016098797,0.0,0.591638,0.29888463
6307,2402.0552,0.0,907.05597,89.498116,0.015208139,0.0,0.5678781,0.29888558
6308,1184.4927,0.0,1010.3613,89.49815,0.019158408,0.0,0.6128323,0.2989046
6309,2089.7805,0.0,1154.7375,89.498184,0.01833566,0.0,0.5716934,0.29892203
6310,1673.9784,0.0,1211.4912,89.49817,0.019253118,0.0,0.56437737,0.2989379
6311,1555.9666,0.0,1026.6652,89.49816,0.01524917,0.0,0.5368866,0.29895234
6312,1667.7329,0.0,1389.6749,89.49813,0.015610042,0.0,0.54275256,0.29896602
6313,2233.6167,0.0,876.4387,89.498055,0.01733547,0.0,0.60366404,0.29897845
6314,1908.5354,0.0,1068.5104,89.497986,0.0144927185,0.0,0.55136085,0.29898968
6315,1877.3618,0.0,1666.503,89.49794,0.0186123,0.0,0.57455945,0.29899976
6316,1773.6313,0.0,1654.2664,89.49792,0.015414159,0.0,0.6034986,0.29900888
6317,1458.1118,0.0,1910.9298,89.4979,0.015992314,0.0,0.58292645,0.299017
6318,1689.8878,0.0,938.30676,89.49787,0.017169353,0.0,0.56965864,0.29902434
6319,1714.6565,0.0,1392.0876,89.49787,0.015405839,0.0,0.59916633,0.29903084
6320,1468.3141,0.0,1203.8478,89.49791,0.012752803,0.0,0.5711374,0.29903668
6321,1885.3661,0.0,1291.6771,89.49793,0.01873077,0.0,0.54945177,0.29904187
6322,1644.608,0.0,1312.8068,89.49796,0.015758198,0.0,0.6028035,0.29904646
6323,2097.5022,0.0,1201.3049,89.497986,0.018817604,0.0,0.54334015,0.29905057
6324,2267.365,0.0,1213.3632,89.498024,0.013113468,0.0,0.58132255,0.29905412
6325,1947.7573,0.0,1274.2925,89.498024,0.015274426,0.0,0.54852754,0.2990573
6326,1806.8737,0.0,1175.8469,89.498024,0.017771719,0.0,0.56573546,0.29906058
6327,1948.051,0.0,1110.785,89.49809,0.015368025,0.0,0.6050164,0.29906347
6328,1668.8235,0.0,1464.9406,89.49816,0.015471278,0.0,0.60798216,0.299066
6329,1776.9792,0.0,1014.8471,89.498245,0.017041963,0.0,0.5541018,0.2990682
6330,1275.8436,0.0,1027.6482,89.49833,0.016679028,0.0,0.5823642,0.2990701
6331,2240.5906,0.0,1084.3542,89.498405,0.016063478,0.0,0.55308723,0.2990717
6332,1764.2406,0.0,1420.3263,89.498474,0.014364593,0.0,0.60012156,0.29907322
6333,1687.9985,0.0,1074.3971,89.49848,0.017543286,0.0,0.5689913,0.29907438
6334,2073.2168,0.0,877.2892,89.49847,0.020313442,0.0,0.59444624,0.29907542
6335,1907.2607,0.0,982.8785,89.49849,0.020896036,0.0,0.5807912,0.29907626
6336,1516.947,0.0,1494.0818,89.49854,0.013452573,0.0,0.55373716,0.29907694
6337,2035.4849,0.0,787.1073,89.49858,0.01537789,0.0,0.56972885,0.29907745
6338,2413.784,0.0,1319.2245,89.49862,0.016412824,0.0,0.5617544,0.29907805
6339,1742.0068,0.0,1139.9996,89.498665,0.016091732,0.0,0.58195,0.2990783
6340,1375.6378,0.0,938.2463,89.49873,0.01464711,0.0,0.5690227,0.29907832
6341,1894.7174,0.0,1300.5308,89.49882,0.015149584,0.0,0.56455684,0.2990783
6342,1449.9849,0.0,1230.0424,89.4989,0.016397314,0.0,0.5614792,0.29908085
6343,2925.766,0.0,1136.261,89.499,0.015579604,0.0,0.5885928,0.29908314
6344,1607.8467,0.0,1057.7356,89.49901,0.017607255,0.0,0.5277488,0.29908508
6345,1440.6653,0.0,1019.14594,89.49901,0.012270404,0.0,0.5561407,0.2990868
6346,1765.3837,0.0,1353.4154,89.499054,0.016267937,0.0,0.556409,0.29908827
6347,1772.144,0.0,612.0048,89.4991,0.01914519,0.0,0.59666526,0.2990895
6348,2338.7139,0.0,1064.591,89.49918,0.017687304,0.0,0.55513996,0.2990905
6349,1637.8141,0.0,1379.3198,89.49932,0.016296737,0.0,0.57776374,0.29909137
6350,1839.8307,0.0,1377.571,89.499435,0.013126164,0.0,0.58206296,0.299092
6351,1870.6289,0.0,1026.462,89.499535,0.019684803,0.0,0.5744287,0.29909253
6352,1643.9227,0.0,1040.9526,89.49964,0.016891593,0.0,0.5944098,0.29909548
6353,1755.113,0.0,1050.4203,89.49977,0.013486013,0.0,0.5548773,0.29909807
6354,2140.2083,0.0,1018.10315,89.499886,0.015597951,0.0,0.5705518,0.29910013
6355,1849.1561,0.0,777.5862,89.49997,0.014189862,0.0,0.5801103,0.29910192
6356,1497.0135,0.0,1079.1464,89.499985,0.01341377,0.0,0.5465857,0.29910344
6357,1853.1506,0.0,1503.8967,89.50006,0.014220703,0.0,0.5544304,0.29910472
6358,2266.3733,0.0,1073.4634,89.50012,0.014473347,0.0,0.58241343,0.29910582
6359,1334.1919,0.0,1179.3722,89.500206,0.013834542,0.0,0.54148793,0.29910672
6360,1667.1245,0.0,1127.4122,89.50027,0.017332517,0.0,0.55340457,0.2991074
6361,1977.937,0.0,1100.7302,89.50028,0.013227428,0.0,0.56645936,0.29910797
6362,1976.0359,0.0,1376.5428,89.50029,0.015900288,0.0,0.55358285,0.29910842
6363,2171.0042,0.0,1179.8915,89.50032,0.013696107,0.0,0.57784986,0.29910874
6364,1955.5383,0.0,1042.8969,89.50033,0.011835985,0.0,0.58332616,0.29910892
6365,1350.835,0.0,1180.1897,89.500336,0.015546583,0.0,0.539768,0.29910898
6366,2068.3604,0.0,1408.0747,89.50032,0.014283219,0.0,0.61692846,0.29910892
6367,1438.2296,0.0,1427.251,89.5003,0.01895307,0.0,0.55271566,0.29910883
6368,1609.743,0.0,1123.6615,89.5003,0.016050909,0.0,0.5408466,0.29910862
6369,1559.5432,0.0,1296.4055,89.50028,0.01763759,0.0,0.5899232,0.29910833
6370,2141.2349,0.0,1105.7471,89.50029,0.017295869,0.0,0.56407213,0.299108
6371,1910.2467,0.0,918.1159,89.50027,0.017144393,0.0,0.5749769,0.29910758
6372,1440.483,0.0,1046.1486,89.500275,0.018157465,0.0,0.5893624,0.29910713
6373,1860.0187,0.0,1178.6833,89.500275,0.013917092,0.0,0.56930786,0.2991067
6374,1648.8398,0.0,1340.9386,89.50027,0.018902337,0.0,0.5902025,0.2991062
6375,1770.024,0.0,1075.4106,89.500244,0.01813595,0.0,0.53258914,0.29910567
6376,1745.2023,0.0,853.06134,89.500275,0.015765015,0.0,0.5396311,0.29910514
6377,1531.5786,0.0,1004.5699,89.50029,0.012586477,0.0,0.6173737,0.2991045
6378,1609.9099,0.0,886.1908,89.50038,0.018844485,0.0,0.5295869,0.2991039
6379,1285.3271,0.0,1396.0797,89.50049,0.017067377,0.0,0.5371318,0.29910326
6380,2098.5652,0.0,894.3267,89.50061,0.017981963,0.0,0.5577508,0.29910254
6381,1786.6926,0.0,1173.9998,89.50072,0.01504156,0.0,0.57856166,0.2991018
6382,1596.0105,0.0,1047.0259,89.50085,0.013304329,0.0,0.56838834,0.29910108
6383,2327.4304,0.0,1107.1292,89.50097,0.01280584,0.0,0.57193947,0.29910034
6384,1586.804,0.0,1363.7375,89.50107,0.018007401,0.0,0.5501666,0.2990996
6385,1938.3438,0.0,1241.9989,89.50117,0.017403403,0.0,0.5922808,0.29909876
6386,2003.8815,0.0,1259.2904,89.501274,0.015345426,0.0,0.5404848,0.29909799
6387,1640.1735,0.0,1142.205,89.50136,0.020351764,0.0,0.54459953,0.29909715
6388,1797.7587,0.0,1226.3317,89.50143,0.015363872,0.0,0.54234815,0.29909635
6389,1163.9802,0.0,1115.3364,89.501526,0.01834651,0.0,0.5952298,0.29909542
6390,1837.1669,0.0,1559.855,89.50164,0.013911409,0.0,0.5694573,0.29909462
6391,2171.8616,0.0,1156.1372,89.50169,0.017053373,0.0,0.595593,0.29909378
6392,1535.883,0.0,1102.1133,89.50174,0.016247397,0.0,0.53504455,0.29909346
6393,1600.1635,0.0,893.8618,89.501816,0.016304532,0.0,0.5598363,0.29909307
6394,2125.5388,0.0,1256.1388,89.501884,0.014929379,0.0,0.5610232,0.29909265
6395,1736.3354,0.0,1307.0104,89.50199,0.017041296,0.0,0.52201784,0.29909176
6396,2369.6094,0.0,1255.88,89.50207,0.018336317,0.0,0.611468,0.29909116
6397,1672.2318,0.0,1099.6301,89.50216,0.014949965,0.0,0.6030743,0.2990941
6398,1363.252,0.0,1097.9213,89.502205,0.016693713,0.0,0.538627,0.29909694
6399,1536.2981,0.0,1064.7898,89.502266,0.016356923,0.0,0.58808213,0.29911762
6400,1312.3776,0.0,1187.9366,89.5023,0.01809223,0.0,0.5583782,0.2991364
6401,1422.496,0.0,1304.9152,89.50235,0.014345403,0.0,0.60552686,0.29915348
6402,1866.9,0.0,1157.4208,89.502426,0.017861787,0.0,0.53772795,0.2991689
6403,1749.3904,0.0,1233.8542,89.50249,0.019160863,0.0,0.5288904,0.29918283
6404,2054.7336,0.0,1106.2213,89.50255,0.0152342,0.0,0.5848882,0.29918888
6405,1591.8324,0.0,1139.2867,89.50262,0.01605619,0.0,0.585268,0.29919595
6406,1804.0737,0.0,1362.3079,89.50273,0.017172862,0.0,0.5639984,0.29920235
6407,1580.916,0.0,1210.8247,89.50285,0.01472479,0.0,0.584958,0.2992082
6408,1289.0922,0.0,1141.45,89.50303,0.014464153,0.0,0.5876083,0.29921344
6409,1246.4476,0.0,795.97516,89.503174,0.016828783,0.0,0.58548695,0.2992182
6410,1474.9431,0.0,941.98114,89.503296,0.016427346,0.0,0.5791664,0.29922247
6411,2510.391,0.0,1328.9308,89.503395,0.016441494,0.0,0.5664849,0.29922622
6412,2475.7422,0.0,757.0269,89.50345,0.017627696,0.0,0.58249396,0.29922953
6413,1340.6895,0.0,1185.459,89.50351,0.01569083,0.0,0.58701193,0.29923245
6414,1706.8901,0.0,1167.2852,89.50355,0.016009612,0.0,0.57074714,0.29923508
6415,1679.906,0.0,1173.1615,89.5036,0.01661074,0.0,0.5278974,0.29923734
6416,1560.7719,0.0,1084.2339,89.503654,0.014247132,0.0,0.58638924,0.2992393
6417,1339.9609,0.0,1015.92474,89.50374,0.015771613,0.0,0.5800369,0.29924062
6418,2231.3435,0.0,949.33514,89.50381,0.018319003,0.0,0.57132596,0.29924172
6419,1998.5388,0.0,1071.5094,89.50386,0.014154452,0.0,0.5587272,0.2992426
6420,2591.4182,0.0,928.51105,89.5039,0.016301163,0.0,0.6131167,0.29924336
6421,2431.5813,0.0,859.0424,89.50392,0.01907565,0.0,0.54052263,0.2992426
6422,2036.6224,0.0,1212.301,89.50393,0.015120025,0.0,0.5539875,0.29924178
6423,1666.2257,0.0,1328.5671,89.50392,0.015233177,0.0,0.6010971,0.29924098
6424,1812.5874,0.0,924.54474,89.50392,0.015905408,0.0,0.58645254,0.29924023
6425,2064.2197,0.0,789.5293,89.503944,0.017457187,0.0,0.56197315,0.2992394
6426,1841.7662,0.0,958.738,89.503975,0.015207751,0.0,0.5762829,0.2992386
6427,1971.8508,0.0,1172.5797,89.50397,0.019406635,0.0,0.54811764,0.2992378
6428,1783.5505,0.0,1203.5288,89.50399,0.014936021,0.0,0.57998,0.29923698
6429,1868.4117,0.0,1224.6437,89.50399,0.017341582,0.0,0.53380525,0.29923615
6430,1845.7699,0.0,898.0241,89.504005,0.012851669,0.0,0.5447043,0.29923528
6431,1579.8036,0.0,1013.17993,89.50403,0.014648555,0.0,0.5897353,0.2992354
6432,2026.037,0.0,1014.1079,89.50402,0.012127031,0.0,0.56537664,0.29923543
6433,1580.108,0.0,900.3966,89.50404,0.015212668,0.0,0.6033437,0.29923534
6434,1588.8153,0.0,1169.7638,89.5041,0.01715024,0.0,0.56643355,0.2992352
6435,1660.5365,0.0,1452.7596,89.50411,0.014621033,0.0,0.5673452,0.29923695
6436,1655.8392,0.0,1129.0533,89.50414,0.019155052,0.0,0.5913961,0.29923818
6437,1455.3096,0.0,1501.1901,89.50412,0.015030833,0.0,0.55429196,0.29923806
6438,1762.5641,0.0,1104.7395,89.50415,0.013267027,0.0,0.5756266,0.29923835
6439,1577.2144,0.0,947.28986,89.50417,0.015263872,0.0,0.5578383,0.29923898
6440,1853.4521,0.0,1213.5099,89.50417,0.020645935,0.0,0.5433113,0.29923984
6441,1258.6556,0.0,995.0905,89.504166,0.020302258,0.0,0.561105,0.29924408
6442,1293.1466,0.0,1091.9619,89.50414,0.015938066,0.0,0.5984181,0.29924762
6443,1417.3416,0.0,1211.9159,89.50416,0.015932031,0.0,0.56032526,0.299251
6444,1675.0294,0.0,1822.0232,89.50416,0.017000467,0.0,0.5351805,0.29925406
6445,1810.3511,0.0,818.9391,89.504135,0.016668238,0.0,0.5704412,0.29925683
6446,1895.8774,0.0,1327.2743,89.5041,0.01681738,0.0,0.60534143,0.29925945
6447,1476.6224,0.0,983.40717,89.50408,0.01646844,0.0,0.5683478,0.2992617
6448,1708.4475,0.0,1209.2291,89.504074,0.012817172,0.0,0.5698041,0.29926378
6449,2284.145,0.0,1209.1193,89.504105,0.01483546,0.0,0.56571686,0.2992656
6450,1580.1244,0.0,1160.9857,89.50405,0.014775383,0.0,0.5810449,0.29926717
6451,1723.5402,0.0,1124.8198,89.504005,0.01719034,0.0,0.5914514,0.29926854
6452,1228.1462,0.0,1303.5482,89.50399,0.016459394,0.0,0.55797124,0.29926974
6453,1521.7125,0.0,869.12354,89.50401,0.01449622,0.0,0.5298951,0.29927078
6454,2170.2395,0.0,824.6188,89.50405,0.017131004,0.0,0.58246756,0.2992716
6455,1759.7803,0.0,1288.5607,89.50409,0.017516233,0.0,0.566417,0.29927224
6456,2566.9944,0.0,1205.7844,89.50418,0.01930926,0.0,0.55696464,0.29927278
6457,2327.8062,0.0,960.26556,89.50429,0.01547449,0.0,0.55436754,0.29927316
6458,2102.2798,0.0,1235.1947,89.50439,0.01790917,0.0,0.58112544,0.29927346
6459,2065.4536,0.0,1417.5557,89.50452,0.017190851,0.0,0.52981514,0.29927358
6460,1547.3019,0.0,1074.1666,89.50468,0.019282594,0.0,0.6038395,0.29927376
6461,1611.7487,0.0,1189.455,89.504845,0.012993092,0.0,0.62294745,0.29927376
6462,1575.6031,0.0,1003.44196,89.50498,0.015756344,0.0,0.5851364,0.29927364
6463,2302.47,0.0,1345.341,89.50507,0.014601892,0.0,0.5589571,0.2992738
6464,1751.4904,0.0,980.05206,89.50517,0.020096965,0.0,0.59228915,0.29927388
6465,2211.3406,0.0,1059.1211,89.505264,0.013978834,0.0,0.54165334,0.2992739
6466,1375.7692,0.0,1106.6053,89.50528,0.016847994,0.0,0.5315501,0.29927534
6467,1943.514,0.0,812.63074,89.5053,0.014782502,0.0,0.5275201,0.29927656
6468,2337.0105,0.0,1135.8759,89.5053,0.018183652,0.0,0.5850695,0.29927757
6469,1330.344,0.0,1211.239,89.50532,0.013758677,0.0,0.5184616,0.29927838
6470,1564.7999,0.0,1015.9087,89.50535,0.01494976,0.0,0.5773554,0.29927903
6471,1392.9552,0.0,951.31647,89.5054,0.013925247,0.0,0.58506745,0.2992795
6472,1886.2825,0.0,1572.0273,89.505455,0.01642776,0.0,0.60606784,0.29927987
6473,1719.0854,0.0,1096.1144,89.50551,0.017833617,0.0,0.5741906,0.29928014
6474,1524.4729,0.0,1504.4568,89.50553,0.016243061,0.0,0.525898,0.29928026
6475,1553.017,0.0,882.3069,89.50553,0.016506782,0.0,0.5541458,0.29928026
6476,1438.0188,0.0,1608.8175,89.505585,0.018133536,0.0,0.5909233,0.29928014
6477,1714.1664,0.0,1023.6372,89.50563,0.017945765,0.0,0.5507055,0.29928002
6478,1847.3595,0.0,951.51044,89.50568,0.0159145,0.0,0.5546429,0.29927978
6479,1510.0353,0.0,1315.0714,89.505714,0.01574716,0.0,0.6243386,0.29927948
6480,2274.612,0.0,915.88275,89.505745,0.017296687,0.0,0.5352721,0.29927924
6481,2061.4573,0.0,1195.0992,89.50574,0.015538966,0.0,0.5726474,0.29927891
6482,1701.7898,0.0,1211.4694,89.50569,0.015038005,0.0,0.5649525,0.29927853
6483,2114.4587,0.0,1243.9144,89.50567,0.018563526,0.0,0.55545473,0.29927805
6484,1503.9537,0.0,914.8955,89.50565,0.014099091,0.0,0.6120583,0.29927737
6485,1613.8129,0.0,758.58435,89.50564,0.016685631,0.0,0.56890184,0.2992766
6486,1218.7672,0.0,1109.6526,89.505615,0.015793024,0.0,0.5687646,0.2992758
6487,1737.6521,0.0,1028.7299,89.50553,0.014432362,0.0,0.55768085,0.299275
6488,1914.2609,0.0,939.23755,89.50544,0.017233077,0.0,0.5303407,0.2992742
6489,1384.1715,0.0,869.00323,89.50539,0.020259077,0.0,0.58267,0.2992734
6490,1973.1163,0.0,1060.2472,89.50532,0.015264931,0.0,0.5802334,0.2992736
6491,1622.2631,0.0,1427.4078,89.50524,0.015348846,0.0,0.60348463,0.29927367
6492,1488.6682,0.0,1043.742,89.505165,0.014589554,0.0,0.5466609,0.29927367
6493,2010.7706,0.0,1079.4585,89.50512,0.016160203,0.0,0.5960688,0.2992737
6494,1572.3615,0.0,1215.9253,89.50503,0.01728563,0.0,0.55633724,0.29927346
6495,1791.173,0.0,1149.0825,89.504974,0.022917692,0.0,0.5842778,0.2992732
6496,1557.787,0.0,1083.2253,89.50488,0.016658787,0.0,0.5950527,0.299273
6497,1802.6515,0.0,1399.8091,89.50477,0.017872872,0.0,0.589267,0.29927275
6498,1573.0052,0.0,1058.8605,89.5047,0.015127386,0.0,0.56651515,0.29927242
6499,1283.608,0.0,1018.72723,89.50461,0.016023606,0.0,0.55743146,0.2992721
6500,2004.8201,0.0,834.83765,89.50449,0.018633796,0.0,0.5166924,0.2992717
6501,1744.8015,0.0,1235.8112,89.50441,0.01839981,0.0,0.60485876,0.2992713
6502,1664.3381,0.0,1055.0663,89.50436,0.01286131,0.0,0.609256,0.2992708
6503,1736.6023,0.0,1511.0326,89.504364,0.01644092,0.0,0.5356072,0.29927024
6504,1535.5588,0.0,1295.0177,89.50436,0.012738224,0.0,0.52572227,0.29926965
6505,1620.6222,0.0,1608.1613,89.50435,0.0138368625,0.0,0.5652604,0.29926905
6506,1091.1549,0.0,1134.8093,89.50433,0.013976383,0.0,0.5741598,0.2992684
6507,1621.3916,0.0,1274.5404,89.50436,0.0120878965,0.0,0.574055,0.29926774
6508,1810.4503,0.0,1388.4899,89.50438,0.016830157,0.0,0.5626225,0.29926702
6509,1650.3872,0.0,1063.5402,89.50437,0.017655876,0.0,0.5687915,0.2992663
6510,1495.5493,0.0,1050.5231,89.5044,0.015320137,0.0,0.59524137,0.29926562
6511,2443.8477,0.0,1202.7258,89.50445,0.016113965,0.0,0.5909554,0.29926497
6512,1678.656,0.0,1475.7758,89.5045,0.011675855,0.0,0.5977147,0.29926425
6513,1236.3206,0.0,1412.0677,89.50449,0.015247857,0.0,0.5713484,0.29926673
6514,1596.1749,0.0,1133.3347,89.50448,0.016873997,0.0,0.5820498,0.2992689
6515,1615.2798,0.0,980.6811,89.504486,0.015770469,0.0,0.5133183,0.2992708
6516,2055.6038,0.0,957.6763,89.5045,0.015206248,0.0,0.5339173,0.2992724
6517,1267.1356,0.0,1218.1041,89.50454,0.018562928,0.0,0.5696845,0.2992753
6518,1562.9536,0.0,1246.3693,89.504555,0.016570477,0.0,0.55574095,0.29928184
6519,1771.2533,0.0,1115.0927,89.50462,0.016407074,0.0,0.53947127,0.2992876
6520,2183.1042,0.0,1470.3578,89.504715,0.0154498,0.0,0.55438757,0.29929295
6521,1838.0562,0.0,1024.7721,89.50472,0.018561287,0.0,0.555056,0.29929784
6522,1872.588,0.0,1031.568,89.50471,0.019342525,0.0,0.52227706,0.29930213
6523,1601.6862,0.0,1168.9888,89.50463,0.01632158,0.0,0.5949322,0.299306
6524,2131.83,0.0,1389.5042,89.504585,0.0148487855,0.0,0.57241774,0.29930937
6525,1634.4236,0.0,1232.253,89.50451,0.017213762,0.0,0.59005916,0.29931235
6526,1587.037,0.0,1265.225,89.50438,0.014059881,0.0,0.5246713,0.29931504
6527,2200.6912,0.0,1124.9745,89.504326,0.01470989,0.0,0.5971005,0.29931736
6528,2342.9453,0.0,1045.8247,89.50425,0.013045901,0.0,0.5620543,0.29931933
6529,1357.6843,0.0,1156.3336,89.50419,0.014750926,0.0,0.60679567,0.2993211
6530,1451.337,0.0,1501.1643,89.50415,0.01602525,0.0,0.589691,0.29932255
6531,1397.0049,0.0,808.4944,89.50412,0.021147415,0.0,0.58832586,0.29932377
6532,1820.0594,0.0,1512.3328,89.50411,0.014754331,0.0,0.5628528,0.2993248
6533,1955.2695,0.0,1011.5471,89.50414,0.0145583,0.0,0.5773045,0.29932567
6534,1830.3885,0.0,1127.3773,89.50417,0.016836729,0.0,0.5369007,0.29932636
6535,1664.971,0.0,1253.9211,89.504196,0.015446293,0.0,0.58215106,0.29932693
6536,1446.9149,0.0,1102.4507,89.5042,0.016741797,0.0,0.54669297,0.29932725
6537,2416.993,0.0,1105.8302,89.50425,0.016729137,0.0,0.5708239,0.29932752
6538,1960.1549,0.0,949.62946,89.504326,0.015072148,0.0,0.5721614,0.29932767
6539,1315.3334,0.0,935.16833,89.50442,0.015774993,0.0,0.5257866,0.29932806
6540,1708.5248,0.0,1276.8387,89.50446,0.01571361,0.0,0.56036437,0.29932833
6541,1329.5146,0.0,1268.8469,89.5045,0.020117268,0.0,0.566811,0.29932785
6542,1669.8319,0.0,1052.1382,89.50452,0.0164066,0.0,0.5207306,0.29932737
6543,2071.1333,0.0,1345.8351,89.504524,0.0155617995,0.0,0.56406814,0.29932684
6544,1682.745,0.0,1285.1045,89.50455,0.011845846,0.0,0.57090783,0.2993262
6545,1471.8951,0.0,1035.2594,89.50457,0.015765827,0.0,0.5177729,0.2993256
6546,2387.3958,0.0,953.96265,89.50462,0.01694623,0.0,0.6234669,0.29932493
6547,1567.174,0.0,1078.7732,89.50463,0.012397841,0.0,0.55399233,0.2993242
6548,1333.1919,0.0,900.2031,89.50468,0.016275253,0.0,0.53873694,0.29932353
6549,2647.4587,0.0,1265.1615,89.5047,0.013537485,0.0,0.57590044,0.29932275
6550,1791.8943,0.0,1082.1754,89.50474,0.0155157065,0.0,0.55416226,0.299322
6551,1647.3945,0.0,1051.8217,89.50481,0.019166809,0.0,0.5642764,0.29932073
6552,1863.9916,0.0,1223.319,89.50488,0.015240746,0.0,0.5619334,0.2993195
6553,1641.913,0.0,1766.6606,89.504974,0.019585505,0.0,0.6106434,0.2993183
6554,1611.9792,0.0,1030.1726,89.504944,0.01796246,0.0,0.5775292,0.2993171
6555,1696.1455,0.0,1343.8047,89.505005,0.013994403,0.0,0.55451167,0.299316
6556,1943.3909,0.0,1274.285,89.50504,0.0154186115,0.0,0.5774253,0.2993149
6557,1732.8112,0.0,1564.6703,89.50511,0.014620965,0.0,0.5868719,0.29931378
6558,1864.1047,0.0,965.46326,89.50523,0.013745492,0.0,0.53989434,0.2993128
6559,1839.5769,0.0,1203.5773,89.5053,0.01413255,0.0,0.5771943,0.29931197
6560,1778.1069,0.0,1077.1964,89.50534,0.016096627,0.0,0.585144,0.29931107
6561,2504.0789,0.0,979.64294,89.505356,0.01472619,0.0,0.5712172,0.29931015
6562,1701.932,0.0,908.6602,89.50535,0.015772874,0.0,0.5877929,0.2993092
6563,1172.0717,0.0,1423.0865,89.50541,0.015207218,0.0,0.55972946,0.29930824
6564,2062.084,0.0,1340.1693,89.50542,0.014936384,0.0,0.55621314,0.2993098
6565,2437.5989,0.0,971.3616,89.50544,0.020190619,0.0,0.5632325,0.29931104
6566,2280.5125,0.0,1144.9619,89.50545,0.014442856,0.0,0.53229016,0.2993121
6567,1655.9354,0.0,1080.5354,89.50544,0.015773809,0.0,0.55342525,0.299313
6568,1700.6157,0.0,1249.141,89.50548,0.013376894,0.0,0.5600004,0.29931372
6569,1879.4855,0.0,890.29114,89.50547,0.0176466,0.0,0.5777745,0.2993149
6570,2296.7979,0.0,1010.50806,89.5055,0.014227211,0.0,0.55859345,0.2993158
6571,1630.0834,0.0,1334.0844,89.505516,0.017190147,0.0,0.5233246,0.2993166
6572,1317.4016,0.0,979.08765,89.50553,0.013195263,0.0,0.55743164,0.29931727
6573,1971.4269,0.0,1301.3302,89.50555,0.016258765,0.0,0.5487532,0.29931775
6574,1572.8094,0.0,1221.9564,89.50556,0.013324457,0.0,0.57533216,0.29931802
6575,1688.7871,0.0,851.2329,89.50557,0.016573278,0.0,0.59775203,0.29931822
6576,1627.7933,0.0,1154.8822,89.50561,0.017743677,0.0,0.5484847,0.29931825
6577,1768.3771,0.0,991.788,89.50564,0.015124801,0.0,0.54216707,0.29931825
6578,1851.2234,0.0,1103.2816,89.505646,0.015257558,0.0,0.5215759,0.29931813
6579,1636.4614,0.0,1510.1664,89.50562,0.013400283,0.0,0.5419624,0.299318
6580,2330.8394,0.0,887.38007,89.50562,0.015472153,0.0,0.5845614,0.2993135
6581,1274.8584,0.0,925.9131,89.50562,0.016832223,0.0,0.6144844,0.2993094
6582,2258.626,0.0,1290.2815,89.50567,0.017075378,0.0,0.5187813,0.29930538
6583,1669.8276,0.0,1139.2146,89.505714,0.017392915,0.0,0.59865296,0.2993017
6584,2146.5142,0.0,1245.0323,89.50578,0.01536083,0.0,0.55888593,0.29929832
6585,1208.1096,0.0,1427.6063,89.50582,0.0145409135,0.0,0.552404,0.29929516
6586,1416.983,0.0,1204.964,89.50584,0.015195113,0.0,0.5590583,0.2992922
6587,1966.2294,0.0,1258.1876,89.505875,0.013581659,0.0,0.5436191,0.29928952
6588,1882.2794,0.0,1015.5086,89.505936,0.014770697,0.0,0.6331705,0.29928696
6589,1804.4633,0.0,844.52515,89.50598,0.0160329,0.0,0.5614644,0.29928455
6590,2030.296,0.0,1044.3507,89.506065,0.013655233,0.0,0.55793285,0.29928228
6591,1190.1747,0.0,1330.4656,89.50614,0.014868933,0.0,0.5545207,0.29928023
6592,1795.0052,0.0,1368.5977,89.50617,0.01724584,0.0,0.55383563,0.2992782
6593,2097.2625,0.0,1103.1432,89.50624,0.014163112,0.0,0.5471276,0.2992755
6594,1570.717,0.0,1103.7941,89.506256,0.01657686,0.0,0.5343953,0.299273
6595,1738.1946,0.0,954.47766,89.50632,0.015835088,0.0,0.5448268,0.29927072
6596,2231.3538,0.0,1196.6313,89.506424,0.012896284,0.0,0.59997994,0.2992686
6597,1945.9526,0.0,1341.594,89.50654,0.01627358,0.0,0.5585348,0.29926658
6598,1833.8885,0.0,980.6285,89.506645,0.020135611,0.0,0.59649,0.29926467
6599,1892.6818,0.0,906.6608,89.50669,0.01472514,0.0,0.5544724,0.29926285
6600,1513.3833,0.0,967.57184,89.50672,0.0137522165,0.0,0.58011615,0.29926112
6601,1405.49,0.0,1293.432,89.506775,0.012223935,0.0,0.56474143,0.29925945
6602,1182.2643,0.0,976.45465,89.5068,0.013994951,0.0,0.59473324,0.29925784
6603,2173.5698,0.0,1298.1576,89.506836,0.013367741,0.0,0.6196369,0.29925635
6604,1715.8994,0.0,976.78265,89.5069,0.012097543,0.0,0.6238752,0.29925653
6605,2055.3953,0.0,1271.5205,89.50692,0.018964363,0.0,0.5612905,0.29925662
6606,1960.3276,0.0,804.0895,89.50702,0.018668965,0.0,0.6131615,0.29925665
6607,1790.6237,0.0,972.6919,89.50707,0.017061641,0.0,0.5919151,0.29925653
6608,2006.326,0.0,872.38165,89.507095,0.014303703,0.0,0.5943595,0.29926276
6609,1483.689,0.0,1236.4072,89.50715,0.01238819,0.0,0.591375,0.29926828
6610,1738.5557,0.0,1249.1396,89.50718,0.01643916,0.0,0.5591549,0.29927322
6611,1381.039,0.0,1310.7522,89.50724,0.017637514,0.0,0.579768,0.29927763
6612,2255.6807,0.0,1211.129,89.50728,0.016428355,0.0,0.5699854,0.29928148
6613,1490.8075,0.0,1121.5974,89.507355,0.015335649,0.0,0.5079272,0.29928643
6614,1403.8861,0.0,1071.4645,89.50741,0.016931944,0.0,0.5590074,0.2992908
6615,2168.1353,0.0,1116.954,89.50744,0.015581122,0.0,0.56125754,0.29929468
6616,1656.7566,0.0,911.8512,89.507484,0.015743641,0.0,0.5816745,0.2992982
6617,2572.6936,0.0,1316.9503,89.50754,0.018456653,0.0,0.5626215,0.29930124
6618,1396.6036,0.0,1068.6041,89.50757,0.013840045,0.0,0.5487752,0.2993039
6619,2088.7688,0.0,1271.7472,89.50758,0.013558651,0.0,0.5356686,0.2993062
6620,1651.8425,0.0,918.7075,89.50755,0.016025439,0.0,0.53675824,0.29930827
6621,2039.4768,0.0,955.5387,89.50761,0.014833587,0.0,0.55538607,0.29931
6622,1826.2092,0.0,1484.3123,89.50762,0.016290223,0.0,0.6037952,0.29931155
6623,1421.5104,0.0,1132.5326,89.507675,0.01742268,0.0,0.6096954,0.2993128
6624,1892.7773,0.0,1465.1648,89.50773,0.016940309,0.0,0.545003,0.29932588
6625,1656.443,0.0,1060.4596,89.50776,0.014215192,0.0,0.5545125,0.29933771
6626,1991.5997,0.0,1113.2195,89.507774,0.012371944,0.0,0.5377971,0.29934838
6627,1233.4034,0.0,939.52136,89.50772,0.015808607,0.0,0.5736927,0.29935795
6628,1751.9983,0.0,1024.6057,89.507675,0.0152120795,0.0,0.5863385,0.29936662
6629,1685.4569,0.0,1200.3169,89.50762,0.013031359,0.0,0.58177465,0.29937428
6630,1896.592,0.0,1105.795,89.50754,0.015529415,0.0,0.5914523,0.29938123
6631,2369.2146,0.0,1831.9255,89.507484,0.015681248,0.0,0.6140728,0.2993873
6632,2269.664,0.0,1033.8463,89.50743,0.016221194,0.0,0.5312383,0.29939282
6633,1561.1592,0.0,1100.7992,89.50739,0.013217598,0.0,0.52550936,0.29939768
6634,1835.1078,0.0,961.43964,89.50739,0.018890433,0.0,0.5838194,0.29940197
6635,2583.7249,0.0,1120.0203,89.50744,0.015401628,0.0,0.5835086,0.29940575
6636,2477.027,0.0,1069.3954,89.50749,0.017250404,0.0,0.5666213,0.2994091
6637,1983.4797,0.0,1058.7238,89.50757,0.017011626,0.0,0.53903556,0.29941198
6638,2006.8683,0.0,1140.4885,89.50761,0.019949999,0.0,0.5556176,0.29941455
6639,1586.0037,0.0,1381.7609,89.50762,0.015998133,0.0,0.5544585,0.2994167
6640,1790.6648,0.0,904.82513,89.50772,0.015002174,0.0,0.5763048,0.29941857
6641,1573.1171,0.0,1112.8776,89.50779,0.0149260815,0.0,0.56451195,0.2994202
6642,2405.5896,0.0,1122.1753,89.507835,0.016001506,0.0,0.5538875,0.29942155
6643,1762.782,0.0,1337.8639,89.50787,0.012555036,0.0,0.5996527,0.29942268
6644,1541.7667,0.0,1228.8052,89.50786,0.018100224,0.0,0.54340625,0.29942358
6645,1729.393,0.0,1179.4109,89.50781,0.011682255,0.0,0.5230462,0.29942432
6646,1223.6125,0.0,1208.1494,89.5078,0.01785329,0.0,0.57238925,0.29942462
6647,1570.1921,0.0,1144.1854,89.5078,0.016853668,0.0,0.579882,0.29942465
6648,1541.0365,0.0,1416.2036,89.50782,0.017326154,0.0,0.57560897,0.2994246
6649,1669.4644,0.0,984.42474,89.50787,0.016309546,0.0,0.6262096,0.29942447
6650,1909.5156,0.0,1011.1237,89.50796,0.016037015,0.0,0.56720054,0.29942423
6651,1876.3049,0.0,1035.4093,89.50799,0.023378167,0.0,0.54177874,0.29942393
6652,2098.3813,0.0,1130.6174,89.50803,0.016729113,0.0,0.60670364,0.29942355
6653,1454.19,0.0,1153.649,89.50809,0.013141435,0.0,0.58864224,0.29942313
6654,1486.1716,0.0,1308.2297,89.508125,0.017459465,0.0,0.53972864,0.29942268
6655,1448.8821,0.0,1267.9904,89.50816,0.0149939265,0.0,0.58508,0.29942125
6656,1808.674,0.0,1301.8219,89.508156,0.014254302,0.0,0.59008765,0.29941598
6657,2039.9152,0.0,1004.35156,89.50815,0.015278215,0.0,0.55740374,0.29941195
6658,1441.5292,0.0,1115.6729,89.508156,0.015227728,0.0,0.5668614,0.29940823
6659,1640.963,0.0,1119.4736,89.50815,0.016967122,0.0,0.5793914,0.29940483
6660,1588.7712,0.0,863.5373,89.50813,0.018981718,0.0,0.5957446,0.2994017
6661,2156.3489,0.0,1039.9402,89.50812,0.015494695,0.0,0.5711133,0.29939875
6662,1633.6617,0.0,1094.7112,89.50811,0.016054468,0.0,0.59487784,0.2993961
6663,1875.048,0.0,1193.299,89.50813,0.018405318,0.0,0.5363604,0.2993935
6664,2303.5835,0.0,948.14685,89.508095,0.017960679,0.0,0.5694313,0.29939115
6665,1746.8322,0.0,1163.8389,89.5081,0.014620349,0.0,0.5778481,0.2993889
6666,1466.0151,0.0,1168.5447,89.50814,0.01667766,0.0,0.55769074,0.29938683
6667,2051.5544,0.0,1062.504,89.50822,0.020730494,0.0,0.54877657,0.2993848
6668,1659.7206,0.0,1098.5779,89.508286,0.014965276,0.0,0.5682175,0.29938298
6669,1338.3035,0.0,930.9819,89.50834,0.016506366,0.0,0.5639348,0.29938117
6670,1994.4664,0.0,1034.1389,89.50838,0.018107425,0.0,0.6000211,0.2993795
6671,2066.8694,0.0,955.8362,89.508385,0.017222557,0.0,0.5446271,0.2993779
6672,1654.4684,0.0,968.6406,89.50838,0.0151606975,0.0,0.578681,0.29936835
6673,1796.008,0.0,1044.4185,89.50839,0.016578782,0.0,0.53671825,0.29935983
6674,2325.2913,0.0,980.93335,89.50844,0.01667675,0.0,0.59060967,0.2993521
6675,1555.136,0.0,842.9438,89.508545,0.016292103,0.0,0.5522833,0.29934508
6676,1760.6195,0.0,1045.8097,89.50869,0.018816164,0.0,0.59550357,0.2993388
6677,1852.9978,0.0,1230.4114,89.50879,0.015014793,0.0,0.5950826,0.2993323
6678,1867.5476,0.0,920.1094,89.50886,0.015228595,0.0,0.58934975,0.2993264
6679,1974.8562,0.0,1305.3488,89.50896,0.018806435,0.0,0.5738608,0.29932094
6680,1400.2444,0.0,1171.8881,89.50907,0.012255955,0.0,0.5667407,0.29931605
6681,1892.5205,0.0,972.57825,89.50917,0.0132049695,0.0,0.52877486,0.2993115
6682,1359.2196,0.0,1037.6255,89.50928,0.01708692,0.0,0.54077965,0.29930735
6683,1744.724,0.0,962.95844,89.50933,0.014588009,0.0,0.64618605,0.29930353
6684,1648.1141,0.0,1243.1997,89.50937,0.01884409,0.0,0.5338025,0.29930001
6685,2050.6475,0.0,1022.991,89.50943,0.016197046,0.0,0.5590997,0.29929668
6686,1987.5422,0.0,1239.7916,89.50951,0.014763851,0.0,0.57212263,0.29929364
6687,1596.1365,0.0,1228.6085,89.50954,0.014628018,0.0,0.5667444,0.2992908
6688,1820.0308,0.0,1043.217,89.50962,0.017933633,0.0,0.5600421,0.29928866
6689,1829.269,0.0,933.02496,89.50969,0.015694898,0.0,0.5532949,0.29928663
6690,1418.0311,0.0,984.01733,89.50979,0.016263468,0.0,0.5554066,0.29928476
6691,1520.0947,0.0,1004.8272,89.50989,0.018466339,0.0,0.55651844,0.29928294
6692,2376.5078,0.0,1253.6815,89.51,0.013328455,0.0,0.51788473,0.29928118
6693,1195.8605,0.0,1113.3859,89.51008,0.014504593,0.0,0.5443434,0.29927945
6694,1872.3569,0.0,1175.7863,89.51021,0.013660729,0.0,0.595675,0.2992778
6695,1557.383,0.0,864.46265,89.51032,0.016623694,0.0,0.6064584,0.29927623
6696,1436.6143,0.0,888.8466,89.51043,0.020625167,0.0,0.5885279,0.29927483
6697,1306.2664,0.0,1202.8003,89.51054,0.012686698,0.0,0.51400536,0.29927334
6698,1901.0209,0.0,947.24023,89.51064,0.022876166,0.0,0.5597271,0.29927194
6699,1709.8768,0.0,1131.6671,89.51073,0.016334958,0.0,0.54384303,0.2992706
6700,2448.7083,0.0,1067.7529,89.510864,0.016553003,0.0,0.54479706,0.2992778
6701,2444.7874,0.0,1101.3013,89.51099,0.016798034,0.0,0.54377747,0.29928425
6702,1827.0283,0.0,1264.8018,89.51106,0.019900564,0.0,0.6038645,0.2992901
6703,2556.9333,0.0,1046.9565,89.511154,0.015037644,0.0,0.5408809,0.2992954
6704,1604.3243,0.0,1165.6764,89.51127,0.01685976,0.0,0.529009,0.29930001
6705,1429.7739,0.0,1055.1527,89.511345,0.014826015,0.0,0.55727565,0.29930422
6706,1948.08,0.0,1098.6588,89.51144,0.017725227,0.0,0.53207254,0.2993079
6707,1640.7349,0.0,1136.6533,89.511505,0.015586287,0.0,0.57291865,0.29931116
6708,1970.0284,0.0,1054.881,89.51155,0.014170049,0.0,0.60847116,0.29931408
6709,1923.7505,0.0,956.071,89.511635,0.014260357,0.0,0.5825147,0.29931656
6710,2320.8276,0.0,1221.769,89.51175,0.018172465,0.0,0.5424142,0.29931873
6711,2078.1587,0.0,782.79517,89.511856,0.016805634,0.0,0.57180524,0.29932064
6712,1482.3851,0.0,1178.0018,89.5119,0.016925357,0.0,0.5492351,0.29932228
6713,1396.6664,0.0,1077.3685,89.51192,0.01700382,0.0,0.54221153,0.2993236
6714,1803.5188,0.0,1074.2374,89.511925,0.01764319,0.0,0.5548862,0.29932472
6715,1368.0284,0.0,1085.9663,89.511925,0.01586427,0.0,0.5200521,0.2993259
6716,2013.2365,0.0,999.54047,89.51193,0.016593462,0.0,0.5487853,0.29932687
6717,1642.5099,0.0,1122.8778,89.51195,0.015339929,0.0,0.5875691,0.29932758
6718,2004.6445,0.0,1097.4956,89.51191,0.014950797,0.0,0.55307764,0.29932833
6719,2050.4045,0.0,966.9401,89.51189,0.015612816,0.0,0.54672825,0.2993289
6720,1855.0685,0.0,998.99963,89.51188,0.015857771,0.0,0.5067866,0.2993293
6721,1782.0149,0.0,1170.501,89.51187,0.014142793,0.0,0.6112581,0.29932964
6722,1676.4196,0.0,936.91956,89.51188,0.013620436,0.0,0.5577,0.29932976
6723,2348.0273,0.0,1184.38,89.51186,0.016039357,0.0,0.547913,0.2993298
6724,1789.9438,0.0,1004.96277,89.51188,0.016571239,0.0,0.5965512,0.2993298
6725,1678.3925,0.0,1214.4359,89.51194,0.015905254,0.0,0.5573693,0.29932958
6726,2505.9944,0.0,907.8974,89.51205,0.019768195,0.0,0.5231495,0.29932937
6727,1925.5588,0.0,1094.8113,89.51215,0.018348528,0.0,0.57347727,0.29932904
6728,1703.7698,0.0,1203.8385,89.512245,0.016233353,0.0,0.5918157,0.29932868
6729,2620.7053,0.0,1065.8749,89.512314,0.016864937,0.0,0.53044695,0.29932827
6730,1904.8434,0.0,1201.5809,89.512344,0.016849577,0.0,0.5930184,0.29932773
6731,2055.1624,0.0,911.0091,89.51239,0.015898127,0.0,0.5952839,0.2993272
6732,1668.1857,0.0,1465.4448,89.512436,0.016384657,0.0,0.57129043,0.2993266
6733,2155.406,0.0,973.78644,89.51246,0.01814287,0.0,0.58595526,0.299326
6734,1458.0385,0.0,1203.5381,89.51249,0.01748085,0.0,0.5477476,0.29932532
6735,1503.6841,0.0,1191.832,89.51251,0.016791362,0.0,0.5389886,0.29932463
6736,1489.4575,0.0,1390.6094,89.512505,0.016065203,0.0,0.54807556,0.2993239
6737,1943.256,0.0,1280.1995,89.51252,0.015690383,0.0,0.549821,0.2993192
6738,2252.8162,0.0,1247.739,89.512535,0.014150019,0.0,0.556836,0.29931492
6739,1758.7681,0.0,1166.7928,89.51256,0.015402466,0.0,0.571965,0.29931098
6740,2008.549,0.0,1260.9524,89.51257,0.015529759,0.0,0.58104724,0.29930732
6741,2554.0369,0.0,1225.5154,89.51253,0.014574694,0.0,0.5668437,0.29930392
6742,1856.8953,0.0,829.49176,89.5125,0.018706061,0.0,0.56725895,0.2993008
6743,1531.951,0.0,1031.3923,89.512505,0.014412033,0.0,0.59364295,0.29929784
6744,1885.3275,0.0,1094.4889,89.51252,0.017558,0.0,0.5495147,0.29929513
6745,1662.1617,0.0,1107.6696,89.51255,0.017368725,0.0,0.55574965,0.29929256
6746,2121.309,0.0,1768.8457,89.51255,0.015102958,0.0,0.58634245,0.29929018
6747,1698.2268,0.0,1009.1512,89.51255,0.014018102,0.0,0.5655967,0.29928786
6748,1354.901,0.0,1172.1254,89.51257,0.010549845,0.0,0.5447554,0.29928577
6749,1904.3721,0.0,1566.7446,89.51259,0.0153544545,0.0,0.5889004,0.2992837
6750,1350.5009,0.0,1435.1727,89.512596,0.016516995,0.0,0.57527053,0.2992818
6751,2227.9663,0.0,1042.86,89.51264,0.018896855,0.0,0.5652032,0.29928
6752,2421.9453,0.0,1020.409,89.5127,0.015955877,0.0,0.5179919,0.29927826
6753,1561.712,0.0,1308.3064,89.5128,0.015033282,0.0,0.57151264,0.2992766
6754,2121.663,0.0,1376.3378,89.51288,0.013563155,0.0,0.5957694,0.29927498
6755,1606.1268,0.0,1446.4436,89.51296,0.012450258,0.0,0.63953245,0.29927415
6756,1741.537,0.0,1192.8617,89.513054,0.019860845,0.0,0.6207442,0.29927328
6757,1882.0687,0.0,1229.3516,89.513145,0.020996368,0.0,0.5882126,0.2992724
6758,1768.173,0.0,1007.58734,89.51323,0.014557129,0.0,0.58061266,0.2992715
6759,2639.0059,0.0,1214.7881,89.51332,0.015881954,0.0,0.51091003,0.29927057
6760,1634.1636,0.0,1075.0338,89.51334,0.01595994,0.0,0.584928,0.29926974
6761,1441.4025,0.0,1174.758,89.51339,0.017150957,0.0,0.58988744,0.29926893
6762,1679.104,0.0,1158.1292,89.51345,0.01697437,0.0,0.5899284,0.2992681
6763,1745.4005,0.0,1117.6161,89.513535,0.015312528,0.0,0.580447,0.29926726
6764,1756.3843,0.0,1270.9231,89.513565,0.018570226,0.0,0.55024153,0.29926607
6765,1173.1155,0.0,1114.107,89.51357,0.017490963,0.0,0.5326059,0.29926488
6766,1516.183,0.0,1114.443,89.513626,0.015956145,0.0,0.5554174,0.29926375
6767,1522.4559,0.0,1224.5466,89.51368,0.015176337,0.0,0.5460373,0.2992626
6768,2163.7168,0.0,1148.6593,89.513725,0.017417094,0.0,0.5713824,0.29926136
6769,2013.9899,0.0,1182.0714,89.51384,0.018044204,0.0,0.5648565,0.29926017
6770,1935.1099,0.0,1514.8219,89.51392,0.018850926,0.0,0.5489282,0.299259
6771,2058.295,0.0,1379.407,89.513985,0.017436977,0.0,0.5361475,0.2992578
6772,1486.6096,0.0,975.3741,89.51407,0.014667256,0.0,0.58173275,0.2992567
6773,1532.5416,0.0,945.5777,89.51412,0.013996984,0.0,0.5584629,0.2992546
6774,1543.3615,0.0,1020.5894,89.51419,0.015543655,0.0,0.56499183,0.29925263
6775,1667.4786,0.0,1049.5581,89.51423,0.014242086,0.0,0.59368086,0.29925075
6776,1434.9476,0.0,1022.5728,89.51424,0.014744019,0.0,0.60631365,0.29924875
6777,1785.2903,0.0,1135.8479,89.514244,0.014705278,0.0,0.608792,0.29924685
6778,2564.844,0.0,1264.9469,89.51432,0.017206058,0.0,0.65059686,0.299245
6779,1217.3771,0.0,1044.6953,89.514404,0.019613096,0.0,0.52445483,0.29924327
6780,1860.8132,0.0,1200.8009,89.51452,0.019528955,0.0,0.5321858,0.29924598
6781,2448.1313,0.0,825.0422,89.5146,0.017044863,0.0,0.5368422,0.29924837
6782,1670.5901,0.0,978.21796,89.51469,0.017199602,0.0,0.5560791,0.29925042
6783,2070.0178,0.0,999.76056,89.514755,0.016664486,0.0,0.6273612,0.29925218
6784,2115.6462,0.0,1556.8018,89.51483,0.01947381,0.0,0.4978125,0.2992536
6785,1322.1808,0.0,1405.2057,89.51497,0.0155149065,0.0,0.5739572,0.29925483
6786,2178.284,0.0,1006.2169,89.515015,0.020311223,0.0,0.55769956,0.29925588
6787,2058.7864,0.0,1339.959,89.51506,0.014220417,0.0,0.57353926,0.29927096
6788,2567.9702,0.0,1195.4952,89.51509,0.016891094,0.0,0.5834338,0.2992846
6789,1696.6245,0.0,1086.2042,89.51509,0.019608853,0.0,0.5968575,0.29929686
6790,1676.2367,0.0,905.95154,89.5151,0.017066669,0.0,0.5880507,0.29930785
6791,2223.012,0.0,772.4801,89.515114,0.019564848,0.0,0.5949053,0.29931775
6792,1749.1122,0.0,1322.7034,89.51513,0.017524447,0.0,0.5830666,0.29932663
6793,1951.3911,0.0,970.18036,89.51511,0.016950402,0.0,0.600356,0.2993346
6794,2152.588,0.0,1077.2719,89.5151,0.017143046,0.0,0.57993335,0.29934168
6795,1625.9447,0.0,1172.4706,89.51506,0.013689576,0.0,0.5644556,0.29934794
6796,1416.6328,0.0,1182.4548,89.515076,0.013497019,0.0,0.5782108,0.299349
6797,2204.9233,0.0,853.3311,89.515144,0.016319435,0.0,0.5652149,0.2993502
6798,1795.159,0.0,1188.8478,89.51519,0.01741175,0.0,0.61030054,0.2993486
6799,1683.4647,0.0,980.49347,89.515205,0.018463876,0.0,0.5505421,0.29934734
6800,1820.6182,0.0,1246.148,89.51516,0.011533314,0.0,0.5660359,0.29934618
6801,2141.4119,0.0,1555.1573,89.515175,0.016615719,0.0,0.57292604,0.2993454
6802,1737.9276,0.0,1272.4308,89.51523,0.016580988,0.0,0.59300303,0.2993447
6803,1470.8303,0.0,1277.5399,89.515274,0.0133053865,0.0,0.5782891,0.299344
6804,1860.0632,0.0,1157.9867,89.51531,0.015280306,0.0,0.5939484,0.29934335
6805,1496.9587,0.0,1120.9205,89.515366,0.014785493,0.0,0.5832931,0.2993427
6806,2373.2832,0.0,1159.7432,89.515434,0.017213503,0.0,0.54362965,0.2993421
6807,1608.3118,0.0,1007.1829,89.5155,0.014360987,0.0,0.57385004,0.2993415
6808,1388.2262,0.0,1202.9812,89.515564,0.012834117,0.0,0.5873321,0.2993409
6809,1612.1179,0.0,998.6273,89.51565,0.014770491,0.0,0.63444066,0.29934022
6810,1836.0167,0.0,933.1652,89.51572,0.01400288,0.0,0.54188466,0.29933956
6811,1775.6,0.0,1239.1193,89.515785,0.017484298,0.0,0.5411129,0.29933932
6812,1691.5602,0.0,1383.2505,89.51582,0.016332459,0.0,0.6201314,0.29933903
6813,1805.6951,0.0,815.78,89.51587,0.014409341,0.0,0.5750965,0.2993386
6814,1563.8956,0.0,1138.3237,89.51592,0.014003391,0.0,0.58902776,0.29933822
6815,2062.9888,0.0,1290.9932,89.51602,0.016522327,0.0,0.5839987,0.29933771
6816,1559.7201,0.0,1136.7063,89.51615,0.014432859,0.0,0.54985976,0.2993372
6817,1950.7036,0.0,1538.4874,89.51629,0.016282616,0.0,0.6092113,0.29933664
6818,1563.136,0.0,1346.7916,89.516495,0.015405418,0.0,0.6220714,0.29933602
6819,1855.411,0.0,1219.9724,89.51672,0.013693117,0.0,0.57944363,0.2993354
6820,2112.2053,0.0,1027.3152,89.51692,0.0131033985,0.0,0.5508622,0.29933468
6821,1745.1165,0.0,1252.0154,89.51714,0.017555559,0.0,0.54674125,0.29933396
6822,1679.8826,0.0,992.1147,89.51731,0.012495044,0.0,0.5360451,0.2993332
6823,1802.7188,0.0,1272.4558,89.517395,0.01787591,0.0,0.5953704,0.29933244
6824,1249.0267,0.0,1063.6307,89.51746,0.014974105,0.0,0.5582429,0.29933167
6825,2016.0659,0.0,1109.958,89.517525,0.018051561,0.0,0.5342933,0.29933083
6826,2327.7625,0.0,1267.6094,89.51765,0.020820573,0.0,0.5717877,0.29933003
6827,1726.5701,0.0,1147.0182,89.51774,0.015328723,0.0,0.55923563,0.29932913
6828,1555.1302,0.0,1058.9407,89.51787,0.014700814,0.0,0.5719761,0.29932827
6829,1679.446,0.0,1094.1622,89.51798,0.018482618,0.0,0.5700563,0.2993274
6830,1747.7295,0.0,1122.5177,89.518105,0.016493233,0.0,0.58442307,0.29932648
6831,1823.4269,0.0,1098.8685,89.5182,0.016309932,0.0,0.558042,0.2993256
6832,2507.7468,0.0,1009.18567,89.51832,0.015056476,0.0,0.55868644,0.29932466
6833,1483.7898,0.0,1336.384,89.51841,0.017472342,0.0,0.56689084,0.29932374
6834,1556.2725,0.0,1177.5742,89.51846,0.014396524,0.0,0.5275726,0.29932278
6835,2381.6091,0.0,1596.2711,89.5185,0.017209021,0.0,0.6185948,0.29932183
6836,1418.6896,0.0,1012.56287,89.51854,0.013446301,0.0,0.58178204,0.2993209
6837,1636.0988,0.0,1664.663,89.51859,0.014942895,0.0,0.6452341,0.29931995
6838,2114.1516,0.0,1019.16754,89.518616,0.019412871,0.0,0.6117479,0.29931858
6839,1656.1783,0.0,1009.7353,89.51867,0.016232377,0.0,0.5618627,0.2993173
6840,2932.034,0.0,1152.3054,89.518684,0.015246594,0.0,0.55973756,0.29931605
6841,1862.5239,0.0,1058.2632,89.5187,0.017357651,0.0,0.55827975,0.29931486
6842,2182.7078,0.0,1102.5792,89.51872,0.018136762,0.0,0.6049842,0.29931366
6843,1479.8953,0.0,889.2855,89.51873,0.017125472,0.0,0.54929733,0.2993125
6844,1749.5219,0.0,1256.1482,89.51876,0.0135632735,0.0,0.54904044,0.29931134
6845,1483.6284,0.0,1139.3477,89.518845,0.014471907,0.0,0.55041045,0.2993103
6846,1700.653,0.0,954.8799,89.518936,0.017082369,0.0,0.591432,0.29930922
6847,2057.7627,0.0,1282.8992,89.51901,0.015885573,0.0,0.5457516,0.29930815
6848,2160.222,0.0,1036.4268,89.51908,0.016048692,0.0,0.5309167,0.2993071
6849,1701.6716,0.0,923.94904,89.51916,0.013658017,0.0,0.58734,0.29930604
6850,1826.9392,0.0,1160.2023,89.519226,0.018892184,0.0,0.5713551,0.29930502
6851,1415.4304,0.0,1023.65753,89.51936,0.015732799,0.0,0.5591105,0.29930395
6852,1456.0609,0.0,1336.0159,89.5195,0.012591492,0.0,0.58615553,0.29930297
6853,1682.9033,0.0,1072.535,89.51963,0.015540185,0.0,0.54353285,0.2993019
6854,1698.5433,0.0,940.5699,89.519714,0.016988259,0.0,0.5686447,0.29930085
6855,1891.5244,0.0,1249.2151,89.51984,0.015735252,0.0,0.5708562,0.29929966
6856,1729.2596,0.0,1117.9515,89.51994,0.014862373,0.0,0.59455204,0.29929847
6857,1914.764,0.0,1020.80585,89.52007,0.019720834,0.0,0.56249475,0.2992973
6858,1926.0181,0.0,1040.8284,89.520164,0.013664908,0.0,0.5757297,0.29929614
6859,1952.0446,0.0,1145.6924,89.52024,0.017715227,0.0,0.6182562,0.29929504
6860,2059.2075,0.0,857.34607,89.52027,0.01935761,0.0,0.5450432,0.2992939
6861,1382.7151,0.0,1203.4385,89.52037,0.011964536,0.0,0.5563023,0.2992928
6862,1720.3917,0.0,1094.9647,89.52045,0.012878857,0.0,0.58542585,0.2992917
6863,1907.8495,0.0,1244.4125,89.52059,0.015973017,0.0,0.54705447,0.2992906
6864,1692.2823,0.0,1114.2761,89.52074,0.012183308,0.0,0.5658487,0.2992895
6865,1861.0563,0.0,1196.4161,89.5209,0.013136126,0.0,0.5745656,0.29928842
6866,1931.0834,0.0,1272.9722,89.52104,0.01305874,0.0,0.60708237,0.29928747
6867,2062.1714,0.0,936.65845,89.521164,0.012589956,0.0,0.6059283,0.29928648
6868,2012.5558,0.0,784.9297,89.52122,0.018777099,0.0,0.5182295,0.29928547
6869,1565.6598,0.0,1174.4049,89.52123,0.01882602,0.0,0.55449075,0.29928446
6870,2579.7883,0.0,1238.5288,89.52123,0.012963176,0.0,0.5395669,0.29928347
6871,2063.2546,0.0,1415.6967,89.52127,0.017012728,0.0,0.5758357,0.29928246
6872,1802.8103,0.0,798.7646,89.5213,0.018539384,0.0,0.6145214,0.2992827
6873,2554.6702,0.0,1424.2339,89.52135,0.017355561,0.0,0.5611048,0.29928282
6874,1515.0669,0.0,987.1721,89.52141,0.016220143,0.0,0.5560602,0.29928282
6875,1850.7183,0.0,988.74634,89.52149,0.016975507,0.0,0.59681386,0.2992841
6876,2421.2712,0.0,1157.7017,89.52161,0.015567869,0.0,0.5746397,0.29928517
6877,1551.1908,0.0,1185.7474,89.52169,0.015821725,0.0,0.598303,0.29928607
6878,2126.0303,0.0,1169.8068,89.52178,0.0138151795,0.0,0.58116376,0.29928672
6879,2326.5042,0.0,1025.1864,89.52189,0.017598443,0.0,0.5525972,0.29928723
6880,2225.6194,0.0,1133.637,89.522,0.0153547805,0.0,0.582657,0.2992879
6881,1639.896,0.0,1025.6473,89.52209,0.01389594,0.0,0.5386674,0.2992883
6882,2161.7866,0.0,1097.1118,89.52217,0.014543997,0.0,0.544562,0.29928866
6883,1860.4329,0.0,1279.3594,89.52225,0.017492302,0.0,0.6122734,0.29928887
6884,1591.5322,0.0,1140.4612,89.522316,0.020064276,0.0,0.49580178,0.29928893
6885,1425.5773,0.0,785.2912,89.52237,0.012935566,0.0,0.56911105,0.29928884
6886,1788.6012,0.0,1205.9602,89.522446,0.018794768,0.0,0.55853915,0.29928866
6887,2027.8344,0.0,1302.0867,89.5225,0.016360845,0.0,0.5411931,0.2992884
6888,2394.8125,0.0,1172.964,89.522545,0.012691467,0.0,0.56149596,0.2992881
6889,1887.1906,0.0,1321.2115,89.52258,0.01381827,0.0,0.5441215,0.29928765
6890,1837.7534,0.0,911.59045,89.52262,0.017361732,0.0,0.5616898,0.29928723
6891,2011.2844,0.0,838.64246,89.52264,0.01569695,0.0,0.5883448,0.2992867
6892,1390.7745,0.0,1293.9072,89.52267,0.01627518,0.0,0.64430386,0.29928616
6893,2077.1646,0.0,1060.8962,89.522675,0.015193343,0.0,0.56770563,0.29928556
6894,1716.0323,0.0,1043.4897,89.52269,0.014902433,0.0,0.51745117,0.29928488
6895,2101.1067,0.0,1404.3938,89.522766,0.014445916,0.0,0.57601273,0.2992845
6896,1429.7433,0.0,870.59735,89.522804,0.014501207,0.0,0.6261413,0.29928407
6897,1831.199,0.0,1116.8297,89.522896,0.016807534,0.0,0.5860884,0.2992836
6898,2264.4485,0.0,1228.0812,89.52295,0.014577846,0.0,0.5475666,0.29928315
6899,2186.9817,0.0,1043.0363,89.52295,0.019488823,0.0,0.54498166,0.2992809
6900,1625.0254,0.0,992.4819,89.52296,0.013224395,0.0,0.5212329,0.29927894
6901,1749.3579,0.0,1194.157,89.522964,0.013958143,0.0,0.56168246,0.2992771
6902,1539.7985,0.0,1002.90936,89.52296,0.013397245,0.0,0.60185635,0.2992727
6903,1668.1292,0.0,1214.5587,89.52296,0.014212708,0.0,0.5718546,0.2992687
6904,2296.9587,0.0,1222.4086,89.52298,0.016897475,0.0,0.5600921,0.29926488
6905,2861.4548,0.0,1515.6614,89.523026,0.016883489,0.0,0.5365798,0.29926148
6906,1549.5596,0.0,1164.8301,89.52304,0.01702701,0.0,0.5387756,0.2992583
6907,1670.3586,0.0,1015.0087,89.523056,0.012525169,0.0,0.5687394,0.29925543
6908,1341.6307,0.0,1098.9796,89.52312,0.015664648,0.0,0.54759276,0.29925278
6909,1223.2319,0.0,1185.2971,89.52314,0.01444374,0.0,0.61921346,0.2992507
6910,1861.1843,0.0,1064.4742,89.523155,0.016520225,0.0,0.54813063,0.29924896
6911,2004.693,0.0,1293.8533,89.523224,0.01715701,0.0,0.60636705,0.2992474
6912,2070.6577,0.0,1315.0317,89.52331,0.014346844,0.0,0.5608029,0.2992461
6913,1994.8445,0.0,930.9197,89.52342,0.014576444,0.0,0.5287293,0.2992448
6914,2359.8345,0.0,1023.9553,89.52357,0.014481274,0.0,0.5514556,0.29924363
6915,1488.3224,0.0,1141.6179,89.52367,0.013991028,0.0,0.5955884,0.29924262
6916,1789.8164,0.0,777.9519,89.523766,0.015733587,0.0,0.56938,0.2992416
6917,2497.0916,0.0,1539.0798,89.52386,0.017777596,0.0,0.55459356,0.29924065
6918,1818.2206,0.0,1373.6461,89.52392,0.014592109,0.0,0.60844225,0.29923972
6919,1606.477,0.0,882.7595,89.523994,0.014134608,0.0,0.5208361,0.29923877
6920,2156.4287,0.0,1308.4641,89.52406,0.016381292,0.0,0.54844743,0.29923785
6921,1911.8511,0.0,1296.9618,89.524155,0.016327841,0.0,0.60429883,0.29923683
6922,1869.5127,0.0,1215.3761,89.524254,0.015640154,0.0,0.59507895,0.2992359
6923,1383.7656,0.0,961.9718,89.52438,0.014742263,0.0,0.55172956,0.299235
6924,2047.3408,0.0,1151.2218,89.52455,0.01884213,0.0,0.5709161,0.29923406
6925,2269.94,0.0,1169.5637,89.52472,0.012722781,0.0,0.6117939,0.2992331
6926,1879.1241,0.0,1284.4734,89.52489,0.014387414,0.0,0.5558999,0.29923216
6927,1516.3545,0.0,1105.0726,89.52509,0.013696155,0.0,0.60320306,0.2992312
6928,1714.3195,0.0,664.86676,89.52526,0.013748018,0.0,0.5769092,0.29923025
6929,2262.2898,0.0,1369.5028,89.52542,0.016717516,0.0,0.5941857,0.29922926
6930,1903.4133,0.0,1280.5972,89.52549,0.015840372,0.0,0.5855149,0.29922828
6931,1616.6957,0.0,1255.2361,89.52549,0.017827578,0.0,0.5674964,0.2992273
6932,1730.1522,0.0,1118.5007,89.52553,0.018711641,0.0,0.58172387,0.29922587
6933,1621.9623,0.0,860.03265,89.525566,0.016530503,0.0,0.6251069,0.2992245
6934,2567.3533,0.0,885.4751,89.525604,0.016356513,0.0,0.5736281,0.29922315
6935,1713.5553,0.0,1529.5277,89.525665,0.015537536,0.0,0.57839614,0.29922184
6936,1627.1877,0.0,1020.98004,89.52576,0.016739085,0.0,0.5551317,0.29922056
6937,2197.0356,0.0,1143.7719,89.525894,0.016038528,0.0,0.5946857,0.2992193
6938,2214.952,0.0,1278.9633,89.52597,0.015918694,0.0,0.575206,0.29921806
6939,2074.328,0.0,1208.7,89.526085,0.014430955,0.0,0.55184776,0.29921684
6940,2103.7375,0.0,1127.2394,89.52619,0.017648993,0.0,0.5717586,0.29921564
6941,1864.549,0.0,1419.3138,89.52631,0.015397957,0.0,0.568858,0.29921445
6942,1699.233,0.0,1069.8104,89.52645,0.015817381,0.0,0.5927894,0.29921317
6943,1755.0034,0.0,1178.1378,89.52655,0.015941245,0.0,0.56019396,0.29921195
6944,1575.2822,0.0,1551.8613,89.526634,0.018025436,0.0,0.5619377,0.2992107
6945,2162.6138,0.0,1094.026,89.52672,0.014373904,0.0,0.51243794,0.2992118
6946,1752.1604,0.0,1430.5385,89.5268,0.018383296,0.0,0.52761936,0.29921272
6947,2066.7424,0.0,1638.4849,89.52685,0.019577116,0.0,0.5236553,0.2992134
6948,1597.6064,0.0,946.172,89.526886,0.015438865,0.0,0.55687064,0.2992131
6949,1683.4486,0.0,1008.35077,89.5269,0.014733615,0.0,0.54767,0.29921272
6950,1469.6417,0.0,1160.5901,89.52688,0.017682496,0.0,0.546579,0.29921228
6951,2012.7518,0.0,892.38367,89.52687,0.01610843,0.0,0.5937066,0.29921177
6952,1844.0278,0.0,1120.3884,89.52685,0.018912729,0.0,0.5442165,0.29921123
6953,1666.517,0.0,1142.2223,89.52682,0.015538385,0.0,0.57201594,0.29921064
6954,2421.42,0.0,1083.8564,89.52677,0.0140143335,0.0,0.5995228,0.29920998
6955,1686.8962,0.0,1227.8757,89.52675,0.014333915,0.0,0.5790984,0.2992093
6956,1989.6807,0.0,1400.6888,89.52676,0.014670662,0.0,0.5604433,0.29920384
6957,1522.8494,0.0,939.6597,89.52677,0.019258305,0.0,0.60354084,0.2991988
6958,2539.245,0.0,1102.1622,89.52682,0.015207684,0.0,0.5564354,0.29919413
6959,1859.8545,0.0,989.8348,89.52686,0.013222417,0.0,0.582963,0.2991899
6960,2510.8228,0.0,1030.8518,89.52693,0.01862279,0.0,0.5758247,0.29918593
6961,1502.8502,0.0,1106.0863,89.52703,0.015575024,0.0,0.55317533,0.29918233
6962,1963.6333,0.0,1278.5264,89.527115,0.017583942,0.0,0.55885875,0.29917863
6963,2033.4623,0.0,988.78217,89.5272,0.015731126,0.0,0.58501095,0.29917526
6964,1391.9768,0.0,1007.86304,89.5273,0.018934228,0.0,0.60896206,0.2991721
6965,2204.7795,0.0,1476.779,89.52735,0.016989905,0.0,0.6075517,0.29916915
6966,1712.3038,0.0,1710.5037,89.5274,0.016316526,0.0,0.50337577,0.29916638
6967,2018.5979,0.0,1505.3749,89.52745,0.015691083,0.0,0.5781535,0.29916382
6968,1630.5891,0.0,971.8789,89.52746,0.012538041,0.0,0.5661766,0.29916134
6969,1870.569,0.0,1336.665,89.52748,0.014727823,0.0,0.55569786,0.29915908
6970,1609.7981,0.0,1145.6838,89.52744,0.0130948,0.0,0.59873,0.29915693
6971,1692.2838,0.0,889.8469,89.527374,0.017898582,0.0,0.614273,0.29915485
6972,2056.552,0.0,1072.5293,89.527275,0.022062173,0.0,0.5837289,0.29915294
6973,2344.055,0.0,981.18396,89.5272,0.014407131,0.0,0.6033442,0.29915115
6974,1651.2126,0.0,1017.5919,89.52711,0.013809629,0.0,0.5615951,0.2991494
6975,1952.4196,0.0,1007.1163,89.52703,0.01242047,0.0,0.58017457,0.29914773
6976,1763.0144,0.0,1142.4349,89.52691,0.016722994,0.0,0.5682777,0.29914612
6977,2460.9895,0.0,1169.6173,89.52675,0.018114064,0.0,0.56021494,0.29914457
6978,1919.9213,0.0,1105.533,89.52663,0.014836274,0.0,0.58313346,0.29914308
6979,1766.3102,0.0,924.9473,89.526505,0.015827324,0.0,0.5572256,0.2991417
6980,1166.912,0.0,975.3527,89.52639,0.018154895,0.0,0.5366792,0.2991404
6981,1705.179,0.0,1166.596,89.52626,0.017463405,0.0,0.6273541,0.29913908
6982,2186.3186,0.0,1354.8679,89.52612,0.011822875,0.0,0.5764296,0.29913783
6983,2018.0312,0.0,1168.4235,89.52604,0.018700555,0.0,0.5570371,0.29913658
6984,1688.3727,0.0,867.68353,89.52597,0.018902745,0.0,0.5392663,0.29913533
6985,1518.7078,0.0,1383.2916,89.52591,0.013156945,0.0,0.5880245,0.2991341
6986,1572.8995,0.0,1238.4308,89.5259,0.013692215,0.0,0.59701407,0.2991329
6987,1643.8394,0.0,1460.8754,89.52589,0.01854332,0.0,0.58815837,0.2991317
6988,2628.456,0.0,1066.5519,89.52585,0.013244061,0.0,0.59174,0.29913184
6989,1349.2189,0.0,1143.507,89.52582,0.01673156,0.0,0.5908293,0.29913184
6990,1919.4651,0.0,1088.6464,89.525826,0.015587679,0.0,0.56084824,0.29913172
6991,1463.231,0.0,1304.0084,89.52578,0.018402822,0.0,0.54798895,0.29913145
6992,2158.5403,0.0,1265.0604,89.525826,0.017200943,0.0,0.5980513,0.29913118
6993,1477.1034,0.0,1236.2932,89.52585,0.013661149,0.0,0.5702521,0.29913083
6994,1717.8835,0.0,1039.7197,89.5259,0.01811758,0.0,0.5770309,0.2991304
6995,1871.6622,0.0,776.5872,89.52591,0.015992537,0.0,0.54975957,0.29912987
6996,1863.4814,0.0,1282.0227,89.52588,0.0148093505,0.0,0.5925456,0.29912946
6997,1855.0468,0.0,1256.9033,89.52589,0.01816892,0.0,0.57296383,0.29912698
6998,1788.5164,0.0,1200.4368,89.52591,0.016308913,0.0,0.5990237,0.2991252
6999,2302.3286,0.0,907.78827,89.52593,0.011011232,0.0,0.62248296,0.29912347
7000,1940.9268,0.0,1013.7962,89.52597,0.013303168,0.0,0.57261753,0.29912177
7001,1944.2776,0.0,1108.4147,89.526,0.013435955,0.0,0.5902041,0.2991202
7002,1930.0869,0.0,1093.5518,89.526,0.0147554,0.0,0.5295161,0.2991186
7003,1720.1039,0.0,1219.3333,89.526,0.016216245,0.0,0.53938645,0.2991171
7004,1431.7346,0.0,883.15326,89.526024,0.022018604,0.0,0.56303716,0.29911563
7005,1996.4995,0.0,990.8109,89.52605,0.013970382,0.0,0.60120213,0.29911423
7006,1549.2228,0.0,1177.5092,89.52603,0.014651517,0.0,0.5851953,0.29911602
7007,2059.4866,0.0,1026.6228,89.52602,0.017126769,0.0,0.56733036,0.29911757
7008,1301.2119,0.0,1065.9814,89.52601,0.014950436,0.0,0.59928495,0.29911894
7009,1668.9143,0.0,1282.407,89.526,0.016401872,0.0,0.5982734,0.29912016
7010,1660.7906,0.0,1175.5781,89.52601,0.018516762,0.0,0.5729648,0.29912144
7011,1929.9329,0.0,1309.2072,89.5261,0.018116385,0.0,0.5690301,0.29912263
7012,1996.187,0.0,1043.3885,89.52617,0.017468475,0.0,0.5920074,0.29912362
7013,1784.5731,0.0,954.1174,89.526306,0.018792976,0.0,0.61031413,0.29912525
7014,2276.8313,0.0,1208.2684,89.52637,0.020130223,0.0,0.57861775,0.29912663
7015,1982.6599,0.0,903.3195,89.52645,0.017448083,0.0,0.591855,0.29912782
7016,2119.314,0.0,994.9143,89.52656,0.014019363,0.0,0.5491508,0.2991287
7017,1777.9071,0.0,1184.1061,89.526695,0.017184753,0.0,0.60590523,0.2991295
7018,1618.7975,0.0,1190.0657,89.5268,0.02099526,0.0,0.5847356,0.29913005
7019,2136.9045,0.0,763.2735,89.52694,0.018234793,0.0,0.53551024,0.29913038
7020,2381.4053,0.0,903.55054,89.5271,0.016204238,0.0,0.56270957,0.2991307
7021,2068.2834,0.0,1206.3312,89.527275,0.017912379,0.0,0.5317461,0.29913083
7022,1971.7638,0.0,1309.7792,89.52742,0.01928646,0.0,0.52109754,0.2991308
7023,2456.2212,0.0,1135.1085,89.527565,0.015525319,0.0,0.5609746,0.29913068
7024,1725.6458,0.0,1256.7479,89.52766,0.015366832,0.0,0.5276775,0.29913047
7025,1433.1257,0.0,1406.8297,89.52773,0.014525985,0.0,0.58306307,0.29913014
7026,1788.8163,0.0,1005.0023,89.52777,0.016370282,0.0,0.564705,0.29912975
7027,1492.6694,0.0,1119.9299,89.52782,0.018067202,0.0,0.5316973,0.2991293
7028,2465.0588,0.0,1387.5671,89.52783,0.017218098,0.0,0.59851897,0.29912883
7029,1614.1577,0.0,1065.3379,89.52782,0.013981571,0.0,0.56305206,0.29912826
7030,1980.3562,0.0,1067.1262,89.52785,0.01682837,0.0,0.55610895,0.29912764
7031,1539.3279,0.0,1504.547,89.52784,0.01739938,0.0,0.6151615,0.29912695
7032,2016.7776,0.0,1203.3196,89.52777,0.014727063,0.0,0.6221287,0.2991263
7033,1435.7996,0.0,917.492,89.527725,0.015537019,0.0,0.6253347,0.29912558
7034,2595.536,0.0,1048.3213,89.527664,0.015091489,0.0,0.544172,0.2991248
7035,1877.676,0.0,931.4461,89.5276,0.015989466,0.0,0.6017976,0.29912403
7036,1749.7905,0.0,910.7143,89.52756,0.015758585,0.0,0.5732086,0.2991234
7037,1627.5187,0.0,771.1488,89.527504,0.016844783,0.0,0.58638,0.29912275
7038,1974.4658,0.0,995.902,89.5275,0.015781537,0.0,0.5580454,0.29912198
7039,2589.8396,0.0,1252.0919,89.52748,0.02284354,0.0,0.60747874,0.29912126
7040,1702.8052,0.0,1040.6648,89.52744,0.015953178,0.0,0.5641659,0.29912052
7041,1492.9575,0.0,1416.2064,89.52743,0.016500749,0.0,0.5146734,0.29911965
7042,2206.4922,0.0,1196.3933,89.5274,0.0148015525,0.0,0.57729656,0.29911882
7043,2985.8132,0.0,1309.9325,89.527374,0.015346695,0.0,0.5786806,0.29911795
7044,2038.051,0.0,1313.3381,89.5273,0.01881407,0.0,0.5823829,0.29911703
7045,2824.8704,0.0,979.2491,89.52723,0.015725486,0.0,0.5820435,0.29911616
7046,1635.393,0.0,1347.2555,89.527214,0.013967281,0.0,0.55230176,0.2991152
7047,1943.494,0.0,1164.1146,89.52722,0.016123716,0.0,0.6388929,0.29911426
7048,2476.0308,0.0,789.316,89.52725,0.017135538,0.0,0.5404018,0.2991133
7049,1811.8917,0.0,1251.1178,89.52727,0.012119509,0.0,0.5813219,0.29911226
7050,1903.2252,0.0,989.691,89.52729,0.017370446,0.0,0.5372979,0.29911125
7051,1489.2555,0.0,1152.3026,89.527306,0.014846809,0.0,0.5558456,0.29911014
7052,1745.9382,0.0,1283.3201,89.52736,0.018075055,0.0,0.5707314,0.29910913
7053,2207.7734,0.0,948.5639,89.52746,0.015274195,0.0,0.5533616,0.29910827
7054,2040.7789,0.0,963.5598,89.527565,0.018980402,0.0,0.6010953,0.29910734
7055,1698.7113,0.0,786.948,89.52767,0.023019468,0.0,0.5624573,0.29910645
7056,1806.4531,0.0,970.34204,89.52782,0.013656388,0.0,0.5595689,0.2991055
7057,2502.2834,0.0,1030.6705,89.52793,0.0173709,0.0,0.5491978,0.29910454
7058,2176.3489,0.0,989.5062,89.528015,0.015102008,0.0,0.5798638,0.2991022
7059,1538.841,0.0,1143.374,89.52807,0.01648916,0.0,0.5341824,0.2991
7060,1817.6146,0.0,986.6151,89.52818,0.015260965,0.0,0.57034636,0.299098
7061,1772.825,0.0,1279.3905,89.52829,0.015876092,0.0,0.5691242,0.29909605
7062,1577.4564,0.0,1568.92,89.52844,0.018417727,0.0,0.5951972,0.2990943
7063,1876.3201,0.0,1200.575,89.52861,0.016198048,0.0,0.56393266,0.2990926
7064,2373.6475,0.0,838.9112,89.52878,0.01528291,0.0,0.53954244,0.299091
7065,1453.5735,0.0,1085.5558,89.52897,0.015513152,0.0,0.5663306,0.2990895
7066,1986.4667,0.0,1388.6008,89.52914,0.015428983,0.0,0.5868272,0.29908803
7067,1837.666,0.0,1148.4437,89.52933,0.018423151,0.0,0.5487543,0.29908657
7068,1542.7367,0.0,963.461,89.529526,0.014828501,0.0,0.57103634,0.29908216
7069,1729.3038,0.0,1163.2281,89.52966,0.014238216,0.0,0.5590874,0.2990767
7070,2308.0042,0.0,1054.9086,89.52984,0.022664938,0.0,0.57406443,0.29907167
7071,2206.392,0.0,1129.9143,89.52993,0.019665008,0.0,0.57909125,0.29906708
7072,1584.4625,0.0,1230.5682,89.53006,0.020663105,0.0,0.5667421,0.29906288
7073,2335.053,0.0,1462.9601,89.53011,0.014018342,0.0,0.5684892,0.29905903
7074,2096.8364,0.0,1270.048,89.53024,0.014763145,0.0,0.54421985,0.29905543
7075,1662.8937,0.0,1386.1984,89.530304,0.017236972,0.0,0.5464318,0.2990521
7076,2483.6116,0.0,1239.4064,89.53042,0.013885481,0.0,0.57890457,0.299049
7077,1758.5664,0.0,1730.464,89.530556,0.017367337,0.0,0.5536494,0.29904607
7078,1641.3528,0.0,1181.7246,89.530655,0.019806918,0.0,0.54358137,0.29904336
7079,2175.9365,0.0,963.4042,89.530754,0.017038485,0.0,0.5266303,0.2990408
7080,1486.0227,0.0,1187.3558,89.530846,0.020109778,0.0,0.56027853,0.29903844
7081,1867.9733,0.0,1127.8848,89.53088,0.01300017,0.0,0.58474416,0.29903615
7082,1218.2937,0.0,1121.9806,89.53089,0.017006485,0.0,0.61260337,0.299034
7083,1845.1295,0.0,1158.0593,89.53089,0.013451054,0.0,0.5861776,0.299032
7084,1768.8661,0.0,1292.0409,89.53094,0.016629737,0.0,0.59880584,0.29902795
7085,1707.6969,0.0,899.868,89.53104,0.014929606,0.0,0.5793791,0.29902416
7086,2022.5503,0.0,698.2726,89.53113,0.014353826,0.0,0.5656027,0.29901946
7087,1813.3702,0.0,1120.29,89.53121,0.01627076,0.0,0.56892806,0.29901418
7088,2120.2893,0.0,1282.4547,89.531334,0.014776697,0.0,0.5347042,0.29900938
7089,1718.1041,0.0,1514.9587,89.53148,0.018357044,0.0,0.59156346,0.2990049
7090,1281.3477,0.0,1195.5963,89.53161,0.014738358,0.0,0.52215016,0.2990008
7091,1774.0071,0.0,1013.90063,89.53174,0.019271199,0.0,0.5651676,0.298997
7092,2042.8721,0.0,1383.1564,89.53184,0.01632848,0.0,0.58822477,0.29899126
7093,1619.1122,0.0,1406.4504,89.531944,0.013639947,0.0,0.557872,0.2989861
7094,1759.1981,0.0,1198.4764,89.532104,0.019261025,0.0,0.56701374,0.2989813
7095,1482.5088,0.0,1087.459,89.532234,0.019803464,0.0,0.58125436,0.29897684
7096,2022.6268,0.0,1244.1174,89.53237,0.014988961,0.0,0.5899192,0.2989727
7097,1788.554,0.0,1144.026,89.53251,0.01890599,0.0,0.54958975,0.29896894
7098,2214.0256,0.0,996.65283,89.53263,0.012977714,0.0,0.5937631,0.29896545
7099,1542.8474,0.0,982.14453,89.53276,0.017112462,0.0,0.5964564,0.29896215
7100,2172.2002,0.0,1055.5227,89.53287,0.016470386,0.0,0.5792639,0.2989591
7101,1711.8091,0.0,1260.658,89.53297,0.020814046,0.0,0.5938966,0.29895625
7102,1402.1957,0.0,1023.27966,89.53307,0.019364981,0.0,0.61523485,0.2989535
7103,1559.2073,0.0,1068.9398,89.53313,0.019717831,0.0,0.6026717,0.29895103
7104,1564.0801,0.0,901.13153,89.53318,0.01564463,0.0,0.59244764,0.29894862
7105,1437.7063,0.0,1547.4167,89.533264,0.015653653,0.0,0.5649715,0.29894635
7106,1819.9852,0.0,1062.6711,89.533325,0.0152112525,0.0,0.57375115,0.29894423
7107,1641.1418,0.0,1280.8258,89.533394,0.016873779,0.0,0.5445961,0.29894215
7108,1396.7571,0.0,1297.334,89.533455,0.019412955,0.0,0.55361,0.2989402
7109,1800.3354,0.0,1460.6921,89.53351,0.022043196,0.0,0.5605362,0.29893836
7110,1142.1372,0.0,1163.5409,89.53356,0.016062241,0.0,0.532797,0.29893658
7111,2227.512,0.0,1542.1195,89.53362,0.014367195,0.0,0.5722334,0.29893482
7112,2077.5156,0.0,1349.514,89.53365,0.019300705,0.0,0.56002617,0.29893315
7113,1856.1766,0.0,1036.6499,89.533714,0.01618514,0.0,0.5590286,0.29893154
7114,1622.3713,0.0,1220.2258,89.5338,0.016036352,0.0,0.56823575,0.29892585
7115,1424.864,0.0,1195.8076,89.53389,0.015120378,0.0,0.59400403,0.29892355
7116,2025.8263,0.0,863.7962,89.534,0.0135915745,0.0,0.5576441,0.29892954
7117,1652.2572,0.0,865.3337,89.53407,0.016740149,0.0,0.59911513,0.2989352
7118,2132.4678,0.0,1019.8505,89.53419,0.019578148,0.0,0.56796634,0.29894045
7119,1772.2346,0.0,1242.6583,89.53426,0.013910721,0.0,0.5532409,0.29894596
7120,2186.8381,0.0,1376.5249,89.534355,0.017534677,0.0,0.56815666,0.29895097
7121,1895.5948,0.0,1085.3235,89.53446,0.01687833,0.0,0.51734257,0.2989554
7122,2004.1641,0.0,1029.0142,89.53452,0.017270194,0.0,0.6176503,0.2989595
7123,2249.1873,0.0,1529.3289,89.53458,0.016210793,0.0,0.5758244,0.29896313
7124,1208.8539,0.0,1253.5692,89.53468,0.0172551,0.0,0.5914298,0.29896638
7125,1742.392,0.0,1241.0011,89.534744,0.01692162,0.0,0.58191836,0.2989693
7126,1533.73,0.0,1248.353,89.53478,0.017786715,0.0,0.54722416,0.29897186
7127,1779.7654,0.0,1228.1241,89.53481,0.017327331,0.0,0.629931,0.29897407
7128,1353.507,0.0,1379.1383,89.53488,0.019073946,0.0,0.52571875,0.29897597
7129,2099.27,0.0,953.8772,89.53496,0.017618343,0.0,0.5738863,0.2989776
7130,2101.042,0.0,995.57135,89.535,0.0153228855,0.0,0.5714408,0.29897708
7131,1631.3875,0.0,1364.114,89.53502,0.016364291,0.0,0.57908714,0.2989765
7132,1856.0122,0.0,1079.9708,89.535034,0.016276617,0.0,0.62446344,0.29897586
7133,1498.946,0.0,1022.9435,89.53506,0.015433083,0.0,0.5234755,0.29897526
7134,1419.7537,0.0,1108.4529,89.53514,0.02341602,0.0,0.57724583,0.29897264
7135,2152.2236,0.0,899.4998,89.53521,0.02381987,0.0,0.6077781,0.29897016
7136,2054.5535,0.0,1139.0071,89.5353,0.015873337,0.0,0.5468488,0.29896787
7137,2080.6052,0.0,878.8425,89.53537,0.017029982,0.0,0.5505147,0.29896575
7138,2157.8635,0.0,1077.5598,89.53544,0.0147494925,0.0,0.5667709,0.2989638
7139,2034.801,0.0,1171.1461,89.53553,0.014864836,0.0,0.6101562,0.2989619
7140,1499.8031,0.0,1247.0873,89.535645,0.019742137,0.0,0.5545642,0.29896012
7141,1419.2606,0.0,1148.8156,89.53576,0.01888353,0.0,0.5350605,0.29895845
7142,1757.2509,0.0,962.36694,89.5359,0.016076095,0.0,0.59328806,0.2989568
7143,2423.152,0.0,1167.7198,89.535995,0.015425133,0.0,0.53244233,0.29895607
7144,1421.4755,0.0,1208.6932,89.53608,0.016924322,0.0,0.52681446,0.29895532
7145,1921.7325,0.0,1087.8633,89.53616,0.018650359,0.0,0.5669415,0.2989556
7146,1364.2914,0.0,893.33325,89.53625,0.019255716,0.0,0.5932548,0.29895583
7147,2080.6155,0.0,1190.0566,89.53635,0.019068543,0.0,0.59070516,0.29895598
7148,2563.6226,0.0,1359.234,89.53645,0.014957868,0.0,0.5271734,0.298956
7149,2034.9958,0.0,1063.7238,89.53653,0.01650919,0.0,0.5577725,0.29895598
7150,1787.926,0.0,1159.7367,89.536674,0.015100917,0.0,0.5766532,0.2989558
7151,1696.3782,0.0,1004.8168,89.536865,0.012070644,0.0,0.5986289,0.2989555
7152,2234.7532,0.0,783.7,89.53697,0.015928643,0.0,0.56850064,0.2989552
7153,1513.0253,0.0,923.55524,89.53704,0.015975228,0.0,0.5934796,0.29895478
7154,1892.1495,0.0,1041.2507,89.53714,0.016515236,0.0,0.57497835,0.29895434
7155,1432.8221,0.0,848.8234,89.537254,0.015633177,0.0,0.54664254,0.29895383
7156,1684.8279,0.0,979.9908,89.537346,0.014325371,0.0,0.561785,0.29895324
7157,1828.0039,0.0,1346.9679,89.53737,0.018913027,0.0,0.6243269,0.29895255
7158,1942.5393,0.0,1180.4432,89.537415,0.015566818,0.0,0.5918042,0.29895183
7159,1446.372,0.0,830.1757,89.53746,0.017945077,0.0,0.5426928,0.29895106
7160,1456.9572,0.0,1440.2184,89.53751,0.01501866,0.0,0.5505587,0.29895025
7161,1527.546,0.0,1098.2784,89.53759,0.014647867,0.0,0.580948,0.29894945
7162,2281.7896,0.0,973.79205,89.537636,0.016013086,0.0,0.5516445,0.29894862
7163,1318.8351,0.0,965.4883,89.53771,0.017293941,0.0,0.5302261,0.2989477
7164,1383.5878,0.0,739.14996,89.5378,0.015935712,0.0,0.5666872,0.29894686
7165,1733.5919,0.0,938.5588,89.53787,0.02351977,0.0,0.57386035,0.29894593
7166,2676.3223,0.0,1270.5094,89.53795,0.018754032,0.0,0.5979078,0.29894495
7167,1418.0748,0.0,988.1434,89.538025,0.015590467,0.0,0.50100726,0.29894406
7168,1217.9336,0.0,1100.2589,89.538086,0.01684555,0.0,0.5784987,0.29894307
7169,2123.7625,0.0,1242.0674,89.53813,0.018037532,0.0,0.5446168,0.29894206
7170,2473.0764,0.0,1099.5765,89.53822,0.01507484,0.0,0.57887226,0.298941
7171,1564.0945,0.0,1240.2542,89.53831,0.017104205,0.0,0.56360686,0.29893994
7172,2228.1755,0.0,886.68066,89.538414,0.012445543,0.0,0.5274534,0.29893896
7173,2388.41,0.0,1136.2554,89.53853,0.014474392,0.0,0.57102793,0.29893792
7174,2278.5354,0.0,950.8772,89.53859,0.015802395,0.0,0.6069254,0.29893687
7175,2184.1084,0.0,1304.2064,89.53864,0.015918905,0.0,0.53799105,0.29893398
7176,1657.6704,0.0,1082.5503,89.53865,0.016889606,0.0,0.6116009,0.29893136
7177,2747.783,0.0,1126.1342,89.53865,0.016955985,0.0,0.54544663,0.29892892
7178,1456.0891,0.0,1038.3285,89.5387,0.015501609,0.0,0.56564224,0.29892653
7179,1402.7378,0.0,989.5276,89.538704,0.014784529,0.0,0.60040444,0.29892695
7180,1303.4805,0.0,1034.0106,89.53871,0.016766287,0.0,0.5648477,0.29892725
7181,1510.2373,0.0,961.7027,89.53876,0.016838986,0.0,0.5598467,0.29892743
7182,1891.7571,0.0,1602.548,89.53882,0.016223975,0.0,0.6258043,0.29892713
7183,1474.835,0.0,1045.9414,89.53885,0.0174305,0.0,0.5833627,0.29892686
7184,2626.7798,0.0,992.232,89.53886,0.021425981,0.0,0.5692252,0.29892647
7185,2352.0298,0.0,1107.7201,89.538925,0.013952894,0.0,0.59769523,0.298926
7186,1898.8207,0.0,1113.9935,89.539,0.018806214,0.0,0.5877214,0.2989255
7187,2052.9468,0.0,1234.3805,89.53904,0.016466795,0.0,0.58849615,0.29892486
7188,1508.8749,0.0,1264.6594,89.53904,0.01620353,0.0,0.55299956,0.2989243
7189,1612.1841,0.0,1358.8412,89.53904,0.01775346,0.0,0.555741,0.29892358
7190,1994.7454,0.0,1000.61615,89.539055,0.019608026,0.0,0.5556046,0.2989229
7191,2035.0347,0.0,1581.7583,89.53909,0.016074058,0.0,0.62863666,0.29892215
7192,2286.2485,0.0,1158.7175,89.539154,0.014311155,0.0,0.52790165,0.29892126
7193,1744.3235,0.0,1483.1915,89.53919,0.01662687,0.0,0.57401156,0.2989208
7194,2618.8838,0.0,1335.1133,89.53928,0.01639279,0.0,0.5662259,0.2989203
7195,2003.7164,0.0,1304.3357,89.53936,0.015859772,0.0,0.5731996,0.29891977
7196,2531.9504,0.0,1183.2872,89.53939,0.016640846,0.0,0.5856173,0.29891908
7197,1063.1522,0.0,1144.1339,89.53949,0.015627258,0.0,0.58578,0.29891843
7198,2125.7583,0.0,948.4032,89.53958,0.016475163,0.0,0.5901693,0.2989177
7199,1416.1885,0.0,1122.1698,89.53973,0.016136475,0.0,0.56197417,0.29891697
7200,1841.9935,0.0,1192.0875,89.53982,0.012206676,0.0,0.5656526,0.2989162
7201,1629.9954,0.0,878.48047,89.540016,0.01339364,0.0,0.55747414,0.29891536
7202,1813.1693,0.0,1040.7853,89.54016,0.017113267,0.0,0.59362996,0.2989145
7203,1988.9674,0.0,1218.238,89.5403,0.013209763,0.0,0.548444,0.2989136
7204,1923.233,0.0,841.38226,89.540436,0.020857057,0.0,0.5382159,0.29891264
7205,1788.5421,0.0,1309.5159,89.5405,0.014395836,0.0,0.567626,0.29891166
7206,2043.8948,0.0,1361.7682,89.54051,0.014821551,0.0,0.54051435,0.29891118
7207,1393.7719,0.0,1216.5948,89.54055,0.017366126,0.0,0.5986254,0.2989082
7208,1836.9896,0.0,1253.9294,89.54058,0.016184142,0.0,0.5344158,0.2989055
7209,1773.3925,0.0,1014.628,89.54059,0.014983657,0.0,0.5593898,0.29890296
7210,1570.5765,0.0,1087.8752,89.5406,0.016116437,0.0,0.54536545,0.2989007
7211,1664.857,0.0,1225.2081,89.54061,0.01546533,0.0,0.54436207,0.29889855
7212,1300.7755,0.0,1301.811,89.540634,0.015447408,0.0,0.5483827,0.29889655
7213,1608.2722,0.0,1333.2041,89.54067,0.01644854,0.0,0.56832796,0.29889467
7214,1610.6027,0.0,956.9858,89.54071,0.013230734,0.0,0.6009488,0.29889286
7215,1825.0953,0.0,1348.5232,89.54082,0.018296491,0.0,0.5826497,0.29889116
7216,1884.5573,0.0,1496.3646,89.54091,0.017608264,0.0,0.54955935,0.29888952
7217,1247.14,0.0,1340.8231,89.54101,0.014897115,0.0,0.5722026,0.29888794
7218,2300.3958,0.0,1051.4484,89.54106,0.016006138,0.0,0.54178095,0.29888707
7219,1820.073,0.0,1037.1997,89.54109,0.018501878,0.0,0.53751034,0.29888648
7220,2609.189,0.0,1206.5963,89.54111,0.015246241,0.0,0.6030201,0.2988859
7221,1495.5558,0.0,851.325,89.54111,0.015372055,0.0,0.6174852,0.29888532
7222,1973.3274,0.0,1710.2811,89.54111,0.015340499,0.0,0.54575336,0.29888466
7223,1615.6725,0.0,1560.701,89.54114,0.014434405,0.0,0.5464153,0.29888391
7224,1947.3544,0.0,1079.611,89.54119,0.011735293,0.0,0.54172933,0.29888317
7225,2501.879,0.0,970.60223,89.54125,0.012665372,0.0,0.5431741,0.29888237
7226,1794.2003,0.0,1059.1769,89.541306,0.01538195,0.0,0.54684716,0.29887903
7227,2002.7211,0.0,1189.9509,89.54139,0.0164119,0.0,0.5672145,0.29887587
7228,2198.5073,0.0,1342.5854,89.54149,0.014858386,0.0,0.5943204,0.298873
7229,2282.4932,0.0,1246.5376,89.54159,0.016255846,0.0,0.57360226,0.29887027
7230,2170.6953,0.0,889.3632,89.54171,0.014335956,0.0,0.5818126,0.29886767
7231,1625.0912,0.0,1218.1556,89.541855,0.014418652,0.0,0.58955973,0.29886523
7232,1862.7289,0.0,1228.949,89.542,0.014702855,0.0,0.5817803,0.29886293
7233,1511.7513,0.0,1269.2429,89.542145,0.021524005,0.0,0.56914204,0.29886073
7234,1246.8022,0.0,979.35114,89.54227,0.014363242,0.0,0.61552477,0.29885867
7235,1395.7015,0.0,1236.6383,89.54237,0.014843421,0.0,0.60190034,0.29885668
7236,1792.6661,0.0,1201.4618,89.54249,0.015364733,0.0,0.5357099,0.29885477
7237,1315.3408,0.0,1311.1385,89.542595,0.022168553,0.0,0.5477569,0.29885295
7238,1505.538,0.0,1077.5505,89.54274,0.017752623,0.0,0.5888707,0.29885122
7239,1813.1354,0.0,750.8922,89.54291,0.017831853,0.0,0.5477303,0.29884952
7240,2100.126,0.0,1054.3966,89.543076,0.017311186,0.0,0.60619795,0.2988486
7241,1969.611,0.0,1199.8743,89.5432,0.015231883,0.0,0.54329824,0.29884768
7242,1820.6602,0.0,1065.179,89.543304,0.019159859,0.0,0.5642449,0.29884666
7243,2763.201,0.0,1499.3253,89.543396,0.015035551,0.0,0.5404155,0.2988457
7244,1546.7648,0.0,1163.4542,89.543495,0.017778277,0.0,0.52958214,0.2988447
7245,2021.3497,0.0,1337.4268,89.54351,0.018179206,0.0,0.54825157,0.29884368
7246,1621.7847,0.0,1519.5901,89.543564,0.016157545,0.0,0.5681251,0.29884243
7247,2042.7008,0.0,906.12225,89.54363,0.014092078,0.0,0.5978046,0.2988445
7248,2024.731,0.0,1165.3959,89.5437,0.01545006,0.0,0.5701407,0.29884624
7249,1861.6613,0.0,818.177,89.54371,0.018186482,0.0,0.5988549,0.2988477
7250,2334.685,0.0,1248.5642,89.54374,0.013685676,0.0,0.5746749,0.2988503
7251,1561.7289,0.0,997.5345,89.54381,0.016910724,0.0,0.5486401,0.29885247
7252,1798.5758,0.0,780.4143,89.54389,0.015227927,0.0,0.5736876,0.2988544
7253,1479.2513,0.0,945.73553,89.54401,0.015474979,0.0,0.59342134,0.298856
7254,1493.3091,0.0,1412.7394,89.544106,0.017254028,0.0,0.58875954,0.2988572
7255,2929.684,0.0,1171.2731,89.544235,0.015784584,0.0,0.53270614,0.29885823
7256,1946.63,0.0,1134.863,89.54436,0.015426105,0.0,0.5609133,0.29885903
7257,1430.1581,0.0,1129.9346,89.54449,0.01580269,0.0,0.55696976,0.2988597
7258,1519.5157,0.0,1353.7227,89.54459,0.013798061,0.0,0.58667314,0.29886016
7259,2416.5928,0.0,1351.8702,89.544624,0.017180873,0.0,0.6153014,0.29886046
7260,2336.7483,0.0,1247.957,89.54469,0.018082932,0.0,0.52446735,0.29885975
7261,1862.288,0.0,1097.287,89.54475,0.015155168,0.0,0.56175363,0.29885894
7262,1545.2292,0.0,1092.9072,89.54482,0.01414718,0.0,0.6102438,0.2988581
7263,1556.6912,0.0,1041.1027,89.544876,0.014096864,0.0,0.5911304,0.29885873
7264,1905.427,0.0,1043.1154,89.54488,0.015269834,0.0,0.6006079,0.29885912
7265,1829.2355,0.0,913.22687,89.54487,0.015508279,0.0,0.57865757,0.29885942
7266,2008.1144,0.0,1034.0076,89.54488,0.016563809,0.0,0.6009015,0.2988595
7267,1635.1637,0.0,983.71234,89.54491,0.015877932,0.0,0.55949855,0.29885954
7268,2103.7266,0.0,1143.0936,89.54495,0.019708443,0.0,0.57546157,0.29885945
7269,1708.7051,0.0,930.7435,89.545,0.016861256,0.0,0.533908,0.29885945
7270,1250.1539,0.0,1286.6292,89.54499,0.016514912,0.0,0.5811396,0.29885945
7271,2205.6985,0.0,824.5424,89.54499,0.016824171,0.0,0.6032216,0.2988593
7272,2060.4272,0.0,1157.357,89.54498,0.016220305,0.0,0.55487627,0.29885915
7273,2553.0005,0.0,1076.5883,89.54502,0.017009549,0.0,0.55874026,0.29885882
7274,1791.6477,0.0,1208.3231,89.545105,0.0153299775,0.0,0.5407879,0.29885852
7275,1453.9268,0.0,1140.5841,89.54515,0.017275542,0.0,0.5547271,0.2988581
7276,1627.8839,0.0,1055.5237,89.54522,0.015089726,0.0,0.5797751,0.29885766
7277,1771.4595,0.0,1375.6029,89.54529,0.01738163,0.0,0.5853498,0.29885715
7278,1865.8516,0.0,1093.8064,89.54533,0.012986623,0.0,0.5758896,0.29885662
7279,1323.1031,0.0,1000.7631,89.54537,0.017782994,0.0,0.56797445,0.29885596
7280,1367.0992,0.0,1028.3898,89.54544,0.017398296,0.0,0.56378335,0.2988553
7281,1806.3757,0.0,1281.8881,89.54557,0.0152602745,0.0,0.55691016,0.29885462
7282,2096.767,0.0,1039.3933,89.545715,0.017836742,0.0,0.5901974,0.29885384
7283,1579.9635,0.0,1319.7443,89.54588,0.016641665,0.0,0.6288558,0.29885313
7284,2555.2903,0.0,1020.8465,89.54605,0.018026222,0.0,0.57853514,0.29885226
7285,1987.7748,0.0,935.6812,89.54615,0.015763238,0.0,0.52916807,0.29885143
7286,2212.2356,0.0,1166.8792,89.5462,0.015057925,0.0,0.5898616,0.29885054
7287,1868.9674,0.0,1271.8081,89.54627,0.01638629,0.0,0.5857638,0.29884958
7288,1714.9878,0.0,868.04285,89.54635,0.014753824,0.0,0.56322753,0.2988475
7289,1963.4789,0.0,1071.0382,89.54644,0.016125476,0.0,0.61076343,0.29884556
7290,1544.3644,0.0,1052.9349,89.54653,0.0133983195,0.0,0.55289567,0.29884803
7291,1555.1764,0.0,868.191,89.54663,0.01779577,0.0,0.5685221,0.29885018
7292,1897.7328,0.0,1169.0979,89.546684,0.013476675,0.0,0.60757583,0.29885206
7293,1486.3921,0.0,1172.7783,89.546715,0.016778897,0.0,0.5961087,0.2988536
7294,2188.3152,0.0,1090.486,89.54678,0.015310137,0.0,0.5526559,0.2988549
7295,3050.0151,0.0,1330.9214,89.5469,0.012080024,0.0,0.5414734,0.29887086
7296,1589.4979,0.0,1009.3362,89.546974,0.01638896,0.0,0.58487195,0.29888576
7297,1722.128,0.0,1010.25507,89.547066,0.01848634,0.0,0.5437891,0.29890132
7298,2123.7463,0.0,1444.144,89.547104,0.013934154,0.0,0.55720806,0.29891554
7299,2118.464,0.0,960.2652,89.54711,0.015866987,0.0,0.5342727,0.29892853
7300,1678.8141,0.0,1113.0966,89.54714,0.016247248,0.0,0.5922593,0.29894665
7301,1757.4425,0.0,968.6763,89.54714,0.014308652,0.0,0.5722169,0.29896307
7302,1782.628,0.0,1345.4904,89.54718,0.014871831,0.0,0.5578877,0.29897806
7303,2443.5396,0.0,1160.0404,89.54722,0.01613374,0.0,0.5475325,0.29899168
7304,1949.6062,0.0,1247.08,89.547226,0.023111943,0.0,0.58318603,0.299004
7305,2117.6882,0.0,1211.1774,89.54727,0.019668682,0.0,0.5427253,0.29901516
7306,1402.4467,0.0,970.7142,89.54728,0.017919695,0.0,0.5198668,0.29902515
7307,2308.212,0.0,868.9823,89.54734,0.014573289,0.0,0.58992946,0.29903418
7308,2204.867,0.0,1036.1665,89.54737,0.015535931,0.0,0.5958493,0.29904228
7309,1557.0818,0.0,973.83527,89.54741,0.01507405,0.0,0.54748005,0.29904953
7310,1734.0583,0.0,875.9681,89.5475,0.01671398,0.0,0.5736626,0.29905587
7311,1779.8389,0.0,1094.385,89.5476,0.016621862,0.0,0.5754184,0.29906097
7312,2363.6794,0.0,1303.7074,89.54769,0.015322897,0.0,0.53208435,0.29906547
7313,1681.8804,0.0,1069.3013,89.547806,0.017183118,0.0,0.544334,0.29906946
7314,1790.189,0.0,1230.407,89.547844,0.014143558,0.0,0.5460638,0.2990729
7315,2720.0737,0.0,1150.8029,89.5479,0.017793167,0.0,0.59401435,0.299076
7316,1762.7727,0.0,1239.0778,89.54794,0.018044738,0.0,0.54040647,0.29907855
7317,1117.0476,0.0,1254.1974,89.54796,0.017076684,0.0,0.5892972,0.2990811
7318,2010.7236,0.0,1327.3273,89.54796,0.020623405,0.0,0.61202955,0.2990832
7319,1986.0981,0.0,1177.6614,89.54794,0.016389875,0.0,0.57776177,0.29908508
7320,1511.8722,0.0,929.3906,89.54798,0.017664043,0.0,0.595325,0.2990865
7321,1433.9602,0.0,1045.656,89.54798,0.018700305,0.0,0.5481447,0.2990878
7322,1898.558,0.0,898.5911,89.54796,0.018398192,0.0,0.60486794,0.2990888
7323,2545.764,0.0,1037.8824,89.54793,0.018886734,0.0,0.5566399,0.29908964
7324,1957.1213,0.0,1092.455,89.54789,0.019474145,0.0,0.59600395,0.29909027
7325,1651.628,0.0,1534.5632,89.54789,0.020266537,0.0,0.53368735,0.2990907
7326,1431.962,0.0,1329.6461,89.54785,0.016425563,0.0,0.53807706,0.299092
7327,1903.9822,0.0,1096.8398,89.54782,0.021061456,0.0,0.54532117,0.29909304
7328,1445.6017,0.0,1510.4364,89.54781,0.013339125,0.0,0.5814825,0.29909393
7329,2230.5903,0.0,1144.5784,89.54777,0.018885411,0.0,0.5703074,0.29909515
7330,1819.0787,0.0,1052.3942,89.54771,0.019953122,0.0,0.6208491,0.29909456
7331,2080.6519,0.0,829.3438,89.547646,0.017848406,0.0,0.5630486,0.29909393
7332,1827.1254,0.0,1075.4174,89.54762,0.01955816,0.0,0.5898034,0.2990933
7333,1579.3055,0.0,1150.4547,89.54762,0.01655091,0.0,0.5614617,0.29909262
7334,2857.0735,0.0,1006.3796,89.54762,0.014975028,0.0,0.52236694,0.29909196
7335,2320.5544,0.0,1193.9368,89.54761,0.014175724,0.0,0.55795276,0.29909125
7336,2005.392,0.0,1001.3264,89.5476,0.016309163,0.0,0.5513375,0.29909053
7337,1922.2601,0.0,973.82745,89.54762,0.02214913,0.0,0.5936911,0.29908976
7338,1369.2924,0.0,1221.0717,89.54763,0.015233166,0.0,0.5847591,0.29908898
7339,1828.765,0.0,1158.9067,89.54764,0.019564921,0.0,0.6033379,0.29908815
7340,2054.1365,0.0,1020.2879,89.547676,0.014828023,0.0,0.573118,0.29908726
7341,2074.6646,0.0,1021.04376,89.54771,0.016924422,0.0,0.56665576,0.29909146
7342,1546.3158,0.0,1120.3116,89.54777,0.013766143,0.0,0.5497657,0.2990953
7343,1831.915,0.0,1266.5259,89.54785,0.017779417,0.0,0.56823754,0.29909864
7344,2191.3186,0.0,1266.2784,89.547966,0.013811599,0.0,0.58282554,0.29910165
7345,1814.9368,0.0,926.476,89.54809,0.01878066,0.0,0.55667365,0.29910424
7346,1813.9333,0.0,1042.2504,89.54819,0.013013295,0.0,0.5392834,0.29910663
7347,1418.7096,0.0,1352.7899,89.54832,0.015847147,0.0,0.589217,0.2991086
7348,2360.712,0.0,1105.4033,89.54842,0.01901704,0.0,0.5402157,0.2991103
7349,1826.459,0.0,917.9751,89.54855,0.012939319,0.0,0.5619938,0.29911166
7350,2133.2004,0.0,1144.2052,89.54868,0.01685762,0.0,0.5728798,0.29911342
7351,1955.7432,0.0,977.2609,89.54883,0.014034289,0.0,0.58079594,0.29911503
7352,2521.302,0.0,791.7084,89.54903,0.020104792,0.0,0.5231284,0.29911658
7353,1660.6373,0.0,736.5738,89.54918,0.016454421,0.0,0.55496454,0.2991179
7354,1889.9946,0.0,946.19867,89.54934,0.015551375,0.0,0.62324774,0.29912022
7355,1694.8757,0.0,1288.6593,89.54949,0.015455667,0.0,0.56290895,0.29912227
7356,2150.664,0.0,913.1791,89.54962,0.012694552,0.0,0.5851505,0.29912406
7357,1844.2413,0.0,1106.0903,89.54977,0.014450461,0.0,0.5508389,0.2991256
7358,1922.0653,0.0,1269.9075,89.54993,0.017276742,0.0,0.5646526,0.2991269
7359,1878.6346,0.0,940.0312,89.5501,0.014934279,0.0,0.51724833,0.29912764
7360,2075.4072,0.0,1107.1031,89.55027,0.014048558,0.0,0.533543,0.29913118
7361,1900.3457,0.0,877.5651,89.55043,0.014017287,0.0,0.5906293,0.29913437
7362,2521.4895,0.0,1313.2706,89.550575,0.015529139,0.0,0.5912256,0.29913715
7363,1631.8601,0.0,1172.1473,89.55068,0.015676953,0.0,0.57673377,0.29913968
7364,2448.9631,0.0,875.21484,89.55078,0.01626922,0.0,0.52343595,0.29914182
7365,1816.1796,0.0,1438.3408,89.55092,0.015762977,0.0,0.5525924,0.29914376
7366,1858.3748,0.0,1090.6473,89.55105,0.014905138,0.0,0.59548604,0.29914537
7367,1846.6122,0.0,1169.7277,89.55114,0.020621587,0.0,0.5809714,0.29914674
7368,2000.3419,0.0,1012.5703,89.55125,0.0148283765,0.0,0.5855901,0.2991478
7369,1752.9386,0.0,1090.1921,89.55136,0.018817583,0.0,0.5411749,0.29914868
7370,2017.4297,0.0,1152.9423,89.55148,0.015702441,0.0,0.5732901,0.29914936
7371,1863.5255,0.0,1349.246,89.55164,0.01809739,0.0,0.6191186,0.2991499
7372,2331.4749,0.0,1154.2346,89.55178,0.017691419,0.0,0.55586255,0.29915026
7373,1994.3323,0.0,1177.5156,89.55187,0.016055098,0.0,0.6280191,0.29915047
7374,3070.921,0.0,1048.306,89.551926,0.017804034,0.0,0.51858413,0.29915056
7375,1784.6875,0.0,1213.9166,89.55199,0.017251886,0.0,0.6112014,0.2991505
7376,2004.9862,0.0,1172.2689,89.55209,0.01745319,0.0,0.5513399,0.29915097
7377,2417.9907,0.0,818.3866,89.552155,0.012900847,0.0,0.5532984,0.29915124
7378,2038.887,0.0,1049.2185,89.552155,0.015691373,0.0,0.565272,0.29915142
7379,2057.073,0.0,1226.6158,89.5522,0.014200119,0.0,0.57456106,0.29915142
7380,2167.5098,0.0,1088.1737,89.552216,0.014716491,0.0,0.56727254,0.2991514
7381,1487.4684,0.0,1421.2075,89.55219,0.017143585,0.0,0.50713724,0.29915118
7382,1517.3235,0.0,1616.099,89.55216,0.015507294,0.0,0.58348143,0.29915097
7383,1756.535,0.0,814.2537,89.55209,0.0144215925,0.0,0.534444,0.29915062
7384,1794.6041,0.0,927.7453,89.55205,0.017564861,0.0,0.57119155,0.29915023
7385,2024.5476,0.0,1265.9688,89.55203,0.015102136,0.0,0.5564096,0.29915345
7386,2332.677,0.0,1270.6984,89.55199,0.016401986,0.0,0.5452543,0.29915625
7387,1290.018,0.0,1042.4192,89.55191,0.019028757,0.0,0.56098616,0.29915872
7388,1626.0673,0.0,854.8062,89.55193,0.012995883,0.0,0.577384,0.29916084
7389,1803.7799,0.0,1010.6664,89.55194,0.018832449,0.0,0.5690098,0.29916272
7390,1873.0852,0.0,1221.6534,89.55192,0.014632357,0.0,0.4865118,0.29916424
7391,1878.3688,0.0,1074.2352,89.55188,0.01563451,0.0,0.5572527,0.29916555
7392,1715.6266,0.0,896.52484,89.55186,0.015015106,0.0,0.62206733,0.29916665
7393,1987.7489,0.0,970.49426,89.55184,0.017081633,0.0,0.5530927,0.29916728
7394,2121.8608,0.0,1035.1724,89.55181,0.013191208,0.0,0.5774054,0.29916772
7395,1677.8185,0.0,1026.6891,89.55183,0.016270874,0.0,0.5893317,0.29916802
7396,1944.7487,0.0,985.754,89.551865,0.015838327,0.0,0.55455244,0.29916906
7397,1503.344,0.0,1384.5571,89.551926,0.017271522,0.0,0.57910395,0.29916993
7398,1828.9734,0.0,1053.0432,89.55194,0.014880672,0.0,0.5447368,0.2991706
7399,2140.7827,0.0,1011.22253,89.55197,0.015375063,0.0,0.5487001,0.29917112
7400,2534.2803,0.0,1396.3091,89.552,0.013682663,0.0,0.558272,0.29917148
7401,1947.9385,0.0,893.62305,89.55211,0.018144857,0.0,0.5834748,0.2991717
7402,1579.6428,0.0,1392.0023,89.552216,0.01711881,0.0,0.5447103,0.29917184
7403,1616.4839,0.0,1559.2054,89.55229,0.019929431,0.0,0.5834818,0.2991718
7404,1852.1868,0.0,1242.7135,89.552414,0.014467103,0.0,0.56772196,0.29917344
7405,2198.1428,0.0,1356.9935,89.552505,0.01730309,0.0,0.5465832,0.29917482
7406,1701.1438,0.0,1301.6356,89.55259,0.01490505,0.0,0.49673963,0.29917598
7407,2237.897,0.0,1025.5507,89.55267,0.015834123,0.0,0.55756503,0.2991769
7408,1594.1292,0.0,991.72266,89.55271,0.015960457,0.0,0.60015035,0.29917765
7409,1910.753,0.0,1251.4896,89.552734,0.017736796,0.0,0.52945566,0.29917812
7410,2001.9812,0.0,879.2434,89.5528,0.017136944,0.0,0.56492496,0.2991785
7411,2012.8226,0.0,923.8195,89.5529,0.015230852,0.0,0.5178925,0.29917917
7412,2179.5845,0.0,1203.4767,89.55298,0.015395015,0.0,0.597985,0.29917967
7413,2073.5342,0.0,1091.0404,89.55307,0.01682709,0.0,0.5824782,0.29917875
7414,2011.4026,0.0,1034.124,89.55324,0.017121285,0.0,0.5369376,0.29917794
7415,1800.4989,0.0,1015.8095,89.55337,0.015363577,0.0,0.60210556,0.299177
7416,1892.0852,0.0,1089.7313,89.55351,0.017550237,0.0,0.5494884,0.2991761
7417,1774.3414,0.0,1507.7181,89.553665,0.0122245755,0.0,0.54901665,0.29917517
7418,1691.2473,0.0,1150.4895,89.55379,0.017946806,0.0,0.56138563,0.29917416
7419,1837.0857,0.0,1060.8599,89.553894,0.019982573,0.0,0.57615674,0.2991729
7420,1667.4576,0.0,977.466,89.55405,0.013908224,0.0,0.5534453,0.29917163
7421,2162.4475,0.0,823.8687,89.55419,0.019956674,0.0,0.53560495,0.29917037
7422,2250.6953,0.0,770.0415,89.55431,0.014201559,0.0,0.5587443,0.29916912
7423,1436.0167,0.0,1050.5784,89.5544,0.014400831,0.0,0.58449864,0.2991679
7424,2080.906,0.0,951.4762,89.5545,0.015769243,0.0,0.56319743,0.29916665
7425,1735.5995,0.0,1107.9816,89.55456,0.0150009645,0.0,0.54611003,0.29916546
7426,1883.7974,0.0,1212.1371,89.55464,0.014219953,0.0,0.55885476,0.29916424
7427,1448.5948,0.0,957.5323,89.55467,0.015093297,0.0,0.58260953,0.29916307
7428,1562.8578,0.0,1109.6703,89.554695,0.015504621,0.0,0.5988354,0.29916185
7429,1971.4042,0.0,1013.60016,89.55471,0.0179823,0.0,0.58701015,0.29916066
7430,1788.7404,0.0,1051.844,89.554756,0.012030803,0.0,0.6084921,0.29915947
7431,1914.831,0.0,968.8965,89.55483,0.016379692,0.0,0.5682315,0.29915679
7432,1643.3324,0.0,1005.1013,89.55491,0.021311304,0.0,0.6182671,0.2991543
7433,1568.5128,0.0,1264.3137,89.55505,0.019412896,0.0,0.5891265,0.29915202
7434,1654.7888,0.0,846.651,89.55516,0.019453622,0.0,0.5461153,0.29914975
7435,1696.0188,0.0,748.5911,89.55528,0.016987728,0.0,0.58151615,0.2991476
7436,1983.48,0.0,860.10406,89.55541,0.017660804,0.0,0.6111007,0.29914558
7437,1484.2795,0.0,1066.4331,89.55552,0.015839232,0.0,0.537465,0.29914364
7438,2141.712,0.0,1423.9038,89.5556,0.01584347,0.0,0.54183304,0.29914182
7439,1483.199,0.0,1085.2902,89.55568,0.015723746,0.0,0.5579624,0.29914004
7440,1581.9159,0.0,951.4197,89.555756,0.013013594,0.0,0.56950176,0.29913828
7441,1949.1613,0.0,1369.5721,89.555824,0.013807866,0.0,0.5889179,0.29913664
7442,1431.722,0.0,1205.1754,89.55591,0.017916664,0.0,0.59508455,0.29913503
7443,1793.6866,0.0,829.19446,89.555984,0.015306236,0.0,0.5605718,0.29913345
7444,1903.9073,0.0,970.93036,89.55609,0.0137069225,0.0,0.5595977,0.29912943
7445,2162.8755,0.0,1171.6539,89.556175,0.017053401,0.0,0.5999126,0.2991259
7446,1810.0461,0.0,1167.1533,89.55629,0.01400557,0.0,0.5622714,0.29912287
7447,1360.9419,0.0,1500.2369,89.55644,0.014126502,0.0,0.5836582,0.2991201
7448,1476.2908,0.0,796.7655,89.55657,0.019376673,0.0,0.54141194,0.2991176
7449,2150.501,0.0,637.3529,89.55668,0.015405654,0.0,0.5600574,0.2991154
7450,1772.3,0.0,970.88007,89.55675,0.017375357,0.0,0.55778706,0.29911333
7451,1809.4059,0.0,1118.1428,89.55677,0.017814547,0.0,0.54533255,0.2991114
7452,2026.0791,0.0,1081.5533,89.556786,0.0141684,0.0,0.6008054,0.29910964
7453,1584.3689,0.0,1125.8104,89.55678,0.014480095,0.0,0.6150326,0.29910734
7454,1703.2361,0.0,1099.0685,89.55676,0.015529322,0.0,0.58608806,0.2991053
7455,1488.4977,0.0,1183.8177,89.55678,0.013514753,0.0,0.5929918,0.29910332
7456,2312.5203,0.0,910.3199,89.55677,0.014852414,0.0,0.56887996,0.2991015
7457,1784.3127,0.0,1042.2141,89.55674,0.016475024,0.0,0.5868467,0.2990998
7458,1591.6808,0.0,1010.4927,89.55672,0.015988959,0.0,0.59320545,0.2990982
7459,1759.1868,0.0,1164.387,89.5567,0.015728367,0.0,0.54833275,0.29909664
7460,1435.2896,0.0,898.7691,89.55668,0.022765514,0.0,0.5640268,0.2990951
7461,2193.6428,0.0,968.5384,89.55666,0.017090661,0.0,0.575055,0.29909366
7462,1643.2836,0.0,1041.9009,89.55669,0.01352076,0.0,0.61927295,0.2990923
7463,1128.574,0.0,1122.1754,89.55673,0.0155520765,0.0,0.6037161,0.29909092
7464,1749.9998,0.0,1223.4707,89.55675,0.017581247,0.0,0.5775796,0.2990896
7465,1873.0839,0.0,1102.9359,89.55674,0.015185287,0.0,0.62205726,0.29908833
7466,1629.0717,0.0,1020.4777,89.556755,0.017026652,0.0,0.55972445,0.299087
7467,1505.0977,0.0,1005.03955,89.55682,0.012280292,0.0,0.6129489,0.29908395
7468,1556.0992,0.0,1094.8771,89.55691,0.016743839,0.0,0.57111204,0.2990811
7469,1710.1553,0.0,1263.475,89.557014,0.016037242,0.0,0.5682825,0.29907835
7470,2120.1938,0.0,985.0896,89.55711,0.016540166,0.0,0.6135193,0.29907578
7471,1880.2295,0.0,1072.1046,89.55723,0.017928882,0.0,0.5012278,0.2990734
7472,1118.6261,0.0,901.0699,89.55734,0.015337495,0.0,0.5714204,0.29906848
7473,1874.7997,0.0,1099.893,89.55744,0.015247336,0.0,0.5422855,0.29906404
7474,2021.582,0.0,819.7516,89.55756,0.016586334,0.0,0.5614329,0.29905987
7475,2034.5643,0.0,798.7002,89.55768,0.01763072,0.0,0.544965,0.299056
7476,2088.141,0.0,1095.4705,89.55778,0.015372669,0.0,0.5434805,0.29905242
7477,1587.9908,0.0,1268.8706,89.55789,0.017890133,0.0,0.5718032,0.2990491
7478,1571.1007,0.0,1575.663,89.55799,0.017029388,0.0,0.5825435,0.299048
7479,1452.9211,0.0,1048.8722,89.55811,0.016997848,0.0,0.58491224,0.29904893
7480,1865.3907,0.0,1182.7645,89.55826,0.015686657,0.0,0.55921125,0.29904976
7481,1726.2909,0.0,1186.6907,89.55834,0.0152115375,0.0,0.5836921,0.29905045
7482,2068.154,0.0,958.02,89.55846,0.015512044,0.0,0.5480219,0.299051
7483,1598.5616,0.0,924.65546,89.558525,0.017315345,0.0,0.58300555,0.29905137
7484,1905.3583,0.0,1337.795,89.558624,0.0145754125,0.0,0.5567344,0.2990516
7485,1529.3279,0.0,1240.8136,89.55875,0.017318308,0.0,0.56152695,0.29905176
7486,2129.9558,0.0,854.1734,89.55887,0.013862479,0.0,0.5706383,0.2990518
7487,1920.4102,0.0,908.88727,89.55899,0.012399232,0.0,0.59450376,0.29905173
7488,1781.6685,0.0,739.54407,89.559105,0.01807875,0.0,0.5673839,0.29905158
7489,2104.1873,0.0,1009.3121,89.55918,0.017089274,0.0,0.5368537,0.29905197
7490,2097.8352,0.0,1330.5557,89.55931,0.015461013,0.0,0.57939065,0.2990522
7491,2107.862,0.0,919.77814,89.559364,0.01670682,0.0,0.52358997,0.29905236
7492,1488.9841,0.0,1122.1804,89.55942,0.016243612,0.0,0.5730233,0.2990524
7493,1452.0038,0.0,1498.3263,89.559456,0.016301043,0.0,0.4880196,0.29905257
7494,2452.925,0.0,1239.0947,89.559456,0.01486294,0.0,0.5832928,0.2990535
7495,1642.6985,0.0,941.6534,89.55939,0.015143893,0.0,0.5456872,0.29905412
7496,1761.1912,0.0,1213.0933,89.55935,0.013466345,0.0,0.5377295,0.2990546
7497,1778.1438,0.0,1013.222,89.55935,0.0180343,0.0,0.5820979,0.29905495
7498,1941.4578,0.0,893.03125,89.55936,0.014490135,0.0,0.5394043,0.29905522
7499,1790.9495,0.0,1246.4412,89.55945,0.017810743,0.0,0.5548586,0.29905525
7500,1642.7098,0.0,1015.7198,89.55958,0.0127193695,0.0,0.56420124,0.29905525
7501,1778.6572,0.0,1340.4657,89.559654,0.015984025,0.0,0.5769838,0.2990551
7502,2686.073,0.0,1133.0675,89.55968,0.017100338,0.0,0.5529829,0.29905483
7503,1838.1096,0.0,896.466,89.559685,0.015928937,0.0,0.6274522,0.2990545
7504,2356.4197,0.0,1168.0825,89.5597,0.019184807,0.0,0.5813338,0.2990541
7505,1676.2299,0.0,1060.8237,89.55966,0.014836185,0.0,0.5784603,0.2990536
7506,1632.8328,0.0,1187.5243,89.55965,0.017302735,0.0,0.60323894,0.29905304
7507,1731.5691,0.0,1340.1191,89.5597,0.015679006,0.0,0.545912,0.29905245
7508,1875.9584,0.0,1074.6282,89.55977,0.013933403,0.0,0.52466536,0.29905176
7509,2063.6865,0.0,927.53107,89.55982,0.016785648,0.0,0.5520141,0.29905102
7510,2577.884,0.0,1077.6349,89.55987,0.021095391,0.0,0.5428306,0.29905027
7511,1739.7689,0.0,1209.4591,89.55997,0.014497504,0.0,0.56023073,0.2990495
7512,2671.5261,0.0,1173.2013,89.56004,0.015192973,0.0,0.57570785,0.29904863
7513,1652.216,0.0,1088.48,89.56014,0.014653976,0.0,0.58911765,0.2990478
7514,1714.8,0.0,1266.375,89.56022,0.019702544,0.0,0.5397022,0.29904687
7515,1826.3468,0.0,1786.161,89.56032,0.015935242,0.0,0.5880632,0.29904592
7516,1490.6807,0.0,917.8536,89.56041,0.014966998,0.0,0.5818499,0.299045
7517,1587.9253,0.0,1193.3678,89.560455,0.013895435,0.0,0.5284638,0.2990405
7518,1556.3456,0.0,987.0756,89.56054,0.018320935,0.0,0.5563041,0.2990364
7519,1611.1774,0.0,1116.6997,89.56056,0.016977837,0.0,0.55966866,0.29903278
7520,1668.9034,0.0,810.81616,89.56062,0.016573835,0.0,0.58587766,0.29902947
7521,2171.6265,0.0,1350.3503,89.56065,0.014160959,0.0,0.5653602,0.2990269
7522,1788.5698,0.0,1237.5759,89.560646,0.0154724,0.0,0.5866983,0.2990245
7523,1956.7585,0.0,1523.9497,89.56069,0.01762608,0.0,0.5929389,0.2990223
7524,2536.3308,0.0,1196.1229,89.56073,0.013446813,0.0,0.5591031,0.29902017
7525,2163.0698,0.0,1338.2426,89.56075,0.017394818,0.0,0.59818935,0.29901803
7526,1825.8196,0.0,1407.9955,89.56077,0.023555791,0.0,0.48151082,0.29901597
7527,1712.4601,0.0,1184.6841,89.56079,0.014586288,0.0,0.5593993,0.29901403
7528,2586.3076,0.0,1038.6031,89.560844,0.021365687,0.0,0.62324595,0.29901218
7529,2119.3552,0.0,1240.3391,89.56087,0.015038585,0.0,0.60287875,0.2990104
7530,1704.0469,0.0,1157.9763,89.56088,0.017121118,0.0,0.6215353,0.29900876
7531,1856.6534,0.0,1248.8724,89.56087,0.015136719,0.0,0.5555577,0.2990071
7532,1692.3352,0.0,981.54663,89.56084,0.014995515,0.0,0.53304267,0.29900554
7533,1885.7944,0.0,1476.2994,89.56079,0.014805342,0.0,0.5887202,0.299004
7534,2197.3682,0.0,899.1889,89.56079,0.012311609,0.0,0.56809604,0.29900247
7535,1616.2577,0.0,929.31616,89.56082,0.015431946,0.0,0.5544959,0.29899925
7536,1706.7057,0.0,1244.523,89.56082,0.014476742,0.0,0.557291,0.2989962
7537,1920.2776,0.0,1003.4879,89.56081,0.019622345,0.0,0.5838859,0.29899335
7538,1982.0326,0.0,1017.6096,89.56078,0.015323195,0.0,0.5539948,0.29899067
7539,1536.3656,0.0,1405.736,89.56077,0.014694793,0.0,0.596071,0.2989882
7540,1797.825,0.0,1107.7937,89.56076,0.014898097,0.0,0.57092655,0.29898578
7541,2093.2302,0.0,1124.3713,89.56077,0.01670172,0.0,0.5869458,0.29898354
7542,1908.3201,0.0,980.67395,89.56077,0.01568678,0.0,0.51196015,0.29898143
7543,2496.7534,0.0,1272.0682,89.56082,0.014066597,0.0,0.55560756,0.29897937
7544,1892.642,0.0,1171.7181,89.56088,0.017522682,0.0,0.5553105,0.29897743
7545,1599.2614,0.0,1479.6075,89.56092,0.015852556,0.0,0.58895534,0.29897553
7546,1977.6216,0.0,1003.88617,89.56095,0.0139174145,0.0,0.5651016,0.2989737
7547,1210.7703,0.0,933.438,89.56097,0.016102,0.0,0.5283181,0.29897225
7548,1509.904,0.0,886.6501,89.56096,0.014735951,0.0,0.61051214,0.29896963
7549,1746.663,0.0,1135.6091,89.56098,0.0133053865,0.0,0.53067183,0.29896712
7550,1875.0054,0.0,1075.3477,89.56103,0.018487541,0.0,0.5773764,0.29896486
7551,2669.225,0.0,741.21326,89.56108,0.01570434,0.0,0.5362443,0.29896256
7552,1931.352,0.0,1499.2355,89.56116,0.018122805,0.0,0.5555529,0.2989605
7553,1329.4232,0.0,1110.2277,89.56126,0.014178792,0.0,0.5720946,0.29895556
7554,2263.0522,0.0,935.2181,89.56132,0.013136245,0.0,0.5713824,0.2989511
7555,1392.0616,0.0,950.858,89.561325,0.013824563,0.0,0.5749625,0.2989471
7556,1555.5331,0.0,1161.6249,89.56139,0.012900518,0.0,0.5583029,0.29894465
7557,2004.4435,0.0,1229.4724,89.56146,0.018004887,0.0,0.57711595,0.2989394
7558,2036.8649,0.0,1105.1926,89.56149,0.019242382,0.0,0.5769779,0.2989347
7559,1951.806,0.0,1247.6107,89.56149,0.019233506,0.0,0.5663807,0.29893056
7560,1475.0609,0.0,858.6359,89.56151,0.012162066,0.0,0.58085495,0.29892683
7561,1815.929,0.0,964.0595,89.56156,0.015267827,0.0,0.58978176,0.29892126
7562,1856.6901,0.0,1077.6763,89.561584,0.019807879,0.0,0.5716011,0.29891625
7563,2005.6342,0.0,1061.1395,89.56162,0.016531821,0.0,0.5568986,0.29891175
7564,1012.4313,0.0,1381.0956,89.56166,0.02148616,0.0,0.57680225,0.29890767
7565,1779.6743,0.0,1411.5044,89.56165,0.019564282,0.0,0.5713335,0.29890394
7566,1280.5836,0.0,1421.7471,89.56165,0.017015582,0.0,0.50789595,0.2989005
7567,2140.8706,0.0,1527.8198,89.561615,0.017865589,0.0,0.51221836,0.29889718
7568,1989.9208,0.0,1097.1487,89.56162,0.017038353,0.0,0.5647472,0.29889417
7569,2162.6582,0.0,1185.8927,89.56164,0.020010335,0.0,0.6106497,0.2988913
7570,2130.6594,0.0,946.73083,89.561646,0.016271908,0.0,0.5680809,0.29888862
7571,1934.8079,0.0,1067.4712,89.56166,0.014839287,0.0,0.55993766,0.2988731
7572,2471.1213,0.0,1423.2885,89.56164,0.02002864,0.0,0.58433545,0.29885933
7573,2038.9164,0.0,982.1772,89.5616,0.01914598,0.0,0.56016135,0.29884714
7574,1659.3372,0.0,1059.9235,89.56157,0.018184727,0.0,0.60338485,0.29883626
7575,1962.9338,0.0,1211.4534,89.56157,0.02061639,0.0,0.5561591,0.29882655
7576,1389.231,0.0,960.7281,89.56158,0.015090972,0.0,0.5188383,0.29881784
7577,2033.5131,0.0,867.4238,89.561584,0.013241958,0.0,0.5756711,0.29881003
7578,1954.0597,0.0,915.9598,89.5616,0.017499378,0.0,0.5375223,0.29880297
7579,1642.4991,0.0,757.31696,89.56161,0.015060152,0.0,0.53511465,0.2987966
7580,1810.7836,0.0,1280.6223,89.561676,0.016834414,0.0,0.5900222,0.29879075
7581,1842.2604,0.0,1137.8821,89.56168,0.016097153,0.0,0.55124646,0.29878545
7582,1720.9421,0.0,1132.809,89.561676,0.01727882,0.0,0.5295577,0.29878065
7583,1674.6494,0.0,1272.4952,89.561646,0.016643748,0.0,0.58268416,0.29877618
7584,2181.7886,0.0,1699.0145,89.56164,0.017554808,0.0,0.53182596,0.29877213
7585,2036.0422,0.0,1226.4559,89.561615,0.017736753,0.0,0.5458522,0.29876837
7586,1228.0969,0.0,1074.3986,89.561554,0.016743917,0.0,0.56247175,0.29876485
7587,1789.0399,0.0,1254.3164,89.561516,0.014553472,0.0,0.54445225,0.2987617
7588,1263.5215,0.0,1114.0571,89.56147,0.015980963,0.0,0.59791577,0.29875877
7589,1339.0969,0.0,1025.3339,89.56144,0.018712984,0.0,0.5831017,0.2987542
7590,1528.6681,0.0,1002.9467,89.561455,0.015224865,0.0,0.5382427,0.29874977
7591,2556.9688,0.0,977.4762,89.56154,0.015883096,0.0,0.61945045,0.2987456
7592,1539.3937,0.0,1035.1956,89.56162,0.017669324,0.0,0.55929154,0.29874182
7593,1696.0255,0.0,1273.3633,89.561714,0.01633028,0.0,0.52470994,0.29873824
7594,2009.1151,0.0,1008.699,89.56185,0.012583664,0.0,0.5776131,0.2987349
7595,1870.8737,0.0,1565.1356,89.56194,0.01551954,0.0,0.6057304,0.29873183
7596,1690.0437,0.0,1023.2379,89.562035,0.012446793,0.0,0.52791107,0.29872894
7597,2027.6685,0.0,1113.3765,89.56213,0.0140482215,0.0,0.5840245,0.29872623
7598,1486.8247,0.0,983.8552,89.562195,0.01271681,0.0,0.5383098,0.29872373
7599,1532.0544,0.0,845.1086,89.56226,0.014557294,0.0,0.5845319,0.29872128
7600,1739.6783,0.0,1144.1008,89.562386,0.01477212,0.0,0.5452477,0.29871902
7601,2114.6362,0.0,1116.1764,89.56246,0.0132407835,0.0,0.5445509,0.29871687
7602,1580.1344,0.0,1180.7563,89.56256,0.013741063,0.0,0.5755882,0.2987148
7603,1744.3372,0.0,855.4068,89.5626,0.0176924,0.0,0.6393614,0.2987128
7604,1271.5242,0.0,1159.1165,89.562645,0.017836988,0.0,0.5666027,0.29871088
7605,1749.5094,0.0,1148.4435,89.56266,0.01537673,0.0,0.5067145,0.29870906
7606,1337.9363,0.0,1017.39844,89.56269,0.015590283,0.0,0.499789,0.2987073
7607,1585.9366,0.0,1265.6128,89.56275,0.013364209,0.0,0.5417773,0.29870144
7608,2367.8345,0.0,1122.8492,89.56282,0.017152285,0.0,0.53329563,0.298696
7609,1753.5092,0.0,1042.9211,89.562904,0.014858015,0.0,0.55178857,0.298691
7610,1746.5801,0.0,863.78955,89.562965,0.011943313,0.0,0.615173,0.29868633
7611,1222.9698,0.0,1650.8335,89.56306,0.016014032,0.0,0.5862241,0.2986819
7612,1727.1487,0.0,1115.4305,89.563126,0.013299479,0.0,0.5995443,0.298685
7613,1630.9072,0.0,990.07605,89.56319,0.013043337,0.0,0.56698704,0.29868767
7614,1725.5607,0.0,1424.5327,89.56321,0.013100434,0.0,0.55591,0.29869008
7615,2100.2346,0.0,762.0699,89.563156,0.011108393,0.0,0.54422355,0.29869217
7616,1488.6111,0.0,1210.2452,89.56308,0.015392937,0.0,0.55648685,0.29869395
7617,1733.5823,0.0,1183.6884,89.56307,0.015944816,0.0,0.567999,0.29869553
7618,2090.576,0.0,1839.092,89.56301,0.015494963,0.0,0.60084057,0.29869688
7619,1598.2177,0.0,902.6365,89.5629,0.015762737,0.0,0.5458972,0.29869795
7620,2234.3694,0.0,1267.1593,89.56277,0.0108548505,0.0,0.56109184,0.29869884
7621,1765.7244,0.0,1439.7095,89.562706,0.016699404,0.0,0.57895344,0.29869953
7622,1955.9568,0.0,1261.4182,89.56265,0.015210438,0.0,0.55319625,0.29870006
7623,1672.4517,0.0,1166.9867,89.562584,0.015668452,0.0,0.5433033,0.2987005
7624,1366.417,0.0,1204.7397,89.56257,0.020876188,0.0,0.58021224,0.2987013
7625,2075.2725,0.0,973.9483,89.56255,0.017393608,0.0,0.55057997,0.29870185
7626,1932.2992,0.0,854.80975,89.56257,0.013490403,0.0,0.59054744,0.2987023
7627,1230.55,0.0,1037.2179,89.562584,0.015753696,0.0,0.5728144,0.29870254
7628,2468.852,0.0,1093.0133,89.56261,0.017739043,0.0,0.5587863,0.29870272
7629,1549.4388,0.0,1157.5039,89.562675,0.017883487,0.0,0.5576104,0.29870275
7630,1494.1205,0.0,859.5632,89.56275,0.017364338,0.0,0.54806006,0.29870266
7631,1408.5525,0.0,1473.1566,89.562805,0.015454884,0.0,0.5756891,0.2987049
7632,1991.9987,0.0,926.44464,89.562836,0.017226523,0.0,0.5919571,0.29870674
7633,1533.912,0.0,863.35565,89.56289,0.0128757395,0.0,0.56779385,0.29870832
7634,1922.6206,0.0,731.38007,89.56295,0.017167693,0.0,0.53176093,0.29870966
7635,1874.638,0.0,1354.6713,89.56301,0.015574823,0.0,0.5652524,0.29871067
7636,1499.0402,0.0,1161.5187,89.563126,0.012447237,0.0,0.52189815,0.29871157
7637,1339.5354,0.0,1263.4554,89.56321,0.014600195,0.0,0.5508417,0.29871216
7638,1503.8877,0.0,1051.8519,89.56331,0.017753903,0.0,0.5595315,0.29871267
7639,1682.5927,0.0,1109.6183,89.56341,0.014422977,0.0,0.5664046,0.298713
7640,1814.0016,0.0,1111.0703,89.56354,0.016463574,0.0,0.5237448,0.29871315
7641,2055.1172,0.0,1490.7963,89.563675,0.01722391,0.0,0.5599051,0.29871318
7642,1768.0018,0.0,1244.087,89.563835,0.013696916,0.0,0.5493363,0.29871312
7643,1570.2765,0.0,1071.6742,89.56398,0.0148362,0.0,0.587468,0.2987129
7644,1966.7576,0.0,1272.003,89.56413,0.014131879,0.0,0.52861965,0.29871264
7645,1948.7463,0.0,1068.125,89.56428,0.014999768,0.0,0.5914626,0.2987123
7646,1967.0607,0.0,1065.0609,89.56438,0.019414594,0.0,0.5197232,0.29871252
7647,1591.1061,0.0,1580.1287,89.5645,0.014564335,0.0,0.56977797,0.29871488
7648,1724.6807,0.0,1229.1641,89.56465,0.016771879,0.0,0.57995,0.29871705
7649,2149.3503,0.0,956.8095,89.56479,0.019684453,0.0,0.5418726,0.29871914
7650,1285.042,0.0,941.0324,89.56494,0.019297399,0.0,0.51794666,0.29872093
7651,1469.2872,0.0,1079.7557,89.56504,0.013642843,0.0,0.52437633,0.2987226
7652,1421.3688,0.0,911.44885,89.56512,0.01677546,0.0,0.53501844,0.29872394
7653,2160.6365,0.0,1037.4396,89.565186,0.017416105,0.0,0.57702494,0.2987251
7654,1966.2762,0.0,1325.4637,89.56526,0.018599857,0.0,0.55768454,0.29872608
7655,2354.0518,0.0,1055.2859,89.56533,0.012555936,0.0,0.56231153,0.29872698
7656,1516.2167,0.0,1370.2798,89.56544,0.014805358,0.0,0.58582723,0.29872763
7657,1643.1107,0.0,757.982,89.56556,0.01775372,0.0,0.5923641,0.2987281
7658,1746.0692,0.0,1324.216,89.56571,0.018341377,0.0,0.56515515,0.29872838
7659,1948.8015,0.0,1115.3167,89.56589,0.014085492,0.0,0.54987,0.29872856
7660,1793.4215,0.0,1238.0281,89.56612,0.016509945,0.0,0.63491315,0.2987286
7661,2302.363,0.0,1021.0772,89.56637,0.014860365,0.0,0.5568548,0.29872847
7662,2149.0059,0.0,992.09283,89.566605,0.014566192,0.0,0.57720697,0.29872826
7663,2097.8704,0.0,1040.8927,89.566795,0.016585074,0.0,0.5984925,0.298728
7664,1767.8494,0.0,963.22314,89.56693,0.013053484,0.0,0.5763089,0.2987276
7665,2047.5742,0.0,994.4371,89.56711,0.018886864,0.0,0.5554862,0.29872718
7666,1868.5372,0.0,1114.2825,89.567245,0.014324993,0.0,0.58042395,0.29872668
7667,1718.9022,0.0,860.347,89.56736,0.01705995,0.0,0.587134,0.29872295
7668,2592.7417,0.0,1169.2445,89.56748,0.01761495,0.0,0.6068736,0.29871953
7669,1710.8143,0.0,987.8104,89.567535,0.01860547,0.0,0.59120154,0.29871634
7670,1643.8992,0.0,1061.6547,89.56757,0.017051358,0.0,0.60750836,0.2987134
7671,1651.9156,0.0,1303.6038,89.56768,0.0148392,0.0,0.5942135,0.29871285
7672,1392.5698,0.0,1050.8269,89.567764,0.017228212,0.0,0.5585525,0.2987123
7673,1405.7461,0.0,968.37787,89.56785,0.014546206,0.0,0.5468161,0.2987117
7674,1932.583,0.0,1541.8099,89.56794,0.017141256,0.0,0.5854,0.29871103
7675,2165.7192,0.0,1128.587,89.56805,0.015566855,0.0,0.577831,0.29871035
7676,2002.7117,0.0,1245.417,89.568115,0.019742193,0.0,0.55837566,0.29870954
7677,1498.5205,0.0,1177.2646,89.568146,0.015384692,0.0,0.5960123,0.2987088
7678,1998.5409,0.0,1000.2319,89.56823,0.017941583,0.0,0.5991045,0.29870793
7679,1838.0405,0.0,1010.5478,89.56828,0.014655124,0.0,0.5662841,0.29870713
7680,1568.2424,0.0,1310.9508,89.56834,0.017579341,0.0,0.53741133,0.29870626
7681,1603.5745,0.0,834.21625,89.56836,0.018306104,0.0,0.55418336,0.29870537
7682,1794.8966,0.0,1050.7424,89.56839,0.015494347,0.0,0.5478808,0.29870445
7683,1798.0924,0.0,1226.8835,89.56837,0.014813471,0.0,0.60316455,0.29870272
7684,1777.0219,0.0,1315.2203,89.568405,0.018258126,0.0,0.5579805,0.29870105
7685,2226.0854,0.0,909.06024,89.568405,0.016057877,0.0,0.54230803,0.29869947
7686,2065.568,0.0,1055.5371,89.56841,0.013494379,0.0,0.5446028,0.2986979
7687,1409.2528,0.0,1126.5997,89.56839,0.014648041,0.0,0.56043005,0.29869637
7688,1687.6904,0.0,1053.6173,89.56838,0.015612572,0.0,0.5653806,0.29869488
7689,1620.0692,0.0,1052.1321,89.56837,0.013267228,0.0,0.62674165,0.29869348
7690,1840.8778,0.0,879.9474,89.56831,0.01637757,0.0,0.56719816,0.29869205
7691,2494.542,0.0,988.2268,89.568306,0.014803143,0.0,0.5575001,0.29869062
7692,1334.0631,0.0,1227.2985,89.56833,0.020374633,0.0,0.5631115,0.29868928
7693,2297.0818,0.0,984.67395,89.56833,0.01755221,0.0,0.56070155,0.2986879
7694,1843.6768,0.0,1110.9698,89.56837,0.01514865,0.0,0.5946903,0.29868653
7695,1951.5588,0.0,1063.183,89.56844,0.01566448,0.0,0.53873193,0.29868007
7696,1806.1932,0.0,1342.4471,89.56849,0.016865287,0.0,0.57036,0.29867402
7697,2270.9434,0.0,1059.1124,89.56853,0.01597028,0.0,0.539628,0.29866853
7698,1611.6907,0.0,1583.5253,89.56858,0.015478432,0.0,0.60517,0.29866347
7699,1413.5223,0.0,1143.9474,89.568665,0.019306902,0.0,0.5695065,0.29866314
7700,1671.1218,0.0,818.37354,89.56877,0.01762179,0.0,0.57750356,0.29866272
7701,2025.382,0.0,1165.4651,89.568855,0.01798026,0.0,0.6015737,0.2986623
7702,1663.2734,0.0,1215.9033,89.56899,0.01480824,0.0,0.5671239,0.2986618
7703,1654.1694,0.0,1149.2527,89.56909,0.018724592,0.0,0.5652257,0.2986613
7704,1832.467,0.0,1411.204,89.56915,0.018668473,0.0,0.5492886,0.2986607
7705,1853.2618,0.0,1281.0004,89.56922,0.016990049,0.0,0.5915746,0.2986601
7706,2253.863,0.0,877.04297,89.56922,0.018018754,0.0,0.5315118,0.29865944
7707,1690.9099,0.0,1045.1746,89.569244,0.015702074,0.0,0.53570384,0.29865885
7708,2254.2197,0.0,1200.517,89.56925,0.012428751,0.0,0.57306266,0.29865912
7709,2059.3057,0.0,1129.118,89.56926,0.015561929,0.0,0.6030451,0.29865918
7710,1570.8774,0.0,1095.139,89.569275,0.01682992,0.0,0.5366216,0.29865927
7711,1747.1195,0.0,1020.38226,89.569305,0.018153021,0.0,0.5284127,0.29865918
7712,1593.2268,0.0,1361.4775,89.56938,0.01597647,0.0,0.52734673,0.29865912
7713,1454.4445,0.0,1133.2336,89.5694,0.016104992,0.0,0.55960864,0.29865885
7714,2390.6562,0.0,1058.3204,89.569405,0.018386224,0.0,0.56796086,0.2986586
7715,1507.3448,0.0,980.1906,89.56939,0.016467795,0.0,0.5599669,0.29865825
7716,1836.212,0.0,1152.4001,89.569336,0.016714653,0.0,0.5529397,0.29865786
7717,1625.3364,0.0,1249.5852,89.56926,0.016160201,0.0,0.5437519,0.29865736
7718,1797.3162,0.0,1396.2882,89.569214,0.016217014,0.0,0.5646831,0.29865682
7719,1915.7009,0.0,1482.777,89.569244,0.0169826,0.0,0.5410005,0.29865617
7720,2600.0088,0.0,1358.2,89.56921,0.015986724,0.0,0.57463974,0.2986555
7721,1885.5339,0.0,1141.4841,89.56915,0.015189536,0.0,0.5890275,0.2986548
7722,2295.663,0.0,1193.3422,89.569176,0.0151334135,0.0,0.57135,0.29865402
7723,1998.563,0.0,1016.81067,89.5692,0.016321955,0.0,0.58059454,0.2986533
7724,2031.8315,0.0,930.8681,89.5692,0.017313605,0.0,0.60193527,0.29865247
7725,2260.483,0.0,1221.751,89.56918,0.014098256,0.0,0.52839667,0.29865155
7726,2007.4761,0.0,1349.8073,89.56913,0.014313225,0.0,0.58095115,0.29865062
7727,1537.3363,0.0,1051.319,89.56908,0.015871122,0.0,0.5691663,0.2986498
7728,2407.3047,0.0,901.7802,89.56905,0.015076789,0.0,0.5757726,0.2986488
7729,1757.0302,0.0,889.02496,89.569046,0.013378525,0.0,0.54541945,0.29864782
7730,1975.0188,0.0,773.6874,89.569016,0.012818123,0.0,0.5784317,0.29864684
7731,1592.8391,0.0,1117.1487,89.56899,0.015941307,0.0,0.5851735,0.29864585
7732,1773.9393,0.0,965.52106,89.56898,0.0134399785,0.0,0.57935923,0.29864478
7733,2083.9854,0.0,1009.26666,89.568954,0.015960604,0.0,0.5778827,0.29864377
7734,1834.3986,0.0,1281.1484,89.56893,0.016176246,0.0,0.5734965,0.29864267
7735,2332.2896,0.0,1127.2382,89.56901,0.013536014,0.0,0.57764715,0.29864156
7736,1876.5308,0.0,1159.9895,89.56908,0.013923756,0.0,0.557059,0.29864046
7737,1302.1329,0.0,963.7441,89.56916,0.014378928,0.0,0.59618396,0.2986394
7738,1723.024,0.0,1352.4791,89.56925,0.014866514,0.0,0.56638,0.29863825
7739,2140.4358,0.0,1557.8638,89.56935,0.014959249,0.0,0.5632602,0.29864475
7740,1683.9617,0.0,1028.0404,89.56939,0.013969963,0.0,0.5727902,0.29865056
7741,1729.1802,0.0,1215.2654,89.5694,0.01761889,0.0,0.566642,0.29865587
7742,2420.208,0.0,1107.955,89.56943,0.0137998825,0.0,0.5847603,0.29866055
7743,1512.1675,0.0,1067.877,89.56945,0.01524502,0.0,0.5570309,0.29866472
7744,1379.4019,0.0,1149.1437,89.56952,0.015461985,0.0,0.5906154,0.29866847
7745,1591.9569,0.0,1084.8226,89.5696,0.018729432,0.0,0.5456452,0.29867175
7746,1572.4612,0.0,1234.0181,89.56972,0.017932793,0.0,0.5341202,0.2986746
7747,2073.3586,0.0,984.24426,89.569824,0.017351642,0.0,0.5961119,0.29867712
7748,2112.6018,0.0,1035.2341,89.56993,0.016529106,0.0,0.5441903,0.29868096
7749,2027.8102,0.0,1162.4824,89.57005,0.017956002,0.0,0.55743665,0.2986843
7750,1305.3481,0.0,1446.8362,89.57017,0.015018139,0.0,0.5890333,0.2986872
7751,1634.3947,0.0,945.9848,89.57022,0.018584108,0.0,0.6055267,0.29868963
7752,1606.0336,0.0,1128.108,89.57022,0.017015671,0.0,0.5487103,0.29869184
7753,2112.0764,0.0,1295.187,89.57027,0.015245501,0.0,0.56551,0.29869363
7754,2199.3745,0.0,1067.3524,89.57032,0.014307536,0.0,0.61370456,0.29869515
7755,1877.3455,0.0,940.5161,89.57037,0.015028851,0.0,0.5646703,0.29869643
7756,1801.966,0.0,1129.3112,89.570435,0.015167034,0.0,0.57234454,0.29869747
7757,1400.9008,0.0,993.7438,89.5705,0.018986603,0.0,0.63122505,0.29869834
7758,1489.2583,0.0,1430.4855,89.57061,0.018418446,0.0,0.5689229,0.29869896
7759,2497.1724,0.0,934.24524,89.57069,0.01790634,0.0,0.5751661,0.2986995
7760,1970.9968,0.0,1482.5735,89.570786,0.01404586,0.0,0.5635252,0.2986998
7761,1537.0458,0.0,1059.486,89.5709,0.013394974,0.0,0.5516202,0.29869995
7762,2725.9824,0.0,1228.4598,89.57097,0.015864259,0.0,0.4941655,0.29869998
7763,1961.6091,0.0,832.8743,89.57106,0.015545633,0.0,0.56059754,0.2986999
7764,2008.1875,0.0,948.2157,89.571144,0.01663102,0.0,0.54387194,0.29869965
7765,2429.4082,0.0,928.7975,89.57121,0.018220734,0.0,0.5273117,0.2986994
7766,2133.2214,0.0,1314.8997,89.5713,0.016542908,0.0,0.54174364,0.298699
7767,1691.9023,0.0,1339.682,89.571465,0.018945742,0.0,0.5769073,0.2986985
7768,1978.4935,0.0,1045.9802,89.57161,0.015811292,0.0,0.57230234,0.298698
7769,1765.3025,0.0,856.85913,89.57172,0.017456003,0.0,0.536761,0.29869735
7770,1768.4048,0.0,974.1728,89.57182,0.017107612,0.0,0.5748978,0.29869673
7771,1734.2112,0.0,1175.773,89.57196,0.018203877,0.0,0.54939926,0.29869586
7772,1246.5411,0.0,1275.1255,89.572075,0.013699625,0.0,0.560641,0.29869497
7773,2131.733,0.0,1525.7246,89.57217,0.013079248,0.0,0.5778436,0.29869404
7774,3165.5393,0.0,963.0378,89.57224,0.016982196,0.0,0.59008,0.29869312
7775,1863.3513,0.0,1267.0797,89.57233,0.015909994,0.0,0.5604424,0.29869214
7776,2409.126,0.0,1258.0992,89.57238,0.015760507,0.0,0.56439817,0.29869115
7777,1528.9794,0.0,1147.1487,89.572464,0.013778806,0.0,0.5685996,0.2986901
7778,2063.7886,0.0,912.6643,89.57252,0.01441999,0.0,0.5821389,0.29868913
7779,2074.5193,0.0,1259.5688,89.57256,0.017088985,0.0,0.55737674,0.29868805
7780,1849.2452,0.0,1122.8839,89.572624,0.015161249,0.0,0.5666125,0.29868695
7781,1910.8156,0.0,925.89734,89.572655,0.0161372,0.0,0.60705566,0.2986859
7782,1617.7896,0.0,1138.8315,89.57271,0.01836653,0.0,0.60908145,0.29868484
7783,1634.782,0.0,853.85406,89.572754,0.017141594,0.0,0.61669046,0.29868263
7784,1723.5461,0.0,1038.0748,89.57282,0.01588576,0.0,0.5651797,0.29868066
7785,1672.7284,0.0,929.41,89.572815,0.016313404,0.0,0.6105958,0.29867873
7786,1383.0225,0.0,1144.5414,89.57281,0.015580784,0.0,0.6211746,0.2986769
7787,2299.3745,0.0,1335.189,89.572754,0.016155403,0.0,0.5395981,0.29867518
7788,2009.9039,0.0,1201.3936,89.57274,0.018096482,0.0,0.5592029,0.29867345
7789,2095.6238,0.0,1153.0367,89.57275,0.014198328,0.0,0.57262605,0.29867184
7790,1601.6619,0.0,1348.5536,89.57272,0.014061334,0.0,0.5571803,0.29867023
7791,1661.7242,0.0,1219.5245,89.57271,0.014892227,0.0,0.59705085,0.29866868
7792,1508.726,0.0,1073.3761,89.572716,0.01530157,0.0,0.56531894,0.29866713
7793,1413.057,0.0,1069.8218,89.57277,0.013442467,0.0,0.60009086,0.29866567
7794,2814.9944,0.0,971.95667,89.57279,0.015385658,0.0,0.6071353,0.29866418
7795,1352.0708,0.0,1104.2687,89.57282,0.015468005,0.0,0.5454693,0.29866272
7796,1783.1099,0.0,984.6108,89.57288,0.014120757,0.0,0.5411479,0.2986613
7797,1544.2871,0.0,1326.7335,89.57292,0.011845766,0.0,0.5763872,0.29865998
7798,1539.5767,0.0,895.5492,89.572975,0.015718266,0.0,0.59613967,0.29865858
7799,1852.6677,0.0,869.33203,89.573006,0.016431209,0.0,0.61021084,0.29865727
7800,2407.46,0.0,713.118,89.57301,0.018175952,0.0,0.5760546,0.2986559
7801,1846.1769,0.0,1914.8755,89.57305,0.018330574,0.0,0.57200617,0.29865465
7802,2078.4453,0.0,952.1216,89.57303,0.015244009,0.0,0.62326884,0.2986534
7803,1696.5533,0.0,1095.3799,89.57301,0.015288794,0.0,0.61392826,0.29865462
7804,2058.0308,0.0,959.99695,89.57301,0.017960716,0.0,0.52504176,0.29865563
7805,2205.3528,0.0,951.656,89.57307,0.017653432,0.0,0.55029273,0.29865646
7806,1962.3833,0.0,1114.3354,89.573105,0.015602085,0.0,0.56290054,0.29865715
7807,1370.296,0.0,1148.093,89.57316,0.0129716685,0.0,0.5694825,0.29865766
7808,1746.5436,0.0,1241.4786,89.573235,0.016028002,0.0,0.6114843,0.298658
7809,1995.3456,0.0,1162.2755,89.57335,0.019986844,0.0,0.5588309,0.29865822
7810,2041.5398,0.0,1366.548,89.573425,0.014877088,0.0,0.55763197,0.29865834
7811,1874.7706,0.0,983.3844,89.5735,0.015481947,0.0,0.5421085,0.2986583
7812,1505.35,0.0,1060.4274,89.5736,0.014385456,0.0,0.6105112,0.2986582
7813,2618.588,0.0,1231.0869,89.57368,0.017198192,0.0,0.5741507,0.29865792
7814,1541.9618,0.0,1034.2198,89.573715,0.015796404,0.0,0.5755694,0.2986576
7815,1427.4146,0.0,1134.2415,89.573746,0.016697776,0.0,0.554358,0.29865715
7816,1812.1202,0.0,887.947,89.57379,0.016308032,0.0,0.538486,0.29865068
7817,1838.5437,0.0,1039.857,89.57388,0.017081073,0.0,0.537368,0.29864493
7818,2050.012,0.0,936.6283,89.57393,0.015092268,0.0,0.53058517,0.29863963
7819,1549.1393,0.0,959.557,89.57401,0.015346388,0.0,0.59315073,0.29863486
7820,1639.6921,0.0,1067.019,89.574066,0.016708892,0.0,0.5789765,0.29863042
7821,1750.4725,0.0,853.6644,89.57416,0.01604601,0.0,0.57342756,0.29862648
7822,2400.2065,0.0,1120.4333,89.574265,0.016887598,0.0,0.57084596,0.29862273
7823,1979.0929,0.0,1236.7242,89.57438,0.016439285,0.0,0.5428056,0.2986193
7824,2242.4739,0.0,1427.1273,89.574455,0.017333716,0.0,0.5921258,0.29861578
7825,1612.0599,0.0,1234.0459,89.57453,0.017903803,0.0,0.54104584,0.29861248
7826,2229.1426,0.0,1134.8273,89.57465,0.013177944,0.0,0.5464074,0.29860938
7827,1524.7288,0.0,1055.2828,89.57482,0.016672945,0.0,0.545953,0.2986065
7828,2359.7693,0.0,1008.69415,89.57493,0.015905153,0.0,0.5631488,0.29860377
7829,2567.7544,0.0,1095.6116,89.575035,0.015141852,0.0,0.6085007,0.29860124
7830,1456.762,0.0,1354.7334,89.575134,0.016070556,0.0,0.56514335,0.29859883
7831,1729.3213,0.0,1367.7351,89.57523,0.014412644,0.0,0.5123224,0.2985966
7832,1704.2284,0.0,1026.7607,89.575356,0.015743269,0.0,0.5766265,0.29859442
7833,2508.1042,0.0,910.1962,89.57545,0.014164008,0.0,0.5835712,0.29859236
7834,2648.7021,0.0,1136.8993,89.57554,0.014202481,0.0,0.56906927,0.2985904
7835,1931.3955,0.0,1012.8743,89.57561,0.01870319,0.0,0.5467043,0.29859072
7836,1971.5312,0.0,1344.6611,89.57574,0.016747495,0.0,0.5180559,0.29859096
7837,1622.9606,0.0,755.182,89.575874,0.012497328,0.0,0.51454544,0.29859102
7838,1811.4982,0.0,1065.2792,89.57599,0.021122243,0.0,0.56577086,0.29859105
7839,2346.326,0.0,1313.5092,89.576065,0.01203011,0.0,0.53475034,0.29859096
7840,1805.9795,0.0,1187.7938,89.57615,0.018272234,0.0,0.5320477,0.29859534
7841,1319.9154,0.0,1073.9248,89.576164,0.017291754,0.0,0.52665067,0.2985992
7842,2242.5188,0.0,1189.0792,89.57621,0.0159944,0.0,0.5921426,0.2986026
7843,1700.1509,0.0,931.86707,89.57622,0.012544463,0.0,0.5792105,0.29860556
7844,1979.0726,0.0,833.80774,89.57627,0.016324166,0.0,0.5274834,0.29860818
7845,2270.615,0.0,1297.1172,89.576355,0.01726645,0.0,0.53619206,0.29861042
7846,1889.2054,0.0,1081.8994,89.57645,0.01347122,0.0,0.52186656,0.29861233
7847,1800.483,0.0,1152.4607,89.57652,0.013719382,0.0,0.59999985,0.2986139
7848,1737.7229,0.0,862.4551,89.57657,0.01754955,0.0,0.5605447,0.29861525
7849,1792.318,0.0,875.5798,89.57659,0.016697051,0.0,0.5726333,0.29861632
7850,1514.6613,0.0,1293.4484,89.57661,0.014117947,0.0,0.58171356,0.29861718
7851,1972.5078,0.0,1031.6704,89.57662,0.014663927,0.0,0.5687244,0.29861787
7852,1401.4117,0.0,1142.5425,89.576645,0.016979493,0.0,0.5635803,0.29861808
7853,2415.8665,0.0,1478.8162,89.576645,0.022313802,0.0,0.5378291,0.2986182
7854,2411.9358,0.0,1002.70636,89.57669,0.019733686,0.0,0.5705289,0.29861814
7855,1955.6305,0.0,1148.2268,89.576744,0.018250836,0.0,0.55870014,0.298618
7856,2075.964,0.0,1106.8904,89.57682,0.01747004,0.0,0.6040943,0.29861772
7857,2132.9036,0.0,991.2801,89.57682,0.015642168,0.0,0.55999553,0.29862943
7858,2457.9663,0.0,1097.211,89.576836,0.01598513,0.0,0.5592193,0.2986401
7859,1714.1469,0.0,917.74866,89.57686,0.015875807,0.0,0.53787047,0.29864967
7860,2257.5237,0.0,1305.6964,89.5768,0.017825518,0.0,0.5579228,0.29865834
7861,1833.8291,0.0,1315.0326,89.57674,0.025069457,0.0,0.6166165,0.29866618
7862,1775.9941,0.0,948.6844,89.57669,0.013321368,0.0,0.5918846,0.2986731
7863,1986.1455,0.0,1332.2391,89.57664,0.019819561,0.0,0.5662844,0.29867935
7864,1520.5283,0.0,1156.7255,89.5766,0.016681716,0.0,0.56799144,0.2986849
7865,2134.817,0.0,916.82623,89.57655,0.0154277105,0.0,0.54760814,0.2986898
7866,1598.2739,0.0,1055.3961,89.576515,0.015489742,0.0,0.5833494,0.2986942
7867,1939.7599,0.0,839.7314,89.576485,0.012966799,0.0,0.58807534,0.2987004
7868,1642.094,0.0,1067.6666,89.576416,0.015312134,0.0,0.58551043,0.29870585
7869,1329.6892,0.0,1081.6321,89.57633,0.012476123,0.0,0.55164695,0.29871073
7870,1934.1466,0.0,919.56805,89.57625,0.02027533,0.0,0.57218355,0.29871494
7871,1638.8755,0.0,972.16547,89.57622,0.015906624,0.0,0.54863405,0.29871872
7872,1876.4475,0.0,1149.4352,89.576225,0.017378844,0.0,0.5546529,0.29872197
7873,1362.9281,0.0,1306.4469,89.57614,0.015238002,0.0,0.6029099,0.29872474
7874,2139.2366,0.0,983.1542,89.576096,0.015338304,0.0,0.5739718,0.2987271
7875,1569.4386,0.0,1349.5618,89.57608,0.01743032,0.0,0.55760235,0.2987291
7876,2202.4763,0.0,1024.3606,89.5761,0.01567819,0.0,0.5567681,0.29873076
7877,2321.249,0.0,1201.893,89.576126,0.015293162,0.0,0.6234888,0.2987322
7878,2078.1062,0.0,1093.0852,89.57608,0.017767034,0.0,0.5659982,0.2987333
7879,1828.0786,0.0,940.2326,89.57606,0.014556078,0.0,0.5873186,0.29873422
7880,1831.6112,0.0,985.3638,89.57605,0.01858981,0.0,0.5827708,0.2987349
7881,1605.1566,0.0,1267.019,89.57608,0.015931403,0.0,0.5191183,0.29873544
7882,2542.0823,0.0,1316.0673,89.57612,0.015759572,0.0,0.56178796,0.29873052
7883,2320.5374,0.0,1285.9669,89.57621,0.015033929,0.0,0.5357128,0.29872596
7884,1881.187,0.0,814.2009,89.576294,0.011973414,0.0,0.5524501,0.29872176
7885,1534.7859,0.0,851.34064,89.576416,0.014789207,0.0,0.5790054,0.29871795
7886,2448.1921,0.0,1025.2378,89.57653,0.016537307,0.0,0.5797001,0.2987143
7887,1687.231,0.0,1175.4386,89.57665,0.011726263,0.0,0.557628,0.29871094
7888,2119.027,0.0,988.2051,89.5768,0.014253321,0.0,0.5665454,0.29870778
7889,1826.1848,0.0,903.8764,89.576866,0.015655413,0.0,0.5599544,0.29870486
7890,2112.8372,0.0,1146.7268,89.57694,0.01809433,0.0,0.55545664,0.2987021
7891,1432.7542,0.0,1098.0568,89.577,0.017560799,0.0,0.56161296,0.2986995
7892,1884.4357,0.0,1060.0033,89.57707,0.015745526,0.0,0.6181225,0.29869696
7893,2047.8881,0.0,1055.0084,89.57715,0.015160028,0.0,0.55795205,0.29869464
7894,2037.9313,0.0,808.32434,89.57726,0.016048387,0.0,0.55523455,0.29869244
7895,1138.1519,0.0,1127.2308,89.5774,0.019111678,0.0,0.5795883,0.29869032
7896,2001.8442,0.0,1056.9216,89.57746,0.017933432,0.0,0.57737386,0.29868823
7897,1985.9933,0.0,1023.85834,89.57755,0.018324057,0.0,0.5843154,0.29868636
7898,2555.4624,0.0,926.67096,89.57764,0.013755951,0.0,0.6287186,0.29868454
7899,1312.4888,0.0,1067.3306,89.577736,0.014667265,0.0,0.5344101,0.29868272
7900,1868.1958,0.0,999.27203,89.57782,0.011010124,0.0,0.5649563,0.29868105
7901,1356.7902,0.0,1141.0016,89.57791,0.016263839,0.0,0.56220746,0.29867882
7902,1747.8917,0.0,1039.4492,89.577995,0.0141515415,0.0,0.5907831,0.29867673
7903,1541.8662,0.0,954.6814,89.57807,0.016931936,0.0,0.5388076,0.29867473
7904,1910.9602,0.0,1149.3795,89.57812,0.013376687,0.0,0.5734482,0.29867193
7905,1590.1094,0.0,1147.739,89.57814,0.013530923,0.0,0.5810227,0.2986694
7906,1631.4471,0.0,1215.537,89.578156,0.014051038,0.0,0.5950071,0.29866692
7907,1508.3286,0.0,1116.6472,89.57814,0.016302358,0.0,0.56950974,0.2986646
7908,1910.216,0.0,1067.9313,89.578125,0.0124196615,0.0,0.57386863,0.29866233
7909,1603.619,0.0,980.0427,89.57809,0.015202139,0.0,0.5957649,0.2986602
7910,1903.4313,0.0,1396.4862,89.5781,0.015420469,0.0,0.5754232,0.29865813
7911,1908.7148,0.0,1089.3253,89.57814,0.017892718,0.0,0.56053907,0.29866365
7912,2105.7444,0.0,996.53424,89.578156,0.018656757,0.0,0.664592,0.29866877
7913,2382.0203,0.0,1107.8795,89.578156,0.017631821,0.0,0.5778817,0.29867345
7914,2225.1943,0.0,1156.2295,89.57814,0.013346635,0.0,0.54042274,0.29867783
7915,1815.467,0.0,1505.2489,89.5781,0.018831886,0.0,0.50668937,0.29868177
7916,1641.3552,0.0,933.0602,89.578064,0.016198922,0.0,0.53128666,0.29868525
7917,1819.2548,0.0,903.6694,89.57805,0.013627025,0.0,0.52768564,0.29868847
7918,1609.2999,0.0,1074.8693,89.57804,0.012280211,0.0,0.5461453,0.2986913
7919,2301.0369,0.0,947.8658,89.578026,0.011253526,0.0,0.5880166,0.29869375
7920,1978.339,0.0,959.4361,89.578026,0.014386161,0.0,0.5661234,0.2986959
7921,2067.4133,0.0,1029.3171,89.57798,0.01452706,0.0,0.6300186,0.29869777
7922,1973.8383,0.0,725.1314,89.577965,0.01431342,0.0,0.5606028,0.29869935
7923,2146.1956,0.0,945.481,89.57797,0.013758486,0.0,0.6077258,0.2987007
7924,1856.9578,0.0,978.0177,89.57797,0.015040058,0.0,0.5394876,0.2987018
7925,1854.2622,0.0,1041.1556,89.57798,0.017987512,0.0,0.6048211,0.2987027
7926,1543.5458,0.0,1206.4585,89.57798,0.0151479915,0.0,0.5596699,0.29870337
7927,1593.0651,0.0,1442.663,89.57798,0.015061885,0.0,0.5664951,0.29870388
7928,1717.2977,0.0,1245.1537,89.577934,0.014307501,0.0,0.5406313,0.29870424
7929,1790.7219,0.0,1293.0198,89.57788,0.013387313,0.0,0.5587791,0.29870445
7930,1699.7424,0.0,1290.3187,89.57782,0.013407646,0.0,0.5583513,0.29870453
7931,1477.5576,0.0,1125.5306,89.5778,0.01369724,0.0,0.5461313,0.29870445
7932,1420.1516,0.0,1190.744,89.57788,0.013397686,0.0,0.5710703,0.29870424
7933,1488.9469,0.0,1273.7948,89.57794,0.012627734,0.0,0.5327709,0.29870334
7934,2191.1077,0.0,1271.3009,89.5781,0.0146119585,0.0,0.561372,0.29870245
7935,2346.9229,0.0,1124.9608,89.57825,0.013784081,0.0,0.55653423,0.29870147
7936,1668.8005,0.0,1416.37,89.57833,0.011612503,0.0,0.5184243,0.2987005
7937,1546.9183,0.0,1220.1599,89.57847,0.017395712,0.0,0.55620646,0.29869953
7938,1284.2687,0.0,1085.9187,89.578606,0.015625132,0.0,0.59245807,0.29869848
7939,2200.6982,0.0,1128.2781,89.57872,0.015132995,0.0,0.54645187,0.29869744
7940,1892.257,0.0,1292.3911,89.57886,0.016070781,0.0,0.5582788,0.29869637
7941,1298.7546,0.0,1040.3636,89.57899,0.014232251,0.0,0.58419394,0.29869527
7942,1799.2351,0.0,1274.804,89.57914,0.014991434,0.0,0.5844604,0.2986945
7943,1905.2792,0.0,1372.9814,89.579315,0.016770095,0.0,0.59176964,0.29869363
7944,1754.4359,0.0,1347.1011,89.57947,0.017080238,0.0,0.5866022,0.2986928
7945,1921.3103,0.0,748.2939,89.579636,0.01567394,0.0,0.576709,0.2986919
7946,1518.938,0.0,1305.0492,89.57977,0.014439059,0.0,0.5863086,0.29869094
7947,1823.7362,0.0,1212.9725,89.57986,0.017231077,0.0,0.5390587,0.29869008
7948,2013.3442,0.0,866.02563,89.57994,0.014316356,0.0,0.4935069,0.2986892
7949,1496.1107,0.0,970.8719,89.58005,0.01834632,0.0,0.58917,0.2986882
7950,1728.3813,0.0,1276.8594,89.580124,0.015099886,0.0,0.61414135,0.29868725
7951,2576.744,0.0,900.8738,89.580215,0.0147766685,0.0,0.5613882,0.29868627
7952,1456.3074,0.0,1382.3617,89.58034,0.016920485,0.0,0.55246085,0.29868528
7953,1664.4718,0.0,1203.8976,89.58044,0.015899234,0.0,0.5558087,0.2986842
7954,2202.614,0.0,1454.8257,89.58052,0.018472467,0.0,0.59031034,0.2986831
7955,1703.893,0.0,1201.1356,89.58062,0.013364328,0.0,0.5412383,0.29868203
7956,1476.508,0.0,1560.3802,89.58064,0.016091414,0.0,0.57716894,0.2986809
7957,1979.9766,0.0,1359.6777,89.5807,0.013551485,0.0,0.54589665,0.2986798
7958,1855.3657,0.0,1345.6438,89.58065,0.017717231,0.0,0.5334598,0.2986787
7959,2057.7285,0.0,1063.0223,89.58058,0.015665265,0.0,0.50343466,0.29867756
7960,1954.8998,0.0,968.55194,89.58057,0.015989523,0.0,0.57366157,0.29867637
7961,1766.9221,0.0,1265.9692,89.58054,0.017893229,0.0,0.5730678,0.2986752
7962,2319.0515,0.0,1469.8237,89.580505,0.016685179,0.0,0.52968836,0.2986741
7963,1887.5332,0.0,850.8578,89.58053,0.014443847,0.0,0.55459034,0.29867297
7964,1551.3625,0.0,1185.2155,89.58054,0.015470411,0.0,0.5465925,0.29867187
7965,2355.4375,0.0,1227.5614,89.58054,0.016380467,0.0,0.5350703,0.2986707
7966,1642.2196,0.0,978.1402,89.58055,0.012553814,0.0,0.55345297,0.29866955
7967,1901.357,0.0,1404.781,89.58059,0.013857331,0.0,0.5780158,0.2986684
7968,1843.1052,0.0,1328.067,89.58064,0.014924416,0.0,0.5160395,0.29866704
7969,1672.476,0.0,963.9314,89.58071,0.01942571,0.0,0.5619116,0.29866573
7970,1811.2086,0.0,1297.1769,89.58079,0.014717579,0.0,0.5605025,0.2986644
7971,1568.5244,0.0,968.0064,89.58079,0.015280092,0.0,0.5659232,0.29866308
7972,1865.6836,0.0,1084.1521,89.580826,0.018031146,0.0,0.6042336,0.29866177
7973,1501.4104,0.0,868.2858,89.58091,0.01678396,0.0,0.5534816,0.29866046
7974,1573.4309,0.0,1174.9785,89.581,0.01967614,0.0,0.5609034,0.29865918
7975,2105.2527,0.0,1191.9391,89.5811,0.013996042,0.0,0.5743804,0.2986575
7976,1799.7612,0.0,1040.416,89.581154,0.015811445,0.0,0.56549984,0.29865584
7977,1464.7148,0.0,946.2452,89.58119,0.014255251,0.0,0.5798844,0.2986542
7978,1560.3789,0.0,1309.3428,89.58124,0.016210578,0.0,0.5689262,0.29865268
7979,2079.0574,0.0,1016.4508,89.58134,0.01332072,0.0,0.55984634,0.29865116
7980,2081.4646,0.0,1463.363,89.58139,0.016272828,0.0,0.5732884,0.2986496
7981,1598.8872,0.0,1020.61707,89.58141,0.014779359,0.0,0.5753845,0.29864815
7982,2077.2527,0.0,1059.4651,89.58143,0.014721545,0.0,0.5671778,0.29864672
7983,2252.0027,0.0,1515.1125,89.58145,0.016663078,0.0,0.53721917,0.29864523
7984,2467.2327,0.0,1406.7198,89.581505,0.019556955,0.0,0.61715007,0.29863885
7985,1443.5255,0.0,1097.4364,89.5816,0.014516896,0.0,0.55803823,0.29863313
7986,1624.5621,0.0,1230.4308,89.58169,0.017280763,0.0,0.5419006,0.2986279
7987,1486.0613,0.0,945.26733,89.58173,0.017059242,0.0,0.5772954,0.29862314
7988,2741.7322,0.0,1241.5533,89.58182,0.013770683,0.0,0.5583119,0.29861876
7989,1846.3439,0.0,1272.0657,89.58192,0.020533424,0.0,0.6006779,0.29861465
7990,1741.9568,0.0,1333.3295,89.58202,0.0118067,0.0,0.633063,0.2986109
7991,1910.0734,0.0,1252.6216,89.58211,0.02089115,0.0,0.5630021,0.29860732
7992,1676.3126,0.0,1417.8433,89.58214,0.01572773,0.0,0.589055,0.29860404
7993,2058.0762,0.0,1188.8846,89.58217,0.014771968,0.0,0.5276389,0.29860097
7994,1853.4503,0.0,1171.5736,89.58216,0.017987065,0.0,0.55908453,0.2985981
7995,1778.6879,0.0,1380.1493,89.58215,0.016218316,0.0,0.5429222,0.29859534
7996,2116.5818,0.0,1498.2703,89.58211,0.014681733,0.0,0.5489471,0.29859284
7997,2337.9985,0.0,953.3427,89.58206,0.014862744,0.0,0.57097596,0.29859042
7998,1802.0972,0.0,1216.3091,89.582,0.012125315,0.0,0.5799604,0.29858816
7999,2156.1687,0.0,1207.2997,89.581985,0.01702267,0.0,0.542078,0.29858595
8000,1810.1641,0.0,1545.012,89.581955,0.014320092,0.0,0.5679003,0.29858395
8001,1692.5602,0.0,1113.855,89.58189,0.014762457,0.0,0.56332827,0.29858214
8002,2155.524,0.0,1287.6105,89.581825,0.015259313,0.0,0.523911,0.29858032
8003,1751.7628,0.0,1285.7784,89.5818,0.017687935,0.0,0.54918337,0.29857862
8004,1444.4016,0.0,1169.3414,89.581795,0.012674939,0.0,0.5338028,0.29857686
8005,1419.5427,0.0,1271.222,89.581825,0.012704475,0.0,0.54412454,0.29857525
8006,1244.3818,0.0,1052.0322,89.58183,0.015886612,0.0,0.5693094,0.29857364
8007,2289.8599,0.0,1061.4077,89.581894,0.0151470555,0.0,0.57537836,0.29857206
8008,1757.1769,0.0,1028.7047,89.58195,0.014788156,0.0,0.60223854,0.29857048
8009,1552.556,0.0,1061.8875,89.581985,0.015705816,0.0,0.5366646,0.29856896
8010,1523.4252,0.0,1136.1906,89.58205,0.02032777,0.0,0.6182668,0.29856747
8011,1902.3647,0.0,1255.5277,89.58209,0.015047401,0.0,0.5883504,0.298566
8012,1884.7704,0.0,1295.144,89.58224,0.013892911,0.0,0.58078074,0.29856458
8013,1953.548,0.0,1150.4518,89.58231,0.015019874,0.0,0.5878681,0.29856306
8014,1711.8539,0.0,1023.38007,89.58241,0.015285445,0.0,0.54195404,0.2985616
8015,1553.9252,0.0,1553.0425,89.58246,0.016356394,0.0,0.60923445,0.29856017
8016,2153.1355,0.0,1191.718,89.58254,0.019766118,0.0,0.57183003,0.29855877
8017,1774.2855,0.0,1011.9915,89.58264,0.019186502,0.0,0.6084892,0.29855737
8018,2132.4995,0.0,944.584,89.58278,0.018843852,0.0,0.6087519,0.29855734
8019,2169.3271,0.0,1624.1064,89.58286,0.017118566,0.0,0.55939347,0.2985572
8020,1393.2988,0.0,948.52136,89.58296,0.015101669,0.0,0.5991708,0.298557
8021,1429.627,0.0,1030.9319,89.58308,0.016029894,0.0,0.5716281,0.29855672
8022,1671.8036,0.0,1076.7087,89.58316,0.018535929,0.0,0.59553385,0.2985577
8023,2026.2245,0.0,1019.2359,89.583305,0.015209379,0.0,0.54715025,0.29855847
8024,2018.7031,0.0,931.5401,89.58344,0.017293591,0.0,0.5665479,0.2985591
8025,2472.2954,0.0,1117.5669,89.58355,0.014856446,0.0,0.59324217,0.29855946
8026,1591.7727,0.0,1108.6875,89.58367,0.015713021,0.0,0.54517865,0.29855967
8027,1932.2183,0.0,1433.8713,89.58378,0.016243584,0.0,0.5591959,0.29855978
8028,1658.9141,0.0,838.7099,89.58391,0.016011443,0.0,0.5529995,0.2985598
8029,1467.0111,0.0,1322.2295,89.58401,0.015549054,0.0,0.5805649,0.29857552
8030,1447.0767,0.0,1582.3441,89.584045,0.01576017,0.0,0.53945297,0.29858965
8031,1525.8911,0.0,1242.7783,89.58409,0.019367652,0.0,0.61094594,0.2986025
8032,1632.1105,0.0,1057.2452,89.58409,0.016827239,0.0,0.53919697,0.29861397
8033,1331.4026,0.0,1272.6562,89.58404,0.017267317,0.0,0.545707,0.29862425
8034,1901.4255,0.0,1202.4042,89.58395,0.017134476,0.0,0.52670664,0.29863343
8035,1566.7467,0.0,944.70856,89.5839,0.018717028,0.0,0.5648858,0.29864287
8036,2446.161,0.0,1320.3744,89.5839,0.018906405,0.0,0.5728507,0.29864976
8037,1949.7318,0.0,1034.0935,89.58393,0.013759192,0.0,0.56349266,0.29865584
8038,2464.9207,0.0,909.56067,89.58401,0.016232597,0.0,0.53327245,0.29866123
8039,2010.2684,0.0,1278.7594,89.5841,0.017073035,0.0,0.5227597,0.29866597
8040,1723.0347,0.0,1195.6434,89.584175,0.014676409,0.0,0.5763869,0.29867014
8041,1680.8013,0.0,1443.0808,89.58421,0.013857085,0.0,0.5734965,0.29867378
8042,2069.233,0.0,1031.8608,89.58424,0.014140557,0.0,0.5761699,0.29867697
8043,1691.5325,0.0,1432.4117,89.58431,0.01616915,0.0,0.5346331,0.2986797
8044,2051.368,0.0,1075.8821,89.58439,0.014015666,0.0,0.5883248,0.298682
8045,1686.5006,0.0,1449.8909,89.58444,0.01566508,0.0,0.552569,0.29868397
8046,1559.4539,0.0,1918.1339,89.58453,0.01658035,0.0,0.5325962,0.29868725
8047,1534.8346,0.0,1201.9685,89.58462,0.017617099,0.0,0.567287,0.29869035
8048,1219.1885,0.0,1036.8898,89.584694,0.0153511,0.0,0.6065976,0.29869303
8049,1869.225,0.0,1259.63,89.58477,0.015346602,0.0,0.6222783,0.29869533
8050,1775.3029,0.0,1109.0359,89.58483,0.014635971,0.0,0.5613231,0.29869738
8051,2425.2798,0.0,803.5868,89.58486,0.01846449,0.0,0.58284026,0.29869908
8052,1534.0052,0.0,1231.4875,89.584946,0.016673546,0.0,0.5668312,0.29870048
8053,2880.6323,0.0,964.10364,89.585014,0.01605777,0.0,0.5646317,0.29870167
8054,1844.0479,0.0,1040.5366,89.58505,0.015740938,0.0,0.59177744,0.2987027
8055,2755.03,0.0,1334.8987,89.58508,0.015900677,0.0,0.5866118,0.29870337
8056,1679.9269,0.0,965.3324,89.58507,0.01528624,0.0,0.6241766,0.29870388
8057,1467.0336,0.0,900.0094,89.585106,0.016863672,0.0,0.5688468,0.29870427
8058,1491.0144,0.0,1172.845,89.585175,0.01854053,0.0,0.54225755,0.29870448
8059,1941.6007,0.0,1156.5789,89.585236,0.016419057,0.0,0.55228513,0.29870453
8060,2210.0547,0.0,1096.2031,89.58525,0.016308788,0.0,0.56849396,0.2987045
8061,1924.1769,0.0,921.19635,89.58527,0.012672355,0.0,0.5553409,0.2987043
8062,1735.6898,0.0,1225.4637,89.58527,0.013253791,0.0,0.5676415,0.29870388
8063,1635.3536,0.0,1027.506,89.585236,0.014555443,0.0,0.57406443,0.29870346
8064,2426.3962,0.0,1168.5325,89.58517,0.018696474,0.0,0.5349142,0.2987029
8065,2884.8542,0.0,1522.3146,89.58512,0.01997672,0.0,0.58649474,0.29870227
8066,1989.7378,0.0,1222.8851,89.58501,0.016689254,0.0,0.5684022,0.29870155
8067,2138.2876,0.0,1137.3839,89.58493,0.01715149,0.0,0.5487754,0.29870078
8068,2076.634,0.0,919.6347,89.58486,0.016596783,0.0,0.57714903,0.2987
8069,2490.6292,0.0,934.55975,89.58481,0.020048693,0.0,0.5713674,0.29869914
8070,1978.6443,0.0,1035.8433,89.584755,0.011346018,0.0,0.5395726,0.29869822
8071,1977.6263,0.0,1010.09467,89.58472,0.015435517,0.0,0.55201614,0.2986973
8072,1463.3195,0.0,1167.2557,89.58469,0.015113156,0.0,0.59449315,0.29869637
8073,2440.4077,0.0,1886.2817,89.58465,0.017466262,0.0,0.59931624,0.2986954
8074,1611.2435,0.0,1338.8793,89.58472,0.015001396,0.0,0.5713814,0.29869434
8075,1774.8175,0.0,1288.6312,89.58485,0.013752769,0.0,0.55039227,0.29869324
8076,1745.9906,0.0,1015.38086,89.58493,0.01450606,0.0,0.54738736,0.29869217
8077,2339.2324,0.0,1176.1581,89.585045,0.013249716,0.0,0.5459933,0.2986911
8078,1512.5364,0.0,1290.9203,89.58513,0.018178541,0.0,0.50957155,0.29868996
8079,1620.0548,0.0,1073.7261,89.58518,0.0148868095,0.0,0.57179326,0.29868883
8080,1734.3953,0.0,1406.3394,89.585266,0.016904797,0.0,0.59589756,0.29868755
8081,2010.9122,0.0,1001.05066,89.58533,0.015868843,0.0,0.57475305,0.2986863
8082,1840.6237,0.0,1244.9718,89.5854,0.01773939,0.0,0.556015,0.298685
8083,1683.1348,0.0,1136.0328,89.585434,0.01480181,0.0,0.5732804,0.29869154
8084,1680.5446,0.0,1093.2062,89.5854,0.01553181,0.0,0.60642266,0.29869732
8085,1322.9106,0.0,1485.6771,89.58535,0.015232755,0.0,0.5859133,0.2987027
8086,1593.3451,0.0,1524.4276,89.5853,0.011672857,0.0,0.55887884,0.29870743
8087,1608.9503,0.0,955.0412,89.585205,0.018575672,0.0,0.5305855,0.29871166
8088,2274.9265,0.0,1043.4127,89.585175,0.017809568,0.0,0.5863673,0.29871532
8089,1884.4243,0.0,1052.7529,89.5851,0.018183922,0.0,0.5658395,0.2987185
8090,2096.8228,0.0,1165.2834,89.58508,0.017904276,0.0,0.5825038,0.29872128
8091,2074.1533,0.0,903.5326,89.58504,0.016416397,0.0,0.5853684,0.29872364
8092,1714.0956,0.0,1043.319,89.58499,0.014479235,0.0,0.55952775,0.29872745
8093,2423.8474,0.0,1248.7322,89.584946,0.016672697,0.0,0.5898236,0.2987308
8094,2385.2234,0.0,971.59607,89.5849,0.015249403,0.0,0.591625,0.29873362
8095,1527.7201,0.0,1192.3333,89.584854,0.018428313,0.0,0.5216986,0.2987361
8096,1289.1492,0.0,1157.1963,89.584854,0.014321676,0.0,0.5572506,0.2987382
8097,1668.6594,0.0,1332.3656,89.584885,0.015914684,0.0,0.54336405,0.29874
8098,2598.8958,0.0,1083.5239,89.58486,0.017959196,0.0,0.61583716,0.29874152
8099,1625.9581,0.0,1134.8096,89.584816,0.01403607,0.0,0.5543444,0.2987427
8100,1640.094,0.0,958.3788,89.584854,0.015758647,0.0,0.5576874,0.29874364
8101,2066.767,0.0,1129.4497,89.58485,0.013079869,0.0,0.55726624,0.2987444
8102,1888.5963,0.0,1021.04047,89.5849,0.0126913665,0.0,0.5412251,0.29874492
8103,1707.9929,0.0,1218.4265,89.58495,0.014367352,0.0,0.50569725,0.29874754
8104,1591.6991,0.0,1236.922,89.58504,0.0191856,0.0,0.592378,0.29876086
8105,2194.7,0.0,1244.4016,89.58508,0.01521454,0.0,0.5434956,0.29877332
8106,2042.6958,0.0,1225.8878,89.585144,0.018777907,0.0,0.5638735,0.29878467
8107,1516.2922,0.0,1154.727,89.58522,0.015406145,0.0,0.5673149,0.29879504
8108,2373.9263,0.0,1053.0471,89.58531,0.017652856,0.0,0.58919764,0.2988046
8109,1965.005,0.0,1092.0221,89.5854,0.017795108,0.0,0.5749563,0.2988133
8110,1510.6594,0.0,1050.787,89.58547,0.012486878,0.0,0.57360303,0.29882118
8111,1841.8727,0.0,1058.5515,89.585556,0.014090444,0.0,0.59648025,0.2988283
8112,1390.8502,0.0,1017.6052,89.58569,0.01822697,0.0,0.5898612,0.29883966
8113,2001.1617,0.0,1065.0857,89.585815,0.015136473,0.0,0.5614052,0.29884976
8114,1992.3911,0.0,1126.4193,89.58593,0.01659971,0.0,0.5887612,0.29885235
8115,1229.8956,0.0,1277.3658,89.58602,0.016426675,0.0,0.52657294,0.29885462
8116,1716.2181,0.0,1079.18,89.58613,0.015561255,0.0,0.5596717,0.29885668
8117,1794.724,0.0,1184.486,89.58624,0.014107861,0.0,0.6174509,0.2988585
8118,2223.7205,0.0,1357.4061,89.586365,0.022162806,0.0,0.57171434,0.29886
8119,1555.7495,0.0,1046.5017,89.586464,0.017890295,0.0,0.6218637,0.29886138
8120,2503.6807,0.0,1454.4175,89.58653,0.016236097,0.0,0.57334846,0.29886088
8121,2004.7177,0.0,1087.0697,89.586716,0.017869031,0.0,0.5735538,0.2988611
8122,1461.7404,0.0,1104.75,89.5869,0.015405059,0.0,0.5665554,0.29886124
8123,1839.6552,0.0,976.31213,89.58704,0.013655527,0.0,0.5229889,0.29886127
8124,1978.3323,0.0,1235.2731,89.5872,0.013526397,0.0,0.57931775,0.29886058
8125,2340.3235,0.0,903.8184,89.58734,0.018790327,0.0,0.5277442,0.2988599
8126,2284.5571,0.0,1147.643,89.58749,0.017041605,0.0,0.53006464,0.29885915
8127,1988.2013,0.0,1318.842,89.587616,0.015293879,0.0,0.55943584,0.2988584
8128,1983.2732,0.0,950.09625,89.58777,0.014985013,0.0,0.55846107,0.29885757
8129,1671.0627,0.0,1042.8391,89.58791,0.018415716,0.0,0.63887453,0.29885674
8130,1714.4554,0.0,1159.7004,89.58812,0.015175186,0.0,0.5826887,0.29885584
8131,2365.3367,0.0,860.866,89.58831,0.015378772,0.0,0.5803498,0.29885492
8132,2063.473,0.0,987.8668,89.588524,0.014974337,0.0,0.56083214,0.298854
8133,1776.0674,0.0,1043.5812,89.58871,0.01454566,0.0,0.58658385,0.298853
8134,2504.0815,0.0,951.685,89.58888,0.0153476065,0.0,0.5535288,0.298852
8135,1683.2554,0.0,952.9016,89.58899,0.016475283,0.0,0.52849174,0.29885092
8136,1530.7017,0.0,1595.5416,89.58907,0.018667232,0.0,0.5320853,0.29884994
8137,1628.9495,0.0,1387.9453,89.589134,0.016683338,0.0,0.54746574,0.2988488
8138,1558.8324,0.0,1078.2847,89.58915,0.015110195,0.0,0.5336412,0.29884768
8139,1401.0322,0.0,1057.1667,89.589165,0.015940642,0.0,0.55364764,0.29884657
8140,1902.5284,0.0,833.8125,89.5892,0.015891287,0.0,0.5897934,0.29884544
8141,2114.6145,0.0,1198.026,89.58926,0.01807865,0.0,0.57550955,0.2988443
8142,1749.5885,0.0,1339.6721,89.58928,0.015746485,0.0,0.6082698,0.29884315
8143,1769.9932,0.0,1085.7495,89.58928,0.015776575,0.0,0.5716295,0.29884198
8144,1718.3552,0.0,1056.2802,89.58931,0.014494261,0.0,0.55328053,0.2988408
8145,1777.975,0.0,1027.5858,89.5893,0.015794443,0.0,0.55325145,0.2988396
8146,1759.1332,0.0,1200.8899,89.58927,0.01760039,0.0,0.58886576,0.29883838
8147,1697.0109,0.0,1487.6263,89.589226,0.016106425,0.0,0.58113885,0.29883716
8148,2316.3098,0.0,1096.1573,89.589226,0.015584201,0.0,0.6022296,0.29883596
8149,1786.1808,0.0,1365.286,89.589226,0.014164379,0.0,0.5929961,0.29883474
8150,2083.3125,0.0,1123.2921,89.58925,0.01280822,0.0,0.5425669,0.29883012
8151,1731.4662,0.0,1043.075,89.589325,0.016372569,0.0,0.55223244,0.29882583
8152,1357.3113,0.0,1146.7587,89.589386,0.017137885,0.0,0.5541152,0.29882202
8153,2225.7295,0.0,1437.6808,89.58946,0.014458761,0.0,0.54110664,0.29881835
8154,2070.9192,0.0,1094.7264,89.58955,0.01788139,0.0,0.59905267,0.2988149
8155,1788.4033,0.0,941.0261,89.589645,0.017759282,0.0,0.6331272,0.29881173
8156,2211.2527,0.0,1052.4935,89.58971,0.019238442,0.0,0.54425263,0.29880878
8157,1808.1205,0.0,992.04065,89.58975,0.019217584,0.0,0.54699767,0.29880595
8158,1773.4795,0.0,975.2083,89.5898,0.017074285,0.0,0.55398864,0.29880333
8159,1784.6206,0.0,1083.0586,89.58987,0.0174662,0.0,0.53950614,0.29880077
8160,1568.4414,0.0,1382.1085,89.589966,0.01706754,0.0,0.54301757,0.2987984
8161,1393.1742,0.0,1148.1912,89.59009,0.015337455,0.0,0.57874453,0.29879612
8162,2246.9988,0.0,784.8793,89.59026,0.015284231,0.0,0.5918379,0.2987939
8163,1811.5593,0.0,847.2206,89.5904,0.01864482,0.0,0.56880784,0.2987918
8164,1681.1825,0.0,1323.7788,89.59049,0.016365897,0.0,0.54643756,0.2987898
8165,1263.0602,0.0,1585.7521,89.59058,0.014887292,0.0,0.5472307,0.29878786
8166,1473.4937,0.0,1380.846,89.59065,0.017209027,0.0,0.608704,0.29878595
8167,1285.903,0.0,1135.1566,89.590706,0.015578849,0.0,0.57025826,0.29878414
8168,1951.005,0.0,1171.9126,89.590805,0.020173026,0.0,0.5599963,0.29878256
8169,2402.0828,0.0,1219.6406,89.59091,0.012648257,0.0,0.5194087,0.29878104
8170,1926.7549,0.0,1403.3162,89.591,0.014878301,0.0,0.5460884,0.29877955
8171,2087.1677,0.0,1035.7242,89.59101,0.013371609,0.0,0.60458314,0.29877892
8172,1457.8936,0.0,1146.8206,89.591,0.01749866,0.0,0.5203709,0.29877827
8173,1627.9962,0.0,1232.3702,89.591,0.01908468,0.0,0.5616622,0.29877758
8174,1787.0015,0.0,842.928,89.591,0.014571473,0.0,0.55760324,0.2987768
8175,1659.5905,0.0,1044.5471,89.590996,0.016002025,0.0,0.5618875,0.298776
8176,1616.1737,0.0,1057.2407,89.59097,0.016050044,0.0,0.5660853,0.2987751
8177,1649.5344,0.0,862.1979,89.591,0.015116348,0.0,0.5403203,0.2987743
8178,1990.2567,0.0,884.5239,89.59101,0.014905511,0.0,0.55262816,0.2987734
8179,2032.5421,0.0,1042.7191,89.591034,0.011711869,0.0,0.6025069,0.2987725
8180,1928.3721,0.0,1091.4132,89.59105,0.018803075,0.0,0.57492363,0.2987715
8181,1988.4789,0.0,1633.5515,89.591095,0.01566719,0.0,0.58199906,0.29876584
8182,2039.1572,0.0,1293.9943,89.591125,0.017735904,0.0,0.5551503,0.29876056
8183,2153.472,0.0,1050.4598,89.591194,0.014897719,0.0,0.52826655,0.2987558
8184,1752.8805,0.0,1050.0544,89.59129,0.014815738,0.0,0.6003085,0.29875126
8185,1791.8914,0.0,887.3927,89.591415,0.0140670985,0.0,0.56983066,0.2987471
8186,2168.6228,0.0,1287.0931,89.59155,0.014428089,0.0,0.57530546,0.29874325
8187,2100.7136,0.0,953.98724,89.59166,0.01233295,0.0,0.59302914,0.29873967
8188,1841.1849,0.0,837.6372,89.591774,0.013664816,0.0,0.5706796,0.29873633
8189,2268.319,0.0,940.5278,89.591866,0.014186087,0.0,0.5781261,0.29873317
8190,1776.8992,0.0,1013.94025,89.59198,0.0142808575,0.0,0.5517851,0.2987302
8191,2477.8286,0.0,1243.0205,89.5921,0.014788045,0.0,0.5439814,0.29872742
8192,1539.2625,0.0,1464.7024,89.59221,0.015975673,0.0,0.5513936,0.29872474
8193,2085.8594,0.0,1262.3302,89.59228,0.01699112,0.0,0.5632755,0.29872227
8194,1548.4532,0.0,939.35706,89.59234,0.01776614,0.0,0.57488406,0.29872915
8195,1554.9966,0.0,1386.5182,89.5924,0.015427582,0.0,0.525521,0.2987352
8196,2036.4362,0.0,1153.7185,89.59244,0.015604707,0.0,0.560977,0.29874116
8197,1807.4036,0.0,895.32135,89.5925,0.015472701,0.0,0.6158767,0.2987465
8198,1884.7103,0.0,1172.0262,89.59253,0.014219109,0.0,0.54084224,0.2987512
8199,2010.8704,0.0,1044.8864,89.59259,0.0141999815,0.0,0.59097457,0.29875535
8200,1504.5323,0.0,1256.8955,89.59264,0.015371263,0.0,0.54060185,0.298759
8201,1890.2332,0.0,1090.8315,89.59264,0.019188661,0.0,0.5822257,0.29876226
8202,1440.977,0.0,1428.2239,89.5927,0.018039018,0.0,0.5834075,0.29876497
8203,2029.0609,0.0,1125.162,89.592804,0.013065572,0.0,0.5709405,0.29876783
8204,1850.7471,0.0,962.5068,89.59289,0.013886913,0.0,0.5412946,0.29877028
8205,1968.8171,0.0,1244.0916,89.592926,0.017435944,0.0,0.55481124,0.2987724
8206,2258.5808,0.0,1405.282,89.59293,0.0156503,0.0,0.5966195,0.29877418
8207,2133.1016,0.0,1009.5083,89.59291,0.017837098,0.0,0.56633234,0.29877567
8208,1852.2224,0.0,994.2406,89.59287,0.0150965,0.0,0.55860615,0.2987769
8209,1913.7738,0.0,809.85706,89.59283,0.013989229,0.0,0.568927,0.29877785
8210,1535.4385,0.0,1294.79,89.59276,0.016990148,0.0,0.6006053,0.29877862
8211,1864.2296,0.0,1237.8829,89.59268,0.01429425,0.0,0.57590836,0.29877916
8212,1253.111,0.0,1263.2235,89.592674,0.018095523,0.0,0.5467333,0.29877952
8213,1650.8314,0.0,1111.3915,89.59268,0.019100036,0.0,0.57010955,0.29877973
8214,2240.9375,0.0,1422.2339,89.59265,0.013700913,0.0,0.5755479,0.29877976
8215,2244.0159,0.0,1144.9069,89.59264,0.013574186,0.0,0.5634975,0.29877973
8216,2018.0,0.0,1647.6672,89.59264,0.014764908,0.0,0.53432035,0.2987795
8217,1859.2897,0.0,1117.3171,89.592606,0.017740145,0.0,0.5174614,0.29877922
8218,1550.0375,0.0,1092.1704,89.59267,0.018165909,0.0,0.61327964,0.29877913
8219,1748.241,0.0,1135.7318,89.5927,0.01538787,0.0,0.5554699,0.29877892
8220,2320.8552,0.0,1043.7043,89.59279,0.015692111,0.0,0.5485386,0.29877862
8221,1826.5187,0.0,847.3165,89.59291,0.015132485,0.0,0.58362037,0.29877815
8222,2243.5476,0.0,968.48175,89.59303,0.014493307,0.0,0.6048639,0.29877764
8223,1375.2045,0.0,1064.7689,89.593155,0.013470715,0.0,0.586259,0.29877704
8224,1611.2583,0.0,1148.1521,89.59328,0.013006213,0.0,0.5806124,0.29877636
8225,1601.6471,0.0,802.49976,89.59343,0.017189205,0.0,0.5595176,0.2987756
8226,1660.0894,0.0,1418.6475,89.59356,0.016635232,0.0,0.56134045,0.2987745
8227,1806.5958,0.0,914.91504,89.59373,0.018620662,0.0,0.5662662,0.2987734
8228,1949.2896,0.0,967.01483,89.593864,0.012248526,0.0,0.5693183,0.29877228
8229,1495.0925,0.0,1170.9329,89.594,0.015703216,0.0,0.57698864,0.2987712
8230,1678.3401,0.0,1137.956,89.59418,0.015692411,0.0,0.59811044,0.29877
8231,2551.7498,0.0,1050.0312,89.59429,0.0128394645,0.0,0.5726659,0.29876885
8232,2284.6396,0.0,1084.6328,89.5944,0.015529536,0.0,0.57587564,0.29876766
8233,1574.0416,0.0,994.4844,89.594505,0.015461243,0.0,0.5878392,0.2987668
8234,2062.9043,0.0,992.7359,89.594604,0.014380937,0.0,0.54929626,0.2987659
8235,1643.3624,0.0,1021.9437,89.59469,0.012174098,0.0,0.55265236,0.29876485
8236,1920.2615,0.0,908.27325,89.59477,0.012964487,0.0,0.5414218,0.29876393
8237,1408.6611,0.0,1135.0812,89.59492,0.0144487275,0.0,0.6034629,0.29876304
8238,2216.3826,0.0,1270.4503,89.595055,0.0184921,0.0,0.6154054,0.29876202
8239,2005.7018,0.0,1009.0,89.59523,0.016997708,0.0,0.57147425,0.29876098
8240,1753.178,0.0,1009.1548,89.5954,0.012442033,0.0,0.5479728,0.29875997
8241,1837.7233,0.0,1040.1823,89.595566,0.016371101,0.0,0.5546984,0.29875886
8242,1504.1232,0.0,870.52576,89.59569,0.014242046,0.0,0.5790275,0.29875776
8243,1570.7281,0.0,1173.9482,89.59581,0.017498827,0.0,0.5817653,0.2987567
8244,2888.5764,0.0,1446.1443,89.59596,0.016334219,0.0,0.58926654,0.29875556
8245,2121.9192,0.0,1181.5027,89.59608,0.017290382,0.0,0.6024887,0.29875436
8246,1636.182,0.0,1405.7966,89.59612,0.016903706,0.0,0.58041334,0.2987532
8247,2044.8156,0.0,1281.2863,89.59618,0.016925197,0.0,0.604877,0.298752
8248,2405.0518,0.0,1383.1476,89.59623,0.01574244,0.0,0.5616758,0.29875085
8249,1746.0117,0.0,1314.2975,89.59621,0.015909927,0.0,0.5678233,0.2987496
8250,1928.5125,0.0,1251.9065,89.5962,0.0151673835,0.0,0.5860017,0.29874524
8251,1961.481,0.0,1034.993,89.596214,0.019291474,0.0,0.5816899,0.2987413
8252,2013.3369,0.0,697.0533,89.59624,0.016769059,0.0,0.5802019,0.29873788
8253,1412.4492,0.0,1069.8895,89.59628,0.014646925,0.0,0.555652,0.29873475
8254,1562.4835,0.0,1071.4841,89.5963,0.015443373,0.0,0.5523478,0.2987319
8255,1392.1976,0.0,1002.1884,89.59632,0.016773086,0.0,0.5416155,0.29872924
8256,1761.6027,0.0,1162.5739,89.59635,0.016640818,0.0,0.53231347,0.2987267
8257,1670.1489,0.0,1085.8492,89.596436,0.015709732,0.0,0.5274739,0.29872438
8258,1933.506,0.0,1104.9528,89.596504,0.015635325,0.0,0.5098336,0.29872215
8259,1570.7716,0.0,1158.753,89.59656,0.014596587,0.0,0.57396865,0.29872006
8260,1938.13,0.0,1120.739,89.59662,0.014953876,0.0,0.5621265,0.29871804
8261,1601.7734,0.0,1183.2936,89.59669,0.016515924,0.0,0.6092633,0.29871613
8262,1462.4017,0.0,860.0811,89.59679,0.019508785,0.0,0.6142013,0.2987142
8263,1760.7854,0.0,976.75665,89.59687,0.014675891,0.0,0.54556787,0.29871243
8264,1850.1464,0.0,1139.4497,89.59692,0.014987284,0.0,0.5692623,0.2987107
8265,2015.5096,0.0,1104.2609,89.59696,0.016332163,0.0,0.52187943,0.298709
8266,1955.5768,0.0,908.6466,89.59705,0.020113952,0.0,0.57646513,0.29870737
8267,1613.2927,0.0,1035.7852,89.59716,0.014859088,0.0,0.5590427,0.2987057
8268,1915.8667,0.0,1264.1802,89.59724,0.01912777,0.0,0.5746796,0.29870418
8269,2180.3823,0.0,1246.7454,89.59734,0.016580062,0.0,0.5611812,0.2987026
8270,2021.6174,0.0,1377.3496,89.5975,0.012076814,0.0,0.5502173,0.29870138
8271,2133.499,0.0,1025.3417,89.59764,0.019021189,0.0,0.54402685,0.29870018
8272,2015.8079,0.0,997.97406,89.5978,0.013075894,0.0,0.5777619,0.29869893
8273,1735.737,0.0,892.5801,89.59794,0.017418351,0.0,0.5840993,0.2986977
8274,1496.7648,0.0,1080.8586,89.59803,0.015894085,0.0,0.59668326,0.29869643
8275,1967.7417,0.0,943.0734,89.59814,0.014591776,0.0,0.57593596,0.29869518
8276,2409.268,0.0,1102.2582,89.598236,0.016201815,0.0,0.5257348,0.2986939
8277,1776.2367,0.0,999.01874,89.59832,0.018702086,0.0,0.5494709,0.2986926
8278,1462.8392,0.0,1245.6487,89.59835,0.013926551,0.0,0.56970835,0.2986914
8279,1982.7333,0.0,1060.3273,89.59836,0.01616235,0.0,0.5760367,0.29869008
8280,1881.712,0.0,1186.7147,89.59834,0.01613897,0.0,0.5766423,0.2986888
8281,1413.5964,0.0,1022.9862,89.59835,0.01777713,0.0,0.6192465,0.29868746
8282,1804.6288,0.0,908.54926,89.59838,0.019413784,0.0,0.5541684,0.29868647
8283,1867.4025,0.0,785.00867,89.59842,0.018569008,0.0,0.53107214,0.29868543
8284,1648.9202,0.0,981.45544,89.598495,0.014179158,0.0,0.6011584,0.29868436
8285,1722.6831,0.0,1216.6705,89.598564,0.014482914,0.0,0.59335566,0.29868326
8286,1608.413,0.0,1099.3922,89.59857,0.018514983,0.0,0.5679638,0.29868218
8287,1776.6925,0.0,1070.1256,89.59859,0.016413074,0.0,0.58711296,0.29868105
8288,1796.6461,0.0,1081.8422,89.59866,0.021976128,0.0,0.59087944,0.2986799
8289,1619.1866,0.0,1293.5717,89.59875,0.017561078,0.0,0.5477919,0.29867867
8290,2127.246,0.0,1155.6383,89.598854,0.015948672,0.0,0.6104209,0.29867753
8291,1668.0785,0.0,940.6974,89.59895,0.016772438,0.0,0.6023943,0.2986799
8292,1645.6425,0.0,1199.9835,89.59905,0.016112193,0.0,0.548624,0.2986819
8293,1718.1914,0.0,1426.1234,89.599144,0.020475067,0.0,0.58443344,0.2986836
8294,1921.8353,0.0,1048.9269,89.59923,0.015304148,0.0,0.58253646,0.29868484
8295,1542.7106,0.0,966.0431,89.59931,0.018184565,0.0,0.55802125,0.29868576
8296,2201.6848,0.0,1215.6335,89.599335,0.01672994,0.0,0.5740659,0.2986865
8297,1724.3143,0.0,1022.1402,89.59941,0.01436552,0.0,0.58197266,0.29868728
8298,1449.125,0.0,968.4035,89.59946,0.015973002,0.0,0.6027934,0.2986879
8299,1824.3976,0.0,910.42053,89.59947,0.014692734,0.0,0.60523,0.29868826
8300,2138.875,0.0,938.1134,89.59949,0.013608775,0.0,0.5432701,0.29868853
8301,1878.3595,0.0,887.1895,89.59946,0.01107301,0.0,0.58730376,0.29868856
8302,1513.025,0.0,807.9671,89.59948,0.014052282,0.0,0.6055471,0.29868853
8303,2072.5862,0.0,751.5407,89.59951,0.015891824,0.0,0.5711809,0.29868832
8304,2147.3455,0.0,1058.3488,89.5995,0.014796875,0.0,0.56042945,0.298688
8305,1728.0164,0.0,1213.3077,89.59951,0.013419567,0.0,0.57018375,0.2986876
8306,1395.7595,0.0,1287.2378,89.59958,0.013030349,0.0,0.5747969,0.2986871
8307,1959.1027,0.0,1188.3333,89.59967,0.013643896,0.0,0.5838107,0.2986865
8308,2141.9937,0.0,1179.4031,89.5997,0.017957903,0.0,0.5684551,0.29868585
8309,2157.1582,0.0,1314.9028,89.59974,0.016393457,0.0,0.57366496,0.2986851
8310,1674.0441,0.0,1009.21576,89.59976,0.015831375,0.0,0.54132485,0.2986843
8311,1940.4559,0.0,983.4573,89.59979,0.013365695,0.0,0.5823453,0.29868343
8312,2481.0713,0.0,1179.3875,89.59989,0.018289194,0.0,0.5242468,0.29868248
8313,1896.6382,0.0,1245.9603,89.59998,0.0142853595,0.0,0.5938675,0.29868153
8314,2149.5103,0.0,1068.1022,89.60008,0.01710678,0.0,0.53872424,0.29868057
8315,1742.8536,0.0,1703.0802,89.60013,0.014684511,0.0,0.5302953,0.29867947
8316,1909.7222,0.0,962.7203,89.60026,0.01815879,0.0,0.5736077,0.29867843
8317,1443.2594,0.0,1098.6216,89.60039,0.014164753,0.0,0.55669594,0.29867327
8318,2005.2526,0.0,897.5708,89.6005,0.015571862,0.0,0.5650296,0.29866847
8319,1632.6044,0.0,984.5733,89.60058,0.015168324,0.0,0.5697051,0.29866412
8320,1948.2734,0.0,1522.0361,89.60068,0.01464527,0.0,0.54089886,0.29866222
8321,1900.2563,0.0,1091.3718,89.60079,0.014248349,0.0,0.5592068,0.29866037
8322,1855.9932,0.0,849.0585,89.600914,0.015996635,0.0,0.55130166,0.29865867
8323,1818.0109,0.0,1097.7727,89.601006,0.017984489,0.0,0.5614605,0.298657
8324,1503.2532,0.0,1149.5125,89.60107,0.014214285,0.0,0.56161094,0.29865548
8325,1786.9642,0.0,1054.0797,89.6011,0.019410359,0.0,0.5770027,0.29865396
8326,2431.1682,0.0,1336.2672,89.601204,0.014891855,0.0,0.5604429,0.29865247
8327,1398.0753,0.0,860.9592,89.601326,0.013531062,0.0,0.5275681,0.29865104
8328,1988.4242,0.0,1277.4633,89.60146,0.015628222,0.0,0.5634804,0.29864967
8329,1895.402,0.0,1451.9263,89.60157,0.016691837,0.0,0.5762484,0.2986483
8330,1499.575,0.0,904.33826,89.60162,0.013998264,0.0,0.589956,0.2986469
8331,2183.3267,0.0,1151.3485,89.60171,0.013023928,0.0,0.55266154,0.29864624
8332,1315.7954,0.0,821.4607,89.60183,0.014048993,0.0,0.5929234,0.29864556
8333,2159.791,0.0,1039.3413,89.601944,0.015596113,0.0,0.5633518,0.29864472
8334,1916.7302,0.0,1469.0452,89.602036,0.01576367,0.0,0.63114417,0.2986439
8335,1700.8322,0.0,813.4424,89.60212,0.013245232,0.0,0.5685339,0.29864302
8336,1780.7985,0.0,949.83344,89.60218,0.012808492,0.0,0.56680393,0.29864198
8337,1782.5421,0.0,1130.0905,89.60222,0.013719624,0.0,0.5862338,0.2986409
8338,1660.1671,0.0,1195.0092,89.60226,0.018685063,0.0,0.5511836,0.2986398
8339,2279.7966,0.0,1048.267,89.60232,0.014285877,0.0,0.5524751,0.2986389
8340,1923.8212,0.0,974.53827,89.60237,0.017311983,0.0,0.5800395,0.298638
8341,1608.7056,0.0,1056.7213,89.6024,0.014804985,0.0,0.5777228,0.298637
8342,2384.1257,0.0,789.2684,89.60245,0.014468199,0.0,0.6378123,0.29863605
8343,1896.151,0.0,1075.1549,89.6025,0.016395777,0.0,0.5667347,0.29863498
8344,2251.2634,0.0,1254.1342,89.60261,0.014103773,0.0,0.5737867,0.2986339
8345,1677.9388,0.0,1100.4191,89.60273,0.015564034,0.0,0.5828812,0.29863277
8346,2132.341,0.0,930.8341,89.60285,0.016856179,0.0,0.57235265,0.29863164
8347,1270.5308,0.0,782.6642,89.60295,0.013042569,0.0,0.5552911,0.2986305
8348,2237.8525,0.0,1295.3157,89.603004,0.013280608,0.0,0.54526913,0.29862928
8349,2258.9429,0.0,995.1182,89.60305,0.01890086,0.0,0.5513159,0.2986281
8350,1779.671,0.0,1108.348,89.60314,0.015193904,0.0,0.53558886,0.29862684
8351,2353.0552,0.0,1009.0471,89.60324,0.016578702,0.0,0.5733363,0.29862565
8352,2435.4453,0.0,1423.0935,89.60337,0.01592169,0.0,0.60034275,0.29862443
8353,2075.7048,0.0,1303.8837,89.60348,0.012306301,0.0,0.5969281,0.29862317
8354,1641.4874,0.0,979.66754,89.60363,0.016085187,0.0,0.52848375,0.2986219
8355,1678.9028,0.0,1255.7206,89.60368,0.015701108,0.0,0.5762561,0.29861736
8356,2257.3853,0.0,1019.9083,89.60377,0.015490701,0.0,0.6083199,0.29861316
8357,2036.3364,0.0,976.85834,89.603836,0.01543017,0.0,0.5691833,0.2986093
8358,1979.2349,0.0,1291.306,89.60385,0.016361637,0.0,0.57491684,0.29860562
8359,2480.7324,0.0,1199.3364,89.60387,0.013092162,0.0,0.5501694,0.29860225
8360,1936.7075,0.0,1422.9066,89.603874,0.015390329,0.0,0.5333611,0.29860306
8361,1573.0326,0.0,1004.18085,89.60385,0.013496058,0.0,0.56276655,0.29860362
8362,1894.7041,0.0,1156.9521,89.60381,0.017027037,0.0,0.54798853,0.29860428
8363,2321.917,0.0,1375.091,89.60377,0.014953382,0.0,0.58913517,0.29860324
8364,1655.6666,0.0,1569.7378,89.60376,0.016560283,0.0,0.5907334,0.29860222
8365,1950.4357,0.0,1024.6909,89.603676,0.019754717,0.0,0.54249704,0.2986012
8366,1448.5682,0.0,1228.2399,89.6036,0.0175271,0.0,0.51538986,0.29859927
8367,1750.3917,0.0,1076.6699,89.60351,0.014254814,0.0,0.5560652,0.29859754
8368,1979.0568,0.0,1118.0537,89.60341,0.019786915,0.0,0.5588884,0.29859596
8369,1662.5076,0.0,1294.1075,89.603264,0.018051479,0.0,0.54086703,0.29859444
8370,1571.0958,0.0,1021.4698,89.603165,0.017177356,0.0,0.56205225,0.29859304
8371,2392.4233,0.0,1392.4578,89.60309,0.013426155,0.0,0.62771505,0.2985917
8372,1628.3984,0.0,1236.367,89.603004,0.01675041,0.0,0.5536794,0.29858562
8373,1349.8805,0.0,1167.1815,89.60297,0.015747275,0.0,0.5453738,0.2985801
8374,1711.1768,0.0,918.018,89.602974,0.016822498,0.0,0.6036985,0.29857513
8375,2427.9514,0.0,1322.877,89.60291,0.017302966,0.0,0.568877,0.29857054
8376,2682.0142,0.0,1311.0782,89.60292,0.014241769,0.0,0.58967686,0.29856628
8377,1434.2283,0.0,1162.7935,89.60297,0.014042723,0.0,0.5867162,0.29856232
8378,1949.7454,0.0,1029.12,89.603035,0.01929991,0.0,0.5531729,0.2985587
8379,1639.3922,0.0,1100.7328,89.60312,0.016137268,0.0,0.58643097,0.29855525
8380,2014.7183,0.0,1015.1143,89.60322,0.014754228,0.0,0.6089376,0.2985521
8381,1583.3826,0.0,872.7555,89.60334,0.016124094,0.0,0.58114314,0.29854915
8382,1753.336,0.0,1265.6475,89.60349,0.015684182,0.0,0.56275964,0.2985463
8383,1360.5627,0.0,1847.9154,89.603584,0.013687171,0.0,0.5775492,0.29854342
8384,2620.3218,0.0,712.06396,89.60365,0.013074782,0.0,0.60454273,0.29854065
8385,1206.5242,0.0,737.4629,89.60372,0.013948314,0.0,0.586722,0.29853773
8386,2204.4824,0.0,986.2075,89.6038,0.013660169,0.0,0.5560465,0.29853496
8387,1760.8403,0.0,1370.5243,89.60387,0.012656517,0.0,0.56421375,0.29853228
8388,1031.4789,0.0,1062.7922,89.60394,0.01588775,0.0,0.5580565,0.29852974
8389,2771.571,0.0,1164.9377,89.60401,0.012530989,0.0,0.5551388,0.29852736
8390,1642.1287,0.0,1275.527,89.6041,0.014191249,0.0,0.5582373,0.29852512
8391,2027.1292,0.0,1015.34283,89.604256,0.014214223,0.0,0.5640762,0.2985229
8392,1380.1611,0.0,1124.3995,89.604385,0.014927621,0.0,0.5728445,0.29852077
8393,1830.1747,0.0,1011.90717,89.60448,0.015220864,0.0,0.5078321,0.29851872
8394,1739.6306,0.0,1366.3724,89.60456,0.01325311,0.0,0.5819676,0.29851666
8395,1159.3346,0.0,1006.9159,89.60461,0.013886465,0.0,0.5570519,0.29851472
8396,1702.6733,0.0,1188.6443,89.604675,0.013986714,0.0,0.55832946,0.2985186
8397,1917.0135,0.0,948.2809,89.60472,0.015002805,0.0,0.5840223,0.298522
8398,1366.4274,0.0,896.44855,89.60471,0.013436742,0.0,0.53565323,0.29852507
8399,1920.4796,0.0,1106.4342,89.60467,0.0199518,0.0,0.55706954,0.29852778
8400,1509.4391,0.0,819.5605,89.604614,0.016963352,0.0,0.5363742,0.29853013
8401,1502.5245,0.0,933.3982,89.60461,0.017780676,0.0,0.6045165,0.2985322
8402,3113.8062,0.0,1228.7802,89.60457,0.016460715,0.0,0.56563675,0.29853395
8403,1621.1638,0.0,1007.2479,89.60456,0.01847314,0.0,0.5335418,0.2985365
8404,2779.9146,0.0,947.0021,89.60459,0.019703586,0.0,0.58327866,0.29853886
8405,1252.1143,0.0,1251.4398,89.604614,0.012854312,0.0,0.58463854,0.29854077
8406,1849.0502,0.0,942.94293,89.60467,0.015471901,0.0,0.6009172,0.29854244
8407,2693.424,0.0,1240.063,89.60472,0.011654904,0.0,0.5271369,0.29854384
8408,2312.3994,0.0,1259.208,89.60477,0.016198993,0.0,0.5796186,0.2985449
8409,2005.718,0.0,1121.8937,89.60483,0.017313648,0.0,0.6209562,0.29854584
8410,1320.1781,0.0,1195.4329,89.60489,0.012754943,0.0,0.54889715,0.29854602
8411,1366.8275,0.0,1172.0966,89.604935,0.013210414,0.0,0.5666756,0.29854608
8412,2004.3654,0.0,1449.5729,89.604965,0.012567474,0.0,0.5777842,0.298546
8413,1821.5127,0.0,1529.1404,89.60502,0.01838534,0.0,0.61991113,0.2985468
8414,2031.4584,0.0,1073.4651,89.60509,0.015584323,0.0,0.5348146,0.29854742
8415,1825.9054,0.0,1337.3978,89.60513,0.019109393,0.0,0.5636837,0.2985478
8416,2186.9827,0.0,1032.7687,89.60514,0.014855085,0.0,0.57356876,0.29854804
8417,2234.0637,0.0,775.61365,89.60518,0.0153811835,0.0,0.5710068,0.29855055
8418,1393.7109,0.0,922.22473,89.60522,0.016289368,0.0,0.57084465,0.29855272
8419,1517.7635,0.0,962.2479,89.60527,0.020010289,0.0,0.55076396,0.29855514
8420,1951.6404,0.0,1038.7056,89.60531,0.015422324,0.0,0.561424,0.29855716
8421,1634.5446,0.0,1145.757,89.60538,0.015501132,0.0,0.59440756,0.29855895
8422,1791.1713,0.0,1409.944,89.60541,0.017069262,0.0,0.58515745,0.29854995
8423,2054.4023,0.0,924.16534,89.60548,0.012495317,0.0,0.5823219,0.2985418
8424,1476.8231,0.0,1200.9117,89.60557,0.017523734,0.0,0.5548996,0.29853442
8425,1879.1862,0.0,1137.1467,89.605606,0.015112434,0.0,0.5286298,0.29852763
8426,1453.7656,0.0,1066.1711,89.605675,0.015119752,0.0,0.550774,0.2985215
8427,1219.9993,0.0,1038.616,89.605736,0.014147578,0.0,0.590062,0.29851773
8428,2086.9004,0.0,899.3746,89.605774,0.012534991,0.0,0.61318743,0.29851758
8429,1811.7847,0.0,1205.9805,89.605804,0.017089806,0.0,0.5696443,0.29851732
8430,1552.778,0.0,1078.0206,89.605804,0.017035753,0.0,0.5984716,0.298517
8431,1511.45,0.0,939.00653,89.605774,0.013504717,0.0,0.5796847,0.2985166
8432,1224.247,0.0,1325.879,89.605774,0.013122628,0.0,0.54882,0.29851687
8433,1315.9904,0.0,1088.633,89.60576,0.015449956,0.0,0.5366249,0.298517
8434,1943.7596,0.0,992.32477,89.60578,0.015700936,0.0,0.55555177,0.29851696
8435,1634.9224,0.0,1193.7487,89.60585,0.015864845,0.0,0.5472064,0.2985208
8436,2122.8928,0.0,865.1412,89.60594,0.016791299,0.0,0.5391764,0.29852423
8437,1561.1268,0.0,884.24524,89.60599,0.01546746,0.0,0.5512078,0.2985332
8438,2549.5896,0.0,1388.5863,89.60606,0.016759269,0.0,0.5832442,0.2985413
8439,2347.9985,0.0,1685.4269,89.60603,0.01513445,0.0,0.5522157,0.29854852
8440,2183.8608,0.0,1299.0908,89.606125,0.019746184,0.0,0.5960002,0.29855496
8441,1488.218,0.0,1083.9935,89.60618,0.018586194,0.0,0.5984182,0.29855946
8442,1863.0432,0.0,1063.422,89.60628,0.018646978,0.0,0.53072757,0.29856354
8443,2360.3354,0.0,1023.47864,89.60639,0.01510043,0.0,0.5772838,0.29856706
8444,1826.5311,0.0,945.07544,89.60652,0.015358401,0.0,0.554907,0.2985702
8445,1696.0804,0.0,783.2652,89.60665,0.016036317,0.0,0.57647705,0.29857287
8446,1657.8801,0.0,960.2871,89.60679,0.015770089,0.0,0.52852166,0.2985752
8447,1751.1381,0.0,1521.2539,89.60688,0.014271019,0.0,0.5975199,0.29857716
8448,2190.4949,0.0,1197.5187,89.60694,0.015050754,0.0,0.5523826,0.29857883
8449,1505.2744,0.0,1244.3097,89.60697,0.015726745,0.0,0.5664066,0.29858023
8450,2003.4366,0.0,1336.8881,89.607025,0.015795005,0.0,0.5964838,0.29858142
8451,1957.9913,0.0,918.0247,89.607124,0.015857417,0.0,0.50783515,0.29858288
8452,1500.9004,0.0,1127.1034,89.60725,0.018339992,0.0,0.6077883,0.29858413
8453,1777.6898,0.0,1181.8721,89.60742,0.014426704,0.0,0.59535146,0.29858515
8454,1637.5968,0.0,1176.7426,89.60759,0.016058533,0.0,0.5630652,0.29858592
8455,1824.6284,0.0,1345.4132,89.60773,0.0149750775,0.0,0.58453596,0.29858646
8456,1847.6337,0.0,1108.1464,89.607925,0.016872773,0.0,0.5754086,0.29858688
8457,1570.6729,0.0,1098.8018,89.608055,0.012526515,0.0,0.5681274,0.29858708
8458,1602.7505,0.0,1297.376,89.60823,0.013218242,0.0,0.5920183,0.29858714
8459,1881.7644,0.0,1139.2253,89.60838,0.014794929,0.0,0.54852575,0.29858705
8460,1596.5928,0.0,1087.4403,89.60851,0.013163402,0.0,0.5694512,0.2985868
8461,1648.6693,0.0,755.85535,89.608635,0.017336272,0.0,0.589015,0.2985865
8462,1625.1058,0.0,985.59375,89.60874,0.016850442,0.0,0.56376576,0.29858604
8463,1881.9067,0.0,1025.4498,89.60887,0.016815033,0.0,0.5683204,0.2985858
8464,1615.3583,0.0,1160.2068,89.60896,0.01869291,0.0,0.5279314,0.29858547
8465,1412.457,0.0,1046.0627,89.609055,0.013171548,0.0,0.5820936,0.29858506
8466,1996.0244,0.0,1107.7489,89.60913,0.015173199,0.0,0.5840709,0.29858452
8467,1727.6664,0.0,1223.3646,89.60923,0.014386947,0.0,0.5969737,0.29858392
8468,2023.3998,0.0,1153.4456,89.60934,0.017140824,0.0,0.58579504,0.29858324
8469,1859.9565,0.0,884.6807,89.60941,0.012033381,0.0,0.55886793,0.2985825
8470,3054.467,0.0,973.7732,89.60944,0.017034443,0.0,0.5443586,0.29858178
8471,1990.5568,0.0,1084.9302,89.609474,0.01824519,0.0,0.5591477,0.29859674
8472,1943.9299,0.0,991.44257,89.60949,0.016660333,0.0,0.537461,0.2986102
8473,1412.1259,0.0,1043.6671,89.60953,0.014123097,0.0,0.5503526,0.29862353
8474,1815.0206,0.0,1394.7316,89.60951,0.016701227,0.0,0.5239053,0.29863548
8475,1998.382,0.0,960.8345,89.60946,0.015475298,0.0,0.5426724,0.2986462
8476,1864.2914,0.0,1195.0432,89.60939,0.013844083,0.0,0.5386094,0.2986558
8477,2145.5823,0.0,1186.0532,89.60939,0.01699053,0.0,0.6109892,0.29866433
8478,1598.4208,0.0,1328.9536,89.60939,0.01827117,0.0,0.60286105,0.2986761
8479,1785.8148,0.0,1351.4708,89.60936,0.013847681,0.0,0.6051016,0.29868144
8480,1684.2999,0.0,1085.8468,89.609344,0.019096531,0.0,0.5950903,0.29868618
8481,1835.0039,0.0,1107.6453,89.60931,0.016512882,0.0,0.5501722,0.29869044
8482,1901.6338,0.0,1041.4928,89.60925,0.018669065,0.0,0.5720896,0.29869422
8483,2270.653,0.0,1185.0945,89.60915,0.019342734,0.0,0.56735784,0.2986975
8484,1714.5192,0.0,1277.8713,89.60907,0.022493273,0.0,0.5785936,0.29870036
8485,2164.2827,0.0,1285.0713,89.60899,0.017179288,0.0,0.5618756,0.2987029
8486,1771.3959,0.0,1435.1572,89.60887,0.016364634,0.0,0.5909094,0.298705
8487,1418.4016,0.0,1232.3151,89.60875,0.015048459,0.0,0.58760726,0.2987068
8488,1888.1525,0.0,1063.7401,89.608665,0.017099341,0.0,0.6258358,0.29870832
8489,2385.6165,0.0,955.55206,89.60863,0.017591897,0.0,0.5261466,0.29870954
8490,1498.701,0.0,1190.0148,89.60859,0.019045897,0.0,0.5529549,0.29871053
8491,1922.6392,0.0,1075.8094,89.608574,0.016541947,0.0,0.5826608,0.2987113
8492,1935.7744,0.0,1286.4894,89.60859,0.017790455,0.0,0.5367389,0.2987119
8493,2027.5958,0.0,1184.6781,89.608604,0.016430514,0.0,0.56904674,0.29871225
8494,1933.3607,0.0,875.31274,89.60866,0.015902972,0.0,0.5358857,0.29872003
8495,2101.5635,0.0,1214.3577,89.60872,0.016651928,0.0,0.5940737,0.29872748
8496,1364.6058,0.0,1025.5779,89.608795,0.018801123,0.0,0.58588666,0.29873413
8497,1798.001,0.0,968.6082,89.60886,0.014970072,0.0,0.5785233,0.29874036
8498,2216.9595,0.0,1123.5753,89.608955,0.019806143,0.0,0.5836469,0.29874587
8499,1598.696,0.0,1525.3518,89.609024,0.0143823875,0.0,0.5032358,0.2987507
8500,2304.437,0.0,1394.6776,89.60911,0.022600716,0.0,0.54822177,0.29875493
8501,1502.5767,0.0,1200.0287,89.60921,0.014203645,0.0,0.5986946,0.2987587
8502,1940.9602,0.0,984.5013,89.60925,0.01781581,0.0,0.571481,0.29876187
8503,1088.4463,0.0,1017.3867,89.60932,0.01659441,0.0,0.58643925,0.29876462
8504,1439.2988,0.0,1405.168,89.60939,0.018731983,0.0,0.49206623,0.29876894
8505,1515.9896,0.0,856.6518,89.60943,0.01695203,0.0,0.5900119,0.2987842
8506,1765.5543,0.0,1150.8268,89.60947,0.014543032,0.0,0.5633707,0.2987983
8507,1723.0396,0.0,1045.1294,89.60952,0.0152989905,0.0,0.5171122,0.29881123
8508,1936.9364,0.0,1547.4081,89.60954,0.015594557,0.0,0.5876748,0.29882315
8509,1349.4088,0.0,878.5595,89.609535,0.017445324,0.0,0.5568924,0.29883385
8510,2156.95,0.0,1186.0643,89.609566,0.017396182,0.0,0.5656833,0.29884365
8511,1743.3088,0.0,1310.0071,89.60961,0.013502559,0.0,0.5467253,0.2988524
8512,1488.136,0.0,1231.5448,89.60969,0.017221238,0.0,0.583356,0.29886043
8513,1293.8206,0.0,786.598,89.6098,0.016207516,0.0,0.5514004,0.29886758
8514,1312.7125,0.0,1441.2297,89.60991,0.019568779,0.0,0.5332823,0.29887393
8515,1924.9288,0.0,1237.4175,89.61002,0.014509596,0.0,0.53964853,0.29887965
8516,1560.7786,0.0,1344.4191,89.610176,0.016675767,0.0,0.5866027,0.29888472
8517,1974.4738,0.0,847.3246,89.61032,0.0175902,0.0,0.5408187,0.2988892
8518,1977.0133,0.0,1087.2765,89.610466,0.014363509,0.0,0.5531575,0.2988931
8519,1636.8823,0.0,1197.0625,89.61062,0.013497206,0.0,0.5511913,0.29889652
8520,1752.2706,0.0,1045.2505,89.61079,0.017378975,0.0,0.52167875,0.2988995
8521,1640.3015,0.0,1151.1781,89.61094,0.020170055,0.0,0.5728224,0.29890206
8522,1664.6997,0.0,1096.8099,89.61105,0.017357398,0.0,0.5855175,0.2989043
8523,1752.2974,0.0,1602.1833,89.61114,0.015212386,0.0,0.5409272,0.29890618
8524,1437.6356,0.0,1114.796,89.61122,0.014943045,0.0,0.50856227,0.29890776
8525,1608.9674,0.0,1061.0979,89.6113,0.016227577,0.0,0.54029465,0.29890904
8526,2153.4578,0.0,1087.3724,89.61131,0.018811632,0.0,0.55078053,0.29891327
8527,1573.6787,0.0,1040.701,89.611336,0.018763684,0.0,0.5511757,0.29891697
8528,2062.9468,0.0,1199.2999,89.61136,0.015160738,0.0,0.51598895,0.29892015
8529,2171.5356,0.0,1130.3536,89.611404,0.01693057,0.0,0.5727279,0.29891768
8530,1855.8271,0.0,1292.4698,89.611435,0.016976397,0.0,0.5745858,0.2989155
8531,1521.3511,0.0,925.11285,89.61147,0.0150701245,0.0,0.5859143,0.29891357
8532,1742.2222,0.0,1230.3456,89.61147,0.015265061,0.0,0.5768795,0.29891145
8533,1897.3787,0.0,1106.7148,89.61149,0.017611433,0.0,0.5913832,0.29890952
8534,1949.8469,0.0,1021.9095,89.61147,0.01413774,0.0,0.60318613,0.29890785
8535,1344.5684,0.0,1124.3073,89.61151,0.012865281,0.0,0.58446634,0.2989062
8536,1366.1552,0.0,1057.9015,89.61156,0.016337506,0.0,0.5875947,0.29890466
8537,1792.3927,0.0,1169.4204,89.611534,0.014788054,0.0,0.5700673,0.29890323
8538,1253.2893,0.0,863.25885,89.61155,0.019078316,0.0,0.58287764,0.2989018
8539,1984.6498,0.0,1161.7969,89.61155,0.014441153,0.0,0.5350122,0.29890046
8540,1577.5979,0.0,1135.4056,89.611565,0.01634864,0.0,0.55687106,0.2988991
8541,2476.1848,0.0,1119.5615,89.611595,0.017357964,0.0,0.56034994,0.29890043
8542,2187.1143,0.0,1014.6396,89.611626,0.01428251,0.0,0.5923134,0.2989016
8543,2133.8262,0.0,1136.111,89.61161,0.01512593,0.0,0.566461,0.29890254
8544,2275.2583,0.0,780.9822,89.611565,0.015871678,0.0,0.5758095,0.29890332
8545,2492.4417,0.0,900.1656,89.611565,0.01504053,0.0,0.55981994,0.2989039
8546,2303.3503,0.0,1003.54645,89.6116,0.013059815,0.0,0.5535026,0.29890436
8547,1296.8505,0.0,1190.9979,89.6116,0.015580806,0.0,0.57662606,0.29890466
8548,2237.7947,0.0,1130.6191,89.61165,0.019014956,0.0,0.54739535,0.2989048
8549,1812.2931,0.0,1261.2942,89.61163,0.014559685,0.0,0.54389524,0.29890484
8550,1505.8744,0.0,1403.0662,89.61163,0.018089984,0.0,0.59814537,0.29890472
8551,2084.136,0.0,1112.7485,89.61167,0.016258998,0.0,0.5614714,0.29890454
8552,2296.937,0.0,824.50183,89.61172,0.014172077,0.0,0.5483066,0.29890424
8553,1530.9353,0.0,996.3765,89.61177,0.016806267,0.0,0.55284524,0.29890382
8554,1824.3503,0.0,1238.0281,89.61177,0.014624236,0.0,0.56715393,0.29890338
8555,1906.9229,0.0,1178.3604,89.61176,0.01733193,0.0,0.60227793,0.29890275
8556,1884.0145,0.0,1159.8964,89.61175,0.016841436,0.0,0.5637493,0.29890212
8557,1469.5057,0.0,1463.9039,89.61173,0.01271395,0.0,0.542037,0.2989014
8558,1732.4573,0.0,1050.8214,89.61167,0.017565718,0.0,0.6023756,0.29889646
8559,1672.7354,0.0,922.51105,89.61161,0.017193805,0.0,0.51853544,0.29889196
8560,2094.2952,0.0,944.70465,89.611534,0.017102316,0.0,0.62020755,0.29888782
8561,1482.5519,0.0,1345.5446,89.6115,0.014342549,0.0,0.5584674,0.298884
8562,2664.4888,0.0,1078.6611,89.61149,0.014736201,0.0,0.5481617,0.29888043
8563,1438.3737,0.0,984.4945,89.611496,0.013984161,0.0,0.5201098,0.29887715
8564,1630.2781,0.0,1258.3168,89.6115,0.014049256,0.0,0.5805268,0.29887405
8565,1533.4391,0.0,972.8767,89.61156,0.014782043,0.0,0.5646238,0.29886693
8566,1860.5365,0.0,1256.2997,89.61161,0.014472856,0.0,0.5898845,0.2988604
8567,1736.6179,0.0,1042.1316,89.61171,0.014810039,0.0,0.5806638,0.2988544
8568,1604.0835,0.0,1127.5536,89.61176,0.01484748,0.0,0.5869893,0.2988489
8569,1838.9099,0.0,1294.7172,89.61182,0.014951183,0.0,0.5900893,0.29884386
8570,1522.4531,0.0,1217.3464,89.611885,0.0155770555,0.0,0.5617075,0.2988392
8571,2053.3113,0.0,1127.4784,89.61197,0.014605029,0.0,0.55437243,0.29883492
8572,1516.1295,0.0,1422.9481,89.61208,0.014776997,0.0,0.59368575,0.2988309
8573,2098.605,0.0,1725.55,89.61215,0.015924847,0.0,0.5770938,0.29882717
8574,1408.605,0.0,984.9513,89.61224,0.019520577,0.0,0.5791434,0.29882368
8575,1671.2627,0.0,1370.7153,89.61234,0.014749581,0.0,0.53399515,0.29882044
8576,1149.2057,0.0,1018.84973,89.612495,0.014314266,0.0,0.54009306,0.2988173
8577,1713.7325,0.0,903.68304,89.612625,0.014242939,0.0,0.5581088,0.29881445
8578,1691.733,0.0,1121.7671,89.61273,0.015476553,0.0,0.60998154,0.29880992
8579,1896.8488,0.0,1158.7502,89.61283,0.015313221,0.0,0.54531825,0.29880574
8580,1975.7946,0.0,990.96655,89.61292,0.014569221,0.0,0.5531173,0.29880193
8581,1841.1514,0.0,858.4182,89.61292,0.016348353,0.0,0.51198906,0.29879838
8582,1961.1204,0.0,1174.4789,89.61292,0.0140098985,0.0,0.5670389,0.29879504
8583,1651.7133,0.0,935.4735,89.61297,0.015041634,0.0,0.5479381,0.2987849
8584,2275.5625,0.0,1122.4213,89.613,0.016891021,0.0,0.5634084,0.2987757
8585,2126.5354,0.0,1136.6062,89.61306,0.011433883,0.0,0.5657307,0.29876584
8586,2457.3604,0.0,1265.9481,89.61314,0.01542069,0.0,0.56150776,0.29875684
8587,1813.3906,0.0,804.9664,89.61318,0.011958525,0.0,0.53458637,0.2987486
8588,1537.9368,0.0,962.3117,89.613205,0.017106183,0.0,0.5693514,0.2987411
8589,1813.14,0.0,1113.7468,89.61325,0.0139993075,0.0,0.5873898,0.29873428
8590,1697.6362,0.0,1039.0336,89.61329,0.018371578,0.0,0.55164284,0.29872793
8591,1642.8196,0.0,881.3289,89.6133,0.01636446,0.0,0.55138814,0.298722
8592,1595.8098,0.0,1045.5288,89.61336,0.02079927,0.0,0.57528186,0.29871663
8593,1338.7299,0.0,844.10657,89.6134,0.016579265,0.0,0.60162574,0.2987117
8594,1563.4857,0.0,1494.6174,89.61347,0.019670945,0.0,0.5742619,0.29870737
8595,1273.4274,0.0,1318.7258,89.613495,0.015411693,0.0,0.56627464,0.29870334
8596,2176.2556,0.0,793.1569,89.61355,0.014119001,0.0,0.5853877,0.2986996
8597,1981.6669,0.0,1020.97797,89.61358,0.018436626,0.0,0.59805864,0.29869607
8598,1763.4878,0.0,874.78644,89.61365,0.019229397,0.0,0.6433269,0.29869875
8599,1606.2318,0.0,1133.1536,89.613686,0.014329687,0.0,0.5540775,0.29870102
8600,1678.1113,0.0,992.88983,89.61374,0.017409934,0.0,0.5634176,0.298703
8601,1324.1409,0.0,1398.0717,89.613785,0.014590872,0.0,0.61059296,0.2987047
8602,1776.9224,0.0,783.3346,89.61386,0.013926442,0.0,0.5528604,0.29870617
8603,1763.2507,0.0,1323.431,89.61392,0.016372003,0.0,0.6210577,0.2987074
8604,1880.1953,0.0,920.2027,89.61402,0.016527116,0.0,0.5605528,0.29870835
8605,2143.1072,0.0,919.55225,89.614105,0.015736137,0.0,0.61635625,0.29870912
8606,2145.6228,0.0,1200.4727,89.61418,0.014390489,0.0,0.5726488,0.2987097
8607,1673.7119,0.0,1233.2108,89.614265,0.015290621,0.0,0.55318135,0.29871002
8608,2477.4578,0.0,714.73755,89.61434,0.019288015,0.0,0.53498995,0.29871032
8609,2048.5793,0.0,1416.3485,89.61438,0.015453219,0.0,0.56599516,0.29871038
8610,2039.9226,0.0,1218.8123,89.61451,0.018074455,0.0,0.5788774,0.29871035
8611,1566.4414,0.0,839.198,89.614586,0.013472682,0.0,0.6098026,0.29871017
8612,1907.4155,0.0,1052.5336,89.61464,0.014542477,0.0,0.55228853,0.29870987
8613,1579.3357,0.0,979.5602,89.61469,0.015744245,0.0,0.560305,0.29870948
8614,1758.474,0.0,1001.43085,89.61475,0.014028634,0.0,0.5583301,0.29870903
8615,1733.3899,0.0,890.37177,89.6148,0.017345294,0.0,0.57002413,0.29870847
8616,2009.4476,0.0,1011.56366,89.61486,0.016975809,0.0,0.54207957,0.2987078
8617,1662.5665,0.0,812.3414,89.61492,0.014376048,0.0,0.54904044,0.29870716
8618,1632.1716,0.0,985.2208,89.61497,0.017093081,0.0,0.5466031,0.2987064
8619,1638.8237,0.0,1104.3315,89.61505,0.012916538,0.0,0.5735278,0.29870626
8620,1840.4943,0.0,939.00415,89.615166,0.017832879,0.0,0.5269327,0.29870602
8621,1918.8457,0.0,1668.2925,89.615265,0.020021014,0.0,0.5441358,0.29870567
8622,1261.5223,0.0,1375.1414,89.61537,0.013164366,0.0,0.57442224,0.29870516
8623,1476.2583,0.0,1960.4977,89.61546,0.017042188,0.0,0.542917,0.29870462
8624,1945.1508,0.0,986.99725,89.61551,0.017741166,0.0,0.564034,0.29870406
8625,1775.7805,0.0,1046.3779,89.61556,0.015828192,0.0,0.57894194,0.29870337
8626,1579.466,0.0,1154.5356,89.615585,0.016060889,0.0,0.57400954,0.29870266
8627,1965.9893,0.0,1176.8015,89.61564,0.016051566,0.0,0.5210545,0.29870185
8628,2264.0352,0.0,824.9612,89.61562,0.016313791,0.0,0.5697016,0.29870102
8629,1714.7875,0.0,771.98486,89.615616,0.01660206,0.0,0.60407966,0.2986997
8630,2224.0532,0.0,1301.8334,89.615654,0.014991507,0.0,0.5464746,0.29869846
8631,2048.3694,0.0,1504.5254,89.61568,0.018829506,0.0,0.58638513,0.2986973
8632,2187.2454,0.0,707.3596,89.61576,0.016570665,0.0,0.56796825,0.29869613
8633,1357.7758,0.0,882.40265,89.61586,0.015892327,0.0,0.5875832,0.29869506
8634,2051.3403,0.0,1089.683,89.615944,0.013507724,0.0,0.5593032,0.29869404
8635,1981.9742,0.0,867.1065,89.616,0.017157767,0.0,0.5744582,0.298693
8636,1390.9746,0.0,769.52795,89.61608,0.01430733,0.0,0.54886955,0.298692
8637,2122.1277,0.0,1030.1924,89.61612,0.018049581,0.0,0.5660952,0.29869398
8638,1815.5238,0.0,926.0582,89.61616,0.014383662,0.0,0.58517283,0.29869574
8639,1599.0226,0.0,1024.4602,89.6162,0.019596774,0.0,0.57713306,0.29869717
8640,1583.4779,0.0,1056.9109,89.61626,0.014170915,0.0,0.5694172,0.29869846
8641,1629.7648,0.0,924.17834,89.61629,0.016593216,0.0,0.56264246,0.29869944
8642,1356.4786,0.0,1248.3909,89.616356,0.017109571,0.0,0.60968447,0.29870015
8643,1837.4594,0.0,984.53046,89.61646,0.014485079,0.0,0.5584053,0.2987007
8644,1502.7976,0.0,1003.6224,89.616554,0.01743636,0.0,0.5749497,0.29870105
8645,1694.2007,0.0,862.3971,89.61663,0.01515248,0.0,0.59137714,0.29871568
8646,1282.6198,0.0,1057.1807,89.61667,0.0161271,0.0,0.546464,0.2987289
8647,1793.2153,0.0,966.3892,89.61676,0.01652126,0.0,0.5368396,0.2987408
8648,1840.8345,0.0,1176.6143,89.61687,0.013102792,0.0,0.5512326,0.2987517
8649,1880.1537,0.0,953.8939,89.616974,0.012980232,0.0,0.5672639,0.29876152
8650,1342.4896,0.0,872.3286,89.61707,0.018860089,0.0,0.5800917,0.29876924
8651,1568.1838,0.0,996.7564,89.617165,0.013426088,0.0,0.5518857,0.29877618
8652,1753.1018,0.0,1011.5648,89.61723,0.016517304,0.0,0.5724361,0.29878235
8653,1427.8796,0.0,1453.4285,89.617294,0.015048757,0.0,0.55330986,0.29878438
8654,1920.3422,0.0,1055.793,89.61737,0.016865445,0.0,0.5909988,0.29878628
8655,1588.8702,0.0,922.8357,89.617424,0.015064528,0.0,0.59934825,0.29878798
8656,1644.8357,0.0,1197.5802,89.61749,0.012703333,0.0,0.600054,0.29878947
8657,1542.0419,0.0,1336.3633,89.61758,0.013585994,0.0,0.5245112,0.2987899
8658,1635.7479,0.0,1222.324,89.61764,0.017106421,0.0,0.5579445,0.29879016
8659,1719.3656,0.0,1223.5071,89.61765,0.015809055,0.0,0.5450682,0.29879037
8660,2155.8162,0.0,836.4484,89.617645,0.015004414,0.0,0.5752515,0.2987905
8661,1594.887,0.0,1106.5234,89.61766,0.017793693,0.0,0.61018455,0.2987905
8662,1504.3729,0.0,1321.5465,89.61771,0.0143631585,0.0,0.5449414,0.29879043
8663,1617.8575,0.0,1051.344,89.61773,0.018867854,0.0,0.5899428,0.29879028
8664,1637.554,0.0,1314.2081,89.61772,0.014316278,0.0,0.54405177,0.29879
8665,2266.1672,0.0,1305.6638,89.61777,0.01772841,0.0,0.58269405,0.29878965
8666,1938.5857,0.0,1386.7491,89.6178,0.015876789,0.0,0.55350894,0.29878923
8667,1874.5393,0.0,1165.8453,89.61782,0.014484672,0.0,0.6030715,0.2987888
8668,1723.5602,0.0,1226.073,89.61784,0.014685821,0.0,0.5641293,0.29878822
8669,1864.7426,0.0,1246.3748,89.61781,0.015221015,0.0,0.5207752,0.29878756
8670,1412.6862,0.0,1121.643,89.61778,0.016478842,0.0,0.57146883,0.29878685
8671,1659.8403,0.0,1263.3805,89.61773,0.016747229,0.0,0.5867706,0.2987861
8672,1751.6625,0.0,953.6298,89.61765,0.016823426,0.0,0.5932586,0.2987853
8673,2107.6465,0.0,931.572,89.61758,0.016490187,0.0,0.5449285,0.29878443
8674,1219.6244,0.0,1036.1932,89.6175,0.0131452335,0.0,0.5864973,0.29878354
8675,1175.6815,0.0,973.3392,89.61742,0.012053999,0.0,0.53797,0.2987826
8676,1908.8373,0.0,984.39465,89.617355,0.017574936,0.0,0.5756903,0.29878163
8677,1596.6725,0.0,1275.5482,89.61728,0.01812198,0.0,0.5417581,0.29877657
8678,1482.3024,0.0,928.54126,89.617256,0.0119622825,0.0,0.5953171,0.29877204
8679,2149.0725,0.0,991.6992,89.61722,0.016821802,0.0,0.55758744,0.29876798
8680,1936.7218,0.0,1165.5924,89.6172,0.015760288,0.0,0.58360946,0.29876426
8681,1261.046,0.0,912.54205,89.61721,0.016690534,0.0,0.5651795,0.29876092
8682,1919.7831,0.0,1308.1924,89.61722,0.013229266,0.0,0.5475018,0.29875782
8683,1743.3876,0.0,1794.2603,89.617226,0.015864149,0.0,0.57200515,0.29875493
8684,1528.0627,0.0,1063.3528,89.61719,0.018979806,0.0,0.53709066,0.2987523
8685,2083.5083,0.0,1009.9138,89.61716,0.021950599,0.0,0.5757567,0.2987498
8686,1998.7805,0.0,771.6276,89.61716,0.016111093,0.0,0.5589446,0.2987478
8687,1620.3812,0.0,1012.3505,89.617134,0.014644284,0.0,0.5407107,0.298746
8688,1349.1183,0.0,1036.3624,89.61714,0.017516954,0.0,0.59056246,0.2987442
8689,1483.0104,0.0,1154.9935,89.617096,0.01669002,0.0,0.5928823,0.2987425
8690,2182.4917,0.0,893.3547,89.61707,0.01610184,0.0,0.5407723,0.2987408
8691,2774.9375,0.0,1049.8943,89.61702,0.019176086,0.0,0.5556948,0.29873928
8692,2322.3953,0.0,1434.2448,89.61698,0.017970644,0.0,0.53454185,0.29873773
8693,1468.827,0.0,1075.7726,89.61701,0.012493107,0.0,0.5560242,0.29873598
8694,2408.192,0.0,1158.7622,89.61704,0.014266256,0.0,0.56881136,0.29873437
8695,1433.1234,0.0,1243.1284,89.61711,0.015177868,0.0,0.6101798,0.29873285
8696,1626.8755,0.0,972.8974,89.61721,0.014426882,0.0,0.5446415,0.29873133
8697,1284.6565,0.0,1233.4406,89.61731,0.019901766,0.0,0.56776804,0.29872993
8698,1630.5834,0.0,1185.3373,89.61739,0.017701773,0.0,0.5433288,0.29872856
8699,1615.9049,0.0,1384.1473,89.61746,0.012967329,0.0,0.5503328,0.2987272
8700,1708.1847,0.0,1263.0076,89.61751,0.016292237,0.0,0.5705542,0.29872596
8701,1591.5392,0.0,915.31805,89.61755,0.015398212,0.0,0.552448,0.2987247
8702,2259.859,0.0,1053.924,89.61766,0.01967729,0.0,0.5567621,0.2987234
8703,1368.2872,0.0,1359.9506,89.617775,0.015799064,0.0,0.59149873,0.29872215
8704,1901.8411,0.0,1086.2853,89.617874,0.015885083,0.0,0.5547379,0.2987209
8705,2464.8313,0.0,1450.8219,89.61794,0.014122597,0.0,0.5531456,0.29871967
8706,1270.7925,0.0,992.1039,89.61801,0.013405183,0.0,0.56885195,0.29871836
8707,1561.4667,0.0,792.654,89.61807,0.015936472,0.0,0.5662657,0.29871738
8708,1937.1086,0.0,1306.4679,89.61813,0.015799243,0.0,0.59477115,0.29871634
8709,2319.324,0.0,1093.7416,89.618195,0.016621951,0.0,0.55496633,0.29871523
8710,2293.5176,0.0,1398.736,89.61827,0.016576964,0.0,0.5924841,0.29871413
8711,1632.8651,0.0,1122.2522,89.61833,0.017032407,0.0,0.59390634,0.29871303
8712,1546.1069,0.0,1261.6001,89.618385,0.018096762,0.0,0.55891395,0.29871196
8713,1853.3745,0.0,1011.7769,89.61845,0.014800927,0.0,0.58490026,0.29871076
8714,1705.5137,0.0,1417.3265,89.61849,0.014278311,0.0,0.5136324,0.29870957
8715,1660.906,0.0,1284.0127,89.61852,0.018193817,0.0,0.5640466,0.29870844
8716,1874.6843,0.0,1045.4033,89.61859,0.016906265,0.0,0.5940639,0.29870722
8717,2292.346,0.0,1145.8049,89.618614,0.015798165,0.0,0.5845074,0.29870605
8718,1234.224,0.0,1200.3911,89.618645,0.015279204,0.0,0.5956723,0.2987048
8719,1255.8589,0.0,962.41785,89.61864,0.0153046725,0.0,0.57914686,0.29870564
8720,1410.9846,0.0,1306.6516,89.61865,0.014924693,0.0,0.5977473,0.2987062
8721,1448.6161,0.0,1117.8372,89.61864,0.013788998,0.0,0.56469655,0.29870653
8722,1659.8457,0.0,1143.1378,89.618645,0.013217835,0.0,0.5469772,0.29870677
8723,1875.751,0.0,1110.4622,89.61864,0.015765194,0.0,0.550003,0.29870692
8724,2406.6753,0.0,1118.8705,89.61865,0.015036922,0.0,0.62702435,0.2987069
8725,1899.5803,0.0,879.0392,89.618706,0.013980478,0.0,0.5216285,0.29870674
8726,1692.4977,0.0,1204.5721,89.61882,0.012908961,0.0,0.5299398,0.29870653
8727,1504.9225,0.0,1180.0403,89.61896,0.015834395,0.0,0.56565285,0.29870617
8728,1508.7865,0.0,952.7535,89.61912,0.013446504,0.0,0.59274995,0.29870576
8729,1631.8827,0.0,882.9167,89.61929,0.014195122,0.0,0.6093638,0.29870522
8730,2083.7952,0.0,1323.2958,89.61945,0.01838842,0.0,0.5711484,0.29870462
8731,1652.8342,0.0,1000.33844,89.61961,0.01480679,0.0,0.5546757,0.29870415
8732,1837.1388,0.0,935.0601,89.61976,0.013511941,0.0,0.59996694,0.29870117
8733,1226.9003,0.0,1169.4781,89.61987,0.01757178,0.0,0.59604716,0.29869848
8734,1482.017,0.0,809.03534,89.61997,0.015226452,0.0,0.5917209,0.2986959
8735,2000.1724,0.0,1253.074,89.6201,0.016071556,0.0,0.5243408,0.29869345
8736,2048.643,0.0,1209.2289,89.62024,0.013702857,0.0,0.58305395,0.29869118
8737,1160.3492,0.0,1074.2526,89.62041,0.017118607,0.0,0.55629194,0.298689
8738,1805.005,0.0,1275.3492,89.620544,0.02073557,0.0,0.5568621,0.29868692
8739,1587.9081,0.0,1292.2664,89.6207,0.016956903,0.0,0.5486506,0.29868636
8740,1558.254,0.0,1250.3817,89.62087,0.019504644,0.0,0.5599796,0.2986856
8741,1660.397,0.0,943.657,89.62108,0.015944427,0.0,0.5863621,0.2986849
8742,1911.6171,0.0,1393.7566,89.62127,0.021331972,0.0,0.5926763,0.2986841
8743,2090.7756,0.0,1127.1729,89.62148,0.01431696,0.0,0.5986064,0.29868326
8744,1770.6874,0.0,1305.3856,89.6217,0.013964012,0.0,0.54343116,0.29868245
8745,2053.8286,0.0,1186.8467,89.62189,0.016715843,0.0,0.58425725,0.29868153
8746,1555.7566,0.0,920.3701,89.622055,0.01840426,0.0,0.53320146,0.29866424
8747,1898.2089,0.0,1195.8118,89.62224,0.018053243,0.0,0.55099523,0.29864872
8748,2375.9968,0.0,948.218,89.62241,0.013679716,0.0,0.54608047,0.29863483
8749,2393.1636,0.0,975.23724,89.62258,0.016777089,0.0,0.5072204,0.29862237
8750,1963.0494,0.0,1309.662,89.62275,0.017302077,0.0,0.54255646,0.29861113
8751,1801.4026,0.0,1218.8899,89.6229,0.016131263,0.0,0.53565377,0.298601
8752,1729.7715,0.0,1358.9065,89.62306,0.01774202,0.0,0.6047464,0.29859188
8753,1407.974,0.0,1645.8624,89.623215,0.015596054,0.0,0.5555042,0.2985835
8754,1754.393,0.0,1267.171,89.6233,0.016428042,0.0,0.60892713,0.29857594
8755,1686.6747,0.0,1010.16797,89.62336,0.013945485,0.0,0.5624958,0.29856905
8756,1746.7573,0.0,983.7539,89.623436,0.013137501,0.0,0.57781756,0.29856274
8757,1642.7888,0.0,1462.0336,89.62349,0.014207989,0.0,0.56151545,0.29855692
8758,1480.9249,0.0,1014.3911,89.62352,0.016471416,0.0,0.6051793,0.29855156
8759,1644.7035,0.0,1363.6707,89.62357,0.014384138,0.0,0.5982497,0.29854664
8760,1719.641,0.0,1101.9883,89.62357,0.017684318,0.0,0.56487846,0.29854208
8761,1958.4568,0.0,813.4156,89.62362,0.016861014,0.0,0.5689195,0.29853785
8762,2136.6047,0.0,1120.2648,89.62364,0.016094059,0.0,0.5547997,0.29853395
8763,1705.9636,0.0,1096.1696,89.623695,0.012366722,0.0,0.5499706,0.2985303
8764,1947.5908,0.0,1367.0988,89.62373,0.017665513,0.0,0.5495855,0.29852688
8765,1805.5927,0.0,1147.5482,89.62379,0.01807703,0.0,0.54135656,0.29852372
8766,1570.7493,0.0,860.32184,89.62395,0.017887954,0.0,0.57542914,0.2985207
8767,1940.5823,0.0,1092.7408,89.624084,0.017523661,0.0,0.58147144,0.29851788
8768,1697.5936,0.0,941.39215,89.62426,0.018771742,0.0,0.57617944,0.2985152
8769,2298.7397,0.0,962.1638,89.624435,0.014310962,0.0,0.54648304,0.2985127
8770,1800.9484,0.0,1311.8391,89.62461,0.015599808,0.0,0.5742163,0.29851022
8771,2146.3342,0.0,980.4129,89.62481,0.01406111,0.0,0.55379725,0.29850796
8772,1961.5538,0.0,955.3863,89.625015,0.013990557,0.0,0.58483493,0.29850578
8773,1725.4039,0.0,1228.3185,89.62517,0.015339991,0.0,0.5753555,0.29850367
8774,1933.7448,0.0,1203.4546,89.62527,0.01406629,0.0,0.59731644,0.29850164
8775,1924.4939,0.0,1033.6696,89.62537,0.017750358,0.0,0.5555625,0.29849964
8776,3092.9658,0.0,1007.3987,89.62546,0.014173424,0.0,0.6083801,0.29849777
8777,1242.8208,0.0,924.8453,89.62559,0.016684406,0.0,0.5512252,0.29849598
8778,1812.8025,0.0,917.8229,89.62572,0.014008558,0.0,0.59881777,0.29849428
8779,1622.663,0.0,1336.9099,89.62586,0.011901142,0.0,0.571877,0.2984926
8780,1675.3402,0.0,1286.1226,89.625984,0.020208083,0.0,0.5557685,0.29849103
8781,1499.0068,0.0,1414.2882,89.62611,0.012925759,0.0,0.57755184,0.29848945
8782,2283.5256,0.0,1164.6919,89.62623,0.0159229,0.0,0.57530975,0.2984879
8783,1514.7719,0.0,1180.2369,89.62635,0.013482972,0.0,0.5929595,0.29848054
8784,1858.9049,0.0,1349.0842,89.62645,0.015581442,0.0,0.58507526,0.29847378
8785,1606.3888,0.0,819.8833,89.626625,0.014093457,0.0,0.55275726,0.2984677
8786,1932.1875,0.0,967.98413,89.6268,0.013418628,0.0,0.5411937,0.2984731
8787,1256.2216,0.0,926.8668,89.627075,0.015062879,0.0,0.55081713,0.29847792
8788,2631.6077,0.0,1192.8176,89.627304,0.0147302,0.0,0.5462624,0.29848218
8789,1916.4779,0.0,1131.6837,89.6275,0.016411938,0.0,0.5910504,0.29848585
8790,1833.3458,0.0,1170.9419,89.62765,0.013155673,0.0,0.5506601,0.2984891
8791,2132.593,0.0,1009.2112,89.627785,0.014131077,0.0,0.5488334,0.2984919
8792,1455.9172,0.0,1366.7589,89.627884,0.01628492,0.0,0.5544435,0.29849428
8793,2519.9827,0.0,1148.6031,89.627975,0.01426969,0.0,0.5810392,0.29849634
8794,1648.2549,0.0,870.12915,89.62807,0.012159755,0.0,0.55589503,0.29849812
8795,1768.3223,0.0,1010.89557,89.628105,0.01414908,0.0,0.5249819,0.29849958
8796,1564.045,0.0,1147.839,89.628075,0.01771394,0.0,0.5875243,0.29850078
8797,1907.5826,0.0,1134.2573,89.62808,0.017768525,0.0,0.5604335,0.2985017
8798,1694.577,0.0,973.09686,89.62808,0.016435033,0.0,0.5303229,0.29850307
8799,1419.5247,0.0,1040.1864,89.628105,0.014535631,0.0,0.59156984,0.29850414
8800,1597.2347,0.0,1004.51056,89.62816,0.01723527,0.0,0.57982934,0.298505
8801,1506.9618,0.0,1149.4313,89.62817,0.014269523,0.0,0.55142343,0.29850557
8802,2150.5212,0.0,1000.7592,89.62817,0.018616956,0.0,0.56989306,0.29850605
8803,1708.2943,0.0,1232.1857,89.62817,0.014107028,0.0,0.5278666,0.29850632
8804,1746.5562,0.0,1140.6428,89.62819,0.016125012,0.0,0.5840407,0.29850644
8805,2127.2659,0.0,1154.5167,89.62826,0.017133264,0.0,0.58775085,0.2985064
8806,1894.0833,0.0,1255.4164,89.62838,0.014943637,0.0,0.56857604,0.2985063
8807,1649.3047,0.0,1461.8605,89.62853,0.011901192,0.0,0.550857,0.29850602
8808,2070.0864,0.0,1015.10767,89.628654,0.014057333,0.0,0.5260885,0.29850563
8809,2071.8213,0.0,1032.1714,89.62879,0.016013913,0.0,0.49418315,0.2985122
8810,1469.9869,0.0,1263.1569,89.62891,0.016362835,0.0,0.5784308,0.2985182
8811,2396.2864,0.0,1073.7024,89.62898,0.01865583,0.0,0.58486474,0.29852378
8812,1038.2003,0.0,1553.3286,89.62905,0.017039377,0.0,0.54607356,0.298529
8813,1681.3706,0.0,975.7493,89.62908,0.018123237,0.0,0.5562881,0.29853368
8814,1296.048,0.0,1320.5817,89.62912,0.013860835,0.0,0.560243,0.29853803
8815,1828.4097,0.0,1049.7823,89.629135,0.014092844,0.0,0.57643205,0.29854184
8816,1963.2344,0.0,1035.9464,89.62905,0.016382886,0.0,0.5579531,0.29854524
8817,1616.3635,0.0,1258.4846,89.629,0.014428413,0.0,0.629612,0.29854825
8818,1705.3508,0.0,1329.7003,89.62892,0.012193579,0.0,0.61680216,0.29855093
8819,1872.6782,0.0,1301.5773,89.62885,0.014671534,0.0,0.58646584,0.29855323
8820,1570.6652,0.0,1390.5315,89.62876,0.014175686,0.0,0.5530474,0.29855523
8821,1945.8185,0.0,959.42004,89.62867,0.016563294,0.0,0.553913,0.29855695
8822,1811.6243,0.0,1226.831,89.62855,0.016025482,0.0,0.5573478,0.2985584
8823,2528.967,0.0,940.69867,89.6285,0.01513627,0.0,0.5226329,0.29855955
8824,2744.3054,0.0,1175.0828,89.62844,0.017269515,0.0,0.5723616,0.29856053
8825,1747.4751,0.0,1178.7725,89.628395,0.014501864,0.0,0.5200137,0.29856125
8826,2314.6467,0.0,920.4907,89.628365,0.015624783,0.0,0.5326474,0.29856178
8827,2326.051,0.0,1246.2023,89.62834,0.017532669,0.0,0.57392824,0.2985622
8828,1469.7479,0.0,1075.1437,89.62833,0.0150500145,0.0,0.6186194,0.2985624
8829,1744.842,0.0,1058.3851,89.628296,0.014883645,0.0,0.55820346,0.29856253
8830,1954.5221,0.0,1164.0667,89.62824,0.01548263,0.0,0.55415624,0.29856244
8831,2110.7375,0.0,1376.6694,89.62823,0.014195664,0.0,0.57933104,0.29856232
8832,1717.0405,0.0,1355.5724,89.62815,0.016433671,0.0,0.5801277,0.29856205
8833,2015.4497,0.0,1318.9277,89.628105,0.017241491,0.0,0.5883228,0.2985617
8834,1427.9548,0.0,987.7151,89.628075,0.016593805,0.0,0.59746283,0.29856122
8835,2030.4122,0.0,1571.1742,89.62809,0.01390263,0.0,0.570558,0.29856065
8836,1801.332,0.0,1473.5156,89.62809,0.018757282,0.0,0.5512092,0.29856008
8837,2368.1953,0.0,1084.9586,89.62816,0.017464643,0.0,0.54272836,0.2985594
8838,2127.832,0.0,1283.5728,89.62828,0.012600019,0.0,0.56024814,0.29855868
8839,1219.5326,0.0,963.1812,89.62843,0.017210536,0.0,0.59629184,0.2985579
8840,1265.8563,0.0,1624.3422,89.62862,0.014883881,0.0,0.5756271,0.29855704
8841,1242.7532,0.0,1081.6128,89.6288,0.014195669,0.0,0.5570726,0.29855618
8842,1703.3802,0.0,884.3989,89.62888,0.016828727,0.0,0.5822044,0.29855523
8843,1682.3508,0.0,1055.8914,89.62896,0.0137397535,0.0,0.57157254,0.29855424
8844,1320.8024,0.0,789.1181,89.62901,0.017855126,0.0,0.5808896,0.2985533
8845,1938.8525,0.0,1321.9076,89.629036,0.016566424,0.0,0.5892438,0.29855224
8846,1838.8801,0.0,1490.4929,89.62906,0.01418529,0.0,0.5666275,0.2985512
8847,1458.9773,0.0,1035.8175,89.629074,0.01775007,0.0,0.5619111,0.29855013
8848,2319.0015,0.0,911.4181,89.62902,0.018901087,0.0,0.53476644,0.29854915
8849,2633.178,0.0,1354.7909,89.62899,0.014952872,0.0,0.58229995,0.29854813
8850,2012.238,0.0,998.21326,89.629005,0.0136305075,0.0,0.56796277,0.29854706
8851,1370.5094,0.0,1163.1161,89.62903,0.013856265,0.0,0.5889813,0.29854593
8852,1333.8073,0.0,1219.4635,89.62905,0.013818472,0.0,0.56615496,0.29854482
8853,2074.6208,0.0,861.29846,89.62905,0.016092777,0.0,0.53953815,0.29854372
8854,2495.8352,0.0,1189.8698,89.629036,0.015762033,0.0,0.53297293,0.29854447
8855,1264.376,0.0,1302.8599,89.629036,0.016539894,0.0,0.52494144,0.29854497
8856,1955.943,0.0,1733.9144,89.62905,0.017793776,0.0,0.5713481,0.2985453
8857,1647.3557,0.0,1025.9033,89.62905,0.01593243,0.0,0.5443289,0.29854557
8858,2124.613,0.0,1012.5933,89.62912,0.0156131685,0.0,0.61510414,0.29854614
8859,2151.0396,0.0,953.35913,89.62918,0.015221903,0.0,0.56730765,0.29854652
8860,1734.1519,0.0,1194.4132,89.62923,0.015606178,0.0,0.55050606,0.29854673
8861,1458.1794,0.0,1024.7406,89.62927,0.013633686,0.0,0.5477337,0.29854685
8862,1833.5906,0.0,1213.3492,89.629326,0.011914907,0.0,0.562809,0.29854694
8863,2131.9312,0.0,1082.1436,89.629364,0.017960425,0.0,0.51693904,0.29854688
8864,1546.4122,0.0,1227.293,89.62942,0.014622811,0.0,0.55443615,0.29854673
8865,2310.586,0.0,1049.9725,89.62948,0.015038615,0.0,0.565103,0.29854646
8866,2111.2063,0.0,1308.5841,89.629555,0.014193594,0.0,0.55491304,0.29854608
8867,1784.8328,0.0,948.97614,89.62963,0.017616997,0.0,0.57399297,0.2985456
8868,2594.8538,0.0,881.1926,89.62977,0.015201874,0.0,0.5421486,0.29854506
8869,1357.5686,0.0,886.16956,89.62987,0.015306806,0.0,0.585973,0.29854444
8870,1385.9376,0.0,1047.2667,89.62997,0.016627023,0.0,0.55428493,0.29854378
8871,1211.3313,0.0,876.42236,89.630035,0.014454174,0.0,0.5953503,0.298543
8872,1489.2222,0.0,1080.8807,89.63006,0.012774478,0.0,0.58897644,0.2985422
8873,1605.8523,0.0,1046.0482,89.63005,0.018248554,0.0,0.5450603,0.29854134
8874,1356.3992,0.0,1038.4291,89.63001,0.016038543,0.0,0.5409208,0.29854044
8875,1971.4034,0.0,1173.0725,89.629974,0.017797096,0.0,0.58396167,0.29853946
8876,2629.2983,0.0,927.83496,89.62997,0.016766455,0.0,0.5525791,0.2985385
8877,1961.8823,0.0,870.8495,89.63002,0.015111834,0.0,0.5523667,0.2985375
8878,1597.967,0.0,1062.8162,89.630066,0.016758919,0.0,0.59937656,0.29853645
8879,2369.174,0.0,1188.9249,89.63014,0.016849391,0.0,0.56037813,0.29853535
8880,1943.0734,0.0,921.87885,89.63017,0.01510421,0.0,0.6058833,0.29853344
8881,1665.395,0.0,1475.2781,89.6302,0.017534554,0.0,0.52222365,0.29853177
8882,1961.0813,0.0,1046.1047,89.630226,0.013934842,0.0,0.5641326,0.29853034
8883,1830.2994,0.0,1346.671,89.63025,0.015010191,0.0,0.54228187,0.29852897
8884,1327.7523,0.0,918.72504,89.630264,0.0130398795,0.0,0.53209364,0.29852766
8885,1896.7549,0.0,863.4281,89.63031,0.016694998,0.0,0.55942315,0.2985265
8886,2022.9104,0.0,1088.1023,89.63037,0.0130722225,0.0,0.56248343,0.2985234
8887,2496.189,0.0,1601.9773,89.63043,0.01574681,0.0,0.57774466,0.2985206
8888,1596.1671,0.0,1148.2429,89.63049,0.013216245,0.0,0.569024,0.2985171
8889,1570.4438,0.0,1167.5497,89.63054,0.014280322,0.0,0.5565393,0.29851404
8890,2264.8062,0.0,998.557,89.63059,0.017429166,0.0,0.55088913,0.29851127
8891,1939.3518,0.0,975.6829,89.630615,0.014235465,0.0,0.53445905,0.29850885
8892,1651.0007,0.0,1177.7333,89.630684,0.015967641,0.0,0.55890155,0.29850662
8893,1556.1267,0.0,1015.028,89.63077,0.018160649,0.0,0.55203205,0.29850456
8894,1301.0991,0.0,871.97406,89.63085,0.015558149,0.0,0.6186408,0.2985027
8895,1354.9802,0.0,1165.317,89.63084,0.015272747,0.0,0.56292784,0.29850093
8896,1362.5209,0.0,1179.757,89.6309,0.016695121,0.0,0.5586548,0.29849917
8897,2153.7322,0.0,954.56757,89.63095,0.01688155,0.0,0.55913424,0.29849753
8898,1329.0419,0.0,743.70135,89.63102,0.013727849,0.0,0.5157285,0.29849598
8899,1917.3748,0.0,1348.366,89.63112,0.017271444,0.0,0.5503,0.29849446
8900,1776.0131,0.0,1034.3015,89.63119,0.014626427,0.0,0.5809686,0.29849353
8901,1349.0519,0.0,1056.2976,89.631256,0.017399848,0.0,0.5742075,0.29849267
8902,1490.3912,0.0,1084.8019,89.63137,0.014255842,0.0,0.576758,0.29849172
8903,1705.7291,0.0,1475.6859,89.63146,0.01374084,0.0,0.5205197,0.29849073
8904,2157.7087,0.0,1184.8414,89.631546,0.015745461,0.0,0.6039053,0.29848993
8905,2131.3193,0.0,907.36145,89.63165,0.015632618,0.0,0.6055654,0.2984891
8906,1953.8706,0.0,1238.0646,89.63175,0.015473818,0.0,0.5440179,0.2984877
8907,2126.3833,0.0,959.5391,89.63188,0.014375622,0.0,0.5647249,0.29848632
8908,2063.0762,0.0,1183.2412,89.63202,0.013614915,0.0,0.566982,0.29848492
8909,1879.5292,0.0,1151.1903,89.632164,0.015530661,0.0,0.57011396,0.29848358
8910,1440.0607,0.0,848.56824,89.632286,0.013504258,0.0,0.54722273,0.29848227
8911,2757.206,0.0,889.12384,89.63245,0.01690432,0.0,0.5545856,0.29847822
8912,1948.3805,0.0,1125.2156,89.632576,0.012479733,0.0,0.556302,0.29847443
8913,1859.9681,0.0,1186.9932,89.63271,0.0182073,0.0,0.56816226,0.29847017
8914,1931.1868,0.0,1107.8369,89.632904,0.017709136,0.0,0.5683264,0.29846627
8915,1695.8231,0.0,1144.507,89.63307,0.018161697,0.0,0.54008126,0.2984627
8916,1871.966,0.0,1173.7257,89.63324,0.01815778,0.0,0.55182326,0.29845935
8917,1367.3038,0.0,1071.6537,89.63338,0.014499994,0.0,0.5891327,0.2984562
8918,1551.1204,0.0,993.932,89.63346,0.014045969,0.0,0.58037454,0.29845324
8919,1946.648,0.0,1373.462,89.633514,0.016447214,0.0,0.53292847,0.2984505
8920,1697.8516,0.0,1238.0471,89.63355,0.013901986,0.0,0.55370003,0.29844785
8921,2182.0305,0.0,992.0526,89.63357,0.014731347,0.0,0.5241022,0.29844537
8922,1754.2916,0.0,972.2224,89.63361,0.015441775,0.0,0.54902923,0.29844305
8923,1788.2637,0.0,841.75555,89.63369,0.015929047,0.0,0.5646028,0.29844078
8924,2080.2756,0.0,826.1923,89.633766,0.017771114,0.0,0.59157884,0.29843864
8925,2498.8613,0.0,895.94385,89.633865,0.015380781,0.0,0.53826326,0.29842776
8926,1657.5109,0.0,906.0785,89.634,0.013765979,0.0,0.57424474,0.29841828
8927,1856.2693,0.0,1070.4308,89.6342,0.016918771,0.0,0.5856118,0.29840994
8928,2180.194,0.0,1029.4882,89.63442,0.015680552,0.0,0.5058057,0.29840255
8929,1365.7754,0.0,1111.0161,89.634605,0.0173156,0.0,0.5514323,0.29839602
8930,2166.5938,0.0,1099.4276,89.6348,0.015265505,0.0,0.53812456,0.29839015
8931,1802.8175,0.0,857.1148,89.63496,0.017524548,0.0,0.52632296,0.2983849
8932,1903.9392,0.0,1194.2277,89.63506,0.013927205,0.0,0.61638397,0.29838035
8933,1648.5997,0.0,1158.0479,89.63515,0.022212446,0.0,0.5497498,0.2983761
8934,2185.9917,0.0,1025.7355,89.635185,0.017638016,0.0,0.54157674,0.2983723
8935,2406.6245,0.0,1105.5841,89.6352,0.015431762,0.0,0.5681833,0.29836893
8936,1348.6945,0.0,1347.4998,89.635254,0.016067453,0.0,0.5789301,0.2983659
8937,1957.2427,0.0,1673.2124,89.63533,0.016125863,0.0,0.53697455,0.29836303
8938,1466.3838,0.0,878.3809,89.63541,0.015498398,0.0,0.52443784,0.29836038
8939,1654.9612,0.0,910.1511,89.63549,0.017243264,0.0,0.5787869,0.29835787
8940,1740.5574,0.0,1415.3005,89.63555,0.015588401,0.0,0.5352055,0.29835552
8941,1565.066,0.0,1014.36926,89.635544,0.012299786,0.0,0.5609348,0.29835328
8942,1657.8429,0.0,981.635,89.63551,0.01356779,0.0,0.598857,0.29835114
8943,2306.0073,0.0,1050.7476,89.63548,0.012885945,0.0,0.61952466,0.29834914
8944,2078.897,0.0,1128.6382,89.63544,0.017987072,0.0,0.54205656,0.29834715
8945,1062.1304,0.0,1215.5398,89.63544,0.018804047,0.0,0.5649231,0.29834577
8946,1926.9537,0.0,1284.7999,89.6354,0.018221185,0.0,0.5654762,0.29834434
8947,1475.9498,0.0,1212.879,89.63539,0.011044139,0.0,0.52817553,0.298343
8948,1558.4993,0.0,1052.4952,89.63533,0.013591245,0.0,0.6196105,0.2983417
8949,1319.9167,0.0,1331.714,89.63532,0.014950576,0.0,0.5891201,0.29834038
8950,1942.5283,0.0,951.803,89.63533,0.016820773,0.0,0.48073778,0.29833904
8951,1489.4132,0.0,782.79663,89.63534,0.013383347,0.0,0.5162252,0.29833797
8952,2043.3104,0.0,1080.9629,89.63534,0.014090365,0.0,0.54625404,0.29833683
8953,2277.917,0.0,1033.2362,89.635376,0.015268667,0.0,0.5437486,0.2983357
8954,1444.0951,0.0,1504.3564,89.63543,0.011079114,0.0,0.56485367,0.29833466
8955,1769.6755,0.0,1201.2296,89.63545,0.016169963,0.0,0.5545523,0.29833192
8956,2185.3782,0.0,1043.457,89.6355,0.01749525,0.0,0.5921935,0.29832935
8957,2308.1072,0.0,1086.8097,89.6356,0.020504722,0.0,0.57745373,0.29832694
8958,1350.9734,0.0,1170.1549,89.63566,0.017783402,0.0,0.56369156,0.29832467
8959,1371.2358,0.0,1214.6896,89.63566,0.013716815,0.0,0.5603283,0.29832238
8960,1642.111,0.0,903.8603,89.63566,0.014699649,0.0,0.6176506,0.2983203
8961,2422.8813,0.0,1162.3657,89.635605,0.014181076,0.0,0.56944656,0.29831824
8962,1710.3866,0.0,831.01373,89.6355,0.015837742,0.0,0.55469984,0.2983163
8963,2395.8713,0.0,975.85895,89.63539,0.015379543,0.0,0.55615175,0.2983151
8964,2089.3127,0.0,1354.3696,89.635315,0.015281392,0.0,0.5585663,0.29831392
8965,1344.9966,0.0,748.8847,89.635185,0.01458283,0.0,0.554139,0.29831272
8966,1376.9849,0.0,938.82996,89.63506,0.013485728,0.0,0.5499167,0.2983115
8967,1961.8258,0.0,1254.0895,89.63495,0.013706973,0.0,0.5507835,0.29831028
8968,1880.5192,0.0,985.93787,89.63483,0.015655361,0.0,0.5536151,0.2983098
8969,1746.9625,0.0,1130.9606,89.634735,0.012583157,0.0,0.54688734,0.29830936
8970,1657.496,0.0,907.8369,89.634605,0.013980648,0.0,0.5775354,0.2983088
8971,1456.1497,0.0,1021.22815,89.63457,0.013747906,0.0,0.60050094,0.29830822
8972,1794.3234,0.0,1045.2131,89.63451,0.013739633,0.0,0.5629511,0.29830757
8973,1725.8456,0.0,1007.8185,89.63442,0.011955693,0.0,0.5693569,0.29830688
8974,2141.7832,0.0,1136.0812,89.63436,0.018774934,0.0,0.561145,0.29830617
8975,1725.5903,0.0,1034.1185,89.6343,0.013800721,0.0,0.56752795,0.29830533
8976,2028.0299,0.0,1133.5281,89.634254,0.015637267,0.0,0.5726535,0.2983045
8977,1753.088,0.0,1556.4323,89.63422,0.013790298,0.0,0.5339532,0.29830366
8978,2200.071,0.0,944.3604,89.634224,0.01590553,0.0,0.56713605,0.29830274
8979,1636.7325,0.0,1106.0271,89.634186,0.015329267,0.0,0.5528285,0.2983018
8980,1853.6862,0.0,948.4103,89.634186,0.014621958,0.0,0.57639736,0.29830083
8981,1771.0681,0.0,1193.1647,89.63422,0.015396873,0.0,0.5601083,0.29829982
8982,1610.3656,0.0,1390.3959,89.63422,0.01649652,0.0,0.5324006,0.29829872
8983,2012.8362,0.0,1151.6788,89.63421,0.014916768,0.0,0.5795066,0.29829764
8984,2704.1926,0.0,1015.5523,89.634224,0.016590407,0.0,0.56131077,0.29829657
8985,1683.5588,0.0,1053.3776,89.63414,0.013212321,0.0,0.54054475,0.2982955
8986,1631.3612,0.0,1137.1969,89.634056,0.014343826,0.0,0.54639775,0.2982943
8987,1795.9934,0.0,1094.5831,89.633965,0.0153578725,0.0,0.5799831,0.29829317
8988,2817.315,0.0,1080.4354,89.63394,0.016937474,0.0,0.53636885,0.298292
8989,1918.6674,0.0,1009.95337,89.63393,0.01507822,0.0,0.5712792,0.2982908
8990,1767.9679,0.0,1582.5975,89.63391,0.017967887,0.0,0.51441425,0.29828957
8991,1878.4678,0.0,1128.7227,89.633896,0.01752771,0.0,0.5381903,0.29828838
8992,1591.0674,0.0,795.06036,89.633865,0.013761092,0.0,0.59549373,0.29828712
8993,1792.7006,0.0,1401.7944,89.63383,0.015425291,0.0,0.5554447,0.2982853
8994,1547.0211,0.0,1181.6031,89.633835,0.015644647,0.0,0.5541036,0.2982835
8995,1552.8505,0.0,1438.6864,89.63384,0.01459318,0.0,0.58203334,0.29828176
8996,1658.0803,0.0,1279.7697,89.63395,0.014892323,0.0,0.5678113,0.29828003
8997,1868.6046,0.0,985.3242,89.63409,0.01593118,0.0,0.57128584,0.29827845
8998,1493.1638,0.0,1284.1865,89.6342,0.017059498,0.0,0.6049318,0.29826936
8999,1698.7605,0.0,955.9173,89.6343,0.015963463,0.0,0.57565284,0.29826108
9000,1774.2637,0.0,1178.3458,89.63439,0.016866807,0.0,0.5312083,0.29825345
9001,1711.6243,0.0,1393.5043,89.6345,0.019420855,0.0,0.5525889,0.2982466
9002,2045.5042,0.0,1091.0542,89.6346,0.013368845,0.0,0.58792293,0.29824024
9003,1852.4319,0.0,1437.8942,89.634705,0.015073097,0.0,0.5614042,0.29823405
9004,1821.906,0.0,1187.4073,89.63486,0.015044501,0.0,0.6418742,0.29822835
9005,1277.3711,0.0,1234.0767,89.63498,0.013981236,0.0,0.5682871,0.29822308
9006,1921.8336,0.0,1143.5835,89.63505,0.01656627,0.0,0.6021634,0.29821828
9007,1887.0363,0.0,1099.3905,89.63509,0.014412115,0.0,0.58124757,0.29821384
9008,2295.1191,0.0,1074.9481,89.63517,0.01434776,0.0,0.6253685,0.29820967
9009,1648.9152,0.0,1351.8756,89.63524,0.014437875,0.0,0.55635256,0.29820582
9010,1937.2266,0.0,1680.4808,89.63527,0.017704148,0.0,0.58414245,0.29820225
9011,1598.8195,0.0,1071.2709,89.63533,0.013324112,0.0,0.55438995,0.2981989
9012,1784.2667,0.0,1207.8931,89.63539,0.015903948,0.0,0.56906116,0.29819578
9013,3055.955,0.0,1358.534,89.635475,0.017387,0.0,0.5995153,0.29819277
9014,1681.9385,0.0,1227.4464,89.635544,0.015362093,0.0,0.57578576,0.29818997
9015,1765.7484,0.0,1048.2628,89.635605,0.013554895,0.0,0.51887673,0.2981873
9016,1926.7094,0.0,1426.2068,89.635704,0.021207225,0.0,0.5637214,0.29818478
9017,1843.0841,0.0,940.8663,89.6358,0.01578506,0.0,0.54221714,0.29817778
9018,2216.7363,0.0,1145.898,89.63591,0.016777886,0.0,0.59906805,0.29817218
9019,1645.6107,0.0,1123.2993,89.63599,0.0142514855,0.0,0.5354848,0.2981671
9020,2092.698,0.0,1541.9847,89.636116,0.0162826,0.0,0.5638716,0.29816234
9021,2278.6233,0.0,1101.7234,89.6362,0.01459646,0.0,0.5067443,0.29815796
9022,2009.383,0.0,828.57574,89.63633,0.018668115,0.0,0.5661537,0.29815397
9023,2111.5479,0.0,1102.1047,89.636406,0.014358623,0.0,0.51497453,0.29815018
9024,1998.6625,0.0,1236.1545,89.636475,0.018719992,0.0,0.6000298,0.29814634
9025,1587.4857,0.0,1037.8722,89.63645,0.01420266,0.0,0.5587511,0.29814273
9026,1609.8201,0.0,1165.9071,89.63645,0.015494062,0.0,0.5783116,0.29813263
9027,1800.229,0.0,1848.2606,89.636444,0.015749011,0.0,0.5460383,0.29812345
9028,2147.8252,0.0,1272.9954,89.63644,0.016964108,0.0,0.55485773,0.29811507
9029,1504.0964,0.0,1098.2477,89.636475,0.018047545,0.0,0.55653256,0.29810742
9030,2020.6829,0.0,1075.9188,89.636475,0.017358875,0.0,0.5238933,0.29810047
9031,1544.4448,0.0,1156.0565,89.63647,0.014988687,0.0,0.5623673,0.29809406
9032,1905.3496,0.0,1195.2734,89.63648,0.016843613,0.0,0.5725895,0.29808813
9033,2020.4175,0.0,1154.7909,89.63653,0.015914064,0.0,0.5986755,0.29808274
9034,1589.3712,0.0,1203.7864,89.636604,0.013795838,0.0,0.5762014,0.29807776
9035,1706.6366,0.0,1167.0245,89.636665,0.019903153,0.0,0.53458476,0.29807317
9036,1937.4651,0.0,1000.814,89.63677,0.01949132,0.0,0.5305331,0.29806885
9037,1964.0577,0.0,1074.5884,89.63689,0.015746957,0.0,0.5654157,0.2980649
9038,1324.588,0.0,1021.9276,89.63699,0.015032349,0.0,0.5503393,0.29806113
9039,2067.3188,0.0,1262.0581,89.63708,0.021394633,0.0,0.5639206,0.2980577
9040,1585.0757,0.0,1212.942,89.63709,0.019173115,0.0,0.5798397,0.29805398
9041,1538.9646,0.0,1152.3824,89.63708,0.015504564,0.0,0.59132326,0.29805052
9042,2236.9377,0.0,1522.5057,89.63711,0.015409945,0.0,0.6077873,0.2980472
9043,1946.6838,0.0,1408.913,89.6371,0.017460886,0.0,0.5853394,0.29804415
9044,2737.7996,0.0,1040.4722,89.637146,0.016997201,0.0,0.55354,0.29803312
9045,2008.1765,0.0,1284.994,89.63717,0.01522323,0.0,0.5996311,0.29802313
9046,1948.9375,0.0,845.7453,89.637245,0.01560252,0.0,0.5434489,0.2980142
9047,2173.9075,0.0,890.86926,89.63732,0.01798237,0.0,0.5657131,0.2980061
9048,1838.0942,0.0,1165.6335,89.63743,0.011048953,0.0,0.58231604,0.29800093
9049,2246.1453,0.0,1360.8198,89.63756,0.014557856,0.0,0.5725634,0.29799625
9050,1989.0322,0.0,778.5087,89.63771,0.017704139,0.0,0.5954964,0.29799193
9051,2677.258,0.0,1288.6146,89.63786,0.016853526,0.0,0.55082434,0.29798803
9052,1713.0708,0.0,999.3775,89.637985,0.014492305,0.0,0.553034,0.2979848
9053,2845.4407,0.0,1079.5125,89.63809,0.01295381,0.0,0.57467115,0.29798177
9054,1526.3375,0.0,1035.5867,89.63817,0.015147744,0.0,0.5847499,0.29797903
9055,2120.5217,0.0,1008.6487,89.638245,0.015224747,0.0,0.5647093,0.2979764
9056,1290.0939,0.0,1113.8015,89.63832,0.01543658,0.0,0.5676741,0.2979739
9057,2106.5334,0.0,870.8447,89.63839,0.017413735,0.0,0.60554576,0.2979715
9058,1752.8945,0.0,1094.9619,89.63849,0.014661783,0.0,0.6146232,0.29796925
9059,1312.8295,0.0,955.4539,89.638596,0.02006114,0.0,0.5642168,0.2979671
9060,1813.0181,0.0,769.0015,89.63874,0.01273665,0.0,0.5867864,0.29796505
9061,1581.4796,0.0,1005.6496,89.63886,0.020321183,0.0,0.5744328,0.29796302
9062,1668.9635,0.0,1216.0817,89.63897,0.016463084,0.0,0.5746458,0.2979611
9063,1483.4635,0.0,1087.6912,89.63908,0.015160603,0.0,0.5618714,0.2979592
9064,1693.8817,0.0,883.3581,89.639145,0.015475184,0.0,0.53444576,0.29795742
9065,1553.5726,0.0,1296.0592,89.639145,0.01676552,0.0,0.56093967,0.29795566
9066,1608.1505,0.0,1033.4109,89.6391,0.012273235,0.0,0.54917544,0.2979539
9067,1880.3505,0.0,1377.4108,89.639046,0.014935347,0.0,0.5403978,0.29795283
9068,1676.2218,0.0,1237.3331,89.63898,0.017454041,0.0,0.57860553,0.29795167
9069,1953.8357,0.0,1320.3973,89.63892,0.017945208,0.0,0.53349215,0.2979505
9070,1505.4943,0.0,983.27185,89.63887,0.020037975,0.0,0.516526,0.2979493
9071,2843.0344,0.0,1051.3507,89.63882,0.017144758,0.0,0.56405294,0.29794815
9072,1760.1464,0.0,1379.1677,89.63878,0.015563051,0.0,0.56507003,0.29794693
9073,2517.5989,0.0,1220.8904,89.63869,0.017358849,0.0,0.58249307,0.29794425
9074,1677.1294,0.0,1016.54205,89.63865,0.015826896,0.0,0.57296705,0.29794323
9075,1830.6366,0.0,1025.2589,89.63858,0.015283025,0.0,0.52410215,0.29793736
9076,1592.1769,0.0,1389.1812,89.63853,0.014698202,0.0,0.53483033,0.29793197
9077,1415.0195,0.0,867.7881,89.63848,0.016126212,0.0,0.5566997,0.297927
9078,1664.669,0.0,1339.7034,89.63841,0.01710734,0.0,0.54194397,0.29792243
9079,1721.2903,0.0,1074.9232,89.638374,0.014723304,0.0,0.56643796,0.29791823
9080,1787.5864,0.0,884.60803,89.63837,0.013319062,0.0,0.54961103,0.2979143
9081,1813.7612,0.0,1063.3492,89.63836,0.014757283,0.0,0.5649011,0.29791063
9082,2014.5393,0.0,1320.2618,89.63837,0.015153451,0.0,0.5398709,0.29790723
9083,1921.307,0.0,1291.8805,89.63839,0.020003766,0.0,0.56309617,0.297904
9084,1648.7375,0.0,1088.5614,89.63841,0.013365423,0.0,0.5753436,0.297901
9085,1886.0299,0.0,1355.5927,89.63844,0.016496625,0.0,0.5596042,0.2978981
9086,2262.5361,0.0,1460.0018,89.6385,0.015810665,0.0,0.52644217,0.2978955
9087,1859.0345,0.0,988.6448,89.638535,0.015453592,0.0,0.55266684,0.29789227
9088,1510.6261,0.0,1313.7826,89.638596,0.015791561,0.0,0.570921,0.29788917
9089,1737.7576,0.0,825.54175,89.63869,0.017944556,0.0,0.5780933,0.29788634
9090,1372.1342,0.0,1853.2407,89.63877,0.014540106,0.0,0.5797545,0.29788366
9091,2013.5635,0.0,900.4861,89.63891,0.013766823,0.0,0.59301996,0.2978811
9092,2075.2449,0.0,896.6289,89.63901,0.01309683,0.0,0.5744978,0.29787862
9093,1437.7794,0.0,1365.5737,89.639084,0.016205369,0.0,0.5423863,0.2978763
9094,1680.6985,0.0,993.1901,89.63914,0.017589321,0.0,0.5571541,0.29787964
9095,1462.8884,0.0,1328.8495,89.639206,0.016222544,0.0,0.5814004,0.29788265
9096,1946.3221,0.0,1343.0532,89.639305,0.016577568,0.0,0.5228846,0.2978853
9097,1777.9073,0.0,829.3208,89.63941,0.015236398,0.0,0.5505194,0.2978876
9098,1234.2179,0.0,1082.4913,89.63951,0.01723101,0.0,0.58233774,0.29788956
9099,1706.8417,0.0,1005.2553,89.639595,0.015319372,0.0,0.55896336,0.29789126
9100,1390.1035,0.0,1217.1453,89.63966,0.018441215,0.0,0.5381507,0.2978926
9101,1723.0281,0.0,1004.7831,89.63977,0.017013859,0.0,0.5468685,0.29789376
9102,2058.4456,0.0,1100.8744,89.63986,0.015190506,0.0,0.54334784,0.29789463
9103,1623.3386,0.0,1221.5046,89.63998,0.017716993,0.0,0.5689484,0.29789534
9104,1597.8396,0.0,845.8301,89.640045,0.018352512,0.0,0.5468198,0.2978959
9105,1690.8518,0.0,1397.4644,89.64014,0.01848725,0.0,0.5851637,0.29789624
9106,1928.3622,0.0,1390.1648,89.64022,0.015496846,0.0,0.5672262,0.29790264
9107,2572.4656,0.0,1036.5652,89.64026,0.017936897,0.0,0.52639973,0.2979083
9108,2060.9172,0.0,1009.04156,89.64034,0.015913114,0.0,0.5326278,0.2979134
9109,1556.7335,0.0,1092.5188,89.64034,0.018637741,0.0,0.52932173,0.29791778
9110,2143.9968,0.0,922.07733,89.640396,0.015213583,0.0,0.57707804,0.29792172
9111,1715.8652,0.0,858.9111,89.640434,0.016374001,0.0,0.53748,0.2979251
9112,1669.2605,0.0,1247.1237,89.64048,0.01998302,0.0,0.56569904,0.29792812
9113,2136.3206,0.0,1147.1466,89.640495,0.015452581,0.0,0.5516845,0.29793063
9114,1758.0859,0.0,1082.5519,89.64053,0.017505324,0.0,0.5666611,0.29793277
9115,2369.1848,0.0,1253.5248,89.64054,0.015989741,0.0,0.59208894,0.29793456
9116,1624.3998,0.0,1135.5338,89.64055,0.015279004,0.0,0.5446805,0.2979361
9117,1301.0968,0.0,1213.3372,89.64052,0.013264662,0.0,0.55214465,0.29793736
9118,2003.225,0.0,1061.7023,89.64051,0.01700744,0.0,0.53666294,0.29794237
9119,2150.0374,0.0,1185.7609,89.640495,0.016651314,0.0,0.5926581,0.29794675
9120,1721.3214,0.0,908.7182,89.64047,0.014850522,0.0,0.58969355,0.29794818
9121,2032.012,0.0,1135.4578,89.64046,0.01588398,0.0,0.57574296,0.29794958
9122,1689.5519,0.0,1262.1593,89.640465,0.018763471,0.0,0.5427391,0.29795083
9123,1737.8192,0.0,943.1642,89.64041,0.014454858,0.0,0.5698607,0.29795122
9124,1640.6254,0.0,1134.978,89.64037,0.014201559,0.0,0.583,0.29795155
9125,1290.2155,0.0,905.33093,89.64035,0.014629352,0.0,0.5430362,0.29795048
9126,1954.7325,0.0,1145.9888,89.640366,0.018277807,0.0,0.59429586,0.29794946
9127,1762.416,0.0,1202.8722,89.64035,0.014710544,0.0,0.52542627,0.2979484
9128,1558.8251,0.0,869.4499,89.64035,0.019283397,0.0,0.532818,0.2979475
9129,2019.0533,0.0,1146.6785,89.64029,0.012227143,0.0,0.5771676,0.29794654
9130,1970.2849,0.0,924.8117,89.640236,0.01251893,0.0,0.5557476,0.29794556
9131,1280.707,0.0,1291.1123,89.64018,0.014898631,0.0,0.5825759,0.29794464
9132,1039.6797,0.0,1095.1567,89.6401,0.014658584,0.0,0.54468143,0.29794365
9133,1479.8651,0.0,916.8762,89.640045,0.017901652,0.0,0.5311205,0.2979418
9134,1840.9214,0.0,804.7937,89.63997,0.017664444,0.0,0.5720159,0.29794002
9135,1461.9187,0.0,940.7956,89.63993,0.01387095,0.0,0.56501293,0.29793826
9136,2229.9111,0.0,1119.141,89.639915,0.014879532,0.0,0.55250984,0.29792896
9137,1787.1761,0.0,1082.35,89.63988,0.013634555,0.0,0.5689948,0.29792047
9138,2075.8462,0.0,913.31067,89.63984,0.013003722,0.0,0.56620014,0.29791275
9139,2121.6208,0.0,1255.087,89.63987,0.017231476,0.0,0.5412251,0.29790565
9140,1362.6044,0.0,1409.9664,89.639885,0.013706779,0.0,0.524321,0.2978992
9141,1593.7002,0.0,1206.394,89.639946,0.015108874,0.0,0.5545078,0.29789332
9142,1953.4476,0.0,1050.1252,89.63999,0.014142459,0.0,0.57772124,0.2978878
9143,1712.3358,0.0,847.3476,89.63995,0.016231043,0.0,0.51727223,0.29788277
9144,1106.2231,0.0,1230.335,89.63991,0.01401697,0.0,0.56309783,0.29787815
9145,1490.986,0.0,1346.8676,89.6399,0.01470425,0.0,0.54702246,0.29787382
9146,1948.9578,0.0,842.37616,89.63986,0.015381128,0.0,0.5582062,0.2978698
9147,2003.0887,0.0,1104.7734,89.63985,0.020582207,0.0,0.6043608,0.29786608
9148,1712.5908,0.0,987.7523,89.639885,0.015744817,0.0,0.5737637,0.29786256
9149,1550.2786,0.0,973.6451,89.639915,0.015822727,0.0,0.61055446,0.2978591
9150,2122.5603,0.0,1309.4723,89.63995,0.015774254,0.0,0.5090355,0.2978548
9151,1837.7146,0.0,1188.1339,89.639984,0.017200526,0.0,0.55782497,0.2978506
9152,1765.6456,0.0,758.7044,89.640076,0.016263874,0.0,0.5672412,0.29784822
9153,1263.1903,0.0,1166.0786,89.64014,0.016382143,0.0,0.5151126,0.2978459
9154,2133.2373,0.0,1090.0831,89.64023,0.0156056285,0.0,0.57824224,0.2978437
9155,2076.987,0.0,1078.8232,89.64025,0.018136654,0.0,0.53901947,0.29784155
9156,1796.7047,0.0,1107.1625,89.640236,0.015464377,0.0,0.5527723,0.29783934
9157,1839.4835,0.0,1135.038,89.64023,0.013357634,0.0,0.51609313,0.2978373
9158,1918.8955,0.0,843.3901,89.64027,0.019075856,0.0,0.59493744,0.2978353
9159,1591.7854,0.0,1058.5419,89.64026,0.012658547,0.0,0.55098575,0.29783335
9160,1403.455,0.0,1091.699,89.64028,0.01582499,0.0,0.533969,0.2978315
9161,2620.4631,0.0,1155.401,89.64031,0.01784664,0.0,0.57563424,0.29782963
9162,1266.8231,0.0,1080.4103,89.64036,0.021334393,0.0,0.5410256,0.29782787
9163,1686.575,0.0,944.94885,89.64038,0.018985484,0.0,0.5844308,0.2978023
9164,1683.3042,0.0,1172.6627,89.640396,0.016120689,0.0,0.5655769,0.2977795
9165,2111.1812,0.0,1239.2041,89.640396,0.017056957,0.0,0.51001394,0.297759
9166,1827.1182,0.0,1116.6918,89.6404,0.015481594,0.0,0.5883274,0.2977406
9167,2136.3108,0.0,1304.4448,89.640366,0.015002508,0.0,0.58331096,0.2977241
9168,2119.6074,0.0,1295.626,89.64033,0.016530946,0.0,0.5685881,0.29770926
9169,1672.4773,0.0,956.4386,89.64027,0.014964834,0.0,0.5591854,0.2976958
9170,1691.1652,0.0,1609.9938,89.64017,0.013675671,0.0,0.5556747,0.29768366
9171,1880.551,0.0,994.0225,89.640114,0.016647687,0.0,0.51755404,0.2976727
9172,2117.2468,0.0,1331.6057,89.63998,0.0156144565,0.0,0.5772456,0.29766604
9173,1663.0255,0.0,913.8429,89.63986,0.016306844,0.0,0.5240085,0.29766008
9174,1648.7783,0.0,1089.2136,89.63977,0.016943369,0.0,0.57343864,0.2976547
9175,1200.9653,0.0,1023.96625,89.6397,0.017533548,0.0,0.6307719,0.29764974
9176,1377.1095,0.0,897.6904,89.63968,0.020726334,0.0,0.5258258,0.29764527
9177,1608.9894,0.0,945.7579,89.63972,0.01569777,0.0,0.50795436,0.29764107
9178,2095.7126,0.0,1138.0076,89.63977,0.01378168,0.0,0.59592843,0.29763728
9179,2638.2922,0.0,1041.7544,89.63977,0.012446752,0.0,0.55905926,0.2976337
9180,2229.9563,0.0,1041.9065,89.63978,0.014821729,0.0,0.54270816,0.29763043
9181,1630.8776,0.0,1026.5983,89.6398,0.015938593,0.0,0.55456614,0.2976262
9182,1980.7172,0.0,1196.5577,89.639824,0.015913129,0.0,0.58593756,0.29762226
9183,1784.0049,0.0,1027.7003,89.63987,0.018840805,0.0,0.54764163,0.29761857
9184,2253.004,0.0,1053.6997,89.63991,0.016889898,0.0,0.56235325,0.29761517
9185,2169.9817,0.0,853.0816,89.63994,0.01512076,0.0,0.54699075,0.29761192
9186,1856.4778,0.0,1243.577,89.63995,0.018414455,0.0,0.563801,0.29760897
9187,1705.7518,0.0,868.3664,89.63996,0.01174289,0.0,0.51049745,0.2976061
9188,1849.3505,0.0,1060.2329,89.639915,0.01479405,0.0,0.5405857,0.29760343
9189,1857.9645,0.0,925.7441,89.639854,0.02018852,0.0,0.54490024,0.2976009
9190,1597.1924,0.0,1333.2393,89.639824,0.0129020875,0.0,0.5597708,0.29759848
9191,1413.4708,0.0,1119.3846,89.63979,0.01645141,0.0,0.5435192,0.29759622
9192,1521.6013,0.0,823.134,89.63977,0.013703609,0.0,0.55156183,0.29759395
9193,2708.2524,0.0,1053.9244,89.63978,0.015806288,0.0,0.5540923,0.29759187
9194,1618.4677,0.0,797.7267,89.63977,0.015038381,0.0,0.55949223,0.29758984
9195,1793.1055,0.0,952.4273,89.63977,0.020308,0.0,0.5784305,0.29758787
9196,1844.6075,0.0,1329.5211,89.639786,0.014103256,0.0,0.5799138,0.29758593
9197,1774.2043,0.0,1480.9619,89.63978,0.015523254,0.0,0.5700911,0.29758412
9198,1664.0929,0.0,948.8671,89.63982,0.018016176,0.0,0.50910187,0.29758233
9199,1929.4448,0.0,1117.1084,89.63988,0.01261447,0.0,0.55100024,0.29758066
9200,1953.2341,0.0,1237.0692,89.6399,0.01792498,0.0,0.5622731,0.297579
9201,2593.6008,0.0,1132.9106,89.639946,0.013950182,0.0,0.544975,0.2975774
9202,1269.8878,0.0,1340.6891,89.63999,0.01483919,0.0,0.58433867,0.29757586
9203,1712.3219,0.0,894.4111,89.64003,0.015692543,0.0,0.62431645,0.29757425
9204,2414.4292,0.0,1114.2365,89.64007,0.014876644,0.0,0.60343814,0.29757226
9205,1933.463,0.0,819.9935,89.64012,0.014246645,0.0,0.56595707,0.2975703
9206,1983.0635,0.0,831.53125,89.64017,0.014398063,0.0,0.5552392,0.29756847
9207,1958.3291,0.0,1018.29846,89.640236,0.01670252,0.0,0.52973574,0.2975666
9208,1896.0532,0.0,1035.5773,89.64026,0.013995889,0.0,0.5510286,0.29756486
9209,2544.0886,0.0,1187.3644,89.64024,0.015595551,0.0,0.5882349,0.29756314
9210,1957.6719,0.0,880.6948,89.64023,0.015707185,0.0,0.56287336,0.2975601
9211,1869.0092,0.0,947.7655,89.6402,0.015330884,0.0,0.55453956,0.2975572
9212,1875.5508,0.0,1191.1434,89.64018,0.016803423,0.0,0.556857,0.2975545
9213,1830.9825,0.0,1084.4352,89.64016,0.014545347,0.0,0.56539154,0.2975519
9214,1742.4701,0.0,1521.1437,89.64018,0.015943974,0.0,0.5558144,0.2975495
9215,1589.514,0.0,1117.2615,89.64019,0.018210083,0.0,0.53569835,0.29754716
9216,1271.2478,0.0,1095.0109,89.64013,0.014803603,0.0,0.55610615,0.29754806
9217,2483.721,0.0,1039.7888,89.64006,0.014697654,0.0,0.57967675,0.2975487
9218,1711.0122,0.0,1232.9059,89.640015,0.020344373,0.0,0.55524206,0.29754925
9219,1665.7273,0.0,990.22906,89.64,0.014226062,0.0,0.59084255,0.29754972
9220,2054.6902,0.0,1214.7913,89.63997,0.017277164,0.0,0.5553786,0.29754996
9221,1901.6895,0.0,1473.0193,89.63999,0.015497487,0.0,0.539366,0.2975501
9222,1884.1519,0.0,1159.102,89.64003,0.016355734,0.0,0.5307239,0.2975501
9223,1498.628,0.0,1342.9358,89.64006,0.01834283,0.0,0.56593156,0.29754406
9224,1507.563,0.0,1039.9836,89.64014,0.015918963,0.0,0.5361955,0.29753852
9225,1932.8734,0.0,851.59906,89.640205,0.013013028,0.0,0.5610765,0.29753336
9226,1946.613,0.0,884.1234,89.640274,0.01934111,0.0,0.5815606,0.29752868
9227,1234.3323,0.0,1193.4314,89.64034,0.016170768,0.0,0.5526532,0.29751837
9228,1825.1276,0.0,1289.6265,89.640434,0.016739137,0.0,0.5510397,0.29750907
9229,1123.6287,0.0,952.3671,89.6405,0.014617739,0.0,0.5402329,0.29750073
9230,1738.2935,0.0,1291.2302,89.64062,0.01480145,0.0,0.576818,0.29749313
9231,2062.1245,0.0,1099.742,89.640785,0.017534532,0.0,0.53610206,0.29748625
9232,1612.6831,0.0,1055.7064,89.64093,0.014221361,0.0,0.5864291,0.2974799
9233,1498.3756,0.0,852.678,89.64098,0.014026317,0.0,0.5783252,0.29747418
9234,1570.0033,0.0,1145.2708,89.641075,0.012189245,0.0,0.5664339,0.29746887
9235,1774.1047,0.0,1079.4237,89.64111,0.020863831,0.0,0.5868381,0.297464
9236,1434.0474,0.0,829.747,89.641136,0.014284718,0.0,0.5561735,0.29746103
9237,1366.9985,0.0,1142.0813,89.641136,0.017553126,0.0,0.59119844,0.29745823
9238,2287.7148,0.0,1009.64685,89.64117,0.016536366,0.0,0.5220132,0.29745558
9239,1862.469,0.0,1155.2959,89.64117,0.01862831,0.0,0.5554623,0.29745364
9240,1554.4525,0.0,1031.9034,89.64118,0.015466607,0.0,0.60745287,0.2974518
9241,1779.2247,0.0,1275.0289,89.64119,0.014554804,0.0,0.5868541,0.29744998
9242,1771.6224,0.0,1016.6264,89.64122,0.01646693,0.0,0.5662914,0.29744825
9243,2348.9182,0.0,2039.5966,89.64126,0.018567499,0.0,0.56361,0.29744655
9244,1628.6444,0.0,871.80475,89.64131,0.015795238,0.0,0.5491574,0.2974449
9245,1285.4838,0.0,971.8806,89.64136,0.015324513,0.0,0.58101285,0.29744986
9246,1702.9358,0.0,839.6858,89.64143,0.015797881,0.0,0.578335,0.2974546
9247,1890.0852,0.0,968.7329,89.64149,0.015720522,0.0,0.5723659,0.29745954
9248,1738.4569,0.0,1096.0612,89.64154,0.0152416825,0.0,0.59131944,0.297464
9249,1495.5062,0.0,1319.9111,89.64157,0.012686289,0.0,0.6071324,0.297468
9250,1923.2042,0.0,1053.9087,89.64163,0.013868499,0.0,0.56656706,0.29747158
9251,1731.9983,0.0,890.0192,89.64168,0.014128184,0.0,0.5564617,0.2974747
9252,1636.7648,0.0,1103.4359,89.64169,0.016139254,0.0,0.587275,0.29747742
9253,1370.7732,0.0,972.10315,89.641685,0.012770323,0.0,0.5522622,0.29747993
9254,1599.3794,0.0,1086.3239,89.64171,0.017169317,0.0,0.5729527,0.297482
9255,1419.312,0.0,1092.7904,89.64171,0.013719156,0.0,0.557302,0.29748377
9256,1853.0253,0.0,1364.79,89.64173,0.015428083,0.0,0.5654366,0.29748526
9257,1674.268,0.0,877.73834,89.64168,0.017368702,0.0,0.59643936,0.29748648
9258,1682.8098,0.0,1283.5929,89.64168,0.017650172,0.0,0.56367695,0.2974875
9259,1799.161,0.0,1360.0669,89.64168,0.015769377,0.0,0.5525872,0.29748824
9260,2128.18,0.0,1425.7445,89.64166,0.01577399,0.0,0.5568519,0.2974888
9261,1559.9836,0.0,1005.766,89.64161,0.016706795,0.0,0.53333414,0.29748917
9262,1966.824,0.0,866.667,89.641624,0.016915113,0.0,0.5863348,0.29748902
9263,1801.8604,0.0,1004.20844,89.6416,0.013923556,0.0,0.5345757,0.29748875
9264,1692.4132,0.0,1561.8903,89.64161,0.013877913,0.0,0.5190777,0.29748824
9265,1620.9008,0.0,1288.0244,89.64168,0.014939336,0.0,0.5776391,0.29748765
9266,1432.7764,0.0,1325.419,89.641685,0.013647122,0.0,0.55816007,0.29748693
9267,1637.4335,0.0,963.10266,89.64164,0.016239844,0.0,0.57999456,0.2974862
9268,1933.7867,0.0,1022.3233,89.64165,0.018003222,0.0,0.5787596,0.29748532
9269,2216.8489,0.0,1294.7927,89.64168,0.013986661,0.0,0.53800535,0.2974845
9270,1972.0864,0.0,1192.0522,89.64169,0.012918174,0.0,0.57940733,0.2974836
9271,1531.0088,0.0,1077.6666,89.64171,0.014391526,0.0,0.5324326,0.29748264
9272,2135.5137,0.0,1310.7112,89.64177,0.014718371,0.0,0.5677759,0.29748166
9273,1363.2146,0.0,990.8617,89.64185,0.013101801,0.0,0.5619785,0.29748064
9274,2301.1794,0.0,1061.8187,89.64194,0.018061688,0.0,0.5695586,0.29747957
9275,1687.7382,0.0,1437.8837,89.64199,0.011775546,0.0,0.57394713,0.2974785
9276,1676.3773,0.0,1145.3527,89.64205,0.016249228,0.0,0.51934236,0.29747736
9277,1609.2811,0.0,1293.7745,89.642136,0.015564969,0.0,0.58026886,0.29747626
9278,1409.9271,0.0,1155.9805,89.64229,0.0153325405,0.0,0.60803545,0.2974751
9279,1418.9015,0.0,1107.6246,89.64242,0.014756318,0.0,0.56185806,0.29747295
9280,1699.8934,0.0,1137.4554,89.64255,0.015710492,0.0,0.5699872,0.29747102
9281,1955.6383,0.0,1021.18335,89.642715,0.0172874,0.0,0.5837983,0.29746908
9282,2149.0374,0.0,934.6881,89.64285,0.015663696,0.0,0.6319235,0.29746726
9283,1379.5945,0.0,1235.046,89.64295,0.017362494,0.0,0.5852228,0.2974655
9284,1518.4172,0.0,1021.3146,89.643036,0.016756734,0.0,0.5283947,0.29746374
9285,2035.4664,0.0,1058.6473,89.643166,0.014663498,0.0,0.61133635,0.29746178
9286,1406.2723,0.0,1184.2373,89.64329,0.015128618,0.0,0.5735984,0.29745978
9287,1784.0504,0.0,984.6187,89.6434,0.014512311,0.0,0.5644348,0.29745784
9288,1606.6935,0.0,1125.4226,89.64348,0.014530445,0.0,0.57705903,0.29745597
9289,2418.1895,0.0,1081.4476,89.64357,0.0225945,0.0,0.5500672,0.29745412
9290,1516.5417,0.0,1001.1078,89.64363,0.017472727,0.0,0.5497472,0.29745236
9291,1983.477,0.0,1235.9115,89.64371,0.015378034,0.0,0.5506805,0.29745066
9292,1721.8287,0.0,1122.6527,89.64376,0.014966663,0.0,0.53330916,0.2974366
9293,2269.098,0.0,1097.632,89.64384,0.01286169,0.0,0.56889725,0.2974239
9294,1918.8822,0.0,1180.4381,89.64392,0.015006943,0.0,0.5279869,0.29741237
9295,1752.4359,0.0,1151.8451,89.644,0.01481837,0.0,0.57104415,0.2974019
9296,1808.3331,0.0,888.6115,89.644035,0.012650321,0.0,0.5561716,0.29739237
9297,1805.2915,0.0,1093.5382,89.644005,0.014037581,0.0,0.571872,0.2973837
9298,2106.566,0.0,1038.9764,89.64401,0.02041952,0.0,0.52365845,0.2973757
9299,1965.2493,0.0,1168.1455,89.64401,0.014751996,0.0,0.61056346,0.2973684
9300,1630.409,0.0,1557.8739,89.64403,0.016331516,0.0,0.5534029,0.29736176
9301,1875.0533,0.0,1483.7726,89.64413,0.013367801,0.0,0.5483635,0.29735562
9302,1862.5804,0.0,1207.2335,89.64422,0.012626508,0.0,0.56110346,0.29734844
9303,1697.3674,0.0,1035.354,89.64431,0.014538075,0.0,0.54996,0.29734185
9304,2634.9905,0.0,982.87683,89.644394,0.013619377,0.0,0.52633595,0.29733577
9305,2256.3442,0.0,1351.8488,89.64449,0.014940923,0.0,0.5303987,0.29733017
9306,1708.9764,0.0,1118.9407,89.64459,0.01791395,0.0,0.5723562,0.29732504
9307,2206.443,0.0,967.93945,89.64462,0.015126672,0.0,0.57807624,0.29732028
9308,1438.6714,0.0,1278.8623,89.64465,0.016417576,0.0,0.5589525,0.2973158
9309,1612.2975,0.0,970.1943,89.64464,0.0120125245,0.0,0.56100273,0.29731166
9310,1453.8245,0.0,1007.21533,89.644615,0.023469638,0.0,0.59413195,0.29730782
9311,1395.8148,0.0,1416.7156,89.64461,0.013421303,0.0,0.5641324,0.29730424
9312,2024.2198,0.0,1141.5212,89.64463,0.016186506,0.0,0.56894517,0.29730085
9313,1592.6469,0.0,928.52344,89.644585,0.01343259,0.0,0.54038966,0.297289
9314,1836.9736,0.0,1417.2815,89.64459,0.01844319,0.0,0.565575,0.29729125
9315,1799.9615,0.0,1097.3635,89.644554,0.01613554,0.0,0.52151513,0.29729348
9316,2449.94,0.0,1215.3097,89.644516,0.010927303,0.0,0.5339867,0.29729563
9317,1845.7611,0.0,942.0957,89.644485,0.016119083,0.0,0.58306354,0.29729766
9318,1538.5828,0.0,812.98816,89.644485,0.014968003,0.0,0.554371,0.29729956
9319,2179.5022,0.0,1156.843,89.644424,0.015376084,0.0,0.55608106,0.29730126
9320,2424.2708,0.0,1088.9855,89.64438,0.01774497,0.0,0.5715972,0.29730198
9321,1632.3296,0.0,868.3698,89.64434,0.014979271,0.0,0.54592,0.29730263
9322,1853.3269,0.0,895.16736,89.64434,0.013813471,0.0,0.57779706,0.29730317
9323,2352.428,0.0,859.8486,89.64431,0.019350575,0.0,0.52457935,0.29730356
9324,1441.8718,0.0,1087.5162,89.6443,0.012960862,0.0,0.5257298,0.29730242
9325,1671.5055,0.0,1021.71027,89.64429,0.013836424,0.0,0.53397423,0.29730126
9326,2176.3657,0.0,1609.926,89.644264,0.01609835,0.0,0.53877974,0.29730022
9327,1849.2168,0.0,946.4066,89.64419,0.016080244,0.0,0.5557155,0.29729912
9328,2052.3145,0.0,1127.2418,89.644104,0.017007023,0.0,0.5729275,0.29729795
9329,1449.102,0.0,1291.109,89.644066,0.0142856,0.0,0.5175825,0.29729596
9330,1825.133,0.0,843.23505,89.64403,0.018439753,0.0,0.5323509,0.29729402
9331,1776.0854,0.0,1469.9619,89.64402,0.016426794,0.0,0.55993044,0.29729217
9332,1779.6307,0.0,847.53705,89.643974,0.018626641,0.0,0.5317401,0.29729044
9333,1617.6742,0.0,897.1707,89.64397,0.011380345,0.0,0.5357311,0.29728875
9334,1301.4683,0.0,970.45,89.64394,0.015208777,0.0,0.56017584,0.2972872
9335,1848.3878,0.0,1107.2927,89.643974,0.014086666,0.0,0.5890194,0.29728562
9336,1927.6385,0.0,879.54956,89.64399,0.020608919,0.0,0.55574,0.29728305
9337,1841.1852,0.0,1133.3771,89.644035,0.018175974,0.0,0.6017527,0.29728067
9338,1431.9347,0.0,1042.954,89.64404,0.01701471,0.0,0.5231418,0.29727837
9339,1258.7091,0.0,980.4582,89.64407,0.018793868,0.0,0.553961,0.29727623
9340,2060.2354,0.0,1301.1611,89.6441,0.017273933,0.0,0.57380044,0.29727408
9341,1581.6724,0.0,1111.6498,89.64405,0.016870348,0.0,0.51956296,0.29727197
9342,2170.638,0.0,1274.3489,89.643974,0.019613774,0.0,0.5791432,0.2972699
9343,1455.3496,0.0,1113.9514,89.64396,0.01568271,0.0,0.59591544,0.29726797
9344,1708.9297,0.0,998.225,89.644005,0.014672621,0.0,0.5433713,0.29726604
9345,1729.359,0.0,1271.5908,89.64408,0.018989658,0.0,0.5357801,0.29726422
9346,1564.3585,0.0,1077.7141,89.64414,0.015886102,0.0,0.5475396,0.29726237
9347,1751.0728,0.0,1626.4983,89.64422,0.016743235,0.0,0.5455069,0.29726064
9348,1807.2921,0.0,1205.4872,89.64431,0.013485479,0.0,0.59511036,0.2972589
9349,2378.6604,0.0,1291.0695,89.6444,0.01321505,0.0,0.5357472,0.2972567
9350,1491.4368,0.0,1246.3245,89.64448,0.013541999,0.0,0.5781354,0.2972546
9351,1428.9917,0.0,949.8156,89.64456,0.0146677885,0.0,0.5658711,0.29725257
9352,2610.8545,0.0,1239.0446,89.64467,0.014359075,0.0,0.5937779,0.29725075
9353,1957.1302,0.0,1105.2976,89.64476,0.021661483,0.0,0.6221607,0.29724893
9354,1882.5148,0.0,953.1707,89.64487,0.015857764,0.0,0.55688584,0.29724714
9355,1589.0809,0.0,1553.0742,89.64498,0.015362121,0.0,0.5717775,0.2972454
9356,1588.5583,0.0,1247.8057,89.64507,0.014116487,0.0,0.57005465,0.29724368
9357,1653.3478,0.0,1048.4625,89.64521,0.018080208,0.0,0.57074374,0.2972421
9358,2189.6038,0.0,1263.609,89.64528,0.017230107,0.0,0.5698518,0.29724047
9359,1853.3179,0.0,918.85944,89.64538,0.016053677,0.0,0.53565305,0.29723886
9360,2283.2014,0.0,1130.3029,89.64547,0.016871413,0.0,0.54640514,0.29723728
9361,1669.8442,0.0,793.48346,89.64557,0.012345555,0.0,0.55458266,0.29723576
9362,1819.9225,0.0,1541.1232,89.645645,0.01759552,0.0,0.5983713,0.29723418
9363,1779.5568,0.0,1017.43427,89.64571,0.015712967,0.0,0.5688338,0.2972327
9364,1567.6696,0.0,923.20026,89.6458,0.015677378,0.0,0.5453162,0.29723123
9365,1746.209,0.0,1072.5931,89.64584,0.015486459,0.0,0.56846327,0.2972297
9366,2050.2854,0.0,1183.5669,89.645935,0.013430282,0.0,0.590397,0.29722825
9367,1818.7013,0.0,1220.5194,89.64598,0.013620957,0.0,0.51566887,0.2972268
9368,1421.9001,0.0,1031.7816,89.64603,0.01766931,0.0,0.5715193,0.2972253
9369,2465.3892,0.0,1148.0482,89.646065,0.014534677,0.0,0.6047485,0.2972239
9370,1936.1068,0.0,1267.6221,89.64613,0.016689118,0.0,0.5667864,0.29722244
9371,1744.507,0.0,1173.511,89.64623,0.017930357,0.0,0.54554385,0.297221
9372,2116.2634,0.0,1007.837,89.64638,0.012139587,0.0,0.5613129,0.2972196
9373,2196.8455,0.0,884.1737,89.64652,0.016507408,0.0,0.5553826,0.2972182
9374,1813.5908,0.0,1032.5986,89.646645,0.014757158,0.0,0.57875,0.29721677
9375,1685.2374,0.0,1316.4169,89.64676,0.012134041,0.0,0.54795474,0.29721537
9376,1814.2982,0.0,911.5681,89.646835,0.014944449,0.0,0.5553279,0.297214
9377,1449.2297,0.0,883.17633,89.64691,0.012492526,0.0,0.55775183,0.2972126
9378,1642.8684,0.0,1107.1897,89.64696,0.015731782,0.0,0.5608935,0.29721117
9379,1535.6973,0.0,963.76086,89.646996,0.012632942,0.0,0.6392031,0.29720983
9380,2114.8674,0.0,906.7008,89.64701,0.015328574,0.0,0.54644,0.29722273
9381,1380.0071,0.0,1337.618,89.647,0.0134471785,0.0,0.6108546,0.29723448
9382,1572.496,0.0,1224.8633,89.64702,0.018195635,0.0,0.56902343,0.29724514
9383,1422.5781,0.0,941.15216,89.64708,0.0140274055,0.0,0.58309805,0.29725474
9384,1764.1951,0.0,1264.5648,89.64712,0.016104423,0.0,0.5514464,0.29726344
9385,2184.7014,0.0,1041.2427,89.64726,0.013858857,0.0,0.5520471,0.29727122
9386,1654.0586,0.0,1011.0901,89.64739,0.013998772,0.0,0.5611913,0.29727817
9387,1143.6752,0.0,960.0786,89.647514,0.01320347,0.0,0.558017,0.29728425
9388,1721.9395,0.0,1080.9011,89.647644,0.01752871,0.0,0.5733597,0.29728964
9389,1296.9409,0.0,1530.8757,89.64775,0.0147683155,0.0,0.5529134,0.2972944
9390,1938.4508,0.0,1214.5596,89.64785,0.015587862,0.0,0.5405287,0.29729858
9391,1692.2838,0.0,1103.5651,89.64796,0.014684908,0.0,0.54938036,0.29730147
9392,1755.1836,0.0,1010.4341,89.64808,0.017674394,0.0,0.5955197,0.29730406
9393,2080.2432,0.0,923.5774,89.648224,0.019723121,0.0,0.53928757,0.2973064
9394,1683.5608,0.0,1342.644,89.64836,0.016918547,0.0,0.5699073,0.2973083
9395,1846.845,0.0,1197.6161,89.64851,0.014717809,0.0,0.53962106,0.29731
9396,1333.8081,0.0,1118.7833,89.64863,0.018840589,0.0,0.5856455,0.29731148
9397,1473.3054,0.0,1113.6837,89.64873,0.015426736,0.0,0.5666616,0.29731268
9398,1887.7595,0.0,1029.4747,89.64885,0.015937062,0.0,0.54808825,0.29731366
9399,2009.6808,0.0,997.8448,89.64893,0.018076107,0.0,0.5967406,0.29731447
9400,2111.2458,0.0,933.45465,89.64902,0.013796644,0.0,0.5396001,0.2973151
9401,1846.018,0.0,1313.1155,89.64909,0.01592245,0.0,0.535918,0.29731554
9402,1567.3201,0.0,1472.1719,89.64915,0.013973929,0.0,0.5863248,0.29733124
9403,1614.3064,0.0,1042.739,89.64925,0.016366923,0.0,0.59351,0.29734552
9404,2052.5464,0.0,1252.9878,89.64941,0.017271668,0.0,0.5156102,0.2973584
9405,1508.3552,0.0,911.70715,89.649536,0.01845314,0.0,0.55704653,0.29736993
9406,1732.5265,0.0,1072.7867,89.64964,0.013234483,0.0,0.6035723,0.29738036
9407,1605.7784,0.0,865.896,89.649796,0.0142258685,0.0,0.54317343,0.2973898
9408,1499.3223,0.0,1180.5577,89.64998,0.019334411,0.0,0.5541996,0.29739818
9409,1711.0353,0.0,1247.583,89.65014,0.01438917,0.0,0.52636456,0.2974057
9410,1650.8628,0.0,1142.2249,89.650314,0.015084878,0.0,0.56903607,0.29741243
9411,1705.734,0.0,963.6493,89.65046,0.017467134,0.0,0.5931318,0.29741836
9412,1780.1719,0.0,1151.8701,89.65057,0.014018307,0.0,0.51003706,0.29740793
9413,1647.9844,0.0,1192.4565,89.650665,0.013833846,0.0,0.6056603,0.29739863
9414,2631.3303,0.0,1619.0852,89.65083,0.014884874,0.0,0.5480752,0.29739016
9415,1698.2722,0.0,1096.6945,89.650986,0.012920223,0.0,0.5229428,0.29738262
9416,1339.6317,0.0,1226.6876,89.651146,0.0139445495,0.0,0.56791127,0.29737574
9417,1275.984,0.0,898.75696,89.65129,0.01601281,0.0,0.58637404,0.29739198
9418,1685.0127,0.0,1486.6062,89.65146,0.014377843,0.0,0.5747053,0.29740697
9419,1829.6493,0.0,1186.3138,89.6516,0.015642246,0.0,0.5803317,0.29742056
9420,1393.1061,0.0,1147.605,89.65177,0.016533744,0.0,0.5502197,0.29743293
9421,1826.1267,0.0,1106.7556,89.65194,0.01701028,0.0,0.5573002,0.29744405
9422,1610.4347,0.0,737.2013,89.65212,0.013382489,0.0,0.5877687,0.29745406
9423,1489.8682,0.0,1157.1537,89.65224,0.014441995,0.0,0.5680233,0.29746485
9424,1363.083,0.0,1090.776,89.6524,0.018340483,0.0,0.54142034,0.2974745
9425,1868.7982,0.0,1388.4459,89.65256,0.015924215,0.0,0.5437124,0.2974831
9426,1283.1792,0.0,1344.4641,89.652756,0.013130083,0.0,0.5381881,0.29749086
9427,1753.6349,0.0,1232.6033,89.65295,0.014661594,0.0,0.5734792,0.29749766
9428,2035.9637,0.0,877.2961,89.653175,0.014572365,0.0,0.5796203,0.2975034
9429,1624.8955,0.0,1612.1455,89.653404,0.010710943,0.0,0.5727581,0.2975124
9430,1753.5472,0.0,1474.2845,89.65362,0.012846928,0.0,0.5504548,0.29752025
9431,1479.5161,0.0,1246.8729,89.65381,0.016895033,0.0,0.52190995,0.29752722
9432,1202.8612,0.0,1294.723,89.654015,0.015982322,0.0,0.5197121,0.29753163
9433,1783.9816,0.0,1044.8483,89.65419,0.018935617,0.0,0.5547144,0.29753575
9434,1848.5929,0.0,993.90533,89.654335,0.01506878,0.0,0.5855411,0.29754528
9435,1856.9249,0.0,789.56116,89.65445,0.017316043,0.0,0.5437695,0.29755396
9436,1380.325,0.0,1187.6119,89.65456,0.014643317,0.0,0.5178242,0.29756176
9437,1656.7163,0.0,1313.5636,89.65464,0.016704699,0.0,0.6101182,0.29757032
9438,1997.1208,0.0,833.4845,89.65472,0.015110376,0.0,0.59102124,0.29757786
9439,1830.2391,0.0,905.5094,89.65476,0.011752027,0.0,0.54885733,0.29758474
9440,1807.6708,0.0,1217.9991,89.65479,0.017946519,0.0,0.55810493,0.29759088
9441,1772.8016,0.0,1005.741,89.65482,0.01849071,0.0,0.63024044,0.29759648
9442,1584.0488,0.0,1167.0367,89.65478,0.01858119,0.0,0.6007616,0.29760143
9443,1618.1411,0.0,1237.5023,89.65477,0.015112597,0.0,0.5517178,0.29760578
9444,1437.1183,0.0,1121.8641,89.65474,0.012571981,0.0,0.62150043,0.29760972
9445,1912.1283,0.0,1018.5315,89.65472,0.015598146,0.0,0.59810835,0.29761314
9446,1367.1066,0.0,1323.0747,89.65465,0.019724898,0.0,0.6257166,0.29761612
9447,1649.3856,0.0,1239.8544,89.65461,0.019447168,0.0,0.5647885,0.2976187
9448,1372.8766,0.0,1277.0105,89.65457,0.015097743,0.0,0.5991232,0.29762095
9449,1915.708,0.0,1377.9159,89.6545,0.019918587,0.0,0.53647935,0.2976228
9450,1926.0758,0.0,1000.5362,89.65443,0.012973186,0.0,0.60805035,0.29762447
9451,2405.2031,0.0,1489.3333,89.65434,0.015544666,0.0,0.5699142,0.2976258
9452,1303.663,0.0,889.4849,89.65431,0.019590244,0.0,0.56151456,0.2976269
9453,1913.4076,0.0,788.8016,89.654305,0.016496466,0.0,0.54238373,0.29762778
9454,2182.6511,0.0,1039.1112,89.65429,0.020027762,0.0,0.5774076,0.29762843
9455,1927.2783,0.0,1024.9933,89.6543,0.017295834,0.0,0.57061446,0.2976289
9456,2082.4646,0.0,1119.1962,89.65429,0.017227741,0.0,0.5559374,0.2976292
9457,1697.7506,0.0,1318.1749,89.65427,0.015596077,0.0,0.5592685,0.29762936
9458,2151.6985,0.0,1069.4299,89.65422,0.016786927,0.0,0.568954,0.2976294
9459,1933.0953,0.0,1142.5709,89.65416,0.016650593,0.0,0.53937376,0.2976292
9460,1448.8667,0.0,997.83344,89.65418,0.014114249,0.0,0.5408844,0.297629
9461,2624.7546,0.0,816.04504,89.65421,0.016216055,0.0,0.56052315,0.29762864
9462,1350.1976,0.0,1171.2046,89.65425,0.016706508,0.0,0.6046557,0.2976282
9463,2090.3525,0.0,1248.2672,89.65434,0.01422862,0.0,0.5492513,0.29762766
9464,1919.7943,0.0,1035.6776,89.654434,0.019035451,0.0,0.59283626,0.29762706
9465,1451.3926,0.0,999.938,89.65452,0.016339708,0.0,0.57768166,0.2976264
9466,1607.3828,0.0,960.7585,89.65459,0.017256087,0.0,0.57680815,0.29762563
9467,1712.8384,0.0,874.608,89.654655,0.015219934,0.0,0.5835341,0.29762483
9468,2034.218,0.0,1455.0494,89.65474,0.015153749,0.0,0.5833897,0.297624
9469,1642.9427,0.0,1407.7842,89.65473,0.014434205,0.0,0.51544344,0.2976231
9470,2434.8875,0.0,1102.0643,89.65478,0.015426882,0.0,0.5429004,0.29762015
9471,2115.3645,0.0,823.92706,89.6548,0.013423577,0.0,0.5893377,0.29761738
9472,1879.399,0.0,749.79645,89.6548,0.021690376,0.0,0.50432134,0.2976148
9473,1762.4669,0.0,1513.7979,89.654816,0.015966095,0.0,0.55674505,0.29761425
9474,2031.8755,0.0,1284.886,89.65481,0.016911283,0.0,0.5532391,0.29761362
9475,1610.6403,0.0,1154.5288,89.654816,0.014067125,0.0,0.5521574,0.29761526
9476,1917.4061,0.0,1057.7852,89.654854,0.01929345,0.0,0.5427151,0.2976167
9477,1395.133,0.0,1069.2079,89.65487,0.019732472,0.0,0.5646625,0.29761782
9478,1484.645,0.0,1019.7615,89.654854,0.01624088,0.0,0.5761181,0.29761884
9479,1431.2542,0.0,1213.1648,89.65484,0.015352777,0.0,0.56517816,0.29761958
9480,2039.4172,0.0,1085.3561,89.65483,0.020594532,0.0,0.5618352,0.29762018
9481,1750.6002,0.0,1045.8239,89.65484,0.015985705,0.0,0.56067693,0.29762
9482,2199.0125,0.0,1383.5737,89.65492,0.015461592,0.0,0.5709559,0.29761976
9483,1408.2982,0.0,1398.1559,89.65505,0.017603673,0.0,0.60012627,0.29761937
9484,1331.6526,0.0,1305.7053,89.65517,0.011218479,0.0,0.5367891,0.29761884
9485,1910.781,0.0,1018.30975,89.655334,0.01623755,0.0,0.5364997,0.29761815
9486,1955.3693,0.0,679.99084,89.655426,0.016701646,0.0,0.6080449,0.2976174
9487,2021.3315,0.0,1333.6534,89.65551,0.014148973,0.0,0.53474766,0.2976166
9488,1657.4974,0.0,992.57355,89.655594,0.018526614,0.0,0.59204805,0.29761574
9489,2219.6396,0.0,979.2059,89.65566,0.018746853,0.0,0.57209516,0.2976149
9490,1505.5779,0.0,1235.7649,89.65574,0.0167946,0.0,0.547709,0.29761398
9491,2169.7778,0.0,1331.0968,89.655785,0.016877975,0.0,0.56947434,0.29761297
9492,2111.8464,0.0,1455.2289,89.65582,0.015760927,0.0,0.54308826,0.29761204
9493,1505.94,0.0,1355.0447,89.65587,0.012505364,0.0,0.5421807,0.29761103
9494,2132.5308,0.0,936.0485,89.655914,0.0130178705,0.0,0.50913835,0.29760996
9495,1791.9019,0.0,1112.8252,89.65596,0.015727744,0.0,0.57095724,0.29761124
9496,1737.5831,0.0,1116.8899,89.65602,0.013814378,0.0,0.5260948,0.2976123
9497,1568.5912,0.0,1294.4481,89.65606,0.015568699,0.0,0.56604916,0.29761323
9498,1793.9171,0.0,1419.708,89.65601,0.015142595,0.0,0.5519737,0.29761022
9499,1554.2107,0.0,1123.054,89.65595,0.0129255345,0.0,0.52163506,0.29760778
9500,1804.9685,0.0,1060.5576,89.65592,0.017999759,0.0,0.52781856,0.29760566
9501,1989.517,0.0,1175.4039,89.65592,0.01537968,0.0,0.6007942,0.29760402
9502,1973.4872,0.0,1510.8917,89.65592,0.014336552,0.0,0.57167476,0.29760253
9503,1554.858,0.0,860.8096,89.65588,0.016609872,0.0,0.58035207,0.29760152
9504,2874.8354,0.0,1343.977,89.65583,0.01598106,0.0,0.5716349,0.29760057
9505,1578.6277,0.0,1520.8552,89.655754,0.011918085,0.0,0.56830186,0.2976001
9506,2693.3342,0.0,840.507,89.655685,0.015737258,0.0,0.5942473,0.29759955
9507,1685.4812,0.0,1069.1906,89.65565,0.013860836,0.0,0.57446426,0.29759908
9508,1884.0667,0.0,1493.9531,89.65562,0.013213508,0.0,0.579854,0.29759854
9509,1457.3673,0.0,1051.9291,89.655556,0.01763565,0.0,0.5483353,0.29759797
9510,1717.5632,0.0,1127.7769,89.655525,0.01357283,0.0,0.54585904,0.2975938
9511,1965.1268,0.0,1231.1332,89.6555,0.017288093,0.0,0.57773674,0.29759
9512,2108.0813,0.0,1233.643,89.65555,0.019258814,0.0,0.57500803,0.29758644
9513,2148.4683,0.0,1470.4307,89.65554,0.016789958,0.0,0.58415115,0.2975832
9514,2223.8423,0.0,1035.3984,89.655495,0.013566073,0.0,0.57114077,0.2975801
9515,1836.6846,0.0,1227.695,89.65543,0.014471426,0.0,0.55627906,0.29757723
9516,1287.8032,0.0,841.3363,89.655396,0.016615476,0.0,0.54109865,0.29757458
9517,1459.7068,0.0,933.3674,89.65542,0.016997809,0.0,0.57860035,0.29757205
9518,2118.648,0.0,933.3024,89.65542,0.013577459,0.0,0.5993775,0.2975696
9519,1682.5305,0.0,1240.964,89.65545,0.017132668,0.0,0.56258744,0.29756734
9520,2123.3123,0.0,1067.8182,89.65544,0.014292303,0.0,0.5757861,0.29756516
9521,1574.2213,0.0,1067.1606,89.65547,0.014483001,0.0,0.5408244,0.29756308
9522,2053.0583,0.0,1574.0846,89.65556,0.015651282,0.0,0.56055045,0.29756108
9523,1381.8458,0.0,1106.839,89.65562,0.014585133,0.0,0.55959475,0.2975591
9524,2133.8108,0.0,1715.2283,89.6557,0.017778724,0.0,0.59106255,0.29755723
9525,1489.0745,0.0,910.65515,89.655785,0.016713928,0.0,0.56895673,0.29755545
9526,1510.6771,0.0,1014.1258,89.65591,0.018928573,0.0,0.5679467,0.2975595
9527,1827.7534,0.0,1195.7577,89.65603,0.014189287,0.0,0.58157486,0.29755813
9528,1474.4067,0.0,1292.0016,89.65621,0.018781617,0.0,0.61049867,0.29755664
9529,1813.4589,0.0,874.685,89.65636,0.01314223,0.0,0.5781411,0.2975552
9530,2421.7485,0.0,849.57166,89.65647,0.01696631,0.0,0.5540592,0.2975539
9531,1506.7112,0.0,1014.09766,89.65665,0.016356317,0.0,0.55564713,0.29755265
9532,2216.944,0.0,725.6494,89.65682,0.01704631,0.0,0.54293597,0.29755136
9533,1394.1633,0.0,1027.0946,89.65697,0.016635478,0.0,0.54945016,0.29755014
9534,1830.7697,0.0,1070.0566,89.6571,0.014478842,0.0,0.55172396,0.29754847
9535,1662.6534,0.0,1083.454,89.65727,0.015730184,0.0,0.54409707,0.29754686
9536,1579.0734,0.0,1128.4789,89.65741,0.013589874,0.0,0.556811,0.2975453
9537,1469.4463,0.0,1370.2407,89.657524,0.01703196,0.0,0.5487355,0.29754376
9538,1710.7694,0.0,839.787,89.65761,0.015977615,0.0,0.5642381,0.2975423
9539,1452.6818,0.0,1020.8812,89.65769,0.019202044,0.0,0.5334434,0.2975408
9540,2302.857,0.0,808.5424,89.65776,0.0112435,0.0,0.59795386,0.29753935
9541,1805.2812,0.0,1185.0775,89.65782,0.0139109325,0.0,0.5662673,0.29753795
9542,1534.6927,0.0,937.3406,89.65789,0.01601192,0.0,0.55034244,0.29753652
9543,1387.6052,0.0,1067.9769,89.65796,0.016065814,0.0,0.5812649,0.29753515
9544,1808.9702,0.0,1212.4971,89.658005,0.01569467,0.0,0.5641446,0.29753378
9545,1237.3331,0.0,1795.9369,89.65812,0.015249118,0.0,0.5820147,0.29753387
9546,1789.986,0.0,1146.1508,89.65822,0.014788198,0.0,0.58695525,0.2975339
9547,1594.8177,0.0,1044.6725,89.65835,0.014438925,0.0,0.5686151,0.29753384
9548,1541.8663,0.0,952.2585,89.658455,0.015873529,0.0,0.58585095,0.29753363
9549,1429.3047,0.0,1071.8014,89.65864,0.012922089,0.0,0.57304215,0.2975334
9550,1614.595,0.0,844.87836,89.65878,0.016042253,0.0,0.5744728,0.29753292
9551,1687.665,0.0,1046.0317,89.65893,0.014769978,0.0,0.5430646,0.2975324
9552,2067.3538,0.0,1049.0784,89.65908,0.014313619,0.0,0.5551426,0.2975319
9553,1584.784,0.0,951.089,89.65923,0.015399009,0.0,0.5582682,0.29753122
9554,1996.2987,0.0,1030.2592,89.65941,0.017415646,0.0,0.594941,0.29753047
9555,1896.7948,0.0,1174.4072,89.65963,0.014493368,0.0,0.56840146,0.29752982
9556,1532.1761,0.0,1173.0924,89.659836,0.017230062,0.0,0.61761224,0.29752895
9557,1821.5828,0.0,1177.1179,89.66009,0.01747799,0.0,0.57484055,0.29752806
9558,1962.8865,0.0,1223.882,89.660286,0.014714494,0.0,0.5236961,0.29752713
9559,1503.8127,0.0,1325.7909,89.660484,0.011746633,0.0,0.5771379,0.2975262
9560,1524.7911,0.0,888.4984,89.660645,0.013436797,0.0,0.54676396,0.29752478
9561,1865.8468,0.0,1020.8906,89.66076,0.01728895,0.0,0.61842555,0.29752338
9562,1806.87,0.0,1156.675,89.66089,0.015447272,0.0,0.57755375,0.29752204
9563,2234.2297,0.0,1481.2909,89.66094,0.013102567,0.0,0.53973365,0.297521
9564,2315.178,0.0,994.95337,89.660995,0.013902417,0.0,0.5601873,0.29751992
9565,2486.1074,0.0,878.8547,89.66104,0.013752466,0.0,0.54430157,0.29751882
9566,1704.2369,0.0,840.2506,89.66111,0.015205889,0.0,0.57961345,0.2975177
9567,1589.2137,0.0,1053.8153,89.66113,0.0158516,0.0,0.59068143,0.29751652
9568,1443.5953,0.0,1391.5671,89.66112,0.014342105,0.0,0.5856945,0.29751533
9569,1618.517,0.0,986.2762,89.66109,0.014180872,0.0,0.57991815,0.2975142
9570,1517.1753,0.0,959.4405,89.661064,0.01266137,0.0,0.56864476,0.29751295
9571,2205.1248,0.0,1272.1188,89.66106,0.012586921,0.0,0.5256438,0.29751176
9572,2263.3945,0.0,1244.4476,89.66108,0.018444706,0.0,0.5733495,0.29751056
9573,2299.554,0.0,1450.7365,89.660995,0.016564803,0.0,0.6189098,0.2975093
9574,1970.2059,0.0,1018.63074,89.6609,0.01632709,0.0,0.5445154,0.29750806
9575,2062.9033,0.0,1194.6432,89.660805,0.015772942,0.0,0.5978236,0.29750684
9576,1686.3516,0.0,1361.2339,89.66067,0.014642753,0.0,0.61173046,0.29750556
9577,2027.2059,0.0,1146.1165,89.66054,0.016025824,0.0,0.54926676,0.2975048
9578,1659.8875,0.0,967.1535,89.66036,0.019122204,0.0,0.54392576,0.29750398
9579,1999.4568,0.0,1330.7726,89.66018,0.015376693,0.0,0.57920516,0.29750314
9580,1623.2261,0.0,1444.6744,89.66003,0.020037992,0.0,0.56581783,0.29750222
9581,1746.7683,0.0,1244.0073,89.65991,0.016598448,0.0,0.556466,0.29750133
9582,1689.4695,0.0,1147.4177,89.659836,0.017985446,0.0,0.5453015,0.29750034
9583,1860.2239,0.0,1103.1913,89.65981,0.014811671,0.0,0.60611594,0.2974993
9584,1576.87,0.0,1384.6097,89.65982,0.019000802,0.0,0.55691355,0.2974983
9585,1473.8121,0.0,1076.124,89.659904,0.0199003,0.0,0.5894676,0.2974971
9586,2050.611,0.0,1026.2081,89.65998,0.017486406,0.0,0.60642225,0.297496
9587,1783.4873,0.0,964.64685,89.66004,0.018164631,0.0,0.54733944,0.2974948
9588,1553.8688,0.0,1196.0363,89.6601,0.01528666,0.0,0.5893602,0.2974936
9589,1794.6932,0.0,1828.4907,89.660164,0.015522792,0.0,0.5892362,0.2974924
9590,2214.4253,0.0,1192.8463,89.66024,0.016516032,0.0,0.5570056,0.29749122
9591,1821.8878,0.0,1036.9902,89.660324,0.01334743,0.0,0.49126667,0.29749
9592,1690.6708,0.0,1208.1349,89.66043,0.01575051,0.0,0.5853623,0.29748875
9593,1291.883,0.0,1119.3356,89.6605,0.013671781,0.0,0.5439122,0.29748753
9594,1877.184,0.0,1148.4281,89.66055,0.013455579,0.0,0.58590764,0.29748625
9595,2158.279,0.0,1205.7625,89.66055,0.017290685,0.0,0.56648713,0.29748496
9596,1680.062,0.0,1173.4843,89.66065,0.017357843,0.0,0.5717183,0.29748374
9597,1422.132,0.0,1003.5488,89.66073,0.012791614,0.0,0.5469874,0.29748243
9598,2111.6301,0.0,1034.8286,89.66084,0.013349864,0.0,0.54949546,0.29748115
9599,1885.4999,0.0,1112.1237,89.6609,0.017701602,0.0,0.5866043,0.29747984
9600,1923.8446,0.0,1063.3273,89.66095,0.013812549,0.0,0.5956054,0.29747847
9601,2230.407,0.0,1162.9713,89.66098,0.016765997,0.0,0.5955862,0.2974772
9602,1766.1504,0.0,999.32275,89.660995,0.015053019,0.0,0.57346,0.2974759
9603,1847.01,0.0,1180.9233,89.661,0.014759369,0.0,0.5093615,0.2974794
9604,2245.8047,0.0,1043.9808,89.66103,0.017058842,0.0,0.536532,0.2974824
9605,2025.5409,0.0,1353.0154,89.66107,0.014131385,0.0,0.5507379,0.29748505
9606,2415.8108,0.0,1364.5554,89.66108,0.016467601,0.0,0.5778329,0.29748732
9607,2238.7825,0.0,1117.0864,89.661095,0.01322,0.0,0.5804307,0.29748923
9608,2148.6125,0.0,1144.5219,89.66113,0.017150052,0.0,0.55698645,0.29749098
9609,1868.4481,0.0,1247.9839,89.661156,0.016081143,0.0,0.5613973,0.29749247
9610,2176.4182,0.0,1027.6277,89.66122,0.017747846,0.0,0.53957796,0.29749364
9611,1550.3593,0.0,1233.041,89.66125,0.013291955,0.0,0.5545838,0.29749456
9612,1621.1582,0.0,1086.4034,89.66124,0.016955314,0.0,0.5349065,0.2974953
9613,1728.5591,0.0,1099.9933,89.66118,0.016051333,0.0,0.55136675,0.29749584
9614,1737.2439,0.0,1228.8612,89.66116,0.0196748,0.0,0.58200157,0.2974962
9615,1588.6201,0.0,1644.8457,89.66118,0.016962664,0.0,0.569125,0.2974964
9616,1663.852,0.0,974.80426,89.6612,0.01630669,0.0,0.52744275,0.29749644
9617,2002.5823,0.0,1062.3473,89.66123,0.019487027,0.0,0.5476419,0.29749632
9618,2066.9578,0.0,824.0897,89.66123,0.012602819,0.0,0.55839366,0.2974961
9619,1924.0425,0.0,924.4726,89.661255,0.015325248,0.0,0.562335,0.2974958
9620,1684.2681,0.0,1039.0385,89.661255,0.015720122,0.0,0.54561627,0.2975021
9621,2413.2527,0.0,1312.6293,89.66126,0.015993865,0.0,0.57413423,0.2975078
9622,1453.5785,0.0,980.57776,89.66132,0.0155160455,0.0,0.5986585,0.2975129
9623,1722.7009,0.0,1007.81,89.66136,0.0132050095,0.0,0.5632751,0.29751748
9624,2415.4817,0.0,1503.3954,89.66142,0.014777421,0.0,0.5781211,0.29752153
9625,2214.1445,0.0,1324.5887,89.66155,0.014500879,0.0,0.62669057,0.29752508
9626,1267.9375,0.0,979.6608,89.661674,0.016612038,0.0,0.56887704,0.2975282
9627,1991.8663,0.0,1641.8203,89.661804,0.014142787,0.0,0.5513012,0.29753095
9628,2477.2126,0.0,1203.0596,89.66193,0.016994715,0.0,0.5891641,0.2975333
9629,2299.6099,0.0,959.97015,89.66208,0.018454604,0.0,0.5502614,0.2975353
9630,1602.4625,0.0,1015.95496,89.66223,0.014424166,0.0,0.5255734,0.29753703
9631,1945.6516,0.0,1300.958,89.6624,0.01830417,0.0,0.5726992,0.29753843
9632,1434.1365,0.0,794.4294,89.66257,0.014516855,0.0,0.6026772,0.2975396
9633,1927.8768,0.0,1229.3401,89.66272,0.013392477,0.0,0.5579301,0.29754052
9634,1991.8414,0.0,1727.2825,89.66282,0.015787605,0.0,0.5314442,0.29754123
9635,1806.893,0.0,1247.437,89.662964,0.016557517,0.0,0.52406836,0.29754168
9636,1652.2461,0.0,1573.3402,89.66315,0.01847766,0.0,0.50319195,0.297542
9637,1717.3171,0.0,1227.5497,89.66334,0.015633618,0.0,0.5866139,0.2975422
9638,2019.8256,0.0,1332.9509,89.66352,0.013532892,0.0,0.6132163,0.29754204
9639,1834.4874,0.0,1300.6398,89.66368,0.01522477,0.0,0.5749282,0.29754177
9640,2436.3901,0.0,1071.6371,89.66379,0.017764658,0.0,0.5757613,0.2975414
9641,1782.8019,0.0,1261.4404,89.6639,0.014070272,0.0,0.57053417,0.2975409
9642,2359.7883,0.0,941.4195,89.66404,0.013021104,0.0,0.604059,0.29754087
9643,1937.0656,0.0,1326.3174,89.66414,0.01250198,0.0,0.59217685,0.29754078
9644,1355.7097,0.0,1384.6721,89.66428,0.018651064,0.0,0.560591,0.29754055
9645,2115.0183,0.0,1240.6859,89.66442,0.016352786,0.0,0.56164014,0.2975627
9646,1683.957,0.0,1021.4509,89.66452,0.01154258,0.0,0.5527313,0.29758307
9647,1653.6224,0.0,1199.0449,89.66455,0.016616918,0.0,0.600764,0.29760173
9648,1554.6328,0.0,1048.1156,89.66458,0.01549641,0.0,0.51992714,0.2976188
9649,1509.9481,0.0,1460.45,89.6646,0.014699328,0.0,0.5600433,0.29763433
9650,1955.549,0.0,1321.6233,89.664604,0.015657086,0.0,0.56255484,0.2976485
9651,2116.2544,0.0,1153.5315,89.66458,0.014080666,0.0,0.580173,0.29766124
9652,1667.9143,0.0,1025.3063,89.66458,0.017598731,0.0,0.58878964,0.29767284
9653,1694.7968,0.0,1551.592,89.664536,0.016767154,0.0,0.548861,0.29768485
9654,1922.7374,0.0,739.49146,89.66455,0.01786363,0.0,0.53116214,0.29769558
9655,1716.5553,0.0,1247.0841,89.66459,0.0124222115,0.0,0.5540738,0.29770532
9656,2092.904,0.0,1201.7003,89.664665,0.01425199,0.0,0.54213893,0.29771397
9657,1889.9448,0.0,1201.7322,89.66472,0.02017207,0.0,0.59806854,0.29772112
9658,1916.9404,0.0,1313.1241,89.66475,0.01413736,0.0,0.5287905,0.29772753
9659,1586.6646,0.0,1122.1987,89.66475,0.01774292,0.0,0.56367326,0.29774535
9660,1916.0662,0.0,1070.52,89.66476,0.015587091,0.0,0.5869876,0.29776156
9661,2093.6472,0.0,1000.10443,89.66478,0.017684627,0.0,0.54854673,0.2977764
9662,1878.3057,0.0,823.88635,89.664825,0.017166033,0.0,0.5846547,0.29778984
9663,1520.2384,0.0,1057.5271,89.66487,0.017123483,0.0,0.6064974,0.29779625
9664,2087.9385,0.0,1057.9633,89.66494,0.014922805,0.0,0.5568067,0.29780215
9665,1880.8835,0.0,1491.9156,89.66499,0.01527725,0.0,0.5416627,0.2978076
9666,1832.6066,0.0,830.7473,89.66503,0.015558206,0.0,0.5697915,0.29781267
9667,1968.1161,0.0,1901.5604,89.66508,0.015507875,0.0,0.5847642,0.29781723
9668,1903.7448,0.0,750.52423,89.6651,0.014279962,0.0,0.58790076,0.29782137
9669,1998.9559,0.0,1316.1179,89.66509,0.013860002,0.0,0.531681,0.29782194
9670,1733.7896,0.0,1227.0759,89.66516,0.019415192,0.0,0.5793258,0.29782268
9671,2292.7783,0.0,1183.1802,89.66526,0.013870722,0.0,0.5828788,0.29782486
9672,1799.5878,0.0,924.3716,89.66535,0.016346289,0.0,0.5254874,0.297827
9673,1480.9863,0.0,1063.9534,89.66545,0.014468169,0.0,0.5855471,0.29784033
9674,2283.8682,0.0,908.8576,89.665535,0.015852157,0.0,0.5827323,0.29785252
9675,2250.1816,0.0,1129.0065,89.66561,0.020446768,0.0,0.5484624,0.29786363
9676,1978.574,0.0,1279.7736,89.66565,0.017279482,0.0,0.53722084,0.2978739
9677,2054.7615,0.0,1036.7644,89.665726,0.015439935,0.0,0.5370304,0.29788312
9678,2462.2224,0.0,1207.895,89.66583,0.016619293,0.0,0.5885718,0.29789153
9679,1486.2952,0.0,1136.8878,89.66591,0.0158868,0.0,0.5739677,0.29789904
9680,1754.8833,0.0,1345.8495,89.66597,0.012776571,0.0,0.5406507,0.29790583
9681,2172.6697,0.0,1093.7263,89.66604,0.016229529,0.0,0.587272,0.29791185
9682,1781.0786,0.0,1077.9667,89.6661,0.01883557,0.0,0.5645891,0.2979172
9683,1681.2744,0.0,1212.6781,89.6661,0.016325291,0.0,0.5675134,0.29792193
9684,1263.6417,0.0,1298.7047,89.66609,0.018793324,0.0,0.6083137,0.2979289
9685,1543.7737,0.0,1134.1959,89.6661,0.01615694,0.0,0.5436044,0.29793507
9686,2026.3276,0.0,1551.6915,89.66614,0.016457934,0.0,0.56425035,0.29794058
9687,1471.2415,0.0,1006.33813,89.66616,0.014711192,0.0,0.61354613,0.2979455
9688,1503.9296,0.0,1020.80145,89.666176,0.014481502,0.0,0.60437965,0.2979498
9689,1833.913,0.0,1380.9115,89.66617,0.013229286,0.0,0.5632836,0.29795364
9690,1902.1534,0.0,1288.6627,89.66614,0.016420385,0.0,0.5350302,0.29795697
9691,1421.5985,0.0,1199.4719,89.66612,0.013547003,0.0,0.5607765,0.29796004
9692,1777.9532,0.0,1268.4039,89.6661,0.015888993,0.0,0.55248046,0.29796258
9693,2402.245,0.0,1249.1675,89.66609,0.021755539,0.0,0.5685444,0.2979648
9694,1426.5029,0.0,1193.3154,89.6661,0.019824754,0.0,0.5388047,0.29796672
9695,1899.7524,0.0,1392.1979,89.66613,0.015254783,0.0,0.5785334,0.29796833
9696,1662.2408,0.0,1100.5961,89.66621,0.013416111,0.0,0.536971,0.29796967
9697,1863.6407,0.0,1180.5646,89.66623,0.019122917,0.0,0.56472087,0.29797074
9698,1743.2451,0.0,773.2717,89.66631,0.01882919,0.0,0.6050232,0.29797158
9699,2041.2964,0.0,1014.0285,89.66642,0.017470403,0.0,0.55485934,0.29797223
9700,1994.068,0.0,1070.4214,89.66652,0.01676914,0.0,0.6124934,0.29797268
9701,1195.1489,0.0,1048.8243,89.66665,0.013228362,0.0,0.57399124,0.297973
9702,2004.352,0.0,1070.7452,89.66678,0.020261277,0.0,0.56360596,0.29797316
9703,1821.9185,0.0,1113.4124,89.6669,0.017049065,0.0,0.580043,0.2979732
9704,1774.5018,0.0,1125.9952,89.667015,0.01503416,0.0,0.51667064,0.29797304
9705,1746.8578,0.0,1668.276,89.667175,0.016645519,0.0,0.5559515,0.29797286
9706,1907.0857,0.0,1078.3856,89.66732,0.01709137,0.0,0.5533472,0.2979725
9707,2162.1047,0.0,1040.0565,89.66745,0.014200032,0.0,0.5818509,0.2979721
9708,2484.4973,0.0,1257.7001,89.66758,0.018799067,0.0,0.55288225,0.2979716
9709,2038.7133,0.0,1138.4408,89.667694,0.012934005,0.0,0.5300782,0.29797107
9710,2241.9932,0.0,1167.5497,89.66777,0.01557829,0.0,0.56203246,0.2979704
9711,2121.1824,0.0,1161.7622,89.667854,0.016197022,0.0,0.57035065,0.29796967
9712,1940.5969,0.0,818.215,89.66791,0.013198248,0.0,0.5894102,0.29796895
9713,1515.0089,0.0,1229.2375,89.66793,0.014448717,0.0,0.6089736,0.29796818
9714,1311.6151,0.0,1067.1555,89.66791,0.013293408,0.0,0.551701,0.29796734
9715,2054.3728,0.0,999.7849,89.6679,0.013952311,0.0,0.5612344,0.29796645
9716,1905.3956,0.0,895.80194,89.667915,0.0141736865,0.0,0.56655043,0.29796556
9717,2210.9517,0.0,1037.0952,89.66791,0.01669836,0.0,0.558061,0.29796463
9718,1872.6268,0.0,971.8865,89.66794,0.013332879,0.0,0.56253946,0.29796702
9719,1727.5519,0.0,1466.2731,89.66797,0.014287658,0.0,0.5658548,0.297969
9720,1987.3354,0.0,1225.3362,89.66801,0.02046377,0.0,0.53881586,0.29797077
9721,1854.5001,0.0,1289.5466,89.668045,0.013964641,0.0,0.6118208,0.29797232
9722,1849.9998,0.0,1116.9908,89.668106,0.016266992,0.0,0.5812887,0.2979735
9723,2066.7983,0.0,1098.8278,89.66812,0.014471136,0.0,0.5991788,0.2979771
9724,1952.0818,0.0,1083.2281,89.66811,0.016921517,0.0,0.6002022,0.2979803
9725,1630.9387,0.0,1180.3265,89.66811,0.021728069,0.0,0.540272,0.29798365
9726,1730.4205,0.0,1206.5317,89.66812,0.01622973,0.0,0.60848176,0.29798654
9727,2285.5183,0.0,1035.6554,89.66816,0.01563074,0.0,0.5917823,0.29798916
9728,1745.7084,0.0,1141.0225,89.66819,0.016048387,0.0,0.549309,0.29799145
9729,2261.6248,0.0,1126.9493,89.66819,0.016962236,0.0,0.5619266,0.29799348
9730,1637.7203,0.0,1111.0448,89.66817,0.016081613,0.0,0.6080355,0.29799524
9731,1472.6443,0.0,1139.6375,89.66813,0.015749417,0.0,0.5753008,0.29799673
9732,1378.9244,0.0,1194.7219,89.66808,0.016041545,0.0,0.5502553,0.29799795
9733,2349.9968,0.0,924.4013,89.668076,0.017209798,0.0,0.5825205,0.29800054
9734,1668.5903,0.0,1165.8159,89.66812,0.0140465945,0.0,0.56299764,0.2980029
9735,1499.361,0.0,1085.0157,89.66811,0.013556888,0.0,0.5891935,0.29800504
9736,2033.6008,0.0,1681.8176,89.668144,0.01651211,0.0,0.5066009,0.2980069
9737,1498.9601,0.0,1114.0284,89.66817,0.01369762,0.0,0.577263,0.29800856
9738,1525.9589,0.0,1125.5774,89.66816,0.017371995,0.0,0.54643273,0.29800996
9739,1673.2617,0.0,839.9861,89.66816,0.02070896,0.0,0.5432089,0.29801118
9740,1618.7836,0.0,1132.599,89.668175,0.0148198195,0.0,0.5647651,0.29801208
9741,2277.8489,0.0,1077.2589,89.66818,0.015034243,0.0,0.5599094,0.29801282
9742,1748.7795,0.0,830.22034,89.66823,0.015940767,0.0,0.55985916,0.2980134
9743,1998.3219,0.0,1101.6078,89.66825,0.013793315,0.0,0.5827507,0.29801384
9744,2655.0332,0.0,1210.6527,89.66827,0.015305545,0.0,0.5907713,0.29801416
9745,1553.4545,0.0,1125.8729,89.66826,0.017682642,0.0,0.55367994,0.29801434
9746,2066.4746,0.0,872.2422,89.66831,0.018283611,0.0,0.63382566,0.29801434
9747,1270.5542,0.0,1064.0586,89.66835,0.014122344,0.0,0.5383879,0.2980143
9748,1790.0487,0.0,1092.106,89.66834,0.018749189,0.0,0.56550014,0.29801407
9749,1850.4629,0.0,971.8272,89.66831,0.015047388,0.0,0.6111251,0.2980171
9750,1577.4908,0.0,982.7105,89.668274,0.017022675,0.0,0.55613285,0.2980199
9751,1661.6798,0.0,924.5816,89.66828,0.021002617,0.0,0.5758988,0.29802233
9752,1625.1357,0.0,1068.2838,89.66828,0.015782762,0.0,0.5792222,0.2980246
9753,1930.944,0.0,1137.531,89.668274,0.01741064,0.0,0.50684154,0.29802653
9754,1716.6667,0.0,1032.4224,89.66834,0.017699346,0.0,0.55992377,0.29802817
9755,1623.6195,0.0,1189.724,89.66839,0.01355667,0.0,0.5938923,0.29802963
9756,1494.5692,0.0,1095.7018,89.668434,0.016235638,0.0,0.58625484,0.2980309
9757,2348.5327,0.0,1265.1191,89.668465,0.0161325,0.0,0.5726253,0.298032
9758,2076.7056,0.0,1174.7432,89.668526,0.015492484,0.0,0.56606543,0.2980328
9759,1244.6091,0.0,952.4759,89.6686,0.015483787,0.0,0.5520487,0.2980335
9760,1970.6365,0.0,1197.6,89.6687,0.01766566,0.0,0.5952193,0.29803398
9761,1736.8414,0.0,1331.0854,89.668755,0.012707124,0.0,0.52768654,0.29803434
9762,1354.0215,0.0,1100.2405,89.6688,0.013794957,0.0,0.5888023,0.29803458
9763,1574.6388,0.0,1235.2172,89.66888,0.015804492,0.0,0.5712925,0.29803464
9764,1712.039,0.0,1006.6448,89.66889,0.018129736,0.0,0.554952,0.29803464
9765,1533.5402,0.0,1377.655,89.6689,0.015314031,0.0,0.55216706,0.2980345
9766,1902.985,0.0,1115.4843,89.66888,0.013279892,0.0,0.5518225,0.29803425
9767,1576.9464,0.0,903.3902,89.66884,0.017071305,0.0,0.58857363,0.29803392
9768,1530.9648,0.0,1258.3418,89.66884,0.013892939,0.0,0.52307856,0.2980335
9769,2345.727,0.0,1413.3539,89.668755,0.016482657,0.0,0.5372399,0.2980283
9770,1533.8784,0.0,1301.157,89.66868,0.019464765,0.0,0.5667154,0.29802352
9771,1656.7253,0.0,1236.1875,89.66861,0.01700288,0.0,0.563631,0.29801923
9772,1523.6912,0.0,1139.6921,89.66852,0.016747745,0.0,0.55433357,0.29800975
9773,2074.3735,0.0,1179.963,89.66841,0.01488979,0.0,0.5644723,0.29800117
9774,1742.1107,0.0,1358.5802,89.66832,0.017707858,0.0,0.5611608,0.29799342
9775,1433.6865,0.0,936.15076,89.66828,0.020829055,0.0,0.5612525,0.29798633
9776,1966.8899,0.0,761.11444,89.66823,0.016289035,0.0,0.54032445,0.29797995
9777,1525.1641,0.0,1098.6779,89.668175,0.020318469,0.0,0.5627782,0.29797402
9778,1764.8949,0.0,1051.4609,89.66815,0.01903104,0.0,0.55777764,0.29796863
9779,1606.917,0.0,1342.315,89.66813,0.014113973,0.0,0.5555166,0.29796368
9780,1694.4283,0.0,1219.9126,89.668076,0.015931219,0.0,0.5592522,0.29795912
9781,1779.3475,0.0,1141.574,89.66805,0.015028509,0.0,0.55189776,0.29795495
9782,1805.5028,0.0,1036.9181,89.66803,0.019644693,0.0,0.5861087,0.29795104
9783,1581.6193,0.0,1227.962,89.66803,0.021435095,0.0,0.54165924,0.29794744
9784,1919.1206,0.0,1113.0055,89.668015,0.015043495,0.0,0.5718224,0.29794407
9785,1494.4956,0.0,1255.557,89.66801,0.01500372,0.0,0.61921144,0.29794088
9786,2051.726,0.0,1156.2195,89.668015,0.015604822,0.0,0.5653916,0.29793793
9787,1733.2742,0.0,1216.5659,89.66806,0.017141491,0.0,0.59232587,0.29793513
9788,1829.9302,0.0,968.8349,89.66807,0.018258754,0.0,0.5792076,0.2979325
9789,1848.562,0.0,1151.5873,89.6681,0.0144434,0.0,0.55966437,0.2979306
9790,1597.1232,0.0,1300.4596,89.66813,0.021640113,0.0,0.549333,0.29792887
9791,1324.9899,0.0,1199.3741,89.668205,0.021073846,0.0,0.5832914,0.29792723
9792,1441.798,0.0,1233.8175,89.66834,0.016596477,0.0,0.55942464,0.2979264
9793,1387.3599,0.0,1308.0737,89.6685,0.01873816,0.0,0.54920155,0.2979257
9794,2041.1195,0.0,964.2206,89.66861,0.023519188,0.0,0.5956747,0.2979251
9795,1759.8683,0.0,951.74274,89.66868,0.01901083,0.0,0.5892416,0.29792455
9796,2053.0598,0.0,1207.1948,89.668724,0.0148913665,0.0,0.5617244,0.2979241
9797,1693.4286,0.0,1309.7236,89.66874,0.016886428,0.0,0.59771264,0.29792368
9798,1082.4777,0.0,939.31726,89.66876,0.014590217,0.0,0.5796238,0.2979232
9799,1753.0945,0.0,1258.1163,89.66876,0.016396139,0.0,0.57590616,0.29792276
9800,1829.5721,0.0,1264.382,89.668724,0.017512698,0.0,0.5725574,0.2979222
9801,2010.4991,0.0,1126.6406,89.66876,0.017463764,0.0,0.6043272,0.29792202
9802,1806.8015,0.0,1002.9966,89.66879,0.017748095,0.0,0.5531552,0.29792583
9803,1754.8834,0.0,1503.2546,89.668846,0.017474357,0.0,0.56068563,0.29792923
9804,2415.4668,0.0,1318.4718,89.66892,0.015243697,0.0,0.60404736,0.29793224
9805,1850.0481,0.0,1123.5643,89.66901,0.020419015,0.0,0.5648609,0.29793483
9806,1927.3802,0.0,1238.6174,89.66909,0.014990104,0.0,0.6046548,0.29793704
9807,1723.2244,0.0,1234.0734,89.66915,0.019605797,0.0,0.5630366,0.29793885
9808,1601.7391,0.0,1442.9136,89.669136,0.017632224,0.0,0.56318736,0.2979404
9809,2157.0728,0.0,1108.9156,89.66916,0.012057464,0.0,0.5420498,0.29794168
9810,2063.524,0.0,927.5031,89.669174,0.01666649,0.0,0.51474893,0.2979427
9811,1999.2783,0.0,1289.6602,89.66923,0.01757247,0.0,0.5919051,0.2979435
9812,1585.208,0.0,1090.9855,89.66923,0.013591595,0.0,0.5603873,0.29794413
9813,1900.2916,0.0,1024.883,89.66923,0.01701228,0.0,0.5622754,0.29794455
9814,1332.9534,0.0,1094.2002,89.66921,0.014657258,0.0,0.5272339,0.29794484
9815,1942.5596,0.0,1054.0963,89.669235,0.01688493,0.0,0.5588267,0.29794496
9816,1799.0414,0.0,1110.2758,89.66931,0.014870844,0.0,0.5766872,0.29794496
9817,1734.245,0.0,1091.4384,89.66943,0.0149845,0.0,0.5827193,0.29794484
9818,1361.1526,0.0,1192.5419,89.669525,0.015208631,0.0,0.56855357,0.29794466
9819,1466.1716,0.0,1034.2509,89.66962,0.016408663,0.0,0.58292884,0.29794434
9820,2951.597,0.0,1485.1632,89.669685,0.016095486,0.0,0.55489814,0.29794395
9821,2153.5667,0.0,846.3794,89.66983,0.013959965,0.0,0.5895208,0.29794368
9822,1748.9492,0.0,1276.8542,89.669975,0.016204948,0.0,0.48095012,0.2979427
9823,1800.671,0.0,1009.8435,89.6701,0.014665194,0.0,0.5646333,0.29794288
9824,1793.8036,0.0,1248.1118,89.6702,0.013180869,0.0,0.5021843,0.29794303
9825,1641.3811,0.0,1271.7661,89.670235,0.0176817,0.0,0.5807197,0.29794297
9826,2058.6887,0.0,1011.5982,89.67028,0.014525203,0.0,0.54623,0.2979417
9827,1532.732,0.0,1042.0404,89.670364,0.016310003,0.0,0.5741267,0.29794052
9828,2008.9132,0.0,1000.8495,89.67043,0.015709175,0.0,0.54867554,0.29793927
9829,1715.0292,0.0,1032.418,89.670525,0.014824018,0.0,0.5679006,0.29793835
9830,2117.8103,0.0,898.55054,89.67061,0.016973397,0.0,0.54961884,0.2979374
9831,2236.365,0.0,1272.3732,89.670715,0.015983777,0.0,0.5823556,0.29793704
9832,2020.9086,0.0,1155.9651,89.670746,0.015236459,0.0,0.57481456,0.29793683
9833,2104.504,0.0,1189.8661,89.67083,0.016824432,0.0,0.5814418,0.29793686
9834,1592.656,0.0,981.7771,89.670876,0.014909732,0.0,0.59956783,0.2979369
9835,1751.9376,0.0,1021.8249,89.67093,0.014883293,0.0,0.5580038,0.2979369
9836,1446.4977,0.0,1506.636,89.670975,0.014359831,0.0,0.63795096,0.29793686
9837,1499.1261,0.0,1124.9526,89.67101,0.01475784,0.0,0.55518377,0.29793677
9838,1840.42,0.0,932.0341,89.67103,0.0135142505,0.0,0.5641978,0.29793656
9839,1534.5981,0.0,1414.1787,89.67106,0.012739214,0.0,0.546301,0.29793635
9840,2113.6704,0.0,1302.3622,89.67098,0.016163697,0.0,0.58069617,0.29793605
9841,1726.7277,0.0,1156.1698,89.67095,0.013842429,0.0,0.5498704,0.29793566
9842,1659.0913,0.0,1194.1212,89.670975,0.021916684,0.0,0.54132885,0.29793528
9843,1816.9546,0.0,1199.9993,89.67101,0.016579298,0.0,0.5890795,0.29793483
9844,1337.5503,0.0,937.231,89.671036,0.015636422,0.0,0.56542563,0.29793432
9845,1472.4288,0.0,971.00543,89.67108,0.013741007,0.0,0.54596394,0.29793382
9846,2136.6465,0.0,1229.462,89.67114,0.0144329965,0.0,0.6066632,0.29793322
9847,1840.4585,0.0,1039.5062,89.6712,0.012432593,0.0,0.5500324,0.29793257
9848,2119.4944,0.0,1005.73474,89.67134,0.013735089,0.0,0.60808134,0.2979319
9849,2114.1287,0.0,1149.7588,89.671486,0.012923365,0.0,0.5830304,0.29793116
9850,1739.6405,0.0,1135.5557,89.67163,0.014130076,0.0,0.49832672,0.29793033
9851,2347.8303,0.0,1293.4408,89.671715,0.013797043,0.0,0.5566415,0.29792953
9852,1908.5144,0.0,1086.4294,89.67183,0.014085727,0.0,0.56387615,0.29792866
9853,2512.8892,0.0,997.3874,89.67191,0.0129977465,0.0,0.59412044,0.29792777
9854,1980.7612,0.0,845.801,89.67198,0.0140564395,0.0,0.55833375,0.29792678
9855,1568.284,0.0,800.28894,89.672,0.014380049,0.0,0.6197211,0.29792586
9856,1838.6049,0.0,1135.9974,89.67203,0.011498913,0.0,0.59273964,0.29792485
9857,2699.2808,0.0,1631.2003,89.67209,0.01915728,0.0,0.5468873,0.29792383
9858,1981.2969,0.0,1348.3722,89.672195,0.013565896,0.0,0.56445783,0.29792285
9859,1933.3359,0.0,966.03174,89.672295,0.01562889,0.0,0.5722214,0.29792178
9860,1600.6447,0.0,1232.7101,89.672424,0.017076489,0.0,0.5774609,0.2979207
9861,2681.0042,0.0,1001.41473,89.67259,0.015403233,0.0,0.5500842,0.29791963
9862,1626.5968,0.0,894.263,89.672714,0.0153672835,0.0,0.5327713,0.2979185
9863,1880.5328,0.0,1064.6978,89.67281,0.013545091,0.0,0.5912981,0.29791737
9864,1995.4816,0.0,1386.575,89.6729,0.014151993,0.0,0.58480436,0.29791623
9865,1412.2198,0.0,1308.111,89.672905,0.012770452,0.0,0.5645734,0.29791507
9866,1784.5143,0.0,913.054,89.67295,0.014022949,0.0,0.57260156,0.29791397
9867,1481.5402,0.0,823.098,89.673,0.015075243,0.0,0.54846746,0.2979128
9868,2438.1826,0.0,1188.249,89.67303,0.012555572,0.0,0.5640948,0.29791048
9869,1643.7817,0.0,1258.5961,89.67304,0.016940992,0.0,0.5887753,0.29790834
9870,1797.4484,0.0,1200.7794,89.673035,0.01687568,0.0,0.5257555,0.29790625
9871,1721.2686,0.0,981.1034,89.67303,0.012884322,0.0,0.5436548,0.29790434
9872,2432.0461,0.0,951.2573,89.67301,0.014057535,0.0,0.5674607,0.29790255
9873,1895.2328,0.0,975.7047,89.67297,0.011919193,0.0,0.57459545,0.2979008
9874,1488.8264,0.0,1174.7423,89.67297,0.015317596,0.0,0.50577676,0.2978991
9875,2156.802,0.0,967.1314,89.67292,0.017360775,0.0,0.5268547,0.29789767
9876,2439.839,0.0,1015.65765,89.67292,0.017431034,0.0,0.6227936,0.2978963
9877,1904.1698,0.0,814.76904,89.672905,0.0141044315,0.0,0.5899878,0.2978949
9878,1643.5082,0.0,923.51483,89.67288,0.0125490725,0.0,0.56172776,0.29789352
9879,1599.7711,0.0,1273.5377,89.672905,0.015543277,0.0,0.54274523,0.29789218
9880,2871.0645,0.0,924.919,89.67289,0.015886765,0.0,0.5690319,0.29789084
9881,1630.9668,0.0,1472.4232,89.672874,0.010827655,0.0,0.5959193,0.2978915
9882,1969.7362,0.0,1170.8833,89.67292,0.017190902,0.0,0.5468889,0.29789197
9883,2039.4893,0.0,1047.8179,89.672935,0.014772001,0.0,0.5620035,0.29789236
9884,1690.543,0.0,1098.2491,89.672966,0.010854351,0.0,0.5998951,0.2978926
9885,1326.4307,0.0,1099.6312,89.67301,0.01467994,0.0,0.57321966,0.29789278
9886,1832.0938,0.0,1198.8405,89.67305,0.014794145,0.0,0.5564909,0.29789287
9887,1698.1487,0.0,1305.7793,89.67306,0.016887717,0.0,0.58426344,0.2978928
9888,1442.4794,0.0,1287.7606,89.67306,0.019223237,0.0,0.5895585,0.2978926
9889,2279.8438,0.0,1054.8943,89.67304,0.013729643,0.0,0.56656104,0.29789236
9890,2179.1208,0.0,1011.8566,89.67306,0.013049657,0.0,0.602046,0.29789203
9891,1429.3145,0.0,1105.549,89.67305,0.01390334,0.0,0.55660594,0.29789162
9892,1717.0349,0.0,780.3514,89.67306,0.01449498,0.0,0.59617335,0.29789117
9893,1860.1621,0.0,1117.8268,89.673065,0.011779862,0.0,0.6534263,0.29789054
9894,1485.693,0.0,1243.4318,89.673134,0.016585559,0.0,0.61156034,0.29788986
9895,2207.1543,0.0,812.3125,89.673164,0.016382357,0.0,0.59173787,0.2979024
9896,1609.5885,0.0,1102.9169,89.673225,0.014445863,0.0,0.5604023,0.2979139
9897,1484.7808,0.0,879.66144,89.67328,0.020323701,0.0,0.56934845,0.2979242
9898,2031.8737,0.0,1188.5283,89.67335,0.014743025,0.0,0.55213463,0.29793358
9899,1881.1854,0.0,942.2427,89.67344,0.015156077,0.0,0.5439516,0.2979421
9900,1589.5374,0.0,983.743,89.673515,0.017012883,0.0,0.56696415,0.29794985
9901,2020.511,0.0,1775.09,89.67357,0.016118433,0.0,0.5530564,0.29795688
9902,2048.9412,0.0,1026.4268,89.673676,0.01729223,0.0,0.553041,0.2979633
9903,2111.3289,0.0,923.35406,89.6738,0.01799991,0.0,0.55798745,0.2979689
9904,1785.9904,0.0,845.4201,89.673935,0.018615281,0.0,0.64001167,0.29797393
9905,2296.7715,0.0,918.7616,89.674,0.01451136,0.0,0.59593356,0.29797843
9906,1643.748,0.0,1091.8182,89.6741,0.015257858,0.0,0.5815117,0.29798236
9907,1490.1974,0.0,1015.9784,89.67418,0.017459868,0.0,0.59229803,0.29798582
9908,1925.115,0.0,1087.4338,89.674225,0.019820219,0.0,0.59251535,0.29798886
9909,1517.2383,0.0,1154.1066,89.67425,0.015548458,0.0,0.5276537,0.29799145
9910,1647.4235,0.0,1127.4656,89.67427,0.014302408,0.0,0.53169495,0.2979937
9911,1888.6554,0.0,1340.5101,89.6743,0.017189816,0.0,0.5921435,0.29799563
9912,1892.0558,0.0,1115.0225,89.67437,0.014738344,0.0,0.5900969,0.2979972
9913,2388.448,0.0,1306.9015,89.67438,0.0110349385,0.0,0.5936732,0.29799855
9914,1155.6234,0.0,1174.6998,89.67441,0.01826182,0.0,0.5551321,0.29799956
9915,1771.511,0.0,983.0264,89.67442,0.013757236,0.0,0.5577396,0.29800045
9916,1648.7678,0.0,1163.8943,89.67452,0.01846218,0.0,0.5990032,0.29800212
9917,1675.171,0.0,1375.5532,89.674614,0.015467696,0.0,0.5812329,0.29800355
9918,1291.7325,0.0,1043.9232,89.674736,0.015698854,0.0,0.5873723,0.29800478
9919,1479.8033,0.0,815.20197,89.674835,0.012878331,0.0,0.5450319,0.29800576
9920,1755.3794,0.0,1052.2219,89.67493,0.01681332,0.0,0.5854038,0.2980065
9921,2094.5928,0.0,955.99274,89.67499,0.016080383,0.0,0.58615315,0.2979992
9922,1774.4479,0.0,1054.9066,89.675064,0.014281509,0.0,0.53651595,0.2979926
9923,1437.7289,0.0,1170.5669,89.67517,0.018210346,0.0,0.56858903,0.2979865
9924,2305.052,0.0,1098.3864,89.675255,0.016569728,0.0,0.57006794,0.29798096
9925,2144.2883,0.0,1239.9838,89.67539,0.01583049,0.0,0.578535,0.29797587
9926,1858.7778,0.0,1101.7295,89.675545,0.020013783,0.0,0.57527775,0.29797122
9927,2168.9385,0.0,1199.9271,89.67569,0.018127307,0.0,0.53214425,0.2979669
9928,1636.3197,0.0,1040.9833,89.675835,0.0177036,0.0,0.55464476,0.29796293
9929,1659.7,0.0,1048.1147,89.67592,0.018915331,0.0,0.5712613,0.2979592
9930,1729.6869,0.0,957.19025,89.67597,0.01841734,0.0,0.59779656,0.2979558
9931,1606.419,0.0,1101.3743,89.67597,0.016140027,0.0,0.58642817,0.29795268
9932,1855.2992,0.0,1298.2284,89.676,0.017320963,0.0,0.5446106,0.29794976
9933,1722.2347,0.0,981.63153,89.67606,0.013498446,0.0,0.5811764,0.29795703
9934,2113.8044,0.0,1253.3539,89.67609,0.0153234005,0.0,0.5707551,0.29796365
9935,2395.0225,0.0,866.81976,89.676094,0.015636489,0.0,0.54786086,0.29796964
9936,1710.7596,0.0,1106.5831,89.67609,0.0181346,0.0,0.5504477,0.29797494
9937,1623.5221,0.0,1143.7902,89.67608,0.015081919,0.0,0.56901896,0.29797962
9938,1885.6785,0.0,1210.2375,89.67605,0.01927374,0.0,0.5666688,0.29798386
9939,2029.2472,0.0,1108.6431,89.67598,0.019672338,0.0,0.57671833,0.2979876
9940,1867.1418,0.0,1200.51,89.67595,0.01715121,0.0,0.5642366,0.29799086
9941,2142.525,0.0,844.6809,89.67598,0.013229668,0.0,0.6440724,0.29799372
9942,1627.6,0.0,1285.3823,89.67601,0.017918704,0.0,0.54900336,0.297999
9943,1880.4559,0.0,1405.1348,89.676056,0.01991629,0.0,0.51098067,0.2980037
9944,1723.4828,0.0,1117.873,89.67609,0.016140532,0.0,0.5513429,0.29800788
9945,2435.2356,0.0,1260.3945,89.67611,0.018173493,0.0,0.5591177,0.29801145
9946,2343.2454,0.0,959.83374,89.676125,0.016362641,0.0,0.5601462,0.29801556
9947,2170.2427,0.0,994.5053,89.67613,0.02088618,0.0,0.5221988,0.29801917
9948,1853.5734,0.0,1499.4191,89.67616,0.01493787,0.0,0.5729248,0.29802236
9949,2153.8,0.0,723.69,89.67632,0.015351355,0.0,0.61521184,0.2980256
9950,2041.7489,0.0,936.88336,89.67646,0.01787347,0.0,0.5766703,0.29802847
9951,1800.7319,0.0,839.28094,89.67662,0.015772488,0.0,0.5293435,0.2980318
9952,1666.2523,0.0,1121.4182,89.676765,0.015281739,0.0,0.5456611,0.2980348
9953,2030.8688,0.0,1154.5765,89.67689,0.018702533,0.0,0.5378141,0.2980373
9954,2300.3367,0.0,878.0279,89.67701,0.016369438,0.0,0.5577054,0.29803944
9955,1821.7893,0.0,1155.3846,89.67714,0.01588301,0.0,0.56299806,0.29804125
9956,2266.812,0.0,1093.8102,89.6772,0.016345616,0.0,0.5582318,0.29804277
9957,1508.298,0.0,930.1427,89.677315,0.014481142,0.0,0.56184995,0.29804403
9958,1473.6846,0.0,691.0195,89.677475,0.013033125,0.0,0.5392886,0.29804507
9959,2044.9442,0.0,1049.0249,89.67764,0.016749617,0.0,0.55010235,0.29804584
9960,1643.7997,0.0,1335.4917,89.67783,0.014511524,0.0,0.56687915,0.29804644
9961,2451.8962,0.0,1161.6617,89.67802,0.017990435,0.0,0.52697915,0.29804805
9962,2372.5295,0.0,1136.8257,89.67819,0.010952212,0.0,0.5531589,0.298069
9963,2158.84,0.0,1378.0706,89.67836,0.015707428,0.0,0.5708677,0.298088
9964,1545.1937,0.0,883.8268,89.6785,0.016284829,0.0,0.5713911,0.29810515
9965,1331.6927,0.0,1158.3915,89.67861,0.013328686,0.0,0.5472118,0.29812062
9966,1584.9015,0.0,912.8585,89.6787,0.014305818,0.0,0.53718626,0.29812145
9967,1730.3292,0.0,1123.6454,89.67876,0.013118852,0.0,0.5474798,0.29812303
9968,1464.6532,0.0,831.3955,89.678825,0.018996116,0.0,0.5136594,0.29812184
9969,2396.8057,0.0,1210.9995,89.67891,0.013782713,0.0,0.5830842,0.29812145
9970,2026.6229,0.0,926.3689,89.67901,0.014352776,0.0,0.5797254,0.29812154
9971,1507.7932,0.0,1304.4427,89.67912,0.015492643,0.0,0.61654747,0.29812202
9972,1529.9954,0.0,1090.7571,89.67922,0.012878006,0.0,0.53398037,0.29812336
9973,1425.0172,0.0,1452.5317,89.67936,0.0151509745,0.0,0.56704855,0.29812485
9974,1645.1963,0.0,936.88196,89.679535,0.014028942,0.0,0.5713996,0.2981263
9975,2278.0752,0.0,959.7107,89.67972,0.014806467,0.0,0.5810441,0.29812777
9976,2275.298,0.0,1122.0497,89.67984,0.015706118,0.0,0.57041794,0.29812905
9977,1982.7766,0.0,992.7423,89.67992,0.015636332,0.0,0.5605094,0.29813033
9978,1914.284,0.0,1125.8525,89.68001,0.01713759,0.0,0.55183935,0.29813144
9979,2259.4229,0.0,1051.5176,89.68012,0.021704402,0.0,0.56103367,0.29813245
9980,1623.5973,0.0,893.9433,89.68018,0.017040372,0.0,0.5129136,0.29813325
9981,2097.8416,0.0,1347.6633,89.68029,0.016428966,0.0,0.5646369,0.29813397
9982,1650.3713,0.0,1411.6783,89.68033,0.014945766,0.0,0.5316435,0.29813454
9983,1707.9093,0.0,953.0579,89.68044,0.015344205,0.0,0.557635,0.29813498
9984,2941.466,0.0,1032.4552,89.6805,0.014106521,0.0,0.5523859,0.29813534
9985,1655.9421,0.0,1119.5148,89.680565,0.016351873,0.0,0.5661019,0.2981355
9986,2023.6448,0.0,1651.2661,89.680595,0.018056057,0.0,0.55573577,0.2981356
9987,2333.1194,0.0,921.2042,89.680664,0.016849887,0.0,0.6262579,0.2981356
9988,1655.3562,0.0,1100.1792,89.68077,0.0150740445,0.0,0.6054981,0.2981355
9989,1566.2927,0.0,982.9273,89.68089,0.017356401,0.0,0.5277583,0.29813528
9990,2236.3428,0.0,977.55194,89.68098,0.015068479,0.0,0.51589704,0.29813498
9991,1695.0912,0.0,972.11743,89.68105,0.017617878,0.0,0.54475933,0.29813462
9992,1971.0106,0.0,940.2973,89.68112,0.015471905,0.0,0.585276,0.29813373
9993,1661.4419,0.0,1317.2969,89.68121,0.013156675,0.0,0.5616398,0.29813278
9994,1974.1213,0.0,1030.4396,89.68132,0.0111374855,0.0,0.5538064,0.2981318
9995,1406.5802,0.0,1055.4069,89.681435,0.0129855275,0.0,0.54925984,0.2981308
9996,1864.1145,0.0,1354.876,89.681526,0.017986294,0.0,0.5276026,0.29812983
9997,1579.9436,0.0,995.32697,89.6816,0.017381452,0.0,0.5426525,0.2981288
9998,1740.2115,0.0,1170.9453,89.6817,0.01669082,0.0,0.5750856,0.29812944
9999,1772.2438,0.0,1290.1285,89.681816,0.015306174,0.0,0.53435653,0.29812995
