,0,1,2,3
0,4.292066e-05,0.012703891,0.10666378,0.019894794
1,0.00069123704,0.026245862,0.6441821,0.033586215
2,0.0032264702,0.020011425,0.14281893,0.01441124
3,0.00021000269,0.017102793,0.20911539,0.01555111
4,0.0021063213,0.011765796,0.5938393,0.018775199
5,0.00017097167,0.006113936,0.24596922,0.022352928
6,0.0010447656,0.019147282,0.17466918,0.007852718
7,0.000317484,0.008745404,0.37108338,0.013017685
8,0.00059123733,0.0089695975,0.43919095,0.03294775
9,0.00052708166,0.008974534,0.33910188,0.00907849
10,0.000103285536,0.0070081223,0.17017433,0.011527041
11,0.0043795793,0.01634103,0.29394323,0.030527715
12,0.0006620987,0.007936159,0.33371872,0.010214241
13,0.00027355872,0.010361901,0.3149152,0.013235691
14,0.0003915787,0.0093670385,0.12757841,0.011165984
15,0.00051328086,0.01303263,0.38780046,0.0132942535
16,0.00058670517,0.010471231,0.43129835,0.012338012
17,0.00039912816,0.008824895,0.3620987,0.034134362
18,0.0005571297,0.012707024,0.14067632,0.010040214
19,0.00019529383,0.007677189,0.1692825,0.01526008
20,0.0011769481,0.019633174,0.53763306,0.011702903
21,0.00018779463,0.0060922317,0.2956978,0.007793668
22,0.0001044932,0.007924027,0.16546014,0.011321534
23,0.0027080034,0.027522454,0.29361638,0.024506725
24,0.00037389956,0.008475192,0.44879016,0.032838047
25,0.00010228901,0.0071523767,0.28781176,0.01441524
26,7.981724e-05,0.006964137,0.13254325,0.011662765
27,0.00048579375,0.011514712,0.32030395,0.013052098
28,0.00011463412,0.007862873,0.43560857,0.020838927
29,9.1655726e-05,0.0058633336,0.3931442,0.0125859
30,0.000137977,0.007302763,0.2000398,0.017987821
31,9.802892e-05,0.0061536357,0.29502794,0.015261591
32,0.00083456916,0.021055194,0.22314748,0.018599952
33,0.00012619076,0.005799529,0.23477404,0.016244216
34,0.0017959625,0.010484562,0.27498218,0.009571268
35,0.000405174,0.009549165,0.27373052,0.0092348615
36,7.696208e-05,0.0067810696,0.429051,0.016659178
37,8.384341e-05,0.0061464678,0.39281374,0.0109898355
38,6.480994e-05,0.0067981146,0.13937011,0.013287087
39,4.512705e-05,0.005785172,0.17038672,0.018035427
40,0.00022454059,0.0113146715,0.4120133,0.008837941
41,0.00033731875,0.0122193005,0.54031324,0.15960822
42,0.00020168831,0.008519063,0.22143905,0.016480554
43,0.00013784824,0.007457573,0.33498392,0.019606404
44,0.00015331047,0.007866665,0.41847605,0.017375171
45,5.3838143e-05,0.005300979,0.47300738,0.009083025
46,0.00015337647,0.005451098,0.28718862,0.09049575
47,5.8462876e-05,0.0063953656,0.23026884,0.008972362
48,5.3852316e-05,0.006836526,0.5470474,0.0117905885
49,4.6304358e-05,0.006647583,0.2951059,0.00819041
50,0.00013728478,0.006279023,0.1480349,0.010721628
51,0.00023570287,0.05361073,0.45171532,0.10613881
52,0.0012192912,0.009620063,0.46860373,0.03033002
53,0.0001857275,0.0113254,0.25495172,0.01609084
54,0.00029483033,0.011091705,0.19766378,0.011361252
55,0.00020456087,0.010405675,0.24624209,0.008674156
56,0.00019406337,0.0056797997,0.5893092,0.018707417
57,9.718188e-05,0.007968541,0.4152789,0.010969523
58,8.1646256e-05,0.008040234,0.17173009,0.014176879
59,1.6435692e-05,0.006255034,0.27234715,0.012464313
60,0.00024917183,0.012471076,0.37482667,0.014806742
61,3.2903125e-05,0.0066778474,0.27583086,0.022567606
62,0.0018686317,0.011856804,0.26764634,0.008102935
63,7.3064715e-05,0.0064794426,0.28063315,0.010150908
64,4.4991964e-05,0.007031233,0.44140348,0.01627807
65,8.713673e-05,0.006107714,0.35408914,0.011337639
66,8.623461e-05,0.008988278,0.1308536,0.0111965425
67,5.1311876e-05,0.005353164,0.3783644,0.06874022
68,0.00093351724,0.011568175,0.33395287,0.0234832
69,3.5996873e-05,0.009419637,0.25024262,0.013789179
70,0.0005883618,0.02029214,0.111403525,0.009076828
71,0.0011909225,0.007092632,0.29689968,0.008517031
72,6.120436e-05,0.0068985717,0.490596,0.016440388
73,0.00014057657,0.0060895877,0.39141917,0.011740137
74,0.0018700747,0.010810368,0.14467166,0.013439758
75,0.00036316994,0.006086474,0.5059123,0.16754377
76,0.0002869769,0.013070861,0.46804678,0.023606414
77,4.690322e-05,0.007223396,0.49131984,0.012530784
78,0.0002594963,0.008036438,0.18546276,0.011189033
79,5.386026e-05,0.005929001,0.2472874,0.009173893
80,0.0105813835,0.020015515,0.30012327,0.018760882
81,0.0006523224,0.0121744685,0.5521091,0.010399895
82,0.0002679077,0.008778462,0.43147528,0.009278167
83,6.40421e-05,0.008071395,0.18952572,0.010263555
84,0.0008523156,0.0067978604,0.58582425,0.015524471
85,9.53151e-05,0.0066262875,0.31921363,0.008928637
86,0.00017838876,0.0063502146,0.15764344,0.009257171
87,6.223756e-05,0.0055117635,0.26380837,0.012688301
88,0.0007653895,0.027706273,0.18118362,0.012793185
89,9.976716e-05,0.0061199265,0.25521797,0.012238003
90,0.0001291009,0.01525575,0.3398379,0.009033952
91,0.00030384018,0.00899407,0.17535424,0.008130808
92,0.00451155,0.020152107,0.3540959,0.07889743
93,0.0009986138,0.012048855,0.33076462,0.008613748
94,0.00017853841,0.008226482,0.11926705,0.015948862
95,3.7878424e-05,0.00696632,0.32644242,0.02038389
96,0.0020816338,0.01301725,0.3058385,0.010245153
97,3.941826e-05,0.005764042,0.46543616,0.0106612425
98,0.0017916384,0.011538757,0.33988842,0.010044911
99,0.00014848997,0.006142098,0.12214279,0.007870313
100,0.000162162,0.00673421,0.57349837,0.012550289
101,4.8039365e-05,0.0056157736,0.32547757,0.0093814945
102,0.000113939604,0.0061111487,0.16433328,0.010163376
103,2.194236e-05,0.0052449,0.27154094,0.01197222
104,0.0009113625,0.0142595265,0.42976665,0.009197457
105,7.0671595e-05,0.0053734574,0.48821592,0.012310545
106,3.837877e-05,0.0055559785,0.22959284,0.010317789
107,0.0001391116,0.0052943924,0.26350838,0.03229706
108,0.0006373274,0.009655193,0.5279553,0.03404411
109,7.225737e-05,0.0063434914,0.49647874,0.011385055
110,0.00039246408,0.00874853,0.3581147,0.043183576
111,0.00047029988,0.006668932,0.2105978,0.009668583
112,0.00050209893,0.011523765,0.60159224,0.013262072
113,5.0125233e-05,0.0061092023,0.26972315,0.009330111
114,4.317772e-05,0.0065489337,0.17274761,0.008659752
115,2.3794028e-05,0.0055830018,0.27587488,0.030222323
116,0.00014903101,0.016184999,0.42232546,0.011460759
117,8.346788e-05,0.0066395,0.481428,0.020934587
118,9.712423e-05,0.008083753,0.31541428,0.01210084
119,0.001593358,0.01635276,0.29314336,0.02034989
120,0.000161253,0.006755611,0.284747,0.026240552
121,0.0053993287,0.026589932,0.3335508,0.019281484
122,0.0050565097,0.010593483,0.42392647,0.0076327645
123,0.0001667615,0.0074733645,0.24735329,0.023360185
124,0.00011858541,0.008370169,0.3551435,0.014784273
125,0.00012020597,0.006868112,0.31405786,0.01051827
126,0.0016551777,0.009633277,0.1796411,0.0090966355
127,0.0015046787,0.013480206,0.40602148,0.020718586
128,0.0002590511,0.007212407,0.4555889,0.027112128
129,8.612161e-05,0.0074266167,0.29841912,0.008267225
130,0.00012842823,0.0059739444,0.12990153,0.012435722
131,0.00049855607,0.01159423,0.45418915,0.1375988
132,0.0026063418,0.011574735,0.43597826,0.012239422
133,0.00020191076,0.005719797,0.399374,0.0139243
134,0.0023042227,0.014814769,0.4226498,0.063589975
135,0.00062951125,0.007371233,0.16673422,0.012250247
136,0.00011416017,0.009526314,0.44472575,0.01305799
137,8.164534e-05,0.0056078574,0.44804138,0.013630901
138,7.4266514e-05,0.0067499746,0.1751613,0.0093899295
139,2.8941147e-05,0.0052698497,0.27481163,0.0104432795
140,0.00034206128,0.009212844,0.41500902,0.016039988
141,5.5495362e-05,0.0052546686,0.46826276,0.011734872
142,1.8285646e-05,0.0055491016,0.35675293,0.014658416
143,0.000114759096,0.0062383087,0.18846469,0.00971038
144,0.0014752522,0.0077188853,0.45317206,0.02028479
145,0.0001652622,0.005876275,0.3573311,0.04108929
146,0.0022140516,0.026717367,0.15112084,0.0148502495
147,0.00020731192,0.006708137,0.45197102,0.08573417
148,8.951918e-05,0.010579473,0.30965796,0.033419374
149,4.723802e-05,0.008947622,0.24060962,0.01942008
150,0.000885308,0.022095477,0.15215658,0.009199593
151,0.00019662219,0.009225313,0.265783,0.0084455125
152,0.00046389637,0.0055273096,0.579184,0.02034309
153,0.00012738472,0.0064311055,0.34674257,0.010728958
154,7.272302e-05,0.0061227567,0.16198894,0.009386833
155,1.819549e-05,0.00512264,0.26096952,0.010181083
156,0.00038794932,0.015550316,0.18503553,0.010129292
157,0.00010437764,0.0061938865,0.26354647,0.010349721
158,7.350713e-05,0.012744705,0.34801263,0.00878031
159,8.226029e-05,0.009178717,0.2636098,0.010637941
160,0.00025832307,0.007654501,0.40975365,0.023650324
161,0.00016352804,0.0061774217,0.36616752,0.01127212
162,0.00025787583,0.007846879,0.18800002,0.015736189
163,9.409222e-05,0.0057529816,0.3370309,0.04355261
164,0.00027536086,0.013464608,0.4311787,0.027285613
165,6.843298e-05,0.013008988,0.26434106,0.016446361
166,0.0044847815,0.032909088,0.17649746,0.012757572
167,0.0014436506,0.008788038,0.31799987,0.013386737
168,4.1310526e-05,0.0062818597,0.5125617,0.027225692
169,8.310187e-05,0.0064013163,0.3243386,0.009757752
170,8.777423e-05,0.0056902394,0.14772391,0.011102403
171,5.5933815e-05,0.0054456475,0.25645596,0.018596616
172,0.00025759588,0.008301969,0.28734276,0.009322147
173,0.00016903451,0.01083714,0.619033,0.07162157
174,0.000342081,0.0069560837,0.25684345,0.012654434
175,5.834295e-05,0.0065377685,0.254826,0.024157716
176,0.0029546325,0.026715579,0.30648187,0.016299108
177,0.00017868062,0.00920742,0.22027907,0.023817873
178,0.0006302993,0.029353369,0.30822486,0.009053287
179,0.0010587367,0.012577026,0.26682267,0.007948518
180,0.000154507,0.008423282,0.385889,0.021084359
181,0.00022600435,0.0068948464,0.37392688,0.008721111
182,0.00018812825,0.0068135173,0.15037796,0.010705657
183,7.235633e-05,0.0055018673,0.59408325,0.098241046
184,7.707994e-05,0.0056958767,0.35631233,0.010412996
185,0.00025197922,0.006148243,0.38694775,0.068303645
186,0.0014240185,0.013790605,0.19480997,0.008923237
187,5.7841626e-05,0.008701287,0.3131831,0.020527381
188,0.0031317705,0.012336196,0.45699176,0.026214464
189,2.6650823e-05,0.0053972513,0.4503023,0.011569789
190,5.593346e-05,0.0052427975,0.22874969,0.010796456
191,8.212806e-05,0.0058930987,0.25479668,0.01752488
192,0.00027624678,0.010388506,0.32730994,0.010247443
193,0.00059702207,0.008134175,0.53538907,0.011400424
194,3.3497094e-05,0.011502372,0.26550364,0.0124542415
195,2.3086595e-05,0.0058383583,0.3985549,0.0113321515
196,0.000440567,0.00896685,0.28215754,0.009392282
197,0.00043645894,0.0065665683,0.5180875,0.01044417
198,0.00033949176,0.008631556,0.2498376,0.011528447
199,0.00021239265,0.006223427,0.27680898,0.020141214
200,0.001467416,0.015837386,0.5362507,0.01690256
201,2.9495017e-05,0.007530365,0.5229398,0.011383889
202,0.00015506924,0.005849775,0.23163232,0.012634493
203,5.5102762e-05,0.006400714,0.21753733,0.031578984
204,0.0044730795,0.014498101,0.38658863,0.017756104
205,0.00016817721,0.00734564,0.5353266,0.01268624
206,0.00079153874,0.013653723,0.4281565,0.0099895075
207,0.00010849486,0.008583901,0.18494955,0.0085932305
208,0.00094667124,0.0064970367,0.5993818,0.020557046
209,0.000121627534,0.0068482673,0.30025846,0.008834996
210,0.00015760164,0.006934599,0.15672673,0.01392753
211,0.000102863276,0.0055288747,0.30651966,0.058030307
212,0.00093860243,0.0171321,0.2536541,0.015392641
213,0.0001338099,0.007599619,0.24797457,0.011710928
214,0.00028676074,0.015352601,0.19461864,0.009089814
215,0.00032209398,0.013431615,0.23904362,0.010413434
216,0.0021795302,0.013367047,0.3803097,0.05957241
217,0.0010466558,0.011246086,0.3645475,0.008790573
218,0.00028174627,0.0077676335,0.1333149,0.009492163
219,4.4852455e-05,0.00797126,0.2477955,0.011617199
220,0.0056162444,0.032588623,0.24850717,0.040634368
221,0.00012133719,0.006679536,0.23958491,0.013311475
222,0.00013351846,0.023960913,0.29929897,0.008241533
223,0.00010608989,0.010414367,0.23380971,0.0076186326
224,0.0003065751,0.008254839,0.38279653,0.06332463
225,0.00029634798,0.005946422,0.22137415,0.05157208
226,0.0003904184,0.008946811,0.20286179,0.014953543
227,0.000699217,0.011262255,0.58514273,0.050082266
228,7.0546506e-05,0.00787242,0.41087243,0.01980355
229,8.24228e-05,0.005433146,0.53022385,0.009549153
230,0.00014639695,0.0059858374,0.1616165,0.009124983
231,4.3788878e-05,0.005385955,0.26394108,0.016659679
232,0.00090194214,0.0066126464,0.43778953,0.014249101
233,0.00010124389,0.0058026253,0.25198555,0.015120111
234,7.5215445e-05,0.00708458,0.46036813,0.017541679
235,6.953196e-05,0.0062982948,0.3086465,0.013379463
236,0.00056830345,0.0055604684,0.3283042,0.009779216
237,0.00018053908,0.006103738,0.5448922,0.019655256
238,0.00023143605,0.006272734,0.25832853,0.009760851
239,0.0003208976,0.006112422,0.24952528,0.03257428
240,0.00023331086,0.00881618,0.42290533,0.034458924
241,5.5993965e-05,0.006181251,0.45506805,0.009503307
242,3.0878753e-05,0.006216212,0.381965,0.02872824
243,0.00015867212,0.0059763733,0.18550299,0.008598503
244,0.0004489592,0.0073723425,0.5530044,0.011779146
245,5.757682e-05,0.0065798517,0.34542698,0.009461698
246,4.4686793e-05,0.012129354,0.18147343,0.012707708
247,2.3993365e-05,0.005436245,0.26491186,0.015421437
248,0.000102054946,0.0068335403,0.24782401,0.01261688
249,0.000121424564,0.0063648243,0.53199947,0.03285405
250,0.00018695503,0.008582525,0.35402584,0.010189018
251,6.105399e-05,0.0064489217,0.34514078,0.10483931
252,0.00018850897,0.010593051,0.25736436,0.010544152
253,0.00016373277,0.0061694058,0.32174742,0.019098578
254,0.0004975045,0.012502519,0.39974332,0.008834493
255,0.015811834,0.043024383,0.25421664,0.011298412
256,0.0012442892,0.054055158,0.44545925,0.015640702
257,0.00018170662,0.006374193,0.6213233,0.019669712
258,0.0012706107,0.008827802,0.2162516,0.011797194
259,0.000110043504,0.00702101,0.40109795,0.079570696
260,0.0010244921,0.0062641227,0.35401517,0.017654262
261,7.932754e-05,0.008006221,0.2277481,0.014629894
262,0.0011438204,0.008068288,0.16891372,0.0077206152
263,0.0021778266,0.009127745,0.27161127,0.009254534
264,0.0008209777,0.0074741654,0.50771296,0.02397269
265,8.277205e-05,0.0055664796,0.3761396,0.007934695
266,0.000111670044,0.0056053046,0.14717647,0.012207506
267,5.425775e-05,0.0056326296,0.16205136,0.011710774
268,0.0001138101,0.008575036,0.42495638,0.011527343
269,0.00015582265,0.0060591893,0.51458585,0.026447583
270,0.0001364253,0.007309176,0.15403394,0.008704073
271,0.00024276451,0.017550582,0.41314334,0.039241936
272,0.0031786992,0.020846352,0.48490387,0.054393154
273,0.00029837314,0.010313273,0.5989505,0.01118391
274,2.79097e-05,0.007703868,0.27592203,0.013899138
275,0.00010254363,0.0060399803,0.30962583,0.043263223
276,0.0007551611,0.0078022536,0.29525325,0.008340043
277,5.74153e-05,0.006828092,0.45294666,0.009877681
278,0.00026852658,0.011539649,0.29985076,0.050626498
279,0.0003740222,0.012010913,0.23544696,0.008637132
280,0.00011303076,0.006731386,0.5527672,0.017760547
281,5.6546873e-05,0.006116748,0.28992826,0.008858208
282,3.1377203e-05,0.006427594,0.17018586,0.010645758
283,1.4273051e-05,0.0051248656,0.24731931,0.014984619
284,0.0017109347,0.016106214,0.20820713,0.009171305
285,6.0102233e-05,0.0055118897,0.26738214,0.012692209
286,0.0008336019,0.012311551,0.31489456,0.010274496
287,0.00010798631,0.0061300136,0.27368778,0.008749748
288,9.0189635e-05,0.0058521223,0.4841108,0.011549678
289,6.5783854e-05,0.006763828,0.32255995,0.009635329
290,0.00020784502,0.0059497114,0.12466398,0.013787309
291,0.001579767,0.06107732,0.33464646,0.096166745
292,0.00022966905,0.010571414,0.48985887,0.041142542
293,0.0011413054,0.007946106,0.26617926,0.010298956
294,0.0013687557,0.02655182,0.13561252,0.012876202
295,0.00055405975,0.021557363,0.31089643,0.008526899
296,0.0007470012,0.007281146,0.5182775,0.014236429
297,8.1345504e-05,0.0065199514,0.40887225,0.016790375
298,0.00033701138,0.016479023,0.17650847,0.009239798
299,6.679006e-05,0.0068704095,0.19269717,0.052422926
300,0.00017260757,0.0069323964,0.4762569,0.008106416
301,0.000224239,0.006911112,0.58697855,0.03813082
302,0.0010131667,0.010031462,0.3163773,0.016876772
303,0.00023367516,0.0058236727,0.23286691,0.012520494
304,0.006558104,0.011958237,0.46533805,0.018310504
305,0.00011543689,0.005291905,0.47415036,0.013756421
306,4.7598784e-05,0.0076447125,0.24161384,0.008887773
307,4.616344e-05,0.0052921507,0.339912,0.053365808
308,0.0013057495,0.0056351265,0.41401967,0.011521101
309,3.324454e-05,0.005211392,0.5147347,0.011763117
310,0.00017796426,0.00953236,0.21625754,0.010009044
311,0.00010384115,0.005714059,0.28366476,0.034079816
312,0.00051667617,0.009557811,0.44480264,0.016734991
313,5.2537995e-05,0.0052267965,0.45698464,0.008811571
314,0.00026543002,0.005499276,0.3506462,0.11438148
315,0.00021169451,0.0064711696,0.19845974,0.008929182
316,7.826407e-05,0.007042856,0.5375706,0.0118942745
317,7.300973e-05,0.006398831,0.321915,0.008892808
318,0.00055672205,0.010838925,0.15085378,0.012022831
319,0.0010770863,0.03731901,0.20409882,0.07687457
320,8.268015e-05,0.0063433847,0.42808408,0.014552997
321,0.00016443215,0.00930097,0.25597972,0.018193098
322,0.00026181806,0.017766599,0.18929975,0.010052355
323,6.3913874e-05,0.0054317443,0.25208372,0.009098254
324,0.00031397172,0.006400247,0.6424837,0.018719057
325,0.00012794323,0.005689012,0.34637833,0.0085599
326,8.2168925e-05,0.006461569,0.17146508,0.009927843
327,1.0940729e-05,0.00507269,0.26777506,0.01999047
328,0.0002687112,0.010104463,0.21672752,0.011404212
329,9.317089e-05,0.0059565967,0.5469159,0.046596672
330,8.37923e-05,0.007660613,0.3309213,0.010409608
331,4.283963e-05,0.013208011,0.25037634,0.05853142
332,6.572169e-05,0.006456739,0.28469077,0.015030392
333,0.0002745432,0.007825245,0.33421052,0.017327204
334,0.0002095145,0.0072044292,0.4336382,0.007296353
335,6.388629e-05,0.0065641636,0.3323118,0.019093666
336,0.008509155,0.015465718,0.4393565,0.009579392
337,0.00020288838,0.006229112,0.55195963,0.018710466
338,0.00034805224,0.008854546,0.22950637,0.009090801
339,8.0328566e-05,0.005828405,0.2789812,0.051853593
340,0.0019695892,0.009503753,0.50379527,0.027589224
341,0.00014582943,0.0059317993,0.49530432,0.009215937
342,2.1802121e-05,0.0059401207,0.18255869,0.02599599
343,4.5482764e-05,0.005211953,0.2957195,0.011337627
344,4.9465933e-05,0.0051670675,0.3813538,0.012674932
345,0.00034719668,0.0055902624,0.44870216,0.011039151
346,0.00033043037,0.0098209325,0.16405594,0.010400945
347,0.0025111595,0.0060719415,0.32103902,0.065786645
348,0.0011255547,0.010511553,0.35680813,0.013052316
349,3.7701924e-05,0.007991989,0.2512456,0.020518042
350,6.363294e-05,0.024023362,0.11138785,0.013211263
351,0.00012769767,0.006289757,0.31799817,0.009224278
352,2.8941513e-05,0.005674385,0.5020982,0.011886019
353,0.00013427158,0.0062023886,0.36521536,0.010923067
354,9.1924674e-05,0.009295379,0.14137134,0.011506544
355,0.0003757637,0.007339491,0.4198559,0.1254899
356,0.00718149,0.012434811,0.48776674,0.030358955
357,0.00025443351,0.0060986253,0.3834258,0.013844999
358,0.00088213093,0.0064074034,0.37918743,0.09479906
359,0.00012928266,0.0059464234,0.18992913,0.008989402
360,0.00027949375,0.007076225,0.5000366,0.010014317
361,7.1978415e-05,0.0063947774,0.45462817,0.009930389
362,0.00016390142,0.006436386,0.16229177,0.009980288
363,2.4665938e-05,0.005883944,0.28226468,0.03393568
364,0.0015400437,0.00901882,0.37375683,0.019065138
365,4.1796273e-05,0.007913442,0.23875737,0.018786054
366,0.00022851997,0.008793596,0.2627188,0.008367092
367,0.00040941982,0.011507686,0.23288369,0.009246839
368,9.1639966e-05,0.0061503625,0.485884,0.022120811
369,9.858919e-05,0.0055900738,0.30426753,0.009716092
370,4.78958e-05,0.007278802,0.131879,0.00867221
371,0.00013791594,0.005586806,0.4054556,0.076580435
372,0.0034886135,0.02189493,0.63132364,0.039256137
373,0.00011083107,0.015173431,0.55146855,0.020113587
374,0.00022718597,0.005519453,0.24802312,0.010992255
375,0.00014333564,0.006072504,0.30411988,0.05038381
376,0.00043854024,0.0064224554,0.3895979,0.018002404
377,2.6614656e-05,0.0060283504,0.45340604,0.009375558
378,0.0009830912,0.008303828,0.3862545,0.040420067
379,0.00017255283,0.007572747,0.13849543,0.008496577
380,8.897929e-05,0.0069088805,0.5431172,0.02680085
381,4.9900336e-05,0.006061107,0.27811456,0.009378758
382,3.5159075e-05,0.0074030664,0.16743848,0.009759751
383,5.223804e-05,0.00521241,0.26405257,0.010075815
384,0.0019132152,0.014117775,0.19612154,0.0078586545
385,0.00011413569,0.0072445124,0.25681764,0.012812777
386,0.00015796823,0.008072193,0.37932777,0.00814736
387,0.00033308796,0.006940782,0.25743437,0.00977309
388,0.00048567008,0.007962883,0.40663987,0.02012629
389,0.00018600388,0.0065022204,0.3403399,0.049980287
390,0.0016322043,0.011960499,0.16370536,0.015807785
391,0.00031662433,0.006535341,0.3865016,0.08520396
392,0.0028053655,0.007905698,0.31177115,0.013823794
393,6.273983e-05,0.007126823,0.23199567,0.015012619
394,0.001392876,0.011520869,0.25998825,0.008795474
395,0.00027168044,0.00875196,0.19834058,0.007722935
396,0.000116557174,0.006603219,0.5380143,0.018091528
397,0.00013260996,0.0059793023,0.3125,0.009898912
398,4.4090273e-05,0.005827746,0.15448162,0.0104220435
399,3.2677373e-05,0.0053756568,0.2669527,0.020081617
400,0.00013062953,0.008127793,0.2382586,0.011488309
401,0.000560407,0.0054568155,0.57121754,0.112630606
402,0.00046223451,0.010326302,0.3874023,0.0109718535
403,0.00020885243,0.007397674,0.26868552,0.057979587
404,0.00034657636,0.009798316,0.26007327,0.015396573
405,0.0001520896,0.0065743355,0.2987699,0.01536761
406,0.00029960583,0.008432601,0.36871347,0.007444231
407,0.00026579222,0.008257994,0.22124669,0.049065605
408,0.00041776052,0.0056169005,0.52178454,0.06844002
409,2.6117254e-05,0.00623284,0.47540423,0.015351569
410,9.3851464e-05,0.005782946,0.3074038,0.020469278
411,0.00074936927,0.0063250954,0.2052056,0.008545033
412,0.0010407207,0.008878093,0.6021029,0.013680685
413,4.209626e-05,0.0066021583,0.31954524,0.00909964
414,7.28329e-05,0.007141494,0.17459433,0.009930313
415,6.7666486e-05,0.0050911093,0.27164137,0.012715886
416,0.0015750187,0.013899379,0.37665075,0.021040238
417,4.995775e-05,0.0060850047,0.27258223,0.02394088
418,0.0006399256,0.014670087,0.26069915,0.008968303
419,0.00013641386,0.011627572,0.27191433,0.009491982
420,0.001388369,0.006958805,0.42125064,0.0267259
421,0.00024606066,0.0060449494,0.33911797,0.044159334
422,0.0001680123,0.009304097,0.18504524,0.012442226
423,0.00027496094,0.0070207175,0.3621815,0.05756317
424,0.00089252036,0.010524391,0.31750184,0.0127202
425,7.013068e-05,0.006669027,0.23327784,0.017872833
426,0.00034419898,0.0071256626,0.26333624,0.008311732
427,0.0006543565,0.012935268,0.24248849,0.007784268
428,0.00024297817,0.0060553304,0.49180537,0.041357413
429,0.00018120727,0.005584591,0.38665432,0.009638682
430,0.00011706563,0.007727058,0.15697682,0.01000715
431,0.00019011696,0.0066964757,0.27705428,0.06829484
432,0.00015550367,0.02035579,0.4229462,0.05343842
433,0.00019798009,0.0057632825,0.49084985,0.011898948
434,0.0014945071,0.00932207,0.14212132,0.009469846
435,0.0020649305,0.014005657,0.34894595,0.040754892
436,0.0029176942,0.0094844755,0.43126023,0.009545716
437,8.581868e-05,0.006460751,0.56455886,0.015758011
438,0.00030365834,0.006146266,0.18875818,0.008539391
439,3.1326115e-05,0.005528605,0.2895767,0.021266602
440,0.00027066557,0.007448921,0.3576764,0.011499781
441,9.12786e-05,0.0061273538,0.25947708,0.017873213
442,0.005806313,0.015264114,0.21745443,0.011796594
443,0.0006697258,0.009840185,0.30838197,0.011308725
444,0.00029529672,0.009077948,0.41363865,0.0146368425
445,7.338178e-05,0.006075369,0.3983323,0.012612968
446,0.0011408291,0.008255095,0.13868485,0.01023892
447,5.0662675e-05,0.0053343233,0.40914226,0.08537705
448,0.0008398282,0.018679943,0.2900569,0.01083872
449,5.7792175e-05,0.0072152973,0.22946593,0.015059176
450,0.000114626775,0.0075638797,0.2651244,0.009282712
451,0.00043863794,0.0071024206,0.25258598,0.009220734
452,0.00010246749,0.007515042,0.44788688,0.027371343
453,0.00015112173,0.005705629,0.40821797,0.010247237
454,0.00034993817,0.008672934,0.13857871,0.012883584
455,4.1967814e-05,0.0056322115,0.349333,0.061199233
456,0.0007786095,0.013537455,0.16557811,0.00965726
457,0.0001282099,0.0067722183,0.23363456,0.017564323
458,5.994634e-05,0.011759266,0.30274677,0.009483445
459,0.00048574543,0.01002365,0.24819598,0.008061717
460,0.00026394508,0.006484977,0.43377393,0.01128007
461,0.0001648745,0.0060357423,0.39480504,0.009352655
462,0.0004058061,0.0076144915,0.13821074,0.0149327
463,0.00032841656,0.005774683,0.38071832,0.05575891
464,0.001254845,0.012683337,0.15831017,0.011055214
465,0.0001895337,0.008059502,0.23697595,0.018077858
466,0.00073329214,0.010317529,0.2315241,0.009708337
467,0.00021917075,0.0069187386,0.20799229,0.007954127
468,9.604595e-05,0.0069552455,0.5557767,0.01776079
469,0.00014488076,0.0063396315,0.27671942,0.0098685995
470,3.1340813e-05,0.0073557175,0.16507477,0.011221269
471,1.8646482e-05,0.0055254167,0.27166635,0.028119158
472,0.00041383517,0.00966166,0.21075413,0.015623103
473,0.00065168843,0.0062376102,0.52909803,0.05458616
474,0.00040705304,0.0075373054,0.36120054,0.011336992
475,0.0011791803,0.0374562,0.27012157,0.01634571
476,0.00089508033,0.010030143,0.3384477,0.009646625
477,0.00030315717,0.008192111,0.6679368,0.018857848
478,0.0038200638,0.06320596,0.1727112,0.04706927
479,0.0009257263,0.009439504,0.17509747,0.024804369
480,0.000433069,0.008347804,0.37268588,0.014658843
481,0.0006513139,0.015359172,0.42159674,0.05465958
482,0.0022282735,0.024482735,0.16638833,0.0084537985
483,0.00018206732,0.014064995,0.39357385,0.013611225
484,0.00091934204,0.0069462284,0.33083367,0.049603578
485,0.00030223333,0.009316203,0.4975402,0.02195942
486,0.120236225,0.042007577,0.13648859,0.012259953
487,0.0018161671,0.010097859,0.32972005,0.033320367
488,0.00021317723,0.0075100493,0.27224565,0.036664233
489,9.4188756e-05,0.0076388326,0.46637508,0.009672508
490,0.0026026426,0.013616531,0.21064469,0.008835159
491,0.00024179988,0.006444519,0.14494324,0.023748238
492,0.00015294229,0.0073212115,0.3583903,0.016715806
493,0.00016415783,0.0061668316,0.40403557,0.012240052
494,0.0012319213,0.008683774,0.22044027,0.009123067
495,0.00071821734,0.011998456,0.48911446,0.27808818
496,0.0020656993,0.07851829,0.24027924,0.0088652335
497,0.0001214957,0.006198173,0.7965729,0.021850701
498,0.00023664592,0.015442686,0.2728402,0.0126185715
499,0.00011718051,0.006097923,0.4367292,0.113473475
500,0.00020293784,0.010081198,0.39458477,0.023124056
501,0.00034045812,0.008489775,0.34581208,0.021829367
502,0.00010800034,0.007200425,0.38336265,0.07548313
503,0.00013783,0.0061260555,0.206768,0.00820965
504,0.00028405097,0.0075730477,0.54280424,0.020122718
505,0.00011075108,0.0064091133,0.36516723,0.012132042
506,7.181464e-05,0.011020703,0.14753228,0.01074656
507,3.7740607e-05,0.005349418,0.26790857,0.011540501
508,0.00026021322,0.00846121,0.2785449,0.018501151
509,0.00016453316,0.00679204,0.5728731,0.02909702
510,8.5869506e-05,0.0062565207,0.25108707,0.010053124
511,7.3794356e-05,0.006688943,0.18587986,0.014866675
512,0.00526778,0.01133866,0.26674306,0.010889828
513,0.0017352027,0.005561329,0.4212092,0.044642612
514,0.00120755,0.012015967,0.31309015,0.037811775
515,0.0004380104,0.006599647,0.3034173,0.009727804
516,3.9031263e-05,0.008130492,0.54694045,0.018248007
517,9.342505e-05,0.006078537,0.40980124,0.01949538
518,2.6405101e-05,0.007123967,0.15172628,0.011455849
519,2.2948756e-05,0.0057240757,0.16893134,0.012570017
520,7.487376e-05,0.0073079015,0.553187,0.019240605
521,0.0019306404,0.00914829,0.4852118,0.010122985
522,0.00038762784,0.0135046905,0.3004189,0.012817412
523,0.00080734235,0.017437834,0.35692692,0.10984056
524,0.0013542117,0.017075393,0.26019466,0.012039336
525,9.068659e-05,0.0055985632,0.63681304,0.017105386
526,0.0001684949,0.011027118,0.25370306,0.011420092
527,0.00026607772,0.008599218,0.43821582,0.089208454
528,0.00047942833,0.008349337,0.43438578,0.014643055
529,4.8168888e-05,0.005932183,0.46397218,0.010333035
530,2.9396666e-05,0.005132838,0.34175524,0.08648783
531,5.304339e-05,0.0058572227,0.2241675,0.009222233
532,9.6081596e-05,0.007892333,0.4886385,0.017275486
533,5.0762224e-05,0.0064500035,0.32652327,0.012481457
534,0.00013978886,0.01023221,0.14365594,0.011321558
535,0.00026829322,0.0064363303,0.52810305,0.14547339
536,0.00035318613,0.0115214195,0.40522557,0.019320842
537,0.0007897252,0.005810091,0.4142656,0.026795678
538,0.00018784599,0.0060797585,0.35084113,0.09757228
539,8.313138e-05,0.005551617,0.21812904,0.00832328
540,0.00045034217,0.010589693,0.56023633,0.011558169
541,6.510255e-05,0.00593777,0.34136876,0.01261308
542,6.152488e-05,0.0065049552,0.1620214,0.0109644085
543,2.4848614e-05,0.0054065543,0.27948523,0.023215687
544,4.2993033e-05,0.013986502,0.41114283,0.016998325
545,5.63998e-05,0.006113638,0.39306888,0.011854033
546,1.1023879e-05,0.005744499,0.25188157,0.008991346
547,9.916316e-05,0.0060202894,0.20433275,0.007872652
548,0.0026013895,0.0061191563,0.6674937,0.024773542
549,0.0006205649,0.0067550023,0.45075488,0.010501005
550,0.0001110311,0.008982044,0.16017444,0.009857385
551,4.538704e-05,0.0057958765,0.34146935,0.01812173
552,0.0009620139,0.007833314,0.27078947,0.010269883
553,1.0388971e-05,0.005579787,0.23244981,0.023303045
554,0.00087235624,0.010669324,0.28310072,0.009436194
555,0.00033639098,0.010353953,0.2756893,0.010186635
556,6.904857e-05,0.0060756626,0.4682219,0.020387819
557,7.367356e-05,0.0064422307,0.35823175,0.008955713
558,9.572807e-05,0.00632562,0.14554802,0.009963132
559,3.888703e-05,0.00519567,0.33397087,0.06332727
560,0.00030205486,0.019605123,0.14332472,0.008339528
561,0.00013775559,0.009234252,0.23668164,0.018699199
562,0.00031463074,0.010122256,0.24214736,0.02421428
563,0.0006856834,0.010675856,0.3133308,0.008250556
564,0.0005589993,0.007787464,0.56305754,0.014939035
565,8.634589e-05,0.008136872,0.39705476,0.022012021
566,8.447319e-05,0.012796468,0.15395951,0.013309312
567,0.00010995827,0.008056072,0.19416985,0.011790955
568,9.442593e-05,0.006869545,0.52181613,0.024849836
569,0.00023852946,0.008200643,0.56072557,0.027968751
570,0.00031365867,0.009604614,0.3507914,0.01249855
571,0.00015623696,0.0065837153,0.39922413,0.09929322
572,0.0001568798,0.044314276,0.22967422,0.008810496
573,4.710844e-05,0.0060338164,0.5504334,0.011272291
574,0.0002535466,0.0080984775,0.16285437,0.010344788
575,3.6741883e-05,0.006060087,0.5119419,0.063036785
576,0.00019653936,0.008330804,0.33184037,0.016526047
577,0.00010868278,0.0052277977,0.4801,0.010535259
578,3.8813097e-05,0.0054721567,0.333229,0.07075554
579,6.221749e-05,0.0055271178,0.22264789,0.008881936
580,6.2905354e-05,0.008902213,0.51457846,0.051069643
581,4.5269535e-05,0.0060990816,0.32559246,0.010121884
582,0.00013121,0.0072443616,0.1349456,0.009962276
583,0.0007697726,0.008362951,0.43977684,0.11521487
584,0.0003564462,0.016258378,0.28010678,0.02486585
585,0.00014736065,0.007249932,0.25336808,0.021855071
586,0.001466468,0.030521102,0.10150121,0.009166057
587,0.0004987934,0.006566706,0.25216323,0.008249368
588,0.00017937728,0.0063058236,0.5983389,0.0134281805
589,0.00022836534,0.006068806,0.3000279,0.0087387
590,7.931115e-05,0.005512862,0.14272347,0.010231394
591,0.006518635,0.007366456,0.32405275,0.0780157
592,0.0044976473,0.015286335,0.25536454,0.019295843
593,0.00013513982,0.0068896865,0.5352613,0.042139914
594,8.492974e-05,0.0061326707,0.2399694,0.011067731
595,6.0010632e-05,0.006702834,0.18837063,0.028612632
596,0.00028022955,0.015965305,0.4450359,0.014786022
597,0.00050974946,0.008095951,0.5148222,0.011334601
598,0.0005071302,0.008159527,0.41723678,0.022253815
599,0.0025655692,0.011330486,0.41686147,0.15061815
600,0.00032945574,0.0056257364,0.44523305,0.009606628
601,0.0024687408,0.007720695,0.46136078,0.010353675
602,0.0009866221,0.0086615365,0.17641406,0.009108053
603,3.934358e-05,0.005055096,0.3833695,0.049727928
604,0.00043711014,0.007923932,0.3610285,0.026779586
605,9.689035e-05,0.0066070976,0.52062577,0.0140985055
606,7.938898e-05,0.006509533,0.3830613,0.03375095
607,0.00026608384,0.007609796,0.17772906,0.007869739
608,0.000111156,0.00748288,0.6146686,0.013738386
609,5.991142e-05,0.006011362,0.39702556,0.009530081
610,0.00019123594,0.006084431,0.17375487,0.00865992
611,2.0198278e-05,0.0052994033,0.26977834,0.011999628
612,0.00055075955,0.010389768,0.4175129,0.012461648
613,4.5975357e-05,0.0066511794,0.48884314,0.015811183
614,3.0152574e-05,0.0060875276,0.23314333,0.0108995885
615,0.000101976286,0.0056400746,0.19692986,0.025871348
616,9.99376e-05,0.009694381,0.396954,0.011598402
617,0.00013827394,0.0056865946,0.5201322,0.10653444
618,0.00014535458,0.0067244056,0.31611726,0.027740043
619,0.0003712676,0.007140015,0.25636965,0.0077731954
620,9.6546224e-05,0.0070422757,0.56656694,0.016135905
621,9.590095e-05,0.006453487,0.42803454,0.012911849
622,0.00010222474,0.007818525,0.14298801,0.011964755
623,2.7208347e-05,0.0063431887,0.17694764,0.012009764
624,0.00017486047,0.015871897,0.53547454,0.012777346
625,0.00010402727,0.0060646916,0.46075177,0.009594487
626,0.000115618874,0.0080168005,0.14781396,0.010661863
627,0.0006094809,0.017121986,0.4301679,0.20365067
628,0.0008786912,0.013601244,0.5684968,0.020959795
629,0.00012616799,0.0071956622,0.56759775,0.019410845
630,8.1173224e-05,0.0062944503,0.19379257,0.009667727
631,3.7592108e-05,0.005502587,0.34674096,0.07109064
632,0.0001280543,0.0079090465,0.35086867,0.01324876
633,5.590298e-05,0.005698451,0.23385617,0.018105358
634,0.0010135977,0.012935741,0.21649186,0.007228901
635,0.00046207308,0.008311711,0.27644423,0.010980898
636,0.0008022216,0.0068447636,0.5004771,0.015916789
637,6.335489e-05,0.0064721955,0.33113787,0.009879423
638,0.00013416156,0.0066885073,0.16026625,0.014317176
639,2.7312923e-05,0.0053889183,0.26162,0.02306235
640,0.008370747,0.030609159,0.16105425,0.010019494
641,8.252589e-05,0.006560573,0.235753,0.013609472
642,0.0016210001,0.011847035,0.2213265,0.010845402
643,0.00032370313,0.011398827,0.24373798,0.009669383
644,0.0018371857,0.013899842,0.39685202,0.05331974
645,0.00023827382,0.014255557,0.39063394,0.009266648
646,0.00024856854,0.0076965033,0.127657,0.015561921
647,5.3435422e-05,0.009214651,0.22829363,0.01225988
648,0.0010129772,0.028642785,0.25775212,0.0099387895
649,0.0001243926,0.00608332,0.26325163,0.011850575
650,0.00023370414,0.027791126,0.33775198,0.007908567
651,0.0001462957,0.008205433,0.25216684,0.008489926
652,0.00024277624,0.007826645,0.3807289,0.029854367
653,9.298182e-05,0.006593801,0.39530942,0.0094315875
654,0.0021402212,0.015772264,0.15049781,0.013896735
655,3.165804e-05,0.0063395193,0.44771957,0.09640947
656,4.3390384e-05,0.0067063714,0.4183092,0.009928024
657,0.000102969556,0.0053407573,0.50736386,0.012848632
658,0.0021811135,0.010957208,0.26077408,0.00878584
659,0.0037518495,0.009792209,0.56579435,0.46687776
660,0.017113434,0.013550503,0.30360895,0.03721436
661,0.00023456055,0.010932421,0.32184267,0.074202016
662,0.00021407801,0.009346625,0.21088473,0.008992407
663,0.00014837834,0.0058645783,0.25451505,0.011548227
664,0.0013864608,0.0213362,0.5058862,0.015395255
665,7.682871e-05,0.0057519497,0.4262278,0.0121869845
666,0.0006856973,0.013455087,0.15040235,0.010625672
667,5.1908963e-05,0.007175581,0.35734624,0.04656726
668,0.00096900907,0.0077608125,0.34002876,0.016497135
669,8.065554e-05,0.0076264613,0.2470428,0.011406642
670,0.000711993,0.029148819,0.1234118,0.008874841
671,0.0002730072,0.0058732955,0.25783843,0.011453692
672,0.0005062777,0.008280288,0.52330434,0.034526143
673,0.00014328174,0.0061579794,0.3636365,0.008950983
674,0.00024020803,0.009581992,0.13956712,0.011563592
675,0.00026243454,0.0066067614,0.44934732,0.119517595
676,0.0018400318,0.009699943,0.45797318,0.0505898
677,0.00046732952,0.006234481,0.5377242,0.021866653
678,4.033421e-05,0.0071325544,0.26593262,0.052333727
679,6.6762805e-05,0.007105576,0.2790042,0.010952005
680,0.00026835807,0.006601043,0.4295815,0.009410383
681,9.0941496e-05,0.005454751,0.5637367,0.012473238
682,0.00013413792,0.008463937,0.29505116,0.009286525
683,7.540341e-05,0.0064398637,0.3733078,0.06470001
684,0.00021604438,0.0075616613,0.24931741,0.02680199
685,0.0001586952,0.0060314527,0.30054912,0.0180416
686,0.001423017,0.010611853,0.22709143,0.008587687
687,0.0005943628,0.012568518,0.34537786,0.010987181
688,0.0002063247,0.00985096,0.517877,0.012459117
689,7.602043e-05,0.0068821115,0.2985431,0.008819628
690,0.000113307215,0.005381365,0.14998917,0.012410516
691,3.522077e-05,0.0054744375,0.3234702,0.06923327
692,0.000417472,0.009625627,0.27588394,0.020374173
693,0.00015611733,0.0062334873,0.4804984,0.029357323
694,8.63718e-05,0.008806409,0.20181677,0.016938243
695,0.00013099413,0.0070681022,0.20854837,0.009283522
696,0.00015572044,0.0066354363,0.5856612,0.011871717
697,0.00019256132,0.009241516,0.5150453,0.016703652
698,0.00037873766,0.0064352616,0.22692463,0.010259462
699,4.1349816e-05,0.0063266233,0.23906212,0.01382654
700,0.021137603,0.032017868,0.25041687,0.008268561
701,0.000108701366,0.0062420596,0.21209686,0.011476948
702,0.00017146213,0.025758825,0.29339963,0.00918155
703,0.00075829757,0.010543175,0.39489755,0.047297154
704,0.00032860672,0.011458937,0.4655788,0.011348779
705,0.00018107005,0.006862266,0.325329,0.031674944
706,0.0013234738,0.022809776,0.15082335,0.014159389
707,9.292923e-05,0.006980227,0.18534753,0.011401901
708,0.00015516908,0.03036874,0.46694311,0.010854884
709,0.0002803536,0.0058281156,0.37377033,0.06641851
710,0.00012167357,0.009744434,0.19285938,0.010554808
711,0.0011133372,0.010029724,0.29874918,0.044793546
712,0.001273978,0.008427397,0.4604813,0.011909438
713,0.00012989847,0.005864312,0.25343645,0.018814912
714,9.102618e-05,0.009830175,0.13434517,0.006887108
715,0.000547383,0.009498343,0.27422655,0.009896879
716,0.00045251782,0.011172176,0.5719879,0.015652947
717,0.00010174122,0.00901821,0.3464865,0.009498594
718,0.00019895592,0.0062480583,0.14936757,0.009691542
719,3.907588e-05,0.00554156,0.42529058,0.08729009
720,0.0008245524,0.008220093,0.2581875,0.017978579
721,0.0011062982,0.006995598,0.3812893,0.012583776
722,0.000552045,0.006204919,0.3789116,0.03404494
723,0.0003414045,0.0074031744,0.18432818,0.008536259
724,0.00016699647,0.011409201,0.4831899,0.011523174
725,7.2722665e-05,0.005197717,0.42338508,0.011393953
726,4.919782e-05,0.0075788223,0.14701822,0.009632623
727,5.4479493e-05,0.005721952,0.31821656,0.039718926
728,0.000793278,0.02163235,0.36785492,0.044519708
729,1.8493345e-05,0.0060524577,0.48902053,0.011496725
730,0.0002409401,0.0057862597,0.3549851,0.02805641
731,0.00021010144,0.005837741,0.17623842,0.008579388
732,0.00019851311,0.006576767,0.58014536,0.011659234
733,3.1789423e-05,0.0076405546,0.38281345,0.012122381
734,0.000114404895,0.005683429,0.17510067,0.011235939
735,2.3646999e-05,0.0051315087,0.26700547,0.016641915
736,0.0022771053,0.016526386,0.36530253,0.010565251
737,5.2428277e-05,0.0054362663,0.4747349,0.01592738
738,2.1087064e-05,0.0059192376,0.3542977,0.009768205
739,6.788656e-05,0.008766573,0.19219719,0.008703681
740,0.0004149655,0.0067294557,0.4501245,0.010515602
741,4.0935935e-05,0.005694184,0.34534544,0.010617979
742,0.00012488397,0.0072965845,0.1959065,0.010248767
743,9.2232316e-05,0.006652612,0.33648747,0.03295199
744,0.00030652035,0.01017935,0.40296513,0.022995185
745,6.8456684e-05,0.012800333,0.2708066,0.015321924
746,7.947474e-05,0.0166284,0.12816513,0.010390386
747,0.0011497057,0.0073867254,0.31476414,0.009510863
748,5.0442977e-05,0.0066157733,0.5263487,0.028558187
749,0.00011352552,0.0063794185,0.32960638,0.009489951
750,0.00015213297,0.0068118195,0.14322469,0.010127795
751,5.211777e-05,0.0056149173,0.4252879,0.10467525
752,0.008770982,0.011128205,0.30039108,0.0113920085
753,0.00016348298,0.009050017,0.36744663,0.015380737
754,0.00074093405,0.011466979,0.42138034,0.05638088
755,0.0002167284,0.006058608,0.19677362,0.009174089
756,0.0001621174,0.0073545408,0.46917874,0.009333447
757,0.00029718,0.011340905,0.4706477,0.009275698
758,0.00064197916,0.010310145,0.20373063,0.009191349
759,4.7130583e-05,0.0067731645,0.25617775,0.011340606
760,0.0003044258,0.010546451,0.3818797,0.009217638
761,3.1675223e-05,0.0062659136,0.22898321,0.019434243
762,0.00023402071,0.0068856087,0.26891506,0.009956513
763,0.0005583256,0.007950698,0.23961797,0.010241618
764,6.368076e-05,0.0054182764,0.48408616,0.016487893
765,0.0001191344,0.005427963,0.32388806,0.009833168
766,4.7863028e-05,0.0068427473,0.13450241,0.010706327
767,0.0002640554,0.0058063576,0.45052922,0.1387851
768,0.009035619,0.033698246,0.6591958,0.019013405
769,5.8410675e-05,0.007759719,0.5005867,0.011092879
770,0.00012726094,0.005340484,0.18518262,0.009908608
771,0.00010003136,0.005726236,0.20120856,0.01955691
772,0.0010118706,0.01914749,0.23594007,0.01106833
773,7.774187e-05,0.0073288055,0.20578933,0.014778828
774,0.001237766,0.013948733,0.22435284,0.00854782
775,0.00037065955,0.011809376,0.40535468,0.018801881
776,0.0005121405,0.00849351,0.5106672,0.019171787
777,0.00011248579,0.00784573,0.3611576,0.03720447
778,0.0002744886,0.02213468,0.17563878,0.012219548
779,7.264864e-05,0.007485749,0.18381017,0.015459428
780,0.000102389866,0.0058460734,0.51312596,0.010868652
781,3.5263205e-05,0.006453296,0.4299189,0.01092691
782,0.0003422266,0.010841165,0.21258585,0.011006555
783,0.00023128245,0.0064647347,0.4092854,0.16148001
784,0.0003104325,0.016000547,0.2559244,0.01724971
785,0.00076783594,0.013133916,0.32597294,0.024878342
786,0.0002883652,0.0072814506,0.4352225,0.009377786
787,0.00024287558,0.008281295,0.28810662,0.02645896
788,0.0033616035,0.02187612,0.4567624,0.024359498
789,5.326801e-05,0.005791738,0.48920354,0.04030809
790,0.0001578185,0.0063137943,0.38792914,0.031554516
791,0.00027204727,0.005930839,0.2219263,0.006873911
792,2.9196912e-05,0.006739123,0.58998674,0.014902689
793,5.7452507e-05,0.0060251886,0.41233927,0.020216186
794,1.859462e-05,0.009307828,0.1577814,0.011296473
795,5.1672778e-05,0.0061675697,0.28217158,0.020614859
796,0.00011209819,0.024707286,0.3537184,0.018562071
797,0.00032670292,0.005796235,0.5697483,0.030609187
798,0.0005322049,0.0062706815,0.2821252,0.013733402
799,3.173245e-05,0.005415644,0.26746994,0.01639281
800,0.0003494937,0.007863719,0.31626356,0.009796787
801,5.5174267e-05,0.005060819,0.46153086,0.009602674
802,0.00019099205,0.008461369,0.338306,0.017729823
803,0.00012685746,0.008566603,0.1847777,0.008547621
804,0.00044295788,0.0066511915,0.58845276,0.014815307
805,2.5649011e-05,0.0058368705,0.32775056,0.0095892325
806,3.7587142e-05,0.006104701,0.17224614,0.010391271
807,1.7584434e-05,0.0050761416,0.26145542,0.012353364
808,0.00027106365,0.009330555,0.24833694,0.013972835
809,0.00013183727,0.006650977,0.5721487,0.026425827
810,9.825676e-05,0.00617969,0.24686894,0.010645142
811,4.3080203e-05,0.0066983327,0.19185978,0.009040805
812,0.0010359819,0.015306396,0.40560812,0.020618312
813,4.8558435e-05,0.0059871916,0.4754251,0.044022232
814,0.00019155387,0.009243698,0.33216044,0.045459326
815,0.0005363102,0.0078385305,0.17959136,0.007972537
816,0.00025284258,0.007100187,0.574764,0.015183443
817,7.607849e-05,0.005871027,0.3177893,0.009939595
818,3.7272224e-05,0.0068048974,0.15482366,0.011429305
819,2.1685584e-05,0.0054322397,0.26352683,0.013180029
820,0.006854235,0.011104124,0.2281227,0.011659906
821,0.00023277666,0.006693523,0.5206408,0.033419315
822,0.0001849959,0.0065502855,0.24085568,0.010533179
823,3.3269644e-05,0.0061142417,0.33587182,0.019023374
824,0.0002967549,0.008982906,0.38299394,0.013018279
825,7.514133e-05,0.0050449134,0.49177814,0.009052016
826,0.00023319112,0.0069560274,0.21285866,0.011544743
827,0.00020374265,0.006215043,0.21098219,0.018880177
828,0.00013946716,0.011732829,0.3886879,0.010708686
829,6.518111e-05,0.007596804,0.52082056,0.0113094635
830,0.00014390626,0.012357051,0.18988387,0.012598759
831,5.4908585e-05,0.006465814,0.29246643,0.020014998
832,0.00028677206,0.008961787,0.42310295,0.0093322685
833,0.00016371245,0.0052233567,0.4938445,0.0088105
834,8.52822e-05,0.008788502,0.19778125,0.00995466
835,0.00011931928,0.005464871,0.34718484,0.017981868
836,0.0009908988,0.008492737,0.42178878,0.014877462
837,0.00014251347,0.0059001013,0.3779232,0.016707558
838,9.2278606e-05,0.0065172855,0.3432721,0.101606816
839,7.863603e-05,0.006084998,0.2096597,0.011685348
840,0.00043300007,0.0055228244,0.55708444,0.011027515
841,0.00013477354,0.0055306344,0.42573398,0.0101101
842,0.0001220527,0.008079391,0.15836017,0.010558938
843,3.9269864e-05,0.005351175,0.2798981,0.024795307
844,0.00016007875,0.010849126,0.4195279,0.015144334
845,6.432858e-05,0.006125983,0.26318312,0.027588608
846,0.0002547242,0.016565453,0.12639609,0.012607238
847,0.0010296071,0.010288945,0.30136785,0.009575542
848,5.8346413e-05,0.00603428,0.57755727,0.015790531
849,0.001645693,0.010367882,0.46919787,0.009849955
850,0.00037677647,0.010783218,0.22177875,0.009853086
851,7.0709204e-05,0.0065094316,0.26977298,0.013714536
852,2.6597982e-05,0.00518801,0.3804911,0.011284145
853,0.00056209817,0.0063883075,0.49703273,0.011158319
854,0.0010789495,0.010385122,0.21796265,0.01102896
855,2.9072127e-05,0.0057060765,0.25623927,0.017898161
856,0.002315622,0.0085586645,0.31378093,0.010701847
857,6.256655e-05,0.0052748867,0.46255124,0.009769751
858,0.00017026241,0.00582351,0.34921455,0.024505291
859,4.0620074e-05,0.0058940924,0.20771798,0.010925889
860,0.00016177905,0.0066051017,0.45915473,0.013325274
861,4.9958857e-05,0.006057443,0.3444783,0.0102674635
862,0.001095636,0.008010001,0.15350202,0.012572336
863,0.0018886054,0.044440646,0.4430505,0.10908429
864,0.0001512688,0.008791024,0.44114837,0.017676938
865,0.0003411475,0.009836688,0.2655527,0.020543767
866,0.00031096794,0.017001525,0.13618815,0.008826276
867,0.0002834056,0.009861968,0.26482284,0.009599411
868,0.00049421366,0.0068189073,0.58764315,0.0222523
869,0.00011567919,0.00620443,0.33391792,0.009069797
870,7.617809e-05,0.0064508817,0.17172782,0.012443925
871,2.076306e-05,0.0052408096,0.2664737,0.016939707
872,0.00012744525,0.0069586304,0.22004625,0.011866644
873,0.00017037855,0.0060151564,0.5327699,0.033352375
874,0.00022351486,0.010109741,0.30439043,0.008751744
875,0.0057203406,0.042105716,0.29122737,0.023918929
876,0.0011570895,0.012610668,0.26666194,0.0095648095
877,0.0001933636,0.007918064,0.66478777,0.028369699
878,0.00028278193,0.015816554,0.27185112,0.012027532
879,0.001434002,0.012585194,0.36335176,0.022963412
880,0.00015242433,0.0099986475,0.43419847,0.0088367965
881,0.00023141282,0.011276795,0.5866849,0.10115178
882,0.0004896194,0.027394151,0.21221188,0.010263391
883,0.0002045169,0.039472904,0.49891198,0.053822074
884,0.0011882476,0.041589793,0.30858874,0.019166425
885,0.00045071382,0.008016582,0.26140124,0.051223367
886,0.001285371,0.009162616,0.23694758,0.014732895
887,0.00023372691,0.006359645,0.27412388,0.012099117
888,0.0011049259,0.008452386,0.46538752,0.015879408
889,0.00030822706,0.010147145,0.43366498,0.04063301
890,0.0009567103,0.00900119,0.18915969,0.009512948
891,0.00010557663,0.0073568923,0.46250185,0.042207822
892,0.00014515404,0.00666437,0.36155927,0.009336388
893,0.00029185897,0.0059039085,0.5233494,0.011763691
894,4.0432104e-05,0.0073208157,0.2126024,0.010159558
895,4.595292e-05,0.005643657,0.2737344,0.011127989
896,0.00030549205,0.006755448,0.31425428,0.011021432
897,3.731821e-05,0.0058685266,0.26494035,0.016859878
898,0.0021109164,0.015261867,0.23156069,0.008014362
899,0.00089654647,0.008640444,0.28956676,0.011497468
900,0.00050165545,0.0144983055,0.43624872,0.019285513
901,4.033829e-05,0.005763055,0.38836622,0.015951425
902,0.0041780965,0.010532481,0.13695867,0.013200879
903,0.00019417756,0.0069589484,0.40143773,0.14874093
904,0.0013428032,0.0080582965,0.4113044,0.037987288
905,3.0102778e-05,0.0054760906,0.49833772,0.010599786
906,0.00015761939,0.0060451482,0.35721922,0.17579697
907,0.0005458259,0.0073416713,0.22596452,0.011214621
908,0.0005329871,0.0076757865,0.5087781,0.014370246
909,0.0017438163,0.006049159,0.30614743,0.010732429
910,0.00019445154,0.006693512,0.15498336,0.011100668
911,0.006440597,0.014358064,0.38977945,0.103097364
912,0.00059130194,0.0077427905,0.41946864,0.015838351
913,0.000101690544,0.0062632496,0.13261434,0.0164757
914,0.0036310316,0.054797057,0.20001888,0.037422046
915,0.00018539754,0.014536183,0.21714562,0.01199265
916,3.6523244e-05,0.0076812245,0.6207009,0.041287523
917,0.00014103846,0.011486676,0.40966076,0.11519462
918,0.00031153442,0.017192513,0.39364213,0.019732794
919,0.0012901999,0.020908862,0.1819925,0.009810208
920,0.00028672008,0.0067970008,0.41918418,0.07593787
921,0.00016018817,0.006612403,0.40838385,0.010339379
922,0.00010242502,0.006914651,0.13975793,0.011370763
923,0.00028479553,0.0055657174,0.41716632,0.091300264
924,0.0031967997,0.025597429,0.33737546,0.009515875
925,0.00015011516,0.00575454,0.48627597,0.012027979
926,0.00057173154,0.006172223,0.22922537,0.010994305
927,0.00023252517,0.005299431,0.2372574,0.01533661
928,0.0013794535,0.013332653,0.30268443,0.010182602
929,4.809769e-05,0.0070441393,0.23506992,0.012392851
930,0.0029509238,0.012520831,0.27135777,0.009750241
931,0.0006691375,0.014314835,0.2506895,0.009430792
932,4.7101857e-05,0.0080142245,0.5022171,0.060295716
933,0.00016604162,0.0062744827,0.3696688,0.0090155015
934,0.00014265331,0.005891028,0.14756319,0.011819329
935,3.1766187e-05,0.005797299,0.18386243,0.021638151
936,0.00021777034,0.013599805,0.39931878,0.010738721
937,0.0001452135,0.011696713,0.58465874,0.0798139
938,0.00033743316,0.010179272,0.2678418,0.012463282
939,5.947367e-05,0.007448105,0.28246516,0.02114486
940,0.00021171826,0.012392184,0.38744017,0.009763295
941,0.00010033414,0.0059226244,0.23175864,0.013299531
942,0.0014309528,0.010577388,0.23493084,0.008700157
943,0.0011951904,0.011627752,0.26387668,0.010654446
944,0.0039826375,0.016244564,0.52211773,0.014324839
945,0.00010454833,0.0066543226,0.28501952,0.010586566
946,9.6184e-05,0.005811746,0.16035965,0.017029429
947,2.0635163e-05,0.005501869,0.25206572,0.0117240595
948,0.0012894685,0.026453467,0.19147825,0.010100892
949,5.4281754e-05,0.006010251,0.2717733,0.013191434
950,0.00016103289,0.010411123,0.28346288,0.008112909
951,0.00032022505,0.006921678,0.22256522,0.009357663
952,6.773531e-05,0.006040646,0.49850112,0.021272896
953,0.00015579416,0.0066500967,0.2849058,0.008892571
954,0.0007118428,0.008519682,0.131575,0.013822201
955,0.0060447007,0.011701744,0.48779887,0.10057296
956,0.00017307671,0.008863682,0.37269562,0.015418367
957,0.00014690719,0.0059954366,0.5800551,0.020760292
958,3.5706686e-05,0.012091481,0.26113984,0.009475699
959,0.00010397844,0.006740322,0.3518622,0.09014906
960,0.0008550691,0.010086101,0.37944824,0.012629345
961,6.871641e-05,0.0073560663,0.21342221,0.014239958
962,0.00053489255,0.013747815,0.2651847,0.008470658
963,0.00059478567,0.008311123,0.24196053,0.008271566
964,0.000109586355,0.0060911276,0.51482725,0.06060967
965,0.00015924747,0.0064557935,0.38346332,0.009020289
966,0.00014000795,0.0065956633,0.14965759,0.01157478
967,5.2050967e-05,0.0059328917,0.19044805,0.02328823
968,0.00039949064,0.007658153,0.3916881,0.010475949
969,0.00046788398,0.009434601,0.6199446,0.03548503
970,7.032965e-05,0.006617749,0.24580443,0.011751052
971,3.893612e-05,0.006361989,0.2386847,0.008825932
972,0.011072662,0.01466295,0.32642996,0.018268647
973,0.00024132321,0.009181114,0.5431417,0.009793773
974,0.0011159492,0.011454571,0.4356916,0.009988513
975,0.00019132548,0.009411946,0.18699066,0.008929104
976,0.000582727,0.006132666,0.6003485,0.024451185
977,0.00013194176,0.006621285,0.3029407,0.008368321
978,0.00014293626,0.007282906,0.15556842,0.012361197
979,0.000121074496,0.0056840368,0.31460464,0.06711884
980,6.0590402e-05,0.007839287,0.3049028,0.010947679
981,9.906857e-05,0.0082035605,0.2592991,0.014573759
982,0.0050156987,0.045497406,0.1487316,0.010904172
983,0.0011865636,0.030544106,0.2995373,0.009911273
984,0.00033853546,0.0062928917,0.58015543,0.016300313
985,0.00019322165,0.007132584,0.26983908,0.009220777
986,5.3564818e-05,0.0069838353,0.16467437,0.0136101125
987,2.2677896e-05,0.0052962443,0.27210492,0.023700517
988,0.00020828634,0.016935814,0.39902765,0.011992288
989,7.0981754e-05,0.0063783606,0.2845472,0.014637377
990,2.4574321e-05,0.009116486,0.4181616,0.008715794
991,0.00010519598,0.0069169207,0.42149326,0.016632082
992,0.01088523,0.018208124,0.33130407,0.007727541
993,0.00023182985,0.005562348,0.5647857,0.013452388
994,5.3160154e-05,0.0055688415,0.230124,0.009037248
995,8.265051e-05,0.006194532,0.33326024,0.0314255
996,0.00012553409,0.0083018225,0.42350826,0.01589971
997,0.000859971,0.0071563506,0.43458474,0.02320633
998,0.00029771158,0.0091221165,0.21453486,0.01471996
999,9.685761e-05,0.007177845,0.33400965,0.0560571
