,0,1,2,3,4,5,6,7
0,0.0051924739964306355,0.01803615763783455,0.021585211157798767,0.06328545063734055,0.0,0.06968317180871964,0.0,0.26753371953964233
1,0.005294100940227508,0.019258973747491838,0.021179444342851638,0.06344360560178756,0.0,0.06969758123159409,0.0,0.2675301730632782
2,0.005495380330830813,0.017226533591747285,0.020913200080394746,0.0639982171356678,0.0,0.06971319019794464,0.0,0.26752740144729614
3,0.005215979088097811,0.017948712036013604,0.02229669913649559,0.061644680052995685,0.0,0.0697271004319191,0.0,0.26752299070358276
4,0.005178111325949431,0.018091556057333945,0.02125883400440216,0.06413859874010086,0.0,0.0697430968284607,0.0,0.26751798391342163
5,0.004982800036668777,0.018544622883200645,0.02210180424153805,0.061419688165187836,0.0,0.0697571262717247,0.0,0.2675143778324127
6,0.004910262487828732,0.017940005287528038,0.02225572392344475,0.0623571015894413,0.0,0.06976868212223053,0.0,0.2675122022628784
7,0.00550630185753107,0.017676325887441634,0.021983202919363974,0.062408750504255296,0.0,0.06977685540914536,0.0,0.26750999689102173
8,0.005258470214903355,0.017501115426421167,0.022685735300183297,0.06174710988998413,0.0,0.06978120654821396,0.0,0.26750779151916504
9,0.005403531808406114,0.0182978805154562,0.022690802440047265,0.060168807953596117,0.0,0.06978239119052887,0.0,0.2675069570541382
10,0.005051128659397363,0.01753527969121933,0.02264454811811447,0.0626340314745903,0.0,0.069780133664608,0.0,0.26750704646110535
11,0.004987666569650173,0.018417517468333245,0.021624365448951723,0.062412507832050323,0.0,0.06977848708629608,0.0,0.2675076127052307
12,0.005321257654577494,0.01786016784608364,0.023194146901369096,0.06272285357117653,0.0,0.0697733610868454,0.0,0.26750820875167847
13,0.0052215869538486,0.017736290022730826,0.023096708208322526,0.061107292771339417,0.0,0.06976188719272614,0.0,0.26750922203063965
14,0.005593555886298418,0.01865617074072361,0.023405532538890838,0.0615663006901741,0.0,0.06974812597036362,0.0,0.2675100564956665
15,0.005352064874023199,0.017923934385180473,0.02090449705719948,0.06122501045465469,0.0,0.06973608583211899,0.0,0.26751241087913513
16,0.005005095805972815,0.01821826882660389,0.023002736642956732,0.0619787335395813,0.0,0.06972171366214752,0.0,0.2675131559371948
17,0.004816048685461283,0.01819305196404457,0.023383420333266257,0.06138100400567055,0.0,0.06970924139022827,0.0,0.2675158381462097
18,0.005525642447173596,0.017473842203617095,0.02244701758027077,0.06398771479725837,0.0,0.069706030189991,0.0,0.26751673221588135
19,0.005077838525176048,0.017939522117376327,0.021746776625514032,0.06640043333172799,0.0,0.06969822943210602,0.0,0.2675163447856903
20,0.005413112416863442,0.017157506942749024,0.020739131420850754,0.06392300501465797,0.0,0.06968574970960617,0.0,0.26751962304115295
21,0.005369754228740931,0.018510527536273004,0.022070649638772012,0.06058828011155128,0.0,0.06967254728078842,0.0,0.26752299070358276
22,0.005355868488550186,0.01761978194117546,0.021142148226499558,0.06579950153827667,0.0,0.06965886056423187,0.0,0.26752787828445435
23,0.005097825638949871,0.018026170879602434,0.020966240391135215,0.059397834539413455,0.0,0.06964351236820221,0.0,0.26753365993499756
24,0.005418582540005446,0.018256322667002677,0.021301847696304322,0.060189901292324065,0.0,0.069632887840271,0.0,0.267539381980896
25,0.005007505975663662,0.01858236864209175,0.021051568537950517,0.05780594721436501,0.0,0.06962241977453232,0.0,0.2675436735153198
26,0.005333489645272494,0.017973505705595017,0.023037226870656013,0.06550382748246193,0.0,0.06961475312709808,0.0,0.26754817366600037
27,0.005136125721037388,0.018694523721933365,0.02212311215698719,0.05965826585888863,0.0,0.06960876286029816,0.0,0.26755040884017944
28,0.005408209189772606,0.018127016350626947,0.022615325450897217,0.06374893188476563,0.0,0.06960384547710419,0.0,0.2675537168979645
29,0.0050123919732868675,0.018917708098888396,0.022761544957756997,0.06255965679883957,0.0,0.06960052251815796,0.0,0.26755625009536743
30,0.0053430810570716854,0.017911464162170886,0.02314041443169117,0.06367518156766891,0.0,0.06960239261388779,0.0,0.26755785942077637
31,0.005110162869095802,0.017284943163394927,0.0237072192132473,0.06442924067378045,0.0,0.0695980042219162,0.0,0.2675570547580719
32,0.005026578065007925,0.018044743314385416,0.02255268134176731,0.06284490376710891,0.0,0.06959211081266403,0.0,0.2675562798976898
33,0.005615914892405272,0.017735375463962554,0.0207246508449316,0.06325207874178887,0.0,0.06958740204572678,0.0,0.26755252480506897
34,0.0051356016658246515,0.018670957535505295,0.02237837016582489,0.062193264812231065,0.0,0.0695829838514328,0.0,0.26754727959632874
35,0.005157138407230377,0.018537263944745065,0.021055152639746666,0.06097826361656189,0.0,0.06958220154047012,0.0,0.26754266023635864
36,0.005121227260679007,0.017904864996671675,0.021954800561070444,0.06352345421910285,0.0,0.06958243995904922,0.0,0.26753944158554077
37,0.005294009950011969,0.017794974148273468,0.020978302136063574,0.062470226734876635,0.0,0.0695856437087059,0.0,0.26753559708595276
38,0.005281874816864729,0.017536834999918937,0.021282217279076577,0.06296705603599548,0.0,0.06959102302789688,0.0,0.26753324270248413
39,0.005321533884853125,0.017440512776374817,0.02136663757264614,0.06368073001503945,0.0,0.06959749758243561,0.0,0.267531156539917
40,0.005100899003446102,0.017446403577923774,0.021051574870944022,0.06463579982519149,0.0,0.06960229575634003,0.0,0.2675302028656006
41,0.005231145955622196,0.018154111132025717,0.022508233785629272,0.06216493919491768,0.0,0.06960395723581314,0.0,0.2675302028656006
42,0.005126228835433721,0.017192264460027216,0.02174558341503143,0.061847349256277086,0.0,0.06960130482912064,0.0,0.2675303816795349
43,0.005121457297354937,0.018137239292263983,0.023214494809508324,0.06383933573961258,0.0,0.06959562748670578,0.0,0.26752862334251404
44,0.004645281191915274,0.01772209145128727,0.022084686905145645,0.06246539130806923,0.0,0.06958881765604019,0.0,0.26752597093582153
45,0.005293282587081194,0.0183682456612587,0.02302488125860691,0.0625135838985443,0.0,0.06958699226379395,0.0,0.2675233483314514
46,0.005297340638935566,0.018779012188315392,0.020651279017329216,0.064511638879776,0.0,0.06958180665969849,0.0,0.26752084493637085
47,0.005021732952445746,0.01794987954199314,0.021162857115268708,0.0611369326710701,0.0,0.06957516819238663,0.0,0.26752132177352905
48,0.005590180214494467,0.017771296203136444,0.02233411408960819,0.062115567922592166,0.0,0.06956589221954346,0.0,0.26752322912216187
49,0.005815950501710176,0.018078401684761047,0.021608075127005577,0.06228470727801323,0.0,0.06955379247665405,0.0,0.26752597093582153
50,0.005298586655408144,0.017835959792137146,0.021204042434692382,0.0666123352944851,0.0,0.06954358518123627,0.0,0.26752907037734985
51,0.00522085940465331,0.01735069938004017,0.021031025052070617,0.05552022457122803,0.0,0.06953085958957672,0.0,0.2675321400165558
52,0.00511756744235754,0.018196772038936614,0.022601021453738213,0.06462294459342957,0.0,0.06951862573623657,0.0,0.26753315329551697
53,0.005486046429723501,0.019085793942213058,0.02148856148123741,0.06242614984512329,0.0,0.06950484961271286,0.0,0.26753243803977966
54,0.005251162871718407,0.018528558686375617,0.019669535011053084,0.060653289407491685,0.0,0.06949230283498764,0.0,0.2675321698188782
55,0.004869992937892675,0.017528906092047693,0.02162661962211132,0.06187613531947136,0.0,0.06948453933000565,0.0,0.26753225922584534
56,0.005254029482603073,0.01837374344468117,0.021905674040317534,0.061579664796590806,0.0,0.06947305798530579,0.0,0.2675315737724304
57,0.005332126468420029,0.01782779097557068,0.021280169114470483,0.05882132649421692,0.0,0.06945835053920746,0.0,0.2675309181213379
58,0.005583905708044767,0.016761886700987817,0.01973443403840065,0.06330013200640679,0.0,0.069440558552742,0.0,0.26753103733062744
59,0.005154900811612606,0.01769484244287014,0.021149281412363052,0.06266578361392021,0.0,0.06941979378461838,0.0,0.26753222942352295
60,0.005309814400970936,0.01751745343208313,0.022321613505482674,0.06401952803134918,0.0,0.0693996325135231,0.0,0.2675352692604065
61,0.005008105468004942,0.01795487552881241,0.020606062188744546,0.06243243515491485,0.0,0.0693744346499443,0.0,0.2675374448299408
62,0.005314157251268626,0.01791885383427143,0.021379832550883292,0.059555643051862714,0.0,0.0693465918302536,0.0,0.2675411105155945
63,0.005099847167730332,0.01714586392045021,0.0216768741607666,0.05986421257257461,0.0,0.06932074576616287,0.0,0.2675444185733795
64,0.004955338500440121,0.01845610365271568,0.021363842859864236,0.0637913316488266,0.0,0.06930023431777954,0.0,0.2675464153289795
65,0.005352162383496761,0.018424053862690925,0.02133999578654766,0.061606747657060625,0.0,0.069281205534935,0.0,0.2675490975379944
66,0.004980749171227217,0.01841312162578106,0.02034514918923378,0.05801973342895508,0.0,0.0692632868885994,0.0,0.26755085587501526
67,0.005133397039026022,0.018753673508763315,0.02212374173104763,0.06302830353379249,0.0,0.0692501813173294,0.0,0.2675513029098511
68,0.0049238396808505055,0.017669312283396722,0.022008970752358435,0.06236680299043655,0.0,0.06923895329236984,0.0,0.2675507068634033
69,0.005464155972003937,0.018235374614596365,0.022534676641225816,0.05955696702003479,0.0,0.06922963261604309,0.0,0.2675509452819824
70,0.0054576976224780084,0.018455980345606804,0.021854332089424132,0.061676069349050525,0.0,0.06922422349452972,0.0,0.26755207777023315
71,0.0050220035016536714,0.018675921857357024,0.021290990337729455,0.0651035949587822,0.0,0.06921641528606415,0.0,0.26755186915397644
72,0.005098024383187294,0.018005743995308875,0.021701180934906007,0.0651716060936451,0.0,0.06921512633562088,0.0,0.2675509452819824
73,0.00523010864853859,0.018010765314102173,0.0207834430038929,0.061248451471328735,0.0,0.06921808421611786,0.0,0.2675498425960541
74,0.005251928046345711,0.018435650691390037,0.02159048579633236,0.06290242224931716,0.0,0.0692189559340477,0.0,0.26755017042160034
75,0.004912177100777626,0.018455713242292403,0.023959338292479516,0.06208186000585556,0.0,0.06922319531440735,0.0,0.26755085587501526
76,0.0050772146321833135,0.018001389130949973,0.02061336413025856,0.05897712036967277,0.0,0.06922949850559235,0.0,0.2675526440143585
77,0.005148076917976141,0.018399327620863916,0.02270558513700962,0.06207305639982223,0.0,0.06923101842403412,0.0,0.2675546109676361
78,0.005316285789012909,0.01760931871831417,0.022666138038039206,0.060204771161079404,0.0,0.06922955811023712,0.0,0.267559289932251
79,0.005181846860796213,0.018313777819275855,0.02117869108915329,0.06249735727906227,0.0,0.06922788918018341,0.0,0.2675636410713196
80,0.005001913383603096,0.018263468891382216,0.021871733665466308,0.06257539242506027,0.0,0.06922924518585205,0.0,0.26757046580314636
81,0.005126993730664253,0.016764890030026437,0.022183429822325705,0.05948103070259094,0.0,0.06923096626996994,0.0,0.2675762176513672
82,0.005258853361010551,0.018760320916771888,0.020481353253126146,0.0636836789548397,0.0,0.06923346221446991,0.0,0.267581045627594
83,0.005599256977438927,0.01844900883734226,0.02178722731769085,0.061547822505235675,0.0,0.0692344456911087,0.0,0.2675815224647522
84,0.005036415625363588,0.018161533772945403,0.02222762331366539,0.059862223267555234,0.0,0.0692395567893982,0.0,0.26757872104644775
85,0.005438059102743864,0.018649230152368544,0.020371252670884132,0.06339496076107025,0.0,0.06924096494913101,0.0,0.267575204372406
86,0.004958127718418836,0.018134840577840806,0.022097992524504662,0.06523412689566613,0.0,0.06924308091402054,0.0,0.2675703167915344
87,0.005072585586458444,0.016963070258498192,0.02243049181997776,0.06109814792871475,0.0,0.06924013793468475,0.0,0.267566055059433
88,0.005102907493710518,0.017835477367043495,0.021120985969901085,0.06255607530474663,0.0,0.06923971325159073,0.0,0.26756295561790466
89,0.005115739349275827,0.018120597302913665,0.021075811609625815,0.0610929012298584,0.0,0.06924698501825333,0.0,0.2675608694553375
90,0.004917645454406738,0.018373039737343787,0.02084028385579586,0.06407612413167954,0.0,0.06925123929977417,0.0,0.267559289932251
91,0.005488517507910728,0.018087018653750418,0.02335229068994522,0.06394584476947784,0.0,0.06925711035728455,0.0,0.2675589919090271
92,0.0050906682386994365,0.018164069578051566,0.021383780986070633,0.06737390086054802,0.0,0.06926029920578003,0.0,0.26755884289741516
93,0.005248143896460533,0.01820920519530773,0.02304921709001064,0.062439915537834165,0.0,0.06926317512989044,0.0,0.2675619125366211
94,0.005208538938313722,0.017575844749808313,0.021554553508758546,0.06290481686592102,0.0,0.06927286088466644,0.0,0.2675650417804718
95,0.00547881331294775,0.018369145318865777,0.021219413354992868,0.062079569697380065,0.0,0.06927960366010666,0.0,0.2675706744194031
96,0.005045597534626722,0.01894017159938812,0.022528358176350592,0.05852683261036873,0.0,0.06928540021181107,0.0,0.26757708191871643
97,0.00509548420086503,0.018127696216106416,0.02133379988372326,0.06105291098356247,0.0,0.0692911297082901,0.0,0.2675854563713074
98,0.004788848385214805,0.017811794579029084,0.021716785430908204,0.05994953140616417,0.0,0.06929568946361542,0.0,0.26759377121925354
99,0.005235560517758131,0.018473435193300247,0.023563865572214127,0.0649180382490158,0.0,0.06930049508810043,0.0,0.26760104298591614
100,0.00503790182992816,0.018770228326320647,0.023154578730463983,0.06382299810647965,0.0,0.06930182874202728,0.0,0.2676065266132355
101,0.0048244096338748935,0.018412945792078972,0.023071731626987457,0.05857076421380043,0.0,0.06930122524499893,0.0,0.26761141419410706
102,0.005400767829269171,0.0178475271910429,0.02106134369969368,0.06066030040383339,0.0,0.06929886341094971,0.0,0.2676145136356354
103,0.005040434841066599,0.01815580129623413,0.022409290075302124,0.06165649816393852,0.0,0.06929571181535721,0.0,0.26761695742607117
104,0.005239463318139315,0.017581718415021895,0.020149830356240274,0.059502404928207395,0.0,0.0692954882979393,0.0,0.2676190137863159
105,0.0053429496474564075,0.017996140569448472,0.022407272085547447,0.06386210173368453,0.0,0.0692964494228363,0.0,0.2676207423210144
106,0.005493043549358844,0.018360111862421036,0.021941622719168663,0.06289969757199287,0.0,0.06929779052734375,0.0,0.2676200270652771
107,0.00527376625686884,0.018580690026283264,0.021262423321604728,0.06429793685674667,0.0,0.06930659711360931,0.0,0.267619788646698
108,0.005406429897993803,0.018195072561502455,0.0229433111846447,0.06196034476161003,0.0,0.06931010633707047,0.0,0.26761990785598755
109,0.005449832696467638,0.018182823061943056,0.022395318001508714,0.06089029312133789,0.0,0.06931161135435104,0.0,0.26761940121650696
110,0.005220466665923596,0.018848897144198417,0.021045058593153955,0.059247637540102004,0.0,0.06930668652057648,0.0,0.2676169276237488
111,0.005241297744214534,0.01736011877655983,0.02255585268139839,0.06397898644208908,0.0,0.06929993629455566,0.0,0.26761680841445923
112,0.005438644532114267,0.018589957058429717,0.022102398797869682,0.05920387804508209,0.0,0.06928880512714386,0.0,0.2676173448562622
113,0.005147054698318243,0.01871151551604271,0.021822613105177878,0.06063451692461967,0.0,0.06927744299173355,0.0,0.2676164507865906
114,0.0051659148186445234,0.018071050569415093,0.02178693115711212,0.06023701056838036,0.0,0.06926125288009644,0.0,0.26761743426322937
115,0.005509371589869261,0.018279337510466575,0.022384177520871164,0.06171620860695839,0.0,0.06924167275428772,0.0,0.2676190733909607
116,0.005407215654850006,0.017666473239660262,0.02148285321891308,0.05867264866828918,0.0,0.06921542435884476,0.0,0.26762130856513977
117,0.005066557228565216,0.01809736676514149,0.020534804835915566,0.06316521242260933,0.0,0.06918449699878693,0.0,0.26762399077415466
118,0.005291125550866127,0.01848781816661358,0.022026166692376135,0.06328319311141968,0.0,0.06915783882141113,0.0,0.267628014087677
119,0.00540896188467741,0.01789103038609028,0.021924460679292677,0.06031567603349686,0.0,0.06913286447525024,0.0,0.2676323354244232
120,0.005229779239743948,0.018383131176233292,0.02219434827566147,0.062110965698957445,0.0,0.06911161541938782,0.0,0.26763635873794556
121,0.005360647849738598,0.01759362556040287,0.023502273112535478,0.05991041362285614,0.0,0.0690932497382164,0.0,0.2676405608654022
122,0.004980416502803564,0.01863205824047327,0.01930202208459377,0.0572390578687191,0.0,0.06907332688570023,0.0,0.2676447033882141
123,0.005021459702402353,0.017689457908272744,0.02121347188949585,0.06357257440686226,0.0,0.06906905025243759,0.0,0.2676491141319275
124,0.005169689934700727,0.019129440188407898,0.02315332517027855,0.06250994130969048,0.0,0.06906347721815109,0.0,0.26765576004981995
125,0.005574048403650523,0.01734084337949753,0.021867189183831216,0.06227002441883087,0.0,0.0690641775727272,0.0,0.26766133308410645
126,0.005665998160839081,0.017572113126516343,0.022175682336091997,0.06210812479257584,0.0,0.06906494498252869,0.0,0.2676662504673004
127,0.0052172099240124226,0.018326929211616515,0.021986090019345282,0.06066305935382843,0.0,0.06906481087207794,0.0,0.26767176389694214
128,0.00516551649197936,0.017718867957592012,0.023221741989254953,0.062442179024219516,0.0,0.06907203793525696,0.0,0.26767677068710327
129,0.004687079228460789,0.018842187151312827,0.021536164730787278,0.061638375371694566,0.0,0.06908101588487625,0.0,0.2676798701286316
130,0.004960891418159008,0.017188484221696852,0.02121293880045414,0.06259097382426262,0.0,0.06908973306417465,0.0,0.2676824629306793
131,0.005284174997359514,0.01819732040166855,0.023092006146907807,0.0600344255566597,0.0,0.06909365952014923,0.0,0.2676861882209778
132,0.005104395188391208,0.01758982129395008,0.02130741663277149,0.06137503013014793,0.0,0.06909991800785065,0.0,0.26769015192985535
133,0.004939740430563689,0.01809411309659481,0.02134137079119682,0.06285746097564697,0.0,0.0691094771027565,0.0,0.26769328117370605
134,0.005187952611595392,0.018151844665408135,0.022433201596140862,0.06368406116962433,0.0,0.0691135972738266,0.0,0.26769644021987915
135,0.00487145883962512,0.018506205454468728,0.0210451178252697,0.06090452969074249,0.0,0.06911562383174896,0.0,0.2676975429058075
136,0.0050498305819928644,0.018607750162482263,0.022159129753708838,0.06386506110429764,0.0,0.0691218376159668,0.0,0.26769742369651794
137,0.005595387984067201,0.018330194428563117,0.022949405014514923,0.06049836128950119,0.0,0.06913184374570847,0.0,0.26769697666168213
138,0.004901525657624006,0.019037676975131035,0.021773407980799676,0.06127842515707016,0.0,0.06913986802101135,0.0,0.26769471168518066
139,0.005088985245674848,0.017971490882337092,0.021652771905064584,0.06608153730630875,0.0,0.06914599239826202,0.0,0.2676940858364105
140,0.004802245926111936,0.018734481185674667,0.02306637465953827,0.06415155827999115,0.0,0.06915426254272461,0.0,0.2676929831504822
141,0.005146549921482802,0.018599994853138922,0.02138533107936382,0.06084113344550133,0.0,0.06916219741106033,0.0,0.26769065856933594
142,0.005152833275496959,0.018501118570566178,0.0216419767588377,0.06337839215993882,0.0,0.06916762888431549,0.0,0.2676886022090912
143,0.005366701260209083,0.018806369230151176,0.021446096897125243,0.06531319245696068,0.0,0.06917150318622589,0.0,0.2676878571510315
144,0.005102463345974684,0.01822531595826149,0.021151233837008475,0.06308457106351853,0.0,0.06918448209762573,0.0,0.2676885426044464
145,0.005386325530707836,0.018429522588849067,0.021740297228097914,0.06486761569976807,0.0,0.0691940113902092,0.0,0.26768991351127625
146,0.005169229023158551,0.017939478531479834,0.020782893151044847,0.0617128923535347,0.0,0.06919784843921661,0.0,0.2676921486854553
147,0.005397147871553898,0.017924395203590394,0.022665469348430632,0.06452742964029312,0.0,0.06920959055423737,0.0,0.26769551634788513
148,0.0051178217865526674,0.018262913450598717,0.02330116629600525,0.06671254634857178,0.0,0.06922511011362076,0.0,0.2677002549171448
149,0.0052770056761801245,0.018782681971788406,0.022286463156342508,0.06487187370657921,0.0,0.06923992186784744,0.0,0.26770323514938354
150,0.005307105928659439,0.018169398233294488,0.02288786731660366,0.06119673475623131,0.0,0.06925754249095917,0.0,0.26770684123039246
151,0.004860354028642178,0.01841994747519493,0.0222873006016016,0.06162877306342125,0.0,0.06927123665809631,0.0,0.2677091062068939
152,0.005419598612934351,0.018861542642116546,0.021524027362465857,0.061964701116085055,0.0,0.06928186863660812,0.0,0.2677094340324402
153,0.005189006496220827,0.018466298282146455,0.020654001832008363,0.06624466255307197,0.0,0.06929565966129303,0.0,0.26771092414855957
154,0.00538951950147748,0.017505689337849618,0.020673574507236482,0.06593557670712472,0.0,0.069310262799263,0.0,0.2677132487297058
155,0.005020654294639826,0.018350359052419662,0.023288371786475182,0.057093045115470885,0.0,0.06932254880666733,0.0,0.2677132785320282
156,0.005102499388158321,0.018199143931269646,0.02065585143864155,0.06516187265515327,0.0,0.06933365017175674,0.0,0.2677115797996521
157,0.004832303896546364,0.01835951693356037,0.021723849326372148,0.06343233734369277,0.0,0.06935115903615952,0.0,0.2677096128463745
158,0.00518146175891161,0.017594880238175393,0.022864916548132896,0.06170108988881111,0.0,0.06936848908662796,0.0,0.2677084505558014
159,0.005054735671728849,0.01713108755648136,0.021909628808498383,0.057894060760736464,0.0,0.06938759237527847,0.0,0.2677058279514313
160,0.0054485459811985494,0.019195126369595528,0.022546746581792832,0.06483528912067413,0.0,0.06940571963787079,0.0,0.2677033543586731
161,0.005188752803951502,0.01893894635140896,0.023360111564397813,0.0643984168767929,0.0,0.0694282203912735,0.0,0.2677031457424164
162,0.004979051370173693,0.017901380732655525,0.022366703301668168,0.06082232519984245,0.0,0.06944452971220016,0.0,0.2677019536495209
163,0.00510119553655386,0.018154557794332504,0.022061193361878395,0.062020746618509294,0.0,0.06945566087961197,0.0,0.26770228147506714
164,0.005048837885260582,0.017941101081669332,0.020674952119588853,0.06615687534213066,0.0,0.06946307420730591,0.0,0.26770222187042236
165,0.005084200482815504,0.017823484912514686,0.021561869233846665,0.06203901097178459,0.0,0.06947322189807892,0.0,0.2676999270915985
166,0.0054533987306058405,0.018197278305888177,0.02183564119040966,0.060032591223716736,0.0,0.06947707384824753,0.0,0.26769590377807617
167,0.005001173075288534,0.017717192694544793,0.02255115322768688,0.06520063877105713,0.0,0.06948075443506241,0.0,0.26769202947616577
168,0.005464692506939173,0.01833203136920929,0.02271251380443573,0.0636508010327816,0.0,0.0694800391793251,0.0,0.26768726110458374
169,0.005312395188957453,0.016475660726428032,0.02108147107064724,0.05781042203307152,0.0,0.06947539746761322,0.0,0.26768144965171814
170,0.005013006180524826,0.018386852368712424,0.020867831259965896,0.058971711248159406,0.0,0.06946853548288345,0.0,0.2676756978034973
171,0.0051393195055425165,0.01816774420440197,0.021108056977391244,0.0628174901008606,0.0,0.06946434825658798,0.0,0.2676701545715332
172,0.005217746552079916,0.01750592142343521,0.020559833943843843,0.058764899522066115,0.0,0.06946034729480743,0.0,0.2676664888858795
173,0.00515476493164897,0.018301479890942572,0.02088189497590065,0.05806714743375778,0.0,0.06945561617612839,0.0,0.2676638066768646
174,0.004802711866796016,0.01780693605542183,0.021295876428484916,0.061319686472415924,0.0,0.0694529116153717,0.0,0.26765984296798706
175,0.005151155032217502,0.018141543865203856,0.021697745472192765,0.05982438400387764,0.0,0.06945475190877914,0.0,0.2676549553871155
176,0.005372068099677563,0.01820957474410534,0.025091320648789404,0.061692114174366,0.0,0.06945712864398956,0.0,0.26765069365501404
177,0.005058332532644272,0.017969163507223128,0.022622280940413474,0.06172292903065681,0.0,0.06945719569921494,0.0,0.2676490545272827
178,0.005124778300523758,0.018684632331132888,0.02136741280555725,0.06546878069639206,0.0,0.06945452839136124,0.0,0.26764824986457825
179,0.005268062464892864,0.018154694139957427,0.02205165773630142,0.06276429072022438,0.0,0.06945303827524185,0.0,0.26764601469039917
180,0.0050687967799603936,0.018382450193166734,0.022343406453728676,0.05979122221469879,0.0,0.06945031881332397,0.0,0.26764529943466187
181,0.005215810332447291,0.017601177096366882,0.023504486307501793,0.06410489752888679,0.0,0.0694437325000763,0.0,0.267645925283432
182,0.0051359813660383224,0.019183048605918886,0.023221557214856147,0.0599690817296505,0.0,0.06943629682064056,0.0,0.26764416694641113
183,0.005506608076393605,0.018036923930048944,0.023193923756480217,0.0646335944533348,0.0,0.06943254172801971,0.0,0.2676422595977783
184,0.005216858256608248,0.01816791445016861,0.0225600928068161,0.0619195818901062,0.0,0.06943332403898239,0.0,0.2676423192024231
185,0.005360816605389118,0.018516480550169946,0.024008699133992194,0.06404681205749511,0.0,0.06943263113498688,0.0,0.2676420509815216
186,0.0055658862926065925,0.017867951840162277,0.023522886261343957,0.06271154880523681,0.0,0.06943301856517792,0.0,0.2676413059234619
187,0.005379139725118875,0.017576982825994493,0.02240573950111866,0.06353039517998696,0.0,0.06943069398403168,0.0,0.2676396071910858
188,0.005390959233045578,0.01731732822954655,0.02139919959008694,0.06454078108072281,0.0,0.06943124532699585,0.0,0.2676371932029724
189,0.005318449065089226,0.01799674816429615,0.021647344902157785,0.062313202768564224,0.0,0.06943465024232864,0.0,0.2676352858543396
190,0.005233961436897516,0.017467468231916427,0.022902974858880043,0.06023432537913322,0.0,0.06943569332361221,0.0,0.26763439178466797
191,0.005126987583935261,0.018112412095069884,0.021476787701249122,0.0635463647544384,0.0,0.0694374144077301,0.0,0.2676343023777008
192,0.0049494125880301,0.01806696355342865,0.02144944965839386,0.05930262133479118,0.0,0.06943713128566742,0.0,0.26763442158699036
193,0.00516230370849371,0.016915527731180192,0.022481045871973037,0.06270665004849434,0.0,0.06943497806787491,0.0,0.26763275265693665
194,0.00505125243216753,0.019334635138511656,0.020911800861358642,0.05923236906528473,0.0,0.06943513453006744,0.0,0.26762863993644714
195,0.005079812929034233,0.017724687606096266,0.0201819259673357,0.061830350756645204,0.0,0.0694427639245987,0.0,0.26762551069259644
196,0.004992457199841737,0.01786890923976898,0.021753225848078726,0.06239790543913841,0.0,0.06944568455219269,0.0,0.26762327551841736
197,0.0048697213642299175,0.01794392764568329,0.023238081857562064,0.062477344274520875,0.0,0.06945197284221649,0.0,0.26761966943740845
198,0.005401842389255762,0.01888563744723797,0.021272068843245506,0.06369034796953202,0.0,0.0694534182548523,0.0,0.26761457324028015
199,0.00497680464759469,0.01789427325129509,0.022200078889727592,0.06617635637521743,0.0,0.06945369392633438,0.0,0.2676071524620056
200,0.00491383271291852,0.018165438994765283,0.019815362617373468,0.06309667378664016,0.0,0.06944960355758667,0.0,0.2676016092300415
201,0.005275970883667469,0.018182427436113358,0.02162630297243595,0.06239015311002731,0.0,0.0694425031542778,0.0,0.26759758591651917
202,0.0056589656509459015,0.018042153492569924,0.0209015678614378,0.06257852017879487,0.0,0.06943584978580475,0.0,0.26759594678878784
203,0.005228051450103521,0.018329568952322007,0.023966196179389953,0.0623805895447731,0.0,0.06943152844905853,0.0,0.26759615540504456
204,0.005325723066926002,0.019005849212408065,0.02223319038748741,0.06296291351318359,0.0,0.06942619383335114,0.0,0.26759856939315796
205,0.005027648992836475,0.01757412329316139,0.02359546981751919,0.0617585152387619,0.0,0.06942477077245712,0.0,0.26759928464889526
206,0.005143697280436755,0.017202202603220938,0.022056182473897935,0.059417498856782915,0.0,0.06942331045866013,0.0,0.26760023832321167
207,0.005573961324989796,0.017745453119277953,0.022261805087327956,0.06273936405777931,0.0,0.06941960752010345,0.0,0.2676007151603699
208,0.0050021735019981865,0.01824151650071144,0.023722925037145615,0.060332220047712326,0.0,0.06941729038953781,0.0,0.2676021158695221
209,0.005511465761810541,0.018084274232387544,0.021490830555558206,0.058368457853794097,0.0,0.0694160982966423,0.0,0.26760461926460266
210,0.005622153077274561,0.01887189634144306,0.020826658606529234,0.06217960193753243,0.0,0.06941428035497665,0.0,0.2676059901714325
211,0.005029156524688006,0.017032530531287192,0.022672206163406372,0.06207915395498276,0.0,0.06941403448581696,0.0,0.267605721950531
212,0.004977787937968969,0.01831882633268833,0.02295524738729,0.0632655881345272,0.0,0.06941334903240204,0.0,0.26760798692703247
213,0.005033361166715622,0.01815890483558178,0.020167526975274085,0.0593702457845211,0.0,0.06941352784633636,0.0,0.267609179019928
214,0.005386051256209612,0.018181999400258064,0.021847193688154222,0.06948603689670563,0.0,0.0694173276424408,0.0,0.2676139771938324
215,0.005477223452180624,0.018408001959323884,0.02190885916352272,0.06217553168535232,0.0,0.06942062824964523,0.0,0.26761674880981445
216,0.005337363202124834,0.01773480400443077,0.02114369422197342,0.05759526416659355,0.0,0.06942532956600189,0.0,0.2676199972629547
217,0.005156894866377115,0.01823151670396328,0.019853031262755394,0.060298746824264525,0.0,0.06943012773990631,0.0,0.2676251530647278
218,0.005084034986793995,0.018296690285205842,0.023428815603256225,0.061755049228668216,0.0,0.069429412484169,0.0,0.2676277160644531
219,0.005589869245886803,0.01889403760433197,0.023173747956752776,0.05955520942807198,0.0,0.0694248378276825,0.0,0.26762908697128296
220,0.005232487339526415,0.018463247269392014,0.02149215117096901,0.06461643129587173,0.0,0.06942209601402283,0.0,0.26762956380844116
221,0.005167955346405506,0.017897368222475053,0.022899429500102996,0.05487578734755516,0.0,0.0694175511598587,0.0,0.2676304876804352
222,0.005312434211373329,0.017789369449019432,0.02304869033396244,0.06945220530033111,0.0,0.06941144168376923,0.0,0.26762986183166504
223,0.005120790470391512,0.017515984922647478,0.021047621965408325,0.060948672145605086,0.0,0.06940176337957382,0.0,0.26762914657592773
224,0.005093182809650898,0.01741219758987427,0.02385226674377918,0.0605914905667305,0.0,0.06939298659563065,0.0,0.2676280438899994
225,0.005226774886250496,0.018978341296315194,0.020345113053917886,0.06364224702119828,0.0,0.06938279420137405,0.0,0.26762664318084717
226,0.005541241448372603,0.017964762076735495,0.021665291860699654,0.05742470845580101,0.0,0.06937752664089203,0.0,0.26762843132019043
227,0.005157820042222738,0.018113162368535995,0.021703843772411347,0.06171640381217003,0.0,0.06937140971422195,0.0,0.26763075590133667
228,0.005011145863682032,0.018558506667613984,0.02026616781949997,0.05876501202583313,0.0,0.06936317682266235,0.0,0.2676350474357605
229,0.004960498958826065,0.01814386323094368,0.02285177558660507,0.06456178277730942,0.0,0.06935956329107285,0.0,0.2676396369934082
230,0.005359807703644037,0.017167745716869832,0.020911212265491485,0.05890057161450386,0.0,0.06935244798660278,0.0,0.2676435708999634
231,0.00497012548148632,0.017696581408381463,0.02083759531378746,0.056510656327009204,0.0,0.06934228539466858,0.0,0.26764747500419617
232,0.005269481427967548,0.017438532784581184,0.021859226003289222,0.06650064140558243,0.0,0.06932884454727173,0.0,0.2676491141319275
233,0.005331188254058361,0.017681295424699782,0.021412336826324464,0.06395668834447861,0.0,0.06931851804256439,0.0,0.2676497995853424
234,0.005093809217214584,0.017574387416243554,0.021951540559530257,0.06353253498673439,0.0,0.06930653750896454,0.0,0.2676507830619812
235,0.005045022629201412,0.018356424942612647,0.02143886350095272,0.061790911853313445,0.0,0.06929631531238556,0.0,0.2676502466201782
236,0.00535257812589407,0.018166611716151238,0.021751439943909646,0.05454930439591408,0.0,0.06928999722003937,0.0,0.26764947175979614
237,0.00504510747268796,0.018206294625997543,0.021979331597685815,0.0585387758910656,0.0,0.06928223371505737,0.0,0.2676481604576111
238,0.005356720648705959,0.018049798905849457,0.022020627185702323,0.05983726680278778,0.0,0.06927648931741714,0.0,0.26764529943466187
239,0.0052007586695253846,0.0170776154845953,0.0212013877928257,0.06787848472595215,0.0,0.0692676231265068,0.0,0.2676461338996887
240,0.005286509077996016,0.01908196769654751,0.022299887239933015,0.06133776381611824,0.0,0.06925863027572632,0.0,0.26764625310897827
241,0.005114850401878357,0.017925813794136047,0.02264210768043995,0.060880905389785765,0.0,0.06924542039632797,0.0,0.26764774322509766
242,0.005097971763461828,0.01728456187993288,0.02204633839428425,0.06298942565917968,0.0,0.06923715770244598,0.0,0.26764988899230957
243,0.0050928455777466295,0.01812922954559326,0.021309211477637292,0.058828055113554004,0.0,0.06922745704650879,0.0,0.2676531970500946
244,0.005339213088154793,0.018022223934531213,0.021081987768411636,0.0626514233648777,0.0,0.0692213922739029,0.0,0.2676558196544647
245,0.0053409990854561325,0.01873763054609299,0.02112424820661545,0.06559136062860489,0.0,0.06921597570180893,0.0,0.2676563858985901
246,0.005316843744367361,0.01810540594160557,0.020546667650341986,0.06886668428778649,0.0,0.06921495497226715,0.0,0.2676582932472229
247,0.005056316405534745,0.01751268357038498,0.020539284124970435,0.06416986733675004,0.0,0.06922554969787598,0.0,0.26765865087509155
248,0.005174325872212648,0.017226408049464226,0.0217525664716959,0.06165074706077576,0.0,0.06923423707485199,0.0,0.26765894889831543
249,0.005216145794838667,0.017443843185901642,0.023383695632219315,0.06513070464134216,0.0,0.06924064457416534,0.0,0.2676571011543274
250,0.005303561128675938,0.0174672681838274,0.02322154901921749,0.06599258109927178,0.0,0.06924714893102646,0.0,0.2676534652709961
251,0.005452942661941051,0.017815036326646806,0.022082655876874923,0.059067191928625105,0.0,0.06924985349178314,0.0,0.2676500976085663
252,0.005173471290618181,0.017880219593644144,0.021977661550045012,0.06231811717152595,0.0,0.06925535947084427,0.0,0.2676476240158081
253,0.005002215411514044,0.017993814125657082,0.023572564125061035,0.06106133386492729,0.0,0.06925930082798004,0.0,0.267643541097641
254,0.005044237151741982,0.017052647843956947,0.019396917521953584,0.058829302340745925,0.0,0.06926526874303818,0.0,0.26763805747032166
255,0.005499605927616358,0.01756238229572773,0.021584917232394217,0.06594888344407082,0.0,0.06927011162042618,0.0,0.2676340639591217
256,0.005249922629445791,0.01894184239208698,0.022204817086458207,0.06292508915066719,0.0,0.06927116960287094,0.0,0.26763343811035156
257,0.004906049370765686,0.01731671541929245,0.02113169990479946,0.06176067739725113,0.0,0.06927212327718735,0.0,0.2676329016685486
258,0.004899504128843546,0.01790054626762867,0.022260163724422456,0.06315280795097351,0.0,0.06926579773426056,0.0,0.2676332890987396
259,0.004965682327747345,0.017485688254237176,0.02194182015955448,0.0626461572945118,0.0,0.06926494091749191,0.0,0.2676324248313904
260,0.005649423506110906,0.01782088726758957,0.02127206288278103,0.061435864120721814,0.0,0.06926441192626953,0.0,0.26763051748275757
261,0.0056357597932219505,0.018289947882294655,0.022953401878476144,0.06178494691848755,0.0,0.06925705820322037,0.0,0.2676292955875397
262,0.00558387516066432,0.018448512256145477,0.021690623834729195,0.05994231328368187,0.0,0.069248728454113,0.0,0.2676301896572113
263,0.00520326429978013,0.01718248426914215,0.021215356513857843,0.06353583410382271,0.0,0.06924347579479218,0.0,0.26763230562210083
264,0.005134920123964548,0.01764168478548527,0.02081078365445137,0.060439706593751905,0.0,0.06923582404851913,0.0,0.267633855342865
265,0.004867324605584145,0.017508965358138083,0.020828696340322493,0.06535467952489853,0.0,0.06923288106918335,0.0,0.2676333785057068
266,0.005210511200129986,0.0181122537702322,0.021965860575437545,0.0605717770755291,0.0,0.06923244893550873,0.0,0.2676292061805725
267,0.0049591253511607645,0.018551149964332582,0.021805034950375557,0.06243781968951225,0.0,0.06923098862171173,0.0,0.2676263451576233
268,0.004964422713965177,0.018756258860230447,0.0212613333016634,0.06038252860307693,0.0,0.06923233717679977,0.0,0.26762646436691284
269,0.00542327556759119,0.017625487223267556,0.0236530601978302,0.062263263016939165,0.0,0.0692393034696579,0.0,0.26762571930885315
270,0.004954003077000379,0.01869155652821064,0.01999041624367237,0.06091971918940544,0.0,0.06924404948949814,0.0,0.26762595772743225
271,0.0055653762072324755,0.01797558180987835,0.02167183458805084,0.06175290197134018,0.0,0.06925196945667267,0.0,0.2676250636577606
272,0.005241146218031645,0.01747276894748211,0.02111092396080494,0.060249215364456175,0.0,0.06925713270902634,0.0,0.267622709274292
273,0.005352434515953064,0.01821398437023163,0.02234344370663166,0.06520050540566444,0.0,0.06925904750823975,0.0,0.267619252204895
274,0.004995319060981274,0.01827423833310604,0.02387092597782612,0.06172878965735436,0.0,0.06926143914461136,0.0,0.26761552691459656
275,0.005223874282091856,0.017828034609556197,0.02239728793501854,0.06225238144397736,0.0,0.06926554441452026,0.0,0.26761239767074585
276,0.005129970610141754,0.01710255928337574,0.020238536596298217,0.06202811151742935,0.0,0.06926724314689636,0.0,0.26760971546173096
277,0.005213050730526447,0.01826683022081852,0.02129816859960556,0.06232909336686134,0.0,0.06926669925451279,0.0,0.26760536432266235
278,0.00536865321919322,0.017950190231204033,0.02121805027127266,0.05913820117712021,0.0,0.06926944106817245,0.0,0.2675999104976654
279,0.0052287551574409005,0.018200583942234515,0.021911906078457832,0.05960628911852837,0.0,0.06927274167537689,0.0,0.2675943970680237
280,0.005403629504144192,0.017415817081928252,0.021676644310355188,0.05997839868068695,0.0,0.06927493214607239,0.0,0.2675887644290924
281,0.004961628932505846,0.01787116639316082,0.02181299552321434,0.05983114540576935,0.0,0.06927545368671417,0.0,0.26758235692977905
282,0.005212029442191124,0.018619978427886964,0.021620004251599313,0.05619421824812889,0.0,0.06927256286144257,0.0,0.26757603883743286
283,0.005392345786094666,0.018779208511114122,0.019976403936743735,0.05960484594106674,0.0,0.06926730275154114,0.0,0.2675710618495941
284,0.0052288762293756005,0.01910201758146286,0.020320709422230722,0.05933757349848747,0.0,0.06926337629556656,0.0,0.2675687372684479
285,0.0054878732189536095,0.018723408132791518,0.02008138820528984,0.06158524751663208,0.0,0.06926371902227402,0.0,0.26756715774536133
286,0.005308072827756405,0.016538247279822827,0.021084359660744668,0.06282290816307068,0.0,0.06926307827234268,0.0,0.26756682991981506
287,0.005151296779513359,0.018775061517953873,0.021902670711278917,0.06407351642847062,0.0,0.06926096975803375,0.0,0.2675679326057434
288,0.005211295746266842,0.01817522309720516,0.023333564400672913,0.06222710385918617,0.0,0.06926004588603973,0.0,0.26757046580314636
289,0.005278408154845237,0.017445885017514227,0.021356907114386557,0.06214868575334549,0.0,0.06926017254590988,0.0,0.26757320761680603
290,0.005203843489289284,0.019105169177055358,0.021939101815223693,0.058812976628541944,0.0,0.06925792247056961,0.0,0.2675759196281433
291,0.005396002903580666,0.017613372206687926,0.02199251651763916,0.06307063698768615,0.0,0.06925375759601593,0.0,0.267578125
292,0.005216209311038255,0.017903898283839224,0.02137235812842846,0.06362361535429954,0.0,0.06924866139888763,0.0,0.26758164167404175
293,0.005046141799539328,0.017907128483057023,0.020193382725119592,0.06337400153279305,0.0,0.06924109905958176,0.0,0.2675841450691223
294,0.005468596611171961,0.017619917914271355,0.02073875516653061,0.0627281978726387,0.0,0.06923533976078033,0.0,0.26758623123168945
295,0.005640613846480846,0.018528397753834726,0.02253267653286457,0.05947673618793488,0.0,0.06923035532236099,0.0,0.26758700609207153
296,0.005276124365627766,0.018376674503087997,0.021518170833587646,0.05996398478746414,0.0,0.0692233294248581,0.0,0.2675879895687103
297,0.0052209004759788515,0.01841152012348175,0.02003948912024498,0.05960260778665542,0.0,0.06921471655368805,0.0,0.26758819818496704
298,0.005552010796964169,0.01883603073656559,0.02160208038985729,0.0584312304854393,0.0,0.06920494139194489,0.0,0.26758918166160583
299,0.00521127711981535,0.01756456196308136,0.020963413268327714,0.059049802273511885,0.0,0.06920099258422852,0.0,0.2675916254520416
300,0.005240932758897543,0.017819300666451453,0.022089025378227232,0.06196489408612251,0.0,0.0691956877708435,0.0,0.2675933837890625
301,0.00512998066842556,0.01786877550184727,0.02135290764272213,0.059211930632591246,0.0,0.06919050216674805,0.0,0.26759594678878784
302,0.005462067201733589,0.018391481414437295,0.02180391475558281,0.06607960462570191,0.0,0.06918410956859589,0.0,0.26759982109069824
303,0.005365537665784359,0.01690113767981529,0.021716731786727905,0.06307044699788093,0.0,0.06918154656887054,0.0,0.26760509610176086
304,0.005458541680127382,0.018086428567767144,0.019852226972579955,0.06294855698943139,0.0,0.06917650252580643,0.0,0.2676110863685608
305,0.005224614776670933,0.018155638501048087,0.019536234438419342,0.06001200824975968,0.0,0.06917349994182587,0.0,0.2676141858100891
306,0.005027918145060539,0.017776696011424065,0.02165292762219906,0.05977892652153969,0.0,0.06917190551757812,0.0,0.2676147520542145
307,0.0051260353066027164,0.017419280484318733,0.023896392434835434,0.06049320623278618,0.0,0.06916717439889908,0.0,0.2676149308681488
308,0.005152734275907278,0.018030283972620964,0.0213765662163496,0.06668264120817184,0.0,0.06915835291147232,0.0,0.2676157057285309
309,0.00519383791834116,0.018027039617300032,0.023174113035202025,0.05954088494181633,0.0,0.06915177404880524,0.0,0.2676151990890503
310,0.005384028051048517,0.01747804433107376,0.01903112083673477,0.06379648298025131,0.0,0.06914552301168442,0.0,0.26761355996131897
311,0.005249654222279787,0.017596209049224855,0.021880990266799925,0.06542284935712814,0.0,0.0691380426287651,0.0,0.2676110863685608
312,0.005374506022781134,0.01847308352589607,0.024958230182528497,0.06421496644616127,0.0,0.06912703812122345,0.0,0.2676093578338623
313,0.005157426558434963,0.017667455598711967,0.021290713921189308,0.05939808338880539,0.0,0.06911713629961014,0.0,0.2676069736480713
314,0.005100430734455585,0.01897275187075138,0.02197638675570488,0.06165841817855835,0.0,0.06910839676856995,0.0,0.2676050662994385
315,0.005244683753699064,0.01865127608180046,0.02263783775269985,0.06360234692692757,0.0,0.06910867244005203,0.0,0.2676045298576355
316,0.0054173641838133335,0.018588874489068985,0.02146451212465763,0.06302385777235031,0.0,0.06911300867795944,0.0,0.2676039934158325
317,0.00534433601424098,0.018925993144512175,0.021643004566431045,0.05827972888946533,0.0,0.06911753118038177,0.0,0.2676056921482086
318,0.00519298380240798,0.017226284369826317,0.021954067423939704,0.054525986313819885,0.0,0.06912960857152939,0.0,0.26760679483413696
319,0.004962088447064162,0.01881311386823654,0.020610179379582406,0.06305390372872352,0.0,0.06913512945175171,0.0,0.26760637760162354
320,0.005498927365988493,0.017201096937060355,0.02267570197582245,0.06473876014351845,0.0,0.06914093345403671,0.0,0.26760461926460266
321,0.005409592762589455,0.018851372227072716,0.022633183375000955,0.06277629137039184,0.0,0.06914512068033218,0.0,0.2676021456718445
322,0.004776026122272015,0.01814118176698685,0.022278006374835967,0.059714163094758986,0.0,0.06914836168289185,0.0,0.26760005950927734
323,0.005178623273968697,0.019053110107779502,0.020292941108345987,0.06075681373476982,0.0,0.06914907693862915,0.0,0.2675987780094147
324,0.005089800618588924,0.018191876262426375,0.02255517803132534,0.061103249341249465,0.0,0.06914954632520676,0.0,0.2675979435443878
325,0.0050578337162733075,0.017884423583745958,0.02136666625738144,0.06452495902776718,0.0,0.06914258003234863,0.0,0.2675964832305908
326,0.005329983402043581,0.01812855266034603,0.02339802235364914,0.06020856723189354,0.0,0.06913255900144577,0.0,0.2675948739051819
327,0.005389274284243584,0.017060056701302527,0.02173657640814781,0.06022304147481918,0.0,0.06912092864513397,0.0,0.2675965428352356
328,0.005022048391401768,0.017877043038606644,0.021275155991315842,0.06194305568933487,0.0,0.06911003589630127,0.0,0.2675996422767639
329,0.00573694845661521,0.017413312941789626,0.02168385162949562,0.060488364100456236,0.0,0.06909994035959244,0.0,0.2676042914390564
330,0.0055941474623978135,0.0189600620418787,0.02135203070938587,0.06433951705694199,0.0,0.0690939873456955,0.0,0.2676093280315399
331,0.004994330462068319,0.018402089178562165,0.021104657649993898,0.06427114382386208,0.0,0.06908978521823883,0.0,0.2676140367984772
332,0.0054184489883482454,0.018062395974993706,0.020321813598275184,0.06433259025216102,0.0,0.06908626854419708,0.0,0.2676183879375458
333,0.0052505343221127985,0.018709674850106238,0.023412101715803147,0.06289966478943824,0.0,0.06908300518989563,0.0,0.2676233649253845
334,0.0051576757803559305,0.018392471224069597,0.02268529385328293,0.06259637922048569,0.0,0.0690850242972374,0.0,0.267627090215683
335,0.004810959473252297,0.01851359084248543,0.02312186136841774,0.06739090830087661,0.0,0.069088414311409,0.0,0.26762935519218445
336,0.0049904047511518,0.018389935418963433,0.02168925292789936,0.0628156267106533,0.0,0.06909281015396118,0.0,0.26762962341308594
337,0.00524669773876667,0.01753994133323431,0.0217167466878891,0.058541920781135556,0.0,0.06909506022930145,0.0,0.26763007044792175
338,0.005224480759352446,0.01819353997707367,0.02311960682272911,0.0641864851117134,0.0,0.0690956860780716,0.0,0.2676306366920471
339,0.0050961973145604135,0.01796339489519596,0.022162701189517974,0.06236143484711647,0.0,0.06909556686878204,0.0,0.2676312327384949
340,0.005123661924153566,0.01757124699652195,0.02139090411365032,0.05903405025601387,0.0,0.0690985694527626,0.0,0.2676316797733307
341,0.005318257957696915,0.01781724989414215,0.023602089658379555,0.062212854623794556,0.0,0.06909915059804916,0.0,0.2676312327384949
342,0.005306086409837008,0.018606789782643317,0.021606757119297982,0.06138571873307228,0.0,0.06910236179828644,0.0,0.2676315903663635
343,0.005528556555509568,0.018671382591128348,0.022424176707863806,0.056284007430076596,0.0,0.06910915672779083,0.0,0.267631471157074
344,0.005021128477528692,0.01854383498430252,0.020002413541078568,0.05252979248762131,0.0,0.06911206990480423,0.0,0.2676321864128113
345,0.00509479520842433,0.018340115249156953,0.022590932622551917,0.05668016448616982,0.0,0.06911549717187881,0.0,0.2676335275173187
346,0.0050994263030588625,0.017334138974547386,0.021451875567436218,0.061559990793466565,0.0,0.06911663711071014,0.0,0.267633855342865
347,0.005051936581730842,0.017618587240576744,0.021490063145756723,0.05897136926651001,0.0,0.06911838799715042,0.0,0.26763254404067993
348,0.005263895355165004,0.017426152899861335,0.021764178574085236,0.05931074395775795,0.0,0.06912060081958771,0.0,0.2676289677619934
349,0.004987353272736072,0.01824096255004406,0.021936215832829474,0.060940899699926374,0.0,0.06912339478731155,0.0,0.26762285828590393
350,0.004831701703369618,0.01841043122112751,0.0216298695653677,0.06423597186803817,0.0,0.0691295862197876,0.0,0.2676166594028473
351,0.005286022089421749,0.0189003624022007,0.0227531585842371,0.0631484031677246,0.0,0.06913711875677109,0.0,0.2676122784614563
352,0.0051646878011524676,0.018297069892287254,0.02193274609744549,0.06332112625241279,0.0,0.06914324313402176,0.0,0.2676088809967041
353,0.004760785959661007,0.017834863811731338,0.02105421982705593,0.057456132024526596,0.0,0.0691499263048172,0.0,0.26760485768318176
354,0.005180548597127199,0.018259945884346963,0.02142510823905468,0.06114412173628807,0.0,0.06915538012981415,0.0,0.2676018178462982
355,0.005691740103065968,0.016973250731825828,0.02494795769453049,0.06434313356876373,0.0,0.06915698945522308,0.0,0.267600953578949
356,0.0053274426609277725,0.017855564132332802,0.02174045257270336,0.061497755348682404,0.0,0.06915900111198425,0.0,0.26760178804397583
357,0.005233245715498924,0.018169057741761207,0.023232027888298035,0.06079444065690041,0.0,0.06915633380413055,0.0,0.2676033079624176
358,0.005336922686547041,0.018454011529684067,0.02125353887677193,0.06205873861908913,0.0,0.06915422528982162,0.0,0.26760512590408325
359,0.005223334860056638,0.01821269914507866,0.021213017776608466,0.05869633555412292,0.0,0.06914713233709335,0.0,0.26760977506637573
360,0.005196293722838164,0.018514686077833176,0.021330054476857187,0.05934714302420616,0.0,0.06914681196212769,0.0,0.2676162123680115
361,0.005464688967913389,0.01770643200725317,0.021452901884913445,0.06288444995880127,0.0,0.06914590299129486,0.0,0.26762253046035767
362,0.0051600544713437555,0.018672339618206024,0.021336911991238595,0.06446187570691109,0.0,0.06914924085140228,0.0,0.2676284909248352
363,0.005324308387935161,0.018668726831674576,0.021364928409457206,0.05915540531277656,0.0,0.06916151195764542,0.0,0.26763322949409485
364,0.005274207610636949,0.017884671315550806,0.021604470536112787,0.06420809850096702,0.0,0.0691758394241333,0.0,0.2676376700401306
365,0.004640484135597945,0.017682106420397758,0.02235307767987251,0.059483735263347624,0.0,0.0691905990242958,0.0,0.26764097809791565
366,0.00525478832423687,0.018726032227277756,0.021871139854192735,0.05958361402153969,0.0,0.0691978707909584,0.0,0.2676437795162201
367,0.0050150672905147076,0.018676382675766944,0.021359966695308687,0.062432040274143216,0.0,0.06920717656612396,0.0,0.2676454186439514
368,0.005064999032765627,0.018332986906170846,0.021914902329444885,0.062203988432884216,0.0,0.06922265887260437,0.0,0.2676447927951813
369,0.004913388192653656,0.017457473650574686,0.020550033450126647,0.06456187590956688,0.0,0.06923620402812958,0.0,0.2676422595977783
370,0.00546019272878766,0.01789482105523348,0.02034222409129143,0.059977900236845016,0.0,0.06925080716609955,0.0,0.2676396369934082
371,0.004940842278301716,0.01868971772491932,0.02186536192893982,0.0600489117205143,0.0,0.06926815211772919,0.0,0.26763617992401123
372,0.005155861098319292,0.018410104513168334,0.02160527594387531,0.05963006615638733,0.0,0.06929022818803787,0.0,0.2676315903663635
373,0.004606866557151079,0.017138439416885375,0.02209169790148735,0.06116655319929123,0.0,0.06931070983409882,0.0,0.2676265835762024
374,0.004875210206955671,0.01746233329176903,0.021439341455698015,0.05884954333305359,0.0,0.06932701915502548,0.0,0.26761868596076965
375,0.005441846046596766,0.018042902648448943,0.024370647221803664,0.060333951562643054,0.0,0.06934013217687607,0.0,0.2676115036010742
376,0.005182744655758143,0.017574286833405495,0.0230035275220871,0.06384330242872238,0.0,0.06935124099254608,0.0,0.26760607957839966
377,0.0055352428928017615,0.017311178520321845,0.022977909445762633,0.06552127599716187,0.0,0.06935910880565643,0.0,0.2676018476486206
378,0.005157973431050777,0.018606984987854958,0.02185756117105484,0.06114604249596596,0.0,0.06936682760715485,0.0,0.2675975263118744
379,0.005478522460907698,0.018008486554026603,0.023540684953331947,0.05760693550109863,0.0,0.0693843811750412,0.0,0.2675926089286804
380,0.005714589171111584,0.017939680069684983,0.021420053765177728,0.060965242236852644,0.0,0.06939824670553207,0.0,0.2675894796848297
381,0.005348129384219647,0.018085632100701333,0.022550348937511445,0.06247968897223473,0.0,0.06940911710262299,0.0,0.2675860524177551
382,0.005043665692210197,0.01798122711479664,0.022998183965682983,0.06197668015956879,0.0,0.06941960752010345,0.0,0.26758307218551636
383,0.005092015862464905,0.017326468229293825,0.02201252244412899,0.06759257465600968,0.0,0.069423608481884,0.0,0.26758167147636414
384,0.005158667732030153,0.01834546569734812,0.02013450115919113,0.06515004336833954,0.0,0.06943172961473465,0.0,0.2675798535346985
385,0.005278715211898088,0.018079156428575514,0.021648858860135078,0.06220134496688843,0.0,0.06943728029727936,0.0,0.2675803601741791
386,0.005187240242958069,0.017145549505949022,0.021759697422385215,0.06119052469730377,0.0,0.06943975389003754,0.0,0.26758211851119995
387,0.0051030262373387815,0.01818831153213978,0.020206931978464127,0.06268853023648262,0.0,0.06944044679403305,0.0,0.2675841450691223
388,0.005373494513332844,0.018275434896349908,0.020594428479671478,0.06690534129738808,0.0,0.06944191455841064,0.0,0.26758769154548645
389,0.0050886788405478,0.0192283034324646,0.02140493765473366,0.05777896791696548,0.0,0.06944546103477478,0.0,0.26759159564971924
390,0.0051739603281021115,0.0172872144728899,0.022413794696331025,0.05947529599070549,0.0,0.06945251673460007,0.0,0.26759466528892517
391,0.005211632885038853,0.01872781179845333,0.022629746794700624,0.06362527757883071,0.0,0.06945625692605972,0.0,0.26759934425354004
392,0.005346935708075762,0.018401411175727845,0.022607412934303284,0.06479123830795289,0.0,0.06945747137069702,0.0,0.26760396361351013
393,0.005653851758688688,0.018093650788068773,0.02152460776269436,0.0592551477253437,0.0,0.06946004927158356,0.0,0.2676072120666504
394,0.005062107089906931,0.01830504648387432,0.023641423135995866,0.057671862095594405,0.0,0.06946557760238647,0.0,0.2676105201244354
395,0.005498534254729748,0.01821213252842426,0.0222854059189558,0.060773298144340515,0.0,0.06946969032287598,0.0,0.2676139771938324
396,0.004947821423411369,0.01906837522983551,0.022316206619143485,0.05781384259462356,0.0,0.06947147101163864,0.0,0.2676163613796234
397,0.004991088435053826,0.018164775148034096,0.019603481143713,0.06431107223033905,0.0,0.0694662481546402,0.0,0.26761627197265625
398,0.005248388834297657,0.01810091771185398,0.023675014078617097,0.06123768016695976,0.0,0.06945966184139252,0.0,0.2676158547401428
399,0.005136809684336186,0.017061296664178372,0.02200283668935299,0.06325682103633881,0.0,0.06945192813873291,0.0,0.2676142752170563
400,0.005054151080548764,0.016832707822322844,0.02123371548950672,0.06397581100463867,0.0,0.06944281607866287,0.0,0.26761239767074585
401,0.005487359408289194,0.01884072497487068,0.021794359385967254,0.06555509120225907,0.0,0.0694335326552391,0.0,0.26761212944984436
402,0.005317526496946811,0.017956814914941787,0.022428037598729134,0.062251975387334825,0.0,0.06942445784807205,0.0,0.2676142156124115
403,0.005369329452514648,0.017818083986639977,0.020341622456908227,0.06091808080673218,0.0,0.06941626965999603,0.0,0.26761600375175476
404,0.005378986429423094,0.018765110149979593,0.023158957436680793,0.0649949461221695,0.0,0.06940727680921555,0.0,0.26761940121650696
405,0.005116502195596695,0.01825326830148697,0.020416859537363052,0.06273415535688401,0.0,0.06939670443534851,0.0,0.2676231861114502
406,0.005220324825495481,0.018979088217020035,0.022399820759892462,0.061167147010564804,0.0,0.06938652694225311,0.0,0.26762887835502625
407,0.0049824114888906475,0.017705127224326135,0.021863183379173277,0.06141281947493553,0.0,0.06937573105096817,0.0,0.2676331698894501
408,0.0054464246146380905,0.017668316885828973,0.022123057022690774,0.05972956866025925,0.0,0.06936261802911758,0.0,0.2676347494125366
409,0.005478385090827942,0.017807205393910407,0.021212036535143853,0.062236125022172926,0.0,0.06934591382741928,0.0,0.2676350474357605
410,0.004941447544842959,0.01786002516746521,0.021738087013363838,0.060926782339811324,0.0,0.06933236867189407,0.0,0.26763400435447693
411,0.005111903417855501,0.01849154643714428,0.022033937647938727,0.05838472098112106,0.0,0.06932543963193893,0.0,0.26763251423835754
412,0.005057863518595695,0.017340215668082238,0.022556590288877486,0.061187558621168134,0.0,0.06932125985622406,0.0,0.26763027906417847
413,0.005286463350057602,0.017570404708385466,0.021719231829047204,0.06125876754522323,0.0,0.06931309401988983,0.0,0.2676272988319397
414,0.005203339643776417,0.017173691466450692,0.021981824561953543,0.05772458240389824,0.0,0.06930965930223465,0.0,0.2676237225532532
415,0.005020537134259939,0.01866721510887146,0.022777389734983444,0.06053559631109238,0.0,0.06930931657552719,0.0,0.26762139797210693
416,0.005059042014181614,0.017513375729322433,0.021673259511590003,0.06318214237689972,0.0,0.06931173801422119,0.0,0.2676198482513428
417,0.005101990327239037,0.017896023392677308,0.023046473786234856,0.06168660372495651,0.0,0.06931265443563461,0.0,0.2676171660423279
418,0.00532971192151308,0.018484261259436606,0.02161812372505665,0.06260659918189049,0.0,0.06931408494710922,0.0,0.26761394739151
419,0.005084934271872043,0.018573389574885368,0.021105745062232017,0.06383908465504647,0.0,0.06932266801595688,0.0,0.267611026763916
420,0.005448240973055363,0.018231585249304773,0.022958829626441003,0.06379276886582375,0.0,0.0693291649222374,0.0,0.267607718706131
421,0.005118475016206503,0.01831643097102642,0.02145688943564892,0.06364552602171898,0.0,0.06933774799108505,0.0,0.2676038146018982
422,0.005149109195917845,0.017309508472681045,0.021716097369790077,0.06114001199603081,0.0,0.06934034824371338,0.0,0.2676015794277191
423,0.005283592827618122,0.01770145818591118,0.02236344888806343,0.06094023734331131,0.0,0.06934353709220886,0.0,0.2676011025905609
424,0.005134007427841425,0.017342584207654,0.02080295830965042,0.06510828584432601,0.0,0.06934700906276703,0.0,0.26759982109069824
425,0.005059036519378423,0.01829164959490299,0.019981538876891136,0.06188839599490166,0.0,0.06934638321399689,0.0,0.26760002970695496
426,0.005003175977617502,0.018729081377387047,0.020924169197678567,0.05902331992983818,0.0,0.06934203207492828,0.0,0.26759806275367737
427,0.004766873363405466,0.01778624951839447,0.02255944423377514,0.0568196564912796,0.0,0.06934387236833572,0.0,0.2675960063934326
428,0.004827681835740805,0.018183395266532898,0.023153552040457725,0.05902062207460403,0.0,0.06934051215648651,0.0,0.2675957977771759
429,0.005251281335949898,0.018612591549754143,0.021343293040990828,0.06143743023276329,0.0,0.0693364143371582,0.0,0.26759663224220276
430,0.0050651122815907005,0.01728464663028717,0.020652594044804573,0.060540725290775296,0.0,0.06933008879423141,0.0,0.267598032951355
431,0.005170924868434667,0.017645755037665366,0.02086709812283516,0.05797095149755478,0.0,0.06932229548692703,0.0,0.2675992250442505
432,0.005435144808143377,0.017772752046585082,0.020447474718093873,0.06081412211060524,0.0,0.06931539624929428,0.0,0.267598956823349
433,0.004994934052228927,0.019668829068541525,0.021634156256914137,0.060064497590065005,0.0,0.06931248307228088,0.0,0.2675992548465729
434,0.005235246196389198,0.017410266399383544,0.022346704825758935,0.06147141754627228,0.0,0.06930747628211975,0.0,0.2675974369049072
435,0.00504750432446599,0.018086590617895127,0.021315840259194373,0.05989484265446663,0.0,0.06930400431156158,0.0,0.2675953507423401
436,0.005408913362771273,0.01729329228401184,0.022123616933822633,0.06315521746873856,0.0,0.06930185854434967,0.0,0.2675930857658386
437,0.004819558467715979,0.01758340299129486,0.022941486909985542,0.06223549693822861,0.0,0.06929919123649597,0.0,0.26759058237075806
438,0.005145131051540375,0.01869707629084587,0.022331124544143675,0.06530212163925171,0.0,0.0692979022860527,0.0,0.2675866186618805
439,0.005113477353006601,0.017757681384682655,0.021926315128803255,0.06385534405708312,0.0,0.06929007172584534,0.0,0.26757994294166565
440,0.004909770283848047,0.01887318193912506,0.019747662544250488,0.06209607496857643,0.0,0.06929023563861847,0.0,0.2675728499889374
441,0.005301165487617254,0.0183053407818079,0.020423907786607742,0.06018457859754563,0.0,0.06929222494363785,0.0,0.26756417751312256
442,0.00543051166459918,0.01934538371860981,0.021928426623344422,0.0582644023001194,0.0,0.06930217146873474,0.0,0.2675548195838928
443,0.005340826325118541,0.01728406697511673,0.021936557069420815,0.06284015253186226,0.0,0.06931734085083008,0.0,0.2675471007823944
444,0.005090316850692033,0.018037348240613937,0.022074275836348533,0.06215072348713875,0.0,0.06933251768350601,0.0,0.26754090189933777
445,0.005155237577855587,0.01822904497385025,0.020751823484897614,0.05900422260165215,0.0,0.06934833526611328,0.0,0.26753664016723633
446,0.005067200865596533,0.018034831807017326,0.023006608709692955,0.06246535927057266,0.0,0.06936732679605484,0.0,0.26753687858581543
447,0.005454849265515804,0.0188425175845623,0.021196550130844115,0.06328383237123489,0.0,0.06938733160495758,0.0,0.26753708720207214
448,0.004992468561977148,0.016926234215497972,0.0212741170078516,0.06186028644442558,0.0,0.06940353661775589,0.0,0.26753610372543335
449,0.005371665861457586,0.01873408742249012,0.021404245495796205,0.06434612572193146,0.0,0.06941822171211243,0.0,0.26753753423690796
450,0.005134778935462237,0.018444976583123208,0.021114413812756538,0.06211354732513428,0.0,0.06943048536777496,0.0,0.2675379812717438
451,0.005192144680768252,0.017601323127746583,0.01922352723777294,0.06185789480805397,0.0,0.06944318860769272,0.0,0.2675381302833557
452,0.005106001812964678,0.018041592091321945,0.02353070192039013,0.05677470713853836,0.0,0.06945387274026871,0.0,0.26753953099250793
453,0.0051591403782367705,0.017679817602038385,0.020861933752894402,0.059356527775526045,0.0,0.06946425139904022,0.0,0.2675401270389557
454,0.005500952806323766,0.01770661510527134,0.021447930485010147,0.062909696996212,0.0,0.06947948038578033,0.0,0.2675389349460602
455,0.0058753290213644505,0.018198520317673682,0.022881243750452994,0.06269876509904862,0.0,0.06949200481176376,0.0,0.2675374150276184
456,0.005210498627275228,0.018041379377245904,0.02160111889243126,0.06040568873286247,0.0,0.06950027495622635,0.0,0.2675384283065796
457,0.005098671838641167,0.01879938580095768,0.022715089097619056,0.061266084760427476,0.0,0.06950725615024567,0.0,0.2675383687019348
458,0.005251797661185264,0.01880205124616623,0.020403450727462767,0.05782854184508324,0.0,0.0695154070854187,0.0,0.2675382196903229
459,0.005183735955506563,0.017685893923044205,0.021527453884482385,0.05999447852373123,0.0,0.06952434778213501,0.0,0.26753559708595276
460,0.004959528613835573,0.01871352717280388,0.02087428718805313,0.06359535306692124,0.0,0.06953583657741547,0.0,0.2675336003303528
461,0.005039417836815119,0.018426744267344475,0.019745288789272307,0.05909090936183929,0.0,0.06955007463693619,0.0,0.26753494143486023
462,0.005381042882800102,0.01739424653351307,0.021407537534832953,0.06542496234178544,0.0,0.06956150382757187,0.0,0.26753801107406616
463,0.005035593826323748,0.017653108574450016,0.0203245609998703,0.06271949037909508,0.0,0.06957538425922394,0.0,0.2675401568412781
464,0.005073788017034531,0.017781545221805573,0.022219852730631828,0.058566948771476744,0.0,0.06958818435668945,0.0,0.2675420641899109
465,0.005221328418701887,0.017278760299086572,0.021955129876732826,0.06101469472050667,0.0,0.06960179656744003,0.0,0.26754316687583923
466,0.005440834350883961,0.017514340579509735,0.02157738134264946,0.06345558762550355,0.0,0.06961236149072647,0.0,0.26754528284072876
467,0.005381572898477316,0.0183928020298481,0.02312842719256878,0.06699014455080032,0.0,0.06961916387081146,0.0,0.26754510402679443
468,0.005453755427151918,0.017914291471242905,0.02092282809317112,0.05901185870170593,0.0,0.06962557882070541,0.0,0.26754480600357056
469,0.005659641139209271,0.018270054087042808,0.023155200108885766,0.061215910315513614,0.0,0.06963247805833817,0.0,0.26754531264305115
470,0.005215713474899531,0.019036759808659553,0.02170673795044422,0.0644449919462204,0.0,0.06963478028774261,0.0,0.2675454020500183
471,0.005299285147339105,0.017736222222447397,0.02199496477842331,0.062214388698339465,0.0,0.06964005529880524,0.0,0.2675454020500183
472,0.0051756507717072965,0.017796066403388978,0.0233001708984375,0.06021247059106827,0.0,0.06964103877544403,0.0,0.267545223236084
473,0.004956475459039211,0.01815965473651886,0.021891989931464195,0.061403519660234454,0.0,0.06963733583688736,0.0,0.267544150352478
474,0.00529013155028224,0.017908951640129088,0.019631723314523696,0.057871879637241365,0.0,0.06963513791561127,0.0,0.26754048466682434
475,0.00522689325734973,0.018817871809005737,0.02041645310819149,0.06299128234386445,0.0,0.06962879002094269,0.0,0.2675376534461975
476,0.005353477317839861,0.01821662448346615,0.021271048113703728,0.0653149738907814,0.0,0.06962301582098007,0.0,0.26753538846969604
477,0.005335938837379217,0.017799516953527928,0.02301859259605408,0.06253351420164108,0.0,0.06961563229560852,0.0,0.2675318717956543
478,0.005214763339608908,0.018892038613557816,0.024069833010435103,0.05962240546941757,0.0,0.06960902363061905,0.0,0.2675306499004364
479,0.00507180942222476,0.01851809099316597,0.023325559869408607,0.06043936014175415,0.0,0.06960375607013702,0.0,0.26753002405166626
480,0.005108067207038403,0.01917278990149498,0.021842243149876595,0.05825977101922035,0.0,0.06959687173366547,0.0,0.2675289511680603
481,0.004986962955445051,0.017443854361772537,0.02366602011024952,0.06828331053256989,0.0,0.06959269195795059,0.0,0.267528772354126
482,0.005136528704315424,0.018972589075565337,0.020423424243927003,0.057348544150590895,0.0,0.06958775967359543,0.0,0.2675280272960663
483,0.005179712548851967,0.017974820733070374,0.021198760718107224,0.06540885642170906,0.0,0.06959490478038788,0.0,0.2675282657146454
484,0.004959665052592754,0.01835799515247345,0.020850546658039093,0.0634431593120098,0.0,0.06959623843431473,0.0,0.2675309479236603
485,0.00521605322137475,0.01855655647814274,0.023011039942502975,0.06470873504877091,0.0,0.06959350407123566,0.0,0.2675321698188782
486,0.005204919725656509,0.018860460817813875,0.021039825305342673,0.06172232776880264,0.0,0.06958966702222824,0.0,0.2675349712371826
487,0.00522834099829197,0.017856448516249658,0.02311145216226578,0.06378343105316162,0.0,0.06958485394716263,0.0,0.26753777265548706
488,0.005201919563114643,0.017912615090608597,0.022426224127411843,0.06274495720863342,0.0,0.06957828253507614,0.0,0.2675406336784363
489,0.005922311823815108,0.018517374619841577,0.02270440272986889,0.06028156578540802,0.0,0.06957236677408218,0.0,0.26754385232925415
490,0.005019364971667528,0.01792786568403244,0.023349226266145707,0.06317627802491188,0.0,0.06956727057695389,0.0,0.26754602789878845
491,0.005208835564553737,0.017770180478692055,0.022030743211507796,0.06445581689476967,0.0,0.06956498324871063,0.0,0.26754626631736755
492,0.004939076397567988,0.01742447502911091,0.022702034190297128,0.061461199820041654,0.0,0.06955932080745697,0.0,0.2675447165966034
493,0.005496804229915142,0.018326304480433465,0.020201189815998076,0.06217062324285507,0.0,0.06955419480800629,0.0,0.2675417959690094
494,0.005117416102439165,0.017844358086586,0.021256237477064132,0.06516820564866066,0.0,0.06954793632030487,0.0,0.2675391435623169
495,0.005415621213614941,0.01750425584614277,0.02022567205131054,0.062283726036548616,0.0,0.06953587383031845,0.0,0.2675386965274811
496,0.005271036550402642,0.018255715444684028,0.021961107105016708,0.0615108996629715,0.0,0.06952250003814697,0.0,0.26754122972488403
497,0.005413804948329925,0.01756606772542,0.02110939398407936,0.0584949254989624,0.0,0.0695122480392456,0.0,0.267545610666275
498,0.005106168426573276,0.01838134936988354,0.02290571965277195,0.06579204350709915,0.0,0.069505475461483,0.0,0.267550528049469
499,0.0053342292085289955,0.018697619065642358,0.022173210978507996,0.06048615947365761,0.0,0.06950026005506516,0.0,0.2675563097000122
500,0.005063644237816333,0.018970267847180367,0.020214567705988885,0.06227492839097977,0.0,0.0694940909743309,0.0,0.2675620913505554
501,0.005041342787444591,0.01834660768508911,0.021759763732552527,0.06332479864358902,0.0,0.06948579847812653,0.0,0.26756972074508667
502,0.005048885382711888,0.017753320559859277,0.02324328161776066,0.06420767605304718,0.0,0.06947602331638336,0.0,0.26757675409317017
503,0.005197000503540039,0.01791290882974863,0.02086402550339699,0.06080572456121445,0.0,0.0694623738527298,0.0,0.26758310198783875
504,0.004952300805598497,0.017374035716056824,0.022303016483783723,0.06101542934775352,0.0,0.06944438815116882,0.0,0.2675853967666626
505,0.004935207869857549,0.018511414527893066,0.02115429863333702,0.06292417272925377,0.0,0.06942802667617798,0.0,0.26758483052253723
506,0.005068948958069086,0.01804481856524944,0.02082062214612961,0.06308281198143958,0.0,0.06940918415784836,0.0,0.2675839066505432
507,0.005027555767446757,0.017381266877055167,0.021747655421495437,0.05886087492108345,0.0,0.06939533352851868,0.0,0.26758232712745667
508,0.005306536145508289,0.017975533753633498,0.02230653539299965,0.05939549207687378,0.0,0.06938083469867706,0.0,0.2675796151161194
509,0.005255347490310669,0.018597983568906785,0.02281055748462677,0.05946996286511421,0.0,0.06936474144458771,0.0,0.26757553219795227
510,0.005075496807694435,0.017802342772483826,0.02129727751016617,0.06757872998714447,0.0,0.069354347884655,0.0,0.2675708532333374
511,0.005352899618446827,0.01761108562350273,0.02316103093326092,0.06401494294404983,0.0,0.06934116780757904,0.0,0.26756516098976135
512,0.005320882052183151,0.018699545040726663,0.022429308295249938,0.06027237772941589,0.0,0.06933172047138214,0.0,0.2675600051879883
513,0.005084282252937555,0.01878012716770172,0.021975796297192575,0.0580039843916893,0.0,0.06932759284973145,0.0,0.2675558626651764
514,0.005131431668996811,0.017863341979682444,0.02241221219301224,0.06737217679619789,0.0,0.06932386010885239,0.0,0.2675512433052063
515,0.005089285597205162,0.017871905863285065,0.02118785008788109,0.06241825595498085,0.0,0.06932146847248077,0.0,0.26754626631736755
516,0.005784341879189014,0.018153196573257445,0.021154789626598357,0.06094725802540779,0.0,0.06931711733341217,0.0,0.2675415277481079
517,0.005263514816761017,0.018515092507004737,0.022600278630852698,0.06526038199663162,0.0,0.06931126117706299,0.0,0.26753705739974976
518,0.005103127285838127,0.01840035766363144,0.02295100875198841,0.059709040075540544,0.0,0.06930474936962128,0.0,0.2675336003303528
519,0.005214197374880314,0.018173282966017723,0.021127859130501747,0.062457169592380526,0.0,0.06930141150951385,0.0,0.2675309181213379
520,0.005237794667482376,0.01739406995475292,0.022613997757434844,0.0631535917520523,0.0,0.06930182874202728,0.0,0.2675279974937439
521,0.005397567991167307,0.01913312152028084,0.021436802670359613,0.0637108638882637,0.0,0.0693030059337616,0.0,0.267524778842926
522,0.005077669024467468,0.017922750487923623,0.02099153995513916,0.060423347353935244,0.0,0.06930825859308243,0.0,0.2675212025642395
523,0.00517091816291213,0.017657380551099777,0.023438789695501328,0.06301606595516204,0.0,0.06931258738040924,0.0,0.2675195336341858
524,0.0051641413941979405,0.017743567004799843,0.021408875286579133,0.05857202187180519,0.0,0.06931532174348831,0.0,0.26751965284347534
525,0.004980339575558901,0.017916521802544595,0.021082967147231103,0.060410558432340625,0.0,0.06931858509778976,0.0,0.26752081513404846
526,0.005315023194998503,0.017155495285987855,0.021535898000001906,0.061581125110387804,0.0,0.06932155787944794,0.0,0.26752352714538574
527,0.005079321470111609,0.01771201491355896,0.02163192816078663,0.05815551877021789,0.0,0.06932316720485687,0.0,0.2675275206565857
528,0.005272933188825846,0.01761413477361202,0.02305266298353672,0.05957766473293304,0.0,0.06932546943426132,0.0,0.2675306797027588
529,0.005503885727375746,0.01763218827545643,0.021651064977049828,0.058854763954877855,0.0,0.06932879239320755,0.0,0.26753416657447815
530,0.0049834873527288435,0.018174759671092035,0.022808658331632613,0.06091342121362686,0.0,0.06932628154754639,0.0,0.2675362527370453
531,0.005352677404880523,0.01839687041938305,0.02325897626578808,0.06056089177727699,0.0,0.06931794434785843,0.0,0.26753729581832886
532,0.005293060559779406,0.01846473626792431,0.020532596111297607,0.06206492185592651,0.0,0.0693114846944809,0.0,0.2675366997718811
533,0.005228602048009634,0.01830400377511978,0.021939605101943017,0.05677109286189079,0.0,0.06930307298898697,0.0,0.2675348222255707
534,0.004988244362175464,0.017315763980150223,0.02241610288619995,0.06242999881505966,0.0,0.06929195672273636,0.0,0.2675319314002991
535,0.005084934458136558,0.018024028837680818,0.02368745431303978,0.06512126475572586,0.0,0.06927954405546188,0.0,0.26752883195877075
536,0.005691683478653431,0.018210107833147048,0.02315054014325142,0.05770830363035202,0.0,0.06926362216472626,0.0,0.2675265371799469
537,0.005047596991062164,0.01786925233900547,0.022225268930196763,0.059906472265720365,0.0,0.06924999505281448,0.0,0.2675246000289917
538,0.005047145951539278,0.01709424238651991,0.022406217455863953,0.06142202466726303,0.0,0.06923609226942062,0.0,0.2675246298313141
539,0.005074713006615638,0.01885095164179802,0.022492459788918496,0.05974100902676582,0.0,0.06922025233507156,0.0,0.2675250172615051
540,0.005011755507439375,0.017991797626018526,0.02165891379117966,0.05948207601904869,0.0,0.06920348852872849,0.0,0.26752597093582153
541,0.004929790180176497,0.017966383323073386,0.020244326815009116,0.06329411417245864,0.0,0.06918656826019287,0.0,0.2675290107727051
542,0.005039267055690288,0.017587899416685104,0.02248310297727585,0.06153168231248855,0.0,0.0691710114479065,0.0,0.2675321698188782
543,0.005092036630958319,0.017778060957789422,0.019818373024463654,0.06398798003792763,0.0,0.06915494054555893,0.0,0.26753556728363037
544,0.0051164086908102036,0.017961197718977927,0.021192378550767898,0.060303181409835815,0.0,0.0691409707069397,0.0,0.26753824949264526
545,0.005267537664622068,0.017563996836543083,0.021616949513554574,0.06070792451500893,0.0,0.0691288560628891,0.0,0.2675400674343109
546,0.005278790183365345,0.01767128296196461,0.02097160890698433,0.06028289198875427,0.0,0.06911824643611908,0.0,0.2675408720970154
547,0.005485900584608317,0.018436680361628533,0.02384856007993221,0.06250253915786744,0.0,0.06910461187362671,0.0,0.2675415873527527
548,0.005267429351806641,0.017700882256031038,0.022353769093751908,0.0642060399055481,0.0,0.06909701973199844,0.0,0.267543226480484
549,0.005309032369405031,0.01872585192322731,0.023510817065835,0.060619601607322694,0.0,0.06909498572349548,0.0,0.2675440311431885
550,0.005654976610094309,0.019137120991945266,0.021639788150787355,0.06235116422176361,0.0,0.06909193098545074,0.0,0.2675463557243347
551,0.0047900044359266754,0.018458346650004388,0.020731235668063164,0.06391269117593765,0.0,0.06908649206161499,0.0,0.26754745841026306
552,0.005055688880383968,0.017979635298252104,0.021491407603025436,0.05696228072047234,0.0,0.06908170878887177,0.0,0.2675482928752899
553,0.005082829482853412,0.017990902438759802,0.022372498735785486,0.06283150985836983,0.0,0.06907820701599121,0.0,0.26754850149154663
554,0.004970715194940567,0.01873697116971016,0.021339469030499457,0.061318693310022356,0.0,0.06907498836517334,0.0,0.267547607421875
555,0.005180543940514326,0.018230417370796205,0.022829195857048033,0.061296647787094115,0.0,0.06906651705503464,0.0,0.2675442099571228
556,0.005112536624073983,0.017998769134283065,0.022228747233748437,0.06328335776925087,0.0,0.06905560195446014,0.0,0.26754021644592285
557,0.0052231580950319765,0.018749260529875755,0.02425357550382614,0.06091282069683075,0.0,0.06904765218496323,0.0,0.2675359845161438
558,0.005237555410712957,0.018448343873023985,0.02112879455089569,0.061962807178497316,0.0,0.06903374195098877,0.0,0.2675343155860901
559,0.005086605064570903,0.018358883261680604,0.021990367397665977,0.06291558593511581,0.0,0.06902656704187393,0.0,0.2675342261791229
560,0.005305443704128265,0.017790190875530243,0.021525191515684126,0.062487205117940904,0.0,0.06902151554822922,0.0,0.2675338387489319
561,0.005411180295050144,0.017566221579909325,0.021783061698079108,0.06107397824525833,0.0,0.06901884078979492,0.0,0.2675321102142334
562,0.005474411882460117,0.017692958191037177,0.01987348683178425,0.06343102008104325,0.0,0.06901319324970245,0.0,0.2675296664237976
563,0.005070369690656662,0.01849421449005604,0.02142021879553795,0.06018747389316559,0.0,0.06901542842388153,0.0,0.2675279378890991
564,0.005231625400483608,0.019029407203197478,0.021178455278277396,0.05929277688264847,0.0,0.06901659816503525,0.0,0.2675265371799469
565,0.00494198203086853,0.01835644170641899,0.021620100364089012,0.06199024692177772,0.0,0.0690191239118576,0.0,0.267525851726532
566,0.005056957434862852,0.017518173903226852,0.023755134642124177,0.06199496537446976,0.0,0.06902604550123215,0.0,0.26752492785453796
567,0.005437827575951815,0.01764643080532551,0.021078913658857345,0.06273199319839477,0.0,0.06903501600027084,0.0,0.2675236463546753
568,0.005700540449470282,0.018134449794888496,0.02329074256122112,0.06060794964432716,0.0,0.06904804706573486,0.0,0.26752468943595886
569,0.005173267703503371,0.018560515716671944,0.021096762269735336,0.059488579630851746,0.0,0.06906125694513321,0.0,0.2675243020057678
570,0.005145389586687088,0.01845491901040077,0.021001023054122925,0.059153486788272855,0.0,0.0690775066614151,0.0,0.2675222158432007
571,0.005225697066634893,0.01818174161016941,0.021612156182527542,0.060261879861354825,0.0,0.0690959095954895,0.0,0.2675189971923828
572,0.005402508936822414,0.018702314421534538,0.021231061965227126,0.06013188511133194,0.0,0.06911569088697433,0.0,0.26751604676246643
573,0.005395895894616842,0.01882953941822052,0.02232358306646347,0.06315888464450836,0.0,0.06913824379444122,0.0,0.2675120532512665
574,0.004870381485670805,0.018276653066277505,0.022135525196790694,0.061149194836616516,0.0,0.06916153430938721,0.0,0.2675052285194397
575,0.005516452714800835,0.017882486805319786,0.020944031700491906,0.061190413683652876,0.0,0.06918260455131531,0.0,0.26749834418296814
576,0.005282364692538977,0.018089387193322183,0.02150794081389904,0.058745138347148895,0.0,0.06920703500509262,0.0,0.26749205589294434
577,0.005383202526718378,0.017723143473267554,0.023706639558076857,0.06413428783416748,0.0,0.0692266896367073,0.0,0.2674875259399414
578,0.0050386272370815275,0.018520716950297354,0.021058786660432816,0.0657507173717022,0.0,0.0692434161901474,0.0,0.26748451590538025
579,0.00526462122797966,0.017672456800937653,0.022775956615805625,0.06438031494617462,0.0,0.06926035135984421,0.0,0.2674824595451355
580,0.0050523592159152034,0.01751498430967331,0.021377944573760032,0.05951224714517593,0.0,0.06927450001239777,0.0,0.26747795939445496
581,0.00510639175772667,0.017890695482492447,0.021961042284965517,0.05835680291056633,0.0,0.06928428262472153,0.0,0.26747459173202515
582,0.00520582590252161,0.01821283996105194,0.022144280001521112,0.06158400848507881,0.0,0.06929361820220947,0.0,0.267470121383667
583,0.005169763974845409,0.018370457738637925,0.021619667857885362,0.057904765009880066,0.0,0.06929998099803925,0.0,0.26746615767478943
584,0.0047445855103433136,0.018186651542782782,0.021331151947379112,0.06891557574272156,0.0,0.06930230557918549,0.0,0.2674638628959656
585,0.00502603491768241,0.018722783774137497,0.020676304399967194,0.05951459631323815,0.0,0.06931072473526001,0.0,0.26746416091918945
586,0.005176995228976011,0.017450834251940252,0.022732066363096236,0.05856904238462448,0.0,0.06931712478399277,0.0,0.2674630880355835
587,0.00506105599924922,0.017907144874334334,0.021650126576423644,0.05911843851208687,0.0,0.06931936740875244,0.0,0.2674618065357208
588,0.005436470452696085,0.0185153566300869,0.021897831559181215,0.06557092815637589,0.0,0.0693255141377449,0.0,0.2674606144428253
589,0.004966189526021481,0.017373069003224374,0.02193440794944763,0.057499952614307404,0.0,0.06933049857616425,0.0,0.2674599289894104
590,0.004942060820758343,0.018030165508389474,0.021777772903442384,0.058886955678462985,0.0,0.06934130191802979,0.0,0.26746097207069397
591,0.005079455953091383,0.017661945894360542,0.023560794815421105,0.060789623856544496,0.0,0.06935540586709976,0.0,0.26746392250061035
592,0.004957293346524239,0.01709521245211363,0.022701107338070868,0.06071363240480423,0.0,0.06936181336641312,0.0,0.26746663451194763
593,0.005381795670837164,0.018064935505390168,0.02374553568661213,0.06501428484916687,0.0,0.06936730444431305,0.0,0.2674703598022461
594,0.00496699009090662,0.01787877790629864,0.02030258998274803,0.06269933059811592,0.0,0.06937521696090698,0.0,0.2674751281738281
595,0.005083258356899023,0.017720484733581544,0.020871206372976302,0.06357817724347115,0.0,0.06938914954662323,0.0,0.26747968792915344
596,0.005175464786589146,0.01793767511844635,0.023691768944263458,0.05931036621332168,0.0,0.06940488517284393,0.0,0.26748406887054443
597,0.00522655788809061,0.017997865751385688,0.021028100699186324,0.060103631019592284,0.0,0.06941647827625275,0.0,0.2674894332885742
598,0.004911010060459376,0.018125586584210394,0.02163080684840679,0.06296224147081375,0.0,0.06942407041788101,0.0,0.26749342679977417
599,0.005154687818139792,0.01788778677582741,0.021204930916428565,0.06321324035525322,0.0,0.06942849606275558,0.0,0.2674967348575592
600,0.005152982566505671,0.01877865307033062,0.020049562305212022,0.06729831993579864,0.0,0.06943279504776001,0.0,0.2674989700317383
601,0.00518657173961401,0.01845517084002495,0.021260087192058564,0.06900523453950883,0.0,0.06944050639867783,0.0,0.2674989402294159
602,0.005298265628516674,0.01852262131869793,0.02042868807911873,0.05876410752534866,0.0,0.06944958865642548,0.0,0.26749712228775024
603,0.0051043215207755566,0.018117503821849824,0.02187134027481079,0.062385176122188565,0.0,0.06945519149303436,0.0,0.26749444007873535
604,0.005031707044690847,0.018140511959791182,0.022326792404055596,0.06275430247187615,0.0,0.06946461647748947,0.0,0.26749318838119507
605,0.005092054698616266,0.017640060186386107,0.023364560678601265,0.06005145162343979,0.0,0.06946898996829987,0.0,0.2674921154975891
606,0.005416218563914299,0.01726199612021446,0.021497370675206184,0.06290510520339013,0.0,0.06946804374456406,0.0,0.2674902081489563
607,0.004948009736835957,0.018746228143572807,0.02082468047738075,0.06277585253119469,0.0,0.06946797668933868,0.0,0.26748889684677124
608,0.005525235179811716,0.018591835722327234,0.021474341675639153,0.06831230893731118,0.0,0.06946958601474762,0.0,0.2674877643585205
609,0.005170207656919956,0.017972753569483756,0.022657866403460503,0.059233571588993075,0.0,0.06947167217731476,0.0,0.2674872875213623
610,0.005126028321683407,0.017752331495285035,0.021631188690662384,0.06045034751296043,0.0,0.06947165727615356,0.0,0.2674863934516907
611,0.0049522193148732185,0.018413777649402618,0.021171599999070166,0.06334880664944649,0.0,0.06947255879640579,0.0,0.26748818159103394
612,0.005095108132809401,0.017653394490480423,0.02203472927212715,0.06275545060634613,0.0,0.06947396695613861,0.0,0.2674897611141205
613,0.005302952323108912,0.018704258278012274,0.01956423781812191,0.06644188463687897,0.0,0.069475457072258,0.0,0.267490953207016
614,0.0053272171877324585,0.01767997518181801,0.02228417806327343,0.06357194855809212,0.0,0.06948114931583405,0.0,0.2674925923347473
615,0.005006782989948988,0.017789771407842637,0.02185165174305439,0.062635388225317,0.0,0.06948728859424591,0.0,0.2674948573112488
616,0.00530015341937542,0.017390627786517142,0.021187640726566315,0.06177570596337319,0.0,0.06949339807033539,0.0,0.2674960494041443
617,0.005094705615192652,0.01748739369213581,0.021800637245178223,0.06078851148486138,0.0,0.06949889659881592,0.0,0.2674974501132965
618,0.005010496824979782,0.01774725429713726,0.021656116470694542,0.05666448920965195,0.0,0.06950463354587555,0.0,0.2674976885318756
619,0.00496588870882988,0.018398096784949303,0.021000657975673676,0.06003631427884102,0.0,0.06950963288545609,0.0,0.2674972116947174
620,0.004947878606617451,0.017746296152472495,0.022371600195765496,0.06704138368368148,0.0,0.0695110633969307,0.0,0.2674981951713562
621,0.005145696550607681,0.018368028476834296,0.02114056758582592,0.06188430935144425,0.0,0.06951557099819183,0.0,0.26749786734580994
622,0.005350271612405777,0.01722719743847847,0.023293938115239145,0.0615278959274292,0.0,0.06951339542865753,0.0,0.26749759912490845
623,0.0056515512056648735,0.017618037387728692,0.022874163836240767,0.057233253866434096,0.0,0.06951150298118591,0.0,0.26749879121780396
624,0.005594824906438589,0.01820230819284916,0.023596902564167976,0.06168892309069633,0.0,0.06950901448726654,0.0,0.26750001311302185
625,0.004709924850612879,0.01766965202987194,0.021992084756493568,0.060051558166742326,0.0,0.0695103257894516,0.0,0.2675004005432129
626,0.00520468158647418,0.016574156656861305,0.022210799530148505,0.06253475695848465,0.0,0.06951315701007843,0.0,0.2675015926361084
627,0.004861936718225479,0.01773776262998581,0.02293967194855213,0.0596584714949131,0.0,0.06951815634965897,0.0,0.26750248670578003
628,0.005161752738058567,0.017956529557704926,0.02256915681064129,0.06343919932842254,0.0,0.06952647119760513,0.0,0.26750436425209045
629,0.004917771089822054,0.017412879690527915,0.02180379368364811,0.06194456219673157,0.0,0.0695345476269722,0.0,0.2675049901008606
630,0.005571607034653425,0.01877109408378601,0.023133820667862893,0.06059333309531212,0.0,0.06954550743103027,0.0,0.267505407333374
631,0.0049751133657991884,0.01713244616985321,0.021830357238650323,0.06253810748457908,0.0,0.06955840438604355,0.0,0.2675078213214874
632,0.005081553105264902,0.016687197610735893,0.022001879662275313,0.06313712522387505,0.0,0.06956883519887924,0.0,0.26750999689102173
633,0.0054430684074759485,0.01746457666158676,0.023703596740961074,0.06028300821781159,0.0,0.06957520544528961,0.0,0.26751139760017395
634,0.005351568851619959,0.01697193682193756,0.024452494084835054,0.06184762194752693,0.0,0.06957896053791046,0.0,0.26751193404197693
635,0.005139958672225475,0.018990863114595413,0.021189512684941292,0.062174142152070996,0.0,0.06958048790693283,0.0,0.26751241087913513
636,0.005185035243630409,0.01805441565811634,0.02274993062019348,0.06361144110560417,0.0,0.06958148628473282,0.0,0.2675137519836426
637,0.005034012347459793,0.018277256563305855,0.021379650756716728,0.06169853135943413,0.0,0.0695754736661911,0.0,0.2675148844718933
638,0.005005994345992804,0.018409646302461623,0.021146189793944357,0.06225450411438942,0.0,0.06956540048122406,0.0,0.26751649379730225
639,0.004986980650573969,0.018524357676506044,0.021495843678712843,0.0622010737657547,0.0,0.06955347955226898,0.0,0.2675188481807709
640,0.0050758914090693,0.017649760097265245,0.0211342703551054,0.05967287123203278,0.0,0.06954174488782883,0.0,0.2675207853317261
641,0.005441062618046999,0.018568213656544687,0.02184506431221962,0.06188676655292511,0.0,0.06952836364507675,0.0,0.2675224840641022
642,0.005198040697723627,0.017680635675787926,0.023467205464839935,0.06086117774248123,0.0,0.06951139867305756,0.0,0.2675255239009857
643,0.004797426145523786,0.017668495327234267,0.022210584208369254,0.06173249110579491,0.0,0.06949557363986969,0.0,0.26752904057502747
644,0.004996133781969547,0.01790599152445793,0.022496119886636735,0.06047182679176331,0.0,0.06948556751012802,0.0,0.2675319314002991
645,0.0049526716582477094,0.018280263245105743,0.022293202206492425,0.06458908841013908,0.0,0.06947550922632217,0.0,0.26753348112106323
646,0.005495400168001652,0.018038371950387953,0.02097470872104168,0.06330537945032119,0.0,0.06946299225091934,0.0,0.2675343453884125
647,0.005284311436116696,0.01803760342299938,0.021897482872009277,0.06126539036631584,0.0,0.06944819539785385,0.0,0.2675362229347229
648,0.005130951385945081,0.01793847382068634,0.02322152368724346,0.06509637907147407,0.0,0.06943255662918091,0.0,0.26753681898117065
649,0.0054039059206843374,0.01839612051844597,0.022727548703551294,0.06300587430596352,0.0,0.06941600888967514,0.0,0.2675390839576721
650,0.005356906913220882,0.018673666566610337,0.022063416615128516,0.06148109436035156,0.0,0.0694027841091156,0.0,0.2675396502017975
651,0.005654922779649496,0.017634405195713042,0.022118507698178292,0.06262682825326919,0.0,0.069393590092659,0.0,0.2675411105155945
652,0.005512046627700329,0.017506157979369164,0.02306005135178566,0.06194725036621094,0.0,0.0693894475698471,0.0,0.2675415873527527
653,0.005275651067495346,0.018787343055009842,0.01945602409541607,0.060585154592990874,0.0,0.06938283145427704,0.0,0.267539381980896
654,0.005141328554600477,0.017745933681726455,0.021311194449663163,0.061989390105009076,0.0,0.06937664747238159,0.0,0.2675372064113617
655,0.005211580544710159,0.018138747289776803,0.02255120798945427,0.05950759649276734,0.0,0.06937175244092941,0.0,0.2675352990627289
656,0.005090819485485554,0.01756439507007599,0.02373839505016804,0.06146901473402977,0.0,0.06936819851398468,0.0,0.2675337493419647
657,0.005198859516531229,0.017689810320734977,0.020612747222185136,0.06312634348869324,0.0,0.06936744600534439,0.0,0.26753029227256775
658,0.005178553983569145,0.016147492080926897,0.02223682440817356,0.062199920415878296,0.0,0.06936414539813995,0.0,0.2675280272960663
659,0.00522824926301837,0.01791131980717182,0.023057080060243606,0.06288068667054177,0.0,0.06935855001211166,0.0,0.2675258219242096
660,0.004891095496714115,0.016788013651967047,0.02165748067200184,0.061058657616376875,0.0,0.06935728341341019,0.0,0.2675222158432007
661,0.005020769033581019,0.018468230590224267,0.021142248436808585,0.060855709761381147,0.0,0.06936120986938477,0.0,0.26751792430877686
662,0.0053599228151142595,0.016849345713853835,0.02202044427394867,0.060281244665384294,0.0,0.06936531513929367,0.0,0.26751384139060974
663,0.005085915885865688,0.017008380219340324,0.022452139481902122,0.06202859953045845,0.0,0.06936416774988174,0.0,0.267508327960968
664,0.005299012642353773,0.01764707751572132,0.02352914847433567,0.06238453537225723,0.0,0.06936272233724594,0.0,0.2675027847290039
665,0.005365192051976919,0.018561297655105592,0.0206166859716177,0.05838308408856392,0.0,0.06935954093933105,0.0,0.26750102639198303
666,0.005313065275549889,0.0183562982827425,0.020210564881563187,0.06085365414619446,0.0,0.06935892254114151,0.0,0.26750192046165466
667,0.005069104209542275,0.017523087561130524,0.019400685280561446,0.06623528376221657,0.0,0.06936531513929367,0.0,0.26750361919403076
668,0.005073320958763361,0.017236344143748285,0.022287436574697495,0.05975552052259445,0.0,0.06937269121408463,0.0,0.2675072252750397
669,0.005077534168958664,0.01791040413081646,0.021348924934864046,0.06046675443649292,0.0,0.06938306987285614,0.0,0.26751139760017395
670,0.005587589275091886,0.017258164659142494,0.022677062451839446,0.06197884753346443,0.0,0.06939633935689926,0.0,0.2675146460533142
671,0.005231411289423704,0.01856630705296993,0.023671289160847663,0.05660301223397255,0.0,0.06940503418445587,0.0,0.2675173878669739
672,0.005302067939192056,0.018098409473896026,0.02174694836139679,0.06294708102941513,0.0,0.069411501288414,0.0,0.26751798391342163
673,0.005609061568975449,0.01815988905727863,0.019491350278258324,0.06235341057181358,0.0,0.06941647082567215,0.0,0.2675168216228485
674,0.005133369192481041,0.01745779626071453,0.02126411646604538,0.06692146062850952,0.0,0.06942136585712433,0.0,0.2675122916698456
675,0.00488679651170969,0.018603812903165817,0.021292389929294588,0.06212086677551269,0.0,0.0694233626127243,0.0,0.2675071656703949
676,0.005540820863097906,0.016816407442092896,0.021767232194542886,0.06089273169636726,0.0,0.06942377239465714,0.0,0.2675021290779114
677,0.005291981995105744,0.017893230170011522,0.022259880602359772,0.0601783849298954,0.0,0.06942059099674225,0.0,0.267497718334198
678,0.00522399228066206,0.0178669273853302,0.022304844111204147,0.06946374922990799,0.0,0.06942316144704819,0.0,0.2674944996833801
679,0.005303814634680748,0.01803964488208294,0.021601394563913346,0.06198755130171776,0.0,0.0694236233830452,0.0,0.26749223470687866
680,0.005021599121391773,0.017493850365281106,0.02375524491071701,0.061546556651592255,0.0,0.06942089647054672,0.0,0.26748961210250854
681,0.005201975535601378,0.017495015263557435,0.02095845192670822,0.06490373760461807,0.0,0.06941990554332733,0.0,0.26748791337013245
682,0.005106496065855027,0.01823562942445278,0.020389342308044435,0.06293528228998184,0.0,0.06942024827003479,0.0,0.267485648393631
683,0.005018224287778139,0.017762860283255577,0.021079732477664946,0.06228133365511894,0.0,0.06942103058099747,0.0,0.26748257875442505
684,0.005338286422193051,0.017405339144170286,0.020300323143601418,0.06266389414668083,0.0,0.06941907107830048,0.0,0.2674782872200012
685,0.004856605641543865,0.01809319294989109,0.021097259223461153,0.06429319530725479,0.0,0.06942007690668106,0.0,0.2674770653247833
686,0.004962435457855463,0.0180330079048872,0.022752127051353453,0.056748232990503314,0.0,0.06941916048526764,0.0,0.26747602224349976
687,0.005306891072541476,0.018729332089424133,0.02115383744239807,0.06092134118080139,0.0,0.06941978633403778,0.0,0.26747459173202515
688,0.0052122829481959345,0.018000350147485734,0.020688615366816522,0.0648980662226677,0.0,0.06942251324653625,0.0,0.2674751579761505
689,0.005819418095052242,0.01862599290907383,0.020730079710483552,0.059185712784528735,0.0,0.06942443549633026,0.0,0.2674769461154938
690,0.005460202787071466,0.018168115988373756,0.02088332809507847,0.062158706784248355,0.0,0.06942899525165558,0.0,0.26747873425483704
691,0.005381660163402557,0.01951718144118786,0.02273746021091938,0.061447855085134506,0.0,0.06942962855100632,0.0,0.26748135685920715
692,0.005136176012456417,0.01872922368347645,0.02162861227989197,0.06425713449716568,0.0,0.06942848116159439,0.0,0.26748234033584595
693,0.0052496581338346004,0.017805947363376616,0.02291220277547836,0.06025640144944191,0.0,0.06942532956600189,0.0,0.2674826681613922
694,0.005449673999100924,0.01837429292500019,0.022270242124795912,0.06404591053724289,0.0,0.06941467523574829,0.0,0.2674795091152191
695,0.005062952637672424,0.018658417090773583,0.020350169390439987,0.06421948671340942,0.0,0.06939820200204849,0.0,0.2674768269062042
696,0.005371898412704468,0.01823131591081619,0.022183078154921532,0.06294868364930153,0.0,0.0693802684545517,0.0,0.26747527718544006
697,0.0051878165453672406,0.017559807747602463,0.020708024501800537,0.05973851829767227,0.0,0.0693613737821579,0.0,0.26747506856918335
698,0.0050778908655047415,0.017975081875920295,0.022728444635868074,0.05906430184841156,0.0,0.06934215873479843,0.0,0.2674768567085266
699,0.005100544728338719,0.017728041484951974,0.02211383618414402,0.06306087672710418,0.0,0.06932564079761505,0.0,0.26747995615005493
700,0.005150586925446987,0.018092425540089607,0.022905203700065612,0.06274913549423218,0.0,0.069310761988163,0.0,0.26748141646385193
701,0.00502189788967371,0.018367727100849152,0.021503029391169548,0.06132269874215126,0.0,0.06929855793714523,0.0,0.2674840986728668
702,0.004830755572766065,0.017904429510235787,0.020969917252659797,0.06464342251420022,0.0,0.06928392499685287,0.0,0.26748642325401306
703,0.005200790986418724,0.018275302648544312,0.02167110741138458,0.061404213309288025,0.0,0.06926856189966202,0.0,0.26748889684677124
704,0.005618763063102961,0.017824923619627953,0.02204182595014572,0.06340205296874046,0.0,0.06926299631595612,0.0,0.2674916684627533
705,0.00517621636390686,0.019343570247292517,0.021045708656311037,0.05589419156312943,0.0,0.06925812363624573,0.0,0.2674955129623413
706,0.005198898445814848,0.018111279979348183,0.022189104557037355,0.06409451588988305,0.0,0.06925594806671143,0.0,0.2674967348575592
707,0.004968006350100041,0.018391885980963706,0.02256021611392498,0.06413920894265175,0.0,0.06925443559885025,0.0,0.2674957811832428
708,0.005186852533370256,0.017453527823090554,0.023039859905838966,0.06256141066551209,0.0,0.0692472830414772,0.0,0.26749321818351746
709,0.005345246847718954,0.017207208648324014,0.020630980655550957,0.05966031402349472,0.0,0.06923632323741913,0.0,0.2674902081489563
710,0.005483445804566145,0.017192145250737666,0.022623273357748986,0.06173815578222275,0.0,0.06922227144241333,0.0,0.2674870491027832
711,0.004904709104448557,0.01877897381782532,0.02151128388941288,0.0599824108183384,0.0,0.0692063570022583,0.0,0.2674858570098877
712,0.005292164068669081,0.017840322107076645,0.022083133459091187,0.06215022429823876,0.0,0.06919030845165253,0.0,0.2674849331378937
713,0.004971953574568033,0.01821053959429264,0.02233874462544918,0.06124663800001144,0.0,0.0691760703921318,0.0,0.26748546957969666
714,0.005446972791105509,0.018051910772919656,0.023063747584819792,0.06309988796710968,0.0,0.06916864216327667,0.0,0.26748543977737427
715,0.00522679490968585,0.017791349068284036,0.022826465591788293,0.06518571227788925,0.0,0.06916026771068573,0.0,0.26748305559158325
716,0.005163988471031189,0.019020352512598038,0.020274819061160087,0.06095480099320412,0.0,0.06915494054555893,0.0,0.2674814760684967
717,0.005303845275193453,0.01747271791100502,0.02126120515167713,0.06359479874372483,0.0,0.06916114687919617,0.0,0.2674827575683594
718,0.005445119738578796,0.019081416353583337,0.024066706374287605,0.06031958237290382,0.0,0.06916883587837219,0.0,0.2674853801727295
719,0.005058013554662466,0.017865645140409468,0.02246747612953186,0.060310936719179156,0.0,0.06918470561504364,0.0,0.26748979091644287
720,0.005217980872839689,0.01879299245774746,0.02121482864022255,0.0576717920601368,0.0,0.06920099258422852,0.0,0.2674961984157562
721,0.005192567314952612,0.01750925574451685,0.0234616469591856,0.0629176713526249,0.0,0.06921429932117462,0.0,0.26750248670578003
722,0.005210541468113661,0.017360731959342957,0.019396129250526428,0.060635614395141604,0.0,0.06921926140785217,0.0,0.26750797033309937
723,0.0050918472930789,0.017671149969100953,0.023375894874334335,0.06434808075428008,0.0,0.0692179948091507,0.0,0.26751232147216797
724,0.005335808731615543,0.017588361352682113,0.022463896498084068,0.061182594299316405,0.0,0.06921526044607162,0.0,0.2675151824951172
725,0.0050057643093168736,0.018301322311162948,0.021539273113012312,0.06347094997763633,0.0,0.06921236962080002,0.0,0.2675184905529022
726,0.005400177091360092,0.017522837221622466,0.021212267503142358,0.06274380087852478,0.0,0.06920688599348068,0.0,0.26752081513404846
727,0.005150728393346071,0.018458655476570128,0.022138173505663872,0.058441941440105435,0.0,0.0692014992237091,0.0,0.2675233781337738
728,0.005053014121949672,0.017729681357741355,0.021196875348687173,0.06393289044499398,0.0,0.06919244676828384,0.0,0.26752516627311707
729,0.004871910624206066,0.018502388894557954,0.02195109836757183,0.06125399395823479,0.0,0.0691865086555481,0.0,0.26752543449401855
730,0.0050828193314373495,0.017708004266023637,0.02119608484208584,0.06502528041601181,0.0,0.06918011605739594,0.0,0.2675265967845917
731,0.0051822526380419735,0.018706635013222693,0.022476715967059135,0.0601815864443779,0.0,0.06917107850313187,0.0,0.2675284743309021
732,0.005092741642147303,0.017444400861859322,0.021692857146263123,0.06547585353255272,0.0,0.06916318833827972,0.0,0.2675306797027588
733,0.004882076568901539,0.01878989562392235,0.022850247099995613,0.06389846205711365,0.0,0.06915547698736191,0.0,0.2675320506095886
734,0.005284308642148972,0.01800660490989685,0.02237210124731064,0.06081060543656349,0.0,0.06915369629859924,0.0,0.267532616853714
735,0.005386315658688546,0.018187667801976205,0.022211088612675668,0.05995378345251083,0.0,0.06915205717086792,0.0,0.2675325274467468
736,0.005455006845295429,0.017424376308918,0.022503239288926124,0.06253281459212304,0.0,0.06915576756000519,0.0,0.26753395795822144
737,0.005315824411809444,0.01771268919110298,0.0234344944357872,0.062119755893945694,0.0,0.06915641576051712,0.0,0.2675337493419647
738,0.00525848800316453,0.018203951045870782,0.021187903732061385,0.06257851123809814,0.0,0.06915311515331268,0.0,0.26753297448158264
739,0.005237883608788252,0.017966218665242194,0.02176818624138832,0.05838490203022957,0.0,0.06915237009525299,0.0,0.26753291487693787
740,0.005179700814187527,0.01789085865020752,0.0230594452470541,0.06106905713677406,0.0,0.06916023790836334,0.0,0.2675309181213379
741,0.005162371415644884,0.018638962507247926,0.021484960243105887,0.060998862236738206,0.0,0.06916205585002899,0.0,0.26752978563308716
742,0.005340845882892608,0.018098997324705123,0.022577236965298654,0.06512286365032197,0.0,0.06916415691375732,0.0,0.26752927899360657
743,0.005335043836385012,0.01715455427765846,0.021618283167481423,0.06391769945621491,0.0,0.06916605681180954,0.0,0.26753106713294983
744,0.0052457463927567,0.017883531004190444,0.022380663827061654,0.059187229722738266,0.0,0.06916473060846329,0.0,0.267534077167511
745,0.004981742147356272,0.018235066533088685,0.021339570358395576,0.06198204159736633,0.0,0.06915991008281708,0.0,0.2675377428531647
746,0.005225018132477999,0.01880784295499325,0.020780902355909348,0.06459104418754577,0.0,0.06915775686502457,0.0,0.2675428092479706
747,0.00532285338267684,0.017019638605415822,0.020351768657565116,0.06253449246287346,0.0,0.06916230916976929,0.0,0.2675474286079407
748,0.005430704448372126,0.01794646941125393,0.021627241745591164,0.06736463755369186,0.0,0.06916497647762299,0.0,0.26755157113075256
749,0.005285357590764761,0.018451285362243653,0.02308676429092884,0.05966989398002624,0.0,0.06916549056768417,0.0,0.2675555348396301
750,0.0053136318922042845,0.017618731781840324,0.020611204952001572,0.06413652524352073,0.0,0.06916993111371994,0.0,0.2675565183162689
751,0.005693054385483265,0.01788388639688492,0.02035345733165741,0.06498762518167496,0.0,0.06917083263397217,0.0,0.2675558626651764
752,0.00555009264498949,0.018341800570487975,0.023376407846808434,0.06230350211262703,0.0,0.06917157769203186,0.0,0.2675561308860779
753,0.00505662364885211,0.017414822056889535,0.022044213488698006,0.059402720630168916,0.0,0.06917299330234528,0.0,0.2675554156303406
754,0.005069946590811014,0.018266351893544197,0.022273432463407516,0.0645983338356018,0.0,0.06917030364274979,0.0,0.26755303144454956
755,0.005048292689025402,0.017598198726773262,0.022139256075024604,0.05998425409197807,0.0,0.06916700303554535,0.0,0.2675507664680481
756,0.005349856521934271,0.018428245931863783,0.021590250357985497,0.06226412877440453,0.0,0.06916522979736328,0.0,0.2675483226776123
757,0.005172062572091818,0.018093911185860633,0.02289970964193344,0.055483625084161756,0.0,0.0691649541258812,0.0,0.26754865050315857
758,0.005380013771355152,0.017392728850245474,0.021930154412984848,0.059148340672254565,0.0,0.06916512548923492,0.0,0.26754772663116455
759,0.005795079842209816,0.018443451076745988,0.022770489752292632,0.06273820027709007,0.0,0.06916151195764542,0.0,0.2675480842590332
760,0.0052479332312941555,0.017553532496094704,0.02171291261911392,0.062033770978450774,0.0,0.06916309893131256,0.0,0.2675479054450989
761,0.005345479771494866,0.017842671275138854,0.021468134969472884,0.06055065989494324,0.0,0.06916441768407822,0.0,0.26754826307296753
762,0.005074188858270645,0.018599744141101836,0.021278465166687965,0.0647212527692318,0.0,0.06916338205337524,0.0,0.2675487995147705
763,0.005113569740206003,0.01749171204864979,0.022642398625612258,0.06464901566505432,0.0,0.0691603347659111,0.0,0.2675485908985138
764,0.005467350594699383,0.01902354657649994,0.020507553592324257,0.06426431089639664,0.0,0.0691579207777977,0.0,0.2675492763519287
765,0.005356552358716726,0.018552739918231965,0.021274127438664435,0.06241698935627937,0.0,0.06915487349033356,0.0,0.26754963397979736
766,0.004969435557723045,0.017564989626407623,0.02137380987405777,0.06131249889731407,0.0,0.06915345042943954,0.0,0.2675497233867645
767,0.0052946129813790325,0.01745811812579632,0.022249945625662803,0.060857972502708434,0.0,0.06915339827537537,0.0,0.26754656434059143
768,0.004774991516023874,0.017102346196770667,0.020855449512600897,0.057223043590784076,0.0,0.06915803253650665,0.0,0.2675437927246094
769,0.005151640903204679,0.01814386062324047,0.022190441191196442,0.06364168077707291,0.0,0.06916116178035736,0.0,0.26754069328308105
770,0.005246705375611782,0.018444796651601793,0.02158941961824894,0.05913537815213203,0.0,0.06916824728250504,0.0,0.26753872632980347
771,0.005447491630911827,0.018269957229495048,0.02229660116136074,0.059996945410966875,0.0,0.06917013972997665,0.0,0.2675372362136841
772,0.005242010112851858,0.01834162585437298,0.019873034581542014,0.060207021236419675,0.0,0.06917598098516464,0.0,0.2675369083881378
773,0.005080133117735386,0.018901420384645463,0.021439943835139273,0.059883293509483335,0.0,0.06919132173061371,0.0,0.2675371468067169
774,0.004665676318109035,0.01719600856304169,0.020568129047751425,0.06304412931203843,0.0,0.0692075565457344,0.0,0.26753804087638855
775,0.005224884487688541,0.018571991473436356,0.02182595394551754,0.059861256182193755,0.0,0.069224052131176,0.0,0.2675401568412781
776,0.005052572395652532,0.01787537708878517,0.0219278983771801,0.05908395797014236,0.0,0.06923407316207886,0.0,0.26754453778266907
777,0.005005598813295364,0.018965615332126616,0.02170253321528435,0.06163050681352615,0.0,0.06924308091402054,0.0,0.2675485610961914
778,0.005276033468544483,0.018985215201973916,0.022493712976574896,0.06205764338374138,0.0,0.06924925744533539,0.0,0.26755157113075256
779,0.005132923740893603,0.018176507204771042,0.021096013858914374,0.05904095396399498,0.0,0.06925632059574127,0.0,0.2675548195838928
780,0.0051235924474895,0.017926909402012824,0.024759890511631966,0.06540064215660095,0.0,0.06926804035902023,0.0,0.2675580382347107
781,0.005300897732377052,0.01833924502134323,0.021848506480455398,0.06244804635643959,0.0,0.0692732110619545,0.0,0.26756343245506287
782,0.005265149287879467,0.017908795550465584,0.02127228192985058,0.06664979159832,0.0,0.06927607953548431,0.0,0.26756441593170166
783,0.005077708791941404,0.018594687804579735,0.021911809220910072,0.062459366768598555,0.0,0.06927500665187836,0.0,0.26756471395492554
784,0.005263634212315083,0.01719416044652462,0.02054230757057667,0.06156328320503235,0.0,0.06927593052387238,0.0,0.2675630450248718
785,0.005083801131695509,0.017626271396875382,0.021633697673678398,0.06283145174384117,0.0,0.06927339732646942,0.0,0.26756247878074646
786,0.005410049203783273,0.017122904397547246,0.021484806761145593,0.06411561444401741,0.0,0.06926862895488739,0.0,0.26756006479263306
787,0.005118958652019501,0.018090855702757834,0.02140895314514637,0.06053727865219116,0.0,0.06926324218511581,0.0,0.26755744218826294
788,0.004906435962766409,0.01728886142373085,0.021854713931679724,0.060077260434627536,0.0,0.0692577213048935,0.0,0.2675565481185913
789,0.005234347563236952,0.018281549960374833,0.021626369282603263,0.06214340478181839,0.0,0.0692485049366951,0.0,0.2675555944442749
790,0.004948201216757297,0.017959119379520418,0.02249583974480629,0.06243598684668541,0.0,0.06924135982990265,0.0,0.2675548493862152
791,0.005003183241933584,0.018548819050192834,0.023169011622667313,0.06096487268805504,0.0,0.06923965364694595,0.0,0.26755407452583313
792,0.005614280607551337,0.018684837967157364,0.02156849913299084,0.061428391933441163,0.0,0.06923719495534897,0.0,0.26755213737487793
793,0.005174810439348221,0.017831462621688842,0.02277902588248253,0.0628550261259079,0.0,0.06922952830791473,0.0,0.2675500214099884
794,0.0056452821008861065,0.018752781301736833,0.021225685253739357,0.0585325837135315,0.0,0.06922276318073273,0.0,0.2675533890724182
795,0.005164569802582264,0.018616174533963203,0.021934130787849428,0.05913886204361916,0.0,0.06921394169330597,0.0,0.26755639910697937
796,0.0051538278348743916,0.01806056350469589,0.02196895480155945,0.057198754698038104,0.0,0.0692053809762001,0.0,0.2675609886646271
797,0.005243363324552774,0.017849549278616907,0.022017287090420723,0.060629292577505114,0.0,0.0691976398229599,0.0,0.2675646245479584
798,0.004795508552342653,0.018082812987267972,0.021713205426931382,0.061001554131507874,0.0,0.06919679790735245,0.0,0.267568439245224
799,0.0049478642642498015,0.01774143595248461,0.02311544753611088,0.06460704654455185,0.0,0.06919136643409729,0.0,0.26757264137268066
800,0.005270837247371674,0.01829337850213051,0.020862187072634698,0.05923328027129173,0.0,0.06918330490589142,0.0,0.26757511496543884
801,0.005228197202086449,0.01818281002342701,0.02272808738052845,0.0663132131099701,0.0,0.06917096674442291,0.0,0.2675771415233612
802,0.005466096382588148,0.018081382289528845,0.023184894770383834,0.057320328801870345,0.0,0.06916111707687378,0.0,0.2675791084766388
803,0.005216822866350413,0.017825911939144134,0.023541175946593284,0.05879311412572861,0.0,0.06915221363306046,0.0,0.267581045627594
804,0.005268765520304442,0.017691007256507872,0.021959375217556955,0.06581551358103752,0.0,0.06914418935775757,0.0,0.2675829827785492
805,0.005437448993325234,0.018535572662949563,0.023354173824191093,0.060615067929029466,0.0,0.06913334131240845,0.0,0.2675837576389313
806,0.004869086295366287,0.018582239747047424,0.02266097404062748,0.06527416110038757,0.0,0.06912963837385178,0.0,0.26758506894111633
807,0.005226617399603129,0.017710063606500626,0.021876824274659156,0.06477323696017265,0.0,0.06912768632173538,0.0,0.2675889730453491
808,0.005247509479522705,0.01777563840150833,0.0215249203145504,0.06395508348941803,0.0,0.06913253664970398,0.0,0.26759451627731323
809,0.004957055114209652,0.017455698922276497,0.0217779953032732,0.07054201066493988,0.0,0.06914099305868149,0.0,0.267598956823349
810,0.0053889061324298385,0.018371812254190444,0.02160435579717159,0.0587847389280796,0.0,0.06915049254894257,0.0,0.2676013112068176
811,0.004735132213681936,0.017552318423986434,0.02323174774646759,0.06246841847896576,0.0,0.0691610649228096,0.0,0.26760315895080566
812,0.0050340680405497554,0.01832592524588108,0.022825201228260993,0.05671759024262428,0.0,0.06916842609643936,0.0,0.2676040530204773
813,0.005057860352098942,0.01760207824409008,0.02239120230078697,0.06183222308754921,0.0,0.06917174160480499,0.0,0.2676040232181549
814,0.005241729039698839,0.017071271687746047,0.02207290381193161,0.05788716971874237,0.0,0.06917285919189453,0.0,0.26760295033454895
815,0.005337272677570582,0.01884334795176983,0.021296733617782594,0.060265179723501205,0.0,0.06917455047369003,0.0,0.26760080456733704
816,0.0046440972946584225,0.018276784941554068,0.02226743586361408,0.0587029755115509,0.0,0.0691741555929184,0.0,0.26759713888168335
817,0.00534317521378398,0.018261145800352097,0.022886154428124427,0.0629493087530136,0.0,0.06917323172092438,0.0,0.2675929665565491
818,0.005095793772488833,0.018104245141148567,0.022113173082470895,0.0647320032119751,0.0,0.0691704973578453,0.0,0.26758989691734314
819,0.004999680258333683,0.01786191053688526,0.02211316004395485,0.06552195772528649,0.0,0.0691675916314125,0.0,0.26758724451065063
820,0.004909667372703552,0.018852637708187105,0.021621691435575484,0.06289395689964294,0.0,0.06916328519582748,0.0,0.26758500933647156
821,0.00497512798756361,0.01780334338545799,0.020923973992466927,0.06234230324625969,0.0,0.06916318833827972,0.0,0.26758551597595215
822,0.005479771643877029,0.017411414161324502,0.021717458963394165,0.06066446006298065,0.0,0.06916238367557526,0.0,0.2675882577896118
823,0.005063002277165651,0.018254319950938225,0.02213391438126564,0.06149444878101349,0.0,0.06915821135044098,0.0,0.26759251952171326
824,0.005061044730246067,0.018062594905495645,0.021811650320887565,0.06620469614863396,0.0,0.06915629655122757,0.0,0.2675960063934326
825,0.005245386157184839,0.01830962710082531,0.022258178517222404,0.06265673041343689,0.0,0.06915540993213654,0.0,0.26760154962539673
826,0.005295358691364526,0.017755574360489846,0.021863647550344468,0.0655738204717636,0.0,0.06915818154811859,0.0,0.2676056921482086
827,0.005445242021232843,0.01876668930053711,0.02241068333387375,0.062229521572589874,0.0,0.06916309893131256,0.0,0.2676103711128235
828,0.005250488594174385,0.018425369262695314,0.021388939395546914,0.06113316938281059,0.0,0.06917302310466766,0.0,0.2676144242286682
829,0.005274499207735062,0.017730780690908433,0.02372215986251831,0.06337940469384193,0.0,0.06917878240346909,0.0,0.26761874556541443
830,0.00539214638993144,0.01777649447321892,0.023395642638206482,0.062134478241205215,0.0,0.06917852908372879,0.0,0.26762568950653076
831,0.005509546492248774,0.01812923178076744,0.020739558339118957,0.05967278108000755,0.0,0.06918159872293472,0.0,0.26763254404067993
832,0.004891257919371128,0.017914722487330437,0.02274272367358208,0.06164474859833717,0.0,0.06917832046747208,0.0,0.2676381766796112
833,0.005379502940922975,0.0168579638004303,0.021966875717043876,0.06004336327314377,0.0,0.0691734105348587,0.0,0.2676417827606201
834,0.0051586229354143144,0.017808083817362784,0.022141998261213304,0.06361688077449798,0.0,0.06916747987270355,0.0,0.2676456868648529
835,0.005036045331507921,0.017903298884630204,0.02045064643025398,0.06154692023992538,0.0,0.06916853785514832,0.0,0.26764971017837524
836,0.00531097911298275,0.018700384721159934,0.021728838980197906,0.06254051923751831,0.0,0.06916943937540054,0.0,0.267652690410614
837,0.004782773740589619,0.017969125881791115,0.02089838981628418,0.05885323286056519,0.0,0.06916984170675278,0.0,0.26765626668930054
838,0.005119655095040798,0.018167997896671294,0.022081568092107772,0.05920029133558273,0.0,0.06916727870702744,0.0,0.26765936613082886
839,0.0055238517001271244,0.01902614310383797,0.022164997830986976,0.06372498050332069,0.0,0.06916199624538422,0.0,0.26766157150268555
840,0.005036119557917118,0.018402596935629845,0.021928149089217187,0.058064024150371554,0.0,0.06916309893131256,0.0,0.26766520738601685
841,0.005297961831092835,0.01779470853507519,0.02237035296857357,0.06523467153310776,0.0,0.06916503608226776,0.0,0.26766979694366455
842,0.0048742955550551414,0.018683315441012382,0.02036285325884819,0.06200900301337242,0.0,0.0691625252366066,0.0,0.26767611503601074
843,0.005164171382784843,0.019006432220339774,0.02050236500799656,0.05948386564850807,0.0,0.06916607916355133,0.0,0.267681360244751
844,0.005231222882866859,0.01766739785671234,0.021215064451098442,0.06155703589320183,0.0,0.06916971504688263,0.0,0.2676878273487091
845,0.004890720173716545,0.01804950200021267,0.023202338814735414,0.06055332794785499,0.0,0.06917587667703629,0.0,0.267692506313324
846,0.005497816950082779,0.017975108698010445,0.021683720871806145,0.060026150196790695,0.0,0.06917621195316315,0.0,0.26769599318504333
847,0.005377843603491783,0.017707110941410066,0.02241799421608448,0.05947234779596329,0.0,0.06917479634284973,0.0,0.26770076155662537
848,0.005080356821417808,0.01820569820702076,0.022613906115293504,0.06001535505056381,0.0,0.06917548924684525,0.0,0.26770466566085815
849,0.00562098128721118,0.017855629697442053,0.022637111693620683,0.061791368573904035,0.0,0.06917756050825119,0.0,0.2677099108695984
850,0.005352594330906868,0.017534999176859856,0.0209428645670414,0.0632849931716919,0.0,0.06918428093194962,0.0,0.2677130699157715
851,0.005325497314333916,0.01788959391415119,0.022416039556264877,0.0573731042444706,0.0,0.06919045746326447,0.0,0.2677149176597595
852,0.004872982669621706,0.017825060710310935,0.02200551815330982,0.06275783479213715,0.0,0.06920064985752106,0.0,0.2677161991596222
853,0.004994484223425388,0.017227944731712342,0.022243182733654977,0.06051137298345566,0.0,0.06920904666185379,0.0,0.26771900057792664
854,0.0050553477369248865,0.016995534673333167,0.021481138467788697,0.06286918595433236,0.0,0.06921132653951645,0.0,0.2677212655544281
855,0.005430605262517929,0.018267205357551573,0.02252359949052334,0.06714639738202095,0.0,0.06921055167913437,0.0,0.26771920919418335
856,0.005053141806274653,0.018040255457162858,0.02164303809404373,0.060148730874061584,0.0,0.06921505182981491,0.0,0.2677155137062073
857,0.005157469119876623,0.01792801935225725,0.023077653720974922,0.06138945370912552,0.0,0.06921383738517761,0.0,0.2677118182182312
858,0.0050933600403368475,0.017273388057947158,0.021836667507886886,0.06326166093349457,0.0,0.06921891123056412,0.0,0.26770883798599243
859,0.0053216485306620594,0.018520783632993698,0.02244473248720169,0.0608402319252491,0.0,0.06922189146280289,0.0,0.2677052915096283
860,0.005067598260939121,0.018584708124399184,0.021176978200674056,0.06067972779273987,0.0,0.06922560930252075,0.0,0.2677021622657776
861,0.005179695598781109,0.017065542936325073,0.02315150573849678,0.06603753715753555,0.0,0.06922704726457596,0.0,0.2676987946033478
862,0.005445166118443012,0.01740412451326847,0.021213991940021514,0.06380085200071335,0.0,0.06922699511051178,0.0,0.2676983177661896
863,0.005128131341189146,0.017598456889390945,0.022405576333403586,0.06476928368210792,0.0,0.06922409683465958,0.0,0.26769906282424927
864,0.0052649126388132576,0.01805732920765877,0.021059864759445192,0.058059898763895036,0.0,0.06921360641717911,0.0,0.26770034432411194
865,0.005041640345007181,0.017777278274297714,0.021334165707230568,0.06278984919190407,0.0,0.06921165436506271,0.0,0.2677021920681
866,0.0051151331514120105,0.01803145408630371,0.021645364910364152,0.06114605516195297,0.0,0.06921175867319107,0.0,0.26770490407943726
867,0.005208306759595871,0.017881451919674874,0.021623214706778526,0.060929480195045474,0.0,0.06921152770519257,0.0,0.2677086889743805
868,0.004946022480726242,0.01883445493876934,0.023004277423024178,0.05935744494199753,0.0,0.06920638680458069,0.0,0.2677111029624939
869,0.00497907605022192,0.01850532293319702,0.022267140820622443,0.05978828519582748,0.0,0.06920292228460312,0.0,0.2677132487297058
870,0.005264370888471604,0.017944424599409103,0.020872491225600243,0.06130754724144936,0.0,0.069203682243824,0.0,0.2677139937877655
871,0.005025599524378777,0.019042601436376573,0.02004857063293457,0.06175564229488373,0.0,0.06920726597309113,0.0,0.26771408319473267
872,0.005423682276159525,0.018338319286704062,0.022637204080820084,0.06294660940766335,0.0,0.06921394169330597,0.0,0.2677125334739685
873,0.005027024541050196,0.017863497883081437,0.02066671885550022,0.061293353140354154,0.0,0.0692187175154686,0.0,0.2677115499973297
874,0.00536178182810545,0.01840435266494751,0.02329745441675186,0.06131126433610916,0.0,0.0692257508635521,0.0,0.2677108347415924
875,0.005280804540961981,0.017849306762218475,0.02050486020743847,0.061996490508317945,0.0,0.06923429667949677,0.0,0.2677096426486969
876,0.005506397411227226,0.018083027377724648,0.02123873233795166,0.0642340213060379,0.0,0.06924130022525787,0.0,0.26770642399787903
877,0.005241923127323389,0.01859494559466839,0.02168281450867653,0.0657441832125187,0.0,0.06924612820148468,0.0,0.2677014470100403
878,0.005346883740276098,0.01780916713178158,0.022954277321696283,0.06196161136031151,0.0,0.06925030797719955,0.0,0.26769739389419556
879,0.0052310311235487465,0.019020890444517137,0.022111127525568007,0.06398508548736573,0.0,0.06925486773252487,0.0,0.2676961123943329
880,0.00533362478017807,0.017893056944012643,0.021893014758825304,0.06303457021713257,0.0,0.0692584216594696,0.0,0.26769471168518066
881,0.005229123868048191,0.01815424896776676,0.02211044505238533,0.06072451174259186,0.0,0.06925942003726959,0.0,0.26769399642944336
882,0.00504437480121851,0.01891108863055706,0.021177494525909425,0.060755109041929246,0.0,0.06926099956035614,0.0,0.2676960825920105
883,0.005045060254633427,0.01906816065311432,0.021215999871492384,0.059025666862726214,0.0,0.0692615956068039,0.0,0.26769837737083435
884,0.005540993250906468,0.0176474928855896,0.022696704789996146,0.06291835457086563,0.0,0.069267138838768,0.0,0.2677000164985657
885,0.005360376834869385,0.018407179787755013,0.020240823924541473,0.06632633060216904,0.0,0.06927504390478134,0.0,0.267703652381897
886,0.005374639574438333,0.018276970088481902,0.022591496631503106,0.05942431315779686,0.0,0.06928257644176483,0.0,0.267708957195282
887,0.005091983918100595,0.017796505242586136,0.02074049636721611,0.057864594459533694,0.0,0.06928654760122299,0.0,0.26771265268325806
888,0.004910046607255936,0.01833982989192009,0.01990351304411888,0.06518507897853851,0.0,0.06929031759500504,0.0,0.2677181363105774
889,0.005461341515183449,0.017654987424612044,0.020497899502515793,0.05711298957467079,0.0,0.06929324567317963,0.0,0.26772552728652954
890,0.004769206512719393,0.01914571300148964,0.02164074368774891,0.05886112153530121,0.0,0.06929806619882584,0.0,0.2677324414253235
891,0.005012839380651712,0.017824736982584,0.02107611782848835,0.06251560375094414,0.0,0.0693015530705452,0.0,0.2677385210990906
892,0.005431097745895386,0.018042970448732376,0.022895558178424834,0.05873623192310333,0.0,0.06929872930049896,0.0,0.2677425742149353
893,0.005244684778153897,0.018348035961389543,0.020107869431376456,0.06057460755109787,0.0,0.06929797679185867,0.0,0.2677483558654785
894,0.005276157986372709,0.018659045174717902,0.022026721760630606,0.06545442938804627,0.0,0.06929555535316467,0.0,0.2677537798881531
895,0.0054081868380308155,0.018166262283921243,0.02153578884899616,0.06158905103802681,0.0,0.06929414719343185,0.0,0.26775604486465454
896,0.00531474482268095,0.017897836118936538,0.022699640691280366,0.05907857343554497,0.0,0.06929638236761093,0.0,0.2677563428878784
897,0.005178967304527759,0.018516740202903746,0.02204994149506092,0.06006239205598831,0.0,0.06930074840784073,0.0,0.26775413751602173
898,0.005422140844166279,0.018224291503429413,0.021740061044692994,0.05934776142239571,0.0,0.06930487602949142,0.0,0.2677510380744934
899,0.005243480205535889,0.018624406307935715,0.021000152453780174,0.0616870567202568,0.0,0.06931301951408386,0.0,0.26774805784225464
900,0.004826532863080502,0.018519899249076842,0.021003397181630135,0.05635463073849678,0.0,0.06932450830936432,0.0,0.2677434980869293
901,0.00485638314858079,0.018169553577899934,0.022398654744029044,0.0640795111656189,0.0,0.0693386048078537,0.0,0.267738401889801
902,0.005256381910294294,0.017257708683609964,0.022086048126220705,0.0637786217033863,0.0,0.06935252249240875,0.0,0.2677309513092041
903,0.005189108196645975,0.018595102801918985,0.021896231546998025,0.06341883391141892,0.0,0.06936119496822357,0.0,0.26772451400756836
904,0.005001355987042188,0.019513482227921486,0.023675809800624847,0.05982743948698044,0.0,0.06936587393283844,0.0,0.2677178680896759
905,0.005050970800220966,0.01804703548550606,0.021105973422527312,0.05953889340162277,0.0,0.06937003135681152,0.0,0.2677121162414551
906,0.005068691726773977,0.017367516458034516,0.022588659822940827,0.05853730663657188,0.0,0.06937326490879059,0.0,0.2677064538002014
907,0.00534103000536561,0.01807170957326889,0.021141718700528146,0.061357049643993376,0.0,0.0693776085972786,0.0,0.26770085096359253
908,0.005028376076370478,0.01818500682711601,0.021914662048220634,0.0682328999042511,0.0,0.06938416510820389,0.0,0.26769497990608215
909,0.005298733338713646,0.01699116863310337,0.022863663360476495,0.06420930027961731,0.0,0.06938668340444565,0.0,0.2676890194416046
910,0.0052472990937530994,0.017540595307946206,0.022370237112045287,0.062109985202550885,0.0,0.06939209252595901,0.0,0.2676832973957062
911,0.005459874868392944,0.01698920354247093,0.021918342262506486,0.06004576683044434,0.0,0.06939169019460678,0.0,0.2676790654659271
912,0.005235182400792837,0.019164015725255012,0.02065177969634533,0.06244680732488632,0.0,0.06938759237527847,0.0,0.2676757574081421
913,0.004688377398997546,0.01822971850633621,0.02090269960463047,0.06247401013970375,0.0,0.06938403099775314,0.0,0.2676733732223511
914,0.0053282480686903,0.018363744765520097,0.02118285484611988,0.05987249612808228,0.0,0.06937883049249649,0.0,0.2676711678504944
915,0.005075913760811091,0.018680621683597565,0.021817920356988908,0.0627686358988285,0.0,0.0693778246641159,0.0,0.26766878366470337
916,0.005071983020752668,0.016765128821134567,0.022748863697052,0.06402814388275146,0.0,0.06937156617641449,0.0,0.2676662504673004
917,0.0052443852648139,0.017922824993729592,0.021721477434039117,0.06529918313026428,0.0,0.06936147063970566,0.0,0.26766377687454224
918,0.005155004560947418,0.017533949017524718,0.02211509793996811,0.06041564121842384,0.0,0.0693606585264206,0.0,0.2676611840724945
919,0.005203290935605764,0.0179327342659235,0.021274885907769204,0.06427707523107529,0.0,0.06935484707355499,0.0,0.26765963435173035
920,0.0049237309955060485,0.01707768440246582,0.021627773717045783,0.06229317560791969,0.0,0.06934632360935211,0.0,0.267658531665802
921,0.005101008526980877,0.016843502596020698,0.023733042180538177,0.06366077437996864,0.0,0.0693359225988388,0.0,0.26766109466552734
922,0.00543706240132451,0.018695379421114922,0.022751467674970625,0.06167708039283752,0.0,0.06932506710290909,0.0,0.2676635980606079
923,0.005026131868362427,0.017469128221273424,0.021674618124961853,0.06050962880253792,0.0,0.0693168044090271,0.0,0.2676648199558258
924,0.0054166924208402635,0.018524038419127465,0.02007436193525791,0.06549170762300491,0.0,0.06930643320083618,0.0,0.2676679491996765
925,0.0050504935905337335,0.017876222357153894,0.02317124344408512,0.0633008524775505,0.0,0.06929153203964233,0.0,0.26767033338546753
926,0.005363206192851066,0.01731232665479183,0.02259819731116295,0.06106651648879051,0.0,0.0692744329571724,0.0,0.2676713466644287
927,0.005300365760922432,0.017924149706959724,0.02183586247265339,0.06261276602745056,0.0,0.06925440579652786,0.0,0.2676734924316406
928,0.004931619949638843,0.018285029008984564,0.019571956992149354,0.058371130377054214,0.0,0.06924089044332504,0.0,0.2676771283149719
929,0.005371172446757555,0.018188682198524476,0.022545573115348817,0.057350092381238935,0.0,0.0692286267876625,0.0,0.2676803171634674
930,0.0054442531429231165,0.017982478067278863,0.02137196958065033,0.061545444279909135,0.0,0.06922159343957901,0.0,0.2676841914653778
931,0.004898479953408241,0.018958478793501855,0.022039327770471573,0.06220955029129982,0.0,0.06921543180942535,0.0,0.2676871120929718
932,0.0056412102654576305,0.018547644093632697,0.021698975563049318,0.06431309878826141,0.0,0.06921089440584183,0.0,0.26768937706947327
933,0.005366497114300728,0.01801499240100384,0.02254596948623657,0.05952970460057259,0.0,0.06920285522937775,0.0,0.2676902413368225
934,0.005343207158148289,0.017761960998177527,0.02031853310763836,0.05735160484910011,0.0,0.0691949799656868,0.0,0.26769208908081055
935,0.005531033035367727,0.01799639090895653,0.021863552182912825,0.06430127769708634,0.0,0.06919688731431961,0.0,0.26769331097602844
936,0.005177672859281302,0.017753056436777114,0.022511109337210657,0.06570251137018204,0.0,0.06919875741004944,0.0,0.26769551634788513
937,0.005459011718630791,0.01798621527850628,0.02195017524063587,0.06269319951534272,0.0,0.0692020133137703,0.0,0.2676960527896881
938,0.0048399103805422785,0.017205137014389037,0.02008478008210659,0.06746537908911705,0.0,0.06920739263296127,0.0,0.267696350812912
939,0.0053713243454694744,0.018051420524716377,0.022889943048357963,0.06293740645051002,0.0,0.06921301037073135,0.0,0.26769763231277466
940,0.00529248621314764,0.018010152503848076,0.022227386385202406,0.06202408373355865,0.0,0.06921970844268799,0.0,0.26769691705703735
941,0.004902296978980303,0.01919817253947258,0.02274966724216938,0.061304637044668195,0.0,0.06922709196805954,0.0,0.26769620180130005
942,0.005150321125984192,0.017911820113658904,0.021757134422659873,0.059077969193458556,0.0,0.0692395269870758,0.0,0.26769569516181946
943,0.005409734603017568,0.018436458334326743,0.022662546113133432,0.0630223959684372,0.0,0.0692487582564354,0.0,0.2676956355571747
944,0.0054617906920611855,0.017542240023612977,0.021796751767396927,0.06380974650382995,0.0,0.06925731897354126,0.0,0.2676956355571747
945,0.005240850429981947,0.01921851933002472,0.02110591046512127,0.06282021403312683,0.0,0.0692645013332367,0.0,0.2676958739757538
946,0.005105971079319716,0.01823674440383911,0.022245682030916213,0.0612441211938858,0.0,0.06927914917469025,0.0,0.2676953971385956
947,0.005566033348441124,0.018979625403881074,0.022345944494009017,0.06057299599051476,0.0,0.06930195540189743,0.0,0.2676926851272583
948,0.005170365795493126,0.01789067089557648,0.019817062839865684,0.06325565949082375,0.0,0.0693243220448494,0.0,0.2676914930343628
949,0.005269506666809321,0.018745768815279007,0.022351524978876113,0.06085260212421417,0.0,0.06934590637683868,0.0,0.26768991351127625
950,0.005386443901807069,0.01785859763622284,0.02178007997572422,0.058946423977613446,0.0,0.06936734914779663,0.0,0.26768672466278076
951,0.005324609670788049,0.016967426612973215,0.01952408589422703,0.06018496081233025,0.0,0.06938426941633224,0.0,0.2676810920238495
952,0.004805724415928125,0.01822272837162018,0.022518744692206383,0.063727368414402,0.0,0.06939799338579178,0.0,0.2676747739315033
953,0.005638867616653442,0.017552223429083823,0.022982269898056983,0.06511874794960022,0.0,0.06940966099500656,0.0,0.2676667869091034
954,0.004900019802153111,0.018424084410071373,0.02213299088180065,0.060003722459077834,0.0,0.06941713392734528,0.0,0.2676595151424408
955,0.0049176131375133995,0.01829640306532383,0.021519429236650466,0.06181997060775757,0.0,0.06943107396364212,0.0,0.26765233278274536
956,0.004680085089057684,0.018296336010098457,0.01995791420340538,0.05966627970337868,0.0,0.06944440305233002,0.0,0.2676466107368469
957,0.0052829735912382604,0.018349268659949302,0.020703962072730064,0.06113806962966919,0.0,0.06945963203907013,0.0,0.26764383912086487
958,0.0053082375787198545,0.017750008031725883,0.023091799393296242,0.06006272435188294,0.0,0.06947609782218933,0.0,0.2676406502723694
959,0.005270120315253734,0.017954935878515245,0.020520178228616716,0.061712723970413205,0.0,0.06948816776275635,0.0,0.267638623714447
960,0.005077969841659069,0.018754862248897552,0.02299931049346924,0.06134041175246239,0.0,0.06949766725301743,0.0,0.26763707399368286
961,0.005069792177528143,0.017764681577682497,0.02172751910984516,0.06113244444131851,0.0,0.06950714439153671,0.0,0.26763635873794556
962,0.005240898299962282,0.017886313796043395,0.02186853364109993,0.061130762845277783,0.0,0.06951327621936798,0.0,0.26763492822647095
963,0.00502556748688221,0.018259619176387788,0.02120368368923664,0.06259749978780746,0.0,0.06951991468667984,0.0,0.26763400435447693
964,0.005188156571239233,0.018259106576442717,0.02368117347359657,0.060873083770275116,0.0,0.0695236325263977,0.0,0.2676321268081665
965,0.005213394667953253,0.01732872538268566,0.02051866538822651,0.06135956197977066,0.0,0.06952396035194397,0.0,0.26763013005256653
966,0.005201420746743679,0.018144749104976654,0.021385249868035316,0.06188446804881096,0.0,0.06952134519815445,0.0,0.26763081550598145
967,0.0051964402198791506,0.018470894545316696,0.021269193664193154,0.060982342809438705,0.0,0.06951373815536499,0.0,0.2676313519477844
968,0.0048549936152994634,0.018801409378647806,0.021021134033799172,0.06576160788536071,0.0,0.06951097398996353,0.0,0.2676301896572113
969,0.005194101110100746,0.018849563598632813,0.022533203288912774,0.058785393834114075,0.0,0.06950949877500534,0.0,0.2676272988319397
970,0.005027598701417446,0.01745021715760231,0.022321926057338716,0.06078308522701263,0.0,0.06951121985912323,0.0,0.26762452721595764
971,0.005130685586482287,0.018258305639028548,0.02156466729938984,0.05997610613703728,0.0,0.06951536238193512,0.0,0.26762089133262634
972,0.005098491441458464,0.017844987288117408,0.022852518782019614,0.06406492590904236,0.0,0.0695170983672142,0.0,0.2676175534725189
973,0.005423359666019678,0.01737149991095066,0.02192182093858719,0.05672184303402901,0.0,0.0695192813873291,0.0,0.26761481165885925
974,0.005287222377955913,0.01838553696870804,0.021569399908185006,0.059187250584363936,0.0,0.0695205107331276,0.0,0.267610639333725
975,0.005208684504032135,0.01819177269935608,0.020995587483048438,0.060912763327360155,0.0,0.06952450424432755,0.0,0.26760801672935486
976,0.005258108116686344,0.019293789565563203,0.022104396671056747,0.0626414254307747,0.0,0.06952661275863647,0.0,0.2676071226596832
977,0.0054632086306810376,0.018107237294316292,0.02013024501502514,0.06150913387537003,0.0,0.06952960789203644,0.0,0.267608106136322
978,0.005153347458690405,0.017896006628870965,0.022216038778424263,0.05877052471041679,0.0,0.0695272833108902,0.0,0.26760777831077576
979,0.005099516361951828,0.018056780472397803,0.021080249547958375,0.06410036236047745,0.0,0.06953104585409164,0.0,0.2676064968109131
980,0.005211403034627438,0.018058981746435165,0.02057402692735195,0.061374292522668836,0.0,0.06952647864818573,0.0,0.2676064372062683
981,0.004999430757015944,0.019297750666737556,0.022443047910928726,0.05985180288553238,0.0,0.06952083110809326,0.0,0.2676073908805847
982,0.005392777919769287,0.017697784677147867,0.02264440953731537,0.06323716044425964,0.0,0.06951422244310379,0.0,0.2676084637641907
983,0.005099195335060358,0.018170263990759848,0.02147209569811821,0.06332532465457916,0.0,0.069512739777565,0.0,0.2676107883453369
984,0.0051851337775588036,0.018421772122383117,0.022867772728204727,0.0617145299911499,0.0,0.06950937211513519,0.0,0.2676126956939697
985,0.005439460463821888,0.01918698139488697,0.023318137601017953,0.060665374249219896,0.0,0.06950505822896957,0.0,0.26761382818222046
986,0.005123826954513788,0.01814512200653553,0.02341367192566395,0.059748702496290204,0.0,0.06949467211961746,0.0,0.26761290431022644
987,0.005307629704475403,0.01914699114859104,0.02156812734901905,0.05854267254471779,0.0,0.06948457658290863,0.0,0.26761120557785034
988,0.005430376809090376,0.018175564333796503,0.021405088901519775,0.06866512298583985,0.0,0.0694703683257103,0.0,0.26760706305503845
989,0.005233485996723175,0.018229632079601286,0.022093582898378372,0.0595024473965168,0.0,0.06945577263832092,0.0,0.26760607957839966
990,0.005068848002701997,0.018128009140491487,0.02257430925965309,0.06263675540685654,0.0,0.06944389641284943,0.0,0.2676035463809967
991,0.005170949641615153,0.017591588944196702,0.02340336814522743,0.06195076853036881,0.0,0.06943614035844803,0.0,0.2676011919975281
992,0.005105564091354609,0.017287231609225275,0.02189844585955143,0.06333088725805283,0.0,0.06942687928676605,0.0,0.2676005959510803
993,0.005122690834105015,0.01846940740942955,0.018762904591858386,0.06620978116989136,0.0,0.0694143995642662,0.0,0.2676007151603699
994,0.005071828793734312,0.017871803045272826,0.022672972828149795,0.060603849589824677,0.0,0.06939991563558578,0.0,0.26760029792785645
995,0.005276997014880181,0.01732517220079899,0.02109588645398617,0.06286302655935287,0.0,0.06938671320676804,0.0,0.2676013112068176
996,0.005703549832105637,0.01843317076563835,0.021530887857079507,0.06337671801447868,0.0,0.06937532871961594,0.0,0.2676021158695221
997,0.0054608844220638275,0.018284160643815994,0.02326071970164776,0.06509403139352798,0.0,0.0693628340959549,0.0,0.26760414242744446
998,0.005226999893784523,0.017518388479948042,0.022987394034862517,0.060392722487449646,0.0,0.0693487823009491,0.0,0.267608106136322
999,0.005012933909893036,0.01804257892072201,0.022049720957875253,0.059762559831142426,0.0,0.06933455169200897,0.0,0.2676106095314026
1000,0.005204822868108749,0.018078644946217536,0.022193923965096472,0.06416986137628555,0.0,0.06932008266448975,0.0,0.26761388778686523
1001,0.005132067855447531,0.01825389005243778,0.02115408256649971,0.05947035402059555,0.0,0.06930633634328842,0.0,0.2676173746585846
1002,0.005571794882416725,0.017588623240590094,0.022513563558459283,0.061083953082561496,0.0,0.06930048763751984,0.0,0.2676202058792114
1003,0.005232549551874399,0.017810608446598052,0.02247646078467369,0.060459045320749284,0.0,0.06929342448711395,0.0,0.26762133836746216
1004,0.005187166947871446,0.017725544422864913,0.02174694389104843,0.0593425951898098,0.0,0.06928952783346176,0.0,0.2676216661930084
1005,0.005056243669241667,0.017878371849656106,0.02064998336136341,0.06034165620803833,0.0,0.06928260624408722,0.0,0.2676210403442383
1006,0.004947749339044094,0.01870565675199032,0.021513933688402175,0.06423697471618653,0.0,0.06927044689655304,0.0,0.2676209807395935
1007,0.005187172815203667,0.018213342130184173,0.022510427981615067,0.061575967073440555,0.0,0.06925647705793381,0.0,0.2676190733909607
1008,0.0049978411756455895,0.018522574752569198,0.022336043789982794,0.06164367124438286,0.0,0.06924458593130112,0.0,0.2676185071468353
1009,0.005484357010573149,0.017643093317747115,0.023360169678926467,0.06100418567657471,0.0,0.06922753900289536,0.0,0.2676195204257965
1010,0.0054111208766698836,0.01736876219511032,0.02049487642943859,0.06053636521100998,0.0,0.06921602785587311,0.0,0.26762130856513977
1011,0.005387189611792564,0.01794406250119209,0.02109501324594021,0.0662001796066761,0.0,0.06920010596513748,0.0,0.2676236629486084
1012,0.005183222237974405,0.017789620906114578,0.022335774078965188,0.058463139832019805,0.0,0.06918597221374512,0.0,0.2676240801811218
1013,0.0051270583644509315,0.018547189235687257,0.022532734647393228,0.05916304662823677,0.0,0.06917131692171097,0.0,0.26762470602989197
1014,0.0054721150547266005,0.0174746748059988,0.020122815668582917,0.06078904718160629,0.0,0.0691513940691948,0.0,0.2676262855529785
1015,0.005335259344428777,0.018456875160336495,0.019705520942807198,0.06040458902716637,0.0,0.06913071870803833,0.0,0.2676282227039337
1016,0.005236063431948423,0.018342410400509834,0.022372589260339738,0.060226009786129,0.0,0.06911167502403259,0.0,0.2676299810409546
1017,0.005248404201120138,0.01759626902639866,0.021352798119187354,0.05974867045879364,0.0,0.0690973699092865,0.0,0.26763132214546204
1018,0.0054458360187709335,0.017980541661381723,0.022924522683024407,0.06162102073431015,0.0,0.0690820962190628,0.0,0.2676326036453247
1019,0.005127685144543648,0.018156465142965317,0.021083269640803336,0.058894303441047666,0.0,0.06906668096780777,0.0,0.2676316201686859
1020,0.005391862336546182,0.017623947560787202,0.02115205265581608,0.06321453154087067,0.0,0.0690511092543602,0.0,0.2676318287849426
1021,0.004861302766948938,0.017737813107669354,0.020974573493003846,0.060071200132369995,0.0,0.06903699785470963,0.0,0.26763099431991577
1022,0.005549446400254965,0.017373355478048323,0.021371377632021904,0.06326424330472946,0.0,0.06902092695236206,0.0,0.2676316499710083
1023,0.004985700640827417,0.01815832294523716,0.02119695656001568,0.06207953616976738,0.0,0.06900569051504135,0.0,0.26763439178466797
1024,0.005290935095399618,0.01793009676039219,0.02236769050359726,0.06388737186789513,0.0,0.0689878910779953,0.0,0.2676369547843933
1025,0.00577956298366189,0.018178649991750718,0.021563999354839325,0.05987861528992653,0.0,0.06896854192018509,0.0,0.26764005422592163
1026,0.005029933899641037,0.017837806418538094,0.02223874777555466,0.06562094911932945,0.0,0.06894795596599579,0.0,0.26764267683029175
1027,0.00518266512081027,0.018748006969690322,0.02302711084485054,0.06114540621638298,0.0,0.06892839819192886,0.0,0.26764559745788574
1028,0.004919573757797479,0.017122672870755196,0.020696816220879554,0.06280132606625558,0.0,0.06890915334224701,0.0,0.2676480710506439
1029,0.005174255836755038,0.018760715052485465,0.021308113634586335,0.06006740108132362,0.0,0.06889072805643082,0.0,0.26765090227127075
1030,0.005030418559908867,0.01858547031879425,0.023200859501957893,0.061907540261745456,0.0,0.06887376308441162,0.0,0.26765507459640503
1031,0.005053328443318605,0.0178130641579628,0.02033947706222534,0.06121495142579079,0.0,0.06886216253042221,0.0,0.2676604390144348
1032,0.005125292018055916,0.0168243957683444,0.02273232527077198,0.059230181574821475,0.0,0.06884914636611938,0.0,0.26766613125801086
1033,0.005279149767011404,0.017671573162078857,0.021623970568180086,0.0597393661737442,0.0,0.06883303076028824,0.0,0.2676689326763153
1034,0.005313682183623314,0.018327322229743002,0.022698412463068963,0.06089838594198227,0.0,0.06881777197122574,0.0,0.267671138048172
1035,0.0052193976938724514,0.018058571219444274,0.020436176285147666,0.06466383934020996,0.0,0.06880389153957367,0.0,0.26767414808273315
1036,0.005332172755151987,0.017808990180492403,0.021839483827352523,0.06502645835280418,0.0,0.06879337877035141,0.0,0.2676774561405182
1037,0.0052281318232417105,0.018503502383828162,0.020345759764313697,0.06175294145941734,0.0,0.06878604739904404,0.0,0.26768070459365845
1038,0.0050909602083265785,0.018033027276396753,0.02323889620602131,0.061922986060380936,0.0,0.06878593564033508,0.0,0.26768285036087036
1039,0.004880398325622082,0.01824929341673851,0.023329348862171174,0.060280370712280276,0.0,0.06878972798585892,0.0,0.2676849961280823
1040,0.005160729587078095,0.018318533152341842,0.023720018565654755,0.06206962615251541,0.0,0.06879308074712753,0.0,0.2676890790462494
1041,0.005123423878103495,0.01868102066218853,0.02138694003224373,0.06193583682179451,0.0,0.06879450380802155,0.0,0.2676943838596344
1042,0.005242393910884857,0.01838393621146679,0.02195914089679718,0.06252477318048477,0.0,0.06879854947328568,0.0,0.26770058274269104
1043,0.005386453960090876,0.01818261481821537,0.021087696403265,0.06174881309270859,0.0,0.0688018798828125,0.0,0.2677076756954193
1044,0.005281571578234434,0.01804993711411953,0.020402492210268974,0.0620312325656414,0.0,0.06880427896976471,0.0,0.26771625876426697
1045,0.005035188887268305,0.017900483310222627,0.02133282460272312,0.061055880039930344,0.0,0.0688067078590393,0.0,0.2677247226238251
1046,0.005108995176851749,0.018356234207749365,0.023071347549557687,0.06435466334223747,0.0,0.06880717724561691,0.0,0.26773256063461304
1047,0.0051207893528044226,0.017593349888920785,0.019832771643996237,0.0604400135576725,0.0,0.06881058216094971,0.0,0.26773959398269653
1048,0.005025599524378777,0.01730976551771164,0.02229069620370865,0.06317533031105996,0.0,0.06881363689899445,0.0,0.2677444517612457
1049,0.005370020773261786,0.017489507794380188,0.021994301304221153,0.06287338584661484,0.0,0.06881771236658096,0.0,0.2677479088306427
1050,0.005351074412465096,0.017463720589876174,0.02308913767337799,0.06363468989729881,0.0,0.06881844997406006,0.0,0.2677488923072815
1051,0.005175108555704355,0.01796206012368202,0.021765926852822304,0.05856802985072136,0.0,0.06881865859031677,0.0,0.26774781942367554
1052,0.004699843563139438,0.018671111762523653,0.023441161960363388,0.06165545433759689,0.0,0.06881828606128693,0.0,0.2677467465400696
1053,0.005136660393327474,0.017527726665139198,0.024325552582740783,0.06470131725072861,0.0,0.06882666796445847,0.0,0.2677457928657532
1054,0.005315746553242207,0.018787138164043427,0.020641771703958513,0.061669933050870894,0.0,0.06883586943149567,0.0,0.2677432596683502
1055,0.005663797818124294,0.018037762120366098,0.022628328949213027,0.05941711366176605,0.0,0.06884472817182541,0.0,0.2677387595176697
1056,0.005056487955152988,0.017686536908149718,0.022894830256700516,0.06462790444493294,0.0,0.06885901838541031,0.0,0.26773303747177124
1057,0.00493964571505785,0.01796075813472271,0.02265015058219433,0.0660954549908638,0.0,0.0688726082444191,0.0,0.26772841811180115
1058,0.0049049749970436094,0.017962605133652686,0.02109474129974842,0.06516767740249634,0.0,0.06888537108898163,0.0,0.2677249312400818
1059,0.0053967108018696305,0.01760367602109909,0.02103615812957287,0.06366803273558616,0.0,0.0688965916633606,0.0,0.2677229642868042
1060,0.0051006777212023735,0.01821025162935257,0.021384723857045172,0.05936827808618546,0.0,0.06891144812107086,0.0,0.26772215962409973
1061,0.005383409652858972,0.017682888731360435,0.021668849885463713,0.05886565446853638,0.0,0.06892324984073639,0.0,0.2677221894264221
1062,0.004936790373176336,0.017903603613376617,0.02199150323867798,0.0581636518239975,0.0,0.06892906129360199,0.0,0.2677220106124878
1063,0.005214624106884003,0.018508664146065713,0.021934233978390692,0.06461178958415985,0.0,0.06893886625766754,0.0,0.2677198052406311
1064,0.005139556899666786,0.017099660262465476,0.020918950065970422,0.06044057905673981,0.0,0.06895007938146591,0.0,0.26771724224090576
1065,0.005187413841485977,0.017485490813851357,0.02270808331668377,0.0578838087618351,0.0,0.06896057724952698,0.0,0.2677176594734192
1066,0.0052377570420503615,0.018273674696683884,0.021884435042738914,0.06082558557391167,0.0,0.06896884739398956,0.0,0.2677183747291565
1067,0.005010215565562248,0.01781509891152382,0.023856725171208383,0.061390417814254764,0.0,0.06897829473018646,0.0,0.26771968603134155
1068,0.0053250472992658615,0.01829323135316372,0.0223357692360878,0.06603752076625824,0.0,0.06898871064186096,0.0,0.2677191197872162
1069,0.005574023444205522,0.017939960956573485,0.02243596501648426,0.0632295399904251,0.0,0.06900159269571304,0.0,0.2677188813686371
1070,0.005155830457806587,0.018644167110323906,0.021192557737231256,0.06310146003961563,0.0,0.06901280581951141,0.0,0.267717182636261
1071,0.00494988402351737,0.0174392893910408,0.022109057381749155,0.064839468896389,0.0,0.06901835650205612,0.0,0.26771706342697144
1072,0.004924992378801107,0.01820368245244026,0.02138504236936569,0.06191217005252838,0.0,0.06902127712965012,0.0,0.2677176594734192
1073,0.005045047122985124,0.017199115827679634,0.021628888696432112,0.06461580023169518,0.0,0.06902646273374557,0.0,0.26771751046180725
1074,0.0051766629330813885,0.018391216546297072,0.021394656598567964,0.05995393842458725,0.0,0.06902734935283661,0.0,0.26771801710128784
1075,0.0053456885740160946,0.017854375019669532,0.02142605371773243,0.05962435156106949,0.0,0.06902849674224854,0.0,0.2677183151245117
1076,0.005094567220658064,0.018329676985740662,0.021492785960435867,0.061599559336900714,0.0,0.06903477013111115,0.0,0.2677188515663147
1077,0.0050898873247206215,0.018116753175854684,0.02146124504506588,0.062022653967142106,0.0,0.06904810667037964,0.0,0.267720490694046
1078,0.005108642484992742,0.018142111599445343,0.0221467774361372,0.06041481643915177,0.0,0.06905777007341385,0.0,0.2677208483219147
1079,0.005355185177177191,0.0181651309132576,0.020808014646172525,0.05960249081254006,0.0,0.06907089799642563,0.0,0.2677213251590729
1080,0.00536714093759656,0.01765512153506279,0.021637912839651108,0.058668731898069384,0.0,0.06907857954502106,0.0,0.2677214741706848
1081,0.005087028071284294,0.0182689156383276,0.020438983291387557,0.06234007850289345,0.0,0.06908144056797028,0.0,0.26772040128707886
1082,0.005026483163237572,0.018168805912137032,0.0213062085211277,0.05998943150043488,0.0,0.06909076124429703,0.0,0.2677200436592102
1083,0.004988911468535662,0.01794584058225155,0.02263815850019455,0.06346560716629028,0.0,0.069100521504879,0.0,0.267721027135849
1084,0.0055262897163629535,0.018048306182026862,0.02086225003004074,0.06392776891589165,0.0,0.0691063329577446,0.0,0.2677210569381714
1085,0.005255535803735256,0.017309181950986387,0.021985679864883423,0.06516589522361756,0.0,0.06911331415176392,0.0,0.26772135496139526
1086,0.004743586760014296,0.018223287910223006,0.022017525508999825,0.061178238689899446,0.0,0.06911586225032806,0.0,0.26772040128707886
1087,0.005146868992596865,0.01756783276796341,0.021515237167477608,0.06298817619681359,0.0,0.06911486387252808,0.0,0.26771658658981323
1088,0.0052371850237250325,0.018260201066732408,0.020629556849598885,0.062068982422351836,0.0,0.06910846382379532,0.0,0.26771363615989685
1089,0.0056545441970229145,0.017918569222092628,0.022285447269678117,0.06962627321481704,0.0,0.06910447776317596,0.0,0.26771068572998047
1090,0.005002845916897059,0.017613406479358672,0.02243468500673771,0.06198537349700928,0.0,0.06910490989685059,0.0,0.26770979166030884
1091,0.005475514382123947,0.018496447056531907,0.022749048098921774,0.06574415564537048,0.0,0.06911502033472061,0.0,0.2677100598812103
1092,0.005087576899677515,0.018420683965086938,0.020742314308881758,0.06170104742050171,0.0,0.0691303014755249,0.0,0.267711341381073
1093,0.004886494483798742,0.018624073639512063,0.02205563373863697,0.06439853683114052,0.0,0.06914578378200531,0.0,0.2677125930786133
1094,0.005202255863696337,0.018130183219909668,0.021029049903154372,0.05868185088038445,0.0,0.0691659152507782,0.0,0.267713725566864
1095,0.004944941867142916,0.01953151114284992,0.020603958144783975,0.05824288800358772,0.0,0.06918727606534958,0.0,0.26771584153175354
1096,0.005132625345140696,0.01909184008836746,0.02065449543297291,0.06150945499539375,0.0,0.06921018660068512,0.0,0.267717182636261
1097,0.005140409432351589,0.018949545919895172,0.02311098240315914,0.058748753368854524,0.0,0.0692315548658371,0.0,0.2677193284034729
1098,0.005265014432370663,0.018129921332001687,0.021825170889496804,0.05911462754011154,0.0,0.06925167143344879,0.0,0.26772069931030273
1099,0.005306465178728103,0.018285445496439935,0.020881066843867303,0.06361880078911782,0.0,0.06926809996366501,0.0,0.2677226662635803
1100,0.005140515882521868,0.01774151958525181,0.021516012400388716,0.06111969724297524,0.0,0.06927954405546188,0.0,0.26772457361221313
1101,0.004834384936839342,0.018405463173985483,0.02269979864358902,0.062368756532669066,0.0,0.06929167360067368,0.0,0.26772648096084595
1102,0.005146482121199369,0.018432461470365525,0.021816623955965044,0.0612094946205616,0.0,0.06930918991565704,0.0,0.2677287459373474
1103,0.005300238355994224,0.017802561819553375,0.022995608672499657,0.06120017021894455,0.0,0.0693242996931076,0.0,0.267730176448822
1104,0.005557224433869123,0.017848563194274903,0.022506802901625635,0.060935743153095245,0.0,0.06933774054050446,0.0,0.26773229241371155
1105,0.0048518945463001725,0.017461410164833067,0.02367822639644146,0.06327658072113991,0.0,0.06935065984725952,0.0,0.26773351430892944
1106,0.005403006821870804,0.01797441616654396,0.022110585868358613,0.06414087563753128,0.0,0.06935430318117142,0.0,0.2677335739135742
1107,0.005269724503159523,0.016858624294400215,0.022020858898758888,0.06037515178322792,0.0,0.06936248391866684,0.0,0.26773491501808167
1108,0.005282463319599628,0.018110605701804162,0.02192031927406788,0.06184258833527565,0.0,0.06937052309513092,0.0,0.2677362859249115
1109,0.0051792777143418785,0.01784615106880665,0.021680762618780137,0.0653886042535305,0.0,0.06937773525714874,0.0,0.2677377164363861
1110,0.0052526317536830906,0.0183969222009182,0.02187444791197777,0.06314455494284629,0.0,0.06938834488391876,0.0,0.26774030923843384
1111,0.00513594588264823,0.01837461516261101,0.022172612324357032,0.061742112040519714,0.0,0.06939704716205597,0.0,0.2677425742149353
1112,0.005932297464460135,0.0178569246083498,0.020835594460368156,0.05945370569825172,0.0,0.0694013386964798,0.0,0.2677444517612457
1113,0.004997775796800852,0.01794542409479618,0.02063607983291149,0.05916630551218986,0.0,0.06940613687038422,0.0,0.26774540543556213
1114,0.005283921584486961,0.017772945016622542,0.023231406509876252,0.06296466588973999,0.0,0.0694110170006752,0.0,0.267745703458786
1115,0.005558744631707668,0.01835227571427822,0.01923907473683357,0.06514468640089036,0.0,0.06941016018390656,0.0,0.2677452266216278
1116,0.005375431384891272,0.017434361204504967,0.022499997913837434,0.0610613614320755,0.0,0.0694088339805603,0.0,0.26774293184280396
1117,0.0051626177504658696,0.01720164231956005,0.020416538044810296,0.05994763076305389,0.0,0.06940518319606781,0.0,0.26774027943611145
1118,0.00509710619226098,0.018625035136938094,0.019849451258778572,0.0657592996954918,0.0,0.069401815533638,0.0,0.2677341401576996
1119,0.005142088141292333,0.018282325565814973,0.022636324167251587,0.06079433262348175,0.0,0.06939844787120819,0.0,0.2677280306816101
1120,0.005642898753285408,0.018385182693600656,0.021572140976786613,0.06400641053915024,0.0,0.06939135491847992,0.0,0.26772361993789673
1121,0.005271655786782503,0.017443527467548847,0.02173786237835884,0.06080548539757728,0.0,0.06938381493091583,0.0,0.26771777868270874
1122,0.004989077337086201,0.01812949627637863,0.02216734141111374,0.0634575366973877,0.0,0.06937382370233536,0.0,0.2677129805088043
1123,0.005067818611860275,0.018461019173264502,0.02195392958819866,0.06490500941872597,0.0,0.0693623274564743,0.0,0.2677100598812103
1124,0.005176692921668291,0.01800747327506542,0.0229626651853323,0.0625157579779625,0.0,0.06935246288776398,0.0,0.2677080035209656
1125,0.005094126611948013,0.01821034252643585,0.02308122031390667,0.05925165787339211,0.0,0.06934128701686859,0.0,0.2677069306373596
1126,0.005273600947111845,0.019060445204377174,0.021084177121520043,0.05941913574934006,0.0,0.06933273375034332,0.0,0.2677059769630432
1127,0.005386398546397686,0.017932887375354766,0.020364738628268243,0.061327815800905225,0.0,0.06932281702756882,0.0,0.26770415902137756
1128,0.005100068356841803,0.018270700797438623,0.022813012823462486,0.061734423786401746,0.0,0.06930486857891083,0.0,0.2677038609981537
1129,0.005331270676106214,0.018040060997009277,0.02087089791893959,0.06015296205878258,0.0,0.06928310543298721,0.0,0.26770728826522827
1130,0.005065230838954449,0.01883057802915573,0.020567094162106513,0.05898159667849541,0.0,0.06926083564758301,0.0,0.26771074533462524
1131,0.005266042146831751,0.018006964400410653,0.023200492560863494,0.05871606394648552,0.0,0.06923914700746536,0.0,0.2677140235900879
1132,0.005020166281610727,0.01785227321088314,0.0217940978705883,0.059773237258195874,0.0,0.06922166794538498,0.0,0.2677164375782013
1133,0.005203134845942259,0.018300969526171683,0.022031282633543016,0.06494192332029343,0.0,0.06920474022626877,0.0,0.26771804690361023
1134,0.004971379693597555,0.01803421415388584,0.021171049773693086,0.06364294439554215,0.0,0.06919268518686295,0.0,0.26772060990333557
1135,0.004838971793651581,0.017659457772970198,0.02169831022620201,0.059735473990440366,0.0,0.06918161362409592,0.0,0.2677227556705475
1136,0.004946193937212229,0.01842925101518631,0.022252900525927544,0.06128238439559937,0.0,0.06916801631450653,0.0,0.26772502064704895
1137,0.005243496131151914,0.017992503568530084,0.021616586670279502,0.06008264645934105,0.0,0.06915666162967682,0.0,0.26772692799568176
1138,0.0051199539564549925,0.017306314408779146,0.021486232802271844,0.060940153896808624,0.0,0.06914912164211273,0.0,0.26772746443748474
1139,0.005094406846910715,0.017366066947579382,0.021070439368486404,0.059220053255558014,0.0,0.06914141029119492,0.0,0.2677277624607086
1140,0.005213972181081772,0.018024853989481927,0.022433816641569137,0.06260911896824836,0.0,0.06913155317306519,0.0,0.2677278518676758
1141,0.005122346244752407,0.01773433033376932,0.020944593101739885,0.06267561838030815,0.0,0.06912197917699814,0.0,0.267727792263031
1142,0.005212379619479179,0.017765811085700987,0.021595267951488493,0.061412332206964494,0.0,0.06911346316337585,0.0,0.2677266001701355
1143,0.005140097532421351,0.017996689677238463,0.02205461375415325,0.0620246022939682,0.0,0.06910334527492523,0.0,0.2677260637283325
1144,0.005269720498472452,0.01727455910295248,0.022537653148174287,0.06109155789017677,0.0,0.0690946877002716,0.0,0.2677258849143982
1145,0.005297572072595358,0.01702765580266714,0.019202863425016405,0.05965672805905342,0.0,0.06908586621284485,0.0,0.2677253484725952
1146,0.00545247234404087,0.018412458151578902,0.022596466168761254,0.06577456444501877,0.0,0.06907687336206436,0.0,0.2677239775657654
1147,0.005138889420777559,0.018108661845326425,0.021620138734579086,0.06107715517282486,0.0,0.0690729022026062,0.0,0.26772207021713257
1148,0.005099233146756888,0.017759396508336068,0.021978916972875594,0.06616338491439819,0.0,0.06906475126743317,0.0,0.26772183179855347
1149,0.004945576097816229,0.018659893050789834,0.019973069429397583,0.056296628713607785,0.0,0.069058358669281,0.0,0.2677237391471863
1150,0.005147991236299276,0.01871073916554451,0.020462344959378244,0.06287240236997604,0.0,0.06905143707990646,0.0,0.26772668957710266
1151,0.005667688976973295,0.018446316942572594,0.02084393911063671,0.06416910588741302,0.0,0.06904711574316025,0.0,0.2677289545536041
1152,0.00513113820925355,0.01792074739933014,0.02332366444170475,0.06078434586524963,0.0,0.06904733180999756,0.0,0.26773151755332947
1153,0.0050607831217348576,0.018518195673823356,0.021663770824670792,0.062354239821434024,0.0,0.06904957443475723,0.0,0.2677318751811981
1154,0.005486317630857229,0.01774527654051781,0.022580450773239134,0.05664019584655762,0.0,0.06904807686805725,0.0,0.26773062348365784
1155,0.0052728521637618545,0.018294379487633704,0.02380404956638813,0.058671087771654126,0.0,0.0690445676445961,0.0,0.2677273452281952
1156,0.005367329530417919,0.017361748591065408,0.02268817089498043,0.06260367631912231,0.0,0.06903856992721558,0.0,0.2677261233329773
1157,0.0057405817322433,0.01849891319870949,0.020362817496061326,0.06264530941843986,0.0,0.06903308629989624,0.0,0.26772311329841614
1158,0.005387708265334368,0.018840669468045235,0.02100848890841007,0.05883031189441681,0.0,0.06902407109737396,0.0,0.26772040128707886
1159,0.005223261564970017,0.01793834939599037,0.021526188403367997,0.06661356538534165,0.0,0.06901393830776215,0.0,0.26771825551986694
1160,0.005206564906984568,0.018107015639543533,0.022894014790654182,0.06187806278467178,0.0,0.0690043717622757,0.0,0.26771754026412964
1161,0.005377475265413522,0.017614683881402016,0.022465689480304717,0.06248204782605171,0.0,0.06899431347846985,0.0,0.2677187919616699
1162,0.005795641615986824,0.01847662217915058,0.021941280737519265,0.06255078241229058,0.0,0.06898888945579529,0.0,0.26772013306617737
1163,0.005383342411369086,0.01773129478096962,0.02260829247534275,0.061801593750715256,0.0,0.06898286193609238,0.0,0.2677222192287445
1164,0.005112555995583534,0.01781804785132408,0.021631010994315147,0.06159941703081131,0.0,0.06897304952144623,0.0,0.26772555708885193
1165,0.005343693029135466,0.018633897975087167,0.02161681242287159,0.05870965272188187,0.0,0.06896855682134628,0.0,0.26772838830947876
1166,0.005273041035979986,0.01829639934003353,0.021514002606272696,0.06231800466775894,0.0,0.0689680352807045,0.0,0.26772966980934143
1167,0.004834532365202903,0.01831582933664322,0.020486880093812943,0.06218348145484924,0.0,0.06897157430648804,0.0,0.26772797107696533
1168,0.005192220397293568,0.017786584794521332,0.02234569378197193,0.060867860168218615,0.0,0.06897850334644318,0.0,0.26772642135620117
1169,0.005267596989870072,0.017790311202406883,0.02315506637096405,0.06423457786440849,0.0,0.06898181140422821,0.0,0.2677246034145355
1170,0.0053282884880900385,0.017760461196303368,0.02224351018667221,0.06268494501709938,0.0,0.06898459792137146,0.0,0.26772308349609375
1171,0.00516043184325099,0.018410539254546165,0.021001940593123436,0.06320595368742943,0.0,0.06898603588342667,0.0,0.26772207021713257
1172,0.005129460711032152,0.017673881351947786,0.021440546587109567,0.06329625397920609,0.0,0.06898795068264008,0.0,0.2677209973335266
1173,0.005281088780611754,0.018414483964443208,0.022751832008361818,0.06602587476372719,0.0,0.06898679584264755,0.0,0.267719566822052
1174,0.0053266498260200025,0.017766662687063218,0.021672314032912254,0.06070193573832512,0.0,0.06898574531078339,0.0,0.2677181661128998
1175,0.005681690759956837,0.01810644045472145,0.021480917558074,0.0633795402944088,0.0,0.06898174434900284,0.0,0.26771730184555054
1176,0.0050796719267964365,0.018108389526605605,0.020530489459633827,0.060037814825773236,0.0,0.06897638738155365,0.0,0.2677174210548401
1177,0.005201088078320026,0.017335648462176324,0.023700442537665366,0.06204637885093689,0.0,0.06897617876529694,0.0,0.26771780848503113
1178,0.005019145645201206,0.01724034622311592,0.021140438318252564,0.06071711778640747,0.0,0.06897860765457153,0.0,0.26771870255470276
1179,0.005301013402640819,0.018516777828335763,0.022016800567507745,0.059848371893167496,0.0,0.06897837668657303,0.0,0.267719566822052
1180,0.00519963325932622,0.01803506799042225,0.020629609748721123,0.06124273389577865,0.0,0.06897224485874176,0.0,0.26772013306617737
1181,0.005322049837559462,0.018018435686826706,0.022209760174155234,0.06128175631165504,0.0,0.06896889954805374,0.0,0.26772037148475647
1182,0.005155623611062765,0.018721277266740798,0.021705722063779832,0.05710586905479431,0.0,0.0689648985862732,0.0,0.26771989464759827
1183,0.005397177673876286,0.017523037642240523,0.021617812663316728,0.06232523694634438,0.0,0.06896229088306427,0.0,0.2677190899848938
1184,0.0051182788796722885,0.018262927234172822,0.020671276748180388,0.06075690910220146,0.0,0.06895668059587479,0.0,0.267718642950058
1185,0.005424255412071944,0.01785382628440857,0.02268502116203308,0.057781042903661727,0.0,0.06895138323307037,0.0,0.26771965622901917
1186,0.005087145976722241,0.018501706048846246,0.02180841900408268,0.06559928134083748,0.0,0.0689476951956749,0.0,0.2677185833454132
1187,0.004598746355623007,0.01920522712171078,0.023083034530282022,0.06369280070066452,0.0,0.06895371526479721,0.0,0.26771852374076843
1188,0.005336499959230423,0.019096724689006805,0.023286866024136543,0.06527218967676163,0.0,0.0689571276307106,0.0,0.26771727204322815
1189,0.004890548344701528,0.017528741061687468,0.022635025158524513,0.06198713481426239,0.0,0.06896046549081802,0.0,0.2677180767059326
1190,0.005150148272514343,0.01805574744939804,0.02249523177742958,0.05815797820687294,0.0,0.06896470487117767,0.0,0.26771682500839233
1191,0.005318862572312355,0.017695512995123862,0.02174293212592602,0.06210317388176918,0.0,0.06897179782390594,0.0,0.26771560311317444
1192,0.00531392740085721,0.018917956948280336,0.02224154844880104,0.06479765996336936,0.0,0.06897743791341782,0.0,0.26771196722984314
1193,0.005111009813845158,0.018451162800192832,0.02140975371003151,0.06450967565178871,0.0,0.06898325681686401,0.0,0.2677091658115387
1194,0.005537074618041515,0.017689524218440056,0.02090377062559128,0.061846356838941574,0.0,0.0689925104379654,0.0,0.2677087187767029
1195,0.005431939195841551,0.01835259944200516,0.021299678087234496,0.06227007582783699,0.0,0.06900139898061752,0.0,0.2677096128463745
1196,0.005302494671195745,0.01853366643190384,0.021174983680248262,0.05866311639547348,0.0,0.06901627779006958,0.0,0.2677101492881775
1197,0.005374443717300892,0.018457268923521043,0.02059793584048748,0.06130729988217354,0.0,0.06903323531150818,0.0,0.26771122217178345
1198,0.005240592919290066,0.01900884211063385,0.02227857746183872,0.06102358102798462,0.0,0.06905164569616318,0.0,0.26771295070648193
1199,0.005368677619844675,0.019136856496334075,0.021640145778656007,0.06390612423419953,0.0,0.06906475126743317,0.0,0.2677159309387207
1200,0.005254587437957525,0.01832590326666832,0.02232159860432148,0.06075136587023735,0.0,0.0690755769610405,0.0,0.2677193880081177
1201,0.0051858373917639256,0.018699285015463828,0.019654875993728636,0.05874841660261154,0.0,0.06908401846885681,0.0,0.2677213251590729
1202,0.005771285574883223,0.017695888876914978,0.021424755454063416,0.06158662959933281,0.0,0.06909217685461044,0.0,0.26772451400756836
1203,0.005050851032137871,0.017506081610918045,0.02130153849720955,0.06037647873163223,0.0,0.06910227984189987,0.0,0.26773136854171753
1204,0.005334987584501505,0.01873096227645874,0.020528308302164077,0.06168177127838135,0.0,0.06911322474479675,0.0,0.2677362561225891
1205,0.005401404574513435,0.01824861131608486,0.023286104202270508,0.06046043336391449,0.0,0.06912167370319366,0.0,0.2677406370639801
1206,0.004946184065192938,0.018636665493249892,0.022496743127703667,0.06049850061535835,0.0,0.06912758201360703,0.0,0.26774394512176514
1207,0.005000117979943752,0.018049846589565276,0.02190784476697445,0.05859428346157074,0.0,0.06913688778877258,0.0,0.26774710416793823
1208,0.005093705933541059,0.017847811803221703,0.02178382910788059,0.06039044857025146,0.0,0.06914756447076797,0.0,0.267749160528183
1209,0.005653080716729164,0.01748858354985714,0.022394147142767905,0.06120389476418495,0.0,0.06915880739688873,0.0,0.26774948835372925
1210,0.005056332517415285,0.018349961936473848,0.022260668128728865,0.06418465375900269,0.0,0.06916980445384979,0.0,0.26774659752845764
1211,0.005370013415813446,0.017901057749986647,0.020209825411438943,0.06238268837332726,0.0,0.06917984038591385,0.0,0.2677413821220398
1212,0.005051540862768889,0.017770332843065263,0.02145578749477863,0.057638803869485854,0.0,0.06918413937091827,0.0,0.2677360773086548
1213,0.005148909706622362,0.018090933561325073,0.021454759314656256,0.061848778277635574,0.0,0.06918787956237793,0.0,0.2677312195301056
1214,0.005133071914315224,0.01754339747130871,0.021570607274770736,0.05969647839665413,0.0,0.06919540464878082,0.0,0.26772695779800415
1215,0.004717166069895029,0.01784543991088867,0.022698316350579263,0.05797856226563454,0.0,0.06919683516025543,0.0,0.2677232623100281
1216,0.005463278573006392,0.018460410460829735,0.02250274270772934,0.06731055751442909,0.0,0.0691940039396286,0.0,0.2677193582057953
1217,0.005035228934139014,0.01770116537809372,0.02087492644786835,0.0605045460164547,0.0,0.0691886767745018,0.0,0.26771706342697144
1218,0.0051545420661568645,0.01755439378321171,0.0215077206492424,0.06136938482522965,0.0,0.06918758153915405,0.0,0.2677154839038849
1219,0.004823275376111269,0.01778934374451637,0.022142123058438302,0.060423088073730466,0.0,0.0691862627863884,0.0,0.2677128314971924
1220,0.004961221292614937,0.01877160221338272,0.02190817818045616,0.0602720856666565,0.0,0.06918618083000183,0.0,0.2677096426486969
1221,0.005494770407676697,0.017910901829600333,0.02025465779006481,0.06371884793043137,0.0,0.06918682903051376,0.0,0.2677072584629059
1222,0.005180648248642683,0.018442124500870703,0.020238404721021654,0.06304066926240921,0.0,0.06918232142925262,0.0,0.26770511269569397
1223,0.00530270878225565,0.018484699353575707,0.019926195964217186,0.06118831187486649,0.0,0.06917761266231537,0.0,0.2677031457424164
1224,0.005271256249397993,0.018071211129426955,0.021037285029888154,0.05949182510375976,0.0,0.06917093694210052,0.0,0.2677011489868164
1225,0.005367677193135023,0.016961871087551116,0.022980142012238504,0.059949424117803574,0.0,0.06916753947734833,0.0,0.26769962906837463
1226,0.005141700617969036,0.018327663466334344,0.02322628051042557,0.05912612974643707,0.0,0.06916337460279465,0.0,0.2676970362663269
1227,0.004953397065401077,0.018133847787976266,0.021848789229989053,0.05949966460466385,0.0,0.06916382163763046,0.0,0.26769590377807617
1228,0.005364260356873274,0.017905669286847115,0.02302895151078701,0.05538235306739807,0.0,0.06916607916355133,0.0,0.26769545674324036
1229,0.005272808950394392,0.0186737060546875,0.022849926725029945,0.06175668388605118,0.0,0.0691673755645752,0.0,0.2676943242549896
1230,0.00520115988329053,0.01898634694516659,0.021645809710025787,0.062173732370138166,0.0,0.0691753476858139,0.0,0.26769307255744934
1231,0.005238603614270687,0.017892124876379967,0.02218186929821968,0.06367790922522545,0.0,0.0691857561469078,0.0,0.26769402623176575
1232,0.005063264165073633,0.01754542663693428,0.022690675035119057,0.05608408376574516,0.0,0.06919275224208832,0.0,0.2676943242549896
1233,0.004607241787016392,0.018078700080513953,0.022796135023236276,0.0626502849161625,0.0,0.06919358670711517,0.0,0.26769447326660156
1234,0.005362639389932156,0.017288661748170852,0.02064078636467457,0.06355007961392403,0.0,0.06919201463460922,0.0,0.26769500970840454
1235,0.005476893298327923,0.01784367524087429,0.02278130017220974,0.06298131570219993,0.0,0.06918655335903168,0.0,0.26769310235977173
1236,0.0052910493686795235,0.018163154274225234,0.02221066728234291,0.06256694048643112,0.0,0.06918144226074219,0.0,0.2676922678947449
1237,0.005076553765684366,0.018187130242586134,0.020895498618483544,0.06115520298480988,0.0,0.06917527318000793,0.0,0.2676910161972046
1238,0.005201330129057169,0.016951607912778853,0.020410306006669997,0.06034754067659378,0.0,0.06916864961385727,0.0,0.2676888108253479
1239,0.005265351384878159,0.018820572271943094,0.023878167569637298,0.06079218164086342,0.0,0.06916044652462006,0.0,0.2676854431629181
1240,0.0055842757225036625,0.01832168735563755,0.020825660228729247,0.05976107865571976,0.0,0.06915764510631561,0.0,0.2676806151866913
1241,0.004693887103348971,0.018098219484090804,0.02311144769191742,0.06038802713155746,0.0,0.06916017830371857,0.0,0.2676745057106018
1242,0.005375136341899634,0.018285387381911277,0.021845296770334244,0.06198435574769974,0.0,0.06916588544845581,0.0,0.26766902208328247
1243,0.00495264045894146,0.017942840605974196,0.020853520929813386,0.059863760322332385,0.0,0.06917578727006912,0.0,0.2676642835140228
1244,0.005066207330673933,0.017376810312271118,0.02243901677429676,0.06109451651573181,0.0,0.06918688118457794,0.0,0.26766008138656616
1245,0.005245162919163704,0.01764504089951515,0.02329559326171875,0.0581439271569252,0.0,0.06919177621603012,0.0,0.26765313744544983
1246,0.005592386145144701,0.0189038947224617,0.02249624617397785,0.06381057351827621,0.0,0.06919729709625244,0.0,0.267644464969635
1247,0.005226938333362341,0.017047642171382903,0.023112384229898454,0.06274403855204583,0.0,0.06920670717954636,0.0,0.2676355838775635
1248,0.005225405748933554,0.01838497966527939,0.022586978599429132,0.05918706804513931,0.0,0.06921631097793579,0.0,0.267628014087677
1249,0.005069268494844436,0.017589848861098288,0.022468017414212227,0.06320577338337899,0.0,0.06923030316829681,0.0,0.2676212191581726
1250,0.005402840580791235,0.01828491948544979,0.022538857907056807,0.060389965772628784,0.0,0.06924451887607574,0.0,0.2676171362400055
1251,0.005260397773236036,0.018854596465826035,0.021329135820269584,0.06345607787370681,0.0,0.06925889849662781,0.0,0.2676139771938324
1252,0.005196952633559704,0.017984168231487276,0.02068861238658428,0.05804905369877815,0.0,0.06926976144313812,0.0,0.2676118016242981
1253,0.004903727769851684,0.018897907063364982,0.021300900727510452,0.05962437763810158,0.0,0.06927645206451416,0.0,0.2676106095314026
1254,0.004986888356506824,0.01784457415342331,0.022443006932735442,0.06322471722960472,0.0,0.06928250938653946,0.0,0.26760953664779663
1255,0.0052032704465091225,0.018459990993142127,0.021918836608529092,0.06190341785550117,0.0,0.06928476691246033,0.0,0.2676085829734802
1256,0.005051613040268421,0.019041064381599426,0.021466819941997527,0.06176433265209198,0.0,0.06928802281618118,0.0,0.2676082253456116
1257,0.005720139294862747,0.01791209913790226,0.021708099544048308,0.06201867237687111,0.0,0.06929053366184235,0.0,0.2676083743572235
1258,0.00507788984104991,0.018728284537792204,0.023171615600585938,0.060596337914466857,0.0,0.06929101049900055,0.0,0.2676090598106384
1259,0.00527570778504014,0.01863964945077896,0.021081091091036796,0.06706108078360558,0.0,0.06929504126310349,0.0,0.2676108479499817
1260,0.005242667812854052,0.017893337830901145,0.022573311626911164,0.06011543422937393,0.0,0.06930519640445709,0.0,0.26761239767074585
1261,0.004995117150247097,0.018455838784575462,0.021290361881256104,0.061803515255451205,0.0,0.06931646913290024,0.0,0.26761502027511597
1262,0.005202382151037454,0.018374014273285867,0.02147908993065357,0.058516670018434525,0.0,0.0693330392241478,0.0,0.2676168382167816
1263,0.004982997290790081,0.01882229223847389,0.021848734095692636,0.05966690331697464,0.0,0.06934890896081924,0.0,0.26761704683303833
1264,0.005583494808524847,0.017127775773406028,0.02189570814371109,0.06157169044017792,0.0,0.06936080753803253,0.0,0.2676176428794861
1265,0.0050230339169502255,0.01821942962706089,0.02096322737634182,0.06363971456885338,0.0,0.06937436759471893,0.0,0.2676187753677368
1266,0.005069791991263628,0.01821930781006813,0.0212273683398962,0.06333607286214829,0.0,0.06938532739877701,0.0,0.26761922240257263
1267,0.005065776687115431,0.017656289413571356,0.02209204062819481,0.06132919564843178,0.0,0.0693984255194664,0.0,0.26761969923973083
1268,0.004860446136444807,0.01834304891526699,0.02342679165303707,0.060953249037265775,0.0,0.0694103091955185,0.0,0.2676207423210144
1269,0.005061882082372904,0.018758539110422134,0.021825457364320754,0.06228968575596809,0.0,0.06942061334848404,0.0,0.26762136816978455
1270,0.005455920472741127,0.019035754352808,0.02274460196495056,0.06377347260713577,0.0,0.06942683458328247,0.0,0.26762256026268005
1271,0.005220927856862545,0.018743539601564406,0.022089121490716936,0.06258808970451354,0.0,0.06943082809448242,0.0,0.26762211322784424
1272,0.005262404307723045,0.018366167321801186,0.022152329236268996,0.0626455657184124,0.0,0.06943508237600327,0.0,0.26762253046035767
1273,0.00551113011315465,0.01783302500844002,0.021030993759632112,0.06010173782706261,0.0,0.06943448632955551,0.0,0.2676233649253845
1274,0.005371163133531809,0.018405836448073386,0.021329252049326897,0.0587195910513401,0.0,0.06942924112081528,0.0,0.26762503385543823
1275,0.00535509679466486,0.017968844249844552,0.020582465082407,0.06022469699382782,0.0,0.06942810118198395,0.0,0.26762616634368896
1276,0.005706960801035166,0.018852009996771814,0.02457020990550518,0.06473747417330741,0.0,0.06942697614431381,0.0,0.26762619614601135
1277,0.005232083145529032,0.018266017735004424,0.021992875263094902,0.06214323788881302,0.0,0.06941916793584824,0.0,0.2676260471343994
1278,0.004777065385133028,0.017919209226965903,0.021362460777163507,0.061774542182683946,0.0,0.0694139152765274,0.0,0.2676243185997009
1279,0.005077223293483257,0.017773918621242047,0.01865009181201458,0.06252643689513207,0.0,0.06941135227680206,0.0,0.26762276887893677
1280,0.004994309227913618,0.01915283650159836,0.021294525265693663,0.06400649398565292,0.0,0.06941397488117218,0.0,0.26762107014656067
1281,0.0050761023536324505,0.017368710413575173,0.020378927141427992,0.060221873223781586,0.0,0.06941910088062286,0.0,0.26761916279792786
1282,0.005579905211925506,0.018302096426486968,0.02130698338150978,0.05987605005502701,0.0,0.06942323595285416,0.0,0.2676188051700592
1283,0.005547751951962709,0.019648094102740286,0.021311338618397714,0.06204010769724846,0.0,0.06942816823720932,0.0,0.267617404460907
1284,0.0049512054771184925,0.016733280569314956,0.022039773315191268,0.05815083384513855,0.0,0.06943289935588837,0.0,0.26761841773986816
1285,0.004969426710158586,0.018794523924589156,0.0216583002358675,0.060814951360225675,0.0,0.06944110989570618,0.0,0.2676179111003876
1286,0.005130404978990555,0.018118226155638694,0.02192450761795044,0.06441771388053893,0.0,0.06944677978754044,0.0,0.26761987805366516
1287,0.005515309143811464,0.017421326972544192,0.020479533821344376,0.06193277686834335,0.0,0.06944672763347626,0.0,0.2676212191581726
1288,0.005175225716084242,0.018550831452012063,0.021090349555015563,0.06162137910723686,0.0,0.06945006549358368,0.0,0.2676219046115875
1289,0.005091616977006197,0.018022529035806655,0.022187595814466478,0.06318962946534157,0.0,0.06945319473743439,0.0,0.26762330532073975
1290,0.005197499785572291,0.018289537355303764,0.022766335308551787,0.06683853268623352,0.0,0.0694558173418045,0.0,0.26762422919273376
1291,0.005265067052096129,0.01836826354265213,0.021356630325317382,0.05996540784835815,0.0,0.06945565342903137,0.0,0.267625629901886
1292,0.004974430799484253,0.017613262683153153,0.022561140730977057,0.06044738292694092,0.0,0.06945666670799255,0.0,0.2676270306110382
1293,0.005015468783676624,0.018654970079660417,0.021152420341968535,0.06320301294326783,0.0,0.06945042312145233,0.0,0.26762813329696655
1294,0.005209444742649794,0.01767255924642086,0.02242295853793621,0.06134892851114273,0.0,0.06944414973258972,0.0,0.2676290273666382
1295,0.005222321208566427,0.01769924573600292,0.02167809270322323,0.06466926708817482,0.0,0.06943465769290924,0.0,0.26763033866882324
1296,0.0050789455883204935,0.018038733303546904,0.02207871973514557,0.06266922652721404,0.0,0.06942520290613174,0.0,0.267631471157074
1297,0.005214110296219587,0.0187277939170599,0.021952934563159943,0.05774849280714989,0.0,0.06941378116607666,0.0,0.26763302087783813
1298,0.004739603865891695,0.01815732233226299,0.0219425518065691,0.062406810373067854,0.0,0.06940436363220215,0.0,0.2676342725753784
1299,0.0048201877623796465,0.01772085055708885,0.021420448645949365,0.06131275445222854,0.0,0.06939081102609634,0.0,0.2676369547843933
1300,0.0050151550211012365,0.01941833309829235,0.022730948776006697,0.062138359248638156,0.0,0.06937790662050247,0.0,0.2676392197608948
1301,0.005153768789023161,0.01814083456993103,0.02181859090924263,0.05899431779980659,0.0,0.06936773657798767,0.0,0.2676423192024231
1302,0.005532499402761459,0.017782088741660117,0.019836955517530442,0.06048133596777916,0.0,0.06935910880565643,0.0,0.2676439583301544
1303,0.004825751949101687,0.018362776935100557,0.02185746282339096,0.06351328641176224,0.0,0.06934645026922226,0.0,0.26764601469039917
1304,0.00504800034686923,0.01739090830087662,0.021114246919751167,0.060436132550239566,0.0,0.06933137029409409,0.0,0.267646849155426
1305,0.005401753447949886,0.01765597239136696,0.020006921142339706,0.06049495860934258,0.0,0.069317527115345,0.0,0.2676476836204529
1306,0.00529064629226923,0.018500740826129913,0.02106780484318733,0.059410988539457324,0.0,0.06930451840162277,0.0,0.26764827966690063
1307,0.005350537691265344,0.01750214472413063,0.02082897499203682,0.06438921615481377,0.0,0.06929615885019302,0.0,0.26764845848083496
1308,0.005270054657012224,0.018481436744332315,0.021035033464431762,0.06128228083252907,0.0,0.06928656995296478,0.0,0.2676498293876648
1309,0.004942323733121157,0.019244089722633362,0.02230694144964218,0.06059349030256271,0.0,0.06927908957004547,0.0,0.267648845911026
1310,0.00503311799839139,0.01698970515280962,0.021346091851592065,0.060608845204114914,0.0,0.0692821592092514,0.0,0.26764610409736633
1311,0.0050284617580473425,0.01802493743598461,0.02100144363939762,0.06229686066508293,0.0,0.06928614526987076,0.0,0.2676423490047455
1312,0.005290451273322105,0.01823505200445652,0.019931552931666374,0.06185447424650192,0.0,0.06928884983062744,0.0,0.26764115691185
1313,0.005316050723195076,0.018015487119555473,0.0210500355809927,0.06531841084361076,0.0,0.06928887218236923,0.0,0.26763826608657837
1314,0.005100993532687425,0.01759156249463558,0.02093205414712429,0.06552461609244346,0.0,0.06929125636816025,0.0,0.26763513684272766
1315,0.004998755548149348,0.018212419375777243,0.022172560170292854,0.06346138343214988,0.0,0.0692979097366333,0.0,0.2676328420639038
1316,0.005467021651566028,0.0184260793030262,0.022471066564321518,0.058200613409280774,0.0,0.06930206716060638,0.0,0.2676314115524292
1317,0.00493358476087451,0.01693783588707447,0.021802988648414613,0.06279807537794113,0.0,0.0693073719739914,0.0,0.26763275265693665
1318,0.004934059921652079,0.017926174402236938,0.02227812968194485,0.0613123431801796,0.0,0.06930670142173767,0.0,0.26763495802879333
1319,0.005226713325828314,0.018188225850462914,0.023515282943844796,0.06189981997013092,0.0,0.06930344551801682,0.0,0.26763787865638733
1320,0.005126552004367113,0.018279557302594184,0.020227807760238647,0.06218653619289398,0.0,0.06929945945739746,0.0,0.2676446735858917
1321,0.004875100962817669,0.018599535152316094,0.021378672495484353,0.05692989230155945,0.0,0.06929212808609009,0.0,0.2676512598991394
1322,0.0050232186913490295,0.01791842207312584,0.0206117682158947,0.06279687732458114,0.0,0.0692884773015976,0.0,0.26765668392181396
1323,0.005008717533200979,0.018020522966980933,0.021088957041501998,0.06270822808146477,0.0,0.06928572803735733,0.0,0.26766037940979004
1324,0.005033189803361893,0.017451670579612256,0.019986961781978608,0.0641597144305706,0.0,0.06927939504384995,0.0,0.2676641047000885
1325,0.004989001061767339,0.01746673807501793,0.019859513267874718,0.06308996677398682,0.0,0.06927420943975449,0.0,0.2676670551300049
1326,0.005374433379620314,0.017675530537962912,0.021758032962679863,0.059027086943387985,0.0,0.06926999986171722,0.0,0.2676679790019989
1327,0.005171228665858507,0.017248872295022012,0.021567247435450555,0.06267767027020454,0.0,0.06926320493221283,0.0,0.2676675319671631
1328,0.004946141317486763,0.01844301037490368,0.02160346955060959,0.06284861564636231,0.0,0.06925296038389206,0.0,0.2676668167114258
1329,0.005424045119434595,0.017528916150331496,0.02057451754808426,0.06116689741611481,0.0,0.06924178451299667,0.0,0.267665833234787
1330,0.0049968849867582325,0.018614890798926354,0.023279770836234094,0.05945252999663353,0.0,0.06923218071460724,0.0,0.2676634192466736
1331,0.004712335579097271,0.01870310343801975,0.023389460891485213,0.05868360549211502,0.0,0.06922324001789093,0.0,0.2676602900028229
1332,0.005413896311074496,0.017503096908330917,0.021431856602430344,0.058428192138671876,0.0,0.06922127306461334,0.0,0.2676566243171692
1333,0.004932858888059855,0.016946204751729966,0.02099780924618244,0.058761808276176455,0.0,0.06921890377998352,0.0,0.2676524221897125
1334,0.005118405167013407,0.01888689287006855,0.021834107488393782,0.06559234112501144,0.0,0.06921897083520889,0.0,0.2676492929458618
1335,0.004791670478880405,0.0183469008654356,0.021727073192596435,0.06383152231574059,0.0,0.06921999156475067,0.0,0.26764923334121704
1336,0.005023376829922199,0.017712559178471567,0.021799662709236146,0.059397411346435544,0.0,0.06922264397144318,0.0,0.26764997839927673
1337,0.005141919851303101,0.01889212690293789,0.02266569249331951,0.06569438055157661,0.0,0.06922630220651627,0.0,0.26764991879463196
1338,0.0048253688029944895,0.01829671785235405,0.021249008551239967,0.05976096764206886,0.0,0.06922639906406403,0.0,0.2676512598991394
1339,0.005236302129924297,0.0183573879301548,0.021542881429195405,0.06608359217643738,0.0,0.06922547519207001,0.0,0.26765209436416626
1340,0.0051327084191143514,0.017281971499323846,0.02166272811591625,0.06444213986396789,0.0,0.06922266632318497,0.0,0.267653226852417
1341,0.005409712716937065,0.017376795783638953,0.022055424004793166,0.061515630781650545,0.0,0.06921759247779846,0.0,0.2676529884338379
1342,0.005712480098009109,0.01780886948108673,0.02153276726603508,0.05947683155536652,0.0,0.0692187026143074,0.0,0.2676547169685364
1343,0.005365778319537639,0.01886409632861614,0.02099769301712513,0.0633524313569069,0.0,0.0692201554775238,0.0,0.2676541209220886
1344,0.00543420622125268,0.018429866060614586,0.020983388647437096,0.06161557212471962,0.0,0.06922195106744766,0.0,0.26765379309654236
1345,0.0053830242715775965,0.018590851873159408,0.019867506623268128,0.06440331563353538,0.0,0.06922870874404907,0.0,0.26765286922454834
1346,0.004848693590611219,0.018612395226955413,0.022795921191573143,0.060234198719263075,0.0,0.0692366510629654,0.0,0.26765134930610657
1347,0.0053468761965632435,0.017270717397332193,0.021116069331765176,0.0615658164024353,0.0,0.06924954801797867,0.0,0.267650306224823
1348,0.005386167950928211,0.01878470554947853,0.021334810927510262,0.060211224108934404,0.0,0.06926503032445908,0.0,0.2676510214805603
1349,0.005557577963918448,0.018169114738702773,0.022098088264465333,0.06260497123003006,0.0,0.06928002089262009,0.0,0.26765137910842896
1350,0.005347152147442103,0.018247830495238305,0.02054649144411087,0.05825693607330322,0.0,0.06929050385951996,0.0,0.2676514685153961
1351,0.004975667502731085,0.018193770572543143,0.021539774537086488,0.06282697543501854,0.0,0.06930305063724518,0.0,0.26765215396881104
1352,0.005822576396167278,0.017974837124347685,0.02171851024031639,0.06230109110474587,0.0,0.06931526958942413,0.0,0.2676561772823334
1353,0.005386387649923563,0.017297152429819107,0.0225265733897686,0.05896004587411881,0.0,0.06932703405618668,0.0,0.2676604390144348
1354,0.005217490065842867,0.017035184986889364,0.021568978577852248,0.05848159193992615,0.0,0.06934027373790741,0.0,0.2676648199558258
1355,0.005381584074348212,0.017618997022509575,0.02317172959446907,0.06374090537428856,0.0,0.06935128569602966,0.0,0.26766884326934814
1356,0.005337027367204428,0.017982081323862076,0.022781606391072275,0.060009132325649264,0.0,0.06936328113079071,0.0,0.2676736116409302
1357,0.005309130810201168,0.019055313989520074,0.022303898259997366,0.06532014757394791,0.0,0.06938166916370392,0.0,0.2676774859428406
1358,0.005244117882102728,0.01838439777493477,0.023149188607931137,0.06295817717909813,0.0,0.06939654052257538,0.0,0.2676796317100525
1359,0.005032902397215366,0.01805259957909584,0.0188471183180809,0.061301007866859436,0.0,0.06940790265798569,0.0,0.26768043637275696
1360,0.005049074906855822,0.01772640123963356,0.020462264865636827,0.06349342614412308,0.0,0.06941572576761246,0.0,0.26767945289611816
1361,0.005026002693921327,0.018489621579647064,0.02152583412826061,0.06255674064159393,0.0,0.06941907852888107,0.0,0.26767879724502563
1362,0.005539346020668745,0.017851836606860162,0.020773056894540787,0.06383428126573562,0.0,0.06942225992679596,0.0,0.26767778396606445
1363,0.005029908660799265,0.01842229701578617,0.022634989023208617,0.06412773579359055,0.0,0.06942445784807205,0.0,0.2676756978034973
1364,0.0056755682453513145,0.01845395490527153,0.021905163675546645,0.06014700010418892,0.0,0.06942883878946304,0.0,0.2676752507686615
1365,0.004731955379247666,0.017631145566701888,0.02352008707821369,0.06400026530027389,0.0,0.069435253739357,0.0,0.26767697930336
1366,0.005200647190213204,0.018290722742676735,0.020857344567775726,0.06132979393005371,0.0,0.06944119185209274,0.0,0.26768001914024353
1367,0.0058123313821852205,0.017579848319292067,0.02401236668229103,0.06151750832796097,0.0,0.06944409757852554,0.0,0.26768213510513306
1368,0.005108439363539219,0.018367700278759003,0.0228539627045393,0.0603213757276535,0.0,0.06944407522678375,0.0,0.2676842212677002
1369,0.005244357977062464,0.017800431326031686,0.021526480093598366,0.06331624835729599,0.0,0.06944598257541656,0.0,0.26768597960472107
1370,0.004968883935362101,0.017902394384145738,0.021616538614034654,0.06233575269579887,0.0,0.06945155560970306,0.0,0.26768916845321655
1371,0.005175782926380634,0.01777130030095577,0.021234073862433433,0.05969290137290954,0.0,0.06945382058620453,0.0,0.2676916718482971
1372,0.0049635968171060085,0.018107845261693,0.02181624360382557,0.06663271337747574,0.0,0.06945684552192688,0.0,0.26769334077835083
1373,0.004992704279720784,0.017404534667730332,0.021000391244888304,0.06148107573390007,0.0,0.06945370137691498,0.0,0.2676932215690613
1374,0.005298629496246576,0.018434334173798562,0.020641542598605157,0.06272586286067963,0.0,0.06945013254880905,0.0,0.2676922380924225
1375,0.005189859122037887,0.018780672177672385,0.022569743171334266,0.06462569162249565,0.0,0.06945063173770905,0.0,0.2676890194416046
1376,0.005452691949903965,0.018389205634593963,0.02186427526175976,0.06340488716959954,0.0,0.0694551020860672,0.0,0.2676846981048584
1377,0.005137631017714739,0.018181082606315613,0.021953741461038588,0.05732608288526535,0.0,0.0694626048207283,0.0,0.2676803767681122
1378,0.0052489016205072405,0.017570828646421434,0.021196594834327696,0.060162823647260666,0.0,0.06947288662195206,0.0,0.26767638325691223
1379,0.005541501753032208,0.017316436022520067,0.02294369079172611,0.06141524016857147,0.0,0.06948753446340561,0.0,0.2676704525947571
1380,0.004905598331242799,0.018013366684317588,0.022840316221117974,0.061166992783546446,0.0,0.06950032711029053,0.0,0.26766425371170044
1381,0.005080683063715697,0.018239161744713784,0.021850578486919403,0.06394500732421875,0.0,0.06950835883617401,0.0,0.26765844225883484
1382,0.005372550897300243,0.018104958534240722,0.021196332201361655,0.06003705784678459,0.0,0.06951931864023209,0.0,0.267652302980423
1383,0.005372360441833734,0.018197230249643325,0.021486606821417807,0.06371821314096451,0.0,0.06953000277280807,0.0,0.267647922039032
1384,0.004875341895967722,0.017928920686244965,0.02199745886027813,0.06486744880676269,0.0,0.0695405974984169,0.0,0.26764431595802307
1385,0.005234418902546167,0.0180012833327055,0.020739170908927917,0.0580249160528183,0.0,0.06954878568649292,0.0,0.2676413655281067
1386,0.005244537815451622,0.017231843248009682,0.02170608378946781,0.05800925493240357,0.0,0.06955607980489731,0.0,0.2676418125629425
1387,0.004760777577757835,0.01849367469549179,0.02105015441775322,0.06058933809399605,0.0,0.06956258416175842,0.0,0.2676427364349365
1388,0.005510200373828411,0.01897288262844086,0.022270944714546204,0.06349799782037735,0.0,0.0695657879114151,0.0,0.2676425874233246
1389,0.0049990791827440265,0.018382438644766807,0.02222917377948761,0.06148216649889946,0.0,0.06956471502780914,0.0,0.2676430344581604
1390,0.005257536191493273,0.018378094583749772,0.02274993881583214,0.06419369876384735,0.0,0.06956006586551666,0.0,0.2676440179347992
1391,0.004978972673416138,0.01852627657353878,0.02300751395523548,0.059700730443000796,0.0,0.06955908983945847,0.0,0.2676440477371216
1392,0.00520706158131361,0.017972846701741218,0.021406521648168565,0.059943140298128125,0.0,0.0695556029677391,0.0,0.267643541097641
1393,0.005305476859211922,0.01797398030757904,0.021787261590361595,0.061269138008356094,0.0,0.06955447047948837,0.0,0.26764121651649475
1394,0.005008046608418226,0.01800694614648819,0.022292270511388778,0.0613066166639328,0.0,0.06955670565366745,0.0,0.267638623714447
1395,0.005421729385852813,0.01864768862724304,0.020354076102375985,0.061376122385263444,0.0,0.06956005096435547,0.0,0.2676357626914978
1396,0.0050817661918699745,0.018562693893909455,0.02137678973376751,0.06325091198086738,0.0,0.06956292688846588,0.0,0.26763206720352173
1397,0.004716483410447836,0.019029423594474792,0.023193174228072166,0.06425860896706581,0.0,0.06956169754266739,0.0,0.26763153076171875
1398,0.005000040866434574,0.017755668610334396,0.020542620122432707,0.061808572709560396,0.0,0.06956066936254501,0.0,0.2676321864128113
1399,0.005051279719918966,0.018242784962058067,0.023008616641163826,0.061754371225833896,0.0,0.06955598294734955,0.0,0.26763251423835754
1400,0.004877488687634468,0.017697058245539667,0.022304240241646768,0.060961023718118665,0.0,0.06954975426197052,0.0,0.26763230562210083
1401,0.0052224271930754185,0.018200375512242316,0.0191879004240036,0.05703744664788246,0.0,0.06954525411128998,0.0,0.2676338255405426
1402,0.005460834316909313,0.017088574171066285,0.019751240313053132,0.0615075595676899,0.0,0.0695425271987915,0.0,0.2676357328891754
1403,0.005206511449068784,0.017980488389730452,0.020448651164770126,0.059209511429071424,0.0,0.06954079121351242,0.0,0.26763787865638733
1404,0.005420409329235554,0.01828591972589493,0.021051379665732384,0.06220821887254715,0.0,0.06953871995210648,0.0,0.2676413953304291
1405,0.005431556329131127,0.017910003662109375,0.021801939234137535,0.05909015014767647,0.0,0.06953766942024231,0.0,0.2676462233066559
1406,0.005062328558415175,0.01847202368080616,0.020562749728560446,0.06185085475444794,0.0,0.06953829526901245,0.0,0.26765280961990356
1407,0.00522749125957489,0.01785334721207619,0.021789538860321044,0.05933033004403114,0.0,0.06954433023929596,0.0,0.26765790581703186
1408,0.005261652357876301,0.017694027721881868,0.021219781413674355,0.05865914970636368,0.0,0.06955019384622574,0.0,0.26766276359558105
1409,0.0054771963506937025,0.017830027639865874,0.020445606857538223,0.06356780901551247,0.0,0.06955467164516449,0.0,0.2676685154438019
1410,0.005072166211903095,0.01920889541506767,0.023217366263270377,0.06215532645583153,0.0,0.06956009566783905,0.0,0.26767435669898987
1411,0.005570769682526589,0.0186133686453104,0.02273932844400406,0.06267719641327858,0.0,0.06956794112920761,0.0,0.26768118143081665
1412,0.005250229220837355,0.01857718974351883,0.020723580941557886,0.06275923773646355,0.0,0.06958122551441193,0.0,0.26768818497657776
1413,0.005081076081842184,0.01792324110865593,0.02191159799695015,0.0631789207458496,0.0,0.0695904940366745,0.0,0.2676939368247986
1414,0.005133828520774842,0.018515846133232115,0.022419972345232964,0.06268603652715683,0.0,0.06959740072488785,0.0,0.2677006423473358
1415,0.005089945439249277,0.017996058240532874,0.021188151463866232,0.06432376056909561,0.0,0.06960375607013702,0.0,0.26770535111427307
1416,0.005013788770884276,0.018438982591032983,0.021750281751155853,0.06322901993989945,0.0,0.06960894167423248,0.0,0.26770979166030884
1417,0.005432525184005499,0.018198289349675177,0.02217494249343872,0.06547815054655075,0.0,0.06961144506931305,0.0,0.2677132189273834
1418,0.005084507539868355,0.017513129487633707,0.021985915675759315,0.06292516440153122,0.0,0.06961458921432495,0.0,0.26771607995033264
1419,0.005417124275118113,0.017540474981069566,0.02216516323387623,0.06468399539589882,0.0,0.0696168765425682,0.0,0.2677200436592102
1420,0.005102002806961536,0.018913551792502405,0.021245424076914786,0.06475610285997391,0.0,0.06961361318826675,0.0,0.2677253186702728
1421,0.005448590032756329,0.01802232451736927,0.02037798464298248,0.061782986670732495,0.0,0.06960918754339218,0.0,0.2677311897277832
1422,0.005119575280696153,0.01867007650434971,0.02241456024348736,0.05880544483661652,0.0,0.06960409879684448,0.0,0.2677387297153473
1423,0.00494431871920824,0.018045447394251825,0.02332466430962086,0.0603503942489624,0.0,0.06960205733776093,0.0,0.2677463889122009
1424,0.005023420322686434,0.018075037375092508,0.021737731620669366,0.06183476522564888,0.0,0.069603830575943,0.0,0.26775333285331726
1425,0.005421986524015665,0.017970063164830206,0.021721990033984184,0.05921425670385361,0.0,0.06961454451084137,0.0,0.2677604556083679
1426,0.005365550797432661,0.017266903817653657,0.022738385945558548,0.06518399864435195,0.0,0.06962288916110992,0.0,0.2677678167819977
1427,0.005265789479017258,0.01793421171605587,0.023112131282687187,0.05803297236561775,0.0,0.06962615251541138,0.0,0.26777538657188416
1428,0.005207270011305809,0.017841821163892747,0.021984055265784265,0.056576942652463914,0.0,0.06962998956441879,0.0,0.2677847146987915
1429,0.005369099229574204,0.01681031957268715,0.022306981310248376,0.057964679598808286,0.0,0.0696277767419815,0.0,0.26779335737228394
1430,0.005018178746104241,0.017059028148651123,0.020045556500554083,0.06599726900458336,0.0,0.06962339580059052,0.0,0.26779985427856445
1431,0.005195884499698877,0.017313385009765626,0.022533350437879563,0.06046972498297691,0.0,0.06961674988269806,0.0,0.2678031027317047
1432,0.005042628478258848,0.01795900650322437,0.020925159752368926,0.05748164281249046,0.0,0.06961022317409515,0.0,0.2678055763244629
1433,0.005135362781584263,0.017634959518909456,0.021323447301983833,0.06498909443616867,0.0,0.06960467994213104,0.0,0.26780691742897034
1434,0.005251460522413254,0.01768919490277767,0.022184424847364426,0.06428658068180085,0.0,0.06959296762943268,0.0,0.26780736446380615
1435,0.005251491069793701,0.019096510484814644,0.022295113652944565,0.06541387364268303,0.0,0.06957710534334183,0.0,0.26780593395233154
1436,0.0053067969158291815,0.01804090403020382,0.020544463768601418,0.059582294523715974,0.0,0.06956709921360016,0.0,0.2678039073944092
1437,0.005252155289053917,0.01759917810559273,0.02125021070241928,0.06166735887527466,0.0,0.06955380737781525,0.0,0.2678019106388092
1438,0.005188609845936299,0.0176280464977026,0.022009174898266794,0.06143542900681496,0.0,0.06953849643468857,0.0,0.2678026258945465
1439,0.005138389300554991,0.018445266783237456,0.022433218732476234,0.05945565477013588,0.0,0.06952577829360962,0.0,0.26780515909194946
1440,0.005014120321720839,0.018439676985144614,0.0201364453881979,0.058168409019708635,0.0,0.06951306760311127,0.0,0.26780691742897034
1441,0.005248736590147018,0.017477132380008698,0.020860698819160462,0.057626109570264816,0.0,0.06950154155492783,0.0,0.26780715584754944
1442,0.005257021076977253,0.01831050552427769,0.020211705937981606,0.05978110209107399,0.0,0.06949396431446075,0.0,0.2678079307079315
1443,0.005361290741711855,0.018098459392786027,0.0234596099704504,0.06302234679460525,0.0,0.06948252022266388,0.0,0.2678098678588867
1444,0.005199859291315079,0.017549713701009752,0.02329213693737984,0.06388043239712715,0.0,0.06947711855173111,0.0,0.2678108811378479
1445,0.005067637842148543,0.01820487603545189,0.022893217951059343,0.059998607635498045,0.0,0.06946905702352524,0.0,0.26781293749809265
1446,0.005074136424809694,0.018647467717528343,0.021961552649736406,0.05887416452169418,0.0,0.06946750730276108,0.0,0.2678149938583374
1447,0.005154485534876585,0.017752427235245706,0.02313609719276428,0.06267230957746506,0.0,0.06947450339794159,0.0,0.2678147256374359
1448,0.005137168895453214,0.01835398990660906,0.021311018243432046,0.059283347427845,0.0,0.06948110461235046,0.0,0.26781386137008667
1449,0.004999693762511015,0.017765300720930098,0.02177932523190975,0.05789120048284531,0.0,0.06949086487293243,0.0,0.2678103744983673
1450,0.005014241207391024,0.018547601625323297,0.02133648842573166,0.062131359428167346,0.0,0.06950108706951141,0.0,0.26780465245246887
1451,0.004995964840054512,0.01784599684178829,0.021840165928006174,0.0632541224360466,0.0,0.06951320916414261,0.0,0.2677992284297943
1452,0.004914977867156267,0.019138938188552855,0.02144182175397873,0.06047243699431419,0.0,0.06952060014009476,0.0,0.2677951157093048
1453,0.005422601941972971,0.01829880252480507,0.022119194269180298,0.05797132551670074,0.0,0.06952643394470215,0.0,0.26779183745384216
1454,0.005133501160889864,0.018245147168636323,0.02198786400258541,0.059806452691555025,0.0,0.06953134387731552,0.0,0.26778942346572876
1455,0.005223651695996523,0.017682910338044165,0.020151717588305473,0.06544842049479485,0.0,0.06953761726617813,0.0,0.267787367105484
1456,0.005507330503314733,0.017955658957362175,0.02163463942706585,0.061996090412139895,0.0,0.0695461854338646,0.0,0.26778507232666016
1457,0.005164546612650156,0.018135718256235122,0.02160564437508583,0.06145110949873924,0.0,0.06955212354660034,0.0,0.267782986164093
1458,0.005208909977227449,0.01894073486328125,0.02216091603040695,0.057952919602394105,0.0,0.0695561096072197,0.0,0.2677816152572632
1459,0.005120770912617445,0.018559863790869713,0.021885349601507186,0.06220865473151207,0.0,0.06956399977207184,0.0,0.26777949929237366
1460,0.005315862596035004,0.017177853733301163,0.02160869874060154,0.06286248043179513,0.0,0.06956891715526581,0.0,0.26777753233909607
1461,0.005241712089627981,0.018058565258979798,0.021210358664393424,0.061698319762945174,0.0,0.0695728063583374,0.0,0.26777711510658264
1462,0.005315582081675529,0.01870175302028656,0.022542505338788033,0.0637884147465229,0.0,0.06957816332578659,0.0,0.2677772045135498
1463,0.00524383969604969,0.017854037508368493,0.02119898907840252,0.061067280173301694,0.0,0.06958608329296112,0.0,0.2677784264087677
1464,0.005109073594212532,0.01816936135292053,0.0224735613912344,0.06380622088909149,0.0,0.06959259510040283,0.0,0.267781525850296
1465,0.005374608747661114,0.017554710060358046,0.023757151886820795,0.06039845421910286,0.0,0.06960177421569824,0.0,0.26778358221054077
1466,0.005223637353628874,0.017938322573900222,0.02314295433461666,0.060086566209793094,0.0,0.06960904598236084,0.0,0.26778677105903625
1467,0.005294991377741099,0.018697167560458184,0.023306071013212203,0.05774915963411331,0.0,0.06961701810359955,0.0,0.26778870820999146
1468,0.005190750770270825,0.01803571395576,0.021366512402892113,0.05973085686564446,0.0,0.06962285935878754,0.0,0.26778897643089294
1469,0.004902151878923178,0.01829049177467823,0.021938461810350418,0.06182251423597336,0.0,0.06963569670915604,0.0,0.2677888870239258
1470,0.005387558694928884,0.017741626501083373,0.021687117964029314,0.05910470187664032,0.0,0.0696491003036499,0.0,0.26778730750083923
1471,0.005572448391467333,0.018892886862158776,0.021872836351394653,0.06578442305326462,0.0,0.06965839117765427,0.0,0.26778456568717957
1472,0.004879014473408461,0.01844084821641445,0.022303631901741026,0.06441218852996826,0.0,0.06966902315616608,0.0,0.2677813172340393
1473,0.005579057708382606,0.017698226496577263,0.020737336575984956,0.06168834865093231,0.0,0.06967789679765701,0.0,0.26778021454811096
1474,0.005416008923202753,0.017870084568858146,0.023702266439795495,0.06091157421469688,0.0,0.06968911737203598,0.0,0.26778003573417664
1475,0.005159451067447663,0.017096519656479358,0.02203347869217396,0.059390591084957124,0.0,0.06969903409481049,0.0,0.26778072118759155
1476,0.0053737320937216285,0.018702441453933717,0.021404295787215234,0.06326990425586701,0.0,0.069708913564682,0.0,0.26777949929237366
1477,0.00481411898508668,0.018069015815854073,0.021888568252325057,0.06378659009933471,0.0,0.06971440464258194,0.0,0.2677788734436035
1478,0.004912236053496599,0.017829911783337593,0.022900137677788736,0.061962636560201644,0.0,0.06972014158964157,0.0,0.26777732372283936
1479,0.005196325108408928,0.018391524255275727,0.02168799676001072,0.06234064027667045,0.0,0.06972242146730423,0.0,0.2677766680717468
1480,0.005467934533953667,0.01793590635061264,0.020454324409365655,0.060333181917667386,0.0,0.06972407549619675,0.0,0.2677748203277588
1481,0.0052963591180741785,0.017809069156646727,0.023020966351032256,0.058939917385578154,0.0,0.06972268968820572,0.0,0.267772376537323
1482,0.005210027750581503,0.01783009245991707,0.021960118412971498,0.06131864786148071,0.0,0.06972194463014603,0.0,0.2677724361419678
1483,0.0053059178404510025,0.018318111076951027,0.021424628794193268,0.06164059415459633,0.0,0.06971929967403412,0.0,0.26777416467666626
1484,0.005359585117548704,0.017502627894282342,0.02363511025905609,0.061527376621961595,0.0,0.06971718370914459,0.0,0.2677789628505707
1485,0.00508098928257823,0.01819276958703995,0.021908345445990563,0.06537779271602631,0.0,0.06971970200538635,0.0,0.2677828073501587
1486,0.005128664150834084,0.01830747313797474,0.022013808041810988,0.06709104478359222,0.0,0.06972049176692963,0.0,0.26778584718704224
1487,0.005348812136799097,0.0180103600025177,0.022312423586845397,0.06295770779252052,0.0,0.06972364336252213,0.0,0.2677893340587616
1488,0.005080794263631105,0.017366091534495354,0.021040771529078482,0.06232839450240135,0.0,0.06972748786211014,0.0,0.2677927315235138
1489,0.005327999219298362,0.01809469684958458,0.021853671967983247,0.060688845813274384,0.0,0.06972624361515045,0.0,0.26779597997665405
1490,0.005357209034264088,0.01756201982498169,0.019957485049962996,0.062000544369220735,0.0,0.06972627341747284,0.0,0.2677966356277466
1491,0.005224210675805807,0.01814991757273674,0.021643946319818495,0.060286062955856326,0.0,0.06972475349903107,0.0,0.26779741048812866
1492,0.005162593722343445,0.01783568412065506,0.02289613485336304,0.06079123541712761,0.0,0.06972316652536392,0.0,0.26779723167419434
1493,0.005389587767422199,0.017436737194657326,0.02308443784713745,0.059225238114595416,0.0,0.06971979141235352,0.0,0.26779571175575256
1494,0.005342562589794398,0.0179933562874794,0.02149883545935154,0.061012712121009824,0.0,0.06971794366836548,0.0,0.2677949368953705
1495,0.005318022985011339,0.01850190982222557,0.02271294258534908,0.06212601363658905,0.0,0.06971926987171173,0.0,0.2677941620349884
1496,0.00535609507933259,0.017482607439160348,0.022305229678750038,0.062045782804489136,0.0,0.06971769034862518,0.0,0.2677914500236511
1497,0.005418682284653187,0.018717001378536224,0.02081400416791439,0.06509842574596406,0.0,0.06971310824155807,0.0,0.26779061555862427
1498,0.004755968134850264,0.018331031128764153,0.023858411610126494,0.057438989728689195,0.0,0.06970974057912827,0.0,0.26779109239578247
1499,0.005096026044338941,0.018238936364650727,0.021908493340015413,0.06065473109483719,0.0,0.06970512866973877,0.0,0.26779061555862427
1500,0.004946993943303823,0.017921364679932595,0.022475001215934754,0.06342041790485382,0.0,0.06969656050205231,0.0,0.26778990030288696
1501,0.0049129175953567025,0.01913406141102314,0.022309560328722,0.061920860409736635,0.0,0.06968905031681061,0.0,0.267787367105484
1502,0.005379344709217549,0.018557009845972063,0.020360760018229486,0.06440781205892562,0.0,0.06968656182289124,0.0,0.2677888870239258
1503,0.004896800126880407,0.018505632504820825,0.021939943730831146,0.06340365335345269,0.0,0.06968919932842255,0.0,0.26779288053512573
1504,0.005156152416020632,0.016761457733809947,0.02230590246617794,0.06149856299161911,0.0,0.06969210505485535,0.0,0.2677949368953705
1505,0.004953523445874452,0.017696650326251985,0.02088756561279297,0.06132970377802849,0.0,0.06969329714775085,0.0,0.26779571175575256
1506,0.0053840851411223415,0.01859837807714939,0.020786066725850105,0.05790615975856781,0.0,0.06969217956066132,0.0,0.26779618859291077
1507,0.005299140978604555,0.019375939667224885,0.024254263564944267,0.061349301040172576,0.0,0.06968752294778824,0.0,0.26779597997665405
1508,0.005154603160917759,0.017804043367505074,0.021940318495035173,0.06653909385204315,0.0,0.06967924535274506,0.0,0.26779571175575256
1509,0.0052189348265528675,0.01780235469341278,0.02081255167722702,0.06552302017807961,0.0,0.06966918706893921,0.0,0.2677959203720093
1510,0.0051292916759848595,0.018137715756893158,0.021968922391533852,0.06186799556016922,0.0,0.06966196745634079,0.0,0.26779666543006897
1511,0.005332298018038273,0.018478116393089293,0.02125053107738495,0.06169402599334717,0.0,0.06966128945350647,0.0,0.26779723167419434
1512,0.004968122486025095,0.018568447977304458,0.0229288961738348,0.06465554982423782,0.0,0.06966565549373627,0.0,0.26779693365097046
1513,0.005330897402018309,0.018418190255761146,0.021742874383926393,0.06374980509281158,0.0,0.0696718841791153,0.0,0.267799973487854
1514,0.0056832264177501205,0.0176456019282341,0.022463448345661163,0.06204667091369629,0.0,0.06967882812023163,0.0,0.26780280470848083
1515,0.0057203760370612144,0.018464327976107597,0.02322755753993988,0.06188497394323349,0.0,0.06968097388744354,0.0,0.2678050994873047
1516,0.005468865297734738,0.01720947027206421,0.021682094410061838,0.06058537140488625,0.0,0.06968122720718384,0.0,0.2678046226501465
1517,0.005238095112144947,0.017923752777278423,0.02166573591530323,0.06435033529996873,0.0,0.06968121230602264,0.0,0.26780247688293457
1518,0.005396841838955879,0.01795155331492424,0.02156977206468582,0.061818540841341016,0.0,0.06968599557876587,0.0,0.2678009569644928
1519,0.0056162777356803415,0.017482540383934975,0.022649909555912017,0.06499109715223313,0.0,0.06969214975833893,0.0,0.2677985727787018
1520,0.0051689502783119675,0.018135087564587593,0.02174304686486721,0.059942839294672014,0.0,0.06969491392374039,0.0,0.26779383420944214
1521,0.005312689859420061,0.01737792119383812,0.021063530072569846,0.05661507993936539,0.0,0.06969577819108963,0.0,0.26779040694236755
1522,0.005253451038151979,0.0186508160084486,0.022754181176424026,0.06344592273235321,0.0,0.06969934701919556,0.0,0.2677876353263855
1523,0.005190861970186233,0.01823482699692249,0.021065081655979156,0.06265493929386139,0.0,0.06970035284757614,0.0,0.26778435707092285
1524,0.005348868109285832,0.018765624985098837,0.023233911395072936,0.06425323188304902,0.0,0.069705531001091,0.0,0.26778167486190796
1525,0.0053597926162183285,0.017428062111139297,0.022192931175231932,0.06031108647584915,0.0,0.0697164386510849,0.0,0.26778241991996765
1526,0.0051266905851662155,0.01818891502916813,0.02202201709151268,0.06315099224448203,0.0,0.06972549110651016,0.0,0.2677834630012512
1527,0.0053658892400562765,0.01804747134447098,0.021273037791252135,0.061527682840824126,0.0,0.06973476707935333,0.0,0.2677861154079437
1528,0.004988746531307697,0.019235040992498398,0.021183272823691368,0.06004382222890854,0.0,0.0697445422410965,0.0,0.2677895426750183
1529,0.005230229068547487,0.018235717341303824,0.022157930582761765,0.05976410880684853,0.0,0.06975148618221283,0.0,0.26778918504714966
1530,0.004882373474538326,0.01840901970863342,0.021697433665394783,0.06102109253406525,0.0,0.06975603103637695,0.0,0.2677902579307556
1531,0.005045195762068033,0.01806841790676117,0.022431015223264694,0.06345584765076637,0.0,0.06975531578063965,0.0,0.2677896022796631
1532,0.005403804499655962,0.018835967779159545,0.02205774895846844,0.060597069561481476,0.0,0.06975863873958588,0.0,0.2677878737449646
1533,0.005799675080925226,0.01840050145983696,0.02219705916941166,0.06119280830025673,0.0,0.06976403295993805,0.0,0.2677845358848572
1534,0.005177420377731323,0.018522268906235696,0.02163863740861416,0.0638299860060215,0.0,0.06976810842752457,0.0,0.2677815854549408
1535,0.00524657117202878,0.018633172661066056,0.0205856304615736,0.06187130361795425,0.0,0.0697706937789917,0.0,0.2677774429321289
1536,0.005573727935552597,0.018162738531827927,0.023100411519408226,0.057989341020584104,0.0,0.06977643072605133,0.0,0.2677713632583618
1537,0.0050762580707669255,0.017730025947093962,0.021543233096599577,0.06264071390032769,0.0,0.06977979093790054,0.0,0.26776549220085144
1538,0.0052528523840010164,0.017383685708045958,0.023094380274415016,0.06072167158126831,0.0,0.06978186219930649,0.0,0.26776012778282166
1539,0.005321850720793009,0.017934956401586533,0.022805653885006903,0.061025121062994,0.0,0.06978367269039154,0.0,0.26775413751602173
1540,0.0049008728004992005,0.017432882636785507,0.021043606847524644,0.06213057190179825,0.0,0.06978827714920044,0.0,0.2677489221096039
1541,0.0051082389429211615,0.01729940213263035,0.021990763768553735,0.06128174141049385,0.0,0.06978846341371536,0.0,0.26774248480796814
1542,0.005059903860092163,0.01789086014032364,0.02053830847144127,0.058407603204250334,0.0,0.06978418678045273,0.0,0.2677358388900757
1543,0.005173919163644314,0.017802684754133224,0.022561905533075334,0.06461959704756737,0.0,0.06977582722902298,0.0,0.26773110032081604
1544,0.005271480698138475,0.01868347078561783,0.02210826277732849,0.06246802881360054,0.0,0.06976628303527832,0.0,0.2677270770072937
1545,0.005114083178341389,0.018267465010285377,0.021551493927836417,0.06093199700117111,0.0,0.06975432485342026,0.0,0.2677251994609833
1546,0.0050417912192642685,0.018847806379199028,0.02218853458762169,0.06180132851004601,0.0,0.06973829865455627,0.0,0.2677253484725952
1547,0.00506450142711401,0.018434396758675576,0.023328414559364317,0.06281443759799003,0.0,0.06973017752170563,0.0,0.267726331949234
1548,0.005174639262259006,0.01778188645839691,0.022138047218322753,0.059939324110746386,0.0,0.06972582638263702,0.0,0.2677280008792877
1549,0.005325248278677463,0.017234469950199127,0.02159760892391205,0.0648110069334507,0.0,0.06971924751996994,0.0,0.2677302956581116
1550,0.005113247316330671,0.018383501470088957,0.023559186980128287,0.058297333866357805,0.0,0.06971372663974762,0.0,0.2677345871925354
1551,0.00507856784388423,0.019020142778754235,0.021071888133883478,0.06149485930800438,0.0,0.06970615684986115,0.0,0.26774096488952637
1552,0.005139200109988451,0.017873191460967063,0.021176783367991447,0.06460715532302856,0.0,0.06970114260911942,0.0,0.26774901151657104
1553,0.005318197794258595,0.017615300416946412,0.021367162093520166,0.0631321370601654,0.0,0.06969042867422104,0.0,0.2677565813064575
1554,0.0053812176920473576,0.017886523529887198,0.021102875471115112,0.06546365618705749,0.0,0.069676473736763,0.0,0.2677634358406067
1555,0.005642563384026289,0.01712784692645073,0.02449817508459091,0.06406311392784118,0.0,0.06966309249401093,0.0,0.267769992351532
1556,0.0051093102432787415,0.019048362225294112,0.023004396259784697,0.06281694620847703,0.0,0.06964768469333649,0.0,0.26777416467666626
1557,0.0050065451301634315,0.01894439719617367,0.020955301448702814,0.06414654701948166,0.0,0.06963516771793365,0.0,0.26777586340904236
1558,0.0048751188442111015,0.017216306924819947,0.022241013869643212,0.05954238027334213,0.0,0.0696222335100174,0.0,0.26777559518814087
1559,0.00507669011130929,0.0189126405864954,0.02311105653643608,0.06284445598721504,0.0,0.06960417330265045,0.0,0.2677752375602722
1560,0.005098051484674215,0.01754038967192173,0.02152307890355587,0.06667065769433975,0.0,0.0695883184671402,0.0,0.26777711510658264
1561,0.005145705956965685,0.018286095559597017,0.022784796357154847,0.06205178275704384,0.0,0.06956975162029266,0.0,0.2677789032459259
1562,0.005178187880665064,0.018028219789266588,0.02162550613284111,0.06151369288563728,0.0,0.06955524533987045,0.0,0.267781525850296
1563,0.005564234498888254,0.01776389479637146,0.02183104306459427,0.06519000381231307,0.0,0.0695420354604721,0.0,0.2677798867225647
1564,0.005163650959730148,0.017053083330392838,0.023104211688041686,0.05589925274252892,0.0,0.06953094899654388,0.0,0.26777833700180054
1565,0.0052796795032918455,0.018327169120311737,0.023535190150141716,0.06226429119706154,0.0,0.06952674686908722,0.0,0.2677769958972931
1566,0.005116854608058929,0.017975848540663718,0.021650392562150955,0.06519655138254166,0.0,0.06952491402626038,0.0,0.26777511835098267
1567,0.004975131619721651,0.018035249412059785,0.022068817913532258,0.06242752149701118,0.0,0.06951744854450226,0.0,0.26777270436286926
1568,0.0046646659262478355,0.01886005587875843,0.020686058700084685,0.06276774853467941,0.0,0.06950850784778595,0.0,0.2677688002586365
1569,0.005303022265434265,0.017689912393689156,0.021598361432552338,0.06469656452536583,0.0,0.0694989413022995,0.0,0.26776471734046936
1570,0.005041513964533806,0.018262415006756783,0.022523384541273117,0.061463063955307005,0.0,0.06949006021022797,0.0,0.2677636742591858
1571,0.005000618472695351,0.018086642026901245,0.02179812416434288,0.061319757252931595,0.0,0.06947853416204453,0.0,0.2677614986896515
1572,0.005404669884592294,0.01739896796643734,0.023279686644673347,0.06468451768159866,0.0,0.06946195662021637,0.0,0.26775816082954407
1573,0.004912371840327978,0.017440370842814447,0.024198786169290543,0.05851459801197052,0.0,0.06944403797388077,0.0,0.2677547335624695
1574,0.005487908236682415,0.017836512252688407,0.022652514278888702,0.060672222077846526,0.0,0.06942848116159439,0.0,0.2677510678768158
1575,0.005103912577033043,0.018557988479733466,0.019891615957021713,0.06208602413535118,0.0,0.06941642612218857,0.0,0.2677456736564636
1576,0.004892032500356436,0.018353008851408958,0.021512218192219733,0.061309611052274705,0.0,0.0694034993648529,0.0,0.26774072647094727
1577,0.005128946620970964,0.01833580285310745,0.022880401089787485,0.06145770773291588,0.0,0.06939129531383514,0.0,0.2677360475063324
1578,0.0050430684350430965,0.019347546994686125,0.020508917421102522,0.06336036548018456,0.0,0.06938038021326065,0.0,0.2677312195301056
1579,0.005404082406312227,0.017919519543647768,0.020720784738659858,0.06182238683104515,0.0,0.06936939805746078,0.0,0.26772698760032654
1580,0.005499547440558672,0.018293015658855438,0.02271813526749611,0.05816054344177246,0.0,0.06935837119817734,0.0,0.26772281527519226
1581,0.005361021496355534,0.0187558613717556,0.022230011597275733,0.05867951065301895,0.0,0.06934893876314163,0.0,0.26771798729896545
1582,0.005173445027321577,0.017617400363087656,0.022013110294938087,0.06122689619660378,0.0,0.06934209167957306,0.0,0.26771387457847595
1583,0.00501735731959343,0.017738860845565797,0.02193969190120697,0.0651727482676506,0.0,0.06933711469173431,0.0,0.26771050691604614
1584,0.0049985415302217,0.01756800599396229,0.02237882651388645,0.06622660607099533,0.0,0.06932969391345978,0.0,0.26770731806755066
1585,0.005098264012485742,0.017844447493553163,0.022417379543185234,0.06754983365535736,0.0,0.0693245455622673,0.0,0.2677046060562134
1586,0.005164922494441271,0.017831528559327126,0.022117003053426742,0.06058633476495743,0.0,0.06931257247924805,0.0,0.26770293712615967
1587,0.005218974780291319,0.01751784048974514,0.0208770290017128,0.06409992203116417,0.0,0.06929933279752731,0.0,0.2677018344402313
1588,0.005045682750642299,0.019486750289797784,0.022434617578983306,0.062251319736242296,0.0,0.06928427517414093,0.0,0.26769930124282837
1589,0.0049998356029391285,0.018729399517178537,0.022642242908477783,0.059646821767091754,0.0,0.06926669180393219,0.0,0.26769497990608215
1590,0.005108593497425318,0.017692280933260918,0.022678577899932863,0.06346263960003853,0.0,0.06924950331449509,0.0,0.2676921784877777
1591,0.0055092578753829,0.01778238546103239,0.022765686362981798,0.05845677703619003,0.0,0.06923627108335495,0.0,0.26769036054611206
1592,0.005023752246052027,0.018346985056996345,0.022908633202314378,0.0645537331700325,0.0,0.0692281723022461,0.0,0.26769188046455383
1593,0.0052078056149184706,0.018065619468688964,0.022219934314489365,0.06025630459189415,0.0,0.06922359764575958,0.0,0.2676950693130493
1594,0.00516344616189599,0.018035921081900597,0.02157069928944111,0.06266220882534981,0.0,0.0692233294248581,0.0,0.2676979601383209
1595,0.005168591067194939,0.01746293380856514,0.022412069886922837,0.06408957242965699,0.0,0.06922216713428497,0.0,0.2676998972892761
1596,0.005216661002486944,0.01783205345273018,0.02179725021123886,0.06481831967830658,0.0,0.06921782344579697,0.0,0.2677013874053955
1597,0.005411747936159372,0.017778335884213448,0.022062605991959573,0.06300941556692123,0.0,0.06921587884426117,0.0,0.26770296692848206
1598,0.005277501232922077,0.01744587644934654,0.022400958091020585,0.06087601482868195,0.0,0.0692177563905716,0.0,0.2677049934864044
1599,0.005197760090231896,0.017908209189772605,0.02323695532977581,0.06495270729064942,0.0,0.06922347098588943,0.0,0.2677081227302551
1600,0.005521101877093315,0.018694526702165603,0.023004498332738876,0.06330450996756554,0.0,0.06922896206378937,0.0,0.2677120268344879
1601,0.005202186107635498,0.01792482305318117,0.02113306410610676,0.06301402971148491,0.0,0.06923113763332367,0.0,0.26771730184555054
1602,0.005525760538876057,0.01856936365365982,0.02228281497955322,0.06117751821875572,0.0,0.06923212110996246,0.0,0.26772284507751465
1603,0.005114103853702545,0.017874687910079956,0.02134203612804413,0.0638842798769474,0.0,0.06923533231019974,0.0,0.26772624254226685
1604,0.00519581874832511,0.01780625991523266,0.02314877398312092,0.06459402069449424,0.0,0.06923616677522659,0.0,0.2677297592163086
1605,0.005399300903081894,0.018259653449058534,0.021227728202939035,0.06352144405245781,0.0,0.069237619638443,0.0,0.267733633518219
1606,0.00529814139008522,0.018680991232395174,0.02104172483086586,0.05771939530968666,0.0,0.06924168765544891,0.0,0.2677362561225891
1607,0.004957958590239286,0.018429573252797128,0.022719549760222436,0.061438152194023134,0.0,0.06924664974212646,0.0,0.26773765683174133
1608,0.005182412173599005,0.018192969262599945,0.021417177841067316,0.06412223502993583,0.0,0.06925517320632935,0.0,0.2677382528781891
1609,0.005497872084379196,0.0186539925634861,0.02164624147117138,0.05924140810966492,0.0,0.06926397979259491,0.0,0.26773759722709656
1610,0.005374796781688928,0.0178461778908968,0.020280485227704047,0.060145721584558484,0.0,0.0692702978849411,0.0,0.2677389085292816
1611,0.005204975791275501,0.018597921729087828,0.02192648872733116,0.06326202675700188,0.0,0.06928497552871704,0.0,0.26774030923843384
1612,0.005275987088680267,0.018647436425089835,0.022112729027867317,0.06318876445293427,0.0,0.06930278241634369,0.0,0.2677406370639801
1613,0.004828843846917152,0.01816539391875267,0.022630583867430686,0.06237106472253799,0.0,0.06931956857442856,0.0,0.2677406966686249
1614,0.005013147462159395,0.01750698871910572,0.021403034403920173,0.06258349195122719,0.0,0.06933820247650146,0.0,0.2677397131919861
1615,0.0051618173718452455,0.018033183738589288,0.021932821720838547,0.058594489097595216,0.0,0.06935306638479233,0.0,0.2677406668663025
1616,0.005538549181073904,0.01751842014491558,0.021599165350198745,0.06062600687146187,0.0,0.06936793029308319,0.0,0.26774007081985474
1617,0.004976117704063654,0.01832510381937027,0.0225986011326313,0.06004602834582329,0.0,0.06938330829143524,0.0,0.26774150133132935
1618,0.005433541070669889,0.01720336638391018,0.023721219226717948,0.06258992999792098,0.0,0.0693986713886261,0.0,0.2677406668663025
1619,0.005022143665701151,0.01778186932206154,0.021477946266531944,0.0655563548207283,0.0,0.0694093108177185,0.0,0.2677357792854309
1620,0.005032460857182741,0.017573228105902672,0.020675383508205414,0.06347485855221749,0.0,0.0694177970290184,0.0,0.2677297592163086
1621,0.0048813226632773874,0.01892653852701187,0.02024087943136692,0.06499583572149277,0.0,0.06942412257194519,0.0,0.267723947763443
1622,0.005203154496848583,0.017429986223578452,0.021176614239811896,0.06197534948587417,0.0,0.06942486763000488,0.0,0.2677169740200043
1623,0.005052375793457031,0.018500806763768196,0.02306091897189617,0.06027577593922615,0.0,0.06942309439182281,0.0,0.2677103579044342
1624,0.0053219695575535296,0.018406563624739646,0.021217383816838263,0.061216342449188235,0.0,0.06942452490329742,0.0,0.26770415902137756
1625,0.005252541322261095,0.01803811639547348,0.0224857073277235,0.06314560025930405,0.0,0.0694219321012497,0.0,0.2676997184753418
1626,0.004914497863501311,0.017309233732521533,0.020418234914541245,0.06264622285962104,0.0,0.06941583007574081,0.0,0.2676946818828583
1627,0.00520458584651351,0.017633780464529993,0.022056587785482407,0.057759950309991835,0.0,0.06941035389900208,0.0,0.2676910161972046
1628,0.005077763088047504,0.01863451413810253,0.0206203855574131,0.06460192948579788,0.0,0.06940307468175888,0.0,0.2676868140697479
1629,0.005132680013775826,0.018169383704662322,0.021425288915634156,0.06021186038851738,0.0,0.06940516829490662,0.0,0.26768237352371216
1630,0.0052010507322847845,0.017813973873853684,0.021342816576361657,0.06389787644147873,0.0,0.0694054365158081,0.0,0.2676781713962555
1631,0.005087533593177795,0.01757441908121109,0.023086810111999513,0.05949820950627327,0.0,0.06940356642007828,0.0,0.2676742970943451
1632,0.004860561154782772,0.017592765390872955,0.02185020558536053,0.0621141754090786,0.0,0.0693945661187172,0.0,0.26767054200172424
1633,0.005061027966439724,0.01815965063869953,0.023075930774211884,0.060720693320035934,0.0,0.06939071416854858,0.0,0.2676667273044586
1634,0.0053054002113640305,0.018369155004620552,0.023611303046345712,0.060877525806427,0.0,0.06938569247722626,0.0,0.26766276359558105
1635,0.0051890755072236065,0.018242331966757775,0.020480619743466377,0.061554571986198424,0.0,0.06938375532627106,0.0,0.2676581144332886
1636,0.004840271826833486,0.01737453192472458,0.02292761281132698,0.06330136060714722,0.0,0.06938324123620987,0.0,0.26765570044517517
1637,0.005085922963917256,0.018672125041484834,0.022590212523937225,0.0605267658829689,0.0,0.06938741356134415,0.0,0.2676531672477722
1638,0.004743085615336895,0.017735904455184935,0.022920430451631547,0.06502255573868751,0.0,0.0693959966301918,0.0,0.26765042543411255
1639,0.005022907722741365,0.018560133501887323,0.022423627600073815,0.06518582999706268,0.0,0.06940808892250061,0.0,0.26764678955078125
1640,0.005770276300609112,0.017007699981331826,0.02292185015976429,0.06278055161237717,0.0,0.0694180428981781,0.0,0.26764458417892456
1641,0.004964357614517212,0.01918841488659382,0.021516157686710356,0.06276478916406632,0.0,0.06942842155694962,0.0,0.26764488220214844
1642,0.005040608439594507,0.01778932474553585,0.021649036556482315,0.061755969375371936,0.0,0.06943824142217636,0.0,0.26764702796936035
1643,0.005255216918885708,0.01884407065808773,0.022869957610964775,0.06451718658208846,0.0,0.06944922357797623,0.0,0.26765164732933044
1644,0.005399694200605154,0.017788251116871833,0.021546154469251632,0.0620239369571209,0.0,0.06946244835853577,0.0,0.267656147480011
1645,0.005117531958967447,0.01888298653066158,0.02151528112590313,0.05996207296848297,0.0,0.06947432458400726,0.0,0.2676595151424408
1646,0.0050054177641868595,0.01793181709945202,0.020866208896040916,0.06021905094385147,0.0,0.06948654353618622,0.0,0.26766225695610046
1647,0.005292196571826935,0.017520889826118945,0.022696604207158088,0.06043489351868629,0.0,0.06949704885482788,0.0,0.26766401529312134
1648,0.005032140575349331,0.018174868449568747,0.022592289745807646,0.05820052549242973,0.0,0.06950772553682327,0.0,0.2676655054092407
1649,0.005587993189692497,0.017818022519350052,0.019797296077013016,0.06421548128128052,0.0,0.06952208280563354,0.0,0.26766589283943176
1650,0.004838891606777906,0.017910661548376082,0.020896702259778976,0.05820680260658264,0.0,0.06953100860118866,0.0,0.2676655650138855
1651,0.005253001302480698,0.017283787578344346,0.020298155769705773,0.06313655972480774,0.0,0.06953752040863037,0.0,0.2676665782928467
1652,0.004910754598677158,0.018115142732858656,0.022324256598949432,0.0643838807940483,0.0,0.06955008208751678,0.0,0.26766782999038696
1653,0.00487284418195486,0.018082039058208467,0.020990705117583275,0.06235005035996437,0.0,0.0695597231388092,0.0,0.2676700949668884
1654,0.005428761895745993,0.017401424795389177,0.023075822740793228,0.06254645809531212,0.0,0.06957386434078217,0.0,0.26767072081565857
1655,0.005110806692391634,0.0177755743265152,0.02254451923072338,0.05802768394351006,0.0,0.06958837807178497,0.0,0.26767122745513916
1656,0.005335408449172974,0.016751890443265437,0.022589610517024995,0.0638810396194458,0.0,0.06960467249155045,0.0,0.267670214176178
1657,0.005161208566278219,0.019226470962166786,0.020629779249429703,0.06302639022469521,0.0,0.06961914151906967,0.0,0.26766863465309143
1658,0.005100364983081818,0.017133418843150137,0.022977109253406524,0.06361512541770935,0.0,0.06963527202606201,0.0,0.2676684558391571
1659,0.004955562204122544,0.017479076236486434,0.022113576531410217,0.06231503114104271,0.0,0.06964974850416183,0.0,0.2676696181297302
1660,0.005044160317629576,0.0183542363345623,0.023423343524336816,0.06101007536053658,0.0,0.06966350972652435,0.0,0.26767104864120483
1661,0.005575534608215094,0.018376192077994347,0.021793629974126816,0.06046278104186058,0.0,0.06967364251613617,0.0,0.26767295598983765
1662,0.0051899622194468975,0.01800524927675724,0.022945144772529603,0.06100550889968872,0.0,0.06968177109956741,0.0,0.2676753103733063
1663,0.004994102008640766,0.017496878281235695,0.02220510058104992,0.06726809293031692,0.0,0.0696893185377121,0.0,0.26767730712890625
1664,0.004782734718173742,0.017056667432188987,0.021483541280031205,0.05849173963069916,0.0,0.06969225406646729,0.0,0.26767852902412415
1665,0.005150815099477768,0.018686427175998686,0.020574017986655237,0.057987497001886365,0.0,0.06969116628170013,0.0,0.267678439617157
1666,0.0051815928891301155,0.01812552511692047,0.023064254969358444,0.06127460822463036,0.0,0.06969308853149414,0.0,0.2676774859428406
1667,0.005270124692469835,0.017839253693819047,0.022579648718237876,0.06191895678639412,0.0,0.0696905329823494,0.0,0.26767417788505554
1668,0.00529194874688983,0.017523502558469774,0.02099330760538578,0.0632169596850872,0.0,0.06968756765127182,0.0,0.26767101883888245
1669,0.005035105999559164,0.018386716768145562,0.02244720458984375,0.06144729405641556,0.0,0.06968547403812408,0.0,0.2676679491996765
1670,0.005422704480588436,0.0186196930706501,0.02272741310298443,0.06383752003312111,0.0,0.06968734413385391,0.0,0.26766425371170044
1671,0.005402643326669931,0.018720166012644767,0.020899727195501327,0.06554408669471741,0.0,0.06969020515680313,0.0,0.26766061782836914
1672,0.005186555441468954,0.017087032645940782,0.022686631232500077,0.06077430322766304,0.0,0.06969128549098969,0.0,0.2676590085029602
1673,0.005433859024196863,0.018061694130301474,0.021694527566432954,0.06109568104147911,0.0,0.06969016045331955,0.0,0.26765891909599304
1674,0.005364738032221794,0.018568001687526703,0.023324796184897422,0.06328705102205276,0.0,0.06968723982572556,0.0,0.2676604092121124
1675,0.004949599131941795,0.017359737679362296,0.02159509211778641,0.0630804292857647,0.0,0.06968475878238678,0.0,0.2676616311073303
1676,0.005327187385410071,0.01804833710193634,0.020205174386501313,0.06510836631059647,0.0,0.06967701017856598,0.0,0.2676638066768646
1677,0.005468950513750315,0.01701860874891281,0.02387678697705269,0.06398773044347764,0.0,0.06966789066791534,0.0,0.26766371726989746
1678,0.005227932333946228,0.01849283054471016,0.020251936838030817,0.06035537272691727,0.0,0.06965507566928864,0.0,0.2676617503166199
1679,0.004966954048722982,0.018675768002867698,0.02239186465740204,0.063394795358181,0.0,0.06964768469333649,0.0,0.267660915851593
1680,0.005049983970820904,0.01896795555949211,0.020583609864115716,0.06198956444859505,0.0,0.06963766366243362,0.0,0.26765909790992737
1681,0.005100765731185675,0.019115763157606123,0.020778673142194747,0.06103116273880005,0.0,0.06963031738996506,0.0,0.2676566541194916
1682,0.005537060648202896,0.018285249173641206,0.02002180591225624,0.06223826855421066,0.0,0.06962449848651886,0.0,0.26765352487564087
1683,0.005126593634486198,0.0181597787886858,0.020927209034562112,0.06238725036382675,0.0,0.06962226331233978,0.0,0.2676519453525543
1684,0.004675752390176058,0.017270774021744727,0.021866098046302795,0.06302344426512718,0.0,0.0696154311299324,0.0,0.2676520347595215
1685,0.0052994746714830395,0.017205509543418884,0.022792452946305275,0.06124204471707344,0.0,0.0696103498339653,0.0,0.267653226852417
1686,0.004995024204254151,0.0177182637155056,0.020574545487761497,0.05781770721077919,0.0,0.06960916519165039,0.0,0.2676558494567871
1687,0.005263893399387598,0.016673760116100313,0.0225945133715868,0.06347936689853668,0.0,0.06960530579090118,0.0,0.26765748858451843
1688,0.005176818184554577,0.017838483303785325,0.023256047070026396,0.06294305846095086,0.0,0.06959442794322968,0.0,0.26766157150268555
1689,0.004948879964649678,0.018176988512277604,0.021483554691076278,0.062093257904052734,0.0,0.06958173215389252,0.0,0.2676662802696228
1690,0.005450475960969925,0.018085777759552002,0.020721571892499922,0.060187168419361115,0.0,0.0695667415857315,0.0,0.2676733434200287
1691,0.005200981814414263,0.018525290116667748,0.021355867758393286,0.06249002069234848,0.0,0.06955034285783768,0.0,0.26768073439598083
1692,0.0051117162220180035,0.0186109010130167,0.019938503950834276,0.0634416475892067,0.0,0.06953301280736923,0.0,0.2676876187324524
1693,0.005205884762108326,0.017909706011414527,0.022101787477731706,0.06452256515622139,0.0,0.06951441615819931,0.0,0.2676934003829956
1694,0.005189927574247122,0.018255655840039253,0.021947622671723364,0.05966244786977768,0.0,0.06949128955602646,0.0,0.267697274684906
1695,0.0051899848505854605,0.018549188598990442,0.02242905683815479,0.060701044648885726,0.0,0.06947652995586395,0.0,0.2677009701728821
1696,0.005405094474554062,0.01815677359700203,0.02259358987212181,0.06395007446408271,0.0,0.0694684237241745,0.0,0.2677036225795746
1697,0.005316879693418741,0.01859605610370636,0.020942050591111185,0.05826379656791687,0.0,0.06946336477994919,0.0,0.26770585775375366
1698,0.0053402061574161054,0.019177212938666345,0.022196365520358086,0.06112268567085266,0.0,0.0694601908326149,0.0,0.2677082121372223
1699,0.005580453015863895,0.017999038100242615,0.020727743953466417,0.05971500128507614,0.0,0.06945643573999405,0.0,0.26771071553230286
1700,0.005481876805424691,0.018705558404326438,0.020433479547500612,0.06392349451780319,0.0,0.069453164935112,0.0,0.26771244406700134
1701,0.005061872769147158,0.018255607038736344,0.020911289751529692,0.06222457587718964,0.0,0.06944878399372101,0.0,0.26771432161331177
1702,0.005448016617447138,0.01820441409945488,0.02126169465482235,0.062410992383956906,0.0,0.06944948434829712,0.0,0.2677140235900879
1703,0.005408192984759808,0.017867302894592284,0.0208267230540514,0.06215579137206077,0.0,0.0694485753774643,0.0,0.26771238446235657
1704,0.005315327364951372,0.018190524727106094,0.02110500931739807,0.06271278709173203,0.0,0.06944607198238373,0.0,0.26771247386932373
1705,0.005111967213451862,0.01828852519392967,0.022869379818439485,0.05949990674853325,0.0,0.06944971531629562,0.0,0.2677127420902252
1706,0.005273683648556471,0.018222667276859283,0.021972601488232612,0.06559723168611527,0.0,0.06945376843214035,0.0,0.26771479845046997
1707,0.005164160765707493,0.018383966013789176,0.02199980616569519,0.06500569507479667,0.0,0.06945900619029999,0.0,0.26771730184555054
1708,0.005189843010157347,0.017458517476916312,0.022856239601969718,0.06633221656084061,0.0,0.06946062296628952,0.0,0.2677205204963684
1709,0.005264097731560469,0.01927032321691513,0.022137561067938804,0.06085367202758789,0.0,0.06946004927158356,0.0,0.2677244544029236
1710,0.00524010956287384,0.01803537495434284,0.021137648075819016,0.06214474961161613,0.0,0.06945402920246124,0.0,0.26772886514663696
1711,0.005259294807910919,0.017343306541442872,0.02123342715203762,0.06456509307026863,0.0,0.06944878399372101,0.0,0.26773351430892944
1712,0.005250145029276609,0.017959368228912354,0.02204124890267849,0.05991251468658447,0.0,0.06944471597671509,0.0,0.2677403390407562
1713,0.005115330312401056,0.018256569653749465,0.019856739044189452,0.058469101786613464,0.0,0.06944163888692856,0.0,0.267747700214386
1714,0.005016767233610153,0.018479649722576142,0.02036677859723568,0.06134333610534668,0.0,0.06943745911121368,0.0,0.26775380969047546
1715,0.005390716623514891,0.01725497730076313,0.022293451800942422,0.060749278962612153,0.0,0.06943315267562866,0.0,0.26775887608528137
1716,0.005022030230611563,0.01907403878867626,0.02150426022708416,0.06447041928768157,0.0,0.06942775100469589,0.0,0.2677634656429291
1717,0.005059248395264148,0.018007967993617056,0.020535896718502044,0.06566804498434067,0.0,0.06942208111286163,0.0,0.26776742935180664
1718,0.005014886520802975,0.01816384680569172,0.021064776927232742,0.06207287982106209,0.0,0.06941653788089752,0.0,0.26777228713035583
1719,0.005304059945046902,0.018034623935818672,0.020531637221574785,0.05979462340474129,0.0,0.06942010670900345,0.0,0.2677766680717468
1720,0.005244175437837839,0.018033911287784577,0.02180567793548107,0.06504029333591461,0.0,0.06942705810070038,0.0,0.2677787244319916
1721,0.00568130575120449,0.01756417527794838,0.02258264645934105,0.05800470784306526,0.0,0.06943682581186295,0.0,0.26777899265289307
1722,0.005315813701599836,0.018549498915672303,0.020593181252479553,0.05851115360856056,0.0,0.06944729387760162,0.0,0.26777997612953186
1723,0.005492714233696461,0.01769136227667332,0.021111945435404778,0.06321860253810882,0.0,0.06946861743927002,0.0,0.26777976751327515
1724,0.004996928572654724,0.017872801423072814,0.020217535272240638,0.0612747423350811,0.0,0.06949350982904434,0.0,0.26777833700180054
1725,0.005312955938279629,0.018438682332634924,0.022473325207829475,0.06427384465932846,0.0,0.0695158913731575,0.0,0.26778051257133484
1726,0.005107047408819199,0.01805589534342289,0.02001090794801712,0.0597897469997406,0.0,0.06953843683004379,0.0,0.2677820026874542
1727,0.004958308767527342,0.017508693411946295,0.02184322215616703,0.06081948727369309,0.0,0.06956074386835098,0.0,0.2677820920944214
1728,0.0052718398161232475,0.01763324998319149,0.02236591912806034,0.057642606645822526,0.0,0.06958385556936264,0.0,0.2677835524082184
1729,0.005284734722226858,0.018998701125383377,0.021665414795279503,0.05664242431521416,0.0,0.06960321962833405,0.0,0.26778486371040344
1730,0.005113206896930933,0.017644934356212616,0.020922191068530084,0.062998728454113,0.0,0.06962326914072037,0.0,0.26778644323349
1731,0.00559004545211792,0.018828031793236732,0.020885234326124193,0.06669004559516907,0.0,0.06963726133108139,0.0,0.26778608560562134
1732,0.005038722045719623,0.017694662883877756,0.02289307489991188,0.06364816054701805,0.0,0.06965092569589615,0.0,0.2677859663963318
1733,0.00508203748613596,0.01778637766838074,0.020010361075401308,0.06309271156787873,0.0,0.0696665570139885,0.0,0.2677861154079437
1734,0.005371875874698162,0.017551411315798758,0.021698328480124474,0.06448738723993301,0.0,0.06968367844820023,0.0,0.2677849233150482
1735,0.005079227220267058,0.017629424482583998,0.02228991687297821,0.05906399339437485,0.0,0.06970217078924179,0.0,0.26778239011764526
1736,0.0052010901272296906,0.017283257469534873,0.02206690199673176,0.059550996869802475,0.0,0.06971988826990128,0.0,0.2677795886993408
1737,0.005453234445303679,0.018215682730078696,0.021703651547431944,0.06316609531641007,0.0,0.06973661482334137,0.0,0.26777487993240356
1738,0.005092865787446499,0.01786547377705574,0.022834963351488113,0.06257071048021316,0.0,0.06974990665912628,0.0,0.26776978373527527
1739,0.00545447263866663,0.017802613601088525,0.021420636028051377,0.06083641201257706,0.0,0.06975919753313065,0.0,0.26776543259620667
1740,0.005075387377291918,0.01815764307975769,0.021886058524250983,0.05860125347971916,0.0,0.06976661831140518,0.0,0.26776114106178284
1741,0.0057390637695789335,0.01914825327694416,0.01989196613430977,0.061874670535326005,0.0,0.06977462768554688,0.0,0.26776039600372314
1742,0.0055636891163885595,0.01741984114050865,0.020924103260040284,0.06041963472962379,0.0,0.069778673350811,0.0,0.267762154340744
1743,0.005395374540239572,0.017229508981108664,0.022043690085411072,0.060009933263063434,0.0,0.0697833001613617,0.0,0.26776474714279175
1744,0.00502807879820466,0.018385040014982222,0.022196435183286668,0.0583844892680645,0.0,0.06978560984134674,0.0,0.2677669823169708
1745,0.004903894849121571,0.01756674163043499,0.022974701970815657,0.05964421778917313,0.0,0.0697852075099945,0.0,0.267767995595932
1746,0.005229066591709852,0.01782318651676178,0.02011651434004307,0.06354096680879592,0.0,0.06978443264961243,0.0,0.26776930689811707
1747,0.0049798419699072834,0.01814228855073452,0.021978962048888207,0.06001301482319832,0.0,0.06978583335876465,0.0,0.26777032017707825
1748,0.005431864596903324,0.01798950619995594,0.02041484825313091,0.06325634121894837,0.0,0.06978513300418854,0.0,0.2677688002586365
1749,0.005162543430924415,0.017591847851872445,0.02148207798600197,0.06325659900903702,0.0,0.06978380680084229,0.0,0.267766535282135
1750,0.0051866921596229075,0.017503435164690016,0.02197452411055565,0.0641363427042961,0.0,0.06978275626897812,0.0,0.26776331663131714
1751,0.004958275984972715,0.01825232170522213,0.022553012892603874,0.059714484959840775,0.0,0.06977903097867966,0.0,0.2677614092826843
1752,0.0052009658887982365,0.018617339059710504,0.02164640389382839,0.06196673959493637,0.0,0.06976912915706635,0.0,0.26776039600372314
1753,0.005544305592775345,0.017786812037229538,0.02279612049460411,0.06542395800352097,0.0,0.06976184993982315,0.0,0.26775938272476196
1754,0.004979432281106711,0.01734354980289936,0.021181625500321388,0.059039133787155154,0.0,0.06975246965885162,0.0,0.2677581310272217
1755,0.005326075199991465,0.017640261724591256,0.023631440475583076,0.06086747795343399,0.0,0.06974320113658905,0.0,0.26775866746902466
1756,0.005248858220875263,0.01777386777102947,0.020528802275657655,0.06169564798474312,0.0,0.06973382085561752,0.0,0.2677602469921112
1757,0.005395581386983395,0.018348366394639014,0.02359180711209774,0.06221092492341995,0.0,0.06972987204790115,0.0,0.26776155829429626
1758,0.00520997429266572,0.017492445558309554,0.021957336366176604,0.06247111484408378,0.0,0.06972497701644897,0.0,0.26776307821273804
1759,0.004810778703540563,0.01771857850253582,0.021521475166082382,0.0587517648935318,0.0,0.06971617043018341,0.0,0.267765611410141
1760,0.005096332170069218,0.017594077438116074,0.022132164984941482,0.06168426498770714,0.0,0.06970803439617157,0.0,0.2677669823169708
1761,0.005445156898349524,0.017392366752028467,0.022667844966053962,0.058557624369859694,0.0,0.06969959288835526,0.0,0.2677665650844574
1762,0.00545228635892272,0.017426389455795287,0.022756998613476753,0.06170670539140701,0.0,0.06968867778778076,0.0,0.26776567101478577
1763,0.00519960094243288,0.018042036145925523,0.020720596238970757,0.06315817460417747,0.0,0.0696759819984436,0.0,0.26776304841041565
1764,0.005511511582881212,0.01807507798075676,0.01998239792883396,0.06207380369305611,0.0,0.06966443359851837,0.0,0.26775750517845154
1765,0.005231157597154379,0.0172648910433054,0.020541149005293847,0.06234773024916649,0.0,0.06964830309152603,0.0,0.26775112748146057
1766,0.004834787733852863,0.01776774264872074,0.023003162816166878,0.06447312235832214,0.0,0.06962985545396805,0.0,0.26774340867996216
1767,0.004987944010645151,0.01735853962600231,0.021185986697673798,0.06283257007598878,0.0,0.0696103423833847,0.0,0.26773738861083984
1768,0.004940957389771938,0.01787515766918659,0.020367707684636117,0.058969097584486006,0.0,0.06959205865859985,0.0,0.26773160696029663
1769,0.00548895001411438,0.017565877363085746,0.021659427508711814,0.06270974352955819,0.0,0.0695742815732956,0.0,0.2677302062511444
1770,0.005125364381819963,0.01810106709599495,0.020635036379098894,0.06142471507191658,0.0,0.0695570707321167,0.0,0.2677285671234131
1771,0.00539530124515295,0.018321413174271585,0.01955607682466507,0.05831029787659645,0.0,0.06954602897167206,0.0,0.2677267789840698
1772,0.005118847079575062,0.01823461167514324,0.021861086040735243,0.06112554669380188,0.0,0.0695292130112648,0.0,0.26772505044937134
1773,0.005240523908287287,0.01837191730737686,0.020492202043533324,0.06139153838157654,0.0,0.06951160728931427,0.0,0.2677215337753296
1774,0.005134154297411442,0.017721058800816536,0.023018892854452133,0.06292694583535194,0.0,0.06949330121278763,0.0,0.2677176892757416
1775,0.005082596186548471,0.01680508814752102,0.02147466391324997,0.061954477429389955,0.0,0.06947065889835358,0.0,0.2677137851715088
1776,0.005076646339148283,0.018606648221611975,0.021566298231482504,0.06001527979969978,0.0,0.06944601237773895,0.0,0.26771020889282227
1777,0.005223770719021558,0.017490987852215766,0.022429120540618897,0.06331178620457649,0.0,0.06942607462406158,0.0,0.2677082419395447
1778,0.0051402107812464235,0.0181413434445858,0.02357906736433506,0.060089347511529924,0.0,0.06940571963787079,0.0,0.26770666241645813
1779,0.005363510735332966,0.01788197159767151,0.021924079209566117,0.06364847123622894,0.0,0.06938698142766953,0.0,0.26770687103271484
1780,0.0050492419861257075,0.01823774613440037,0.020220383256673812,0.05766250938177109,0.0,0.06936999410390854,0.0,0.26770633459091187
1781,0.00497576342895627,0.018139154464006425,0.023234108835458754,0.060911989957094195,0.0,0.0693492516875267,0.0,0.26770633459091187
1782,0.005047195125371218,0.018658015131950378,0.02166207954287529,0.06106306612491608,0.0,0.06933070719242096,0.0,0.2677057087421417
1783,0.004895828198641539,0.018828720971941947,0.024845128506422044,0.05778198316693306,0.0,0.06931499391794205,0.0,0.26770320534706116
1784,0.005141761898994446,0.017521275207400322,0.02200351431965828,0.06334422007203103,0.0,0.06930667906999588,0.0,0.26770180463790894
1785,0.004900766909122467,0.01808837614953518,0.02358725108206272,0.06271511986851692,0.0,0.06929709017276764,0.0,0.267699658870697
1786,0.005253625474870205,0.018243910372257234,0.020290623232722283,0.05858841687440872,0.0,0.06928358227014542,0.0,0.2676964998245239
1787,0.005271061230450869,0.018638425692915916,0.02279873490333557,0.06110390052199364,0.0,0.06927183270454407,0.0,0.26769500970840454
1788,0.005220443941652775,0.017844637483358385,0.02110896147787571,0.0581874705851078,0.0,0.0692628026008606,0.0,0.2676902711391449
1789,0.005170244444161654,0.016959429159760474,0.022055163607001306,0.06222465634346008,0.0,0.06925474107265472,0.0,0.26768431067466736
1790,0.005345274601131678,0.01844533421099186,0.021586594730615617,0.059849930554628374,0.0,0.06924615800380707,0.0,0.26767903566360474
1791,0.00536004900932312,0.018756573647260667,0.022547185048460962,0.06417314931750298,0.0,0.06923983246088028,0.0,0.26767364144325256
1792,0.0051016688346862795,0.01731965094804764,0.020136594027280807,0.06014084070920944,0.0,0.06923570483922958,0.0,0.26766735315322876
1793,0.005424738023430109,0.01732579469680786,0.021477483585476874,0.0613434836268425,0.0,0.06922707706689835,0.0,0.26766034960746765
1794,0.005391020840033889,0.017012971080839635,0.02158380039036274,0.0609581895172596,0.0,0.06921567767858505,0.0,0.2676551938056946
1795,0.00499698193743825,0.018815211206674575,0.022317565232515334,0.0636422500014305,0.0,0.06920322775840759,0.0,0.26765260100364685
1796,0.005210126005113125,0.01780305653810501,0.02382558472454548,0.06448786407709121,0.0,0.0691925510764122,0.0,0.2676524221897125
1797,0.004801841638982296,0.018111702054739,0.021868083626031876,0.059662118554115295,0.0,0.06918296962976456,0.0,0.2676537036895752
1798,0.005183129105716944,0.018519305065274237,0.02256380654871464,0.06144508719444275,0.0,0.06917478889226913,0.0,0.26765549182891846
1799,0.005502500385046005,0.018827069923281668,0.022656089439988137,0.06171524971723556,0.0,0.06916986405849457,0.0,0.2676568925380707
1800,0.00529444245621562,0.01725855693221092,0.020498349517583846,0.06179764643311501,0.0,0.0691661611199379,0.0,0.26765546202659607
1801,0.005710052326321602,0.018547092005610465,0.02222328782081604,0.061977784335613254,0.0,0.06915967166423798,0.0,0.2676541805267334
1802,0.005274207610636949,0.017501511424779893,0.021929540485143662,0.05953978300094605,0.0,0.06915499269962311,0.0,0.2676527202129364
1803,0.0055304174311459064,0.01813378930091858,0.02392703592777252,0.060675591230392456,0.0,0.06914659589529037,0.0,0.267648309469223
1804,0.0051415801048278805,0.017961343750357628,0.021650391817092895,0.062050537765026094,0.0,0.06913597136735916,0.0,0.2676416337490082
1805,0.005402771849185228,0.018115044012665747,0.020906488969922067,0.06131672263145447,0.0,0.06913108378648758,0.0,0.2676365375518799
1806,0.005003206618130207,0.01810046061873436,0.023836636915802956,0.06216135323047638,0.0,0.06912360340356827,0.0,0.26763322949409485
1807,0.005242119450122118,0.01806115508079529,0.02185050807893276,0.05903279334306717,0.0,0.06911902129650116,0.0,0.26762932538986206
1808,0.0053063640370965,0.017366714403033258,0.02214333340525627,0.060648015886545184,0.0,0.06911559402942657,0.0,0.26762455701828003
1809,0.0049056727439165115,0.017886247858405112,0.020900118350982665,0.06068703532218933,0.0,0.06911464035511017,0.0,0.2676200866699219
1810,0.0048025503754615785,0.01718560792505741,0.02043296955525875,0.06247234493494034,0.0,0.06911295652389526,0.0,0.2676158547401428
1811,0.005123956874012947,0.018945370987057685,0.02098270654678345,0.06299087479710579,0.0,0.06911233067512512,0.0,0.26761239767074585
1812,0.005285122618079186,0.01850086487829685,0.02200291454792023,0.06305481642484664,0.0,0.06911151856184006,0.0,0.2676090598106384
1813,0.005118650756776333,0.017719927430152892,0.021822562068700792,0.06283465027809143,0.0,0.06911330670118332,0.0,0.26760658621788025
1814,0.005084405746310949,0.017731286585330963,0.023561595007777214,0.060473110526800156,0.0,0.06911079585552216,0.0,0.2676037847995758
1815,0.005211284942924976,0.018016401305794717,0.022904903814196586,0.06212738752365112,0.0,0.06910935789346695,0.0,0.2676013112068176
1816,0.005035692453384399,0.018133021518588067,0.020941237360239028,0.06351660415530205,0.0,0.06911362707614899,0.0,0.2675999402999878
1817,0.005329812783747912,0.01820509247481823,0.02263726554811001,0.05944962203502655,0.0,0.06911709904670715,0.0,0.2675981819629669
1818,0.004748724400997162,0.018369945511221886,0.023479357734322547,0.060536648333072665,0.0,0.06911526620388031,0.0,0.26760080456733704
1819,0.00502334451302886,0.018596580624580382,0.0204313438385725,0.06620387434959411,0.0,0.06911587715148926,0.0,0.2676016390323639
1820,0.005034415517002344,0.018169784918427467,0.020756831765174864,0.06400122344493867,0.0,0.06911520659923553,0.0,0.2676035463809967
1821,0.004857365787029266,0.0176812756806612,0.021239939704537393,0.0609507717192173,0.0,0.06911252439022064,0.0,0.2676064968109131
1822,0.0048469663597643375,0.01814177744090557,0.021449919790029526,0.06416173353791237,0.0,0.06910425424575806,0.0,0.267609179019928
1823,0.0052098150365054606,0.01773904301226139,0.022533413022756577,0.06039321273565292,0.0,0.06909458339214325,0.0,0.2676125168800354
1824,0.005137448478490114,0.018203315883874895,0.022232760861515998,0.061615271121263505,0.0,0.0690852552652359,0.0,0.2676149904727936
1825,0.005015669297426939,0.01829862706363201,0.020874011516571044,0.06128135696053505,0.0,0.06907524168491364,0.0,0.2676156461238861
1826,0.004836479667574167,0.017301953583955764,0.02238684855401516,0.06162405535578728,0.0,0.0690702497959137,0.0,0.267617791891098
1827,0.005319255404174328,0.01819896139204502,0.02048260234296322,0.06368451416492463,0.0,0.0690661072731018,0.0,0.2676207423210144
1828,0.005489170458167792,0.01859296318143606,0.021584821864962578,0.060210976749658585,0.0,0.06906013190746307,0.0,0.267624169588089
1829,0.00552678843960166,0.01927156001329422,0.02076502740383148,0.06490792632102967,0.0,0.06906161457300186,0.0,0.2676275372505188
1830,0.005353586934506893,0.01774238608777523,0.02091783322393894,0.06390137448906899,0.0,0.06906090676784515,0.0,0.2676319479942322
1831,0.005153086688369513,0.01837008073925972,0.021495609357953072,0.06477701961994171,0.0,0.06905750930309296,0.0,0.26763588190078735
1832,0.0049465361982584,0.01924768164753914,0.021000215038657188,0.06017161011695862,0.0,0.06905390322208405,0.0,0.26763850450515747
1833,0.004959790129214525,0.018215277418494224,0.02401898056268692,0.059745900332927704,0.0,0.06904911994934082,0.0,0.26764097809791565
1834,0.004991937149316073,0.017834005877375603,0.0214582834392786,0.06155590116977692,0.0,0.06904415786266327,0.0,0.2676425576210022
1835,0.005157941579818725,0.018034792318940163,0.021730665862560273,0.06337316036224365,0.0,0.0690390095114708,0.0,0.2676427662372589
1836,0.005324701778590679,0.01831560842692852,0.022416165843605996,0.06197312399744988,0.0,0.06903298944234848,0.0,0.2676399052143097
1837,0.005416130274534225,0.018657245114445685,0.022684504836797716,0.058094725012779236,0.0,0.06903044879436493,0.0,0.26764029264450073
1838,0.005517618544399738,0.018118932843208313,0.023658913001418112,0.06474781185388565,0.0,0.06902559846639633,0.0,0.2676392197608948
1839,0.005082372110337019,0.01765640266239643,0.02229665368795395,0.0620345912873745,0.0,0.06902080774307251,0.0,0.26764050126075745
1840,0.005162197630852461,0.017801576107740403,0.02077705003321171,0.05988118126988411,0.0,0.06901635229587555,0.0,0.267640620470047
1841,0.005519714392721653,0.01693359185010195,0.021109037473797797,0.05935499966144562,0.0,0.0690101608633995,0.0,0.2676375210285187
1842,0.00506299389526248,0.017719437554478645,0.022496366500854494,0.06527073830366134,0.0,0.06900480389595032,0.0,0.26763445138931274
1843,0.005696334969252348,0.018117086961865425,0.019851630553603172,0.06632222086191178,0.0,0.06899653375148773,0.0,0.26763153076171875
1844,0.005508493538945914,0.0175673209130764,0.021475467830896378,0.06031103655695915,0.0,0.06898783147335052,0.0,0.2676278054714203
1845,0.0052672200836241245,0.018050575256347658,0.02139318808913231,0.05671181529760361,0.0,0.06897889822721481,0.0,0.2676238417625427
1846,0.005060611665248871,0.018147991225123405,0.021193036809563637,0.06153232306241989,0.0,0.06897086650133133,0.0,0.26761990785598755
1847,0.005208368320018053,0.01809736341238022,0.02300446927547455,0.06033115237951279,0.0,0.068963922560215,0.0,0.26761654019355774
1848,0.0052942438051104546,0.016815440729260445,0.020742112770676613,0.06231546998023987,0.0,0.06895770877599716,0.0,0.26761454343795776
1849,0.0051713059656322,0.01738306097686291,0.021105089411139488,0.06334510743618012,0.0,0.06894717365503311,0.0,0.2676147520542145
1850,0.004946069978177548,0.018366583809256553,0.023322970420122147,0.058773632347583774,0.0,0.06894083321094513,0.0,0.26761409640312195
1851,0.005241432320326566,0.01882809102535248,0.022387161478400232,0.061312077939510344,0.0,0.06893376260995865,0.0,0.26761394739151
1852,0.004639764875173568,0.018738793209195137,0.021615654975175858,0.05922488495707512,0.0,0.06893127411603928,0.0,0.2676137089729309
1853,0.0052885768935084345,0.018685487285256385,0.021107522025704383,0.06251493990421295,0.0,0.06893318891525269,0.0,0.2676122784614563
1854,0.005205178819596768,0.01824818700551987,0.021355170011520385,0.06001038923859596,0.0,0.06893473863601685,0.0,0.26761096715927124
1855,0.005453292187303305,0.01790868826210499,0.021492930874228478,0.06188063323497772,0.0,0.06893856823444366,0.0,0.2676113247871399
1856,0.005046309716999531,0.018471523001790047,0.020719040557742117,0.062367362529039384,0.0,0.06894567608833313,0.0,0.26761096715927124
1857,0.005002305470407009,0.01709502041339874,0.02077816501259804,0.06397278085350991,0.0,0.06895842403173447,0.0,0.2676106095314026
1858,0.005113270785659552,0.017812107875943183,0.02083406299352646,0.06368594765663146,0.0,0.06896985322237015,0.0,0.2676129937171936
1859,0.004909067135304213,0.01844794899225235,0.02062092162668705,0.061440324783325194,0.0,0.06898210197687149,0.0,0.2676158547401428
1860,0.005222364608198404,0.01776340398937464,0.022423341497778894,0.06877236515283584,0.0,0.06900118291378021,0.0,0.2676190435886383
1861,0.005104738287627697,0.018224716186523438,0.021317656338214874,0.06130969673395157,0.0,0.06901422142982483,0.0,0.2676245868206024
1862,0.005436041112989187,0.01886614374816418,0.024275581538677215,0.06124790906906128,0.0,0.06902606785297394,0.0,0.2676314413547516
1863,0.005266337096691132,0.01827132925391197,0.021103082224726677,0.062891386449337,0.0,0.06904132664203644,0.0,0.2676362097263336
1864,0.00513532804325223,0.018400617688894273,0.02202954888343811,0.0656171627342701,0.0,0.06905942410230637,0.0,0.26764097809791565
1865,0.005356261041015387,0.018563269078731535,0.021345433592796326,0.06327806487679481,0.0,0.06907454878091812,0.0,0.2676444947719574
1866,0.005193124245852232,0.018250047415494918,0.022446630522608757,0.060400448739528656,0.0,0.06909237802028656,0.0,0.26764753460884094
1867,0.005271498020738364,0.017467651143670083,0.021115127950906754,0.061068781465291974,0.0,0.06910791993141174,0.0,0.2676500380039215
1868,0.0051850835792720314,0.01857207268476486,0.021678968891501428,0.06286630108952522,0.0,0.0691213458776474,0.0,0.26764965057373047
1869,0.0050212258473038675,0.01856212578713894,0.02084549516439438,0.06303659081459045,0.0,0.06913265585899353,0.0,0.26764941215515137
1870,0.005107960104942322,0.01883307471871376,0.020844361931085586,0.060371939837932584,0.0,0.06914003938436508,0.0,0.2676481604576111
1871,0.005359397828578949,0.017528212815523147,0.01989334300160408,0.06415926516056061,0.0,0.06914673000574112,0.0,0.2676481008529663
1872,0.005296459048986435,0.01784394271671772,0.022076182812452317,0.05857936292886734,0.0,0.06915333867073059,0.0,0.2676444351673126
1873,0.005085705686360598,0.017702243477106094,0.02245592474937439,0.06290110498666764,0.0,0.06915590912103653,0.0,0.2676406502723694
1874,0.005387809872627258,0.018613025918602942,0.023798429965972902,0.06189290508627891,0.0,0.0691574364900589,0.0,0.26763537526130676
1875,0.0055362522602081295,0.018669866025447845,0.021185528859496115,0.058547597378492355,0.0,0.06915772706270218,0.0,0.2676296830177307
1876,0.005660372227430344,0.017389678210020066,0.023112524673342703,0.06288282796740532,0.0,0.069155752658844,0.0,0.26762843132019043
1877,0.005142034683376551,0.01818547733128071,0.022748955339193345,0.06133412718772888,0.0,0.06915789842605591,0.0,0.2676282823085785
1878,0.00558923976495862,0.018333304673433304,0.020821288600564,0.06132961735129357,0.0,0.0691622942686081,0.0,0.2676292359828949
1879,0.005175687558948994,0.01798211261630058,0.021994905546307564,0.06176435723900795,0.0,0.06916748732328415,0.0,0.267631858587265
1880,0.004902579728513956,0.01756633520126343,0.021523331850767137,0.06378040164709091,0.0,0.06917127966880798,0.0,0.26763567328453064
1881,0.005136656574904919,0.018224797770380975,0.021193099766969682,0.06298188492655754,0.0,0.06917766481637955,0.0,0.26764029264450073
1882,0.004814347438514233,0.017629730701446533,0.023350519686937334,0.06322540417313575,0.0,0.06918209046125412,0.0,0.26764386892318726
1883,0.004979305807501078,0.01836335062980652,0.02076110355556011,0.0652994953095913,0.0,0.06918269395828247,0.0,0.2676491141319275
1884,0.0050755063071846965,0.01828300766646862,0.020644621923565865,0.05738744735717773,0.0,0.06918423622846603,0.0,0.2676545977592468
1885,0.005230125784873962,0.017428274266421795,0.0211755957454443,0.06323273628950118,0.0,0.06918194144964218,0.0,0.2676602005958557
1886,0.004991309810429811,0.018133049085736274,0.02039857245981693,0.06327636688947677,0.0,0.06917665898799896,0.0,0.26766398549079895
1887,0.0049394815228879455,0.018782510608434676,0.02170126624405384,0.05920571535825729,0.0,0.06916671991348267,0.0,0.2676658034324646
1888,0.004953808337450028,0.018543365225195885,0.02282291539013386,0.06601884961128235,0.0,0.06915351003408432,0.0,0.26766687631607056
1889,0.00553796561434865,0.017290788888931274,0.022809639945626257,0.06003823280334473,0.0,0.06913592666387558,0.0,0.2676667869091034
1890,0.005231589265167713,0.01846258118748665,0.020961880683898926,0.05693989545106888,0.0,0.06911556422710419,0.0,0.2676667869091034
1891,0.00551340663805604,0.017237933725118636,0.020419400557875632,0.06280705183744431,0.0,0.06909719854593277,0.0,0.2676655948162079
1892,0.005109393130987882,0.018061599507927895,0.02307305485010147,0.061012358963489534,0.0,0.0690799206495285,0.0,0.26766473054885864
1893,0.00507924696430564,0.017989542707800864,0.02273208983242512,0.06202453151345253,0.0,0.06906678527593613,0.0,0.26766443252563477
1894,0.005036508478224277,0.018069935590028764,0.02161717861890793,0.06660403460264205,0.0,0.0690506175160408,0.0,0.2676641047000885
1895,0.005143138207495212,0.017715523764491082,0.021611693128943444,0.06069334670901298,0.0,0.06903310120105743,0.0,0.2676642835140228
1896,0.005417810846120119,0.01879219152033329,0.021847894042730333,0.0648371160030365,0.0,0.06902316212654114,0.0,0.26766476035118103
1897,0.004958535544574261,0.01837967596948147,0.020044991746544838,0.06523835510015488,0.0,0.06901396811008453,0.0,0.26766544580459595
1898,0.005292832758277655,0.017948932945728302,0.019377298280596734,0.06024227142333984,0.0,0.06900408864021301,0.0,0.2676653563976288
1899,0.00554328253492713,0.017568523436784743,0.02081848382949829,0.06450198441743851,0.0,0.0690000131726265,0.0,0.26766496896743774
1900,0.005461488757282496,0.017720701172947884,0.02150104194879532,0.06070750504732132,0.0,0.0689932331442833,0.0,0.2676659822463989
1901,0.00503302151337266,0.017350352928042413,0.0206980150192976,0.06039988249540329,0.0,0.06898444890975952,0.0,0.26766592264175415
1902,0.00547490045428276,0.017522263154387475,0.021563640609383584,0.061154401302337645,0.0,0.06897468864917755,0.0,0.2676631808280945
1903,0.005149615556001663,0.01756862234324217,0.022450233250856398,0.06157233938574791,0.0,0.0689629465341568,0.0,0.2676616609096527
1904,0.005451606772840023,0.018087825924158096,0.021570388972759248,0.0668773002922535,0.0,0.06895194947719574,0.0,0.26766079664230347
1905,0.005104021076112986,0.0184037234634161,0.022392885759472847,0.06098486185073852,0.0,0.06894301623106003,0.0,0.26766064763069153
1906,0.005182424746453762,0.018435480445623396,0.021826570853590965,0.058723727613687514,0.0,0.06893699616193771,0.0,0.2676602005958557
1907,0.005357680842280388,0.018832909315824507,0.022437725588679312,0.06349567994475365,0.0,0.06893016397953033,0.0,0.267659455537796
1908,0.005182934645563364,0.01785017065703869,0.02114309333264828,0.0647594965994358,0.0,0.06892263144254684,0.0,0.26765987277030945
1909,0.004944195691496134,0.017526349052786827,0.02104683220386505,0.06229024082422256,0.0,0.0689224898815155,0.0,0.26765838265419006
1910,0.0051707163453102115,0.018206152692437173,0.020933950319886208,0.06119397655129433,0.0,0.0689210444688797,0.0,0.2676585912704468
1911,0.005145128816366196,0.017575201019644736,0.02201208397746086,0.062447864562273026,0.0,0.0689191222190857,0.0,0.2676588296890259
1912,0.005059655383229255,0.017119968309998512,0.022285132110118865,0.0637849360704422,0.0,0.06891870498657227,0.0,0.2676592469215393
1913,0.005330593511462212,0.017757805436849593,0.02246686853468418,0.0658525638282299,0.0,0.06891857087612152,0.0,0.267659068107605
1914,0.004840217996388674,0.0182191152125597,0.02288491316139698,0.062879179418087,0.0,0.06891290843486786,0.0,0.26766201853752136
1915,0.005120027530938387,0.01794648990035057,0.021944981440901755,0.06210986971855163,0.0,0.06891408562660217,0.0,0.26766568422317505
1916,0.00515431622043252,0.018850823119282722,0.022058527544140817,0.05774963200092316,0.0,0.06891251355409622,0.0,0.2676664888858795
1917,0.005102673918008805,0.01785176172852516,0.01936863251030445,0.06275645643472672,0.0,0.06891535967588425,0.0,0.2676665186882019
1918,0.005159577634185552,0.018315548822283746,0.023481234535574914,0.06321560144424439,0.0,0.06891684234142303,0.0,0.2676672637462616
1919,0.005670758243650198,0.017696981877088548,0.019739385694265366,0.060344932973384856,0.0,0.06892458349466324,0.0,0.26766517758369446
1920,0.005031011160463094,0.01846896968781948,0.021409309282898904,0.06148901209235191,0.0,0.06893099099397659,0.0,0.26766401529312134
1921,0.004959708452224732,0.018620121479034423,0.022686046734452247,0.06203112155199051,0.0,0.06894038617610931,0.0,0.2676621377468109
1922,0.00505209993571043,0.01837952993810177,0.021650781854987144,0.06443558484315873,0.0,0.06894752383232117,0.0,0.26765865087509155
1923,0.00514278830960393,0.017946334183216096,0.021114642173051833,0.05967663452029228,0.0,0.0689602643251419,0.0,0.2676556706428528
1924,0.00483524315059185,0.018940523639321326,0.02252364493906498,0.05821424275636673,0.0,0.06897072494029999,0.0,0.26765570044517517
1925,0.005116899777203798,0.018815601244568825,0.02028530426323414,0.06286814659833909,0.0,0.06897593289613724,0.0,0.2676582932472229
1926,0.005168168619275093,0.018262213468551634,0.02188844680786133,0.06214892193675041,0.0,0.0689818412065506,0.0,0.26765984296798706
1927,0.005262045841664076,0.01777093280106783,0.021992755681276323,0.06260397210717202,0.0,0.0689823254942894,0.0,0.2676621675491333
1928,0.005168814398348332,0.018078893050551416,0.01948855072259903,0.06356405541300773,0.0,0.06898171454668045,0.0,0.2676655054092407
1929,0.005041359085589647,0.016685607843101025,0.023799823597073555,0.06335411220788956,0.0,0.06898004561662674,0.0,0.26767054200172424
1930,0.005124448146671057,0.017904356867074967,0.02186550199985504,0.06452996432781219,0.0,0.06897755712270737,0.0,0.26767340302467346
1931,0.00521790636703372,0.017649652436375618,0.020156580954790115,0.06372221857309342,0.0,0.06897398084402084,0.0,0.2676781713962555
1932,0.005542018543928861,0.018370620906352997,0.022070349752902986,0.06312506347894668,0.0,0.06896429508924484,0.0,0.2676805257797241
1933,0.005159266013652086,0.018462156131863593,0.02257566750049591,0.06313422694802284,0.0,0.06895407289266586,0.0,0.2676818370819092
1934,0.005144158937036991,0.01854281350970268,0.022480829432606698,0.06461861804127693,0.0,0.06894855201244354,0.0,0.2676815688610077
1935,0.005138726532459259,0.017403246462345125,0.0220807071775198,0.06121986508369446,0.0,0.06894702464342117,0.0,0.2676801085472107
1936,0.005458190664649009,0.017649719119071962,0.020756661146879195,0.061817781627178194,0.0,0.06894192099571228,0.0,0.26767903566360474
1937,0.0054651802405714985,0.018004220724105836,0.024886203929781914,0.06262990087270737,0.0,0.06893453001976013,0.0,0.2676774859428406
1938,0.005161673203110695,0.01789214424788952,0.021790512651205064,0.05742694362998009,0.0,0.06892833858728409,0.0,0.2676760256290436
1939,0.005091781634837389,0.018219015374779702,0.022251446917653083,0.06115766316652298,0.0,0.06892199069261551,0.0,0.26767343282699585
1940,0.005290141142904758,0.017925005964934827,0.02210412211716175,0.06232220977544785,0.0,0.06891358643770218,0.0,0.2676711678504944
1941,0.005125174950808287,0.018180979415774345,0.02133015766739845,0.058864278346300127,0.0,0.0689043253660202,0.0,0.2676679790019989
1942,0.005246747937053442,0.018627479672431946,0.022641056776046754,0.06069466471672058,0.0,0.06889815628528595,0.0,0.26766660809516907
1943,0.005027703754603863,0.01787298209965229,0.02201663926243782,0.06412560120224953,0.0,0.06889522820711136,0.0,0.26766782999038696
1944,0.005369751248508692,0.017702465131878852,0.021713076904416085,0.06397180855274201,0.0,0.06889180094003677,0.0,0.26766902208328247
1945,0.005133919604122639,0.018001119792461395,0.021535205841064452,0.06798508241772652,0.0,0.06888631731271744,0.0,0.2676706314086914
1946,0.005010040197521448,0.018479472026228905,0.020495296642184257,0.060881154239177705,0.0,0.06887691468000412,0.0,0.26767033338546753
1947,0.004969645943492651,0.018126325309276582,0.020826179534196854,0.06069120168685913,0.0,0.0688672661781311,0.0,0.26766911149024963
1948,0.005128729250282049,0.018113573640584947,0.022621722519397737,0.06332069411873817,0.0,0.06885633617639542,0.0,0.26766666769981384
1949,0.005201150756329298,0.01799454167485237,0.02143740691244602,0.06041262075304985,0.0,0.06884437799453735,0.0,0.2676636278629303
1950,0.005494730174541473,0.01842038705945015,0.02090626284480095,0.06175844222307205,0.0,0.06883237510919571,0.0,0.26766031980514526
1951,0.005483047105371952,0.018541426584124564,0.02105707712471485,0.060329747200012204,0.0,0.06882281601428986,0.0,0.2676548659801483
1952,0.005204345472157002,0.018388989567756652,0.023080817237496377,0.06291301175951958,0.0,0.06881409883499146,0.0,0.2676483690738678
1953,0.004971438553184271,0.01872391551733017,0.02308087646961212,0.060596147924661635,0.0,0.06880873441696167,0.0,0.26764169335365295
1954,0.0052730156108736995,0.017613736912608147,0.020217129215598106,0.06081109791994095,0.0,0.06880442053079605,0.0,0.2676366865634918
1955,0.005535935238003731,0.01847474239766598,0.021408357471227647,0.06350038647651672,0.0,0.06880098581314087,0.0,0.26763278245925903
1956,0.005209069326519966,0.01749860346317291,0.020824314281344413,0.06166711449623108,0.0,0.068806491792202,0.0,0.26763030886650085
1957,0.005133733805269003,0.018286532536149026,0.021680805087089538,0.061132106184959414,0.0,0.06881821155548096,0.0,0.26762816309928894
1958,0.0053016047924757,0.018858399614691733,0.02148102819919586,0.0609818696975708,0.0,0.06883236020803452,0.0,0.26762837171554565
1959,0.005155964754521847,0.018233632668852806,0.022428274154663086,0.06718984767794609,0.0,0.06884892284870148,0.0,0.26762884855270386
1960,0.005451441369950771,0.018132514879107477,0.022129065170884133,0.06151923313736916,0.0,0.06887266784906387,0.0,0.267630398273468
1961,0.00532849533483386,0.01779334507882595,0.019957664981484415,0.062035015970468524,0.0,0.0688944086432457,0.0,0.26763206720352173
1962,0.005227820482105017,0.017923447862267496,0.02287939190864563,0.061534988880157473,0.0,0.06891091912984848,0.0,0.26763394474983215
1963,0.005370053835213185,0.017419752106070517,0.02022413108497858,0.06268733516335487,0.0,0.06892342865467072,0.0,0.26763564348220825
1964,0.005048206262290478,0.017163752764463424,0.022600240632891656,0.05547319278120995,0.0,0.06893394142389297,0.0,0.26763519644737244
1965,0.00540921064093709,0.017970684729516507,0.022426677122712135,0.061228391528129575,0.0,0.06894437223672867,0.0,0.2676337957382202
1966,0.005433669500052929,0.017545276135206223,0.021754342317581176,0.06298872977495193,0.0,0.0689564123749733,0.0,0.2676318287849426
1967,0.005275711044669151,0.017801282927393913,0.022574004530906678,0.0613163597881794,0.0,0.06897015869617462,0.0,0.2676282823085785
1968,0.00499799670651555,0.018508463725447656,0.022764622047543526,0.059064609557390214,0.0,0.06897856295108795,0.0,0.2676253318786621
1969,0.004975501820445061,0.018271146342158318,0.02013748437166214,0.06536271944642066,0.0,0.06898917257785797,0.0,0.267622172832489
1970,0.005398331861943007,0.01782364211976528,0.020475999638438224,0.05735470727086067,0.0,0.06899907439947128,0.0,0.26761895418167114
1971,0.005916430428624153,0.01844293363392353,0.022106847912073135,0.06312001422047615,0.0,0.06900686025619507,0.0,0.2676159739494324
1972,0.005340442527085543,0.01860492452979088,0.02227107509970665,0.059305590391159055,0.0,0.06901593506336212,0.0,0.26761192083358765
1973,0.004916707798838615,0.018334028869867326,0.02215934209525585,0.059993276745080946,0.0,0.0690227597951889,0.0,0.26760897040367126
1974,0.005065834522247315,0.01680484153330326,0.02222171127796173,0.060864038020372394,0.0,0.06902973353862762,0.0,0.2676054835319519
1975,0.0049446715973317625,0.018184401839971543,0.022136196494102478,0.06331507191061973,0.0,0.06903316080570221,0.0,0.26760149002075195
1976,0.0049470200203359125,0.018239744007587433,0.022067765519022942,0.061527714133262634,0.0,0.06904102861881256,0.0,0.2675973176956177
1977,0.005030146520584822,0.018518083915114402,0.020452264323830606,0.060599806159734725,0.0,0.06905537843704224,0.0,0.2675900459289551
1978,0.005496598035097122,0.017831390351057054,0.02133116088807583,0.06253531873226166,0.0,0.06906832009553909,0.0,0.2675819993019104
1979,0.0051831998862326145,0.018061106279492378,0.020476428046822547,0.06277660131454468,0.0,0.069083072245121,0.0,0.2675744593143463
1980,0.005489503964781761,0.017868887260556222,0.022180725634098054,0.06520887911319732,0.0,0.06909392774105072,0.0,0.267566978931427
1981,0.004748355783522129,0.018185406923294067,0.023725044354796408,0.06345853358507156,0.0,0.06910794228315353,0.0,0.2675592303276062
1982,0.005441759061068296,0.017903060466051102,0.020602093636989595,0.06168188899755478,0.0,0.06912350654602051,0.0,0.2675515115261078
1983,0.005112377367913723,0.01844402216374874,0.023164268210530282,0.0656415268778801,0.0,0.06913695484399796,0.0,0.26754289865493774
1984,0.005123610608279705,0.018288678862154482,0.021427316963672637,0.06398834064602851,0.0,0.06915745139122009,0.0,0.2675381004810333
1985,0.005296302679926157,0.018141624331474305,0.021271762624382972,0.059823720902204516,0.0,0.06918448954820633,0.0,0.26753535866737366
1986,0.005000252649188042,0.018626097217202188,0.021267299354076386,0.06477913856506348,0.0,0.0692109614610672,0.0,0.2675352394580841
1987,0.005188938137143851,0.018407673761248588,0.021112927049398423,0.06215977668762207,0.0,0.06923258304595947,0.0,0.2675371766090393
1988,0.004679349437355995,0.01765857208520174,0.0227639302611351,0.06309336796402931,0.0,0.06925295293331146,0.0,0.267538458108902
1989,0.004837230127304792,0.017960324138402938,0.020505234971642493,0.058603256940841675,0.0,0.06926928460597992,0.0,0.26754066348075867
1990,0.004809367563575506,0.017847686633467676,0.020430495589971544,0.06226152628660202,0.0,0.06928278505802155,0.0,0.26754146814346313
1991,0.00511189429089427,0.017979801818728446,0.021921157091856002,0.059362977743148804,0.0,0.0692952498793602,0.0,0.2675408124923706
1992,0.005271743144840002,0.017131015472114087,0.020827259868383408,0.06438225582242012,0.0,0.06930787861347198,0.0,0.2675383985042572
1993,0.005291250068694353,0.018213172256946564,0.021420734375715254,0.05756879597902298,0.0,0.06932348757982254,0.0,0.2675367295742035
1994,0.005063947662711144,0.017502032779157163,0.020622877404093742,0.06442324668169022,0.0,0.06933824717998505,0.0,0.26753491163253784
1995,0.0049134411849081515,0.01791233941912651,0.022721999883651735,0.06407539993524551,0.0,0.06935250014066696,0.0,0.26753175258636475
1996,0.005153892748057842,0.019115137308835982,0.021444593742489814,0.061528447270393374,0.0,0.06936920434236526,0.0,0.26752912998199463
1997,0.005323226470500231,0.017717993631958962,0.022490639612078665,0.06610850691795349,0.0,0.06938476860523224,0.0,0.267530232667923
1998,0.00518516656011343,0.01756969504058361,0.024057260155677794,0.06060149297118187,0.0,0.06940220296382904,0.0,0.26753151416778564
1999,0.005107047501951456,0.017110251635313035,0.021983740478754045,0.05970854088664055,0.0,0.06941103935241699,0.0,0.2675350308418274
2000,0.005243454873561859,0.018094653636217116,0.02307504937052727,0.05881944969296456,0.0,0.0694173127412796,0.0,0.2675383388996124
2001,0.005410574842244387,0.017862290516495703,0.02278493493795395,0.05777387991547585,0.0,0.06942486763000488,0.0,0.26754245162010193
2002,0.005114918388426304,0.01802341490983963,0.021154791116714478,0.06259127631783486,0.0,0.06943166255950928,0.0,0.26754575967788696
2003,0.005492875538766384,0.01859894208610058,0.020779259130358697,0.065298530459404,0.0,0.06943798065185547,0.0,0.26754918694496155
2004,0.005275384895503521,0.017581721395254137,0.020438947901129722,0.05982127338647843,0.0,0.06945271790027618,0.0,0.2675519287586212
2005,0.005752942711114884,0.01862676180899143,0.0216945119202137,0.061640423536300656,0.0,0.0694640502333641,0.0,0.2675538957118988
2006,0.004904250521212817,0.01816803403198719,0.020764737948775293,0.05933046489953995,0.0,0.06947652995586395,0.0,0.26755601167678833
2007,0.004976322129368782,0.018307309970259665,0.019940507411956788,0.06150413230061531,0.0,0.0694860965013504,0.0,0.26755866408348083
2008,0.005561123322695494,0.017532695084810257,0.02128736525774002,0.06393061354756355,0.0,0.06949492543935776,0.0,0.2675609886646271
2009,0.005237323045730591,0.019032279774546624,0.02146979793906212,0.06211491823196411,0.0,0.06950738281011581,0.0,0.26756495237350464
2010,0.005228539556264877,0.019094742089509963,0.02283585034310818,0.05913076847791672,0.0,0.06952256709337234,0.0,0.2675694525241852
2011,0.005512879230082035,0.019079576805233957,0.0210373654961586,0.061373355239629744,0.0,0.06954037398099899,0.0,0.2675732672214508
2012,0.005115450546145439,0.01734783761203289,0.022789600118994714,0.0605285994708538,0.0,0.06956206262111664,0.0,0.26757606863975525
2013,0.005265944078564644,0.01923244521021843,0.02199515774846077,0.06220771223306656,0.0,0.06957807391881943,0.0,0.2675771713256836
2014,0.00493902238085866,0.018715711683034895,0.02163843996822834,0.05838446617126465,0.0,0.06958827376365662,0.0,0.26757749915122986
2015,0.005250508803874255,0.018627036735415457,0.022047923132777213,0.061734951287508014,0.0,0.06959708034992218,0.0,0.26757413148880005
2016,0.005457482486963272,0.01870574615895748,0.02150411270558834,0.058229027688503264,0.0,0.06960288435220718,0.0,0.2675696909427643
2017,0.004758516419678926,0.01803596392273903,0.021872832998633386,0.06497661545872688,0.0,0.06961344927549362,0.0,0.2675648629665375
2018,0.005746879987418652,0.017502902820706368,0.024076289683580398,0.059455285966396335,0.0,0.06962215155363083,0.0,0.26755809783935547
2019,0.005161789339035749,0.018041719868779182,0.02149656042456627,0.060147471725940704,0.0,0.0696301981806755,0.0,0.26755043864250183
2020,0.005455136764794588,0.018351692333817483,0.02088361158967018,0.06256470829248428,0.0,0.06963755190372467,0.0,0.2675440013408661
2021,0.005259713996201754,0.017682188749313356,0.022877177223563194,0.06172825694084168,0.0,0.06964589655399323,0.0,0.26754021644592285
2022,0.005030911788344384,0.017826038226485253,0.021515854820609092,0.06137472614645958,0.0,0.06965644657611847,0.0,0.26753830909729004
2023,0.005299799609929323,0.017914216965436935,0.022835025936365126,0.06056326180696488,0.0,0.06966588646173477,0.0,0.2675393223762512
2024,0.005185007303953171,0.017887405678629877,0.022411126643419266,0.06386636644601822,0.0,0.0696784183382988,0.0,0.2675402760505676
2025,0.005298431776463985,0.018044504895806314,0.020816973224282265,0.063493961840868,0.0,0.069689080119133,0.0,0.26754075288772583
2026,0.005297864880412817,0.01807815656065941,0.02188262902200222,0.0629444882273674,0.0,0.069696806371212,0.0,0.26754453778266907
2027,0.005267973802983761,0.017470500990748407,0.021755800023674964,0.06170496493577957,0.0,0.06970252096652985,0.0,0.2675478458404541
2028,0.005099285207688808,0.018468457832932474,0.02235606499016285,0.06290268450975418,0.0,0.06970556825399399,0.0,0.2675516605377197
2029,0.005218115262687206,0.017445657029747964,0.021829274669289588,0.06526476815342903,0.0,0.06970962882041931,0.0,0.267553448677063
2030,0.005228671245276928,0.017712315917015074,0.02048439159989357,0.06215967684984207,0.0,0.06971476972103119,0.0,0.26755374670028687
2031,0.0050498489290475845,0.017466844618320466,0.02173038385808468,0.06370892971754075,0.0,0.06971599161624908,0.0,0.2675524353981018
2032,0.0054471873678267006,0.017757313326001167,0.022150255367159845,0.06344771087169647,0.0,0.06971295922994614,0.0,0.26755306124687195
2033,0.005074409674853087,0.018278136476874353,0.023386867716908455,0.06107970327138901,0.0,0.0697045847773552,0.0,0.26755404472351074
2034,0.00535705741494894,0.017642292380332946,0.021518173068761824,0.0617975115776062,0.0,0.06969653069972992,0.0,0.26755842566490173
2035,0.0048743696883320805,0.017712665349245073,0.022541679441928864,0.06499502211809158,0.0,0.06968758255243301,0.0,0.2675623297691345
2036,0.005219606030732393,0.017397360503673555,0.02231085076928139,0.06273620054125786,0.0,0.06967604905366898,0.0,0.26756495237350464
2037,0.004982136376202107,0.01805737428367138,0.021679668128490447,0.061778494715690614,0.0,0.06966573745012283,0.0,0.2675677537918091
2038,0.005133495572954417,0.018856701254844666,0.021610035002231597,0.06384351626038551,0.0,0.06965412199497223,0.0,0.26757103204727173
2039,0.005581200588494539,0.018527118116617204,0.02251676209270954,0.06581268459558487,0.0,0.06964503973722458,0.0,0.2675754427909851
2040,0.005266246013343334,0.018487513437867163,0.021410772949457167,0.06356794238090516,0.0,0.06963957846164703,0.0,0.26758021116256714
2041,0.005293655954301357,0.017612233757972717,0.020676573738455772,0.06265487745404244,0.0,0.0696425661444664,0.0,0.2675856351852417
2042,0.005124044883996248,0.018710430711507797,0.022060566022992133,0.05930580571293831,0.0,0.06964579969644547,0.0,0.2675912082195282
2043,0.005308620072901249,0.018620769679546356,0.02191096991300583,0.06143988221883774,0.0,0.06964925676584244,0.0,0.2675970196723938
2044,0.005177865270525217,0.018500810861587523,0.019596339389681815,0.05984052196145058,0.0,0.06965408474206924,0.0,0.26760268211364746
2045,0.0055883445776998995,0.01760755255818367,0.022177106142044066,0.061782515794038775,0.0,0.06965941190719604,0.0,0.26760774850845337
2046,0.0051625936292111875,0.018654206395149232,0.02129147872328758,0.061626723408699034,0.0,0.06966247409582138,0.0,0.26761144399642944
2047,0.0050642196089029316,0.01790425144135952,0.023057133704423905,0.06163885369896889,0.0,0.06966308504343033,0.0,0.26761594414711
2048,0.004777678567916155,0.01800294890999794,0.022821182385087013,0.05890656858682632,0.0,0.06966166198253632,0.0,0.26761919260025024
2049,0.0055422626435756685,0.018044103309512137,0.021044174581766127,0.06297060325741768,0.0,0.06965895742177963,0.0,0.26762086153030396
2050,0.005097300559282303,0.019107594341039657,0.02197297029197216,0.0646183542907238,0.0,0.06965389847755432,0.0,0.2676223814487457
2051,0.00499385753646493,0.01711174286901951,0.020125782862305642,0.060782197117805484,0.0,0.06965510547161102,0.0,0.2676219642162323
2052,0.005055136326700449,0.018105435371398925,0.022670765966176988,0.06234129592776298,0.0,0.06965994834899902,0.0,0.2676205039024353
2053,0.005012596677988768,0.018085514754056932,0.022447844967246056,0.059305091947317125,0.0,0.06966321915388107,0.0,0.26761823892593384
2054,0.004995581042021513,0.017915184050798415,0.020969771221280097,0.05905926451086998,0.0,0.06966115534305573,0.0,0.267615407705307
2055,0.005167747661471367,0.018774453178048135,0.022529243677854537,0.06441805213689804,0.0,0.06965558230876923,0.0,0.26761385798454285
2056,0.005665280669927597,0.017162238620221613,0.021219906583428382,0.0630336120724678,0.0,0.06965145468711853,0.0,0.2676139175891876
2057,0.005007043387740851,0.017762602120637894,0.02325773946940899,0.06316022500395775,0.0,0.06964702904224396,0.0,0.2676124572753906
2058,0.005346842296421528,0.017368162237107753,0.022532759234309196,0.06443746536970138,0.0,0.06964452564716339,0.0,0.26761049032211304
2059,0.005366154853254557,0.017375927418470383,0.01958291605114937,0.059928986430168155,0.0,0.06963962316513062,0.0,0.2676072120666504
2060,0.005258117523044348,0.017556897550821304,0.021463423594832422,0.06343456134200096,0.0,0.06963599473237991,0.0,0.2676055133342743
2061,0.005092404689639807,0.018351849541068076,0.021894674003124236,0.06142185106873512,0.0,0.06963101774454117,0.0,0.26760396361351013
2062,0.00512870866805315,0.01799303703010082,0.02227173186838627,0.06343792751431465,0.0,0.06963060796260834,0.0,0.2676042318344116
2063,0.005156229715794325,0.018544266745448113,0.022851715981960296,0.06188095211982727,0.0,0.06962312757968903,0.0,0.2676055133342743
2064,0.005057034268975258,0.017716802284121515,0.02133350782096386,0.06290834620594979,0.0,0.06961820274591446,0.0,0.26760634779930115
2065,0.005243099853396415,0.01855904497206211,0.021100934594869614,0.06676853224635124,0.0,0.06961150467395782,0.0,0.2676078677177429
2066,0.005167726892977953,0.01763830818235874,0.02181638404726982,0.05994204580783844,0.0,0.0696001797914505,0.0,0.267610102891922
2067,0.005180861055850983,0.018125731125473978,0.02075754702091217,0.06166232973337173,0.0,0.0695866271853447,0.0,0.2676108479499817
2068,0.005375673063099384,0.01819085218012333,0.021647118777036668,0.05863649547100067,0.0,0.06957340240478516,0.0,0.2676123082637787
2069,0.0053833859972655775,0.01893080212175846,0.02032039873301983,0.06504875421524048,0.0,0.06956454366445541,0.0,0.26761293411254883
2070,0.0054849226027727125,0.016807834804058074,0.022613102942705153,0.06058145388960838,0.0,0.06956176459789276,0.0,0.26761379837989807
2071,0.005579169746488333,0.017590179294347762,0.021407191082835196,0.06044922173023224,0.0,0.06955889612436295,0.0,0.26761409640312195
2072,0.00576607184484601,0.01705973520874977,0.021492839977145194,0.061923225224018094,0.0,0.06955845654010773,0.0,0.26761502027511597
2073,0.0054416019469499585,0.017125689424574375,0.022078293561935424,0.058198796957731246,0.0,0.06955572217702866,0.0,0.26761436462402344
2074,0.004919563792645932,0.01781294271349907,0.022125231102108955,0.06190553158521652,0.0,0.06955327093601227,0.0,0.2676137387752533
2075,0.005342380423098802,0.018416808918118477,0.023213790729641914,0.060943061113357545,0.0,0.06955130398273468,0.0,0.26761242747306824
2076,0.0052733332850039005,0.018113208189606666,0.02194078266620636,0.06012658700346947,0.0,0.06955122947692871,0.0,0.26760998368263245
2077,0.005051183328032493,0.01856042481958866,0.02240595780313015,0.05897568017244339,0.0,0.06955011188983917,0.0,0.26760631799697876
2078,0.004952450469136238,0.018067457154393195,0.02231415957212448,0.06227024272084236,0.0,0.06955240666866302,0.0,0.2676028609275818
2079,0.004989729542285204,0.017225401289761067,0.02169061452150345,0.06094942539930344,0.0,0.06955308467149734,0.0,0.2676005959510803
2080,0.005453640036284924,0.01838318631052971,0.02118142507970333,0.06192945390939712,0.0,0.06954959034919739,0.0,0.26759761571884155
2081,0.0053463073447346686,0.018929039314389228,0.02165742851793766,0.05836516171693802,0.0,0.06954497843980789,0.0,0.26759615540504456
2082,0.005043297540396452,0.016764606162905694,0.019774672761559486,0.06163514629006386,0.0,0.0695442259311676,0.0,0.2675933241844177
2083,0.005159684829413891,0.017712322995066643,0.01997775211930275,0.06362080797553063,0.0,0.06954319775104523,0.0,0.2675923705101013
2084,0.005241908039897681,0.017967746406793595,0.022413192316889763,0.05908212810754776,0.0,0.069541797041893,0.0,0.26759278774261475
2085,0.005551582667976618,0.018060169368982314,0.021265662834048273,0.0641822062432766,0.0,0.0695379227399826,0.0,0.26759210228919983
2086,0.005376146547496319,0.017589289322495462,0.021344934403896332,0.06114626452326775,0.0,0.06953723728656769,0.0,0.2675923705101013
2087,0.00512221148237586,0.017905478924512865,0.022672249376773833,0.06306661367416382,0.0,0.06953505426645279,0.0,0.2675916254520416
2088,0.004875629115849734,0.018077211827039717,0.022189977765083312,0.060169633477926254,0.0,0.06953012198209763,0.0,0.26759034395217896
2089,0.005506437085568905,0.018220365792512894,0.023998396843671797,0.060460037738084796,0.0,0.06952675431966782,0.0,0.2675893306732178
2090,0.0048751323483884335,0.017440856620669364,0.020788984000682832,0.0616871103644371,0.0,0.06952263414859772,0.0,0.2675873637199402
2091,0.005574571527540683,0.017630715295672415,0.022650435194373132,0.06515549123287201,0.0,0.06951651722192764,0.0,0.26758578419685364
2092,0.005368456337600946,0.017635158076882363,0.02315983660519123,0.05704135298728943,0.0,0.06950847059488297,0.0,0.26758307218551636
2093,0.005382837262004614,0.01773126609623432,0.02201411724090576,0.0610338106751442,0.0,0.06950066983699799,0.0,0.26757949590682983
2094,0.00533065153285861,0.017533212155103683,0.021173997968435287,0.061540843546390535,0.0,0.06949043273925781,0.0,0.2675769627094269
2095,0.004848401248455048,0.017637233808636667,0.021853847801685332,0.06475818827748299,0.0,0.06948065757751465,0.0,0.2675740122795105
2096,0.0053545994684100155,0.017506274953484537,0.021019752696156503,0.061397412419319154,0.0,0.06946884095668793,0.0,0.2675730586051941
2097,0.0051755431108176705,0.017552821338176726,0.02202658765017986,0.05987247005105019,0.0,0.06945633143186569,0.0,0.26757216453552246
2098,0.005006238352507353,0.01787784546613693,0.021583399176597594,0.06540150195360184,0.0,0.06944060325622559,0.0,0.2675701975822449
2099,0.0052204480394721035,0.018206081911921503,0.021352257952094077,0.0630695454776287,0.0,0.06942102313041687,0.0,0.2675667405128479
2100,0.005571512505412102,0.017778416723012926,0.02006622664630413,0.06128392741084099,0.0,0.0694049820303917,0.0,0.2675628662109375
2101,0.004933579731732607,0.017714452743530274,0.021938496455550193,0.061690589785575865,0.0,0.06938601285219193,0.0,0.26755836606025696
2102,0.005503450147807598,0.018195243924856185,0.023412256315350533,0.05960219278931618,0.0,0.06937537342309952,0.0,0.2675553560256958
2103,0.005311310011893511,0.01807164363563061,0.02125997021794319,0.06442942917346954,0.0,0.06936611235141754,0.0,0.26755279302597046
2104,0.005006144382059574,0.0182966697961092,0.022261684015393256,0.05952309221029282,0.0,0.06935976445674896,0.0,0.2675527036190033
2105,0.005417353101074695,0.017637983709573746,0.021635842323303223,0.06198572590947151,0.0,0.069353848695755,0.0,0.26755380630493164
2106,0.005011465400457382,0.01818232759833336,0.01934434436261654,0.05966204181313515,0.0,0.06934506446123123,0.0,0.2675568461418152
2107,0.0053193698637187484,0.01817392446100712,0.020264387875795365,0.06155368536710739,0.0,0.06933633238077164,0.0,0.2675583064556122
2108,0.005020450614392757,0.018030934780836106,0.022355140000581742,0.06167011484503746,0.0,0.06932578235864639,0.0,0.2675584554672241
2109,0.005052556470036507,0.018001194670796396,0.022246318683028222,0.06367103531956672,0.0,0.06931287050247192,0.0,0.26755625009536743
2110,0.004930590931326151,0.017763451486825944,0.02217767797410488,0.06439322158694268,0.0,0.06929894536733627,0.0,0.26755234599113464
2111,0.00474474816583097,0.018415452912449837,0.02256436161696911,0.0635467879474163,0.0,0.0692855641245842,0.0,0.26755037903785706
2112,0.005196760222315788,0.017762596905231475,0.021146082133054734,0.05923992544412613,0.0,0.06927522271871567,0.0,0.26755017042160034
2113,0.00504558440297842,0.01928558647632599,0.022413212805986404,0.0604326918721199,0.0,0.0692620500922203,0.0,0.26755228638648987
2114,0.004991214349865913,0.01818533316254616,0.021948566287755968,0.06498311385512352,0.0,0.06925352662801743,0.0,0.2675556242465973
2115,0.005385701917111874,0.0174154469743371,0.021632483601570128,0.06122690439224243,0.0,0.06924445927143097,0.0,0.2675561308860779
2116,0.004809790477156639,0.01792498677968979,0.02132357284426689,0.05825657621026039,0.0,0.06923525035381317,0.0,0.26755601167678833
2117,0.004819931276142597,0.017603248357772827,0.021239959448575974,0.05868886187672615,0.0,0.06922386586666107,0.0,0.26755470037460327
2118,0.005386847630143165,0.018727130815386774,0.02258550301194191,0.061384526640176774,0.0,0.06921140104532242,0.0,0.26755648851394653
2119,0.005209977552294731,0.018673365563154222,0.022805004939436914,0.05935668274760246,0.0,0.06920334696769714,0.0,0.2675585448741913
2120,0.005479568336158991,0.018158137798309326,0.022600561007857324,0.06084347292780876,0.0,0.06919880956411362,0.0,0.26755982637405396
2121,0.0054173354059457775,0.01856275387108326,0.021770324930548667,0.06447921320796013,0.0,0.06919358670711517,0.0,0.2675601541996002
2122,0.00514762569218874,0.018763913586735726,0.02140681818127632,0.05974286049604416,0.0,0.06918695569038391,0.0,0.2675572633743286
2123,0.0054644373245537285,0.018086195364594458,0.023100595921278,0.06452342420816422,0.0,0.06917910277843475,0.0,0.2675529420375824
2124,0.00515418229624629,0.018176139518618583,0.022121165320277213,0.05913575291633606,0.0,0.06917012482881546,0.0,0.2675473690032959
2125,0.00499651012942195,0.017368908599019052,0.022444435209035874,0.05895202532410622,0.0,0.06916401535272598,0.0,0.2675406038761139
2126,0.0049532072618603705,0.018422700837254523,0.023457473143935204,0.06281024292111397,0.0,0.06916042417287827,0.0,0.26753491163253784
2127,0.0053580011241137985,0.017921902984380723,0.021763424947857858,0.060161592066287996,0.0,0.06915655732154846,0.0,0.2675302028656006
2128,0.005284727644175291,0.01865656450390816,0.021049526706337928,0.06030212417244911,0.0,0.06915152817964554,0.0,0.2675236165523529
2129,0.004837486706674099,0.017877420410513878,0.02155521735548973,0.060092528164386746,0.0,0.06914267688989639,0.0,0.26751914620399475
2130,0.0053221617825329305,0.01957576535642147,0.022343849390745164,0.05944685116410255,0.0,0.06913192570209503,0.0,0.2675144076347351
2131,0.005268510617315769,0.017854008823633194,0.022902604937553406,0.05939319878816605,0.0,0.06912509351968765,0.0,0.26751208305358887
2132,0.005334850680083036,0.01809817589819431,0.02123846709728241,0.05941627100110054,0.0,0.06912188977003098,0.0,0.2675096094608307
2133,0.005119409784674645,0.018749990314245225,0.020868416875600815,0.06571864783763885,0.0,0.0691165179014206,0.0,0.2675075829029083
2134,0.005106147937476635,0.01906532868742943,0.02158421277999878,0.06545087099075317,0.0,0.06911701709032059,0.0,0.26750415563583374
2135,0.005073132365942002,0.019331758841872215,0.02244897335767746,0.0621580109000206,0.0,0.06911397725343704,0.0,0.26750388741493225
2136,0.0053421702235937115,0.01830916292965412,0.0227976281195879,0.056987421959638594,0.0,0.06911708414554596,0.0,0.2675017714500427
2137,0.005345615185797214,0.01814693249762058,0.022629682347178458,0.06107383966445923,0.0,0.06912467628717422,0.0,0.26749974489212036
2138,0.005497382581233978,0.01827540136873722,0.020253431424498557,0.061149540543556216,0.0,0.06913121044635773,0.0,0.26749762892723083
2139,0.005666096229106188,0.017959403991699218,0.021773453801870346,0.06367438361048698,0.0,0.06913982331752777,0.0,0.2674967646598816
2140,0.005442967731505632,0.018305036425590514,0.02132240980863571,0.05682003125548363,0.0,0.0691436380147934,0.0,0.26749494671821594
2141,0.005310818739235401,0.018873873353004455,0.023080115020275117,0.06306694075465202,0.0,0.06914526224136353,0.0,0.26749199628829956
2142,0.005307004600763321,0.017201387137174607,0.021793222054839134,0.0632144846022129,0.0,0.06915649026632309,0.0,0.26748669147491455
2143,0.005056242272257805,0.018828554078936577,0.02249777168035507,0.06207871735095978,0.0,0.06916432827711105,0.0,0.26748502254486084
2144,0.005090993829071522,0.017985771968960763,0.022616127878427504,0.06366588547825813,0.0,0.0691681057214737,0.0,0.2674834132194519
2145,0.00522620202973485,0.018410041555762292,0.0223720271140337,0.06510041579604149,0.0,0.06916947662830353,0.0,0.2674836218357086
2146,0.005205558612942696,0.017580845952033998,0.02148312292993069,0.0639260396361351,0.0,0.06916867196559906,0.0,0.2674826383590698
2147,0.005618154164403677,0.0173901479691267,0.02274155169725418,0.06094300225377083,0.0,0.0691678524017334,0.0,0.2674802541732788
2148,0.005081395898014307,0.017675700038671492,0.022367735207080842,0.05777345076203346,0.0,0.06916633993387222,0.0,0.2674781084060669
2149,0.0051243633963167666,0.01849328801035881,0.02195158079266548,0.0636460617184639,0.0,0.06916671991348267,0.0,0.26747509837150574
2150,0.0050068022683262825,0.018234824761748314,0.020481783151626586,0.06279125288128853,0.0,0.06916767358779907,0.0,0.26747196912765503
2151,0.0050727007910609245,0.016341739892959596,0.0219195868819952,0.06478010565042495,0.0,0.06917060911655426,0.0,0.2674703598022461
2152,0.005191912408918142,0.01798690892755985,0.021023813262581827,0.06323010474443436,0.0,0.06917516887187958,0.0,0.2674682140350342
2153,0.005313800554722548,0.018059123679995535,0.02245004065334797,0.061017128825187686,0.0,0.06918441504240036,0.0,0.2674637734889984
2154,0.0051859931088984014,0.018026305362582207,0.02280324287712574,0.06444158330559731,0.0,0.0691923275589943,0.0,0.26745814085006714
2155,0.0050904033705592155,0.017489002645015718,0.022557288780808447,0.062314586341381074,0.0,0.06919728219509125,0.0,0.2674526274204254
2156,0.004971256759017706,0.017394575476646423,0.02243482172489166,0.060932820290327074,0.0,0.06920164078474045,0.0,0.2674480974674225
2157,0.005291116237640381,0.017286445200443267,0.022132791578769684,0.05987652242183685,0.0,0.06920583546161652,0.0,0.26744282245635986
2158,0.005054005049169063,0.017129679396748542,0.02277085855603218,0.062484797835350034,0.0,0.0692068338394165,0.0,0.2674401104450226
2159,0.005082883592694998,0.017653008550405504,0.02052277363836765,0.062153718620538714,0.0,0.06920629739761353,0.0,0.2674380838871002
2160,0.005234723910689354,0.01826222278177738,0.02105155624449253,0.0653885006904602,0.0,0.06920547783374786,0.0,0.26743704080581665
2161,0.005360882729291916,0.016732420399785043,0.020636792108416558,0.060385759174823764,0.0,0.06920255720615387,0.0,0.267437219619751
2162,0.005602156464010477,0.017328190430998803,0.021283310279250144,0.06019321084022522,0.0,0.06919734179973602,0.0,0.26743870973587036
2163,0.00506800627335906,0.01705258935689926,0.0226426150649786,0.05846896097064018,0.0,0.06918970495462418,0.0,0.267441064119339
2164,0.005308899749070406,0.01844080090522766,0.02087271325290203,0.06451059877872467,0.0,0.06918434053659439,0.0,0.2674410939216614
2165,0.005298811662942171,0.018678856268525123,0.02164228670299053,0.06604357361793518,0.0,0.06917770206928253,0.0,0.2674422562122345
2166,0.005130753479897976,0.01794440411031246,0.02121949978172779,0.05969144329428673,0.0,0.06918015331029892,0.0,0.2674430012702942
2167,0.005520490650087595,0.018136606737971305,0.022532739862799644,0.062991763651371,0.0,0.06918255984783173,0.0,0.26744288206100464
2168,0.005054209101945162,0.017453314363956453,0.021728843078017236,0.05983521342277527,0.0,0.06918679177761078,0.0,0.2674412429332733
2169,0.0052496296353638176,0.018112359941005705,0.020498601347208024,0.06448918282985687,0.0,0.06918829679489136,0.0,0.26743918657302856
2170,0.00538956904783845,0.018692637607455254,0.021085603162646294,0.06497845947742462,0.0,0.06919229030609131,0.0,0.26743918657302856
2171,0.00531163364648819,0.018364086002111434,0.022938699647784232,0.062077023833990094,0.0,0.06919527053833008,0.0,0.2674388289451599
2172,0.005400285590440035,0.017958155274391173,0.019217796623706818,0.062052732706069945,0.0,0.06920105218887329,0.0,0.2674376368522644
2173,0.005034940969198942,0.019475919008255006,0.02101583294570446,0.0647285558283329,0.0,0.0692080557346344,0.0,0.26743680238723755
2174,0.005055121332406998,0.01904085576534271,0.022441000491380692,0.06580198034644127,0.0,0.06921976804733276,0.0,0.26743677258491516
2175,0.004871042724698782,0.017583412677049638,0.02157595455646515,0.06125844940543175,0.0,0.06922654807567596,0.0,0.26743826270103455
2176,0.00527682276442647,0.018914902955293654,0.023179785162210465,0.060709531605243686,0.0,0.06923644244670868,0.0,0.26744118332862854
2177,0.0051148378290235995,0.018479394540190697,0.02192066200077534,0.06241261288523674,0.0,0.06924595683813095,0.0,0.2674439251422882
2178,0.0050722770392894745,0.01837476044893265,0.02043643072247505,0.061358694732189176,0.0,0.0692518949508667,0.0,0.26744571328163147
2179,0.004943913035094738,0.017690076678991317,0.021837930381298064,0.061621008813381194,0.0,0.06925426423549652,0.0,0.2674466371536255
2180,0.005496924463659525,0.017955323681235313,0.022021186351776124,0.05994720011949539,0.0,0.06925179064273834,0.0,0.2674494683742523
2181,0.005453065410256386,0.018233738094568252,0.02172180190682411,0.06131589561700821,0.0,0.06925265491008759,0.0,0.2674514055252075
2182,0.0057087263092398645,0.01793956719338894,0.021804368123412132,0.06100960224866867,0.0,0.06925220787525177,0.0,0.26745399832725525
2183,0.005580378230661154,0.018232477083802223,0.021358697488904,0.058597924560308455,0.0,0.0692550390958786,0.0,0.2674562633037567
2184,0.005233444087207317,0.0175654087215662,0.0232463501393795,0.05976381301879883,0.0,0.06925658881664276,0.0,0.26745688915252686
2185,0.004853000212460756,0.017335433699190616,0.02069697231054306,0.06554164141416549,0.0,0.06925252825021744,0.0,0.2674601972103119
2186,0.00536100696772337,0.018797433003783226,0.02134973108768463,0.06363754421472549,0.0,0.06925119459629059,0.0,0.26746320724487305
2187,0.005436854809522629,0.018370287120342256,0.020236563682556153,0.059510157257318494,0.0,0.06925136595964432,0.0,0.2674664855003357
2188,0.004827318806201219,0.018399366363883018,0.021030931174755095,0.06572525501251221,0.0,0.06925113499164581,0.0,0.26746731996536255
2189,0.005262606963515282,0.018861664459109306,0.02070634812116623,0.06134353056550026,0.0,0.06925593316555023,0.0,0.2674681842327118
2190,0.004866461269557476,0.018102135881781577,0.021922455728054048,0.061280859261751176,0.0,0.06926406919956207,0.0,0.26746803522109985
2191,0.005400816909968853,0.018258917704224588,0.02247922495007515,0.060455845296382905,0.0,0.06927497684955597,0.0,0.2674667537212372
2192,0.005166670959442854,0.01797013133764267,0.022572775557637214,0.06305822730064392,0.0,0.06928081810474396,0.0,0.26746612787246704
2193,0.005420027393847704,0.018401211500167845,0.02044382505118847,0.06376267224550247,0.0,0.06928212940692902,0.0,0.2674654722213745
2194,0.005149752926081419,0.018591659516096114,0.021583319827914237,0.05948087051510811,0.0,0.06928589940071106,0.0,0.2674667239189148
2195,0.005111245438456535,0.018557776510715485,0.02226061522960663,0.060535941272974014,0.0,0.0692896693944931,0.0,0.26746895909309387
2196,0.005511189345270395,0.018402547016739844,0.021878373995423316,0.06485024243593215,0.0,0.0692901462316513,0.0,0.2674718499183655
2197,0.005310229305177927,0.01805439367890358,0.022835026308894158,0.06116664484143257,0.0,0.06930208951234818,0.0,0.2674737870693207
2198,0.005059449188411236,0.01780121624469757,0.021036385744810104,0.05952474698424339,0.0,0.0693158507347107,0.0,0.26747357845306396
2199,0.005412874836474657,0.01752452179789543,0.020234479382634164,0.061632347851991655,0.0,0.0693298801779747,0.0,0.2674715518951416
2200,0.005168874468654394,0.018394168466329575,0.022375673055648804,0.06100026592612266,0.0,0.06933943927288055,0.0,0.2674691677093506
2201,0.004961617104709148,0.01799665056169033,0.022498748451471328,0.0654827520251274,0.0,0.06935332715511322,0.0,0.2674659490585327
2202,0.0050427732057869434,0.018411898240447044,0.020247119665145873,0.06096788421273232,0.0,0.06936337053775787,0.0,0.26746100187301636
2203,0.005193108506500721,0.01742347963154316,0.02101990580558777,0.06211037337779999,0.0,0.06937132775783539,0.0,0.2674572765827179
2204,0.004978886805474758,0.01806447356939316,0.021584444120526312,0.06135740280151367,0.0,0.06937414407730103,0.0,0.26745104789733887
2205,0.005035874154418707,0.017650827392935754,0.020213693752884863,0.06295092105865478,0.0,0.06937633454799652,0.0,0.26744595170021057
2206,0.005321579612791538,0.017343324981629847,0.021853506937623023,0.0640693299472332,0.0,0.06937821954488754,0.0,0.2674406170845032
2207,0.005291296727955341,0.01781918667256832,0.02175069451332092,0.05969677418470383,0.0,0.06938318908214569,0.0,0.2674376368522644
2208,0.005111521389335394,0.017955493554472922,0.020824144035577773,0.06299174427986146,0.0,0.06939123570919037,0.0,0.26743513345718384
2209,0.0052229507826268675,0.017364058271050455,0.020319656655192374,0.06301947832107543,0.0,0.06939375400543213,0.0,0.2674329876899719
2210,0.004946013912558556,0.01696110814809799,0.021072151139378548,0.06091446503996849,0.0,0.06939785182476044,0.0,0.26743197441101074
2211,0.004977173358201981,0.017607428692281248,0.02059466578066349,0.06100765317678451,0.0,0.06939824670553207,0.0,0.2674315869808197
2212,0.005160494614392519,0.017685319110751153,0.02096318230032921,0.062215451151132584,0.0,0.06940002739429474,0.0,0.26743143796920776
2213,0.005237873271107673,0.018661680072546004,0.0214846458286047,0.05877661854028702,0.0,0.06940846890211105,0.0,0.26743048429489136
2214,0.00522374203428626,0.01821913681924343,0.02092294432222843,0.05983930304646492,0.0,0.06941400468349457,0.0,0.2674317955970764
2215,0.0048068764619529246,0.017997365072369577,0.020891182497143744,0.05818092599511147,0.0,0.06941994279623032,0.0,0.2674345374107361
2216,0.00497496547177434,0.01821608804166317,0.020813289284706115,0.06259857341647149,0.0,0.06943126022815704,0.0,0.2674381136894226
2217,0.0048674196936190125,0.017699337378144265,0.020051950961351393,0.06362407505512238,0.0,0.06944654136896133,0.0,0.26744213700294495
2218,0.005046044569462537,0.017304609529674053,0.022236145660281183,0.05877344161272049,0.0,0.06945805251598358,0.0,0.2674456238746643
2219,0.005402921885251999,0.01800619177520275,0.024742356687784194,0.0628286860883236,0.0,0.06947165727615356,0.0,0.2674487233161926
2220,0.005349557939916849,0.01856336332857609,0.022560545057058335,0.06608795076608658,0.0,0.06949064135551453,0.0,0.2674521207809448
2221,0.005210746452212334,0.0180912833660841,0.02168835997581482,0.06335099041461945,0.0,0.06950803101062775,0.0,0.26745370030403137
2222,0.005297298356890678,0.01789633333683014,0.021640782430768012,0.06162980422377586,0.0,0.0695241317152977,0.0,0.2674557566642761
2223,0.0053296185098588465,0.019122134894132614,0.02200593091547489,0.06299133822321892,0.0,0.06953562796115875,0.0,0.26745766401290894
2224,0.005475885700434446,0.01809803321957588,0.022181401029229164,0.05999991074204445,0.0,0.0695493295788765,0.0,0.2674574851989746
2225,0.005220357514917851,0.017634934559464455,0.024210113286972045,0.0630912683904171,0.0,0.0695640817284584,0.0,0.26745718717575073
2226,0.005004866700619459,0.018735415861010553,0.021783680841326713,0.06175580099225044,0.0,0.06957942992448807,0.0,0.26745739579200745
2227,0.005415712483227253,0.018169190734624863,0.021108228713274002,0.05910310819745064,0.0,0.06959827244281769,0.0,0.2674565315246582
2228,0.00511715542525053,0.018019960820674898,0.021295993775129318,0.0646735206246376,0.0,0.06960990279912949,0.0,0.26745685935020447
2229,0.005228390824049712,0.017972918599843977,0.022061578184366226,0.06190785765647888,0.0,0.0696200355887413,0.0,0.26745742559432983
2230,0.004793683812022209,0.01822199337184429,0.02346310392022133,0.055910021811723706,0.0,0.06963131576776505,0.0,0.26745766401290894
2231,0.0051060812547802925,0.01803855150938034,0.021631431579589844,0.06592021882534027,0.0,0.06964011490345001,0.0,0.2674573063850403
2232,0.005350705143064261,0.017577946558594702,0.020835375785827635,0.061689087003469464,0.0,0.06964396685361862,0.0,0.2674564719200134
2233,0.0052880926989018915,0.018083730712532997,0.022313902154564857,0.06550981625914573,0.0,0.0696469098329544,0.0,0.26745516061782837
2234,0.004895086027681827,0.017773284390568734,0.022775056958198547,0.06248078942298889,0.0,0.06964489072561264,0.0,0.2674543857574463
2235,0.004802752938121557,0.018454551696777344,0.02227950394153595,0.06133040636777878,0.0,0.06964058429002762,0.0,0.26745477318763733
2236,0.005231526866555214,0.017380889505147934,0.021687739714980125,0.06597097516059876,0.0,0.0696311742067337,0.0,0.2674558758735657
2237,0.005150129087269306,0.0180600393563509,0.02071227952837944,0.0686899334192276,0.0,0.0696234181523323,0.0,0.26745885610580444
2238,0.005647043231874704,0.0185413409024477,0.02233610637485981,0.06634205505251885,0.0,0.06961923092603683,0.0,0.2674640715122223
2239,0.005098783131688833,0.018329573422670366,0.02164928875863552,0.06171116605401039,0.0,0.06961647421121597,0.0,0.26747050881385803
2240,0.005244553182274103,0.017300501093268396,0.021985017880797385,0.0639470711350441,0.0,0.06961055845022202,0.0,0.2674770951271057
2241,0.005137500166893005,0.0182954628020525,0.020367516577243804,0.06082896664738655,0.0,0.06960515677928925,0.0,0.26748618483543396
2242,0.004931741673499346,0.017671925760805608,0.020109302550554275,0.06112835854291916,0.0,0.06959844380617142,0.0,0.267496258020401
2243,0.0053611014038324354,0.018615227192640305,0.022228818386793137,0.062263180315494535,0.0,0.06959502398967743,0.0,0.2675045132637024
2244,0.004944062605500221,0.018513881787657737,0.022254689782857894,0.06303012222051621,0.0,0.06958974897861481,0.0,0.2675080895423889
2245,0.005286245234310627,0.01781466491520405,0.022506996244192123,0.06222551986575127,0.0,0.06958355009555817,0.0,0.26751062273979187
2246,0.004798968974500895,0.019274137541651727,0.02105692811310291,0.06286211386322975,0.0,0.06957873702049255,0.0,0.2675118148326874
2247,0.0051086446270346645,0.017551468685269356,0.02254619635641575,0.05966623574495315,0.0,0.06957999616861343,0.0,0.26751258969306946
2248,0.005166782811284065,0.018264590203762053,0.022800150513648986,0.06215361431241036,0.0,0.06957587599754333,0.0,0.2675134241580963
2249,0.0054678373038768765,0.017906468734145163,0.02136227861046791,0.06214022189378739,0.0,0.06956946849822998,0.0,0.26751503348350525
2250,0.005288194678723812,0.01833284944295883,0.02150234952569008,0.0588757835328579,0.0,0.06956347078084946,0.0,0.2675170302391052
2251,0.005198644287884235,0.017527694627642632,0.021452897787094118,0.05944646224379539,0.0,0.06955395638942719,0.0,0.2675198018550873
2252,0.005397359095513821,0.01813565455377102,0.022505103051662444,0.05813732296228409,0.0,0.06954412162303925,0.0,0.26752161979675293
2253,0.005317501444369555,0.01839587390422821,0.02192746549844742,0.0627797432243824,0.0,0.06953612715005875,0.0,0.26752224564552307
2254,0.005055345688015222,0.01797858960926533,0.021969348937273026,0.06142863631248474,0.0,0.06952862441539764,0.0,0.2675226330757141
2255,0.00544575210660696,0.01743035390973091,0.02337806485593319,0.059752964228391645,0.0,0.06951986253261566,0.0,0.267519474029541
2256,0.005323897022753954,0.018328406289219855,0.021052352711558343,0.061795123666524884,0.0,0.06950803846120834,0.0,0.2675166130065918
2257,0.005314142443239689,0.017633813619613647,0.022606728971004485,0.06142298430204392,0.0,0.0694967657327652,0.0,0.2675107419490814
2258,0.004910840559750796,0.017552969232201576,0.021188705787062646,0.062624754011631,0.0,0.06948702782392502,0.0,0.26750412583351135
2259,0.005130448192358017,0.017469606921076776,0.021467548981308936,0.06106563955545426,0.0,0.06948044151067734,0.0,0.26749852299690247
2260,0.005104417447000742,0.018184782564640047,0.022049173712730408,0.06270191669464112,0.0,0.06947537511587143,0.0,0.2674926519393921
2261,0.004894220642745495,0.01792956851422787,0.022049741074442863,0.06278950050473213,0.0,0.06948152929544449,0.0,0.2674897313117981
2262,0.005067870020866394,0.017594727501273156,0.02181781120598316,0.059992678463459015,0.0,0.0694899708032608,0.0,0.26749011874198914
2263,0.005379104521125555,0.017797961458563806,0.021701140329241753,0.06135161072015762,0.0,0.06949510425329208,0.0,0.26749083399772644
2264,0.00537987956777215,0.018033603578805922,0.0231058556586504,0.0627518467605114,0.0,0.06949907541275024,0.0,0.2674918472766876
2265,0.0051006505265831946,0.018416932597756386,0.021266504749655725,0.06644990891218186,0.0,0.0695047527551651,0.0,0.2674909234046936
2266,0.005122862383723259,0.01822730228304863,0.021898475661873817,0.06264121904969215,0.0,0.06951266527175903,0.0,0.267490029335022
2267,0.00503856735303998,0.017969805747270584,0.021315804123878478,0.06216560229659081,0.0,0.06952276080846786,0.0,0.26748913526535034
2268,0.005075203813612461,0.01825824975967407,0.022331463918089867,0.05911676809191704,0.0,0.06952790915966034,0.0,0.26748865842819214
2269,0.005014815274626017,0.01832500323653221,0.02126687727868557,0.062006250768899915,0.0,0.06953112035989761,0.0,0.26748937368392944
2270,0.005090651568025351,0.01879677325487137,0.020238345116376878,0.06489641666412353,0.0,0.06952697038650513,0.0,0.267489492893219
2271,0.005392780061811209,0.01759316921234131,0.021648670360445977,0.05943983048200607,0.0,0.06952182203531265,0.0,0.2674923241138458
2272,0.005254587810486555,0.018371283635497095,0.0235052514821291,0.06375940218567848,0.0,0.06951655447483063,0.0,0.2674967646598816
2273,0.005184926092624664,0.018687397614121436,0.02023504488170147,0.06324534490704536,0.0,0.06950922310352325,0.0,0.2674998641014099
2274,0.005307518225163221,0.01812288872897625,0.023322537168860437,0.06491812393069267,0.0,0.06950634717941284,0.0,0.2675017714500427
2275,0.005426883231848478,0.018750784173607826,0.022683773934841157,0.059458257257938386,0.0,0.06950882822275162,0.0,0.26750418543815613
2276,0.005738704558461904,0.018049492686986923,0.023076824098825454,0.058766966313123704,0.0,0.06950857490301132,0.0,0.267506867647171
2277,0.0053528835996985435,0.01762017346918583,0.022873983532190324,0.061648938059806827,0.0,0.06950830668210983,0.0,0.2675124704837799
2278,0.005566736124455929,0.017911260202527046,0.021018878370523453,0.060533247888088226,0.0,0.06950850784778595,0.0,0.2675183415412903
2279,0.005352434515953064,0.018853554129600526,0.02342417761683464,0.05914248749613762,0.0,0.06950407475233078,0.0,0.26752176880836487
2280,0.00516630345955491,0.01773231811821461,0.02371514290571213,0.05749962627887726,0.0,0.06949497759342194,0.0,0.2675246298313141
2281,0.005072771199047565,0.01740059182047844,0.019397799298167227,0.061904498189687726,0.0,0.06948311626911163,0.0,0.26752322912216187
2282,0.005117488279938698,0.01843416802585125,0.02444474622607231,0.0634944774210453,0.0,0.06946658343076706,0.0,0.2675204873085022
2283,0.005442159064114094,0.017834868282079697,0.021852875873446465,0.0646916888654232,0.0,0.06944890320301056,0.0,0.26751601696014404
2284,0.005020588263869285,0.01765013039112091,0.02154720351099968,0.059489233791828154,0.0,0.0694335326552391,0.0,0.2675115466117859
2285,0.005349601618945599,0.018814487755298613,0.022484321519732474,0.06273197606205941,0.0,0.06942202895879745,0.0,0.2675052285194397
2286,0.004982612561434507,0.018239854276180266,0.022911008819937705,0.06194324269890785,0.0,0.06940992921590805,0.0,0.26749762892723083
2287,0.005498984083533287,0.01794101744890213,0.021417057886719704,0.0633640892803669,0.0,0.06939607858657837,0.0,0.26749005913734436
2288,0.005114505253732205,0.018474090471863748,0.023769836500287057,0.060053613036870956,0.0,0.06938542425632477,0.0,0.26748424768447876
2289,0.005096487421542406,0.017359817028045656,0.02188168354332447,0.06424919292330741,0.0,0.06937661021947861,0.0,0.26747727394104004
2290,0.005104215815663338,0.01881822496652603,0.02260727696120739,0.061754044890403745,0.0,0.06936649978160858,0.0,0.2674711048603058
2291,0.004887355212122202,0.018001976236701012,0.02080480307340622,0.06398933678865433,0.0,0.0693538561463356,0.0,0.26746582984924316
2292,0.005110706202685833,0.017742833867669106,0.020476076379418374,0.061707035452127454,0.0,0.06934096664190292,0.0,0.26746153831481934
2293,0.005073413904756308,0.018312867730855942,0.021323062479496002,0.06142335534095764,0.0,0.0693301260471344,0.0,0.2674586772918701
2294,0.005123468022793532,0.018748363852500914,0.02253542058169842,0.061221059411764145,0.0,0.06931803375482559,0.0,0.26745739579200745
2295,0.00547464219853282,0.017793750017881395,0.02236047089099884,0.06210087314248085,0.0,0.06929995864629745,0.0,0.26745501160621643
2296,0.00493728332221508,0.017931966483592986,0.023985468968749046,0.06323877722024918,0.0,0.06927984952926636,0.0,0.26745253801345825
2297,0.005345620587468148,0.0188527662307024,0.021043401211500168,0.06189390197396279,0.0,0.06925798207521439,0.0,0.2674505412578583
2298,0.004847762268036604,0.01792229190468788,0.022804584354162216,0.06333007141947747,0.0,0.06923240423202515,0.0,0.26745015382766724
2299,0.0051649374887347225,0.01757958047091961,0.021968909353017808,0.061163267493247984,0.0,0.06921210139989853,0.0,0.26744937896728516
2300,0.005154061689972877,0.018919317796826363,0.020972328260540962,0.061092982441186904,0.0,0.06919101625680923,0.0,0.2674492597579956
2301,0.005054888408631086,0.018850161507725716,0.020732983574271203,0.06116347014904022,0.0,0.06917104870080948,0.0,0.267448753118515
2302,0.005524810589849949,0.018038786202669143,0.018535583466291427,0.06252425387501717,0.0,0.06915409862995148,0.0,0.2674470543861389
2303,0.004605056811124086,0.017461463809013367,0.021144449710845947,0.06313688531517983,0.0,0.06913551688194275,0.0,0.2674452066421509
2304,0.0051029249094426635,0.017436346411705016,0.022110945731401443,0.06315763294696808,0.0,0.0691186785697937,0.0,0.26744186878204346
2305,0.005374071281403303,0.0184940405189991,0.02213268168270588,0.060398072749376294,0.0,0.0691034346818924,0.0,0.26743897795677185
2306,0.005018825270235538,0.01764332838356495,0.022976495698094367,0.062218376994133,0.0,0.06908899545669556,0.0,0.26743650436401367
2307,0.005114265531301498,0.018408758193254472,0.022902199998497963,0.05970947667956352,0.0,0.06907400488853455,0.0,0.2674337327480316
2308,0.005126758106052875,0.017990409210324288,0.021281690150499345,0.05986355245113373,0.0,0.06906387954950333,0.0,0.2674289643764496
2309,0.005415219441056251,0.018146001920104026,0.02237384058535099,0.0606845773756504,0.0,0.06905366480350494,0.0,0.2674214243888855
2310,0.004992305766791105,0.018312918394804,0.020434026047587393,0.06383243352174758,0.0,0.06904524564743042,0.0,0.26741522550582886
2311,0.004826963040977716,0.018734066188335417,0.020155948773026466,0.06095336526632309,0.0,0.06903605908155441,0.0,0.26740899682044983
2312,0.005380776058882475,0.01776871122419834,0.02313033677637577,0.06375351324677467,0.0,0.06903698295354843,0.0,0.2674069404602051
2313,0.005288667045533657,0.01885762922465801,0.023701725527644157,0.06251640543341637,0.0,0.06903728097677231,0.0,0.26740366220474243
2314,0.005119829066097736,0.018310637399554252,0.023250429704785348,0.0612726591527462,0.0,0.06904586404561996,0.0,0.2674019932746887
2315,0.005221584998071194,0.018143723532557488,0.022404195740818977,0.06421817094087601,0.0,0.06905943900346756,0.0,0.26740261912345886
2316,0.00497176619246602,0.018159867823123933,0.02163495384156704,0.06078522130846977,0.0,0.06907669454813004,0.0,0.2674022316932678
2317,0.0052661214023828505,0.01770826131105423,0.02221718467772007,0.06224032044410706,0.0,0.06908685714006424,0.0,0.2674028277397156
2318,0.005372915044426918,0.0170658765360713,0.020057503134012222,0.06190204918384552,0.0,0.06909598410129547,0.0,0.2674051821231842
2319,0.005223635397851467,0.01787334941327572,0.021537769213318826,0.06104261055588722,0.0,0.06910774111747742,0.0,0.26740604639053345
2320,0.005071288626641035,0.0181226272135973,0.021775177493691445,0.06194277703762054,0.0,0.06911692768335342,0.0,0.2674056887626648
2321,0.004809417575597763,0.017883596196770667,0.023197261989116667,0.06056075692176819,0.0,0.06912539899349213,0.0,0.26740536093711853
2322,0.0049592130817472935,0.018445845693349838,0.021642279624938966,0.05979316532611847,0.0,0.069134920835495,0.0,0.26740574836730957
2323,0.005481154564768076,0.01878715343773365,0.0211609348654747,0.06094547659158707,0.0,0.06914547830820084,0.0,0.26740649342536926
2324,0.004896392207592725,0.01762082874774933,0.023625238239765166,0.06258185058832169,0.0,0.06915832310914993,0.0,0.2674087882041931
2325,0.0050359867513179776,0.017614083737134932,0.020213096961379053,0.05980402529239655,0.0,0.06916762888431549,0.0,0.2674097716808319
2326,0.005551649443805218,0.018812915682792662,0.02150346264243126,0.06309355571866035,0.0,0.06917281448841095,0.0,0.26741212606430054
2327,0.0049770715646445755,0.01802941635251045,0.021729499101638794,0.057835038751363754,0.0,0.06917835772037506,0.0,0.2674139142036438
2328,0.005304946005344391,0.01791285127401352,0.02169133983552456,0.06542498767375945,0.0,0.069186270236969,0.0,0.2674160301685333
2329,0.005039033107459545,0.01740620657801628,0.01941009908914566,0.060797539353370664,0.0,0.06919489800930023,0.0,0.26741713285446167
2330,0.004881766717880964,0.017347947508096696,0.020999236777424813,0.06124681234359741,0.0,0.06920213997364044,0.0,0.2674170434474945
2331,0.005417548213154077,0.018085128255188467,0.02101838178932667,0.062362127006053925,0.0,0.06921188533306122,0.0,0.2674172818660736
2332,0.005166725628077984,0.018142039701342583,0.021914752945303918,0.06180603429675102,0.0,0.06922481209039688,0.0,0.26741671562194824
2333,0.005038235243409872,0.017820782214403152,0.021207133680582045,0.06007316410541534,0.0,0.06923689693212509,0.0,0.26741552352905273
2334,0.005219321697950363,0.017689383774995803,0.022316687926650047,0.06416186168789864,0.0,0.06925071775913239,0.0,0.2674140930175781
2335,0.005292657390236854,0.017561130039393903,0.020939090475440025,0.06013496592640877,0.0,0.06926523894071579,0.0,0.26741212606430054
2336,0.005351125355809927,0.018008796870708464,0.021878270804882048,0.0602245032787323,0.0,0.06927307695150375,0.0,0.26741278171539307
2337,0.005384308286011219,0.018649466708302496,0.02214655689895153,0.06069706678390503,0.0,0.06927584111690521,0.0,0.26741376519203186
2338,0.005053103342652321,0.017765513435006142,0.02366904988884926,0.06235603243112564,0.0,0.06927300244569778,0.0,0.2674161493778229
2339,0.005201084539294243,0.017519866675138475,0.023653587326407433,0.06226376891136169,0.0,0.06926652789115906,0.0,0.2674182057380676
2340,0.0055313042365014555,0.018222710862755776,0.021383901312947273,0.06450012400746345,0.0,0.06926210224628448,0.0,0.26741892099380493
2341,0.005226558819413185,0.017815347760915756,0.023108509927988054,0.06251671388745308,0.0,0.06925655156373978,0.0,0.26742076873779297
2342,0.005759201943874359,0.019391920790076254,0.02119710259139538,0.05900561809539795,0.0,0.06924740225076675,0.0,0.26742443442344666
2343,0.004938395507633686,0.018310859426856042,0.022838380187749863,0.062024856358766554,0.0,0.06923717260360718,0.0,0.2674272954463959
2344,0.005649012699723244,0.017754966393113136,0.021409372612833977,0.062463848292827605,0.0,0.06922547519207001,0.0,0.26742997765541077
2345,0.005117923673242331,0.017669809609651567,0.021689373254776,0.05883717834949494,0.0,0.06921534985303879,0.0,0.2674315273761749
2346,0.005115511082112789,0.01725185662508011,0.02053006738424301,0.06083623543381691,0.0,0.06920067965984344,0.0,0.26743045449256897
2347,0.005202267132699489,0.01862776055932045,0.020516546815633772,0.06554201543331147,0.0,0.06919068098068237,0.0,0.2674294114112854
2348,0.0049632307142019275,0.017734825611114502,0.022227440029382706,0.059913380444049834,0.0,0.06917985528707504,0.0,0.2674262523651123
2349,0.005254310090094805,0.01890014447271824,0.02013031840324402,0.06093237996101379,0.0,0.06916990131139755,0.0,0.2674224078655243
2350,0.004934652708470821,0.01743318550288677,0.024271973595023155,0.0636056751012802,0.0,0.0691620334982872,0.0,0.2674176096916199
2351,0.0051419615745544435,0.018120039999485017,0.0228309690952301,0.06313153579831124,0.0,0.06915316730737686,0.0,0.26741379499435425
2352,0.0057195701636374,0.017914755269885063,0.022243326157331468,0.060860896855592726,0.0,0.06914518028497696,0.0,0.2674106955528259
2353,0.005386290699243545,0.017840493097901346,0.022620173916220666,0.0598602220416069,0.0,0.06914510577917099,0.0,0.2674078941345215
2354,0.005385189782828093,0.018466809391975404,0.02130989171564579,0.06213186234235764,0.0,0.06914742290973663,0.0,0.26740679144859314
2355,0.005318498332053423,0.018060308322310446,0.022573713213205338,0.058270055800676346,0.0,0.0691506639122963,0.0,0.2674069404602051
2356,0.005307217128574848,0.018644094839692114,0.02089112512767315,0.06531812101602555,0.0,0.06915077567100525,0.0,0.26740729808807373
2357,0.005474017653614283,0.017929046973586084,0.020015088096261024,0.06091532707214355,0.0,0.06915532052516937,0.0,0.2674097418785095
2358,0.0052380900830030445,0.01726563088595867,0.02134157195687294,0.06433908715844154,0.0,0.06916238367557526,0.0,0.2674097418785095
2359,0.005515001062303781,0.017603261023759843,0.021480491384863853,0.06392453089356423,0.0,0.06917046010494232,0.0,0.2674081027507782
2360,0.0049122141674160956,0.01855856701731682,0.021352275833487512,0.06481258645653724,0.0,0.06918033957481384,0.0,0.2674069404602051
2361,0.004917418677359819,0.018044352531433105,0.02159787677228451,0.06017824560403824,0.0,0.06919229030609131,0.0,0.2674050033092499
2362,0.005028571374714375,0.018502042815089225,0.021623577922582626,0.05814210250973702,0.0,0.06920985877513885,0.0,0.26740193367004395
2363,0.0047883233986794945,0.018152184039354324,0.02307063341140747,0.05865675136446953,0.0,0.06923144310712814,0.0,0.26739925146102905
2364,0.004791416507214308,0.018064635619521142,0.021771683543920516,0.06079649552702904,0.0,0.06925299018621445,0.0,0.2673983573913574
2365,0.005224239639937877,0.017860392667353155,0.024345201998949052,0.06494542956352234,0.0,0.06927311420440674,0.0,0.26739615201950073
2366,0.0051152135245502,0.018032258749008177,0.02238355651497841,0.06611690819263458,0.0,0.0692974179983139,0.0,0.2673957049846649
2367,0.005089954938739538,0.01894425004720688,0.02289448194205761,0.06481875106692314,0.0,0.0693245455622673,0.0,0.2673947811126709
2368,0.0051060780882835385,0.01787989102303982,0.020850763097405432,0.058842816203832624,0.0,0.06934787333011627,0.0,0.2673935294151306
2369,0.005291320662945509,0.01911407895386219,0.022015587985515596,0.061569543182849885,0.0,0.06936977803707123,0.0,0.2673913538455963
2370,0.005155204981565476,0.017925521731376647,0.02207963727414608,0.06337853297591209,0.0,0.06939463317394257,0.0,0.2673870623111725
2371,0.005003528296947479,0.017805003747344016,0.022782086208462716,0.0663581520318985,0.0,0.06941352039575577,0.0,0.267381876707077
2372,0.00507505564019084,0.018230603635311128,0.02113814018666744,0.06103712245821953,0.0,0.06943094730377197,0.0,0.2673782408237457
2373,0.005102012399584055,0.01764644179493189,0.02158045582473278,0.0634482517838478,0.0,0.06944823265075684,0.0,0.2673749327659607
2374,0.00491426344960928,0.019118089973926545,0.02198009714484215,0.06300216391682625,0.0,0.06946293264627457,0.0,0.2673714756965637
2375,0.005598280020058155,0.018113197386264802,0.02197162210941315,0.06194652020931244,0.0,0.06948141753673553,0.0,0.26736751198768616
2376,0.005190307460725308,0.01793053150177002,0.023283806070685385,0.06176283359527588,0.0,0.0694979578256607,0.0,0.26736459136009216
2377,0.005509466677904129,0.018065044283866884,0.020444345846772193,0.06292454823851586,0.0,0.06950898468494415,0.0,0.26736241579055786
2378,0.005435152724385261,0.01737123727798462,0.02106386497616768,0.06551313176751136,0.0,0.06951715052127838,0.0,0.2673598527908325
2379,0.0049930279143154625,0.017016736418008806,0.022337641566991806,0.0655227281153202,0.0,0.06952936947345734,0.0,0.2673563063144684
2380,0.0049293220043182375,0.018260373547673226,0.022629402577877045,0.05992481708526611,0.0,0.06953941285610199,0.0,0.2673526704311371
2381,0.005306976195424795,0.017666898481547833,0.02232416644692421,0.06542803198099137,0.0,0.06954960525035858,0.0,0.26735085248947144
2382,0.0050772296264767645,0.01840973161160946,0.0224294263869524,0.06725955307483673,0.0,0.06955406814813614,0.0,0.2673493027687073
2383,0.005186617374420166,0.018082764372229575,0.02150915339589119,0.0622078962624073,0.0,0.06955786049365997,0.0,0.26734933257102966
2384,0.005312717333436012,0.017565264366567135,0.023194976896047593,0.05607823953032494,0.0,0.06955942511558533,0.0,0.2673489451408386
2385,0.005661225598305464,0.017988251894712447,0.02119728997349739,0.06260087937116623,0.0,0.06956473737955093,0.0,0.267349511384964
2386,0.0050760780461132525,0.01871282160282135,0.02317271865904331,0.06414737999439239,0.0,0.06956896185874939,0.0,0.26734933257102966
2387,0.004872412048280239,0.01764972396194935,0.024140650033950807,0.060383255034685133,0.0,0.06957335770130157,0.0,0.2673502564430237
2388,0.005108952801674604,0.018545368686318398,0.02190088704228401,0.06399946510791779,0.0,0.06957326829433441,0.0,0.2673524022102356
2389,0.00523587753996253,0.01813279204070568,0.02369195967912674,0.05935668796300888,0.0,0.06957481801509857,0.0,0.2673545479774475
2390,0.005186813790351153,0.017712316289544106,0.023777279257774352,0.059985323995351794,0.0,0.0695781260728836,0.0,0.2673586308956146
2391,0.004990319162607193,0.017822667211294174,0.022478922083973885,0.06099556684494019,0.0,0.06957481801509857,0.0,0.26736292243003845
2392,0.004813267849385738,0.016958371549844743,0.021263621002435684,0.06004125401377678,0.0,0.06956818699836731,0.0,0.2673669755458832
2393,0.005239950492978096,0.018630019202828408,0.02115810103714466,0.06064620092511177,0.0,0.06956229358911514,0.0,0.26736921072006226
2394,0.005119114648550749,0.017994414642453195,0.021749158576130866,0.06467679664492607,0.0,0.06955990940332413,0.0,0.2673712968826294
2395,0.005208071693778038,0.01816004291176796,0.020153526961803437,0.05972300246357918,0.0,0.06955926865339279,0.0,0.267373651266098
2396,0.00523509681224823,0.01847546063363552,0.02165181189775467,0.056253467500209806,0.0,0.06955669075250626,0.0,0.26737552881240845
2397,0.004902646038681268,0.01852917782962322,0.022294215485453607,0.05988170579075813,0.0,0.06955395638942719,0.0,0.2673744559288025
2398,0.005479081999510527,0.017200604639947416,0.021189716085791586,0.0668757900595665,0.0,0.06954933702945709,0.0,0.26737093925476074
2399,0.004907032381743193,0.017666725814342497,0.021619175747036933,0.06243869736790657,0.0,0.06955189257860184,0.0,0.26736584305763245
2400,0.005126632563769817,0.0182477492839098,0.022672779485583307,0.06214271858334541,0.0,0.06955300271511078,0.0,0.2673618495464325
2401,0.004957974981516599,0.017697456851601602,0.022961390763521196,0.062209203094244006,0.0,0.0695573017001152,0.0,0.26736074686050415
2402,0.005236638709902763,0.017337968945503233,0.022693322226405143,0.05693449825048447,0.0,0.06956346333026886,0.0,0.2673622965812683
2403,0.004924365691840649,0.018093980476260187,0.023819955065846443,0.06033592969179154,0.0,0.0695677250623703,0.0,0.2673637270927429
2404,0.005309774074703455,0.01754551976919174,0.021105686947703362,0.06269180178642272,0.0,0.06956779956817627,0.0,0.2673639953136444
2405,0.005334082990884781,0.018254902213811874,0.021554237604141234,0.06158992052078247,0.0,0.06956624984741211,0.0,0.26736336946487427
2406,0.005376970674842596,0.017174851149320602,0.022591686993837356,0.06075044348835945,0.0,0.06956081092357635,0.0,0.267363041639328
2407,0.005251042451709509,0.0183077335357666,0.021587179601192476,0.06296660378575325,0.0,0.06955651938915253,0.0,0.26736369729042053
2408,0.004854621086269617,0.01807063855230808,0.023036230355501175,0.05884409174323082,0.0,0.06955743581056595,0.0,0.2673655152320862
2409,0.005224314704537392,0.017774195596575736,0.020433634147047998,0.06070270389318466,0.0,0.06956156343221664,0.0,0.2673664391040802
2410,0.005161815043538809,0.0174918744713068,0.021090949699282647,0.06398324072360992,0.0,0.06956181675195694,0.0,0.26736536622047424
2411,0.005066344607621431,0.01798262484371662,0.021258382499217986,0.058711490035057066,0.0,0.06956291198730469,0.0,0.2673635184764862
2412,0.0050529658794403074,0.0176096361130476,0.02238568924367428,0.06456231996417046,0.0,0.06956956535577774,0.0,0.2673604488372803
2413,0.005233014281839132,0.01788915917277336,0.023048173636198044,0.05917211771011353,0.0,0.06958252191543579,0.0,0.2673596739768982
2414,0.004835046734660864,0.0179973304271698,0.021211474016308785,0.05818600729107857,0.0,0.06959334760904312,0.0,0.2673577070236206
2415,0.0051190309226512905,0.017808304354548454,0.02160349376499653,0.062400317192077635,0.0,0.06960518658161163,0.0,0.26735591888427734
2416,0.0055598140694201,0.01786460243165493,0.021625814214348792,0.06371574029326439,0.0,0.06961456686258316,0.0,0.26735347509384155
2417,0.005223207641392946,0.016944672912359238,0.02065112963318825,0.06130697801709175,0.0,0.06961868703365326,0.0,0.26735442876815796
2418,0.005287829134613275,0.018614239245653152,0.022293492779135705,0.06002184972167015,0.0,0.06961877644062042,0.0,0.26735353469848633
2419,0.005489487014710903,0.01806493178009987,0.022046232223510744,0.06245843693614006,0.0,0.06961628049612045,0.0,0.2673519253730774
2420,0.005180293694138527,0.018451219797134398,0.02199844568967819,0.06008533164858818,0.0,0.06961321085691452,0.0,0.26735058426856995
2421,0.005138059612363577,0.018104394897818565,0.023115754872560502,0.06390119194984437,0.0,0.06960678100585938,0.0,0.2673493027687073
2422,0.004742179065942764,0.017727420106530188,0.021260831877589224,0.06242504119873047,0.0,0.0695967897772789,0.0,0.2673490643501282
2423,0.0051780338399112225,0.018509699776768685,0.023048783466219903,0.06462550535798073,0.0,0.06958551704883575,0.0,0.2673490643501282
2424,0.005054099019616842,0.018184582144021987,0.0227669570595026,0.0600658655166626,0.0,0.0695761889219284,0.0,0.2673485279083252
2425,0.0048089873045682905,0.018279106914997102,0.022217468917369844,0.06086293682456016,0.0,0.06956358999013901,0.0,0.2673460841178894
2426,0.005649658758193255,0.01791604496538639,0.0229217279702425,0.06368047818541527,0.0,0.06954999268054962,0.0,0.26734355092048645
2427,0.005103528406471014,0.017620734870433807,0.022244004905223845,0.062432628124952316,0.0,0.06953196227550507,0.0,0.26734012365341187
2428,0.005171749554574489,0.017650272883474826,0.021866748109459877,0.0614299938082695,0.0,0.06950906664133072,0.0,0.2673356533050537
2429,0.005177840683609247,0.01842128559947014,0.02169203497469425,0.06404368057847024,0.0,0.06948678195476532,0.0,0.2673317492008209
2430,0.005432774778455496,0.018372369185090064,0.02139051891863346,0.06337986662983894,0.0,0.06946200132369995,0.0,0.26733046770095825
2431,0.005559884011745453,0.018213903158903123,0.02184956930577755,0.06617026478052139,0.0,0.06943768262863159,0.0,0.26733046770095825
2432,0.005436857137829066,0.01830636113882065,0.02314685769379139,0.06378208622336387,0.0,0.06941577792167664,0.0,0.26733100414276123
2433,0.005298055801540613,0.017544197291135787,0.020028140768408774,0.06085885018110275,0.0,0.06939215958118439,0.0,0.2673302888870239
2434,0.005174546130001545,0.017840369790792465,0.02218545563519001,0.06202534660696983,0.0,0.06936712563037872,0.0,0.2673289179801941
2435,0.005094635859131813,0.0179910771548748,0.022729013860225678,0.060938100516796115,0.0,0.06934712827205658,0.0,0.26732876896858215
2436,0.00494665876030922,0.017920651659369468,0.021655601263046265,0.06334180235862732,0.0,0.06932900846004486,0.0,0.2673305869102478
2437,0.0049854695796966554,0.0181194469332695,0.020514889806509017,0.060845233500003815,0.0,0.0693092942237854,0.0,0.2673319876194
2438,0.005054766312241554,0.018370644003152848,0.02242131866514683,0.06222771555185318,0.0,0.06928672641515732,0.0,0.2673336863517761
2439,0.00496238972991705,0.01742817386984825,0.021283194050192834,0.06600319743156433,0.0,0.06926204264163971,0.0,0.26733455061912537
2440,0.005067842081189156,0.01856602318584919,0.021581816673278808,0.06459158435463905,0.0,0.06923706829547882,0.0,0.26733553409576416
2441,0.005075846053659916,0.017928288504481315,0.021890551969408988,0.06565532386302948,0.0,0.06921535730361938,0.0,0.2673371434211731
2442,0.00525197982788086,0.01781998425722122,0.02181718498468399,0.0625564619898796,0.0,0.0691901370882988,0.0,0.26733875274658203
2443,0.005223900452256203,0.0180956207215786,0.020495442673563957,0.060479479283094405,0.0,0.06916756182909012,0.0,0.26734161376953125
2444,0.005433389637619257,0.01759473644196987,0.02170840688049793,0.060677193105220795,0.0,0.06914626061916351,0.0,0.26734715700149536
2445,0.004981809481978417,0.01835811696946621,0.023745788633823393,0.06684854701161384,0.0,0.0691235139966011,0.0,0.2673519551753998
2446,0.005093183740973473,0.01883017234504223,0.021525462344288825,0.06147409975528717,0.0,0.06910873204469681,0.0,0.2673528492450714
2447,0.005460534244775772,0.017294518277049066,0.02232377789914608,0.06512384861707687,0.0,0.06909537315368652,0.0,0.26735368371009827
2448,0.005207579676061868,0.017989642545580865,0.02277669347822666,0.06051574349403381,0.0,0.06908853352069855,0.0,0.26735448837280273
2449,0.005122429877519608,0.018308879062533378,0.021622727811336517,0.06262079998850822,0.0,0.06908448785543442,0.0,0.2673543393611908
2450,0.005039720702916384,0.018216854333877562,0.023257819563150407,0.06312333047389984,0.0,0.0690826028585434,0.0,0.2673557698726654
2451,0.005175225343555212,0.01851302869617939,0.022084837406873704,0.06233526989817619,0.0,0.06908036768436432,0.0,0.2673594653606415
2452,0.005128227546811104,0.018518854305148123,0.02214938886463642,0.06266167089343071,0.0,0.06908289343118668,0.0,0.2673642635345459
2453,0.005278071574866772,0.017959486320614816,0.02211197428405285,0.0552439846098423,0.0,0.0690862163901329,0.0,0.2673678994178772
2454,0.005089845228940249,0.018708674237132072,0.022808858007192612,0.06226639300584793,0.0,0.06908823549747467,0.0,0.2673700749874115
2455,0.004966439120471478,0.018107786402106286,0.022763778641819953,0.05917219892144203,0.0,0.06909222155809402,0.0,0.26737093925476074
2456,0.005110298562794924,0.018873047456145285,0.02189553529024124,0.0590799055993557,0.0,0.06909453123807907,0.0,0.2673684060573578
2457,0.005302488245069981,0.016931217163801193,0.023003123700618744,0.06219637393951416,0.0,0.06910151988267899,0.0,0.2673649191856384
2458,0.005460929311811924,0.018091102689504625,0.021327632293105126,0.06646611765027047,0.0,0.06910514086484909,0.0,0.2673615515232086
2459,0.005452790111303329,0.018350282311439516,0.022397931292653085,0.05855861976742745,0.0,0.06911294907331467,0.0,0.2673579752445221
2460,0.005437430087476968,0.0176156435161829,0.021793972700834274,0.05898228511214256,0.0,0.06912241131067276,0.0,0.2673564851284027
2461,0.005419424083083868,0.018438055366277694,0.021472941711544992,0.0623903788626194,0.0,0.06912790238857269,0.0,0.267355352640152
2462,0.005205403175204992,0.017968696355819703,0.02180056683719158,0.05687813758850098,0.0,0.06912876665592194,0.0,0.26735568046569824
2463,0.005407650768756866,0.01769517846405506,0.020523373410105704,0.063505819439888,0.0,0.06913258880376816,0.0,0.2673571705818176
2464,0.00509335407987237,0.018159560114145278,0.02014605738222599,0.05529456585645676,0.0,0.06913727521896362,0.0,0.2673579156398773
2465,0.00492314575240016,0.017687663063406946,0.021399351581931115,0.06378100663423539,0.0,0.06914711743593216,0.0,0.26735544204711914
2466,0.005120732635259628,0.01814826428890228,0.022058920934796333,0.06362197101116181,0.0,0.06915801763534546,0.0,0.26735249161720276
2467,0.005441499408334494,0.016793384216725826,0.021635788679122924,0.06270062997937202,0.0,0.06917176395654678,0.0,0.26734745502471924
2468,0.005238400958478451,0.018221146985888483,0.021453576534986495,0.05897900015115738,0.0,0.06918632239103317,0.0,0.26734185218811035
2469,0.0052681432105600836,0.017944250255823135,0.021409136056900025,0.0579193502664566,0.0,0.06920162588357925,0.0,0.26733773946762085
2470,0.004983555711805821,0.017873489856719972,0.023232175409793852,0.05930580571293831,0.0,0.06921813637018204,0.0,0.26733386516571045
2471,0.005567599460482598,0.01779103875160217,0.022515591979026795,0.06475522965192795,0.0,0.06923673301935196,0.0,0.26732945442199707
2472,0.005221346486359834,0.01862888000905514,0.023451709002256394,0.059487472474575046,0.0,0.06925685703754425,0.0,0.26732581853866577
2473,0.005271590780466795,0.018665236607193946,0.02028370276093483,0.060955864191055295,0.0,0.06927435100078583,0.0,0.26732397079467773
2474,0.00515243448317051,0.01781495474278927,0.020400121062994003,0.06091320812702179,0.0,0.06930366903543472,0.0,0.26732179522514343
2475,0.005335102695971728,0.018458173796534538,0.021364328637719154,0.05870384126901627,0.0,0.06933394074440002,0.0,0.26731786131858826
2476,0.005150896031409502,0.018054101243615152,0.021471212059259413,0.06315122991800308,0.0,0.06936762481927872,0.0,0.26731306314468384
2477,0.0057007534429430965,0.018187017738819124,0.022527432441711424,0.060013164579868314,0.0,0.06939498335123062,0.0,0.26731058955192566
2478,0.005603174958378076,0.018026528134942054,0.020982324331998824,0.0621034562587738,0.0,0.06941637396812439,0.0,0.26730912923812866
2479,0.005177436675876379,0.01800803542137146,0.02068179063498974,0.06293915286660194,0.0,0.069437175989151,0.0,0.26730674505233765
2480,0.005414378922432661,0.018435232527554034,0.020589691400527955,0.061825526505708696,0.0,0.0694565400481224,0.0,0.26730409264564514
2481,0.005169514380395412,0.017288924753665925,0.021427326649427415,0.06310335621237755,0.0,0.06947320699691772,0.0,0.2673034071922302
2482,0.0051454477943480015,0.01758507490158081,0.020449045673012735,0.06340714767575265,0.0,0.06949111074209213,0.0,0.26730358600616455
2483,0.005319084227085114,0.017935533076524734,0.02449616268277168,0.060921336710453036,0.0,0.06950932741165161,0.0,0.26730331778526306
2484,0.0049586744047701355,0.01736384704709053,0.021210146322846412,0.05821584686636925,0.0,0.06952852010726929,0.0,0.2673035264015198
2485,0.005129664298146963,0.018858839571475983,0.0198479026556015,0.06533256396651269,0.0,0.06954338401556015,0.0,0.2673046290874481
2486,0.0052197188138961795,0.01821825113147497,0.02335084564983845,0.05995955765247345,0.0,0.06955720484256744,0.0,0.26730307936668396
2487,0.005125975143164397,0.017750631645321847,0.02192385382950306,0.05926098674535751,0.0,0.06956653296947479,0.0,0.26730209589004517
2488,0.005103220883756876,0.018049724400043488,0.024442440643906594,0.06259569600224495,0.0,0.06958042830228806,0.0,0.2673032283782959
2489,0.004717618692666292,0.01800582855939865,0.02302466072142124,0.059495390951633455,0.0,0.06959168612957001,0.0,0.26730409264564514
2490,0.0053676005452871324,0.01814584881067276,0.02138739787042141,0.0625218167901039,0.0,0.0695977583527565,0.0,0.26730459928512573
2491,0.0050267036072909835,0.017731253802776337,0.0227433942258358,0.06008216217160225,0.0,0.06960223615169525,0.0,0.2673051357269287
2492,0.005127458460628986,0.017844001948833465,0.021445566043257713,0.058918798714876174,0.0,0.0696089044213295,0.0,0.26730629801750183
2493,0.005020253732800484,0.017578179016709328,0.02087358310818672,0.06568630784749985,0.0,0.06961163133382797,0.0,0.267305463552475
2494,0.005358551349490881,0.018845678865909578,0.02281748838722706,0.06269521415233612,0.0,0.0696125477552414,0.0,0.26730746030807495
2495,0.00482729533687234,0.018595839291810988,0.02320091500878334,0.0601360946893692,0.0,0.06961266696453094,0.0,0.2673105299472809
2496,0.0054033174179494384,0.01755005829036236,0.021704811975359915,0.06314140558242798,0.0,0.06961482018232346,0.0,0.26731550693511963
2497,0.0050161628983914856,0.01692947931587696,0.023730533570051192,0.059015963971614835,0.0,0.06961856782436371,0.0,0.26732054352760315
2498,0.005233536195009947,0.0184782013297081,0.02178458757698536,0.06515209674835205,0.0,0.06961730122566223,0.0,0.2673235833644867
2499,0.005061627738177777,0.018362788110971452,0.021571726724505424,0.06082215756177902,0.0,0.0696137398481369,0.0,0.2673256993293762
2500,0.00514708012342453,0.01793729476630688,0.021622557938098908,0.06339359134435654,0.0,0.06961081922054291,0.0,0.2673272490501404
2501,0.0052325291559100155,0.017667615413665773,0.02177400328218937,0.0651126153767109,0.0,0.06961140036582947,0.0,0.26733070611953735
2502,0.005194777902215719,0.017607302218675614,0.021688573807477952,0.05873375684022904,0.0,0.06961189955472946,0.0,0.26733431220054626
2503,0.004958357103168965,0.01833167262375355,0.020773325487971304,0.05759521797299385,0.0,0.06960941851139069,0.0,0.267336905002594
2504,0.005294831097126007,0.017964686453342437,0.021321667730808257,0.06565420925617219,0.0,0.06960733979940414,0.0,0.26733940839767456
2505,0.005200309399515391,0.01703469641506672,0.021199714764952658,0.06259547024965287,0.0,0.0696026086807251,0.0,0.267343133687973
2506,0.005151010863482952,0.01820523329079151,0.024677364528179167,0.062307416647672656,0.0,0.06960071623325348,0.0,0.2673453688621521
2507,0.0049694599583745,0.018645352125167845,0.02238570973277092,0.06007607355713844,0.0,0.06960097700357437,0.0,0.2673477530479431
2508,0.005288626533001661,0.01822119243443012,0.02096269614994526,0.05882088989019394,0.0,0.06960271298885345,0.0,0.26735132932662964
2509,0.004944190289825201,0.017909328639507293,0.019027609005570413,0.05978715419769287,0.0,0.06960175931453705,0.0,0.26735371351242065
2510,0.004901564121246338,0.01799023412168026,0.0206580750644207,0.060775481164455414,0.0,0.06960038095712662,0.0,0.2673523426055908
2511,0.004916435480117798,0.017937524244189262,0.021951501071453095,0.06274149566888809,0.0,0.06959767639636993,0.0,0.26734989881515503
2512,0.005163093283772469,0.01870063878595829,0.021101732924580573,0.05972633212804794,0.0,0.06960217654705048,0.0,0.2673463225364685
2513,0.005600633751600981,0.017667306773364543,0.02345382086932659,0.06284625828266144,0.0,0.06961055845022202,0.0,0.2673414945602417
2514,0.00532565526664257,0.01786493733525276,0.02114080898463726,0.060081031173467636,0.0,0.06961924582719803,0.0,0.26733747124671936
2515,0.005350222904235124,0.018492596223950386,0.021903805434703827,0.060173074901103976,0.0,0.0696222335100174,0.0,0.2673341631889343
2516,0.005219230614602566,0.018360567465424537,0.02096676714718342,0.06607467755675316,0.0,0.06962288916110992,0.0,0.2673315107822418
2517,0.005024183262139559,0.01832212060689926,0.021395723149180413,0.06220530048012733,0.0,0.06962299346923828,0.0,0.26732930541038513
2518,0.005073667131364345,0.018404320254921912,0.02093677446246147,0.05753434300422668,0.0,0.06962410360574722,0.0,0.26732924580574036
2519,0.005270010232925415,0.0180991567671299,0.02048424184322357,0.059917007386684415,0.0,0.06962966918945312,0.0,0.26733076572418213
2520,0.005170267354696989,0.01772385947406292,0.020624160394072534,0.060089274495840075,0.0,0.06963468343019485,0.0,0.2673315405845642
2521,0.005119692906737328,0.017646795883774758,0.022402815893292426,0.06051439270377159,0.0,0.06963573396205902,0.0,0.26733165979385376
2522,0.005082254763692617,0.018116920068860055,0.02200993597507477,0.06769507527351379,0.0,0.06963184475898743,0.0,0.26733195781707764
2523,0.005198637489229441,0.018046727776527403,0.02205800861120224,0.06370224729180336,0.0,0.0696253553032875,0.0,0.26733237504959106
2524,0.005232720077037812,0.017708001658320427,0.02271009385585785,0.06145567893981933,0.0,0.06961699575185776,0.0,0.2673337161540985
2525,0.005000670813024044,0.017616767063736917,0.022615692019462584,0.06173600703477859,0.0,0.06960617005825043,0.0,0.26733505725860596
2526,0.005192034598439932,0.018893013522028924,0.021533468365669252,0.05892771854996681,0.0,0.06960095465183258,0.0,0.267335444688797
2527,0.005021717213094234,0.01725744493305683,0.022684744745492934,0.06186794638633728,0.0,0.06959536671638489,0.0,0.26733729243278503
2528,0.005110611114650965,0.01832665279507637,0.021464018896222115,0.06264426484704018,0.0,0.06958805024623871,0.0,0.26733922958374023
2529,0.0050857895985245705,0.018032274767756463,0.022443780675530434,0.06007909029722214,0.0,0.06958182156085968,0.0,0.2673409581184387
2530,0.005308951344341039,0.017664149589836597,0.02260296866297722,0.060663473606109616,0.0,0.06957671791315079,0.0,0.2673437297344208
2531,0.005424448568373918,0.017883923649787904,0.022375645115971565,0.060393668711185455,0.0,0.0695701390504837,0.0,0.2673482298851013
2532,0.005908847693353892,0.018648191913962366,0.021377569437026976,0.05905855968594551,0.0,0.06955747306346893,0.0,0.26735323667526245
2533,0.005206402949988842,0.01767010986804962,0.022177527099847792,0.06257839426398278,0.0,0.06954021751880646,0.0,0.26735919713974
2534,0.0051171273924410345,0.01774725317955017,0.021307098492980004,0.06278099566698074,0.0,0.06952391564846039,0.0,0.26736658811569214
2535,0.005288699362426996,0.01821283847093582,0.021882960572838783,0.06150812953710556,0.0,0.06950666010379791,0.0,0.2673724293708801
2536,0.0051301345229148865,0.019566746428608894,0.021622377261519433,0.057978647947311404,0.0,0.0694895088672638,0.0,0.2673775553703308
2537,0.005183803383260965,0.017858055979013444,0.02284292094409466,0.057243487983942035,0.0,0.06947489082813263,0.0,0.2673817276954651
2538,0.005389770120382309,0.018282270058989525,0.023089708760380745,0.06318992897868156,0.0,0.06945700198411942,0.0,0.26738542318344116
2539,0.0053025070577859875,0.018475762754678726,0.023769244179129602,0.06430115401744843,0.0,0.06943909078836441,0.0,0.2673875391483307
2540,0.004946696478873492,0.0175567589700222,0.021060926467180253,0.05638210922479629,0.0,0.06943072378635406,0.0,0.2673850655555725
2541,0.005162196047604084,0.016720785573124886,0.020597492158412934,0.060907530784606936,0.0,0.06942044943571091,0.0,0.26738429069519043
2542,0.005291863810271025,0.018382482603192328,0.022500881180167197,0.06079574301838875,0.0,0.06941250711679459,0.0,0.2673814594745636
2543,0.005411007162183523,0.017892060428857805,0.021735719218850136,0.0656415954232216,0.0,0.06940390169620514,0.0,0.26738041639328003
2544,0.005257951654493808,0.01836674176156521,0.023900147154927255,0.0664893738925457,0.0,0.06940041482448578,0.0,0.26737838983535767
2545,0.005127961095422506,0.01789076030254364,0.02047642692923546,0.06322610005736351,0.0,0.06939993798732758,0.0,0.26737722754478455
2546,0.005313464347273112,0.01879781000316143,0.021621077507734298,0.06389136612415314,0.0,0.06940825283527374,0.0,0.26737523078918457
2547,0.005070896539837122,0.017712605372071265,0.022096734121441843,0.06263060569763183,0.0,0.06941591948270798,0.0,0.2673751413822174
2548,0.005062580294907093,0.017165028676390647,0.022662534564733505,0.06329973414540291,0.0,0.0694233626127243,0.0,0.26737359166145325
2549,0.005152628570795059,0.019091348350048064,0.023688362166285514,0.05879501476883888,0.0,0.06942535936832428,0.0,0.26737332344055176
2550,0.005095801968127489,0.01903351992368698,0.021362460404634475,0.06319641098380088,0.0,0.0694262683391571,0.0,0.2673724293708801
2551,0.005540909618139267,0.01778343915939331,0.021451419964432717,0.06080552414059639,0.0,0.06942658126354218,0.0,0.26737135648727417
2552,0.005129674822092057,0.018191540986299513,0.021317828446626663,0.05940702483057976,0.0,0.0694272518157959,0.0,0.26737362146377563
2553,0.005104196351021528,0.019274811446666717,0.023301149532198907,0.06146179810166359,0.0,0.06942832469940186,0.0,0.26737648248672485
2554,0.005366888269782067,0.018433285504579545,0.02034224271774292,0.06461412534117698,0.0,0.06942683458328247,0.0,0.2673793137073517
2555,0.005089934822171927,0.019124910235404968,0.021977661922574044,0.06177985817193985,0.0,0.06942476332187653,0.0,0.2673812210559845
2556,0.0052828527055680755,0.018221688643097877,0.02123693935573101,0.06201483011245727,0.0,0.06941837072372437,0.0,0.26738184690475464
2557,0.005165429413318634,0.017940742522478105,0.0224410243332386,0.06161440908908844,0.0,0.06941322982311249,0.0,0.2673810124397278
2558,0.00514448843896389,0.018494176119565962,0.021598402038216592,0.058870579302310946,0.0,0.06940517574548721,0.0,0.26737937331199646
2559,0.005193106830120087,0.01883377246558666,0.022568709030747414,0.0642507828772068,0.0,0.06939492374658585,0.0,0.2673780024051666
2560,0.0053118826821446415,0.018050210550427437,0.02202148474752903,0.06279045566916466,0.0,0.06938382238149643,0.0,0.2673751413822174
2561,0.0051589044742286205,0.018039851635694503,0.023439643532037736,0.06236725151538849,0.0,0.06937269866466522,0.0,0.26737266778945923
2562,0.0050503437407314776,0.01776297651231289,0.022288902103900908,0.06273494586348534,0.0,0.06936372071504593,0.0,0.26736980676651
2563,0.004787475150078535,0.018403268605470657,0.020284228026866913,0.05917476490139961,0.0,0.06935181468725204,0.0,0.2673671841621399
2564,0.005239955987781287,0.018197343125939368,0.02252402566373348,0.060004526376724245,0.0,0.06933843344449997,0.0,0.2673659324645996
2565,0.004961512703448534,0.017534546181559564,0.02049831673502922,0.0608256071805954,0.0,0.06932024657726288,0.0,0.2673666179180145
2566,0.005585717968642712,0.01868242546916008,0.02209799997508526,0.06442135199904442,0.0,0.06930070370435715,0.0,0.26736778020858765
2567,0.005449183378368616,0.017561715841293336,0.0217502485960722,0.05844929665327072,0.0,0.06928001344203949,0.0,0.26736876368522644
2568,0.005252036079764366,0.018944656103849412,0.021898476779460906,0.06083729714155197,0.0,0.06925846636295319,0.0,0.2673690915107727
2569,0.005086060333997011,0.017635250836610793,0.02124265246093273,0.061185401678085324,0.0,0.06924216449260712,0.0,0.26736700534820557
2570,0.005069950036704541,0.01694548949599266,0.021816666051745415,0.06473492681980134,0.0,0.06922522932291031,0.0,0.2673640251159668
2571,0.005293858703225851,0.01716189719736576,0.020610969886183737,0.06017897427082062,0.0,0.06920746713876724,0.0,0.2673616111278534
2572,0.005482447613030672,0.01926007978618145,0.020818476006388663,0.06247061565518379,0.0,0.06919127702713013,0.0,0.267361581325531
2573,0.0051095797680318356,0.01825357899069786,0.02047399841248989,0.05780934914946556,0.0,0.06917817145586014,0.0,0.2673606872558594
2574,0.005060569569468498,0.017416542768478392,0.02135423608124256,0.061438430845737454,0.0,0.06916854530572891,0.0,0.26736027002334595
2575,0.005183740891516209,0.01923554390668869,0.02059098966419697,0.06109937354922294,0.0,0.06915963441133499,0.0,0.26735979318618774
2576,0.005150482896715403,0.018505557999014856,0.021518195047974586,0.060833947360515596,0.0,0.06915847957134247,0.0,0.2673584818840027
2577,0.00547483591362834,0.01806664131581783,0.0216323334723711,0.06153081133961678,0.0,0.06915406882762909,0.0,0.26735734939575195
2578,0.005363874789327383,0.018112620711326598,0.019755543768405916,0.05818491354584694,0.0,0.06915117800235748,0.0,0.26735636591911316
2579,0.0052096395753324035,0.018765087798237802,0.022840189188718794,0.06082729920744896,0.0,0.06914670765399933,0.0,0.26735374331474304
2580,0.0048366752453148365,0.018295503780245782,0.022107043862342836,0.06234616711735726,0.0,0.06913664937019348,0.0,0.26735058426856995
2581,0.005545418802648782,0.017809322476387023,0.02101646885275841,0.05925503745675087,0.0,0.06912744790315628,0.0,0.2673475444316864
2582,0.005065777339041233,0.01803070306777954,0.021650876477360727,0.06043214723467827,0.0,0.0691155195236206,0.0,0.26734644174575806
2583,0.00494054239243269,0.018159833177924155,0.022592108324170114,0.06261159032583237,0.0,0.0691048875451088,0.0,0.2673467993736267
2584,0.004878096375614404,0.01870679035782814,0.02180305905640125,0.06223490536212921,0.0,0.06909475475549698,0.0,0.26734790205955505
2585,0.005314099043607712,0.018062610551714896,0.023385756462812424,0.05927933156490326,0.0,0.06908595561981201,0.0,0.26734957098960876
2586,0.005058635119348764,0.017360439896583556,0.021545695886015893,0.06322696805000305,0.0,0.06907340884208679,0.0,0.26734933257102966
2587,0.004995008278638124,0.019116737693548203,0.02443528361618519,0.059250181168317796,0.0,0.06905978918075562,0.0,0.26734769344329834
2588,0.005275990162044763,0.01763680838048458,0.022900592908263205,0.0645623229444027,0.0,0.06905271112918854,0.0,0.2673476040363312
2589,0.005322079174220562,0.017896343395113944,0.021201179176568986,0.05898448154330253,0.0,0.069046251475811,0.0,0.26734787225723267
2590,0.005351718608289957,0.01809217073023319,0.0213827483355999,0.06403527557849883,0.0,0.06904418766498566,0.0,0.2673473358154297
2591,0.005224102921783924,0.017566064745187758,0.02110904045403004,0.06348635330796241,0.0,0.06903843581676483,0.0,0.2673476040363312
2592,0.005273855198174715,0.018179966509342192,0.021230895817279816,0.05958076491951943,0.0,0.0690314918756485,0.0,0.26734820008277893
2593,0.00532000083476305,0.01789002902805805,0.023658699914813043,0.05828680098056793,0.0,0.06902405619621277,0.0,0.2673496603965759
2594,0.0048879322595894335,0.018065281584858893,0.021464210748672486,0.06325206086039543,0.0,0.06901697814464569,0.0,0.26735177636146545
2595,0.005829524528235197,0.018259211257100106,0.021630408614873885,0.06393489390611648,0.0,0.06900527328252792,0.0,0.26735538244247437
2596,0.005195517279207707,0.017697005718946456,0.021887147426605226,0.06237983182072639,0.0,0.0689983144402504,0.0,0.2673583924770355
2597,0.0051393119618296625,0.018791720643639563,0.021167992055416106,0.0627123773097992,0.0,0.06898871064186096,0.0,0.2673587203025818
2598,0.005001632962375879,0.0180744718760252,0.021840392053127287,0.062178847193717954,0.0,0.06898365169763565,0.0,0.26735785603523254
2599,0.0051339658908545974,0.01800805442035198,0.020752574130892754,0.06360340118408203,0.0,0.06898002326488495,0.0,0.2673582136631012
2600,0.005145690683275461,0.017658602073788644,0.022381361573934555,0.06308073028922082,0.0,0.0689736157655716,0.0,0.2673584520816803
2601,0.005135878175497055,0.017979335412383078,0.022712517902255057,0.060834348946809766,0.0,0.06896933913230896,0.0,0.2673603296279907
2602,0.0047632730565965176,0.0170030128210783,0.021896110475063325,0.06219723224639893,0.0,0.06896817684173584,0.0,0.2673632502555847
2603,0.00500946706160903,0.01839439608156681,0.020604218542575835,0.06122341901063919,0.0,0.06897075474262238,0.0,0.26736631989479065
2604,0.005096970777958632,0.01815006695687771,0.02150491066277027,0.05650795102119446,0.0,0.06897145509719849,0.0,0.26737016439437866
2605,0.00554167665541172,0.018127184733748435,0.020959006622433662,0.0607314832508564,0.0,0.06896903365850449,0.0,0.26737505197525024
2606,0.005487368255853653,0.018780986219644545,0.02200060337781906,0.059981097280979154,0.0,0.06896573305130005,0.0,0.26737815141677856
2607,0.0053674371913075445,0.018333925306797026,0.020543683692812918,0.0636010892689228,0.0,0.06896036118268967,0.0,0.2673819959163666
2608,0.005501718167215586,0.01695571802556515,0.020830830931663512,0.060800344496965406,0.0,0.06895188987255096,0.0,0.2673867344856262
2609,0.005283939465880394,0.017803797870874404,0.02367115095257759,0.0648217961192131,0.0,0.06894149631261826,0.0,0.26738953590393066
2610,0.005251975078135729,0.01856171488761902,0.024115506559610367,0.06207052692770958,0.0,0.06893645226955414,0.0,0.26738959550857544
2611,0.0056298811919987205,0.017468053847551346,0.020280421525239945,0.06214389353990555,0.0,0.06893912702798843,0.0,0.2673889100551605
2612,0.0053947831504046915,0.018225137144327164,0.02314847894012928,0.06271767169237137,0.0,0.06894505023956299,0.0,0.26738643646240234
2613,0.005433731060475111,0.018379369378089906,0.02295018024742603,0.060600480437278746,0.0,0.06894965469837189,0.0,0.26738253235816956
2614,0.004981591645628214,0.01809592768549919,0.02116018421947956,0.06476060897111893,0.0,0.06895986944437027,0.0,0.2673773765563965
2615,0.005655467975884676,0.018176251277327537,0.023438272625207902,0.05946677550673485,0.0,0.06896554678678513,0.0,0.267373263835907
2616,0.0051914207637310025,0.017132732644677164,0.022093529626727105,0.06228107213973999,0.0,0.06897363811731339,0.0,0.26736873388290405
2617,0.00539012597873807,0.01806473210453987,0.02219088040292263,0.06217354983091354,0.0,0.06898154318332672,0.0,0.26736506819725037
2618,0.005195354204624891,0.01893055997788906,0.021597373485565185,0.06178920716047287,0.0,0.06898707151412964,0.0,0.2673601508140564
2619,0.005515355244278907,0.018470391631126404,0.022082254663109778,0.0584878072142601,0.0,0.06899024546146393,0.0,0.2673532962799072
2620,0.005308570247143507,0.018237383291125297,0.023373574391007422,0.06192262843251228,0.0,0.0689927339553833,0.0,0.2673473060131073
2621,0.00513650169596076,0.01754270847886801,0.021265780553221703,0.06290815994143487,0.0,0.06899072974920273,0.0,0.2673441171646118
2622,0.005439166631549597,0.017753415554761887,0.02147655077278614,0.06108359396457672,0.0,0.06899149715900421,0.0,0.2673415243625641
2623,0.005437412019819021,0.017605413496494294,0.021562350913882256,0.06028952896595001,0.0,0.0689907968044281,0.0,0.2673410475254059
2624,0.005489087384194136,0.018172360211610793,0.022536571696400644,0.06063004657626152,0.0,0.06899287551641464,0.0,0.26734185218811035
2625,0.005500058177858591,0.018078811466693878,0.021891525015234947,0.06227664425969124,0.0,0.06899605691432953,0.0,0.2673413157463074
2626,0.0051644938997924324,0.018518184870481492,0.021354978531599046,0.059328668564558026,0.0,0.06900139898061752,0.0,0.2673419713973999
2627,0.005474351346492767,0.019028482586145402,0.023611108586192132,0.06348594054579734,0.0,0.06900636851787567,0.0,0.2673413157463074
2628,0.005275363754481077,0.018405618518590926,0.022638532146811486,0.05930497348308563,0.0,0.06901062279939651,0.0,0.26734036207199097
2629,0.005154634080827236,0.018033227324485777,0.020795046538114547,0.06383888721466065,0.0,0.06901781260967255,0.0,0.2673415541648865
2630,0.005380095727741718,0.017585673183202744,0.022139885649085044,0.05866564363241196,0.0,0.06902281194925308,0.0,0.26734232902526855
2631,0.005136657040566206,0.019520166516304015,0.02273019477725029,0.05831278711557388,0.0,0.06903190910816193,0.0,0.2673422694206238
2632,0.005201587174087763,0.017983889579772948,0.022337521612644195,0.0619017593562603,0.0,0.06904549896717072,0.0,0.26734060049057007
2633,0.00517712663859129,0.018104005977511405,0.022211671248078345,0.06696271151304245,0.0,0.06906135380268097,0.0,0.26733994483947754
2634,0.005349653866142034,0.017873552814126014,0.02182646468281746,0.06262121871113777,0.0,0.06907452642917633,0.0,0.26733869314193726
2635,0.00537800770252943,0.01870640441775322,0.021531035751104356,0.058092888444662094,0.0,0.06909012049436569,0.0,0.2673361003398895
2636,0.005377545394003392,0.01850928142666817,0.021000099182128907,0.06214577555656433,0.0,0.06910518556833267,0.0,0.2673347294330597
2637,0.005365069396793843,0.01791221499443054,0.02049274630844593,0.06038229241967201,0.0,0.06911911070346832,0.0,0.2673357129096985
2638,0.005498283263295889,0.01769973076879978,0.020713772252202035,0.06453644335269929,0.0,0.0691332072019577,0.0,0.26734039187431335
2639,0.005028107482939958,0.01706203129142523,0.02319011464715004,0.059853777289390564,0.0,0.06914548575878143,0.0,0.2673451900482178
2640,0.005203111842274666,0.017823809385299684,0.024041563272476196,0.06634535789489746,0.0,0.06915261596441269,0.0,0.2673516273498535
2641,0.004919673595577478,0.019022235274314882,0.022298246249556543,0.06112008616328239,0.0,0.06915789097547531,0.0,0.2673563063144684
2642,0.005292814411222935,0.017353256233036518,0.022476549446582793,0.06082918867468834,0.0,0.06916475296020508,0.0,0.2673604488372803
2643,0.004947517346590757,0.017727584391832352,0.021927441656589507,0.0603887602686882,0.0,0.06916828453540802,0.0,0.2673633396625519
2644,0.005220621544867754,0.01749644838273525,0.02067885547876358,0.05951593592762947,0.0,0.06916774809360504,0.0,0.26736488938331604
2645,0.004887168854475021,0.01771322563290596,0.022352226078510284,0.06622311845421791,0.0,0.06916550546884537,0.0,0.26736462116241455
2646,0.0049505683593451975,0.018269921466708184,0.022822098806500435,0.06430394351482391,0.0,0.0691605806350708,0.0,0.2673650085926056
2647,0.005357494298368693,0.018007095158100127,0.023656455799937248,0.061049558222293854,0.0,0.06915068626403809,0.0,0.2673646807670593
2648,0.005193461664021015,0.017686625942587852,0.02259485200047493,0.05962687656283379,0.0,0.06914353370666504,0.0,0.2673640847206116
2649,0.005242976173758507,0.018038422614336014,0.022685734555125237,0.06457676738500595,0.0,0.069138303399086,0.0,0.2673654556274414
2650,0.005388018954545259,0.018440432474017145,0.01941159591078758,0.06548480316996574,0.0,0.06913471221923828,0.0,0.26736685633659363
2651,0.005259428080171347,0.01806739903986454,0.021520881727337838,0.06155888587236404,0.0,0.06913179904222488,0.0,0.26736971735954285
2652,0.0053677716292440895,0.01784733161330223,0.021073612943291666,0.06292101368308067,0.0,0.06912674754858017,0.0,0.26737335324287415
2653,0.0052796099334955215,0.01849828101694584,0.02044035904109478,0.061795663088560104,0.0,0.06912149488925934,0.0,0.2673782706260681
2654,0.00496114008128643,0.018773564696311952,0.022531221434473992,0.060427908599376676,0.0,0.0691220760345459,0.0,0.26738211512565613
2655,0.0053022951819002625,0.018241723626852037,0.020403860509395598,0.0642965391278267,0.0,0.06912902742624283,0.0,0.26738712191581726
2656,0.005437683779746294,0.018718116730451585,0.021042421460151672,0.06096304655075073,0.0,0.06913992017507553,0.0,0.2673895061016083
2657,0.004966079723089933,0.017768551781773567,0.021754834428429605,0.06359661966562272,0.0,0.06915272772312164,0.0,0.26739102602005005
2658,0.004990002885460853,0.01752890571951866,0.020492562651634218,0.06656514629721641,0.0,0.06916405260562897,0.0,0.2673937678337097
2659,0.005380310956388712,0.01792658492922783,0.022505277767777443,0.06144091784954071,0.0,0.06917382776737213,0.0,0.2673974931240082
2660,0.005530177894979715,0.017977067828178407,0.023241005092859267,0.0621392622590065,0.0,0.06918197870254517,0.0,0.26740020513534546
2661,0.005303518660366535,0.01702566146850586,0.022119610384106637,0.061964796483516695,0.0,0.0691947489976883,0.0,0.26740455627441406
2662,0.004889178276062012,0.017047593742609023,0.021181635931134223,0.05837056934833527,0.0,0.06920988857746124,0.0,0.2674078643321991
2663,0.005262549221515656,0.01765322797000408,0.022507685422897338,0.06136489510536194,0.0,0.06921778619289398,0.0,0.26741236448287964
2664,0.0048421135172247885,0.018461497500538826,0.021725809574127196,0.05970717743039131,0.0,0.06922196596860886,0.0,0.2674182951450348
2665,0.005180264450609684,0.018037285655736923,0.022467749938368798,0.06211397051811218,0.0,0.06922479718923569,0.0,0.2674230635166168
2666,0.005201771669089794,0.018378423526883125,0.020001616701483725,0.06045993193984032,0.0,0.06922430545091629,0.0,0.2674255967140198
2667,0.0050324156880378725,0.017429066076874732,0.022149860113859176,0.06366372853517532,0.0,0.06922571361064911,0.0,0.2674282193183899
2668,0.005285531561821699,0.017776498571038246,0.022480439767241477,0.058541694283485414,0.0,0.06922350078821182,0.0,0.2674313187599182
2669,0.005188421253114939,0.017947176471352577,0.023604881763458253,0.06384822726249695,0.0,0.06922431290149689,0.0,0.26743245124816895
2670,0.005396380182355642,0.01855956092476845,0.021971608698368072,0.060487286746501924,0.0,0.06922270357608795,0.0,0.2674335539340973
2671,0.005157586932182312,0.018072302266955376,0.021748431399464606,0.062273339927196504,0.0,0.06922029703855515,0.0,0.26743659377098083
2672,0.005161329172551632,0.01773301362991333,0.019702961668372154,0.06182198524475098,0.0,0.06921615451574326,0.0,0.2674410343170166
2673,0.005459017865359783,0.018085820227861406,0.02226313278079033,0.06678231060504913,0.0,0.06921380013227463,0.0,0.26744481921195984
2674,0.005146620888262987,0.01758335381746292,0.02076788954436779,0.055125302821397784,0.0,0.06921013444662094,0.0,0.2674463391304016
2675,0.0051067107357084755,0.017160771973431112,0.021981551498174667,0.058451800048351286,0.0,0.06920777261257172,0.0,0.26744675636291504
2676,0.00501707773655653,0.018732338026165963,0.022459904104471205,0.06269550621509552,0.0,0.06920628249645233,0.0,0.2674451768398285
2677,0.004953029379248619,0.017567198351025583,0.02149244137108326,0.05985548049211502,0.0,0.06920871138572693,0.0,0.2674456536769867
2678,0.005101300310343504,0.017568924650549888,0.02186952345073223,0.06209263205528259,0.0,0.0692078098654747,0.0,0.2674452066421509
2679,0.005402493663132191,0.01723211333155632,0.02079615630209446,0.05936515256762505,0.0,0.06921027600765228,0.0,0.2674439549446106
2680,0.005174058675765991,0.01749887503683567,0.02296203039586544,0.059801121801137926,0.0,0.06921926140785217,0.0,0.267442524433136
2681,0.005059755407273769,0.017886941879987718,0.021290197595953943,0.06390713229775428,0.0,0.06922715157270432,0.0,0.26744282245635986
2682,0.00491751516237855,0.018041810393333434,0.02140816077589989,0.058280755579471585,0.0,0.06923691928386688,0.0,0.26744315028190613
2683,0.005042099766433239,0.018796569481492043,0.020621204748749733,0.06370700895786285,0.0,0.06924686580896378,0.0,0.2674432694911957
2684,0.00511223990470171,0.01794493868947029,0.02200552113354206,0.062382138520479205,0.0,0.0692552775144577,0.0,0.26744335889816284
2685,0.005111161153763533,0.017187982425093652,0.02290324904024601,0.060867934674024585,0.0,0.06926317512989044,0.0,0.2674417495727539
2686,0.005770014971494675,0.016777145862579345,0.020949361473321916,0.06098240613937378,0.0,0.0692654401063919,0.0,0.26743945479393005
2687,0.00544471824541688,0.017607684805989267,0.021132007986307145,0.059970998018980023,0.0,0.06927059590816498,0.0,0.26743999123573303
2688,0.005358769465237856,0.018479709327220917,0.021804452687501908,0.06616932898759842,0.0,0.06927428394556046,0.0,0.2674389183521271
2689,0.005036133341491222,0.018283994123339652,0.02147761546075344,0.06258601620793343,0.0,0.06927864998579025,0.0,0.2674390375614166
2690,0.005009086336940527,0.018029433861374854,0.021026686951518058,0.0603343203663826,0.0,0.0692812129855156,0.0,0.2674400210380554
2691,0.004986721184104681,0.017797651886940002,0.023791544511914252,0.06237363517284393,0.0,0.06928478181362152,0.0,0.26744142174720764
2692,0.0055211828090250496,0.018665940314531327,0.022488809749484064,0.06387871205806732,0.0,0.06929327547550201,0.0,0.2674402594566345
2693,0.005230216309428215,0.01785862073302269,0.021499797329306604,0.06091306284070015,0.0,0.06929932534694672,0.0,0.2674398124217987
2694,0.005006307829171419,0.018165486678481103,0.021571258082985878,0.06478125378489494,0.0,0.06930379569530487,0.0,0.26743894815444946
2695,0.005218237079679966,0.0181848980486393,0.019916312023997306,0.0631997399032116,0.0,0.06930598616600037,0.0,0.2674405872821808
2696,0.005307499133050442,0.017756762728095055,0.022014782577753068,0.060230798274278644,0.0,0.06930847465991974,0.0,0.267443984746933
2697,0.005186055786907673,0.018008412793278694,0.02156989984214306,0.06254927143454551,0.0,0.06930909305810928,0.0,0.2674465775489807
2698,0.005256256368011236,0.018139065802097322,0.023255282267928123,0.060244093835353854,0.0,0.06930820643901825,0.0,0.2674497961997986
2699,0.004972665384411812,0.018471723422408104,0.02210179641842842,0.0601617231965065,0.0,0.06930557638406754,0.0,0.26745516061782837
2700,0.0051674025133252146,0.01675015650689602,0.02288723476231098,0.0645654946565628,0.0,0.06930394470691681,0.0,0.2674621641635895
2701,0.005436813458800316,0.016622668504714964,0.021982941776514053,0.06281008049845696,0.0,0.06930132210254669,0.0,0.26746875047683716
2702,0.005148983560502529,0.01817396469414234,0.019833797588944435,0.06252464056015014,0.0,0.06929700821638107,0.0,0.2674764096736908
2703,0.004999670386314392,0.01760663092136383,0.020424264296889306,0.06135581731796265,0.0,0.06929309666156769,0.0,0.2674834132194519
2704,0.005171616934239865,0.01876305714249611,0.02152172029018402,0.06359554827213287,0.0,0.06928787380456924,0.0,0.2674887776374817
2705,0.005195580702275038,0.01818450354039669,0.021055730059742928,0.06236989572644234,0.0,0.06928213685750961,0.0,0.2674948275089264
2706,0.005333605594933033,0.018602022528648378,0.021923094242811202,0.0632518209517002,0.0,0.06928309053182602,0.0,0.26750025153160095
2707,0.005021614208817482,0.018458864837884902,0.022517400234937666,0.06215673461556435,0.0,0.06928228586912155,0.0,0.26750683784484863
2708,0.005407969653606415,0.018284396454691886,0.02155223786830902,0.06045913994312287,0.0,0.06929056346416473,0.0,0.2675129771232605
2709,0.005174918100237846,0.01912766732275486,0.021432992070913315,0.06208040714263916,0.0,0.06930001080036163,0.0,0.26751771569252014
2710,0.00474580992013216,0.017198972404003143,0.021346205845475197,0.06107083261013031,0.0,0.06930814683437347,0.0,0.2675221860408783
2711,0.00489133195951581,0.017873199284076692,0.022847015783190726,0.06451147794723511,0.0,0.0693138986825943,0.0,0.2675265669822693
2712,0.005351876839995384,0.018553975224494933,0.021340220421552657,0.06087340861558914,0.0,0.06931515038013458,0.0,0.26753076910972595
2713,0.0048976709134876725,0.018051352351903915,0.02049008719623089,0.06148554161190987,0.0,0.06931930780410767,0.0,0.2675357460975647
2714,0.005255695525556802,0.017444201931357383,0.021794414147734642,0.06095172017812729,0.0,0.06932444870471954,0.0,0.267539918422699
2715,0.005196484923362732,0.01865048073232174,0.02146306037902832,0.059179313480854034,0.0,0.06932968646287918,0.0,0.2675449252128601
2716,0.005110568273812533,0.01796218045055866,0.021609595417976378,0.06049054637551308,0.0,0.06933616101741791,0.0,0.26754993200302124
2717,0.005134234856814146,0.019101761654019354,0.020184942334890366,0.06420892998576164,0.0,0.06934650242328644,0.0,0.26755520701408386
2718,0.005442963354289532,0.017538151144981383,0.020939428731799124,0.06180474758148193,0.0,0.0693516880273819,0.0,0.26755911111831665
2719,0.005664876755326986,0.01838873401284218,0.021377012878656388,0.06352611035108566,0.0,0.0693582072854042,0.0,0.26756203174591064
2720,0.0048495021648705,0.017310727387666702,0.02219635583460331,0.06520507037639618,0.0,0.0693662017583847,0.0,0.26756271719932556
2721,0.005096800532191992,0.017610295116901396,0.0219934307038784,0.06294105127453804,0.0,0.0693727508187294,0.0,0.2675601840019226
2722,0.00496891988441348,0.0177822083234787,0.023632348328828812,0.0642880529165268,0.0,0.0693785548210144,0.0,0.2675560712814331
2723,0.005308294668793678,0.01885111480951309,0.02223209887742996,0.05987009853124618,0.0,0.06938399374485016,0.0,0.26755183935165405
2724,0.005274492595344782,0.018245508521795274,0.01963801197707653,0.06417233645915985,0.0,0.06938888132572174,0.0,0.26754888892173767
2725,0.005080015677958727,0.01796984262764454,0.020646223425865175,0.06757525503635406,0.0,0.06939483433961868,0.0,0.26754850149154663
2726,0.0056425538845360276,0.01759660504758358,0.02133011557161808,0.0625005230307579,0.0,0.06939729303121567,0.0,0.26755091547966003
2727,0.005531252734363079,0.018254975229501723,0.02228442132472992,0.06201327741146088,0.0,0.06940293312072754,0.0,0.26755499839782715
2728,0.00541140753775835,0.018099162727594376,0.020896720141172408,0.06428902447223664,0.0,0.06940571963787079,0.0,0.2675599157810211
2729,0.0050242900848388675,0.01851673312485218,0.022492093965411186,0.0636049136519432,0.0,0.06941324472427368,0.0,0.2675648629665375
2730,0.00545358145609498,0.01754334233701229,0.019970415532588957,0.06378666907548905,0.0,0.06942093372344971,0.0,0.26757124066352844
2731,0.004929654486477375,0.018952013179659843,0.023015327006578445,0.06010392382740974,0.0,0.06942663341760635,0.0,0.2675788700580597
2732,0.005352316237986088,0.018263842537999155,0.020146749913692474,0.06120581477880478,0.0,0.06943096965551376,0.0,0.2675859034061432
2733,0.005538755003362894,0.017755774036049842,0.022478727251291276,0.057135549187660215,0.0,0.0694354996085167,0.0,0.2675912380218506
2734,0.005447237566113472,0.017789748683571815,0.020650282874703406,0.06004164889454842,0.0,0.06943991780281067,0.0,0.2675953507423401
2735,0.005042165331542492,0.01806756481528282,0.0224957462400198,0.06184971034526825,0.0,0.06944122165441513,0.0,0.26759788393974304
2736,0.0055476207286119465,0.017486614733934404,0.02217532619833946,0.05595793202519417,0.0,0.06944281607866287,0.0,0.2675989270210266
2737,0.004873983096331358,0.017620198801159857,0.021633841469883917,0.06126842498779297,0.0,0.06944103538990021,0.0,0.26759785413742065
2738,0.005322021152824164,0.017386900261044502,0.021708428859710693,0.06405218988656998,0.0,0.06943579763174057,0.0,0.2675936818122864
2739,0.0048558742739260195,0.018644596636295318,0.022013792768120766,0.06292119845747948,0.0,0.06942733377218246,0.0,0.2675873637199402
2740,0.005181053001433611,0.018259188905358315,0.02233569398522377,0.06363932862877845,0.0,0.06942036747932434,0.0,0.26758161187171936
2741,0.00580353569239378,0.01777370274066925,0.02178228721022606,0.06239132881164551,0.0,0.0694146379828453,0.0,0.26757651567459106
2742,0.005586823634803295,0.018500562012195586,0.02155233025550842,0.057245385646820066,0.0,0.06940563023090363,0.0,0.26757383346557617
2743,0.005201080814003944,0.01837172918021679,0.021070176735520363,0.062110289186239245,0.0,0.06939953565597534,0.0,0.26757389307022095
2744,0.005094431899487972,0.01758301667869091,0.021933597698807716,0.05959283038973808,0.0,0.06939519196748734,0.0,0.26757508516311646
2745,0.005537908244878054,0.017797330021858217,0.02293306067585945,0.058533582091331485,0.0,0.06938853114843369,0.0,0.2675760090351105
2746,0.004933253396302462,0.017968444153666496,0.022655758634209634,0.06531453356146813,0.0,0.06937949359416962,0.0,0.2675766944885254
2747,0.005058185942471027,0.018831584602594376,0.022181933745741844,0.05768637433648109,0.0,0.0693679079413414,0.0,0.2675762176513672
2748,0.004962571244686842,0.018726738914847375,0.022250214219093324,0.06272042021155358,0.0,0.0693594291806221,0.0,0.2675735056400299
2749,0.0053282355889678005,0.017461954802274703,0.0216585710644722,0.06128818616271019,0.0,0.06935025751590729,0.0,0.26756876707077026
2750,0.005116836912930012,0.01784953661262989,0.021624715998768806,0.06269589364528656,0.0,0.06934131681919098,0.0,0.26756221055984497
2751,0.0051214111968874935,0.01786879152059555,0.022325654700398444,0.05994299277663231,0.0,0.06933476775884628,0.0,0.2675543427467346
2752,0.005190737918019295,0.01898975744843483,0.02087414301931858,0.06271168440580369,0.0,0.06933343410491943,0.0,0.2675476670265198
2753,0.005071932822465897,0.017865785956382753,0.022699987143278123,0.058263146132230756,0.0,0.06932966411113739,0.0,0.2675403356552124
2754,0.005435407347977162,0.019011999294161797,0.021556816622614862,0.06427201256155968,0.0,0.06932912766933441,0.0,0.2675328552722931
2755,0.005295093636959791,0.018777433037757873,0.021124324575066567,0.059783424437046054,0.0,0.0693269744515419,0.0,0.26752522587776184
2756,0.005432106647640466,0.01820494495332241,0.020946774259209634,0.061113298684358594,0.0,0.06932584941387177,0.0,0.2675185799598694
2757,0.00555731737986207,0.017998041957616805,0.023201623186469077,0.061493809521198275,0.0,0.06932534277439117,0.0,0.26751431822776794
2758,0.0058611762709915635,0.018576618656516074,0.021377291157841684,0.06437775641679763,0.0,0.06932660937309265,0.0,0.2675117254257202
2759,0.0052296933718025684,0.01741035468876362,0.019820621982216836,0.06080293357372284,0.0,0.06932330876588821,0.0,0.26750874519348145
2760,0.005086623597890139,0.01741217225790024,0.02171504758298397,0.06136656403541565,0.0,0.06932535022497177,0.0,0.26750683784484863
2761,0.005139230657368899,0.018870742991566658,0.019271424785256386,0.06327136904001236,0.0,0.06932993978261948,0.0,0.2675052881240845
2762,0.005095215793699026,0.01801462471485138,0.02460958659648895,0.05847953706979751,0.0,0.06933585554361343,0.0,0.2675022482872009
2763,0.00508030029013753,0.017569060996174814,0.02145852893590927,0.06482273042201996,0.0,0.06934250891208649,0.0,0.26749706268310547
2764,0.005216201953589916,0.018250004574656486,0.022144241258502007,0.06275806203484535,0.0,0.06935210525989532,0.0,0.26749280095100403
2765,0.00472115557640791,0.018226459622383118,0.02225373461842537,0.057397548109292984,0.0,0.06936163455247879,0.0,0.26748931407928467
2766,0.005308935698121786,0.017444248124957085,0.02122848741710186,0.061657156050205233,0.0,0.06936801970005035,0.0,0.2674870193004608
2767,0.005173427984118462,0.018612105399370193,0.020874102413654328,0.06191099211573601,0.0,0.06937115639448166,0.0,0.2674831748008728
2768,0.005794503539800644,0.017644977569580077,0.02136929742991924,0.0626104436814785,0.0,0.06937356293201447,0.0,0.2674793601036072
2769,0.005261449422687292,0.017176759988069536,0.02174934223294258,0.059710925072431566,0.0,0.06937498599290848,0.0,0.267475426197052
2770,0.00531684048473835,0.01758718751370907,0.023542389273643494,0.06345494836568832,0.0,0.06937633454799652,0.0,0.2674712836742401
2771,0.0049076956696808335,0.017245587334036826,0.022162048146128654,0.06333825141191482,0.0,0.0693747028708458,0.0,0.26746466755867004
2772,0.0051382195204496385,0.017569154500961304,0.021369710192084314,0.06191610470414162,0.0,0.069368377327919,0.0,0.26745709776878357
2773,0.005118691641837358,0.017777273431420326,0.02069145776331425,0.06142713651061058,0.0,0.06936565786600113,0.0,0.26745280623435974
2774,0.005076640471816063,0.018164245039224626,0.02255656085908413,0.06209915280342102,0.0,0.06936074793338776,0.0,0.26744869351387024
2775,0.005088608805090189,0.01808004230260849,0.02105896919965744,0.062162811309099196,0.0,0.06935454905033112,0.0,0.26744523644447327
2776,0.0053792730905115604,0.01786428727209568,0.02115537375211716,0.06425448879599571,0.0,0.06935562193393707,0.0,0.26744240522384644
2777,0.0049784817732870575,0.018522315472364426,0.022896413505077363,0.06310276463627815,0.0,0.06935577094554901,0.0,0.2674389183521271
2778,0.005425473302602768,0.01831265985965729,0.021401579305529595,0.06249119415879249,0.0,0.06935805082321167,0.0,0.2674350142478943
2779,0.005329283699393272,0.017118095979094507,0.022403733059763908,0.06269283071160317,0.0,0.0693628340959549,0.0,0.2674315869808197
2780,0.005225463025271893,0.018753600120544434,0.021739277243614196,0.05811055153608322,0.0,0.06936527043581009,0.0,0.2674264907836914
2781,0.005351691879332066,0.0186245359480381,0.020350751280784608,0.06368577778339386,0.0,0.06936834752559662,0.0,0.26742038130760193
2782,0.0054506160318851474,0.019144706055521966,0.022144266590476035,0.06385146230459213,0.0,0.06936589628458023,0.0,0.26741549372673035
2783,0.005183003563433886,0.018657705187797545,0.022338904067873956,0.055894899368286136,0.0,0.06936913728713989,0.0,0.2674102187156677
2784,0.005004230234771967,0.017734613642096518,0.021910401806235314,0.06290174201130867,0.0,0.0693759024143219,0.0,0.26740676164627075
2785,0.004893407970666885,0.0182111456990242,0.019516047090291977,0.06091492101550102,0.0,0.06937878578901291,0.0,0.26740437746047974
2786,0.005030132550746203,0.01750018335878849,0.022259125858545302,0.06270817667245865,0.0,0.0693771168589592,0.0,0.26740413904190063
2787,0.0052934916689991954,0.018621966242790222,0.022106729447841644,0.06164058893918991,0.0,0.06936953216791153,0.0,0.2674029767513275
2788,0.00525509137660265,0.01800457052886486,0.022296712547540665,0.06472482681274414,0.0,0.06937197595834732,0.0,0.267400860786438
2789,0.005327199585735798,0.018403401225805284,0.020427949354052545,0.06658662557601928,0.0,0.06937123835086823,0.0,0.2673966884613037
2790,0.004880772996693849,0.019064057245850564,0.023125484585762024,0.061008486151695254,0.0,0.06937052309513092,0.0,0.26739150285720825
2791,0.004706261958926916,0.018808436393737794,0.019950000569224358,0.061754167824983594,0.0,0.06936835497617722,0.0,0.26738598942756653
2792,0.005253903847187757,0.018016060814261436,0.021754716336727143,0.058498450368642804,0.0,0.06936470419168472,0.0,0.2673794627189636
2793,0.005120282247662544,0.017992787435650824,0.022010974958539008,0.06442553028464318,0.0,0.06936096400022507,0.0,0.2673738896846771
2794,0.005458861496299506,0.018779438361525534,0.021292616426944733,0.05957493633031845,0.0,0.06936429440975189,0.0,0.26736772060394287
2795,0.00493696965277195,0.018268507719039918,0.022551674768328665,0.05925865098834038,0.0,0.06937271356582642,0.0,0.26736336946487427
2796,0.005071493797004223,0.018566401675343513,0.02319863364100456,0.06016719862818718,0.0,0.06938348710536957,0.0,0.2673611044883728
2797,0.005143147334456444,0.018740849941968916,0.022737769037485124,0.05949497371912003,0.0,0.06939655542373657,0.0,0.26735809445381165
2798,0.0050903547555208204,0.017461880296468734,0.021140220016241072,0.059372616559267045,0.0,0.0694197565317154,0.0,0.2673560678958893
2799,0.0051419689320027825,0.018431665003299715,0.019297601655125618,0.05892694592475891,0.0,0.06943811476230621,0.0,0.2673521935939789
2800,0.005318164546042681,0.018119267374277114,0.021709182858467103,0.06123643815517425,0.0,0.06945101171731949,0.0,0.2673490643501282
2801,0.005384226609021425,0.01728610396385193,0.021995338052511214,0.0626897469162941,0.0,0.06946626305580139,0.0,0.26734691858291626
2802,0.004971311520785093,0.01771933548152447,0.022408348694443702,0.06358021646738052,0.0,0.06947516649961472,0.0,0.26734575629234314
2803,0.005226896982640028,0.017553018778562544,0.02165951319038868,0.05897464901208878,0.0,0.06948301941156387,0.0,0.2673459053039551
2804,0.0048553809523582455,0.017454194277524947,0.023156336322426797,0.06664439886808396,0.0,0.06948579847812653,0.0,0.2673470079898834
2805,0.005361772608011961,0.017439192906022073,0.020895936712622642,0.058795984089374545,0.0,0.06948525458574295,0.0,0.2673472762107849
2806,0.005359122902154923,0.01729275193065405,0.023333585634827615,0.061045408993959424,0.0,0.06948371231555939,0.0,0.26735055446624756
2807,0.005291068181395531,0.01803227737545967,0.021743210777640343,0.06478319764137268,0.0,0.06947928667068481,0.0,0.2673530578613281
2808,0.005185761209577322,0.018311692774295805,0.02403734400868416,0.06100140586495399,0.0,0.06947305053472519,0.0,0.2673576772212982
2809,0.00538158044219017,0.01711275167763233,0.020753516629338265,0.06272130459547043,0.0,0.06946897506713867,0.0,0.2673629820346832
2810,0.005431871023029089,0.01728062368929386,0.022549082338809968,0.06389821693301201,0.0,0.06947064399719238,0.0,0.26736980676651
2811,0.004828533623367548,0.018678795918822287,0.020623255521059036,0.061862772703170775,0.0,0.06947343796491623,0.0,0.2673763632774353
2812,0.005183596909046173,0.018359212577342986,0.024488746747374536,0.06327619105577469,0.0,0.06947577744722366,0.0,0.26738008856773376
2813,0.004888379201292992,0.01894138753414154,0.022224101424217223,0.06210500150918961,0.0,0.06947499513626099,0.0,0.2673855423927307
2814,0.0051256148144602776,0.017609893903136255,0.022510846331715583,0.06037473678588867,0.0,0.06947676837444305,0.0,0.26738888025283813
2815,0.004941107891499996,0.01780257411301136,0.021613230183720588,0.06083946079015732,0.0,0.06948146969079971,0.0,0.2673935890197754
2816,0.005352945439517498,0.019057492539286614,0.02216227762401104,0.06030373126268387,0.0,0.0694817379117012,0.0,0.26739802956581116
2817,0.004947035852819681,0.017697977647185326,0.019462262839078905,0.06275483891367913,0.0,0.06949243694543839,0.0,0.2674032747745514
2818,0.005053046252578497,0.017891872301697732,0.020929214730858802,0.063849887996912,0.0,0.0694989413022995,0.0,0.2674097716808319
2819,0.00559585951268673,0.01872943565249443,0.021640073880553244,0.06278321817517281,0.0,0.06950512528419495,0.0,0.26741424202919006
2820,0.005027491506189108,0.019078875333070754,0.019550121575593948,0.06508619710803032,0.0,0.06951097398996353,0.0,0.2674180567264557
2821,0.005168335698544979,0.017583005502820014,0.02257673069834709,0.06294354498386383,0.0,0.06951901316642761,0.0,0.2674209177494049
2822,0.005166127439588308,0.01756219528615475,0.021127410233020782,0.0663041353225708,0.0,0.06953118741512299,0.0,0.2674242854118347
2823,0.005018728226423264,0.018551555275917054,0.020319980382919312,0.057737509906291964,0.0,0.069539874792099,0.0,0.26742690801620483
2824,0.005083872750401497,0.018607695773243903,0.02212049961090088,0.05818062499165535,0.0,0.06955268979072571,0.0,0.26742783188819885
2825,0.004921337123960257,0.017601050809025763,0.021849197894334794,0.06170218214392662,0.0,0.06956885755062103,0.0,0.26742756366729736
2826,0.004976335819810629,0.018114682659506796,0.021204090863466262,0.059673669189214705,0.0,0.06957948207855225,0.0,0.26742616295814514
2827,0.005181584227830172,0.018873687833547592,0.020578117668628694,0.060165511816740035,0.0,0.06958868354558945,0.0,0.2674230635166168
2828,0.004960731510072947,0.018495063483715057,0.021870768442749978,0.06203139126300812,0.0,0.06960491091012955,0.0,0.26742005348205566
2829,0.00504468297585845,0.01811952330172062,0.021045792475342752,0.06052694395184517,0.0,0.06961869448423386,0.0,0.267417848110199
2830,0.005309242568910122,0.016914439760148524,0.02190195322036743,0.06425686851143837,0.0,0.06963884085416794,0.0,0.26741823554039
2831,0.0053572096861898896,0.018975121155381202,0.02190617397427559,0.06540454402565957,0.0,0.06965868175029755,0.0,0.2674187421798706
2832,0.00488221850246191,0.018264351040124895,0.020211321115493775,0.05937263369560242,0.0,0.06967610865831375,0.0,0.2674183249473572
2833,0.004930304363369942,0.01761578656733036,0.020634859427809717,0.05994278639554977,0.0,0.06968724727630615,0.0,0.2674176096916199
2834,0.004862071108072996,0.017066388577222823,0.021783213317394256,0.06568292081356049,0.0,0.06969624012708664,0.0,0.26742023229599
2835,0.0050806131213903425,0.018515370786190033,0.019926883280277252,0.05909029096364975,0.0,0.06970185041427612,0.0,0.26742303371429443
2836,0.004740941058844328,0.016876257583498956,0.021078229323029517,0.060817408561706546,0.0,0.06971071660518646,0.0,0.2674247622489929
2837,0.005104406829923391,0.017617791891098022,0.020735862478613854,0.06272977069020272,0.0,0.06971697509288788,0.0,0.26742634177207947
2838,0.00483344653621316,0.018453852832317354,0.020592379197478295,0.06036970093846321,0.0,0.06972310692071915,0.0,0.26742663979530334
2839,0.004996242094784975,0.01725073792040348,0.022516579180955888,0.06225954294204712,0.0,0.06972827017307281,0.0,0.26742714643478394
2840,0.005128166638314724,0.018585696816444397,0.02150549441576004,0.0641476109623909,0.0,0.06973236799240112,0.0,0.26742538809776306
2841,0.005042298324406147,0.01798197701573372,0.02337747812271118,0.06297445297241211,0.0,0.06973601877689362,0.0,0.2674242854118347
2842,0.005300237983465195,0.01766580231487751,0.022444356977939606,0.0614911749958992,0.0,0.06973781436681747,0.0,0.26742249727249146
2843,0.005588302575051785,0.018324948847293854,0.0226653590798378,0.06299482733011245,0.0,0.06973393261432648,0.0,0.26742133498191833
2844,0.0051447487436234954,0.018202460184693337,0.021643395721912383,0.0646531343460083,0.0,0.06973252445459366,0.0,0.26742011308670044
2845,0.005027417372912168,0.01777306478470564,0.020393580198287964,0.06255541071295738,0.0,0.06973004341125488,0.0,0.2674195170402527
2846,0.0052160083316266535,0.01835043467581272,0.021582609787583352,0.06416545733809471,0.0,0.06972898542881012,0.0,0.2674197554588318
2847,0.005158084630966187,0.018628784641623496,0.021468963101506235,0.062124964594841,0.0,0.06973143666982651,0.0,0.26742109656333923
2848,0.005221862345933914,0.017923277616500855,0.021841602772474288,0.0617586113512516,0.0,0.06973685324192047,0.0,0.2674240171909332
2849,0.005049787368625403,0.017501821741461754,0.021537110954523087,0.06044277027249336,0.0,0.06973873823881149,0.0,0.26742592453956604
2850,0.004829006921499968,0.018429579585790633,0.021424705535173415,0.05952028259634971,0.0,0.06974121928215027,0.0,0.26742690801620483
2851,0.0050026364624500275,0.01795533299446106,0.023119602352380753,0.0621412381529808,0.0,0.06974121183156967,0.0,0.26742786169052124
2852,0.005127722769975663,0.019030406326055526,0.019020142406225203,0.058721966296434405,0.0,0.06973469257354736,0.0,0.26742982864379883
2853,0.005209485348314047,0.018394827842712402,0.021480728313326834,0.0612040676176548,0.0,0.06972832977771759,0.0,0.26743146777153015
2854,0.004631012212485075,0.018649438768625258,0.020827893540263175,0.06405095309019089,0.0,0.06972133368253708,0.0,0.267433226108551
2855,0.005518668983131647,0.017374662309885026,0.02318965308368206,0.06241455227136612,0.0,0.0697176605463028,0.0,0.26743611693382263
2856,0.005263084359467029,0.018791299685835837,0.02328488975763321,0.059113319218158725,0.0,0.0697174221277237,0.0,0.26743704080581665
2857,0.005084172915667295,0.018478131294250487,0.02167643830180168,0.05985547304153442,0.0,0.06971456110477448,0.0,0.2674386203289032
2858,0.005103079602122307,0.01810041256248951,0.02362396977841854,0.0632730171084404,0.0,0.06971355527639389,0.0,0.26743921637535095
2859,0.005287320166826248,0.01739855036139488,0.020052365958690643,0.06116821467876434,0.0,0.06971235573291779,0.0,0.26743993163108826
2860,0.005151080898940563,0.01817915253341198,0.02164740301668644,0.060235582292079926,0.0,0.06970654428005219,0.0,0.26744168996810913
2861,0.00472721029073,0.018420017883181573,0.021215852349996567,0.06645678728818893,0.0,0.06969614326953888,0.0,0.2674427926540375
2862,0.005253898911178112,0.018446195125579833,0.021686908975243568,0.06262351870536804,0.0,0.0696878731250763,0.0,0.26744380593299866
2863,0.004958084132522344,0.018031826242804527,0.021682272851467132,0.06156189888715744,0.0,0.06968072801828384,0.0,0.2674465775489807
2864,0.005471965484321118,0.017872533574700356,0.020507917553186417,0.06043221578001976,0.0,0.0696726068854332,0.0,0.26744794845581055
2865,0.0056857790797948836,0.01851775161921978,0.019559887051582337,0.06064561828970909,0.0,0.06965937465429306,0.0,0.2674477696418762
2866,0.005330087430775165,0.01782624013721943,0.020767579972743987,0.06021775230765343,0.0,0.06964503228664398,0.0,0.26744696497917175
2867,0.004961878433823586,0.01771494224667549,0.023206963390111923,0.06665177345275879,0.0,0.06962821632623672,0.0,0.2674451470375061
2868,0.005303686298429966,0.018753988668322563,0.021328134462237358,0.0614076666533947,0.0,0.06961230933666229,0.0,0.2674412429332733
2869,0.005256159417331219,0.018226798996329306,0.021577703952789306,0.061065755784511566,0.0,0.06959551572799683,0.0,0.26743656396865845
2870,0.0047851396724581715,0.017528802528977393,0.023579960316419603,0.06239677295088768,0.0,0.06958673149347305,0.0,0.26743263006210327
2871,0.005429542064666748,0.01861536391079426,0.01922565884888172,0.0594776913523674,0.0,0.06957797706127167,0.0,0.26742929220199585
2872,0.005345250945538282,0.018575378134846686,0.021599106118083,0.05899432525038719,0.0,0.06958134472370148,0.0,0.26742619276046753
2873,0.005026241298764944,0.018401116877794266,0.023348963260650633,0.06287119463086129,0.0,0.06959155946969986,0.0,0.267423152923584
2874,0.005338948499411344,0.018271845020353793,0.02033114843070507,0.05792621597647667,0.0,0.06960262358188629,0.0,0.2674209177494049
2875,0.00495148217305541,0.018267250806093215,0.02349613159894943,0.05924293547868729,0.0,0.06961310654878616,0.0,0.26742005348205566
2876,0.004996503330767154,0.017554587312042715,0.020882202312350273,0.059503224492073056,0.0,0.06962312757968903,0.0,0.26742035150527954
2877,0.00488525228574872,0.018100124970078468,0.021161973476409912,0.06056089475750923,0.0,0.0696292296051979,0.0,0.26742246747016907
2878,0.004747506137937308,0.01819714456796646,0.02146376632153988,0.06056201756000519,0.0,0.06962797045707703,0.0,0.267426073551178
2879,0.005600186996161938,0.016813017800450324,0.0215389646589756,0.060073334723711014,0.0,0.06962433457374573,0.0,0.26743024587631226
2880,0.005291093047708273,0.017603639885783194,0.022568483278155325,0.06306657642126083,0.0,0.0696156769990921,0.0,0.26743602752685547
2881,0.005007621925324201,0.018643176183104515,0.021844997256994247,0.06350685507059098,0.0,0.0696072056889534,0.0,0.26744118332862854
2882,0.005188960954546929,0.017363806255161762,0.02075391188263893,0.05977024957537651,0.0,0.06960536539554596,0.0,0.26744699478149414
2883,0.005440002959221602,0.017836686223745346,0.021899863332509994,0.05990329310297966,0.0,0.0695997029542923,0.0,0.26745206117630005
2884,0.005138429347425699,0.017336188070476054,0.02293507494032383,0.06573298349976539,0.0,0.06958869844675064,0.0,0.26745685935020447
2885,0.0051623847335577015,0.017806586995720863,0.022472866997122764,0.05995933562517166,0.0,0.06958463788032532,0.0,0.2674606740474701
2886,0.005443714931607247,0.01775544062256813,0.022820206731557845,0.05937870740890503,0.0,0.06957908719778061,0.0,0.26746249198913574
2887,0.00523220868781209,0.018625791370868682,0.02223476618528366,0.06256374418735504,0.0,0.06957127153873444,0.0,0.2674626410007477
2888,0.005113961454480886,0.018853304907679558,0.022850733250379562,0.059788089245557785,0.0,0.06956709921360016,0.0,0.26746079325675964
2889,0.004904035106301307,0.01780487559735775,0.022235822305083273,0.060924476385116576,0.0,0.06956501305103302,0.0,0.26745763421058655
2890,0.00517829954624176,0.01896842531859875,0.02129765637218952,0.06258105412125588,0.0,0.06956923753023148,0.0,0.2674562335014343
2891,0.005483001377433539,0.016663500107824802,0.021128423884510993,0.060307057946920394,0.0,0.06957802176475525,0.0,0.2674548029899597
2892,0.005443900357931852,0.017351786233484746,0.022207071259617805,0.06413930580019951,0.0,0.06958763301372528,0.0,0.26745539903640747
2893,0.005171576980501413,0.01753876805305481,0.021323664486408232,0.06100867092609406,0.0,0.06960158795118332,0.0,0.26745742559432983
2894,0.005119318794459105,0.018615619838237764,0.021962406858801842,0.06121273338794708,0.0,0.06961359828710556,0.0,0.26746052503585815
2895,0.00494683813303709,0.018463705107569693,0.021319090947508813,0.06201713457703591,0.0,0.0696292445063591,0.0,0.2674632966518402
2896,0.004995806887745857,0.01785862222313881,0.0231125146150589,0.06168719902634621,0.0,0.06964723020792007,0.0,0.26746708154678345
2897,0.004926701076328754,0.017550913617014885,0.02118985280394554,0.06603747084736825,0.0,0.06965933740139008,0.0,0.26746898889541626
2898,0.005279491562396288,0.017414921149611472,0.020909309014678003,0.06070887371897697,0.0,0.06966853141784668,0.0,0.26746708154678345
2899,0.005007275566458702,0.018157295137643813,0.02166680358350277,0.0630481518805027,0.0,0.06967876851558685,0.0,0.2674649953842163
2900,0.0052867761813104154,0.01858125478029251,0.022305214777588844,0.06258095279335976,0.0,0.0696900337934494,0.0,0.2674616873264313
2901,0.005562402121722698,0.018514889106154443,0.02177237719297409,0.06239333525300026,0.0,0.06969807296991348,0.0,0.26746076345443726
2902,0.00527657475322485,0.017902275547385216,0.023698104172945024,0.05803446099162102,0.0,0.06971128284931183,0.0,0.26746121048927307
2903,0.0050504270009696485,0.018572468683123587,0.021017611399292944,0.06225606873631477,0.0,0.0697210356593132,0.0,0.2674640119075775
2904,0.005138997454196215,0.018044650554656982,0.022060295194387437,0.06440171301364898,0.0,0.06972642242908478,0.0,0.26746684312820435
2905,0.005199970118701458,0.018012182042002677,0.022962383180856704,0.05666651427745819,0.0,0.06972972303628922,0.0,0.2674708962440491
2906,0.005156193859875202,0.017624181509017945,0.023021793365478514,0.06549722030758857,0.0,0.06973398476839066,0.0,0.26747485995292664
2907,0.005227875150740147,0.017898645624518393,0.020812380686402322,0.06310833543539048,0.0,0.06973586231470108,0.0,0.2674788534641266
2908,0.005136567912995815,0.018457821384072304,0.021868375688791276,0.058077477663755414,0.0,0.06973494589328766,0.0,0.26748228073120117
2909,0.004986725747585297,0.018222987279295923,0.021770633384585382,0.06497067958116531,0.0,0.06973519176244736,0.0,0.2674843668937683
2910,0.005416021030396223,0.01806890405714512,0.02415894828736782,0.06339099705219269,0.0,0.0697316974401474,0.0,0.26748770475387573
2911,0.005435792449861765,0.018070274963974953,0.021126728877425192,0.06153879314661026,0.0,0.06973137706518173,0.0,0.26749148964881897
2912,0.004833328351378441,0.01804795116186142,0.022338033467531205,0.06038444861769676,0.0,0.06973136961460114,0.0,0.2674945294857025
2913,0.005520284920930862,0.018062015995383263,0.021136337518692018,0.05987026318907738,0.0,0.0697319358587265,0.0,0.2674972116947174
2914,0.005030921380966902,0.01787305735051632,0.02182876691222191,0.06141353994607925,0.0,0.06973986327648163,0.0,0.2675008475780487
2915,0.005378164723515511,0.018951591104269028,0.021807826310396194,0.060575156658887866,0.0,0.06974868476390839,0.0,0.26750338077545166
2916,0.004795151576399803,0.019194397330284118,0.021428772062063218,0.0634167730808258,0.0,0.06975938379764557,0.0,0.26750487089157104
2917,0.0049669438973069194,0.01831345967948437,0.021241569891572,0.06031548380851746,0.0,0.06977327913045883,0.0,0.2675071358680725
2918,0.005136359203606844,0.017699121683835983,0.02244645170867443,0.06109555438160896,0.0,0.0697871521115303,0.0,0.26751020550727844
2919,0.0052951578050851825,0.017821424081921576,0.021121226996183396,0.060197167098522186,0.0,0.0698041319847107,0.0,0.26751431822776794
2920,0.005460458341985941,0.018008760735392572,0.021009422838687897,0.06059983447194099,0.0,0.06982152163982391,0.0,0.26751771569252014
2921,0.005239159148186445,0.018566976860165597,0.02141119949519634,0.060156823694705965,0.0,0.0698360800743103,0.0,0.2675195336341858
2922,0.005159538518637419,0.0189923495054245,0.022812595963478087,0.06215750202536583,0.0,0.06985374540090561,0.0,0.2675210237503052
2923,0.005322701670229435,0.017517471499741078,0.022022728621959687,0.06606046259403228,0.0,0.06987324357032776,0.0,0.26752108335494995
2924,0.005431238655000925,0.01759764403104782,0.022404484823346137,0.06266235187649727,0.0,0.06989540159702301,0.0,0.2675212025642395
2925,0.005111421830952168,0.017460370808839797,0.02074728421866894,0.05881334021687508,0.0,0.06991390138864517,0.0,0.2675207555294037
2926,0.004979182034730911,0.0177912924438715,0.02049988806247711,0.06309767737984658,0.0,0.06993452459573746,0.0,0.26751935482025146
2927,0.0051341587677598,0.017820462025702,0.02148074470460415,0.05759180933237076,0.0,0.06995163857936859,0.0,0.2675197422504425
2928,0.005276557337492704,0.018050936236977577,0.02045971676707268,0.06435733810067176,0.0,0.06996621191501617,0.0,0.2675212025642395
2929,0.005174999590963125,0.018611500039696693,0.02159382402896881,0.06374235078692436,0.0,0.06997667253017426,0.0,0.2675243020057678
2930,0.004883280489593744,0.01834750883281231,0.02263409234583378,0.058604021370410916,0.0,0.06998839229345322,0.0,0.267529159784317
2931,0.005174297373741865,0.018002909794449806,0.020914071425795554,0.059986648708581926,0.0,0.06999167054891586,0.0,0.2675338387489319
2932,0.005275013949722051,0.017435429245233537,0.022692259401082993,0.05849727317690849,0.0,0.06999559700489044,0.0,0.2675369381904602
2933,0.005242419894784689,0.018141188099980353,0.021874821931123733,0.06402760371565819,0.0,0.06999559700489044,0.0,0.2675389349460602
2934,0.005492596793919802,0.018121646717190742,0.020937658473849298,0.061680679023265836,0.0,0.06999558210372925,0.0,0.26753950119018555
2935,0.005146538093686104,0.017782060801982878,0.022128769382834434,0.0615369476377964,0.0,0.07000058889389038,0.0,0.26754188537597656
2936,0.005402281694114208,0.017266134545207024,0.021868132054805756,0.060931477695703506,0.0,0.07000699639320374,0.0,0.2675459384918213
2937,0.005431221332401037,0.017279743403196334,0.022734706103801728,0.06399751156568527,0.0,0.07001388072967529,0.0,0.26755011081695557
2938,0.005162737984210253,0.018268290907144547,0.022444498538970948,0.05971511155366897,0.0,0.07001807540655136,0.0,0.26755404472351074
2939,0.004997691884636879,0.01893899068236351,0.02263607569038868,0.05850519314408302,0.0,0.07001708447933197,0.0,0.2675577998161316
2940,0.005254130437970161,0.018771781027317046,0.02227681949734688,0.06455003023147583,0.0,0.07001569122076035,0.0,0.26756033301353455
2941,0.005064685735851527,0.017788954451680182,0.021447059884667396,0.06397796869277954,0.0,0.07001353055238724,0.0,0.2675619125366211
2942,0.005354040767997503,0.01854960694909096,0.02108532525599003,0.05991602912545204,0.0,0.07001538574695587,0.0,0.2675631046295166
2943,0.004919654224067926,0.01773887053132057,0.0217758908867836,0.06362938061356545,0.0,0.07001958787441254,0.0,0.2675630450248718
2944,0.005060143582522869,0.01798488460481167,0.02193571962416172,0.06101910173892975,0.0,0.07002930343151093,0.0,0.2675623893737793
2945,0.005117864068597555,0.018524003401398658,0.022556107863783835,0.06018920689821243,0.0,0.07003999501466751,0.0,0.26756149530410767
2946,0.005460405815392732,0.017743316665291785,0.021829881146550177,0.059601901471614836,0.0,0.07004927098751068,0.0,0.26756125688552856
2947,0.005286851059645414,0.01944126598536968,0.021979446336627007,0.06402619704604148,0.0,0.07005514949560165,0.0,0.2675599455833435
2948,0.005202618893235922,0.01735168918967247,0.021683162823319436,0.05755210295319557,0.0,0.07006112486124039,0.0,0.26756078004837036
2949,0.005256382189691067,0.01776202842593193,0.021695070341229437,0.06345842629671097,0.0,0.07006460428237915,0.0,0.2675613462924957
2950,0.005277231056243181,0.018259112536907197,0.02300555519759655,0.0649974636733532,0.0,0.07006389647722244,0.0,0.2675620913505554
2951,0.005514521244913339,0.01847071312367916,0.02127654105424881,0.06256814301013947,0.0,0.07005959004163742,0.0,0.26756250858306885
2952,0.005184135492891073,0.01803867220878601,0.022501522302627565,0.06073758155107498,0.0,0.0700499638915062,0.0,0.26756152510643005
2953,0.005192839447408915,0.018708240985870362,0.020818392187356947,0.060639404505491254,0.0,0.07003764808177948,0.0,0.26756054162979126
2954,0.005082631949335337,0.01789657287299633,0.021380624920129775,0.0606797069311142,0.0,0.07002130895853043,0.0,0.26756033301353455
2955,0.004937360528856516,0.01886950358748436,0.02175763323903084,0.0627213440835476,0.0,0.07000516355037689,0.0,0.26756036281585693
2956,0.00549920266494155,0.018459032848477365,0.02226584665477276,0.05994842872023583,0.0,0.06998373568058014,0.0,0.26756078004837036
2957,0.005294308718293905,0.018606141209602356,0.020972535759210587,0.05574948489665985,0.0,0.0699651688337326,0.0,0.26755934953689575
2958,0.005038026906549931,0.0178645022213459,0.02078525349497795,0.06259183064103127,0.0,0.06994948536157608,0.0,0.26755934953689575
2959,0.004887766763567924,0.018152640014886857,0.023568568751215935,0.05721445530653,0.0,0.06993342936038971,0.0,0.26756006479263306
2960,0.005392551608383656,0.017120139487087727,0.021605420112609863,0.0609446220099926,0.0,0.06991399079561234,0.0,0.2675614058971405
2961,0.005320533830672503,0.01754327565431595,0.020642758905887605,0.06326503828167915,0.0,0.06989334523677826,0.0,0.26756107807159424
2962,0.0050180434249341484,0.0184352507814765,0.02057776041328907,0.057665441930294034,0.0,0.06987428665161133,0.0,0.2675601840019226
2963,0.00520794028416276,0.018036217242479325,0.019907121732831,0.06356544569134712,0.0,0.06985609233379364,0.0,0.26756030321121216
2964,0.005048081930726767,0.01848202235996723,0.02257256619632244,0.06053777411580086,0.0,0.0698339119553566,0.0,0.2675599753856659
2965,0.005471319984644651,0.01688004210591316,0.021409232914447785,0.06557336747646332,0.0,0.06981134414672852,0.0,0.2675570845603943
2966,0.005129663366824388,0.018451863527297975,0.02043600156903267,0.06365253627300263,0.0,0.06978663057088852,0.0,0.26755326986312866
2967,0.0053334861993789675,0.017247631028294564,0.020298998802900314,0.05888475999236107,0.0,0.06976557523012161,0.0,0.26754966378211975
2968,0.005721955187618732,0.017812363803386688,0.022661253437399866,0.06494269222021103,0.0,0.06975339353084564,0.0,0.26754480600357056
2969,0.005117161106318236,0.017779184505343437,0.021873040497303008,0.06132895797491074,0.0,0.06974353641271591,0.0,0.26753726601600647
2970,0.005267915688455105,0.01806277111172676,0.020639975368976594,0.0619057647883892,0.0,0.06973280012607574,0.0,0.26753100752830505
2971,0.004997123777866363,0.01825317144393921,0.021897048875689506,0.05882286876440048,0.0,0.06971948593854904,0.0,0.2675253450870514
2972,0.0050060397014021875,0.017822468653321266,0.0229562159627676,0.06091644093394279,0.0,0.06971421092748642,0.0,0.26751893758773804
2973,0.005160772241652012,0.016924198530614377,0.0200912743806839,0.05900447517633438,0.0,0.06970594823360443,0.0,0.2675134539604187
2974,0.005264723580330611,0.017989254370331765,0.021766991540789603,0.06302064806222915,0.0,0.0696953758597374,0.0,0.2675085961818695
2975,0.005089383665472269,0.01717306412756443,0.020885405689477922,0.0645774781703949,0.0,0.06968256086111069,0.0,0.2675043046474457
2976,0.005298148468136787,0.01755865290760994,0.02127522714436054,0.057122836261987685,0.0,0.06966257095336914,0.0,0.26749998331069946
2977,0.004982993192970753,0.017757011577486992,0.020132828131318094,0.060135138034820554,0.0,0.06964252144098282,0.0,0.2674964964389801
2978,0.005348418653011322,0.0173068318516016,0.021512259915471076,0.06746102198958397,0.0,0.06962478160858154,0.0,0.2674933075904846
2979,0.005630611069500446,0.01775706559419632,0.02226992920041084,0.060350730270147326,0.0,0.06960858404636383,0.0,0.26749125123023987
2980,0.00511282728984952,0.018102453649044038,0.023397067561745644,0.06197524145245552,0.0,0.06959258019924164,0.0,0.2674899697303772
2981,0.0053018034435808655,0.017500724643468857,0.02201850078999996,0.06374490335583687,0.0,0.06957933306694031,0.0,0.26748859882354736
2982,0.005279357545077801,0.0181558758020401,0.02321951910853386,0.06235468834638595,0.0,0.0695665031671524,0.0,0.26748648285865784
2983,0.0051364641636610035,0.018800777569413184,0.02114090844988823,0.060394495725631714,0.0,0.06955557316541672,0.0,0.2674836814403534
2984,0.005221969541162252,0.017586451023817062,0.02237972356379032,0.062014808505773546,0.0,0.069547638297081,0.0,0.2674833834171295
2985,0.0051062052138149735,0.018677107617259027,0.02137814648449421,0.059807389974594116,0.0,0.06953902542591095,0.0,0.2674839496612549
2986,0.0051699838601052765,0.01869002655148506,0.02053643688559532,0.06071111857891083,0.0,0.06952892243862152,0.0,0.26748600602149963
2987,0.005221422854810953,0.01801605857908726,0.020438242703676224,0.06152333915233612,0.0,0.06951560080051422,0.0,0.2674875855445862
2988,0.005202331859618425,0.018438950926065446,0.02184563912451267,0.06240650862455368,0.0,0.06949825584888458,0.0,0.26748910546302795
2989,0.0049494380131363865,0.018176443874835968,0.023046885058283804,0.06293507292866707,0.0,0.0694802775979042,0.0,0.2674883306026459
2990,0.00517782112583518,0.01782795637845993,0.021305548399686812,0.06450425311923028,0.0,0.06946566700935364,0.0,0.2674849033355713
2991,0.005138187296688556,0.018372273817658425,0.022082412242889406,0.06043265610933304,0.0,0.06945579499006271,0.0,0.26748126745224
2992,0.005119067430496216,0.017993259802460672,0.020532316714525222,0.05721431672573089,0.0,0.06944505870342255,0.0,0.2674773335456848
2993,0.005152068100869656,0.01778620555996895,0.02217123657464981,0.06539608836174012,0.0,0.06943304091691971,0.0,0.2674742341041565
2994,0.005258347187191248,0.017590560391545294,0.02171647399663925,0.0578058198094368,0.0,0.06942608952522278,0.0,0.26746779680252075
2995,0.005540196876972913,0.018583820015192033,0.02103797271847725,0.06255500018596649,0.0,0.06941777467727661,0.0,0.26746147871017456
2996,0.004899731278419495,0.017795220389962195,0.02129845768213272,0.062333904951810834,0.0,0.06941045820713043,0.0,0.26745864748954773
2997,0.005383673962205649,0.01873447708785534,0.02363026775419712,0.060175152868032454,0.0,0.06940324604511261,0.0,0.2674574851989746
2998,0.005433909595012665,0.01765369959175587,0.022339336574077606,0.059403412789106366,0.0,0.06939427554607391,0.0,0.26745593547821045
2999,0.005108511075377464,0.017997858673334123,0.022407535836100577,0.06453106999397278,0.0,0.0693901851773262,0.0,0.2674548625946045
3000,0.0052119135856628414,0.01761762611567974,0.020204955711960793,0.06378108784556388,0.0,0.06938781589269638,0.0,0.26745229959487915
3001,0.005032670218497515,0.017503923177719115,0.021998168155550956,0.061919546127319335,0.0,0.06938935071229935,0.0,0.26745060086250305
3002,0.005345539562404156,0.01804964952170849,0.021967904269695283,0.06146267354488373,0.0,0.06939465552568436,0.0,0.26744964718818665
3003,0.0051991289481520655,0.017392222583293915,0.021556251123547553,0.060550995916128156,0.0,0.06940189003944397,0.0,0.26745176315307617
3004,0.00535521674901247,0.01746465116739273,0.02101915664970875,0.06031719073653221,0.0,0.06941106170415878,0.0,0.26745402812957764
3005,0.00522052999585867,0.017606183886528015,0.021955524757504463,0.062263377010822296,0.0,0.06941644847393036,0.0,0.26745620369911194
3006,0.005074545182287693,0.01806408315896988,0.02101944051682949,0.06485140025615692,0.0,0.06941858679056168,0.0,0.26745712757110596
3007,0.0050899992696940895,0.018060360476374625,0.020748477429151535,0.0611099973320961,0.0,0.06941588968038559,0.0,0.26745718717575073
3008,0.005103491526097059,0.018396668881177903,0.02367643602192402,0.06120142713189125,0.0,0.06941436976194382,0.0,0.26745831966400146
3009,0.005214069411158562,0.017163101583719254,0.02217550352215767,0.06349736526608467,0.0,0.06941302120685577,0.0,0.2674586772918701
3010,0.004916795063763857,0.018205921351909637,0.02168208211660385,0.06139957904815674,0.0,0.06940749287605286,0.0,0.26745980978012085
3011,0.005371359828859568,0.018478622287511827,0.02367432340979576,0.06118993014097214,0.0,0.06940444558858871,0.0,0.2674601972103119
3012,0.005094931274652481,0.017509879916906355,0.021297524496912957,0.06666100844740867,0.0,0.06940703094005585,0.0,0.2674608826637268
3013,0.005069894436746836,0.0179603174328804,0.021965375915169717,0.059880202263593675,0.0,0.06941096484661102,0.0,0.26746052503585815
3014,0.005044116824865341,0.018171584233641624,0.021372941508889198,0.05745769366621971,0.0,0.06941433250904083,0.0,0.2674594521522522
3015,0.0051981757394969465,0.018221008777618408,0.021623266488313676,0.06280676424503326,0.0,0.06941301375627518,0.0,0.2674568295478821
3016,0.005040633212774992,0.017430858314037324,0.022492961212992667,0.0631002128124237,0.0,0.06941457092761993,0.0,0.2674526572227478
3017,0.005433699302375317,0.01861509270966053,0.02238004095852375,0.05810136124491692,0.0,0.0694136768579483,0.0,0.26744869351387024
3018,0.005637755151838064,0.01773894056677818,0.021084922552108764,0.0585130475461483,0.0,0.06941542029380798,0.0,0.26744502782821655
3019,0.004959322791546583,0.016990972310304643,0.02184474840760231,0.0614923357963562,0.0,0.06941825896501541,0.0,0.2674418091773987
3020,0.005124928615987301,0.017505383491516112,0.021089478209614754,0.06389987245202064,0.0,0.06942571699619293,0.0,0.26743975281715393
3021,0.00519688380882144,0.016649247705936433,0.02270139865577221,0.060312601178884505,0.0,0.06943293660879135,0.0,0.26743921637535095
3022,0.005003160890191793,0.017800898104906083,0.02056601010262966,0.06016035452485084,0.0,0.06943850964307785,0.0,0.26744040846824646
3023,0.004913056269288063,0.018293195590376853,0.022509365528821944,0.06073937565088272,0.0,0.06944161653518677,0.0,0.2674397826194763
3024,0.0052688089199364185,0.0181162066757679,0.021767806261777878,0.06290996745228768,0.0,0.06944357603788376,0.0,0.2674415111541748
3025,0.005305836722254753,0.01815786585211754,0.020857420936226844,0.06340880319476128,0.0,0.06944593042135239,0.0,0.26744359731674194
3026,0.005606333538889885,0.017785247415304184,0.022526359558105467,0.05966816172003746,0.0,0.06945059448480606,0.0,0.2674458920955658
3027,0.00544716278091073,0.01778120845556259,0.02320832908153534,0.06356632709503174,0.0,0.0694587379693985,0.0,0.2674466669559479
3028,0.005433828104287386,0.017218908295035362,0.021901708841323853,0.05674850195646286,0.0,0.06946796178817749,0.0,0.26744669675827026
3029,0.005603370629251004,0.017428508773446084,0.02181929238140583,0.05915887802839279,0.0,0.06947363913059235,0.0,0.26744699478149414
3030,0.005271415412425995,0.018232562765479087,0.020536918193101883,0.0581719309091568,0.0,0.06948132812976837,0.0,0.2674465775489807
3031,0.005311385449022055,0.018159866333007812,0.021102091670036315,0.06230323612689972,0.0,0.0694877877831459,0.0,0.26744455099105835
3032,0.004971214011311531,0.018565068766474725,0.022877954691648484,0.061266711354255675,0.0,0.06950013339519501,0.0,0.2674439549446106
3033,0.0053206091746687886,0.017730412259697913,0.021865568310022353,0.06460855379700661,0.0,0.06951272487640381,0.0,0.2674449384212494
3034,0.0056417655199766156,0.018563511595129967,0.022448034957051277,0.05915381610393524,0.0,0.06952500343322754,0.0,0.26744577288627625
3035,0.005526342336088419,0.017606401816010475,0.02329771891236305,0.06732779741287231,0.0,0.06953401863574982,0.0,0.2674489915370941
3036,0.005219862051308155,0.017906733229756354,0.021157554909586908,0.057173018157482144,0.0,0.0695464089512825,0.0,0.2674541175365448
3037,0.005151539575308561,0.0192861694842577,0.023914701119065285,0.06715495884418488,0.0,0.06955516338348389,0.0,0.2674587666988373
3038,0.005080226715654135,0.018517206981778146,0.026169290021061897,0.0630277417600155,0.0,0.06956394016742706,0.0,0.26746371388435364
3039,0.005421091988682747,0.017646338045597076,0.024122018739581107,0.06139027699828148,0.0,0.06957287341356277,0.0,0.26746827363967896
3040,0.005379497911781073,0.018916038796305656,0.021441884338855743,0.06348029151558876,0.0,0.0695798397064209,0.0,0.267473042011261
3041,0.00492206010967493,0.018856993690133095,0.02021051086485386,0.06337240785360336,0.0,0.06958559900522232,0.0,0.26747483015060425
3042,0.005377152189612389,0.017136846110224722,0.02130379118025303,0.06177177652716637,0.0,0.06958601623773575,0.0,0.26747533679008484
3043,0.005259717442095279,0.018093734979629517,0.022321636229753493,0.061207418143749234,0.0,0.06958359479904175,0.0,0.26747485995292664
3044,0.0048759869299829,0.017283090204000474,0.021874521672725678,0.06516597419977188,0.0,0.0695813000202179,0.0,0.2674725651741028
3045,0.00519144581630826,0.018430430069565774,0.020146722346544264,0.06315765380859376,0.0,0.069582000374794,0.0,0.26747000217437744
3046,0.0052612567320466045,0.018079992011189462,0.02045457176864147,0.06009029448032379,0.0,0.0695783868432045,0.0,0.26747024059295654
3047,0.0052591049112379554,0.017720314115285872,0.021835343539714815,0.062269778549671174,0.0,0.06957441568374634,0.0,0.26747041940689087
3048,0.005086060147732496,0.018335917592048646,0.020983054488897323,0.06131862476468086,0.0,0.06956823170185089,0.0,0.2674703598022461
3049,0.005139624606817961,0.018083905056118964,0.02141447700560093,0.06224448829889297,0.0,0.06956396251916885,0.0,0.2674698829650879
3050,0.005704199615865946,0.018322217091917992,0.02358856499195099,0.06188900992274284,0.0,0.06955716758966446,0.0,0.2674669325351715
3051,0.0052045430056750774,0.017086710967123508,0.021434056013822554,0.06284211724996566,0.0,0.06955713033676147,0.0,0.2674623131752014
3052,0.005065847095102072,0.018787065148353578,0.023211581632494926,0.06186423152685165,0.0,0.06955651938915253,0.0,0.2674592137336731
3053,0.005775801837444305,0.017624391987919808,0.021432340517640112,0.06001811474561691,0.0,0.06955327838659286,0.0,0.26745685935020447
3054,0.005235365219414234,0.018796583265066148,0.020496921241283418,0.06274057850241661,0.0,0.06954425573348999,0.0,0.26745420694351196
3055,0.0048486989922821525,0.018070055916905404,0.02032843604683876,0.06432306319475174,0.0,0.06953983753919601,0.0,0.26745283603668213
3056,0.005317419674247504,0.018227897956967352,0.020535358414053916,0.061008389294147494,0.0,0.06953661888837814,0.0,0.2674524784088135
3057,0.005123129207640886,0.01884639821946621,0.02155330963432789,0.06153124496340752,0.0,0.06953386217355728,0.0,0.26745492219924927
3058,0.005339730624109506,0.018820590525865554,0.022744277492165565,0.06069430410861969,0.0,0.06953201442956924,0.0,0.26745837926864624
3059,0.005308778863400221,0.01771790273487568,0.022725659236311913,0.05687675401568413,0.0,0.0695343166589737,0.0,0.2674614489078522
3060,0.005338476318866014,0.017515291646122932,0.020714827254414557,0.06425994262099266,0.0,0.06953737884759903,0.0,0.2674632668495178
3061,0.005061102844774723,0.01889652870595455,0.02227666825056076,0.060881465673446655,0.0,0.06954023987054825,0.0,0.26746296882629395
3062,0.0053536583669483665,0.018643172085285188,0.02166750654578209,0.05775032714009285,0.0,0.06953988969326019,0.0,0.2674615979194641
3063,0.005569864064455032,0.018327224627137186,0.02143520563840866,0.06036188304424286,0.0,0.06953779608011246,0.0,0.2674580216407776
3064,0.004955496545881033,0.01805427186191082,0.020796873047947882,0.060420498996973035,0.0,0.06953290849924088,0.0,0.2674556076526642
3065,0.005554182268679142,0.01786078289151192,0.0212992787361145,0.058110278099775314,0.0,0.06953046470880508,0.0,0.26745370030403137
3066,0.0051722581498324875,0.018733884394168853,0.021842117607593536,0.06296709403395653,0.0,0.06953068822622299,0.0,0.26745128631591797
3067,0.004907845146954059,0.01716916300356388,0.02263946756720543,0.060635602474212645,0.0,0.06953219324350357,0.0,0.26744967699050903
3068,0.004943342693150043,0.018236210197210313,0.02030799351632595,0.061580541729927066,0.0,0.06953185796737671,0.0,0.26744920015335083
3069,0.005221877340227365,0.01921263486146927,0.022174495458602905,0.06717234253883361,0.0,0.06953026354312897,0.0,0.26744747161865234
3070,0.00559452073648572,0.018106722831726076,0.02215334177017212,0.06258609220385551,0.0,0.06953299790620804,0.0,0.2674454152584076
3071,0.005244459770619869,0.01824492812156677,0.02230268009006977,0.05914784073829651,0.0,0.06953500211238861,0.0,0.2674439549446106
3072,0.005032683722674847,0.017917565628886224,0.023447055742144583,0.060598519444465634,0.0,0.06954295933246613,0.0,0.26744261384010315
3073,0.004971010889858007,0.018265419453382493,0.021737168729305267,0.0644288070499897,0.0,0.06955477595329285,0.0,0.2674437165260315
3074,0.005041053518652916,0.018595709651708602,0.022190920636057855,0.060285840183496475,0.0,0.06956405937671661,0.0,0.2674475610256195
3075,0.00539339343085885,0.018466366454958916,0.021903526782989503,0.06365590617060661,0.0,0.06957297027111053,0.0,0.2674500346183777
3076,0.0050884786061942576,0.01766170859336853,0.020784033834934233,0.0625536359846592,0.0,0.06957466900348663,0.0,0.26745155453681946
3077,0.005254540685564279,0.0186523225158453,0.022143758460879327,0.06090804189443588,0.0,0.06957574933767319,0.0,0.26745298504829407
3078,0.00475281486287713,0.01830768845975399,0.02220846563577652,0.060606349259614944,0.0,0.06958109140396118,0.0,0.26745402812957764
3079,0.005039267148822546,0.01869446411728859,0.020460428297519685,0.05811930745840073,0.0,0.06959012895822525,0.0,0.2674550414085388
3080,0.005235048104077577,0.018284822255373,0.02109290137887001,0.06100226491689682,0.0,0.06959978491067886,0.0,0.2674544155597687
3081,0.0051753844134509565,0.018112000077962875,0.02036897875368595,0.056669135391712186,0.0,0.06960757076740265,0.0,0.2674502730369568
3082,0.0053916358388960365,0.0181719534099102,0.02271415889263153,0.06068701073527336,0.0,0.06961577385663986,0.0,0.2674463391304016
3083,0.0052401992492377755,0.01813783310353756,0.023555662110447885,0.0658894881606102,0.0,0.06962388753890991,0.0,0.2674424648284912
3084,0.005254728533327579,0.017961487546563147,0.02351943589746952,0.06020447090268135,0.0,0.06963073462247849,0.0,0.2674376964569092
3085,0.005525482539087534,0.016972186416387557,0.020317650958895685,0.061182068288326265,0.0,0.06963838636875153,0.0,0.26743462681770325
3086,0.0052576009184122086,0.01788467988371849,0.02185857854783535,0.058706695586442946,0.0,0.06963811814785004,0.0,0.26743191480636597
3087,0.005382570903748274,0.017658752948045732,0.02221274599432945,0.06169661432504654,0.0,0.06963302195072174,0.0,0.26742979884147644
3088,0.005314125772565603,0.018588192760944366,0.020800293236970902,0.06253648921847343,0.0,0.0696258619427681,0.0,0.2674284875392914
3089,0.004942870512604713,0.01854654960334301,0.021816891431808472,0.0593035914003849,0.0,0.06961935758590698,0.0,0.2674245834350586
3090,0.005352029763162136,0.017702731117606164,0.022386280819773674,0.061694405227899554,0.0,0.06961428374052048,0.0,0.26742127537727356
3091,0.005355419963598252,0.017216012254357337,0.022230644896626472,0.06149242520332336,0.0,0.06960901618003845,0.0,0.2674189507961273
3092,0.005114882905036211,0.018154843524098397,0.021777067705988883,0.06264678910374641,0.0,0.06960541754961014,0.0,0.267416387796402
3093,0.0054411465302109715,0.018210211768746376,0.020924115553498268,0.06461792066693306,0.0,0.06960298866033554,0.0,0.2674129903316498
3094,0.005243608448654413,0.01854148730635643,0.021405300498008727,0.06006898507475853,0.0,0.06959948688745499,0.0,0.2674115300178528
3095,0.0051272308453917505,0.018091077730059624,0.02214171253144741,0.058267930150032045,0.0,0.06959127634763718,0.0,0.26741188764572144
3096,0.005441370233893394,0.01793471649289131,0.021296842023730278,0.06245216652750969,0.0,0.06958585232496262,0.0,0.26741358637809753
3097,0.004967289324849844,0.01811113618314266,0.022792721539735793,0.06276225149631501,0.0,0.06958261132240295,0.0,0.26741689443588257
3098,0.005025416426360607,0.018203547969460488,0.020677460357546806,0.0640294834971428,0.0,0.0695817619562149,0.0,0.2674201428890228
3099,0.005205728486180306,0.01775423027575016,0.022634664177894594,0.06286645829677581,0.0,0.06958369165658951,0.0,0.26742464303970337
3100,0.0048491695895791056,0.017841577157378198,0.022126507386565207,0.06487755700945855,0.0,0.06958135962486267,0.0,0.26742884516716003
3101,0.005135617405176163,0.017603491619229316,0.019749202579259873,0.06477581188082696,0.0,0.06957729905843735,0.0,0.2674337327480316
3102,0.00544661870226264,0.018610575795173646,0.021737372502684593,0.05952751860022545,0.0,0.06957026571035385,0.0,0.2674376666545868
3103,0.005500685703009367,0.017494065687060356,0.023499912396073342,0.061914627254009244,0.0,0.0695679634809494,0.0,0.26744040846824646
3104,0.005137529596686364,0.017509994842112065,0.023595278710126878,0.0630662851035595,0.0,0.06956446915864944,0.0,0.26744189858436584
3105,0.005060057248920202,0.017530042305588724,0.02216283082962036,0.06475197821855545,0.0,0.06955863535404205,0.0,0.2674451470375061
3106,0.004905190132558346,0.018035708367824553,0.021268657222390176,0.061906537413597106,0.0,0.06955407559871674,0.0,0.26744726300239563
3107,0.005064780637621879,0.017932453751564027,0.02060774676501751,0.06074927747249603,0.0,0.06954975426197052,0.0,0.2674461007118225
3108,0.0053982498124241825,0.017822885513305665,0.02110990360379219,0.05973317921161651,0.0,0.06954783201217651,0.0,0.2674463391304016
3109,0.005484260898083448,0.017417025566101075,0.02218823544681072,0.061675303429365155,0.0,0.06954739987850189,0.0,0.26744699478149414
3110,0.004918726347386837,0.018431828171014786,0.0230846107006073,0.06099896654486656,0.0,0.06954257935285568,0.0,0.2674471437931061
3111,0.004814823530614376,0.018612349033355714,0.021063890680670737,0.06354306116700173,0.0,0.06953544169664383,0.0,0.26744744181632996
3112,0.005133985262364149,0.01787295304238796,0.02139536738395691,0.06182207688689232,0.0,0.06953290849924088,0.0,0.2674467861652374
3113,0.005192035995423794,0.017339250817894936,0.021385985985398294,0.060055679827928546,0.0,0.06953176110982895,0.0,0.2674444615840912
3114,0.005452476162463427,0.01838782988488674,0.02164911963045597,0.06058376580476761,0.0,0.06953346729278564,0.0,0.26744306087493896
3115,0.005170303583145142,0.018172693625092506,0.021551551669836043,0.05647669434547424,0.0,0.06953458487987518,0.0,0.26744160056114197
3116,0.004842045903205872,0.018700894340872763,0.021248650550842286,0.06090458333492279,0.0,0.06953470408916473,0.0,0.2674400210380554
3117,0.005557667464017868,0.018055617064237594,0.0208687674254179,0.05940638184547424,0.0,0.06953310966491699,0.0,0.26743921637535095
3118,0.005289432592689991,0.018369780853390694,0.02229248993098736,0.0636733703315258,0.0,0.06953375041484833,0.0,0.2674409747123718
3119,0.004897975735366345,0.018042805045843123,0.024033351987600326,0.060214847326278687,0.0,0.06953372061252594,0.0,0.2674422860145569
3120,0.005321428831666708,0.017596732079982757,0.021633606031537057,0.05975671857595444,0.0,0.0695333331823349,0.0,0.26744261384010315
3121,0.005205362662672996,0.01838839203119278,0.0205715399235487,0.0610286109149456,0.0,0.06953311711549759,0.0,0.2674427628517151
3122,0.005204202141612768,0.01805921420454979,0.02387082129716873,0.062344969063997266,0.0,0.06953643262386322,0.0,0.2674431800842285
3123,0.005159723851829767,0.01835305877029896,0.022512823715806006,0.062358510494232175,0.0,0.06954258680343628,0.0,0.2674427628517151
3124,0.005286581255495549,0.017917095124721526,0.02133900672197342,0.06289341002702713,0.0,0.06954637169837952,0.0,0.2674422264099121
3125,0.005409885756671428,0.017987624928355216,0.021734826639294623,0.06219485923647881,0.0,0.06954576075077057,0.0,0.26744094491004944
3126,0.005251646973192692,0.017913690581917763,0.022903522849082945,0.06211762577295303,0.0,0.0695461854338646,0.0,0.2674397826194763
3127,0.005122097302228212,0.017642177641391754,0.02114737443625927,0.06422470957040786,0.0,0.06954564154148102,0.0,0.26744067668914795
3128,0.005286166816949845,0.017834210768342018,0.022094115614891052,0.06035520434379578,0.0,0.06954169273376465,0.0,0.2674427926540375
3129,0.005030028987675905,0.017277120053768157,0.021628614887595175,0.05930998921394348,0.0,0.06953442096710205,0.0,0.26744601130485535
3130,0.005406031012535095,0.01831122748553753,0.021615967527031897,0.06064650863409042,0.0,0.0695270225405693,0.0,0.2674487233161926
3131,0.005397989321500063,0.01800668127834797,0.022375162318348886,0.06161634400486946,0.0,0.06952430307865143,0.0,0.2674517035484314
3132,0.005401656124740839,0.01724817119538784,0.021049967408180235,0.06185514032840729,0.0,0.069516122341156,0.0,0.2674528956413269
3133,0.005092391837388277,0.01833696514368057,0.02121005654335022,0.06278057992458344,0.0,0.06950781494379044,0.0,0.2674527168273926
3134,0.005372806824743748,0.01851121671497822,0.020879255980253218,0.06243831589818001,0.0,0.0694977268576622,0.0,0.2674526572227478
3135,0.005178102292120457,0.018140584230422974,0.021657478436827658,0.058591025322675704,0.0,0.06949032843112946,0.0,0.2674541473388672
3136,0.005112565960735083,0.017606910690665244,0.02158730961382389,0.06278402432799339,0.0,0.06948342174291611,0.0,0.26745471358299255
3137,0.004942027572542429,0.018262276798486708,0.020484628155827522,0.05999414920806885,0.0,0.06947604566812515,0.0,0.2674558758735657
3138,0.005459173675626516,0.018634401634335516,0.021523674950003624,0.06306339874863624,0.0,0.06947256624698639,0.0,0.26745548844337463
3139,0.005284122750163078,0.018278390914201737,0.022326465323567392,0.06495569869875908,0.0,0.06946998834609985,0.0,0.26745501160621643
3140,0.00518707325682044,0.017718527093529703,0.021944582089781763,0.0636386126279831,0.0,0.06946772336959839,0.0,0.26745691895484924
3141,0.005089358706027269,0.018306630477309228,0.02296532355248928,0.06262285560369492,0.0,0.06946390867233276,0.0,0.2674592137336731
3142,0.005061624571681023,0.017384080775082113,0.022619860991835595,0.06092187538743019,0.0,0.06946492940187454,0.0,0.2674611210823059
3143,0.004861283767968416,0.01824943460524082,0.021135494858026505,0.06238262057304382,0.0,0.06946524232625961,0.0,0.26746296882629395
3144,0.005267914198338985,0.018168213590979577,0.022008949145674705,0.062187237292528154,0.0,0.06947161257266998,0.0,0.2674659788608551
3145,0.005043806694447994,0.018257571384310722,0.021403305977582932,0.061519885808229445,0.0,0.06947945058345795,0.0,0.26747021079063416
3146,0.005393328703939914,0.018554602935910224,0.021830907091498375,0.06154581606388092,0.0,0.06948690116405487,0.0,0.2674752473831177
3147,0.005314366705715656,0.018370487540960313,0.022427422925829887,0.061802555620670316,0.0,0.06949597597122192,0.0,0.2674785256385803
3148,0.005684720911085605,0.017175688222050668,0.021577902883291245,0.06443709209561348,0.0,0.06950526684522629,0.0,0.2674815058708191
3149,0.005084053333848715,0.018348834291100503,0.021389441192150117,0.06079289242625237,0.0,0.06951352953910828,0.0,0.2674867808818817
3150,0.005166490375995636,0.017462055385112762,0.021869149059057236,0.05841536819934845,0.0,0.06952102482318878,0.0,0.2674918472766876
3151,0.005328301806002855,0.018259552493691444,0.02304525375366211,0.06073731184005737,0.0,0.06952352821826935,0.0,0.26749658584594727
3152,0.005422539357095957,0.018492231145501137,0.02121410481631756,0.06152748465538025,0.0,0.06952698528766632,0.0,0.2675001919269562
3153,0.00509892338886857,0.018507393449544905,0.022532370314002036,0.0658886581659317,0.0,0.06952907145023346,0.0,0.2675028443336487
3154,0.005334905069321394,0.01787092462182045,0.021574440225958825,0.06392232105135917,0.0,0.0695328637957573,0.0,0.2675044536590576
3155,0.0053089488297700885,0.017641893401741982,0.02132480442523956,0.061825289577245715,0.0,0.0695393905043602,0.0,0.2675071358680725
3156,0.005234368052333594,0.017432885244488716,0.021611829474568366,0.06218982189893722,0.0,0.06954369693994522,0.0,0.2675090432167053
3157,0.005097797047346831,0.0175175990909338,0.022141776978969574,0.06314976960420608,0.0,0.06954260915517807,0.0,0.26751184463500977
3158,0.00514860013499856,0.018127457424998283,0.02236481085419655,0.06035124361515045,0.0,0.06953933835029602,0.0,0.2675151228904724
3159,0.005204617884010077,0.018128931522369385,0.020415931567549707,0.06269900798797608,0.0,0.0695357471704483,0.0,0.26751944422721863
3160,0.0052649958059191706,0.018193038552999495,0.02109437808394432,0.06452801004052162,0.0,0.06953463703393936,0.0,0.26752182841300964
3161,0.004965145792812109,0.01793375089764595,0.021310890093445778,0.06252197772264481,0.0,0.0695347934961319,0.0,0.2675231993198395
3162,0.005273803323507309,0.018643296882510187,0.023475553095340728,0.06366291046142578,0.0,0.06953426450490952,0.0,0.26752448081970215
3163,0.005412971880286932,0.018236491456627847,0.023810326308012008,0.061841337382793425,0.0,0.06953293830156326,0.0,0.2675258219242096
3164,0.005205639638006687,0.01841464526951313,0.02323172353208065,0.06279721185564995,0.0,0.06953346729278564,0.0,0.2675265073776245
3165,0.00526155075058341,0.017714274302124976,0.0214471485465765,0.06241777092218399,0.0,0.0695352777838707,0.0,0.26752716302871704
3166,0.005412463564425707,0.018150682002305983,0.021474897116422653,0.06506683602929116,0.0,0.06953524798154831,0.0,0.2675289213657379
3167,0.004983464255928993,0.01770261526107788,0.02134689800441265,0.06420210301876068,0.0,0.06953345984220505,0.0,0.2675328850746155
3168,0.004873142763972283,0.018705032765865326,0.020973175019025802,0.06308537349104881,0.0,0.06952718645334244,0.0,0.2675360143184662
3169,0.0052673048339784145,0.0178657129406929,0.020895839855074882,0.06435464844107627,0.0,0.06952039897441864,0.0,0.26753777265548706
3170,0.005078202858567238,0.018041370064020158,0.021760112047195433,0.05965756997466087,0.0,0.0695156455039978,0.0,0.2675395607948303
3171,0.005184468254446984,0.017327331379055975,0.02169521190226078,0.062916549295187,0.0,0.06950877606868744,0.0,0.2675435245037079
3172,0.005301326140761375,0.018279658257961275,0.02207271009683609,0.0630704216659069,0.0,0.06949760019779205,0.0,0.26754528284072876
3173,0.005109409242868424,0.01844661943614483,0.021917227655649185,0.06094466596841812,0.0,0.06948809325695038,0.0,0.26754462718963623
3174,0.005133007373660803,0.018098075315356253,0.021664996072649954,0.06154027432203293,0.0,0.06947634369134903,0.0,0.2675420939922333
3175,0.005283081997185945,0.01777525469660759,0.022067398950457572,0.061053183674812314,0.0,0.06946617364883423,0.0,0.26753878593444824
3176,0.004921939130872488,0.01798083521425724,0.022894126549363136,0.061939536780118945,0.0,0.0694534033536911,0.0,0.2675361931324005
3177,0.005152445193380118,0.017483523488044737,0.021286794170737266,0.06353071853518485,0.0,0.06944067776203156,0.0,0.2675344944000244
3178,0.005198304820805788,0.018787285313010216,0.02149796262383461,0.06671473532915115,0.0,0.0694325640797615,0.0,0.2675328552722931
3179,0.005097550712525845,0.018543848395347597,0.02207770198583603,0.06138440445065498,0.0,0.06942635029554367,0.0,0.26753097772598267
3180,0.0054035157896578315,0.01829674616456032,0.021119297295808793,0.061536021530628204,0.0,0.06942497193813324,0.0,0.267531156539917
3181,0.005220430344343186,0.017746226489543916,0.021448992565274237,0.06307403519749641,0.0,0.06942678987979889,0.0,0.26753291487693787
3182,0.005274359323084355,0.01865798458456993,0.021472952887415887,0.05638561323285103,0.0,0.06942663341760635,0.0,0.26753339171409607
3183,0.005135459825396538,0.018400787934660913,0.019866128265857697,0.06254334524273872,0.0,0.06942921876907349,0.0,0.26753267645835876
3184,0.005284586176276207,0.01825307384133339,0.02256161980330944,0.06251494437456132,0.0,0.06943878531455994,0.0,0.2675328850746155
3185,0.005025003664195537,0.0175065778195858,0.020961086452007293,0.06198908016085625,0.0,0.0694490298628807,0.0,0.26753300428390503
3186,0.005175447463989258,0.01740983296185732,0.0212176114320755,0.0652165725827217,0.0,0.069459930062294,0.0,0.26753246784210205
3187,0.005263606086373329,0.017930763214826582,0.022383002191782,0.06471994370222092,0.0,0.06947307288646698,0.0,0.26753267645835876
3188,0.004886568430811167,0.018212395161390303,0.020387137308716774,0.05796788558363915,0.0,0.06948409974575043,0.0,0.26753273606300354
3189,0.005137163866311312,0.01788952462375164,0.02429851479828358,0.06508369371294975,0.0,0.06949194520711899,0.0,0.2675325870513916
3190,0.0053249775432050225,0.017844869941473007,0.022343188151717187,0.06016217619180679,0.0,0.06950094550848007,0.0,0.2675328254699707
3191,0.005324236117303371,0.01734696887433529,0.022526294365525244,0.061758683621883394,0.0,0.06950461864471436,0.0,0.2675336003303528
3192,0.0051700761541724205,0.01823422871530056,0.02186666876077652,0.06028579622507095,0.0,0.06950265169143677,0.0,0.2675352394580841
3193,0.0048091568052768706,0.018027710169553755,0.023109207674860955,0.057751303911209105,0.0,0.0695018321275711,0.0,0.26753586530685425
3194,0.005164258275181055,0.018444314226508142,0.020173100754618645,0.06187943667173386,0.0,0.06950262933969498,0.0,0.26753678917884827
3195,0.005160999670624733,0.017877059057354927,0.021334057301282884,0.05967159643769264,0.0,0.06951091438531876,0.0,0.26753824949264526
3196,0.005296579375863075,0.018927625939249994,0.02176540195941925,0.058890336006879804,0.0,0.06951817125082016,0.0,0.267538458108902
3197,0.005464719422161579,0.01855439655482769,0.02243957929313183,0.059413264691829684,0.0,0.06951943784952164,0.0,0.26753896474838257
3198,0.005605092737823725,0.017468856647610664,0.022874630242586135,0.06325377970933914,0.0,0.06952299177646637,0.0,0.2675395607948303
3199,0.005110127665102482,0.017692431062459945,0.021071331202983858,0.0632684625685215,0.0,0.06952166557312012,0.0,0.26753878593444824
3200,0.005155677255243063,0.018080263584852218,0.021332180872559548,0.061771170049905774,0.0,0.06951930373907089,0.0,0.2675372064113617
3201,0.005032210145145655,0.01806054562330246,0.020284025743603707,0.05942836180329323,0.0,0.06951505690813065,0.0,0.26753416657447815
3202,0.005244024377316236,0.01775449365377426,0.022102133929729463,0.06224637776613236,0.0,0.06950925290584564,0.0,0.2675305902957916
3203,0.005497018713504076,0.018697819858789443,0.020979111641645433,0.05943177565932274,0.0,0.06949900090694427,0.0,0.26752591133117676
3204,0.005318293254822493,0.01797570213675499,0.023187705874443056,0.05981016010046005,0.0,0.06948621571063995,0.0,0.2675212025642395
3205,0.0052476183511316775,0.017729794792830943,0.02150963768362999,0.05917560905218124,0.0,0.06947635114192963,0.0,0.26751700043678284
3206,0.004937274288386107,0.017914452776312827,0.023430419340729713,0.06291337460279464,0.0,0.0694645345211029,0.0,0.26751238107681274
3207,0.005149838514626026,0.017721644788980483,0.021826880797743798,0.060779669880867006,0.0,0.0694524496793747,0.0,0.2675088047981262
3208,0.005294739361852407,0.017787248268723486,0.018977739661931992,0.06072769910097122,0.0,0.06944327056407928,0.0,0.267505407333374
3209,0.004831727501004935,0.016639151610434055,0.019972943514585496,0.06481386721134186,0.0,0.06943561881780624,0.0,0.26750344038009644
3210,0.005275554209947586,0.018243584781885147,0.021933339536190033,0.061123162508010864,0.0,0.06943069398403168,0.0,0.26750174164772034
3211,0.005485622398555279,0.01857151836156845,0.020757776871323585,0.061324793845415115,0.0,0.06942351162433624,0.0,0.2675003707408905
3212,0.005183378513902426,0.01882171630859375,0.023802167549729348,0.06053507030010223,0.0,0.06941583007574081,0.0,0.26749855279922485
3213,0.0048757693730294704,0.017492554150521755,0.022671087086200713,0.06234301850199699,0.0,0.06940938532352448,0.0,0.2674957513809204
3214,0.0052483403123915195,0.018132234364748,0.021183544769883156,0.06404797658324242,0.0,0.06940541416406631,0.0,0.26749351620674133
3215,0.004914103448390961,0.018641899153590203,0.020741375163197517,0.06301971226930618,0.0,0.06940057128667831,0.0,0.2674923539161682
3216,0.005001849494874477,0.018661028891801833,0.02211657725274563,0.06203866973519325,0.0,0.06939089298248291,0.0,0.2674916982650757
3217,0.005249107629060746,0.018770231306552886,0.020350731536746026,0.06222650483250618,0.0,0.06938330829143524,0.0,0.2674912214279175
3218,0.005386349838227033,0.017703086882829667,0.021264177560806275,0.0647263303399086,0.0,0.06938239932060242,0.0,0.26748958230018616
3219,0.005005518905818462,0.01812443621456623,0.022711779177188873,0.06072414591908455,0.0,0.06937786936759949,0.0,0.26748543977737427
3220,0.004914136230945587,0.018777711689472197,0.02386341765522957,0.0606873445212841,0.0,0.06937186419963837,0.0,0.26748040318489075
3221,0.005216455552726984,0.01752825304865837,0.02283451594412327,0.062063319981098174,0.0,0.06936939805746078,0.0,0.26747629046440125
3222,0.004734798986464739,0.0183291282504797,0.020761843770742416,0.061038659512996675,0.0,0.06937120109796524,0.0,0.2674708962440491
3223,0.005345528293401003,0.01819407306611538,0.022605284303426742,0.061696340888738634,0.0,0.06937123090028763,0.0,0.26746636629104614
3224,0.005429050885140896,0.018081679567694665,0.021013957262039185,0.05961999222636223,0.0,0.06937311589717865,0.0,0.2674624025821686
3225,0.00516277076676488,0.01839834004640579,0.02060994952917099,0.06624143421649933,0.0,0.06937302649021149,0.0,0.26745977997779846
3226,0.005441142898052931,0.01812589503824711,0.02292226515710354,0.05993773490190506,0.0,0.06937262415885925,0.0,0.26745936274528503
3227,0.005143641587346792,0.018180883303284646,0.021456553041934966,0.05873923450708389,0.0,0.06937302649021149,0.0,0.2674597501754761
3228,0.004929175507277251,0.018841759115457535,0.020537402108311655,0.06521304622292519,0.0,0.06937546283006668,0.0,0.26746171712875366
3229,0.005120025388896466,0.018073958903551103,0.022730893269181252,0.06235837265849113,0.0,0.06937957555055618,0.0,0.2674677073955536
3230,0.0053552879951894285,0.017888031527400018,0.022189775854349135,0.06239106133580208,0.0,0.06938322633504868,0.0,0.2674744129180908
3231,0.005654248408973217,0.017889316007494927,0.021362365409731864,0.05825281590223312,0.0,0.06938865035772324,0.0,0.26747971773147583
3232,0.00512276291847229,0.01799284666776657,0.021166709437966346,0.06273171976208687,0.0,0.0693938359618187,0.0,0.2674853801727295
3233,0.005052439123392105,0.01785615608096123,0.02224658913910389,0.06441299170255661,0.0,0.06939579546451569,0.0,0.2674899697303772
3234,0.0050717595033347605,0.017944642901420595,0.021451011672616004,0.06338903233408928,0.0,0.06939973682165146,0.0,0.26749396324157715
3235,0.00544198090210557,0.017705579474568366,0.020958935469388963,0.057726748287677765,0.0,0.06940299272537231,0.0,0.267496794462204
3236,0.005049303639680147,0.018288155645132066,0.019855939969420432,0.06051953136920929,0.0,0.06941048055887222,0.0,0.26749977469444275
3237,0.005231590755283832,0.018047218769788743,0.02175246588885784,0.05903923287987709,0.0,0.06941519677639008,0.0,0.26750046014785767
3238,0.005085868202149868,0.01873035468161106,0.021267128363251685,0.06443572044372559,0.0,0.06941763311624527,0.0,0.26749664545059204
3239,0.005096933804452419,0.018596936017274857,0.022943190485239028,0.0615857295691967,0.0,0.06942180544137955,0.0,0.2674936056137085
3240,0.004894314520061016,0.01857067383825779,0.022679677605628966,0.05964062586426735,0.0,0.06942401081323624,0.0,0.26749029755592346
3241,0.0051165448501706125,0.017907964438199996,0.022899889945983888,0.06090131923556328,0.0,0.0694279670715332,0.0,0.2674867510795593
3242,0.005340858083218336,0.018544985353946684,0.020411407575011253,0.05859692171216011,0.0,0.06943585723638535,0.0,0.267483651638031
3243,0.0049947725608944895,0.018182989209890366,0.02089909799396992,0.060410381853580476,0.0,0.06944574415683746,0.0,0.2674810588359833
3244,0.006030612997710705,0.019077388942241667,0.02061365991830826,0.06338295191526414,0.0,0.0694551095366478,0.0,0.26747971773147583
3245,0.004977927263826132,0.01840459480881691,0.022417477890849115,0.06614495366811753,0.0,0.06946692615747452,0.0,0.2674790620803833
3246,0.005177156906574965,0.0179677315056324,0.021111636981368066,0.06346287056803704,0.0,0.06947802752256393,0.0,0.2674793601036072
3247,0.005360644310712814,0.018191055580973624,0.02235333062708378,0.062385229766368865,0.0,0.0694873183965683,0.0,0.2674812376499176
3248,0.005339975096285343,0.018431751430034636,0.021725459769368172,0.05849228799343109,0.0,0.06949268281459808,0.0,0.26748260855674744
3249,0.005582677572965622,0.01841765344142914,0.02233503870666027,0.059024670720100404,0.0,0.06949495524168015,0.0,0.2674837112426758
3250,0.005230362806469202,0.017830440402030946,0.022079239413142205,0.06357696205377579,0.0,0.06949322670698166,0.0,0.26748421788215637
3251,0.0052898676134645935,0.018164608627557755,0.02173224985599518,0.05761810019612312,0.0,0.06948824226856232,0.0,0.2674843668937683
3252,0.005211591068655252,0.01862005181610584,0.021294157952070236,0.06254040598869323,0.0,0.06948364526033401,0.0,0.2674848139286041
3253,0.005223572440445423,0.017493991926312447,0.022477639093995094,0.061618979275226596,0.0,0.0694795474410057,0.0,0.2674850821495056
3254,0.005453656893223524,0.018996824324131013,0.022363803535699844,0.06522238999605179,0.0,0.06947135180234909,0.0,0.26748746633529663
3255,0.005333640240132808,0.019427628070116044,0.02347264550626278,0.061898522078990936,0.0,0.06946252286434174,0.0,0.26749172806739807
3256,0.005429733265191317,0.01842058040201664,0.020892461761832237,0.058267027139663696,0.0,0.06945936381816864,0.0,0.2674977779388428
3257,0.005365715082734823,0.017184459418058396,0.020664508640766143,0.06218448355793953,0.0,0.06945259869098663,0.0,0.2675020694732666
3258,0.005596731323748827,0.01751188635826111,0.021950508281588555,0.05979099944233894,0.0,0.06944499909877777,0.0,0.26750844717025757
3259,0.004845920484513044,0.018294429406523705,0.021481576934456827,0.06051696613430977,0.0,0.06943090260028839,0.0,0.26751381158828735
3260,0.005525956209748983,0.018106023967266082,0.021389511227607728,0.06401344984769822,0.0,0.06941699981689453,0.0,0.2675180733203888
3261,0.005145048163831234,0.017675858363509177,0.02218596339225769,0.06350222080945969,0.0,0.0694035142660141,0.0,0.2675197720527649
3262,0.005160740297287703,0.01839541308581829,0.020548346266150475,0.057698733359575274,0.0,0.06938967853784561,0.0,0.2675190269947052
3263,0.005211287457495928,0.01749083250761032,0.02202279381453991,0.05899705141782761,0.0,0.06937247514724731,0.0,0.26751816272735596
3264,0.004980390518903732,0.018451818078756333,0.02183329649269581,0.06554675325751305,0.0,0.06935317814350128,0.0,0.26751604676246643
3265,0.005363621469587088,0.017137542739510535,0.020446493104100228,0.06562073901295662,0.0,0.0693349838256836,0.0,0.2675149738788605
3266,0.005390293337404728,0.017201389372348785,0.02233241982758045,0.06598149761557578,0.0,0.06931938230991364,0.0,0.2675146460533142
3267,0.004730053804814815,0.01755515970289707,0.021002329140901565,0.06079521700739861,0.0,0.06930370628833771,0.0,0.2675158977508545
3268,0.005242078471928835,0.01800503209233284,0.02344551831483841,0.06222162172198296,0.0,0.06928729265928268,0.0,0.26751893758773804
3269,0.005183976329863072,0.017531292885541915,0.024071991443634033,0.06604199260473251,0.0,0.06927478313446045,0.0,0.2675219178199768
3270,0.005031440407037735,0.018602683395147323,0.021664437279105185,0.06048951968550682,0.0,0.06925977766513824,0.0,0.2675253748893738
3271,0.004868557397276163,0.017862820997834206,0.02261045165359974,0.06283846721053124,0.0,0.06924449652433395,0.0,0.2675291895866394
3272,0.005092420056462288,0.018027845397591592,0.02105076126754284,0.0636119395494461,0.0,0.06922886520624161,0.0,0.26753413677215576
3273,0.0053705544210970405,0.01844191737473011,0.02284366302192211,0.06274276226758957,0.0,0.06921159476041794,0.0,0.26753872632980347
3274,0.00520961694419384,0.018335902690887453,0.022221416234970093,0.060042360424995424,0.0,0.06919310986995697,0.0,0.26754334568977356
3275,0.004917041584849358,0.01842004768550396,0.019647597149014474,0.06087651401758194,0.0,0.06917697191238403,0.0,0.26754894852638245
3276,0.005154529213905334,0.017917005345225334,0.023018956929445267,0.05904194042086601,0.0,0.06916547566652298,0.0,0.2675543427467346
3277,0.005331155192106962,0.017910687997937203,0.021183772757649422,0.06315633207559586,0.0,0.06915904581546783,0.0,0.26755914092063904
3278,0.004750365018844604,0.019184885546565056,0.02129487656056881,0.05789256691932678,0.0,0.0691516250371933,0.0,0.26756224036216736
3279,0.005019546765834093,0.017488623782992364,0.022369487583637236,0.06141004785895347,0.0,0.06915055960416794,0.0,0.2675643563270569
3280,0.004994574096053838,0.01827881820499897,0.021108769997954368,0.059278454631567,0.0,0.06915389001369476,0.0,0.2675655484199524
3281,0.005224231258034706,0.017725195735692978,0.021535563468933105,0.060189482569694516,0.0,0.06916112452745438,0.0,0.267566442489624
3282,0.0051819092594087126,0.01767832301557064,0.020549915730953217,0.0653961643576622,0.0,0.06917566806077957,0.0,0.26756641268730164
3283,0.005087223462760448,0.019311947748064995,0.022724153846502303,0.06076464205980301,0.0,0.06919274479150772,0.0,0.26756420731544495
3284,0.004867438320070505,0.017795100063085555,0.02191373109817505,0.062369777262210845,0.0,0.0692104697227478,0.0,0.26756131649017334
3285,0.005075950548052788,0.018619655817747115,0.022804314643144606,0.0597766250371933,0.0,0.06922616809606552,0.0,0.26755961775779724
3286,0.005375416949391365,0.018868830054998398,0.022038011997938155,0.0618401013314724,0.0,0.0692436546087265,0.0,0.26755791902542114
3287,0.005372941773384809,0.018100232630968095,0.02053000293672085,0.06150010973215103,0.0,0.06925810873508453,0.0,0.267556369304657
3288,0.005181575194001198,0.018510907143354415,0.02299540936946869,0.06405012160539628,0.0,0.0692758560180664,0.0,0.2675546109676361
3289,0.0049639477394521235,0.01787727214396,0.02247324362397194,0.05874834433197975,0.0,0.06929093599319458,0.0,0.2675550878047943
3290,0.004749046266078949,0.01742195449769497,0.01951213777065277,0.060585112869739534,0.0,0.06930559128522873,0.0,0.267554372549057
3291,0.005233557056635618,0.01762290745973587,0.021674278378486633,0.06097485050559044,0.0,0.06932127475738525,0.0,0.2675555348396301
3292,0.004989490751177073,0.017992550134658815,0.020115974918007852,0.06349362209439277,0.0,0.06933341920375824,0.0,0.2675568163394928
3293,0.005161465052515269,0.01925462409853935,0.020517173409461974,0.06138270646333695,0.0,0.06934027373790741,0.0,0.267558753490448
3294,0.005207113362848759,0.01885051392018795,0.022776294872164725,0.05869852900505066,0.0,0.06934573501348495,0.0,0.2675606608390808
3295,0.005370477680116892,0.018515865504741668,0.02234019450843334,0.0603961244225502,0.0,0.06935165822505951,0.0,0.2675603926181793
3296,0.0050050772726535795,0.017795823886990546,0.022427329048514365,0.06017401739954949,0.0,0.06935496628284454,0.0,0.2675595283508301
3297,0.0050050706602633,0.018789604678750037,0.023052794486284257,0.062118089944124225,0.0,0.0693536177277565,0.0,0.2675565779209137
3298,0.005352297704666853,0.01804225817322731,0.02091326452791691,0.05874423682689667,0.0,0.06934922188520432,0.0,0.26755258440971375
3299,0.005520107224583626,0.018378294259309768,0.02178065776824951,0.0643680103123188,0.0,0.06934557110071182,0.0,0.26755011081695557
3300,0.0050923749804496765,0.017395913228392602,0.020719923824071885,0.06033959835767746,0.0,0.06934264302253723,0.0,0.2675480842590332
3301,0.005284835025668145,0.017333002015948295,0.022722672298550607,0.06330601871013641,0.0,0.06934095919132233,0.0,0.2675476372241974
3302,0.005270490702241659,0.017716635763645173,0.02083518132567406,0.060898056626319884,0.0,0.06934387981891632,0.0,0.26754796504974365
3303,0.005348865129053593,0.01812003515660763,0.02171783186495304,0.06472088620066643,0.0,0.06934678554534912,0.0,0.2675480842590332
3304,0.0052771191112697124,0.01734587289392948,0.02187897339463234,0.05830193087458611,0.0,0.06934933364391327,0.0,0.267547607421875
3305,0.0048490787856280805,0.018157003074884416,0.02095809392631054,0.06325993537902833,0.0,0.06935025006532669,0.0,0.26754921674728394
3306,0.0053808286786079405,0.017199181392788886,0.02100410349667072,0.06250538975000382,0.0,0.06934664398431778,0.0,0.267549991607666
3307,0.005231395270675421,0.018354032188653946,0.02102178893983364,0.06349359154701233,0.0,0.06934039294719696,0.0,0.26754945516586304
3308,0.0053799131885170935,0.017671947926282884,0.0228572066873312,0.06488199532032013,0.0,0.06933202594518661,0.0,0.26754990220069885
3309,0.005106295552104711,0.017716699838638307,0.02271372266113758,0.06227363497018814,0.0,0.06932040303945541,0.0,0.2675500512123108
3310,0.005278140492737293,0.018260345235466956,0.02358841858804226,0.06125276759266853,0.0,0.06931208074092865,0.0,0.26755064725875854
3311,0.005566153582185507,0.018105991184711456,0.021497243642807008,0.05958607122302055,0.0,0.06930333375930786,0.0,0.2675507664680481
3312,0.005280493013560772,0.01846846379339695,0.024134701862931252,0.059970511496067046,0.0,0.06929295510053635,0.0,0.26755136251449585
3313,0.005231495387852192,0.018529373779892923,0.02120698019862175,0.05846510380506516,0.0,0.0692853033542633,0.0,0.26755285263061523
3314,0.005042777303606272,0.018676305562257765,0.02285137362778187,0.05958661139011383,0.0,0.06928111612796783,0.0,0.26755326986312866
3315,0.0051946531981229786,0.018081015348434447,0.02193783186376095,0.0606819286942482,0.0,0.0692792683839798,0.0,0.26755374670028687
3316,0.005330409295856953,0.018201427161693574,0.02120853029191494,0.06047646999359131,0.0,0.0692773312330246,0.0,0.26755499839782715
3317,0.005263675376772881,0.018423666432499885,0.021310694888234137,0.05981269255280495,0.0,0.06927059590816498,0.0,0.2675562798976898
3318,0.005163962300866842,0.01822866201400757,0.02135829031467438,0.059641480445861816,0.0,0.06926333904266357,0.0,0.2675575315952301
3319,0.005269066337496043,0.017834873124957084,0.022007836773991585,0.056485206633806226,0.0,0.06925632059574127,0.0,0.267557293176651
3320,0.005583169683814049,0.017467132210731505,0.02251725196838379,0.06162555515766144,0.0,0.06925304234027863,0.0,0.26755768060684204
3321,0.005336958821862936,0.017804378643631935,0.02241425812244415,0.0638533890247345,0.0,0.0692513957619667,0.0,0.2675568461418152
3322,0.005200596526265144,0.017613947764039038,0.0219530887901783,0.06286431699991227,0.0,0.06925151497125626,0.0,0.26755473017692566
3323,0.005152003653347492,0.01771930456161499,0.021014729514718056,0.0628612443804741,0.0,0.0692521333694458,0.0,0.2675531506538391
3324,0.004994249250739813,0.017973512038588525,0.022123678401112557,0.06349319666624069,0.0,0.06925541162490845,0.0,0.2675487697124481
3325,0.005034866090863943,0.017434063740074633,0.02146686390042305,0.058522991836071014,0.0,0.06926055252552032,0.0,0.26754552125930786
3326,0.005665694456547498,0.01820923015475273,0.020713696628808974,0.06168505400419235,0.0,0.06926237046718597,0.0,0.2675427794456482
3327,0.0051872111856937405,0.01726713590323925,0.021374304592609406,0.059406398236751555,0.0,0.06926379352807999,0.0,0.2675383985042572
3328,0.005665692407637835,0.01832530237734318,0.02182934693992138,0.06094081699848175,0.0,0.06925998628139496,0.0,0.26753509044647217
3329,0.004876375198364258,0.01758045665919781,0.02208118960261345,0.062058603018522264,0.0,0.06925107538700104,0.0,0.2675342261791229
3330,0.00518316999077797,0.01797524355351925,0.021033411845564842,0.05995469465851784,0.0,0.06924141943454742,0.0,0.26753300428390503
3331,0.005093421507626772,0.01838240511715412,0.021100474894046782,0.06683155447244644,0.0,0.06923192739486694,0.0,0.2675328850746155
3332,0.004929814953356981,0.0173311036080122,0.0228439137339592,0.06105324923992157,0.0,0.06922145187854767,0.0,0.267534464597702
3333,0.004960608575493098,0.017962059751152993,0.020535142719745637,0.06172519326210022,0.0,0.06921040266752243,0.0,0.26753664016723633
3334,0.005235518701374531,0.017679300159215927,0.022062785923480988,0.058978550136089325,0.0,0.06919784098863602,0.0,0.26753854751586914
3335,0.0053582461550831795,0.017888667061924934,0.02059352733194828,0.0644990511238575,0.0,0.0691835805773735,0.0,0.26753944158554077
3336,0.004686952847987413,0.017602824606001377,0.02058117911219597,0.0631430059671402,0.0,0.06916677951812744,0.0,0.2675395905971527
3337,0.005264310259371996,0.01823033168911934,0.021168463677167893,0.06322618797421456,0.0,0.06914867460727692,0.0,0.2675374150276184
3338,0.005451817251741886,0.017893120646476746,0.02218470461666584,0.061959972232580186,0.0,0.06912991404533386,0.0,0.26753464341163635
3339,0.00521101439371705,0.017077797651290895,0.02191159576177597,0.058448852598667146,0.0,0.06910805404186249,0.0,0.26753169298171997
3340,0.004993725568056107,0.018243656307458878,0.021824373677372933,0.06086791455745697,0.0,0.06908730417490005,0.0,0.2675287425518036
3341,0.005153251904994249,0.017922137305140494,0.019584585353732108,0.06519852429628373,0.0,0.06906360387802124,0.0,0.2675257921218872
3342,0.005136874038726091,0.016546817123889924,0.021289360523223878,0.06294953748583794,0.0,0.06903728097677231,0.0,0.2675248384475708
3343,0.004889758303761482,0.017616323381662368,0.020465194061398507,0.06311770230531692,0.0,0.06900829076766968,0.0,0.267524778842926
3344,0.005159536469727754,0.01845916360616684,0.02087796702980995,0.0657509446144104,0.0,0.06898199021816254,0.0,0.267524778842926
3345,0.005035251285880804,0.01717554181814194,0.022998281568288804,0.05995070934295654,0.0,0.06895826756954193,0.0,0.2675270438194275
3346,0.0055186662822961806,0.01767528485506773,0.022639327123761176,0.05923578441143036,0.0,0.06893062591552734,0.0,0.26752880215644836
3347,0.005192630272358656,0.01837206371128559,0.02050364688038826,0.06080995723605156,0.0,0.0689045637845993,0.0,0.26752930879592896
3348,0.004852590057998896,0.01783396601676941,0.022813817113637926,0.06285242214798928,0.0,0.06888478249311447,0.0,0.26752910017967224
3349,0.005327476840466261,0.017495134845376015,0.02087987996637821,0.062620148062706,0.0,0.06886965781450272,0.0,0.26753026247024536
3350,0.005176824610680341,0.017619710601866245,0.020902113988995552,0.06090935170650482,0.0,0.06886192411184311,0.0,0.26752951741218567
3351,0.005526135489344597,0.01777684800326824,0.021314795687794687,0.06463516652584075,0.0,0.06885967403650284,0.0,0.26752912998199463
3352,0.004880848806351423,0.01785557083785534,0.02185881920158863,0.06469769477844238,0.0,0.06886084377765656,0.0,0.26752859354019165
3353,0.0050465396605432035,0.017976425215601922,0.02204681821167469,0.0629927784204483,0.0,0.06886474043130875,0.0,0.2675274610519409
3354,0.005386695358902216,0.01806282140314579,0.02214280664920807,0.06192034259438515,0.0,0.06886710226535797,0.0,0.26752668619155884
3355,0.005069625563919544,0.017865942791104317,0.021555037051439286,0.05940893217921257,0.0,0.06887204200029373,0.0,0.26752525568008423
3356,0.005295032449066639,0.017831509560346605,0.022517431154847146,0.06129972860217094,0.0,0.06888086348772049,0.0,0.2675251066684723
3357,0.005309517122805118,0.01819938011467457,0.022218438610434533,0.06035719141364097,0.0,0.06888919323682785,0.0,0.2675246596336365
3358,0.005421604216098786,0.01785989701747894,0.022629810869693755,0.05850194469094276,0.0,0.06889726966619492,0.0,0.26752376556396484
3359,0.005155598558485508,0.0176491791382432,0.02078681215643883,0.06628722921013833,0.0,0.06890840828418732,0.0,0.2675218880176544
3360,0.004980863817036152,0.018663901090621948,0.02139861471951008,0.06222560778260231,0.0,0.0689159631729126,0.0,0.26752355694770813
3361,0.00514071099460125,0.018158789724111557,0.022399525716900827,0.061698928475379944,0.0,0.06892816722393036,0.0,0.2675260901451111
3362,0.005194360483437776,0.018486521393060684,0.02249744236469269,0.06401568427681922,0.0,0.06894046068191528,0.0,0.26752838492393494
3363,0.0053692257963120936,0.017920788004994394,0.021791741251945496,0.059625377506017686,0.0,0.06895981729030609,0.0,0.2675306797027588
3364,0.0052378963679075245,0.017360587790608405,0.021457823738455773,0.06617365628480912,0.0,0.06898029893636703,0.0,0.2675292491912842
3365,0.005393602047115564,0.017878155037760735,0.02113807201385498,0.062442609667778017,0.0,0.06899569928646088,0.0,0.2675270438194275
3366,0.0050503314472734925,0.017758968472480773,0.020883750170469284,0.061691734939813614,0.0,0.06900954991579056,0.0,0.26752355694770813
3367,0.0050628107972443106,0.017922446876764298,0.021827834844589233,0.06452561020851136,0.0,0.06901532411575317,0.0,0.26752015948295593
3368,0.00511676324531436,0.01892995722591877,0.020518656820058823,0.06226381883025169,0.0,0.0690232589840889,0.0,0.26751628518104553
3369,0.0048776072915643455,0.018058201298117638,0.021307974681258203,0.05889150574803352,0.0,0.0690312385559082,0.0,0.26751524209976196
3370,0.005045245122164488,0.019436945021152497,0.021969544887542724,0.05664297267794609,0.0,0.0690397173166275,0.0,0.26751410961151123
3371,0.005053250212222337,0.018518339842557907,0.020921523869037627,0.06094958260655403,0.0,0.0690472349524498,0.0,0.26751574873924255
3372,0.005239260755479336,0.01773495078086853,0.02142844758927822,0.05776994600892067,0.0,0.06905035674571991,0.0,0.26751530170440674
3373,0.00541019681841135,0.018164843693375586,0.022328093647956848,0.06167948320508003,0.0,0.06905321031808853,0.0,0.267514169216156
3374,0.005261958111077547,0.018269260227680207,0.020808424800634384,0.0617534264922142,0.0,0.06905541568994522,0.0,0.26751235127449036
3375,0.005024726502597332,0.01790684014558792,0.021578157693147658,0.06108299046754837,0.0,0.06905759125947952,0.0,0.2675088047981262
3376,0.005420850869268179,0.018124964833259583,0.02308967337012291,0.06645082086324691,0.0,0.0690629854798317,0.0,0.2675074338912964
3377,0.0052334990352392195,0.017689963057637214,0.02258964255452156,0.05810922384262085,0.0,0.06906532496213913,0.0,0.26750606298446655
3378,0.005449536722153425,0.018012403696775436,0.02144816815853119,0.06021991968154907,0.0,0.06905952841043472,0.0,0.26750612258911133
3379,0.004926214832812548,0.018616121634840964,0.021547938883304595,0.055873990058898926,0.0,0.06905613839626312,0.0,0.2675060033798218
3380,0.005321116466075182,0.01771477423608303,0.020413270220160484,0.06209261938929558,0.0,0.06905815005302429,0.0,0.2675068974494934
3381,0.005344714969396591,0.017888566106557847,0.023708318918943407,0.062381739169359206,0.0,0.06905879080295563,0.0,0.2675072252750397
3382,0.00507768802344799,0.01776404120028019,0.02227216325700283,0.0606788694858551,0.0,0.06905687600374222,0.0,0.2675059735774994
3383,0.005455210153013468,0.017730607837438583,0.019830896705389022,0.06259605064988136,0.0,0.0690557211637497,0.0,0.26750680804252625
3384,0.004971281997859478,0.017998748272657395,0.020678623393177987,0.05836737602949142,0.0,0.06905236095190048,0.0,0.2675088047981262
3385,0.005157777946442366,0.017520148120820523,0.020086031034588815,0.06372483819723129,0.0,0.06904991716146469,0.0,0.2675107419490814
3386,0.005446335114538669,0.018240215629339217,0.02240941897034645,0.060605738312006,0.0,0.06904564797878265,0.0,0.26751184463500977
3387,0.005304785165935755,0.01742141544818878,0.022046198323369025,0.05714820399880409,0.0,0.06903640925884247,0.0,0.26751166582107544
3388,0.005521190725266934,0.018611812964081764,0.020327630639076232,0.06187535896897316,0.0,0.06902970373630524,0.0,0.26751014590263367
3389,0.005087187979370356,0.01769241951406002,0.02094755955040455,0.06249483823776245,0.0,0.06902486830949783,0.0,0.2675091326236725
3390,0.005201554670929909,0.018137500435113908,0.022067448869347573,0.06037325486540794,0.0,0.06902212649583817,0.0,0.2675071060657501
3391,0.005379913095384836,0.017813559621572495,0.0240979615598917,0.06118769645690918,0.0,0.06902509182691574,0.0,0.26750504970550537
3392,0.005026537086814642,0.01825817972421646,0.021212852373719216,0.060838209092617036,0.0,0.06902571022510529,0.0,0.2675020396709442
3393,0.005162236001342535,0.017732125520706177,0.021880609169602393,0.06367183700203896,0.0,0.06902345269918442,0.0,0.2675017714500427
3394,0.005385099910199642,0.018929124623537064,0.024511808156967164,0.06477082967758178,0.0,0.06902502477169037,0.0,0.26750487089157104
3395,0.005173667427152395,0.018594765290617942,0.02290930449962616,0.06215402036905289,0.0,0.06903054565191269,0.0,0.26750901341438293
3396,0.00531125208362937,0.018561819568276405,0.02219262905418873,0.05983666181564331,0.0,0.06904103606939316,0.0,0.2675142288208008
3397,0.004971565306186676,0.0179266020655632,0.02174164056777954,0.05826148316264153,0.0,0.06905119866132736,0.0,0.26751893758773804
3398,0.005038339272141456,0.017709996923804282,0.02334638200700283,0.06324154660105705,0.0,0.06906213611364365,0.0,0.26752325892448425
3399,0.005244094878435135,0.017707257345318795,0.022546222805976866,0.060717611014842986,0.0,0.06908019632101059,0.0,0.2675272822380066
3400,0.005059199687093496,0.01854211501777172,0.02110871151089668,0.06187480837106705,0.0,0.06910599768161774,0.0,0.2675297260284424
3401,0.005164357647299766,0.018552307039499283,0.022974835708737373,0.05931307896971703,0.0,0.06912980228662491,0.0,0.2675323784351349
3402,0.005022755078971386,0.016838323697447775,0.022686946019530297,0.06139134094119072,0.0,0.06914933770895004,0.0,0.2675328552722931
3403,0.0049951447173953055,0.017316559702157973,0.020577283576130867,0.06161956116557121,0.0,0.06916413456201553,0.0,0.26753467321395874
3404,0.005091599188745022,0.017409687861800194,0.02159588597714901,0.06445830315351486,0.0,0.0691777914762497,0.0,0.2675360143184662
3405,0.005089804530143738,0.017901203036308287,0.020893061906099318,0.06023573055863381,0.0,0.06919019669294357,0.0,0.26753804087638855
3406,0.005190833937376738,0.018495911732316017,0.021521519869565964,0.06075630858540535,0.0,0.06920282542705536,0.0,0.2675413489341736
3407,0.005219076480716467,0.018260253593325615,0.022689737007021905,0.06222243681550026,0.0,0.06921812146902084,0.0,0.2675437331199646
3408,0.005260722432285547,0.018817105144262315,0.022915096208453178,0.05996699333190918,0.0,0.06923554837703705,0.0,0.26754727959632874
3409,0.005584685970097781,0.017695235460996626,0.02155800499022007,0.06443414837121964,0.0,0.0692557841539383,0.0,0.26755058765411377
3410,0.005323539301753044,0.01708621419966221,0.02252865321934223,0.06087156981229782,0.0,0.06927592307329178,0.0,0.2675516605377197
3411,0.004986573103815317,0.0174282256513834,0.02144019603729248,0.05738564878702164,0.0,0.06929381936788559,0.0,0.26755291223526
3412,0.005314933136105537,0.017529628798365594,0.021266084909439088,0.06346838399767876,0.0,0.06931143254041672,0.0,0.2675536274909973
3413,0.005080769676715136,0.01874503865838051,0.02051086239516735,0.06207592636346817,0.0,0.06932507455348969,0.0,0.2675524652004242
3414,0.005682072136551142,0.018499024212360382,0.021963046863675117,0.06654805392026901,0.0,0.06933964788913727,0.0,0.2675505578517914
3415,0.005140482075512409,0.01735297925770283,0.02054871544241905,0.061676160991191865,0.0,0.06935067474842072,0.0,0.26754677295684814
3416,0.005227260012179613,0.01769314594566822,0.021679285541176797,0.06154442653059959,0.0,0.06936119496822357,0.0,0.26754480600357056
3417,0.004974863398820162,0.01840803399682045,0.02165084667503834,0.061119338124990465,0.0,0.06937363743782043,0.0,0.26754555106163025
3418,0.005194887053221464,0.018178028985857964,0.021170161291956903,0.06380732879042625,0.0,0.06938482820987701,0.0,0.26754626631736755
3419,0.005407346226274967,0.01908958554267883,0.023758358880877496,0.05910906344652176,0.0,0.06939868628978729,0.0,0.2675483524799347
3420,0.005147410836070776,0.0192559614777565,0.019556426256895066,0.06188151016831398,0.0,0.06940767914056778,0.0,0.26755037903785706
3421,0.005099678318947554,0.019104873389005662,0.022352490946650504,0.06490105465054512,0.0,0.06941978633403778,0.0,0.26755043864250183
3422,0.005051887221634388,0.017684106528759003,0.021547575294971467,0.05927169322967529,0.0,0.06943058222532272,0.0,0.2675517797470093
3423,0.004957503452897072,0.018735012039542198,0.02350304014980793,0.06046384945511818,0.0,0.06945173442363739,0.0,0.26755258440971375
3424,0.00516629759222269,0.01771504692733288,0.02120966948568821,0.062122761458158496,0.0,0.06947538256645203,0.0,0.2675507366657257
3425,0.0054277640767395495,0.01770704798400402,0.021340245753526686,0.05780322104692459,0.0,0.06949387490749359,0.0,0.2675483822822571
3426,0.005362785514444112,0.01720863878726959,0.020689936727285384,0.06179430782794952,0.0,0.06951054185628891,0.0,0.267544686794281
3427,0.004758924711495638,0.017534588277339936,0.020528802648186684,0.05711253732442856,0.0,0.06952168047428131,0.0,0.26754093170166016
3428,0.005229768436402082,0.01822519227862358,0.021250906214118005,0.06721741259098053,0.0,0.0695313885807991,0.0,0.2675364017486572
3429,0.005371612869203091,0.017354796454310418,0.020713557675480842,0.05755846798419952,0.0,0.06954459846019745,0.0,0.2675284445285797
3430,0.005223174206912517,0.01778325214982033,0.02173040062189102,0.062087031453847884,0.0,0.06955404579639435,0.0,0.2675204277038574
3431,0.005019294284284115,0.01772262789309025,0.024008069932460786,0.05997053161263466,0.0,0.0695616602897644,0.0,0.26751258969306946
3432,0.005616131704300642,0.01743984892964363,0.022064801305532455,0.059172863513231276,0.0,0.0695662871003151,0.0,0.26750415563583374
3433,0.0053725017234683035,0.018074706941843034,0.022323258221149445,0.06102621778845787,0.0,0.06956849992275238,0.0,0.2674964964389801
3434,0.005287333857268095,0.01822992693632841,0.0202925231307745,0.06340965405106544,0.0,0.06956902146339417,0.0,0.2674886882305145
3435,0.00522372629493475,0.017567266523838044,0.023076488077640532,0.060931502282619475,0.0,0.06957533955574036,0.0,0.2674811780452728
3436,0.0053527065552771095,0.018502003327012063,0.02156781256198883,0.06285386830568314,0.0,0.06958107650279999,0.0,0.26747483015060425
3437,0.005334846954792738,0.018649531155824663,0.02094280980527401,0.06406843662261963,0.0,0.06958635151386261,0.0,0.2674669623374939
3438,0.005078031867742539,0.017613623663783072,0.022748207673430443,0.05840836614370346,0.0,0.06959123909473419,0.0,0.26745763421058655
3439,0.005283074453473091,0.018654660880565645,0.02072910815477371,0.064925155043602,0.0,0.0695958286523819,0.0,0.2674497961997986
3440,0.0052013305015861985,0.018668846786022188,0.02343502640724182,0.05795532613992691,0.0,0.0695989727973938,0.0,0.26744189858436584
3441,0.005616736877709627,0.018171888962388038,0.020980119332671167,0.061677553504705426,0.0,0.06960179656744003,0.0,0.26743730902671814
3442,0.005536919739097357,0.017409158870577812,0.021573908999562262,0.06294779926538467,0.0,0.06960716843605042,0.0,0.26743510365486145
3443,0.0054539315402507785,0.018669240921735764,0.022150825709104538,0.06021590381860733,0.0,0.06961282342672348,0.0,0.2674314081668854
3444,0.005489714257419109,0.01806245744228363,0.02188408076763153,0.06039873957633972,0.0,0.06962194293737411,0.0,0.26742926239967346
3445,0.0050234667956829075,0.01719116382300854,0.02040061391890049,0.06241654753684998,0.0,0.0696278065443039,0.0,0.26742711663246155
3446,0.00534883001819253,0.017768584191799164,0.023019806668162345,0.061284489184618,0.0,0.06962938606739044,0.0,0.2674263119697571
3447,0.005291244015097618,0.018288052454590798,0.022993157058954238,0.06157385632395744,0.0,0.06962959468364716,0.0,0.26742514967918396
3448,0.0051164221949875355,0.018236219137907028,0.02257532961666584,0.06178122833371162,0.0,0.06963454186916351,0.0,0.26742124557495117
3449,0.0054529932327568535,0.018350628018379212,0.02344842366874218,0.06393265351653099,0.0,0.06963886320590973,0.0,0.26741984486579895
3450,0.005320682097226382,0.018841113522648813,0.021684500947594644,0.06290688812732696,0.0,0.06963963061571121,0.0,0.26741963624954224
3451,0.0052106669172644615,0.018469002097845078,0.021459120139479638,0.06533272042870522,0.0,0.06963492184877396,0.0,0.2674197554588318
3452,0.00511863837018609,0.018021702021360397,0.021945521235466003,0.06407698094844819,0.0,0.06962428987026215,0.0,0.26741981506347656
3453,0.005109185259789229,0.017836201563477518,0.021534651145339014,0.06137648820877075,0.0,0.06961409747600555,0.0,0.26741859316825867
3454,0.005414352379739284,0.017911197617650032,0.022121110185980796,0.06056359559297562,0.0,0.06960099190473557,0.0,0.2674185335636139
3455,0.005165086686611175,0.017450469732284545,0.021544503420591353,0.061151406913995746,0.0,0.0695892870426178,0.0,0.267418771982193
3456,0.005353312939405441,0.017420727387070657,0.02109764367341995,0.06085667386651039,0.0,0.06957008689641953,0.0,0.26741886138916016
3457,0.005273567419499159,0.0184790950268507,0.022003218159079553,0.06193048655986786,0.0,0.06955370306968689,0.0,0.26741915941238403
3458,0.005202398356050253,0.017701737582683563,0.020469846576452254,0.06073339357972145,0.0,0.06954039633274078,0.0,0.2674202024936676
3459,0.005050406511873007,0.0189976766705513,0.021527405828237534,0.06235040053725242,0.0,0.0695243626832962,0.0,0.2674214839935303
3460,0.005098005663603545,0.017235894873738288,0.019838185608386995,0.06037014350295067,0.0,0.06951455026865005,0.0,0.26742130517959595
3461,0.005117607489228249,0.017331408709287642,0.02246728166937828,0.06548572853207588,0.0,0.0695042759180069,0.0,0.26742035150527954
3462,0.0051862337626516816,0.018564864248037338,0.022733166813850403,0.06101300120353699,0.0,0.06949125230312347,0.0,0.2674199938774109
3463,0.004876416083425284,0.01826731190085411,0.02206805571913719,0.06218056008219719,0.0,0.06947972625494003,0.0,0.26742124557495117
3464,0.0051244706846773624,0.01772787217050791,0.024693148210644722,0.06340712383389473,0.0,0.0694672167301178,0.0,0.26742425560951233
3465,0.0050135676749050615,0.018250854313373567,0.022682296857237817,0.06352075412869454,0.0,0.06945807486772537,0.0,0.2674258351325989
3466,0.005102811940014362,0.01855889819562435,0.020784911513328553,0.05870520919561386,0.0,0.06944900751113892,0.0,0.26742610335350037
3467,0.005049075931310654,0.018423387408256532,0.021144907921552658,0.059989190101623534,0.0,0.0694422572851181,0.0,0.2674262821674347
3468,0.005197284743189812,0.016644302755594254,0.020615404844284056,0.0641617514193058,0.0,0.06944018602371216,0.0,0.2674272656440735
3469,0.005445335153490305,0.01790660060942173,0.022238894179463387,0.06500554829835892,0.0,0.06943349540233612,0.0,0.2674289345741272
3470,0.005267345160245895,0.017305970564484595,0.020494606345891953,0.06069270297884941,0.0,0.06942972540855408,0.0,0.2674317955970764
3471,0.005211773701012135,0.018390777334570885,0.021981415525078773,0.060844431072473525,0.0,0.06942319869995117,0.0,0.2674342691898346
3472,0.005136134382337332,0.017838387191295622,0.02099553607404232,0.061888649314641955,0.0,0.06941814720630646,0.0,0.2674364447593689
3473,0.005286502838134766,0.018445975705981256,0.022033067420125008,0.06295632049441338,0.0,0.06940913200378418,0.0,0.2674381136894226
3474,0.005074158683419228,0.0181141447275877,0.020617115125060082,0.06287605538964272,0.0,0.06939719617366791,0.0,0.26744017004966736
3475,0.005298302229493857,0.018400875478982927,0.021360844001173974,0.0646292582154274,0.0,0.06939040124416351,0.0,0.26744145154953003
3476,0.005555650591850281,0.017803430184721948,0.02180732898414135,0.06286387592554092,0.0,0.0693836361169815,0.0,0.26744478940963745
3477,0.005071423016488552,0.017786988243460655,0.023056398332118987,0.06562928333878518,0.0,0.06937960535287857,0.0,0.26744961738586426
3478,0.00532775903120637,0.0183091189712286,0.022115401178598403,0.05891178250312805,0.0,0.06936909258365631,0.0,0.26745566725730896
3479,0.004906931426376104,0.018090051412582398,0.02293246015906334,0.061116288602352145,0.0,0.06936599314212799,0.0,0.2674606740474701
3480,0.00515165738761425,0.018038799241185188,0.02261924222111702,0.06279228106141091,0.0,0.0693589597940445,0.0,0.2674658000469208
3481,0.0050088041462004185,0.018047192692756654,0.02460758723318577,0.0611302338540554,0.0,0.06935487687587738,0.0,0.2674708962440491
3482,0.00534049617126584,0.01752486489713192,0.02171383835375309,0.06432188674807549,0.0,0.06934727728366852,0.0,0.2674761116504669
3483,0.005446847528219223,0.01870572119951248,0.01963611729443073,0.06579095125198364,0.0,0.0693393126130104,0.0,0.26747992634773254
3484,0.005043635610491037,0.01821904517710209,0.023121470212936403,0.06140486747026443,0.0,0.06933299452066422,0.0,0.2674839496612549
3485,0.00518233897164464,0.017993010208010675,0.021413728594779968,0.05776842087507248,0.0,0.06932616233825684,0.0,0.2674872875213623
3486,0.005086143407970667,0.01844329945743084,0.020794957131147384,0.06186421737074852,0.0,0.06931784749031067,0.0,0.2674890458583832
3487,0.005239429790526629,0.018214259669184683,0.02256615087389946,0.06163060888648033,0.0,0.06930774450302124,0.0,0.2674899101257324
3488,0.005253155436366797,0.017627734690904617,0.021088604256510733,0.06074906662106514,0.0,0.06929648667573929,0.0,0.2674902379512787
3489,0.00521717332303524,0.017781242728233337,0.022672094404697418,0.061493797600269316,0.0,0.06928744167089462,0.0,0.2674916684627533
3490,0.005759088788181543,0.017433536425232887,0.021677762269973755,0.06391106247901916,0.0,0.06927824765443802,0.0,0.2674940526485443
3491,0.005387157388031483,0.01837187334895134,0.02087770439684391,0.06249267011880875,0.0,0.06926912069320679,0.0,0.26749616861343384
3492,0.005082876048982143,0.017853741347789765,0.021479227766394614,0.05922264456748962,0.0,0.06926002353429794,0.0,0.26749810576438904
3493,0.004791629128158092,0.018656525015830993,0.021491871774196626,0.05434734970331192,0.0,0.06925032287836075,0.0,0.26749977469444275
3494,0.005515541136264801,0.017561160027980804,0.021861157938838006,0.06075456440448761,0.0,0.06923647224903107,0.0,0.2674986720085144
3495,0.0049682353157550095,0.018201146647334097,0.02279621735215187,0.05890066400170326,0.0,0.06922587752342224,0.0,0.26749682426452637
3496,0.004970619827508927,0.018452728912234307,0.02225778326392174,0.062001362442970276,0.0,0.06921438872814178,0.0,0.26749387383461
3497,0.00562866423279047,0.019369940832257272,0.022274575009942055,0.06147541403770447,0.0,0.06920421123504639,0.0,0.26748988032341003
3498,0.005098121892660856,0.01849280819296837,0.021642089635133744,0.06216795966029167,0.0,0.0691949650645256,0.0,0.2674863934516907
3499,0.005276665557175875,0.01795775108039379,0.020819371193647386,0.06078392267227173,0.0,0.0691862553358078,0.0,0.26748356223106384
3500,0.005355226434767246,0.017918236553668976,0.022329695522785187,0.06138828098773956,0.0,0.06918109953403473,0.0,0.267479807138443
3501,0.005195323098450899,0.01776350997388363,0.02152761407196522,0.06566422656178475,0.0,0.06917981058359146,0.0,0.2674767076969147
3502,0.004963827133178711,0.019045044109225272,0.023011137917637824,0.05985008254647255,0.0,0.06917725503444672,0.0,0.26747435331344604
3503,0.005188328772783279,0.017355629801750184,0.022230758145451546,0.06206879094243049,0.0,0.0691731721162796,0.0,0.26747235655784607
3504,0.00527717275545001,0.017228731140494346,0.019738920405507086,0.061841584742069244,0.0,0.06916879862546921,0.0,0.2674715518951416
3505,0.005203275755047798,0.017812808603048326,0.02127995863556862,0.060007472336292264,0.0,0.06916647404432297,0.0,0.2674710750579834
3506,0.00508748022839427,0.017601285129785538,0.023106962069869043,0.06244408786296844,0.0,0.06916770339012146,0.0,0.2674694061279297
3507,0.0048043056391179565,0.017169354483485222,0.02130791135132313,0.06400439143180847,0.0,0.0691700130701065,0.0,0.2674693465232849
3508,0.005385001841932535,0.017873508855700493,0.02191505804657936,0.05928464382886887,0.0,0.06917192041873932,0.0,0.26747065782546997
3509,0.004984930716454982,0.017863134667277337,0.022540425509214403,0.05971695259213448,0.0,0.06917164474725723,0.0,0.2674711346626282
3510,0.0051581554114818575,0.01786237843334675,0.021694067493081094,0.06075403839349747,0.0,0.06917522102594376,0.0,0.26747050881385803
3511,0.005304776784032583,0.017497693374752998,0.02252642884850502,0.05952894389629364,0.0,0.06918521225452423,0.0,0.26747000217437744
3512,0.005437341425567866,0.016960366070270537,0.02060936577618122,0.06106156781315804,0.0,0.06919372081756592,0.0,0.26747041940689087
3513,0.005602393671870232,0.017374679818749426,0.021562113985419275,0.05919022783637047,0.0,0.0691990852355957,0.0,0.26746970415115356
3514,0.005426409654319286,0.017841214314103127,0.021054601296782494,0.0577142633497715,0.0,0.06920184195041656,0.0,0.2674688696861267
3515,0.005402380879968405,0.017571305856108665,0.02275063581764698,0.06037258058786392,0.0,0.06920422613620758,0.0,0.2674669027328491
3516,0.005262965150177479,0.017825480550527573,0.022571178525686263,0.05783716887235642,0.0,0.06920617073774338,0.0,0.26746588945388794
3517,0.005505280289798975,0.018207107111811636,0.020300694182515143,0.0621021144092083,0.0,0.0692049041390419,0.0,0.267465740442276
3518,0.005472687818109989,0.017195017263293266,0.021260634437203406,0.06463530734181404,0.0,0.06920374929904938,0.0,0.2674645483493805
3519,0.004968480579555035,0.016748634353280067,0.022006743028759955,0.06331941038370133,0.0,0.06920654326677322,0.0,0.2674613893032074
3520,0.005014495924115181,0.018269581347703935,0.022931288927793503,0.05902854278683663,0.0,0.06920745223760605,0.0,0.2674567997455597
3521,0.005148907378315926,0.01764281131327152,0.02124054208397865,0.06160523518919945,0.0,0.06920860707759857,0.0,0.26744991540908813
3522,0.0050404701381921765,0.01814255304634571,0.021666495874524117,0.05761359333992004,0.0,0.06920938938856125,0.0,0.26744213700294495
3523,0.005041033960878849,0.018924149125814436,0.022236277908086778,0.059703604131937024,0.0,0.06920700520277023,0.0,0.26743173599243164
3524,0.00532902805134654,0.019186972081661223,0.02380153015255928,0.05760829821228981,0.0,0.06920359283685684,0.0,0.26742202043533325
3525,0.0050892366096377374,0.01824701502919197,0.021990833804011345,0.059317543357610705,0.0,0.0692041665315628,0.0,0.26741236448287964
3526,0.004948304500430822,0.01810639500617981,0.021185499802231788,0.06683331429958343,0.0,0.06920190900564194,0.0,0.26740360260009766
3527,0.004954851139336825,0.01845049150288105,0.02370709702372551,0.0613657608628273,0.0,0.06919826567173004,0.0,0.2673983573913574
3528,0.005224966164678335,0.018374890834093095,0.02216612882912159,0.06018356084823608,0.0,0.06919749826192856,0.0,0.267393559217453
3529,0.005578049644827843,0.01769985295832157,0.022495903074741364,0.059250485897064206,0.0,0.06919751316308975,0.0,0.2673892378807068
3530,0.005136677250266075,0.017780078575015068,0.022121701389551163,0.06137428060173988,0.0,0.06919965893030167,0.0,0.2673872113227844
3531,0.005407088156789541,0.017045983299613,0.021409696713089944,0.059540243446826936,0.0,0.06920312345027924,0.0,0.2673868238925934
3532,0.005133015196770429,0.01796967126429081,0.02075473852455616,0.05935453474521637,0.0,0.06920357048511505,0.0,0.26738783717155457
3533,0.005134750343859196,0.018319863453507425,0.020912223681807517,0.05998372137546539,0.0,0.06920339167118073,0.0,0.2673903703689575
3534,0.004985763691365719,0.018237430602312088,0.02054128460586071,0.06298167482018471,0.0,0.06920288503170013,0.0,0.26739269495010376
3535,0.005406159721314907,0.01674297321587801,0.02205788753926754,0.06648773103952407,0.0,0.06920085847377777,0.0,0.2673954367637634
3536,0.005317981354892254,0.01845008097589016,0.020491975545883178,0.06534639224410058,0.0,0.06919576227664948,0.0,0.2673986256122589
3537,0.005117472726851702,0.01796564757823944,0.021311981603503227,0.06470135748386383,0.0,0.06919313967227936,0.0,0.2674010694026947
3538,0.004895850457251072,0.018574458733201026,0.0218867402523756,0.05767850279808044,0.0,0.06918559968471527,0.0,0.2674046456813812
3539,0.00524608688428998,0.01853945329785347,0.02159476578235626,0.06533223092556,0.0,0.06917602568864822,0.0,0.267408549785614
3540,0.005273818131536245,0.018122429400682448,0.022812192887067796,0.063689573854208,0.0,0.06916885823011398,0.0,0.2674122750759125
3541,0.005371872987598181,0.017702269181609154,0.020484897121787072,0.05892359018325806,0.0,0.0691676139831543,0.0,0.2674168050289154
3542,0.005349243991076946,0.017614657431840895,0.020317891985177992,0.0619445838034153,0.0,0.06916572898626328,0.0,0.2674197554588318
3543,0.0053009605966508385,0.017890441045165063,0.020697038620710373,0.060386354476213454,0.0,0.06916259229183197,0.0,0.26742181181907654
3544,0.005047610681504011,0.01756288968026638,0.020843764767050743,0.05999075099825859,0.0,0.06915595382452011,0.0,0.2674243748188019
3545,0.0051775663159787655,0.01838490255177021,0.021045389771461486,0.06326027885079384,0.0,0.06915852427482605,0.0,0.26742690801620483
3546,0.004918591398745775,0.01883346140384674,0.02376289330422878,0.05784700363874436,0.0,0.06916221231222153,0.0,0.26743045449256897
3547,0.005384185630828142,0.01833978481590748,0.02312510311603546,0.057174519449472425,0.0,0.06916827708482742,0.0,0.26743555068969727
3548,0.005314539652317762,0.01729448065161705,0.021657926589250566,0.06036007329821587,0.0,0.06917490065097809,0.0,0.2674417197704315
3549,0.005344863515347242,0.01828613765537739,0.021500889956951142,0.06188184395432472,0.0,0.06918215751647949,0.0,0.26744723320007324
3550,0.0052113447338342665,0.018375999853014947,0.02098601683974266,0.06023579016327858,0.0,0.069193996489048,0.0,0.26745158433914185
3551,0.00523991109803319,0.018391970172524454,0.02203267402946949,0.061698440462350845,0.0,0.06920437514781952,0.0,0.26745787262916565
3552,0.0051039930433034895,0.017473975010216237,0.022559835761785507,0.058980615437030794,0.0,0.06921013444662094,0.0,0.26746344566345215
3553,0.0053013012744486335,0.018090290203690528,0.021755020320415496,0.06168985962867737,0.0,0.06921704858541489,0.0,0.2674677073955536
3554,0.005229837447404862,0.016913800686597823,0.021691269427537917,0.05894065722823143,0.0,0.0692233070731163,0.0,0.26746922731399536
3555,0.005262042582035065,0.018309793993830682,0.021169868111610413,0.06690161302685738,0.0,0.06922932714223862,0.0,0.2674705982208252
3556,0.005352996941655874,0.018015705794095994,0.021407097578048706,0.06199232786893845,0.0,0.06923394650220871,0.0,0.2674703598022461
3557,0.005192369874566794,0.01743771992623806,0.025357792526483534,0.06000239923596382,0.0,0.06924228370189667,0.0,0.26747241616249084
3558,0.005312141310423612,0.01779388003051281,0.0226223137229681,0.05826090350747108,0.0,0.06925199180841446,0.0,0.267474502325058
3559,0.005238602682948112,0.017250612005591394,0.021561696007847787,0.05954080447554588,0.0,0.069257952272892,0.0,0.2674773335456848
3560,0.005383334029465914,0.018419623747467993,0.02204013094305992,0.06663621589541435,0.0,0.06926275789737701,0.0,0.26748135685920715
3561,0.005318628065288067,0.01847360245883465,0.021845079585909845,0.06258396953344345,0.0,0.06926698982715607,0.0,0.2674857974052429
3562,0.0051870509050786495,0.017792677134275438,0.023514122888445853,0.06006578579545021,0.0,0.06927432119846344,0.0,0.2674923539161682
3563,0.004954048618674278,0.017258347198367118,0.022275385633111,0.05965518057346344,0.0,0.06928049027919769,0.0,0.2674991190433502
3564,0.0051850141026079655,0.018489390984177588,0.020687586069107054,0.061034790426492694,0.0,0.06928636878728867,0.0,0.267505407333374
3565,0.005214267689734697,0.017482401430606843,0.02242427282035351,0.060373420268297194,0.0,0.06928888708353043,0.0,0.26751047372817993
3566,0.005052502639591694,0.01768193356692791,0.02214900590479374,0.06228974610567093,0.0,0.06929203867912292,0.0,0.2675146162509918
3567,0.004832325596362352,0.018092800676822663,0.020442245155572893,0.06179020553827286,0.0,0.06929422914981842,0.0,0.26751795411109924
3568,0.005145351868122816,0.018302837014198305,0.02184898667037487,0.06148367002606392,0.0,0.0692993625998497,0.0,0.26751941442489624
3569,0.005108996108174324,0.017478978633880614,0.021084780991077422,0.05838343054056168,0.0,0.06931249052286148,0.0,0.26751908659935
3570,0.0052316787652671335,0.017310316488146783,0.021789529547095298,0.06533596143126488,0.0,0.06932427734136581,0.0,0.26751962304115295
3571,0.0054878202266991135,0.017123863846063615,0.021538154408335685,0.06410409957170486,0.0,0.06933336704969406,0.0,0.2675199508666992
3572,0.00526104150339961,0.018654299899935722,0.02223334051668644,0.06152524650096893,0.0,0.06933769583702087,0.0,0.26751989126205444
3573,0.005156835727393627,0.017880864813923834,0.021709058433771133,0.061375290900468824,0.0,0.0693429708480835,0.0,0.2675207853317261
3574,0.005332621466368437,0.017122485674917698,0.02229672335088253,0.0608854740858078,0.0,0.06934255361557007,0.0,0.26752451062202454
3575,0.005102606862783432,0.017271234095096587,0.021658182516694068,0.059418521076440814,0.0,0.06934396177530289,0.0,0.26752734184265137
3576,0.005339937470853329,0.018547315523028372,0.02143983468413353,0.06014343425631523,0.0,0.06933878362178802,0.0,0.2675303816795349
3577,0.005338145047426223,0.016962385922670364,0.023707828670740127,0.06097407788038254,0.0,0.06933673471212387,0.0,0.2675342559814453
3578,0.004985925834625959,0.01865702271461487,0.022458667680621148,0.05868268832564354,0.0,0.06933470815420151,0.0,0.2675377428531647
3579,0.005057905428111553,0.017635790258646013,0.021611983701586724,0.05950726866722107,0.0,0.06932958215475082,0.0,0.2675383687019348
3580,0.005344418343156576,0.018610677868127822,0.02325451709330082,0.06442293301224708,0.0,0.06932082027196884,0.0,0.2675338685512543
3581,0.0048755531199276446,0.018501685932278633,0.021982572227716445,0.05777513906359673,0.0,0.06931961327791214,0.0,0.2675281763076782
3582,0.004968014359474182,0.01790793687105179,0.020812104642391204,0.058765070885419844,0.0,0.06932321935892105,0.0,0.2675236463546753
3583,0.005502638593316078,0.017684962972998618,0.021454818174242975,0.06421402543783188,0.0,0.06933081150054932,0.0,0.2675188183784485
3584,0.005254016909748316,0.01781514436006546,0.023034419491887094,0.05964150950312615,0.0,0.06933411210775375,0.0,0.2675129771232605
3585,0.005146654695272446,0.018365136906504632,0.02094622328877449,0.060936401784420016,0.0,0.06933562457561493,0.0,0.2675072252750397
3586,0.005088764801621437,0.017280296236276627,0.022411056235432623,0.058068429678678514,0.0,0.06933722645044327,0.0,0.2675026059150696
3587,0.005154499970376492,0.01760786436498165,0.020492736995220185,0.06193754151463508,0.0,0.06933283060789108,0.0,0.26749804615974426
3588,0.005318031832575798,0.017534051835536957,0.021278753876686096,0.06136096939444542,0.0,0.06932618468999863,0.0,0.2674950957298279
3589,0.005125975981354713,0.017648877948522566,0.02105112113058567,0.06189536824822426,0.0,0.06932167708873749,0.0,0.26749294996261597
3590,0.005654066987335682,0.017691152915358544,0.021679213643074034,0.0628555178642273,0.0,0.06931867450475693,0.0,0.2674914002418518
3591,0.005622078198939562,0.018251071125268935,0.021858201175928117,0.06034167632460594,0.0,0.06931683421134949,0.0,0.26749342679977417
3592,0.0054557032883167265,0.018137496337294577,0.023607036843895913,0.06184008419513702,0.0,0.06932582706212997,0.0,0.2674963176250458
3593,0.005158603843301535,0.018117524310946466,0.022361354157328605,0.062274619936943054,0.0,0.06933660060167313,0.0,0.267498254776001
3594,0.005401169694960117,0.017080380208790304,0.021417566761374473,0.0654131978750229,0.0,0.06934528052806854,0.0,0.2674989104270935
3595,0.004838814586400985,0.01678759343922138,0.019946355372667313,0.06034058704972267,0.0,0.06935086101293564,0.0,0.2674991190433502
3596,0.005423340108245611,0.01710614301264286,0.021397528797388078,0.06326479092240334,0.0,0.06935818493366241,0.0,0.2674991190433502
3597,0.005105542298406362,0.017352335527539252,0.021853283047676086,0.05897345319390297,0.0,0.06935975700616837,0.0,0.26749902963638306
3598,0.005502714309841394,0.017508742585778236,0.022428712248802184,0.06080641075968742,0.0,0.0693616196513176,0.0,0.2674983739852905
3599,0.005286994390189648,0.017870988696813583,0.02234080694615841,0.06326008439064026,0.0,0.06935745477676392,0.0,0.26749852299690247
3600,0.0054313200525939465,0.019083355367183686,0.02203393243253231,0.06093054786324501,0.0,0.06935077905654907,0.0,0.26749753952026367
3601,0.0049709613434970375,0.018489062413573266,0.02237141951918602,0.060468293726444244,0.0,0.06934276223182678,0.0,0.2674970030784607
3602,0.005464789737015962,0.017862709239125252,0.024149391427636148,0.06002490818500519,0.0,0.06933488696813583,0.0,0.26749587059020996
3603,0.005324878543615341,0.018233643472194673,0.021851710230112075,0.05766497179865837,0.0,0.06933169066905975,0.0,0.267494261264801
3604,0.00520337400957942,0.018111401051282883,0.022448796778917313,0.059045284241437915,0.0,0.06933094561100006,0.0,0.2674945890903473
3605,0.00537553196772933,0.018193678930401802,0.02083497792482376,0.06347391605377198,0.0,0.06933168321847916,0.0,0.26749497652053833
3606,0.005041770357638598,0.016910016536712646,0.022055764496326447,0.06296537667512894,0.0,0.06933654844760895,0.0,0.267495721578598
3607,0.004868437349796295,0.01728928051888943,0.020540177822113037,0.06036178544163704,0.0,0.0693400651216507,0.0,0.2674962282180786
3608,0.005462175887078047,0.017514100670814513,0.02175111696124077,0.05867653414607048,0.0,0.06933838129043579,0.0,0.26749879121780396
3609,0.004972800053656102,0.01880919374525547,0.022116614505648613,0.0645855613052845,0.0,0.06933563202619553,0.0,0.26750215888023376
3610,0.005246323999017477,0.018862270563840867,0.022441479563713073,0.061857759952545166,0.0,0.06933224201202393,0.0,0.2675057053565979
3611,0.004938759282231331,0.018307356163859367,0.021147309616208077,0.06291154026985168,0.0,0.06932947039604187,0.0,0.2675080895423889
3612,0.005300375260412693,0.017219718545675278,0.023144128173589705,0.06401284039020538,0.0,0.06932852417230606,0.0,0.2675091624259949
3613,0.005397435184568167,0.018415195867419243,0.02246762402355671,0.06316626742482186,0.0,0.06933034211397171,0.0,0.26750630140304565
3614,0.005247902031987906,0.017919179052114487,0.02190909571945667,0.060654330998659134,0.0,0.06933420896530151,0.0,0.2675027549266815
3615,0.005276342201977968,0.01756102740764618,0.020504459738731384,0.06227320283651352,0.0,0.06933387368917465,0.0,0.26749730110168457
3616,0.00515722967684269,0.017417290061712266,0.02103828638792038,0.06398706734180451,0.0,0.06933139264583588,0.0,0.2674891948699951
3617,0.005209307465702295,0.01711069531738758,0.02100366950035095,0.06014179959893227,0.0,0.06932760030031204,0.0,0.26748043298721313
3618,0.005062159802764654,0.01764269396662712,0.019693301245570182,0.0645192950963974,0.0,0.06932467222213745,0.0,0.26747211813926697
3619,0.005108575709164143,0.01751501187682152,0.02243589572608471,0.06262648627161979,0.0,0.06932506710290909,0.0,0.2674661874771118
3620,0.005314170103520155,0.018998058512806892,0.021528082713484765,0.06579377949237823,0.0,0.06932699680328369,0.0,0.2674603760242462
3621,0.005284446943551302,0.018592694774270058,0.02229919657111168,0.058412354439496994,0.0,0.06932908296585083,0.0,0.26745668053627014
3622,0.005014650337398052,0.01869521662592888,0.02203000970184803,0.06243202090263367,0.0,0.06933397054672241,0.0,0.2674534022808075
3623,0.005250516626983881,0.01808028407394886,0.020743240043520926,0.06433628723025323,0.0,0.06933842599391937,0.0,0.26745039224624634
3624,0.005565993208438158,0.018178956210613252,0.021777136996388436,0.05759478062391281,0.0,0.06933899968862534,0.0,0.2674470543861389
3625,0.005267803650349378,0.018909838423132895,0.021694006398320198,0.06266374215483665,0.0,0.06934136152267456,0.0,0.2674446702003479
3626,0.005170248076319694,0.017298904061317445,0.020866263657808304,0.06391397714614869,0.0,0.06934773921966553,0.0,0.26744163036346436
3627,0.0054365723393857476,0.01873934306204319,0.02129548415541649,0.06106332987546921,0.0,0.06936176121234894,0.0,0.26744070649147034
3628,0.005084942467510701,0.01799243800342083,0.021537263318896292,0.059828484803438185,0.0,0.06937394291162491,0.0,0.26743975281715393
3629,0.005222145933657885,0.01715674251317978,0.022079022973775862,0.06030404716730118,0.0,0.06938334554433823,0.0,0.2674381732940674
3630,0.005195068754255771,0.01888251379132271,0.020049859210848807,0.05912842974066734,0.0,0.06939041614532471,0.0,0.2674371898174286
3631,0.005335069820284843,0.01822507418692112,0.02099923640489578,0.06439510360360146,0.0,0.06939871609210968,0.0,0.2674376368522644
3632,0.005475440714508295,0.01752817425876856,0.021326670050621034,0.061786331981420514,0.0,0.06940681487321854,0.0,0.267438679933548
3633,0.005359515454620123,0.01732682604342699,0.01947071626782417,0.06142207458615303,0.0,0.06941702216863632,0.0,0.267441987991333
3634,0.005239875428378582,0.019218305498361586,0.022350194305181502,0.06113230064511299,0.0,0.06942544877529144,0.0,0.26744508743286133
3635,0.004915883764624596,0.018428401648998262,0.021894100308418273,0.06057316213846207,0.0,0.06943298876285553,0.0,0.2674482762813568
3636,0.005138522107154131,0.018231108784675598,0.020489970594644545,0.06218171939253807,0.0,0.06943684071302414,0.0,0.2674524486064911
3637,0.005052036419510841,0.017756116390228272,0.02239866852760315,0.062425225228071216,0.0,0.06943880021572113,0.0,0.26745766401290894
3638,0.005100212153047323,0.017898106947541237,0.022481298819184304,0.06210150271654129,0.0,0.0694451704621315,0.0,0.2674626410007477
3639,0.005599290039390326,0.018584216386079787,0.022838809341192246,0.06309703588485718,0.0,0.06945191323757172,0.0,0.2674669325351715
3640,0.00509856604039669,0.01801217570900917,0.019419659301638602,0.06250434815883636,0.0,0.06945507973432541,0.0,0.2674716114997864
3641,0.005272714607417584,0.01711132824420929,0.02154228575527668,0.06165247783064842,0.0,0.06945415586233139,0.0,0.26747560501098633
3642,0.005289120599627495,0.017670954950153826,0.022679905220866204,0.05865557044744492,0.0,0.06945179402828217,0.0,0.2674800157546997
3643,0.005104147549718619,0.01710810177028179,0.02207934558391571,0.060183630883693696,0.0,0.06944865733385086,0.0,0.26748380064964294
3644,0.005163030326366424,0.017867296934127808,0.022058690339326857,0.0608215905725956,0.0,0.06945136934518814,0.0,0.2674863934516907
3645,0.005138401035219431,0.018560609966516494,0.021624291315674782,0.05799705013632774,0.0,0.06945258378982544,0.0,0.2674892842769623
3646,0.005123058520257473,0.017725063487887383,0.021496270969510078,0.0619328647851944,0.0,0.06945356726646423,0.0,0.26749271154403687
3647,0.0049586592242121695,0.01758512035012245,0.019901827722787858,0.06243465766310692,0.0,0.06945344805717468,0.0,0.26749828457832336
3648,0.005327911116182804,0.017801306396722793,0.021380971372127532,0.06392331272363663,0.0,0.06945006549358368,0.0,0.26750215888023376
3649,0.004997216537594796,0.017916236817836762,0.021718738228082658,0.06081639975309372,0.0,0.06944562494754791,0.0,0.2675074338912964
3650,0.0050739356316626075,0.017685762047767638,0.021236084774136542,0.06187157034873962,0.0,0.06943802535533905,0.0,0.2675113081932068
3651,0.005326315015554428,0.01734832040965557,0.020870767161250116,0.059810250997543335,0.0,0.06942871958017349,0.0,0.267512708902359
3652,0.005468983203172684,0.0172479048371315,0.02118413895368576,0.06353976801037789,0.0,0.06942065060138702,0.0,0.2675120234489441
3653,0.005176602490246296,0.018527210503816605,0.021467555314302444,0.06049904376268387,0.0,0.06940975785255432,0.0,0.26751112937927246
3654,0.005124104954302311,0.01757596805691719,0.02052699476480484,0.06498249769210815,0.0,0.0694018080830574,0.0,0.26750898361206055
3655,0.00501794395968318,0.017227603122591972,0.02167288325726986,0.061571625620126726,0.0,0.0693935826420784,0.0,0.267505943775177
3656,0.00538773974403739,0.019454852864146232,0.020024076104164124,0.06347131952643395,0.0,0.06938372552394867,0.0,0.26750269532203674
3657,0.005476433131843805,0.01734131071716547,0.02178870067000389,0.06077696532011032,0.0,0.06937243789434433,0.0,0.26750069856643677
3658,0.005385753884911537,0.01730310507118702,0.02334357760846615,0.06386488527059556,0.0,0.06935973465442657,0.0,0.26749780774116516
3659,0.005005625262856484,0.018886066600680353,0.021748292818665506,0.061050865799188614,0.0,0.06934796273708344,0.0,0.2674950659275055
3660,0.004737241845577955,0.018388819694519044,0.02182651460170746,0.06270330548286437,0.0,0.06933282315731049,0.0,0.2674928307533264
3661,0.0049337934702634815,0.01818322464823723,0.022419307753443717,0.06223456710577011,0.0,0.06931795924901962,0.0,0.2674916088581085
3662,0.005472070630639791,0.018008199334144593,0.02294051870703697,0.06276626065373421,0.0,0.06930286437273026,0.0,0.26748865842819214
3663,0.005318322032690048,0.017470259591937064,0.021795737370848656,0.06358523517847062,0.0,0.06928722560405731,0.0,0.26748570799827576
3664,0.0052251604385674,0.018244940042495727,0.02359551303088665,0.06201498284935951,0.0,0.06926779448986053,0.0,0.2674848437309265
3665,0.005076759867370129,0.01747989431023598,0.0221675094217062,0.0600756511092186,0.0,0.06924684345722198,0.0,0.2674840986728668
3666,0.005501442309468985,0.017774498835206032,0.022063393518328665,0.058792011439800264,0.0,0.06922663003206253,0.0,0.26748454570770264
3667,0.0049095477908849714,0.017784179002046586,0.021877741813659667,0.06388262808322906,0.0,0.06920917332172394,0.0,0.26748567819595337
3668,0.004851531237363815,0.017601766809821128,0.02404145337641239,0.063094761967659,0.0,0.06919120252132416,0.0,0.267487108707428
3669,0.005427305866032839,0.018724288791418076,0.02145843133330345,0.06216572970151901,0.0,0.06917084753513336,0.0,0.26748836040496826
3670,0.004801332950592041,0.017474989220499993,0.0209687277674675,0.06430364698171616,0.0,0.06915158778429031,0.0,0.26749056577682495
3671,0.005511816404759884,0.017757109180092812,0.02221085727214813,0.061778660863637924,0.0,0.06913759559392929,0.0,0.2674914002418518
3672,0.0052881334908306595,0.018380119279026986,0.02160349301993847,0.05872287899255753,0.0,0.06912585347890854,0.0,0.26749128103256226
3673,0.005391799379140139,0.018150416389107703,0.02171173244714737,0.06871123909950257,0.0,0.06911143660545349,0.0,0.2674919664859772
3674,0.004806558322161436,0.018405298143625258,0.022325875982642174,0.06274713054299355,0.0,0.06909672170877457,0.0,0.26749375462532043
3675,0.00553227486088872,0.018262062221765518,0.020787055045366286,0.06564855277538299,0.0,0.06908182799816132,0.0,0.2674935460090637
3676,0.004963202681392431,0.018245404213666917,0.021251124888658525,0.06553721949458122,0.0,0.06907115876674652,0.0,0.2674931585788727
3677,0.004993539117276668,0.01826399229466915,0.02366704270243645,0.06190880462527275,0.0,0.06906653195619583,0.0,0.26749175786972046
3678,0.0054702251218259335,0.01728721372783184,0.021015485003590583,0.06223044991493225,0.0,0.06906433403491974,0.0,0.26749005913734436
3679,0.005041970126330853,0.017912016063928605,0.021291763335466386,0.06511986330151558,0.0,0.06906577944755554,0.0,0.267488569021225
3680,0.0053682512603700164,0.017474809288978578,0.02172742150723934,0.06323649734258652,0.0,0.06907135248184204,0.0,0.2674890458583832
3681,0.005064402893185616,0.01849166378378868,0.022615306451916693,0.05874730497598648,0.0,0.06907729804515839,0.0,0.26749011874198914
3682,0.004788991715759039,0.017099226266145705,0.02103774659335613,0.06289097964763642,0.0,0.06908285617828369,0.0,0.2674892246723175
3683,0.005364978685975075,0.017819013446569443,0.02341528721153736,0.06479016095399856,0.0,0.06908998638391495,0.0,0.2674897015094757
3684,0.004756713844835758,0.01748648062348366,0.021110835298895837,0.06143459528684616,0.0,0.06909142434597015,0.0,0.26748839020729065
3685,0.005127653386443854,0.01817670576274395,0.024736273661255838,0.0603484533727169,0.0,0.0690893828868866,0.0,0.26748788356781006
3686,0.005029124021530151,0.0177046537399292,0.022203142940998077,0.06302862912416458,0.0,0.0690915584564209,0.0,0.267486035823822
3687,0.0051479550078511235,0.01875568851828575,0.020717437937855722,0.06297878548502922,0.0,0.06909696757793427,0.0,0.2674834132194519
3688,0.0053598562255501745,0.017545587569475173,0.022437797486782075,0.06357335820794105,0.0,0.06910596787929535,0.0,0.26748037338256836
3689,0.005122105870395899,0.018104386702179908,0.02158052660524845,0.06272175833582878,0.0,0.06911040842533112,0.0,0.26747927069664
3690,0.005191340949386359,0.01757784653455019,0.02212248481810093,0.06500841379165649,0.0,0.06912073493003845,0.0,0.2674792408943176
3691,0.005433229915797711,0.018640194088220596,0.02163572087883949,0.05874489173293114,0.0,0.06912802904844284,0.0,0.26747745275497437
3692,0.005275226850062609,0.017717722058296203,0.021355881914496423,0.06178338006138802,0.0,0.06913422793149948,0.0,0.26747798919677734
3693,0.005710944905877114,0.01766013912856579,0.021259175986051558,0.0634125180542469,0.0,0.06914539635181427,0.0,0.2674791216850281
3694,0.005162076279520989,0.018480531871318817,0.022181357815861703,0.06328916922211647,0.0,0.06915660202503204,0.0,0.26748108863830566
3695,0.0048965105786919596,0.018684631027281285,0.02201823182404041,0.0599926620721817,0.0,0.06916239857673645,0.0,0.2674831748008728
3696,0.005426195450127125,0.01802544966340065,0.021895933151245116,0.06602646932005882,0.0,0.06917431205511093,0.0,0.2674867510795593
3697,0.00526991356164217,0.017968005128204824,0.02338031940162182,0.059227900207042695,0.0,0.06919027864933014,0.0,0.2674880921840668
3698,0.005146583635360002,0.019273797422647475,0.019614658504724502,0.062489203363657,0.0,0.06921149790287018,0.0,0.2674892544746399
3699,0.005078424140810967,0.01802098602056503,0.0210555586963892,0.06465637311339378,0.0,0.06923161447048187,0.0,0.2674916088581085
3700,0.004916875716298818,0.018420389294624327,0.022800133377313615,0.06637933626770973,0.0,0.06925588846206665,0.0,0.26749593019485474
3701,0.005293072201311588,0.018985242769122123,0.020750997215509416,0.06154806166887283,0.0,0.06927681714296341,0.0,0.26749831438064575
3702,0.005567392613738775,0.01775226406753063,0.021517125889658928,0.0588191106915474,0.0,0.06929737329483032,0.0,0.2675021290779114
3703,0.005368492752313614,0.018270865082740784,0.02286023162305355,0.061010445654392245,0.0,0.06932076811790466,0.0,0.267506867647171
3704,0.004970270022749901,0.01799011267721653,0.02180195413529873,0.06121397092938423,0.0,0.06934629380702972,0.0,0.2675129473209381
3705,0.005491131264716387,0.017509780079126357,0.02347310110926628,0.06429899111390114,0.0,0.0693669319152832,0.0,0.26751822233200073
3706,0.004872097447514534,0.01887038126587868,0.02111908532679081,0.06229567900300026,0.0,0.06938779354095459,0.0,0.26752206683158875
3707,0.0047986689023673534,0.018598932772874832,0.023000060766935348,0.06540580913424492,0.0,0.069418765604496,0.0,0.26752781867980957
3708,0.005343625228852034,0.018835555389523508,0.021808727458119393,0.06440921574831009,0.0,0.0694500207901001,0.0,0.2675322890281677
3709,0.005190598126500845,0.017396531999111176,0.02167975790798664,0.061074623465538026,0.0,0.06948000192642212,0.0,0.26753655076026917
3710,0.005161654204130173,0.018334295973181723,0.021133266761898993,0.05906263366341591,0.0,0.06950847804546356,0.0,0.2675401270389557
3711,0.005341021995991469,0.017928307875990868,0.022026143223047256,0.06202021688222885,0.0,0.06953601539134979,0.0,0.26754266023635864
3712,0.005450233910232782,0.018103117868304253,0.022438883036375045,0.06272413283586502,0.0,0.06955952942371368,0.0,0.26754525303840637
3713,0.0052574585191905495,0.018187038972973822,0.022786535322666168,0.06333896592259407,0.0,0.06958094984292984,0.0,0.2675461769104004
3714,0.005396189820021391,0.018266012147068977,0.020798225700855256,0.061653444170951845,0.0,0.06960096210241318,0.0,0.26754555106163025
3715,0.004966972954571247,0.016834452375769617,0.022618288174271584,0.05953953415155411,0.0,0.06961768865585327,0.0,0.267544150352478
3716,0.005282613728195429,0.01733679845929146,0.022386541217565538,0.06533046290278435,0.0,0.06962990760803223,0.0,0.2675425410270691
3717,0.00541403740644455,0.017904754355549814,0.022806847468018532,0.05921858847141266,0.0,0.06963543593883514,0.0,0.26754170656204224
3718,0.005150993261486292,0.017476192116737364,0.02209361121058464,0.060617472231388095,0.0,0.06964193284511566,0.0,0.2675401270389557
3719,0.005242101103067398,0.017690800502896308,0.02169298306107521,0.060721173882484436,0.0,0.06964527815580368,0.0,0.2675391435623169
3720,0.005362387374043464,0.017380262538790704,0.022364911437034608,0.05992852374911308,0.0,0.06964379549026489,0.0,0.2675365209579468
3721,0.005584834609180689,0.017617035284638406,0.02216840013861656,0.060128016769886015,0.0,0.06963852792978287,0.0,0.26753297448158264
3722,0.005343711748719215,0.017592635378241538,0.02379659526050091,0.0646519586443901,0.0,0.0696362853050232,0.0,0.26753050088882446
3723,0.005340881925076246,0.017858990654349326,0.021625669673085213,0.06138841360807419,0.0,0.06963352113962173,0.0,0.26752859354019165
3724,0.005152419488877058,0.018510657548904418,0.022499602660536765,0.06532573848962783,0.0,0.06962662935256958,0.0,0.2675256133079529
3725,0.0053723065182566644,0.018476808443665504,0.023366421461105347,0.06262061595916749,0.0,0.06961993873119354,0.0,0.26752227544784546
3726,0.005193871539086103,0.018610435724258422,0.02116110399365425,0.06195610538125038,0.0,0.06960784643888474,0.0,0.2675207257270813
3727,0.005106279719620943,0.018522806465625763,0.022762442380189894,0.06302490979433059,0.0,0.06959930807352066,0.0,0.2675187289714813
3728,0.005432747583836317,0.01807957626879215,0.020587944239377976,0.06142624318599701,0.0,0.06959005445241928,0.0,0.2675178647041321
3729,0.005009978543967009,0.01833173558115959,0.02180732898414135,0.05831122770905495,0.0,0.06958570331335068,0.0,0.26751723885536194
3730,0.004967776779085398,0.018669284507632257,0.02033221088349819,0.060514936596155165,0.0,0.06957996636629105,0.0,0.26751500368118286
3731,0.004805072769522667,0.01801968514919281,0.02298445999622345,0.06209995895624161,0.0,0.06957545876502991,0.0,0.26751357316970825
3732,0.0052844654768705365,0.017614740878343582,0.02131883390247822,0.06454281359910966,0.0,0.0695735365152359,0.0,0.26751115918159485
3733,0.005402938183397055,0.018902090564370155,0.02357015572488308,0.06269128844141961,0.0,0.06956665217876434,0.0,0.26751095056533813
3734,0.005433332547545433,0.0171533677726984,0.023287317901849746,0.06290034279227256,0.0,0.06955960392951965,0.0,0.2675114572048187
3735,0.005367668438702821,0.018341443687677383,0.021285754442214967,0.06200257763266563,0.0,0.06954928487539291,0.0,0.26751381158828735
3736,0.0054056492634117605,0.018358174711465836,0.02224932536482811,0.06275459975004197,0.0,0.06953424215316772,0.0,0.2675178349018097
3737,0.005249153543263674,0.017387382686138153,0.020784983411431313,0.062047079205513,0.0,0.06951987743377686,0.0,0.26752081513404846
3738,0.004914172366261483,0.018463116511702536,0.022447876259684564,0.06107337772846222,0.0,0.06950343400239944,0.0,0.26752322912216187
3739,0.005179135035723448,0.017587968707084657,0.02219157963991165,0.060481509566307066,0.0,0.06949004530906677,0.0,0.26752668619155884
3740,0.005502283852547407,0.01695474050939083,0.02271915376186371,0.061392521113157274,0.0,0.06947275251150131,0.0,0.2675303518772125
3741,0.005325457081198692,0.01855388469994068,0.021218081191182136,0.061571641266345976,0.0,0.06945545971393585,0.0,0.2675333023071289
3742,0.005436813645064831,0.018164663389325143,0.02091667242348194,0.05997835248708725,0.0,0.06944025307893753,0.0,0.2675333619117737
3743,0.005271195340901614,0.017191676050424577,0.021463649719953536,0.06091830804944039,0.0,0.06942691653966904,0.0,0.26753225922584534
3744,0.005305704660713673,0.017655323818325998,0.021067384630441666,0.06620432361960411,0.0,0.06941412389278412,0.0,0.26753050088882446
3745,0.005230663903057575,0.017693963646888734,0.022592229768633842,0.06106272712349892,0.0,0.06940579414367676,0.0,0.2675275504589081
3746,0.005455087218433618,0.01823941171169281,0.021089713275432586,0.06677261292934418,0.0,0.0694010928273201,0.0,0.26752346754074097
3747,0.004998340178281069,0.017988207563757897,0.02082011625170708,0.06546404734253883,0.0,0.06939506530761719,0.0,0.267520010471344
3748,0.0048498095944523815,0.018279749900102615,0.022279108688235284,0.06008097305893898,0.0,0.06938394904136658,0.0,0.2675166428089142
3749,0.005191282276064158,0.017681524530053137,0.024371476098895072,0.06089584305882454,0.0,0.06936904042959213,0.0,0.26751479506492615
3750,0.005398731678724289,0.018256795778870582,0.022739673778414727,0.06048485040664673,0.0,0.06935080140829086,0.0,0.2675141990184784
3751,0.005440173391252756,0.018418397381901742,0.023962204158306123,0.06199854165315628,0.0,0.06933657824993134,0.0,0.2675129771232605
3752,0.005315584223717451,0.017722294107079505,0.022618673741817474,0.06636415496468544,0.0,0.0693199634552002,0.0,0.26751312613487244
3753,0.005434038117527962,0.017737506330013274,0.02087642401456833,0.061448638886213304,0.0,0.06930553913116455,0.0,0.2675148844718933
3754,0.004942009225487709,0.01844290904700756,0.021437658369541167,0.05919742658734321,0.0,0.06929376721382141,0.0,0.26751941442489624
3755,0.005191321671009064,0.018302709609270097,0.020305154472589494,0.06354965716600418,0.0,0.06928248703479767,0.0,0.267525851726532
3756,0.004911992605775595,0.017769084125757218,0.020712540671229362,0.06196792796254158,0.0,0.06927047669887543,0.0,0.2675296664237976
3757,0.005156470183283091,0.01802354194223881,0.022746402770280838,0.06424195691943169,0.0,0.06926172971725464,0.0,0.26753395795822144
3758,0.00522845396772027,0.017911001667380334,0.02005331628024578,0.061348439753055574,0.0,0.06925179809331894,0.0,0.2675390839576721
3759,0.00492858774960041,0.01739056035876274,0.021899273619055748,0.06272033527493477,0.0,0.06924223899841309,0.0,0.2675440013408661
3760,0.005375135503709316,0.01812475882470608,0.02256365567445755,0.06340024322271347,0.0,0.0692334994673729,0.0,0.26754817366600037
3761,0.0054836242459714414,0.01822196990251541,0.021284573525190354,0.06334480941295624,0.0,0.0692208781838417,0.0,0.26755398511886597
3762,0.0054960263893008236,0.01796989031136036,0.02033832259476185,0.06280333548784256,0.0,0.06920746713876724,0.0,0.2675606906414032
3763,0.005199072230607271,0.018306655809283257,0.02213503494858742,0.06089935600757599,0.0,0.06919391453266144,0.0,0.26756662130355835
3764,0.005291322991251945,0.018012069910764695,0.020832145214080812,0.06269038543105125,0.0,0.0691850334405899,0.0,0.2675721347332001
3765,0.005636322498321533,0.01781616099178791,0.021524163708090783,0.06374998688697815,0.0,0.06917698681354523,0.0,0.26757654547691345
3766,0.005044374521821738,0.018297070637345314,0.020589135587215424,0.06037032157182694,0.0,0.06917309761047363,0.0,0.2675798535346985
3767,0.005249974224716425,0.018054041638970376,0.021313294768333435,0.06480432599782944,0.0,0.06916646659374237,0.0,0.2675844132900238
3768,0.00510909054428339,0.01807435043156147,0.02045823633670807,0.06469531580805779,0.0,0.06915698945522308,0.0,0.26758912205696106
3769,0.005310578923672438,0.018411705270409584,0.022460219636559486,0.05929277092218399,0.0,0.06914400309324265,0.0,0.2675946056842804
3770,0.0052881153300404545,0.018085889518260956,0.021323399245738985,0.060505906492471694,0.0,0.06913423538208008,0.0,0.2676015794277191
3771,0.005003180913627147,0.017799439281225203,0.021065648645162582,0.05937158837914467,0.0,0.06912270933389664,0.0,0.26760798692703247
3772,0.0049977581016719345,0.018508141674101353,0.021143742278218268,0.06081599369645119,0.0,0.0691119134426117,0.0,0.26761096715927124
3773,0.005013566464185715,0.01702534332871437,0.022741860151290892,0.06325032487511635,0.0,0.0691022053360939,0.0,0.2676156163215637
3774,0.005257189832627773,0.01774706840515137,0.021426732093095778,0.06298048943281173,0.0,0.06909243017435074,0.0,0.26762092113494873
3775,0.00521898427978158,0.018604014441370963,0.02043345645070076,0.059165308624505995,0.0,0.0690830647945404,0.0,0.2676237225532532
3776,0.005295320693403482,0.017687108740210532,0.021834126114845274,0.060826899111270906,0.0,0.06907214969396591,0.0,0.2676239013671875
3777,0.005105717573314905,0.017268189415335655,0.021836404874920844,0.06466906145215034,0.0,0.06906349956989288,0.0,0.26762163639068604
3778,0.004840801190584898,0.01718282401561737,0.021556882187724113,0.05612572357058525,0.0,0.06905262172222137,0.0,0.2676180601119995
3779,0.004926901683211327,0.018804744631052018,0.02085059806704521,0.05909194573760033,0.0,0.06904496252536774,0.0,0.26761510968208313
3780,0.005136171821504831,0.017271829023957252,0.02238616794347763,0.06629980579018593,0.0,0.06903906166553497,0.0,0.2676113247871399
3781,0.00578361451625824,0.01782127097249031,0.021920883655548097,0.0634971097111702,0.0,0.0690343901515007,0.0,0.2676074504852295
3782,0.0052860967814922334,0.017738617956638336,0.022242845594882966,0.06056382805109024,0.0,0.069035604596138,0.0,0.2676028311252594
3783,0.005008223932236433,0.01786493547260761,0.019119931757450102,0.06071194931864739,0.0,0.06903818994760513,0.0,0.26759853959083557
3784,0.0053363597020506855,0.019112392142415047,0.020896948873996735,0.06325156688690185,0.0,0.06904877722263336,0.0,0.26759544014930725
3785,0.005090607143938541,0.01848936825990677,0.021732252091169357,0.05762549117207527,0.0,0.06907160580158234,0.0,0.2675919830799103
3786,0.005169056076556444,0.017736584693193436,0.020164043456315995,0.06547419503331184,0.0,0.06909440457820892,0.0,0.26758867502212524
3787,0.005233623646199703,0.017835764586925505,0.01965121328830719,0.06078465208411217,0.0,0.06911714375019073,0.0,0.26758480072021484
3788,0.0050943163223564625,0.018193325400352477,0.02208884507417679,0.0635399766266346,0.0,0.06914065778255463,0.0,0.26758280396461487
3789,0.005013627093285322,0.017395231500267984,0.022424054518342017,0.06278287544846535,0.0,0.0691697746515274,0.0,0.26758190989494324
3790,0.005475357268005609,0.018655850365757943,0.020928261801600456,0.06251728311181068,0.0,0.06919760257005692,0.0,0.2675815224647522
3791,0.005057003814727068,0.017874528467655183,0.020900769904255868,0.06294740363955498,0.0,0.06923481076955795,0.0,0.267580509185791
3792,0.0049371980130672455,0.017772362381219865,0.02240721359848976,0.06211417689919472,0.0,0.06926834583282471,0.0,0.26758041977882385
3793,0.005223213881254196,0.018333492800593376,0.023999815434217454,0.0625287152826786,0.0,0.06929700076580048,0.0,0.2675803005695343
3794,0.005158397741615773,0.01742301508784294,0.021480286866426467,0.0600274071097374,0.0,0.06932540982961655,0.0,0.2675822377204895
3795,0.0049463300034403804,0.017445904761552812,0.02326369844377041,0.062455151975154874,0.0,0.06935097277164459,0.0,0.26758354902267456
3796,0.005223353579640389,0.018196926638484,0.02257918007671833,0.06114799976348877,0.0,0.06937297433614731,0.0,0.2675861716270447
3797,0.005130313523113728,0.0176565483212471,0.02078641839325428,0.058742839843034744,0.0,0.06939177215099335,0.0,0.26758962869644165
3798,0.005511226784437895,0.017959338799118995,0.020964791625738145,0.06459561213850976,0.0,0.06940840184688568,0.0,0.26759010553359985
3799,0.005511697754263878,0.017493653297424316,0.021334157884120943,0.06468101665377617,0.0,0.06942480057477951,0.0,0.2675887644290924
3800,0.0053372160531580445,0.017296425253152847,0.021682092919945717,0.06252464130520821,0.0,0.06943455338478088,0.0,0.26758790016174316
3801,0.005295458436012268,0.017679891735315322,0.02239994965493679,0.06193949058651924,0.0,0.0694413036108017,0.0,0.2675870954990387
3802,0.005082453228533268,0.018682020157575606,0.02195201739668846,0.06186541840434075,0.0,0.06944489479064941,0.0,0.26758551597595215
3803,0.005180112738162279,0.01766285113990307,0.021970374137163164,0.06273032575845719,0.0,0.0694497674703598,0.0,0.2675834596157074
3804,0.005276153609156608,0.018183552846312522,0.020651723444461822,0.06055599525570869,0.0,0.06945387274026871,0.0,0.26758331060409546
3805,0.005070514511317015,0.018420010432600976,0.02096972316503525,0.06206922009587288,0.0,0.06945379078388214,0.0,0.26758578419685364
3806,0.004858913272619248,0.018223321437835692,0.020195256918668747,0.06122546046972275,0.0,0.0694490447640419,0.0,0.2675895094871521
3807,0.005051704123616219,0.01768678203225136,0.021974534541368485,0.060394853353500366,0.0,0.06944793462753296,0.0,0.2675929665565491
3808,0.00514118866994977,0.0178013214841485,0.02043164484202862,0.058488800376653674,0.0,0.06943991035223007,0.0,0.2675979733467102
3809,0.005108899809420109,0.018359867855906487,0.021459902077913283,0.06383170560002327,0.0,0.06942734122276306,0.0,0.2676023542881012
3810,0.005200117733329535,0.017776388302445413,0.02097986601293087,0.062390143424272536,0.0,0.0694122463464737,0.0,0.267605185508728
3811,0.005175378732383251,0.017730031348764896,0.023567824438214303,0.0644421897828579,0.0,0.06939831376075745,0.0,0.2676083445549011
3812,0.004997407458722592,0.019036541879177093,0.022349337115883827,0.060773731023073194,0.0,0.06938084959983826,0.0,0.2676123082637787
3813,0.005234043393284082,0.01821303814649582,0.021065300703048705,0.06321311742067337,0.0,0.06936560571193695,0.0,0.2676132321357727
3814,0.0051419568248093125,0.018101055175065994,0.022882867977023123,0.06425081491470337,0.0,0.06934956461191177,0.0,0.26761287450790405
3815,0.005000620707869529,0.018790895491838454,0.019928550347685814,0.06409747079014778,0.0,0.06933741271495819,0.0,0.26761144399642944
3816,0.005443272739648819,0.017029095068573953,0.022591937333345413,0.05755216404795647,0.0,0.06932689249515533,0.0,0.2676076292991638
3817,0.0055911288596689705,0.016996901109814645,0.022285806387662886,0.05852585807442665,0.0,0.0693146213889122,0.0,0.2676028311252594
3818,0.004959833715111018,0.017614655196666718,0.022229519858956336,0.06141677796840668,0.0,0.06931104511022568,0.0,0.2675992250442505
3819,0.004846374504268169,0.017816349491477014,0.021813756972551345,0.057902389019727704,0.0,0.0693027675151825,0.0,0.2675950527191162
3820,0.005183431971818209,0.018138543888926505,0.022354334220290185,0.06004456281661987,0.0,0.06929430365562439,0.0,0.2675913870334625
3821,0.005041456688195467,0.017715607956051826,0.020759455487132074,0.06291167289018632,0.0,0.06928844749927521,0.0,0.2675880491733551
3822,0.005118136946111918,0.017966948449611664,0.02184283994138241,0.06351180076599121,0.0,0.0692811980843544,0.0,0.26758748292922974
3823,0.004991363547742367,0.017635831981897353,0.022804253920912742,0.05849196314811707,0.0,0.06927815824747086,0.0,0.2675867974758148
3824,0.0053386597894132136,0.017368239536881446,0.021290646493434907,0.0650398850440979,0.0,0.06927444040775299,0.0,0.26758795976638794
3825,0.005017288587987423,0.01818903163075447,0.022604940459132195,0.05901947394013405,0.0,0.06926840543746948,0.0,0.26758885383605957
3826,0.005428415536880493,0.018024497106671332,0.022782262042164804,0.061237485706806184,0.0,0.06926590204238892,0.0,0.26759058237075806
3827,0.005335780419409275,0.01744229532778263,0.021126510947942732,0.06018378883600235,0.0,0.06925587356090546,0.0,0.26759105920791626
3828,0.005265453830361366,0.018261468783020974,0.022723349556326867,0.06000554785132408,0.0,0.06924499571323395,0.0,0.26758965849876404
3829,0.005047854222357273,0.017869586870074273,0.02038704715669155,0.06779140532016754,0.0,0.06923843920230865,0.0,0.2675904333591461
3830,0.005412857700139284,0.017507632449269294,0.020699578151106835,0.057442346960306166,0.0,0.06923271715641022,0.0,0.26759275794029236
3831,0.005303672607988119,0.017627075128257275,0.023731491714715957,0.060226718336343764,0.0,0.06922558695077896,0.0,0.2675960659980774
3832,0.0050874539650976654,0.017807414382696153,0.021136464551091194,0.06161671280860901,0.0,0.06921721994876862,0.0,0.2675970494747162
3833,0.005159824620932341,0.01724122241139412,0.02111002951860428,0.059616534411907195,0.0,0.06921060383319855,0.0,0.2675977945327759
3834,0.005336845945566893,0.018558308854699133,0.02229238897562027,0.06159697845578194,0.0,0.06920625269412994,0.0,0.267598032951355
3835,0.005460725631564856,0.01856374591588974,0.0211018119007349,0.0632816843688488,0.0,0.06920278072357178,0.0,0.2675994038581848
3836,0.005165802128612995,0.019296972453594206,0.021942466124892236,0.06073141992092133,0.0,0.06920238584280014,0.0,0.2675999701023102
3837,0.005148686096072197,0.018776100128889084,0.02083842419087887,0.06274681836366654,0.0,0.06920547783374786,0.0,0.26760268211364746
3838,0.005332150869071484,0.017956709116697313,0.021138647198677064,0.05850762873888016,0.0,0.06920850276947021,0.0,0.2676045894622803
3839,0.005037191510200501,0.017748678103089333,0.021875154972076417,0.061749516427516936,0.0,0.06921132653951645,0.0,0.26760634779930115
3840,0.005220388248562813,0.019027584046125413,0.02216096855700016,0.0624504879117012,0.0,0.06921307742595673,0.0,0.2676061987876892
3841,0.004979430139064789,0.01893780045211315,0.02217160612344742,0.0636062815785408,0.0,0.06921625882387161,0.0,0.26760321855545044
3842,0.005268713738769293,0.018069715052843095,0.020613384991884233,0.06467082351446152,0.0,0.06922417134046555,0.0,0.267599493265152
3843,0.004978835303336382,0.01788898855447769,0.02189754955470562,0.06190741136670112,0.0,0.06923149526119232,0.0,0.267596572637558
3844,0.004849649779498577,0.017734578624367715,0.022358372062444686,0.061843010038137435,0.0,0.06923744082450867,0.0,0.2675946056842804
3845,0.005215635057538748,0.01783556304872036,0.020565351098775865,0.06461889296770096,0.0,0.0692438930273056,0.0,0.2675926089286804
3846,0.005409381631761789,0.018285861238837242,0.021907074376940727,0.061615091562271115,0.0,0.06925038993358612,0.0,0.2675897777080536
3847,0.005154595710337162,0.01802034191787243,0.0209455456584692,0.05941053628921509,0.0,0.06925275921821594,0.0,0.2675851583480835
3848,0.005012413579970598,0.01857711374759674,0.021887704730033875,0.0600814662873745,0.0,0.06925353407859802,0.0,0.2675815224647522
3849,0.005304631497710943,0.019519099965691566,0.02449648976325989,0.060259924829006196,0.0,0.06925308704376221,0.0,0.26757797598838806
3850,0.0047955670394003395,0.0175500575453043,0.02210024632513523,0.06386319920420647,0.0,0.0692686066031456,0.0,0.2675751745700836
3851,0.004978648666292429,0.018118566274642943,0.02255280539393425,0.06183456778526306,0.0,0.06928344070911407,0.0,0.26757386326789856
3852,0.0051486223936080934,0.01816772371530533,0.021700316295027732,0.06089185774326324,0.0,0.06929560005664825,0.0,0.2675725519657135
3853,0.005051730107516051,0.01896374933421612,0.02254747152328491,0.058691888302564624,0.0,0.06930748373270035,0.0,0.2675705552101135
3854,0.005115838535130024,0.01744154915213585,0.021203841641545297,0.06255749315023422,0.0,0.06932008266448975,0.0,0.2675684690475464
3855,0.005518774688243866,0.01843164525926113,0.02057752162218094,0.06363576948642731,0.0,0.06933420896530151,0.0,0.26756617426872253
3856,0.004766512848436833,0.01782989054918289,0.02029300034046173,0.059476007521152494,0.0,0.0693468227982521,0.0,0.26756414771080017
3857,0.005221609026193619,0.01725427582859993,0.023360243812203408,0.05985045507550239,0.0,0.06936323642730713,0.0,0.26756319403648376
3858,0.005492827668786049,0.017728659510612487,0.02004816196858883,0.06202208772301674,0.0,0.06937682628631592,0.0,0.26756200194358826
3859,0.005269854050129652,0.018140866607427596,0.021654560789465906,0.06781262680888175,0.0,0.06938577443361282,0.0,0.26756080985069275
3860,0.005381728336215019,0.017595938965678216,0.020383705943822862,0.06180659830570221,0.0,0.0693967193365097,0.0,0.26755911111831665
3861,0.0053866407833993435,0.01755156144499779,0.02291523925960064,0.05903041362762451,0.0,0.06940732151269913,0.0,0.2675584852695465
3862,0.005169019382447004,0.017853930220007898,0.022200430929660796,0.05714994892477989,0.0,0.06941869109869003,0.0,0.26755890250205994
3863,0.0053717133589088915,0.017774583026766776,0.021199749782681465,0.060038954764604566,0.0,0.06942721456289291,0.0,0.26755842566490173
3864,0.005188752245157957,0.01878650262951851,0.020781640708446503,0.06351323351264,0.0,0.06944122910499573,0.0,0.2675579786300659
3865,0.005354671273380518,0.018077656254172327,0.02043975405395031,0.0606863796710968,0.0,0.06945665180683136,0.0,0.26755619049072266
3866,0.005342930089682341,0.018142223730683325,0.022811951488256453,0.06475819945335388,0.0,0.06947486102581024,0.0,0.2675536274909973
3867,0.0053239472210407255,0.01735256686806679,0.022848495095968247,0.061251452565193175,0.0,0.06949324905872345,0.0,0.26755136251449585
3868,0.005487081408500671,0.01864103935658932,0.021195176616311075,0.06681020483374596,0.0,0.06950951367616653,0.0,0.26754921674728394
3869,0.005189629457890988,0.017828092724084855,0.021883224323391914,0.06267717331647873,0.0,0.0695229172706604,0.0,0.2675478458404541
3870,0.00495932400226593,0.018202463537454604,0.020600828528404235,0.06070383340120315,0.0,0.0695328563451767,0.0,0.26754674315452576
3871,0.005086333211511374,0.01834869459271431,0.021665170416235925,0.05986485406756401,0.0,0.06954221427440643,0.0,0.2675463855266571
3872,0.0050538572482764724,0.0182461503893137,0.022155627608299255,0.06263914033770561,0.0,0.06955618411302567,0.0,0.2675457000732422
3873,0.00491530392318964,0.017418164014816283,0.021358877047896387,0.0660457231104374,0.0,0.06957308948040009,0.0,0.26754432916641235
3874,0.004916253313422203,0.0188583567738533,0.0213131882250309,0.06240738406777382,0.0,0.06958892196416855,0.0,0.2675448954105377
3875,0.005281547456979752,0.01770639680325985,0.021868794783949853,0.061141619086265565,0.0,0.06961400806903839,0.0,0.267545223236084
3876,0.005104153230786323,0.017766134813427925,0.023226847499608995,0.05932110548019409,0.0,0.06963977962732315,0.0,0.2675447165966034
3877,0.005134034715592861,0.0178245447576046,0.021852655336260796,0.05941036641597748,0.0,0.06966400146484375,0.0,0.2675442099571228
3878,0.005334100127220154,0.017928535863757134,0.02259485200047493,0.06411105766892433,0.0,0.06968920677900314,0.0,0.26754188537597656
3879,0.005426486395299435,0.01768128275871277,0.023397552222013472,0.06203427314758301,0.0,0.06971390545368195,0.0,0.26754143834114075
3880,0.0052025685086846355,0.018058077618479728,0.022462659701704978,0.05886353403329849,0.0,0.06973642110824585,0.0,0.2675386667251587
3881,0.005430408287793398,0.01680767610669136,0.02236875593662262,0.057278966158628465,0.0,0.06975982338190079,0.0,0.2675377130508423
3882,0.005090136453509331,0.01767030768096447,0.021090936660766602,0.0634371131658554,0.0,0.06977963447570801,0.0,0.2675377130508423
3883,0.005274643469601869,0.018795985355973245,0.022762056812644003,0.06335310414433479,0.0,0.06979638338088989,0.0,0.2675340175628662
3884,0.00526067977771163,0.018204827234148978,0.022926424443721772,0.05691454261541366,0.0,0.06981216371059418,0.0,0.26752814650535583
3885,0.0050732379779219626,0.01803895942866802,0.021239883452653884,0.059521351009607315,0.0,0.06982101500034332,0.0,0.2675221562385559
3886,0.0053743751719594005,0.018161038495600225,0.020810050889849663,0.06256594285368919,0.0,0.06982750445604324,0.0,0.26751506328582764
3887,0.00530402958393097,0.01812373027205467,0.02353162467479706,0.06104574128985405,0.0,0.0698348730802536,0.0,0.26750820875167847
3888,0.005490515381097794,0.01875123381614685,0.022257396951317787,0.06124558001756668,0.0,0.06983698904514313,0.0,0.26750054955482483
3889,0.0049498134292662145,0.018369920551776886,0.021395641565322875,0.059065109491348265,0.0,0.06983830034732819,0.0,0.2674921452999115
3890,0.004889339208602905,0.018693335354328156,0.02198932059109211,0.06319535225629806,0.0,0.06983643025159836,0.0,0.2674836218357086
3891,0.005222253315150738,0.0173900056630373,0.021679823100566865,0.059567660093307495,0.0,0.06983019411563873,0.0,0.26747679710388184
3892,0.0051431023515760895,0.0187417920678854,0.021092680096626282,0.06460964530706406,0.0,0.06982482969760895,0.0,0.267470121383667
3893,0.005143899098038673,0.017841634154319764,0.020289064571261405,0.06323800384998321,0.0,0.0698186531662941,0.0,0.26746392250061035
3894,0.005169890914112329,0.018379393592476846,0.02279680110514164,0.06139489263296127,0.0,0.0698181763291359,0.0,0.2674596607685089
3895,0.005704329628497362,0.018612351268529892,0.02241455130279064,0.06332106590270996,0.0,0.06981974840164185,0.0,0.26745638251304626
3896,0.005165274254977703,0.018573017418384553,0.022457487136125564,0.06232533007860184,0.0,0.06981790065765381,0.0,0.2674541175365448
3897,0.005329209845513105,0.01796000748872757,0.024567238986492157,0.06261055693030357,0.0,0.0698174238204956,0.0,0.26745229959487915
3898,0.005433493293821812,0.01654397025704384,0.021826431900262833,0.06063961014151573,0.0,0.06981585919857025,0.0,0.2674495577812195
3899,0.005443165451288224,0.01906655207276344,0.02303129732608795,0.05969896093010903,0.0,0.06981129944324493,0.0,0.2674485146999359
3900,0.005222606472671032,0.01839771755039692,0.022135518863797186,0.06264856159687042,0.0,0.06980724632740021,0.0,0.2674470841884613
3901,0.005083712376654148,0.017289097607135772,0.020080753415822983,0.06389367580413818,0.0,0.0698043629527092,0.0,0.26744481921195984
3902,0.004976833425462246,0.017931108921766283,0.021676655486226083,0.06294156908988953,0.0,0.06980264186859131,0.0,0.26744312047958374
3903,0.005332312826067209,0.019291386753320695,0.021627479791641237,0.060542233288288116,0.0,0.06979770213365555,0.0,0.2674427926540375
3904,0.004804238490760326,0.0182768527418375,0.02338010147213936,0.06144231632351875,0.0,0.06979348510503769,0.0,0.26743993163108826
3905,0.0053702577017247675,0.01776527278125286,0.022204796597361565,0.06269453838467598,0.0,0.06979215890169144,0.0,0.26743727922439575
3906,0.0055884640663862225,0.018366675823926926,0.021381563693284988,0.06595278829336167,0.0,0.06978870183229446,0.0,0.26743489503860474
3907,0.0048073592595756056,0.01805899031460285,0.022544404864311217,0.06060656607151031,0.0,0.06978058069944382,0.0,0.26743167638778687
3908,0.005314678885042667,0.018255753442645073,0.02129209749400616,0.06453554779291153,0.0,0.06976820528507233,0.0,0.2674289047718048
3909,0.005283888801932335,0.01768125705420971,0.021414726600050928,0.06261212527751922,0.0,0.0697527602314949,0.0,0.26742762327194214
3910,0.004610202834010124,0.018619999662041663,0.02115315869450569,0.06222713440656662,0.0,0.06973463296890259,0.0,0.2674287259578705
3911,0.005017829034477473,0.01873783767223358,0.021912865713238715,0.05845100730657578,0.0,0.06971897929906845,0.0,0.2674301266670227
3912,0.0051218136213719845,0.018035196140408515,0.022555609047412873,0.06092320531606674,0.0,0.06970061361789703,0.0,0.26743000745773315
3913,0.0052617332898080345,0.01845126748085022,0.0211860366165638,0.05917237475514412,0.0,0.06968360394239426,0.0,0.26743191480636597
3914,0.0052160930819809435,0.016643698140978814,0.02102413885295391,0.059690190851688384,0.0,0.06966271996498108,0.0,0.26743441820144653
3915,0.005371790938079357,0.017887695506215096,0.02104027718305588,0.06017569452524185,0.0,0.0696418359875679,0.0,0.2674357295036316
3916,0.005466916132718325,0.017731958255171775,0.022515477240085603,0.05974771156907081,0.0,0.0696222111582756,0.0,0.2674374580383301
3917,0.0049651507288217545,0.017110336944460867,0.02163683660328388,0.062347909063100816,0.0,0.06960462033748627,0.0,0.2674415409564972
3918,0.005328526441007853,0.01843971274793148,0.02120194397866726,0.05897931009531021,0.0,0.0695873275399208,0.0,0.26744455099105835
3919,0.005201078858226538,0.018074043840169907,0.022385817393660544,0.06096920296549797,0.0,0.06956546008586884,0.0,0.2674471139907837
3920,0.0050865508615970615,0.017232786491513254,0.021577558666467666,0.05813167989253998,0.0,0.06954051554203033,0.0,0.26744961738586426
3921,0.005097169149667025,0.018140561133623122,0.02174270786345005,0.06209289878606796,0.0,0.06951455026865005,0.0,0.2674519717693329
3922,0.005599957052618265,0.018529286608099937,0.021028031781315803,0.06119984984397888,0.0,0.06948968768119812,0.0,0.2674529552459717
3923,0.005093071423470974,0.017761756479740144,0.02340597063302994,0.06201701983809471,0.0,0.06946394592523575,0.0,0.26745209097862244
3924,0.005050106532871723,0.01848655678331852,0.020217370986938477,0.06206606030464172,0.0,0.06944112479686737,0.0,0.26744967699050903
3925,0.005299422051757574,0.018078380450606345,0.022906696423888206,0.06128068789839745,0.0,0.0694204717874527,0.0,0.26744651794433594
3926,0.005301407817751169,0.01712079532444477,0.022649900615215303,0.05939054638147354,0.0,0.0694010779261589,0.0,0.2674456834793091
3927,0.005221974570304155,0.01755877546966076,0.020412109792232513,0.06488594710826874,0.0,0.06938287615776062,0.0,0.26744669675827026
3928,0.005270483996719122,0.017672815173864365,0.022895238548517226,0.06106494516134262,0.0,0.06936395913362503,0.0,0.26744693517684937
3929,0.004765124153345823,0.018106714263558386,0.02127026617527008,0.06288755014538765,0.0,0.06934495270252228,0.0,0.2674468457698822
3930,0.005391408503055572,0.018289138004183768,0.023576807975769044,0.061832599341869354,0.0,0.06932585686445236,0.0,0.2674486041069031
3931,0.0050885920412838456,0.01735416390001774,0.02170250304043293,0.06126849576830864,0.0,0.06930871307849884,0.0,0.2674511969089508
3932,0.005305328126996756,0.018177782744169237,0.02140902914106846,0.06288555338978767,0.0,0.06928877532482147,0.0,0.2674557566642761
3933,0.005203213449567557,0.017780017852783204,0.02198063172399998,0.06202642470598221,0.0,0.0692686140537262,0.0,0.2674597501754761
3934,0.004850474745035171,0.01854771077632904,0.023864274099469184,0.06414084210991859,0.0,0.06925156712532043,0.0,0.26746174693107605
3935,0.005075221974402666,0.019185633584856986,0.021872881799936295,0.06381936743855476,0.0,0.06923604756593704,0.0,0.26746422052383423
3936,0.0051702424883842465,0.018418555706739427,0.022285854443907738,0.05886440873146057,0.0,0.06922241300344467,0.0,0.2674674391746521
3937,0.004968476109206676,0.018597693368792533,0.02282525449991226,0.06112734898924828,0.0,0.06920647621154785,0.0,0.2674706280231476
3938,0.005197984632104635,0.018201197683811187,0.02258305251598358,0.06371888220310211,0.0,0.069188691675663,0.0,0.2674718201160431
3939,0.005190183874219656,0.01745590493083,0.022896933183073998,0.05924859568476677,0.0,0.0691719502210617,0.0,0.2674720287322998
3940,0.004715615231543779,0.018455059453845023,0.022059107199311256,0.06304029002785683,0.0,0.06915807723999023,0.0,0.2674720883369446
3941,0.004866411909461021,0.017750564590096475,0.021392486244440078,0.05970109328627586,0.0,0.069147028028965,0.0,0.2674697935581207
3942,0.005092720780521631,0.017312337830662727,0.021577849611639978,0.06001086086034775,0.0,0.06913463771343231,0.0,0.26746666431427
3943,0.005209837295114994,0.01714170482009649,0.021143921092152594,0.05838727504014969,0.0,0.06911972165107727,0.0,0.26746559143066406
3944,0.0051755266264081005,0.018213409930467606,0.021857819333672524,0.059187183529138564,0.0,0.06910400092601776,0.0,0.2674644887447357
3945,0.005560816638171673,0.01841031052172184,0.023082217201590538,0.05860912129282951,0.0,0.06909163296222687,0.0,0.26746371388435364
3946,0.005216339975595475,0.018077250197529794,0.020606573298573495,0.06322903484106064,0.0,0.0690825879573822,0.0,0.2674655318260193
3947,0.00523118581622839,0.018392734974622727,0.022151177376508714,0.060819417238235474,0.0,0.06907103955745697,0.0,0.26747000217437744
3948,0.005348370689898729,0.01769655626267195,0.023566124588251115,0.06330935955047608,0.0,0.06905390322208405,0.0,0.26747336983680725
3949,0.005381781700998544,0.01781507469713688,0.022087845578789712,0.060161571204662326,0.0,0.06903543323278427,0.0,0.2674770653247833
3950,0.0050498655065894125,0.018182969093322753,0.02240509055554867,0.06375185251235962,0.0,0.06901763379573822,0.0,0.26747921109199524
3951,0.005394681729376316,0.017594299837946893,0.02225214019417763,0.0608125127851963,0.0,0.06900689750909805,0.0,0.26748061180114746
3952,0.005195219535380602,0.018459171056747437,0.023411783576011657,0.06261241436004639,0.0,0.06899943202733994,0.0,0.2674824297428131
3953,0.005132883228361607,0.018486397340893745,0.022095559164881706,0.06261346936225891,0.0,0.0689888745546341,0.0,0.2674825191497803
3954,0.005050219781696797,0.017782888561487197,0.02122524715960026,0.05936097726225853,0.0,0.06898339092731476,0.0,0.2674812078475952
3955,0.00542378444224596,0.018346757069230078,0.021001412346959115,0.062499748170375825,0.0,0.06898324191570282,0.0,0.26747947931289673
3956,0.00491482587531209,0.01818296015262604,0.02282727658748627,0.060634318739175797,0.0,0.0689883753657341,0.0,0.2674749493598938
3957,0.00519327875226736,0.01751239746809006,0.02206399254500866,0.057855309545993806,0.0,0.06899885833263397,0.0,0.26746830344200134
3958,0.005188173986971379,0.018134620785713196,0.021254227682948112,0.06233803629875183,0.0,0.06900284439325333,0.0,0.2674614191055298
3959,0.005237647332251072,0.01871318556368351,0.020195193216204645,0.060520016402006147,0.0,0.06901130080223083,0.0,0.26745662093162537
3960,0.0053663795813918115,0.018717041611671446,0.024979313462972642,0.06147964745759964,0.0,0.06901998817920685,0.0,0.26745396852493286
3961,0.004698642855510115,0.017283724248409273,0.02353118397295475,0.06176665499806404,0.0,0.06902505457401276,0.0,0.26745349168777466
3962,0.005363080557435751,0.0177180215716362,0.021641041710972787,0.05697344690561294,0.0,0.06903211772441864,0.0,0.26745325326919556
3963,0.00525437444448471,0.017485877312719823,0.02098829410970211,0.0686009019613266,0.0,0.06904061138629913,0.0,0.26745307445526123
3964,0.0053199025802314285,0.01786905191838741,0.02138085961341858,0.05885777845978737,0.0,0.06904959678649902,0.0,0.2674534320831299
3965,0.005220015998929739,0.01774675101041794,0.022136172652244566,0.06257979199290276,0.0,0.06905636191368103,0.0,0.2674548029899597
3966,0.005374163575470448,0.01832989528775215,0.021973001211881636,0.06481318920850754,0.0,0.06906517595052719,0.0,0.2674570679664612
3967,0.00511014349758625,0.016788600012660027,0.022166305780410768,0.06206424757838249,0.0,0.06907647103071213,0.0,0.2674593925476074
3968,0.005444370862096548,0.01779327392578125,0.021922726184129715,0.06272545382380486,0.0,0.06908399611711502,0.0,0.2674615979194641
3969,0.005077430140227079,0.01859729066491127,0.023147018253803255,0.0618723176419735,0.0,0.06909553706645966,0.0,0.2674623131752014
3970,0.005025498662143945,0.01835094727575779,0.020192521810531616,0.06271373927593231,0.0,0.0691087394952774,0.0,0.267461359500885
3971,0.005505683925002813,0.017023284919559956,0.021322568878531456,0.05946300104260445,0.0,0.06911897659301758,0.0,0.2674632668495178
3972,0.0050682851113379,0.018539494648575783,0.02189013473689556,0.06527306661009788,0.0,0.06912603229284286,0.0,0.2674655020236969
3973,0.00510045625269413,0.01781354732811451,0.022149986773729324,0.0684264600276947,0.0,0.06913270056247711,0.0,0.26746755838394165
3974,0.005204530153423548,0.018841302022337914,0.02165426015853882,0.06208756268024444,0.0,0.06913398206233978,0.0,0.26747092604637146
3975,0.005242509488016367,0.01766297221183777,0.02054600678384304,0.05959789603948593,0.0,0.06912998855113983,0.0,0.267474889755249
3976,0.005091586988419295,0.01749715618789196,0.022172855213284492,0.06303372830152512,0.0,0.06912480294704437,0.0,0.2674781084060669
3977,0.004956758208572864,0.017973314598202707,0.022709194198250772,0.06314489841461182,0.0,0.06912407279014587,0.0,0.2674809396266937
3978,0.005446498934179545,0.017992861196398736,0.02222895622253418,0.05976538881659508,0.0,0.0691254585981369,0.0,0.26748353242874146
3979,0.00520186722278595,0.01819988489151001,0.022069090604782106,0.06272105127573013,0.0,0.06912561506032944,0.0,0.267486035823822
3980,0.005337566509842873,0.018328884989023207,0.02289617620408535,0.05980372577905655,0.0,0.0691278725862503,0.0,0.2674879729747772
3981,0.005147901736199856,0.018365536630153657,0.02226971462368965,0.05954611450433731,0.0,0.06913186609745026,0.0,0.26749125123023987
3982,0.004770514369010925,0.018616143986582755,0.02152014635503292,0.06415952444076538,0.0,0.0691327303647995,0.0,0.2674950659275055
3983,0.00501650357618928,0.01826077476143837,0.02294429875910282,0.06262417286634445,0.0,0.06913668662309647,0.0,0.2674976587295532
3984,0.00535358302295208,0.018667856603860854,0.023104597255587576,0.06125732883810997,0.0,0.06913942098617554,0.0,0.2674981951713562
3985,0.00506178205832839,0.018720199540257453,0.022297901287674903,0.061923309415578845,0.0,0.06914728134870529,0.0,0.2674959599971771
3986,0.0052105429582297805,0.01729421317577362,0.02267604283988476,0.062368884682655334,0.0,0.06915579736232758,0.0,0.2674916386604309
3987,0.005334586557000876,0.018306099250912665,0.022007209807634355,0.06250537559390068,0.0,0.06916116923093796,0.0,0.26748567819595337
3988,0.005224736873060465,0.017697621136903763,0.02274365983903408,0.06195980906486511,0.0,0.06916707754135132,0.0,0.26748085021972656
3989,0.005342067684978247,0.017785630375146865,0.02217189185321331,0.061012571305036546,0.0,0.06917031854391098,0.0,0.2674759030342102
3990,0.0053512794896960255,0.01825694851577282,0.020157729089260102,0.06641509383916855,0.0,0.06917329132556915,0.0,0.26747044920921326
3991,0.005397321190685034,0.01833454631268978,0.021215251833200454,0.05919256284832954,0.0,0.06917645037174225,0.0,0.26746612787246704
3992,0.004933132976293564,0.018358240276575087,0.02061895504593849,0.06250929981470107,0.0,0.06917796283960342,0.0,0.2674618065357208
3993,0.005039449036121369,0.01781914457678795,0.02297158129513264,0.057541755586862565,0.0,0.06917575746774673,0.0,0.2674584984779358
3994,0.004833428934216499,0.018202903866767883,0.021615646407008172,0.06702319681644439,0.0,0.06917079538106918,0.0,0.2674556374549866
3995,0.0053948392160236835,0.017508578673005103,0.02028414309024811,0.061666040122509,0.0,0.06916426122188568,0.0,0.2674500346183777
3996,0.004954640753567219,0.01702832765877247,0.023023110628128052,0.06227992027997971,0.0,0.06916041672229767,0.0,0.2674407958984375
3997,0.005569998547434807,0.017511285841464996,0.02187994495034218,0.061991700530052186,0.0,0.06915736198425293,0.0,0.2674311101436615
3998,0.0052579881623387335,0.01816426031291485,0.021231557801365854,0.05822773426771164,0.0,0.06915434449911118,0.0,0.26742440462112427
3999,0.005050647258758545,0.01874803900718689,0.021578991040587425,0.05660316273570061,0.0,0.06915001571178436,0.0,0.2674195170402527
4000,0.00504741845652461,0.017264143377542496,0.021153996139764784,0.058819734305143354,0.0,0.06914300471544266,0.0,0.26741552352905273
4001,0.004949839692562819,0.018228406086564064,0.021988170593976973,0.059569299966096875,0.0,0.06913719326257706,0.0,0.26741304993629456
4002,0.0054823124781250955,0.018151819333434106,0.021365845948457717,0.06375630423426629,0.0,0.06912734359502792,0.0,0.2674122452735901
4003,0.004979457333683967,0.017433785274624823,0.020169658213853837,0.06359916031360627,0.0,0.06912504136562347,0.0,0.26741188764572144
4004,0.005364114418625832,0.01693718694150448,0.02087031602859497,0.06145393028855324,0.0,0.06911860406398773,0.0,0.26741036772727966
4005,0.005322894174605608,0.01838049292564392,0.02289728559553623,0.062337467819452284,0.0,0.0691140666604042,0.0,0.2674087882041931
4006,0.005183450412005186,0.01817569136619568,0.021068572252988815,0.06291224807500839,0.0,0.06910999119281769,0.0,0.26740625500679016
4007,0.005202440824359655,0.0181805357336998,0.022375232726335525,0.06523019373416901,0.0,0.06910929828882217,0.0,0.2674065828323364
4008,0.005032582674175501,0.017975860461592674,0.021560651436448097,0.06027657315135002,0.0,0.06911587715148926,0.0,0.2674037218093872
4009,0.005362195428460836,0.017480136640369893,0.02292192205786705,0.06193936616182327,0.0,0.06913281977176666,0.0,0.2674010694026947
4010,0.005236464086920023,0.018309576064348222,0.022605371102690695,0.06171417087316513,0.0,0.06914840638637543,0.0,0.26739591360092163
4011,0.005748213175684214,0.018087854236364366,0.02142154350876808,0.06244024634361267,0.0,0.06916968524456024,0.0,0.26739200949668884
4012,0.005151814687997103,0.017364227399230003,0.022115374356508254,0.06451353281736374,0.0,0.06918628513813019,0.0,0.26738882064819336
4013,0.005271055363118648,0.018545449525117875,0.021790589019656182,0.06278732568025588,0.0,0.06920190155506134,0.0,0.26738616824150085
4014,0.004849126376211643,0.017441642843186854,0.02126447930932045,0.060829580575227735,0.0,0.06922178715467453,0.0,0.2673846483230591
4015,0.005149563774466515,0.017341769859194757,0.02215467095375061,0.05963388159871101,0.0,0.06924514472484589,0.0,0.26738277077674866
4016,0.0051734339445829395,0.01792682334780693,0.02060583606362343,0.06421056166291236,0.0,0.06927066296339035,0.0,0.267381489276886
4017,0.005557710025459528,0.017763615027070044,0.022263700887560845,0.061945320665836336,0.0,0.0692984014749527,0.0,0.2673795521259308
4018,0.005535457469522953,0.01776275485754013,0.0211450781673193,0.06212774068117142,0.0,0.06932545453310013,0.0,0.2673780620098114
4019,0.005313404556363821,0.018215293064713478,0.020992990210652353,0.06375901773571968,0.0,0.06935197114944458,0.0,0.2673780024051666
4020,0.0056202846579253675,0.01717003770172596,0.0205790176987648,0.061667172610759734,0.0,0.06937219202518463,0.0,0.2673797607421875
4021,0.005109861027449369,0.017750364169478415,0.02151520363986492,0.06084015816450119,0.0,0.06938867270946503,0.0,0.2673805356025696
4022,0.005206450819969177,0.018550828844308854,0.02252817153930664,0.06204841956496239,0.0,0.06940402090549469,0.0,0.26738032698631287
4023,0.0052768025547266,0.01802622079849243,0.019920924305915834,0.05912913829088211,0.0,0.06942038238048553,0.0,0.2673819661140442
4024,0.0050657400861382484,0.01867019720375538,0.022913243249058725,0.06379739344120025,0.0,0.06943889707326889,0.0,0.267383337020874
4025,0.0052300407551229,0.019022969529032707,0.02195521742105484,0.0633361928164959,0.0,0.06945571303367615,0.0,0.2673843204975128
4026,0.005149934347718954,0.018469062820076942,0.021733134612441064,0.06284682750701905,0.0,0.06947124004364014,0.0,0.26738396286964417
4027,0.004936863481998443,0.018466614931821824,0.023785364627838135,0.060494378209114075,0.0,0.06948693841695786,0.0,0.26738303899765015
4028,0.005036718584597111,0.018593547493219377,0.02282746434211731,0.059900449216365816,0.0,0.06950061768293381,0.0,0.2673807740211487
4029,0.005427882634103298,0.01827278919517994,0.022442443668842314,0.06191498562693596,0.0,0.06951417028903961,0.0,0.2673768103122711
4030,0.005339493043720722,0.01865437105298042,0.02411762736737728,0.06147856935858727,0.0,0.06952846795320511,0.0,0.26737356185913086
4031,0.005188118480145931,0.019594208151102067,0.02087642401456833,0.058391136676073076,0.0,0.06954052299261093,0.0,0.26736974716186523
4032,0.004781498294323683,0.017219884693622588,0.021682989969849586,0.06092662960290909,0.0,0.06955482065677643,0.0,0.26736757159233093
4033,0.005163127183914184,0.01780986599624157,0.021850287914276123,0.06161945164203644,0.0,0.06956490129232407,0.0,0.2673667073249817
4034,0.004942867625504732,0.018815504387021065,0.02092244029045105,0.06029345765709877,0.0,0.06957380473613739,0.0,0.26736631989479065
4035,0.005465020425617695,0.018298640102148055,0.019714659079909325,0.06244758516550064,0.0,0.0695783719420433,0.0,0.2673669457435608
4036,0.005188624188303947,0.01870354786515236,0.02104811742901802,0.06411240100860596,0.0,0.06958464533090591,0.0,0.26736897230148315
4037,0.004962445702403784,0.017591541260480882,0.021124191209673883,0.06131235510110855,0.0,0.06958825141191483,0.0,0.26737141609191895
4038,0.004904879163950682,0.017683352157473565,0.021473896875977515,0.05951979234814644,0.0,0.06959245353937149,0.0,0.26737499237060547
4039,0.005210971832275391,0.01842588298022747,0.02239709533751011,0.058923836797475815,0.0,0.06959887593984604,0.0,0.2673777937889099
4040,0.00493874242529273,0.01731494180858135,0.021460407227277756,0.06292221397161483,0.0,0.06960789859294891,0.0,0.26737865805625916
4041,0.005080078635364771,0.018345090746879577,0.02066272050142288,0.06280465796589851,0.0,0.06962066143751144,0.0,0.26738110184669495
4042,0.005429920740425587,0.017226986959576605,0.02124967947602272,0.059874017536640164,0.0,0.0696333721280098,0.0,0.26738300919532776
4043,0.005677597783505917,0.018122664466500283,0.021710920706391336,0.06324052438139915,0.0,0.06964347511529922,0.0,0.26738327741622925
4044,0.005247564520686865,0.019764185696840287,0.022368282079696655,0.06276410520076751,0.0,0.06965099275112152,0.0,0.26738205552101135
4045,0.005159480590373277,0.018045984208583832,0.021555284038186073,0.05973300486803055,0.0,0.06965340673923492,0.0,0.26738083362579346
4046,0.005560462642461061,0.01883707121014595,0.020741236954927446,0.059777159988880155,0.0,0.06964895874261856,0.0,0.26737818121910095
4047,0.005146897304803133,0.018947329744696616,0.0215707428753376,0.06521459072828292,0.0,0.06964689493179321,0.0,0.2673758864402771
4048,0.005142342485487461,0.018309980258345605,0.02145029082894325,0.06017783135175705,0.0,0.06964791566133499,0.0,0.26737460494041443
4049,0.005422366131097078,0.01713656708598137,0.020461291819810868,0.06264718025922775,0.0,0.06964647769927979,0.0,0.2673746645450592
4050,0.004897034633904696,0.018592498451471328,0.021802124008536337,0.06553147658705712,0.0,0.06964363157749176,0.0,0.26737695932388306
4051,0.00536213181912899,0.01787286587059498,0.021377506107091902,0.056765332072973254,0.0,0.06964248418807983,0.0,0.26738113164901733
4052,0.005280061531811953,0.018743832036852835,0.020965656265616417,0.06017739474773407,0.0,0.06964097917079926,0.0,0.2673853635787964
4053,0.005127145256847143,0.018225197121500968,0.02162640802562237,0.06284065172076225,0.0,0.06963726878166199,0.0,0.26739105582237244
4054,0.005149694345891476,0.018141401559114458,0.01985170543193817,0.06133414506912231,0.0,0.06962873041629791,0.0,0.26739758253097534
4055,0.004894109629094601,0.01795990876853466,0.022232034429907798,0.0623772993683815,0.0,0.06961643695831299,0.0,0.2674029469490051
4056,0.005555875692516565,0.018667758628726005,0.021464920416474343,0.06196209564805031,0.0,0.06960488110780716,0.0,0.2674066424369812
4057,0.005085049010813236,0.017886098846793173,0.022628988325595855,0.06724805310368538,0.0,0.06959915161132812,0.0,0.26741164922714233
4058,0.005196500476449728,0.017486865073442458,0.023109719902276993,0.06361829116940498,0.0,0.06959238648414612,0.0,0.26741570234298706
4059,0.005303490441292524,0.01826414428651333,0.02023673914372921,0.06335174590349198,0.0,0.06958842277526855,0.0,0.26741987466812134
4060,0.005083479732275009,0.01778339259326458,0.020144833251833916,0.061045826971530916,0.0,0.06958963721990585,0.0,0.26742345094680786
4061,0.005111248511821031,0.017788266763091087,0.0222706887871027,0.06338678076863288,0.0,0.06959152221679688,0.0,0.26742640137672424
4062,0.004970577545464039,0.018804144114255905,0.02066917233169079,0.05936601907014847,0.0,0.06959028542041779,0.0,0.2674281597137451
4063,0.00496902633458376,0.01763313040137291,0.021479452773928643,0.06661908179521561,0.0,0.06958991289138794,0.0,0.2674311697483063
4064,0.004863854497671127,0.018074683845043182,0.022626486793160438,0.055495742708444595,0.0,0.06958989799022675,0.0,0.2674340009689331
4065,0.005181199312210083,0.019428565725684167,0.023715890198946,0.060054925829172136,0.0,0.06959029287099838,0.0,0.267436146736145
4066,0.005516522005200386,0.017711364850401878,0.021966546401381494,0.06051555126905441,0.0,0.06959009915590286,0.0,0.26743701100349426
4067,0.005319956596940756,0.017554815486073495,0.02176068313419819,0.06219133213162422,0.0,0.06958878040313721,0.0,0.2674369215965271
4068,0.0054873678833246235,0.017131783440709113,0.020542206615209578,0.05937269702553749,0.0,0.06958331912755966,0.0,0.26743829250335693
4069,0.005287100281566382,0.018042463436722757,0.02144787907600403,0.0667655572295189,0.0,0.06957153230905533,0.0,0.2674376964569092
4070,0.0052897344343364235,0.019559065625071526,0.02137847915291786,0.06318614929914475,0.0,0.06956532597541809,0.0,0.26743510365486145
4071,0.005312707740813494,0.018627019226551057,0.021963217109441758,0.05957994982600212,0.0,0.06955944746732712,0.0,0.2674333453178406
4072,0.005096108373254538,0.019321182742714882,0.020081989467144012,0.05840335786342621,0.0,0.06955938041210175,0.0,0.26743215322494507
4073,0.005080293770879507,0.018473378941416742,0.02177179083228111,0.062178090959787366,0.0,0.06955321133136749,0.0,0.26743125915527344
4074,0.005005007702857256,0.01850636713206768,0.021608252450823782,0.058414535224437715,0.0,0.06954152882099152,0.0,0.2674308717250824
4075,0.004659717064350843,0.017903946712613104,0.02194402925670147,0.0615176185965538,0.0,0.06952247768640518,0.0,0.2674310803413391
4076,0.005631856434047222,0.017895634472370147,0.02180430814623833,0.06136348769068718,0.0,0.06950421631336212,0.0,0.26743000745773315
4077,0.0051583808846771715,0.017735440284013748,0.020760494470596313,0.058657288551330566,0.0,0.06948811560869217,0.0,0.2674277424812317
4078,0.005365466140210629,0.017936042696237563,0.021375085785984994,0.06319399327039718,0.0,0.06947226822376251,0.0,0.2674258053302765
4079,0.005143362563103437,0.017773982882499696,0.021411630511283874,0.05494540706276894,0.0,0.06945981085300446,0.0,0.26742467284202576
4080,0.004895348753780127,0.01854180544614792,0.022457437962293623,0.06351194530725479,0.0,0.06944465637207031,0.0,0.2674252390861511
4081,0.0050520308315753935,0.018020522221922873,0.025373251363635062,0.05862593129277229,0.0,0.06943342834711075,0.0,0.26742541790008545
4082,0.005309297889471054,0.01742951013147831,0.02257513292133808,0.05947861298918724,0.0,0.06942470371723175,0.0,0.2674248218536377
4083,0.005323818977922201,0.018037066608667374,0.02109242305159569,0.06217019930481911,0.0,0.06941617280244827,0.0,0.26742368936538696
4084,0.004850881360471249,0.018078864738345145,0.02157723903656006,0.056394989043474196,0.0,0.06941166520118713,0.0,0.2674219608306885
4085,0.005066767334938049,0.017901479080319405,0.022190216928720474,0.05938881188631058,0.0,0.0694083645939827,0.0,0.2674212157726288
4086,0.0052700481377542015,0.017974653840065004,0.02132575400173664,0.0620925672352314,0.0,0.06941066682338715,0.0,0.26742321252822876
4087,0.0046989407390356066,0.017766929417848586,0.023906177282333373,0.06362017020583152,0.0,0.06941232830286026,0.0,0.2674247920513153
4088,0.005047100130468607,0.0180181410163641,0.02220344580709934,0.06093296110630035,0.0,0.06941761821508408,0.0,0.26742643117904663
4089,0.005307167023420334,0.0183964766561985,0.021545282751321792,0.06363455355167388,0.0,0.06942188739776611,0.0,0.26742619276046753
4090,0.005255094077438116,0.01697234660387039,0.02148631103336811,0.059852836281061174,0.0,0.06942319869995117,0.0,0.26742681860923767
4091,0.005447838455438614,0.018438346683979034,0.02248161509633064,0.06250312998890876,0.0,0.0694175511598587,0.0,0.2674279808998108
4092,0.0053277859464287754,0.01803037226200104,0.02109099328517914,0.06151702776551247,0.0,0.06940958648920059,0.0,0.26743084192276
4093,0.005085057392716408,0.019696201756596567,0.021969176456332208,0.06106973141431808,0.0,0.06940501928329468,0.0,0.2674330174922943
4094,0.005160469375550747,0.018705781921744345,0.021490197628736496,0.06116326004266739,0.0,0.06941107660531998,0.0,0.2674349248409271
4095,0.0051025600172579285,0.017936642467975616,0.020552585273981093,0.06593050509691238,0.0,0.06941279768943787,0.0,0.26743584871292114
4096,0.005092631932348013,0.01779370866715908,0.02086186148226261,0.060009044408798215,0.0,0.06941709667444229,0.0,0.26743632555007935
4097,0.005075543001294136,0.01848774366080761,0.020523513108491896,0.06286010593175888,0.0,0.06941819190979004,0.0,0.2674349248409271
4098,0.005079648643732071,0.01774459034204483,0.01989264078438282,0.06042046919465065,0.0,0.0694209635257721,0.0,0.26743242144584656
4099,0.005202904064208269,0.017715157195925712,0.02033102512359619,0.06358873024582863,0.0,0.06943052262067795,0.0,0.2674296796321869
4100,0.004928353894501925,0.018405342102050783,0.02405395731329918,0.06327603831887245,0.0,0.06943567842245102,0.0,0.2674296498298645
4101,0.005191997811198235,0.01797996647655964,0.02267966642975807,0.06189755275845528,0.0,0.06944072246551514,0.0,0.2674289643764496
4102,0.005195480212569237,0.017897236719727518,0.02171936072409153,0.06337597221136093,0.0,0.06944559514522552,0.0,0.26742687821388245
4103,0.005201278161257506,0.01848963014781475,0.02101174145936966,0.06299314275383949,0.0,0.06944981962442398,0.0,0.2674238085746765
4104,0.005434097163379193,0.01905311942100525,0.023165252059698105,0.06439031213521958,0.0,0.06945506483316422,0.0,0.26742151379585266
4105,0.004905455932021141,0.01732382532209158,0.022545459866523742,0.0603845976293087,0.0,0.06946355104446411,0.0,0.2674221098423004
4106,0.004986466560512781,0.018876560777425767,0.021409237757325172,0.05971662551164627,0.0,0.06947114318609238,0.0,0.26742297410964966
4107,0.004961740970611572,0.017750536650419237,0.021352057904005052,0.059077974408864975,0.0,0.06948316097259521,0.0,0.2674240171909332
4108,0.005418393854051828,0.01809644028544426,0.021865033730864524,0.0588317334651947,0.0,0.06949221342802048,0.0,0.26742586493492126
4109,0.005569397285580635,0.017097553238272667,0.022043465822935104,0.06245020925998688,0.0,0.06949666142463684,0.0,0.2674284875392914
4110,0.0052186988294124605,0.01768171340227127,0.022013398259878157,0.060456839948892595,0.0,0.06949897110462189,0.0,0.2674296498298645
4111,0.005171636678278446,0.017958060652017594,0.022784611210227013,0.06285756975412368,0.0,0.06949900835752487,0.0,0.26743069291114807
4112,0.005199183523654938,0.01776062585413456,0.020264358446002006,0.05936302170157433,0.0,0.06949955970048904,0.0,0.2674294114112854
4113,0.005112816579639912,0.018699505552649497,0.022232333943247796,0.05842352360486984,0.0,0.06949968636035919,0.0,0.2674270272254944
4114,0.005672197975218296,0.018458189442753792,0.021904562041163443,0.061575947701931,0.0,0.0695013776421547,0.0,0.2674245834350586
4115,0.005096912104636431,0.018152546137571335,0.0222116407006979,0.06680403798818588,0.0,0.06950224936008453,0.0,0.26742154359817505
4116,0.004750285111367702,0.018206702545285225,0.02310183122754097,0.06574673503637314,0.0,0.06950370967388153,0.0,0.267417848110199
4117,0.005283172521740198,0.018087752535939215,0.022259986028075218,0.06383423581719398,0.0,0.06950316578149796,0.0,0.26741287112236023
4118,0.004725875798612833,0.018650420755147935,0.02278982400894165,0.05931859165430069,0.0,0.06949823349714279,0.0,0.26740846037864685
4119,0.0050013291649520395,0.017139964923262595,0.019983581826090814,0.06304381340742111,0.0,0.0694991871714592,0.0,0.267403781414032
4120,0.005369465239346028,0.017206046730279922,0.02165214456617832,0.063397728651762,0.0,0.06949897110462189,0.0,0.26740002632141113
4121,0.004851750377565622,0.018144025653600692,0.0215596716850996,0.060751970112323764,0.0,0.06949957460165024,0.0,0.2674001455307007
4122,0.005378790292888879,0.017863974347710608,0.023210456222295762,0.06058877184987068,0.0,0.0694991797208786,0.0,0.26740139722824097
4123,0.0055942216888070105,0.017477297224104404,0.023263506963849066,0.0624759778380394,0.0,0.0694972574710846,0.0,0.2674032151699066
4124,0.0051139362156391146,0.018009064719080925,0.01981385946273804,0.06136933118104935,0.0,0.06949244439601898,0.0,0.26740455627441406
4125,0.005295761860907078,0.018044641241431236,0.022122467309236525,0.0630338042974472,0.0,0.06948449462652206,0.0,0.26740479469299316
4126,0.005025752261281014,0.019421301037073135,0.021769742667675018,0.061981437355279924,0.0,0.06947258859872818,0.0,0.2674054503440857
4127,0.0052134208381175995,0.01836671940982342,0.022156790643930436,0.06255464628338814,0.0,0.06946801394224167,0.0,0.267404705286026
4128,0.0055931534618139265,0.01824430748820305,0.02366234324872494,0.06582667529582978,0.0,0.06946240365505219,0.0,0.26740485429763794
4129,0.005236002989113331,0.01811630055308342,0.024163714796304702,0.062214022129774095,0.0,0.06945735216140747,0.0,0.2674032151699066
4130,0.0053494335152208805,0.018698127940297127,0.022216541320085527,0.05781024470925331,0.0,0.06945062428712845,0.0,0.267402708530426
4131,0.004897892940789461,0.018911290168762206,0.022540541738271712,0.05826113224029541,0.0,0.06944210827350616,0.0,0.2674013376235962
4132,0.005439325701445341,0.018040170893073082,0.020853714272379874,0.05998827591538429,0.0,0.06943587213754654,0.0,0.26739946007728577
4133,0.005007953383028507,0.018025238811969758,0.021669014170765877,0.06324745789170265,0.0,0.06942902505397797,0.0,0.2673967778682709
4134,0.005184120684862137,0.018795114383101462,0.021076448261737823,0.060983330756425855,0.0,0.06942214071750641,0.0,0.2673955261707306
4135,0.005241967272013426,0.018109017610549928,0.021021042391657828,0.06382153183221817,0.0,0.06941427290439606,0.0,0.26739370822906494
4136,0.005331448558717966,0.017833468317985535,0.0221243679523468,0.06563134118914604,0.0,0.0694083571434021,0.0,0.26739081740379333
4137,0.00523590249940753,0.01789606288075447,0.020356329157948494,0.06284565478563309,0.0,0.06940319389104843,0.0,0.2673887312412262
4138,0.005131165310740471,0.018553809076547623,0.020597728341817854,0.06143413484096527,0.0,0.06940020620822906,0.0,0.2673867344856262
4139,0.005439162068068981,0.0189588688313961,0.021797027438879013,0.06298773959279061,0.0,0.06939946115016937,0.0,0.26738569140434265
4140,0.005304099246859551,0.018182539939880372,0.022173921391367913,0.06069818809628487,0.0,0.06939990818500519,0.0,0.267385333776474
4141,0.005279210209846496,0.01742192730307579,0.02318790666759014,0.060243460536003116,0.0,0.06939518451690674,0.0,0.2673831582069397
4142,0.005152478907257318,0.01875997893512249,0.021685399115085602,0.06102917268872261,0.0,0.06939098984003067,0.0,0.2673807144165039
4143,0.0054259469732642176,0.018445691838860512,0.0215876467525959,0.06289452314376831,0.0,0.06938847154378891,0.0,0.26737818121910095
4144,0.004787879530340433,0.017460259795188903,0.02124048098921776,0.05822147950530052,0.0,0.06938724219799042,0.0,0.26737844944000244
4145,0.005147917475551367,0.018409771844744682,0.020666930079460143,0.05806230530142784,0.0,0.06938616186380386,0.0,0.2673763632774353
4146,0.005206690914928913,0.017312777787446977,0.01980898380279541,0.05992111563682556,0.0,0.06938908249139786,0.0,0.26737603545188904
4147,0.005009532999247312,0.018072091042995453,0.02181924358010292,0.0648320659995079,0.0,0.06939150393009186,0.0,0.26737722754478455
4148,0.005126775801181793,0.017763726785778998,0.022740812599658967,0.060694963485002515,0.0,0.06939265877008438,0.0,0.267379492521286
4149,0.005251573584973812,0.018653163313865663,0.022800539806485175,0.062177716940641406,0.0,0.06939500570297241,0.0,0.2673797011375427
4150,0.004830632824450731,0.01797083243727684,0.021034813299775124,0.06201034411787987,0.0,0.06939761340618134,0.0,0.26738107204437256
4151,0.0051582296378910545,0.01829000413417816,0.021791372820734976,0.05948668643832207,0.0,0.06939908117055893,0.0,0.2673826813697815
4152,0.004968913365155458,0.017576077952980995,0.02062421627342701,0.06110227182507515,0.0,0.06940540671348572,0.0,0.2673841118812561
4153,0.005416298564523458,0.018256533518433572,0.021014396101236343,0.06100573390722275,0.0,0.06941276043653488,0.0,0.2673860192298889
4154,0.0048905727453529835,0.0169765243306756,0.023187050223350526,0.06456484124064446,0.0,0.06941680610179901,0.0,0.2673851549625397
4155,0.0054007706232368944,0.017750848829746247,0.020712544769048692,0.06151169836521149,0.0,0.06942059099674225,0.0,0.2673841416835785
4156,0.005224252212792635,0.01773451529443264,0.022555585578083993,0.060688338428735736,0.0,0.06942059099674225,0.0,0.2673821449279785
4157,0.005225833039730787,0.01758515425026417,0.023742809519171716,0.06588220149278641,0.0,0.06941620260477066,0.0,0.26738181710243225
4158,0.0052653739228844644,0.019321856275200843,0.020628815144300462,0.06475019454956055,0.0,0.0694110319018364,0.0,0.26738208532333374
4159,0.005155423004180193,0.01846377141773701,0.022543932870030405,0.06310599446296691,0.0,0.06940590590238571,0.0,0.26738131046295166
4160,0.005296436045318842,0.018009823560714722,0.019879651814699174,0.06389795243740082,0.0,0.06940169632434845,0.0,0.2673793435096741
4161,0.005095584783703089,0.01780853122472763,0.02170444242656231,0.06499917134642601,0.0,0.06939917802810669,0.0,0.2673778533935547
4162,0.005366361141204834,0.017905198410153388,0.022210051864385606,0.060166412591934205,0.0,0.06939356029033661,0.0,0.26737794280052185
4163,0.00505153825506568,0.018042460456490515,0.021534647792577744,0.06174907609820366,0.0,0.06938650459051132,0.0,0.26737821102142334
4164,0.005437549110502005,0.017773957923054695,0.022612350434064864,0.06473211124539376,0.0,0.06937447935342789,0.0,0.26737847924232483
4165,0.005166003201156855,0.01718030497431755,0.020384737849235536,0.05965204238891601,0.0,0.06936080008745193,0.0,0.26738259196281433
4166,0.00531992306932807,0.01863929219543934,0.021389586851000786,0.05833020806312561,0.0,0.06934672594070435,0.0,0.26738762855529785
4167,0.005398693960160017,0.01758427023887634,0.022492167726159095,0.06266151368618011,0.0,0.06933578848838806,0.0,0.26739245653152466
4168,0.004985360987484455,0.01753557249903679,0.02145334370434284,0.06401549577713013,0.0,0.06932878494262695,0.0,0.2673972547054291
4169,0.005159043893218041,0.01798490099608898,0.0223225686699152,0.06572479456663131,0.0,0.06932411342859268,0.0,0.2674020230770111
4170,0.005087054520845413,0.018105262145400047,0.021446956694126128,0.06014966890215874,0.0,0.06931579113006592,0.0,0.2674080729484558
4171,0.005055704433470964,0.01764802485704422,0.021798768639564516,0.05938087329268456,0.0,0.06930534541606903,0.0,0.2674154043197632
4172,0.004895323235541582,0.017757939547300337,0.021040160581469534,0.06246777027845383,0.0,0.06929324567317963,0.0,0.26742202043533325
4173,0.0052851404994726184,0.018093034625053406,0.020823536813259123,0.06254659816622735,0.0,0.06927865743637085,0.0,0.2674266993999481
4174,0.005250114295631647,0.0174838088452816,0.02435407191514969,0.06003400161862373,0.0,0.06926339864730835,0.0,0.2674289047718048
4175,0.005201144795864821,0.01913004070520401,0.02124266214668751,0.06237115263938904,0.0,0.06924644857645035,0.0,0.26743149757385254
4176,0.005020122323185205,0.01805546283721924,0.021770627796649934,0.06320210099220276,0.0,0.0692298635840416,0.0,0.26743489503860474
4177,0.005594997759908437,0.017690668627619744,0.02244774028658867,0.061918030679225924,0.0,0.06921325623989105,0.0,0.26743701100349426
4178,0.005453817266970873,0.017892960272729398,0.021335694193840026,0.05844205245375633,0.0,0.06919675320386887,0.0,0.26743775606155396
4179,0.005143020860850811,0.01824081316590309,0.022253116965293883,0.06354454085230828,0.0,0.06918389350175858,0.0,0.2674390971660614
4180,0.004868191387504339,0.01775093637406826,0.022123290225863457,0.06387000307440757,0.0,0.06917093694210052,0.0,0.26743724942207336
4181,0.004842880554497242,0.018601544573903082,0.020936422422528266,0.062353209406137464,0.0,0.0691596120595932,0.0,0.2674338221549988
4182,0.0050772477872669695,0.018027733266353606,0.022033894434571266,0.05869334414601326,0.0,0.06914921849966049,0.0,0.26742929220199585
4183,0.004948257375508547,0.01861420087516308,0.021265711262822153,0.059903369098901746,0.0,0.06914069503545761,0.0,0.2674247920513153
4184,0.005101523082703352,0.017861607298254967,0.02221309393644333,0.06243650391697884,0.0,0.06913464516401291,0.0,0.2674200236797333
4185,0.0053035419434309,0.018020111694931985,0.021543188765645028,0.060950500518083574,0.0,0.06912700831890106,0.0,0.26741254329681396
4186,0.005796061176806688,0.01730416379868984,0.02428864799439907,0.06540669426321984,0.0,0.06911467015743256,0.0,0.2674066424369812
4187,0.0051580661907792095,0.018233298510313033,0.02267913594841957,0.05983131676912308,0.0,0.06910693645477295,0.0,0.26740360260009766
4188,0.005287807155400515,0.017676179483532905,0.021753407269716262,0.06073842793703079,0.0,0.06909988820552826,0.0,0.26740047335624695
4189,0.0051314493641257284,0.01726619154214859,0.022284289449453355,0.06412250995635986,0.0,0.0690961703658104,0.0,0.26739805936813354
4190,0.005289261043071747,0.01783856637775898,0.02205554097890854,0.059574808925390244,0.0,0.06909511983394623,0.0,0.26739391684532166
4191,0.005080908723175526,0.018333927169442175,0.02148565798997879,0.0630391851067543,0.0,0.06909406185150146,0.0,0.2673882842063904
4192,0.005190898198634386,0.01803850308060646,0.023495417460799216,0.06153187081217766,0.0,0.06908974051475525,0.0,0.26738184690475464
4193,0.005058295279741287,0.018212828412652017,0.020128676295280458,0.06393680870532989,0.0,0.06908763945102692,0.0,0.2673753798007965
4194,0.004935729969292879,0.018838629871606827,0.024360914900898933,0.06183413788676262,0.0,0.06908836960792542,0.0,0.2673731744289398
4195,0.00515550347045064,0.018262716010212898,0.0218909353017807,0.062303277850151065,0.0,0.06909465789794922,0.0,0.2673725485801697
4196,0.005458929203450679,0.018677862361073494,0.020997844636440277,0.060829751938581464,0.0,0.06909577548503876,0.0,0.2673764228820801
4197,0.005029565468430519,0.01913912147283554,0.020959476381540297,0.06183101758360863,0.0,0.06909298896789551,0.0,0.2673831582069397
4198,0.0051777691580355166,0.019219858944416045,0.023013055324554443,0.0607264831662178,0.0,0.06909635663032532,0.0,0.2673886716365814
4199,0.005365706793963909,0.01891370750963688,0.022666160389780997,0.0631807029247284,0.0,0.06909961998462677,0.0,0.2673942446708679
4200,0.005265979934483767,0.01791515126824379,0.02244604527950287,0.06393471658229828,0.0,0.0690995305776596,0.0,0.2673982083797455
4201,0.0053515943698585035,0.018725243955850603,0.02130606137216091,0.06395568996667862,0.0,0.06909924000501633,0.0,0.2674013078212738
4202,0.0052345996722579,0.017888133227825165,0.022307733073830605,0.06337910816073418,0.0,0.0690976157784462,0.0,0.26740169525146484
4203,0.005114941764622927,0.01826731562614441,0.01973585821688175,0.0601608581840992,0.0,0.06910078972578049,0.0,0.26740384101867676
4204,0.004912667442113161,0.017834492772817612,0.021373300999403,0.06550593376159668,0.0,0.0691041350364685,0.0,0.2674044966697693
4205,0.004978190455585718,0.01782108061015606,0.02101340889930725,0.061711663752794264,0.0,0.06910861283540726,0.0,0.2674047350883484
4206,0.005595436226576567,0.018932725861668588,0.022571437433362006,0.059604585915803907,0.0,0.06911219656467438,0.0,0.2674062252044678
4207,0.005065858829766512,0.018369709327816963,0.02340521439909935,0.05906607508659363,0.0,0.06911839544773102,0.0,0.26740917563438416
4208,0.005370050203055143,0.017752666026353836,0.022386346012353897,0.0638310045003891,0.0,0.06912579387426376,0.0,0.2674132287502289
4209,0.0053300043568015095,0.01801784001290798,0.02019418776035309,0.065006522834301,0.0,0.06913506239652634,0.0,0.26741695404052734
4210,0.005156293138861656,0.01860601156949997,0.02175923027098179,0.0629938542842865,0.0,0.0691472738981247,0.0,0.2674240171909332
4211,0.005149855837225914,0.018066874518990517,0.022326691448688506,0.0647152990102768,0.0,0.06916147470474243,0.0,0.2674325108528137
4212,0.005266949534416199,0.017425690963864326,0.01940545067191124,0.061217695474624634,0.0,0.06917428225278854,0.0,0.2674397826194763
4213,0.004966879729181528,0.017462923005223275,0.020810937881469725,0.06292793452739716,0.0,0.06918714940547943,0.0,0.26744529604911804
4214,0.005666523147374392,0.0183541689068079,0.021746589988470077,0.06355458199977874,0.0,0.06919588893651962,0.0,0.2674500346183777
4215,0.0053604232147336,0.01828327849507332,0.021761725842952728,0.06389639973640442,0.0,0.06920367479324341,0.0,0.26745474338531494
4216,0.005289856810122728,0.01913151182234287,0.020998698100447653,0.0642337366938591,0.0,0.06921227276325226,0.0,0.26746076345443726
4217,0.005317804496735334,0.01758096255362034,0.023757298290729523,0.06154106557369232,0.0,0.06921727955341339,0.0,0.2674655318260193
4218,0.005342770460993051,0.01834360249340534,0.022160718590021132,0.06114544272422791,0.0,0.06922228634357452,0.0,0.2674693763256073
4219,0.005039873253554106,0.018035096302628516,0.02234080731868744,0.06726339161396026,0.0,0.06922276318073273,0.0,0.2674737274646759
4220,0.00516402730718255,0.01732773259282112,0.022255627810955046,0.0641177847981453,0.0,0.06922290474176407,0.0,0.2674797475337982
4221,0.005172608513385057,0.017540409043431283,0.021804482862353324,0.062047853320837024,0.0,0.06922321021556854,0.0,0.2674856185913086
4222,0.005168607085943222,0.018575292080640793,0.02159852907061577,0.062477261573076245,0.0,0.06921732425689697,0.0,0.26749199628829956
4223,0.005111511237919331,0.01760692372918129,0.02310360223054886,0.06185583919286728,0.0,0.0692109689116478,0.0,0.2674965560436249
4224,0.0050972594879567625,0.016594831831753254,0.023270484805107117,0.06261817067861557,0.0,0.06920776516199112,0.0,0.26750022172927856
4225,0.004944527335464954,0.017450783401727676,0.021007174253463747,0.0648561343550682,0.0,0.06919951736927032,0.0,0.26750120520591736
4226,0.005231385584920645,0.017665577679872514,0.02283727824687958,0.06119013726711273,0.0,0.06918676197528839,0.0,0.26750117540359497
4227,0.005098303314298391,0.017638549953699113,0.021171625703573227,0.06488968580961227,0.0,0.06917841732501984,0.0,0.26749974489212036
4228,0.005316771008074284,0.018387631326913834,0.023212457448244093,0.05952122285962105,0.0,0.06917550414800644,0.0,0.2674981951713562
4229,0.005145649891346693,0.01814972758293152,0.021491681784391405,0.06257350966334344,0.0,0.06917782127857208,0.0,0.2674984335899353
4230,0.005185133870691061,0.018437052518129347,0.022890321910381317,0.06269374787807465,0.0,0.06918737292289734,0.0,0.2674999535083771
4231,0.005413846950978041,0.01905495598912239,0.021321121230721475,0.05738969966769218,0.0,0.06919728219509125,0.0,0.2675022482872009
4232,0.00484094163402915,0.01818218342959881,0.02294118031859398,0.06661599949002266,0.0,0.06920528411865234,0.0,0.26750537753105164
4233,0.005150333326309919,0.018886361643671988,0.020690875500440596,0.06169567033648491,0.0,0.06920881569385529,0.0,0.2675105929374695
4234,0.005356903001666069,0.017313517816364764,0.02005729451775551,0.06476001739501953,0.0,0.06921589374542236,0.0,0.2675167918205261
4235,0.0052106350660324095,0.018276335299015047,0.02331819050014019,0.05981782376766205,0.0,0.06922625005245209,0.0,0.2675228714942932
4236,0.004886261001229286,0.018062050640583038,0.02102399282157421,0.05966753736138344,0.0,0.06923375278711319,0.0,0.2675279676914215
4237,0.004955662321299315,0.018856295198202134,0.021031526476144792,0.059792356193065645,0.0,0.06923725455999374,0.0,0.26753297448158264
4238,0.005240433663129806,0.019280508533120154,0.02117636241018772,0.06127394288778305,0.0,0.0692380964756012,0.0,0.2675360143184662
4239,0.00522695230320096,0.019313453510403634,0.02399764843285084,0.060801532864570615,0.0,0.06923914700746536,0.0,0.26753950119018555
4240,0.004914163611829281,0.017799324169754983,0.02306337282061577,0.06346486285328864,0.0,0.06925176084041595,0.0,0.26754242181777954
4241,0.005448336433619261,0.017731733992695807,0.021000254899263382,0.0617000013589859,0.0,0.06926464289426804,0.0,0.267544686794281
4242,0.005366944149136544,0.017589512467384338,0.02258417457342148,0.0637812778353691,0.0,0.06928543746471405,0.0,0.26754969358444214
4243,0.005206433217972517,0.017990218102931978,0.02139814421534538,0.06146742701530457,0.0,0.06930389255285263,0.0,0.26755425333976746
4244,0.005125576816499233,0.018232999742031096,0.021301402151584624,0.05857915878295898,0.0,0.06932723522186279,0.0,0.2675591707229614
4245,0.005256570596247912,0.018828051164746284,0.021811018511652947,0.062320420145988466,0.0,0.06934978067874908,0.0,0.2675628662109375
4246,0.005299771670252085,0.017826642468571664,0.020865876972675324,0.06318545415997505,0.0,0.06937083601951599,0.0,0.267564058303833
4247,0.005401410534977913,0.017422928288578988,0.022941984236240387,0.05931066572666168,0.0,0.06939124315977097,0.0,0.267564594745636
4248,0.005028111487627029,0.018014697730541228,0.020805670693516732,0.05727883726358414,0.0,0.06941074877977371,0.0,0.26756706833839417
4249,0.005491174105554819,0.01815125234425068,0.02086109183728695,0.06067143753170967,0.0,0.06942380964756012,0.0,0.2675710618495941
4250,0.00513203926384449,0.017762192338705064,0.021272944658994673,0.05933424457907677,0.0,0.06943698227405548,0.0,0.2675737738609314
4251,0.004862389806658029,0.018300960958003997,0.020845771580934525,0.05678123980760574,0.0,0.06945447623729706,0.0,0.2675761580467224
4252,0.004850892163813114,0.017486733198165894,0.022631792724132536,0.06241360455751419,0.0,0.06946669518947601,0.0,0.2675786018371582
4253,0.0051766146905720236,0.01770957186818123,0.022762682661414145,0.06301780864596367,0.0,0.06947369873523712,0.0,0.2675805985927582
4254,0.004996160417795182,0.018840582668781282,0.020925312861800195,0.06505891978740692,0.0,0.06948824226856232,0.0,0.2675839364528656
4255,0.005391802825033665,0.01837552823126316,0.021515893563628197,0.06367945000529289,0.0,0.06950251758098602,0.0,0.26758837699890137
4256,0.005462863948196173,0.01809396930038929,0.02234395146369934,0.0584724634885788,0.0,0.06951211392879486,0.0,0.26759037375450134
4257,0.005282985512167215,0.018881793320178985,0.020529022067785264,0.06128104254603386,0.0,0.0695229098200798,0.0,0.2675909399986267
4258,0.0054570924490690235,0.017901023104786872,0.02094336971640587,0.0602530375123024,0.0,0.06953345984220505,0.0,0.267589807510376
4259,0.0051918825134634975,0.017928441241383552,0.02203814163804054,0.06211809515953064,0.0,0.06954582035541534,0.0,0.2675873041152954
4260,0.005212480109184981,0.0175078634172678,0.022569671645760535,0.06149147897958755,0.0,0.06955181062221527,0.0,0.2675843834877014
4261,0.005045965407043695,0.017416273802518846,0.02172827422618866,0.0605460986495018,0.0,0.069554902613163,0.0,0.26758068799972534
4262,0.005192300956696272,0.017958008125424384,0.021545181795954705,0.05962717235088348,0.0,0.06955352425575256,0.0,0.26757681369781494
4263,0.005367466155439616,0.01715662218630314,0.018898647837340833,0.06233717277646065,0.0,0.06955067068338394,0.0,0.26757416129112244
4264,0.004999248124659061,0.017293522879481316,0.02202865332365036,0.06667423248291016,0.0,0.069546177983284,0.0,0.26757189631462097
4265,0.005345817562192679,0.01790950670838356,0.020141098648309708,0.0577639028429985,0.0,0.06953989714384079,0.0,0.2675708830356598
4266,0.005077262595295906,0.017701462283730506,0.0218725997954607,0.06012905240058899,0.0,0.06953362375497818,0.0,0.2675718665122986
4267,0.00539496373385191,0.01768593117594719,0.022652818635106087,0.06086267232894897,0.0,0.06952615082263947,0.0,0.26757436990737915
4268,0.005344874504953623,0.017758167535066604,0.02058786116540432,0.06002522930502892,0.0,0.06951649487018585,0.0,0.2675773799419403
4269,0.005092116538435221,0.018000636622309683,0.022351811826229095,0.06585595160722732,0.0,0.06950351595878601,0.0,0.26758095622062683
4270,0.005111060477793217,0.017687707394361495,0.020797720924019814,0.06653874218463898,0.0,0.06950239837169647,0.0,0.2675835192203522
4271,0.0050130304880440235,0.017358165234327316,0.023147302120923995,0.06008036881685257,0.0,0.06950042396783829,0.0,0.2675859332084656
4272,0.00522727370262146,0.020146232470870017,0.021587228775024413,0.06465627998113632,0.0,0.06950303912162781,0.0,0.26758652925491333
4273,0.0052392295561730865,0.017391381785273552,0.020215589553117752,0.0619391143321991,0.0,0.06950505077838898,0.0,0.26758724451065063
4274,0.005452327150851488,0.018294291198253633,0.022911835834383963,0.05759243369102478,0.0,0.06950458139181137,0.0,0.26758497953414917
4275,0.005246646795421838,0.01836494095623493,0.021387308835983276,0.06393057331442834,0.0,0.06949977576732635,0.0,0.2675847113132477
4276,0.005355209112167358,0.019088247045874595,0.022994788363575935,0.06183120608329773,0.0,0.06949807703495026,0.0,0.26758313179016113
4277,0.005456785578280688,0.01848292425274849,0.022634300217032433,0.06532808914780616,0.0,0.0694960355758667,0.0,0.2675846815109253
4278,0.0051036435179412365,0.01826987862586975,0.020206353440880776,0.0636648803949356,0.0,0.06949318945407867,0.0,0.26758384704589844
4279,0.005188381671905518,0.018210827931761743,0.022462613880634308,0.06319245249032975,0.0,0.06949202716350555,0.0,0.26758331060409546
4280,0.005218587815761566,0.017313273251056673,0.022583300620317458,0.059337455034255984,0.0,0.06949379295110703,0.0,0.26758140325546265
4281,0.005269434489309788,0.017646024376153945,0.022811580449342728,0.0605150081217289,0.0,0.06949236243963242,0.0,0.2675802707672119
4282,0.005074060522019863,0.017709281668066977,0.021050218492746353,0.06032404452562332,0.0,0.06949712336063385,0.0,0.26757991313934326
4283,0.005259076319634915,0.017911564186215402,0.021834176033735275,0.06270565390586853,0.0,0.06949915736913681,0.0,0.26758044958114624
4284,0.005295026674866676,0.018606081232428552,0.021360701695084573,0.05815426856279373,0.0,0.06950034201145172,0.0,0.26757994294166565
4285,0.0052866430953145025,0.018282755836844446,0.022471389174461363,0.061819262057542804,0.0,0.0695008784532547,0.0,0.26758068799972534
4286,0.005414838343858719,0.018065811693668367,0.02078384719789028,0.0611314095556736,0.0,0.0695059597492218,0.0,0.26758116483688354
4287,0.004967443645000458,0.017611758783459663,0.022660929709672928,0.06360870152711869,0.0,0.06950999796390533,0.0,0.26758065819740295
4288,0.004872695356607437,0.017208009958267212,0.021882020682096482,0.06056940108537674,0.0,0.06951522082090378,0.0,0.26757699251174927
4289,0.005153172742575407,0.01825188584625721,0.02063957154750824,0.060857271403074266,0.0,0.0695158913731575,0.0,0.26757264137268066
4290,0.005104810930788517,0.018316369503736496,0.021933699771761895,0.05881973952054977,0.0,0.06951741129159927,0.0,0.26756784319877625
4291,0.005335824005305767,0.01798076815903187,0.022803553938865663,0.06346921548247338,0.0,0.06951725482940674,0.0,0.26756444573402405
4292,0.005149172153323889,0.017437966912984847,0.022720639780163764,0.06422322392463684,0.0,0.06951723247766495,0.0,0.2675623297691345
4293,0.005571160092949867,0.017717847600579262,0.021351660788059234,0.06145796626806259,0.0,0.06951552629470825,0.0,0.26756125688552856
4294,0.004818295873701572,0.017385900393128394,0.02200096398591995,0.05986552909016609,0.0,0.06951792538166046,0.0,0.26755934953689575
4295,0.00541358906775713,0.01845003552734852,0.02059830129146576,0.05960489511489868,0.0,0.06951802223920822,0.0,0.26755648851394653
4296,0.0050852782092988495,0.018204862251877785,0.021993372589349747,0.05558493733406067,0.0,0.06951631605625153,0.0,0.2675543427467346
4297,0.0051127255894243715,0.01760549359023571,0.02229432947933674,0.06365439444780349,0.0,0.06951294094324112,0.0,0.26755115389823914
4298,0.004812716506421566,0.01808808259665966,0.021141470223665238,0.06417883485555649,0.0,0.06951252371072769,0.0,0.26754850149154663
4299,0.005225604679435491,0.017381041124463082,0.022056346386671068,0.06230701208114624,0.0,0.06951504200696945,0.0,0.2675457000732422
4300,0.0051413699053227905,0.01763102374970913,0.022595579177141188,0.05988952443003655,0.0,0.06951189041137695,0.0,0.2675432562828064
4301,0.005013769585639238,0.018314819782972336,0.02242126613855362,0.06241513416171074,0.0,0.06950798630714417,0.0,0.26754191517829895
4302,0.00523306718096137,0.018406930938363077,0.02221078909933567,0.060156591981649396,0.0,0.06950259953737259,0.0,0.2675389349460602
4303,0.005060638301074505,0.01813311651349068,0.019910560548305513,0.06213543266057968,0.0,0.06950004398822784,0.0,0.2675350308418274
4304,0.00527952779084444,0.018028560653328897,0.021547231823205948,0.06265546008944511,0.0,0.06949898600578308,0.0,0.2675326466560364
4305,0.005427373107522726,0.01799364238977432,0.021132468432188033,0.06349239498376846,0.0,0.06949891149997711,0.0,0.26752969622612
4306,0.005309735890477896,0.01771763786673546,0.022097951173782347,0.061503300070762636,0.0,0.06949205696582794,0.0,0.2675272822380066
4307,0.005181288346648216,0.02020350806415081,0.022247526794672012,0.06106318086385727,0.0,0.06948259472846985,0.0,0.26752418279647827
4308,0.0051573049277067184,0.018138087913393976,0.02130984775722027,0.06065754145383835,0.0,0.06947791576385498,0.0,0.26752200722694397
4309,0.0052001714706420895,0.018383102118968965,0.022652462869882584,0.06284642592072487,0.0,0.06947438418865204,0.0,0.267520546913147
4310,0.005038243252784014,0.018532424047589303,0.022898268699645997,0.06279572546482086,0.0,0.06948079913854599,0.0,0.2675209939479828
4311,0.005468443036079407,0.01767982728779316,0.021891966834664343,0.05762113332748413,0.0,0.0694904550909996,0.0,0.2675224840641022
4312,0.004936153069138527,0.01828138418495655,0.020079392567276956,0.06161756590008736,0.0,0.06949856132268906,0.0,0.267525851726532
4313,0.004997100215405226,0.01785687208175659,0.023104965686798096,0.05971169397234917,0.0,0.0695088654756546,0.0,0.26752886176109314
4314,0.005516514182090759,0.018971309065818787,0.021032579615712164,0.06187127158045769,0.0,0.06951556354761124,0.0,0.2675324082374573
4315,0.005343580059707165,0.018400682136416435,0.022817764803767203,0.06109338104724884,0.0,0.06952377408742905,0.0,0.26753395795822144
4316,0.005215123295783997,0.017371612787246703,0.02362924851477146,0.06099743470549583,0.0,0.06953352689743042,0.0,0.267535537481308
4317,0.005176572408527136,0.017915346845984458,0.02188548818230629,0.06409379094839096,0.0,0.06954462826251984,0.0,0.2675338685512543
4318,0.005123858153820038,0.018170206248760222,0.02268862947821617,0.06104923859238624,0.0,0.06955516338348389,0.0,0.26753348112106323
4319,0.005219221580773592,0.018126144260168075,0.01908099800348282,0.06269642859697341,0.0,0.06956115365028381,0.0,0.26753073930740356
4320,0.005195456929504872,0.017590007558465005,0.023004819825291633,0.0621491052210331,0.0,0.06957058608531952,0.0,0.26752883195877075
4321,0.005124922469258308,0.017890233919024466,0.021905871480703352,0.06037973761558533,0.0,0.06958367675542831,0.0,0.2675275206565857
4322,0.005347341485321522,0.018405026569962502,0.023970377072691916,0.0590144619345665,0.0,0.0695975124835968,0.0,0.26752692461013794
4323,0.0050815568305552,0.017648381739854814,0.021988974139094352,0.06319701448082923,0.0,0.06960992515087128,0.0,0.2675272524356842
4324,0.005465048085898161,0.018344119563698767,0.02216060645878315,0.06255871504545212,0.0,0.06962086260318756,0.0,0.26752859354019165
4325,0.005485392268747091,0.01825595498085022,0.021811392158269882,0.05909879505634308,0.0,0.06962744891643524,0.0,0.26753196120262146
4326,0.005560259055346251,0.017602425068616867,0.023077148571610452,0.05938866659998894,0.0,0.06963102519512177,0.0,0.2675365209579468
4327,0.004733165632933379,0.017853232473134993,0.020816466584801675,0.06049486994743347,0.0,0.06963083893060684,0.0,0.26754030585289
4328,0.005399741139262915,0.017144254967570306,0.022526635229587554,0.05923485606908798,0.0,0.06962907314300537,0.0,0.26754269003868103
4329,0.00523659996688366,0.017818080261349678,0.020600497350096704,0.06279618740081787,0.0,0.06962339580059052,0.0,0.26754575967788696
4330,0.005225480627268552,0.01777067445218563,0.020640504732728004,0.06368383690714836,0.0,0.06961815059185028,0.0,0.26754894852638245
4331,0.004972418770194054,0.01772012859582901,0.02174225077033043,0.059499988704919814,0.0,0.06960953027009964,0.0,0.2675515115261078
4332,0.005337878130376339,0.018185727670788764,0.022129255160689355,0.06040153056383133,0.0,0.06960048526525497,0.0,0.26755446195602417
4333,0.00484255189076066,0.018367763608694077,0.01856778245419264,0.06513727530837059,0.0,0.06958840787410736,0.0,0.26755714416503906
4334,0.005168386455625296,0.017645734921097757,0.022371775656938552,0.05993554294109345,0.0,0.06957434117794037,0.0,0.26756101846694946
4335,0.005324940010905266,0.017287464812397957,0.021294810250401495,0.06208621561527252,0.0,0.06956084072589874,0.0,0.2675650715827942
4336,0.005347206350415945,0.017820888385176658,0.021880682185292245,0.061215382814407346,0.0,0.06954469531774521,0.0,0.26756948232650757
4337,0.005468274373561144,0.017503177002072334,0.022615546360611916,0.05972818210721016,0.0,0.06952714174985886,0.0,0.267571359872818
4338,0.00559203252196312,0.018091995269060135,0.02310774028301239,0.06225580349564552,0.0,0.06950689852237701,0.0,0.2675723433494568
4339,0.005119575001299381,0.01805821917951107,0.0211038488894701,0.06429020091891288,0.0,0.0694909542798996,0.0,0.26757246255874634
4340,0.0052869033068418505,0.01868424341082573,0.02236068733036518,0.06159683614969254,0.0,0.069473497569561,0.0,0.26757192611694336
4341,0.004883761052042246,0.017679781094193457,0.021518143266439436,0.06597154438495637,0.0,0.06945514678955078,0.0,0.26756957173347473
4342,0.004646744951605797,0.019326138868927957,0.021720682829618455,0.06488020196557046,0.0,0.06943719834089279,0.0,0.26756781339645386
4343,0.005187547486275435,0.018884443491697312,0.020858312398195265,0.06316058188676835,0.0,0.06942275911569595,0.0,0.26756346225738525
4344,0.005045795720070601,0.018114979192614556,0.02110600210726261,0.06015204936265946,0.0,0.06941256672143936,0.0,0.2675570845603943
4345,0.005491705890744924,0.01775677315890789,0.021409157663583755,0.058879052847623826,0.0,0.06940416991710663,0.0,0.2675524652004242
4346,0.005169250164180994,0.018223804980516435,0.0233889676630497,0.06069757640361786,0.0,0.06939254701137543,0.0,0.26754817366600037
4347,0.004823409765958786,0.017022816464304924,0.022073373571038245,0.05899374708533287,0.0,0.06938622891902924,0.0,0.2675449252128601
4348,0.005384694132953882,0.018705682829022408,0.02045455016195774,0.06661183908581733,0.0,0.06937630474567413,0.0,0.2675418555736542
4349,0.005289219319820404,0.01828650161623955,0.022754604741930962,0.060605409741401675,0.0,0.06936464458703995,0.0,0.2675381600856781
4350,0.005026781745254993,0.01796078570187092,0.021602055802941323,0.058414566516876223,0.0,0.06935957819223404,0.0,0.26753363013267517
4351,0.005090146698057652,0.017503337189555167,0.021925478428602218,0.05801301300525665,0.0,0.06935733556747437,0.0,0.2675302028656006
4352,0.005236423015594483,0.017641983553767206,0.023389311507344246,0.06301254406571388,0.0,0.0693536177277565,0.0,0.267528235912323
4353,0.005180688854306936,0.01744881011545658,0.022243719175457956,0.059546472132205965,0.0,0.06935351341962814,0.0,0.2675265967845917
4354,0.0055998128838837145,0.01812819726765156,0.021204496175050734,0.05941424518823624,0.0,0.0693524032831192,0.0,0.26752620935440063
4355,0.005046351067721844,0.017587661370635034,0.021483448892831804,0.059681099653244016,0.0,0.0693572610616684,0.0,0.26752883195877075
4356,0.005035577435046434,0.01825069449841976,0.020117150247097017,0.06256003305315971,0.0,0.0693601742386818,0.0,0.26753175258636475
4357,0.005086459591984749,0.018585440516471863,0.022545678541064262,0.06444369852542878,0.0,0.069358691573143,0.0,0.26753634214401245
4358,0.005139036383479833,0.018574896827340127,0.02350597344338894,0.057884950935840604,0.0,0.06935685127973557,0.0,0.26754099130630493
4359,0.005542673822492361,0.018850339576601982,0.020585089176893234,0.061143632233142856,0.0,0.06936003267765045,0.0,0.26754510402679443
4360,0.0050458331592381,0.017255344614386558,0.021880783885717393,0.0627620428800583,0.0,0.06936416029930115,0.0,0.26754704117774963
4361,0.005137271154671908,0.01716567575931549,0.020397689566016196,0.06206092610955238,0.0,0.06936979293823242,0.0,0.2675483226776123
4362,0.005260903481394052,0.017512357234954833,0.021266092360019685,0.06382104158401489,0.0,0.06937719881534576,0.0,0.2675500214099884
4363,0.0048412526026368145,0.017564994096755982,0.022680989652872085,0.06251679435372352,0.0,0.06938459724187851,0.0,0.26755282282829285
4364,0.005041368026286364,0.017952802032232283,0.021565330773591997,0.05963306874036789,0.0,0.06938816606998444,0.0,0.2675549387931824
4365,0.00486591923981905,0.018117138370871543,0.023012185096740724,0.06022472605109215,0.0,0.06939303129911423,0.0,0.2675566077232361
4366,0.005389589164406061,0.018058633804321288,0.02065928913652897,0.06298753023147582,0.0,0.06940330564975739,0.0,0.267559677362442
4367,0.0052025350742042065,0.017848129197955132,0.02234185189008713,0.06105490028858185,0.0,0.06941670179367065,0.0,0.26756352186203003
4368,0.005214056000113487,0.018321289867162704,0.023441798985004425,0.06145600080490112,0.0,0.06942632049322128,0.0,0.267567902803421
4369,0.005285340640693903,0.018306034058332442,0.02257070168852806,0.06310447230935097,0.0,0.06943757086992264,0.0,0.26757147908210754
4370,0.004807519074529409,0.017620905861258508,0.020647474378347398,0.05961779579520225,0.0,0.0694439560174942,0.0,0.26757460832595825
4371,0.004998030886054039,0.01767463907599449,0.020614728704094885,0.06570457369089126,0.0,0.06944858282804489,0.0,0.2675784230232239
4372,0.005324679985642433,0.018971819803118704,0.02110755182802677,0.06470579132437707,0.0,0.06945214420557022,0.0,0.26758164167404175
4373,0.004897292051464319,0.017949336022138596,0.021436922252178192,0.06081908866763115,0.0,0.06945566833019257,0.0,0.26758503913879395
4374,0.005131818260997534,0.018158163502812387,0.02025470919907093,0.06082742288708687,0.0,0.06945657730102539,0.0,0.2675875723361969
4375,0.00511123314499855,0.017479830607771873,0.022436149418354034,0.05941902026534081,0.0,0.06946246325969696,0.0,0.2675895094871521
4376,0.0049799738451838495,0.01793238930404186,0.023174967244267465,0.0659328617155552,0.0,0.0694735124707222,0.0,0.26759034395217896
4377,0.004987759422510863,0.019038210064172743,0.0222821619361639,0.06270000785589218,0.0,0.06948693841695786,0.0,0.2675916254520416
4378,0.005010361969470978,0.018289950117468833,0.021134435757994653,0.06287996470928192,0.0,0.06950720399618149,0.0,0.2675924003124237
4379,0.005135590024292469,0.017699576541781427,0.02079964764416218,0.05779049322009087,0.0,0.06952236592769623,0.0,0.2675911784172058
4380,0.005413482058793306,0.01842971332371235,0.021733131632208823,0.058557535707950595,0.0,0.06953518092632294,0.0,0.26759031414985657
4381,0.005127293616533279,0.01797434501349926,0.021087541431188583,0.06571437194943427,0.0,0.06954936683177948,0.0,0.26758885383605957
4382,0.005494825541973114,0.01812441013753414,0.02244200073182583,0.060217895358800885,0.0,0.06956057250499725,0.0,0.2675863802433014
4383,0.005502365902066231,0.01816067434847355,0.020205885544419287,0.06241644695401192,0.0,0.06957487761974335,0.0,0.26758310198783875
4384,0.005576990824192762,0.017447135597467422,0.02038656808435917,0.06011322438716889,0.0,0.06959126889705658,0.0,0.26757994294166565
4385,0.005442779883742333,0.017728661745786668,0.021860779821872713,0.061943016946315765,0.0,0.06961043924093246,0.0,0.2675784230232239
4386,0.004999638441950083,0.017601658776402473,0.019923510402441023,0.05940578505396843,0.0,0.06962446868419647,0.0,0.267578125
4387,0.005151764303445816,0.01797638088464737,0.02407699152827263,0.06035600826144218,0.0,0.06963666528463364,0.0,0.26757997274398804
4388,0.005359632521867752,0.017551440000534057,0.02025466337800026,0.06694897487759591,0.0,0.06964946538209915,0.0,0.2675814628601074
4389,0.005086721573024988,0.01753983423113823,0.021692516282200813,0.059868127852678296,0.0,0.06966473907232285,0.0,0.26758456230163574
4390,0.0051334303803741935,0.01777968108654022,0.020844125747680665,0.061346296966075894,0.0,0.06968100368976593,0.0,0.2675902843475342
4391,0.005385774001479149,0.017375581339001654,0.02380436323583126,0.06352382823824883,0.0,0.06969386339187622,0.0,0.26759546995162964
4392,0.005399209633469582,0.01781308725476265,0.022469539567828177,0.06389371380209923,0.0,0.06970705837011337,0.0,0.2676020860671997
4393,0.005147780478000641,0.01818386949598789,0.021361326798796654,0.061837030202150346,0.0,0.0697178766131401,0.0,0.2676079273223877
4394,0.005334629863500595,0.017944378405809404,0.02232467010617256,0.060739462822675706,0.0,0.06972832977771759,0.0,0.2676122188568115
4395,0.005277600698173046,0.019109202548861504,0.02221132405102253,0.05914165675640106,0.0,0.0697353258728981,0.0,0.2676139771938324
4396,0.0050078130327165125,0.01786067746579647,0.02245274595916271,0.058700539916753766,0.0,0.06973830610513687,0.0,0.2676156163215637
4397,0.00511820511892438,0.017719436809420584,0.023662225157022477,0.061668678373098376,0.0,0.06973748654127121,0.0,0.26761728525161743
4398,0.005301242601126433,0.01786700524389744,0.021029028668999673,0.06230221837759018,0.0,0.06973607838153839,0.0,0.26761969923973083
4399,0.005068651959300041,0.018270343914628027,0.02062188647687435,0.0652294173836708,0.0,0.06973274052143097,0.0,0.2676214575767517
4400,0.005280574597418308,0.01799677163362503,0.022714138403534888,0.0655246540904045,0.0,0.06972508132457733,0.0,0.2676265835762024
4401,0.00559099642559886,0.01860578991472721,0.022646940127015115,0.06292434632778168,0.0,0.06971743702888489,0.0,0.2676309049129486
4402,0.005282437615096569,0.018050316721200943,0.02222020849585533,0.06570455208420753,0.0,0.0697067454457283,0.0,0.267637699842453
4403,0.005009543336927891,0.017801099643111228,0.021438346803188325,0.06299487054347992,0.0,0.0696997418999672,0.0,0.26764437556266785
4404,0.005143584869801998,0.017704130709171297,0.022124745696783066,0.05756639465689659,0.0,0.06969200074672699,0.0,0.2676495611667633
4405,0.005150549672544002,0.018544254824519157,0.02278110198676586,0.060089968144893646,0.0,0.06968021392822266,0.0,0.26765552163124084
4406,0.005085405614227057,0.01759585700929165,0.0210142619907856,0.06077944040298462,0.0,0.06967337429523468,0.0,0.26765984296798706
4407,0.005463049281388521,0.01737155057489872,0.02378036640584469,0.058882104605436324,0.0,0.06966427713632584,0.0,0.2676648497581482
4408,0.005077922530472278,0.01842876635491848,0.022817374765872957,0.06069711595773697,0.0,0.06965271383523941,0.0,0.2676706910133362
4409,0.005318939220160246,0.01775772273540497,0.021128570660948753,0.05997386574745178,0.0,0.06964655220508575,0.0,0.267675518989563
4410,0.004805092606693507,0.017450254783034323,0.022553111240267754,0.0580603078007698,0.0,0.06963767856359482,0.0,0.26768070459365845
4411,0.005058759357780218,0.01800630837678909,0.022394271939992903,0.0648590937256813,0.0,0.06962494552135468,0.0,0.26768502593040466
4412,0.005513236671686172,0.0177880484610796,0.021900609508156775,0.06305042132735253,0.0,0.0696115642786026,0.0,0.2676897346973419
4413,0.0051286320202052595,0.018287275359034537,0.021220871433615684,0.06313344538211822,0.0,0.06960360705852509,0.0,0.2676931619644165
4414,0.005137075763195753,0.018577755242586137,0.02123798504471779,0.060891954600811,0.0,0.06959421932697296,0.0,0.26769644021987915
4415,0.00512143149971962,0.017476020008325578,0.021476789936423303,0.058599851280450824,0.0,0.06958319991827011,0.0,0.267700731754303
4416,0.005517456866800785,0.018743883818387985,0.02093036100268364,0.0645727664232254,0.0,0.06957302987575531,0.0,0.2677028775215149
4417,0.005023681372404098,0.018155233189463615,0.020924895629286767,0.05899084210395813,0.0,0.06956100463867188,0.0,0.26770392060279846
4418,0.005355085618793965,0.0174946591258049,0.02207140065729618,0.06157220080494881,0.0,0.0695478767156601,0.0,0.267705500125885
4419,0.005058495420962572,0.01890489272773266,0.023096081614494324,0.0669939786195755,0.0,0.06953065097332001,0.0,0.26770609617233276
4420,0.005268649477511644,0.01793549507856369,0.020243216678500174,0.06328445076942443,0.0,0.06951641291379929,0.0,0.2677057385444641
4421,0.004924814030528068,0.018507024645805357,0.01927233226597309,0.06308324709534645,0.0,0.06950430572032928,0.0,0.26770392060279846
4422,0.005066233687102795,0.017627077549695967,0.022241275385022165,0.0601813867688179,0.0,0.0694895014166832,0.0,0.26770129799842834
4423,0.005065369699150324,0.018470561131834984,0.023564548790454866,0.05685533955693245,0.0,0.06948073953390121,0.0,0.26769691705703735
4424,0.005413331743329764,0.018162185698747633,0.020798572152853013,0.06383454203605651,0.0,0.06947354972362518,0.0,0.2676914632320404
4425,0.005336111783981324,0.018492040410637855,0.02178160510957241,0.0602961927652359,0.0,0.0694696456193924,0.0,0.2676859498023987
4426,0.005276915803551674,0.017358119785785674,0.020933863520622254,0.06199834793806076,0.0,0.06946881115436554,0.0,0.26768144965171814
4427,0.004977708030492067,0.017490576207637786,0.020691341906785964,0.06010814979672432,0.0,0.0694708377122879,0.0,0.2676779627799988
4428,0.005314122419804335,0.018631197139620782,0.02214401662349701,0.06119135767221451,0.0,0.06946979463100433,0.0,0.2676735818386078
4429,0.0053999456577003,0.017845793440937997,0.023315604403615,0.062113143503665924,0.0,0.06947065889835358,0.0,0.26766735315322876
4430,0.005206791870296002,0.017266326025128363,0.019399239867925643,0.062485864758491515,0.0,0.06947045028209686,0.0,0.2676631212234497
4431,0.005413385573774576,0.01689084619283676,0.020668697729706764,0.05903519243001938,0.0,0.06947208940982819,0.0,0.2676590383052826
4432,0.004951359611004591,0.019161414727568625,0.022050047293305397,0.060721184313297275,0.0,0.06947460025548935,0.0,0.26765522360801697
4433,0.005173308774828911,0.017206109315156936,0.021989408507943155,0.06218482479453087,0.0,0.06948115676641464,0.0,0.26765188574790955
4434,0.005378486588597298,0.01799575500190258,0.02286289818584919,0.061677315086126325,0.0,0.0694873183965683,0.0,0.2676495909690857
4435,0.005496148206293583,0.018809853121638298,0.022549688071012496,0.06407979801297188,0.0,0.06949326395988464,0.0,0.2676481306552887
4436,0.005221483390778303,0.018789667263627054,0.022250679880380632,0.059434577077627185,0.0,0.06949803233146667,0.0,0.2676467299461365
4437,0.005312070902436972,0.018143794685602187,0.022423120588064192,0.06502636000514031,0.0,0.06950318813323975,0.0,0.2676454186439514
4438,0.005169136542826891,0.017306021973490716,0.020196039974689484,0.0579063855111599,0.0,0.0695103257894516,0.0,0.2676418423652649
4439,0.00519485492259264,0.018406118825078012,0.02279665693640709,0.061694154143333436,0.0,0.06951595097780228,0.0,0.26763901114463806
4440,0.005517486110329628,0.01894441433250904,0.020400142669677733,0.06273391023278237,0.0,0.06951944530010223,0.0,0.26763612031936646
4441,0.005120094027370214,0.018226718157529832,0.02312812991440296,0.06497506573796272,0.0,0.06952264159917831,0.0,0.2676335275173187
4442,0.005450697243213653,0.017758310958743095,0.02235722877085209,0.059239523857831954,0.0,0.06952742487192154,0.0,0.2676331102848053
4443,0.005175661388784647,0.016818930767476557,0.02249716706573963,0.06339719444513321,0.0,0.06953300535678864,0.0,0.26763540506362915
4444,0.0048886192962527275,0.01789485812187195,0.02376072444021702,0.061233538389205935,0.0,0.06953771412372589,0.0,0.2676374614238739
4445,0.004991730768233537,0.017794817686080933,0.021925614774227144,0.06497108489274979,0.0,0.06953888386487961,0.0,0.26763948798179626
4446,0.005008704494684935,0.0181225448846817,0.021948379278182984,0.06505435258150101,0.0,0.06953825801610947,0.0,0.2676442563533783
4447,0.005283666774630547,0.017597155645489693,0.02034970037639141,0.06261298730969429,0.0,0.06953626871109009,0.0,0.26765012741088867
4448,0.005174430925399065,0.018861020728945733,0.023386772722005844,0.05965951234102249,0.0,0.06953750550746918,0.0,0.26765647530555725
4449,0.005122634768486023,0.017565774172544478,0.022107171639800072,0.05934606045484543,0.0,0.06953860819339752,0.0,0.2676638960838318
4450,0.004966665897518397,0.017983521148562432,0.021208157390356065,0.06036841496825218,0.0,0.06953984498977661,0.0,0.2676713168621063
4451,0.005570529121905565,0.017659420147538185,0.022961790114641188,0.0611128956079483,0.0,0.06953805685043335,0.0,0.26767808198928833
4452,0.005463472288101912,0.01778808534145355,0.02185063883662224,0.06189942285418511,0.0,0.06953705847263336,0.0,0.2676825225353241
4453,0.004790209233760834,0.018509690091013907,0.02257203385233879,0.06242966651916504,0.0,0.06953328847885132,0.0,0.26768559217453003
4454,0.0052301260642707344,0.01820957809686661,0.019897352159023284,0.06257354691624642,0.0,0.06953369081020355,0.0,0.2676883935928345
4455,0.005280238296836615,0.016994267329573633,0.02199566178023815,0.06452778428792953,0.0,0.06953619420528412,0.0,0.26768946647644043
4456,0.0051637358032166954,0.01817837469279766,0.021330414712429045,0.06379749923944474,0.0,0.06953635811805725,0.0,0.2676900029182434
4457,0.005579710379242897,0.018143133819103242,0.02308299168944359,0.06589027345180512,0.0,0.06953562796115875,0.0,0.26768964529037476
4458,0.005307108070701361,0.018794798851013185,0.02171313539147377,0.06445775926113129,0.0,0.0695369765162468,0.0,0.26768797636032104
4459,0.00534181222319603,0.01781267635524273,0.022631073743104933,0.06379487738013268,0.0,0.06953899562358856,0.0,0.26768508553504944
4460,0.00587305873632431,0.017488770186901093,0.02274908721446991,0.06156711280345917,0.0,0.06954102963209152,0.0,0.2676815390586853
4461,0.005307273473590612,0.01735103875398636,0.022216526418924333,0.0606872484087944,0.0,0.06954824924468994,0.0,0.2676784098148346
4462,0.0054109906777739525,0.01774120219051838,0.0218822181224823,0.05985979288816452,0.0,0.06955345720052719,0.0,0.26767534017562866
4463,0.004939066059887409,0.01828022561967373,0.022396865487098693,0.058787620067596434,0.0,0.06956054270267487,0.0,0.2676721513271332
4464,0.005452350806444883,0.01845414228737354,0.023702066019177438,0.0603092797100544,0.0,0.06956920027732849,0.0,0.267668753862381
4465,0.005336612742394209,0.01796991266310215,0.02338198460638523,0.06335375532507896,0.0,0.06957529485225677,0.0,0.2676662802696228
4466,0.004904707986861467,0.017850275710225107,0.022171921283006667,0.059148027747869494,0.0,0.0695832297205925,0.0,0.2676648497581482
4467,0.005021007731556892,0.019022904336452484,0.021593886241316796,0.06218603327870369,0.0,0.0695934146642685,0.0,0.267663836479187
4468,0.004993829969316721,0.01757108438760042,0.02132883481681347,0.06257099583745003,0.0,0.06961021572351456,0.0,0.26766249537467957
4469,0.005320559442043305,0.01790309716016054,0.020910259708762167,0.06601658463478088,0.0,0.06962157040834427,0.0,0.2676630914211273
4470,0.0053122277371585366,0.018876420333981514,0.022096101194620132,0.05888366177678108,0.0,0.06963321566581726,0.0,0.2676650881767273
4471,0.005470226891338826,0.01804482042789459,0.021467022225260736,0.0587432973086834,0.0,0.0696435421705246,0.0,0.26766592264175415
4472,0.00534958615899086,0.01741868071258068,0.022478072345256804,0.06064786091446876,0.0,0.06964834034442902,0.0,0.26766887307167053
4473,0.005592311546206474,0.018327850103378295,0.020412622764706612,0.06281132102012635,0.0,0.06964973360300064,0.0,0.26766934990882874
4474,0.005352919269353151,0.01767878569662571,0.023465464636683465,0.06230262666940689,0.0,0.06965028494596481,0.0,0.26767078042030334
4475,0.004993467032909394,0.018571852520108224,0.022068528458476067,0.060796158015728,0.0,0.06964876502752304,0.0,0.26767390966415405
4476,0.004972140770405531,0.018222104012966155,0.022286409884691237,0.05895958244800568,0.0,0.06965158879756927,0.0,0.2676768898963928
4477,0.005419677216559648,0.017364246025681495,0.020626412332057954,0.0621228389441967,0.0,0.06965792179107666,0.0,0.2676791548728943
4478,0.005133824422955513,0.01850697584450245,0.024792471528053285,0.06505200862884522,0.0,0.0696626752614975,0.0,0.2676827907562256
4479,0.005246339365839958,0.01805957742035389,0.021555986627936362,0.05994576960802078,0.0,0.0696704238653183,0.0,0.2676847577095032
4480,0.004841762082651258,0.01804911866784096,0.02255900539457798,0.06306674405932426,0.0,0.06967376172542572,0.0,0.267683744430542
4481,0.0050935840234160425,0.01736644543707371,0.019570843130350114,0.06652533710002899,0.0,0.06967310607433319,0.0,0.2676818072795868
4482,0.005346547067165375,0.017509325593709945,0.023121657595038415,0.05751946568489075,0.0,0.06967628002166748,0.0,0.26767897605895996
4483,0.005250188615173101,0.018262095749378204,0.02219346836209297,0.06230203062295914,0.0,0.06967576593160629,0.0,0.2676752507686615
4484,0.005054556392133236,0.01814068928360939,0.020955244824290276,0.06146135106682778,0.0,0.06967227160930634,0.0,0.26767125725746155
4485,0.005084080435335636,0.017784569412469864,0.020235347375273705,0.061649073660373685,0.0,0.06966700404882431,0.0,0.26766759157180786
4486,0.005165674071758985,0.017858629301190376,0.020352034643292428,0.06256421655416489,0.0,0.06966044753789902,0.0,0.26766225695610046
4487,0.005050254985690117,0.018668846413493156,0.023444173857569695,0.058459934592247007,0.0,0.06965787708759308,0.0,0.26765871047973633
4488,0.005044260341674089,0.01861043944954872,0.022580089047551155,0.06302425786852836,0.0,0.06965581327676773,0.0,0.2676565945148468
4489,0.005202641524374485,0.01806318275630474,0.02299562655389309,0.06267956122756005,0.0,0.06964876502752304,0.0,0.26765888929367065
4490,0.004933978337794543,0.017394090816378594,0.020868723466992378,0.06255248561501503,0.0,0.06964366883039474,0.0,0.2676602602005005
4491,0.005184610839933157,0.017833315208554266,0.02058815211057663,0.060192526876926424,0.0,0.06963501125574112,0.0,0.2676622271537781
4492,0.004909094888716936,0.0179658193141222,0.02122301943600178,0.0608165480196476,0.0,0.06962951272726059,0.0,0.2676624357700348
4493,0.004950965475291014,0.017965660616755485,0.02129705362021923,0.06155958473682403,0.0,0.06962434947490692,0.0,0.26766330003738403
4494,0.005278102587908506,0.017844514548778535,0.022550079599022867,0.061226943880319594,0.0,0.06961830705404282,0.0,0.2676618695259094
4495,0.0052083760499954225,0.018503359332680703,0.02052183635532856,0.06263134256005287,0.0,0.06961019337177277,0.0,0.2676580548286438
4496,0.005318004544824362,0.017961829900741577,0.021427805349230767,0.06251750141382217,0.0,0.06960363686084747,0.0,0.2676537036895752
4497,0.00521713811904192,0.017781483009457588,0.01997942626476288,0.060460944473743436,0.0,0.06959520280361176,0.0,0.26764774322509766
4498,0.005540026538074017,0.01793334037065506,0.02388138435781002,0.060259164124727246,0.0,0.06958597153425217,0.0,0.2676422595977783
4499,0.005225059110671282,0.01823965534567833,0.022665859758853914,0.0624849259853363,0.0,0.06957466900348663,0.0,0.2676371932029724
4500,0.005293251108378172,0.016874340549111366,0.02169956937432289,0.05963106378912926,0.0,0.06956472992897034,0.0,0.267631858587265
4501,0.005184071604162455,0.016770920157432555,0.021777665242552757,0.058941655606031415,0.0,0.06955494731664658,0.0,0.2676280736923218
4502,0.00524288909509778,0.018350982293486594,0.02081233412027359,0.06216107606887818,0.0,0.06954480707645416,0.0,0.2676241397857666
4503,0.00489102927967906,0.01846029981970787,0.02134305015206337,0.06405335888266564,0.0,0.06953249871730804,0.0,0.26762086153030396
4504,0.005168959125876426,0.017788610979914667,0.021810964122414588,0.05995635837316513,0.0,0.06951816380023956,0.0,0.2676190733909607
4505,0.005023489147424698,0.018049575760960578,0.02113166227936745,0.06364951282739639,0.0,0.06950357556343079,0.0,0.2676207423210144
4506,0.005147332325577736,0.017400871962308884,0.023320326581597328,0.06272847205400467,0.0,0.06948760896921158,0.0,0.2676216959953308
4507,0.005183078628033399,0.01856382079422474,0.022041434049606325,0.06418223828077316,0.0,0.06947101652622223,0.0,0.26762232184410095
4508,0.005382993351668119,0.019049910455942155,0.021867953613400458,0.056933868676424026,0.0,0.06945163011550903,0.0,0.2676227390766144
4509,0.005044432636350393,0.01883888617157936,0.021226706355810164,0.06064599826931953,0.0,0.06943728029727936,0.0,0.26762378215789795
4510,0.005225719790905714,0.017750462144613267,0.021263910457491875,0.05758727118372917,0.0,0.06942129880189896,0.0,0.26762399077415466
4511,0.005048137996345759,0.01814916767179966,0.022110769152641298,0.0652079701423645,0.0,0.06940490007400513,0.0,0.26762643456459045
4512,0.005175070092082024,0.018661269173026084,0.021053126081824303,0.05857396125793457,0.0,0.06938953697681427,0.0,0.2676290273666382
4513,0.00538606671616435,0.01766858547925949,0.022722962498664855,0.06182588115334511,0.0,0.06937876343727112,0.0,0.2676312029361725
4514,0.005209449678659439,0.01842123195528984,0.02257850132882595,0.06446450129151345,0.0,0.06936781108379364,0.0,0.2676308751106262
4515,0.005431219656020403,0.01852697767317295,0.021929903700947762,0.05859148055315018,0.0,0.06936497241258621,0.0,0.2676292061805725
4516,0.005213688965886832,0.019003574550151826,0.022393808513879777,0.06405722945928574,0.0,0.0693623274564743,0.0,0.267627090215683
4517,0.005022915732115507,0.018396322801709174,0.021745963022112846,0.06473052054643631,0.0,0.06936047226190567,0.0,0.2676239609718323
4518,0.0052545986138284205,0.01812283620238304,0.021806153655052184,0.0636646494269371,0.0,0.0693645253777504,0.0,0.2676197588443756
4519,0.004851230327039957,0.01723577603697777,0.022985958307981492,0.05973067283630371,0.0,0.06936564296483994,0.0,0.2676161229610443
4520,0.005257945694029331,0.01833684742450714,0.023405547812581064,0.060526038706302646,0.0,0.06936851888895035,0.0,0.26761355996131897
4521,0.0052129986695945265,0.017836470529437064,0.020541878789663313,0.06146855354309082,0.0,0.06936732679605484,0.0,0.2676129937171936
4522,0.005527744814753532,0.018805995211005212,0.0205305278301239,0.060860030353069305,0.0,0.06936168670654297,0.0,0.26761364936828613
4523,0.0050444498658180235,0.018762921169400214,0.020960717648267745,0.061455714702606204,0.0,0.06936226785182953,0.0,0.2676156163215637
4524,0.005325548350811005,0.01830277591943741,0.02101245932281017,0.06025492772459984,0.0,0.06936060637235641,0.0,0.26761677861213684
4525,0.005325550679117441,0.01827847845852375,0.021668196469545365,0.0606558158993721,0.0,0.06936044991016388,0.0,0.26761773228645325
4526,0.004607549589127302,0.01876837946474552,0.022751524671912195,0.06168878823518753,0.0,0.06936359405517578,0.0,0.2676181495189667
4527,0.005336504522711038,0.01629895083606243,0.022505030035972595,0.06751872524619103,0.0,0.06936830282211304,0.0,0.26761919260025024
4528,0.005079016461968422,0.018371663987636566,0.022006498649716377,0.06370467692613602,0.0,0.06936968863010406,0.0,0.267622172832489
4529,0.005144812073558569,0.0176616333425045,0.023724403232336044,0.06437537670135499,0.0,0.06937612593173981,0.0,0.26762375235557556
4530,0.005276457034051418,0.019160527735948563,0.021820368245244026,0.06274782195687294,0.0,0.06938112527132034,0.0,0.2676244378089905
4531,0.0051796181127429005,0.018389592692255975,0.021779258176684378,0.06360232383012772,0.0,0.06939636915922165,0.0,0.26762089133262634
4532,0.005322945676743985,0.018530499935150147,0.021578310057520866,0.06593802869319916,0.0,0.06941094994544983,0.0,0.26761701703071594
4533,0.00497593954205513,0.017576305940747262,0.021846793964505194,0.05960255637764931,0.0,0.06942392885684967,0.0,0.2676124572753906
4534,0.0048285072669386865,0.017259551957249642,0.021212498471140862,0.058422891050577165,0.0,0.06943584978580475,0.0,0.2676088809967041
4535,0.005058913491666317,0.017279338836669923,0.021038173884153365,0.057315089553594586,0.0,0.06944845616817474,0.0,0.2676050662994385
4536,0.005348927620798349,0.01825953647494316,0.02152581065893173,0.062201767414808276,0.0,0.06945516169071198,0.0,0.26760098338127136
4537,0.005095134116709232,0.017120573669672012,0.021327396109700202,0.06338592991232872,0.0,0.06945972144603729,0.0,0.26759934425354004
4538,0.0057672042399644855,0.018483944237232208,0.021442938968539237,0.06107175350189209,0.0,0.06946583837270737,0.0,0.2675988972187042
4539,0.005129610374569893,0.017223393172025682,0.02107061557471752,0.06231870353221893,0.0,0.06948062777519226,0.0,0.2676006257534027
4540,0.004934437014162541,0.017833077535033225,0.022155709192156793,0.06430414617061615,0.0,0.06949560344219208,0.0,0.2676032483577728
4541,0.005176769848912954,0.01802171804010868,0.02227659858763218,0.06307619214057922,0.0,0.06951497495174408,0.0,0.267606258392334
4542,0.0050391251221299175,0.016946163028478622,0.020628196001052857,0.059952037036418916,0.0,0.06953350454568863,0.0,0.26760828495025635
4543,0.004987394344061613,0.0174935020506382,0.022576795145869254,0.0662231907248497,0.0,0.06955184787511826,0.0,0.2676100730895996
4544,0.004987521003931761,0.017211341112852097,0.022018847241997718,0.06159406751394272,0.0,0.06956697255373001,0.0,0.2676094174385071
4545,0.005247158277779817,0.018365991488099098,0.020580111443996428,0.06536063626408577,0.0,0.06957830488681793,0.0,0.2676108777523041
4546,0.005112878046929836,0.0179959524422884,0.0209691796451807,0.06191967651247978,0.0,0.06958814710378647,0.0,0.26761093735694885
4547,0.005058390274643898,0.018267669528722764,0.021186915412545203,0.06408357843756676,0.0,0.069597028195858,0.0,0.2676093578338623
4548,0.0050665769726037976,0.017946563288569452,0.022293282300233842,0.06314854770898819,0.0,0.06960123032331467,0.0,0.26760736107826233
4549,0.004784160666167736,0.01831821948289871,0.02221270203590393,0.05881095975637436,0.0,0.06960418820381165,0.0,0.2676052153110504
4550,0.005106164794415236,0.01817905269563198,0.02138938121497631,0.06481100842356682,0.0,0.06960545480251312,0.0,0.2676018178462982
4551,0.004942402243614197,0.017314325831830502,0.02006933018565178,0.057897481322288516,0.0,0.06960733234882355,0.0,0.26759785413742065
4552,0.004962809383869171,0.0180658258497715,0.023076844215393067,0.06266143396496773,0.0,0.0696081891655922,0.0,0.2675938606262207
4553,0.0055474632419645785,0.017954369261860847,0.020941156148910522,0.06412209421396256,0.0,0.06960542500019073,0.0,0.2675897479057312
4554,0.005132057052105665,0.017915980890393257,0.021142419800162314,0.056323453038930896,0.0,0.06959977746009827,0.0,0.2675849497318268
4555,0.005579679179936648,0.01796686202287674,0.021365654468536378,0.060088825225830075,0.0,0.06959851086139679,0.0,0.2675814926624298
4556,0.005348128825426101,0.018825768679380416,0.021985336765646936,0.06432784646749497,0.0,0.0695972591638565,0.0,0.2675774097442627
4557,0.0053713546134531494,0.018208941072225572,0.022980958595871924,0.06326933205127716,0.0,0.06959931552410126,0.0,0.2675739824771881
4558,0.005613057222217321,0.01836673840880394,0.020476191118359566,0.06510334014892578,0.0,0.06960872560739517,0.0,0.267571359872818
4559,0.004910532012581825,0.018100255355238914,0.021675775572657586,0.06678675562143326,0.0,0.0696166604757309,0.0,0.26756760478019714
4560,0.005837440118193626,0.01759241335093975,0.02205788195133209,0.06096268519759178,0.0,0.0696304440498352,0.0,0.2675638794898987
4561,0.00504783745855093,0.017729955911636352,0.02137949615716934,0.06605041921138763,0.0,0.069644495844841,0.0,0.26755955815315247
4562,0.005251087062060833,0.018217092379927635,0.021182940155267716,0.06323516443371772,0.0,0.06965451687574387,0.0,0.2675553262233734
4563,0.005047095846384764,0.01798856519162655,0.020906037464737893,0.06344033405184746,0.0,0.0696597546339035,0.0,0.2675517797470093
4564,0.005732572637498379,0.018241944536566735,0.02209753915667534,0.05641083344817162,0.0,0.06966248899698257,0.0,0.2675479054450989
4565,0.005259024631232023,0.018771900236606597,0.021268801763653755,0.05988624319434166,0.0,0.06967037171125412,0.0,0.2675448954105377
4566,0.0052789682522416115,0.018485278263688086,0.02278158739209175,0.06273918375372886,0.0,0.06967274844646454,0.0,0.26754167675971985
4567,0.005073765758424997,0.017848892882466317,0.021285971999168395,0.06360994726419449,0.0,0.0696723684668541,0.0,0.2675381600856781
4568,0.005443931464105845,0.01853017620742321,0.021195008978247644,0.06096193194389343,0.0,0.06967279314994812,0.0,0.26753759384155273
4569,0.005054557230323553,0.017859983444213866,0.022021229937672616,0.06282670795917511,0.0,0.06967723369598389,0.0,0.26753783226013184
4570,0.0052755212411284445,0.017662815749645233,0.020305537059903143,0.06266118660569191,0.0,0.06968504190444946,0.0,0.2675396800041199
4571,0.005235906317830085,0.017905564233660697,0.021800314262509345,0.06398085728287697,0.0,0.06968583166599274,0.0,0.26754242181777954
4572,0.005200346186757088,0.01790875568985939,0.020612550526857377,0.064605001360178,0.0,0.06968601047992706,0.0,0.2675446569919586
4573,0.005045721866190433,0.01882696636021137,0.021828698739409447,0.06128005087375641,0.0,0.06968188285827637,0.0,0.2675474286079407
4574,0.005327821988612413,0.01764742098748684,0.022094506397843362,0.06153236925601959,0.0,0.06967693567276001,0.0,0.2675521671772003
4575,0.005372344516217709,0.017580310255289076,0.021861037239432335,0.06257851868867874,0.0,0.06967251002788544,0.0,0.26755577325820923
4576,0.005054415762424469,0.017834509909152984,0.020975266024470328,0.05965915098786354,0.0,0.06967447698116302,0.0,0.26755911111831665
4577,0.004858212731778622,0.017559950798749925,0.02304542064666748,0.06246276125311852,0.0,0.06967906653881073,0.0,0.26756107807159424
4578,0.005282050464302301,0.018071700632572175,0.022411150857806206,0.06250462532043458,0.0,0.06967982649803162,0.0,0.2675612270832062
4579,0.004851603973656892,0.01792660430073738,0.021261392533779143,0.06547895297408104,0.0,0.06967948377132416,0.0,0.2675600051879883
4580,0.005043082311749459,0.018392883986234666,0.02199368439614773,0.06247325912117958,0.0,0.06967848539352417,0.0,0.267556756734848
4581,0.0052702175453305244,0.01821514517068863,0.02139756493270397,0.06061505526304245,0.0,0.06967993080615997,0.0,0.2675538659095764
4582,0.005113719496876001,0.01775251477956772,0.022617001459002493,0.05966139286756515,0.0,0.06968044489622116,0.0,0.26755011081695557
4583,0.005255800113081932,0.01887824051082134,0.021778831630945204,0.061125260591506955,0.0,0.06968025863170624,0.0,0.2675447463989258
4584,0.005287559330463409,0.018845707178115845,0.022131994366645813,0.05752703696489334,0.0,0.06968094408512115,0.0,0.26753872632980347
4585,0.004779707733541727,0.017790675908327103,0.023732225596904754,0.056658151745796206,0.0,0.06968212872743607,0.0,0.26753202080726624
4586,0.0050816087052226065,0.017994482442736624,0.022062381729483604,0.06196112260222435,0.0,0.06967835873365402,0.0,0.2675269544124603
4587,0.005308388639241457,0.017836546525359154,0.02249619923532009,0.05987800285220146,0.0,0.06967504322528839,0.0,0.2675229012966156
4588,0.004921713285148144,0.017755519598722458,0.021426839008927345,0.06372426077723503,0.0,0.0696725845336914,0.0,0.26751989126205444
4589,0.005324052274227142,0.018363228440284728,0.024167310446500778,0.058948032557964325,0.0,0.06966865062713623,0.0,0.26751580834388733
4590,0.005130819417536259,0.019123554602265357,0.02197810597717762,0.06542134508490563,0.0,0.069668248295784,0.0,0.2675122618675232
4591,0.005282368883490563,0.01824737563729286,0.021187127009034155,0.06169923394918442,0.0,0.0696684718132019,0.0,0.26750892400741577
4592,0.0053326387889683245,0.01797859277576208,0.020696930587291718,0.05924713760614395,0.0,0.06966793537139893,0.0,0.2675052583217621
4593,0.005098770279437304,0.01861322335898876,0.0207061268389225,0.06313271597027778,0.0,0.06966906785964966,0.0,0.2675012946128845
4594,0.005303467717021703,0.01786654107272625,0.02195606306195259,0.06316912323236465,0.0,0.06967233121395111,0.0,0.26749688386917114
4595,0.005162437353283167,0.019343053922057152,0.020852747559547424,0.06338633224368095,0.0,0.06967207044363022,0.0,0.2674952745437622
4596,0.005186648294329643,0.016912032663822175,0.021904783323407173,0.06082494333386421,0.0,0.06967175006866455,0.0,0.26749497652053833
4597,0.005160454288125038,0.017696641385555267,0.02180986702442169,0.06450184658169747,0.0,0.0696745291352272,0.0,0.2674950659275055
4598,0.0047474225051701065,0.01957550197839737,0.021209120005369186,0.06281778067350388,0.0,0.06967557966709137,0.0,0.267495334148407
4599,0.005344105884432793,0.018017742410302164,0.02123478688299656,0.05727333351969719,0.0,0.06967649608850479,0.0,0.2674962878227234
4600,0.005057248193770647,0.01855792701244354,0.020390866324305534,0.06144445538520813,0.0,0.0696747750043869,0.0,0.26749688386917114
4601,0.005277887638658285,0.017772800847887994,0.020656354352831842,0.060887254774570465,0.0,0.06967197358608246,0.0,0.2674981951713562
4602,0.00554581917822361,0.017430282570421694,0.021332348883152007,0.05760035514831543,0.0,0.06966687738895416,0.0,0.2675011456012726
4603,0.005330687295645476,0.018073971197009087,0.02254157215356827,0.0620350144803524,0.0,0.06966039538383484,0.0,0.26750364899635315
4604,0.004929536301642656,0.017961406894028187,0.020395373925566673,0.06450333669781685,0.0,0.06964672356843948,0.0,0.26750612258911133
4605,0.005442654807120561,0.017729800939559937,0.02341787554323673,0.06387691497802735,0.0,0.06963464617729187,0.0,0.2675092816352844
4606,0.005511771980673074,0.01937701888382435,0.019950041174888612,0.05812480300664902,0.0,0.06963016092777252,0.0,0.2675134539604187
4607,0.004522335156798363,0.01788936331868172,0.020904960110783577,0.058480475842952725,0.0,0.06963188201189041,0.0,0.2675180435180664
4608,0.0050911341793835165,0.01898793801665306,0.022443998232483865,0.060773071646690366,0.0,0.06963503360748291,0.0,0.2675210237503052
4609,0.00514061888679862,0.01712823025882244,0.02236589416861534,0.06356466487050057,0.0,0.0696335956454277,0.0,0.2675234377384186
4610,0.005551331676542759,0.018898488581180574,0.02350173145532608,0.06054677739739418,0.0,0.06963187456130981,0.0,0.26752403378486633
4611,0.0053141038864850994,0.018052878975868224,0.02191481851041317,0.06056149378418922,0.0,0.0696331039071083,0.0,0.26752161979675293
4612,0.005172300338745117,0.018631653115153312,0.02251863069832325,0.06228926554322243,0.0,0.06962969154119492,0.0,0.2675180733203888
4613,0.004966875538229942,0.017591331899166108,0.021513736620545388,0.06493582427501679,0.0,0.06963127851486206,0.0,0.26751428842544556
4614,0.005146750062704086,0.01791554465889931,0.019861253350973128,0.0626245878636837,0.0,0.0696299821138382,0.0,0.26750993728637695
4615,0.005519464332610369,0.018012909963726998,0.02216903120279312,0.05910876840353012,0.0,0.06962843984365463,0.0,0.26750677824020386
4616,0.005051497742533684,0.017416183650493623,0.020746513456106185,0.06723715364933014,0.0,0.06963090598583221,0.0,0.26750436425209045
4617,0.005590692907571792,0.018175650388002396,0.021964215114712714,0.06284016594290734,0.0,0.06963472068309784,0.0,0.2674965560436249
4618,0.0051237443462014195,0.01776895336806774,0.02113998681306839,0.061456667631864546,0.0,0.06964540481567383,0.0,0.26749059557914734
4619,0.005240710359066725,0.018821604922413825,0.02131074443459511,0.057755836844444276,0.0,0.06965257227420807,0.0,0.2674834728240967
4620,0.005206795129925013,0.018297841772437096,0.02219305410981178,0.06292792856693268,0.0,0.06966061145067215,0.0,0.26747578382492065
4621,0.005283418856561184,0.017217693477869035,0.021177496761083603,0.06290044486522675,0.0,0.06966791301965714,0.0,0.2674679160118103
4622,0.005536063946783543,0.017301787436008454,0.022476205602288246,0.05949627757072449,0.0,0.06966933608055115,0.0,0.26746153831481934
4623,0.005187852308154106,0.018346671387553214,0.020972860604524614,0.061553648114204405,0.0,0.06967286765575409,0.0,0.26745736598968506
4624,0.0051802659407258035,0.018277835845947266,0.022064941376447676,0.061168444156646726,0.0,0.06967975199222565,0.0,0.26745331287384033
4625,0.005271403212100267,0.01841181144118309,0.02376139461994171,0.0617650218307972,0.0,0.06968844681978226,0.0,0.26745209097862244
4626,0.004717214591801166,0.017672639712691306,0.021944769099354743,0.06382670104503632,0.0,0.06969625502824783,0.0,0.26745280623435974
4627,0.0053382541984319685,0.017856789752840996,0.020650488883256914,0.0626396007835865,0.0,0.06969974935054779,0.0,0.2674540579319
4628,0.005272193159908056,0.016863686963915825,0.02167397700250149,0.061649263650178907,0.0,0.06969748437404633,0.0,0.26745694875717163
4629,0.005458987131714821,0.018312782049179077,0.020465785264968873,0.05854302197694779,0.0,0.06968893855810165,0.0,0.26745909452438354
4630,0.005269622709602117,0.017979448661208153,0.021517612040042877,0.0640951968729496,0.0,0.0696834847331047,0.0,0.2674614191055298
4631,0.0049723460339009765,0.01853902079164982,0.021062500402331354,0.059545975923538205,0.0,0.06967606395483017,0.0,0.26746243238449097
4632,0.005333733186125756,0.017904281988739966,0.023386872187256814,0.0644421137869358,0.0,0.06967335939407349,0.0,0.2674618661403656
4633,0.005372083093971014,0.017983249574899673,0.021341371536254882,0.0636465422809124,0.0,0.06967253237962723,0.0,0.2674596309661865
4634,0.005094353668391704,0.019301658496260643,0.021212222054600716,0.059544043987989424,0.0,0.06966517120599747,0.0,0.2674568295478821
4635,0.005001290794461965,0.018049516901373863,0.02321183867752552,0.05992938205599785,0.0,0.06965937465429306,0.0,0.2674521505832672
4636,0.0050900720059871675,0.017759524285793304,0.022467328980565072,0.06164468973875046,0.0,0.06964714080095291,0.0,0.26744943857192993
4637,0.00513510936871171,0.01752355247735977,0.022129783034324647,0.06055291518568993,0.0,0.06963491439819336,0.0,0.26744991540908813
4638,0.0050133844837546345,0.017358041554689407,0.021808626875281335,0.061307822912931444,0.0,0.06961791962385178,0.0,0.267449289560318
4639,0.00479051386937499,0.018224624544382097,0.020313678309321404,0.060889691859483716,0.0,0.06959891319274902,0.0,0.26744765043258667
4640,0.005306684877723455,0.017590217851102354,0.01979007013142109,0.06475027948617935,0.0,0.06958279013633728,0.0,0.26744693517684937
4641,0.005530653148889541,0.018160291761159898,0.022964413836598398,0.06277542114257813,0.0,0.06956939399242401,0.0,0.2674470543861389
4642,0.005220249807462096,0.018379077315330505,0.02228013128042221,0.061356160789728165,0.0,0.06956187635660172,0.0,0.267448753118515
4643,0.005331356264650822,0.01876898892223835,0.01956924796104431,0.0591148391366005,0.0,0.06955841928720474,0.0,0.2674495577812195
4644,0.005307674873620272,0.01813393011689186,0.020876244455575944,0.06193659752607346,0.0,0.06956121325492859,0.0,0.2674512267112732
4645,0.00515907546505332,0.018682746961712838,0.02166716232895851,0.05806156918406487,0.0,0.06956913322210312,0.0,0.26745277643203735
4646,0.005131218396127224,0.018338125199079514,0.022891348227858543,0.057836712896823884,0.0,0.0695778951048851,0.0,0.26745444536209106
4647,0.005427970923483372,0.01770924888551235,0.020935464277863504,0.06597190052270889,0.0,0.06958554685115814,0.0,0.2674550414085388
4648,0.005005173105746508,0.018109339848160745,0.022076984494924547,0.0639228232204914,0.0,0.06959190219640732,0.0,0.2674585282802582
4649,0.0052907787263393406,0.018558834865689277,0.021290881931781767,0.06047709137201309,0.0,0.06959502398967743,0.0,0.26746147871017456
4650,0.005086243804544211,0.01804839037358761,0.023954029381275176,0.05878216698765755,0.0,0.06960144639015198,0.0,0.26746290922164917
4651,0.005232309456914663,0.017970636300742627,0.02074306719005108,0.058197121322155,0.0,0.06960860639810562,0.0,0.2674630284309387
4652,0.005113401729613542,0.018324387446045875,0.020320849120616914,0.06200580969452858,0.0,0.06961595267057419,0.0,0.267461895942688
4653,0.0055323497392237185,0.017662336118519306,0.02210269458591938,0.06521968692541122,0.0,0.06962184607982635,0.0,0.2674594223499298
4654,0.005165859404951334,0.01903505250811577,0.022081641107797624,0.0624628335237503,0.0,0.06962527334690094,0.0,0.26745763421058655
4655,0.005070881173014641,0.01801280714571476,0.021372258290648462,0.062336646020412445,0.0,0.06962428987026215,0.0,0.2674602270126343
4656,0.005533803626894951,0.01893479414284229,0.022072996571660043,0.06345921084284782,0.0,0.06962834298610687,0.0,0.2674623429775238
4657,0.0053451044484972956,0.01771087385714054,0.022047948092222214,0.06230337917804718,0.0,0.06962932646274567,0.0,0.2674658000469208
4658,0.005584326107054949,0.01960023380815983,0.02209940031170845,0.05968551263213158,0.0,0.06962724030017853,0.0,0.2674676775932312
4659,0.005332488380372524,0.017931449785828592,0.022070403769612314,0.06099729612469673,0.0,0.06963378936052322,0.0,0.26747041940689087
4660,0.005227702856063843,0.018187415599823,0.022644729539752006,0.059404128789901735,0.0,0.0696413666009903,0.0,0.26747286319732666
4661,0.00504619712010026,0.01812271885573864,0.02237047329545021,0.06402974501252175,0.0,0.06964416801929474,0.0,0.2674737870693207
4662,0.005538495257496834,0.018163951858878136,0.02100665830075741,0.0622333787381649,0.0,0.06964652240276337,0.0,0.26747411489486694
4663,0.004938102327287197,0.017575839534401894,0.02124880887567997,0.0615779273211956,0.0,0.0696515217423439,0.0,0.2674727439880371
4664,0.00529974177479744,0.01825341358780861,0.023308027535676956,0.06040621101856232,0.0,0.06965624541044235,0.0,0.267471581697464
4665,0.004993521515280009,0.017298103496432304,0.02064514867961407,0.0593526303768158,0.0,0.06966271251440048,0.0,0.26746949553489685
4666,0.0049331668764352795,0.017640101537108422,0.022254181280732154,0.06207298710942268,0.0,0.06966160237789154,0.0,0.26746824383735657
4667,0.005161457788199186,0.018357618898153304,0.02170039899647236,0.06637329459190369,0.0,0.06965812295675278,0.0,0.26746612787246704
4668,0.005311983451247215,0.01752140037715435,0.021710309386253356,0.057330471277236936,0.0,0.06965476274490356,0.0,0.267463743686676
4669,0.004851813241839409,0.018456099554896355,0.022470562532544137,0.0606270506978035,0.0,0.06965427100658417,0.0,0.26746106147766113
4670,0.00518513135612011,0.018127582594752313,0.020798667520284652,0.059930276870727536,0.0,0.06965272128582001,0.0,0.2674609422683716
4671,0.005107933469116688,0.018343733996152876,0.022639184817671777,0.06470103338360786,0.0,0.06965124607086182,0.0,0.26746290922164917
4672,0.004800739977508783,0.018154312297701834,0.023110166564583777,0.061260274797678,0.0,0.06964585930109024,0.0,0.2674659192562103
4673,0.005486677121371031,0.018081959709525107,0.020314765349030494,0.06072618439793587,0.0,0.06964078545570374,0.0,0.26746922731399536
4674,0.004528380371630192,0.018888358399271964,0.020244304835796357,0.06554972678422928,0.0,0.06963495910167694,0.0,0.26747530698776245
4675,0.005111950077116489,0.017571039125323297,0.022352570667862892,0.06497429162263871,0.0,0.06962887197732925,0.0,0.26748034358024597
4676,0.005252313427627086,0.018658992275595664,0.020665284991264344,0.06350656896829605,0.0,0.06961758434772491,0.0,0.2674857974052429
4677,0.005402254499495029,0.017792047187685966,0.021273221448063852,0.06050943434238434,0.0,0.06960504502058029,0.0,0.26749205589294434
4678,0.005118783470243216,0.017687054723501204,0.0221017487347126,0.060482606291770935,0.0,0.06958978623151779,0.0,0.26749706268310547
4679,0.005036822985857725,0.018056510388851164,0.02174814008176327,0.06212044209241867,0.0,0.06957615911960602,0.0,0.26750069856643677
4680,0.004951765574514866,0.01793487071990967,0.020833265036344528,0.06517228931188583,0.0,0.06956236064434052,0.0,0.2675025165081024
4681,0.005113446805626154,0.01851804330945015,0.02188144624233246,0.06310266777873039,0.0,0.06955745816230774,0.0,0.2675035297870636
4682,0.005649819038808346,0.017986048012971878,0.02277831472456455,0.06079049482941627,0.0,0.06955796480178833,0.0,0.2675043046474457
4683,0.0052732816897332665,0.018345871940255165,0.02161415070295334,0.0617429330945015,0.0,0.06955839693546295,0.0,0.2675037980079651
4684,0.0051376868039369585,0.019381215050816535,0.01997736170887947,0.058772999048233035,0.0,0.0695643424987793,0.0,0.26750221848487854
4685,0.005499172583222389,0.018611379712820054,0.021566445380449294,0.06405786275863648,0.0,0.06957797706127167,0.0,0.2675023078918457
4686,0.004929835256189108,0.018113750591874124,0.021684359386563302,0.05972288623452186,0.0,0.06959309428930283,0.0,0.26750048995018005
4687,0.005617821961641312,0.018269089236855506,0.022594353184103966,0.06149334833025932,0.0,0.06960608810186386,0.0,0.2674980163574219
4688,0.004830709937959909,0.017846761643886565,0.022202162817120553,0.06196866109967232,0.0,0.06961387395858765,0.0,0.2674955725669861
4689,0.00525110112503171,0.01747127212584019,0.021159985661506654,0.06241379380226135,0.0,0.06961874663829803,0.0,0.2674944996833801
4690,0.005236132629215717,0.018628137558698653,0.01945500709116459,0.06178562119603157,0.0,0.06961696594953537,0.0,0.2674950659275055
4691,0.005193321127444505,0.018782180920243263,0.021981538087129594,0.05812908709049225,0.0,0.06961597502231598,0.0,0.2674972116947174
4692,0.005134168080985546,0.018451060727238656,0.020116499438881875,0.06455937102437019,0.0,0.06961113214492798,0.0,0.26749756932258606
4693,0.004723377898335457,0.01804652698338032,0.021237824857234956,0.06089065223932266,0.0,0.069609634578228,0.0,0.26749494671821594
4694,0.005229578632861376,0.01851012706756592,0.022680147364735604,0.06018981412053108,0.0,0.06960395723581314,0.0,0.2674923539161682
4695,0.005184850189834833,0.018376069143414497,0.021930075809359552,0.060090191662311554,0.0,0.06960153579711914,0.0,0.26748910546302795
4696,0.005135061219334602,0.018247347325086594,0.023139385133981706,0.06587470397353172,0.0,0.0695967748761177,0.0,0.2674875259399414
4697,0.0049133806489408014,0.0178445503115654,0.021404594555497168,0.0596229188144207,0.0,0.06958915293216705,0.0,0.2674833834171295
4698,0.00517181670293212,0.019170957431197167,0.020286409184336662,0.0611450083553791,0.0,0.06957836449146271,0.0,0.26747798919677734
4699,0.005105763766914606,0.017202672362327576,0.022781016305088997,0.05866308361291885,0.0,0.06957362592220306,0.0,0.2674725651741028
4700,0.005356819648295641,0.018700103089213372,0.023012235388159753,0.05968278199434281,0.0,0.06956617534160614,0.0,0.26746612787246704
4701,0.004977744072675705,0.01775352768599987,0.021380495652556418,0.06070364341139793,0.0,0.06955438107252121,0.0,0.2674613893032074
4702,0.00527199525386095,0.01905640959739685,0.02299850769340992,0.06111028119921684,0.0,0.06954275071620941,0.0,0.2674601674079895
4703,0.005547929089516401,0.018330459669232368,0.020745346322655678,0.06485487222671509,0.0,0.06953296810388565,0.0,0.26746097207069397
4704,0.005435223784297704,0.017349396459758283,0.021141738072037695,0.055676591396331784,0.0,0.06952662020921707,0.0,0.26746106147766113
4705,0.005427922494709492,0.018617432937026022,0.022596802189946176,0.05773411840200424,0.0,0.06952781975269318,0.0,0.2674625813961029
4706,0.005447201710194349,0.018050528690218927,0.021772397682070732,0.06425574719905854,0.0,0.06953465938568115,0.0,0.2674643397331238
4707,0.0051529848016798495,0.018315017223358154,0.02060851976275444,0.059340198338031766,0.0,0.0695432499051094,0.0,0.26746684312820435
4708,0.005094365123659373,0.018353847786784172,0.021962616592645645,0.06856034919619561,0.0,0.06954222917556763,0.0,0.2674696445465088
4709,0.005070729646831751,0.017856938764452934,0.021777573600411416,0.060483137518167494,0.0,0.06954655051231384,0.0,0.26747074723243713
4710,0.0050440897233784195,0.017650149390101434,0.023446570336818694,0.06230402439832687,0.0,0.06955443322658539,0.0,0.26747211813926697
4711,0.004982506576925516,0.01809011250734329,0.02056812383234501,0.06287631541490554,0.0,0.06956186145544052,0.0,0.2674730718135834
4712,0.005032846331596374,0.018201059475541116,0.0218451913446188,0.0622375838458538,0.0,0.0695706233382225,0.0,0.2674746513366699
4713,0.004833817202597857,0.017800958827137947,0.021922479569911956,0.061459765583276746,0.0,0.06957520544528961,0.0,0.26747432351112366
4714,0.004797641839832068,0.017921165749430656,0.021764614805579185,0.05875629186630249,0.0,0.06958460807800293,0.0,0.26747435331344604
4715,0.005554032977670431,0.018640749901533128,0.020540392398834227,0.06519552245736122,0.0,0.06959456205368042,0.0,0.26747390627861023
4716,0.0049161331728100775,0.017809775844216346,0.02175954021513462,0.06052085980772972,0.0,0.06960916519165039,0.0,0.2674714922904968
4717,0.004884404689073562,0.018058867007493973,0.023724998533725738,0.060708408057689664,0.0,0.06963057816028595,0.0,0.2674698531627655
4718,0.005576768703758716,0.018775948882102968,0.02128373570740223,0.0632802739739418,0.0,0.06965474784374237,0.0,0.2674686312675476
4719,0.005201942566782236,0.018357978761196138,0.02144154757261276,0.05680221766233444,0.0,0.06967513263225555,0.0,0.26746660470962524
4720,0.005332883540540933,0.017530739307403564,0.021482816338539122,0.06358232870697975,0.0,0.06969161331653595,0.0,0.26746493577957153
4721,0.0049758866429328915,0.01796290874481201,0.0235593993216753,0.06143281236290932,0.0,0.06970721483230591,0.0,0.2674626410007477
4722,0.005236654449254275,0.01782599315047264,0.020338169857859613,0.05908153802156448,0.0,0.06971795111894608,0.0,0.26746028661727905
4723,0.005556082911789417,0.018454685062170028,0.022072542831301688,0.06485316604375839,0.0,0.06972665339708328,0.0,0.26745930314064026
4724,0.005601328052580357,0.017961972579360008,0.021261684969067572,0.05962665230035782,0.0,0.0697358101606369,0.0,0.2674582898616791
4725,0.004898198135197163,0.01878395341336727,0.021899814903736114,0.06349131986498832,0.0,0.06974291056394577,0.0,0.2674572467803955
4726,0.005742854438722134,0.018362024053931236,0.02206551618874073,0.06256457269191742,0.0,0.06975247710943222,0.0,0.2674572169780731
4727,0.005291095841675997,0.01790366992354393,0.021609579026699067,0.06589349806308746,0.0,0.06976139545440674,0.0,0.26745831966400146
4728,0.005270135775208473,0.01797010637819767,0.02183464951813221,0.059481413662433626,0.0,0.06977028399705887,0.0,0.26745980978012085
4729,0.004858741071075201,0.017818450555205347,0.022512536868453024,0.06116688922047615,0.0,0.06978089362382889,0.0,0.2674616277217865
4730,0.005288101639598608,0.017937717027962208,0.020717220008373262,0.06417937651276588,0.0,0.06979300826787949,0.0,0.2674635648727417
4731,0.0050693201832473275,0.01733957342803478,0.0210163202136755,0.06413257047533989,0.0,0.0697985291481018,0.0,0.2674636244773865
4732,0.005071014538407326,0.01755397617816925,0.022949044033885,0.06181827560067177,0.0,0.0698089674115181,0.0,0.2674599885940552
4733,0.005288595892488956,0.018013829737901686,0.02114894837141037,0.06472584009170532,0.0,0.06981639564037323,0.0,0.26745855808258057
4734,0.005029466282576322,0.018549521639943122,0.02279365248978138,0.06525784581899643,0.0,0.06982360780239105,0.0,0.267457515001297
4735,0.005004946608096361,0.017919963225722313,0.022984133660793306,0.06137652769684791,0.0,0.06982962042093277,0.0,0.2674579620361328
4736,0.005420324485749006,0.01903889812529087,0.022654416412115096,0.06323133036494255,0.0,0.0698365569114685,0.0,0.267458975315094
4737,0.005173320695757866,0.018345554172992707,0.023137811198830606,0.06390709802508354,0.0,0.06984120607376099,0.0,0.26746076345443726
4738,0.004950880724936724,0.017715688049793243,0.020561781153082846,0.06161607429385185,0.0,0.06984511762857437,0.0,0.2674638330936432
4739,0.005173485353589058,0.01816936656832695,0.022398778423666953,0.062371409684419635,0.0,0.06985622644424438,0.0,0.26746612787246704
4740,0.005151382647454739,0.01772497743368149,0.021300512552261352,0.06210686564445496,0.0,0.0698605328798294,0.0,0.26746922731399536
4741,0.005086044874042272,0.018014249950647356,0.021614056080579758,0.062151917815208436,0.0,0.06986082345247269,0.0,0.26747003197669983
4742,0.0052777607925236225,0.018261054158210756,0.022219382226467133,0.06204574704170227,0.0,0.06986501812934875,0.0,0.26747187972068787
4743,0.005363366007804871,0.0175036508589983,0.023839424923062326,0.06447571665048599,0.0,0.06986801326274872,0.0,0.26747429370880127
4744,0.004957640916109085,0.018158064037561417,0.020642252638936043,0.05800127908587456,0.0,0.06987740844488144,0.0,0.26747971773147583
4745,0.005239943973720074,0.01916605569422245,0.020864138007164003,0.06015656739473343,0.0,0.06988682597875595,0.0,0.2674863934516907
4746,0.005251217260956764,0.018084747716784477,0.021113717183470725,0.061436860263347624,0.0,0.06989346444606781,0.0,0.2674933671951294
4747,0.005117359943687916,0.018855825066566467,0.020167580619454385,0.06066249534487724,0.0,0.06989701092243195,0.0,0.267502099275589
4748,0.0050645023584365845,0.018861319124698638,0.02185247801244259,0.06057340875267982,0.0,0.06990285217761993,0.0,0.2675118148326874
4749,0.005279139988124371,0.016908632591366768,0.022893135994672777,0.06273742318153382,0.0,0.06990604847669601,0.0,0.2675185203552246
4750,0.005051363818347454,0.01791304722428322,0.020025385171175004,0.06151949092745781,0.0,0.06990566104650497,0.0,0.26752275228500366
4751,0.005017982795834541,0.01719685345888138,0.020953087881207467,0.06284078806638718,0.0,0.06990344822406769,0.0,0.2675289511680603
4752,0.005022472608834505,0.01856309361755848,0.021969363465905188,0.057951422035694124,0.0,0.06989829242229462,0.0,0.267533540725708
4753,0.005238580796867609,0.019371107593178748,0.02113720327615738,0.06250153332948685,0.0,0.06988918781280518,0.0,0.26753631234169006
4754,0.005153145547956229,0.01874576136469841,0.022105520591139793,0.0626716025173664,0.0,0.06987851113080978,0.0,0.26753824949264526
4755,0.00497607197612524,0.01771099716424942,0.022834991663694383,0.06209639608860016,0.0,0.06986446678638458,0.0,0.2675389349460602
4756,0.005205723736435175,0.017752427607774734,0.02220352254807949,0.05915209501981735,0.0,0.06985016912221909,0.0,0.2675378918647766
4757,0.005033086426556111,0.018358325213193895,0.021799902617931365,0.059817292541265485,0.0,0.06983344256877899,0.0,0.267536461353302
4758,0.005081554874777794,0.01828523576259613,0.020526769012212752,0.06149187982082367,0.0,0.06981592625379562,0.0,0.2675359845161438
4759,0.005134205240756274,0.017125094681978224,0.022332173213362692,0.056618398427963255,0.0,0.0697978064417839,0.0,0.2675333321094513
4760,0.004945784248411656,0.01865319199860096,0.021106458455324172,0.05882186070084572,0.0,0.06977827847003937,0.0,0.26753222942352295
4761,0.005253803916275501,0.01843891032040119,0.021761514618992804,0.06120917275547981,0.0,0.06975992769002914,0.0,0.2675288915634155
4762,0.005254375189542771,0.018030914664268493,0.021411273628473282,0.05707089230418205,0.0,0.06974230706691742,0.0,0.2675251364707947
4763,0.005203808192163706,0.018068553507328035,0.021842344477772713,0.06112616434693337,0.0,0.06972359120845795,0.0,0.26752370595932007
4764,0.004832987301051616,0.01803005076944828,0.023334395512938498,0.05885821580886841,0.0,0.06970525532960892,0.0,0.2675238251686096
4765,0.005132166389375925,0.018141287192702294,0.02169371284544468,0.06422234699130058,0.0,0.06969241052865982,0.0,0.26752495765686035
4766,0.005252622254192829,0.01731443703174591,0.021263426542282103,0.05777665004134178,0.0,0.06968080997467041,0.0,0.2675270438194275
4767,0.004914707131683826,0.017359963059425353,0.020389770716428758,0.0644184447824955,0.0,0.06966627389192581,0.0,0.2675265967845917
4768,0.005073356721550226,0.01816597208380699,0.02309671901166439,0.06282848641276359,0.0,0.06964891403913498,0.0,0.26752471923828125
4769,0.005419964995235204,0.017248296365141868,0.022419700771570204,0.06580440402030945,0.0,0.06963284313678741,0.0,0.26752108335494995
4770,0.005194152146577835,0.01836879439651966,0.021893109381198882,0.0642397403717041,0.0,0.06961479783058167,0.0,0.26751965284347534
4771,0.005146283376961947,0.018315193057060242,0.022337841242551802,0.06435664817690849,0.0,0.06960056722164154,0.0,0.267517626285553
4772,0.00544357942417264,0.017199022881686687,0.02131737917661667,0.061031369119882585,0.0,0.06958601623773575,0.0,0.267514705657959
4773,0.005265780538320541,0.017550147697329523,0.022715217620134353,0.06034562066197395,0.0,0.06957219541072845,0.0,0.26751241087913513
4774,0.004959665797650814,0.017894128710031508,0.019840343669056893,0.05904533490538597,0.0,0.06955881416797638,0.0,0.2675112187862396
4775,0.005085920821875334,0.01736862100660801,0.02395276054739952,0.060258550196886064,0.0,0.06954325735569,0.0,0.26751160621643066
4776,0.005277579370886088,0.018250767886638642,0.024009184166789054,0.06139313951134682,0.0,0.06953129917383194,0.0,0.26751211285591125
4777,0.005253382585942745,0.019075826182961463,0.0227388110011816,0.06068907603621483,0.0,0.06952105462551117,0.0,0.26751190423965454
4778,0.005616082716733218,0.018702390044927596,0.022835002094507218,0.061170348525047304,0.0,0.06951012462377548,0.0,0.26751309633255005
4779,0.005303723458200693,0.017191972211003305,0.02188195623457432,0.06350873485207557,0.0,0.06949245184659958,0.0,0.2675146460533142
4780,0.005291754752397538,0.017978672683238984,0.021638618037104606,0.061977391690015794,0.0,0.06947459280490875,0.0,0.2675169110298157
4781,0.005224671773612499,0.018715839833021164,0.021829068288207056,0.06266843378543854,0.0,0.06946101784706116,0.0,0.2675192356109619
4782,0.0055036858655512335,0.01791352517902851,0.021811482310295106,0.06131032481789589,0.0,0.06945130974054337,0.0,0.26752009987831116
4783,0.005235109943896532,0.017921122908592223,0.021436839550733566,0.06284709349274635,0.0,0.0694415345788002,0.0,0.2675192654132843
4784,0.004974601790308952,0.01840493120253086,0.021817265078425407,0.06103276982903481,0.0,0.06943251937627792,0.0,0.26751774549484253
4785,0.005403993930667639,0.017968859896063803,0.02254106104373932,0.06213022619485855,0.0,0.06942424923181534,0.0,0.26751604676246643
4786,0.004918662365525961,0.018710509687662125,0.02002294585108757,0.061184434592723845,0.0,0.06941606849431992,0.0,0.26751330494880676
4787,0.005026849545538425,0.01709752306342125,0.020347198471426964,0.060694067180156706,0.0,0.06941522657871246,0.0,0.2675120532512665
4788,0.005140293017029762,0.01820553168654442,0.021747599914669992,0.06089157238602638,0.0,0.06942036747932434,0.0,0.2675110697746277
4789,0.005156181659549475,0.01903374828398228,0.02138439901173115,0.058709058165550235,0.0,0.06942486763000488,0.0,0.2675096094608307
4790,0.00507613318040967,0.018897931650280954,0.021369998902082445,0.05937929749488831,0.0,0.06943230330944061,0.0,0.26750820875167847
4791,0.005241029337048531,0.017565115913748743,0.021537171304225923,0.061601598560810086,0.0,0.06944067776203156,0.0,0.2675052583217621
4792,0.005203622858971357,0.018582835048437118,0.02373329922556877,0.06319686323404312,0.0,0.06944557279348373,0.0,0.2675008177757263
4793,0.005319212749600411,0.01782483123242855,0.023249365389347076,0.06727208644151687,0.0,0.06945361942052841,0.0,0.2674959599971771
4794,0.004964641854166984,0.017264720425009726,0.02319018915295601,0.06239900514483452,0.0,0.0694596916437149,0.0,0.26749294996261597
4795,0.005177552253007889,0.01811750214546919,0.021269019320607187,0.061574426293373105,0.0,0.06946667283773422,0.0,0.26749199628829956
4796,0.00491989878937602,0.018484612181782722,0.021500161662697793,0.06044959872961044,0.0,0.06947393715381622,0.0,0.2674919366836548
4797,0.005077071767300367,0.018294252827763556,0.021521910279989242,0.05967266112565994,0.0,0.06948695331811905,0.0,0.26749199628829956
4798,0.005448290519416333,0.01814601607620716,0.021096917614340783,0.06179758012294769,0.0,0.06950525939464569,0.0,0.2674914002418518
4799,0.004898201674222946,0.017547159269452096,0.0221010934561491,0.06456660330295563,0.0,0.06952588260173798,0.0,0.26749032735824585
4800,0.005061827693134546,0.018739035725593566,0.02228357270359993,0.06346433833241463,0.0,0.06954678148031235,0.0,0.26748842000961304
4801,0.004960743431001902,0.018430005759000778,0.02216109000146389,0.0666163593530655,0.0,0.06956912577152252,0.0,0.26748543977737427
4802,0.0052831643261015415,0.017158253863453866,0.022701532766222953,0.06528048664331436,0.0,0.06959053874015808,0.0,0.26748228073120117
4803,0.004985787719488144,0.017262269742786884,0.021727513894438742,0.06499073058366775,0.0,0.06960826367139816,0.0,0.26747947931289673
4804,0.004997348692268133,0.017037375830113888,0.02119356207549572,0.06273611038923263,0.0,0.06962613761425018,0.0,0.2674751877784729
4805,0.00544847147539258,0.0182489737868309,0.022385045513510705,0.06267214119434357,0.0,0.06963814795017242,0.0,0.2674708068370819
4806,0.00496220076456666,0.01890615075826645,0.021380700543522833,0.06166278123855591,0.0,0.06965060532093048,0.0,0.26746636629104614
4807,0.005342132318764925,0.018651992827653886,0.02172875441610813,0.06299065127968788,0.0,0.0696638971567154,0.0,0.26746344566345215
4808,0.005441109929233789,0.018348842114210128,0.01974736899137497,0.0610861212015152,0.0,0.06967610865831375,0.0,0.26746395230293274
4809,0.0052217569202184675,0.017864999920129777,0.02176569029688835,0.06603776067495346,0.0,0.06968556344509125,0.0,0.26746660470962524
4810,0.0051596276462078094,0.019025472924113274,0.020984817296266556,0.058405302464962006,0.0,0.06968981772661209,0.0,0.26747092604637146
4811,0.005216230917721987,0.01832999773323536,0.022722816094756126,0.0594116099178791,0.0,0.06969727575778961,0.0,0.26747530698776245
4812,0.0046933978796005246,0.01786581501364708,0.021992380544543267,0.06229385212063789,0.0,0.06969727575778961,0.0,0.2674780786037445
4813,0.0055930869653820995,0.01766221635043621,0.021275099739432334,0.05845286473631859,0.0,0.06969300657510757,0.0,0.2674802541732788
4814,0.005254882480949163,0.018348551541566848,0.021503494307398795,0.06148080825805664,0.0,0.06968355178833008,0.0,0.2674825191497803
4815,0.005330611579120159,0.01909322813153267,0.021871717646718025,0.0603157602250576,0.0,0.06967749446630478,0.0,0.2674837112426758
4816,0.004948518611490727,0.01746958903968334,0.021887313574552536,0.06415545642375946,0.0,0.0696742907166481,0.0,0.26748257875442505
4817,0.005084311589598656,0.01714016553014517,0.02314320206642151,0.06079649105668068,0.0,0.06967057287693024,0.0,0.2674817442893982
4818,0.005367374699562788,0.017310194298624994,0.021513743326067924,0.06130273789167404,0.0,0.06966748088598251,0.0,0.26748019456863403
4819,0.005330202728509903,0.017787565290927888,0.023376118019223215,0.0608724519610405,0.0,0.06966208666563034,0.0,0.2674790620803833
4820,0.005325677338987589,0.01857225187122822,0.023075183480978013,0.060187678784132004,0.0,0.06966079771518707,0.0,0.2674791216850281
4821,0.005175954103469849,0.017583391442894936,0.01879546158015728,0.06081659719347954,0.0,0.06966552883386612,0.0,0.26747873425483704
4822,0.005204377230256796,0.018397723138332368,0.02190214768052101,0.06421537101268768,0.0,0.06966575980186462,0.0,0.267478883266449
4823,0.005320336297154426,0.017429781332612037,0.021959588304162024,0.06266093105077744,0.0,0.06966578215360641,0.0,0.26747870445251465
4824,0.005088863428682089,0.017078759148716927,0.025785987079143525,0.059025649726390836,0.0,0.06966309994459152,0.0,0.26747649908065796
4825,0.005095767136663198,0.01793077476322651,0.023141448944807054,0.06355092525482178,0.0,0.06965621560811996,0.0,0.26747503876686096
4826,0.0052973548881709576,0.017623447626829148,0.0217006865888834,0.06146502941846847,0.0,0.06964949518442154,0.0,0.2674736976623535
4827,0.005188682023435831,0.017806810885667802,0.021987073123455048,0.05724740698933602,0.0,0.06964261829853058,0.0,0.26747408509254456
4828,0.005233278777450323,0.01861160732805729,0.02187347039580345,0.06244467124342919,0.0,0.06963314116001129,0.0,0.2674752175807953
4829,0.004982320871204138,0.01748943664133549,0.02128668688237667,0.0572246789932251,0.0,0.06963308900594711,0.0,0.2674766480922699
4830,0.005277738906443119,0.0176719531416893,0.023065092414617537,0.06360154300928116,0.0,0.06963144242763519,0.0,0.26747840642929077
4831,0.005389765743166209,0.01906353496015072,0.021917543560266494,0.06108271107077599,0.0,0.06962510943412781,0.0,0.26747792959213257
4832,0.004828999191522599,0.018107443675398828,0.019522492587566376,0.05865099430084229,0.0,0.06961537897586823,0.0,0.2674759328365326
4833,0.0054630876518785955,0.017181385308504105,0.02087617591023445,0.06177191063761711,0.0,0.0696040540933609,0.0,0.26747387647628784
4834,0.0051695441827178,0.018207285180687906,0.02119752801954746,0.06148698255419731,0.0,0.0695897564291954,0.0,0.26747116446495056
4835,0.0051496816799044606,0.017871288955211638,0.020879695564508437,0.06163842007517815,0.0,0.06956882774829865,0.0,0.26746731996536255
4836,0.005009623616933823,0.018150917440652847,0.02194308675825596,0.062313380837440493,0.0,0.0695490688085556,0.0,0.2674655616283417
4837,0.0052581668831408026,0.01747872568666935,0.02222106382250786,0.061035625636577606,0.0,0.0695328339934349,0.0,0.26746347546577454
4838,0.005221858806908131,0.018567971140146255,0.023338715359568597,0.06390840634703636,0.0,0.06951214373111725,0.0,0.2674593925476074
4839,0.005241483170539141,0.017740434035658836,0.020217283815145492,0.06256465464830399,0.0,0.06949050724506378,0.0,0.2674551010131836
4840,0.00515279034152627,0.017569905892014504,0.022632302716374397,0.06275098100304603,0.0,0.0694727674126625,0.0,0.2674509882926941
4841,0.0053486542776226996,0.017707886546850203,0.01985762417316437,0.06412287652492524,0.0,0.06945807486772537,0.0,0.2674465775489807
4842,0.00524682616814971,0.018508874997496604,0.02270972728729248,0.06079347655177116,0.0,0.0694492906332016,0.0,0.2674429416656494
4843,0.004845904558897019,0.0182371374219656,0.019682814925909044,0.060647526383399965,0.0,0.06943994760513306,0.0,0.26744019985198975
4844,0.005260423943400383,0.018008954450488092,0.021378036588430405,0.06559131965041161,0.0,0.06942810118198395,0.0,0.26743778586387634
4845,0.005251426063477993,0.01939794570207596,0.02180687114596367,0.056904017180204394,0.0,0.06941904872655869,0.0,0.2674362063407898
4846,0.005423308908939361,0.018450067937374116,0.022516226395964622,0.06254537999629975,0.0,0.06941191107034683,0.0,0.2674351632595062
4847,0.0051882249303162094,0.017772730439901352,0.02189791463315487,0.05932576730847359,0.0,0.06940727680921555,0.0,0.26743295788764954
4848,0.005292810406535864,0.018532497435808183,0.022501190751791002,0.06415174081921578,0.0,0.06940045207738876,0.0,0.26743072271347046
4849,0.0054087057709693905,0.017801469936966897,0.020806412398815154,0.06558251455426216,0.0,0.06939435750246048,0.0,0.26742786169052124
4850,0.004962450731545687,0.018013205379247665,0.020895383134484292,0.060737733542919156,0.0,0.06938750296831131,0.0,0.26742592453956604
4851,0.005098673980683088,0.018810534477233888,0.020676876232028008,0.06614500135183335,0.0,0.06937947124242783,0.0,0.2674226760864258
4852,0.005210448894649744,0.018974686041474342,0.022487419471144677,0.06157878711819649,0.0,0.06937502324581146,0.0,0.2674177587032318
4853,0.005622099339962006,0.017633330076932907,0.021702676266431808,0.060601507127285,0.0,0.06937085092067719,0.0,0.26741570234298706
4854,0.005134670343250036,0.01786094568669796,0.02173902988433838,0.059714894741773605,0.0,0.06936351954936981,0.0,0.2674146890640259
4855,0.005417247395962476,0.018105489760637285,0.02129296734929085,0.06215388253331185,0.0,0.06935428082942963,0.0,0.26741504669189453
4856,0.005119796097278595,0.018608007207512857,0.02241497002542019,0.056973452866077426,0.0,0.06934106349945068,0.0,0.26741787791252136
4857,0.005191714223474264,0.017772775515913962,0.022543124109506606,0.06333783864974976,0.0,0.06933178752660751,0.0,0.2674190402030945
4858,0.00507169421762228,0.018271072208881377,0.021489351242780685,0.05844103768467903,0.0,0.06932728737592697,0.0,0.2674205005168915
4859,0.005150540731847286,0.01757677271962166,0.02232794724404812,0.06632209867238999,0.0,0.06932264566421509,0.0,0.26742178201675415
4860,0.004729205928742886,0.01847347654402256,0.022872547060251235,0.059348083287477496,0.0,0.06931734830141068,0.0,0.2674236595630646
4861,0.005236017145216465,0.018904074653983118,0.022032615914940833,0.061758877336978914,0.0,0.06931640952825546,0.0,0.26742425560951233
4862,0.005122829601168633,0.018615061417222023,0.02050425447523594,0.058840730041265485,0.0,0.06932137906551361,0.0,0.26742425560951233
4863,0.00497431056573987,0.018225421383976936,0.02012387402355671,0.0641942210495472,0.0,0.06933404505252838,0.0,0.2674223780632019
4864,0.00517836855724454,0.018149086087942124,0.02154918909072876,0.06442995071411133,0.0,0.06934665143489838,0.0,0.26742061972618103
4865,0.005366360675543547,0.018255579471588134,0.020316203683614732,0.06219032853841781,0.0,0.06935779750347137,0.0,0.2674185633659363
4866,0.0052775289863348,0.01807694397866726,0.023440971970558167,0.06068795546889305,0.0,0.0693703293800354,0.0,0.2674157917499542
4867,0.005216693133115768,0.017969317734241486,0.022966801747679712,0.06124960482120514,0.0,0.06938163191080093,0.0,0.2674127221107483
4868,0.0053232760168612,0.017764106392860413,0.022824775800108908,0.06166219413280487,0.0,0.06939486414194107,0.0,0.267412394285202
4869,0.004974448587745428,0.018309789523482323,0.022017109394073486,0.06238311752676964,0.0,0.0694068968296051,0.0,0.2674136757850647
4870,0.004925123043358326,0.01821936182677746,0.021796831488609315,0.06086243391036987,0.0,0.06940962374210358,0.0,0.2674176096916199
4871,0.0050666602328419685,0.017491890862584115,0.021905988827347754,0.058901604264974594,0.0,0.06941290944814682,0.0,0.2674233019351959
4872,0.0053324512206017975,0.018439122289419175,0.02133011892437935,0.060711510479450226,0.0,0.06941406428813934,0.0,0.26742854714393616
4873,0.005365191865712405,0.017383560165762903,0.022179654613137246,0.06294373273849488,0.0,0.06942491233348846,0.0,0.2674328684806824
4874,0.005423030350357294,0.01784272789955139,0.02293256260454655,0.05989412516355515,0.0,0.06942981481552124,0.0,0.2674359679222107
4875,0.005206329189240933,0.018460812419652937,0.02180410735309124,0.058483419567346574,0.0,0.0694350004196167,0.0,0.2674383819103241
4876,0.00516397999599576,0.01705283336341381,0.02082148604094982,0.06306217238306999,0.0,0.06944193691015244,0.0,0.2674405872821808
4877,0.004832136537879705,0.018927302584052084,0.021422547101974488,0.05738940015435219,0.0,0.06944479048252106,0.0,0.2674412727355957
4878,0.004995875805616379,0.01870892234146595,0.022226324677467345,0.05950901284813881,0.0,0.06944794952869415,0.0,0.26743951439857483
4879,0.004933214746415615,0.017556654661893843,0.021614570915699006,0.06146109402179718,0.0,0.0694478377699852,0.0,0.26743847131729126
4880,0.005180632323026657,0.018454881384968758,0.022062523290514946,0.05739349126815796,0.0,0.06945240497589111,0.0,0.26743507385253906
4881,0.005902389530092478,0.0182208102196455,0.022473027184605598,0.05942657515406609,0.0,0.06945551931858063,0.0,0.26743316650390625
4882,0.005223556887358427,0.01745003666728735,0.022747042030096053,0.057415766268968584,0.0,0.06946220248937607,0.0,0.26743075251579285
4883,0.005260244011878967,0.017905329167842866,0.02220035344362259,0.06309307515621185,0.0,0.0694645494222641,0.0,0.267428457736969
4884,0.0051405573263764385,0.01806763932108879,0.02300717830657959,0.0670575588941574,0.0,0.06946446746587753,0.0,0.26742663979530334
4885,0.005530369654297829,0.017949393764138222,0.022407998517155647,0.059845827519893646,0.0,0.0694640651345253,0.0,0.26742637157440186
4886,0.005128902103751898,0.01797257587313652,0.022429797053337096,0.059919487684965134,0.0,0.06945985555648804,0.0,0.2674284279346466
4887,0.0051580146886408326,0.017919669672846795,0.02038791812956333,0.061491305381059645,0.0,0.06945851445198059,0.0,0.26743048429489136
4888,0.00492442175745964,0.017458933964371683,0.023254021629691125,0.061761604994535445,0.0,0.0694621279835701,0.0,0.2674313485622406
4889,0.00541766183450818,0.01883557215332985,0.02102416716516018,0.06265495568513871,0.0,0.06946137547492981,0.0,0.2674335539340973
4890,0.005137499514967203,0.017914542555809022,0.022215312346816063,0.05837290957570076,0.0,0.06946060806512833,0.0,0.26743537187576294
4891,0.005210635997354984,0.018009229749441146,0.021404703333973884,0.061776299774646756,0.0,0.06945891678333282,0.0,0.26743823289871216
4892,0.00521549740806222,0.0181855671107769,0.02041570544242859,0.06244724616408348,0.0,0.06946096569299698,0.0,0.26743876934051514
4893,0.005036310106515884,0.017353909835219384,0.020902975276112557,0.06354007869958878,0.0,0.06946074962615967,0.0,0.26743534207344055
4894,0.005171954166144133,0.01784612163901329,0.02214447259902954,0.062096989899873736,0.0,0.06945832073688507,0.0,0.2674306631088257
4895,0.005174774304032325,0.018255985528230666,0.021135416254401206,0.0586797297000885,0.0,0.06945284456014633,0.0,0.26742634177207947
4896,0.005358993820846081,0.01833563335239887,0.020287758484482766,0.05987859964370727,0.0,0.06944429129362106,0.0,0.2674209177494049
4897,0.004874620120972395,0.01758425198495388,0.02205360382795334,0.06497972160577774,0.0,0.06943608820438385,0.0,0.2674185037612915
4898,0.0055021711625158785,0.018005556240677834,0.02244815304875374,0.061745475977659225,0.0,0.06942936033010483,0.0,0.26741740107536316
4899,0.005047524441033601,0.018433728069067002,0.023753924667835234,0.061577143520116805,0.0,0.0694207176566124,0.0,0.2674175798892975
4900,0.0058032523840665816,0.01716919578611851,0.02214900590479374,0.06011503636837005,0.0,0.06941051781177521,0.0,0.2674197852611542
4901,0.00551810497418046,0.019003431871533395,0.023135685175657273,0.060602663457393645,0.0,0.06940446048974991,0.0,0.2674214243888855
4902,0.0049592206254601475,0.01802147701382637,0.021914034709334375,0.06337174996733666,0.0,0.06940187513828278,0.0,0.26742321252822876
4903,0.005210829991847276,0.018085611611604692,0.021244561299681664,0.06727898865938187,0.0,0.06940168887376785,0.0,0.2674235701560974
4904,0.005362382344901562,0.018032265082001685,0.021507399901747704,0.061712677031755446,0.0,0.06940428167581558,0.0,0.26742470264434814
4905,0.005154739879071712,0.01808829642832279,0.020397433266043662,0.059018392115831375,0.0,0.06940664350986481,0.0,0.2674250602722168
4906,0.005007667280733585,0.017865097895264626,0.020906005427241324,0.06089993268251419,0.0,0.06940935552120209,0.0,0.2674255967140198
4907,0.005148446094244719,0.017331310734152793,0.020233282819390297,0.06304184421896934,0.0,0.06941107660531998,0.0,0.2674269378185272
4908,0.004995414800941944,0.017423772439360618,0.021281136199831963,0.06056580096483231,0.0,0.06941267102956772,0.0,0.2674276828765869
4909,0.005109827220439911,0.018848780170083047,0.022551583498716353,0.05936015769839287,0.0,0.06941250711679459,0.0,0.2674283981323242
4910,0.005012835748493672,0.017792298272252084,0.021359073743224145,0.05664963498711586,0.0,0.06941276788711548,0.0,0.2674286961555481
4911,0.005111686885356903,0.018400926515460013,0.020597533509135246,0.06219556629657745,0.0,0.06941124051809311,0.0,0.26742738485336304
4912,0.005139745958149433,0.018103520199656487,0.020616431161761282,0.06129650622606277,0.0,0.06940615177154541,0.0,0.2674262821674347
4913,0.004842343274503946,0.018208713829517366,0.021838167682290077,0.061649253219366075,0.0,0.06939857453107834,0.0,0.2674243152141571
4914,0.005521178990602493,0.017809728533029555,0.022229138016700744,0.06188786402344704,0.0,0.06939185410737991,0.0,0.2674224376678467
4915,0.005255163460969925,0.018288690969347952,0.020508043095469476,0.06285555809736251,0.0,0.0693860724568367,0.0,0.26742082834243774
4916,0.005404427368193865,0.01775633469223976,0.020978992432355882,0.06526687443256378,0.0,0.0693785697221756,0.0,0.2674216628074646
4917,0.0052053586579859255,0.018443193286657333,0.023066268861293794,0.060231922566890715,0.0,0.06936787068843842,0.0,0.26742109656333923
4918,0.005707044247537851,0.0175555482506752,0.022622111439704894,0.06323200687766076,0.0,0.06935746967792511,0.0,0.2674185633659363
4919,0.005353148560971022,0.018381809070706367,0.02255205102264881,0.059415210783481595,0.0,0.0693494901061058,0.0,0.267415314912796
4920,0.005359581764787435,0.018752611801028253,0.020793933793902396,0.060953117161989215,0.0,0.06934021413326263,0.0,0.2674125134944916
4921,0.00540497899055481,0.017430899664759636,0.020293257012963296,0.06256604790687562,0.0,0.06932922452688217,0.0,0.2674107551574707
4922,0.0054946960881352425,0.018005728349089624,0.02240289971232414,0.06071416437625885,0.0,0.06931724399328232,0.0,0.2674112915992737
4923,0.005326557904481888,0.017669793218374252,0.021949177980422972,0.06090029999613762,0.0,0.06930723041296005,0.0,0.2674117684364319
4924,0.005195123422890901,0.019065094739198686,0.021209172531962396,0.058513224869966504,0.0,0.06929544359445572,0.0,0.2674100995063782
4925,0.005301682557910681,0.017986548691987993,0.021598051115870476,0.05889670178294182,0.0,0.06928913295269012,0.0,0.2674100995063782
4926,0.005266568157821894,0.018795888125896453,0.02295914888381958,0.06161053255200386,0.0,0.06928320229053497,0.0,0.26741060614585876
4927,0.0046504647471010685,0.017997437343001365,0.022067321091890336,0.0616204284131527,0.0,0.06927848607301712,0.0,0.2674095034599304
4928,0.005354918260127306,0.017424459755420684,0.021120406314730646,0.05980257764458656,0.0,0.0692739337682724,0.0,0.2674095630645752
4929,0.005190778151154518,0.018147661164402962,0.022754010185599326,0.06115357875823975,0.0,0.0692741870880127,0.0,0.26741039752960205
4930,0.0053738365881145,0.017890267074108124,0.02257138378918171,0.0624190054833889,0.0,0.06927275657653809,0.0,0.26741114258766174
4931,0.0053484484553337095,0.01903776079416275,0.020644662156701087,0.05882004275918007,0.0,0.06926935911178589,0.0,0.2674119472503662
4932,0.005239044688642025,0.0178075585514307,0.020488176494836807,0.06367021352052689,0.0,0.06926677376031876,0.0,0.2674141824245453
4933,0.004863515682518482,0.018328914791345595,0.021125572547316552,0.058774597197771075,0.0,0.0692625492811203,0.0,0.2674168050289154
4934,0.005110567435622215,0.01793462298810482,0.021391648054122924,0.06316487565636635,0.0,0.06926311552524567,0.0,0.26741957664489746
4935,0.005095147527754307,0.018147127330303194,0.022018837928771972,0.060968832671642305,0.0,0.0692654699087143,0.0,0.26742324233055115
4936,0.0049356380477547646,0.01847316212952137,0.023005624860525133,0.06118566319346428,0.0,0.06926947087049484,0.0,0.26742932200431824
4937,0.005268958304077387,0.01785641014575958,0.02163349948823452,0.06119581013917923,0.0,0.06927452981472015,0.0,0.2674359679222107
4938,0.005446972977370024,0.017552030831575395,0.02313792146742344,0.06053773909807205,0.0,0.06927820295095444,0.0,0.26744166016578674
4939,0.005213908478617668,0.018353943526744843,0.02162017673254013,0.058737277239561084,0.0,0.06927692145109177,0.0,0.267444908618927
4940,0.005202246736735106,0.01806661710143089,0.022729695588350297,0.06419669985771179,0.0,0.06927809119224548,0.0,0.2674466669559479
4941,0.004869192373007536,0.016743188351392747,0.022439027205109596,0.06402342766523361,0.0,0.06927715241909027,0.0,0.2674466669559479
4942,0.004772154055535794,0.017303985357284547,0.019739675149321557,0.06067187339067459,0.0,0.06927956640720367,0.0,0.2674453854560852
4943,0.005601964984089136,0.01738014630973339,0.020358435809612274,0.0594807505607605,0.0,0.06928306818008423,0.0,0.2674444913864136
4944,0.005356196686625481,0.018489763513207434,0.021870389208197595,0.06333484947681427,0.0,0.06928404420614243,0.0,0.2674424946308136
4945,0.005452909413725138,0.017894919961690903,0.02220940515398979,0.057892732322216034,0.0,0.06929035484790802,0.0,0.2674425542354584
4946,0.005282945558428764,0.018391913548111916,0.02098461873829365,0.05871447995305061,0.0,0.06929726898670197,0.0,0.2674420177936554
4947,0.0050519784912467,0.018062702380120754,0.02220964469015598,0.06323739364743233,0.0,0.06930634379386902,0.0,0.2674387991428375
4948,0.004808806721121073,0.017806145921349527,0.022327835485339165,0.06054505556821823,0.0,0.06931201368570328,0.0,0.2674355208873749
4949,0.005105959717184305,0.01812436282634735,0.02199997454881668,0.0640860490500927,0.0,0.0693226307630539,0.0,0.26743167638778687
4950,0.0049284230917692184,0.01798747256398201,0.021791922301054,0.06465537250041961,0.0,0.0693366676568985,0.0,0.26742902398109436
4951,0.005240121856331825,0.01812645047903061,0.022726891934871672,0.06393015533685684,0.0,0.06935131549835205,0.0,0.26742520928382874
4952,0.004857741482555866,0.0184949167072773,0.020867257937788965,0.0629573181271553,0.0,0.06936632841825485,0.0,0.2674240469932556
4953,0.005195306148380041,0.01769748069345951,0.020267318934202194,0.0677721381187439,0.0,0.06938130408525467,0.0,0.2674243152141571
4954,0.004943570680916309,0.017987610399723054,0.021383776888251306,0.06246056109666824,0.0,0.06939276307821274,0.0,0.26742592453956604
4955,0.005398844741284848,0.018474794924259186,0.023708112165331842,0.06107575967907906,0.0,0.0694044977426529,0.0,0.26742786169052124
4956,0.004843808151781559,0.01828113980591297,0.021588385105133057,0.0613770991563797,0.0,0.06941759586334229,0.0,0.26743084192276
4957,0.005107906833291054,0.018605798482894897,0.019856127351522444,0.06354102864861488,0.0,0.06943334639072418,0.0,0.2674352824687958
4958,0.0052414901554584505,0.017255713418126106,0.02079680934548378,0.06279141306877137,0.0,0.06945078819990158,0.0,0.26743942499160767
4959,0.005307007767260075,0.01764679215848446,0.02303658127784729,0.06345021501183509,0.0,0.06947240978479385,0.0,0.2674430012702942
4960,0.005168410297483206,0.018234944716095925,0.01831623576581478,0.060105839371681215,0.0,0.06949669867753983,0.0,0.26744765043258667
4961,0.00512897977605462,0.01692347079515457,0.02163516394793987,0.06003139838576317,0.0,0.06952352076768875,0.0,0.2674533724784851
4962,0.00516282171010971,0.018836545199155806,0.02355298176407814,0.059962497651577,0.0,0.06954549998044968,0.0,0.26745790243148804
4963,0.004965632501989603,0.019035085663199426,0.022290655970573427,0.06367108821868897,0.0,0.0695696547627449,0.0,0.26746422052383423
4964,0.005065096262842417,0.017717798054218293,0.021600642800331117,0.05918296352028847,0.0,0.06959015130996704,0.0,0.2674698233604431
4965,0.005264110304415226,0.017690568044781686,0.022632493078708647,0.06290047019720077,0.0,0.06960892677307129,0.0,0.26747629046440125
4966,0.004893540777266026,0.0171547532081604,0.020526978000998498,0.06120271161198616,0.0,0.06962485611438751,0.0,0.26748237013816833
4967,0.00539807016029954,0.01789339892566204,0.021582255885004998,0.06054729893803597,0.0,0.06963799148797989,0.0,0.2674902081489563
4968,0.00501840440556407,0.018005070090293885,0.02192598134279251,0.06361678689718246,0.0,0.06964956223964691,0.0,0.2674967646598816
4969,0.005290256906300783,0.017881746962666513,0.022584438696503638,0.06138314679265022,0.0,0.06966235488653183,0.0,0.26750439405441284
4970,0.005259255319833756,0.018759328126907348,0.02189742438495159,0.05977840572595596,0.0,0.06967497617006302,0.0,0.2675098478794098
4971,0.005258985981345177,0.017990031838417055,0.020168342068791388,0.06742535755038262,0.0,0.0696859359741211,0.0,0.26751095056533813
4972,0.005084312986582518,0.018096089363098145,0.02109052687883377,0.05940400362014771,0.0,0.06969300657510757,0.0,0.26751405000686646
4973,0.004923064727336168,0.017640881612896918,0.022666583210229872,0.06219909191131592,0.0,0.06970196962356567,0.0,0.26751643419265747
4974,0.0051178778521716595,0.017749037966132163,0.02261185981333256,0.059640006721019746,0.0,0.06970696151256561,0.0,0.26751846075057983
4975,0.004992276430130005,0.017212125286459923,0.021971724182367324,0.06432920470833778,0.0,0.06970901787281036,0.0,0.2675187885761261
4976,0.005140974838286638,0.018299716338515282,0.022240598872303962,0.0624986007809639,0.0,0.06970398873090744,0.0,0.2675178647041321
4977,0.005011563282459974,0.018589941039681434,0.020452458783984183,0.06049379631876946,0.0,0.06970059871673584,0.0,0.2675154507160187
4978,0.005461415834724903,0.018279611319303512,0.021866891905665396,0.06241259351372719,0.0,0.06969840824604034,0.0,0.2675139307975769
4979,0.0051685507409274575,0.01767670512199402,0.022553785145282744,0.059863340109586716,0.0,0.0696958601474762,0.0,0.26751530170440674
4980,0.0049566362053155896,0.01778351254761219,0.022974417358636857,0.06172997131943703,0.0,0.06968679279088974,0.0,0.2675195336341858
4981,0.005171201564371586,0.017334755137562753,0.020777955651283264,0.06403380632400513,0.0,0.06967751681804657,0.0,0.2675243616104126
4982,0.005089790187776088,0.017161136120557786,0.023540812730789184,0.06149107441306114,0.0,0.06966618448495865,0.0,0.2675289511680603
4983,0.005080074816942215,0.018562651053071023,0.020554638281464577,0.05923789516091347,0.0,0.06965216249227524,0.0,0.26753219962120056
4984,0.005371945817023516,0.017407019436359406,0.021693578734993935,0.062297021597623826,0.0,0.06963787227869034,0.0,0.2675350308418274
4985,0.00551863918080926,0.018135087564587593,0.021814695000648497,0.06470716893672943,0.0,0.06962170451879501,0.0,0.2675386667251587
4986,0.005498013179749251,0.0177741639316082,0.023051328584551813,0.06075808331370354,0.0,0.06960820406675339,0.0,0.26754122972488403
4987,0.005275542661547661,0.01791919320821762,0.023087959736585617,0.055580262839794156,0.0,0.06959385424852371,0.0,0.2675425410270691
4988,0.005362009629607201,0.018248839676380156,0.022960821539163588,0.060163522511720656,0.0,0.06957914680242538,0.0,0.2675410807132721
4989,0.005154724605381489,0.018079935759305953,0.020964698120951652,0.06253011524677277,0.0,0.06956738233566284,0.0,0.2675376534461975
4990,0.005125649087131023,0.01776481494307518,0.02290530577301979,0.06252111941576004,0.0,0.06955575942993164,0.0,0.26753300428390503
4991,0.005466990359127522,0.017684249952435494,0.02173398695886135,0.06511428356170654,0.0,0.069538913667202,0.0,0.267526775598526
4992,0.004981576651334763,0.017382063344120978,0.023373648151755334,0.06288853660225868,0.0,0.06952658295631409,0.0,0.26752060651779175
4993,0.004879064671695232,0.018515364825725557,0.022707751765847207,0.06414525955915451,0.0,0.06951535493135452,0.0,0.26751503348350525
4994,0.005124710407108069,0.017193172127008438,0.022639577090740205,0.062214461714029314,0.0,0.06950704008340836,0.0,0.2675110399723053
4995,0.005245389230549335,0.018569524586200713,0.023647511005401613,0.06602257937192917,0.0,0.06950126588344574,0.0,0.2675108313560486
4996,0.0051044773310422896,0.01878368593752384,0.022095023840665817,0.05960703045129776,0.0,0.06949181854724884,0.0,0.26751261949539185
4997,0.005076505709439516,0.017978833615779878,0.020965248718857764,0.057823418825864795,0.0,0.06948240846395493,0.0,0.26751503348350525
4998,0.005340156424790621,0.017587833851575852,0.02063446305692196,0.06048633456230164,0.0,0.06946717202663422,0.0,0.2675172984600067
4999,0.0051176978275179865,0.017368509992957117,0.02150948941707611,0.05994551554322243,0.0,0.0694517269730568,0.0,0.26751723885536194
5000,0.005147519707679749,0.018677473813295365,0.022175010293722153,0.06338889375329018,0.0,0.06943877786397934,0.0,0.26751428842544556
5001,0.004936679359525442,0.018602149933576582,0.021437442302703856,0.0596946656703949,0.0,0.06943215429782867,0.0,0.2675131857395172
5002,0.0052440747618675235,0.017759691178798675,0.020871172472834588,0.060446036607027055,0.0,0.06942836940288544,0.0,0.2675098776817322
5003,0.005028551816940308,0.01837525740265846,0.02198851928114891,0.059373412281274796,0.0,0.0694221556186676,0.0,0.26750487089157104
5004,0.005569949094206095,0.018104102462530136,0.02053729332983494,0.06145870164036751,0.0,0.06941993534564972,0.0,0.2675012946128845
5005,0.005112207029014826,0.018642912060022353,0.0215162206441164,0.06775894910097122,0.0,0.06941762566566467,0.0,0.2675005793571472
5006,0.0050904849544167515,0.017771888896822928,0.021508557721972466,0.06399547457695007,0.0,0.06941428035497665,0.0,0.26749974489212036
5007,0.005419288761913776,0.017154283821582794,0.024131592363119125,0.06450556591153145,0.0,0.06941598653793335,0.0,0.2674991488456726
5008,0.005233806930482388,0.018652543425559998,0.020610569790005685,0.06588662341237068,0.0,0.0694197490811348,0.0,0.2674986720085144
5009,0.00546140680089593,0.017656290158629417,0.021528102830052374,0.06452154889702796,0.0,0.06942300498485565,0.0,0.26749899983406067
5010,0.0051309607923030855,0.017967696860432626,0.02067663483321667,0.06224701553583145,0.0,0.06942658871412277,0.0,0.2674981355667114
5011,0.005280046630650759,0.018665309622883798,0.021247025951743125,0.062327980250120166,0.0,0.06943266093730927,0.0,0.2674970030784607
5012,0.005208087153732777,0.01805334575474262,0.020746904611587524,0.060967161506414416,0.0,0.06944279372692108,0.0,0.2674947679042816
5013,0.005411554221063852,0.019590290635824202,0.020601896569132805,0.06404694318771362,0.0,0.06945159286260605,0.0,0.2674935758113861
5014,0.005239019263535738,0.018236563727259635,0.022984762862324714,0.062098929286003114,0.0,0.06946330517530441,0.0,0.2674925923347473
5015,0.005104469042271376,0.017708326876163482,0.021964126825332643,0.05966758877038956,0.0,0.06947813928127289,0.0,0.2674925923347473
5016,0.005109189078211784,0.017560215294361116,0.02321638911962509,0.062057722359895706,0.0,0.06949582695960999,0.0,0.2674933969974518
5017,0.005160011816769838,0.017804962769150733,0.020875950157642365,0.06434161961078644,0.0,0.06951113790273666,0.0,0.2674947679042816
5018,0.005302437860518694,0.017509602755308152,0.021933264657855035,0.06299322471022606,0.0,0.06952544301748276,0.0,0.26749593019485474
5019,0.005248659756034613,0.017820945009589195,0.02115051932632923,0.06288460716605186,0.0,0.06953464448451996,0.0,0.26749616861343384
5020,0.005037255119532347,0.019190151244401932,0.021599700674414635,0.06019875928759575,0.0,0.0695401281118393,0.0,0.2674958109855652
5021,0.004864771571010351,0.018461643159389494,0.021650544553995132,0.060478086769580844,0.0,0.06954877078533173,0.0,0.26749658584594727
5022,0.0052200560458004475,0.01814806740731001,0.023096228390932082,0.06036878600716591,0.0,0.06955470144748688,0.0,0.267498254776001
5023,0.004848979040980339,0.01758072301745415,0.021214255690574647,0.06451022997498512,0.0,0.06956102699041367,0.0,0.267499178647995
5024,0.004751264117658138,0.017643749713897705,0.022842632606625557,0.06775597184896469,0.0,0.06956163793802261,0.0,0.2675006687641144
5025,0.005412010848522187,0.016908586397767066,0.02209380716085434,0.06047423854470253,0.0,0.06956122070550919,0.0,0.26750391721725464
5026,0.00531793013215065,0.018629099056124688,0.021766645088791847,0.05874775946140289,0.0,0.06955689936876297,0.0,0.267508327960968
5027,0.005183227732777596,0.01769350320100784,0.022415921092033386,0.062325745820999146,0.0,0.06954950839281082,0.0,0.2675146460533142
5028,0.005449601914733648,0.018374042585492134,0.022329824417829512,0.06090959906578064,0.0,0.06953845173120499,0.0,0.2675204277038574
5029,0.005052071344107389,0.019088656827807426,0.02028995044529438,0.06552611142396927,0.0,0.06952475011348724,0.0,0.2675290107727051
5030,0.004963978473097086,0.017806888744235038,0.02132914960384369,0.06372278705239295,0.0,0.0695091262459755,0.0,0.267536461353302
5031,0.005172630771994591,0.017823304049670696,0.02173806428909302,0.061963198333978654,0.0,0.06949061155319214,0.0,0.26754462718963623
5032,0.00496433898806572,0.017948179319500924,0.020753410831093787,0.058754711598157885,0.0,0.0694749727845192,0.0,0.26755157113075256
5033,0.005115409567952156,0.01690491531044245,0.022752982378005982,0.05914613306522369,0.0,0.06946191936731339,0.0,0.2675580084323883
5034,0.00515030138194561,0.018611310049891472,0.021728376671671868,0.0598896712064743,0.0,0.06944938004016876,0.0,0.2675631642341614
5035,0.005224593356251717,0.01773570440709591,0.021457109972834586,0.05830293521285057,0.0,0.06944136321544647,0.0,0.2675674557685852
5036,0.005056947655975819,0.01876116506755352,0.02205859236419201,0.06046692356467247,0.0,0.06943881511688232,0.0,0.2675700783729553
5037,0.0051047299057245255,0.017803381383419036,0.020596593990921973,0.06112015172839165,0.0,0.06943683326244354,0.0,0.26757222414016724
5038,0.0052439974620938305,0.019099660962820054,0.020206423476338387,0.06179380938410759,0.0,0.0694333091378212,0.0,0.2675713002681732
5039,0.005362300761044025,0.016758729144930838,0.021551834791898726,0.060155671834945676,0.0,0.06943416595458984,0.0,0.26756906509399414
5040,0.004941098671406507,0.01800362803041935,0.02134285159409046,0.058901435881853106,0.0,0.06943459808826447,0.0,0.26756399869918823
5041,0.005280390847474337,0.018395819887518882,0.02264217883348465,0.06135020330548287,0.0,0.06943568587303162,0.0,0.2675577700138092
5042,0.004970201198011637,0.017883778735995292,0.02051338292658329,0.06257867217063903,0.0,0.0694352388381958,0.0,0.26754966378211975
5043,0.005253714695572853,0.017673250660300253,0.021743759140372278,0.06454336270689964,0.0,0.06943484395742416,0.0,0.26754194498062134
5044,0.005096798576414585,0.018620005622506142,0.022503934800624847,0.05925406217575073,0.0,0.06943235546350479,0.0,0.2675342559814453
5045,0.0054480134509503845,0.01725512892007828,0.022141023725271224,0.06164772808551788,0.0,0.06942956149578094,0.0,0.2675265669822693
5046,0.004966023750603199,0.01739908829331398,0.021598172187805176,0.06460955440998077,0.0,0.06942267715930939,0.0,0.26751846075057983
5047,0.005200195591896772,0.017830798774957655,0.02301914058625698,0.06342105120420456,0.0,0.06941251456737518,0.0,0.2675113081932068
5048,0.00505660492926836,0.017337073944509028,0.020292734354734422,0.06451370120048523,0.0,0.06939975917339325,0.0,0.26750558614730835
5049,0.005141563434153795,0.018079860135912895,0.020763014256954194,0.059302542358636856,0.0,0.06939059495925903,0.0,0.2675001919269562
5050,0.005341772828251124,0.018274207785725593,0.020129848271608353,0.064776811003685,0.0,0.06937998533248901,0.0,0.26749518513679504
5051,0.005033623613417149,0.018746209889650346,0.023228387534618377,0.06200830638408661,0.0,0.06936867535114288,0.0,0.2674921154975891
5052,0.005460068117827177,0.018000757694244383,0.02315310724079609,0.05763500407338142,0.0,0.06935503333806992,0.0,0.26748961210250854
5053,0.0051178370602428915,0.01852036528289318,0.022107655182480812,0.06454655677080154,0.0,0.0693422481417656,0.0,0.267487108707428
5054,0.00510401651263237,0.018022169545292854,0.021666790172457696,0.059579942375421524,0.0,0.0693289041519165,0.0,0.2674843370914459
5055,0.005135252233594656,0.017032747343182563,0.020332939550280572,0.0637144111096859,0.0,0.06931394338607788,0.0,0.26748356223106384
5056,0.0051693196408450605,0.017814258858561517,0.021855051442980767,0.06010934114456177,0.0,0.06929900497198105,0.0,0.26748305559158325
5057,0.0054720314219594,0.018149536103010178,0.02087291218340397,0.059803251177072525,0.0,0.0692884773015976,0.0,0.2674844563007355
5058,0.005035204254090786,0.01800399534404278,0.021196773275732994,0.056075426191091536,0.0,0.06927986443042755,0.0,0.2674861550331116
5059,0.005358241498470306,0.01800629384815693,0.021377293020486833,0.05975919514894486,0.0,0.06927095353603363,0.0,0.2674873173236847
5060,0.0053156474605202675,0.018033459782600403,0.021943891793489455,0.059789417684078215,0.0,0.06926465779542923,0.0,0.2674875259399414
5061,0.004988166596740484,0.017865516245365143,0.022229501605033876,0.05910554528236389,0.0,0.06925567239522934,0.0,0.2674877643585205
5062,0.0052277353592216965,0.018873680382966995,0.02442314103245735,0.060056043416261674,0.0,0.06924651563167572,0.0,0.26748770475387573
5063,0.004855832178145647,0.017758554965257644,0.021847544610500334,0.06123275607824326,0.0,0.06924361735582352,0.0,0.26748573780059814
5064,0.005045248288661241,0.017727005854249002,0.021562806516885757,0.06308920383453369,0.0,0.06923850625753403,0.0,0.26748165488243103
5065,0.005392199475318193,0.018682286888360978,0.022557214275002478,0.0638408824801445,0.0,0.06923820823431015,0.0,0.26747697591781616
5066,0.005120354238897562,0.0172650083899498,0.023094147443771362,0.06042839214205742,0.0,0.06923951953649521,0.0,0.2674720287322998
5067,0.005180780496448279,0.018362610414624215,0.021736950054764746,0.059495669603347776,0.0,0.06923850625753403,0.0,0.26746702194213867
5068,0.005084724444895983,0.017578938230872154,0.023420039936900137,0.06342956572771072,0.0,0.06923545897006989,0.0,0.2674608826637268
5069,0.005836422834545374,0.018070048093795775,0.022353100404143334,0.05986139103770256,0.0,0.06923128664493561,0.0,0.26745516061782837
5070,0.005238378886133432,0.01839836537837982,0.022114615142345428,0.06015542149543762,0.0,0.06923427432775497,0.0,0.2674517035484314
5071,0.004971601534634829,0.017441309243440627,0.021512602269649506,0.06126163601875305,0.0,0.06923695653676987,0.0,0.26744797825813293
5072,0.004910093266516924,0.01852434203028679,0.02151557207107544,0.06187731996178627,0.0,0.06923570483922958,0.0,0.26744410395622253
5073,0.005348011571913958,0.01824362054467201,0.021243459731340408,0.056896865367889404,0.0,0.06923246383666992,0.0,0.2674439549446106
5074,0.005017387121915818,0.018377991393208504,0.02299725003540516,0.06106903925538063,0.0,0.06922540813684464,0.0,0.2674420177936554
5075,0.005028377566486597,0.018650437146425246,0.022245295345783234,0.06388386860489845,0.0,0.06922217458486557,0.0,0.26744064688682556
5076,0.00538619477301836,0.018092822656035422,0.02094906531274319,0.06303617730736732,0.0,0.06922245025634766,0.0,0.26743823289871216
5077,0.00534815201535821,0.018195397034287453,0.021122906357049942,0.06314061656594276,0.0,0.06922214478254318,0.0,0.26743489503860474
5078,0.0053365200757980345,0.01804398261010647,0.021061766520142557,0.0639774277806282,0.0,0.06922608613967896,0.0,0.26743084192276
5079,0.004766915645450354,0.01845577247440815,0.02116203270852566,0.06133805513381958,0.0,0.06922818720340729,0.0,0.26742619276046753
5080,0.004833293706178665,0.018718035891652107,0.021211319789290427,0.06412165611982346,0.0,0.06923447549343109,0.0,0.26742449402809143
5081,0.005295207817107439,0.01654832996428013,0.021649416536092758,0.06339001655578613,0.0,0.06924180686473846,0.0,0.2674238085746765
5082,0.005212423019111156,0.018410224094986917,0.019806958734989166,0.06526239067316056,0.0,0.06924402713775635,0.0,0.2674242854118347
5083,0.005207753647118807,0.017662046104669572,0.02192433103919029,0.06041816473007202,0.0,0.06924454122781754,0.0,0.267426073551178
5084,0.005105934850871563,0.01833328641951084,0.020048442110419274,0.06139969453215599,0.0,0.06924604624509811,0.0,0.267427533864975
5085,0.00534084253013134,0.01821654960513115,0.02295156940817833,0.06246964782476425,0.0,0.0692485123872757,0.0,0.26742976903915405
5086,0.0050839906558394436,0.018518764153122903,0.020147206634283064,0.05999327003955841,0.0,0.06925155222415924,0.0,0.2674359679222107
5087,0.004949013795703649,0.017732111737132072,0.022853360697627067,0.05841393545269966,0.0,0.06925530731678009,0.0,0.26744163036346436
5088,0.00492732347920537,0.016437216475605965,0.021833131089806557,0.05854652151465416,0.0,0.0692625567317009,0.0,0.26744621992111206
5089,0.00541831124573946,0.01764848567545414,0.023022803664207458,0.05995285511016846,0.0,0.0692719966173172,0.0,0.26745134592056274
5090,0.004890174325555563,0.01852363273501396,0.02258727252483368,0.0633564330637455,0.0,0.06927911192178726,0.0,0.2674558758735657
5091,0.005238031502813101,0.018488940596580506,0.0206896148622036,0.0611267127096653,0.0,0.06928306072950363,0.0,0.2674594521522522
5092,0.005183378607034684,0.017789318785071374,0.023584840074181556,0.059670616686344144,0.0,0.06928769499063492,0.0,0.26746127009391785
5093,0.0050507644191384315,0.019190583378076553,0.021663866937160492,0.05961257293820381,0.0,0.06929919123649597,0.0,0.26746320724487305
5094,0.005154411122202873,0.018920335918664932,0.021128793060779572,0.06250354498624802,0.0,0.06931479275226593,0.0,0.26746541261672974
5095,0.005331478640437126,0.018022600188851358,0.020354707539081574,0.06214314177632332,0.0,0.06932435929775238,0.0,0.2674665153026581
5096,0.005171607807278633,0.017860450223088263,0.022125152125954627,0.061569053679704666,0.0,0.06933484226465225,0.0,0.26746615767478943
5097,0.005079005006700754,0.017156036198139192,0.0220381747931242,0.059302274882793424,0.0,0.06934431940317154,0.0,0.2674655318260193
5098,0.005327338445931673,0.018644189834594725,0.02194592319428921,0.06286382228136063,0.0,0.06935115903615952,0.0,0.26746276021003723
5099,0.005219368264079094,0.0185690026730299,0.021344226971268653,0.058557047694921496,0.0,0.0693577378988266,0.0,0.26745906472206116
5100,0.00550439516082406,0.01775127723813057,0.020471459627151488,0.06399325057864189,0.0,0.0693599134683609,0.0,0.26745373010635376
5101,0.0055033045820891855,0.017930803820490837,0.02043232209980488,0.0622455008327961,0.0,0.06935710459947586,0.0,0.2674477696418762
5102,0.00528652761131525,0.01760847643017769,0.021231220662593843,0.06349961385130883,0.0,0.06935630738735199,0.0,0.26744353771209717
5103,0.005305561237037182,0.017023076862096788,0.021589682251214982,0.06175421327352524,0.0,0.06935342401266098,0.0,0.26743966341018677
5104,0.005468199402093888,0.018452355265617372,0.019508015550673007,0.05998014062643051,0.0,0.06934713572263718,0.0,0.26743537187576294
5105,0.005247680284082889,0.0175290759652853,0.022483314201235772,0.05925921127200127,0.0,0.06934242695569992,0.0,0.26743173599243164
5106,0.005065778363496065,0.0178854126483202,0.02316288501024246,0.059498509764671324,0.0,0.06933537870645523,0.0,0.2674294114112854
5107,0.005280185397714377,0.017908475548028945,0.022771325334906577,0.06257586106657982,0.0,0.06933291256427765,0.0,0.2674294114112854
5108,0.005206316336989402,0.01731204502284527,0.022068510577082635,0.060511907935142516,0.0,0.06933166086673737,0.0,0.26742976903915405
5109,0.004741335567086935,0.018197137117385864,0.0218982070684433,0.06104769632220268,0.0,0.0693276971578598,0.0,0.2674301564693451
5110,0.005228802096098661,0.01852594465017319,0.022422254830598832,0.061955203860998155,0.0,0.06933057308197021,0.0,0.26742756366729736
5111,0.0051757278852164745,0.018141790851950647,0.021786775812506674,0.064700797945261,0.0,0.06933236867189407,0.0,0.2674243152141571
5112,0.005300029087811709,0.018711294606328012,0.0231812484562397,0.06427869126200676,0.0,0.0693320631980896,0.0,0.26742035150527954
5113,0.004914928413927555,0.018233323097229005,0.02340872921049595,0.06480943709611893,0.0,0.06933128833770752,0.0,0.26741769909858704
5114,0.004978795628994703,0.018328774347901346,0.020452510192990304,0.06503601223230362,0.0,0.0693315714597702,0.0,0.26741743087768555
5115,0.005629864986985922,0.017696671560406683,0.02193233445286751,0.06121346428990364,0.0,0.0693347156047821,0.0,0.26741823554039
5116,0.005275327805429697,0.017482446506619453,0.020451380312442778,0.05903656110167503,0.0,0.06933130323886871,0.0,0.26742032170295715
5117,0.005335067305713892,0.01800105944275856,0.020735446363687515,0.06120179444551468,0.0,0.06932896375656128,0.0,0.2674228250980377
5118,0.005116239748895168,0.01752016246318817,0.022886177897453307,0.061289042234420776,0.0,0.06932716816663742,0.0,0.26742440462112427
5119,0.005437166430056095,0.01750866658985615,0.021589644998311997,0.05921919047832489,0.0,0.0693289190530777,0.0,0.26742690801620483
5120,0.005294587649405003,0.017462632060050963,0.021124444901943207,0.0636781170964241,0.0,0.06933166086673737,0.0,0.2674289345741272
5121,0.005405019037425518,0.018815825507044793,0.020551374927163125,0.06352813765406609,0.0,0.06933994591236115,0.0,0.2674311399459839
5122,0.005465602409094572,0.018197013810276986,0.02240564748644829,0.06303312256932259,0.0,0.06935273110866547,0.0,0.267432302236557
5123,0.005107191670686006,0.0183580856770277,0.02194786220788956,0.05975707992911339,0.0,0.06936565786600113,0.0,0.2674333155155182
5124,0.005504486057907343,0.018112683296203615,0.020988598093390466,0.0600596159696579,0.0,0.06937837600708008,0.0,0.2674333155155182
5125,0.005337969865649939,0.0172558456659317,0.022834834456443787,0.0624754048883915,0.0,0.069389708340168,0.0,0.2674335539340973
5126,0.005288772843778133,0.017617862671613693,0.02077716663479805,0.0655007652938366,0.0,0.06939850747585297,0.0,0.26743170619010925
5127,0.005112417042255402,0.017159785330295562,0.02246806360781193,0.060551078617572786,0.0,0.06940442323684692,0.0,0.26742884516716003
5128,0.004752079583704471,0.017874832078814507,0.022385045140981674,0.06058618500828743,0.0,0.06941051781177521,0.0,0.2674267888069153
5129,0.004747904557734728,0.017506471648812295,0.020899591594934465,0.06320295706391335,0.0,0.06941647827625275,0.0,0.26742544770240784
5130,0.00512574715539813,0.01836925931274891,0.02128967419266701,0.060850505530834195,0.0,0.0694248303771019,0.0,0.2674255967140198
5131,0.004886837117373944,0.01823078952729702,0.02221147157251835,0.06569578200578689,0.0,0.06943631172180176,0.0,0.2674245834350586
5132,0.0049161300994455814,0.018179825320839883,0.021383505314588547,0.06194492056965828,0.0,0.06944222003221512,0.0,0.26742416620254517
5133,0.004946319945156574,0.017389441654086114,0.022166369110345842,0.061345712095499036,0.0,0.06944767385721207,0.0,0.2674233019351959
5134,0.004491482023149728,0.017663773521780966,0.021294857189059258,0.06104749515652656,0.0,0.0694541484117508,0.0,0.2674248516559601
5135,0.00534760057926178,0.018322173878550528,0.021577534824609758,0.06571254283189773,0.0,0.06945934891700745,0.0,0.2674258053302765
5136,0.005312866065651178,0.01778694838285446,0.022740048915147783,0.062414252758026124,0.0,0.06946994364261627,0.0,0.2674294412136078
5137,0.00520316194742918,0.01815641187131405,0.02209087312221527,0.062018071115016934,0.0,0.06947933882474899,0.0,0.26743441820144653
5138,0.005029245465993881,0.017260051146149636,0.022489986568689346,0.059081041067838666,0.0,0.06948509067296982,0.0,0.26743966341018677
5139,0.004951024986803531,0.018148836866021156,0.020925147458910942,0.05948564261198044,0.0,0.069487065076828,0.0,0.2674446702003479
5140,0.005167994275689125,0.01812140755355358,0.022680547460913657,0.06190180480480194,0.0,0.06948576867580414,0.0,0.2674504816532135
5141,0.004931040201336145,0.019383825734257697,0.02273295596241951,0.06312981769442558,0.0,0.06948326528072357,0.0,0.2674550414085388
5142,0.0049607323482632635,0.01727782003581524,0.02094985581934452,0.05967163443565369,0.0,0.0694776326417923,0.0,0.2674594521522522
5143,0.005449541565030813,0.017845430970191957,0.019941390305757523,0.06349649727344513,0.0,0.06947098672389984,0.0,0.267461359500885
5144,0.005172036588191986,0.01815439313650131,0.02298613153398037,0.06565999612212181,0.0,0.06946587562561035,0.0,0.26746270060539246
5145,0.005073525570333004,0.018500841781497003,0.02123258262872696,0.06037147641181946,0.0,0.06945773214101791,0.0,0.26746222376823425
5146,0.004834654461592436,0.01788201630115509,0.02376774400472641,0.060191117227077484,0.0,0.06944705545902252,0.0,0.26745960116386414
5147,0.005448702536523342,0.017127370834350585,0.021884115412831306,0.05721043944358826,0.0,0.06943970173597336,0.0,0.26745492219924927
5148,0.004963392950594425,0.018255608156323433,0.021462490409612657,0.06198952868580818,0.0,0.06942901015281677,0.0,0.26744943857192993
5149,0.004983839765191078,0.017602221667766572,0.02282710708677769,0.06086703762412071,0.0,0.06941509246826172,0.0,0.2674451172351837
5150,0.0053090183064341545,0.01766718104481697,0.023897039890289306,0.06647674888372421,0.0,0.06940045207738876,0.0,0.2674434185028076
5151,0.005026815738528967,0.018309460207819938,0.021620511263608932,0.0625657469034195,0.0,0.06938756257295609,0.0,0.2674413323402405
5152,0.004767335811629891,0.017876207083463668,0.022288508340716363,0.05921496152877807,0.0,0.06937600672245026,0.0,0.2674393653869629
5153,0.00525329103693366,0.017159301415085794,0.021600477769970892,0.06343738436698913,0.0,0.06936930865049362,0.0,0.2674366533756256
5154,0.005429181922227144,0.017832305282354355,0.02096700295805931,0.06347803175449371,0.0,0.0693645030260086,0.0,0.2674329876899719
5155,0.0049888438545167444,0.017810241505503654,0.020924894884228707,0.062427102029323576,0.0,0.06935594230890274,0.0,0.2674289047718048
5156,0.00543265650048852,0.017376126348972322,0.023475707322359086,0.0659926176071167,0.0,0.06934124231338501,0.0,0.26742619276046753
5157,0.005050102807581424,0.01789267212152481,0.02294185571372509,0.06168787479400635,0.0,0.06932814419269562,0.0,0.267423152923584
5158,0.0052615986205637455,0.017859423905611037,0.021952532604336737,0.06216453462839126,0.0,0.06931842863559723,0.0,0.26742058992385864
5159,0.0051354622468352314,0.018661926314234734,0.020324480161070822,0.06200012639164924,0.0,0.06931184977293015,0.0,0.2674178183078766
5160,0.005327646248042583,0.017451415956020355,0.022166015952825545,0.06040472537279129,0.0,0.06930945813655853,0.0,0.2674162983894348
5161,0.005080599151551723,0.018642681092023848,0.0214507095515728,0.0591909758746624,0.0,0.06930806487798691,0.0,0.26741722226142883
5162,0.005311567150056362,0.01750752478837967,0.0234353493899107,0.059941602498292924,0.0,0.06930360198020935,0.0,0.2674185633659363
5163,0.0050333085469901565,0.017750649154186247,0.021807261183857916,0.059845158457756044,0.0,0.06929849088191986,0.0,0.2674216628074646
5164,0.005340880434960127,0.01928122527897358,0.022457267716526987,0.06179749593138695,0.0,0.06929326057434082,0.0,0.2674242854118347
5165,0.005474143382161856,0.017962899431586264,0.02101280018687248,0.0601672425866127,0.0,0.06928446143865585,0.0,0.2674276828765869
5166,0.005159343779087067,0.01819930747151375,0.0215239055454731,0.058315227180719374,0.0,0.06927496194839478,0.0,0.26743096113204956
5167,0.00524175688624382,0.017472103610634802,0.022204716876149177,0.06134400516748428,0.0,0.0692686215043068,0.0,0.2674350142478943
5168,0.005311746709048748,0.01714299023151398,0.021352702006697654,0.06398980244994164,0.0,0.06926138699054718,0.0,0.2674363851547241
5169,0.005004271306097508,0.01774598881602287,0.023646731674671174,0.0629001423716545,0.0,0.0692511722445488,0.0,0.2674373388290405
5170,0.005462947208434344,0.01804625615477562,0.02013709582388401,0.06055924668908119,0.0,0.06923902034759521,0.0,0.26743897795677185
5171,0.0052385259419679645,0.017801577970385552,0.020495519042015076,0.06480025574564933,0.0,0.06922867149114609,0.0,0.2674391269683838
5172,0.005427127983421087,0.01788713037967682,0.021320920437574387,0.06043887138366699,0.0,0.06921938806772232,0.0,0.2674398720264435
5173,0.005142623372375965,0.018334607034921645,0.02377585545182228,0.061592940241098404,0.0,0.06920979171991348,0.0,0.2674409747123718
5174,0.005299563147127628,0.017907943576574326,0.021937304362654685,0.059533053636550905,0.0,0.06920444220304489,0.0,0.26744282245635986
5175,0.005120050627738237,0.017264048010110854,0.02182181030511856,0.06233834028244019,0.0,0.06919843703508377,0.0,0.267443984746933
5176,0.0053987568244338036,0.017724549397826195,0.02100503109395504,0.05875251516699791,0.0,0.06919451802968979,0.0,0.2674453854560852
5177,0.005257777404040098,0.017601261846721172,0.022398480400443076,0.06337410509586335,0.0,0.069191113114357,0.0,0.26744571328163147
5178,0.005156287737190723,0.01735912896692753,0.021934463828802108,0.06450232714414597,0.0,0.06919132173061371,0.0,0.26744452118873596
5179,0.004979522433131933,0.017971913889050485,0.021488282084465026,0.062400133907794954,0.0,0.06918791681528091,0.0,0.26744338870048523
5180,0.005137734394520521,0.018351616710424422,0.02058820575475693,0.05926220342516899,0.0,0.06918754428625107,0.0,0.26744353771209717
5181,0.0053452027030289175,0.01859993077814579,0.022310582920908928,0.06471249237656593,0.0,0.06918840110301971,0.0,0.26744523644447327
5182,0.004874660726636648,0.0182893518358469,0.02201201282441616,0.05918915197253227,0.0,0.06919001042842865,0.0,0.267450213432312
5183,0.005536696407943964,0.018092582747340203,0.023575131222605704,0.06114675179123878,0.0,0.06919536739587784,0.0,0.2674538195133209
5184,0.0050274071283638476,0.018422896042466164,0.02162945009768009,0.06153965070843696,0.0,0.06920093297958374,0.0,0.26745548844337463
5185,0.005196711700409651,0.018418329954147338,0.02106501944363117,0.05787860080599785,0.0,0.06920333206653595,0.0,0.2674567997455597
5186,0.005536655336618424,0.01886650174856186,0.02239777110517025,0.061383078992366794,0.0,0.0692061334848404,0.0,0.2674560546875
5187,0.0050656916573643684,0.01883898861706257,0.020648250356316566,0.058166179805994034,0.0,0.06921614706516266,0.0,0.2674560546875
5188,0.005555359367281199,0.01870074085891247,0.022417502477765083,0.0638933725655079,0.0,0.06923031806945801,0.0,0.26745593547821045
5189,0.00534729016944766,0.017638619989156723,0.02219361290335655,0.06215948313474655,0.0,0.06924547255039215,0.0,0.26745590567588806
5190,0.00540006784722209,0.017779631167650224,0.022310032323002816,0.06380264610052108,0.0,0.06925864517688751,0.0,0.26745617389678955
5191,0.005098057817667723,0.01726660057902336,0.021365003287792207,0.05912367552518845,0.0,0.06927432119846344,0.0,0.2674555778503418
5192,0.005333785992115736,0.01867036782205105,0.021171439066529275,0.06565995961427688,0.0,0.06929250061511993,0.0,0.26745158433914185
5193,0.005185691732913255,0.01854701302945614,0.02232610695064068,0.060745992511510846,0.0,0.06930742412805557,0.0,0.2674461901187897
5194,0.005184327717870474,0.018167219310998916,0.022378358989953995,0.06492395922541619,0.0,0.06932076066732407,0.0,0.2674407362937927
5195,0.005010164342820644,0.017967112734913825,0.020426007732748986,0.05983487442135811,0.0,0.06933443993330002,0.0,0.2674379050731659
5196,0.005487773753702641,0.018291480466723443,0.023013819381594657,0.0603743277490139,0.0,0.06934484094381332,0.0,0.2674349844455719
5197,0.004981852043420077,0.017828360944986344,0.021533558890223504,0.06541607305407524,0.0,0.06934885680675507,0.0,0.2674322724342346
5198,0.005421484634280205,0.017774420976638793,0.022053005546331404,0.06166033297777176,0.0,0.06934837996959686,0.0,0.2674311399459839
5199,0.005487037450075149,0.01816362366080284,0.022259271889925002,0.06144668161869049,0.0,0.06934793293476105,0.0,0.2674318253993988
5200,0.005533220432698727,0.017498327791690825,0.02149779200553894,0.06270060986280442,0.0,0.06934195756912231,0.0,0.2674315571784973
5201,0.0052502892911434175,0.01909607872366905,0.022899818047881125,0.0595269113779068,0.0,0.06933958828449249,0.0,0.26742950081825256
5202,0.005273641087114811,0.01843394190073013,0.022547533735632896,0.06100147515535355,0.0,0.06933754682540894,0.0,0.26742514967918396
5203,0.004926812835037708,0.01910637803375721,0.022501362860202788,0.06068505197763443,0.0,0.06933945417404175,0.0,0.26742345094680786
5204,0.004800970852375031,0.017038233950734137,0.022464100643992423,0.06702177748084068,0.0,0.06934250891208649,0.0,0.26742082834243774
5205,0.005165974888950586,0.017740941420197488,0.021952331811189652,0.05898585915565491,0.0,0.06934147328138351,0.0,0.2674192488193512
5206,0.005481617245823145,0.01853381097316742,0.02325385995209217,0.058647692948579785,0.0,0.06933866441249847,0.0,0.2674168050289154
5207,0.005226534511893988,0.017516458034515382,0.022035974264144897,0.06506767719984055,0.0,0.06933195143938065,0.0,0.26741552352905273
5208,0.005012193229049444,0.018569497764110564,0.02007843255996704,0.05859369114041328,0.0,0.0693255364894867,0.0,0.2674131989479065
5209,0.004607047885656357,0.018630849942564965,0.02164624258875847,0.06562879681587219,0.0,0.06932760030031204,0.0,0.2674110531806946
5210,0.00524020679295063,0.018021168559789656,0.0229583241045475,0.06302913725376129,0.0,0.06933440268039703,0.0,0.26740965247154236
5211,0.005152314715087414,0.017753082886338235,0.02121009714901447,0.0586331769824028,0.0,0.069338358938694,0.0,0.2674082815647125
5212,0.004960353206843138,0.01739237941801548,0.01998619772493839,0.061463136970996854,0.0,0.06933826208114624,0.0,0.2674091160297394
5213,0.004974099434912204,0.01835637129843235,0.021796683222055434,0.06362996622920036,0.0,0.0693364292383194,0.0,0.2674103379249573
5214,0.005298698786646128,0.018103762157261373,0.021752951294183732,0.06344759464263916,0.0,0.06933262944221497,0.0,0.2674097716808319
5215,0.0049369106069207195,0.018544840440154076,0.021124273538589478,0.0625424936413765,0.0,0.06932730227708817,0.0,0.26740914583206177
5216,0.00502916369587183,0.017740410938858985,0.021092366054654123,0.06454979628324509,0.0,0.06931953877210617,0.0,0.2674088478088379
5217,0.004952331352978945,0.017074217647314073,0.021487632766366005,0.06336823254823684,0.0,0.06931090354919434,0.0,0.2674093246459961
5218,0.005147984530776739,0.01752017140388489,0.02229410447180271,0.06284532248973847,0.0,0.0692979097366333,0.0,0.26741066575050354
5219,0.0052531762979924675,0.017460821010172368,0.020765577629208564,0.06019519791007042,0.0,0.06929150968790054,0.0,0.26741376519203186
5220,0.005135096982121468,0.01804337613284588,0.022082314640283585,0.06282956078648567,0.0,0.06928586959838867,0.0,0.26741838455200195
5221,0.005182533897459507,0.018335701152682304,0.022885091975331305,0.05938931927084923,0.0,0.0692807212471962,0.0,0.2674233913421631
5222,0.005103960260748863,0.018316979333758355,0.0217869158834219,0.06371766850352287,0.0,0.06927870959043503,0.0,0.2674282193183899
5223,0.005254603829234839,0.017948437482118607,0.02082647867500782,0.0626286432147026,0.0,0.06927452981472015,0.0,0.26743295788764954
5224,0.005187415424734354,0.0174519669264555,0.020280683040618898,0.0627590611577034,0.0,0.06927467882633209,0.0,0.26743587851524353
5225,0.005196964740753174,0.018082789704203607,0.021491973847150802,0.06260723397135734,0.0,0.0692720040678978,0.0,0.2674383521080017
5226,0.005198122002184391,0.01812690682709217,0.02218361496925354,0.06152959167957306,0.0,0.06926528364419937,0.0,0.2674393057823181
5227,0.005267125647515058,0.01834179423749447,0.02049553655087948,0.06161869466304779,0.0,0.06925888359546661,0.0,0.2674388289451599
5228,0.00496654948219657,0.017978068068623544,0.021904435381293295,0.05993359759449959,0.0,0.06925160437822342,0.0,0.26743683218955994
5229,0.005243400484323502,0.018201031163334845,0.021551352739334107,0.06269320696592331,0.0,0.0692438930273056,0.0,0.2674334645271301
5230,0.005633612256497144,0.01848735101521015,0.021459419652819632,0.0591400220990181,0.0,0.06923624128103256,0.0,0.26742783188819885
5231,0.005341358296573162,0.018207408487796783,0.021032358333468438,0.0602124385535717,0.0,0.06922751665115356,0.0,0.2674230635166168
5232,0.005149118043482304,0.018502227216959,0.022737269476056098,0.05927648097276687,0.0,0.06922480463981628,0.0,0.2674194872379303
5233,0.005306798964738846,0.017382559925317766,0.02259540855884552,0.06429119110107422,0.0,0.0692194253206253,0.0,0.26741713285446167
5234,0.0051889332942664625,0.017663253471255302,0.02138209082186222,0.05765625163912773,0.0,0.06920941174030304,0.0,0.2674158215522766
5235,0.005324500985443592,0.017060296982526778,0.023608264699578285,0.0651704989373684,0.0,0.06920001655817032,0.0,0.2674150764942169
5236,0.005414718855172395,0.017037476971745492,0.023504483699798583,0.06119266897439957,0.0,0.0691891461610794,0.0,0.26741430163383484
5237,0.0052089455537498,0.01667342633008957,0.0218381404876709,0.05880428031086922,0.0,0.0691809132695198,0.0,0.26741427183151245
5238,0.00507296659052372,0.018696343153715135,0.02182773910462856,0.061039228737354276,0.0,0.06917302310466766,0.0,0.26741456985473633
5239,0.004961699899286032,0.017621879838407038,0.022127372026443482,0.059924733638763425,0.0,0.06917034089565277,0.0,0.26741376519203186
5240,0.005017533339560032,0.018038476631045342,0.022062113508582115,0.06295914426445962,0.0,0.06916667520999908,0.0,0.26741161942481995
5241,0.005141699407249689,0.018888618797063828,0.02058376409113407,0.06231479346752167,0.0,0.0691685900092125,0.0,0.2674073874950409
5242,0.005264368001371622,0.018428141251206398,0.021129783987998963,0.059311476349830625,0.0,0.0691743716597557,0.0,0.26740190386772156
5243,0.004999794345349073,0.01804918274283409,0.020078217983245848,0.06310621425509452,0.0,0.06918078660964966,0.0,0.2673960328102112
5244,0.005347025021910668,0.017961405217647552,0.02315647304058075,0.05954236388206482,0.0,0.06918714940547943,0.0,0.2673896551132202
5245,0.005348598025739193,0.018323006853461266,0.022039464488625527,0.05817586779594421,0.0,0.06919772922992706,0.0,0.2673836350440979
5246,0.005174041353166103,0.018258818238973618,0.02253369949758053,0.056068647652864456,0.0,0.06920900195837021,0.0,0.26737847924232483
5247,0.0052700556814670564,0.017601584270596504,0.02025924399495125,0.06398576349020005,0.0,0.06922005116939545,0.0,0.2673732340335846
5248,0.005413483828306198,0.018323464691638945,0.023030944168567657,0.06374115720391274,0.0,0.06922496855258942,0.0,0.26737064123153687
5249,0.004968340881168843,0.01883602701127529,0.02079790271818638,0.05942883938550949,0.0,0.06923118233680725,0.0,0.2673702836036682
5250,0.005608662683516741,0.017666079849004746,0.021474527567625044,0.05512687116861344,0.0,0.06924295425415039,0.0,0.2673715651035309
5251,0.0053681847639381886,0.017263112217187883,0.021788616105914115,0.06533050537109375,0.0,0.06925080716609955,0.0,0.2673757076263428
5252,0.005030293203890324,0.018076355382800103,0.022324611619114875,0.06086506322026253,0.0,0.06926020979881287,0.0,0.2673802673816681
5253,0.005441414844244719,0.018066632375121117,0.021601307764649393,0.06080761104822159,0.0,0.06926694512367249,0.0,0.2673836648464203
5254,0.004910279810428619,0.017534980177879335,0.021169466897845268,0.06039309725165367,0.0,0.06927105039358139,0.0,0.2673843801021576
5255,0.005119849741458893,0.01813766248524189,0.022344066947698592,0.06266496032476425,0.0,0.06927181780338287,0.0,0.26738330721855164
5256,0.005023218598216772,0.01780092641711235,0.020098830014467238,0.06187369823455811,0.0,0.06927518546581268,0.0,0.2673789858818054
5257,0.005222027096897364,0.017637940123677254,0.0238646499812603,0.05732454136013985,0.0,0.06927984952926636,0.0,0.26737362146377563
5258,0.0052668992429971695,0.018157393485307694,0.021002115309238435,0.06175624579191208,0.0,0.06928151845932007,0.0,0.2673700451850891
5259,0.005049072857946158,0.01719980053603649,0.01985260806977749,0.05977518334984779,0.0,0.06928475946187973,0.0,0.2673686742782593
5260,0.005523477960377931,0.018630128353834152,0.02171946130692959,0.06210518032312393,0.0,0.0692867860198021,0.0,0.26737046241760254
5261,0.005014986079186201,0.017597898840904236,0.021270812675356864,0.05886685624718666,0.0,0.06929512321949005,0.0,0.267373651266098
5262,0.0053432537242770195,0.017186975106596947,0.021661664918065072,0.05771288946270943,0.0,0.06930272281169891,0.0,0.2673766016960144
5263,0.004948709812015295,0.01772230863571167,0.023047560080885886,0.06484494954347611,0.0,0.06931105256080627,0.0,0.2673799395561218
5264,0.005539391003549099,0.018221360817551612,0.022081131860613824,0.06255035549402237,0.0,0.06932320445775986,0.0,0.2673841714859009
5265,0.005309760197997093,0.01852082647383213,0.022205593436956404,0.06337540000677108,0.0,0.06933929026126862,0.0,0.2673860192298889
5266,0.005595068074762821,0.01779012642800808,0.020896312594413758,0.05949685871601105,0.0,0.06935684382915497,0.0,0.26738905906677246
5267,0.005146790854632854,0.018420252948999405,0.02064911015331745,0.06316036656498909,0.0,0.06937868893146515,0.0,0.26739126443862915
5268,0.005001844838261604,0.01818441189825535,0.021214915439486504,0.06155768632888794,0.0,0.06939762830734253,0.0,0.26739048957824707
5269,0.005443959776312113,0.018233202397823334,0.021450402587652205,0.06254955306649208,0.0,0.06941833347082138,0.0,0.2673887312412262
5270,0.005329438578337431,0.018713365495204925,0.022055088728666305,0.06155572757124901,0.0,0.06943722814321518,0.0,0.26738646626472473
5271,0.004975789226591587,0.01772865355014801,0.022079366818070413,0.06436271443963051,0.0,0.0694553330540657,0.0,0.26738300919532776
5272,0.005144053604453802,0.017726986855268478,0.022753702849149703,0.06385070085525513,0.0,0.06946942955255508,0.0,0.2673798203468323
5273,0.005447216983884573,0.0181794635951519,0.022921543940901755,0.06315024197101593,0.0,0.06948373466730118,0.0,0.2673766314983368
5274,0.004903654009103775,0.017912577837705612,0.021856337040662765,0.059894298762083055,0.0,0.06950132548809052,0.0,0.2673719525337219
5275,0.005649666115641594,0.0175447978079319,0.023643454164266588,0.05965092927217484,0.0,0.06951200217008591,0.0,0.2673655152320862
5276,0.005504329223185778,0.017869532480835913,0.020607145875692366,0.056260304898023604,0.0,0.0695200115442276,0.0,0.26735660433769226
5277,0.0051875957287848,0.017893922701478004,0.02074470780789852,0.060130704939365384,0.0,0.06952778995037079,0.0,0.26734787225723267
5278,0.0048495537601411344,0.01733895130455494,0.022000842541456223,0.061769215017557146,0.0,0.06953252851963043,0.0,0.26734086871147156
5279,0.005046940967440605,0.017656026408076286,0.019960776343941687,0.059960226714611056,0.0,0.06954000145196915,0.0,0.2673361003398895
5280,0.005122130736708641,0.01798092983663082,0.021102477982640266,0.05859154537320137,0.0,0.06954571604728699,0.0,0.26733165979385376
5281,0.005090592242777347,0.017952274158596994,0.022024710103869437,0.06683210879564286,0.0,0.06955036520957947,0.0,0.26732975244522095
5282,0.005227070953696966,0.01702094078063965,0.023465179651975632,0.06301608309149742,0.0,0.06955854594707489,0.0,0.26732927560806274
5283,0.005047452542930842,0.01706676073372364,0.023642987385392188,0.06602313444018364,0.0,0.06956325471401215,0.0,0.26733094453811646
5284,0.005381008144468069,0.01910545788705349,0.021313564106822013,0.05947559624910355,0.0,0.06956299394369125,0.0,0.26733070611953735
5285,0.005489062890410424,0.018395086750388145,0.021513622999191285,0.06210712864995003,0.0,0.06956255435943604,0.0,0.2673324644565582
5286,0.004889324307441711,0.01713042873889208,0.02033545561134815,0.05854665413498879,0.0,0.06956664472818375,0.0,0.26733410358428955
5287,0.00520706083625555,0.018947215005755424,0.022566084936261176,0.06012980192899704,0.0,0.06957000494003296,0.0,0.2673341631889343
5288,0.0048790954984724525,0.017650822177529335,0.02023971453309059,0.062111809849739075,0.0,0.06958077847957611,0.0,0.2673337757587433
5289,0.004916918836534024,0.018013835698366166,0.0215136855840683,0.06208001598715782,0.0,0.06959161162376404,0.0,0.2673341929912567
5290,0.005290077161043882,0.017114121094346048,0.02135200798511505,0.06018235981464386,0.0,0.06960568577051163,0.0,0.2673322260379791
5291,0.00553488377481699,0.01769336313009262,0.020766471698880195,0.06513781920075416,0.0,0.06961819529533386,0.0,0.2673302888870239
5292,0.00534647461026907,0.018528162315487862,0.022336453571915625,0.06492753624916077,0.0,0.06963036209344864,0.0,0.2673286199569702
5293,0.005014670267701149,0.018196341767907142,0.021928289905190468,0.06271465420722962,0.0,0.06964685022830963,0.0,0.26732760667800903
5294,0.005291061289608478,0.017455723509192465,0.021519920974969863,0.06309259533882142,0.0,0.06966628134250641,0.0,0.26732540130615234
5295,0.005163116380572319,0.017173415049910545,0.021480657905340195,0.05928970128297806,0.0,0.0696827620267868,0.0,0.26732367277145386
5296,0.005298229493200779,0.017795050889253615,0.02261725552380085,0.058860563486814496,0.0,0.06969857215881348,0.0,0.26732438802719116
5297,0.005241362564265728,0.01741100437939167,0.02255568578839302,0.06125098764896393,0.0,0.06970307976007462,0.0,0.26732510328292847
5298,0.004836493171751499,0.01679576635360718,0.02297479398548603,0.05929334312677383,0.0,0.06970098614692688,0.0,0.26732537150382996
5299,0.005036538746207952,0.018415692448616027,0.022535143420100212,0.06061107516288757,0.0,0.06969931721687317,0.0,0.26732510328292847
5300,0.005224021710455417,0.016986465826630593,0.021902049705386162,0.06389827951788903,0.0,0.06969922035932541,0.0,0.2673254609107971
5301,0.0048853009007871154,0.017318415641784667,0.021751898527145385,0.06369584575295448,0.0,0.06969832628965378,0.0,0.2673264145851135
5302,0.005166782531887293,0.018712322786450387,0.02191549092531204,0.05901549234986305,0.0,0.06969558447599411,0.0,0.26732686161994934
5303,0.004821003787219525,0.017832884937524794,0.022549834102392197,0.056868620216846466,0.0,0.06968986988067627,0.0,0.26732444763183594
5304,0.005242131277918815,0.01840633638203144,0.02223578579723835,0.06242326870560646,0.0,0.06968432664871216,0.0,0.2673214077949524
5305,0.005269155278801918,0.018298118188977242,0.020925582945346834,0.06229961887001991,0.0,0.06967852264642715,0.0,0.26731905341148376
5306,0.004804504290223122,0.018128333240747453,0.02274339646100998,0.05927461981773376,0.0,0.06967081874608994,0.0,0.2673164904117584
5307,0.004884299542754889,0.01744419950991869,0.0222993653267622,0.061559788137674334,0.0,0.06965605914592743,0.0,0.26731592416763306
5308,0.005058260262012481,0.018506211787462236,0.021235279738903046,0.05983579009771347,0.0,0.06964638084173203,0.0,0.2673149108886719
5309,0.005063102208077907,0.017871000245213507,0.02200649566948414,0.0606893353164196,0.0,0.06963959336280823,0.0,0.267311692237854
5310,0.004804650042206049,0.017371420189738272,0.02191738076508045,0.06337831988930702,0.0,0.06962933391332626,0.0,0.2673068642616272
5311,0.005312086828052997,0.01845102719962597,0.021616137027740477,0.061500073224306104,0.0,0.0696180909872055,0.0,0.26730215549468994
5312,0.005254967603832483,0.018411008268594743,0.022574121505022048,0.06513803899288177,0.0,0.0696045309305191,0.0,0.2672974467277527
5313,0.00554792545735836,0.018122002482414246,0.019840911403298377,0.062074579298496246,0.0,0.0695863738656044,0.0,0.2672944664955139
5314,0.005289675388485193,0.017982129752635957,0.01976900324225426,0.06168050840497017,0.0,0.06956969201564789,0.0,0.2672923803329468
5315,0.005110991885885596,0.017114541307091714,0.020734526589512824,0.05803475305438042,0.0,0.06955334544181824,0.0,0.2672901749610901
5316,0.005439998582005501,0.017981862276792528,0.022807127237319945,0.062340348958969116,0.0,0.0695427805185318,0.0,0.26728925108909607
5317,0.00491906339302659,0.017569096013903617,0.021407433599233628,0.057001539319753644,0.0,0.06953074783086777,0.0,0.2672886252403259
5318,0.005405736435204744,0.018598139658570288,0.022786612063646315,0.061656533181667326,0.0,0.06951698660850525,0.0,0.2672893702983856
5319,0.005069693736732006,0.01853267624974251,0.022706619650125503,0.061038097739219664,0.0,0.06950364261865616,0.0,0.2672944962978363
5320,0.004931153263896704,0.018042166903614997,0.022025123611092566,0.06232443451881409,0.0,0.06949590146541595,0.0,0.26729831099510193
5321,0.00498021449893713,0.018419842794537546,0.02173982486128807,0.06296866685152054,0.0,0.06949279457330704,0.0,0.2673026919364929
5322,0.005097961332648992,0.018327938765287398,0.022306587547063828,0.05995813384652138,0.0,0.06948555260896683,0.0,0.26730620861053467
5323,0.005161710735410452,0.01903737336397171,0.023163455352187157,0.06061143204569817,0.0,0.06947658210992813,0.0,0.2673109769821167
5324,0.0055149862542748455,0.018023594468832015,0.021121593564748763,0.06032253354787827,0.0,0.06946825981140137,0.0,0.26731574535369873
5325,0.0049949298612773415,0.01859435550868511,0.021302784979343414,0.058813679963350296,0.0,0.06945806741714478,0.0,0.26732051372528076
5326,0.005647257808595896,0.01843152418732643,0.023004718869924546,0.06384551227092743,0.0,0.06944972276687622,0.0,0.2673269212245941
5327,0.005394609645009041,0.018928654491901398,0.02283504381775856,0.06255142986774445,0.0,0.06944243609905243,0.0,0.2673332691192627
5328,0.005162073578685522,0.01785977594554424,0.020068136602640153,0.06176191121339798,0.0,0.06943046301603317,0.0,0.2673383057117462
5329,0.004918314050883055,0.018216554820537568,0.02041315995156765,0.06158716529607773,0.0,0.06942175328731537,0.0,0.2673409879207611
5330,0.005033292714506388,0.018952856212854384,0.020439037308096885,0.0606479711830616,0.0,0.06941782683134079,0.0,0.2673417031764984
5331,0.00546705536544323,0.017960982769727706,0.02352582588791847,0.06038480326533317,0.0,0.06941564381122589,0.0,0.2673426568508148
5332,0.004918980691581964,0.016943776980042458,0.02192970775067806,0.06089299619197845,0.0,0.06941835582256317,0.0,0.2673419117927551
5333,0.005585453100502491,0.018618092685937882,0.02310906760394573,0.06308289095759392,0.0,0.06942147016525269,0.0,0.2673409581184387
5334,0.005079087428748607,0.01776473894715309,0.020920393615961076,0.05968036353588104,0.0,0.06942679733037949,0.0,0.2673409581184387
5335,0.005083169043064118,0.01793314963579178,0.023285960778594017,0.06001355275511742,0.0,0.06943075358867645,0.0,0.26734256744384766
5336,0.00521392822265625,0.017414278537034988,0.023968805372714997,0.06210440918803215,0.0,0.06943339854478836,0.0,0.26734739542007446
5337,0.005343494843691588,0.019041913747787475,0.02168990783393383,0.06432725787162781,0.0,0.06944216787815094,0.0,0.2673526704311371
5338,0.005136209726333618,0.017233250103890894,0.021956592798233032,0.06346365213394164,0.0,0.0694543719291687,0.0,0.26735958456993103
5339,0.005359300319105387,0.01772977225482464,0.022015799954533576,0.05932642146945,0.0,0.06946399062871933,0.0,0.26736781001091003
5340,0.005408354476094246,0.018236704543232916,0.022012312337756156,0.06198273673653602,0.0,0.06947173923254013,0.0,0.26737427711486816
5341,0.00546300858259201,0.017997441440820695,0.023498985916376114,0.05814551860094071,0.0,0.06947628408670425,0.0,0.2673793435096741
5342,0.004955760948359966,0.01830550394952297,0.0216864924877882,0.05994765684008598,0.0,0.06947896629571915,0.0,0.26738232374191284
5343,0.005029666051268577,0.018777503073215483,0.02156844474375248,0.05974170193076134,0.0,0.06948460638523102,0.0,0.26738595962524414
5344,0.005016230139881372,0.017647188901901246,0.022374756261706354,0.06503216102719307,0.0,0.06948844343423843,0.0,0.2673881947994232
5345,0.00522071598097682,0.01874512992799282,0.022313319146633148,0.060150157660245895,0.0,0.06948931515216827,0.0,0.267389714717865
5346,0.005070060584694147,0.017752598226070403,0.022261866927146913,0.06369225531816483,0.0,0.06948746740818024,0.0,0.2673940062522888
5347,0.005336196999996901,0.018722478300333023,0.02029072567820549,0.060092396289110186,0.0,0.06948436796665192,0.0,0.26739588379859924
5348,0.005231897812336683,0.01848815828561783,0.020929669961333275,0.06101419478654861,0.0,0.06948430836200714,0.0,0.26739752292633057
5349,0.005262121744453907,0.01896142214536667,0.02071973867714405,0.062183665484189986,0.0,0.0694807916879654,0.0,0.2673971652984619
5350,0.005439864005893469,0.018196094781160355,0.022134623304009438,0.06280250549316406,0.0,0.06947395950555801,0.0,0.2673971951007843
5351,0.004796034190803766,0.018223317340016365,0.021066689118742942,0.06349053084850312,0.0,0.06947226822376251,0.0,0.26739656925201416
5352,0.005112647172063589,0.01756770797073841,0.021901504695415498,0.06497136130928993,0.0,0.06946671009063721,0.0,0.2673960030078888
5353,0.005186599399894476,0.018820101395249367,0.02083388790488243,0.061625076830387114,0.0,0.06946446001529694,0.0,0.2673957049846649
5354,0.005048660840839147,0.017141734808683397,0.020911893993616103,0.058961720764636995,0.0,0.06946214288473129,0.0,0.2673928737640381
5355,0.005275546479970217,0.018682559952139854,0.022520194575190545,0.06181211918592453,0.0,0.06946463137865067,0.0,0.26738855242729187
5356,0.005184174794703722,0.017910866439342497,0.022751830890774725,0.06506388783454894,0.0,0.06946869194507599,0.0,0.2673829197883606
5357,0.004952836036682129,0.018333034962415694,0.022150635719299316,0.05852188915014267,0.0,0.06947106122970581,0.0,0.2673788070678711
5358,0.004979092534631491,0.017714079841971396,0.022952599450945854,0.060809417814016345,0.0,0.06947270035743713,0.0,0.26737695932388306
5359,0.005658179894089699,0.017914073169231416,0.023094693198800087,0.06228584125638008,0.0,0.06947650015354156,0.0,0.26737406849861145
5360,0.005070929881185293,0.01816905401647091,0.022924087196588516,0.061198358237743375,0.0,0.06947894394397736,0.0,0.2673715353012085
5361,0.004942857008427381,0.017545735463500023,0.01968873217701912,0.05717113018035889,0.0,0.06947758793830872,0.0,0.26736971735954285
5362,0.005139802861958742,0.017711570486426353,0.02246192954480648,0.06044641435146332,0.0,0.06947684288024902,0.0,0.2673680782318115
5363,0.005172314494848252,0.018501441925764084,0.021498949080705643,0.06066637188196182,0.0,0.06947989016771317,0.0,0.26736903190612793
5364,0.0050066554918885234,0.018026918172836304,0.021063216403126715,0.06020287945866585,0.0,0.0694824606180191,0.0,0.26736941933631897
5365,0.005432731658220291,0.01733444072306156,0.023660197108983993,0.06340143010020256,0.0,0.06948584318161011,0.0,0.2673697769641876
5366,0.005274295061826706,0.017574074491858483,0.020566121488809586,0.05755733549594879,0.0,0.06949109584093094,0.0,0.2673690915107727
5367,0.005533392168581485,0.018376145139336587,0.022733578458428383,0.05810235887765884,0.0,0.069492869079113,0.0,0.26736825704574585
5368,0.0053547190502285956,0.018400762230157852,0.022203370556235315,0.06316036954522133,0.0,0.06949486583471298,0.0,0.2673659324645996
5369,0.0051239547319710255,0.018433016911149024,0.022307560965418815,0.06037559509277344,0.0,0.0694960206747055,0.0,0.26736369729042053
5370,0.005166278313845396,0.017833470553159713,0.02020172104239464,0.062124481052160264,0.0,0.06949770450592041,0.0,0.2673620581626892
5371,0.005007289629429579,0.01810990646481514,0.021667005494236946,0.06671744585037231,0.0,0.0695001631975174,0.0,0.2673616409301758
5372,0.004788486752659082,0.01827401779592037,0.022697726264595985,0.06351770386099816,0.0,0.06949926912784576,0.0,0.26735836267471313
5373,0.005169711913913489,0.017451934143900873,0.022198814898729324,0.06229948177933693,0.0,0.0694948062300682,0.0,0.2673558294773102
5374,0.005183121934533119,0.01761436015367508,0.022264360263943673,0.05912406519055367,0.0,0.06949659436941147,0.0,0.2673547863960266
5375,0.005183715745806694,0.018610262125730515,0.02336970791220665,0.06538961380720139,0.0,0.0695040374994278,0.0,0.2673552334308624
5376,0.0053853171877563,0.01725543737411499,0.02038966529071331,0.06452398374676704,0.0,0.06951241195201874,0.0,0.2673577666282654
5377,0.005292144231498241,0.0180842325091362,0.021087432652711867,0.06015169769525528,0.0,0.06952608376741409,0.0,0.2673613429069519
5378,0.005446791648864746,0.01876029819250107,0.021859479323029517,0.06302305907011033,0.0,0.06953981518745422,0.0,0.2673625349998474
5379,0.0053437122143805025,0.017915626242756843,0.021284230053424835,0.06104553192853927,0.0,0.06955472379922867,0.0,0.26736488938331604
5380,0.005057781375944615,0.018086440861225128,0.021394592151045798,0.06722896024584771,0.0,0.06956888735294342,0.0,0.26736804842948914
5381,0.005436591245234013,0.01793708950281143,0.020250850170850754,0.06610639244318009,0.0,0.069578617811203,0.0,0.2673700451850891
5382,0.004941570200026035,0.01817784123122692,0.02081989273428917,0.061053593456745145,0.0,0.06958191841840744,0.0,0.26737457513809204
5383,0.004920495580881834,0.018733488768339156,0.021407972276210784,0.061275175958871844,0.0,0.06958447396755219,0.0,0.2673799395561218
5384,0.005156004149466753,0.01832270286977291,0.021231754496693612,0.0651155449450016,0.0,0.06958688795566559,0.0,0.2673846185207367
5385,0.005573092587292194,0.01677516773343086,0.022496437281370164,0.06435999944806099,0.0,0.0695885568857193,0.0,0.2673904299736023
5386,0.005303190927952528,0.017257118597626686,0.023008089140057565,0.06164983361959457,0.0,0.06959263980388641,0.0,0.2673954367637634
5387,0.00557322921231389,0.018214281275868417,0.021437082067131998,0.06475965678691864,0.0,0.06959490478038788,0.0,0.2673998475074768
5388,0.0052441729232668875,0.017726393789052962,0.022456385567784308,0.06017512753605843,0.0,0.0695955827832222,0.0,0.26740288734436035
5389,0.005034654680639505,0.017508738860487937,0.022755736112594606,0.05924278050661087,0.0,0.06958965212106705,0.0,0.2674068808555603
5390,0.005489661265164614,0.017957500740885736,0.023913103714585306,0.06220263689756393,0.0,0.06958124786615372,0.0,0.2674122452735901
5391,0.00509631484746933,0.017891350761055948,0.02088879607617855,0.061997462064027786,0.0,0.06956951320171356,0.0,0.26741859316825867
5392,0.00517818434163928,0.017685385420918465,0.022832658141851425,0.0621314711868763,0.0,0.06955426931381226,0.0,0.2674238085746765
5393,0.005344340391457081,0.01679995860904455,0.02084752917289734,0.061969191581010816,0.0,0.0695435032248497,0.0,0.26743069291114807
5394,0.005204600188881159,0.01765410043299198,0.020705922320485116,0.06198585331439972,0.0,0.06952985376119614,0.0,0.2674356997013092
5395,0.005309617146849632,0.017855152487754822,0.02195611335337162,0.06333417817950249,0.0,0.06951811164617538,0.0,0.2674407958984375
5396,0.005181531701236963,0.017871810868382455,0.021357456222176552,0.06056210473179817,0.0,0.06951407343149185,0.0,0.2674461007118225
5397,0.0052320812828838825,0.018514659255743027,0.022215252742171288,0.06375926584005356,0.0,0.06950902938842773,0.0,0.26745253801345825
5398,0.005150220263749361,0.01839418113231659,0.022320394590497016,0.05896568447351456,0.0,0.06950531154870987,0.0,0.26745933294296265
5399,0.004908109735697508,0.018313771486282347,0.0205435611307621,0.06198177710175514,0.0,0.06950908899307251,0.0,0.26746630668640137
5400,0.005114515218883753,0.01748581826686859,0.021840930357575415,0.06424597799777984,0.0,0.06951960921287537,0.0,0.26747241616249084
5401,0.005064607132226229,0.017301201820373535,0.021096397936344147,0.06078043282032013,0.0,0.0695253238081932,0.0,0.2674795985221863
5402,0.005022234376519918,0.018615296855568886,0.022130246832966806,0.05602012723684311,0.0,0.06953233480453491,0.0,0.26748451590538025
5403,0.005131035204976797,0.01804642528295517,0.02315598912537098,0.06314971148967743,0.0,0.06954038143157959,0.0,0.26748961210250854
5404,0.0048281243070960045,0.01783762201666832,0.022126239165663718,0.06063470616936684,0.0,0.06954920291900635,0.0,0.26749148964881897
5405,0.005197764188051224,0.018190035969018935,0.020019534230232238,0.0638192355632782,0.0,0.0695551410317421,0.0,0.2674938440322876
5406,0.004997777286916971,0.018739597126841544,0.0242010198533535,0.06030213385820389,0.0,0.0695645809173584,0.0,0.26749396324157715
5407,0.005151097383350134,0.01821282468736172,0.020500994473695754,0.06051974445581436,0.0,0.0695703774690628,0.0,0.2674926817417145
5408,0.005102294124662876,0.0186137817800045,0.022099036350846292,0.060960708558559416,0.0,0.06957463920116425,0.0,0.26749011874198914
5409,0.0054971474222838875,0.01741822063922882,0.021920496970415114,0.061477722227573396,0.0,0.06957917660474777,0.0,0.26748862862586975
5410,0.005100411269813776,0.018507976457476615,0.02200881876051426,0.06245626285672188,0.0,0.06958357244729996,0.0,0.26748648285865784
5411,0.005109137110412121,0.018246833980083466,0.021601152047514914,0.06522906273603439,0.0,0.06958910077810287,0.0,0.2674848139286041
5412,0.005232443567365408,0.018465059995651244,0.020851464569568635,0.05595129355788231,0.0,0.06959129124879837,0.0,0.2674837112426758
5413,0.005558644607663155,0.0175664309412241,0.024788863211870193,0.06499447226524353,0.0,0.06959251314401627,0.0,0.26748210191726685
5414,0.005112030357122421,0.017743572220206262,0.02293589375913143,0.06446135640144349,0.0,0.069595567882061,0.0,0.26747938990592957
5415,0.00522718382999301,0.01876703426241875,0.0213776346296072,0.06102804616093636,0.0,0.06959604471921921,0.0,0.2674792408943176
5416,0.005217373557388783,0.01724524572491646,0.0223247691988945,0.06442798674106598,0.0,0.06959816068410873,0.0,0.2674775719642639
5417,0.004961300455033779,0.018393412604928015,0.021302039548754693,0.060317665338516235,0.0,0.06959990411996841,0.0,0.2674778699874878
5418,0.005123145505785942,0.017420565709471703,0.021125957369804382,0.06262253001332282,0.0,0.0696011483669281,0.0,0.2674793601036072
5419,0.005740147456526757,0.017600220441818238,0.023149435594677924,0.06190599799156189,0.0,0.06959531456232071,0.0,0.2674817144870758
5420,0.0051919474266469475,0.018006715551018716,0.02039043791592121,0.0632353074848652,0.0,0.06959126144647598,0.0,0.26748132705688477
5421,0.005142668727785349,0.01726033017039299,0.021137337759137155,0.06353131905198098,0.0,0.06958377361297607,0.0,0.2674803137779236
5422,0.0051401229575276375,0.01783629059791565,0.022513586655259134,0.06565496027469635,0.0,0.06957970559597015,0.0,0.2674795687198639
5423,0.005056498479098082,0.017346585914492608,0.02142052799463272,0.0630991131067276,0.0,0.0695759505033493,0.0,0.26747947931289673
5424,0.005518542416393757,0.01805245466530323,0.023172176256775857,0.060650601983070374,0.0,0.06957703828811646,0.0,0.26748159527778625
5425,0.005276714358478785,0.018325356766581535,0.025441329553723337,0.062348170578479765,0.0,0.06957834959030151,0.0,0.2674855589866638
5426,0.0053859538398683075,0.01748620867729187,0.021363449096679688,0.0630461573600769,0.0,0.06957962363958359,0.0,0.26748865842819214
5427,0.004913741163909436,0.017965733632445337,0.022264494001865386,0.05909371376037598,0.0,0.06958110630512238,0.0,0.2674919664859772
5428,0.004646206460893154,0.018167269602417945,0.020437982678413392,0.065410116314888,0.0,0.06958166509866714,0.0,0.2674939036369324
5429,0.005005011148750782,0.01829054541885853,0.021364139392971992,0.061610499024391176,0.0,0.06958337128162384,0.0,0.2674947679042816
5430,0.0052721302956342695,0.018061399459838867,0.022191447764635087,0.06098553836345673,0.0,0.0695873498916626,0.0,0.2674964666366577
5431,0.005254548974335194,0.018984491005539894,0.021547024324536323,0.06304678842425346,0.0,0.06959137320518494,0.0,0.26749739050865173
5432,0.005307826213538647,0.017758690938353538,0.020729660615324975,0.0650710254907608,0.0,0.06959731876850128,0.0,0.26749658584594727
5433,0.005322248861193657,0.018160047382116316,0.021819031983613967,0.06259365603327752,0.0,0.06960169970989227,0.0,0.2674931585788727
5434,0.005242845509201288,0.01816900074481964,0.021621201559901236,0.05898528099060059,0.0,0.06960353255271912,0.0,0.2674899399280548
5435,0.004987854976207018,0.018347408249974252,0.020227135717868806,0.06459568291902543,0.0,0.06960509717464447,0.0,0.26748892664909363
5436,0.00493931295350194,0.017910007014870645,0.022267528250813483,0.05998915806412697,0.0,0.06960181146860123,0.0,0.2674887180328369
5437,0.0050923461094498634,0.018228206783533096,0.02117239125072956,0.0620455153286457,0.0,0.06959816068410873,0.0,0.2674890160560608
5438,0.0057219740934669975,0.017639533430337907,0.02202945239841938,0.06141863986849785,0.0,0.06959456205368042,0.0,0.2674889862537384
5439,0.005075013916939497,0.018656744062900542,0.023230555281043053,0.06229008287191391,0.0,0.06958882510662079,0.0,0.2674904763698578
5440,0.005079489946365356,0.01890379413962364,0.02136192172765732,0.061031211912631986,0.0,0.06958173960447311,0.0,0.2674916386604309
5441,0.00498059019446373,0.018034680932760238,0.022262154892086983,0.0648292750120163,0.0,0.06957860291004181,0.0,0.2674899697303772
5442,0.0052427838556468485,0.018137582764029502,0.021588030457496642,0.05834474712610245,0.0,0.0695793554186821,0.0,0.2674878239631653
5443,0.005120052956044674,0.017484528198838233,0.021789269894361495,0.0664754830300808,0.0,0.06957932561635971,0.0,0.2674851715564728
5444,0.005172806512564421,0.017849314957857132,0.022063406929373742,0.06352591812610626,0.0,0.06957578659057617,0.0,0.26748254895210266
5445,0.005071356054395437,0.018208911269903184,0.02271866239607334,0.061802744120359424,0.0,0.06957200914621353,0.0,0.267479807138443
5446,0.0052402779459953305,0.018152159452438355,0.0222099419683218,0.061468929052352905,0.0,0.06957226246595383,0.0,0.2674785554409027
5447,0.00534981545060873,0.01800990365445614,0.024086619541049004,0.06104080528020859,0.0,0.06957118958234787,0.0,0.26747778058052063
5448,0.005100439768284559,0.01817900314927101,0.021406485885381698,0.06129633337259292,0.0,0.0695677101612091,0.0,0.26747363805770874
5449,0.005328301526606083,0.01747175306081772,0.02107206843793392,0.0644126795232296,0.0,0.06956617534160614,0.0,0.26746922731399536
5450,0.0051069148816168305,0.017327187582850456,0.021498724818229675,0.05918451175093651,0.0,0.06956330686807632,0.0,0.26746511459350586
5451,0.005084201227873564,0.017537295073270797,0.02134661264717579,0.058919229358434674,0.0,0.06956027448177338,0.0,0.2674603760242462
5452,0.005548621900379658,0.01862770617008209,0.021564597263932228,0.06257639527320862,0.0,0.06955578923225403,0.0,0.26745733618736267
5453,0.004890615586191416,0.018515003845095634,0.022278120368719102,0.061966083198785785,0.0,0.06955119967460632,0.0,0.2674556374549866
5454,0.004810427129268646,0.018115781992673875,0.021931032836437225,0.06172066330909729,0.0,0.0695517286658287,0.0,0.26745671033859253
5455,0.005109435506165027,0.017718472704291343,0.021010983362793924,0.062482011318206784,0.0,0.069549061357975,0.0,0.26745685935020447
5456,0.004758891928941011,0.017884771153330804,0.02079625092446804,0.062579195946455,0.0,0.06954167038202286,0.0,0.2674553096294403
5457,0.005212145950645208,0.017921222001314165,0.02198488898575306,0.05840046405792236,0.0,0.06953117996454239,0.0,0.26745423674583435
5458,0.00506115797907114,0.01901485286653042,0.02087758220732212,0.06227603778243065,0.0,0.06951919198036194,0.0,0.2674535810947418
5459,0.005097318813204766,0.018350982666015626,0.022558965906500816,0.061678446829319,0.0,0.06950453668832779,0.0,0.2674533426761627
5460,0.005175074748694897,0.01826825924217701,0.020452462881803513,0.06794237494468688,0.0,0.06948971003293991,0.0,0.26745304465293884
5461,0.00477101719006896,0.017795611917972565,0.021535462886095046,0.06116766110062599,0.0,0.06947660446166992,0.0,0.2674545347690582
5462,0.005109348520636559,0.018774281814694406,0.023065361008048058,0.06080093160271645,0.0,0.06946174800395966,0.0,0.26745444536209106
5463,0.005276208929717541,0.01834864020347595,0.021288420259952544,0.062012691795825955,0.0,0.06944592297077179,0.0,0.2674556076526642
5464,0.005359458364546299,0.018251508474349976,0.022475263848900796,0.05810967832803726,0.0,0.06943163275718689,0.0,0.2674565315246582
5465,0.00510699450969696,0.017442511022090913,0.023335813358426095,0.06237410604953766,0.0,0.0694192498922348,0.0,0.2674557566642761
5466,0.00532097714021802,0.01760934330523014,0.023040862753987312,0.062356258183717726,0.0,0.06940542906522751,0.0,0.2674558758735657
5467,0.005165736190974712,0.017852987349033355,0.021433150395751,0.0617323599755764,0.0,0.06939524412155151,0.0,0.267457515001297
5468,0.0053931035101413725,0.0177912674844265,0.020881596952676773,0.06555194705724716,0.0,0.06938270479440689,0.0,0.2674587070941925
5469,0.0052962546236813065,0.019072527810931206,0.020963674038648607,0.06153327226638794,0.0,0.06936967372894287,0.0,0.26746147871017456
5470,0.004907337855547667,0.018508782610297203,0.020624782145023345,0.06199505031108856,0.0,0.06935668736696243,0.0,0.26746514439582825
5471,0.005126968864351511,0.018246467038989068,0.02059710994362831,0.0602876178920269,0.0,0.06935045123100281,0.0,0.2674676775932312
5472,0.005389515217393637,0.01774919554591179,0.021733088046312334,0.0625966489315033,0.0,0.06934749335050583,0.0,0.26747238636016846
5473,0.005007365345954895,0.018168731406331063,0.021341423317790032,0.061732751131057736,0.0,0.0693390741944313,0.0,0.267477810382843
5474,0.0050827193073928354,0.017220235988497735,0.022689654678106307,0.06460694149136544,0.0,0.06933023035526276,0.0,0.2674841284751892
5475,0.005123224388808012,0.01819493845105171,0.02247159220278263,0.06297855526208877,0.0,0.06932062655687332,0.0,0.267490029335022
5476,0.004771484900265932,0.01788451187312603,0.021144546940922736,0.06211460679769516,0.0,0.06930696219205856,0.0,0.2674946188926697
5477,0.005605243053287268,0.017793720215559007,0.022440562024712563,0.06274495273828506,0.0,0.06929274648427963,0.0,0.26749828457832336
5478,0.005295115802437067,0.018191833794116975,0.02241094782948494,0.06157137006521225,0.0,0.0692814290523529,0.0,0.2675025165081024
5479,0.004941111616790295,0.01691676639020443,0.022199610993266106,0.05960251465439796,0.0,0.069272480905056,0.0,0.26750779151916504
5480,0.005076799262315035,0.01842573694884777,0.021370403096079828,0.06525915563106537,0.0,0.06925894320011139,0.0,0.2675122618675232
5481,0.005481626093387604,0.018596526980400086,0.021976664289832117,0.05957914888858795,0.0,0.06924355775117874,0.0,0.2675175666809082
5482,0.004928380064666271,0.01758473850786686,0.02173973508179188,0.05995483472943306,0.0,0.0692242756485939,0.0,0.2675216495990753
5483,0.005191682279109955,0.018398188799619675,0.02356383502483368,0.06129811853170395,0.0,0.06920482218265533,0.0,0.2675236165523529
5484,0.0052437431178987024,0.017313091829419137,0.022514103353023528,0.0634327232837677,0.0,0.0691913440823555,0.0,0.2675248086452484
5485,0.005008764006197453,0.018945080414414405,0.022244630381464958,0.060721559822559355,0.0,0.0691787526011467,0.0,0.2675241529941559
5486,0.005191346351057291,0.016824307665228844,0.022222893312573433,0.06493103876709938,0.0,0.06917230039834976,0.0,0.2675221860408783
5487,0.005324974842369557,0.01808387190103531,0.022220635414123537,0.05918617844581604,0.0,0.06916294991970062,0.0,0.26752084493637085
5488,0.005315103195607662,0.018079086393117904,0.023142005875706674,0.05802267789840698,0.0,0.06915785372257233,0.0,0.26751908659935
5489,0.005051516555249691,0.01890181563794613,0.023166996613144874,0.060506293922662734,0.0,0.06915993243455887,0.0,0.26751795411109924
5490,0.005126310978084803,0.018872955068945884,0.022768102958798407,0.06349179297685623,0.0,0.0691625326871872,0.0,0.2675175070762634
5491,0.005223712231963873,0.0176909226924181,0.023033179715275763,0.06309842765331268,0.0,0.06916694343090057,0.0,0.26751595735549927
5492,0.005473173130303622,0.01911502629518509,0.022517430037260054,0.059577572345733645,0.0,0.06917630881071091,0.0,0.26751381158828735
5493,0.005104533582925797,0.018173085525631905,0.022753074020147323,0.06172044649720192,0.0,0.06918587535619736,0.0,0.2675100862979889
5494,0.00499557638540864,0.017911150678992273,0.022168297693133353,0.0634044349193573,0.0,0.06919354945421219,0.0,0.26750457286834717
5495,0.0048378070816397665,0.017255361005663872,0.02148149609565735,0.06342361122369766,0.0,0.06919530779123306,0.0,0.2674998641014099
5496,0.005143330246210098,0.01824806407094002,0.022336225584149362,0.06107892394065857,0.0,0.06919679790735245,0.0,0.2674955427646637
5497,0.005431074649095535,0.01767141781747341,0.021373609080910683,0.059223093837499616,0.0,0.06919658184051514,0.0,0.26749134063720703
5498,0.0050425402820110325,0.017874904721975327,0.020958255976438522,0.06023955792188644,0.0,0.06919241696596146,0.0,0.26748812198638916
5499,0.00544023783877492,0.018197803944349288,0.02157990150153637,0.06070202887058258,0.0,0.06918562203645706,0.0,0.2674841284751892
5500,0.005022352747619152,0.019183260947465898,0.021822724118828775,0.06154743805527687,0.0,0.06918599456548691,0.0,0.2674829363822937
5501,0.005192756373435259,0.018846197053790092,0.022055954113602637,0.060369715094566345,0.0,0.06919224560260773,0.0,0.2674839496612549
5502,0.00531352087855339,0.01757313944399357,0.022546236217021943,0.06075609102845192,0.0,0.06919964402914047,0.0,0.26748523116111755
5503,0.0053139254450798035,0.018506546318531037,0.0237103171646595,0.0636819064617157,0.0,0.06920553743839264,0.0,0.26748642325401306
5504,0.005324885714799166,0.017180678807199,0.02131083533167839,0.05919919610023498,0.0,0.06921366602182388,0.0,0.26748642325401306
5505,0.005090180691331625,0.01758476197719574,0.023421132192015647,0.06182616204023361,0.0,0.0692249983549118,0.0,0.2674879729747772
5506,0.005251995194703341,0.018541401252150536,0.0221719391644001,0.05917783081531525,0.0,0.06923303008079529,0.0,0.26748889684677124
5507,0.005003049783408642,0.017076799273490907,0.020921286940574647,0.06454127803444862,0.0,0.06924813985824585,0.0,0.26749151945114136
5508,0.005031626205891371,0.018067726120352744,0.020851967111229896,0.061786209046840665,0.0,0.06926243752241135,0.0,0.2674933671951294
5509,0.005202142428606749,0.017452243715524673,0.021089088544249533,0.06188145503401756,0.0,0.06928195059299469,0.0,0.2674948275089264
5510,0.005176678020507097,0.018790650367736816,0.024651200324296952,0.06501908376812934,0.0,0.06930087506771088,0.0,0.2674939036369324
5511,0.004996427800506353,0.017916019819676877,0.021324141323566435,0.0620553731918335,0.0,0.06932290643453598,0.0,0.2674942910671234
5512,0.005104487389326095,0.018087825924158096,0.021859703958034514,0.06360070258378983,0.0,0.06933935731649399,0.0,0.26749593019485474
5513,0.0054909070953726765,0.017447289451956748,0.020114392042160034,0.0617928147315979,0.0,0.06935672461986542,0.0,0.2674999237060547
5514,0.005251536332070828,0.01915777437388897,0.022504265978932382,0.06268774196505547,0.0,0.06936908513307571,0.0,0.2675022482872009
5515,0.005163509864360094,0.017051123455166815,0.020919648185372352,0.06332573518157006,0.0,0.06938255578279495,0.0,0.2675054669380188
5516,0.005307266674935818,0.017886419780552387,0.02075210213661194,0.059824224561452866,0.0,0.0693901777267456,0.0,0.26751023530960083
5517,0.005091816745698452,0.017809299007058143,0.02148837149143219,0.06279434040188789,0.0,0.06939025223255157,0.0,0.2675144076347351
5518,0.005149408150464297,0.01878339648246765,0.022396378964185715,0.05913591906428337,0.0,0.06938962638378143,0.0,0.2675164043903351
5519,0.005074592959135771,0.017692655324935913,0.022505807876586913,0.06314691007137299,0.0,0.0693855881690979,0.0,0.26751676201820374
5520,0.005100293178111314,0.01783327981829643,0.02207612879574299,0.06365348249673844,0.0,0.06937520205974579,0.0,0.267516553401947
5521,0.0051552379503846165,0.01751643531024456,0.020197419077157976,0.05894558727741241,0.0,0.06936781108379364,0.0,0.26751822233200073
5522,0.005307429935783148,0.018224229291081428,0.02518218904733658,0.06279796361923218,0.0,0.06935711205005646,0.0,0.2675186097621918
5523,0.005440993327647447,0.017676470801234245,0.0225873164832592,0.061567725241184236,0.0,0.06934790313243866,0.0,0.2675175666809082
5524,0.0052507341839373115,0.017812408879399298,0.021478017419576646,0.05919682458043098,0.0,0.069334015250206,0.0,0.26751914620399475
5525,0.00501362606883049,0.017792689427733422,0.021729661151766777,0.06262833923101425,0.0,0.06931670010089874,0.0,0.2675214111804962
5526,0.0051781382411718365,0.01814517118036747,0.02141333296895027,0.0635086476802826,0.0,0.06930240243673325,0.0,0.2675236165523529
5527,0.005189291480928659,0.017107494175434113,0.021744419261813162,0.06290135011076928,0.0,0.06928876042366028,0.0,0.2675269842147827
5528,0.005236116610467434,0.017525490000844003,0.0218292947858572,0.06228818744421005,0.0,0.06927581876516342,0.0,0.2675309181213379
5529,0.0050897285342216495,0.0177687618881464,0.022975869104266168,0.061552978307008746,0.0,0.06926208734512329,0.0,0.2675347924232483
5530,0.005077627766877413,0.017550812661647798,0.022232536226511,0.05831471756100655,0.0,0.06924974173307419,0.0,0.26753899455070496
5531,0.005296898260712624,0.018282523006200792,0.021746503561735152,0.06350828185677529,0.0,0.06923593580722809,0.0,0.26754212379455566
5532,0.004792196862399578,0.017925910651683807,0.021094221621751785,0.061569510400295256,0.0,0.06922653317451477,0.0,0.2675449252128601
5533,0.005028402525931596,0.018058518692851067,0.01972724236547947,0.06363174766302108,0.0,0.06921376287937164,0.0,0.2675475478172302
5534,0.00482415109872818,0.01780853420495987,0.021169188246130944,0.06039745360612869,0.0,0.069207102060318,0.0,0.26755133271217346
5535,0.005503308866173029,0.018738768994808197,0.023818188533186912,0.06409681141376496,0.0,0.06919798254966736,0.0,0.2675538957118988
5536,0.005130131728947163,0.018152254819869994,0.02052082195878029,0.05690746754407883,0.0,0.06918959319591522,0.0,0.26755720376968384
5537,0.004911949951201677,0.017902849614620207,0.021166543662548064,0.06134083196520805,0.0,0.06918372213840485,0.0,0.2675602436065674
5538,0.005318268109112978,0.01808459833264351,0.0197105348110199,0.06601105034351348,0.0,0.06917767226696014,0.0,0.2675619423389435
5539,0.005328426882624626,0.01810533069074154,0.022129610553383826,0.06437534391880036,0.0,0.06916890293359756,0.0,0.26756370067596436
5540,0.005030833929777145,0.017981351166963578,0.020798494666814805,0.06251316145062447,0.0,0.06916360557079315,0.0,0.2675665318965912
5541,0.005311904568225145,0.01774602197110653,0.02047283835709095,0.06053524538874626,0.0,0.06915487349033356,0.0,0.26756900548934937
5542,0.005007520318031311,0.018498941510915756,0.02293464168906212,0.0657949760556221,0.0,0.06914510577917099,0.0,0.26757073402404785
5543,0.0051935878582298756,0.017724402248859406,0.02198699861764908,0.06592041254043579,0.0,0.06913834810256958,0.0,0.26757240295410156
5544,0.005511765088886023,0.01820068359375,0.021573077887296677,0.06190714836120605,0.0,0.06912704557180405,0.0,0.26757293939590454
5545,0.005143166985362768,0.017683011293411256,0.021981287002563476,0.06116074249148369,0.0,0.06911496073007584,0.0,0.2675717771053314
5546,0.005155418440699578,0.017581845074892043,0.020447921752929688,0.05895115584135056,0.0,0.06909853965044022,0.0,0.2675710618495941
5547,0.005190296657383442,0.017579779401421546,0.021375791728496553,0.061640723049640654,0.0,0.06908182799816132,0.0,0.26756954193115234
5548,0.005216908268630504,0.017088280990719795,0.023159071803092957,0.058548419177532195,0.0,0.06906566768884659,0.0,0.2675687074661255
5549,0.005060737486928701,0.016663210466504097,0.02122967839241028,0.06276321262121201,0.0,0.06904684007167816,0.0,0.2675679624080658
5550,0.0051674190908670425,0.018131723254919054,0.021226907148957253,0.057162699103355405,0.0,0.06903301179409027,0.0,0.2675664722919464
5551,0.005430414713919163,0.018483085557818413,0.020836378261446954,0.06437344923615455,0.0,0.06901626288890839,0.0,0.26756638288497925
5552,0.004822601098567247,0.01816683802753687,0.021335620433092117,0.0642161563038826,0.0,0.06900758296251297,0.0,0.26756551861763
5553,0.005277256481349468,0.01822132021188736,0.023617706075310708,0.06249676570296288,0.0,0.06899972259998322,0.0,0.2675628662109375
5554,0.005483333580195903,0.01903824880719185,0.02118458114564419,0.0639211006462574,0.0,0.0689939558506012,0.0,0.26755863428115845
5555,0.005173698347061872,0.018225743621587753,0.0207908283919096,0.05968349799513817,0.0,0.06898880749940872,0.0,0.26755470037460327
5556,0.005294164270162582,0.017712726816534997,0.02171212062239647,0.0650277242064476,0.0,0.06898783147335052,0.0,0.26755291223526
5557,0.005093497224152088,0.018602766469120978,0.01996278502047062,0.06575591713190079,0.0,0.06898631900548935,0.0,0.26755285263061523
5558,0.005071826558560133,0.017866110801696776,0.02197631970047951,0.06218191459774971,0.0,0.06898307055234909,0.0,0.2675538957118988
5559,0.005419709160923958,0.01780791990458965,0.023833456635475158,0.061632731556892396,0.0,0.068980872631073,0.0,0.26755601167678833
5560,0.0051382011733949184,0.017340289801359175,0.021529187634587287,0.06055198460817337,0.0,0.0689796656370163,0.0,0.26755860447883606
5561,0.004726365674287081,0.018611019104719163,0.021286509558558465,0.0573907233774662,0.0,0.06897751986980438,0.0,0.2675624489784241
5562,0.0050612717866897585,0.018115240335464477,0.02183762602508068,0.06066915094852447,0.0,0.06898224353790283,0.0,0.2675633132457733
5563,0.005154475942254067,0.017938066646456717,0.021444835141301154,0.06282205283641815,0.0,0.06898742914199829,0.0,0.26756471395492554
5564,0.005267953500151634,0.018497272208333016,0.02044174335896969,0.06184554174542427,0.0,0.0689944326877594,0.0,0.2675647437572479
5565,0.005160006228834391,0.018758809939026833,0.02161024548113346,0.0606430895626545,0.0,0.06900171935558319,0.0,0.26756346225738525
5566,0.005251646228134632,0.018208859860897063,0.02110655829310417,0.06287260800600052,0.0,0.06901203840970993,0.0,0.2675616145133972
5567,0.004898351337760687,0.018006224557757376,0.021967489272356033,0.05983595922589302,0.0,0.06902045011520386,0.0,0.2675597667694092
5568,0.005193640012294054,0.01810113973915577,0.020045709609985352,0.061282820999622345,0.0,0.06902443617582321,0.0,0.2675587236881256
5569,0.005188872292637825,0.018356719240546226,0.021998992934823037,0.06203383356332779,0.0,0.06903070211410522,0.0,0.2675577700138092
5570,0.0052890930324792865,0.01767684444785118,0.020766179263591766,0.06400217041373253,0.0,0.06903588026762009,0.0,0.26755571365356445
5571,0.004897902254015207,0.018236133456230163,0.02227744422852993,0.06254165396094322,0.0,0.06904464960098267,0.0,0.2675538957118988
5572,0.005215367674827576,0.017917743325233458,0.021897730976343156,0.06486383676528931,0.0,0.06905326247215271,0.0,0.2675530016422272
5573,0.005359785631299019,0.018796759843826293,0.02242819555103779,0.061293662339448926,0.0,0.06905645877122879,0.0,0.2675512135028839
5574,0.004831437766551971,0.01830953136086464,0.02297666072845459,0.05865606740117073,0.0,0.06906121969223022,0.0,0.2675492763519287
5575,0.0051650069653987885,0.017669492959976198,0.02128738760948181,0.057048090547323224,0.0,0.06906630098819733,0.0,0.26754847168922424
5576,0.005000995192676783,0.018908539041876792,0.02212456166744232,0.059879564493894574,0.0,0.06906501203775406,0.0,0.26754599809646606
5577,0.004895569197833538,0.01799529232084751,0.021914273872971533,0.0631107285618782,0.0,0.0690699964761734,0.0,0.26754462718963623
5578,0.004821134731173515,0.018415439873933792,0.02291204482316971,0.0623648576438427,0.0,0.06907346099615097,0.0,0.26754215359687805
5579,0.004961957037448883,0.018778930976986886,0.02246227115392685,0.06348914727568626,0.0,0.06907744705677032,0.0,0.2675381302833557
5580,0.005349141731858254,0.01780276782810688,0.02058035135269165,0.05948374420404434,0.0,0.06908251345157623,0.0,0.26753419637680054
5581,0.005391630250960589,0.018183682486414908,0.02129201963543892,0.06073685362935066,0.0,0.0690862238407135,0.0,0.2675304114818573
5582,0.00504111060872674,0.017615437507629395,0.020217004418373107,0.062430571764707565,0.0,0.06908437609672546,0.0,0.2675286531448364
5583,0.005260638613253832,0.018006245791912078,0.02233388423919678,0.060405997931957243,0.0,0.06907854229211807,0.0,0.26752665638923645
5584,0.005120991542935371,0.01772599071264267,0.022768305614590645,0.06193889230489731,0.0,0.06907008588314056,0.0,0.2675236165523529
5585,0.005274535063654185,0.01668289303779602,0.02222670502960682,0.06394955664873123,0.0,0.06905846297740936,0.0,0.26752156019210815
5586,0.004975782707333565,0.017748741433024406,0.02184840403497219,0.06181436851620674,0.0,0.06904332339763641,0.0,0.2675212025642395
5587,0.0050271483138203624,0.018289340659976006,0.021827468648552895,0.060713747143745424,0.0,0.06902852654457092,0.0,0.2675212025642395
5588,0.005417621973901987,0.017739732563495637,0.024008811637759208,0.06291565895080567,0.0,0.06901075690984726,0.0,0.2675204277038574
5589,0.004981243051588535,0.018031949177384377,0.022278185188770293,0.06224439069628716,0.0,0.0689944177865982,0.0,0.2675216495990753
5590,0.005339483916759491,0.01767059341073036,0.02096127048134804,0.05848513469099999,0.0,0.06898148357868195,0.0,0.26752346754074097
5591,0.004942620731890201,0.018137406557798386,0.021981872618198395,0.06284952163696289,0.0,0.0689709335565567,0.0,0.2675238251686096
5592,0.00522287031635642,0.01869434267282486,0.021294330433011054,0.06216617822647095,0.0,0.06896290928125381,0.0,0.2675229609012604
5593,0.005467469338327646,0.017766223102808,0.0213636327534914,0.060005751252174375,0.0,0.06895249336957932,0.0,0.2675211429595947
5594,0.0049911804497241976,0.018388151377439498,0.022929497808218003,0.05719627663493156,0.0,0.06893672049045563,0.0,0.26752084493637085
5595,0.005036985222250223,0.01803075484931469,0.02180812358856201,0.06063904389739037,0.0,0.06892438977956772,0.0,0.2675209939479828
5596,0.005096236336976289,0.018297580629587175,0.02135692872107029,0.06639280319213867,0.0,0.06891432404518127,0.0,0.2675212025642395
5597,0.005226541962474585,0.01764618158340454,0.021218490600585938,0.05807025879621506,0.0,0.06890825927257538,0.0,0.26752108335494995
5598,0.005049840081483126,0.01816241778433323,0.02099108323454857,0.06267767548561096,0.0,0.06890402734279633,0.0,0.2675219476222992
5599,0.005129249021410942,0.018613168224692344,0.02209373749792576,0.058185840398073195,0.0,0.06889671087265015,0.0,0.2675238251686096
5600,0.004937703534960747,0.017892932146787645,0.021273069083690643,0.06266163885593415,0.0,0.0688905268907547,0.0,0.2675263285636902
5601,0.005156010761857033,0.017907756194472314,0.020577245950698854,0.06244046539068222,0.0,0.06888972222805023,0.0,0.267530620098114
5602,0.005403872393071651,0.017801030352711678,0.020834048092365266,0.0639650858938694,0.0,0.06889045238494873,0.0,0.2675355076789856
5603,0.00498023210093379,0.0178524199873209,0.021204137429594993,0.061180009692907336,0.0,0.06889226287603378,0.0,0.26754075288772583
5604,0.005245880130678416,0.019014689698815347,0.023696406558156014,0.05582397729158402,0.0,0.06889592111110687,0.0,0.2675461769104004
5605,0.005458257347345352,0.019050713256001474,0.021782473474740983,0.06175502091646194,0.0,0.06890733540058136,0.0,0.26755064725875854
5606,0.004837670736014843,0.017185626924037932,0.019657232239842413,0.06370894089341164,0.0,0.06892511993646622,0.0,0.2675548493862152
5607,0.005108476895838976,0.01758726015686989,0.021248029172420503,0.06210403740406036,0.0,0.06893651187419891,0.0,0.26755648851394653
5608,0.005079550668597221,0.01812667176127434,0.020841562747955324,0.06202697455883026,0.0,0.06894303858280182,0.0,0.26755839586257935
5609,0.0050696760416030886,0.018229555711150168,0.02027801051735878,0.061460357159376144,0.0,0.06894899904727936,0.0,0.2675579786300659
5610,0.005504549294710159,0.01801430806517601,0.021823381632566453,0.06482271924614906,0.0,0.06895432621240616,0.0,0.26755961775779724
5611,0.005158295854926109,0.018260354921221734,0.024378500506281854,0.061480557173490526,0.0,0.06895981729030609,0.0,0.26756152510643005
5612,0.005444122012704611,0.01745404750108719,0.020787174999713897,0.058611918985843656,0.0,0.0689675360918045,0.0,0.26756125688552856
5613,0.004747699247673154,0.017966555058956148,0.0242516428232193,0.06080561727285385,0.0,0.06897474825382233,0.0,0.2675585150718689
5614,0.005040749069303274,0.017477021738886832,0.019845166057348252,0.06169188395142555,0.0,0.0689777359366417,0.0,0.2675544321537018
5615,0.004965335875749588,0.018639256432652473,0.02301499806344509,0.06259894743561745,0.0,0.06897735595703125,0.0,0.2675493359565735
5616,0.005199443269520998,0.018435056880116464,0.021461731195449828,0.060249926149845125,0.0,0.06897514313459396,0.0,0.2675449252128601
5617,0.0050699695944786075,0.018714320659637452,0.020665936172008514,0.06154680922627449,0.0,0.0689685046672821,0.0,0.2675418257713318
5618,0.005161467008292675,0.017975716292858122,0.02133987583220005,0.06126275584101677,0.0,0.0689590722322464,0.0,0.2675391435623169
5619,0.005104334093630314,0.017561892792582513,0.022102455049753188,0.060144169628620146,0.0,0.06894907355308533,0.0,0.26753950119018555
5620,0.005090916808694601,0.017925212159752846,0.021839097142219543,0.06303008273243904,0.0,0.06893908232450485,0.0,0.2675406336784363
5621,0.00524488901719451,0.017506057769060133,0.021599965542554854,0.06604109853506088,0.0,0.06892669200897217,0.0,0.26754069328308105
5622,0.005041905306279659,0.017992022261023522,0.02303788736462593,0.05972140431404114,0.0,0.06892183423042297,0.0,0.267539918422699
5623,0.005391039233654737,0.01854284480214119,0.02162965275347233,0.06152627542614937,0.0,0.06891381740570068,0.0,0.26754140853881836
5624,0.005138536915183067,0.017997679486870765,0.02172091752290726,0.058753936737775805,0.0,0.06890863180160522,0.0,0.26754581928253174
5625,0.005265826731920243,0.018637354671955108,0.021974758058786393,0.05918425023555755,0.0,0.06890159845352173,0.0,0.26755064725875854
5626,0.005157887376844883,0.01790042147040367,0.02164648026227951,0.061104705184698106,0.0,0.06889434158802032,0.0,0.26755455136299133
5627,0.0052809853106737135,0.018163396418094634,0.021009329706430435,0.06319185048341751,0.0,0.06888795644044876,0.0,0.2675592005252838
5628,0.004825790133327246,0.017431845888495445,0.02073350325226784,0.05987568199634552,0.0,0.06887978315353394,0.0,0.26756298542022705
5629,0.005054652877151966,0.018284063041210174,0.023688730597496033,0.06104645207524299,0.0,0.06887342035770416,0.0,0.26756495237350464
5630,0.005021136999130249,0.01885359324514866,0.02283160760998726,0.06264503449201583,0.0,0.06886555999517441,0.0,0.26756465435028076
5631,0.005188000481575727,0.017580822855234147,0.02421240843832493,0.060795579105615616,0.0,0.06886165589094162,0.0,0.26756468415260315
5632,0.005121199786663056,0.018362851440906526,0.020644234493374825,0.06267072558403015,0.0,0.06885285675525665,0.0,0.26756420731544495
5633,0.005406223889440298,0.018515659123659135,0.020199138671159744,0.06287245750427246,0.0,0.06884422153234482,0.0,0.26756125688552856
5634,0.005009303148835897,0.01828054487705231,0.02108309417963028,0.06063352227210998,0.0,0.06883777678012848,0.0,0.26755744218826294
5635,0.0056008419021964075,0.01836136132478714,0.022203464806079865,0.05959040746092796,0.0,0.06883154064416885,0.0,0.2675545811653137
5636,0.005331878364086151,0.018282753229141236,0.02195412665605545,0.06165066510438919,0.0,0.0688323825597763,0.0,0.26754969358444214
5637,0.005299980565905571,0.018302737921476363,0.023078467696905136,0.06117253676056862,0.0,0.06883849948644638,0.0,0.26754409074783325
5638,0.005328447092324495,0.017862024530768395,0.020791158825159074,0.06520560085773468,0.0,0.06884105503559113,0.0,0.2675364017486572
5639,0.0052399937063455585,0.018407391756772994,0.020966602116823198,0.06422029361128807,0.0,0.06884266436100006,0.0,0.26752907037734985
5640,0.005105408653616905,0.01710529625415802,0.021983880922198294,0.06134548857808113,0.0,0.06884793937206268,0.0,0.26752379536628723
5641,0.00523198414593935,0.01852513700723648,0.02198505699634552,0.063106457144022,0.0,0.06885717809200287,0.0,0.26751744747161865
5642,0.004976036120206117,0.017844809964299203,0.02127569690346718,0.05982372835278511,0.0,0.06886394321918488,0.0,0.2675134837627411
5643,0.005214755237102508,0.01785312481224537,0.022325967624783515,0.06058605089783668,0.0,0.06886778771877289,0.0,0.2675112783908844
5644,0.005309952422976494,0.019027917832136153,0.021862418577075004,0.06161388531327248,0.0,0.06887365877628326,0.0,0.2675102949142456
5645,0.005235816445201635,0.01841641589999199,0.02266530990600586,0.06455395370721817,0.0,0.06888007372617722,0.0,0.2675098776817322
5646,0.005301173217594624,0.018027311936020852,0.0224475871771574,0.06002981439232826,0.0,0.0688958391547203,0.0,0.2675102651119232
5647,0.005544329155236482,0.018844563513994217,0.022211967408657073,0.05842532142996788,0.0,0.06891214102506638,0.0,0.2675105631351471
5648,0.005475009884685278,0.01815841719508171,0.022360436618328094,0.05584794655442238,0.0,0.06892722100019455,0.0,0.26751014590263367
5649,0.0051387626677751545,0.017526021227240562,0.021612425893545152,0.06303805112838745,0.0,0.06894099712371826,0.0,0.2675115764141083
5650,0.0053431357257068155,0.0182259526103735,0.02226189263164997,0.06092921495437622,0.0,0.06895067542791367,0.0,0.2675117254257202
5651,0.005074493587017059,0.018137966468930244,0.02168070413172245,0.06147344782948494,0.0,0.06895651668310165,0.0,0.26751405000686646
5652,0.005243523418903351,0.0184620164334774,0.021996669471263885,0.06120504215359688,0.0,0.06895746290683746,0.0,0.2675169110298157
5653,0.004893397446721792,0.017419541254639626,0.020976204052567483,0.06257178336381912,0.0,0.06895743310451508,0.0,0.26751941442489624
5654,0.005451290961354971,0.01688918098807335,0.020782708749175073,0.06395409107208253,0.0,0.06895481795072556,0.0,0.2675209641456604
5655,0.0053320549428462986,0.018079869076609613,0.021375517919659616,0.06247534081339836,0.0,0.0689503401517868,0.0,0.26752153038978577
5656,0.005180541984736919,0.0180947694927454,0.021959972754120826,0.061166216433048246,0.0,0.0689450353384018,0.0,0.2675195336341858
5657,0.004928748309612274,0.01776319183409214,0.021270064637064934,0.06272860020399093,0.0,0.06893832981586456,0.0,0.26751846075057983
5658,0.005292599461972714,0.018557118624448775,0.02335275299847126,0.0605285793542862,0.0,0.06893850117921829,0.0,0.2675166726112366
5659,0.0049178053624928,0.01790899261832237,0.02053801566362381,0.059598635882139206,0.0,0.06893712282180786,0.0,0.2675149738788605
5660,0.005771322827786207,0.018294176273047923,0.02156662829220295,0.06387105211615562,0.0,0.06893756985664368,0.0,0.26751434803009033
5661,0.005249983351677656,0.01794774681329727,0.022317228466272356,0.06034277006983757,0.0,0.06894133239984512,0.0,0.26751333475112915
5662,0.005013392493128777,0.017870078235864638,0.02340579926967621,0.0600268192589283,0.0,0.06894566863775253,0.0,0.26751023530960083
5663,0.00536071602255106,0.01875876858830452,0.02220967784523964,0.0605646938085556,0.0,0.06895078718662262,0.0,0.2675083577632904
5664,0.005112770851701498,0.01877952739596367,0.021643036976456642,0.05717693567276001,0.0,0.06895974278450012,0.0,0.267505943775177
5665,0.005423627328127623,0.017776986211538316,0.022035344690084457,0.05859483927488327,0.0,0.0689668208360672,0.0,0.2675017714500427
5666,0.005124866403639317,0.01761656068265438,0.022512055188417434,0.06172184124588966,0.0,0.06896860897541046,0.0,0.26749733090400696
5667,0.0052296661771833895,0.018823473900556564,0.022289741784334183,0.06409852877259255,0.0,0.06896884739398956,0.0,0.2674928605556488
5668,0.005136392824351787,0.016885057836771012,0.022292935848236085,0.0609562948346138,0.0,0.06896637380123138,0.0,0.26748865842819214
5669,0.00505576292052865,0.016851284354925156,0.021522773802280425,0.06280584707856178,0.0,0.06895926594734192,0.0,0.2674829065799713
5670,0.005128811672329902,0.01761520206928253,0.023242805898189545,0.06454882025718689,0.0,0.06894942373037338,0.0,0.26747527718544006
5671,0.004917823150753975,0.018312226608395578,0.02140367105603218,0.06334978193044663,0.0,0.06894031912088394,0.0,0.26746946573257446
5672,0.005275005754083395,0.018070495501160622,0.021253810450434684,0.05903026908636093,0.0,0.06892941892147064,0.0,0.26746439933776855
5673,0.005062911659479141,0.017908978462219238,0.022719580307602884,0.06415986567735672,0.0,0.06892373412847519,0.0,0.2674616277217865
5674,0.005259053781628609,0.017728253453969955,0.022057504579424857,0.06376120820641518,0.0,0.06892721354961395,0.0,0.2674599587917328
5675,0.005222330708056689,0.01779438816010952,0.02255124822258949,0.06120352149009704,0.0,0.06893410533666611,0.0,0.26745834946632385
5676,0.0053638768382370475,0.01794194132089615,0.02040013633668423,0.06228888109326362,0.0,0.06894185394048691,0.0,0.26745671033859253
5677,0.005361989326775074,0.018603777512907982,0.021378780901432037,0.05936559662222862,0.0,0.06894595921039581,0.0,0.26745715737342834
5678,0.0051033333875238895,0.017690230160951614,0.02261251024901867,0.06011181473731995,0.0,0.06894450634717941,0.0,0.2674585282802582
5679,0.005610221717506647,0.017518696188926697,0.021653486788272856,0.06145008206367493,0.0,0.06894388049840927,0.0,0.2674587368965149
5680,0.005384623818099499,0.01792813539505005,0.022598844766616822,0.06267196834087371,0.0,0.0689399391412735,0.0,0.26745906472206116
5681,0.0051730208098888395,0.017811117321252824,0.020996220782399176,0.06231967955827713,0.0,0.06893285363912582,0.0,0.2674589157104492
5682,0.005184413865208626,0.017161571979522706,0.02194388583302498,0.060240887105464935,0.0,0.06892696768045425,0.0,0.2674593925476074
5683,0.004915071837604046,0.01810208484530449,0.0199017908424139,0.061730241775512694,0.0,0.068921759724617,0.0,0.267461359500885
5684,0.005053362715989352,0.018626492843031882,0.021182040125131606,0.06396458894014359,0.0,0.0689128190279007,0.0,0.2674621045589447
5685,0.005225030332803726,0.018855802714824677,0.018883916735649108,0.06270098090171813,0.0,0.06890656054019928,0.0,0.267462819814682
5686,0.004916523490101099,0.018082980811595917,0.022306513413786887,0.05996590629220009,0.0,0.0688987523317337,0.0,0.2674650549888611
5687,0.005221256148070097,0.017136739566922188,0.02328995503485203,0.06365751549601555,0.0,0.06888759136199951,0.0,0.2674644887447357
5688,0.005014847964048386,0.017078422382473944,0.021423554793000222,0.06284029930830001,0.0,0.0688743144273758,0.0,0.26746395230293274
5689,0.005328423622995615,0.01849954277276993,0.02122824266552925,0.06270327791571617,0.0,0.06885872781276703,0.0,0.26746487617492676
5690,0.00523979002609849,0.01905044913291931,0.021471235901117325,0.06179733425378799,0.0,0.0688498318195343,0.0,0.2674653232097626
5691,0.0055756915360689165,0.01812843307852745,0.02180103659629822,0.06102351769804955,0.0,0.06884823739528656,0.0,0.26746487617492676
5692,0.00544247692450881,0.01786090023815632,0.02034630477428436,0.06444010362029076,0.0,0.06884969770908356,0.0,0.26746463775634766
5693,0.005067729856818914,0.017666589468717575,0.02226126119494438,0.060129228979349136,0.0,0.06885664165019989,0.0,0.2674620449542999
5694,0.005198887642472982,0.01704259179532528,0.02113691307604313,0.06277596950531006,0.0,0.06886105239391327,0.0,0.2674594819545746
5695,0.005115638114511966,0.019077476114034653,0.021439386531710625,0.059122776985168456,0.0,0.06887097656726837,0.0,0.26745814085006714
5696,0.005402263719588518,0.01724027805030346,0.021653103455901147,0.0643269181251526,0.0,0.06889140605926514,0.0,0.26745516061782837
5697,0.004845806676894426,0.018559224531054498,0.02090537138283253,0.06451035439968109,0.0,0.06890977919101715,0.0,0.2674555480480194
5698,0.004995407164096832,0.01816015802323818,0.021325856819748877,0.06321065053343773,0.0,0.06893078237771988,0.0,0.2674577534198761
5699,0.004939869698137045,0.018310702592134475,0.02226276807487011,0.05950698554515839,0.0,0.06894627213478088,0.0,0.26746025681495667
5700,0.00528559610247612,0.01813712455332279,0.021372219547629356,0.061078549921512605,0.0,0.06896144151687622,0.0,0.2674618661403656
5701,0.005661064013838768,0.0179017785936594,0.021286050975322723,0.06041303426027298,0.0,0.0689762681722641,0.0,0.2674631178379059
5702,0.005256734322756529,0.01848781928420067,0.0203556552529335,0.0567678913474083,0.0,0.06899042427539825,0.0,0.267464816570282
5703,0.005158714950084686,0.01907340660691261,0.021886876225471495,0.06377815976738929,0.0,0.06900063157081604,0.0,0.2674664855003357
5704,0.005024910159409046,0.017847827449440957,0.02224218100309372,0.06140008866786957,0.0,0.06901630014181137,0.0,0.26746660470962524
5705,0.005669097229838371,0.018392931669950485,0.021395572647452354,0.059992607682943344,0.0,0.06903181970119476,0.0,0.2674652934074402
5706,0.005113781243562698,0.01802203468978405,0.02186182215809822,0.06124392598867416,0.0,0.06905006617307663,0.0,0.2674652934074402
5707,0.005151105765253306,0.018729180470108985,0.02032969444990158,0.0592943400144577,0.0,0.06906261295080185,0.0,0.2674660086631775
5708,0.0050935687497258185,0.017077748477458955,0.020867279917001724,0.0631300799548626,0.0,0.06907397508621216,0.0,0.2674649655818939
5709,0.005144549626857042,0.018375027924776077,0.021535103768110277,0.0588174358010292,0.0,0.06908611953258514,0.0,0.2674632668495178
5710,0.005082660634070635,0.019325454160571097,0.020668452605605125,0.05961988344788551,0.0,0.06910043954849243,0.0,0.26746079325675964
5711,0.005093859601765871,0.018075930327177046,0.022084879130125044,0.061271777004003526,0.0,0.06911510974168777,0.0,0.2674597203731537
5712,0.0051130387000739574,0.018479937314987184,0.020980068668723106,0.06154731959104538,0.0,0.06912567466497421,0.0,0.2674599885940552
5713,0.0050556095317006115,0.018465662375092506,0.022154060751199724,0.06455139666795731,0.0,0.06913253664970398,0.0,0.26746001839637756
5714,0.004818397946655751,0.017868557944893837,0.020305175706744193,0.05975576490163803,0.0,0.06913812458515167,0.0,0.2674591839313507
5715,0.005271810758858919,0.017527661100029946,0.019309453293681146,0.06777365580201149,0.0,0.06914778798818588,0.0,0.2674608826637268
5716,0.0051815715618431565,0.017806167528033257,0.021282611414790154,0.06071911305189133,0.0,0.0691579133272171,0.0,0.2674608826637268
5717,0.005633503012359142,0.017673040553927422,0.021089807525277136,0.062284869700670244,0.0,0.06916578859090805,0.0,0.2674608826637268
5718,0.005172339081764221,0.019070015102624894,0.022423377260565758,0.06618161499500275,0.0,0.06916804611682892,0.0,0.2674606740474701
5719,0.005013479292392731,0.018166641145944594,0.02055104598402977,0.06186201050877571,0.0,0.0691671371459961,0.0,0.26745882630348206
5720,0.005236399453133344,0.01842155009508133,0.02224503643810749,0.06040463149547577,0.0,0.06916557252407074,0.0,0.2674564719200134
5721,0.005242082476615906,0.018214373476803304,0.02258414216339588,0.06319454312324524,0.0,0.06916601955890656,0.0,0.2674529254436493
5722,0.00507763558998704,0.018698118254542352,0.022064097970724107,0.061796105653047564,0.0,0.06916789710521698,0.0,0.2674484848976135
5723,0.004894139152020216,0.018168478459119796,0.023377668857574464,0.06251983493566513,0.0,0.06916674226522446,0.0,0.26744478940963745
5724,0.005020564049482345,0.0178337037563324,0.022609570622444154,0.06306217610836029,0.0,0.06916175782680511,0.0,0.2674412131309509
5725,0.004832394979894161,0.01796330139040947,0.02057727091014385,0.06208848282694816,0.0,0.06915612518787384,0.0,0.2674369812011719
5726,0.004928742628544569,0.017776549980044364,0.022826467454433442,0.06158135384321213,0.0,0.0691494271159172,0.0,0.26743364334106445
5727,0.005521850194782019,0.017982806265354156,0.021285579726099967,0.062295176833868024,0.0,0.06914413720369339,0.0,0.26743084192276
5728,0.005334390141069889,0.01684047393500805,0.021762299165129662,0.05734916254878044,0.0,0.06913963705301285,0.0,0.2674313485622406
5729,0.005017886497080326,0.018610983714461328,0.023312400653958322,0.061974919587373736,0.0,0.0691332072019577,0.0,0.26743263006210327
5730,0.005162818450480699,0.01859201826155186,0.021914513036608695,0.056395591050386426,0.0,0.0691295638680458,0.0,0.26743507385253906
5731,0.0049382087774574755,0.018422870710492135,0.021010446175932885,0.06425621658563614,0.0,0.06913047283887863,0.0,0.2674384117126465
5732,0.005457968357950449,0.018423182889819145,0.02109428271651268,0.061020097136497496,0.0,0.06913105398416519,0.0,0.2674412131309509
5733,0.005823031067848206,0.017681159451603888,0.02240045927464962,0.06018635779619217,0.0,0.06913159787654877,0.0,0.2674431800842285
5734,0.004924727696925401,0.018290913105010985,0.021511051058769225,0.062486632168293,0.0,0.06913048028945923,0.0,0.2674439549446106
5735,0.005440906807780266,0.01879400610923767,0.021264364942908287,0.05999128818511963,0.0,0.06912852823734283,0.0,0.2674432396888733
5736,0.00537439975887537,0.017751503735780716,0.02301056757569313,0.06176298037171364,0.0,0.0691262036561966,0.0,0.26744112372398376
5737,0.005012527108192444,0.01886698417365551,0.02114162892103195,0.0655691720545292,0.0,0.06913091987371445,0.0,0.2674364149570465
5738,0.005197377502918243,0.018685633316636086,0.022453483566641806,0.06063227728009224,0.0,0.06913729012012482,0.0,0.2674308717250824
5739,0.005325536709278822,0.018575413152575493,0.022490071877837182,0.06143638044595719,0.0,0.06914754211902618,0.0,0.2674259543418884
5740,0.005137734394520521,0.018225010484457016,0.021412215754389764,0.05929567515850067,0.0,0.06915675848722458,0.0,0.2674228549003601
5741,0.004778439644724131,0.017715346813201905,0.022401947528123856,0.06340759024024009,0.0,0.06916910409927368,0.0,0.26741981506347656
5742,0.0051290997304022316,0.01765395440161228,0.023632963374257087,0.061081410944461824,0.0,0.06918521970510483,0.0,0.26741692423820496
5743,0.005010281596332789,0.018414584547281267,0.022528369352221488,0.05817412808537483,0.0,0.06919903308153152,0.0,0.2674150764942169
5744,0.005291962809860706,0.018122566491365434,0.022217290103435518,0.060444748401641844,0.0,0.06921018660068512,0.0,0.26741406321525574
5745,0.005364738125354052,0.017942374944686888,0.022275235503911972,0.06147521585226059,0.0,0.06921704858541489,0.0,0.2674120366573334
5746,0.0052850285544991495,0.01749488338828087,0.022380907088518143,0.05893203914165497,0.0,0.06922465562820435,0.0,0.2674121856689453
5747,0.005035611242055893,0.01844695508480072,0.022844773158431052,0.06142230480909348,0.0,0.06923064589500427,0.0,0.2674124538898468
5748,0.005134256836026907,0.018563395738601683,0.021578916162252427,0.059472381323575976,0.0,0.0692378431558609,0.0,0.2674112915992737
5749,0.005268956441432238,0.017816316336393356,0.022143184766173364,0.06179152131080627,0.0,0.06924227625131607,0.0,0.26740941405296326
5750,0.005314715206623077,0.018111363425850867,0.021581412851810457,0.057394107431173326,0.0,0.06924493610858917,0.0,0.26740604639053345
5751,0.005299632344394923,0.018132217600941657,0.02204437889158726,0.06082380637526512,0.0,0.06924550235271454,0.0,0.2674042582511902
5752,0.004968374688178301,0.017264313995838165,0.023002246022224428,0.060544805228710176,0.0,0.06924264878034592,0.0,0.2674035429954529
5753,0.005517518986016512,0.017644904926419257,0.02147606872022152,0.060758672654628754,0.0,0.06923190504312515,0.0,0.26740312576293945
5754,0.005052551906555891,0.018214716389775277,0.019693900272250174,0.06323543265461921,0.0,0.06921859085559845,0.0,0.26740360260009766
5755,0.005210157297551632,0.01860635057091713,0.021498553454875946,0.06137925013899803,0.0,0.06920251995325089,0.0,0.26740556955337524
5756,0.005180114321410656,0.0181028313934803,0.02264525294303894,0.059435001015663146,0.0,0.06918427348136902,0.0,0.26740676164627075
5757,0.005187783762812615,0.017975229024887084,0.022208839654922485,0.06303906664252282,0.0,0.06916510313749313,0.0,0.26740580797195435
5758,0.005213915091007948,0.01800602227449417,0.021183065325021743,0.0609196849167347,0.0,0.06915239989757538,0.0,0.267404168844223
5759,0.005098855402320623,0.019500701874494552,0.023416951298713684,0.06246518790721893,0.0,0.06914351880550385,0.0,0.26740431785583496
5760,0.0051363356411457065,0.017627115175127984,0.021774204075336458,0.05947815254330635,0.0,0.06914389878511429,0.0,0.26740381121635437
5761,0.005444294586777687,0.0179103996604681,0.022501882910728455,0.058267148584127425,0.0,0.06914489716291428,0.0,0.2674025297164917
5762,0.005464445054531098,0.018705188855528833,0.021779555827379227,0.05975364074110985,0.0,0.06915116310119629,0.0,0.2674018442630768
5763,0.005318544432520866,0.01798110269010067,0.021528884395956994,0.060170437395572665,0.0,0.06916005909442902,0.0,0.2674016058444977
5764,0.005334013514220715,0.01787859611213207,0.02198650352656841,0.06285072341561318,0.0,0.06916990131139755,0.0,0.2674008309841156
5765,0.005211077723652124,0.018056371808052064,0.02287437655031681,0.06342641934752465,0.0,0.0691816583275795,0.0,0.26739898324012756
5766,0.004925499763339758,0.01846172772347927,0.021641023829579352,0.059398818761110306,0.0,0.06919313967227936,0.0,0.26739752292633057
5767,0.005371142830699682,0.01921197436749935,0.021104900911450387,0.05916074737906456,0.0,0.06920437514781952,0.0,0.26739558577537537
5768,0.004954525735229254,0.018063336610794067,0.02221403121948242,0.058597312122583387,0.0,0.0692153126001358,0.0,0.26739367842674255
5769,0.004825528804212808,0.018070845305919646,0.02165265902876854,0.0591049425303936,0.0,0.06923436373472214,0.0,0.26739004254341125
5770,0.00469889109954238,0.018332653865218162,0.020394133403897285,0.06006290465593338,0.0,0.06925809383392334,0.0,0.26738694310188293
5771,0.005102973524481058,0.018014122545719147,0.02187497466802597,0.05889112874865532,0.0,0.06928246468305588,0.0,0.26738378405570984
5772,0.005127624701708555,0.018768205866217615,0.021191604435443878,0.06122164502739906,0.0,0.06930793821811676,0.0,0.2673826813697815
5773,0.004907493107020855,0.017832930013537408,0.02146143801510334,0.06026371344923973,0.0,0.0693427249789238,0.0,0.2673794627189636
5774,0.005167188961058855,0.017827294394373895,0.020478570088744163,0.06661211550235749,0.0,0.06937513500452042,0.0,0.26737603545188904
5775,0.005219807289540768,0.01760820597410202,0.023991888388991356,0.06441895291209221,0.0,0.0694047063589096,0.0,0.26737266778945923
5776,0.005158935859799385,0.018238159641623498,0.022450720146298408,0.0591867133975029,0.0,0.06943601369857788,0.0,0.267368882894516
5777,0.0054367056116461756,0.01813638098537922,0.02206171602010727,0.058309240639209746,0.0,0.06946492195129395,0.0,0.26736611127853394
5778,0.004987422842532396,0.018404655531048773,0.02217397131025791,0.0620935782790184,0.0,0.06949126720428467,0.0,0.26736417412757874
5779,0.005503908358514309,0.01742047630250454,0.02139696627855301,0.06080734729766846,0.0,0.06952274590730667,0.0,0.2673623859882355
5780,0.005424973741173744,0.01818651631474495,0.020611287280917167,0.06504508852958679,0.0,0.06954775750637054,0.0,0.26736384630203247
5781,0.005697122868150472,0.017047196999192236,0.020842324942350388,0.06289434134960174,0.0,0.06956732273101807,0.0,0.267367422580719
5782,0.005575293209403753,0.01714004557579756,0.02244051806628704,0.060784217715263364,0.0,0.06957976520061493,0.0,0.26737159490585327
5783,0.004979969840496779,0.01758076287806034,0.022549325600266457,0.058968380093574524,0.0,0.06959033757448196,0.0,0.26737484335899353
5784,0.005386269185692072,0.01764023005962372,0.022421681508421897,0.06446067318320274,0.0,0.06959930807352066,0.0,0.26737654209136963
5785,0.005144594050943851,0.01829759292304516,0.019822292774915696,0.06408260762691498,0.0,0.06960485875606537,0.0,0.2673782408237457
5786,0.0051688263192772865,0.017980124428868295,0.021647240966558456,0.06654351055622101,0.0,0.06961236894130707,0.0,0.26737865805625916
5787,0.005172861088067293,0.01766311824321747,0.021795756369829177,0.06178766638040543,0.0,0.0696205347776413,0.0,0.2673798203468323
5788,0.0057456308975815775,0.019067354127764703,0.02282402738928795,0.06302403658628464,0.0,0.06962982565164566,0.0,0.2673816382884979
5789,0.005135384202003479,0.01816551946103573,0.022255997732281686,0.059415679425001144,0.0,0.06963981688022614,0.0,0.2673812806606293
5790,0.0054646612145006655,0.018335552513599397,0.021844439953565598,0.059024689346551897,0.0,0.06965290009975433,0.0,0.2673807144165039
5791,0.005474080890417099,0.018123352900147438,0.020616738125681877,0.06353438943624497,0.0,0.06966845691204071,0.0,0.26737937331199646
5792,0.004712116532027721,0.01856130138039589,0.02294929213821888,0.05927186980843544,0.0,0.06968526542186737,0.0,0.26737645268440247
5793,0.005098154302686453,0.017250572517514228,0.022395622357726096,0.06334188058972359,0.0,0.06970228999853134,0.0,0.26737308502197266
5794,0.005231741350144148,0.01788470558822155,0.02169981375336647,0.05798126459121704,0.0,0.06972088664770126,0.0,0.2673720717430115
5795,0.005092713329941034,0.017511053010821342,0.02241458259522915,0.062484164535999295,0.0,0.06974302232265472,0.0,0.26737040281295776
5796,0.0050564917735755445,0.017669200152158736,0.02185458466410637,0.06139055714011192,0.0,0.06977071613073349,0.0,0.2673676609992981
5797,0.00529532078653574,0.01885695867240429,0.021776279807090758,0.06481920331716537,0.0,0.06979508697986603,0.0,0.2673635482788086
5798,0.005080372747033835,0.017640012502670287,0.020908869057893752,0.061546026915311816,0.0,0.0698128193616867,0.0,0.26736292243003845
5799,0.0052034349180758,0.017535841092467308,0.021342471614480017,0.05983416512608528,0.0,0.06983104348182678,0.0,0.26736360788345337
5800,0.005164118204265833,0.018174153193831442,0.021360598877072333,0.06388238444924355,0.0,0.0698455423116684,0.0,0.2673631012439728
5801,0.005525795929133892,0.018352175876498223,0.020756013318896295,0.06146128699183464,0.0,0.06986020505428314,0.0,0.2673618793487549
5802,0.0046903412789106366,0.018118472397327424,0.02177700735628605,0.061289149522781375,0.0,0.06986727565526962,0.0,0.26736027002334595
5803,0.00529986722394824,0.017622211948037148,0.021512308716773988,0.060448181629180905,0.0,0.06987722218036652,0.0,0.2673588693141937
5804,0.005091499071568251,0.018435296416282655,0.019643667340278625,0.06290177032351493,0.0,0.06988932937383652,0.0,0.2673587501049042
5805,0.0052153365686535835,0.01782032586634159,0.02036542594432831,0.06366785392165183,0.0,0.06990393996238708,0.0,0.26735764741897583
5806,0.005345685780048371,0.01780400685966015,0.024554838240146638,0.05903162136673927,0.0,0.06991616636514664,0.0,0.26735585927963257
5807,0.005546272080391645,0.01837727427482605,0.020493822172284126,0.059076907485723494,0.0,0.06992639601230621,0.0,0.2673531472682953
5808,0.005434103868901729,0.017732546478509904,0.02055302821099758,0.05733407661318779,0.0,0.06993478536605835,0.0,0.26734915375709534
5809,0.005043905880302191,0.017722152918577195,0.021048421785235406,0.0611803337931633,0.0,0.069941945374012,0.0,0.2673443555831909
5810,0.005443785060197115,0.017724788188934325,0.021733063086867333,0.062067896127700806,0.0,0.0699465349316597,0.0,0.26733916997909546
5811,0.005299239978194236,0.018726828694343566,0.022183750197291373,0.06518772393465042,0.0,0.06995050609111786,0.0,0.267332524061203
5812,0.004947309568524361,0.017455798387527467,0.02127932570874691,0.06274990066885948,0.0,0.06995178759098053,0.0,0.2673254907131195
5813,0.005474123265594244,0.017951174080371855,0.021583765372633935,0.06228059679269791,0.0,0.06994794309139252,0.0,0.26732033491134644
5814,0.00499524250626564,0.017773283645510674,0.021641375869512557,0.061310896277427675,0.0,0.06994180381298065,0.0,0.26731857657432556
5815,0.005201960261911154,0.01782430410385132,0.02342330552637577,0.0656774751842022,0.0,0.0699331983923912,0.0,0.26731833815574646
5816,0.00514184394851327,0.016843500174582006,0.02129390388727188,0.06298040747642517,0.0,0.06992042809724808,0.0,0.2673191428184509
5817,0.005346665438264608,0.016448687016963958,0.021172015741467477,0.059954607486724855,0.0,0.06990440934896469,0.0,0.26731985807418823
5818,0.005445990152657032,0.018064411357045174,0.02024691551923752,0.06552903205156327,0.0,0.06988605111837387,0.0,0.2673187851905823
5819,0.004451521951705217,0.018301595374941824,0.020608004182577133,0.06044978573918343,0.0,0.06987059116363525,0.0,0.2673172354698181
5820,0.005310680624097586,0.017988749593496323,0.023906821757555007,0.05818620249629021,0.0,0.06985583156347275,0.0,0.26731789112091064
5821,0.0048169631510972975,0.017696086689829825,0.02084723934531212,0.06016155257821083,0.0,0.06983701139688492,0.0,0.2673189043998718
5822,0.004998671170324087,0.019533250108361246,0.020986659079790117,0.06352945268154145,0.0,0.06981755048036575,0.0,0.2673179507255554
5823,0.0051609518937766555,0.017856130376458168,0.019324792362749577,0.06111516579985619,0.0,0.06980466842651367,0.0,0.2673170566558838
5824,0.005180032458156347,0.01800287961959839,0.021443453058600424,0.05908420383930206,0.0,0.0697917640209198,0.0,0.2673158347606659
5825,0.004955730680376291,0.01903909407556057,0.0212722085416317,0.06308173686265946,0.0,0.06977985799312592,0.0,0.26731550693511963
5826,0.005118002369999886,0.018366562202572823,0.023435350507497787,0.06004803851246834,0.0,0.06976653635501862,0.0,0.26731380820274353
5827,0.005432961694896221,0.018604258075356483,0.021376403421163558,0.06185121610760689,0.0,0.0697556808590889,0.0,0.26731160283088684
5828,0.005032679252326489,0.017599529400467873,0.022187118604779243,0.06181845664978027,0.0,0.0697423666715622,0.0,0.26730722188949585
5829,0.004929808620363474,0.017824338003993034,0.021254032477736474,0.06234012097120285,0.0,0.06973059475421906,0.0,0.2673019766807556
5830,0.005258608423173427,0.018585846200585364,0.021152110397815706,0.062455108016729356,0.0,0.06971494853496552,0.0,0.2672981917858124
5831,0.005320104118436575,0.018379529193043708,0.02176319733262062,0.05901418328285217,0.0,0.06969443708658218,0.0,0.267294704914093
5832,0.00509376972913742,0.017386724799871446,0.020409444347023964,0.06347856223583222,0.0,0.0696747750043869,0.0,0.267291396856308
5833,0.005156569741666317,0.017971476167440416,0.0213983952999115,0.06067078560590744,0.0,0.06966204941272736,0.0,0.26728934049606323
5834,0.005001017730683089,0.01864355690777302,0.021374737098813056,0.058948757499456404,0.0,0.06964920461177826,0.0,0.2672891914844513
5835,0.005249514803290367,0.018116338923573495,0.022505883872509003,0.06144738644361496,0.0,0.06963495910167694,0.0,0.26729097962379456
5836,0.005091369803994894,0.01795722283422947,0.020961298793554305,0.06137644648551941,0.0,0.06962324678897858,0.0,0.26729220151901245
5837,0.005322141945362091,0.019445065781474112,0.02021903805434704,0.06066771000623703,0.0,0.06961427628993988,0.0,0.26729315519332886
5838,0.005245989933609962,0.018214577436447145,0.020827991887927055,0.06132960096001625,0.0,0.0696088895201683,0.0,0.26729339361190796
5839,0.005204884242266417,0.017852120846509934,0.02087874375283718,0.06474098712205886,0.0,0.06960093975067139,0.0,0.2672913074493408
5840,0.005202623549848795,0.01878296434879303,0.021720055490732193,0.06617508605122566,0.0,0.0695875883102417,0.0,0.26728785037994385
5841,0.005004028044641018,0.018863143771886824,0.022890368849039076,0.06446765214204789,0.0,0.06958052515983582,0.0,0.26728618144989014
5842,0.005436625052243471,0.01853501982986927,0.020262914523482323,0.062248530238866805,0.0,0.06957481801509857,0.0,0.26728442311286926
5843,0.004918896127492189,0.018361480534076692,0.02012532763183117,0.06452810391783714,0.0,0.06956655532121658,0.0,0.26728254556655884
5844,0.005655796732753515,0.018027375265955926,0.019907833263278007,0.06160278469324112,0.0,0.06956030428409576,0.0,0.2672806978225708
5845,0.005210146028548479,0.018105321377515794,0.021386951580643652,0.06479032710194588,0.0,0.06955339014530182,0.0,0.2672789990901947
5846,0.004901745170354843,0.018465178832411767,0.022004367038607597,0.06399281173944474,0.0,0.0695514902472496,0.0,0.2672783434391022
5847,0.005348546337336302,0.01693482734262943,0.021771006658673285,0.0644562616944313,0.0,0.06955383718013763,0.0,0.26727819442749023
5848,0.005270840227603912,0.01701882518827915,0.021298203989863394,0.06455206647515296,0.0,0.06955410540103912,0.0,0.26727861166000366
5849,0.004984883870929479,0.017963935807347297,0.02041180953383446,0.06086766943335533,0.0,0.0695505365729332,0.0,0.26728108525276184
5850,0.005089669860899449,0.017743324488401414,0.02307612672448158,0.06209280788898468,0.0,0.06954479217529297,0.0,0.2672840356826782
5851,0.0051634183153510095,0.018076569586992264,0.020872614905238153,0.062519171833992,0.0,0.06953969597816467,0.0,0.2672867178916931
5852,0.005165895726531744,0.01774006597697735,0.02234642133116722,0.06133628785610199,0.0,0.0695362314581871,0.0,0.26729080080986023
5853,0.005671258829534054,0.016859323903918266,0.02123072147369385,0.06600619032979012,0.0,0.06952989101409912,0.0,0.2672945559024811
5854,0.005334876943379641,0.01793164536356926,0.02309890240430832,0.06231662333011627,0.0,0.06951890140771866,0.0,0.26729679107666016
5855,0.005224519222974777,0.018363377079367638,0.02355743609368801,0.06191143617033958,0.0,0.06950521469116211,0.0,0.2672964632511139
5856,0.005321050900965929,0.017995726317167282,0.021584657579660417,0.06159032955765724,0.0,0.06948845088481903,0.0,0.2672964930534363
5857,0.005300935450941324,0.017988074198365213,0.021881983801722526,0.06112295538187027,0.0,0.06947018206119537,0.0,0.26729816198349
5858,0.005407930538058281,0.017443208396434783,0.021838724613189697,0.05963761582970619,0.0,0.06945421546697617,0.0,0.2672976553440094
5859,0.005172399990260601,0.017842180281877517,0.02255740612745285,0.06316907852888107,0.0,0.06944026052951813,0.0,0.2672950029373169
5860,0.005021984223276377,0.018106482923030853,0.023267336934804917,0.0634294643998146,0.0,0.06942541152238846,0.0,0.26729416847229004
5861,0.005211798660457134,0.01817053519189358,0.022446711361408234,0.06296638920903205,0.0,0.06941096484661102,0.0,0.2672925591468811
5862,0.004778742790222168,0.018631772324442863,0.021619991213083268,0.06194685101509094,0.0,0.06939318776130676,0.0,0.2672904133796692
5863,0.0050411496311426164,0.018327440321445464,0.02322966977953911,0.06271707192063332,0.0,0.06937681883573532,0.0,0.26728954911231995
5864,0.005134669691324234,0.018675752729177476,0.02266433909535408,0.06291642412543297,0.0,0.06936024874448776,0.0,0.26728788018226624
5865,0.005224572494626045,0.017827194556593894,0.022180099785327912,0.058780913800001146,0.0,0.06934157013893127,0.0,0.26728594303131104
5866,0.005183297954499721,0.01771368272602558,0.021547755226492882,0.06063745617866516,0.0,0.06932629644870758,0.0,0.26728326082229614
5867,0.005065176077187062,0.01826416850090027,0.022100719809532165,0.06150747761130333,0.0,0.06931345909833908,0.0,0.26728105545043945
5868,0.005127009470015764,0.017584898695349693,0.02177179493010044,0.05991617664694786,0.0,0.06930424273014069,0.0,0.2672788202762604
5869,0.0056127066724002365,0.017479927465319633,0.02264307327568531,0.06254568845033645,0.0,0.06929364800453186,0.0,0.26727810502052307
5870,0.004975723940879107,0.018399346247315408,0.022615130990743637,0.0651263177394867,0.0,0.06928388774394989,0.0,0.2672777771949768
5871,0.004843845497816801,0.019090822711586953,0.020909113436937334,0.060296711325645444,0.0,0.06928002834320068,0.0,0.26727861166000366
5872,0.005410021729767322,0.0185538899153471,0.02198118232190609,0.06220314577221871,0.0,0.06927748024463654,0.0,0.26728031039237976
5873,0.005059120617806912,0.018187274411320686,0.021702077612280844,0.06418081223964692,0.0,0.0692741870880127,0.0,0.2672824263572693
5874,0.005096283182501793,0.017424396052956582,0.023643610626459123,0.061495547741651536,0.0,0.06927259266376495,0.0,0.2672834098339081
5875,0.005139400996267795,0.01766170412302017,0.01992417424917221,0.06158976554870606,0.0,0.0692707747220993,0.0,0.2672852873802185
5876,0.005081381089985371,0.01867363303899765,0.01998673379421234,0.05941169112920761,0.0,0.06926794350147247,0.0,0.26728805899620056
5877,0.004939751047641039,0.01771458685398102,0.022039900720119476,0.06313978433609009,0.0,0.06926237791776657,0.0,0.2672906517982483
5878,0.004905364848673344,0.017849308252334595,0.02164435721933842,0.06076124161481857,0.0,0.06926067173480988,0.0,0.2672940194606781
5879,0.005388936772942543,0.01774844788014889,0.022769394144415856,0.06351440176367759,0.0,0.06926193833351135,0.0,0.2672998309135437
5880,0.0051817972213029865,0.01882280521094799,0.02329198718070984,0.05870733261108398,0.0,0.06926397979259491,0.0,0.26730403304100037
5881,0.005102185532450676,0.01876412145793438,0.022413747385144234,0.06261122077703477,0.0,0.06926584243774414,0.0,0.26730668544769287
5882,0.005062102898955345,0.01736486330628395,0.023151663690805437,0.06586335003376007,0.0,0.06926505267620087,0.0,0.26731011271476746
5883,0.005114630982279778,0.01782430913299322,0.022794726863503458,0.06078480631113052,0.0,0.0692635029554367,0.0,0.2673146426677704
5884,0.004896657634526491,0.017419442534446716,0.021447086334228517,0.06382387951016426,0.0,0.06925873458385468,0.0,0.26731663942337036
5885,0.004936124291270971,0.018122289888560773,0.02120930515229702,0.06251515746116638,0.0,0.06925550103187561,0.0,0.26731887459754944
5886,0.005121907871216536,0.017924845963716508,0.022450900822877883,0.0632834181189537,0.0,0.06925000250339508,0.0,0.26732325553894043
5887,0.005154375731945038,0.018185126408934594,0.020845750719308852,0.061336742341518403,0.0,0.06924345344305038,0.0,0.2673262059688568
5888,0.004882972501218319,0.017940663918852805,0.02126907929778099,0.06439042910933494,0.0,0.06923885643482208,0.0,0.26732951402664185
5889,0.005004044808447361,0.017692501842975616,0.02092253342270851,0.061097773164510726,0.0,0.06923005729913712,0.0,0.26732978224754333
5890,0.005150438845157623,0.01669783629477024,0.021914226189255714,0.061222726851701735,0.0,0.06922377645969391,0.0,0.26732873916625977
5891,0.005012695584446192,0.018824053183197974,0.02065737023949623,0.05775133073329926,0.0,0.06921683251857758,0.0,0.26733094453811646
5892,0.004874060302972794,0.0187946867197752,0.023814810439944267,0.06051902398467064,0.0,0.06921539455652237,0.0,0.26733165979385376
5893,0.0049634091556072235,0.017724698036909105,0.021358430758118628,0.061707083880901334,0.0,0.06920977681875229,0.0,0.26733094453811646
5894,0.004750888235867024,0.017760235443711282,0.021646864339709283,0.061931391805410387,0.0,0.06920553743839264,0.0,0.2673296332359314
5895,0.00535190561786294,0.0175838153809309,0.021645018085837364,0.06258133426308632,0.0,0.0691966563463211,0.0,0.2673285901546478
5896,0.005370581150054931,0.01834152564406395,0.019863595068454743,0.06119214072823524,0.0,0.06918563693761826,0.0,0.26732802391052246
5897,0.005282783322036267,0.01824951618909836,0.021853453665971755,0.058756694197654724,0.0,0.06917765736579895,0.0,0.2673281133174896
5898,0.005104092694818973,0.0181317500770092,0.02308589331805706,0.05874679610133171,0.0,0.06917165219783783,0.0,0.2673286497592926
5899,0.005603937990963459,0.017971035093069077,0.021154779568314554,0.05999649614095688,0.0,0.06916884332895279,0.0,0.267330139875412
5900,0.004998913500458002,0.01818678416311741,0.022793517261743546,0.06212023869156837,0.0,0.06917029619216919,0.0,0.2673330307006836
5901,0.004851743299514055,0.018982930481433867,0.02068210020661354,0.06070205494761467,0.0,0.06916932761669159,0.0,0.2673344016075134
5902,0.005083132348954677,0.017900419235229493,0.021679827943444252,0.06672457456588746,0.0,0.06916940212249756,0.0,0.2673344612121582
5903,0.0047658151015639305,0.0189006719738245,0.021147652715444564,0.0637570783495903,0.0,0.0691775307059288,0.0,0.267333447933197
5904,0.005290131736546755,0.01834048330783844,0.02234315350651741,0.06376893073320389,0.0,0.06918823719024658,0.0,0.2673324942588806
5905,0.005063746124505997,0.018360429629683494,0.021848522126674652,0.06290624737739563,0.0,0.0692073255777359,0.0,0.26733162999153137
5906,0.00487363925203681,0.01781974919140339,0.022965963557362558,0.06055087447166443,0.0,0.06922625750303268,0.0,0.2673298120498657
5907,0.0053789555095136166,0.01728736124932766,0.022156963124871254,0.06546924263238907,0.0,0.06925109773874283,0.0,0.26732802391052246
5908,0.0049565620720386505,0.017957265302538872,0.022161073982715607,0.06108800396323204,0.0,0.06927374750375748,0.0,0.26732689142227173
5909,0.0053005989640951155,0.017612047120928766,0.021076366305351257,0.059319527447223665,0.0,0.06929673999547958,0.0,0.2673254609107971
5910,0.004931783489882946,0.017977292835712432,0.02161470800638199,0.057273649424314496,0.0,0.06931568682193756,0.0,0.2673254609107971
5911,0.004992766957730055,0.01833386979997158,0.02200716659426689,0.06472133100032806,0.0,0.06933430582284927,0.0,0.2673261761665344
5912,0.005020563490688801,0.01823752336204052,0.023804967105388642,0.06232809200882912,0.0,0.06935954093933105,0.0,0.26732873916625977
5913,0.005527602601796388,0.017747749201953412,0.022285132110118865,0.06276338025927544,0.0,0.0693795457482338,0.0,0.26733216643333435
5914,0.0049021576531231405,0.017898555472493173,0.02059917412698269,0.061960738897323606,0.0,0.06940054148435593,0.0,0.2673375606536865
5915,0.005094123538583517,0.017644191905856133,0.020925060287117957,0.06297987550497056,0.0,0.06941636651754379,0.0,0.2673436403274536
5916,0.0050897479988634585,0.018556228652596474,0.021962440013885497,0.05925944373011589,0.0,0.06943003833293915,0.0,0.2673497498035431
5917,0.004988121706992388,0.017963466048240662,0.02221086136996746,0.06124999150633812,0.0,0.06944619119167328,0.0,0.2673552334308624
5918,0.005073388013988734,0.018097005039453506,0.020399433746933936,0.06071445941925049,0.0,0.06946131587028503,0.0,0.2673594355583191
5919,0.00561321983113885,0.017580752819776536,0.02265280969440937,0.06336722820997238,0.0,0.0694768875837326,0.0,0.26736265420913696
5920,0.005113390740007162,0.0180197287350893,0.021749941632151604,0.06098862960934639,0.0,0.06948846578598022,0.0,0.2673654556274414
5921,0.005525808781385422,0.018017297983169554,0.021175670996308328,0.06188124641776085,0.0,0.06949622929096222,0.0,0.2673681378364563
5922,0.005201703030616045,0.018883904814720152,0.02155287265777588,0.06193931847810745,0.0,0.06950301676988602,0.0,0.26736998558044434
5923,0.005265228636562824,0.018059646338224412,0.02164778411388397,0.06087892428040505,0.0,0.06950739771127701,0.0,0.2673710882663727
5924,0.005186651274561882,0.01807042844593525,0.022031477093696593,0.06362973526120186,0.0,0.06951964646577835,0.0,0.2673700153827667
5925,0.005214037094265223,0.017939330264925956,0.02033795416355133,0.061477719247341155,0.0,0.06953664869070053,0.0,0.26736703515052795
5926,0.005320863891392946,0.01851443350315094,0.0218312356621027,0.062376821786165236,0.0,0.06955432146787643,0.0,0.2673628032207489
5927,0.005172841250896454,0.01769314333796501,0.022659382596611977,0.05562634095549583,0.0,0.06956847012042999,0.0,0.26735931634902954
5928,0.005288932658731938,0.01778377890586853,0.02204533964395523,0.06605764925479889,0.0,0.0695776417851448,0.0,0.26735591888427734
5929,0.004945363197475672,0.017908573523163794,0.021994609385728836,0.061679388582706454,0.0,0.06958518922328949,0.0,0.26735591888427734
5930,0.005115753691643477,0.01747710779309273,0.022159369289875032,0.06304995566606522,0.0,0.0695941224694252,0.0,0.2673589587211609
5931,0.004805963020771742,0.017867422476410866,0.023594508692622185,0.06480638533830643,0.0,0.06960134953260422,0.0,0.26736095547676086
5932,0.005361353419721127,0.018475041538476945,0.020950715616345407,0.06438362449407578,0.0,0.06960858404636383,0.0,0.2673622667789459
5933,0.0051275455392897126,0.01850309409201145,0.023318823799490927,0.06370668858289719,0.0,0.06961135566234589,0.0,0.26736563444137573
5934,0.005004716757684946,0.018181387335062027,0.021937226876616478,0.06317624896764755,0.0,0.06961717456579208,0.0,0.26736798882484436
5935,0.005125500820577144,0.019513087719678877,0.01988772228360176,0.05949607267975807,0.0,0.0696188360452652,0.0,0.2673700451850891
5936,0.005132386274635792,0.017764227092266084,0.022856029123067854,0.05821254253387451,0.0,0.06962454319000244,0.0,0.2673717141151428
5937,0.004998347163200379,0.017679962888360025,0.020076656714081764,0.06275358572602271,0.0,0.06962957233190536,0.0,0.2673732340335846
5938,0.005553963780403137,0.01802769526839256,0.02214909829199314,0.06280117705464364,0.0,0.06963618099689484,0.0,0.2673756778240204
5939,0.005342487059533596,0.017906656488776207,0.022285088896751404,0.0630135864019394,0.0,0.06964758038520813,0.0,0.26737818121910095
5940,0.0054100312292575834,0.01805974617600441,0.021206025406718253,0.060258136689662935,0.0,0.06965623795986176,0.0,0.26738131046295166
5941,0.005071768257766962,0.017976700514554977,0.021286984160542487,0.060493553429841994,0.0,0.06966567784547806,0.0,0.26738566160202026
5942,0.005298444628715515,0.018225202709436415,0.020960670709609986,0.06350212916731834,0.0,0.06967482715845108,0.0,0.2673904597759247
5943,0.005070244800299406,0.01842990070581436,0.02103099152445793,0.05986872166395187,0.0,0.06967922300100327,0.0,0.2673925757408142
5944,0.004871831368654966,0.017941905185580254,0.024955964833498,0.05918610095977783,0.0,0.06968241930007935,0.0,0.26739558577537537
5945,0.0050643540918827055,0.019287031143903732,0.02125880941748619,0.06468788012862206,0.0,0.06968618929386139,0.0,0.2673984169960022
5946,0.0051562338136136535,0.017430107295513152,0.02157562002539635,0.06192031800746918,0.0,0.06968962401151657,0.0,0.26740163564682007
5947,0.004901047889143228,0.017589420825242997,0.021258439123630523,0.06341030150651931,0.0,0.0696943923830986,0.0,0.2674015164375305
5948,0.004937042575329542,0.01823981888592243,0.020646368339657783,0.059916161745786664,0.0,0.06969530880451202,0.0,0.26740044355392456
5949,0.004954651277512312,0.01823655068874359,0.022221045941114424,0.06484886780381202,0.0,0.06969448924064636,0.0,0.2673964500427246
5950,0.005333020817488432,0.01872403658926487,0.02434527613222599,0.06126729622483253,0.0,0.06969645619392395,0.0,0.26739078760147095
5951,0.004707283433526754,0.017595846578478812,0.020455626025795936,0.0607474185526371,0.0,0.06970413029193878,0.0,0.2673833668231964
5952,0.004907134640961886,0.01727939397096634,0.023109036684036254,0.06188812851905823,0.0,0.06971003115177155,0.0,0.2673763334751129
5953,0.005415193550288677,0.018378034979104996,0.020224986597895622,0.06268958151340484,0.0,0.06971608102321625,0.0,0.26736950874328613
5954,0.005313764326274395,0.01834580712020397,0.024410996586084366,0.06062640845775604,0.0,0.06972794979810715,0.0,0.2673646807670593
5955,0.005333947110921144,0.01785246580839157,0.022336750105023385,0.06141830533742905,0.0,0.06973505020141602,0.0,0.2673617899417877
5956,0.005162289272993803,0.019006845727562904,0.021419622749090195,0.058622417598962785,0.0,0.06974262744188309,0.0,0.26736050844192505
5957,0.005195057764649391,0.01749716978520155,0.021741066500544547,0.061783880740404126,0.0,0.0697462409734726,0.0,0.2673593759536743
5958,0.004902549088001251,0.01783941350877285,0.02321869656443596,0.0638537846505642,0.0,0.06974580138921738,0.0,0.2673603594303131
5959,0.0051329929381608965,0.01703972052782774,0.021236782893538475,0.06001616045832634,0.0,0.06974098086357117,0.0,0.267365038394928
5960,0.005139962211251259,0.01839599721133709,0.023604041337966918,0.06530285254120827,0.0,0.06973467767238617,0.0,0.2673725485801697
5961,0.00485868314281106,0.01723776161670685,0.02162129282951355,0.06072283387184143,0.0,0.06973017752170563,0.0,0.2673797607421875
5962,0.00524489264935255,0.017470935359597206,0.02022397518157959,0.05842766538262367,0.0,0.06972160190343857,0.0,0.2673864960670471
5963,0.00511370524764061,0.01859818883240223,0.020202597230672838,0.06464213132858276,0.0,0.06971096992492676,0.0,0.26739197969436646
5964,0.005325910728424787,0.01840365305542946,0.021464308723807335,0.0626976527273655,0.0,0.06969686597585678,0.0,0.2673966586589813
5965,0.005090214032679796,0.01712138522416353,0.020814023539423944,0.06302814781665803,0.0,0.06968419253826141,0.0,0.2674003541469574
5966,0.005117765255272388,0.018266773596405984,0.02175729349255562,0.06183945760130882,0.0,0.06967215240001678,0.0,0.2674020230770111
5967,0.005225316341966391,0.01792535074055195,0.022974793612957,0.06531683653593064,0.0,0.06966002285480499,0.0,0.26740390062332153
5968,0.005332227051258087,0.01757173091173172,0.019967023655772208,0.06236436292529106,0.0,0.06965206563472748,0.0,0.26740556955337524
5969,0.005236559454351664,0.01774498149752617,0.02280385307967663,0.06140443906188011,0.0,0.06964677572250366,0.0,0.26740795373916626
5970,0.00553706418722868,0.018643350526690482,0.021483875811100006,0.058027691394090655,0.0,0.06963896006345749,0.0,0.26741012930870056
5971,0.005212798155844212,0.01780385971069336,0.024070587009191513,0.06100982949137688,0.0,0.06963668763637543,0.0,0.2674124836921692
5972,0.005159378331154585,0.017616162449121474,0.0214105024933815,0.06481670066714287,0.0,0.06963612884283066,0.0,0.26741522550582886
5973,0.004768128786236048,0.017707705870270728,0.02154328264296055,0.06332840844988823,0.0,0.06963479518890381,0.0,0.26741987466812134
5974,0.004973973985761404,0.018091333284974098,0.022586999461054802,0.060708986967802046,0.0,0.06963399052619934,0.0,0.2674243450164795
5975,0.005360787361860275,0.01727892681956291,0.021786878630518914,0.06491213664412498,0.0,0.0696323961019516,0.0,0.2674283981323242
5976,0.004913557134568691,0.01817743629217148,0.022916404902935027,0.06266611963510513,0.0,0.06963328272104263,0.0,0.2674315571784973
5977,0.005226267501711845,0.017726908065378667,0.02023586519062519,0.06362079381942749,0.0,0.06963326036930084,0.0,0.2674340605735779
5978,0.005421448685228825,0.019265704229474066,0.02159169688820839,0.06458050906658172,0.0,0.06963451951742172,0.0,0.26743847131729126
5979,0.005479944590479136,0.017792771384119988,0.02191871702671051,0.06145988404750824,0.0,0.06963541358709335,0.0,0.2674422562122345
5980,0.005597033351659775,0.018228472396731376,0.021750472486019135,0.05878264978528023,0.0,0.06963242590427399,0.0,0.26744702458381653
5981,0.005111328698694706,0.017852184176445008,0.021563436836004257,0.060505160689353944,0.0,0.06962840259075165,0.0,0.2674506902694702
5982,0.005026475619524717,0.017980484664440154,0.02281392030417919,0.06027762368321419,0.0,0.06962139904499054,0.0,0.2674509882926941
5983,0.005884692072868347,0.01800229512155056,0.01955868862569332,0.06192743331193924,0.0,0.06961900740861893,0.0,0.2674519419670105
5984,0.005277761723846197,0.016919158399105072,0.023320597037672995,0.060860735923051835,0.0,0.06961394846439362,0.0,0.26745378971099854
5985,0.005506850872188806,0.017418885976076125,0.0222396869212389,0.06367695704102516,0.0,0.06960807740688324,0.0,0.2674570381641388
5986,0.005131805967539549,0.018766286596655846,0.021153033897280692,0.05991212651133537,0.0,0.06960295140743256,0.0,0.2674596607685089
5987,0.005342517327517271,0.018059220165014267,0.021567685529589653,0.060496573150157926,0.0,0.06959671527147293,0.0,0.26746201515197754
5988,0.004993989318609238,0.017738599516451358,0.02206657752394676,0.06043960824608803,0.0,0.06958568096160889,0.0,0.2674630284309387
5989,0.005746396258473396,0.018707456439733504,0.022313106060028075,0.05912636667490005,0.0,0.06957381218671799,0.0,0.2674644887447357
5990,0.005069199483841658,0.017978599295020103,0.022947676852345465,0.059096858650445935,0.0,0.06955696642398834,0.0,0.26746341586112976
5991,0.005022604949772358,0.017740099877119064,0.022272483631968498,0.06022646054625511,0.0,0.06954044848680496,0.0,0.26746368408203125
5992,0.00522094750776887,0.018327291682362558,0.023313196003437044,0.061276025325059894,0.0,0.06952302157878876,0.0,0.26746368408203125
5993,0.005112278182059527,0.018203600123524667,0.02122323475778103,0.05923389196395874,0.0,0.06950927525758743,0.0,0.26746633648872375
5994,0.0052150368690490724,0.017200002819299696,0.022161507979035378,0.061116833984851834,0.0,0.06949543207883835,0.0,0.26746952533721924
5995,0.005309967324137688,0.017954016104340553,0.021607033163309097,0.06338732838630676,0.0,0.06948419660329819,0.0,0.2674700617790222
5996,0.005370605550706386,0.01678735576570034,0.02204311080276966,0.058269554376602174,0.0,0.06947814673185349,0.0,0.2674697935581207
5997,0.005323439557105303,0.01748835127800703,0.020693306624889374,0.059603750705718994,0.0,0.06947316229343414,0.0,0.2674679458141327
5998,0.005178035795688629,0.01769217774271965,0.024670333415269852,0.06465902253985405,0.0,0.06946797668933868,0.0,0.2674666941165924
5999,0.005458240956068039,0.018391341716051102,0.021716761961579324,0.06259631067514419,0.0,0.06946136802434921,0.0,0.2674619257450104
6000,0.005187956057488919,0.017714360356330873,0.021984383836388587,0.06375098377466201,0.0,0.0694577693939209,0.0,0.26745742559432983
6001,0.0053406148217618465,0.018241501227021218,0.021215827018022538,0.06109165996313095,0.0,0.06945794820785522,0.0,0.2674541473388672
6002,0.005176518578082323,0.018242726847529412,0.021364846825599672,0.06018541380763054,0.0,0.06945778429508209,0.0,0.2674507200717926
6003,0.005262526404112578,0.018705882877111436,0.02176121883094311,0.05719710066914559,0.0,0.06946762651205063,0.0,0.2674481272697449
6004,0.005369209870696068,0.017477094009518624,0.02045244164764881,0.06224293187260628,0.0,0.06947927176952362,0.0,0.26744693517684937
6005,0.005183779168874025,0.01773400418460369,0.02085561230778694,0.05844642594456673,0.0,0.06948641687631607,0.0,0.2674480676651001
6006,0.005134114623069763,0.017791328951716423,0.022350547090172767,0.060629190504550935,0.0,0.06949081271886826,0.0,0.2674483060836792
6007,0.0049969214014709,0.01733572632074356,0.02106095515191555,0.06146050691604614,0.0,0.06950458139181137,0.0,0.2674477696418762
6008,0.005226821638643742,0.01849103383719921,0.021534906327724458,0.06208408623933792,0.0,0.06951741874217987,0.0,0.26744648814201355
6009,0.005087288562208414,0.018496773019433022,0.021007052063941954,0.0612438328564167,0.0,0.06952828913927078,0.0,0.26744598150253296
6010,0.00516658192500472,0.01807970516383648,0.021930458024144173,0.06654125303030015,0.0,0.06953746825456619,0.0,0.26744401454925537
6011,0.0053040972910821434,0.018029516190290452,0.022415478900074958,0.0659144788980484,0.0,0.06954581290483475,0.0,0.26744183897972107
6012,0.004925527330487967,0.01848219782114029,0.021865934878587723,0.06255674734711647,0.0,0.06955122947692871,0.0,0.26744207739830017
6013,0.0052960772998631,0.0188991691917181,0.021532435715198518,0.05933181792497635,0.0,0.06955777853727341,0.0,0.2674432396888733
6014,0.005325429327785969,0.01743527054786682,0.022453471273183822,0.06428567543625832,0.0,0.06956310570240021,0.0,0.2674442231655121
6015,0.0051523419097065926,0.017827340960502626,0.02309280410408974,0.06093966141343117,0.0,0.06956763565540314,0.0,0.26744356751441956
6016,0.005134387873113155,0.01833442747592926,0.022184112295508384,0.060256177186965944,0.0,0.0695723220705986,0.0,0.2674461603164673
6017,0.0048804223537445065,0.018044542521238327,0.022226668521761896,0.062094776332378386,0.0,0.06957605481147766,0.0,0.2674481272697449
6018,0.0049418284557759765,0.018161677941679954,0.021533868834376337,0.058948392421007155,0.0,0.06958474963903427,0.0,0.2674492299556732
6019,0.005406254157423973,0.01771205961704254,0.021429602056741714,0.059360391646623614,0.0,0.06959623843431473,0.0,0.26744920015335083
6020,0.005216650944203138,0.018488264083862303,0.02284165397286415,0.060803718864917755,0.0,0.06960346549749374,0.0,0.2674495279788971
6021,0.005011788941919804,0.017424033395946024,0.021846043691039086,0.06416865587234497,0.0,0.06960974633693695,0.0,0.26745086908340454
6022,0.004939069505780935,0.017817872017621993,0.022722126543521882,0.05840532258152962,0.0,0.06961524486541748,0.0,0.2674526274204254
6023,0.005344471242278814,0.01865856908261776,0.023009997233748435,0.0642208181321621,0.0,0.06961894035339355,0.0,0.26745277643203735
6024,0.00533460071310401,0.018810809403657914,0.023025460168719293,0.06109219789505005,0.0,0.06962372362613678,0.0,0.267450749874115
6025,0.005068178195506335,0.018651869520545004,0.021606125682592393,0.06350641548633576,0.0,0.06962773203849792,0.0,0.26744723320007324
6026,0.005404793284833431,0.018497232347726822,0.022569379955530166,0.0612416960299015,0.0,0.06962895393371582,0.0,0.26744362711906433
6027,0.0052717732265591625,0.018706442415714265,0.02215927131474018,0.06284893378615379,0.0,0.06962593644857407,0.0,0.2674393355846405
6028,0.005226552393287421,0.019304504618048668,0.02117081396281719,0.0664338305592537,0.0,0.06962201744318008,0.0,0.267435759305954
6029,0.005169578548520804,0.018115799874067307,0.023973320424556733,0.06023674085736275,0.0,0.06962116062641144,0.0,0.267431378364563
6030,0.0055181517265737055,0.01789383701980114,0.021541716903448103,0.06349862366914749,0.0,0.06962059438228607,0.0,0.2674283981323242
6031,0.005433462001383305,0.018760960921645163,0.0209473192691803,0.05852501317858696,0.0,0.06961715221405029,0.0,0.26742735505104065
6032,0.005150287412106991,0.017954694479703902,0.021866802126169205,0.062189479172229764,0.0,0.06960897147655487,0.0,0.2674275040626526
6033,0.004704314284026623,0.017315984517335892,0.02089254669845104,0.06048767641186714,0.0,0.06960499286651611,0.0,0.2674269676208496
6034,0.005306278355419636,0.01848570965230465,0.022904784232378007,0.05935300812125206,0.0,0.06960345059633255,0.0,0.26742833852767944
6035,0.005242354329675436,0.01792815178632736,0.021830595284700393,0.06215198338031769,0.0,0.06961007416248322,0.0,0.2674303948879242
6036,0.00503965700045228,0.017744050547480582,0.02278500571846962,0.0637911655008793,0.0,0.06961722671985626,0.0,0.26743084192276
6037,0.005166317988187075,0.017885830625891684,0.022510528191924097,0.059129226952791214,0.0,0.069623664021492,0.0,0.2674321234226227
6038,0.005447505414485932,0.01810814216732979,0.023197165131568907,0.06067285761237144,0.0,0.06963402032852173,0.0,0.2674318850040436
6039,0.005581392534077167,0.017455540597438812,0.021285836398601533,0.06324320808053016,0.0,0.06964445859193802,0.0,0.2674306631088257
6040,0.005110056512057782,0.017746362090110778,0.02150033488869667,0.06270638704299927,0.0,0.0696544423699379,0.0,0.26743048429489136
6041,0.005291580222547054,0.01882999502122402,0.0210608284920454,0.062306270748376844,0.0,0.06965740770101547,0.0,0.26743054389953613
6042,0.0053054382093250755,0.018719696253538132,0.021997981145977973,0.06219837144017219,0.0,0.0696587860584259,0.0,0.2674291729927063
6043,0.004964663740247488,0.019137600809335707,0.022379237785935403,0.06316440775990487,0.0,0.06965850293636322,0.0,0.26742881536483765
6044,0.00497437734156847,0.018872058391571044,0.02210717312991619,0.06337123736739159,0.0,0.06966982036828995,0.0,0.26742973923683167
6045,0.005310049094259739,0.017531439289450647,0.0206815242767334,0.06011071801185608,0.0,0.06968040019273758,0.0,0.2674323618412018
6046,0.0050620345398783686,0.018192005529999732,0.026052340492606164,0.06116386279463768,0.0,0.0696914941072464,0.0,0.26743730902671814
6047,0.005024311784654856,0.01774180382490158,0.022006497159600256,0.060265882313251494,0.0,0.06969486176967621,0.0,0.26744380593299866
6048,0.005411987006664276,0.01823216527700424,0.022035078331828117,0.060698306560516356,0.0,0.06969325989484787,0.0,0.267447292804718
6049,0.005152173154056072,0.01794026456773281,0.024153807759284975,0.06372299268841744,0.0,0.0696885734796524,0.0,0.2674488127231598
6050,0.004912935011088848,0.018348231539130212,0.020388223230838776,0.06258653104305267,0.0,0.0696842297911644,0.0,0.2674512267112732
6051,0.0051337284035980705,0.017447487078607084,0.023171338811516763,0.061587259918451306,0.0,0.06968623399734497,0.0,0.2674524486064911
6052,0.005230811610817909,0.017720941826701163,0.021928364410996437,0.05991784334182739,0.0,0.06969203054904938,0.0,0.2674545645713806
6053,0.004923754744231701,0.017165813967585562,0.022481919452548026,0.06356317773461342,0.0,0.06969701498746872,0.0,0.2674572765827179
6054,0.005612395796924829,0.01832408457994461,0.019672731310129164,0.0656048096716404,0.0,0.06970459222793579,0.0,0.2674618363380432
6055,0.0048336884006857875,0.017425812035799026,0.02152540273964405,0.06275400817394257,0.0,0.06970903277397156,0.0,0.267465204000473
6056,0.0049976672977209095,0.017530326172709464,0.021397829055786133,0.06132139563560486,0.0,0.06970914453268051,0.0,0.2674671709537506
6057,0.004903161060065031,0.01784592904150486,0.021433838456869126,0.062058744579553606,0.0,0.06970300525426865,0.0,0.26746901869773865
6058,0.0053510843776166436,0.01782739385962486,0.02192814014852047,0.06496554836630822,0.0,0.06969384849071503,0.0,0.2674705386161804
6059,0.005081243906170129,0.018021180853247644,0.021772832423448563,0.062025776505470274,0.0,0.06968849897384644,0.0,0.2674715518951416
6060,0.005398530606180429,0.01792202517390251,0.022420304641127587,0.05831798985600471,0.0,0.06968224793672562,0.0,0.26747503876686096
6061,0.0048927820287644865,0.01698327548801899,0.02075764983892441,0.06327354684472083,0.0,0.0696769431233406,0.0,0.2674775719642639
6062,0.0047602314502000805,0.018213831633329392,0.02188350707292557,0.061552449315786364,0.0,0.06966982036828995,0.0,0.2674792408943176
6063,0.005168852768838406,0.01787130571901798,0.01943640410900116,0.06010893285274506,0.0,0.06965771317481995,0.0,0.2674800157546997
6064,0.005265897326171398,0.01752283312380314,0.02206570915877819,0.06389149278402328,0.0,0.06964768469333649,0.0,0.2674795389175415
6065,0.005161957815289497,0.017999790608882904,0.021512864530086516,0.06533709615468979,0.0,0.06964130699634552,0.0,0.26747971773147583
6066,0.00536689655855298,0.018296311423182488,0.020652761310338975,0.06028178185224533,0.0,0.06963927298784256,0.0,0.26747995615005493
6067,0.0050116535276174545,0.017915809899568556,0.021760303527116776,0.0577059805393219,0.0,0.06963827461004257,0.0,0.26748165488243103
6068,0.005261068325489759,0.01868207976222038,0.021856090053915977,0.06046064645051956,0.0,0.06964120268821716,0.0,0.2674819827079773
6069,0.005161542724817991,0.017304776795208456,0.02155524045228958,0.059661459922790525,0.0,0.06964224576950073,0.0,0.26747989654541016
6070,0.005100525170564652,0.018614213168621063,0.019960298016667367,0.060483069717884065,0.0,0.06964494287967682,0.0,0.26747608184814453
6071,0.005363590456545353,0.017352017760276794,0.021708090230822562,0.06315825283527374,0.0,0.06964786350727081,0.0,0.267473042011261
6072,0.005322617571800947,0.018220918253064156,0.021459046006202697,0.061170478165149686,0.0,0.0696461871266365,0.0,0.26747214794158936
6073,0.005028076283633709,0.018122584372758866,0.023543335497379303,0.05920521765947342,0.0,0.06964601576328278,0.0,0.26747164130210876
6074,0.005163863673806191,0.01809687092900276,0.02216850146651268,0.06225260123610497,0.0,0.06964407116174698,0.0,0.2674710750579834
6075,0.004968249797821045,0.018160003796219827,0.020887107029557227,0.06349717378616333,0.0,0.06964276731014252,0.0,0.2674708366394043
6076,0.005296022072434426,0.01833511106669903,0.021362998336553574,0.0615639828145504,0.0,0.0696418285369873,0.0,0.2674720883369446
6077,0.004576686769723892,0.016705072857439517,0.02177097462117672,0.06077130138874054,0.0,0.0696396455168724,0.0,0.26747316122055054
6078,0.005007983278483152,0.0186045091599226,0.023421023786067963,0.05914079174399376,0.0,0.06963799148797989,0.0,0.26747411489486694
6079,0.005220939125865698,0.017303654178977012,0.021379429474473,0.062191499024629594,0.0,0.0696341022849083,0.0,0.2674764096736908
6080,0.0052490636706352236,0.017882302030920984,0.02157127819955349,0.05889868587255478,0.0,0.06962357461452484,0.0,0.26747792959213257
6081,0.005204410757869482,0.017922358214855195,0.019891788065433503,0.06067521199584007,0.0,0.06961819529533386,0.0,0.2674790918827057
6082,0.005231405608355999,0.01765418201684952,0.020216213539242744,0.06207351535558701,0.0,0.06961410492658615,0.0,0.26748061180114746
6083,0.004739949386566878,0.01717026121914387,0.022089141607284545,0.06401226371526718,0.0,0.06961033493280411,0.0,0.2674819529056549
6084,0.005105759389698506,0.018373361602425576,0.021134805306792258,0.06111961305141449,0.0,0.0696030929684639,0.0,0.2674834430217743
6085,0.005278948415070772,0.016939543932676316,0.019922960549592972,0.0627311848104,0.0,0.06959901750087738,0.0,0.26748520135879517
6086,0.005333780124783516,0.01702532283961773,0.022073842585086823,0.058432795107364655,0.0,0.06958859413862228,0.0,0.26748719811439514
6087,0.005042007379233837,0.01782013587653637,0.020498459786176683,0.057280632853508,0.0,0.06957392394542694,0.0,0.26748815178871155
6088,0.005199682340025902,0.01806578189134598,0.021563843265175818,0.06195894181728363,0.0,0.06955727189779282,0.0,0.2674894332885742
6089,0.0054319572634994985,0.016574906557798384,0.021986111626029016,0.062436652928590776,0.0,0.06954028457403183,0.0,0.26749110221862793
6090,0.0050031707622110845,0.018522021174430848,0.021568777039647102,0.06276305466890335,0.0,0.0695217028260231,0.0,0.26749229431152344
6091,0.005173697508871556,0.019335367158055304,0.020340732857584955,0.06070628762245178,0.0,0.06950326263904572,0.0,0.2674911618232727
6092,0.005197626724839211,0.018303939327597617,0.02007185071706772,0.05927567258477211,0.0,0.06948809325695038,0.0,0.2674889862537384
6093,0.005284848622977734,0.01848883256316185,0.02285311035811901,0.06339836195111274,0.0,0.06947756558656693,0.0,0.2674865126609802
6094,0.004989679157733917,0.018855658546090125,0.02092403396964073,0.06348701193928719,0.0,0.06946637481451035,0.0,0.2674836814403534
6095,0.005322702042758465,0.01785944029688835,0.022012245282530783,0.06238366961479187,0.0,0.06945447623729706,0.0,0.2674829363822937
6096,0.005198097787797451,0.018335208296775818,0.021154780685901643,0.06321983933448791,0.0,0.06944192945957184,0.0,0.2674841582775116
6097,0.004920920543372631,0.01807987503707409,0.022999009862542153,0.06113976836204529,0.0,0.06943240016698837,0.0,0.2674861550331116
6098,0.005206935666501522,0.017800838127732276,0.023007859662175178,0.06298952847719193,0.0,0.0694267600774765,0.0,0.2674886882305145
6099,0.005287287477403879,0.018966800719499587,0.022225413471460342,0.06121650412678718,0.0,0.06942088156938553,0.0,0.2674909234046936
6100,0.005369885731488467,0.016504296846687794,0.021991430968046188,0.06111196354031563,0.0,0.06941507011651993,0.0,0.2674923837184906
6101,0.005195464752614498,0.01841850019991398,0.020348654314875602,0.0582176610827446,0.0,0.06940784305334091,0.0,0.26749545335769653
6102,0.004962167236953974,0.01829644665122032,0.021390554681420326,0.062199145555496216,0.0,0.06939955800771713,0.0,0.26749807596206665
6103,0.004949069861322641,0.019237369298934937,0.02001719959080219,0.06336816176772117,0.0,0.06939558684825897,0.0,0.26749905943870544
6104,0.005088674742728472,0.017010412737727167,0.023031023517251014,0.06215344443917274,0.0,0.0693909227848053,0.0,0.2674993574619293
6105,0.005218844395130873,0.017819241806864738,0.023294347524642944,0.059862878173589706,0.0,0.06938759982585907,0.0,0.26749998331069946
6106,0.004984725266695023,0.017272788286209106,0.022475738450884818,0.061607074737548825,0.0,0.06938393414020538,0.0,0.2675018012523651
6107,0.0050742502324283125,0.01854102648794651,0.023202460259199142,0.059790827333927155,0.0,0.069375179708004,0.0,0.2675022482872009
6108,0.005297400429844857,0.01761542335152626,0.021220851689577103,0.05949205905199051,0.0,0.06937046349048615,0.0,0.26750054955482483
6109,0.0047027143649756905,0.018006974831223488,0.021234466508030892,0.058658567070960996,0.0,0.06936575472354889,0.0,0.26749736070632935
6110,0.005373529996722937,0.01774245724081993,0.022647529467940332,0.061342747509479524,0.0,0.0693628191947937,0.0,0.2674940228462219
6111,0.005329442489892244,0.018157704547047616,0.02375699356198311,0.06041823998093605,0.0,0.06936122477054596,0.0,0.26748982071876526
6112,0.004942271858453751,0.017779971286654473,0.02206771746277809,0.06280304864048958,0.0,0.06936033070087433,0.0,0.2674873173236847
6113,0.005263347923755646,0.018064180761575697,0.023961583524942397,0.05991483926773071,0.0,0.06935951858758926,0.0,0.2674854099750519
6114,0.005136949382722378,0.01839378848671913,0.021497073024511336,0.06280968263745308,0.0,0.06936222314834595,0.0,0.2674821615219116
6115,0.005018789228051901,0.017857412993907928,0.020935718715190888,0.05890709012746811,0.0,0.06936883181333542,0.0,0.2674766182899475
6116,0.004964872822165489,0.018431667983531953,0.022375455871224404,0.06209077015519142,0.0,0.0693787932395935,0.0,0.2674718499183655
6117,0.005478372983634472,0.018153879418969156,0.021355084702372552,0.058365889638662335,0.0,0.06939734518527985,0.0,0.2674691081047058
6118,0.005458591319620609,0.017916694283485413,0.020206303521990775,0.058164703845977786,0.0,0.06941217184066772,0.0,0.26746615767478943
6119,0.005483850371092558,0.018313246592879296,0.02355633080005646,0.06123399809002876,0.0,0.06943105906248093,0.0,0.26746195554733276
6120,0.005041102878749371,0.017752296477556228,0.021361060813069342,0.061251357197761536,0.0,0.06944609433412552,0.0,0.2674572467803955
6121,0.005278395302593708,0.017959285899996756,0.022785795107483863,0.06473871394991874,0.0,0.06945931911468506,0.0,0.26745229959487915
6122,0.004995910730212927,0.01869196370244026,0.021855182573199274,0.06136666163802147,0.0,0.06947420537471771,0.0,0.26745113730430603
6123,0.004955057427287102,0.019540568813681602,0.020885329693555832,0.06327972561120987,0.0,0.06949011236429214,0.0,0.2674497067928314
6124,0.0052901353687047955,0.01822913996875286,0.021415873989462854,0.06258875578641891,0.0,0.06951230019330978,0.0,0.2674470543861389
6125,0.00565539700910449,0.01858832947909832,0.0212114118039608,0.06521916016936302,0.0,0.06953433156013489,0.0,0.26744580268859863
6126,0.00504989605396986,0.01851496733725071,0.021487877890467643,0.0625711888074875,0.0,0.0695556104183197,0.0,0.2674453854560852
6127,0.005188192334026098,0.018016617372632028,0.02188052423298359,0.06478808596730232,0.0,0.06957723945379257,0.0,0.26744556427001953
6128,0.0050589793361723425,0.018104789778590202,0.02395039238035679,0.06232424080371857,0.0,0.069597989320755,0.0,0.2674470543861389
6129,0.00551545787602663,0.018461713939905165,0.022118448093533517,0.06160435751080513,0.0,0.06961540877819061,0.0,0.2674519121646881
6130,0.005424171034246683,0.018683166801929475,0.0215957373380661,0.06344428285956383,0.0,0.06963159143924713,0.0,0.26745736598968506
6131,0.005195964314043522,0.01824219897389412,0.02103704884648323,0.06238395571708679,0.0,0.0696476474404335,0.0,0.2674640119075775
6132,0.005160931684076786,0.018053555488586427,0.021701569110155104,0.06436063051223755,0.0,0.0696612000465393,0.0,0.26747170090675354
6133,0.005809246562421322,0.017611931636929513,0.021588661521673203,0.06096589714288712,0.0,0.06966820359230042,0.0,0.26747921109199524
6134,0.0057123064063489435,0.017830187827348708,0.02358665019273758,0.06179268881678581,0.0,0.06966866552829742,0.0,0.2674865126609802
6135,0.004837312828749418,0.017984267324209213,0.022667121887207032,0.06505786627531052,0.0,0.06966841965913773,0.0,0.2674933969974518
6136,0.005425774585455656,0.0182694423943758,0.021176393330097198,0.057983268052339554,0.0,0.06967055797576904,0.0,0.267497718334198
6137,0.005194333288818598,0.018140797689557075,0.02142164744436741,0.06076497212052345,0.0,0.06967145204544067,0.0,0.26750022172927856
6138,0.0051241831853985785,0.019042716175317765,0.02212847098708153,0.06051071509718895,0.0,0.0696757361292839,0.0,0.2675013244152069
6139,0.005322319269180298,0.01771948002278805,0.022358037531375885,0.06473719999194145,0.0,0.06967814266681671,0.0,0.2675001919269562
6140,0.005189092457294464,0.017499865405261515,0.0223575659096241,0.062261185795068744,0.0,0.06967492401599884,0.0,0.26749926805496216
6141,0.005661205481737852,0.017990824952721595,0.020700807869434356,0.06162467375397682,0.0,0.06967123597860336,0.0,0.267495334148407
6142,0.005340264085680247,0.01851194240152836,0.020626434683799745,0.06552170142531395,0.0,0.06967441737651825,0.0,0.26749187707901
6143,0.0052050440572202206,0.018173296749591828,0.021476320549845697,0.06383269056677818,0.0,0.06967522948980331,0.0,0.2674882113933563
6144,0.005297467391937971,0.018865321576595307,0.021973011642694475,0.06118388473987579,0.0,0.06967604160308838,0.0,0.26748302578926086
6145,0.005266338959336281,0.018101951852440835,0.021284958720207213,0.06321784555912018,0.0,0.06968368589878082,0.0,0.2674785554409027
6146,0.005031247809529305,0.01787329725921154,0.02166263572871685,0.061704226583242414,0.0,0.0696839764714241,0.0,0.2674744725227356
6147,0.00513240285217762,0.018092534318566323,0.02175650969147682,0.05956271067261696,0.0,0.06968172639608383,0.0,0.26747167110443115
6148,0.005200101900845766,0.017153103649616242,0.021309655904769898,0.062360814213752745,0.0,0.06968120485544205,0.0,0.26747000217437744
6149,0.0052887661382555965,0.018355736508965492,0.023141785711050033,0.05925977453589439,0.0,0.06967797130346298,0.0,0.2674693465232849
6150,0.005296445917338133,0.01815171502530575,0.022968169674277304,0.06409030929207801,0.0,0.06967570632696152,0.0,0.26746866106987
6151,0.005406104028224945,0.01756829470396042,0.021452952176332474,0.06112160682678223,0.0,0.06967257708311081,0.0,0.2674691081047058
6152,0.005059780273586512,0.0185542032122612,0.02300029918551445,0.06512391790747643,0.0,0.06966640800237656,0.0,0.2674720883369446
6153,0.005076347943395376,0.017460412345826626,0.021288077905774118,0.05969005078077316,0.0,0.06966665387153625,0.0,0.26747769117355347
6154,0.0054193554446101185,0.017959168553352355,0.021670763567090034,0.061138687282800676,0.0,0.0696612149477005,0.0,0.26748400926589966
6155,0.005151059105992317,0.018607188016176224,0.022402824088931083,0.06071917861700058,0.0,0.06966008991003036,0.0,0.2674892842769623
6156,0.0054760192520916465,0.01857351213693619,0.022362443804740905,0.06280880346894264,0.0,0.06966318190097809,0.0,0.2674954831600189
6157,0.005456546973437071,0.01670790892094374,0.021000659838318825,0.06048995926976204,0.0,0.06966902315616608,0.0,0.2675038278102875
6158,0.004853745084255933,0.01808345541357994,0.020415977388620377,0.06223692148923874,0.0,0.06967568397521973,0.0,0.26751142740249634
6159,0.005072129797190428,0.01787757724523544,0.021656769141554833,0.06337474882602692,0.0,0.0696791261434555,0.0,0.2675187587738037
6160,0.004987470246851445,0.01760035566985607,0.02122383899986744,0.059251110255718234,0.0,0.06968408077955246,0.0,0.2675265669822693
6161,0.005312260426580906,0.017570358514785767,0.024189745634794237,0.05853191614151001,0.0,0.06968729197978973,0.0,0.2675328850746155
6162,0.0048572286032140255,0.017237795889377593,0.022689228132367133,0.06222667694091797,0.0,0.06969580054283142,0.0,0.2675381302833557
6163,0.005069347843527794,0.01840994693338871,0.022878029942512514,0.06384840905666352,0.0,0.06970179826021194,0.0,0.26754218339920044
6164,0.005026067234575748,0.019098686426877974,0.021188389137387277,0.06583545207977295,0.0,0.06970210373401642,0.0,0.26754623651504517
6165,0.005236451514065266,0.01811181828379631,0.021475842222571373,0.05890241786837578,0.0,0.06970156729221344,0.0,0.26755133271217346
6166,0.005489970371127128,0.017344890907406808,0.023663098365068434,0.0643980160355568,0.0,0.06969742476940155,0.0,0.26755574345588684
6167,0.005147827416658401,0.017838387936353683,0.020333347842097282,0.060108682513237,0.0,0.06968975067138672,0.0,0.2675604820251465
6168,0.005223348457366228,0.017970526963472365,0.023326538130640985,0.06295598074793815,0.0,0.06968089193105698,0.0,0.26756542921066284
6169,0.004894327372312546,0.017974341474473476,0.021532521396875382,0.0636460579931736,0.0,0.0696735605597496,0.0,0.2675701677799225
6170,0.005511598289012909,0.017282757535576822,0.021876510605216025,0.06035608798265457,0.0,0.06966572999954224,0.0,0.2675739526748657
6171,0.0048741791397333145,0.017565768212080002,0.021788420900702477,0.05996556356549263,0.0,0.0696600079536438,0.0,0.2675796151161194
6172,0.004979661293327808,0.016927533596754075,0.022025850042700766,0.06465603560209274,0.0,0.06965310871601105,0.0,0.2675841450691223
6173,0.005025833565741778,0.01773739419877529,0.02090124152600765,0.06337018832564353,0.0,0.06964530050754547,0.0,0.2675887644290924
6174,0.0050481526181101796,0.017935797199606897,0.02040606178343296,0.062138807773590085,0.0,0.06964915990829468,0.0,0.2675912082195282
6175,0.005229938402771949,0.0181149136275053,0.020164398849010466,0.06181292086839676,0.0,0.0696602314710617,0.0,0.2675918638706207
6176,0.005201986711472273,0.01848651096224785,0.021523015946149825,0.0632457196712494,0.0,0.06967030465602875,0.0,0.2675934135913849
6177,0.0052456696517765525,0.016929465159773827,0.020848125964403153,0.06365972533822059,0.0,0.0696774572134018,0.0,0.26759400963783264
6178,0.005643215868622065,0.017108124494552613,0.02083366923034191,0.06304241120815277,0.0,0.06968288123607635,0.0,0.26759427785873413
6179,0.00523954201489687,0.018178759887814522,0.02122829109430313,0.05958384349942207,0.0,0.06968332827091217,0.0,0.2675964832305908
6180,0.005412311479449272,0.018860315531492235,0.0226655051112175,0.06215059459209442,0.0,0.06967657804489136,0.0,0.26759785413742065
6181,0.005106632225215435,0.017690080031752587,0.02183842323720455,0.06196054443717003,0.0,0.06967350840568542,0.0,0.26760005950927734
6182,0.004993807431310416,0.01854584589600563,0.021274857968091965,0.06196947693824768,0.0,0.06966928392648697,0.0,0.26760154962539673
6183,0.005283030867576599,0.018034876510500907,0.020446250587701796,0.05994420498609543,0.0,0.0696667805314064,0.0,0.2676035761833191
6184,0.005175892170518637,0.017673348262906074,0.021872001886367797,0.05925629958510399,0.0,0.06966346502304077,0.0,0.26760512590408325
6185,0.005011618975549937,0.018238702788949013,0.02060745619237423,0.06348793432116509,0.0,0.06966342031955719,0.0,0.26760613918304443
6186,0.005053142458200455,0.01830890141427517,0.02133977450430393,0.06522598266601562,0.0,0.06966016441583633,0.0,0.2676068842411041
6187,0.005330783128738403,0.01720647029578686,0.021731561794877053,0.059335092455148696,0.0,0.06965764611959457,0.0,0.2676085829734802
6188,0.005308675486594439,0.019045099243521692,0.021530117839574814,0.061525987833738326,0.0,0.06965438276529312,0.0,0.26761117577552795
6189,0.005132031999528408,0.017574943974614142,0.022328221797943117,0.06199095770716667,0.0,0.06964736431837082,0.0,0.26761531829833984
6190,0.005237760487943888,0.017809800803661346,0.020020562037825585,0.060156989842653275,0.0,0.06963871419429779,0.0,0.26761841773986816
6191,0.004815931431949139,0.01729843132197857,0.021493712440133095,0.05985136479139328,0.0,0.06962969154119492,0.0,0.2676207721233368
6192,0.00525054158642888,0.017360561713576316,0.021802715212106704,0.061572597920894624,0.0,0.06962428987026215,0.0,0.26762181520462036
6193,0.005307537410408259,0.017220765724778174,0.021340829506516456,0.06067671477794647,0.0,0.06961871683597565,0.0,0.2676219940185547
6194,0.005269932467490435,0.0178009282797575,0.021367770060896872,0.0599054105579853,0.0,0.06960995495319366,0.0,0.2676219046115875
6195,0.005005352757871151,0.017707930877804756,0.022622213885188102,0.05973384901881218,0.0,0.0695999413728714,0.0,0.2676200270652771
6196,0.0051930278539657595,0.018401601910591127,0.02032379060983658,0.0627670168876648,0.0,0.06958582252264023,0.0,0.2676160931587219
6197,0.005629122629761696,0.018236713856458663,0.021842721104621887,0.06204752400517464,0.0,0.06957223266363144,0.0,0.26761287450790405
6198,0.005617460142821074,0.018056564778089524,0.022855803743004798,0.06037175506353378,0.0,0.06956291198730469,0.0,0.26760777831077576
6199,0.005264162458479405,0.0187242291867733,0.02139178290963173,0.06719489097595215,0.0,0.06955479830503464,0.0,0.2676010727882385
6200,0.004991786275058985,0.018127358332276345,0.02132793888449669,0.06271338537335396,0.0,0.06954650580883026,0.0,0.2675936818122864
6201,0.005165432393550873,0.017715654149651528,0.021889244392514228,0.061716201901435855,0.0,0.06953825056552887,0.0,0.2675859034061432
6202,0.004930784925818443,0.017911793664097786,0.021618562564253808,0.06378652304410934,0.0,0.0695284903049469,0.0,0.2675802707672119
6203,0.005076585803180933,0.01759268417954445,0.020538266748189926,0.06364828944206238,0.0,0.06951960921287537,0.0,0.2675746977329254
6204,0.0051672828383743765,0.017702990770339967,0.02142137326300144,0.06328199505805969,0.0,0.069512277841568,0.0,0.267571359872818
6205,0.005030339024960995,0.017842036113142966,0.02142038829624653,0.0602789007127285,0.0,0.06950237601995468,0.0,0.26756829023361206
6206,0.0052498429082334045,0.017715760692954063,0.02206434980034828,0.06801321282982827,0.0,0.06948895752429962,0.0,0.26756608486175537
6207,0.0050954679027199745,0.01802317760884762,0.020942701026797295,0.06041152253746986,0.0,0.06947527825832367,0.0,0.26756247878074646
6208,0.005407102592289448,0.017835588566958903,0.021244989335536958,0.05998121500015259,0.0,0.06945887207984924,0.0,0.2675585150718689
6209,0.00541265569627285,0.017912615463137625,0.021590274199843405,0.06181463450193405,0.0,0.06943951547145844,0.0,0.26755470037460327
6210,0.004887184500694275,0.018244891613721847,0.021467071399092673,0.06070830598473549,0.0,0.06941826641559601,0.0,0.2675483226776123
6211,0.005357237718999386,0.017638354375958443,0.020651841908693312,0.05905849114060402,0.0,0.06939809024333954,0.0,0.26754242181777954
6212,0.005103842075914145,0.018255462497472764,0.02258884273469448,0.06405089199542999,0.0,0.06938396394252777,0.0,0.26753535866737366
6213,0.00537395104765892,0.017768959887325762,0.023169153183698655,0.06170039921998978,0.0,0.0693698301911354,0.0,0.2675287425518036
6214,0.005134219210594893,0.01763841472566128,0.022342439740896225,0.0616420216858387,0.0,0.0693543404340744,0.0,0.26752156019210815
6215,0.005244138557463885,0.017756385914981365,0.021311814337968825,0.06789551824331283,0.0,0.0693439468741417,0.0,0.26751384139060974
6216,0.005082834046334028,0.01801338531076908,0.022031152620911598,0.06098826304078102,0.0,0.06933481246232986,0.0,0.26750648021698
6217,0.0051885987631976604,0.018630494177341462,0.022821514680981637,0.05915334224700928,0.0,0.06933164596557617,0.0,0.26749950647354126
6218,0.0050374546088278295,0.01920867934823036,0.021917423605918883,0.06428703218698502,0.0,0.06933149695396423,0.0,0.26749560236930847
6219,0.005260691046714783,0.018344863131642342,0.02266191504895687,0.06048439890146255,0.0,0.06933186948299408,0.0,0.26749229431152344
6220,0.005059246812015772,0.01815611682832241,0.021164478734135628,0.06270530894398689,0.0,0.06933553516864777,0.0,0.2674903869628906
6221,0.005366060510277748,0.018083613365888596,0.02258954644203186,0.06213584020733833,0.0,0.06933983415365219,0.0,0.2674904465675354
6222,0.0051654171198606495,0.018399426341056825,0.022061813995242117,0.06230582892894745,0.0,0.0693373903632164,0.0,0.2674923539161682
6223,0.005276159569621086,0.018448532745242118,0.021543791890144347,0.06376207694411277,0.0,0.06933882087469101,0.0,0.2674942910671234
6224,0.004983667749911547,0.018941465020179748,0.021451960131525994,0.06053723022341728,0.0,0.06933830678462982,0.0,0.26749706268310547
6225,0.005188069026917219,0.01800227127969265,0.02194233685731888,0.057475730776786804,0.0,0.06933892518281937,0.0,0.26749998331069946
6226,0.005244846735149622,0.018420850858092308,0.02114775888621807,0.059510888159275056,0.0,0.06933613121509552,0.0,0.2675014138221741
6227,0.005160020757466554,0.017660221457481383,0.022354146093130113,0.06376002654433251,0.0,0.0693286806344986,0.0,0.26750025153160095
6228,0.005145418364554644,0.019144244864583014,0.02121985927224159,0.061949262768030165,0.0,0.06932695209980011,0.0,0.2674976587295532
6229,0.005361557099968195,0.018049930036067963,0.022752778977155684,0.06270010471343994,0.0,0.06932519376277924,0.0,0.2674984335899353
6230,0.005228662770241499,0.01869230642914772,0.02038488946855068,0.06339857503771781,0.0,0.06932239234447479,0.0,0.267497181892395
6231,0.0050233940593898295,0.0185421209782362,0.023338820412755014,0.06238203123211861,0.0,0.06932560354471207,0.0,0.26749640703201294
6232,0.005305503495037556,0.018089016899466515,0.021185354515910148,0.060464897006750104,0.0,0.06933069229125977,0.0,0.26749640703201294
6233,0.004996447544544935,0.01738726571202278,0.02080686390399933,0.06012636050581932,0.0,0.06933413445949554,0.0,0.2674963176250458
6234,0.00540277436375618,0.01829908825457096,0.02249622195959091,0.05978478789329529,0.0,0.06933756172657013,0.0,0.2674940228462219
6235,0.005199637543410063,0.01882251612842083,0.022443389147520067,0.060614485293626785,0.0,0.06934058666229248,0.0,0.2674916088581085
6236,0.00509303854778409,0.017752934992313386,0.02186865471303463,0.06320662498474121,0.0,0.06935235112905502,0.0,0.2674902081489563
6237,0.005159671418368816,0.017835726216435432,0.02197325639426708,0.05734666138887405,0.0,0.0693608894944191,0.0,0.26749154925346375
6238,0.005318186432123184,0.018988007307052614,0.020836076512932778,0.061743267625570294,0.0,0.06937167793512344,0.0,0.26749303936958313
6239,0.005105138849467039,0.018197664618492128,0.020995143800973892,0.05774165466427803,0.0,0.06938264518976212,0.0,0.26749488711357117
6240,0.005482507776468993,0.01825290024280548,0.02121734283864498,0.06497861221432685,0.0,0.06939129531383514,0.0,0.26749587059020996
6241,0.005587866809219122,0.01849352605640888,0.021221259608864784,0.06078262999653816,0.0,0.06940251588821411,0.0,0.26749536395072937
6242,0.005062707420438528,0.018065492436289788,0.01977767199277878,0.059828507155179976,0.0,0.06941207498311996,0.0,0.26749667525291443
6243,0.005017899069935083,0.01853678934276104,0.023769107088446616,0.061994447559118274,0.0,0.06942342966794968,0.0,0.26749807596206665
6244,0.005207350570708513,0.019061465561389924,0.020411138236522675,0.06507335454225541,0.0,0.06943533569574356,0.0,0.267498254776001
6245,0.005304736457765103,0.018122468143701553,0.021916914731264114,0.063809135556221,0.0,0.0694536343216896,0.0,0.26749637722969055
6246,0.005083124153316021,0.01767863817512989,0.021189764514565466,0.06109888255596161,0.0,0.06947313249111176,0.0,0.2674920856952667
6247,0.005542150232940912,0.017096522822976114,0.02216630317270756,0.059974423795938495,0.0,0.0694904699921608,0.0,0.2674880623817444
6248,0.00505321491509676,0.01759592294692993,0.021486757695674895,0.05720757618546486,0.0,0.0695086121559143,0.0,0.26748546957969666
6249,0.005222302582114935,0.018320484086871147,0.023438730090856553,0.05818726122379303,0.0,0.06952863931655884,0.0,0.26748302578926086
6250,0.00497584193944931,0.018248287960886955,0.02198176421225071,0.06401165872812271,0.0,0.0695451945066452,0.0,0.2674827575683594
6251,0.005429442040622234,0.016942377761006357,0.02245368845760822,0.06386667340993882,0.0,0.06955952942371368,0.0,0.2674824595451355
6252,0.005242241360247135,0.017976421117782592,0.022460897266864777,0.059254816919565204,0.0,0.06956745684146881,0.0,0.2674822211265564
6253,0.005373293999582529,0.01795779913663864,0.02185373716056347,0.06014160588383675,0.0,0.06957386434078217,0.0,0.26748111844062805
6254,0.005154264159500599,0.019172415509819983,0.022226286679506303,0.05826678946614265,0.0,0.06958305835723877,0.0,0.26748037338256836
6255,0.00501931831240654,0.01799909919500351,0.02372429519891739,0.06462016999721527,0.0,0.06959957629442215,0.0,0.26747947931289673
6256,0.005501415301114321,0.01910714730620384,0.022041932493448258,0.06439875736832619,0.0,0.06961580365896225,0.0,0.26747700572013855
6257,0.005296704359352589,0.01809634268283844,0.02193446345627308,0.06037409156560898,0.0,0.06963824480772018,0.0,0.26747581362724304
6258,0.005022978875786066,0.01840004213154316,0.02177944779396057,0.05995554774999619,0.0,0.06966329365968704,0.0,0.2674728035926819
6259,0.004997162986546755,0.017803141474723817,0.02167490907013416,0.05898137092590332,0.0,0.06968660652637482,0.0,0.26747235655784607
6260,0.004837820120155811,0.01847878135740757,0.02039778046309948,0.058103978633880615,0.0,0.06970427930355072,0.0,0.26747244596481323
6261,0.005230374913662672,0.0176681961864233,0.02164110504090786,0.06160296946763992,0.0,0.06971721351146698,0.0,0.2674713134765625
6262,0.004847193043678999,0.018320945277810096,0.022814301401376726,0.05868844911456108,0.0,0.06973080337047577,0.0,0.2674695551395416
6263,0.005285799968987703,0.01901434101164341,0.023332540690898896,0.05924592241644859,0.0,0.06974545866250992,0.0,0.2674669921398163
6264,0.005352006759494543,0.019345739111304282,0.022037773579359054,0.06393587067723275,0.0,0.06976234912872314,0.0,0.26746219396591187
6265,0.004712392715737224,0.01743265427649021,0.020653584226965904,0.06178445070981979,0.0,0.06977666914463043,0.0,0.2674545645713806
6266,0.005097451806068421,0.01830441951751709,0.020671119540929796,0.06075642928481102,0.0,0.06978777796030045,0.0,0.2674477994441986
6267,0.005798522755503655,0.018489955365657805,0.021760912984609602,0.06519490927457809,0.0,0.06980013847351074,0.0,0.2674438953399658
6268,0.005106410756707191,0.017583875730633736,0.02181098647415638,0.0628513179719448,0.0,0.06981456279754639,0.0,0.26744145154953003
6269,0.00506372433155775,0.018356061726808547,0.02221105098724365,0.05803320109844208,0.0,0.06982994079589844,0.0,0.26744070649147034
6270,0.00482143247500062,0.01735837571322918,0.024256473407149315,0.05861506536602974,0.0,0.0698477029800415,0.0,0.2674423158168793
6271,0.0052061439491808414,0.017513232305645943,0.02162071242928505,0.06099973544478417,0.0,0.06985978782176971,0.0,0.267442524433136
6272,0.005197937693446874,0.01757062543183565,0.02190055660903454,0.06158639565110206,0.0,0.06987102329730988,0.0,0.26744332909584045
6273,0.004883287101984024,0.018154516443610193,0.021854346990585326,0.05981310084462166,0.0,0.06987886130809784,0.0,0.26744261384010315
6274,0.004906325321644545,0.018324630334973335,0.020220457389950753,0.059346814453601834,0.0,0.06988580524921417,0.0,0.2674388289451599
6275,0.004966401867568493,0.017953943088650705,0.023179540783166884,0.06099410280585289,0.0,0.0698886513710022,0.0,0.2674335241317749
6276,0.004970136936753989,0.019240421801805498,0.020282489806413652,0.0583668552339077,0.0,0.06988795101642609,0.0,0.2674280107021332
6277,0.005017856229096651,0.01831735633313656,0.02193979434669018,0.06026006639003754,0.0,0.06988925486803055,0.0,0.2674238681793213
6278,0.0054522426798939705,0.019032104313373564,0.022295783460140228,0.062006238102912906,0.0,0.06989714503288269,0.0,0.26742154359817505
6279,0.00548045476898551,0.01833610124886036,0.021571601554751397,0.05869373306632042,0.0,0.06990649551153183,0.0,0.2674199938774109
6280,0.0053023044019937515,0.01779656782746315,0.021305137127637864,0.06210670322179794,0.0,0.0699150562286377,0.0,0.26741936802864075
6281,0.005050882697105408,0.018159027397632598,0.0228048175573349,0.06229312568902969,0.0,0.06992157548666,0.0,0.2674199044704437
6282,0.00502436188980937,0.018308179453015327,0.02212987095117569,0.06205374300479889,0.0,0.06992393732070923,0.0,0.26742011308670044
6283,0.005479566473513842,0.01853863149881363,0.021649035066366194,0.06590777188539505,0.0,0.06992601603269577,0.0,0.2674201726913452
6284,0.004898132756352425,0.01833816058933735,0.02092956081032753,0.06167726442217827,0.0,0.06992755085229874,0.0,0.2674217224121094
6285,0.005282241851091385,0.017736585438251497,0.022191830351948737,0.059040877223014834,0.0,0.06992484629154205,0.0,0.26742249727249146
6286,0.004939217492938042,0.018397798389196397,0.021660653129220008,0.0625478409230709,0.0,0.06992238759994507,0.0,0.2674230635166168
6287,0.005162333510816098,0.01732250042259693,0.02340627908706665,0.06502628028392791,0.0,0.06991953402757645,0.0,0.26742106676101685
6288,0.005585192143917084,0.017640111967921257,0.023103398829698564,0.06688729897141457,0.0,0.06991276144981384,0.0,0.2674179971218109
6289,0.005141619127243757,0.017621589452028276,0.021870917826890945,0.06193315535783768,0.0,0.06991011649370193,0.0,0.26741498708724976
6290,0.005373882688581943,0.018149645254015922,0.022024549916386603,0.06153457462787628,0.0,0.06990509480237961,0.0,0.26741263270378113
6291,0.005384053755551577,0.019379522278904916,0.022150352597236633,0.06305370330810547,0.0,0.06990115344524384,0.0,0.2674125134944916
6292,0.004997057747095824,0.017337561771273612,0.020306191593408584,0.05986737161874771,0.0,0.06990493834018707,0.0,0.2674126625061035
6293,0.005031315702944994,0.01832562908530235,0.021094632893800737,0.06764297187328339,0.0,0.06990819424390793,0.0,0.2674117088317871
6294,0.005146362632513046,0.018270594999194145,0.020693398267030715,0.06269939541816712,0.0,0.06990260630846024,0.0,0.26741138100624084
6295,0.004802227858453989,0.018965338170528413,0.021169636771082877,0.06086235716938972,0.0,0.06990066170692444,0.0,0.2674117684364319
6296,0.005177384987473488,0.018348732218146323,0.02238100878894329,0.0632139153778553,0.0,0.06989981979131699,0.0,0.26741155982017517
6297,0.00532563952729106,0.01876065731048584,0.021618959307670594,0.06256968751549721,0.0,0.06990010291337967,0.0,0.2674105763435364
6298,0.0055133081041276455,0.016933482140302658,0.020521488785743714,0.06443272382020951,0.0,0.069902703166008,0.0,0.267412394285202
6299,0.005011355504393578,0.01819043532013893,0.021844661235809325,0.06078551411628723,0.0,0.06990514695644379,0.0,0.26741358637809753
6300,0.00491230608895421,0.017808444797992706,0.022278979048132898,0.06253797486424446,0.0,0.06991101056337357,0.0,0.2674168646335602
6301,0.004888866469264031,0.018546291813254356,0.02159636951982975,0.06226885914802551,0.0,0.0699152871966362,0.0,0.2674199938774109
6302,0.005079225171357393,0.01756536178290844,0.021253150701522828,0.06182126030325889,0.0,0.06991942226886749,0.0,0.26742279529571533
6303,0.0052941438741981985,0.01819487437605858,0.02199416384100914,0.060932192206382754,0.0,0.06992319971323013,0.0,0.2674270272254944
6304,0.005002161953598261,0.01807822734117508,0.02211951054632664,0.06465582326054573,0.0,0.06992699205875397,0.0,0.2674325704574585
6305,0.005209355335682631,0.01757158897817135,0.019765300676226616,0.062166378647089,0.0,0.06993387639522552,0.0,0.26743608713150024
6306,0.004963121097534895,0.01907029524445534,0.020778650790452956,0.059897351264953616,0.0,0.06994040310382843,0.0,0.2674390375614166
6307,0.005273494124412537,0.017130178958177568,0.02306216210126877,0.06146070435643196,0.0,0.06994472444057465,0.0,0.26744166016578674
6308,0.005354151129722595,0.018249442055821418,0.021227236837148666,0.062429210543632506,0.0,0.06994583457708359,0.0,0.2674420475959778
6309,0.005063282325863838,0.01814543679356575,0.022007017210125924,0.06166317239403725,0.0,0.0699431300163269,0.0,0.26744145154953003
6310,0.005468514841049909,0.01813989095389843,0.02435787059366703,0.061931563168764116,0.0,0.06993714720010757,0.0,0.26744359731674194
6311,0.005130491405725479,0.018151145055890085,0.022607652097940446,0.0616403616964817,0.0,0.0699319988489151,0.0,0.2674434185028076
6312,0.004987596627324819,0.018827774748206138,0.021384992450475693,0.05815250501036644,0.0,0.06992916762828827,0.0,0.2674441337585449
6313,0.005122136138379574,0.018121490627527236,0.022092870995402338,0.058676280081272125,0.0,0.069935642182827,0.0,0.2674444615840912
6314,0.005263746250420809,0.017175855487585066,0.023277756199240683,0.06291336938738823,0.0,0.06993982940912247,0.0,0.26744261384010315
6315,0.005276778247207403,0.017922457307577133,0.023640458285808564,0.06498021855950356,0.0,0.06994529813528061,0.0,0.2674400806427002
6316,0.005073307361453771,0.018038808554410934,0.019666526839137076,0.060109933465719224,0.0,0.06995533406734467,0.0,0.26743966341018677
6317,0.005148021318018436,0.018303676322102547,0.01974261961877346,0.060604929178953174,0.0,0.0699697732925415,0.0,0.26744019985198975
6318,0.005089667718857526,0.017683907598257064,0.02095063664019108,0.062089990079402926,0.0,0.0699802115559578,0.0,0.26744064688682556
6319,0.005232641659677029,0.01728234514594078,0.021854687854647635,0.05844092890620232,0.0,0.06998793035745621,0.0,0.2674412131309509
6320,0.005287971254438162,0.017696644738316537,0.020216995477676393,0.066047053784132,0.0,0.06998996436595917,0.0,0.26744285225868225
6321,0.004936273396015167,0.017823893576860428,0.022297079488635064,0.05982952043414116,0.0,0.06998803466558456,0.0,0.2674444019794464
6322,0.005073486361652613,0.017412887513637544,0.020259980857372285,0.06552685350179673,0.0,0.06998607516288757,0.0,0.2674461007118225
6323,0.005198436416685581,0.017419086769223213,0.02207103557884693,0.06062040999531746,0.0,0.0699792355298996,0.0,0.26744598150253296
6324,0.0046334265731275085,0.018283597007393838,0.021792715787887572,0.06325396597385406,0.0,0.06996814161539078,0.0,0.26744696497917175
6325,0.00514162601903081,0.017276408150792122,0.02175539843738079,0.06549187079071998,0.0,0.0699518471956253,0.0,0.26744869351387024
6326,0.0051361856050789354,0.01799796000123024,0.02233579531311989,0.06371217668056488,0.0,0.06993193924427032,0.0,0.2674497663974762
6327,0.005451040621846914,0.017990803346037865,0.021262732148170472,0.06332428008317947,0.0,0.06991007179021835,0.0,0.2674522399902344
6328,0.00539518017321825,0.01817171797156334,0.02286972217261791,0.06215935498476029,0.0,0.06989036500453949,0.0,0.2674553096294403
6329,0.00533353416249156,0.018365253880620002,0.019204005226492883,0.06297533512115479,0.0,0.06987158209085464,0.0,0.26746079325675964
6330,0.005299116857349873,0.017570167407393457,0.022332997620105745,0.06242921501398087,0.0,0.06985832750797272,0.0,0.2674672603607178
6331,0.005348441377282143,0.01735454723238945,0.022103799507021904,0.058843978494405744,0.0,0.0698418840765953,0.0,0.2674716114997864
6332,0.0047621653415262696,0.017873575910925865,0.02142917774617672,0.06614607051014901,0.0,0.06982021778821945,0.0,0.26747578382492065
6333,0.004931151028722524,0.01934586577117443,0.022215744480490685,0.060808803886175156,0.0,0.06980226188898087,0.0,0.26748037338256836
6334,0.0054103323258459565,0.017764220759272576,0.02187015302479267,0.05904245600104332,0.0,0.06978482753038406,0.0,0.2674819529056549
6335,0.005187732819467783,0.018955034017562867,0.02075999863445759,0.06393160894513131,0.0,0.06976519525051117,0.0,0.26748183369636536
6336,0.005048293713480234,0.018798646703362464,0.02265639752149582,0.05712660029530525,0.0,0.06974758207798004,0.0,0.26748138666152954
6337,0.005112983845174312,0.01840851716697216,0.0203886266797781,0.06828774809837342,0.0,0.06972742080688477,0.0,0.2674817144870758
6338,0.0052288385108113285,0.017779671773314475,0.022109630331397057,0.05919966921210289,0.0,0.06970760971307755,0.0,0.2674826979637146
6339,0.005330632813274861,0.01827189829200506,0.022341268509626387,0.06010660976171493,0.0,0.06968700140714645,0.0,0.2674851417541504
6340,0.005148258060216904,0.01883440390229225,0.0225226704031229,0.05788406431674957,0.0,0.06966466456651688,0.0,0.2674862742424011
6341,0.004997343569993973,0.018247324600815774,0.021121637150645255,0.06336438953876496,0.0,0.06964150816202164,0.0,0.267487108707428
6342,0.005186971463263035,0.01772461421787739,0.02123490795493126,0.06196632608771324,0.0,0.06961781531572342,0.0,0.2674869894981384
6343,0.00562149677425623,0.01820513643324375,0.023712742328643798,0.06670476496219635,0.0,0.06959637254476547,0.0,0.2674863338470459
6344,0.005307711847126484,0.01859881356358528,0.023423720523715018,0.06485340446233749,0.0,0.06957558542490005,0.0,0.26748865842819214
6345,0.005034824926406145,0.018978925049304964,0.021874739602208138,0.06032535582780838,0.0,0.0695539191365242,0.0,0.26749187707901
6346,0.005446645896881819,0.01759059205651283,0.02185952626168728,0.06312355324625969,0.0,0.06952888518571854,0.0,0.2674958407878876
6347,0.00531353922560811,0.01808530166745186,0.020601671561598776,0.06279667541384697,0.0,0.06950323283672333,0.0,0.2674989104270935
6348,0.005326652526855468,0.01786002852022648,0.02158549092710018,0.06212083250284195,0.0,0.0694824606180191,0.0,0.2675004303455353
6349,0.0052652241662144664,0.017441594414412974,0.02297353185713291,0.06004823669791222,0.0,0.0694638043642044,0.0,0.2675011157989502
6350,0.005295739509165287,0.017832863330841064,0.022023820504546165,0.05795131176710129,0.0,0.06944617629051208,0.0,0.2675033509731293
6351,0.005080050602555275,0.017613120004534723,0.021117708086967467,0.06214997991919517,0.0,0.06943176686763763,0.0,0.26750823855400085
6352,0.005369612760841846,0.017729423381388186,0.020243258401751518,0.0594169944524765,0.0,0.06941709667444229,0.0,0.2675143778324127
6353,0.005126365460455418,0.017667903378605843,0.022864216193556785,0.057771917432546616,0.0,0.06939847022294998,0.0,0.26751986145973206
6354,0.005501422472298146,0.018051666766405107,0.023026776686310767,0.0633464626967907,0.0,0.0693763718008995,0.0,0.2675229012966156
6355,0.005335192568600178,0.017297323420643808,0.021196598932147027,0.06109238266944885,0.0,0.06935805082321167,0.0,0.26752591133117676
6356,0.005190424527972937,0.0183568075299263,0.020287438482046127,0.06375420019030571,0.0,0.06934140622615814,0.0,0.26752933859825134
6357,0.005291322153061629,0.0188651904463768,0.0203857708722353,0.06206921860575676,0.0,0.06932295113801956,0.0,0.26753073930740356
6358,0.005475851614028216,0.01829146146774292,0.021119412407279013,0.05855503529310226,0.0,0.06931794434785843,0.0,0.26753395795822144
6359,0.005006175022572279,0.01804254502058029,0.02239054664969444,0.06267214789986611,0.0,0.06931305676698685,0.0,0.2675371766090393
6360,0.005364366434514522,0.01732882671058178,0.021726485341787338,0.06226899474859238,0.0,0.06930750608444214,0.0,0.26753899455070496
6361,0.005264394730329513,0.017476213723421098,0.019736992567777632,0.0579612597823143,0.0,0.06930325925350189,0.0,0.26753878593444824
6362,0.00524799469858408,0.01776849590241909,0.021819766238331796,0.06455476135015488,0.0,0.0693013146519661,0.0,0.2675389349460602
6363,0.005468949768692255,0.01800135150551796,0.021999238058924675,0.06036769971251488,0.0,0.06929663568735123,0.0,0.26753854751586914
6364,0.005228437297046184,0.017021501436829567,0.02144889868795872,0.0667941302061081,0.0,0.06929033994674683,0.0,0.2675367295742035
6365,0.005186054203659296,0.01906803920865059,0.021610794961452483,0.0632458582520485,0.0,0.06928281486034393,0.0,0.267535924911499
6366,0.0055040006525814535,0.018483052030205727,0.020793942362070085,0.06398464441299438,0.0,0.06927986443042755,0.0,0.2675345540046692
6367,0.005367933958768845,0.01782849319279194,0.022792109474539756,0.05996900051832199,0.0,0.06927774846553802,0.0,0.2675342559814453
6368,0.005160032119601965,0.018288790434598922,0.020829537883400917,0.06490793749690056,0.0,0.06927426159381866,0.0,0.26753324270248413
6369,0.005042939539998769,0.018019937723875046,0.02313218601047993,0.06487030759453774,0.0,0.06926803290843964,0.0,0.2675315737724304
6370,0.005172621551901102,0.018367505446076394,0.022982816398143768,0.0657003566622734,0.0,0.06926178932189941,0.0,0.26753121614456177
6371,0.005412274692207575,0.017798881605267526,0.021008640900254248,0.05916178375482559,0.0,0.06925292313098907,0.0,0.26753106713294983
6372,0.005011114105582237,0.01813119016587734,0.01986664570868015,0.06666342914104462,0.0,0.06925096362829208,0.0,0.26753097772598267
6373,0.005655050929635763,0.017930810526013374,0.021563951298594473,0.06266360580921174,0.0,0.06924978643655777,0.0,0.2675318121910095
6374,0.0051131295040249825,0.017929525673389436,0.022732040286064147,0.06306568160653114,0.0,0.06925279647111893,0.0,0.26753443479537964
6375,0.005090919695794583,0.017379144206643105,0.02216947004199028,0.060569138079881665,0.0,0.06925520300865173,0.0,0.2675355076789856
6376,0.005098526645451784,0.01796637512743473,0.02243076600134373,0.06228690072894096,0.0,0.06926114857196808,0.0,0.26753896474838257
6377,0.0049969969317317006,0.01754467822611332,0.021268980205059053,0.06540172696113586,0.0,0.06926414370536804,0.0,0.267543762922287
6378,0.005343232210725546,0.017877207323908805,0.021487653255462646,0.06296512335538865,0.0,0.06926669180393219,0.0,0.26754921674728394
6379,0.005123690515756607,0.017952169105410577,0.022771866247057914,0.061731483042240146,0.0,0.0692712739109993,0.0,0.26755309104919434
6380,0.005099410563707352,0.017661657929420472,0.02123328261077404,0.06023950129747391,0.0,0.06927783787250519,0.0,0.2675582468509674
6381,0.005420505348592996,0.01932308040559292,0.020326393470168114,0.06587511152029038,0.0,0.06928442418575287,0.0,0.26756346225738525
6382,0.005227961391210556,0.01787596568465233,0.022847400978207588,0.06379186809062957,0.0,0.06929057836532593,0.0,0.26756614446640015
6383,0.005461933463811875,0.01810338981449604,0.022920307889580726,0.06006166860461235,0.0,0.06930090487003326,0.0,0.26756522059440613
6384,0.0053082374855875965,0.018992234021425247,0.022340509667992593,0.06274721994996071,0.0,0.06931117922067642,0.0,0.2675625681877136
6385,0.005362152401357889,0.018113217502832412,0.0211102269589901,0.06526075601577759,0.0,0.06931912899017334,0.0,0.2675611972808838
6386,0.005291903205215931,0.01796828806400299,0.021938515082001685,0.05908810943365097,0.0,0.06933063268661499,0.0,0.26756101846694946
6387,0.005127279460430146,0.017493383213877677,0.020810842141509057,0.05957334041595459,0.0,0.06933782249689102,0.0,0.2675609290599823
6388,0.005058377142995596,0.017308516800403594,0.021549795195460318,0.06358015984296798,0.0,0.06934861838817596,0.0,0.2675619423389435
6389,0.0053508681245148185,0.017635326460003854,0.021306100487709045,0.06297809332609176,0.0,0.06936655938625336,0.0,0.2675633728504181
6390,0.004963187873363495,0.018441567942500115,0.022499599307775498,0.057486430555582044,0.0,0.06938418745994568,0.0,0.26756489276885986
6391,0.005158248730003834,0.017926577478647232,0.02232799381017685,0.060888833552598956,0.0,0.06940406560897827,0.0,0.2675670385360718
6392,0.0052682958543300625,0.018082351237535477,0.021808283030986787,0.06229046583175659,0.0,0.06942389905452728,0.0,0.26756852865219116
6393,0.00519991647452116,0.018637727946043015,0.022370771691203117,0.06268445029854774,0.0,0.06944257766008377,0.0,0.26756978034973145
6394,0.005302379839122295,0.01781030260026455,0.022587966173887253,0.06045680269598961,0.0,0.06946967542171478,0.0,0.26757222414016724
6395,0.005012463964521885,0.018509120866656303,0.021125823631882666,0.06266466081142426,0.0,0.06949199736118317,0.0,0.26757267117500305
6396,0.005219411011785269,0.017679478228092193,0.02091740518808365,0.06108528599143028,0.0,0.06951139867305756,0.0,0.2675728499889374
6397,0.005174009781330824,0.018686355277895927,0.021770410239696503,0.06229260712862015,0.0,0.06952981650829315,0.0,0.2675699293613434
6398,0.004993224237114191,0.01777866668999195,0.021672170609235764,0.06157316789031029,0.0,0.06954582780599594,0.0,0.26756399869918823
6399,0.004886307567358017,0.018251883238554,0.02118684761226177,0.0607793964445591,0.0,0.0695565789937973,0.0,0.2675560414791107
6400,0.0051077108830213545,0.01833784505724907,0.02211715541779995,0.061806824058294296,0.0,0.06956543028354645,0.0,0.26754826307296753
6401,0.005048498325049877,0.01798859387636185,0.02095468118786812,0.06404446810483932,0.0,0.0695754662156105,0.0,0.2675415575504303
6402,0.004916530288755894,0.017736247926950454,0.02119559608399868,0.0622540645301342,0.0,0.06959061324596405,0.0,0.26753470301628113
6403,0.004814528301358223,0.017962446063756944,0.02032395452260971,0.06031835526227951,0.0,0.06960170716047287,0.0,0.2675287127494812
6404,0.0049911499954760075,0.018569208309054376,0.022778961434960367,0.061411405354738234,0.0,0.06961154192686081,0.0,0.2675228714942932
6405,0.005433462094515562,0.018381744995713233,0.020758726447820664,0.06342969536781311,0.0,0.06961669027805328,0.0,0.2675183415412903
6406,0.005400317441672087,0.01909507401287556,0.02176143415272236,0.06340761482715607,0.0,0.06962169706821442,0.0,0.2675141990184784
6407,0.005309578031301498,0.01781531386077404,0.023792275786399843,0.05824750736355781,0.0,0.06963163614273071,0.0,0.2675108015537262
6408,0.00522874416783452,0.01812416613101959,0.019774649292230606,0.05851396918296814,0.0,0.06963352859020233,0.0,0.26750797033309937
6409,0.005333440192043781,0.01859162896871567,0.02265385426580906,0.06295330226421356,0.0,0.06963769346475601,0.0,0.26750648021698
6410,0.004938757140189409,0.017616792023181914,0.022803153842687607,0.0644425131380558,0.0,0.06964336335659027,0.0,0.26750338077545166
6411,0.0049749757163226604,0.01826304867863655,0.02061579152941704,0.060245045274496076,0.0,0.0696466714143753,0.0,0.26750117540359497
6412,0.005375150125473738,0.017807678133249284,0.02125515043735504,0.05662522315979004,0.0,0.06964828073978424,0.0,0.2674996256828308
6413,0.00505308136343956,0.019014040380716322,0.021622125431895255,0.06691628694534302,0.0,0.06964893639087677,0.0,0.26749807596206665
6414,0.0056128942407667635,0.018612900003790855,0.022469589859247206,0.05859207585453987,0.0,0.06964559853076935,0.0,0.267497718334198
6415,0.005092168878763914,0.017638031765818594,0.02205541767179966,0.062265032529830934,0.0,0.06963559985160828,0.0,0.26749736070632935
6416,0.004878619592636824,0.01780799254775047,0.021097586676478385,0.06321117505431176,0.0,0.06962298601865768,0.0,0.2674965262413025
6417,0.005339881032705307,0.018220893666148187,0.021672061085700987,0.06201784461736679,0.0,0.06961242854595184,0.0,0.267496258020401
6418,0.005327844712883234,0.018770478665828705,0.023152119666337966,0.05901323854923248,0.0,0.06960825622081757,0.0,0.2674945294857025
6419,0.005175046157091856,0.017811927199363708,0.021374302357435225,0.06517605558037758,0.0,0.06960561126470566,0.0,0.26749253273010254
6420,0.0047609956003725525,0.018577609583735465,0.020727213844656943,0.06286961287260055,0.0,0.06959906965494156,0.0,0.26749056577682495
6421,0.005158147867769003,0.018032753467559816,0.02051830291748047,0.06180340126156807,0.0,0.06959100067615509,0.0,0.267488569021225
6422,0.005373718589544297,0.018259910866618156,0.021936926990747452,0.05951698422431946,0.0,0.06959135830402374,0.0,0.2674869894981384
6423,0.005283065233379602,0.01793381981551647,0.02044401653110981,0.05896960198879242,0.0,0.06959088891744614,0.0,0.26748546957969666
6424,0.0049479219131171705,0.018448387458920478,0.02064666636288166,0.0615165963768959,0.0,0.06958813220262527,0.0,0.2674844563007355
6425,0.004909491725265979,0.017420490644872187,0.02155744805932045,0.062194541841745374,0.0,0.06957991421222687,0.0,0.2674838602542877
6426,0.005055053532123566,0.01844366118311882,0.02059462107717991,0.060950372368097305,0.0,0.06957823038101196,0.0,0.2674838900566101
6427,0.005061633046716451,0.018177977576851845,0.021431582793593407,0.06413452550768853,0.0,0.06957687437534332,0.0,0.2674858570098877
6428,0.005273160524666309,0.01819119229912758,0.02154908999800682,0.06305515840649605,0.0,0.06957140564918518,0.0,0.26748886704444885
6429,0.005227796360850334,0.019148948788642883,0.021427486464381217,0.06186317950487137,0.0,0.06956733763217926,0.0,0.2674912214279175
6430,0.005194641649723053,0.0183930903673172,0.022237564250826836,0.060758794844150546,0.0,0.06956860423088074,0.0,0.2674950063228607
6431,0.005320115480571985,0.018470752984285355,0.021174118295311926,0.06073970645666123,0.0,0.06956692039966583,0.0,0.26749730110168457
6432,0.005140176508575678,0.017443525046110152,0.023501437157392502,0.060024629533290866,0.0,0.06956051290035248,0.0,0.26749709248542786
6433,0.005252825375646353,0.01731157712638378,0.02097109816968441,0.061720709502696994,0.0,0.06955002248287201,0.0,0.2674955725669861
6434,0.005277178343385458,0.017363888584077357,0.022321228682994843,0.06461079195141792,0.0,0.06953786313533783,0.0,0.26749497652053833
6435,0.005319919530302286,0.018093529716134073,0.020216044411063193,0.059461815655231474,0.0,0.06952349096536636,0.0,0.26749569177627563
6436,0.005244408082216978,0.018691325187683107,0.020873668789863586,0.060243292897939685,0.0,0.0695086270570755,0.0,0.267495334148407
6437,0.005316366814076901,0.018365221843123437,0.02195216901600361,0.05673627927899361,0.0,0.06949736177921295,0.0,0.26749199628829956
6438,0.004992844723165035,0.01836766265332699,0.019808899611234665,0.06328519806265831,0.0,0.06948653608560562,0.0,0.2674867808818817
6439,0.005396523512899876,0.018497516959905626,0.020713428035378456,0.06490536704659462,0.0,0.0694732517004013,0.0,0.2674816846847534
6440,0.005461553856730461,0.01751698590815067,0.021194331347942352,0.059510238468647,0.0,0.06945900619029999,0.0,0.26747727394104004
6441,0.005037784297019243,0.01761836148798466,0.021420916169881822,0.061568483710289,0.0,0.06944924592971802,0.0,0.2674739956855774
6442,0.005154433380812407,0.018238836899399757,0.023220467567443847,0.06125295609235763,0.0,0.06943920254707336,0.0,0.26747119426727295
6443,0.004963321704417467,0.018278107047080994,0.02365589402616024,0.06303529292345048,0.0,0.06942685693502426,0.0,0.2674671709537506
6444,0.005347330961376429,0.018187392503023148,0.021959204971790314,0.06375569924712181,0.0,0.06941859424114227,0.0,0.2674640715122223
6445,0.005393125023692847,0.018933778628706932,0.019607972353696823,0.0618429109454155,0.0,0.0694073811173439,0.0,0.2674618363380432
6446,0.005149419605731964,0.01770179085433483,0.021851910278201103,0.06139758676290512,0.0,0.06939972937107086,0.0,0.2674589455127716
6447,0.00539024630561471,0.018322475999593735,0.02224542424082756,0.06156117245554924,0.0,0.06938884407281876,0.0,0.26745808124542236
6448,0.005077910143882036,0.018475303798913954,0.021523946523666383,0.05926603674888611,0.0,0.06938595324754715,0.0,0.26745760440826416
6449,0.005419079214334488,0.01808617152273655,0.02274949960410595,0.061556091904640196,0.0,0.0693889707326889,0.0,0.2674562931060791
6450,0.0053602117113769054,0.01813824996352196,0.02097730413079262,0.058995719999074936,0.0,0.06939853727817535,0.0,0.2674539387226105
6451,0.005328911077231169,0.01902264580130577,0.019964150339365005,0.05900226607918739,0.0,0.069404736161232,0.0,0.2674514055252075
6452,0.004835112392902375,0.019060204178094863,0.022299548611044884,0.06099239140748978,0.0,0.06941400468349457,0.0,0.2674468159675598
6453,0.005316232517361641,0.01822396442294121,0.021357862278819084,0.06133280098438263,0.0,0.06942781060934067,0.0,0.2674407958984375
6454,0.005230820085853338,0.017951168306171893,0.02174246683716774,0.06273874714970588,0.0,0.06943987309932709,0.0,0.2674335837364197
6455,0.00518074668943882,0.01768719479441643,0.021216316893696786,0.06297292783856392,0.0,0.06945131719112396,0.0,0.26742425560951233
6456,0.005185319017618895,0.017262522876262665,0.022289415076375007,0.06042096167802811,0.0,0.0694647878408432,0.0,0.267412930727005
6457,0.005305035039782524,0.01807156056165695,0.023313313722610474,0.06261685714125634,0.0,0.06947887688875198,0.0,0.2674024701118469
6458,0.005574397183954716,0.01927221454679966,0.021265880018472672,0.06294987797737121,0.0,0.06949427723884583,0.0,0.267392098903656
6459,0.005377113074064255,0.018133069202303887,0.02317480221390724,0.06258331835269929,0.0,0.06951238214969635,0.0,0.26738399267196655
6460,0.005145181808620692,0.018710516393184662,0.0225785281509161,0.05887731909751892,0.0,0.06952793896198273,0.0,0.2673757076263428
6461,0.005231628380715847,0.018754972890019418,0.022441158816218377,0.06497794762253761,0.0,0.06953882426023483,0.0,0.2673700153827667
6462,0.005044029373675585,0.017750953510403632,0.022123709693551062,0.06359041482210159,0.0,0.06955172121524811,0.0,0.2673656940460205
6463,0.0050992961041629314,0.018115248903632163,0.021983290463685988,0.058014454692602156,0.0,0.06956782191991806,0.0,0.2673623263835907
6464,0.005161078367382288,0.018124346807599067,0.021970356255769728,0.06144297271966934,0.0,0.06957971304655075,0.0,0.2673613429069519
6465,0.005461118835955858,0.01772179305553436,0.02254662998020649,0.062936782091856,0.0,0.06959088146686554,0.0,0.26736170053482056
6466,0.005043407902121544,0.01821376644074917,0.02142811454832554,0.0621684804558754,0.0,0.06960095465183258,0.0,0.26735976338386536
6467,0.004997327364981175,0.017497898638248445,0.021913402527570725,0.05914686918258667,0.0,0.06960597634315491,0.0,0.2673572301864624
6468,0.005003905016928911,0.01795174591243267,0.021423619613051413,0.05898272469639778,0.0,0.06961469352245331,0.0,0.2673570513725281
6469,0.005343886092305183,0.018024374544620515,0.021580154448747633,0.0596343569457531,0.0,0.06962265819311142,0.0,0.2673576772212982
6470,0.004790388233959675,0.018146580457687377,0.02215784341096878,0.06029009968042374,0.0,0.06963362544775009,0.0,0.26735860109329224
6471,0.005534108635038138,0.018050490692257882,0.02092263922095299,0.06397218480706215,0.0,0.06963963806629181,0.0,0.26735860109329224
6472,0.005059118941426277,0.0175890926271677,0.02099059633910656,0.06164334863424301,0.0,0.06964202225208282,0.0,0.26735883951187134
6473,0.0053629324771463874,0.018140071257948875,0.022465655207633974,0.058049583435058595,0.0,0.0696418359875679,0.0,0.26735854148864746
6474,0.005279178079217672,0.017639045044779776,0.02073310911655426,0.06007099449634552,0.0,0.06963963806629181,0.0,0.2673589289188385
6475,0.004965897090733052,0.018405280634760858,0.022825207188725473,0.061836430430412294,0.0,0.06963330507278442,0.0,0.2673584520816803
6476,0.005296101421117782,0.017823462188243867,0.022565972432494162,0.06010783687233925,0.0,0.0696253851056099,0.0,0.2673560082912445
6477,0.0057392633520066735,0.018764480575919153,0.022825995460152626,0.06400596797466278,0.0,0.06961729377508163,0.0,0.2673552632331848
6478,0.004931011237204075,0.01831790618598461,0.020777757465839385,0.06472299247980118,0.0,0.06961370259523392,0.0,0.26735585927963257
6479,0.0052262524142861365,0.01838894858956337,0.0209690198302269,0.06371724084019662,0.0,0.06961105763912201,0.0,0.2673575282096863
6480,0.005042551923543215,0.018018635362386702,0.022748197615146636,0.0595500260591507,0.0,0.06960844993591309,0.0,0.26735919713974
6481,0.004911289643496275,0.018106259405612946,0.022242237254977225,0.06364105641841888,0.0,0.06960386037826538,0.0,0.26736167073249817
6482,0.005323619302362204,0.018124421685934068,0.01978284679353237,0.06457319036126137,0.0,0.06960641592741013,0.0,0.2673635482788086
6483,0.005279670003801584,0.018482573702931403,0.021184946224093438,0.061700829118490216,0.0,0.06960908323526382,0.0,0.267367422580719
6484,0.005012746714055538,0.018053391575813295,0.020301058143377303,0.05725453197956085,0.0,0.06961005926132202,0.0,0.26737239956855774
6485,0.005366117972880602,0.018111353367567064,0.022082511335611343,0.06137719452381134,0.0,0.06960757076740265,0.0,0.267378032207489
6486,0.005177224520593882,0.017978691682219505,0.021171722561120987,0.06003521382808685,0.0,0.06960715353488922,0.0,0.2673833966255188
6487,0.005044472962617874,0.01723696254193783,0.021745532006025314,0.061075326055288315,0.0,0.0696076899766922,0.0,0.26738792657852173
6488,0.005306251160800457,0.018693898618221284,0.021370694413781165,0.05983436778187752,0.0,0.0696059986948967,0.0,0.26739269495010376
6489,0.0050865413621068,0.017338471487164497,0.02237609438598156,0.060830948501825334,0.0,0.06960456073284149,0.0,0.2673969566822052
6490,0.005112473666667938,0.017948031052947046,0.02363547571003437,0.06573550179600715,0.0,0.06960131973028183,0.0,0.2674010694026947
6491,0.004931911826133728,0.01823696754872799,0.021137261390686037,0.05892873108386994,0.0,0.06959979236125946,0.0,0.26740318536758423
6492,0.005332814250141382,0.017210381850600243,0.02354596257209778,0.0595386877655983,0.0,0.06959754228591919,0.0,0.2674045264720917
6493,0.005268482677638531,0.018187635391950608,0.02157462276518345,0.060277342796325684,0.0,0.06959362328052521,0.0,0.2674042880535126
6494,0.005011683236807585,0.01836572401225567,0.021544409915804863,0.06416964456439019,0.0,0.06959117949008942,0.0,0.2674039304256439
6495,0.005520230159163475,0.018472443148493767,0.02232537344098091,0.06101994663476944,0.0,0.06958480179309845,0.0,0.26740288734436035
6496,0.0050660715438425544,0.018289151787757873,0.02362528517842293,0.06449152454733849,0.0,0.06957806646823883,0.0,0.26740315556526184
6497,0.005014351289719343,0.018283328413963316,0.021378755941987036,0.06449587121605874,0.0,0.0695735439658165,0.0,0.26740360260009766
6498,0.005110869556665421,0.01877887062728405,0.02112217918038368,0.05767620727419853,0.0,0.06956513226032257,0.0,0.26740536093711853
6499,0.00531892403960228,0.019201288744807244,0.02243284024298191,0.061615339666605,0.0,0.06955820322036743,0.0,0.2674071490764618
6500,0.00547101404517889,0.018210494145751,0.022342471405863762,0.06051266640424728,0.0,0.06955349445343018,0.0,0.2674078345298767
6501,0.005147661920636893,0.017443299666047095,0.021745561435818673,0.05761774852871895,0.0,0.06954671442508698,0.0,0.267408549785614
6502,0.004994837287813425,0.017672093585133553,0.021731549873948097,0.0626159243285656,0.0,0.06954375654459,0.0,0.2674085795879364
6503,0.0050014697946608065,0.01750388965010643,0.021550246328115464,0.059153526276350024,0.0,0.06953758746385574,0.0,0.26740795373916626
6504,0.00532135609537363,0.018082665652036665,0.020051970332860946,0.05906416401267052,0.0,0.06953080743551254,0.0,0.2674092650413513
6505,0.005423572566360235,0.017880651727318765,0.021380094811320305,0.059171587228775024,0.0,0.06953150033950806,0.0,0.26740723848342896
6506,0.005239216145128012,0.017405985668301583,0.022340063750743867,0.061406536400318144,0.0,0.06953082233667374,0.0,0.2674041986465454
6507,0.005037547647953033,0.017691045254468917,0.02241080515086651,0.06302009448409081,0.0,0.06952421367168427,0.0,0.26740068197250366
6508,0.005319559760391712,0.01797606535255909,0.01957316994667053,0.06104902774095535,0.0,0.06952185928821564,0.0,0.26739561557769775
6509,0.005175144132226706,0.018276754394173624,0.02138927988708019,0.05897883251309395,0.0,0.0695188120007515,0.0,0.2673906683921814
6510,0.005145523976534605,0.018174153938889503,0.021948694810271265,0.057015446573495866,0.0,0.0695132166147232,0.0,0.26738864183425903
6511,0.005066441744565964,0.01826489418745041,0.021385569870471955,0.060666559636592864,0.0,0.06950788199901581,0.0,0.2673857510089874
6512,0.0048708153888583185,0.017634707689285278,0.021394448727369307,0.06681571826338768,0.0,0.06950787454843521,0.0,0.26738283038139343
6513,0.0055223568342626095,0.018677064031362534,0.02210077755153179,0.059665261209011076,0.0,0.0695074051618576,0.0,0.2673787772655487
6514,0.005278998985886574,0.017890562117099763,0.023050996661186218,0.0633803054690361,0.0,0.0695103257894516,0.0,0.26737362146377563
6515,0.005314970761537552,0.018510681018233298,0.023609178140759468,0.061254964023828504,0.0,0.06951183080673218,0.0,0.2673693001270294
6516,0.005133907031267882,0.01813841573894024,0.023323193565011023,0.06103782877326012,0.0,0.06951355934143066,0.0,0.2673640549182892
6517,0.005168975610285997,0.018192321062088013,0.022107329964637757,0.05878858417272568,0.0,0.06951345503330231,0.0,0.26735925674438477
6518,0.005035330634564161,0.01750703603029251,0.02315269336104393,0.06188228577375412,0.0,0.06951455771923065,0.0,0.2673550248146057
6519,0.005199438985437154,0.01728423573076725,0.023082102462649346,0.05835520103573799,0.0,0.06951761245727539,0.0,0.26735004782676697
6520,0.005385488923639059,0.017793015018105506,0.021544498205184937,0.05872173607349396,0.0,0.06952051818370819,0.0,0.2673455476760864
6521,0.005070660356432199,0.017793243750929832,0.023547109216451645,0.06316771507263183,0.0,0.06952916085720062,0.0,0.26734209060668945
6522,0.005136308819055557,0.01849006824195385,0.021730130165815355,0.06212152615189552,0.0,0.06954017281532288,0.0,0.26733916997909546
6523,0.005537048634141684,0.01787271685898304,0.02236758917570114,0.06226854398846626,0.0,0.06955145299434662,0.0,0.2673379182815552
6524,0.005266636982560158,0.0178253598511219,0.021849577873945238,0.06074097231030464,0.0,0.06955951452255249,0.0,0.2673376202583313
6525,0.005423119571059942,0.018276319652795792,0.02013664022088051,0.06406536847352981,0.0,0.06956245750188828,0.0,0.26733851432800293
6526,0.005108236335217953,0.018461475148797035,0.020054207369685172,0.06324736401438713,0.0,0.06956132501363754,0.0,0.2673415243625641
6527,0.004979206435382366,0.018027034401893616,0.020919688791036607,0.06190366148948669,0.0,0.06956495344638824,0.0,0.2673456072807312
6528,0.0049110596999526026,0.018792405351996423,0.02197100259363651,0.06206378415226936,0.0,0.06956876814365387,0.0,0.2673489451408386
6529,0.005347238667309284,0.017386288940906526,0.021612460538744927,0.06301928460597991,0.0,0.06957245618104935,0.0,0.2673523426055908
6530,0.005278680939227343,0.01802354007959366,0.020820482820272445,0.06162900552153587,0.0,0.06957696378231049,0.0,0.2673569321632385
6531,0.005341367982327938,0.017780293151736258,0.02148809880018234,0.06148267015814781,0.0,0.06957493722438812,0.0,0.26735979318618774
6532,0.005009652022272349,0.018030894547700883,0.022577670216560364,0.06092018038034439,0.0,0.06957664340734482,0.0,0.26736122369766235
6533,0.005149380210787058,0.018001382797956468,0.02371120676398277,0.06053250804543495,0.0,0.06957988440990448,0.0,0.2673608660697937
6534,0.005032478459179401,0.017932235077023507,0.02312324121594429,0.05856406912207603,0.0,0.06958027184009552,0.0,0.2673608064651489
6535,0.005201509408652783,0.017176661640405655,0.021145837381482124,0.062204251438379286,0.0,0.06958124786615372,0.0,0.26735931634902954
6536,0.0050890490412712095,0.018783709034323692,0.02309253178536892,0.06049347594380379,0.0,0.06957827508449554,0.0,0.2673584222793579
6537,0.00495241405442357,0.018326029554009436,0.021671539917588235,0.06078979298472405,0.0,0.06957285106182098,0.0,0.26735803484916687
6538,0.005286920722573996,0.018275416642427444,0.021091661974787713,0.061816449463367465,0.0,0.0695662647485733,0.0,0.26735720038414
6539,0.0052685651928186415,0.017745998874306678,0.0220632903277874,0.06173373833298683,0.0,0.06955479085445404,0.0,0.26735758781433105
6540,0.005084808450192213,0.016739449463784695,0.022727884724736212,0.06512031629681587,0.0,0.06954878568649292,0.0,0.2673583924770355
6541,0.005119172018021345,0.0182057686150074,0.021919479966163634,0.06027190536260605,0.0,0.06954097002744675,0.0,0.26735955476760864
6542,0.005343498941510916,0.017460547387599945,0.022098324075341225,0.06121907755732536,0.0,0.0695316344499588,0.0,0.2673584818840027
6543,0.005116301961243153,0.01746329516172409,0.02166994959115982,0.06074748411774635,0.0,0.0695197805762291,0.0,0.2673580050468445
6544,0.005285797733813524,0.01830054000020027,0.02049889713525772,0.06224013864994049,0.0,0.06951044499874115,0.0,0.26735684275627136
6545,0.005078910570591688,0.017359115183353424,0.02089461088180542,0.06276374235749245,0.0,0.06950601190328598,0.0,0.26735663414001465
6546,0.005176905263215304,0.01819910779595375,0.021896574273705484,0.0572777584195137,0.0,0.06950148195028305,0.0,0.2673547565937042
6547,0.005103385914117098,0.01862751580774784,0.020288542658090592,0.05896374508738518,0.0,0.06950120627880096,0.0,0.2673526406288147
6548,0.005421339441090823,0.01763905957341194,0.022224969789385797,0.05972644463181496,0.0,0.06950195878744125,0.0,0.2673521041870117
6549,0.005259759724140167,0.01774878203868866,0.02044944167137146,0.06030411347746849,0.0,0.06950853765010834,0.0,0.2673504948616028
6550,0.004919056966900826,0.01773822642862797,0.021028653904795646,0.06067145168781281,0.0,0.06951829791069031,0.0,0.26735034584999084
6551,0.0053368046879768375,0.017795392125844956,0.021155712008476258,0.06286457106471062,0.0,0.0695284754037857,0.0,0.267351359128952
6552,0.004966724291443824,0.018759775534272195,0.024461830407381056,0.06103104129433632,0.0,0.06953684240579605,0.0,0.2673514187335968
6553,0.005292761418968439,0.017192134261131288,0.02213803753256798,0.060787329077720643,0.0,0.06954334676265717,0.0,0.26735085248947144
6554,0.005320184025913477,0.01758212372660637,0.022709938138723372,0.06104278713464737,0.0,0.06954532116651535,0.0,0.2673521935939789
6555,0.004957776516675949,0.01855553351342678,0.020696775615215303,0.06438939422369003,0.0,0.06954552978277206,0.0,0.26735416054725647
6556,0.00511796660721302,0.017680028080940248,0.02147698923945427,0.059633491188287736,0.0,0.06954561173915863,0.0,0.26735493540763855
6557,0.00508729163557291,0.01737070605158806,0.02122326344251633,0.05914056152105331,0.0,0.06954966485500336,0.0,0.2673560082912445
6558,0.005216538906097412,0.018284048512578012,0.022858119383454324,0.06469741687178612,0.0,0.06955689191818237,0.0,0.2673567235469818
6559,0.0051468384452164175,0.017903919517993926,0.020724937692284583,0.06077829897403717,0.0,0.069569893181324,0.0,0.2673559784889221
6560,0.005376224778592587,0.017579926922917367,0.02398729920387268,0.06258368119597435,0.0,0.06958205997943878,0.0,0.267354816198349
6561,0.005222242511808872,0.018271464109420776,0.020893358066678046,0.06202070713043213,0.0,0.0695912316441536,0.0,0.2673536241054535
6562,0.005419472325593233,0.01760472431778908,0.02102968841791153,0.06262857243418693,0.0,0.06959980726242065,0.0,0.26735109090805054
6563,0.005693650897592306,0.0193588700145483,0.020946214720606805,0.06285858005285264,0.0,0.0696064904332161,0.0,0.2673496603965759
6564,0.0049432965926826,0.01838223561644554,0.023136161267757416,0.0598613940179348,0.0,0.06961357593536377,0.0,0.2673502564430237
6565,0.005370433814823628,0.017615945637226106,0.022856732457876207,0.061870425939559937,0.0,0.06961708515882492,0.0,0.26734960079193115
6566,0.005331498105078936,0.017591523379087447,0.021087991259992122,0.06252287328243256,0.0,0.0696178674697876,0.0,0.2673477530479431
6567,0.005078624002635479,0.018214699625968934,0.021282473206520082,0.0617502436041832,0.0,0.06961952149868011,0.0,0.2673459053039551
6568,0.005406131595373153,0.01815009452402592,0.02176646552979946,0.062459391355514524,0.0,0.06962014734745026,0.0,0.26734471321105957
6569,0.0052815965376794335,0.0184116393327713,0.022101179137825964,0.05959717184305191,0.0,0.06961970776319504,0.0,0.26734256744384766
6570,0.005395015049725771,0.0178684014827013,0.02057717405259609,0.06343132182955742,0.0,0.06962127238512039,0.0,0.26734012365341187
6571,0.0054296721704304215,0.016774321720004082,0.02059824764728546,0.06387243121862411,0.0,0.06962420791387558,0.0,0.2673371732234955
6572,0.00546446954831481,0.018450988829135893,0.019866130128502846,0.06553740203380584,0.0,0.06962636858224869,0.0,0.2673320174217224
6573,0.005282537173479795,0.01796625889837742,0.020528561621904372,0.058793510496616366,0.0,0.06962891668081284,0.0,0.26732879877090454
6574,0.005231475457549095,0.018167340755462648,0.022526998445391654,0.0643739640712738,0.0,0.0696285218000412,0.0,0.2673255205154419
6575,0.005149624403566122,0.017956314608454704,0.023751426860690115,0.06036394312977791,0.0,0.06962870061397552,0.0,0.26732367277145386
6576,0.005260943807661534,0.017525729537010194,0.020355567708611487,0.06459355875849723,0.0,0.06963002681732178,0.0,0.26732149720191956
6577,0.005276509840041399,0.018196432664990426,0.02212976776063442,0.05911463499069214,0.0,0.06962929666042328,0.0,0.2673199474811554
6578,0.0051631472073495385,0.018368665874004365,0.022441837191581725,0.05942708849906921,0.0,0.06962998956441879,0.0,0.2673187851905823
6579,0.005090808682143688,0.01884557828307152,0.020124078169465064,0.06101200580596924,0.0,0.06963131576776505,0.0,0.26731979846954346
6580,0.005311914160847664,0.018267557397484778,0.020474513247609138,0.06232973486185074,0.0,0.06963150203227997,0.0,0.2673201262950897
6581,0.005130531080067158,0.018137605488300325,0.02217661924660206,0.059627842903137204,0.0,0.06963268667459488,0.0,0.26732057332992554
6582,0.005154401436448098,0.018716370686888695,0.022083825990557672,0.06182962507009506,0.0,0.06963147222995758,0.0,0.2673218250274658
6583,0.00536316754296422,0.017715221270918846,0.02186414636671543,0.06310950070619584,0.0,0.06963656842708588,0.0,0.2673254907131195
6584,0.005053521785885096,0.01839100234210491,0.022891737520694733,0.06193633750081062,0.0,0.0696440190076828,0.0,0.2673276960849762
6585,0.005249212309718132,0.017907846719026566,0.020480088144540786,0.06121205762028694,0.0,0.06965579092502594,0.0,0.26733341813087463
6586,0.005121948663145304,0.017989519983530045,0.021496162936091422,0.059972935169935224,0.0,0.06966595351696014,0.0,0.267338365316391
6587,0.004731060471385717,0.017802445963025094,0.02185980640351772,0.058889429271221164,0.0,0.06967196613550186,0.0,0.26734066009521484
6588,0.004936900176107884,0.01713639460504055,0.022978770732879638,0.05963009372353554,0.0,0.0696808248758316,0.0,0.267341673374176
6589,0.00487934909760952,0.017438821494579315,0.021090010181069374,0.058815427124500275,0.0,0.06968574225902557,0.0,0.267340749502182
6590,0.005196273885667324,0.018280212953686713,0.021762773022055627,0.05959375873208046,0.0,0.06968872249126434,0.0,0.2673380374908447
6591,0.005058555211871862,0.01857438087463379,0.02143999934196472,0.06496105343103409,0.0,0.06969128549098969,0.0,0.2673355042934418
6592,0.005426007695496083,0.017595750838518144,0.022247515991330145,0.06382234990596772,0.0,0.06969515979290009,0.0,0.267333447933197
6593,0.004974641930311918,0.01740476004779339,0.022431086376309396,0.05928801745176315,0.0,0.06970424950122833,0.0,0.26733317971229553
6594,0.005584879778325558,0.018551549315452574,0.021249469369649887,0.058297328650951385,0.0,0.06971418857574463,0.0,0.26733294129371643
6595,0.005085397139191627,0.01737655233591795,0.02051279619336128,0.06354090049862862,0.0,0.06972982734441757,0.0,0.2673330307006836
6596,0.004979338869452477,0.017738564312458037,0.019823234528303146,0.06277887150645256,0.0,0.06974254548549652,0.0,0.2673341929912567
6597,0.005277260486036539,0.017904571443796157,0.019950423017144205,0.059142154455184934,0.0,0.06975503265857697,0.0,0.26733580231666565
6598,0.005370466317981481,0.01838880032300949,0.021841318532824516,0.06314131170511246,0.0,0.06976602971553802,0.0,0.26733699440956116
6599,0.005524046625941992,0.018128648027777673,0.021477404236793517,0.0588550329208374,0.0,0.06977512687444687,0.0,0.2673386037349701
6600,0.004841658473014832,0.0181276835501194,0.021636613830924033,0.061260543018579486,0.0,0.06978651881217957,0.0,0.2673405110836029
6601,0.005344634596258402,0.018483704701066018,0.022116679698228836,0.062070082128047946,0.0,0.06979560852050781,0.0,0.2673405408859253
6602,0.005295037105679512,0.017223584465682507,0.022646527737379074,0.05882696583867073,0.0,0.06980330497026443,0.0,0.2673415243625641
6603,0.005291809607297182,0.01786393076181412,0.02190620042383671,0.061889772117137906,0.0,0.06980852037668228,0.0,0.26734232902526855
6604,0.005086290929466486,0.018098770454525948,0.02204407937824726,0.061563319712877276,0.0,0.06981644779443741,0.0,0.2673424780368805
6605,0.0051024405285716055,0.01679227501153946,0.02104688249528408,0.05997801274061203,0.0,0.06982964277267456,0.0,0.2673405408859253
6606,0.004995496943593025,0.018020648509263992,0.020567260310053827,0.06145072728395462,0.0,0.06983281672000885,0.0,0.2673400938510895
6607,0.0051599802449345585,0.01835155226290226,0.021759021282196044,0.05990559384226799,0.0,0.06983198970556259,0.0,0.26734036207199097
6608,0.0051542256027460095,0.017643165215849875,0.019112535566091538,0.06397218331694603,0.0,0.06982537358999252,0.0,0.26734381914138794
6609,0.00550268804654479,0.018450376018881796,0.02241024300456047,0.06349128559231758,0.0,0.06981559842824936,0.0,0.2673466205596924
6610,0.005018026381731033,0.019462162628769875,0.02146352455019951,0.06248373463749886,0.0,0.0698031410574913,0.0,0.2673484683036804
6611,0.0052950622513890265,0.019327423721551894,0.021238863095641138,0.060456714034080504,0.0,0.06979028135538101,0.0,0.2673478126525879
6612,0.005163769982755184,0.018061865121126175,0.021896887198090555,0.06578532457351685,0.0,0.06977327167987823,0.0,0.2673477530479431
6613,0.005247251596301794,0.01812303587794304,0.022180580347776414,0.0630147248506546,0.0,0.06975354999303818,0.0,0.2673457860946655
6614,0.005092079751193523,0.018186199478805065,0.02289462797343731,0.06347915306687354,0.0,0.0697367787361145,0.0,0.2673458755016327
6615,0.0053455869667232035,0.017500996217131616,0.023015041649341584,0.06316223219037057,0.0,0.0697208121418953,0.0,0.2673455774784088
6616,0.005374251585453749,0.01896182931959629,0.02197706773877144,0.06250062435865403,0.0,0.06970809400081635,0.0,0.26734498143196106
6617,0.005184982158243656,0.018570709228515624,0.021943215653300284,0.06075815781950951,0.0,0.06969732791185379,0.0,0.26734375953674316
6618,0.0055417843163013455,0.01840311996638775,0.02069109082221985,0.06295612603425979,0.0,0.06968777626752853,0.0,0.26734548807144165
6619,0.005460060015320778,0.019035379216074944,0.022331823036074637,0.058090618997812274,0.0,0.06967540085315704,0.0,0.2673472762107849
6620,0.0050677740015089515,0.018360266461968422,0.01988108828663826,0.059559977054595946,0.0,0.06966698914766312,0.0,0.2673506736755371
6621,0.0050619164481759075,0.01924627311527729,0.02061164453625679,0.06173482537269592,0.0,0.06966064125299454,0.0,0.26735273003578186
6622,0.004985582642257213,0.018588293343782425,0.022003692761063575,0.06450529471039772,0.0,0.06965897232294083,0.0,0.26735183596611023
6623,0.005249039363116026,0.01847234517335892,0.02225342206656933,0.06229163855314255,0.0,0.06965799629688263,0.0,0.26735037565231323
6624,0.005470150522887707,0.018446964025497437,0.022007258981466292,0.06022802665829659,0.0,0.0696585550904274,0.0,0.2673482298851013
6625,0.0049420403316617015,0.017267894744873048,0.023515191674232484,0.05979312658309936,0.0,0.06966347992420197,0.0,0.26734650135040283
6626,0.005003922432661056,0.018404264375567435,0.022614960372447968,0.06596499979496002,0.0,0.06966792047023773,0.0,0.2673453688621521
6627,0.005099426582455635,0.01872712969779968,0.023047052323818207,0.062271536141633985,0.0,0.06967039406299591,0.0,0.26734721660614014
6628,0.005145621113479137,0.018274499848484994,0.021836747601628303,0.06356951743364334,0.0,0.06967295706272125,0.0,0.26735109090805054
6629,0.005434528738260269,0.01854414977133274,0.021800551936030386,0.06255136802792549,0.0,0.0696774274110794,0.0,0.2673533260822296
6630,0.005085715185850858,0.018153390288352965,0.022024724632501602,0.06326746791601182,0.0,0.06968581676483154,0.0,0.2673552930355072
6631,0.005237446632236242,0.01795504689216614,0.021292098984122276,0.060311409085989,0.0,0.06969169527292252,0.0,0.26735931634902954
6632,0.005486987065523863,0.018445303291082384,0.021191855520009996,0.06169452592730522,0.0,0.06969567388296127,0.0,0.2673652470111847
6633,0.005035735294222831,0.01747362017631531,0.022023604065179826,0.06449771672487259,0.0,0.06970074772834778,0.0,0.26736822724342346
6634,0.0055982058867812155,0.01734989434480667,0.02193823754787445,0.058492543548345564,0.0,0.06970123946666718,0.0,0.26736992597579956
6635,0.005092848092317581,0.017677846178412438,0.020759380981326105,0.06036190167069435,0.0,0.06970356404781342,0.0,0.2673712372779846
6636,0.005110277701169253,0.017548970878124237,0.022144727781414984,0.06311145201325416,0.0,0.06970032304525375,0.0,0.2673724591732025
6637,0.004891770146787167,0.017902708053588866,0.022255878150463104,0.06131028681993485,0.0,0.0696960985660553,0.0,0.267372190952301
6638,0.005286171659827232,0.018285759910941123,0.02227451801300049,0.05991697162389755,0.0,0.0696927011013031,0.0,0.26737165451049805
6639,0.005165327619761228,0.01868165619671345,0.021251583844423293,0.05878254845738411,0.0,0.06968802213668823,0.0,0.2673710286617279
6640,0.005278901755809784,0.018332723900675772,0.021513292193412782,0.06242152005434036,0.0,0.06968166679143906,0.0,0.2673695683479309
6641,0.005222649499773979,0.017915492132306098,0.023215127736330034,0.06198168620467186,0.0,0.06968320906162262,0.0,0.2673683166503906
6642,0.005426212400197983,0.018119317293167115,0.023901911452412605,0.061955811083316804,0.0,0.06968863308429718,0.0,0.26736801862716675
6643,0.0053201159462332726,0.018293827772140503,0.02250203937292099,0.06483164057135582,0.0,0.0696946531534195,0.0,0.2673695981502533
6644,0.005514132231473923,0.018564920872449875,0.022729295864701272,0.05973165407776833,0.0,0.06969638913869858,0.0,0.2673705518245697
6645,0.004999006818979979,0.018755193054676055,0.019821549579501153,0.06305240839719772,0.0,0.06970321387052536,0.0,0.26737189292907715
6646,0.005203517805784941,0.01895432807505131,0.021921829506754874,0.060436883568763734,0.0,0.0697125643491745,0.0,0.26737111806869507
6647,0.005225571058690548,0.018651902675628662,0.02209375649690628,0.057926791906356814,0.0,0.06972701102495193,0.0,0.2673688232898712
6648,0.005268452037125826,0.018369889259338378,0.022969476506114007,0.061356062442064284,0.0,0.06974054872989655,0.0,0.26736748218536377
6649,0.005533765070140362,0.018586868420243263,0.020949402078986167,0.062340058386325836,0.0,0.06975393742322922,0.0,0.2673651874065399
6650,0.005655249953269959,0.017534796521067618,0.02356010489165783,0.06486995592713356,0.0,0.06976993381977081,0.0,0.2673623263835907
6651,0.005394092388451099,0.0181901041418314,0.02346852347254753,0.060700271278619766,0.0,0.06977991759777069,0.0,0.26736077666282654
6652,0.0052672428078949455,0.01809067316353321,0.020642424747347832,0.060417241603136065,0.0,0.0697893500328064,0.0,0.2673611342906952
6653,0.00542458463460207,0.01880412008613348,0.020789467543363572,0.062408953160047534,0.0,0.06979683041572571,0.0,0.2673625946044922
6654,0.005300485342741012,0.017446746304631233,0.02323947995901108,0.06101399585604668,0.0,0.06981471180915833,0.0,0.26736417412757874
6655,0.00502618020400405,0.018749736621975897,0.021707741543650627,0.056586014479398726,0.0,0.06982656568288803,0.0,0.26736730337142944
6656,0.0052032025530934336,0.018782296031713486,0.021785897389054298,0.0636949822306633,0.0,0.06983249634504318,0.0,0.2673709988594055
6657,0.0048892230726778505,0.0183756448328495,0.022209806367754936,0.06371645256876945,0.0,0.06983862072229385,0.0,0.2673770487308502
6658,0.005488255620002746,0.01847817488014698,0.02296544797718525,0.06501589640974999,0.0,0.06984420865774155,0.0,0.2673817276954651
6659,0.005470533296465874,0.0182624951004982,0.021751028671860694,0.0643189199268818,0.0,0.0698479637503624,0.0,0.26738470792770386
6660,0.005097276158630848,0.017765222117304802,0.02087477371096611,0.06398988515138626,0.0,0.06985373795032501,0.0,0.2673887014389038
6661,0.00508062019944191,0.01793198548257351,0.022976000607013703,0.06324601247906685,0.0,0.06985769420862198,0.0,0.2673935294151306
6662,0.004947079997509718,0.017934633418917656,0.02136998623609543,0.059770721942186356,0.0,0.069860078394413,0.0,0.2673957645893097
6663,0.005374003667384386,0.018777889385819434,0.020392172411084174,0.062381694465875624,0.0,0.06986512243747711,0.0,0.267397940158844
6664,0.0051398157142102715,0.018804359808564187,0.020033173263072968,0.06473371535539627,0.0,0.0698687806725502,0.0,0.26740017533302307
6665,0.005441729445010424,0.018060123175382616,0.021080755814909934,0.061102553457021716,0.0,0.06987088173627853,0.0,0.26740118861198425
6666,0.004953164793550968,0.01798466108739376,0.02250775657594204,0.06118307411670685,0.0,0.06987699121236801,0.0,0.26740166544914246
6667,0.0054820611141622065,0.018341366946697236,0.021313929930329323,0.06450438648462295,0.0,0.06987859308719635,0.0,0.26740407943725586
6668,0.005424345191568136,0.01801343970000744,0.0219303622841835,0.062032326310873034,0.0,0.0698799341917038,0.0,0.26740309596061707
6669,0.005653746612370014,0.018104611709713937,0.020829663053154944,0.062200581282377244,0.0,0.06988091766834259,0.0,0.2674049139022827
6670,0.00541291031986475,0.018419987708330154,0.02243512384593487,0.06089126393198967,0.0,0.06988237053155899,0.0,0.2674049139022827
6671,0.005322129558771848,0.016789546236395836,0.02029726207256317,0.05877701416611671,0.0,0.0698917880654335,0.0,0.26740363240242004
6672,0.0052400768734514715,0.017967839911580085,0.020808006078004836,0.06243184208869934,0.0,0.06989260017871857,0.0,0.2674025595188141
6673,0.005335917323827743,0.017800307273864745,0.02043953724205494,0.06299716532230377,0.0,0.06989032030105591,0.0,0.2673998773097992
6674,0.005290228314697743,0.017197520285844804,0.021101058274507523,0.06209501996636391,0.0,0.06988522410392761,0.0,0.2673982083797455
6675,0.005135491024702787,0.017712783813476563,0.022055072709918022,0.06445560231804848,0.0,0.06987588107585907,0.0,0.2673969864845276
6676,0.005046962387859821,0.018206209316849707,0.02056940644979477,0.062460757791996,0.0,0.06986315548419952,0.0,0.26739564538002014
6677,0.005023246072232724,0.018137110397219658,0.02057485729455948,0.060022374242544176,0.0,0.0698527842760086,0.0,0.26739442348480225
6678,0.004827551078051329,0.01811078265309334,0.021076621487736702,0.06278801783919334,0.0,0.06984444707632065,0.0,0.2673933506011963
6679,0.005419112835079431,0.01809145100414753,0.021361509710550307,0.06323523819446564,0.0,0.06983960419893265,0.0,0.267392098903656
6680,0.0052971309050917625,0.01821185015141964,0.020823915675282478,0.05934461653232574,0.0,0.06983651965856552,0.0,0.2673904299736023
6681,0.005029028467833996,0.01859227791428566,0.020612351596355438,0.06627693474292755,0.0,0.06983198970556259,0.0,0.2673899233341217
6682,0.005431118328124285,0.01870499216020107,0.022179658710956573,0.061399269849061966,0.0,0.06982883810997009,0.0,0.2673899233341217
6683,0.0052162839099764826,0.017996685951948165,0.02092910148203373,0.06238754168152809,0.0,0.06982998549938202,0.0,0.26739200949668884
6684,0.005856654327362776,0.01835714504122734,0.02124008573591709,0.06214906498789787,0.0,0.06982912868261337,0.0,0.26739537715911865
6685,0.00515430849045515,0.019731377065181733,0.022877521812915802,0.0608034260571003,0.0,0.06982749700546265,0.0,0.2674000859260559
6686,0.005497619044035673,0.019252367690205573,0.02094040662050247,0.06456488892436027,0.0,0.06983427703380585,0.0,0.2674068808555603
6687,0.0054980643093585965,0.018055840954184534,0.02233871482312679,0.06171918958425522,0.0,0.06984405964612961,0.0,0.2674134075641632
6688,0.00521478708833456,0.018443907052278517,0.020784734189510344,0.06277613341808319,0.0,0.0698518306016922,0.0,0.26742202043533325
6689,0.004898398648947477,0.01822686456143856,0.02230009250342846,0.059408947825431824,0.0,0.06985427439212799,0.0,0.267429381608963
6690,0.005449950974434614,0.01824134774506092,0.02136969640851021,0.05875910446047783,0.0,0.06985470652580261,0.0,0.2674352526664734
6691,0.005433675181120634,0.01832028292119503,0.022150516137480737,0.061764024943113324,0.0,0.06985237449407578,0.0,0.2674386501312256
6692,0.005147232208400965,0.019267494231462477,0.021686790883541106,0.06184372454881668,0.0,0.06984571367502213,0.0,0.2674409747123718
6693,0.005405453220009804,0.018300230056047438,0.020419645681977273,0.06113809198141098,0.0,0.06984206289052963,0.0,0.26744315028190613
6694,0.005616773758083582,0.01808541901409626,0.0208115853369236,0.06136333271861076,0.0,0.06983824074268341,0.0,0.2674427926540375
6695,0.005171593278646469,0.01723637804389,0.022640753909945487,0.06276156976819039,0.0,0.06983621418476105,0.0,0.26744019985198975
6696,0.005445780605077744,0.018353558704257013,0.020900265127420426,0.06568082943558692,0.0,0.06983872503042221,0.0,0.267436683177948
6697,0.005016194097697735,0.018012453988194465,0.02235994040966034,0.06079976409673691,0.0,0.06984345614910126,0.0,0.2674330770969391
6698,0.00497988210991025,0.017895375192165375,0.02080756425857544,0.06222112700343132,0.0,0.06984236091375351,0.0,0.2674294114112854
6699,0.005692010652273894,0.018955347687005998,0.02108078487217426,0.06238570213317871,0.0,0.06984169781208038,0.0,0.2674258351325989
6700,0.005210903566330671,0.017932678014039992,0.023317525908350945,0.06242571398615837,0.0,0.06984135508537292,0.0,0.26742324233055115
6701,0.005068725906312466,0.017520757764577864,0.02127418853342533,0.061072453111410144,0.0,0.0698418840765953,0.0,0.2674195170402527
6702,0.004911637958139181,0.018529022485017775,0.021605443954467774,0.06207360029220581,0.0,0.06984290480613708,0.0,0.26741570234298706
6703,0.005073487106710672,0.017817138135433196,0.021807754412293434,0.06266297549009323,0.0,0.069842629134655,0.0,0.267412006855011
6704,0.005504584219306707,0.018477897718548776,0.019659482687711716,0.06155580878257751,0.0,0.06984396278858185,0.0,0.2674080729484558
6705,0.004909584391862154,0.016843753308057784,0.022349563241004945,0.06464950889348983,0.0,0.06984055042266846,0.0,0.26740777492523193
6706,0.004958884976804257,0.017494086548686026,0.0239634957164526,0.0620923712849617,0.0,0.06983274221420288,0.0,0.26740899682044983
6707,0.00502679506316781,0.01832609735429287,0.021517644077539443,0.06289970725774766,0.0,0.06982911378145218,0.0,0.2674127221107483
6708,0.005509625747799873,0.017082834616303444,0.021175076067447663,0.06487600952386856,0.0,0.06982576102018356,0.0,0.26741480827331543
6709,0.0053272049874067305,0.01738382950425148,0.02150789424777031,0.0594752587378025,0.0,0.06981651484966278,0.0,0.26741746068000793
6710,0.005370057094842196,0.018637131527066232,0.021078111976385115,0.06250516846776008,0.0,0.06981009244918823,0.0,0.26742124557495117
6711,0.005383954010903835,0.01803005114197731,0.021698370203375818,0.05884758532047272,0.0,0.06980200856924057,0.0,0.2674276828765869
6712,0.005303509719669819,0.01830696575343609,0.022385041788220407,0.05759937092661858,0.0,0.06979495286941528,0.0,0.2674354910850525
6713,0.004834838304668665,0.018491821363568306,0.022425075992941856,0.060738041251897815,0.0,0.06979677081108093,0.0,0.26744216680526733
6714,0.005404065549373627,0.017198339849710465,0.02261342480778694,0.06151985004544258,0.0,0.06980572640895844,0.0,0.2674471139907837
6715,0.005270091071724892,0.018682895228266716,0.02232334166765213,0.06191663071513176,0.0,0.06981015205383301,0.0,0.2674519419670105
6716,0.005222824309021235,0.017190006375312806,0.02318854331970215,0.061260581761598584,0.0,0.06981098651885986,0.0,0.26745861768722534
6717,0.005175799783319235,0.01782536767423153,0.02216348759829998,0.05868958011269569,0.0,0.06980787217617035,0.0,0.2674649655818939
6718,0.005189424008131027,0.017241453193128108,0.022719045355916023,0.06254428550601006,0.0,0.06980110704898834,0.0,0.2674691677093506
6719,0.005044719111174345,0.017524904385209084,0.02137643061578274,0.060107627511024476,0.0,0.0697922483086586,0.0,0.26747119426727295
6720,0.005126324575394392,0.018494634702801705,0.021344826370477677,0.06474153995513916,0.0,0.06978124380111694,0.0,0.26747262477874756
6721,0.005155828315764666,0.018085265532135963,0.022648753970861434,0.06335086673498154,0.0,0.06977451592683792,0.0,0.26747146248817444
6722,0.005296198930591345,0.018174148723483087,0.021784283965826035,0.060411736369132996,0.0,0.06976774334907532,0.0,0.26746806502342224
6723,0.005241848342120647,0.018011992424726488,0.022828054428100587,0.06441920846700669,0.0,0.06976412236690521,0.0,0.2674664855003357
6724,0.005606704019010067,0.01807953678071499,0.024315790086984635,0.05842215493321419,0.0,0.06976089626550674,0.0,0.2674654424190521
6725,0.0052541235461831095,0.018412642180919647,0.02157120704650879,0.058453281223773954,0.0,0.06975778937339783,0.0,0.2674638330936432
6726,0.005335365235805511,0.017851103469729422,0.022342931479215622,0.06019867956638336,0.0,0.06974883377552032,0.0,0.2674621641635895
6727,0.005339126288890839,0.01823934093117714,0.02204267792403698,0.060656648874282834,0.0,0.06973801553249359,0.0,0.2674624025821686
6728,0.004900340829044581,0.01747941244393587,0.020163101702928544,0.060853907465934755,0.0,0.06972917169332504,0.0,0.26746147871017456
6729,0.005207124352455139,0.017858660221099852,0.021550652384757996,0.060080152750015256,0.0,0.0697229728102684,0.0,0.2674616575241089
6730,0.005044316221028566,0.01844690218567848,0.02373223602771759,0.062106432020664216,0.0,0.06971745193004608,0.0,0.2674621045589447
6731,0.0053745923563838,0.018904261663556098,0.022533274814486505,0.06267758533358574,0.0,0.06971417367458344,0.0,0.26746198534965515
6732,0.005530131328850984,0.018179304152727126,0.02052234411239624,0.06066650524735451,0.0,0.06971200555562973,0.0,0.26746121048927307
6733,0.005057228077203035,0.017026684060692788,0.023798582330346107,0.06253034844994546,0.0,0.06970611959695816,0.0,0.26745882630348206
6734,0.004988351743668318,0.018512898683547975,0.022384104132652283,0.06076822206377983,0.0,0.0696997195482254,0.0,0.2674552798271179
6735,0.005318204406648874,0.017439443431794644,0.021596623957157134,0.06092590242624283,0.0,0.06969345360994339,0.0,0.2674528956413269
6736,0.005080774705857038,0.018780918419361116,0.02141021192073822,0.059922754764556885,0.0,0.06968744099140167,0.0,0.2674494683742523
6737,0.005451291520148516,0.017681408300995828,0.022709781304001808,0.05714531019330025,0.0,0.06968297809362411,0.0,0.26744645833969116
6738,0.00483908811584115,0.018632234632968904,0.022465183585882186,0.06037147715687752,0.0,0.06967739015817642,0.0,0.26744359731674194
6739,0.005081998277455568,0.018135423213243483,0.020718021690845488,0.0645178347826004,0.0,0.06967376917600632,0.0,0.26744014024734497
6740,0.005234145652502775,0.018587683886289598,0.02142992950975895,0.06300264969468117,0.0,0.06966986507177353,0.0,0.2674366533756256
6741,0.005403475742787123,0.018422643840312957,0.02212214209139347,0.06381708085536957,0.0,0.06966143846511841,0.0,0.2674349844455719
6742,0.005302694998681546,0.01799970492720604,0.02012133188545704,0.06335095018148422,0.0,0.06964749842882156,0.0,0.26743417978286743
6743,0.00517631508409977,0.018011172115802766,0.02193495221436024,0.06541543453931808,0.0,0.06963871419429779,0.0,0.2674337327480316
6744,0.005206265673041344,0.017729644477367402,0.02013700529932976,0.06412935853004456,0.0,0.06962251663208008,0.0,0.2674338221549988
6745,0.005408459715545178,0.01900477223098278,0.02214934676885605,0.0633270338177681,0.0,0.06960470974445343,0.0,0.26743432879447937
6746,0.0051556314341723915,0.017779172211885453,0.021764026954770088,0.06529038399457932,0.0,0.06958694756031036,0.0,0.26743555068969727
6747,0.004884755983948707,0.018753086775541307,0.02240741439163685,0.0592882551252842,0.0,0.06957001239061356,0.0,0.26743972301483154
6748,0.005392925348132849,0.017699453979730606,0.022772478684782983,0.06410061568021774,0.0,0.069550059735775,0.0,0.2674449682235718
6749,0.005296530574560166,0.01743760034441948,0.022914091125130653,0.06277259588241577,0.0,0.06952869892120361,0.0,0.26744961738586426
6750,0.005165338143706321,0.01786442697048187,0.021514687687158585,0.05911052152514458,0.0,0.06951168924570084,0.0,0.26745328307151794
6751,0.0052172718569636345,0.01833886243402958,0.020849386975169183,0.059974583238363265,0.0,0.06949479877948761,0.0,0.2674567699432373
6752,0.005014605820178986,0.01944229006767273,0.02182549051940441,0.06169864907860756,0.0,0.0694781169295311,0.0,0.26745837926864624
6753,0.005348598677664995,0.018367156758904456,0.020828619599342346,0.0638820320367813,0.0,0.06946315616369247,0.0,0.2674582004547119
6754,0.005037588905543089,0.01830436885356903,0.02002440467476845,0.06176547035574913,0.0,0.06944824755191803,0.0,0.2674564719200134
6755,0.0052090039476752285,0.018576208129525186,0.020717769488692285,0.0616858147084713,0.0,0.06943728774785995,0.0,0.26745516061782837
6756,0.005217452626675367,0.017666934803128243,0.020395119115710257,0.068916817009449,0.0,0.06942789256572723,0.0,0.267453134059906
6757,0.005357865896075964,0.018908030539751052,0.02231938801705837,0.06266156136989594,0.0,0.0694245919585228,0.0,0.2674512267112732
6758,0.005087405908852816,0.019068358466029167,0.020901379361748695,0.06270103827118874,0.0,0.06942184269428253,0.0,0.2674512565135956
6759,0.005371559597551823,0.017563724890351295,0.023046287521719933,0.060308996587991714,0.0,0.06941801309585571,0.0,0.267452597618103
6760,0.005157139524817467,0.018947193399071693,0.02107236385345459,0.06289125829935074,0.0,0.06941337883472443,0.0,0.26745444536209106
6761,0.005292932502925396,0.01835048459470272,0.023523258045315742,0.06030918732285499,0.0,0.06940416991710663,0.0,0.2674572169780731
6762,0.005462154466658831,0.01826416477560997,0.022941043972969054,0.06108453646302223,0.0,0.06940055638551712,0.0,0.267458975315094
6763,0.005077959690243006,0.018429569154977798,0.022351781278848647,0.060988862067461014,0.0,0.06939893215894699,0.0,0.2674597203731537
6764,0.005127449706196785,0.018020227923989295,0.02135920599102974,0.06580668836832046,0.0,0.06939826160669327,0.0,0.26746025681495667
6765,0.005207065772265196,0.01783207096159458,0.022313104197382926,0.06130314841866493,0.0,0.06940017640590668,0.0,0.2674611508846283
6766,0.005166317988187075,0.017216437309980393,0.023403045535087586,0.05991160273551941,0.0,0.06940135359764099,0.0,0.2674602270126343
6767,0.00478478642180562,0.01772460639476776,0.021565282344818117,0.061410100758075715,0.0,0.06940285116434097,0.0,0.2674551010131836
6768,0.005322632659226656,0.01762131154537201,0.022230760753154756,0.06236915364861488,0.0,0.06940513104200363,0.0,0.26744896173477173
6769,0.005368208605796098,0.0181708674877882,0.01922457404434681,0.06251859515905381,0.0,0.06940025091171265,0.0,0.26744145154953003
6770,0.005398869421333075,0.017557549476623534,0.02003282830119133,0.058744563907384875,0.0,0.06940282136201859,0.0,0.2674317955970764
6771,0.0055248294025659565,0.017565687745809556,0.023503288999199866,0.06167331412434578,0.0,0.06941032409667969,0.0,0.2674224376678467
6772,0.0052558333612978455,0.01749320700764656,0.02095440439879894,0.057761210948228836,0.0,0.06941517442464828,0.0,0.2674143612384796
6773,0.004880911391228438,0.018166179209947585,0.021422377601265908,0.057732371240854265,0.0,0.06941385567188263,0.0,0.26740676164627075
6774,0.004955011792480946,0.01730546485632658,0.020958781614899634,0.06038167625665665,0.0,0.06941267102956772,0.0,0.26740169525146484
6775,0.0052308541722595695,0.017760563269257547,0.0231176421046257,0.06245780885219574,0.0,0.069412961602211,0.0,0.26739972829818726
6776,0.005155943613499403,0.0192834734916687,0.02272378243505955,0.058576370030641554,0.0,0.06941025704145432,0.0,0.26739925146102905
6777,0.004809460416436195,0.018035275861620903,0.02249819226562977,0.05902158468961716,0.0,0.06941089034080505,0.0,0.2673988342285156
6778,0.005062812007963657,0.01855621039867401,0.022681085765361785,0.06318548172712327,0.0,0.06941179931163788,0.0,0.26740044355392456
6779,0.004938117600977421,0.01817483827471733,0.02255042493343353,0.061762445420026776,0.0,0.06941057741641998,0.0,0.26740020513534546
6780,0.005094653274863958,0.017269453033804893,0.021690354868769645,0.05743320360779762,0.0,0.06940560787916183,0.0,0.2674006521701813
6781,0.005243366211652755,0.017678165808320045,0.02219783402979374,0.0649024412035942,0.0,0.06939880549907684,0.0,0.26740092039108276
6782,0.0052541100420057775,0.018504347279667856,0.021910906955599784,0.06679129302501678,0.0,0.06939001381397247,0.0,0.26740092039108276
6783,0.005440677423030138,0.019368747249245644,0.022119743376970293,0.06525719091296196,0.0,0.06937965750694275,0.0,0.26739826798439026
6784,0.005626243166625499,0.01885569393634796,0.021902863681316376,0.06044909805059433,0.0,0.06937522441148758,0.0,0.26739513874053955
6785,0.0053985086269676685,0.0182584747672081,0.022691470757126807,0.05990632101893425,0.0,0.06936868280172348,0.0,0.2673916220664978
6786,0.005257548578083515,0.017773331329226493,0.022046814486384392,0.05926657766103745,0.0,0.06936429440975189,0.0,0.2673867344856262
6787,0.005008416995406151,0.018864670768380165,0.021645969524979592,0.06268876791000366,0.0,0.06936496496200562,0.0,0.2673835754394531
6788,0.005254190228879452,0.017696389555931093,0.02200132980942726,0.060326208174228665,0.0,0.06936223059892654,0.0,0.26738205552101135
6789,0.005233229137957096,0.01725320741534233,0.02343674749135971,0.059992580115795134,0.0,0.0693584606051445,0.0,0.2673788070678711
6790,0.00486842654645443,0.018030909821391106,0.022527474164962768,0.06243328154087067,0.0,0.06935635954141617,0.0,0.26737526059150696
6791,0.005309189949184656,0.01821921914815903,0.022373097389936446,0.05848312005400658,0.0,0.0693550556898117,0.0,0.2673739492893219
6792,0.005179264768958092,0.01866592690348625,0.02276001200079918,0.06293264552950859,0.0,0.06935696303844452,0.0,0.2673730254173279
6793,0.0054188228212296964,0.018463583663105965,0.021320294216275217,0.0653415136039257,0.0,0.06936020404100418,0.0,0.26737526059150696
6794,0.00530657796189189,0.01797356940805912,0.022444527596235275,0.058450490981340406,0.0,0.0693618506193161,0.0,0.2673792243003845
6795,0.0050011021085083485,0.018304042890667914,0.020965312048792838,0.06620187312364578,0.0,0.06936214864253998,0.0,0.2673832178115845
6796,0.004934163298457861,0.016757433116436005,0.021034862846136093,0.06295512691140175,0.0,0.06937398761510849,0.0,0.26738446950912476
6797,0.005271139647811651,0.018246152997016908,0.02316831462085247,0.06340947523713111,0.0,0.06938213109970093,0.0,0.26738396286964417
6798,0.005186584591865539,0.017104462906718253,0.023539190739393236,0.059845583885908125,0.0,0.06939750164747238,0.0,0.26738420128822327
6799,0.005490882229059935,0.01807382218539715,0.021401781216263772,0.06303447112441063,0.0,0.06940732151269913,0.0,0.26738405227661133
6800,0.0054955375380814075,0.01811235658824444,0.020664487779140473,0.06279817968606949,0.0,0.06941334903240204,0.0,0.26738446950912476
6801,0.005327669996768236,0.018664174154400824,0.02054660879075527,0.06170912161469459,0.0,0.06941734254360199,0.0,0.2673848569393158
6802,0.005395442433655262,0.018779076263308526,0.021356206387281418,0.060298893600702286,0.0,0.06942137330770493,0.0,0.2673857808113098
6803,0.005283024255186319,0.01768074110150337,0.02181270904839039,0.063158218562603,0.0,0.06942246854305267,0.0,0.26738813519477844
6804,0.005023523420095444,0.017158718407154085,0.021018566191196443,0.06276200115680694,0.0,0.06942645460367203,0.0,0.26739102602005005
6805,0.005001865979284048,0.018457525223493577,0.023271744698286058,0.05856885686516762,0.0,0.06943479925394058,0.0,0.26739439368247986
6806,0.005022080056369305,0.017963676899671554,0.022726823389530183,0.056989089399576184,0.0,0.06943725794553757,0.0,0.26739782094955444
6807,0.005227458942681551,0.017886538431048392,0.022018850222229956,0.0644460953772068,0.0,0.06944625079631805,0.0,0.26740121841430664
6808,0.005519067496061325,0.01756042242050171,0.02104550525546074,0.06051861792802811,0.0,0.06945300847291946,0.0,0.26740458607673645
6809,0.005170744843780994,0.018817679584026338,0.021392034366726875,0.062257539480924606,0.0,0.06945683062076569,0.0,0.2674073278903961
6810,0.005447358638048172,0.01757139079272747,0.02346513494849205,0.05819959715008736,0.0,0.06945790350437164,0.0,0.267409086227417
6811,0.0050131937488913534,0.01769685484468937,0.02117781788110733,0.06182807758450508,0.0,0.06945796310901642,0.0,0.26740798354148865
6812,0.0055120870471000675,0.018724147602915762,0.021634232625365256,0.06224973052740097,0.0,0.06945692747831345,0.0,0.2674044668674469
6813,0.005233091115951538,0.017687585949897767,0.019583795592188834,0.06000733301043511,0.0,0.06945756822824478,0.0,0.26739901304244995
6814,0.005030807200819254,0.017375951074063777,0.02211194224655628,0.06388001441955567,0.0,0.06946276128292084,0.0,0.26739466190338135
6815,0.004719558730721473,0.017499887198209763,0.022301622852683067,0.06289963275194169,0.0,0.06946460902690887,0.0,0.2673909664154053
6816,0.005159022752195597,0.018063024431467057,0.02028811313211918,0.0599698357284069,0.0,0.06946326792240143,0.0,0.267387330532074
6817,0.005070515535771846,0.017515988275408744,0.02205704301595688,0.059748037904500964,0.0,0.06945772469043732,0.0,0.2673834264278412
6818,0.004871130362153054,0.018243610486388208,0.023390620946884155,0.06488125994801522,0.0,0.06945319473743439,0.0,0.2673792243003845
6819,0.005206516478210688,0.01747571863234043,0.020887985825538635,0.06366682574152946,0.0,0.0694441944360733,0.0,0.26737672090530396
6820,0.004996527079492807,0.019012405723333358,0.019941893965005876,0.05943170562386513,0.0,0.06943823397159576,0.0,0.2673749029636383
6821,0.005275225173681975,0.017883699759840964,0.022723237797617913,0.062381016463041304,0.0,0.0694330483675003,0.0,0.2673732042312622
6822,0.0050997953861951825,0.018183058872818948,0.021198023110628128,0.05943649038672447,0.0,0.06943122297525406,0.0,0.2673744559288025
6823,0.005293362122029066,0.018626673519611357,0.0214884951710701,0.06028085798025131,0.0,0.06942804157733917,0.0,0.26737767457962036
6824,0.0048180859535932544,0.01713594365864992,0.021649373322725297,0.059277037531137465,0.0,0.06942479312419891,0.0,0.26738059520721436
6825,0.005455273203551769,0.01746901385486126,0.019179432839155196,0.06160718724131584,0.0,0.06942532956600189,0.0,0.2673834264278412
6826,0.004777095839381218,0.018220896646380425,0.020760802179574968,0.061892580986022946,0.0,0.06942594796419144,0.0,0.26738572120666504
6827,0.005109298322349787,0.01756662018597126,0.021980512514710428,0.0652048259973526,0.0,0.06942584365606308,0.0,0.2673881947994232
6828,0.005064985528588295,0.018452395498752595,0.020110051333904266,0.061168088018894194,0.0,0.06942292302846909,0.0,0.2673881947994232
6829,0.005777139123529196,0.017657281085848808,0.02176411673426628,0.060603275150060656,0.0,0.0694195106625557,0.0,0.2673878073692322
6830,0.005159348528832197,0.017183080315589905,0.02048991098999977,0.061230816692113874,0.0,0.06941516697406769,0.0,0.26738613843917847
6831,0.005246532894670963,0.017982826009392737,0.02221074178814888,0.06490874513983727,0.0,0.0694151222705841,0.0,0.2673850655555725
6832,0.005384738277643919,0.018083610758185386,0.021139653772115706,0.05988853946328163,0.0,0.06941094249486923,0.0,0.26738548278808594
6833,0.0052421437576413155,0.01742377281188965,0.02307758666574955,0.06018054634332657,0.0,0.06940503418445587,0.0,0.267387330532074
6834,0.005129627976566553,0.01756860539317131,0.022193486243486403,0.063798538595438,0.0,0.06940189003944397,0.0,0.2673919200897217
6835,0.00497260307893157,0.01776781529188156,0.020206362009048462,0.060572093725204466,0.0,0.06939967721700668,0.0,0.2673965096473694
6836,0.005179334059357643,0.018190765753388405,0.021060488373041152,0.05850895643234253,0.0,0.06939970701932907,0.0,0.267403244972229
6837,0.005107392650097608,0.01789366938173771,0.023063865676522254,0.061598722636699674,0.0,0.06940257549285889,0.0,0.2674117386341095
6838,0.0052626548334956166,0.017631540074944496,0.020182745531201363,0.05861690863966942,0.0,0.06940679997205734,0.0,0.2674221992492676
6839,0.005040264222770929,0.017893998324871062,0.02101747691631317,0.06206964403390884,0.0,0.06941135227680206,0.0,0.26742979884147644
6840,0.005024758074432612,0.018974297493696213,0.02355094365775585,0.062410952895879744,0.0,0.0694136768579483,0.0,0.26743537187576294
6841,0.004909886047244072,0.01835218444466591,0.020170439407229422,0.06699281930923462,0.0,0.06941623240709305,0.0,0.2674389183521271
6842,0.005210744217038155,0.018003198504447936,0.021013330295681955,0.06431781798601151,0.0,0.06941710412502289,0.0,0.2674417495727539
6843,0.005028049647808075,0.017638254538178445,0.021301037445664407,0.05738449320197105,0.0,0.06941385567188263,0.0,0.2674449384212494
6844,0.005063934437930584,0.017501857504248618,0.020951654016971587,0.06519754827022553,0.0,0.06941046565771103,0.0,0.26744747161865234
6845,0.005151959881186485,0.018772834539413454,0.024237748980522156,0.058412975072860716,0.0,0.06939937174320221,0.0,0.26744797825813293
6846,0.005218174308538437,0.018534747511148454,0.02136984243988991,0.06422990038990975,0.0,0.06939270347356796,0.0,0.26744943857192993
6847,0.005284241586923599,0.018206246569752692,0.0226047582924366,0.06181264817714691,0.0,0.06938804686069489,0.0,0.26745322346687317
6848,0.005097784288227558,0.0175826583057642,0.020865510031580926,0.06230612620711327,0.0,0.06938713043928146,0.0,0.2674594521522522
6849,0.004917724803090095,0.0188959501683712,0.02081022635102272,0.057682215422391894,0.0,0.0693826675415039,0.0,0.26746565103530884
6850,0.005211152508854866,0.018108029291033743,0.023153259977698327,0.059678098559379576,0.0,0.06938280165195465,0.0,0.26747122406959534
6851,0.005311186425387859,0.01879923939704895,0.019779501110315324,0.06208352819085121,0.0,0.06938964128494263,0.0,0.26747602224349976
6852,0.0052034128457307816,0.017165420949459075,0.021612267196178436,0.06328987404704094,0.0,0.06939954310655594,0.0,0.26747918128967285
6853,0.0053633969277143475,0.017200547084212304,0.02157895714044571,0.06278878226876258,0.0,0.06941209733486176,0.0,0.26748204231262207
6854,0.0049246872775256635,0.016974642872810364,0.022117984667420387,0.06546463817358017,0.0,0.06941871345043182,0.0,0.2674814462661743
6855,0.005794032849371434,0.018602096103131772,0.02054183967411518,0.062273312360048294,0.0,0.06942357122898102,0.0,0.26748013496398926
6856,0.0054440686479210855,0.018726308643817902,0.021532077342271805,0.06216500028967857,0.0,0.06942830234766006,0.0,0.26747697591781616
6857,0.005286057759076357,0.017265404388308526,0.020539360865950585,0.0629898764193058,0.0,0.06942871958017349,0.0,0.26747292280197144
6858,0.005155647452920675,0.01753838174045086,0.020883719623088836,0.059834467619657515,0.0,0.06942647695541382,0.0,0.2674718499183655
6859,0.005344577226787805,0.0178928405046463,0.022843663394451142,0.06357653290033341,0.0,0.06942488253116608,0.0,0.26747122406959534
6860,0.004804631881415844,0.017992350459098815,0.022049032151699066,0.05780204832553863,0.0,0.06942403316497803,0.0,0.26747074723243713
6861,0.005397141259163618,0.017962024360895158,0.02239237129688263,0.060901389271020887,0.0,0.06941872090101242,0.0,0.26747170090675354
6862,0.004877057857811451,0.017184247449040412,0.021893400698900223,0.06299096196889878,0.0,0.06942033767700195,0.0,0.2674716114997864
6863,0.005375819932669401,0.01801728457212448,0.022477009892463685,0.0627435564994812,0.0,0.06942622363567352,0.0,0.26747241616249084
6864,0.005306641291826964,0.01760653294622898,0.022546860575675964,0.06473443508148194,0.0,0.06943006813526154,0.0,0.2674732506275177
6865,0.005159365106374025,0.017804337665438652,0.0191788200289011,0.06390633955597877,0.0,0.06943023204803467,0.0,0.2674740254878998
6866,0.004937187302857637,0.018201949819922448,0.023294713348150253,0.06470216289162636,0.0,0.0694320797920227,0.0,0.2674750089645386
6867,0.005364784132689237,0.01847289353609085,0.021637672930955885,0.060174336284399034,0.0,0.06943382322788239,0.0,0.26747655868530273
6868,0.005348315741866827,0.018215905502438547,0.022627998888492585,0.06562373787164688,0.0,0.06943793594837189,0.0,0.26747673749923706
6869,0.005135847721248865,0.01794193424284458,0.02050088532269001,0.06458418145775795,0.0,0.06943961977958679,0.0,0.26747792959213257
6870,0.005189008079469204,0.017534587159752847,0.019860314205288887,0.06390664651989937,0.0,0.06944303959608078,0.0,0.2674793004989624
6871,0.005199868232011795,0.018752291798591614,0.02275422029197216,0.06310043931007385,0.0,0.06944670528173447,0.0,0.2674783170223236
6872,0.005639455653727055,0.018222472816705703,0.021504709124565126,0.06232397183775902,0.0,0.06944695860147476,0.0,0.26747792959213257
6873,0.005293740890920162,0.017694514244794846,0.022792379558086395,0.06340496689081192,0.0,0.06944942474365234,0.0,0.2674771249294281
6874,0.005612995848059655,0.017599698901176453,0.02092297300696373,0.06614287495613098,0.0,0.06944946944713593,0.0,0.26747602224349976
6875,0.005173837766051292,0.01752658449113369,0.02237437181174755,0.05445103570818901,0.0,0.06944715976715088,0.0,0.26747435331344604
6876,0.005267420876771211,0.01881161853671074,0.023209477588534356,0.06153852716088295,0.0,0.06943949311971664,0.0,0.26747363805770874
6877,0.005422387644648552,0.018083126470446586,0.021510009095072745,0.05984458550810814,0.0,0.06943349540233612,0.0,0.2674720883369446
6878,0.004974865820258856,0.017863086983561517,0.019627468660473824,0.05752729475498199,0.0,0.069424107670784,0.0,0.2674698531627655
6879,0.005205167457461357,0.01842149570584297,0.020650865882635115,0.06504318565130233,0.0,0.06941297650337219,0.0,0.267467200756073
6880,0.0047908232547342776,0.01760723367333412,0.020992862060666084,0.060935867577791215,0.0,0.0694039911031723,0.0,0.26746612787246704
6881,0.005554201733320952,0.018010440841317178,0.02136172391474247,0.06455457732081413,0.0,0.0693959966301918,0.0,0.26746469736099243
6882,0.004981755465269089,0.018719679117202757,0.021468107774853706,0.060067261755466464,0.0,0.06939785182476044,0.0,0.2674645185470581
6883,0.004733149334788323,0.017896875739097595,0.023583587259054184,0.06156110689043999,0.0,0.06940297782421112,0.0,0.26746422052383423
6884,0.0052082804962992665,0.017321586050093173,0.019625599682331085,0.060687223076820375,0.0,0.0694132149219513,0.0,0.2674626111984253
6885,0.005239976476877928,0.018409410119056703,0.02110816314816475,0.06228837966918945,0.0,0.0694165974855423,0.0,0.2674616873264313
6886,0.00492143277078867,0.01831948645412922,0.02189067639410496,0.0627440020442009,0.0,0.06942194700241089,0.0,0.267460435628891
6887,0.005567912477999926,0.01719380058348179,0.022258996963500977,0.06045165881514549,0.0,0.06942709535360336,0.0,0.26745787262916565
6888,0.005190481618046761,0.018883195146918295,0.021871214732527733,0.06533396169543267,0.0,0.0694311335682869,0.0,0.2674570083618164
6889,0.005453258100897074,0.017703896015882493,0.022004765272140504,0.061484894901514056,0.0,0.06943761557340622,0.0,0.2674557566642761
6890,0.005378833319991827,0.01793861240148544,0.02131582573056221,0.06182970702648163,0.0,0.06944698095321655,0.0,0.26745373010635376
6891,0.005514177959412336,0.018591488525271416,0.02157733738422394,0.061883510649204256,0.0,0.06945812702178955,0.0,0.2674507796764374
6892,0.005265106540173292,0.017629331350326537,0.021905388310551645,0.05953661948442459,0.0,0.06947255879640579,0.0,0.2674487233161926
6893,0.0052287870086729525,0.01835179664194584,0.021443727239966393,0.05841122642159462,0.0,0.0694870725274086,0.0,0.26744526624679565
6894,0.005311039369553327,0.017835566774010658,0.020590107142925262,0.06228971853852272,0.0,0.0695013552904129,0.0,0.2674403190612793
6895,0.005320794228464365,0.01767955981194973,0.02127627320587635,0.06470562890172005,0.0,0.06951690465211868,0.0,0.2674359083175659
6896,0.0050271302461624146,0.01718455795198679,0.020058435201644898,0.06350648030638695,0.0,0.06953265517950058,0.0,0.26743176579475403
6897,0.005189196299761533,0.018432580679655076,0.022147629410028458,0.06024854853749275,0.0,0.06954540312290192,0.0,0.26742810010910034
6898,0.0052949594333767894,0.01875695548951626,0.02023768685758114,0.06208102703094483,0.0,0.06956283748149872,0.0,0.26742833852767944
6899,0.005091723520308733,0.01729175392538309,0.024693556502461432,0.06339193433523178,0.0,0.0695859044790268,0.0,0.26742976903915405
6900,0.005035766772925854,0.017878228053450584,0.02171190120279789,0.06561053693294525,0.0,0.06960456073284149,0.0,0.26743054389953613
6901,0.005193765554577112,0.01802319325506687,0.020347807556390762,0.06387062072753906,0.0,0.06962009519338608,0.0,0.26743167638778687
6902,0.005077475495636463,0.017862632870674133,0.02262454852461815,0.06102282255887985,0.0,0.06963733583688736,0.0,0.26743191480636597
6903,0.005407341476529837,0.01855798177421093,0.022895969450473785,0.05891949310898781,0.0,0.06965231895446777,0.0,0.26743078231811523
6904,0.005232463032007218,0.017664312943816186,0.022759730368852614,0.06404727771878242,0.0,0.06966225802898407,0.0,0.2674277424812317
6905,0.005362191237509251,0.018100468814373015,0.02183076962828636,0.06128258928656578,0.0,0.06966821849346161,0.0,0.2674226760864258
6906,0.005216161441057921,0.017465227469801902,0.020259636640548705,0.06022558584809303,0.0,0.06967099010944366,0.0,0.2674172520637512
6907,0.00537177249789238,0.01782703474164009,0.02183641530573368,0.06168613508343697,0.0,0.06966952979564667,0.0,0.2674122750759125
6908,0.00518392063677311,0.017933491617441177,0.02259983532130718,0.0645953893661499,0.0,0.06967009603977203,0.0,0.26740938425064087
6909,0.005199370160698891,0.018011805042624472,0.021709344536066055,0.06064349189400673,0.0,0.06966857612133026,0.0,0.26740753650665283
6910,0.005374724883586169,0.018256080523133277,0.022606607526540756,0.06034911498427391,0.0,0.06966924667358398,0.0,0.267406165599823
6911,0.005131753906607628,0.018887273222208022,0.021287344768643378,0.06480631008744239,0.0,0.069673553109169,0.0,0.26740580797195435
6912,0.005250416044145822,0.018323803693056105,0.02092941217124462,0.06490590199828147,0.0,0.06967902183532715,0.0,0.2674071192741394
6913,0.004970868583768606,0.01868240237236023,0.021820098534226416,0.06022436171770096,0.0,0.06968328356742859,0.0,0.26740917563438416
6914,0.005160554312169552,0.017112894728779793,0.021476266905665398,0.0633306473493576,0.0,0.06969121098518372,0.0,0.2674119472503662
6915,0.005265691038221121,0.018303609639406204,0.022560039535164833,0.06074183732271195,0.0,0.06970350444316864,0.0,0.26741504669189453
6916,0.005152745172381401,0.017917005717754363,0.020772608742117882,0.06581717878580093,0.0,0.0697181224822998,0.0,0.26741862297058105
6917,0.005076419562101364,0.018025390058755874,0.019815585389733315,0.06552219539880752,0.0,0.0697285532951355,0.0,0.2674214839935303
6918,0.005503905843943358,0.017963907122611998,0.021028348430991172,0.06499974876642227,0.0,0.06973536312580109,0.0,0.2674263119697571
6919,0.005271928105503321,0.017282928340137005,0.022193095833063125,0.06055524125695229,0.0,0.06974144279956818,0.0,0.26742982864379883
6920,0.005161722470074892,0.01830725185573101,0.022278967127203942,0.0620792880654335,0.0,0.06974690407514572,0.0,0.267432302236557
6921,0.005313241761177779,0.01890590712428093,0.022550732642412186,0.059586815536022186,0.0,0.06974852085113525,0.0,0.2674345374107361
6922,0.005358598474413156,0.019089756160974504,0.020074691623449326,0.058872750401496886,0.0,0.06975090503692627,0.0,0.26743531227111816
6923,0.00566156879067421,0.017638491466641426,0.0226605799049139,0.05900986641645432,0.0,0.06975140422582626,0.0,0.2674355208873749
6924,0.0052784614264965056,0.017876121401786804,0.021713385358452797,0.06056481599807739,0.0,0.06975120306015015,0.0,0.2674369215965271
6925,0.005185262951999903,0.01733062006533146,0.020870815962553024,0.06429262608289718,0.0,0.0697474330663681,0.0,0.2674409747123718
6926,0.005285164806991816,0.018400152772665025,0.020642021670937538,0.05999204590916633,0.0,0.06974607706069946,0.0,0.2674451172351837
6927,0.005132291186600924,0.018721220642328264,0.022027230635285378,0.0614985965192318,0.0,0.0697542130947113,0.0,0.2674487233161926
6928,0.005296793021261692,0.01772455908358097,0.02152712158858776,0.05942519679665566,0.0,0.06976635754108429,0.0,0.2674550712108612
6929,0.005365763884037733,0.017335588857531548,0.021351127326488493,0.06204932555556297,0.0,0.06977716833353043,0.0,0.2674604058265686
6930,0.005092387925833464,0.017766059935092927,0.02225622832775116,0.06271280720829964,0.0,0.0697866827249527,0.0,0.26746514439582825
6931,0.005099526513367892,0.01817007176578045,0.02118518128991127,0.060642138868570325,0.0,0.06979507207870483,0.0,0.2674705982208252
6932,0.005243027675896883,0.01667104884982109,0.022043613716959953,0.0614658996462822,0.0,0.06980227679014206,0.0,0.2674744427204132
6933,0.005373978894203902,0.019150551036000253,0.02376679927110672,0.05901937782764435,0.0,0.06980664283037186,0.0,0.26747792959213257
6934,0.005186258256435395,0.01695578880608082,0.020661193504929544,0.06629724651575089,0.0,0.06981105357408524,0.0,0.2674826681613922
6935,0.0054761824198067185,0.018566155806183815,0.02185339368879795,0.0602020263671875,0.0,0.06981293857097626,0.0,0.2674858570098877
6936,0.005093923676759005,0.018809867650270463,0.02248309887945652,0.06343385875225067,0.0,0.06981272995471954,0.0,0.2674877643585205
6937,0.005100499466061592,0.01813194900751114,0.021714194864034652,0.06502529010176658,0.0,0.0698070079088211,0.0,0.2674889862537384
6938,0.004984419140964746,0.017700013145804404,0.02335261180996895,0.06259088963270187,0.0,0.06980044394731522,0.0,0.2674887180328369
6939,0.00512866759672761,0.018449361994862558,0.022212832793593408,0.05832417756319046,0.0,0.0697895735502243,0.0,0.2674880921840668
6940,0.005456764996051788,0.017562583833932877,0.02180178463459015,0.061072857677936555,0.0,0.06977750360965729,0.0,0.2674877643585205
6941,0.005173006653785705,0.01754004992544651,0.021325203776359557,0.06496731862425804,0.0,0.06976357847452164,0.0,0.2674907445907593
6942,0.005123947653919459,0.018688005581498145,0.02215035483241081,0.06244940161705017,0.0,0.06974613666534424,0.0,0.26749342679977417
6943,0.005343859177082777,0.018130507692694663,0.023134231194853784,0.06261097267270088,0.0,0.06973032653331757,0.0,0.2674972116947174
6944,0.005103724543005228,0.017618139460682868,0.020890603587031365,0.06340649873018264,0.0,0.0697183683514595,0.0,0.26750391721725464
6945,0.005050747469067573,0.018349163979291917,0.020893386378884316,0.06095566600561142,0.0,0.06971189379692078,0.0,0.2675119638442993
6946,0.005334780085831881,0.017351545765995978,0.020894502848386766,0.06207522302865982,0.0,0.0697016641497612,0.0,0.2675190567970276
6947,0.005377090442925692,0.01758645996451378,0.02107315547764301,0.06080258339643478,0.0,0.0696893185377121,0.0,0.2675231099128723
6948,0.005801042448729277,0.018449889868497847,0.02140957526862621,0.06453898623585701,0.0,0.06967601925134659,0.0,0.2675272822380066
6949,0.004908752255141735,0.01787411831319332,0.02240154705941677,0.06026592031121254,0.0,0.06966803967952728,0.0,0.2675294578075409
6950,0.005298566166311502,0.018318135663866995,0.022099252417683603,0.05804726853966713,0.0,0.06965924799442291,0.0,0.2675313651561737
6951,0.005326076690107584,0.018290040269494056,0.02286442555487156,0.06014776602387428,0.0,0.0696515217423439,0.0,0.2675306499004364
6952,0.005368111748248338,0.01771556995809078,0.020744265615940095,0.06379358395934105,0.0,0.06964866816997528,0.0,0.26752686500549316
6953,0.005254177469760179,0.017775287479162218,0.021567077562212943,0.060667557269334794,0.0,0.06964626908302307,0.0,0.2675207257270813
6954,0.0051808816380798815,0.01868841014802456,0.022432425618171693,0.05984756872057915,0.0,0.06964246928691864,0.0,0.26751530170440674
6955,0.005079755652695894,0.01793755143880844,0.022918690741062165,0.061438819766044615,0.0,0.06963999569416046,0.0,0.267509400844574
6956,0.005202332604676485,0.01775948368012905,0.02113962471485138,0.06204087734222412,0.0,0.06963613629341125,0.0,0.2675044536590576
6957,0.005315866228193045,0.018796073645353316,0.02223631851375103,0.06429201811552047,0.0,0.06963350623846054,0.0,0.2675014138221741
6958,0.005332173220813275,0.01827779859304428,0.020785057917237282,0.06418687105178833,0.0,0.06963199377059937,0.0,0.2674984633922577
6959,0.004991133883595467,0.019016067311167718,0.020898232236504555,0.06113562509417534,0.0,0.06962912529706955,0.0,0.2674950659275055
6960,0.00487860469147563,0.01720057539641857,0.020446403697133065,0.06152263358235359,0.0,0.06962604820728302,0.0,0.26749297976493835
6961,0.005207236763089896,0.017743295058608055,0.022526340931653975,0.06102750152349472,0.0,0.06962034851312637,0.0,0.26749104261398315
6962,0.005031865928322077,0.017599938064813615,0.022564732655882835,0.059935352951288226,0.0,0.06961284577846527,0.0,0.2674875855445862
6963,0.005102717317640781,0.01875765360891819,0.021465175226330756,0.06424673050642013,0.0,0.06960644572973251,0.0,0.26748356223106384
6964,0.005362317245453596,0.017899591103196145,0.022596174478530885,0.060709263384342196,0.0,0.06959712505340576,0.0,0.2674803137779236
6965,0.005330365896224975,0.017462973296642304,0.02116110660135746,0.05961758121848106,0.0,0.06958882510662079,0.0,0.2674775719642639
6966,0.00539340591058135,0.017101566679775713,0.020906750485301016,0.060775354504585266,0.0,0.06958509981632233,0.0,0.26747584342956543
6967,0.004773110523819924,0.018203789368271828,0.021416014432907103,0.060281417518854144,0.0,0.06957866251468658,0.0,0.2674728035926819
6968,0.005011290032416582,0.018434871360659598,0.02230321317911148,0.05799017176032066,0.0,0.0695757120847702,0.0,0.2674688398838043
6969,0.005339025426656008,0.017830951511859892,0.022183796018362047,0.0625761017203331,0.0,0.06957292556762695,0.0,0.267463743686676
6970,0.0053038704209029675,0.017823094874620436,0.02213711813092232,0.0642404854297638,0.0,0.06956792622804642,0.0,0.26745694875717163
6971,0.0051336920820176605,0.01835535354912281,0.021083324775099756,0.06306149587035179,0.0,0.06956799328327179,0.0,0.26744991540908813
6972,0.005060995928943157,0.01754026487469673,0.021758974343538285,0.06731533259153366,0.0,0.06956646591424942,0.0,0.26744532585144043
6973,0.005301256570965052,0.01833210065960884,0.021487701311707498,0.06184238269925117,0.0,0.06956682354211807,0.0,0.2674417197704315
6974,0.005319110304117203,0.018413953110575677,0.021570979803800582,0.06123550906777382,0.0,0.06957119703292847,0.0,0.2674393057823181
6975,0.0053734022192656996,0.017940089479088782,0.02115897797048092,0.06343058943748474,0.0,0.06957656145095825,0.0,0.26743873953819275
6976,0.00522961812093854,0.017631596326828,0.022782378643751145,0.05894796550273895,0.0,0.06958272308111191,0.0,0.26743897795677185
6977,0.005438340734690428,0.019139929488301278,0.01944396086037159,0.06397619843482971,0.0,0.06957976520061493,0.0,0.26744046807289124
6978,0.005389107670634985,0.017943071201443672,0.022123946994543075,0.06337336227297782,0.0,0.0695754736661911,0.0,0.267442911863327
6979,0.00502727497369051,0.017312245070934297,0.021466677263379096,0.06308163031935692,0.0,0.06957177817821503,0.0,0.26744741201400757
6980,0.005341118946671486,0.018647865578532218,0.02226741872727871,0.06102136597037315,0.0,0.06957223266363144,0.0,0.26745179295539856
6981,0.004959099367260933,0.01915084533393383,0.021311580389738082,0.060809338092803956,0.0,0.0695759728550911,0.0,0.2674556374549866
6982,0.0057126318104565145,0.016976668499410152,0.02137317433953285,0.061764979362487794,0.0,0.06958096474409103,0.0,0.2674582898616791
6983,0.00525241419672966,0.017620385438203812,0.023725278675556183,0.05780537277460098,0.0,0.06958241760730743,0.0,0.26746082305908203
6984,0.00519117908552289,0.018676095828413963,0.02152903638780117,0.0638714924454689,0.0,0.06958361715078354,0.0,0.2674640119075775
6985,0.005157709866762161,0.01858280263841152,0.021740225702524187,0.06435954868793488,0.0,0.06958787143230438,0.0,0.2674669623374939
6986,0.005274122301489115,0.01771363876760006,0.021962935104966164,0.05992266982793808,0.0,0.06959215551614761,0.0,0.2674674093723297
6987,0.005295085720717907,0.0178246658295393,0.02294260449707508,0.06082077920436859,0.0,0.06959797441959381,0.0,0.26746702194213867
6988,0.005292270053178072,0.019103703275322913,0.02214794009923935,0.061681554466485974,0.0,0.06960189342498779,0.0,0.26746681332588196
6989,0.005126644950360059,0.018802668899297714,0.02089664600789547,0.06311301440000534,0.0,0.06960858404636383,0.0,0.26746830344200134
6990,0.005327116977423429,0.01791095584630966,0.023365014418959617,0.060155855119228364,0.0,0.06961692869663239,0.0,0.267468124628067
6991,0.004901626147329807,0.018773343041539194,0.022928370535373686,0.06318860799074173,0.0,0.06962544471025467,0.0,0.2674683928489685
6992,0.005443437770009041,0.018597980216145515,0.021925650909543036,0.058962175995111464,0.0,0.06963960081338882,0.0,0.2674686312675476
6993,0.004984740912914276,0.018131331726908683,0.020586848258972168,0.06068107336759567,0.0,0.0696476474404335,0.0,0.2674674093723297
6994,0.005141367390751839,0.017747045680880546,0.020412668213248254,0.05805645808577538,0.0,0.06965754926204681,0.0,0.26746541261672974
6995,0.005288238637149334,0.01801217272877693,0.023440293967723846,0.06418070793151856,0.0,0.06966359913349152,0.0,0.2674638628959656
6996,0.005071739200502634,0.017953281849622728,0.0212691493332386,0.06308271437883377,0.0,0.06967247277498245,0.0,0.2674608528614044
6997,0.005313349142670632,0.019249274209141732,0.0194666113704443,0.0662061482667923,0.0,0.06968015432357788,0.0,0.2674594223499298
6998,0.005185742303729058,0.017917242273688315,0.021685655415058135,0.06059656739234924,0.0,0.06968081742525101,0.0,0.2674587070941925
6999,0.005072719231247902,0.018546763435006143,0.021746128797531128,0.06129535809159279,0.0,0.06967917084693909,0.0,0.2674565315246582
7000,0.005090179480612278,0.01871191933751106,0.02002459466457367,0.06051357835531235,0.0,0.0696769431233406,0.0,0.2674565613269806
7001,0.005227187555283308,0.018515664711594583,0.021903321892023087,0.06216466128826141,0.0,0.0696716159582138,0.0,0.26745715737342834
7002,0.0055624814704060555,0.017187812179327012,0.021556705608963965,0.06170008480548859,0.0,0.06966971606016159,0.0,0.2674577832221985
7003,0.005279798433184624,0.018030180409550668,0.020579853281378745,0.06527922078967094,0.0,0.06966935098171234,0.0,0.2674582898616791
7004,0.005499961134046316,0.017828378453850748,0.020970854535698892,0.060839176177978516,0.0,0.06966309994459152,0.0,0.26745909452438354
7005,0.005132306925952434,0.017243228480219842,0.023037729412317277,0.0642606645822525,0.0,0.0696568638086319,0.0,0.2674597203731537
7006,0.0052191420458257195,0.017863291129469872,0.020809446275234223,0.05848045200109482,0.0,0.06964780390262604,0.0,0.2674599289894104
7007,0.005548601690679789,0.017554188892245293,0.020630745962262154,0.06232680156826973,0.0,0.06963948160409927,0.0,0.267460435628891
7008,0.005525637790560723,0.01812135726213455,0.021987809240818022,0.06241397857666016,0.0,0.06963465362787247,0.0,0.2674609422683716
7009,0.0052938956767320635,0.017148996703326702,0.021670226380228995,0.06017946377396584,0.0,0.0696258619427681,0.0,0.26745980978012085
7010,0.0054621495306491855,0.01771612949669361,0.022015776112675668,0.06274392902851104,0.0,0.06961758434772491,0.0,0.2674567699432373
7011,0.0055039537139236925,0.018351688608527185,0.022746645286679266,0.06120328828692436,0.0,0.06961248815059662,0.0,0.2674556076526642
7012,0.00520263547077775,0.017696838825941086,0.021803927794098853,0.061335521191358565,0.0,0.06960909068584442,0.0,0.2674561142921448
7013,0.0050933510065078735,0.01723249815404415,0.020343374460935593,0.06173575147986412,0.0,0.06960594654083252,0.0,0.2674565315246582
7014,0.00513504734262824,0.01713632233440876,0.022502243146300317,0.06304743215441704,0.0,0.06960472464561462,0.0,0.2674565017223358
7015,0.005219208542257547,0.01948130950331688,0.022685343772172926,0.0604641430079937,0.0,0.06960361450910568,0.0,0.26745694875717163
7016,0.005106286238878965,0.017376879602670668,0.021923967450857163,0.06151798442006111,0.0,0.06959882378578186,0.0,0.26745593547821045
7017,0.005053501017391682,0.017962288483977316,0.02048126719892025,0.06377065181732178,0.0,0.06959401816129684,0.0,0.2674575448036194
7018,0.005026088934391737,0.01733647771179676,0.020821501314640046,0.058051747828722,0.0,0.06959550827741623,0.0,0.26745909452438354
7019,0.005332464072853327,0.018034949898719788,0.022806137427687646,0.059840432554483416,0.0,0.06959941983222961,0.0,0.2674604058265686
7020,0.005019620712846518,0.017623462527990342,0.021297626569867133,0.0646531991660595,0.0,0.06960507482290268,0.0,0.26746174693107605
7021,0.005256971996277571,0.01809806302189827,0.019831368699669838,0.061639291048049924,0.0,0.0696057379245758,0.0,0.2674623429775238
7022,0.0052220565266907215,0.01727234274148941,0.02238987497985363,0.060254167020320895,0.0,0.06960474699735641,0.0,0.2674598693847656
7023,0.005420336686074734,0.018660347163677215,0.021331572160124778,0.06039103344082832,0.0,0.06960131973028183,0.0,0.26745811104774475
7024,0.004809403698891402,0.018576622754335404,0.02134695276618004,0.06489724591374398,0.0,0.0696062371134758,0.0,0.2674548029899597
7025,0.005447382200509309,0.019135643914341926,0.021813950315117837,0.05924823135137558,0.0,0.06960932165384293,0.0,0.2674495279788971
7026,0.004970488604158163,0.018531521409749986,0.021482807397842408,0.06157806068658829,0.0,0.06961087882518768,0.0,0.2674461007118225
7027,0.005432927422225476,0.018399852886796,0.02215147316455841,0.06078010499477386,0.0,0.06961468607187271,0.0,0.2674430310726166
7028,0.004859981499612332,0.017885664850473403,0.02303297966718674,0.05963489636778831,0.0,0.06961683928966522,0.0,0.26744216680526733
7029,0.005074054375290871,0.018209099769592285,0.022398384660482405,0.06230240911245346,0.0,0.06962212920188904,0.0,0.2674441337585449
7030,0.005111283157020807,0.018248999118804933,0.022864854708313943,0.056521826237440106,0.0,0.06962849199771881,0.0,0.2674501836299896
7031,0.0052288385108113285,0.017763238027691843,0.02088334448635578,0.06447861939668656,0.0,0.0696408748626709,0.0,0.26745542883872986
7032,0.0052988013252615925,0.018718118965625762,0.0210006020963192,0.06359608247876167,0.0,0.06965500861406326,0.0,0.26746004819869995
7033,0.005209173168987035,0.01774604506790638,0.019972499832510947,0.061034901440143584,0.0,0.06967224925756454,0.0,0.26746243238449097
7034,0.00555243119597435,0.019709767401218416,0.02117305062711239,0.061604663729667664,0.0,0.06968538463115692,0.0,0.26746267080307007
7035,0.0050709819421172145,0.0181368138641119,0.021429219096899033,0.05999837964773178,0.0,0.06970503181219101,0.0,0.2674611806869507
7036,0.005267878994345665,0.01766638904809952,0.02120852582156658,0.06050587445497513,0.0,0.06972290575504303,0.0,0.26745885610580444
7037,0.005080762598663568,0.017675284296274185,0.020459087565541267,0.062476427853107454,0.0,0.06973905861377716,0.0,0.2674557566642761
7038,0.005122727900743485,0.017659133300185204,0.022495834156870842,0.06261991634964943,0.0,0.06974969804286957,0.0,0.2674524486064911
7039,0.005420821066945791,0.018154112622141838,0.021170982345938682,0.06052623018622398,0.0,0.06975848972797394,0.0,0.26744887232780457
7040,0.005417835060507059,0.0174790371209383,0.02196495048701763,0.060512130707502367,0.0,0.0697651281952858,0.0,0.2674444317817688
7041,0.005224011372774839,0.019088956341147423,0.02236238159239292,0.06193970516324043,0.0,0.0697789192199707,0.0,0.2674412727355957
7042,0.004992390610277652,0.018083967640995978,0.02264283485710621,0.06253761947154998,0.0,0.06979678571224213,0.0,0.2674389183521271
7043,0.005494607519358397,0.01794472672045231,0.02187219224870205,0.057768800854682924,0.0,0.06981982290744781,0.0,0.2674384117126465
7044,0.0054663545452058315,0.01906348206102848,0.021359223499894144,0.06295116245746613,0.0,0.06984081119298935,0.0,0.2674381732940674
7045,0.004986238665878773,0.018279340118169785,0.02334810234606266,0.05944896712899208,0.0,0.06986241042613983,0.0,0.2674383819103241
7046,0.005206647794693708,0.018373506888747216,0.023635155335068703,0.058534101396799085,0.0,0.06988153606653214,0.0,0.2674393057823181
7047,0.004779842309653759,0.0172661118209362,0.022891731932759285,0.057662267982959745,0.0,0.0698966309428215,0.0,0.2674404978752136
7048,0.004978273622691631,0.01761624813079834,0.02165743112564087,0.05843557417392731,0.0,0.06991186738014221,0.0,0.26744166016578674
7049,0.0055270839482545854,0.018769074603915213,0.021196528151631356,0.061283525079488754,0.0,0.06992246210575104,0.0,0.2674417197704315
7050,0.00554020656272769,0.018366614356637,0.022540859691798688,0.06292420774698257,0.0,0.0699315220117569,0.0,0.2674402594566345
7051,0.005302211083471775,0.017638487927615642,0.02179032638669014,0.06118351221084595,0.0,0.06993921846151352,0.0,0.2674369215965271
7052,0.004929877445101738,0.0180496022105217,0.021376172825694085,0.0640461951494217,0.0,0.06994550675153732,0.0,0.2674354612827301
7053,0.00497621987015009,0.019734670221805573,0.02040316313505173,0.058335627615451816,0.0,0.06994839012622833,0.0,0.2674327492713928
7054,0.005351506732404232,0.017867319658398627,0.021598492562770844,0.05961227491497993,0.0,0.06995751708745956,0.0,0.2674308717250824
7055,0.005055335164070129,0.01764942780137062,0.022475719824433325,0.058030206710100174,0.0,0.06996426731348038,0.0,0.2674293518066406
7056,0.005226380378007889,0.01865462027490139,0.02039281465113163,0.06442726403474808,0.0,0.06997239589691162,0.0,0.2674272954463959
7057,0.005284394696354866,0.018003419786691666,0.023075689747929572,0.060148945450782774,0.0,0.06997817009687424,0.0,0.2674238979816437
7058,0.005302046611905098,0.01814810633659363,0.022530459240078925,0.06152909174561501,0.0,0.06998447328805923,0.0,0.267422616481781
7059,0.005256041791290045,0.01805596463382244,0.023037845268845558,0.06245425790548324,0.0,0.06998909264802933,0.0,0.2674214243888855
7060,0.005148260574787855,0.018317157030105592,0.023735398054122926,0.05724197030067444,0.0,0.06998997181653976,0.0,0.26742157340049744
7061,0.005157283041626215,0.01850033365190029,0.02208147905766964,0.061101047694683074,0.0,0.06998632848262787,0.0,0.2674214243888855
7062,0.00526188425719738,0.017800896987318994,0.02210077755153179,0.0633841335773468,0.0,0.06998255103826523,0.0,0.2674209475517273
7063,0.004902459494769573,0.017410054802894592,0.02224387414753437,0.06197245121002197,0.0,0.06997684389352798,0.0,0.26741960644721985
7064,0.005457703210413456,0.018770048022270204,0.02109188586473465,0.06425457298755646,0.0,0.06996549665927887,0.0,0.2674174904823303
7065,0.005591008253395558,0.01742599681019783,0.02207929752767086,0.05902616903185844,0.0,0.06995512545108795,0.0,0.2674172520637512
7066,0.005016226973384619,0.018406925722956657,0.022886385023593903,0.06129480302333832,0.0,0.06994631886482239,0.0,0.26741737127304077
7067,0.00504434909671545,0.018682020902633666,0.02410101518034935,0.0608747586607933,0.0,0.06993494927883148,0.0,0.26741844415664673
7068,0.0051450800150632855,0.018361173570156097,0.022213734313845636,0.05988109782338143,0.0,0.06992782652378082,0.0,0.2674204111099243
7069,0.004922603163868189,0.018504149839282037,0.022365638986229897,0.061209377646446225,0.0,0.06992289423942566,0.0,0.267421156167984
7070,0.0050537483766674995,0.01701721139252186,0.02158239744603634,0.06201096996665001,0.0,0.06991380453109741,0.0,0.26742154359817505
7071,0.004804846178740263,0.01880003996193409,0.021098921820521355,0.06004197224974632,0.0,0.06990666687488556,0.0,0.2674224078655243
7072,0.005039176810532809,0.018138597160577773,0.02192668579518795,0.06075974851846695,0.0,0.06990162283182144,0.0,0.2674245834350586
7073,0.005066850036382675,0.018367599323391916,0.023357442766427993,0.06211058795452118,0.0,0.06989473849534988,0.0,0.26742762327194214
7074,0.004966463986784219,0.01853194087743759,0.021671201288700103,0.06581029817461967,0.0,0.06988842040300369,0.0,0.26743045449256897
7075,0.005466306209564209,0.018391167372465135,0.022136908769607545,0.06208153143525123,0.0,0.0698864609003067,0.0,0.26743265986442566
7076,0.00508654173463583,0.018067594990134238,0.020708486065268518,0.06387300491333008,0.0,0.06988787651062012,0.0,0.26743412017822266
7077,0.00523435166105628,0.0173828411847353,0.021128079667687417,0.062122780829668045,0.0,0.0698891431093216,0.0,0.267435759305954
7078,0.0052587720565497875,0.017573653534054757,0.022350748628377916,0.05798659846186638,0.0,0.06989020109176636,0.0,0.267436146736145
7079,0.004837900772690773,0.018350666016340257,0.02384129762649536,0.060762392729520796,0.0,0.06989115476608276,0.0,0.26743489503860474
7080,0.0052435509860515594,0.01798117905855179,0.021825817599892616,0.062454003095626834,0.0,0.06988859176635742,0.0,0.2674325406551361
7081,0.0050945750437676905,0.017824799194931983,0.02185214012861252,0.0631505161523819,0.0,0.06988851726055145,0.0,0.2674294412136078
7082,0.005164548009634018,0.01847090423107147,0.020818112790584563,0.06277085244655609,0.0,0.06989214569330215,0.0,0.26742875576019287
7083,0.00543103227391839,0.017479542270302774,0.02272016368806362,0.06102631762623787,0.0,0.06989402323961258,0.0,0.26742756366729736
7084,0.005467763915657997,0.01803116947412491,0.020192644000053404,0.06024109572172165,0.0,0.06989185512065887,0.0,0.26742738485336304
7085,0.005097621306777001,0.018889179453253746,0.022394439578056334,0.06578405126929283,0.0,0.0698845386505127,0.0,0.267427921295166
7086,0.005167497880756855,0.018289903551340102,0.022344211488962172,0.060828179121017456,0.0,0.06987837702035904,0.0,0.2674282193183899
7087,0.005042318254709244,0.018290504440665246,0.022344718128442763,0.06010891422629357,0.0,0.06987355649471283,0.0,0.2674280107021332
7088,0.0048485551960766315,0.017656487971544267,0.02202075459063053,0.06333556026220322,0.0,0.06986323744058609,0.0,0.2674271762371063
7089,0.005297364108264447,0.017995548620820045,0.021980217844247817,0.05796068534255028,0.0,0.0698547512292862,0.0,0.2674267888069153
7090,0.005061627551913262,0.017949020117521287,0.02169586531817913,0.06368509978055954,0.0,0.06984518468379974,0.0,0.26742538809776306
7091,0.004855856020003557,0.018189411610364914,0.0224676925688982,0.062311400473117826,0.0,0.06983968615531921,0.0,0.2674235701560974
7092,0.005049675982445478,0.01781375743448734,0.022254940867424012,0.05997167527675629,0.0,0.0698382556438446,0.0,0.2674230635166168
7093,0.00539389681071043,0.017133795842528343,0.02145310565829277,0.058734486997127536,0.0,0.06983834505081177,0.0,0.26742178201675415
7094,0.005328203365206718,0.01873980313539505,0.020144281908869743,0.06155756860971451,0.0,0.06983619928359985,0.0,0.2674216330051422
7095,0.005101641919463873,0.017915818467736246,0.02094131298363209,0.06199218407273292,0.0,0.06983400881290436,0.0,0.26742425560951233
7096,0.005007444974035024,0.017001506686210633,0.02140832506120205,0.06194413378834725,0.0,0.0698365867137909,0.0,0.26742592453956604
7097,0.0052157661877572535,0.0178152184933424,0.022458280622959136,0.06659764349460602,0.0,0.06983830034732819,0.0,0.267427533864975
7098,0.005449315253645182,0.018702353909611703,0.021696577221155165,0.05845757275819778,0.0,0.06983901560306549,0.0,0.26742783188819885
7099,0.005543180368840694,0.018440305441617965,0.021935968473553658,0.0626149982213974,0.0,0.06984461098909378,0.0,0.26742953062057495
7100,0.005414267908781767,0.018595137074589728,0.022068666666746138,0.06008363217115402,0.0,0.0698448047041893,0.0,0.2674306035041809
7101,0.005418828688561916,0.017731039226055144,0.020957828685641288,0.06346090957522392,0.0,0.06984446197748184,0.0,0.26743069291114807
7102,0.004878922458738088,0.01810402497649193,0.020750969275832178,0.058431075513362886,0.0,0.06984557956457138,0.0,0.26743316650390625
7103,0.0052218296565115455,0.018595019355416298,0.020412469655275343,0.06002695858478546,0.0,0.06984604150056839,0.0,0.26743489503860474
7104,0.005152344238013029,0.0177729781717062,0.02205319479107857,0.06392905414104462,0.0,0.06984345614910126,0.0,0.2674373388290405
7105,0.005073402635753154,0.018201863393187523,0.02185560129582882,0.06263186037540436,0.0,0.06983903795480728,0.0,0.26743894815444946
7106,0.005137428361922503,0.018266185000538827,0.02212691307067871,0.06168053448200226,0.0,0.06983248889446259,0.0,0.26743999123573303
7107,0.005332699976861477,0.017966803908348084,0.021511032432317733,0.056434378027915955,0.0,0.0698326975107193,0.0,0.2674395442008972
7108,0.005225042812526226,0.017232504859566688,0.022854475304484367,0.06504841595888138,0.0,0.06983622163534164,0.0,0.2674379348754883
7109,0.005289016105234623,0.017361202090978623,0.021292334794998168,0.0644758403301239,0.0,0.06983671337366104,0.0,0.26743537187576294
7110,0.00502485828474164,0.01922215297818184,0.021823636442422866,0.0637562558054924,0.0,0.06983735412359238,0.0,0.2674322724342346
7111,0.0049961919896304606,0.017722435668110846,0.02079722806811333,0.05978143289685249,0.0,0.06983786821365356,0.0,0.2674286961555481
7112,0.004783990141004324,0.01808132529258728,0.02448510378599167,0.0644139215350151,0.0,0.06983648240566254,0.0,0.2674260139465332
7113,0.005575175210833549,0.01787817254662514,0.02130001373589039,0.060945875197649005,0.0,0.0698336809873581,0.0,0.26742488145828247
7114,0.005730987247079611,0.017767635732889177,0.021446803212165834,0.0654937170445919,0.0,0.06982876360416412,0.0,0.2674219310283661
7115,0.0051981211639940735,0.018132740259170534,0.020981696993112565,0.06376598328351975,0.0,0.06981966644525528,0.0,0.2674204707145691
7116,0.0055836432613432406,0.019280707463622093,0.01944018602371216,0.06589858680963516,0.0,0.06980318576097488,0.0,0.26742038130760193
7117,0.005124773550778628,0.017885980382561683,0.020930181816220285,0.06261356323957443,0.0,0.06978987902402878,0.0,0.2674199640750885
7118,0.005486887972801923,0.018012120202183724,0.020812102779746055,0.05982547923922539,0.0,0.06977806240320206,0.0,0.26742181181907654
7119,0.0051270613446831705,0.017935428768396378,0.023533785343170167,0.06461245715618133,0.0,0.06976471096277237,0.0,0.2674223482608795
7120,0.005008771829307079,0.01843050718307495,0.019157514348626135,0.06289191246032715,0.0,0.06975145637989044,0.0,0.2674209475517273
7121,0.005219662934541703,0.017925437167286874,0.02336539812386036,0.06160535588860512,0.0,0.06973792612552643,0.0,0.26741835474967957
7122,0.004870870523154736,0.018177837133407593,0.022058837488293646,0.06444506272673607,0.0,0.06972439587116241,0.0,0.2674153745174408
7123,0.005326804891228676,0.017909932881593704,0.021760271117091178,0.06296512559056282,0.0,0.06970763206481934,0.0,0.267412394285202
7124,0.004781182296574116,0.017563625052571297,0.020360083505511283,0.062116087228059766,0.0,0.06968972086906433,0.0,0.2674097418785095
7125,0.005400003679096699,0.018318358436226846,0.02262464053928852,0.05981868207454681,0.0,0.06967063993215561,0.0,0.26740750670433044
7126,0.0050055855885148045,0.017309551872313023,0.02100769877433777,0.061045455187559126,0.0,0.06965415179729462,0.0,0.2674061059951782
7127,0.00524170408025384,0.01814614236354828,0.024246054515242577,0.06061895936727524,0.0,0.06963910162448883,0.0,0.2674042582511902
7128,0.00480923131108284,0.01775098219513893,0.021018066629767417,0.06111880913376808,0.0,0.06962600350379944,0.0,0.26740342378616333
7129,0.00521432664245367,0.018626650795340538,0.02236846499145031,0.06111547872424126,0.0,0.0696115493774414,0.0,0.2674022912979126
7130,0.0051921425387263295,0.017860163003206253,0.021487191691994666,0.057920404523611066,0.0,0.06959888339042664,0.0,0.26740336418151855
7131,0.00511278435587883,0.01737886033952236,0.022018895670771598,0.06024385020136833,0.0,0.06958379596471786,0.0,0.2674050033092499
7132,0.0053457564674317835,0.01743484251201153,0.02179054506123066,0.05950597226619721,0.0,0.06956374645233154,0.0,0.26740628480911255
7133,0.00490642236545682,0.018114519491791724,0.02155003771185875,0.06346519738435745,0.0,0.069539375603199,0.0,0.26740652322769165
7134,0.005214547831565141,0.01808307468891144,0.021049197390675546,0.06428697183728219,0.0,0.06951718032360077,0.0,0.26740652322769165
7135,0.005406871810555458,0.01760292649269104,0.021164993941783904,0.061619880795478824,0.0,0.06949447095394135,0.0,0.2674071788787842
7136,0.005135119426995516,0.018592336773872377,0.023287421092391014,0.06264241859316826,0.0,0.06947019696235657,0.0,0.26740676164627075
7137,0.005029772222042084,0.017498953640460967,0.022381918504834175,0.05618094280362129,0.0,0.06944756209850311,0.0,0.26740556955337524
7138,0.005314463376998901,0.017832548171281815,0.02330397963523865,0.06230774074792862,0.0,0.06943055987358093,0.0,0.2674056589603424
7139,0.004991356376558542,0.017037034779787064,0.022060291841626167,0.06731724739074707,0.0,0.06941041350364685,0.0,0.2674056887626648
7140,0.0053466809913516045,0.01796407736837864,0.022481616586446762,0.06123829111456871,0.0,0.06938693672418594,0.0,0.26740437746047974
7141,0.005171262100338936,0.017618559300899506,0.022147504985332488,0.059383980184793475,0.0,0.0693623498082161,0.0,0.267402708530426
7142,0.005352878477424383,0.01807996556162834,0.021515042334795,0.064118492603302,0.0,0.06933723390102386,0.0,0.26740092039108276
7143,0.0053200431168079374,0.017137378454208374,0.021728384867310525,0.0608045756816864,0.0,0.06931956112384796,0.0,0.26739799976348877
7144,0.005115109123289585,0.01821110546588898,0.02048922926187515,0.06208431273698807,0.0,0.06929786503314972,0.0,0.2673954367637634
7145,0.0048699635080993176,0.01737583912909031,0.023804208636283873,0.06203760430216789,0.0,0.0692766085267067,0.0,0.2673932909965515
7146,0.0052974909543991085,0.01815447546541691,0.023517170920968056,0.06329044103622436,0.0,0.06925340741872787,0.0,0.2673913836479187
7147,0.005521130375564098,0.018301429599523543,0.020888928696513175,0.0669273465871811,0.0,0.06922942399978638,0.0,0.2673884332180023
7148,0.005134276300668717,0.018281857669353484,0.021000927314162254,0.0665536642074585,0.0,0.06920763850212097,0.0,0.2673839032649994
7149,0.0054791845381259915,0.018276159092783927,0.020528482273221016,0.061801815032958986,0.0,0.06919388473033905,0.0,0.2673819065093994
7150,0.004984324611723423,0.018235567212104797,0.020543288439512253,0.05921295583248139,0.0,0.06918454170227051,0.0,0.2673807144165039
7151,0.005087939091026783,0.018982458487153055,0.01964053511619568,0.059635499864816664,0.0,0.06917963922023773,0.0,0.2673819959163666
7152,0.005579927377402783,0.017413045465946197,0.02306502275168896,0.061828750371932986,0.0,0.06917545944452286,0.0,0.26738303899765015
7153,0.005138549208641052,0.017941118404269218,0.020107213407754898,0.05898790881037712,0.0,0.06917355209589005,0.0,0.2673833668231964
7154,0.005069362930953503,0.018108359724283218,0.022121244668960573,0.05849491059780121,0.0,0.06917000561952591,0.0,0.26738327741622925
7155,0.005135482456535101,0.017662233114242552,0.02134870961308479,0.06135023981332779,0.0,0.06917081773281097,0.0,0.2673843801021576
7156,0.005278822127729654,0.018296776339411736,0.02171829454600811,0.05993673652410507,0.0,0.06917185336351395,0.0,0.26738473773002625
7157,0.005601243767887354,0.017904755473136903,0.022050387412309646,0.06567805781960487,0.0,0.06917670369148254,0.0,0.2673853933811188
7158,0.004754026979207992,0.01736133098602295,0.02214435189962387,0.06466658264398575,0.0,0.06918489933013916,0.0,0.267387330532074
7159,0.0052392718382179735,0.01765669658780098,0.02187632992863655,0.061664377152919767,0.0,0.06918997317552567,0.0,0.2673906087875366
7160,0.00532390819862485,0.019594286754727363,0.02052109017968178,0.06368303373456001,0.0,0.06919276714324951,0.0,0.26739510893821716
7161,0.005089863296598196,0.017531939968466758,0.02155783325433731,0.05864565297961235,0.0,0.0691952258348465,0.0,0.2673986852169037
7162,0.005422485060989857,0.01818029545247555,0.021470921859145165,0.06055168807506561,0.0,0.06919567286968231,0.0,0.2674025595188141
7163,0.005254754051566124,0.017811501026153566,0.022918107360601424,0.061488916724920274,0.0,0.06919953972101212,0.0,0.2674054503440857
7164,0.005002776719629764,0.018737594410777093,0.023477934673428534,0.06038632094860077,0.0,0.0692000538110733,0.0,0.26740798354148865
7165,0.005101335607469082,0.017811038345098496,0.020258574560284615,0.06374992504715919,0.0,0.06920550018548965,0.0,0.26741039752960205
7166,0.005342049989849329,0.018266566470265387,0.02140236757695675,0.060969000309705736,0.0,0.06920643150806427,0.0,0.26741188764572144
7167,0.005070958565920591,0.017428382113575936,0.021428874135017394,0.062172728776931765,0.0,0.06921161711215973,0.0,0.26741209626197815
7168,0.005206170305609703,0.017245448008179665,0.020104623585939407,0.05792220383882522,0.0,0.06921734660863876,0.0,0.2674117386341095
7169,0.005300178751349449,0.016703592054545878,0.020902422070503236,0.059753333777189256,0.0,0.06921924650669098,0.0,0.26740992069244385
7170,0.005038780719041824,0.018640442937612533,0.022689948603510857,0.05872812494635582,0.0,0.06922219693660736,0.0,0.26740798354148865
7171,0.0052716460078954695,0.017964974418282507,0.02112352177500725,0.058194519579410554,0.0,0.0692272037267685,0.0,0.2674040198326111
7172,0.005071272514760495,0.018456156179308892,0.022098659723997115,0.060761573165655135,0.0,0.0692279189825058,0.0,0.26739948987960815
7173,0.005282334517687559,0.01861886903643608,0.02298691011965275,0.06330515667796136,0.0,0.0692266970872879,0.0,0.26739710569381714
7174,0.005305208452045918,0.018269691988825797,0.021932200714945792,0.06370072737336159,0.0,0.06922198832035065,0.0,0.26739463210105896
7175,0.0053935665637254715,0.018133384734392168,0.022518730163574217,0.0632941372692585,0.0,0.06921456754207611,0.0,0.26739513874053955
7176,0.005253749154508114,0.017789853364229204,0.022865385934710502,0.06236348673701286,0.0,0.06920450180768967,0.0,0.26739436388015747
7177,0.005521782115101815,0.017496404796838762,0.023004308342933655,0.06318839341402054,0.0,0.06920008361339569,0.0,0.26739463210105896
7178,0.005338774435222149,0.017563770338892937,0.021811069920659065,0.06659306213259697,0.0,0.06919217854738235,0.0,0.2673937678337097
7179,0.0052847845479846,0.018041916936635972,0.02291122414171696,0.06469587236642838,0.0,0.0691852942109108,0.0,0.2673915922641754
7180,0.00513490829616785,0.017248762398958208,0.02216256596148014,0.05796411260962486,0.0,0.06918404996395111,0.0,0.26739057898521423
7181,0.005275617260485888,0.016986541636288165,0.021614092588424682,0.06393741071224213,0.0,0.06918852031230927,0.0,0.26738905906677246
7182,0.005378836113959551,0.01872039623558521,0.020310898870229722,0.06411061361432076,0.0,0.06919531524181366,0.0,0.2673921287059784
7183,0.005015926901251078,0.017316674441099168,0.020462074875831605,0.06048225611448288,0.0,0.0692051500082016,0.0,0.2673959732055664
7184,0.0050615335814654825,0.01797519065439701,0.021135962381958962,0.06410762444138526,0.0,0.06921271979808807,0.0,0.2674010396003723
7185,0.004724385682493448,0.017664191871881486,0.022412455454468728,0.06450075134634972,0.0,0.069218710064888,0.0,0.2674033045768738
7186,0.004954701848328113,0.018436550348997115,0.019681104645133018,0.06169199198484421,0.0,0.06922298669815063,0.0,0.26740705966949463
7187,0.005187249463051558,0.01800634078681469,0.021989884600043298,0.06464741304516793,0.0,0.06922927498817444,0.0,0.2674098610877991
7188,0.005094550363719463,0.017710321024060248,0.021288519352674486,0.059934737533330916,0.0,0.06924009323120117,0.0,0.26741182804107666
7189,0.005179729405790567,0.01790050193667412,0.020599647238850594,0.06154349967837334,0.0,0.06925143301486969,0.0,0.26741117238998413
7190,0.005136183090507984,0.018834363296628,0.020729216560721398,0.06149204894900322,0.0,0.06926756352186203,0.0,0.26741158962249756
7191,0.005416778754442931,0.018819163367152215,0.02217233330011368,0.06080160215497017,0.0,0.0692829117178917,0.0,0.2674146890640259
7192,0.005370648298412562,0.018572400882840158,0.021252468600869177,0.06375063061714173,0.0,0.06929877400398254,0.0,0.2674185633659363
7193,0.005444853473454714,0.01763484925031662,0.022203490138053894,0.06247841790318489,0.0,0.06931836903095245,0.0,0.2674231231212616
7194,0.005432549025863409,0.0177236620336771,0.01997455023229122,0.0634591594338417,0.0,0.06933365017175674,0.0,0.2674275040626526
7195,0.005358904786407948,0.017287662997841836,0.022442198544740676,0.062336815893650054,0.0,0.06935244053602219,0.0,0.2674322724342346
7196,0.004865750577300787,0.017868972942233087,0.021433525532484055,0.06337370574474335,0.0,0.06936744600534439,0.0,0.2674376964569092
7197,0.005505516100674868,0.017617031186819076,0.020718203857541084,0.06160497888922691,0.0,0.06938202679157257,0.0,0.26744335889816284
7198,0.005534083116799593,0.01824638731777668,0.0224982388317585,0.06467969790101051,0.0,0.06940288841724396,0.0,0.26744773983955383
7199,0.005520533863455057,0.017307550832629203,0.020840201154351236,0.058914460241794586,0.0,0.06942003965377808,0.0,0.26745083928108215
7200,0.005488841421902179,0.017999003827571868,0.020874864235520364,0.06466831266880035,0.0,0.06943564116954803,0.0,0.26745253801345825
7201,0.005032098945230245,0.01831025518476963,0.021572748199105263,0.06456768959760666,0.0,0.06944964081048965,0.0,0.26745253801345825
7202,0.005189635884016752,0.018161002919077872,0.020870288833975792,0.06152056083083153,0.0,0.06946219503879547,0.0,0.26745301485061646
7203,0.0051059374585747715,0.0188919585198164,0.02190539985895157,0.05921691879630089,0.0,0.0694703683257103,0.0,0.2674514651298523
7204,0.004911169409751892,0.017626016214489938,0.021329787746071815,0.05995467081665993,0.0,0.06948047876358032,0.0,0.26745134592056274
7205,0.005081276409327984,0.01784415990114212,0.02098529376089573,0.06712348163127899,0.0,0.06948407739400864,0.0,0.2674529552459717
7206,0.0051114106550812725,0.017116029188036917,0.021242805197834967,0.0616117462515831,0.0,0.06949003040790558,0.0,0.2674553692340851
7207,0.005240930523723364,0.018126923590898514,0.021614787727594377,0.059105394035577775,0.0,0.06949341297149658,0.0,0.2674575448036194
7208,0.0053315509110689165,0.01696936637163162,0.02213200032711029,0.06286106631159782,0.0,0.0694931373000145,0.0,0.2674596607685089
7209,0.005091676488518715,0.018235280364751815,0.020570699498057364,0.05937026739120484,0.0,0.069493867456913,0.0,0.2674613893032074
7210,0.004925160203129053,0.01774076670408249,0.02097951024770737,0.06303411573171616,0.0,0.06949146836996078,0.0,0.2674630284309387
7211,0.005074956454336643,0.018787160888314246,0.019869111850857733,0.060238707810640335,0.0,0.06948938965797424,0.0,0.267463743686676
7212,0.005102334823459387,0.017819872125983238,0.021079250425100327,0.06081395521759987,0.0,0.06948792934417725,0.0,0.2674650549888611
7213,0.0052377631887793544,0.01771077811717987,0.0220254011452198,0.06294013932347298,0.0,0.06948568671941757,0.0,0.26746708154678345
7214,0.005078016594052315,0.01770402230322361,0.021684376895427702,0.06204999163746834,0.0,0.06948363780975342,0.0,0.26747000217437744
7215,0.004680436197668314,0.018394989520311357,0.02059469632804394,0.06195903047919273,0.0,0.06947655975818634,0.0,0.2674717903137207
7216,0.005145101901143789,0.017602546885609627,0.021435413882136344,0.06162861660122872,0.0,0.06946771591901779,0.0,0.2674717605113983
7217,0.005501023679971695,0.01727132312953472,0.023217708244919776,0.06287572979927063,0.0,0.06945717334747314,0.0,0.26747003197669983
7218,0.005151371378451586,0.017747947946190834,0.022051679715514184,0.0609916664659977,0.0,0.06944278627634048,0.0,0.2674669623374939
7219,0.005008932948112488,0.01780933253467083,0.02090517207980156,0.06206960305571556,0.0,0.06942589581012726,0.0,0.2674660384654999
7220,0.005170578043907881,0.017316526174545287,0.02349037192761898,0.06096431389451027,0.0,0.06940571963787079,0.0,0.26746654510498047
7221,0.005111925024539232,0.017890133336186408,0.0227615125477314,0.06109098643064499,0.0,0.06938622891902924,0.0,0.2674693465232849
7222,0.0051221615634858605,0.017926976084709167,0.02255850099027157,0.060327277332544324,0.0,0.06936538219451904,0.0,0.2674707770347595
7223,0.00538480281829834,0.018006227165460586,0.02152230441570282,0.06751534789800644,0.0,0.06934481859207153,0.0,0.2674714922904968
7224,0.005257196165621281,0.01866963505744934,0.02266010269522667,0.06140403002500534,0.0,0.0693269819021225,0.0,0.2674739956855774
7225,0.004883691482245922,0.017568623274564744,0.022816215455532075,0.062394394725561145,0.0,0.06931750476360321,0.0,0.26747560501098633
7226,0.005059067811816931,0.01792927347123623,0.021547309309244155,0.06223939284682274,0.0,0.06930845975875854,0.0,0.26747629046440125
7227,0.005336886644363404,0.018951359763741495,0.02190307676792145,0.06347433477640152,0.0,0.06930099427700043,0.0,0.267475426197052
7228,0.005167632456868887,0.018076680600643158,0.021257877722382544,0.06421722918748855,0.0,0.06929758191108704,0.0,0.2674740254878998
7229,0.005410764086991549,0.017926977202296256,0.023813579976558686,0.06574409082531929,0.0,0.06929174065589905,0.0,0.2674708366394043
7230,0.005462467856705189,0.01724353842437267,0.019580424576997758,0.0648352101445198,0.0,0.06928978860378265,0.0,0.26746731996536255
7231,0.005306646041572094,0.018305554240942,0.021819858253002165,0.06153279617428779,0.0,0.06929852068424225,0.0,0.2674671411514282
7232,0.005358055140823126,0.017682305350899697,0.02302009053528309,0.060623401403427125,0.0,0.06930885463953018,0.0,0.26746875047683716
7233,0.005110186990350485,0.018112000077962875,0.02226134352385998,0.058402936160564425,0.0,0.06931694597005844,0.0,0.2674691677093506
7234,0.00515027241781354,0.017979910224676134,0.021567850187420846,0.061961037665605546,0.0,0.06932481378316879,0.0,0.2674705684185028
7235,0.005243127048015594,0.017415387183427812,0.019658223539590836,0.06136741861701012,0.0,0.06933803856372833,0.0,0.2674722373485565
7236,0.00550976786762476,0.017583361454308034,0.02180272862315178,0.06429046392440796,0.0,0.06935359537601471,0.0,0.26747390627861023
7237,0.005275302566587925,0.01729821190237999,0.022332166135311127,0.06244731992483139,0.0,0.06936778128147125,0.0,0.2674753665924072
7238,0.005582000687718391,0.01768724210560322,0.022343481332063674,0.06395447701215744,0.0,0.0693802610039711,0.0,0.2674773335456848
7239,0.0051934652030467985,0.01747448444366455,0.02120741792023182,0.06317831575870514,0.0,0.0693897157907486,0.0,0.2674787938594818
7240,0.004943859297782183,0.017987150326371194,0.022109322622418402,0.0604093611240387,0.0,0.0694006010890007,0.0,0.26748210191726685
7241,0.005470382981002331,0.0176533043384552,0.021900677308440208,0.06212295591831207,0.0,0.06941480934619904,0.0,0.2674843966960907
7242,0.0053094692528247835,0.01846401356160641,0.021924496069550513,0.06054736003279686,0.0,0.06942830979824066,0.0,0.26748570799827576
7243,0.00542432963848114,0.018323452770709993,0.022932590916752815,0.062299886345863344,0.0,0.06943611055612564,0.0,0.2674870789051056
7244,0.005283971782773733,0.01849021054804325,0.02199460193514824,0.0596863828599453,0.0,0.06944428384304047,0.0,0.26748624444007874
7245,0.005282162223011255,0.018246924504637718,0.021270452812314034,0.056560360640287397,0.0,0.06945117563009262,0.0,0.2674866318702698
7246,0.005286643747240305,0.01827993057668209,0.02130737081170082,0.060402669757604596,0.0,0.06945346295833588,0.0,0.2674883008003235
7247,0.005110934469848871,0.01794410664588213,0.019304188340902327,0.06315164864063263,0.0,0.06945774704217911,0.0,0.26749086380004883
7248,0.005132601503282786,0.019072604551911353,0.02079589627683163,0.06250756531953812,0.0,0.06946227699518204,0.0,0.2674933075904846
7249,0.005254484992474317,0.018951811268925665,0.02010028213262558,0.062113425135612486,0.0,0.06947147846221924,0.0,0.26749593019485474
7250,0.005038656666874886,0.017120173573493956,0.021357234567403793,0.06404685974121094,0.0,0.06948502361774445,0.0,0.26749706268310547
7251,0.005057266913354397,0.01785692386329174,0.020588096976280213,0.06395140886306763,0.0,0.06950338929891586,0.0,0.26749664545059204
7252,0.004987835604697466,0.017390519566833972,0.02073569633066654,0.061024300009012225,0.0,0.06951813399791718,0.0,0.26749852299690247
7253,0.005096870195120573,0.018460840359330176,0.021046622842550277,0.06173685267567634,0.0,0.0695350393652916,0.0,0.2674988806247711
7254,0.00524874608963728,0.0175044234842062,0.021333514526486397,0.05851648822426796,0.0,0.06955026090145111,0.0,0.26749932765960693
7255,0.004850107058882713,0.017487446777522564,0.021814239397644996,0.0629192367196083,0.0,0.06956414878368378,0.0,0.2675008475780487
7256,0.00536079341545701,0.018150759860873222,0.020969855412840844,0.0636977881193161,0.0,0.06957448273897171,0.0,0.2675023376941681
7257,0.005136835854500532,0.018391641043126582,0.022887438908219336,0.0618500255048275,0.0,0.06958172470331192,0.0,0.26750490069389343
7258,0.005788732506334782,0.018569448962807655,0.02076178789138794,0.06370789185166359,0.0,0.06959220767021179,0.0,0.26750701665878296
7259,0.005043346062302589,0.01800854653120041,0.02160736918449402,0.059456662833690645,0.0,0.06960324198007584,0.0,0.26751017570495605
7260,0.004923311807215214,0.01841721162199974,0.02258396930992603,0.0625707596540451,0.0,0.06961195170879364,0.0,0.26751330494880676
7261,0.005473866779357195,0.017206494882702827,0.02123301662504673,0.05793480426073074,0.0,0.06961788237094879,0.0,0.2675183415412903
7262,0.004876692313700914,0.018578268960118292,0.020868536457419394,0.059542881697416304,0.0,0.06962130218744278,0.0,0.26752084493637085
7263,0.005126978643238545,0.017941461503505708,0.020992761105298997,0.0664411410689354,0.0,0.06962024420499802,0.0,0.26752373576164246
7264,0.0051344017498195175,0.01829516589641571,0.021541856601834296,0.06046184301376343,0.0,0.0696166381239891,0.0,0.2675272822380066
7265,0.005361702665686608,0.018095851689577103,0.02116076946258545,0.059674230962991716,0.0,0.0696130245923996,0.0,0.26753073930740356
7266,0.005061555374413729,0.01869107373058796,0.023167495802044868,0.06248321384191513,0.0,0.06961144506931305,0.0,0.2675330340862274
7267,0.005249871127307415,0.018490464985370637,0.022759095206856726,0.062319711595773694,0.0,0.06961805373430252,0.0,0.26753702759742737
7268,0.0050748329609632496,0.018694050237536432,0.022451702505350113,0.05922444835305214,0.0,0.06962151825428009,0.0,0.2675400376319885
7269,0.005579366814345121,0.01765288822352886,0.02038435488939285,0.058705369383096694,0.0,0.06962817162275314,0.0,0.26754093170166016
7270,0.005342311318963766,0.017554328218102454,0.023429923132061957,0.06363698244094848,0.0,0.06963585317134857,0.0,0.26753780245780945
7271,0.005369727872312069,0.017661450803279875,0.022260811924934388,0.05922126471996307,0.0,0.06964170932769775,0.0,0.2675326466560364
7272,0.005488687567412854,0.017704680562019348,0.021811771765351297,0.05965051725506783,0.0,0.06963922828435898,0.0,0.26752886176109314
7273,0.005035424139350653,0.01769467294216156,0.022053613513708114,0.061064188927412034,0.0,0.069634348154068,0.0,0.26752474904060364
7274,0.005669044051319361,0.01865466609597206,0.021605104207992554,0.06109173893928528,0.0,0.06962921470403671,0.0,0.26752012968063354
7275,0.005409654881805182,0.01861804388463497,0.02304934002459049,0.06207987815141678,0.0,0.06961946934461594,0.0,0.2675158977508545
7276,0.005353700555860996,0.017259033769369124,0.02114565372467041,0.0615196980535984,0.0,0.069608673453331,0.0,0.26751288771629333
7277,0.005043721292167902,0.0178566362708807,0.021054203063249587,0.056406553089618686,0.0,0.06959973275661469,0.0,0.26751023530960083
7278,0.005587300844490528,0.018135495111346246,0.021766769513487817,0.06233140677213669,0.0,0.06959094107151031,0.0,0.2675110697746277
7279,0.005178100056946277,0.017132624611258508,0.02128998525440693,0.061023417860269547,0.0,0.06958115845918655,0.0,0.26751428842544556
7280,0.005122115835547447,0.017277566902339458,0.020740907266736032,0.059743642807006836,0.0,0.0695701390504837,0.0,0.2675168216228485
7281,0.005382123868912458,0.017624322324991226,0.022929712384939193,0.05944698229432106,0.0,0.06955938041210175,0.0,0.2675180435180664
7282,0.005323538836091757,0.01730322651565075,0.02271839641034603,0.05972350537776947,0.0,0.06955035775899887,0.0,0.26752156019210815
7283,0.005603143572807312,0.017491036653518678,0.021600431576371194,0.06025021597743034,0.0,0.06953779608011246,0.0,0.26752200722694397
7284,0.0051922212354838845,0.018380323052406312,0.021867288276553154,0.05782295987010002,0.0,0.0695263147354126,0.0,0.26752132177352905
7285,0.00554523728787899,0.018136169016361236,0.022214267775416373,0.0637611635029316,0.0,0.06951822340488434,0.0,0.2675201892852783
7286,0.005196461174637079,0.01834670379757881,0.022422757372260092,0.06146398484706879,0.0,0.06950965523719788,0.0,0.26751816272735596
7287,0.005275169759988785,0.016625331528484822,0.02150082178413868,0.05995273739099503,0.0,0.06949916481971741,0.0,0.2675172984600067
7288,0.005379941780120134,0.017193774133920668,0.022845557332038878,0.06191553175449371,0.0,0.06949534267187119,0.0,0.26751625537872314
7289,0.00505039980635047,0.018344799429178237,0.021857435628771783,0.06159061938524246,0.0,0.0694902092218399,0.0,0.2675142288208008
7290,0.005161741375923156,0.018383105844259263,0.022738349810242652,0.06158989816904068,0.0,0.06948962062597275,0.0,0.26751142740249634
7291,0.004946549702435732,0.01869995929300785,0.02223527617752552,0.059825336933135985,0.0,0.06949439644813538,0.0,0.2675088047981262
7292,0.005202849395573139,0.017872931063175203,0.02168312147259712,0.05942813828587532,0.0,0.06949552148580551,0.0,0.2675055265426636
7293,0.005499736871570349,0.018101118877530097,0.02227284535765648,0.06130822002887726,0.0,0.0694943219423294,0.0,0.2675038278102875
7294,0.00494793364778161,0.017846904695034027,0.02162436321377754,0.0628160558640957,0.0,0.06949411332607269,0.0,0.2675028443336487
7295,0.004832602851092815,0.017886682599782943,0.022502369061112405,0.06488969922065735,0.0,0.06949407607316971,0.0,0.26750317215919495
7296,0.005268674623221159,0.018821898102760314,0.0232522115111351,0.06117267683148384,0.0,0.06949635595083237,0.0,0.2675027549266815
7297,0.005369679443538189,0.017943906411528588,0.021274662762880325,0.06483323201537132,0.0,0.06950149685144424,0.0,0.2675022482872009
7298,0.004875742550939322,0.01776083596050739,0.022429737076163293,0.06666487902402878,0.0,0.06950359046459198,0.0,0.2675035893917084
7299,0.005025905836373567,0.01791038066148758,0.019074824824929237,0.06162832900881767,0.0,0.0695066899061203,0.0,0.2675040662288666
7300,0.0053510736674070355,0.018493888527154924,0.022094669938087463,0.060846881568431856,0.0,0.06951183825731277,0.0,0.2675018906593323
7301,0.005052396096289158,0.018343601003289224,0.021567771956324578,0.058526265621185306,0.0,0.06951641291379929,0.0,0.2674989402294159
7302,0.0054363681934773925,0.017136992886662483,0.02204192578792572,0.05986619815230369,0.0,0.06952556222677231,0.0,0.26749497652053833
7303,0.00494924234226346,0.018491604924201967,0.021565207466483115,0.06274127662181854,0.0,0.0695326179265976,0.0,0.2674911916255951
7304,0.005074337776750326,0.017579447850584982,0.02144392840564251,0.061615027487277985,0.0,0.06954339891672134,0.0,0.26748722791671753
7305,0.005107065569609404,0.01837433725595474,0.02262776456773281,0.06230558380484581,0.0,0.06955815851688385,0.0,0.2674841284751892
7306,0.0050920020788908,0.018597773835062982,0.021711170300841333,0.059869752079248426,0.0,0.06957069784402847,0.0,0.26748278737068176
7307,0.005340883415192366,0.018133821338415144,0.020495977625250815,0.06675542891025543,0.0,0.0695824846625328,0.0,0.26748114824295044
7308,0.005211197398602962,0.018921416625380515,0.02305610254406929,0.06318214386701584,0.0,0.06959113478660583,0.0,0.2674810290336609
7309,0.005244571622461081,0.017916475608944892,0.022417064383625986,0.062135908752679825,0.0,0.06959979236125946,0.0,0.26747921109199524
7310,0.005258203856647015,0.0179830327630043,0.021464087441563605,0.06556618735194206,0.0,0.06960965692996979,0.0,0.2674778997898102
7311,0.0052396925166249275,0.017954901233315466,0.022887766361236572,0.06249805763363838,0.0,0.06961569935083389,0.0,0.2674787640571594
7312,0.005021022818982601,0.01727098487317562,0.022003041952848433,0.06417322754859925,0.0,0.06961525976657867,0.0,0.2674790918827057
7313,0.005399936530739069,0.01817403733730316,0.022071657702326775,0.05917268767952919,0.0,0.06961049139499664,0.0,0.26748162508010864
7314,0.005150750931352377,0.01818763054907322,0.022012709826231002,0.06308646500110626,0.0,0.06960723549127579,0.0,0.26748284697532654
7315,0.004779057577252388,0.01859808750450611,0.020564913004636764,0.05963602289557457,0.0,0.0696060061454773,0.0,0.2674867510795593
7316,0.0055461892858147625,0.018741215392947198,0.021511003002524377,0.06052999421954155,0.0,0.06960555166006088,0.0,0.26748982071876526
7317,0.005788667406886816,0.017666902020573617,0.020887022465467454,0.061003579199314116,0.0,0.06960637867450714,0.0,0.26749280095100403
7318,0.0050188546068966385,0.01766592599451542,0.0223837710916996,0.05927983894944191,0.0,0.06960250437259674,0.0,0.26749369502067566
7319,0.005014437437057495,0.018300913646817206,0.021443505585193635,0.06322408318519593,0.0,0.06959863752126694,0.0,0.26749560236930847
7320,0.005113250389695167,0.01765303947031498,0.022374238446354867,0.06330191045999527,0.0,0.06959496438503265,0.0,0.26749593019485474
7321,0.005304432194679976,0.017512359842658042,0.021434108167886733,0.060047907382249834,0.0,0.06958706676959991,0.0,0.26749417185783386
7322,0.005148387420922518,0.017275434359908103,0.023362822085618972,0.06032642871141434,0.0,0.06957763433456421,0.0,0.2674933671951294
7323,0.004900576639920473,0.01643950752913952,0.021692529320716858,0.056824559718370436,0.0,0.06957010179758072,0.0,0.2674933075904846
7324,0.00514081995934248,0.017462313175201416,0.021112257987260817,0.05770072713494301,0.0,0.0695609375834465,0.0,0.2674940824508667
7325,0.005539207253605127,0.018568575382232666,0.020846287533640862,0.058981519937515256,0.0,0.06955412030220032,0.0,0.2674923539161682
7326,0.005548582784831524,0.018695717304944993,0.023044447973370553,0.05928043648600578,0.0,0.0695466622710228,0.0,0.2674919664859772
7327,0.004870633222162723,0.017726528644561767,0.021949825435876848,0.06250500828027725,0.0,0.06954124569892883,0.0,0.2674892544746399
7328,0.004871227685362101,0.01874280869960785,0.022078264504671097,0.062883560359478,0.0,0.06953077018260956,0.0,0.2674861550331116
7329,0.005350407306104898,0.018499186635017394,0.02060367092490196,0.0620790459215641,0.0,0.06952405720949173,0.0,0.2674844563007355
7330,0.004940492566674948,0.017352207377552987,0.02044033780694008,0.06318522617220879,0.0,0.06951526552438736,0.0,0.26748228073120117
7331,0.005296948738396168,0.017697442136704922,0.022279944643378256,0.06228835880756378,0.0,0.06950576603412628,0.0,0.26747995615005493
7332,0.005400053132325411,0.019050535559654237,0.021275322139263152,0.06258677840232849,0.0,0.06949715316295624,0.0,0.2674782872200012
7333,0.005179764609783888,0.017574308440089226,0.021119409054517747,0.06036922708153725,0.0,0.0694923922419548,0.0,0.26747584342956543
7334,0.005187768582254648,0.017431262508034708,0.02189885824918747,0.060364258289337155,0.0,0.06948601454496384,0.0,0.26747530698776245
7335,0.004920024517923593,0.018243369460105897,0.02012609355151653,0.06028424799442291,0.0,0.06947942078113556,0.0,0.2674739956855774
7336,0.005145006254315377,0.017391276359558106,0.020455201715230943,0.060059099644422534,0.0,0.06947531551122665,0.0,0.2674737870693207
7337,0.005373839102685451,0.01913503110408783,0.021484586596488952,0.060621748119592665,0.0,0.06947539746761322,0.0,0.267475426197052
7338,0.00525528471916914,0.01753789819777012,0.024227399751543997,0.06223520264029503,0.0,0.0694766417145729,0.0,0.2674780488014221
7339,0.005262829083949328,0.017769650369882584,0.02176900878548622,0.06428124457597732,0.0,0.06947872042655945,0.0,0.26748231053352356
7340,0.005264351516962052,0.018520040437579155,0.021958375722169875,0.06153186783194542,0.0,0.0694827139377594,0.0,0.2674869894981384
7341,0.005363121721893549,0.017478035390377046,0.021147333085536957,0.06187420636415482,0.0,0.069489024579525,0.0,0.26749187707901
7342,0.005119331367313862,0.01751376148313284,0.02275170721113682,0.06126091554760933,0.0,0.0694928914308548,0.0,0.2674960494041443
7343,0.005533344484865666,0.01774742491543293,0.021625855937600136,0.05996542572975159,0.0,0.06950213760137558,0.0,0.2675006091594696
7344,0.005379007011651993,0.017831825837492942,0.022417972236871718,0.06108377128839493,0.0,0.06950946152210236,0.0,0.2675044536590576
7345,0.0050397106446325775,0.018056859821081163,0.02086300142109394,0.06389572843909264,0.0,0.06951777637004852,0.0,0.2675069570541382
7346,0.004936751164495945,0.018104613199830054,0.02094535157084465,0.06254877299070358,0.0,0.06952522695064545,0.0,0.26750868558883667
7347,0.005124879535287619,0.018034528568387033,0.02196975313127041,0.05969703420996666,0.0,0.06953179091215134,0.0,0.2675101161003113
7348,0.005033801402896642,0.017987464740872382,0.02249700203537941,0.06005408763885498,0.0,0.06953330338001251,0.0,0.2675134539604187
7349,0.00528609799221158,0.017334046587347985,0.023556505888700487,0.059235143661499026,0.0,0.06954135745763779,0.0,0.2675146758556366
7350,0.004906818456947804,0.018091069534420967,0.02014242112636566,0.0620611272752285,0.0,0.06955131143331528,0.0,0.26751527190208435
7351,0.004998076800256967,0.016960003599524497,0.02079849727451801,0.06409857794642448,0.0,0.06955914199352264,0.0,0.26751402020454407
7352,0.005052993632853031,0.018284667655825614,0.022514135390520097,0.06232459470629692,0.0,0.0695614144206047,0.0,0.2675126791000366
7353,0.005532204918563366,0.018230022117495536,0.020889053866267205,0.05840131938457489,0.0,0.06956828385591507,0.0,0.2675088346004486
7354,0.0051630021072924135,0.017385005578398706,0.021703551709651946,0.059271205216646194,0.0,0.06957174837589264,0.0,0.26750579476356506
7355,0.0052460478618741035,0.017981201782822608,0.020226629078388215,0.062390292435884474,0.0,0.06957349926233292,0.0,0.2675035893917084
7356,0.0046059262938797476,0.017900454998016357,0.02119262218475342,0.05830106511712074,0.0,0.06957107782363892,0.0,0.2675032913684845
7357,0.005564293824136257,0.018278399482369423,0.02253269627690315,0.06394664347171783,0.0,0.06956325471401215,0.0,0.26750415563583374
7358,0.004795878939330578,0.01851774975657463,0.021748202666640282,0.06296868845820427,0.0,0.06955934315919876,0.0,0.26750269532203674
7359,0.005300051905214787,0.017138433642685413,0.02203398309648037,0.05968824774026871,0.0,0.0695519968867302,0.0,0.2675003707408905
7360,0.005180115345865488,0.017974038794636726,0.0227951530367136,0.06431537792086602,0.0,0.06954196840524673,0.0,0.2674989402294159
7361,0.00497007817029953,0.01888483203947544,0.023089830204844473,0.05965925753116608,0.0,0.06953569501638412,0.0,0.26749494671821594
7362,0.005120750330388546,0.018728294223546983,0.022099682688713075,0.059178948402404785,0.0,0.06953662633895874,0.0,0.26749178767204285
7363,0.005081288423389197,0.018182443082332612,0.021807268261909485,0.06020273417234421,0.0,0.06953510642051697,0.0,0.2674892544746399
7364,0.005213584098964929,0.018155927211046217,0.020957521721720697,0.06237740740180016,0.0,0.06953366100788116,0.0,0.2674899697303772
7365,0.005280418880283832,0.01818496286869049,0.02260097675025463,0.061169881373643875,0.0,0.06953098624944687,0.0,0.26749342679977417
7366,0.005076995678246021,0.018108704686164857,0.021733279526233672,0.06033959612250328,0.0,0.06952977925539017,0.0,0.2674977481365204
7367,0.00517176054418087,0.017969103902578352,0.02334396094083786,0.060318472981452945,0.0,0.06952778995037079,0.0,0.26750099658966064
7368,0.005097171477973461,0.017399309575557707,0.020588533580303194,0.06011595129966736,0.0,0.06952191889286041,0.0,0.2675027847290039
7369,0.004927334655076265,0.017848173528909682,0.021659990027546882,0.05898445397615433,0.0,0.06951044499874115,0.0,0.26750287413597107
7370,0.0050735088996589186,0.01751447357237339,0.02137164957821369,0.061588884145021436,0.0,0.06949839740991592,0.0,0.2675018012523651
7371,0.0053665672428905966,0.018098200857639312,0.02245042361319065,0.060206064581871034,0.0,0.06948582082986832,0.0,0.2674991190433502
7372,0.005550049152225256,0.01761443056166172,0.022004107385873793,0.06598047018051148,0.0,0.06948032975196838,0.0,0.2674961984157562
7373,0.00491715595126152,0.01726773865520954,0.022941990569233895,0.0602201983332634,0.0,0.06947491317987442,0.0,0.26749420166015625
7374,0.0050416127778589725,0.01823667734861374,0.02212762050330639,0.0623274989426136,0.0,0.06947016716003418,0.0,0.26749300956726074
7375,0.0050944721326231955,0.01718137599527836,0.022316765040159225,0.06314361244440078,0.0,0.06947289407253265,0.0,0.2674911618232727
7376,0.005199436657130718,0.018368804082274436,0.02268058471381664,0.06320254877209663,0.0,0.0694701299071312,0.0,0.26749253273010254
7377,0.004885644931346178,0.017623047530651092,0.021934541687369347,0.06253359988331794,0.0,0.06946586817502975,0.0,0.2674955427646637
7378,0.0051351689733564855,0.017532049864530563,0.02236819453537464,0.05916897803544998,0.0,0.06946299970149994,0.0,0.267499715089798
7379,0.005217953771352768,0.017531538382172585,0.023203444480895997,0.06031004711985588,0.0,0.06946216523647308,0.0,0.26750102639198303
7380,0.005101303197443485,0.017765976116061212,0.021480503678321838,0.06068110838532448,0.0,0.06945867836475372,0.0,0.2675018310546875
7381,0.0050806447863578795,0.01722775138914585,0.02148931324481964,0.06076233834028244,0.0,0.06945560872554779,0.0,0.2675033211708069
7382,0.005099762883037329,0.01769852414727211,0.020744099840521814,0.05783100351691246,0.0,0.06945739686489105,0.0,0.26750555634498596
7383,0.005237091146409511,0.018882660940289498,0.01984456032514572,0.06290850043296814,0.0,0.06945722550153732,0.0,0.2675056755542755
7384,0.005451352335512638,0.018291474878787996,0.02173815220594406,0.06437262073159218,0.0,0.06945652514696121,0.0,0.2675054669380188
7385,0.005267657898366451,0.018436378985643386,0.020115646347403527,0.06023836508393288,0.0,0.06945343315601349,0.0,0.26750487089157104
7386,0.004949021246284246,0.017984624952077866,0.021981925517320634,0.06187197715044022,0.0,0.06945107877254486,0.0,0.26750367879867554
7387,0.00513246152549982,0.018557722121477126,0.02405264936387539,0.06021877676248551,0.0,0.06944859027862549,0.0,0.2675017714500427
7388,0.004883726220577955,0.018218081444501877,0.020839141681790352,0.06366924047470093,0.0,0.06944337487220764,0.0,0.2675026059150696
7389,0.005352469999343157,0.019107276946306227,0.020671972632408143,0.06061424389481544,0.0,0.0694349929690361,0.0,0.26750388741493225
7390,0.005229120887815952,0.0187247809022665,0.022390617057681084,0.0642099879682064,0.0,0.06942714750766754,0.0,0.26750653982162476
7391,0.004897817969322205,0.017234834283590315,0.021077533066272736,0.06310022324323654,0.0,0.06942173093557358,0.0,0.2675102651119232
7392,0.005067044403403997,0.01817350499331951,0.02238487862050533,0.06581530719995499,0.0,0.0694156289100647,0.0,0.2675137519836426
7393,0.005607078224420548,0.018242239579558374,0.02105223312973976,0.058492936193943024,0.0,0.06941452622413635,0.0,0.26751694083213806
7394,0.0053858675993978975,0.01760537102818489,0.02123081050813198,0.05702862367033958,0.0,0.06941747665405273,0.0,0.267518013715744
7395,0.004948219191282988,0.0177629254758358,0.021449299156665803,0.061888032406568524,0.0,0.0694160982966423,0.0,0.2675206661224365
7396,0.004925947822630406,0.018203390762209892,0.020013611018657684,0.05906333476305008,0.0,0.06941229104995728,0.0,0.2675251066684723
7397,0.005535045638680458,0.0188334621489048,0.020783692225813867,0.061870077252388,0.0,0.06940647214651108,0.0,0.2675290107727051
7398,0.005289211310446263,0.0180446594953537,0.02372835427522659,0.06181234642863274,0.0,0.0694025307893753,0.0,0.26753515005111694
7399,0.005155619885772467,0.018299921229481698,0.02141921706497669,0.06180477514863014,0.0,0.06939374655485153,0.0,0.26754188537597656
7400,0.004960027523338795,0.017896810173988344,0.021039441972970963,0.06125571355223656,0.0,0.06938298046588898,0.0,0.26754769682884216
7401,0.0051879298873245714,0.018573572486639024,0.021353069320321084,0.06120897680521011,0.0,0.06937441974878311,0.0,0.2675530016422272
7402,0.0051243225112557415,0.019867293909192084,0.021668681502342226,0.06189179345965386,0.0,0.06936619430780411,0.0,0.2675574719905853
7403,0.005070111807435751,0.01825023777782917,0.02187497988343239,0.05677697509527206,0.0,0.06935786455869675,0.0,0.2675629258155823
7404,0.00536637743934989,0.01728201173245907,0.020857318490743636,0.06013010144233703,0.0,0.06934721022844315,0.0,0.2675684690475464
7405,0.005289177875965834,0.017822291515767575,0.020843104645609855,0.05788705125451088,0.0,0.06933654844760895,0.0,0.26757267117500305
7406,0.004897027276456356,0.017598344013094902,0.023022017627954482,0.06218783855438233,0.0,0.06932471692562103,0.0,0.26757657527923584
7407,0.005108468327671289,0.0170299019664526,0.0214280117303133,0.0624529018998146,0.0,0.06931598484516144,0.0,0.26757779717445374
7408,0.005046878010034561,0.018094015866518022,0.02270675040781498,0.06017347276210785,0.0,0.06930375844240189,0.0,0.2675780653953552
7409,0.004685247503221035,0.017695493623614313,0.022388184815645217,0.059408482164144516,0.0,0.06929799914360046,0.0,0.2675755023956299
7410,0.004783581383526326,0.018163174018263818,0.022308440133929252,0.06376981288194657,0.0,0.06929163634777069,0.0,0.2675720453262329
7411,0.004996178857982159,0.018515853211283684,0.02084355540573597,0.060112479329109195,0.0,0.06928274780511856,0.0,0.26756757497787476
7412,0.004911138769239187,0.018367977067828178,0.020879852026700972,0.06131892949342728,0.0,0.06927695125341415,0.0,0.2675620913505554
7413,0.004944376274943351,0.017722315341234206,0.022452053055167197,0.061676918715238574,0.0,0.0692676454782486,0.0,0.2675579786300659
7414,0.0051851080730557445,0.018202684074640273,0.022348424047231676,0.06207876428961754,0.0,0.0692644864320755,0.0,0.2675528824329376
7415,0.0051612029783427715,0.017981423810124398,0.02114258036017418,0.061410588771104814,0.0,0.06926798075437546,0.0,0.26754996180534363
7416,0.005060715787112713,0.01726782787591219,0.020924456417560577,0.06159976273775101,0.0,0.06926889717578888,0.0,0.267548143863678
7417,0.005420683324337006,0.0183051235973835,0.021855801716446875,0.06239394247531891,0.0,0.06926881521940231,0.0,0.2675510048866272
7418,0.005112459603697062,0.01834723576903343,0.022714977338910102,0.06347216665744781,0.0,0.06927452981472015,0.0,0.2675551772117615
7419,0.005088546127080917,0.018108706548810007,0.021599121019244195,0.059412877261638644,0.0,0.06928010284900665,0.0,0.2675599157810211
7420,0.005071765836328268,0.018173082545399667,0.022796183452010156,0.06408646032214164,0.0,0.0692829042673111,0.0,0.2675655484199524
7421,0.005068288324400783,0.017891258746385575,0.02229686751961708,0.05975826159119606,0.0,0.06928803026676178,0.0,0.2675699293613434
7422,0.005319483857601881,0.01749461330473423,0.021053338050842287,0.060807641595602036,0.0,0.06929817795753479,0.0,0.26757270097732544
7423,0.005041675176471472,0.019442693516612052,0.021699388697743415,0.06003772765398026,0.0,0.0693068727850914,0.0,0.2675745189189911
7424,0.00546407476067543,0.017555974423885345,0.022091614827513695,0.06309761628508567,0.0,0.06931412220001221,0.0,0.26757413148880005
7425,0.005151391960680485,0.01788940653204918,0.019539503380656242,0.0606120765209198,0.0,0.0693247839808464,0.0,0.2675725519657135
7426,0.005037297867238522,0.017412804625928403,0.022130676731467246,0.062455564737319946,0.0,0.06933405995368958,0.0,0.2675684094429016
7427,0.005297559313476086,0.01715192347764969,0.02207633703947067,0.0599600188434124,0.0,0.06934456527233124,0.0,0.26756465435028076
7428,0.005261808354407549,0.018085356429219247,0.021525024622678756,0.06053828597068787,0.0,0.06935278326272964,0.0,0.267559289932251
7429,0.005231546610593796,0.018675145134329794,0.020896816998720168,0.058964436501264574,0.0,0.06935849785804749,0.0,0.2675556540489197
7430,0.005153378751128912,0.0185518778860569,0.02227960117161274,0.06389978677034377,0.0,0.06935900449752808,0.0,0.2675532102584839
7431,0.005365092027932406,0.01749766170978546,0.021800677850842477,0.06129777505993843,0.0,0.069356270134449,0.0,0.26754918694496155
7432,0.005334463994950056,0.017213115096092226,0.022760539874434473,0.059742517024278644,0.0,0.06935128569602966,0.0,0.2675480246543884
7433,0.005094244331121445,0.01816262900829315,0.021863050386309625,0.06162048876285553,0.0,0.06934380531311035,0.0,0.26754647493362427
7434,0.00537460595369339,0.01815054640173912,0.022146081179380418,0.06438994705677033,0.0,0.06933362036943436,0.0,0.2675453722476959
7435,0.005423597432672978,0.01664343662559986,0.020843104273080826,0.0591615729033947,0.0,0.06933031976222992,0.0,0.2675437927246094
7436,0.0051446594297885895,0.018271012231707573,0.02258955277502537,0.062335655093193054,0.0,0.06932695209980011,0.0,0.2675434947013855
7437,0.004971605539321899,0.01872098594903946,0.02329995296895504,0.06168060451745987,0.0,0.06932304799556732,0.0,0.26754388213157654
7438,0.005223593674600124,0.01757754199206829,0.02191977798938751,0.06202101558446884,0.0,0.0693182423710823,0.0,0.2675425410270691
7439,0.00520358644425869,0.01889747940003872,0.021038125827908517,0.0637928381562233,0.0,0.06931258738040924,0.0,0.26754093170166016
7440,0.004991878475993872,0.019516544044017793,0.020173151418566702,0.0644263707101345,0.0,0.06930715590715408,0.0,0.26753920316696167
7441,0.005118329171091318,0.017918876931071283,0.022524822130799295,0.0602737806737423,0.0,0.06930450350046158,0.0,0.26753485202789307
7442,0.004866555705666542,0.01884438470005989,0.02252039834856987,0.0606153167784214,0.0,0.06930077821016312,0.0,0.267530232667923
7443,0.005226825270801783,0.01712995059788227,0.022326068207621574,0.06385708227753639,0.0,0.06930266320705414,0.0,0.2675248682498932
7444,0.005292331986129284,0.018382905423641203,0.020830592140555382,0.06357363909482956,0.0,0.06930162012577057,0.0,0.2675188183784485
7445,0.004999118018895387,0.017829689383506774,0.02057870514690876,0.061074777692556384,0.0,0.06930498778820038,0.0,0.2675134539604187
7446,0.005346373468637466,0.01666047014296055,0.020149047300219537,0.0619319811463356,0.0,0.069307342171669,0.0,0.26750925183296204
7447,0.005231399647891521,0.01847250610589981,0.020241476222872735,0.06649403870105744,0.0,0.06930307298898697,0.0,0.26750844717025757
7448,0.005003515724092722,0.017708710208535195,0.022289180010557175,0.06042704805731773,0.0,0.06930278241634369,0.0,0.2675081789493561
7449,0.0054185611195862295,0.017325647920370103,0.02317042276263237,0.06398125737905502,0.0,0.0693032369017601,0.0,0.2675073742866516
7450,0.004945486504584551,0.019238227978348732,0.022053104266524313,0.06209918782114983,0.0,0.06930039823055267,0.0,0.2675081193447113
7451,0.005457381159067154,0.017618415504693986,0.022196704894304274,0.061854217946529386,0.0,0.06929675489664078,0.0,0.26750996708869934
7452,0.004966065660119057,0.017629038915038107,0.022480861470103263,0.05663247331976891,0.0,0.06928984820842743,0.0,0.2675120532512665
7453,0.005149549711495638,0.01823781579732895,0.021519517153501512,0.06040927097201347,0.0,0.06928382813930511,0.0,0.26751428842544556
7454,0.005255774222314357,0.018105189129710198,0.021585651114583014,0.05954792276024819,0.0,0.06927819550037384,0.0,0.26751452684402466
7455,0.005064598098397255,0.018650484457612037,0.022072548419237135,0.06287180110812188,0.0,0.06927210092544556,0.0,0.2675134539604187
7456,0.004863295052200556,0.01761288642883301,0.022116047516465186,0.06199226006865501,0.0,0.06926444172859192,0.0,0.2675122916698456
7457,0.005289084836840629,0.017854950577020644,0.02267087996006012,0.06005457565188408,0.0,0.06925950199365616,0.0,0.2675098776817322
7458,0.005300060473382473,0.01796284057199955,0.020144522935152055,0.062032653391361235,0.0,0.0692543238401413,0.0,0.26750651001930237
7459,0.0049830153584480286,0.018226706981658937,0.021723958477377892,0.061996108293533324,0.0,0.06924915313720703,0.0,0.26750150322914124
7460,0.005036936607211828,0.016851355880498887,0.023277828842401503,0.060623794049024585,0.0,0.06924702972173691,0.0,0.26749542355537415
7461,0.005254907719790936,0.01823478750884533,0.02082086130976677,0.05733061358332634,0.0,0.0692405253648758,0.0,0.26749101281166077
7462,0.005495142377912998,0.017270275577902793,0.02377805523574352,0.06520876437425613,0.0,0.06923602521419525,0.0,0.2674875855445862
7463,0.005082727316766978,0.01745712123811245,0.022744328528642655,0.06302167624235153,0.0,0.06923358887434006,0.0,0.26748421788215637
7464,0.005075287818908691,0.01874861866235733,0.022415216267108917,0.06525799855589867,0.0,0.06923200190067291,0.0,0.26748210191726685
7465,0.005193626414984465,0.01771378181874752,0.02290029115974903,0.0629872925579548,0.0,0.06922616064548492,0.0,0.2674787938594818
7466,0.0051875033415853975,0.018329576402902604,0.024308645352721214,0.06305464208126069,0.0,0.0692204087972641,0.0,0.26747599244117737
7467,0.0050401556305587295,0.018655787408351897,0.021821223944425584,0.06270332932472229,0.0,0.06921621412038803,0.0,0.26747554540634155
7468,0.005106429383158684,0.018065106123685837,0.021977241337299346,0.05949765741825104,0.0,0.06920690834522247,0.0,0.267473965883255
7469,0.005133260320872068,0.018605484813451766,0.021888674423098563,0.058972486108541486,0.0,0.06919350475072861,0.0,0.2674730122089386
7470,0.004802535567432642,0.018281401693820955,0.021058894321322442,0.06564250886440277,0.0,0.0691802129149437,0.0,0.26747220754623413
7471,0.00503171905875206,0.018598267063498496,0.022007668018341066,0.06438457369804382,0.0,0.06917367875576019,0.0,0.2674696445465088
7472,0.0054498094134032725,0.01843089647591114,0.020584731921553613,0.05923505499958992,0.0,0.06917254626750946,0.0,0.2674662470817566
7473,0.0049354851245880125,0.018679728731513023,0.022439664229750633,0.06358868405222892,0.0,0.06916873157024384,0.0,0.26746445894241333
7474,0.004975484870374203,0.01785503588616848,0.022491532564163207,0.06020878851413727,0.0,0.06916545331478119,0.0,0.2674620747566223
7475,0.005140187311917543,0.017922338284552097,0.021548013389110564,0.05971488654613495,0.0,0.06916482001543045,0.0,0.2674609422683716
7476,0.005074225552380085,0.017893732711672782,0.02254338711500168,0.06437201052904129,0.0,0.06916916370391846,0.0,0.26745879650115967
7477,0.005155612993985414,0.01717468798160553,0.02061072513461113,0.0643612027168274,0.0,0.06917272508144379,0.0,0.2674573063850403
7478,0.005179855413734913,0.018201345205307008,0.02357177883386612,0.06203957572579384,0.0,0.06917731463909149,0.0,0.26745694875717163
7479,0.005094017181545496,0.01792099140584469,0.020469298213720323,0.06264619082212448,0.0,0.0691848173737526,0.0,0.26745572686195374
7480,0.005067745968699455,0.018361514806747435,0.021067100763320922,0.06434753760695458,0.0,0.069185771048069,0.0,0.26745346188545227
7481,0.005709635280072689,0.017945096269249915,0.02178707830607891,0.06275179982185364,0.0,0.06918957829475403,0.0,0.26745370030403137
7482,0.005309794750064612,0.01785685233771801,0.02135739363729954,0.06344093531370162,0.0,0.06919127702713013,0.0,0.2674543261528015
7483,0.0050949686206877235,0.017887791991233824,0.021848179027438165,0.06975711435079575,0.0,0.0691908746957779,0.0,0.2674548029899597
7484,0.004826908372342587,0.017787525430321693,0.02132696583867073,0.06092561930418015,0.0,0.06919028609991074,0.0,0.2674552798271179
7485,0.0051305917091667656,0.01821967400610447,0.020114612206816672,0.06243526563048363,0.0,0.06918834149837494,0.0,0.26745426654815674
7486,0.0052139637991786,0.017606057226657867,0.02348087914288044,0.06061523482203483,0.0,0.06918775290250778,0.0,0.2674512267112732
7487,0.00487316744402051,0.018187252059578895,0.021855162084102632,0.061091385781764984,0.0,0.06918783485889435,0.0,0.2674465477466583
7488,0.004891453590244055,0.0190998375415802,0.023843350261449812,0.06003105342388153,0.0,0.06918507814407349,0.0,0.26744216680526733
7489,0.005099206604063511,0.019093698635697366,0.022698315605521203,0.06211313605308533,0.0,0.06917958706617355,0.0,0.26743558049201965
7490,0.005166539270430803,0.018203209340572356,0.02143961451947689,0.05820617601275444,0.0,0.06917168200016022,0.0,0.26743149757385254
7491,0.005318053718656302,0.018469393625855444,0.02260555624961853,0.06554266661405564,0.0,0.06916050612926483,0.0,0.26742950081825256
7492,0.005138762015849352,0.01804148070514202,0.023470529913902284,0.06398444846272469,0.0,0.069149449467659,0.0,0.26742783188819885
7493,0.0049535100348293785,0.018629850819706917,0.022131633013486862,0.05648398473858833,0.0,0.06914114952087402,0.0,0.2674282491207123
7494,0.005478730611503124,0.018304867297410966,0.021578630805015563,0.060710927844047545,0.0,0.06913324445486069,0.0,0.2674288749694824
7495,0.005547303799539804,0.018460244312882422,0.021217460557818413,0.0589294470846653,0.0,0.06913027912378311,0.0,0.2674294412136078
7496,0.005094680190086365,0.017574059218168257,0.021947547793388367,0.061394565552473065,0.0,0.06912963092327118,0.0,0.2674320638179779
7497,0.005429465789347887,0.018627460673451425,0.02181815914809704,0.06231582760810852,0.0,0.06912718713283539,0.0,0.2674351930618286
7498,0.005393478088080883,0.018156663700938224,0.022266552969813346,0.06544671952724457,0.0,0.06912078708410263,0.0,0.2674383223056793
7499,0.005481342319399118,0.018376415595412254,0.0229104895144701,0.06262360960245132,0.0,0.06911839544773102,0.0,0.2674395442008972
7500,0.005083562526851893,0.01789208874106407,0.02010713517665863,0.06391778811812401,0.0,0.0691199004650116,0.0,0.26743996143341064
7501,0.005072719417512417,0.018559757992625235,0.02274983786046505,0.06115765869617462,0.0,0.0691201239824295,0.0,0.2674391567707062
7502,0.004831808619201183,0.018403301388025282,0.023143142089247705,0.06476829946041107,0.0,0.06912169605493546,0.0,0.2674383521080017
7503,0.0051632625050842765,0.017689360305666924,0.020444069057703018,0.06187649965286255,0.0,0.06912257522344589,0.0,0.2674349844455719
7504,0.005202856566756964,0.017508234456181528,0.020782189071178438,0.06295312494039536,0.0,0.06912610679864883,0.0,0.26742827892303467
7505,0.005233090650290251,0.017898425459861755,0.020734257996082306,0.06229562163352966,0.0,0.06912728399038315,0.0,0.2674230933189392
7506,0.005128048826009035,0.01849106140434742,0.023774769529700278,0.06054391413927078,0.0,0.06912048906087875,0.0,0.2674192488193512
7507,0.005136265698820352,0.019041210785508154,0.022771042212843894,0.060642585158348083,0.0,0.06912260502576828,0.0,0.2674185633659363
7508,0.005157234333455563,0.017942432314157486,0.021312827244400978,0.06494513005018235,0.0,0.06912623345851898,0.0,0.26741844415664673
7509,0.005537862703204155,0.018405643850564958,0.02300863079726696,0.059429730474948886,0.0,0.06912659108638763,0.0,0.26741790771484375
7510,0.005299471039324999,0.017905843630433082,0.022082656621932983,0.05986980497837067,0.0,0.06912144273519516,0.0,0.26742029190063477
7511,0.005024550762027502,0.018938574939966202,0.022171711549162865,0.06013546884059906,0.0,0.0691179409623146,0.0,0.2674229145050049
7512,0.005463490635156632,0.018702920526266098,0.022649658471345903,0.06017523258924484,0.0,0.06911902129650116,0.0,0.2674262225627899
7513,0.005205705016851425,0.018116775155067443,0.022149204090237618,0.06057568043470383,0.0,0.06912198662757874,0.0,0.26742997765541077
7514,0.00525868097320199,0.01759047880768776,0.021016691252589224,0.06302405893802643,0.0,0.06912542879581451,0.0,0.26743414998054504
7515,0.0055148819461464885,0.01765380837023258,0.02122424878180027,0.058568484336137774,0.0,0.06912672519683838,0.0,0.26743945479393005
7516,0.005070094205439091,0.017439397796988488,0.022082392871379853,0.06395045518875123,0.0,0.06912629306316376,0.0,0.26744458079338074
7517,0.005216538999229669,0.017495980486273766,0.02004850171506405,0.06114317551255226,0.0,0.0691295713186264,0.0,0.2674482464790344
7518,0.005306027922779321,0.01803243700414896,0.02260650135576725,0.060913790762424466,0.0,0.06913049519062042,0.0,0.26745161414146423
7519,0.005398919992148876,0.01748397834599018,0.021164553239941597,0.0585057757794857,0.0,0.06913008540868759,0.0,0.2674524784088135
7520,0.0049832089804112915,0.01789890117943287,0.01995300389826298,0.06263645142316818,0.0,0.0691298171877861,0.0,0.2674534320831299
7521,0.0052037981338799,0.01846543252468109,0.02083200067281723,0.0629173457622528,0.0,0.06912746280431747,0.0,0.2674550414085388
7522,0.00546124130487442,0.018338191136717797,0.022249023243784905,0.06079446747899055,0.0,0.06912258267402649,0.0,0.2674560248851776
7523,0.005398436356335879,0.018701623380184173,0.021068566665053367,0.06488476172089577,0.0,0.06912226229906082,0.0,0.2674572467803955
7524,0.0051043939776718615,0.017632928863167762,0.02055342271924019,0.05945384129881859,0.0,0.06912044435739517,0.0,0.26745814085006714
7525,0.005076669249683618,0.018000654131174087,0.021234660968184473,0.06215815767645836,0.0,0.06911800056695938,0.0,0.2674604058265686
7526,0.005352860689163208,0.01898703947663307,0.022352581098675727,0.060787630081176755,0.0,0.06911910325288773,0.0,0.26746314764022827
7527,0.005258987750858068,0.01738168504089117,0.02207714468240738,0.06372699365019799,0.0,0.06912502646446228,0.0,0.2674652934074402
7528,0.00515051819384098,0.017303964868187905,0.021598536521196365,0.06363559812307358,0.0,0.06912577152252197,0.0,0.2674695551395416
7529,0.005263587739318609,0.016879044845700263,0.021039624884724616,0.060155756771564484,0.0,0.06912927329540253,0.0,0.26747140288352966
7530,0.005018256790935993,0.018289460986852645,0.02447553500533104,0.06374039873480797,0.0,0.06913356482982635,0.0,0.26747289299964905
7531,0.005310205835849046,0.0178133562207222,0.0207905113697052,0.06387295499444008,0.0,0.06913883984088898,0.0,0.26747435331344604
7532,0.005667426344007254,0.01887921430170536,0.023261630162596702,0.06134013310074806,0.0,0.06914917379617691,0.0,0.2674742341041565
7533,0.005310441181063652,0.017770416289567947,0.021311518922448158,0.06199736446142197,0.0,0.0691600814461708,0.0,0.2674747109413147
7534,0.005508296005427837,0.01803015675395727,0.020637889951467515,0.06260696947574615,0.0,0.06917409598827362,0.0,0.26747575402259827
7535,0.0052695865742862225,0.01764211505651474,0.022777802869677545,0.05920827686786652,0.0,0.0691923052072525,0.0,0.2674780488014221
7536,0.005245909187942743,0.01855722814798355,0.02270142249763012,0.06293660551309585,0.0,0.06920891255140305,0.0,0.26747947931289673
7537,0.00496350722387433,0.018526645749807356,0.02065533958375454,0.05738545581698418,0.0,0.0692291110754013,0.0,0.2674815058708191
7538,0.005498749017715454,0.0183610487729311,0.021803393587470056,0.060144586861133574,0.0,0.06924580782651901,0.0,0.26748499274253845
7539,0.00484752357006073,0.01875282861292362,0.02388915717601776,0.06331258565187455,0.0,0.06926514953374863,0.0,0.26748770475387573
7540,0.005381388310343027,0.018744061514735223,0.022242194041609764,0.06142374873161316,0.0,0.06927762925624847,0.0,0.2674886882305145
7541,0.0053933804854750635,0.017491719126701354,0.022955170646309853,0.06191082075238228,0.0,0.0692952498793602,0.0,0.26749029755592346
7542,0.00492496294900775,0.017977744713425635,0.023940038681030274,0.057606739550828935,0.0,0.0693102478981018,0.0,0.267490416765213
7543,0.0051993529312312605,0.018491213396191596,0.022031090781092645,0.058908871561288836,0.0,0.06932806968688965,0.0,0.2674911618232727
7544,0.004870773665606976,0.0182234201580286,0.021237409114837645,0.059207836538553237,0.0,0.06934092938899994,0.0,0.26749205589294434
7545,0.005108743533492088,0.018148982152342796,0.02311154529452324,0.061256570369005205,0.0,0.06935660541057587,0.0,0.2674937844276428
7546,0.005464778747409582,0.01839321106672287,0.01999586969614029,0.0586664654314518,0.0,0.06936822086572647,0.0,0.26749399304389954
7547,0.004993641097098589,0.01682397220283747,0.020063283666968346,0.060758843272924426,0.0,0.06937433034181595,0.0,0.26749375462532043
7548,0.005141301080584526,0.0190602358430624,0.022496552765369417,0.06101498678326607,0.0,0.06937946379184723,0.0,0.2674948275089264
7549,0.005276648886501789,0.017248155549168587,0.020083077624440192,0.0641905926167965,0.0,0.06938423216342926,0.0,0.2674950361251831
7550,0.005496129766106606,0.01803201884031296,0.022258201241493226,0.05900159254670143,0.0,0.06939112395048141,0.0,0.267495334148407
7551,0.005313798133283853,0.01819712109863758,0.019693584367632865,0.058881697803735734,0.0,0.06939826905727386,0.0,0.2674926817417145
7552,0.00493883416056633,0.01716335825622082,0.022361976280808448,0.06491532623767853,0.0,0.0694054365158081,0.0,0.26748982071876526
7553,0.005258344300091267,0.017957889288663865,0.021569664031267165,0.06691482216119767,0.0,0.06941015273332596,0.0,0.2674844264984131
7554,0.005193671397864819,0.018485280498862267,0.020915796980261803,0.06512431874871254,0.0,0.0694175511598587,0.0,0.2674776017665863
7555,0.005134794116020203,0.018023258820176125,0.02213680259883404,0.06164503544569015,0.0,0.06942430138587952,0.0,0.2674720883369446
7556,0.005088583938777447,0.017965816520154478,0.02165483683347702,0.061155623942613604,0.0,0.06943242251873016,0.0,0.26746928691864014
7557,0.004809351963922381,0.01905594803392887,0.022704276815056802,0.06052940189838409,0.0,0.06943817436695099,0.0,0.2674669325351715
7558,0.005003038421273231,0.018606652691960334,0.021150028705596922,0.059635675698518756,0.0,0.0694507360458374,0.0,0.2674654424190521
7559,0.005187512282282114,0.01800915040075779,0.021551553159952164,0.05844021886587143,0.0,0.06945991516113281,0.0,0.26746612787246704
7560,0.005115764401853085,0.01717412583529949,0.022824016585946082,0.05632006376981735,0.0,0.06946451961994171,0.0,0.2674682140350342
7561,0.00530809611082077,0.01869117617607117,0.022232158854603768,0.06302697956562042,0.0,0.06947152316570282,0.0,0.2674711048603058
7562,0.004992141574621201,0.017735492065548898,0.021081189438700677,0.0588213674724102,0.0,0.06948024034500122,0.0,0.2674751877784729
7563,0.005189355649054051,0.01718988046050072,0.02495775409042835,0.06001279875636101,0.0,0.06948752701282501,0.0,0.26747748255729675
7564,0.005444385204464197,0.018465480580925942,0.02287365272641182,0.059491398930549624,0.0,0.06949426978826523,0.0,0.2674788534641266
7565,0.005117374658584595,0.018405031785368918,0.023672074452042578,0.060582611709833145,0.0,0.06950012594461441,0.0,0.2674805819988251
7566,0.005011079460382461,0.01834380589425564,0.022626879066228865,0.06675576791167259,0.0,0.06950497627258301,0.0,0.26748430728912354
7567,0.005305938422679901,0.017607014626264572,0.01969325989484787,0.06008048430085182,0.0,0.06950945407152176,0.0,0.2674873173236847
7568,0.005147962272167206,0.01862586587667465,0.02071329653263092,0.06380167976021767,0.0,0.06951644271612167,0.0,0.26749134063720703
7569,0.004848383739590645,0.018793654441833497,0.02256796173751354,0.059617115557193755,0.0,0.06951887160539627,0.0,0.2674943804740906
7570,0.004933447483927012,0.017935314029455186,0.02363543212413788,0.06554932668805122,0.0,0.06952516734600067,0.0,0.2674981653690338
7571,0.005469255521893502,0.01799379587173462,0.020822691544890404,0.05858005806803703,0.0,0.0695306807756424,0.0,0.26750263571739197
7572,0.005102230794727802,0.01759308874607086,0.02281246818602085,0.058933849632740024,0.0,0.06953679025173187,0.0,0.26750653982162476
7573,0.005325830075889826,0.017037393152713777,0.021111704781651495,0.062204756587743756,0.0,0.06953521817922592,0.0,0.2675100862979889
7574,0.005024823546409607,0.01796627826988697,0.02002725675702095,0.059711911529302594,0.0,0.06953485310077667,0.0,0.2675113081932068
7575,0.004983524326235056,0.018409497663378717,0.02061525397002697,0.06413856670260429,0.0,0.06952990591526031,0.0,0.26751068234443665
7576,0.004950205516070128,0.01833077594637871,0.01982708089053631,0.06367831602692604,0.0,0.06952852755784988,0.0,0.26751023530960083
7577,0.00501807751134038,0.01749260388314724,0.020303361117839813,0.05976449102163315,0.0,0.06952528655529022,0.0,0.2675068974494934
7578,0.005118566751480103,0.01736329384148121,0.021353351697325707,0.06146171912550926,0.0,0.06952216476202011,0.0,0.2675028443336487
7579,0.005449191015213728,0.018039332702755928,0.02151370570063591,0.06344145685434341,0.0,0.06951823830604553,0.0,0.26750022172927856
7580,0.004932957515120506,0.017776339128613473,0.021714551001787187,0.06213818565011024,0.0,0.06951309740543365,0.0,0.2674980163574219
7581,0.005173524562269449,0.017673635855317116,0.022227930277585982,0.06422300711274147,0.0,0.06950192898511887,0.0,0.2674959599971771
7582,0.0053937300108373165,0.01839768961071968,0.0221785806119442,0.06253929585218429,0.0,0.06949444115161896,0.0,0.26749420166015625
7583,0.00513808117248118,0.018179740756750107,0.023110389709472656,0.06085806861519814,0.0,0.06948546320199966,0.0,0.26749441027641296
7584,0.005462068598717451,0.018144910410046577,0.020556478574872018,0.05997631177306175,0.0,0.06947798281908035,0.0,0.267495334148407
7585,0.0049492654390633104,0.01786669120192528,0.02271075136959553,0.06344636976718902,0.0,0.06947408616542816,0.0,0.2674959599971771
7586,0.005059068836271763,0.01805511340498924,0.02090488709509373,0.0600575752556324,0.0,0.06946742534637451,0.0,0.2674974501132965
7587,0.005403666291385889,0.01842435449361801,0.02110354006290436,0.06082305982708931,0.0,0.06946194171905518,0.0,0.26749759912490845
7588,0.0050223696045577524,0.01732759140431881,0.022251826897263526,0.0647328481078148,0.0,0.06945748627185822,0.0,0.2674972712993622
7589,0.005264238175004721,0.01847854033112526,0.020994187518954276,0.06080746576189995,0.0,0.06945015490055084,0.0,0.26749616861343384
7590,0.0053122094832360744,0.016975066065788268,0.020697879791259765,0.06403260678052902,0.0,0.06944572925567627,0.0,0.26749318838119507
7591,0.004993681330233812,0.01782573275268078,0.022120128944516183,0.06036599725484848,0.0,0.06943736970424652,0.0,0.2674921154975891
7592,0.0053319518454372885,0.017268047481775285,0.0202918216586113,0.06331232190132141,0.0,0.06942961364984512,0.0,0.2674911916255951
7593,0.005347013846039772,0.01744057647883892,0.02018427774310112,0.06163979321718216,0.0,0.06942029297351837,0.0,0.26748961210250854
7594,0.005178474541753531,0.01837641727179289,0.022257276624441148,0.06391426250338554,0.0,0.06941010057926178,0.0,0.2674905061721802
7595,0.005155105609446764,0.01927700974047184,0.02148471511900425,0.0649154745042324,0.0,0.06939870864152908,0.0,0.26748961210250854
7596,0.005607541929930448,0.017019818909466265,0.021092811971902846,0.06009597778320312,0.0,0.06938725709915161,0.0,0.26748767495155334
7597,0.005218782089650631,0.018279317021369933,0.021971895918250085,0.06038650870323181,0.0,0.0693737119436264,0.0,0.2674853801727295
7598,0.005103427637368441,0.0180293757468462,0.020705898851156236,0.06164767667651176,0.0,0.06936386227607727,0.0,0.26748383045196533
7599,0.005204204842448235,0.018043715879321097,0.021559258177876472,0.05977911129593849,0.0,0.06935728341341019,0.0,0.2674811780452728
7600,0.005185054522007704,0.01811498627066612,0.02311066649854183,0.06128453984856606,0.0,0.06934932619333267,0.0,0.26747825741767883
7601,0.005349469278007746,0.018270865827798844,0.020792502909898758,0.06262113228440284,0.0,0.06934186071157455,0.0,0.26747408509254456
7602,0.005354859121143818,0.01901949942111969,0.02193845361471176,0.06175839751958847,0.0,0.06933237612247467,0.0,0.26747289299964905
7603,0.005194697994738817,0.019141731783747673,0.02384897880256176,0.05978524535894394,0.0,0.06932451575994492,0.0,0.26747193932533264
7604,0.004978527687489987,0.01799878813326359,0.024425866827368737,0.06331727802753448,0.0,0.06931604444980621,0.0,0.26746946573257446
7605,0.004753667768090964,0.0182040449231863,0.022577740997076035,0.06502665430307389,0.0,0.06930425018072128,0.0,0.2674674987792969
7606,0.005275861453264951,0.017871219664812088,0.023680645599961282,0.06111007109284401,0.0,0.06929302960634232,0.0,0.26746702194213867
7607,0.005265039764344693,0.01838661041110754,0.022095173224806787,0.05945078879594803,0.0,0.06928697228431702,0.0,0.26746731996536255
7608,0.00502468403428793,0.018204882368445398,0.02069118954241276,0.06731821894645691,0.0,0.06927991658449173,0.0,0.26746872067451477
7609,0.005294125899672509,0.018245208635926248,0.021391915529966353,0.06085507422685623,0.0,0.0692722350358963,0.0,0.2674713134765625
7610,0.005417665652930737,0.018542312458157538,0.02233148701488972,0.06079893335700035,0.0,0.06926377862691879,0.0,0.26747289299964905
7611,0.005452183820307255,0.018575657159090042,0.021525756269693375,0.06078577935695648,0.0,0.0692605972290039,0.0,0.26747286319732666
7612,0.004981229361146688,0.018339037522673608,0.019802499562501907,0.06385699659585953,0.0,0.06926210969686508,0.0,0.26747238636016846
7613,0.0052967297844588755,0.01782195530831814,0.022130779176950454,0.06256757527589799,0.0,0.06926257163286209,0.0,0.26747310161590576
7614,0.005383889935910702,0.018389649316668512,0.02051130458712578,0.059940943866968154,0.0,0.06926453113555908,0.0,0.26747405529022217
7615,0.0052463055588305,0.0174992298707366,0.02070782780647278,0.06364782825112343,0.0,0.06926485896110535,0.0,0.2674747705459595
7616,0.005389897618442774,0.017963884770870207,0.02335740067064762,0.06176184415817261,0.0,0.06926451623439789,0.0,0.2674769163131714
7617,0.004963640030473471,0.018368425592780114,0.02348320633172989,0.05993654578924179,0.0,0.06927250325679779,0.0,0.2674809992313385
7618,0.005464398488402367,0.019252203404903412,0.021322663128376006,0.062234585732221605,0.0,0.06927937269210815,0.0,0.267485111951828
7619,0.005227952171117068,0.017803705111145974,0.021277500316500664,0.06027427986264229,0.0,0.06928899884223938,0.0,0.26749104261398315
7620,0.004941626917570829,0.017552534677088262,0.02284926883876324,0.061647971719503404,0.0,0.06929363310337067,0.0,0.2674969732761383
7621,0.005214740987867117,0.018750938400626183,0.021757228672504424,0.05895701572299004,0.0,0.0692959874868393,0.0,0.2675023078918457
7622,0.0052757816389203075,0.017678700014948846,0.02263125516474247,0.05955401286482811,0.0,0.06930176168680191,0.0,0.26750507950782776
7623,0.005153355561196804,0.0179990716278553,0.021886339783668517,0.0661297731101513,0.0,0.06930573284626007,0.0,0.26750606298446655
7624,0.004998077172785997,0.01783377639949322,0.022391824424266814,0.05823502242565155,0.0,0.06930916011333466,0.0,0.2675052285194397
7625,0.005140835978090763,0.01764242723584175,0.020951364189386368,0.06447535753250122,0.0,0.06930940598249435,0.0,0.26750239729881287
7626,0.004880991298705339,0.018667017668485643,0.021083727478981018,0.05818940550088882,0.0,0.06930815428495407,0.0,0.2675001621246338
7627,0.004909154120832681,0.017965082824230195,0.022253334522247314,0.05759949684143066,0.0,0.0693037360906601,0.0,0.26749664545059204
7628,0.00528177572414279,0.01876300759613514,0.021184002235531806,0.06490470916032791,0.0,0.06929973512887955,0.0,0.26749417185783386
7629,0.005310092959553004,0.01711726300418377,0.02203378975391388,0.05991676896810531,0.0,0.06930134445428848,0.0,0.26749277114868164
7630,0.005558193940669298,0.01808892600238323,0.022981323674321173,0.05899618789553642,0.0,0.0693034678697586,0.0,0.2674946188926697
7631,0.005511848069727421,0.018275096267461776,0.023216696828603743,0.061269504576921464,0.0,0.06930691003799438,0.0,0.2674961984157562
7632,0.005521653313189745,0.017989978566765784,0.020952150225639343,0.062255746126174925,0.0,0.06931796669960022,0.0,0.26749736070632935
7633,0.005149182956665754,0.018360111489892007,0.022484557703137398,0.06496827378869056,0.0,0.06933323293924332,0.0,0.2674952447414398
7634,0.005105549655854702,0.01703399680554867,0.020798003673553465,0.06240865290164947,0.0,0.06934509426355362,0.0,0.2674930691719055
7635,0.005248678382486105,0.018131690844893456,0.021128017082810403,0.06313406080007553,0.0,0.06935542076826096,0.0,0.26749178767204285
7636,0.005312944203615189,0.017953699827194212,0.02246004231274128,0.06137867122888565,0.0,0.06936030089855194,0.0,0.26748889684677124
7637,0.005077289137989283,0.018553409725427628,0.022110861167311667,0.06194198951125145,0.0,0.06936841458082199,0.0,0.2674838900566101
7638,0.0054390644654631615,0.01915139891207218,0.021691449359059332,0.06610768586397171,0.0,0.0693763792514801,0.0,0.2674790024757385
7639,0.00514882942661643,0.01875869818031788,0.023271622136235237,0.06175386011600494,0.0,0.06938399374485016,0.0,0.2674756348133087
7640,0.005211842339485883,0.018050671368837357,0.02140650190412998,0.06356925666332244,0.0,0.06939546763896942,0.0,0.2674708068370819
7641,0.005148108117282391,0.01843635067343712,0.024057240039110184,0.06688816845417023,0.0,0.06940947473049164,0.0,0.2674671709537506
7642,0.005201843101531267,0.017132515832781792,0.021124681830406188,0.06206706836819649,0.0,0.06942704319953918,0.0,0.2674644887447357
7643,0.005266390182077885,0.017796462029218675,0.023065374046564103,0.060907337069511416,0.0,0.06944315135478973,0.0,0.2674638032913208
7644,0.005025580432265997,0.01778702288866043,0.02207283489406109,0.061251600831747056,0.0,0.06946392357349396,0.0,0.26746290922164917
7645,0.005229149386286736,0.01773974299430847,0.02186114005744457,0.06690393015742302,0.0,0.06948505342006683,0.0,0.2674633860588074
7646,0.005134911835193634,0.017585499957203866,0.021437186747789383,0.060684502869844434,0.0,0.06950648874044418,0.0,0.26746466755867004
7647,0.004976969677954912,0.017515498399734496,0.020670166611671446,0.06385786160826683,0.0,0.06952057033777237,0.0,0.2674674391746521
7648,0.005205009877681732,0.018190471455454826,0.022645671665668488,0.062463318556547166,0.0,0.06953064352273941,0.0,0.26746970415115356
7649,0.004937693383544684,0.01737615801393986,0.021747800707817077,0.061560438573360445,0.0,0.06953433156013489,0.0,0.26747411489486694
7650,0.005219200626015663,0.01807866431772709,0.02279023975133896,0.0636348731815815,0.0,0.06953827291727066,0.0,0.26748138666152954
7651,0.005180899426341057,0.01797795630991459,0.020868708938360216,0.059455860406160355,0.0,0.06953775137662888,0.0,0.2674887478351593
7652,0.005151826795190573,0.017172782123088835,0.02135024406015873,0.06296297758817673,0.0,0.06954047828912735,0.0,0.2674944996833801
7653,0.005206153355538845,0.018526947125792503,0.021138614788651467,0.06289908215403557,0.0,0.06954117864370346,0.0,0.2674989402294159
7654,0.005044733546674252,0.01841878369450569,0.021676072850823402,0.062417179346084595,0.0,0.06954141706228256,0.0,0.2675029933452606
7655,0.005098736099898815,0.01807500310242176,0.02061944529414177,0.06510747373104095,0.0,0.06954202800989151,0.0,0.2675071954727173
7656,0.004896795842796564,0.017876198515295982,0.021360943093895912,0.06215792596340179,0.0,0.0695435181260109,0.0,0.2675095200538635
7657,0.00528128445148468,0.01782078482210636,0.02133989371359348,0.05968486741185188,0.0,0.0695437639951706,0.0,0.2675093412399292
7658,0.0053592645563185215,0.017573662102222443,0.022289298847317694,0.059617429971694946,0.0,0.0695461705327034,0.0,0.26751047372817993
7659,0.004847797658294439,0.017131169512867927,0.02079928107559681,0.06213528290390968,0.0,0.06954991072416306,0.0,0.2675108313560486
7660,0.00530401561409235,0.017582879960536958,0.021809735521674155,0.05885690674185753,0.0,0.06955234706401825,0.0,0.26751261949539185
7661,0.004850832093507051,0.017894544824957847,0.02186579443514347,0.05788974910974502,0.0,0.0695490688085556,0.0,0.26751378178596497
7662,0.0048296426422894,0.017995910719037056,0.021486318856477737,0.05989404767751694,0.0,0.06954217702150345,0.0,0.2675146162509918
7663,0.0051043850369751455,0.017684182897210122,0.020843590795993804,0.0633698746562004,0.0,0.06953224539756775,0.0,0.26751628518104553
7664,0.005602911114692688,0.017600618302822113,0.02134627141058445,0.06045530289411545,0.0,0.0695219486951828,0.0,0.2675158977508545
7665,0.005049806274473667,0.017578986287117005,0.0212519109249115,0.06823624074459075,0.0,0.06951376795768738,0.0,0.26751431822776794
7666,0.005040333513170481,0.01894414722919464,0.02216201610863209,0.05954978987574577,0.0,0.06950173527002335,0.0,0.2675120234489441
7667,0.005272257048636675,0.018001293390989305,0.020775708928704263,0.06182693019509315,0.0,0.06949037313461304,0.0,0.26750850677490234
7668,0.005272982269525528,0.01773957274854183,0.02082464024424553,0.06169586777687073,0.0,0.06947975605726242,0.0,0.2675051689147949
7669,0.005116230249404908,0.018656819686293603,0.02147141546010971,0.06508574187755585,0.0,0.06947140395641327,0.0,0.26750245690345764
7670,0.005062089953571558,0.018191906809806823,0.020724228397011758,0.06332191601395606,0.0,0.0694664865732193,0.0,0.26749855279922485
7671,0.0053058058023452755,0.017810865864157678,0.019433392956852914,0.05991701111197471,0.0,0.0694635733962059,0.0,0.2674953043460846
7672,0.005516863521188497,0.018004567921161653,0.022617121413350105,0.0571384072303772,0.0,0.06946252286434174,0.0,0.26749151945114136
7673,0.0049348995089530945,0.017562394216656684,0.02048564366996288,0.06378254070878028,0.0,0.06946040689945221,0.0,0.2674886882305145
7674,0.004932834953069687,0.018524358794093133,0.021460020169615745,0.05917060226202011,0.0,0.0694585070014,0.0,0.267487108707428
7675,0.005075859092175961,0.018390818685293197,0.019261634349822997,0.05938438102602959,0.0,0.06945433467626572,0.0,0.2674863934516907
7676,0.005344708822667599,0.0183208666741848,0.022819222882390022,0.06407289206981659,0.0,0.06944627314805984,0.0,0.26748818159103394
7677,0.0054206945933401585,0.018208792433142662,0.019995057210326194,0.05853914245963097,0.0,0.06944181025028229,0.0,0.267493337392807
7678,0.004999189730733633,0.01901245266199112,0.021263306960463524,0.06101274713873863,0.0,0.06943643093109131,0.0,0.26749706268310547
7679,0.005041126813739538,0.01758415363729,0.023690706118941307,0.05835780426859856,0.0,0.069426991045475,0.0,0.2675012946128845
7680,0.005102728214114905,0.017803410068154335,0.020740851759910583,0.05583219602704048,0.0,0.06941722333431244,0.0,0.26750612258911133
7681,0.005262179486453533,0.017661375179886817,0.020027949288487435,0.06050288379192352,0.0,0.06940809637308121,0.0,0.2675118148326874
7682,0.005343508813530207,0.018303972855210304,0.02149259075522423,0.06449011042714119,0.0,0.06939759850502014,0.0,0.26751580834388733
7683,0.005256223119795322,0.017667981050908565,0.0216545894742012,0.061089185625314714,0.0,0.06938930600881577,0.0,0.26751708984375
7684,0.005114606767892838,0.017914469167590142,0.021729213744401933,0.06134163737297058,0.0,0.06938520818948746,0.0,0.2675182819366455
7685,0.005248496681451798,0.018099738284945488,0.02197361961007118,0.05917768701910973,0.0,0.06937956809997559,0.0,0.2675172984600067
7686,0.004927348904311657,0.017978036031126975,0.023267791047692298,0.060223158448934555,0.0,0.06937120854854584,0.0,0.2675168216228485
7687,0.005215029697865248,0.017365264892578124,0.022616920992732048,0.06391236260533333,0.0,0.06936763226985931,0.0,0.2675142288208008
7688,0.005333834420889616,0.019250765442848206,0.023398372158408166,0.06315227001905441,0.0,0.06936304271221161,0.0,0.2675127387046814
7689,0.005424714088439942,0.018985684588551523,0.020957910642027854,0.061175639182329176,0.0,0.06937097012996674,0.0,0.2675119936466217
7690,0.005213148240000009,0.01835852786898613,0.023073481023311616,0.06004229560494423,0.0,0.06937834620475769,0.0,0.2675110697746277
7691,0.005229653231799603,0.01828021965920925,0.0213348176330328,0.06127350479364395,0.0,0.0693889856338501,0.0,0.2675113379955292
7692,0.005409756489098072,0.018047856539487837,0.02179669067263603,0.062136054039001465,0.0,0.0693977028131485,0.0,0.2675115466117859
7693,0.004987965524196625,0.01756105199456215,0.023716593533754347,0.06000388190150261,0.0,0.06940563023090363,0.0,0.2675122022628784
7694,0.004928449541330338,0.018405106291174887,0.020527710020542145,0.0631581887602806,0.0,0.0694093257188797,0.0,0.26751208305358887
7695,0.005141920037567615,0.018268789723515512,0.021526269614696503,0.05915156379342079,0.0,0.06941384077072144,0.0,0.26751503348350525
7696,0.005131233669817448,0.017721069604158403,0.02236729860305786,0.059538091719150546,0.0,0.0694151297211647,0.0,0.2675178647041321
7697,0.005180916283279657,0.01722315028309822,0.02217690646648407,0.06188889443874359,0.0,0.06941626965999603,0.0,0.26751911640167236
7698,0.005257763434201479,0.017437178641557693,0.020705506950616837,0.06247236952185631,0.0,0.0694141611456871,0.0,0.26751968264579773
7699,0.005076275393366814,0.01777155213057995,0.022904018685221673,0.06436332389712333,0.0,0.06941146403551102,0.0,0.26752057671546936
7700,0.005229828227311373,0.017926055192947387,0.021330712363123894,0.061351819336414336,0.0,0.06941001117229462,0.0,0.26751941442489624
7701,0.0051243390887975694,0.018574576079845428,0.021788529679179193,0.06236891895532608,0.0,0.06940288841724396,0.0,0.2675195634365082
7702,0.0055837657302618025,0.01791350804269314,0.020993636548519136,0.06312229633331298,0.0,0.0693986564874649,0.0,0.2675202488899231
7703,0.005194567050784827,0.018364948406815528,0.021524829789996147,0.06264565736055375,0.0,0.06939219683408737,0.0,0.26752060651779175
7704,0.005096680391579867,0.01771669164299965,0.020689600706100465,0.06259527951478958,0.0,0.06938498467206955,0.0,0.2675200402736664
7705,0.0051852835342288016,0.017560651153326036,0.020360008254647254,0.0645032286643982,0.0,0.06937720626592636,0.0,0.26751938462257385
7706,0.0049577619880437854,0.017971523478627204,0.02095935307443142,0.06431839764118194,0.0,0.06936750560998917,0.0,0.26751595735549927
7707,0.004956681281328201,0.018259764462709428,0.020262283459305763,0.0645197331905365,0.0,0.06935722380876541,0.0,0.26751112937927246
7708,0.005220481846481562,0.0174656230956316,0.022605079039931298,0.06712371706962586,0.0,0.06934525072574615,0.0,0.26750534772872925
7709,0.005124162323772908,0.018194667249917983,0.022653042897582056,0.06209770366549492,0.0,0.06933699548244476,0.0,0.26749950647354126
7710,0.005288008600473404,0.01832061931490898,0.020827599614858628,0.06260437741875649,0.0,0.06932719796895981,0.0,0.26749473810195923
7711,0.004909176845103502,0.017575376480817795,0.0224868543446064,0.06244571581482887,0.0,0.06932123750448227,0.0,0.26749080419540405
7712,0.0052275275811553,0.01765187606215477,0.020124029368162155,0.058400730788707736,0.0,0.06931477040052414,0.0,0.2674884796142578
7713,0.005304434057325125,0.017961114272475244,0.023557399585843086,0.06121870502829552,0.0,0.06931017339229584,0.0,0.2674880623817444
7714,0.005608629807829857,0.018118468672037126,0.02204771861433983,0.05933931842446327,0.0,0.0693102777004242,0.0,0.2674883008003235
7715,0.0049195128493011,0.018633588403463363,0.020280441641807555,0.06671624034643173,0.0,0.06931240111589432,0.0,0.2674883008003235
7716,0.005336396768689156,0.0184132169932127,0.019890007376670838,0.06380761489272117,0.0,0.0693163201212883,0.0,0.2674875259399414
7717,0.005171734653413296,0.018149351328611375,0.021052175760269166,0.05845589190721512,0.0,0.06932192295789719,0.0,0.2674865424633026
7718,0.005322638433426619,0.017661362141370773,0.021452967450022696,0.05971077010035515,0.0,0.06932736933231354,0.0,0.2674843668937683
7719,0.0053448757156729695,0.018321662768721582,0.022661176323890687,0.05998002588748932,0.0,0.06933249533176422,0.0,0.26748126745224
7720,0.00481235533952713,0.017944042384624482,0.022010215744376182,0.06074525937438011,0.0,0.06933422386646271,0.0,0.2674808204174042
7721,0.005014376249164343,0.018401363119482993,0.024255373701453208,0.058894578367471695,0.0,0.06933508813381195,0.0,0.2674783170223236
7722,0.005285010859370232,0.019002506509423256,0.02163929454982281,0.06311242878437043,0.0,0.06933639198541641,0.0,0.26747530698776245
7723,0.005254260171204806,0.017375047132372857,0.02025171257555485,0.06141563281416893,0.0,0.06934039294719696,0.0,0.2674727737903595
7724,0.005494354479014874,0.019156837090849876,0.02140037938952446,0.06449749767780304,0.0,0.06934015452861786,0.0,0.26747018098831177
7725,0.005453203804790974,0.017798500135540962,0.022521645203232764,0.06027989387512207,0.0,0.06934209913015366,0.0,0.26746776700019836
7726,0.004978222493082285,0.018543777987360954,0.02431342229247093,0.061784247308969496,0.0,0.06934193521738052,0.0,0.2674662470817566
7727,0.004933582060039044,0.01780153438448906,0.021491073071956635,0.06240698769688606,0.0,0.06934227049350739,0.0,0.26746636629104614
7728,0.005428318679332733,0.01845271773636341,0.02096417173743248,0.05891461297869682,0.0,0.06934086233377457,0.0,0.26746663451194763
7729,0.005202475283294916,0.018396102264523505,0.021340542286634446,0.06064790487289429,0.0,0.06933917850255966,0.0,0.2674674391746521
7730,0.0053868540562689304,0.018077049776911734,0.021691165491938592,0.06317873150110245,0.0,0.06933868676424026,0.0,0.2674671709537506
7731,0.005235857330262661,0.019072027876973152,0.023881888762116433,0.061915145814418794,0.0,0.06933797895908356,0.0,0.2674662172794342
7732,0.005255970172584057,0.017913082987070082,0.021148727089166642,0.06495803073048592,0.0,0.06934275478124619,0.0,0.2674635052680969
7733,0.0052784688770771025,0.017956727743148805,0.021236876398324965,0.0630846969783306,0.0,0.06934676319360733,0.0,0.26746219396591187
7734,0.0051226172596216205,0.018095878511667253,0.022326990216970443,0.06108761578798294,0.0,0.06935355812311172,0.0,0.26746171712875366
7735,0.005001738481223583,0.018413697928190233,0.021457217633724213,0.06392798945307732,0.0,0.06936325132846832,0.0,0.2674655616283417
7736,0.005145899578928947,0.019063862040638924,0.0205941878259182,0.06301954090595245,0.0,0.06936924159526825,0.0,0.26746922731399536
7737,0.00526440367102623,0.017353646084666254,0.022031768783926965,0.06431774646043778,0.0,0.06937471777200699,0.0,0.26747435331344604
7738,0.005266058072447777,0.01780109405517578,0.021968286111950876,0.06315218806266784,0.0,0.06937728822231293,0.0,0.2674793303012848
7739,0.005181399267166853,0.01736842282116413,0.02185646481812,0.06025005504488945,0.0,0.06937801092863083,0.0,0.26748448610305786
7740,0.005532311741262674,0.018462950363755226,0.021588271483778954,0.05968799069523811,0.0,0.06937622278928757,0.0,0.2674868404865265
7741,0.005185135826468468,0.018213265389204026,0.021864428743720056,0.06431275829672814,0.0,0.06937464326620102,0.0,0.267487496137619
7742,0.005279107205569744,0.018103912845253943,0.020872071012854577,0.0653979793190956,0.0,0.06937723606824875,0.0,0.26748859882354736
7743,0.005361548531800509,0.018420947715640068,0.02355629615485668,0.06139869838953018,0.0,0.06938029825687408,0.0,0.26748842000961304
7744,0.005137718096375465,0.017858150973916055,0.020170827955007554,0.0633602611720562,0.0,0.06937781721353531,0.0,0.26748865842819214
7745,0.0048575886525213715,0.0184683445841074,0.020859913900494576,0.06397872865200042,0.0,0.06937349587678909,0.0,0.26748591661453247
7746,0.004978356789797545,0.01862339936196804,0.021922162920236587,0.06253910213708877,0.0,0.06936854124069214,0.0,0.26748180389404297
7747,0.004875812213867903,0.018288614600896834,0.02306045889854431,0.061216653883457185,0.0,0.06936589628458023,0.0,0.26747748255729675
7748,0.00520043158903718,0.01807961016893387,0.019371885806322098,0.06355875208973885,0.0,0.06936106830835342,0.0,0.2674752175807953
7749,0.005005461350083351,0.01786060594022274,0.021495071798563005,0.06174108758568764,0.0,0.06935793906450272,0.0,0.2674740254878998
7750,0.005258568096905947,0.017865799739956854,0.021013286709785462,0.05875395834445953,0.0,0.06935376673936844,0.0,0.26747649908065796
7751,0.005243754014372826,0.01680157855153084,0.021520085260272027,0.06417994499206543,0.0,0.06935068964958191,0.0,0.2674793004989624
7752,0.0052041980437934395,0.01766209229826927,0.021801834926009178,0.059780819714069365,0.0,0.06934870779514313,0.0,0.267483651638031
7753,0.0049742554314434525,0.017812980338931084,0.021188732236623764,0.05858563855290413,0.0,0.0693468451499939,0.0,0.2674880623817444
7754,0.0050854112952947615,0.017950890213251115,0.02109363302588463,0.06236596554517746,0.0,0.06934495270252228,0.0,0.26749172806739807
7755,0.005378415808081627,0.017684729024767875,0.02193431109189987,0.06237671747803688,0.0,0.06934455782175064,0.0,0.26749399304389954
7756,0.005324509926140308,0.01853199638426304,0.020511812716722488,0.05965953692793846,0.0,0.06934457272291183,0.0,0.2674960494041443
7757,0.004860889352858067,0.01829136796295643,0.019971278309822083,0.0640598013997078,0.0,0.06934677809476852,0.0,0.2674979567527771
7758,0.0048803499899804596,0.017609347775578498,0.021537883952260018,0.05955784916877747,0.0,0.06935025751590729,0.0,0.2674979269504547
7759,0.005322834197431803,0.017926836758852004,0.022519464790821075,0.06373301446437836,0.0,0.06935147196054459,0.0,0.26749998331069946
7760,0.0052224303595721725,0.018042415007948877,0.022682909667491914,0.060488779097795486,0.0,0.0693541020154953,0.0,0.2675042152404785
7761,0.0055199372582137585,0.017305038496851922,0.022598471119999887,0.06054265946149826,0.0,0.0693555623292923,0.0,0.2675076425075531
7762,0.005502621084451676,0.018306578695774078,0.020352540910243987,0.0609845831990242,0.0,0.06935589760541916,0.0,0.26751062273979187
7763,0.005137186869978905,0.0178472425788641,0.021696076169610022,0.06076733395457268,0.0,0.06935145705938339,0.0,0.2675167918205261
7764,0.004888855293393135,0.016695728152990343,0.020560117438435555,0.06586514711380005,0.0,0.0693499892950058,0.0,0.2675229609012604
7765,0.0051773272454738615,0.017934417724609374,0.02281983532011509,0.05987135097384453,0.0,0.06934791803359985,0.0,0.2675310969352722
7766,0.005518060643225908,0.016727991029620172,0.02290061041712761,0.0645537555217743,0.0,0.06934987753629684,0.0,0.2675396203994751
7767,0.00537892309948802,0.01804666742682457,0.023219075053930283,0.062167917191982267,0.0,0.06934882700443268,0.0,0.26754623651504517
7768,0.004917758796364069,0.017687689885497092,0.022534127160906792,0.05771684050559998,0.0,0.06934607028961182,0.0,0.26755258440971375
7769,0.005491340719163418,0.018422989174723625,0.020886870473623274,0.057116390019655225,0.0,0.06934299319982529,0.0,0.2675594687461853
7770,0.005247841589152813,0.017696448042988776,0.021006959304213525,0.06431184634566307,0.0,0.06933881342411041,0.0,0.2675635814666748
7771,0.004828519746661186,0.01804768554866314,0.02173413783311844,0.06364565193653107,0.0,0.06933486461639404,0.0,0.2675665020942688
7772,0.005106310267001391,0.018543078750371932,0.021684745326638222,0.06202477067708969,0.0,0.06933125108480453,0.0,0.2675679326057434
7773,0.005452243331819773,0.01828200966119766,0.019924357905983923,0.06051427721977234,0.0,0.06932948529720306,0.0,0.2675674557685852
7774,0.0049750373698771,0.01840952821075916,0.02412104867398739,0.05795544534921646,0.0,0.06932419538497925,0.0,0.2675667405128479
7775,0.005183228012174368,0.018234345689415933,0.02162330225110054,0.05644411444664001,0.0,0.06932108104228973,0.0,0.2675659656524658
7776,0.005209308303892613,0.017335419356822968,0.022489258274435996,0.05917863920331001,0.0,0.06932248175144196,0.0,0.2675651013851166
7777,0.005025974847376347,0.018492530658841135,0.022592699527740477,0.05947828739881515,0.0,0.06932632625102997,0.0,0.26756495237350464
7778,0.005257456935942173,0.017651813849806786,0.022286657989025117,0.059625154733657836,0.0,0.06932589411735535,0.0,0.2675650715827942
7779,0.005526837892830372,0.019530199095606805,0.02133619748055935,0.06349843516945838,0.0,0.06932372599840164,0.0,0.26756712794303894
7780,0.005310252588242292,0.0173294760286808,0.02249836325645447,0.06333716213703156,0.0,0.0693262368440628,0.0,0.2675687074661255
7781,0.005223178397864103,0.01793741211295128,0.0213406752794981,0.06118109002709389,0.0,0.06932602822780609,0.0,0.2675698399543762
7782,0.005140573251992464,0.01837376579642296,0.02160796746611595,0.06262237280607223,0.0,0.0693274661898613,0.0,0.267568975687027
7783,0.005231620278209448,0.017938470095396043,0.021250736713409425,0.06350539699196815,0.0,0.06933049857616425,0.0,0.26756879687309265
7784,0.00512961195781827,0.01776275970041752,0.021360554546117783,0.06377212703227997,0.0,0.0693339854478836,0.0,0.2675670385360718
7785,0.005274466332048177,0.018349480628967286,0.024059128388762473,0.06649084240198136,0.0,0.06933556497097015,0.0,0.26756545901298523
7786,0.005107526201754808,0.01737826317548752,0.021215324103832246,0.061834616959095,0.0,0.06933828443288803,0.0,0.26756423711776733
7787,0.00515237282961607,0.01805173382163048,0.023006625473499298,0.0609198123216629,0.0,0.06934022903442383,0.0,0.267562597990036
7788,0.005238898657262325,0.018939980119466782,0.020789998397231103,0.06129080131649971,0.0,0.06933892518281937,0.0,0.26756221055984497
7789,0.005578499287366867,0.017827448435127735,0.02348373793065548,0.062166625261306764,0.0,0.06934037059545517,0.0,0.26756107807159424
7790,0.005142014566808939,0.018202175945043565,0.022138811647892,0.05910242646932602,0.0,0.06933800131082535,0.0,0.26755887269973755
7791,0.005598818324506283,0.01758018396794796,0.021676231920719147,0.06075308620929718,0.0,0.06933645159006119,0.0,0.2675570845603943
7792,0.004922374244779348,0.019044357910752298,0.02146211303770542,0.06171611249446869,0.0,0.06933146715164185,0.0,0.2675569951534271
7793,0.005205526389181614,0.01865692511200905,0.02253943383693695,0.062465382367372514,0.0,0.06932522356510162,0.0,0.2675585150718689
7794,0.005229328945279122,0.017626674473285676,0.02027673050761223,0.05769281908869743,0.0,0.06932515650987625,0.0,0.2675587832927704
7795,0.005661872960627079,0.018144529312849045,0.021323297172784805,0.05696945711970329,0.0,0.06932664662599564,0.0,0.267559677362442
7796,0.005037636402994395,0.018675637245178223,0.022476906329393385,0.06868597716093064,0.0,0.06932558119297028,0.0,0.26756277680397034
7797,0.004801658354699612,0.018376841396093368,0.024722127988934518,0.06417926102876663,0.0,0.069328173995018,0.0,0.267564058303833
7798,0.005617006681859493,0.018233908340334892,0.021151974424719812,0.06118394285440445,0.0,0.06933119893074036,0.0,0.2675631642341614
7799,0.004764087963849306,0.017263393476605417,0.023357133194804192,0.06124245673418045,0.0,0.06933178007602692,0.0,0.2675600051879883
7800,0.004736406076699495,0.018293270096182822,0.022546807676553725,0.0613154411315918,0.0,0.06933743506669998,0.0,0.2675563097000122
7801,0.005017092358320952,0.018391653895378113,0.021766700968146323,0.06271525770425797,0.0,0.06933961063623428,0.0,0.2675517499446869
7802,0.005221979971975088,0.018482116609811784,0.02263669967651367,0.061895474791526794,0.0,0.06934158504009247,0.0,0.2675485908985138
7803,0.005061290692538023,0.017464767768979074,0.02137962356209755,0.06189693138003349,0.0,0.0693400576710701,0.0,0.2675473392009735
7804,0.0048174095340073105,0.01770455315709114,0.023098566755652427,0.06381523907184601,0.0,0.06933746486902237,0.0,0.2675471007823944
7805,0.005246822908520699,0.018424365669488907,0.02021508365869522,0.06287785097956658,0.0,0.06933562457561493,0.0,0.26754656434059143
7806,0.005615334771573543,0.018241068348288536,0.02326337844133377,0.06386238113045692,0.0,0.0693354383111,0.0,0.2675442695617676
7807,0.004992040991783142,0.018278508633375167,0.021643494069576264,0.06005586758255958,0.0,0.06933393329381943,0.0,0.26754212379455566
7808,0.005052620638161897,0.018558922782540323,0.022831518203020096,0.06548357158899307,0.0,0.069332055747509,0.0,0.2675396502017975
7809,0.00537235913798213,0.01754723973572254,0.0200595423579216,0.06479959785938263,0.0,0.0693272203207016,0.0,0.26753655076026917
7810,0.005213247891515493,0.018226952850818635,0.020509034395217896,0.06114602759480477,0.0,0.0693250447511673,0.0,0.26753392815589905
7811,0.00488016651943326,0.01807400956749916,0.023174337297677993,0.05896616205573082,0.0,0.06932545453310013,0.0,0.26753318309783936
7812,0.0051183998584747314,0.017646386474370956,0.021189071238040924,0.06182646900415421,0.0,0.06932850182056427,0.0,0.26753106713294983
7813,0.005086010228842497,0.017846547439694403,0.021455326303839683,0.06076664179563522,0.0,0.06932797282934189,0.0,0.26752832531929016
7814,0.00486617460846901,0.01785183921456337,0.021893896162509918,0.06045332625508308,0.0,0.06932970136404037,0.0,0.2675277590751648
7815,0.005389804299920797,0.018028966337442397,0.021332043036818505,0.061624322831630704,0.0,0.06933005154132843,0.0,0.2675280272960663
7816,0.0050963499583303925,0.018363044410943986,0.021276341751217842,0.06037666276097298,0.0,0.06932803988456726,0.0,0.26752808690071106
7817,0.005406503006815911,0.017848512902855874,0.02182434983551502,0.06446448639035225,0.0,0.06932927668094635,0.0,0.26752769947052
7818,0.005349293630570173,0.01838178839534521,0.021648504212498663,0.057007350772619245,0.0,0.0693276897072792,0.0,0.2675248980522156
7819,0.005133937019854784,0.01906176619231701,0.02305019274353981,0.060286684334278105,0.0,0.06932277977466583,0.0,0.26752281188964844
7820,0.004939469695091248,0.017892884090542793,0.021503879502415658,0.06189287453889847,0.0,0.06931950151920319,0.0,0.26751968264579773
7821,0.005229363031685352,0.017259209603071212,0.020731009542942047,0.059419021010398865,0.0,0.06931348145008087,0.0,0.26751503348350525
7822,0.005362438317388296,0.019217091798782348,0.02247762605547905,0.061346587538719174,0.0,0.06930490583181381,0.0,0.2675119936466217
7823,0.005152984149754047,0.017092421650886536,0.021152976155281066,0.0602939672768116,0.0,0.06929749250411987,0.0,0.26750922203063965
7824,0.004722823388874531,0.01834610030055046,0.02279559075832367,0.06084406152367592,0.0,0.06928759813308716,0.0,0.26750555634498596
7825,0.005735683813691139,0.01815374232828617,0.021891679614782333,0.06389096155762672,0.0,0.06928360462188721,0.0,0.2675023078918457
7826,0.005132860597223043,0.01786056496202946,0.021583997830748557,0.0676368348300457,0.0,0.0692831501364708,0.0,0.2674996852874756
7827,0.005103037320077419,0.01833318769931793,0.02121627368032932,0.06447053402662277,0.0,0.06928028166294098,0.0,0.2674984335899353
7828,0.004978661052882671,0.017596280202269554,0.021181321144104003,0.06234748065471649,0.0,0.06927470862865448,0.0,0.26749902963638306
7829,0.0055390615016222,0.018129399791359902,0.021434783563017847,0.06072671189904213,0.0,0.06927909702062607,0.0,0.267498254776001
7830,0.005345197673887014,0.01852355934679508,0.02263009212911129,0.06678132191300393,0.0,0.06928788125514984,0.0,0.26749855279922485
7831,0.005348961148411035,0.01712920106947422,0.023297424986958505,0.061814692616462705,0.0,0.0692993625998497,0.0,0.2675003111362457
7832,0.005444846861064434,0.018720164149999618,0.021760299056768417,0.06261629909276963,0.0,0.06930812448263168,0.0,0.267502099275589
7833,0.004867004510015249,0.017317865043878555,0.021974479779601097,0.06760176569223404,0.0,0.06931586563587189,0.0,0.26750448346138
7834,0.004857192654162646,0.01772717833518982,0.020387466251850127,0.06349716261029244,0.0,0.06932130455970764,0.0,0.2675049304962158
7835,0.00498894527554512,0.017595778033137322,0.021135738864541054,0.06048596277832985,0.0,0.06932605803012848,0.0,0.2675064504146576
7836,0.005338967218995095,0.0177288930863142,0.02127281166613102,0.058298248797655106,0.0,0.06932543218135834,0.0,0.2675105929374695
7837,0.005160427838563919,0.017933187261223792,0.02049652151763439,0.06421388611197472,0.0,0.06932759284973145,0.0,0.26751524209976196
7838,0.005385933723300695,0.01825093701481819,0.02030181922018528,0.06400322169065475,0.0,0.06932540982961655,0.0,0.26752087473869324
7839,0.005099634639918804,0.017702335119247438,0.022642269730567932,0.06405313536524773,0.0,0.06932057440280914,0.0,0.2675269842147827
7840,0.005209829285740852,0.017900919541716576,0.022454768791794776,0.061375122517347336,0.0,0.06932364404201508,0.0,0.26753273606300354
7841,0.0052500047720968725,0.018873588740825654,0.022191736847162247,0.06375520154833794,0.0,0.06932594627141953,0.0,0.26753658056259155
7842,0.004988442827016115,0.01835135295987129,0.02049402967095375,0.06647959724068642,0.0,0.0693291574716568,0.0,0.26753881573677063
7843,0.004967622831463814,0.01793038658797741,0.019906806573271752,0.05866188928484917,0.0,0.0693349614739418,0.0,0.2675393521785736
7844,0.0050398832187056545,0.017716968432068825,0.021653949096798897,0.061786729097366336,0.0,0.0693410187959671,0.0,0.26753664016723633
7845,0.005436613503843546,0.01876927837729454,0.02243230417370796,0.06406873613595962,0.0,0.06934462487697601,0.0,0.2675349712371826
7846,0.005487838760018349,0.01765436790883541,0.024352091550827026,0.059714893251657485,0.0,0.06934835016727448,0.0,0.2675328850746155
7847,0.005004954151809215,0.019013715162873267,0.02148556225001812,0.0608768992125988,0.0,0.06934962421655655,0.0,0.26753053069114685
7848,0.005260236002504826,0.018003057688474655,0.021050271391868592,0.06243871226906776,0.0,0.06934841722249985,0.0,0.26752495765686035
7849,0.0052016513422131535,0.01806676872074604,0.023376212641596793,0.059338685125112534,0.0,0.06934169679880142,0.0,0.26751744747161865
7850,0.005140190664678812,0.01778849959373474,0.021991590037941933,0.06157215461134911,0.0,0.06933402270078659,0.0,0.2675108015537262
7851,0.005232670623809099,0.01876465119421482,0.019942454248666763,0.05971283540129661,0.0,0.06932555139064789,0.0,0.2675052285194397
7852,0.005409400630742312,0.018405259028077124,0.02300448566675186,0.06338835135102272,0.0,0.06932246685028076,0.0,0.26750147342681885
7853,0.005248781945556402,0.01765660084784031,0.02250676155090332,0.06483606398105621,0.0,0.06931904703378677,0.0,0.2674993872642517
7854,0.005176873411983252,0.01802612543106079,0.02047392800450325,0.05839371830224991,0.0,0.06931740045547485,0.0,0.2674984037876129
7855,0.005386206042021513,0.017822348698973655,0.02232574447989464,0.05982058048248291,0.0,0.06931783258914948,0.0,0.26749706268310547
7856,0.005186033248901367,0.017110506445169447,0.019946691393852235,0.06154438778758049,0.0,0.06931979954242706,0.0,0.267496794462204
7857,0.005070779472589493,0.017939099669456483,0.02310328558087349,0.05974033549427986,0.0,0.06932223588228226,0.0,0.26749616861343384
7858,0.004960362892597913,0.01888549029827118,0.0221196074038744,0.06281979903578758,0.0,0.06932233273983002,0.0,0.26749536395072937
7859,0.005079780425876379,0.017941753938794137,0.02010326273739338,0.06466488987207412,0.0,0.06932716071605682,0.0,0.2674962878227234
7860,0.00508844768628478,0.017588650435209276,0.022563154622912408,0.06355586796998977,0.0,0.06932631134986877,0.0,0.26749661564826965
7861,0.005300433002412319,0.017488469555974006,0.023691308125853537,0.06189892590045929,0.0,0.06932938098907471,0.0,0.26749756932258606
7862,0.005358744598925114,0.01876290366053581,0.022864514589309694,0.06303128078579903,0.0,0.06933429837226868,0.0,0.2674991488456726
7863,0.0049887765198946,0.0181798554956913,0.020603466778993607,0.06496410071849823,0.0,0.06934549659490585,0.0,0.2675013244152069
7864,0.005353064090013504,0.017954655364155768,0.021232499927282333,0.06400304287672043,0.0,0.0693540945649147,0.0,0.26750510931015015
7865,0.0050974184647202495,0.01843511424958706,0.022693706303834917,0.05841245874762535,0.0,0.06936593353748322,0.0,0.2675115168094635
7866,0.005450274329632521,0.01834769994020462,0.02110446207225323,0.0627214141190052,0.0,0.0693783313035965,0.0,0.2675181031227112
7867,0.005091699212789536,0.01795763783156872,0.022199052944779397,0.06155704259872437,0.0,0.06938586384057999,0.0,0.267524391412735
7868,0.005229227617383004,0.01836499273777008,0.023300772160291673,0.0639354020357132,0.0,0.06939022243022919,0.0,0.26753202080726624
7869,0.004973977711051703,0.0179577836766839,0.021916360408067704,0.059952179342508315,0.0,0.06939516961574554,0.0,0.2675410211086273
7870,0.005127567611634731,0.018856586888432503,0.021418391168117522,0.05996824279427528,0.0,0.06940082460641861,0.0,0.267549604177475
7871,0.0054226800799369815,0.018728775531053544,0.02346280440688133,0.06341483741998673,0.0,0.06940308958292007,0.0,0.26755842566490173
7872,0.004926779121160507,0.018795377016067503,0.021979084238409996,0.06386617571115494,0.0,0.0694037526845932,0.0,0.2675647735595703
7873,0.005257410369813443,0.017942700162529947,0.02188914269208908,0.06148071363568306,0.0,0.06940726190805435,0.0,0.26756998896598816
7874,0.005124941933900118,0.017533425241708755,0.021375164017081262,0.06098117977380753,0.0,0.06941007077693939,0.0,0.2675739824771881
7875,0.005261587351560593,0.017725061625242233,0.02087521255016327,0.05907221361994743,0.0,0.0694071352481842,0.0,0.2675768733024597
7876,0.005588121805340051,0.01894882656633854,0.02065376453101635,0.06371900960803031,0.0,0.06940627098083496,0.0,0.2675769329071045
7877,0.005377574265003205,0.018177594617009164,0.022957239672541617,0.060981583595275876,0.0,0.06940343230962753,0.0,0.26757657527923584
7878,0.005339956190437078,0.018376973271369935,0.021477533131837846,0.05966055989265442,0.0,0.06940405070781708,0.0,0.26757869124412537
7879,0.00491161597892642,0.01842801906168461,0.02181956321001053,0.06152196526527405,0.0,0.06940978020429611,0.0,0.267579048871994
7880,0.0053749000653624535,0.01830185577273369,0.021085887402296066,0.06484784632921219,0.0,0.06941370666027069,0.0,0.26758021116256714
7881,0.00546641256660223,0.01853608898818493,0.021958929300308228,0.06212419345974922,0.0,0.06941194832324982,0.0,0.26758068799972534
7882,0.00523050082847476,0.017114635929465292,0.021147603914141656,0.06011257395148277,0.0,0.06941214203834534,0.0,0.26758235692977905
7883,0.005119228828698396,0.018121419474482536,0.02054946906864643,0.06231551095843315,0.0,0.06941406428813934,0.0,0.26758328080177307
7884,0.005295516550540924,0.018127044662833214,0.020727339759469034,0.064149422198534,0.0,0.06941621005535126,0.0,0.26758384704589844
7885,0.005167112313210964,0.01843157596886158,0.021413008868694305,0.057855349779129026,0.0,0.06941314041614532,0.0,0.2675854563713074
7886,0.00547470198944211,0.017756427824497222,0.02177773378789425,0.059954167902469636,0.0,0.06941337138414383,0.0,0.2675847113132477
7887,0.005236225388944149,0.018400202691555022,0.021895622089505195,0.059721662849187854,0.0,0.06941057741641998,0.0,0.26758384704589844
7888,0.005177376605570316,0.01943368762731552,0.022083377093076707,0.062143249064683916,0.0,0.06940524280071259,0.0,0.2675819993019104
7889,0.005236614961177111,0.017846373841166496,0.020275707915425302,0.06205337196588516,0.0,0.06940241158008575,0.0,0.2675805389881134
7890,0.005024862382560969,0.018063403479754925,0.02353743724524975,0.060784175992012024,0.0,0.06939829885959625,0.0,0.2675793170928955
7891,0.005436438415199518,0.01857397109270096,0.021265919879078866,0.062032400816679004,0.0,0.069395050406456,0.0,0.2675784230232239
7892,0.005420588422566652,0.01888038031756878,0.02199702188372612,0.05953307896852493,0.0,0.06939546018838882,0.0,0.26757532358169556
7893,0.00545495180413127,0.017852183431386948,0.020522023737430572,0.06194692105054855,0.0,0.06940105557441711,0.0,0.2675721347332001
7894,0.005248026177287102,0.018487867340445517,0.023086271435022353,0.06469724476337432,0.0,0.06941117346286774,0.0,0.2675703167915344
7895,0.005188361555337906,0.018247029930353164,0.02174050435423851,0.06403186917304993,0.0,0.06941685825586319,0.0,0.2675693929195404
7896,0.005305244587361813,0.017324895597994328,0.021880427747964858,0.06253735423088073,0.0,0.06942115724086761,0.0,0.2675691545009613
7897,0.004942926019430161,0.0176513634622097,0.021391015872359274,0.06267736405134201,0.0,0.06943289190530777,0.0,0.2675696015357971
7898,0.005164066515862942,0.018175141513347627,0.0230437446385622,0.05970428287982941,0.0,0.06944294273853302,0.0,0.2675718069076538
7899,0.005543021485209465,0.017628831043839454,0.023122594505548478,0.062495800852775577,0.0,0.06944744288921356,0.0,0.2675725817680359
7900,0.005398817453533411,0.01806703843176365,0.02259829118847847,0.0591025710105896,0.0,0.06945647299289703,0.0,0.2675699293613434
7901,0.005142827983945608,0.017916281148791312,0.021567730233073235,0.06568682491779328,0.0,0.06947144865989685,0.0,0.26756638288497925
7902,0.0051169214770197865,0.01796938218176365,0.02048698142170906,0.061238736659288404,0.0,0.0694800391793251,0.0,0.2675631642341614
7903,0.004788742028176784,0.019324512407183646,0.02109897620975971,0.06556541621685028,0.0,0.06949029117822647,0.0,0.2675618529319763
7904,0.005337964743375778,0.0176751010119915,0.021653498336672784,0.058941738307476045,0.0,0.06949891149997711,0.0,0.26755982637405396
7905,0.005364578403532505,0.017683465592563154,0.02078552022576332,0.060521865636110304,0.0,0.06950359046459198,0.0,0.2675599157810211
7906,0.005524202436208725,0.018343204259872438,0.021516250818967818,0.06111225038766861,0.0,0.06950817257165909,0.0,0.26755979657173157
7907,0.005196859408169985,0.0181721281260252,0.022065356001257898,0.06320448443293572,0.0,0.06951501220464706,0.0,0.2675616145133972
7908,0.005007125809788704,0.01806587092578411,0.020554587617516516,0.059742316603660583,0.0,0.06951931864023209,0.0,0.26756441593170166
7909,0.00517710829153657,0.017174945026636124,0.020350689068436623,0.06177564561367035,0.0,0.0695205107331276,0.0,0.2675668001174927
7910,0.005100670643150807,0.017214774154126644,0.02079174295067787,0.05942870453000069,0.0,0.0695175975561142,0.0,0.26756829023361206
7911,0.005060140043497086,0.018164433538913727,0.022326995432376862,0.06287724673748016,0.0,0.06951499730348587,0.0,0.2675682306289673
7912,0.004911039303988218,0.017120957002043725,0.02274342253804207,0.06438842415809631,0.0,0.06951134651899338,0.0,0.2675660252571106
7913,0.0051023936830461025,0.017790977284312247,0.02096693739295006,0.06126717925071716,0.0,0.06950497627258301,0.0,0.2675608694553375
7914,0.005251512490212917,0.018363538756966592,0.02229008562862873,0.06042480766773224,0.0,0.06950497627258301,0.0,0.2675553858280182
7915,0.005040858685970306,0.018820905685424806,0.021649254113435747,0.05822067260742188,0.0,0.06950701773166656,0.0,0.26755088567733765
7916,0.005146994721144438,0.018504350632429122,0.023792583867907523,0.05887271538376808,0.0,0.06951218843460083,0.0,0.26754575967788696
7917,0.005116827040910721,0.018293755128979683,0.022044126689434052,0.062085098773241046,0.0,0.06951232254505157,0.0,0.2675400376319885
7918,0.005219215154647827,0.017869661375880242,0.021863358840346337,0.066705621778965,0.0,0.06951630115509033,0.0,0.2675342559814453
7919,0.005393281392753124,0.017865685746073723,0.020606758818030358,0.060251157730817795,0.0,0.06951580941677094,0.0,0.2675279676914215
7920,0.005180186592042446,0.01825953386723995,0.021378881111741067,0.05999813675880432,0.0,0.0695180743932724,0.0,0.267522394657135
7921,0.005113944318145514,0.017275504395365716,0.02199806086719036,0.0657155081629753,0.0,0.06951624900102615,0.0,0.26751717925071716
7922,0.005039197485893964,0.018046432733535768,0.02187821865081787,0.058902206271886824,0.0,0.06951700150966644,0.0,0.26751208305358887
7923,0.0055138332769274715,0.018143510073423387,0.02098110243678093,0.06347221285104751,0.0,0.06951826810836792,0.0,0.26750752329826355
7924,0.005325111746788025,0.018769515678286552,0.02115822769701481,0.06392936259508133,0.0,0.06951574236154556,0.0,0.26750412583351135
7925,0.0054419683292508125,0.017845705896615983,0.0203715056180954,0.06071698740124702,0.0,0.06951756775379181,0.0,0.26750263571739197
7926,0.005332242883741856,0.018334567174315454,0.024226049706339837,0.06027503088116646,0.0,0.06951819360256195,0.0,0.26750192046165466
7927,0.005062942672520876,0.017307417839765547,0.02389482408761978,0.06022709459066391,0.0,0.06951381266117096,0.0,0.2674996554851532
7928,0.005115438997745514,0.017342525720596313,0.02336488999426365,0.06067207008600235,0.0,0.06950923800468445,0.0,0.2674976885318756
7929,0.0054955556988716125,0.018071507662534715,0.02503649778664112,0.061075251549482346,0.0,0.06950150430202484,0.0,0.26749685406684875
7930,0.0050379554741084576,0.0176633320748806,0.02377723380923271,0.06219688802957535,0.0,0.06949272751808167,0.0,0.2674958109855652
7931,0.005217198375612497,0.017459505051374436,0.020505941286683083,0.06508059725165367,0.0,0.06948346644639969,0.0,0.2674960196018219
7932,0.005284491740167141,0.01711934059858322,0.020714759081602096,0.060786958783864975,0.0,0.06947632879018784,0.0,0.2674976587295532
7933,0.0051742661744356155,0.018608750030398368,0.023077525943517686,0.06502468883991241,0.0,0.06946694105863571,0.0,0.2674991488456726
7934,0.005268215574324131,0.018493811786174773,0.02114797793328762,0.06180319488048554,0.0,0.06945633888244629,0.0,0.2675003409385681
7935,0.0056477835401892666,0.018384871631860734,0.020641356706619263,0.060393917560577395,0.0,0.06944672763347626,0.0,0.26750192046165466
7936,0.005490064807236195,0.017444774881005286,0.020244875550270082,0.060240866243839265,0.0,0.06943446397781372,0.0,0.2675040662288666
7937,0.005239354725927114,0.017501863464713097,0.021891172602772714,0.05758937150239944,0.0,0.06942247599363327,0.0,0.26750683784484863
7938,0.005458591319620609,0.01811579130589962,0.02235347107052803,0.06358198300004006,0.0,0.06940890848636627,0.0,0.267507940530777
7939,0.005016077216714621,0.018299415335059167,0.021535635367035864,0.06008743867278099,0.0,0.06939360499382019,0.0,0.26750874519348145
7940,0.00531318299472332,0.018851804360747338,0.02177155129611492,0.06319749504327773,0.0,0.06937669217586517,0.0,0.26750949025154114
7941,0.005363753344863653,0.018242913857102395,0.021245385333895684,0.058234835416078566,0.0,0.0693613812327385,0.0,0.26751163601875305
7942,0.0053734278306365015,0.017588366568088532,0.021641423180699348,0.05895816162228584,0.0,0.06934864819049835,0.0,0.26751524209976196
7943,0.005636580381542444,0.018622346594929694,0.022755283489823343,0.057582196593284604,0.0,0.06933466345071793,0.0,0.26751992106437683
7944,0.005170367751270532,0.01823750212788582,0.02127554714679718,0.06500280052423477,0.0,0.06931842863559723,0.0,0.2675236165523529
7945,0.005241890344768763,0.018534599617123605,0.02091522328555584,0.06352685689926148,0.0,0.06930191069841385,0.0,0.26752835512161255
7946,0.005434741824865341,0.017690014466643332,0.02208828292787075,0.062358856201171875,0.0,0.06928576529026031,0.0,0.26753249764442444
7947,0.0053593553602695465,0.01739020347595215,0.02196211405098438,0.06343768015503884,0.0,0.06926540285348892,0.0,0.26753586530685425
7948,0.0050626441836357115,0.017821523547172546,0.02206188440322876,0.06251658648252487,0.0,0.06925071030855179,0.0,0.26753851771354675
7949,0.005248896311968565,0.016781799495220184,0.020757775381207468,0.06303865909576416,0.0,0.06923720985651016,0.0,0.26754266023635864
7950,0.0053935802541673185,0.01758555993437767,0.02207394875586033,0.059254417568445204,0.0,0.06922359764575958,0.0,0.26754438877105713
7951,0.005087398551404476,0.016947734542191027,0.02145391292870045,0.06385293453931809,0.0,0.06920783221721649,0.0,0.2675430476665497
7952,0.005269397422671318,0.018017447367310525,0.020619063451886178,0.060083387047052385,0.0,0.06919152289628983,0.0,0.2675410211086273
7953,0.00491844518110156,0.01840312108397484,0.022598914429545404,0.06263833120465279,0.0,0.06917253136634827,0.0,0.2675376534461975
7954,0.005191803351044655,0.018471190705895424,0.020677264034748077,0.06245002374053001,0.0,0.06915036588907242,0.0,0.26753416657447815
7955,0.005445929337292909,0.01845354065299034,0.02254118360579014,0.062489104270935056,0.0,0.06913162767887115,0.0,0.2675311863422394
7956,0.0048921646550297735,0.018353740125894545,0.023573653772473335,0.06116070151329041,0.0,0.06911753863096237,0.0,0.26753079891204834
7957,0.005229822639375925,0.018590416759252548,0.022200465202331543,0.06096833348274231,0.0,0.06910832226276398,0.0,0.26753130555152893
7958,0.005247307289391756,0.017978446185588838,0.022418054938316345,0.06288152337074279,0.0,0.06909926980733871,0.0,0.2675297260284424
7959,0.005034635961055756,0.01871199198067188,0.021334853023290634,0.06207630112767219,0.0,0.06908716261386871,0.0,0.26752740144729614
7960,0.0052169194445014,0.018627214804291727,0.022697620466351508,0.06271081045269966,0.0,0.06907416880130768,0.0,0.26752710342407227
7961,0.0052530553191900255,0.018471281975507736,0.02227976582944393,0.06128900498151779,0.0,0.06906656920909882,0.0,0.26752740144729614
7962,0.0051203505136072636,0.01809515468776226,0.022105851769447328,0.06435486003756523,0.0,0.069063201546669,0.0,0.2675279974937439
7963,0.00510598411783576,0.01769201345741749,0.022941165789961814,0.06451560258865356,0.0,0.0690598338842392,0.0,0.26752716302871704
7964,0.0051748395897448065,0.01823953799903393,0.02245275191962719,0.06054517775774002,0.0,0.06905664503574371,0.0,0.2675248980522156
7965,0.005315515398979187,0.018490132689476014,0.022302121296525,0.06238780617713928,0.0,0.06905178725719452,0.0,0.26752281188964844
7966,0.005516785103827715,0.018535913527011873,0.022945018112659456,0.060820478945970535,0.0,0.06904768198728561,0.0,0.26751965284347534
7967,0.0049905629828572275,0.017720231041312217,0.022176739200949667,0.05968213453888893,0.0,0.06904135644435883,0.0,0.2675158381462097
7968,0.00544144231826067,0.019080936536192895,0.0211872473359108,0.060691341012716296,0.0,0.06904067099094391,0.0,0.2675110697746277
7969,0.005120946653187275,0.018694502115249634,0.022723906859755515,0.06382841542363167,0.0,0.06904113292694092,0.0,0.2675054371356964
7970,0.004883697628974915,0.019049771875143052,0.021598638221621513,0.05941869467496872,0.0,0.06903767585754395,0.0,0.2675008475780487
7971,0.005031122826039791,0.017768179625272752,0.021244043484330177,0.06288091987371444,0.0,0.06903425604104996,0.0,0.2674981951713562
7972,0.005456305667757988,0.01798030883073807,0.021092082560062408,0.06305107697844506,0.0,0.06903187185525894,0.0,0.2674952447414398
7973,0.0051799132488667965,0.018182451277971266,0.021848802268505097,0.06064672768115997,0.0,0.0690322071313858,0.0,0.2674937844276428
7974,0.005609219614416361,0.017545011639595032,0.022215495258569716,0.06341008320450783,0.0,0.06902924180030823,0.0,0.2674930691719055
7975,0.0053041080944240095,0.01754751019179821,0.021318263188004494,0.05900822579860687,0.0,0.06902588903903961,0.0,0.26749277114868164
7976,0.005459534004330635,0.018557656556367874,0.021129555627703668,0.0647515006363392,0.0,0.06902025640010834,0.0,0.2674931287765503
7977,0.005224095750600099,0.01777836140245199,0.022579527273774148,0.06084679514169693,0.0,0.06901780515909195,0.0,0.2674938142299652
7978,0.005562456790357828,0.017853124439716338,0.022096560150384904,0.0628036916255951,0.0,0.06901292502880096,0.0,0.267495721578598
7979,0.005161041207611561,0.01786060594022274,0.021905070543289183,0.06401119083166122,0.0,0.06900878250598907,0.0,0.26749706268310547
7980,0.0053242317400872706,0.018178575113415717,0.020474425330758095,0.06233963444828987,0.0,0.06900139153003693,0.0,0.26749682426452637
7981,0.0052355963736772535,0.018949513137340546,0.022315658256411554,0.062253210693597794,0.0,0.06899350881576538,0.0,0.26749593019485474
7982,0.005021644476801157,0.018138002976775168,0.02245962992310524,0.06245933324098587,0.0,0.0689825713634491,0.0,0.2674947679042816
7983,0.00503869466483593,0.018046719953417778,0.021766337007284163,0.06276929304003716,0.0,0.06897326558828354,0.0,0.2674938440322876
7984,0.005449941754341126,0.018944661319255828,0.02242807447910309,0.061926060169935224,0.0,0.06896353513002396,0.0,0.26749324798583984
7985,0.004956529382616282,0.017859236150979996,0.021098465472459794,0.06409119516611099,0.0,0.06896968185901642,0.0,0.26749327778816223
7986,0.004858193825930357,0.018415022641420364,0.02062605507671833,0.06461468264460564,0.0,0.06897620856761932,0.0,0.26749473810195923
7987,0.0050774762406945225,0.018039219826459885,0.02193073518574238,0.0622320793569088,0.0,0.06898297369480133,0.0,0.26749685406684875
7988,0.005370744783431291,0.018667539954185484,0.022462981566786767,0.06280146464705468,0.0,0.06898944079875946,0.0,0.267497181892395
7989,0.005082013644278049,0.01805308386683464,0.0229624692350626,0.05958302021026611,0.0,0.06900447607040405,0.0,0.2674974501132965
7990,0.00504574840888381,0.018856982141733168,0.019940085336565973,0.06538193672895432,0.0,0.06901673972606659,0.0,0.2674961984157562
7991,0.005219198390841484,0.018702811747789382,0.02272622659802437,0.06236286833882332,0.0,0.06903155148029327,0.0,0.2674953043460846
7992,0.005562994070351124,0.018755779787898063,0.022100549936294556,0.06462309658527374,0.0,0.06904517114162445,0.0,0.26749521493911743
7993,0.0051337405107915405,0.018906160444021224,0.02133513167500496,0.06502172946929932,0.0,0.06905505061149597,0.0,0.2674948573112488
7994,0.005346668604761362,0.01692674420773983,0.021902161091566084,0.06292459666728974,0.0,0.06906241178512573,0.0,0.2674948573112488
7995,0.005168954096734524,0.01795218475162983,0.023130299523472786,0.06242929473519325,0.0,0.06906544417142868,0.0,0.26749566197395325
7996,0.0054542301222682,0.017559483647346497,0.020153293013572694,0.0605479821562767,0.0,0.06906843185424805,0.0,0.2674972414970398
7997,0.0049721264280378815,0.017989517748355867,0.022245047613978386,0.0628010280430317,0.0,0.06907261908054352,0.0,0.26749691367149353
7998,0.005370607040822506,0.01741361878812313,0.02127574384212494,0.0627154178917408,0.0,0.06907341629266739,0.0,0.2674974203109741
7999,0.005192728340625763,0.01763489693403244,0.021206367388367654,0.06222202330827713,0.0,0.06907931715250015,0.0,0.2674984633922577
8000,0.005446987133473158,0.017898482829332353,0.022265345603227616,0.06348602697253228,0.0,0.06908366829156876,0.0,0.26750025153160095
8001,0.00478361351415515,0.01793110594153404,0.02296655997633934,0.06226785108447075,0.0,0.0690825805068016,0.0,0.2675042748451233
8002,0.004832723550498486,0.018025943264365196,0.021819541975855828,0.06601206213235855,0.0,0.06908493489027023,0.0,0.2675085961818695
8003,0.005082050152122974,0.01817938722670078,0.022532889619469643,0.06242496445775032,0.0,0.06909146159887314,0.0,0.26751241087913513
8004,0.00508542163297534,0.019501746445894242,0.02116279527544975,0.06562308445572854,0.0,0.06909817457199097,0.0,0.26751625537872314
8005,0.005025749653577804,0.018366236612200736,0.02100260592997074,0.056640637665987016,0.0,0.06910644471645355,0.0,0.26751747727394104
8006,0.00519043393433094,0.018312863633036615,0.022073546424508095,0.06094915047287941,0.0,0.0691121369600296,0.0,0.26751619577407837
8007,0.005323849245905876,0.018805206567049027,0.021762194111943245,0.05835272222757339,0.0,0.06911953538656235,0.0,0.26751708984375
8008,0.005270950496196747,0.017897826805710792,0.021779029443860055,0.06419794708490371,0.0,0.06912234425544739,0.0,0.267518013715744
8009,0.00494839521124959,0.018655044957995415,0.0212496567517519,0.0625239871442318,0.0,0.06912334263324738,0.0,0.2675170302391052
8010,0.005150493700057268,0.017374627664685248,0.021692709997296333,0.06638825014233589,0.0,0.06912271678447723,0.0,0.2675156593322754
8011,0.0051557389087975025,0.01771073304116726,0.020320338383316993,0.059139246493577956,0.0,0.06912381201982498,0.0,0.26751264929771423
8012,0.005031369626522064,0.017486508190631866,0.02174127772450447,0.05888334885239601,0.0,0.06912226974964142,0.0,0.2675102651119232
8013,0.005256010219454765,0.018036360293626784,0.022443646937608717,0.06062537133693695,0.0,0.06912067532539368,0.0,0.267509788274765
8014,0.005164819955825806,0.01774720549583435,0.02112801596522331,0.06015208214521408,0.0,0.06911671906709671,0.0,0.2675132155418396
8015,0.005184127017855644,0.018276182189583778,0.02286657765507698,0.06203521341085434,0.0,0.06911102682352066,0.0,0.26751595735549927
8016,0.0051661555655300615,0.017888704687356947,0.021730632334947587,0.057338932901620863,0.0,0.06910420954227448,0.0,0.2675183415412903
8017,0.005116516631096602,0.01877584271132946,0.02135273106396198,0.06195056438446045,0.0,0.06910129636526108,0.0,0.26752182841300964
8018,0.004838041868060828,0.017365339398384094,0.019836964458227156,0.06315331161022186,0.0,0.06909516453742981,0.0,0.2675226330757141
8019,0.005075901467353106,0.018475519493222237,0.020705852285027505,0.06220201253890991,0.0,0.06909071654081345,0.0,0.26752278208732605
8020,0.005694742500782013,0.017288948595523834,0.020551130548119544,0.0595753476023674,0.0,0.06908635795116425,0.0,0.267524391412735
8021,0.004957361705601215,0.018516755476593972,0.02181335985660553,0.06296940743923188,0.0,0.06908360123634338,0.0,0.2675246596336365
8022,0.0049566197209060196,0.017612938210368155,0.022839271277189255,0.06391954347491265,0.0,0.06908527761697769,0.0,0.2675231993198395
8023,0.005125077441334724,0.01768217496573925,0.021117684617638587,0.05533713474869728,0.0,0.06908649951219559,0.0,0.2675216495990753
8024,0.005178768932819366,0.017952901124954224,0.022998565807938576,0.059504448622465136,0.0,0.06908523291349411,0.0,0.2675198018550873
8025,0.0050721454434096815,0.017617374286055566,0.023271592706441878,0.06705720797181129,0.0,0.0690874308347702,0.0,0.2675173282623291
8026,0.005221419222652912,0.018307877331972124,0.02277792915701866,0.062377847731113434,0.0,0.06908898055553436,0.0,0.26751306653022766
8027,0.0052287431433796884,0.01805471405386925,0.02141278237104416,0.06216076835989952,0.0,0.06908706575632095,0.0,0.2675071954727173
8028,0.0049443976953625676,0.018100933730602266,0.021014935895800592,0.061425961554050446,0.0,0.06908684223890305,0.0,0.2675012946128845
8029,0.00489271217957139,0.017260093241930008,0.021821252629160882,0.06350749433040619,0.0,0.06908728182315826,0.0,0.2674944996833801
8030,0.005202218983322382,0.017765604332089423,0.02045101821422577,0.06021123081445694,0.0,0.06908311694860458,0.0,0.26748496294021606
8031,0.004953521303832531,0.01850701943039894,0.02114471048116684,0.06383648961782455,0.0,0.06907717883586884,0.0,0.26747608184814453
8032,0.004946917667984963,0.019245260581374168,0.021017654240131377,0.06333206743001937,0.0,0.06906946003437042,0.0,0.26746806502342224
8033,0.005166746489703655,0.017872531712055207,0.022579252347350122,0.059309671819210055,0.0,0.0690697506070137,0.0,0.26746290922164917
8034,0.00492657832801342,0.017770061641931532,0.021815144643187522,0.0626188188791275,0.0,0.06906675547361374,0.0,0.2674575448036194
8035,0.005296424683183432,0.017534160800278187,0.02206408604979515,0.06090395748615265,0.0,0.06905975192785263,0.0,0.2674538493156433
8036,0.005181762296706438,0.01834242083132267,0.022595329955220223,0.059301596879959104,0.0,0.06905196607112885,0.0,0.2674505114555359
8037,0.005338566470891237,0.018404252454638483,0.02356749027967453,0.06379176676273346,0.0,0.06904538720846176,0.0,0.2674480080604553
8038,0.005010872334241867,0.018758032470941544,0.02089587487280369,0.06505622938275338,0.0,0.06904017925262451,0.0,0.2674463093280792
8039,0.004957994539290666,0.017636330612003804,0.021863193437457084,0.06275352090597153,0.0,0.0690324455499649,0.0,0.2674434185028076
8040,0.005464503075927496,0.017496162652969362,0.02240932211279869,0.062025022506713864,0.0,0.06902774423360825,0.0,0.26744166016578674
8041,0.005230936873704195,0.017938755080103876,0.021250309050083162,0.06105369254946709,0.0,0.06902420520782471,0.0,0.2674388885498047
8042,0.004982422012835741,0.0176304679363966,0.021388331428170204,0.060288386046886445,0.0,0.06901796907186508,0.0,0.2674352526664734
8043,0.00530500179156661,0.018299377337098122,0.024465571716427804,0.06301646232604981,0.0,0.06901554763317108,0.0,0.26743394136428833
8044,0.004973959363996983,0.017896991595625876,0.022801051661372185,0.060803592950105664,0.0,0.06901104748249054,0.0,0.2674331068992615
8045,0.004975715279579162,0.0168478149920702,0.021041271463036536,0.05765555277466774,0.0,0.06900691986083984,0.0,0.2674333453178406
8046,0.004973994195461273,0.01830526888370514,0.021856872737407683,0.06250151842832566,0.0,0.06899956613779068,0.0,0.2674335837364197
8047,0.005180102679878474,0.016635775938630103,0.021394702419638634,0.06532533690333367,0.0,0.06898994743824005,0.0,0.2674329876899719
8048,0.005367026850581169,0.017962642014026642,0.021987831220030785,0.06190423592925072,0.0,0.06898383796215057,0.0,0.26743364334106445
8049,0.005299538839608431,0.0171981755644083,0.02351178750395775,0.06697232648730278,0.0,0.06897645443677902,0.0,0.267433226108551
8050,0.005060284677892923,0.018205409124493598,0.021179427206516267,0.06092792451381683,0.0,0.06896667182445526,0.0,0.26743084192276
8051,0.005326759908348322,0.018395350128412247,0.022305915504693984,0.06242827028036117,0.0,0.06895879656076431,0.0,0.26742812991142273
8052,0.0049518589861690995,0.01738964281976223,0.022513452172279357,0.06006248146295547,0.0,0.06895099580287933,0.0,0.2674263119697571
8053,0.005248984042555094,0.018136150017380715,0.021905000507831573,0.05957416743040085,0.0,0.0689428299665451,0.0,0.2674270272254944
8054,0.005039125774055719,0.01851476840674877,0.021894997730851174,0.06084147766232491,0.0,0.0689321979880333,0.0,0.26742929220199585
8055,0.005232025869190693,0.017697133496403693,0.021019759029150008,0.06329891458153725,0.0,0.0689232349395752,0.0,0.26743078231811523
8056,0.005117579270154238,0.017996932193636895,0.022371574118733407,0.06259027719497681,0.0,0.06891529262065887,0.0,0.2674327492713928
8057,0.005201316718012094,0.018224265053868295,0.0218906681984663,0.059014507383108136,0.0,0.0689074918627739,0.0,0.26743465662002563
8058,0.005357431340962648,0.019228873029351234,0.024679262936115266,0.05869069546461105,0.0,0.0688997134566307,0.0,0.2674398124217987
8059,0.005388831719756126,0.01727863773703575,0.021137737855315208,0.06091165915131569,0.0,0.06889563053846359,0.0,0.2674436569213867
8060,0.0052847758866846565,0.017136603593826294,0.021241646632552146,0.06290788501501084,0.0,0.06888730823993683,0.0,0.26744598150253296
8061,0.005556020699441433,0.018747708946466445,0.021728675067424773,0.058622857183218004,0.0,0.06887663900852203,0.0,0.2674468159675598
8062,0.005031117796897888,0.018460966646671295,0.021356135606765747,0.057284589111804965,0.0,0.06886784732341766,0.0,0.26744863390922546
8063,0.005155058857053518,0.01856979951262474,0.020388420298695566,0.06339163780212402,0.0,0.06886110454797745,0.0,0.267452210187912
8064,0.005074755847454071,0.017400118336081506,0.02192709073424339,0.06328689381480217,0.0,0.0688580870628357,0.0,0.26745668053627014
8065,0.004739671293646097,0.017901618033647537,0.023475471511483194,0.06005172207951546,0.0,0.06885076314210892,0.0,0.26746082305908203
8066,0.004968819860368967,0.017721919901669027,0.021308010444045067,0.06292211934924126,0.0,0.06884384155273438,0.0,0.26746445894241333
8067,0.004764946363866329,0.01948978118598461,0.022333033755421637,0.05955895781517029,0.0,0.06883914768695831,0.0,0.2674699127674103
8068,0.005239857640117407,0.01785801090300083,0.021743467077612877,0.06180878132581711,0.0,0.06883852928876877,0.0,0.26747527718544006
8069,0.005167638696730137,0.01766689047217369,0.020929165184497833,0.062164845317602156,0.0,0.06883662939071655,0.0,0.2674815356731415
8070,0.004776538070291281,0.019636623188853265,0.02192919924855232,0.06330457255244255,0.0,0.06883233785629272,0.0,0.2674878239631653
8071,0.0055763285607099535,0.017682742699980734,0.022334210574626923,0.06156372725963592,0.0,0.06882725656032562,0.0,0.2674940228462219
8072,0.0053072418086230755,0.018298811092972756,0.023077142611145973,0.06444334834814072,0.0,0.06882623583078384,0.0,0.2675005793571472
8073,0.0051417694427073005,0.01824202425777912,0.02243463695049286,0.06390349864959717,0.0,0.06882916390895844,0.0,0.2675051987171173
8074,0.0049966126680374146,0.017685491964221,0.02142725922167301,0.06314518600702286,0.0,0.06883783638477325,0.0,0.26751071214675903
8075,0.004883997328579426,0.018005020916461945,0.019884803518652915,0.06260368973016739,0.0,0.06885678321123123,0.0,0.26751598715782166
8076,0.00503288833424449,0.01803863011300564,0.021354332193732263,0.06606405824422837,0.0,0.06887748092412949,0.0,0.2675202190876007
8077,0.005270525719970465,0.018007926270365716,0.02211766503751278,0.059539768099784854,0.0,0.068898044526577,0.0,0.26752421259880066
8078,0.005522504448890686,0.018729616329073905,0.02301223836839199,0.059120596200227735,0.0,0.06892120838165283,0.0,0.26752811670303345
8079,0.005392179917544126,0.018492450937628746,0.02044053077697754,0.058360467106103896,0.0,0.0689413771033287,0.0,0.2675316035747528
8080,0.005093996785581112,0.018377584218978883,0.02320716269314289,0.061697112023830415,0.0,0.0689612478017807,0.0,0.2675354778766632
8081,0.005160258151590824,0.017977198213338853,0.022433924674987792,0.06294537335634232,0.0,0.06898035109043121,0.0,0.26753878593444824
8082,0.0048352769576013085,0.018041035905480386,0.021289293467998505,0.06259268000721932,0.0,0.06899584829807281,0.0,0.26754245162010193
8083,0.005318488366901875,0.018688272312283517,0.020470123365521432,0.06107650473713875,0.0,0.06901496648788452,0.0,0.2675431966781616
8084,0.005294759850949049,0.01796041280031204,0.021993908286094665,0.0668729528784752,0.0,0.06903260946273804,0.0,0.2675449252128601
8085,0.005247362609952688,0.018274817615747452,0.021303842961788177,0.05951225608587265,0.0,0.06905357539653778,0.0,0.26754698157310486
8086,0.004930592514574528,0.017594784125685693,0.023164878040552138,0.06249616071581841,0.0,0.0690746158361435,0.0,0.26754826307296753
8087,0.005034025106579065,0.01760898046195507,0.02322215400636196,0.0614483579993248,0.0,0.06909383088350296,0.0,0.26754698157310486
8088,0.005199449136853218,0.01736959405243397,0.02047082893550396,0.0605026513338089,0.0,0.06911059468984604,0.0,0.26754483580589294
8089,0.00496995011344552,0.01827542781829834,0.02269807830452919,0.06079802587628365,0.0,0.0691245049238205,0.0,0.2675413191318512
8090,0.004671939555555582,0.017682138830423355,0.021639168635010718,0.0605104461312294,0.0,0.06913361698389053,0.0,0.26753830909729004
8091,0.005055643152445555,0.018465553224086762,0.020675617456436157,0.06246975436806679,0.0,0.069138303399086,0.0,0.2675357460975647
8092,0.005229711998254061,0.018299990519881248,0.02111510671675205,0.05940981134772301,0.0,0.0691438764333725,0.0,0.26753348112106323
8093,0.00499596893787384,0.017591316252946854,0.020818156376481056,0.06005314290523529,0.0,0.0691503956913948,0.0,0.2675326466560364
8094,0.005123781505972147,0.01703973449766636,0.023483164235949518,0.06122855320572853,0.0,0.06915061175823212,0.0,0.26753124594688416
8095,0.005016516614705324,0.01812460571527481,0.02156204767525196,0.06391197293996811,0.0,0.06914792954921722,0.0,0.2675292491912842
8096,0.005062305834144354,0.018615545332431795,0.02267776392400265,0.06288964301347733,0.0,0.06914539635181427,0.0,0.26752957701683044
8097,0.0046755939722061155,0.017614466696977617,0.019892355799674986,0.06295978352427482,0.0,0.06914565712213516,0.0,0.26753050088882446
8098,0.005264757480472326,0.01826811917126179,0.02112659364938736,0.062315919995307924,0.0,0.06913957744836807,0.0,0.26753246784210205
8099,0.004902544803917408,0.018276207521557807,0.022322887927293776,0.0617595411837101,0.0,0.06914044916629791,0.0,0.2675318419933319
8100,0.005241571459919214,0.01816147193312645,0.022266929596662523,0.05986614376306534,0.0,0.06914258748292923,0.0,0.2675314247608185
8101,0.005327544361352921,0.01843906342983246,0.021959947422146797,0.062411797046661374,0.0,0.06914932280778885,0.0,0.26752883195877075
8102,0.005073471460491419,0.018511563539505005,0.021552649512887,0.05952432900667191,0.0,0.06915640085935593,0.0,0.2675221562385559
8103,0.005263103544712067,0.01788286566734314,0.022058362513780592,0.05919859558343887,0.0,0.06916235387325287,0.0,0.26751208305358887
8104,0.00519252298399806,0.018364859744906425,0.0238556906580925,0.06282987669110299,0.0,0.0691666454076767,0.0,0.26750245690345764
8105,0.004886483307927847,0.018065167218446733,0.022526811435818674,0.06295580789446831,0.0,0.06917468458414078,0.0,0.2674948573112488
8106,0.0052472053095698355,0.01777273267507553,0.02330409660935402,0.05835019201040268,0.0,0.0691787451505661,0.0,0.26748865842819214
8107,0.005573406908661127,0.018345124647021295,0.021055658534169196,0.06538371294736862,0.0,0.0691782683134079,0.0,0.26748380064964294
8108,0.00513371815904975,0.017992993444204332,0.022832557559013367,0.06272031813859939,0.0,0.06917854398488998,0.0,0.2674805819988251
8109,0.005073176324367523,0.018518270552158357,0.023408598080277444,0.06240317672491073,0.0,0.06917943805456161,0.0,0.26747918128967285
8110,0.005111571773886681,0.01729030702263117,0.02254202142357826,0.05930405855178833,0.0,0.0691809132695198,0.0,0.2674769461154938
8111,0.005172121617943048,0.01747100576758385,0.023079108074307443,0.060780832171440126,0.0,0.06918220221996307,0.0,0.2674742341041565
8112,0.005200445652008057,0.01776336580514908,0.022192322090268134,0.05915234014391899,0.0,0.06918857246637344,0.0,0.2674723267555237
8113,0.0052451216615736485,0.018102291226387023,0.019974714890122414,0.06160883083939552,0.0,0.0691966861486435,0.0,0.26747211813926697
8114,0.004994522407650947,0.018582288175821304,0.022074829787015915,0.0632640041410923,0.0,0.06920526921749115,0.0,0.26747044920921326
8115,0.005457565374672413,0.017729108780622484,0.021800434961915017,0.06441166624426842,0.0,0.06921540200710297,0.0,0.2674697935581207
8116,0.005268377158790827,0.018682220578193666,0.021869691833853722,0.06391905173659325,0.0,0.06922027468681335,0.0,0.26747092604637146
8117,0.004829512722790241,0.017144538275897504,0.02198384590446949,0.06183699369430542,0.0,0.06922344863414764,0.0,0.26747140288352966
8118,0.004878301545977593,0.018087751418352126,0.021634018421173094,0.061212337017059325,0.0,0.06922370195388794,0.0,0.2674713134765625
8119,0.0050748419016599655,0.017807278782129288,0.023564650490880013,0.05997602492570877,0.0,0.06922556459903717,0.0,0.26747217774391174
8120,0.005210606846958399,0.01884985454380512,0.022730939835309983,0.062053194642066954,0.0,0.06923267245292664,0.0,0.2674723267555237
8121,0.004996179323643446,0.018633265048265457,0.021946949139237403,0.06215892881155014,0.0,0.0692397728562355,0.0,0.26747074723243713
8122,0.00512433834373951,0.018125247210264206,0.019818369299173355,0.06047981902956963,0.0,0.06925233453512192,0.0,0.26747041940689087
8123,0.005218412261456251,0.018377365171909334,0.021864519640803336,0.060384344309568405,0.0,0.06926600635051727,0.0,0.26747259497642517
8124,0.005199860595166683,0.01762709766626358,0.02171848900616169,0.05996145606040955,0.0,0.06928589195013046,0.0,0.26747414469718933
8125,0.005057996697723865,0.0176351647824049,0.023014453426003455,0.06009838655591011,0.0,0.06930972635746002,0.0,0.2674756944179535
8126,0.00522010512650013,0.0184525303542614,0.021136049553751944,0.0619505763053894,0.0,0.06932871043682098,0.0,0.26747697591781616
8127,0.0049288664944469925,0.018321258202195167,0.020121607556939126,0.05923416316509247,0.0,0.06934722512960434,0.0,0.2674793601036072
8128,0.005343184992671013,0.018565010279417038,0.023673705011606216,0.061311399936676024,0.0,0.06936744600534439,0.0,0.26748207211494446
8129,0.005122292879968881,0.017958898469805716,0.022254836559295655,0.0638899952173233,0.0,0.06938328593969345,0.0,0.26748552918434143
8130,0.005375734996050596,0.017798785120248795,0.022164950147271156,0.05892411470413208,0.0,0.06939561665058136,0.0,0.26748794317245483
8131,0.005295872408896685,0.01680510938167572,0.02209789752960205,0.06456252634525299,0.0,0.06940425932407379,0.0,0.26749110221862793
8132,0.005729475803673267,0.01810740530490875,0.02123655304312706,0.060926138609647754,0.0,0.06940947473049164,0.0,0.2674964666366577
8133,0.005111373495310545,0.018982593715190888,0.021659572795033454,0.06174767315387726,0.0,0.06941215693950653,0.0,0.26750436425209045
8134,0.005191569309681654,0.018490520492196082,0.022795802727341653,0.059652427583932875,0.0,0.06941665709018707,0.0,0.26751136779785156
8135,0.005019087996333838,0.01775047294795513,0.021082990616559983,0.060436873137950896,0.0,0.06942366063594818,0.0,0.2675153613090515
8136,0.0050709832459688185,0.017339899390935897,0.022403639554977418,0.06260843202471733,0.0,0.0694282278418541,0.0,0.2675187885761261
8137,0.005157649796456098,0.01678815931081772,0.020131018385291098,0.06068976446986198,0.0,0.06943218410015106,0.0,0.267523854970932
8138,0.005122034996747971,0.01833212785422802,0.022344065457582475,0.06321645602583885,0.0,0.0694391280412674,0.0,0.26752644777297974
8139,0.005218598339706659,0.018765422329306603,0.020177458599209785,0.06384883522987365,0.0,0.06944860517978668,0.0,0.26752549409866333
8140,0.005261446814984083,0.017935916408896448,0.021563510224223138,0.06303059607744217,0.0,0.06945522129535675,0.0,0.2675231695175171
8141,0.005087685491889715,0.017413033917546273,0.021362605318427087,0.06315888017416,0.0,0.06945966184139252,0.0,0.2675202786922455
8142,0.004785598162561655,0.01855495199561119,0.021624585241079332,0.06268327236175537,0.0,0.06946499645709991,0.0,0.2675182819366455
8143,0.005183529481291771,0.01752406023442745,0.02344648875296116,0.062037380039691926,0.0,0.06946741789579391,0.0,0.2675198018550873
8144,0.004987811390310526,0.01900966912508011,0.02232743762433529,0.06114467233419418,0.0,0.06946752220392227,0.0,0.26752257347106934
8145,0.005129565205425024,0.017496929690241813,0.02329399287700653,0.06018581613898277,0.0,0.0694674402475357,0.0,0.26752516627311707
8146,0.005096276570111513,0.018218254297971727,0.021247056499123573,0.05816848799586296,0.0,0.0694623738527298,0.0,0.26752614974975586
8147,0.005089411744847894,0.01735919751226902,0.021935363486409187,0.06281642690300941,0.0,0.06946267932653427,0.0,0.267526775598526
8148,0.005298353265970945,0.01771576814353466,0.022501523792743682,0.06273732110857963,0.0,0.06946554780006409,0.0,0.2675279378890991
8149,0.005191831011325121,0.019205857068300247,0.021333106607198716,0.05923932865262031,0.0,0.06946761906147003,0.0,0.26752686500549316
8150,0.0051085158251225945,0.017672398313879966,0.020690426975488663,0.06112377420067787,0.0,0.06947226822376251,0.0,0.2675238251686096
8151,0.005229206569492817,0.0170040562748909,0.02302933596074581,0.06040414422750473,0.0,0.06947563588619232,0.0,0.2675190567970276
8152,0.005255986470729113,0.01729484610259533,0.022198406979441643,0.06487742960453033,0.0,0.06947564333677292,0.0,0.26751264929771423
8153,0.005289765633642673,0.01839447058737278,0.02169977091252804,0.06118936240673065,0.0,0.0694805160164833,0.0,0.2675047516822815
8154,0.005218386184424162,0.01815449818968773,0.021987083181738854,0.06576644480228425,0.0,0.06948624551296234,0.0,0.267498642206192
8155,0.005268318951129914,0.017643309384584426,0.02285999432206154,0.05712552666664124,0.0,0.06949400156736374,0.0,0.267494261264801
8156,0.005374439619481563,0.01809832863509655,0.022158776223659516,0.0635682299733162,0.0,0.06950224936008453,0.0,0.2674902677536011
8157,0.005017650593072176,0.018051428347826005,0.02145899347960949,0.06229395791888237,0.0,0.06950581818819046,0.0,0.26748672127723694
8158,0.005083058215677738,0.017945359647274017,0.022686725482344627,0.06300071328878402,0.0,0.06950942426919937,0.0,0.2674840986728668
8159,0.005057599302381277,0.01906562000513077,0.021638792008161545,0.06132884696125984,0.0,0.06951596587896347,0.0,0.2674812972545624
8160,0.005293304286897183,0.017576460167765616,0.02435016557574272,0.06414323300123215,0.0,0.0695176050066948,0.0,0.2674810588359833
8161,0.00518083106726408,0.017537878453731538,0.0221780177205801,0.05860764235258102,0.0,0.06951978802680969,0.0,0.2674811780452728
8162,0.0054663985036313536,0.01831252984702587,0.02193542756140232,0.05810043513774872,0.0,0.06952236592769623,0.0,0.267482191324234
8163,0.005132997501641512,0.018291420489549636,0.020933466404676436,0.06191571876406669,0.0,0.06952763348817825,0.0,0.26748231053352356
8164,0.005431351624429226,0.018730942532420157,0.021311723068356513,0.0626128576695919,0.0,0.06953295320272446,0.0,0.2674809396266937
8165,0.005088414251804352,0.01869548037648201,0.020786990597844123,0.05828410163521767,0.0,0.06954077631235123,0.0,0.26747941970825195
8166,0.005048538278788328,0.01796499490737915,0.021395961940288543,0.06020743325352669,0.0,0.06954681873321533,0.0,0.2674773633480072
8167,0.005403411109000444,0.017889093980193137,0.0224074799567461,0.05979409664869308,0.0,0.0695527121424675,0.0,0.26747649908065796
8168,0.004880587197840213,0.01866024248301983,0.022003721818327902,0.06336454004049301,0.0,0.06956575810909271,0.0,0.267476886510849
8169,0.0054776790551841256,0.018969622999429704,0.021177913621068002,0.06311607286334038,0.0,0.06958366930484772,0.0,0.2674778699874878
8170,0.005363871064037085,0.017773710191249847,0.020422644913196564,0.06088949516415596,0.0,0.06959936767816544,0.0,0.26747947931289673
8171,0.005387212615460157,0.016991228982806205,0.022478817030787468,0.06309828087687493,0.0,0.06961777061223984,0.0,0.2674816846847534
8172,0.005323499534279108,0.019222334399819373,0.02143412418663502,0.061908865720033644,0.0,0.06963572651147842,0.0,0.2674836814403534
8173,0.005468394141644239,0.018965085223317146,0.022356095910072326,0.06262297332286834,0.0,0.0696573555469513,0.0,0.2674861252307892
8174,0.005373843293637037,0.017830875143408774,0.02147832661867142,0.06126913726329804,0.0,0.06968275457620621,0.0,0.26748889684677124
8175,0.005417999345809221,0.019026477262377738,0.02170117720961571,0.062072939425706866,0.0,0.06970515847206116,0.0,0.2674897611141205
8176,0.005260732024908066,0.018661914765834807,0.020848647132515906,0.06251033842563629,0.0,0.06972707062959671,0.0,0.26748761534690857
8177,0.005176846776157618,0.01900218352675438,0.023466631770133972,0.06550745889544488,0.0,0.06974945962429047,0.0,0.2674866318702698
8178,0.005094748735427856,0.016907012090086937,0.02148166485130787,0.06185519397258758,0.0,0.06977057456970215,0.0,0.26748690009117126
8179,0.004887543991208077,0.0173780657351017,0.02236420102417469,0.05988234058022499,0.0,0.06978662312030792,0.0,0.2674860656261444
8180,0.0052925989963114265,0.017296279221773146,0.021833865344524382,0.059645384550094604,0.0,0.06980159133672714,0.0,0.26748648285865784
8181,0.0051359102129936215,0.0182852640748024,0.020990587025880813,0.05943908765912056,0.0,0.06981317698955536,0.0,0.26748770475387573
8182,0.0051461469382047655,0.01815119683742523,0.021597426012158395,0.0625179499387741,0.0,0.06982658058404922,0.0,0.26748713850975037
8183,0.005412447266280651,0.018149738013744355,0.020701578259468077,0.0589812196791172,0.0,0.06984008848667145,0.0,0.26748958230018616
8184,0.004823891818523407,0.018073077872395517,0.021014975383877754,0.0628279909491539,0.0,0.06985041499137878,0.0,0.2674914598464966
8185,0.005513317789882422,0.01840227283537388,0.023124463111162185,0.060397184640169146,0.0,0.06985525786876678,0.0,0.2674946188926697
8186,0.005247293692082167,0.017435971647500992,0.020550901442766188,0.05977187976241112,0.0,0.06986182928085327,0.0,0.26749759912490845
8187,0.0051454311236739155,0.018306020833551883,0.021733026206493377,0.06205113232135773,0.0,0.06986518949270248,0.0,0.26750054955482483
8188,0.005113196559250355,0.018121511861681937,0.020492161437869073,0.06623003631830215,0.0,0.06986483186483383,0.0,0.26750248670578003
8189,0.004726885352283716,0.01834704913198948,0.021111463755369188,0.06436721757054328,0.0,0.06986074894666672,0.0,0.2675052583217621
8190,0.004962091892957687,0.018061704561114313,0.022367821261286735,0.06186485588550568,0.0,0.0698547512292862,0.0,0.26750609278678894
8191,0.005642471741884947,0.017337930947542192,0.021873338520526885,0.05861507654190064,0.0,0.06985132396221161,0.0,0.2675066888332367
8192,0.005456736031919718,0.018306491151452064,0.02040846049785614,0.058807267993688586,0.0,0.06984793394804001,0.0,0.2675064504146576
8193,0.00541131068021059,0.017609759420156478,0.019595739245414735,0.06416572332382202,0.0,0.06985069811344147,0.0,0.26750659942626953
8194,0.0050288461148738865,0.017910244688391686,0.022462159395217896,0.061727605760097504,0.0,0.06985622644424438,0.0,0.26750609278678894
8195,0.0053015599027276036,0.01757987290620804,0.021043625846505164,0.06130225658416748,0.0,0.06985785067081451,0.0,0.26750487089157104
8196,0.004865329340100288,0.017533599212765694,0.01995251327753067,0.05958981961011887,0.0,0.06985611468553543,0.0,0.26750510931015015
8197,0.005280438344925642,0.0177940770983696,0.022247831150889397,0.06354493647813797,0.0,0.06985343992710114,0.0,0.26750561594963074
8198,0.004985278658568859,0.01814347393810749,0.021105438843369483,0.06141037121415138,0.0,0.06985239684581757,0.0,0.2675061523914337
8199,0.005001359898597002,0.018761340528726578,0.021866201609373092,0.06077122166752815,0.0,0.06984859704971313,0.0,0.2675081193447113
8200,0.005209119711071253,0.017311567440629005,0.021623178198933602,0.06449728161096573,0.0,0.0698436051607132,0.0,0.2675095498561859
8201,0.005177109781652689,0.018348992243409155,0.021518950909376146,0.06033047065138817,0.0,0.06983532011508942,0.0,0.26750949025154114
8202,0.005140235554426909,0.01771790683269501,0.021476519852876665,0.06268067806959152,0.0,0.06982589513063431,0.0,0.26751044392585754
8203,0.005280710197985173,0.018498938530683517,0.020957247540354728,0.06262671500444413,0.0,0.06981430947780609,0.0,0.2675130367279053
8204,0.005436162743717432,0.017559078335762025,0.02163735218346119,0.062463123351335526,0.0,0.06979791820049286,0.0,0.26751619577407837
8205,0.005246603768318892,0.01802813448011875,0.02181833200156689,0.05996264219284057,0.0,0.06977950036525726,0.0,0.2675184905529022
8206,0.005243102926760912,0.017873341962695122,0.021367868036031724,0.0612358383834362,0.0,0.06976320594549179,0.0,0.2675182819366455
8207,0.005146191455423832,0.0187830176204443,0.021035173907876015,0.06171220019459724,0.0,0.06974480301141739,0.0,0.26751893758773804
8208,0.005527991615235805,0.019209668040275574,0.02191789783537388,0.060134042799472806,0.0,0.06972457468509674,0.0,0.2675209641456604
8209,0.005381488986313343,0.018119337782263756,0.02324303947389126,0.0623462475836277,0.0,0.069703109562397,0.0,0.26752325892448425
8210,0.005033296998590231,0.019108717888593675,0.020867370441555975,0.065020090341568,0.0,0.06968338787555695,0.0,0.2675270438194275
8211,0.005324830394238233,0.018803667277097702,0.021664468571543694,0.06326670572161674,0.0,0.06966643035411835,0.0,0.2675321698188782
8212,0.004813044425100088,0.01728765368461609,0.022431882470846175,0.062012714147567746,0.0,0.06964977085590363,0.0,0.2675393521785736
8213,0.0054935900494456295,0.01863135173916817,0.022374423593282698,0.058761227130889895,0.0,0.06963257491588593,0.0,0.26754599809646606
8214,0.005174069479107857,0.0181108009070158,0.02291133441030979,0.059132882952690126,0.0,0.06961618363857269,0.0,0.2675515413284302
8215,0.0048432801850140095,0.017742565274238585,0.021079395711421967,0.061413274705410005,0.0,0.0696016326546669,0.0,0.26755404472351074
8216,0.004944938328117132,0.017939617857336998,0.02196126841008663,0.06417818143963813,0.0,0.06958641111850739,0.0,0.2675536870956421
8217,0.0050626896321773526,0.017842157930135726,0.021157843247056007,0.05966155081987381,0.0,0.06957580149173737,0.0,0.2675531208515167
8218,0.005064742360264063,0.018147915601730347,0.021195428818464278,0.06064786091446876,0.0,0.06956584751605988,0.0,0.2675517201423645
8219,0.005061247944831848,0.018113194033503532,0.022751224413514137,0.06436678618192673,0.0,0.06955943256616592,0.0,0.26754817366600037
8220,0.004891163948923349,0.01794558800756931,0.020208969339728357,0.06272321864962578,0.0,0.06955093145370483,0.0,0.2675444781780243
8221,0.005316656082868576,0.018157558515667915,0.022278229519724847,0.06185656487941742,0.0,0.06954300403594971,0.0,0.2675425410270691
8222,0.0047836098819971085,0.01828889809548855,0.022213479876518248,0.06300141960382462,0.0,0.06953714787960052,0.0,0.2675411105155945
8223,0.005486153531819582,0.018256615847349167,0.022406281903386116,0.0598863810300827,0.0,0.06953032314777374,0.0,0.2675407826900482
8224,0.005245644506067038,0.016973261162638663,0.022025014460086822,0.06064220517873764,0.0,0.06952355802059174,0.0,0.2675391137599945
8225,0.004899355489760638,0.018289323523640634,0.02184695079922676,0.06507472395896911,0.0,0.06951598823070526,0.0,0.26753705739974976
8226,0.005256836116313934,0.01713627502322197,0.022995852306485175,0.059411322325468065,0.0,0.06950657069683075,0.0,0.2675360143184662
8227,0.0050621872767806055,0.01745149902999401,0.02241908051073551,0.06711607798933983,0.0,0.06949660927057266,0.0,0.2675342857837677
8228,0.0050585146993398665,0.0186711847782135,0.02346453182399273,0.06306546181440353,0.0,0.0694829598069191,0.0,0.26753368973731995
8229,0.005116979591548443,0.01920212507247925,0.021555444970726968,0.06130223348736763,0.0,0.06946617364883423,0.0,0.2675319314002991
8230,0.005328090954571962,0.018190395459532736,0.021131179109215737,0.06604162007570266,0.0,0.06945695728063583,0.0,0.267530232667923
8231,0.005263872817158699,0.01838487423956394,0.023157133534550668,0.059471818059682845,0.0,0.06944595277309418,0.0,0.267528772354126
8232,0.005124143231660128,0.0179935984313488,0.021597694233059885,0.0579035758972168,0.0,0.06944398581981659,0.0,0.26752710342407227
8233,0.0052637062035501,0.017173732072114943,0.021114368736743928,0.06206432655453682,0.0,0.06944122165441513,0.0,0.267526775598526
8234,0.004873490333557129,0.01745644062757492,0.021600280702114106,0.06198224350810051,0.0,0.06943849474191666,0.0,0.26752644777297974
8235,0.005181677825748921,0.017752322554588317,0.02158600576221943,0.0589966431260109,0.0,0.06944149732589722,0.0,0.26752516627311707
8236,0.0049444552510976795,0.018395375460386276,0.021792230755090715,0.06320681720972061,0.0,0.06944601982831955,0.0,0.2675209939479828
8237,0.004850269202142954,0.018379513546824454,0.02093869782984257,0.06278745010495186,0.0,0.06944969296455383,0.0,0.26751813292503357
8238,0.005301757622510195,0.019123302400112153,0.021032072603702545,0.05785476714372635,0.0,0.06945496052503586,0.0,0.2675152122974396
8239,0.0050483809784054754,0.017001333832740783,0.022895679622888566,0.056637150794267656,0.0,0.0694599375128746,0.0,0.26751428842544556
8240,0.0051053776405751705,0.019126563891768457,0.022351868450641632,0.0627773717045784,0.0,0.06946326792240143,0.0,0.2675119936466217
8241,0.00508423401042819,0.01754908002912998,0.02189270704984665,0.06346758157014847,0.0,0.06946929544210434,0.0,0.2675114870071411
8242,0.004982686601579189,0.017300835996866226,0.020319486036896706,0.06316327303647995,0.0,0.06947443634271622,0.0,0.26751023530960083
8243,0.005431809462606907,0.01835091896355152,0.020916882157325744,0.06021004319190979,0.0,0.06948365271091461,0.0,0.26750892400741577
8244,0.005105033610016107,0.01735333353281021,0.02321445234119892,0.06561174988746643,0.0,0.06948980689048767,0.0,0.2675088047981262
8245,0.005213153827935457,0.017747794464230537,0.02202816419303417,0.06286643445491791,0.0,0.06949503719806671,0.0,0.2675101161003113
8246,0.005213747452944517,0.018397122621536255,0.021075325459241866,0.058716573566198346,0.0,0.06950198113918304,0.0,0.2675122916698456
8247,0.004924954753369093,0.017881160229444505,0.021800868213176727,0.060698043555021286,0.0,0.06950980424880981,0.0,0.26751434803009033
8248,0.004996146634221077,0.01781569793820381,0.022757694870233536,0.0627455733716488,0.0,0.06951330602169037,0.0,0.2675151526927948
8249,0.005158479698002339,0.017683278024196624,0.020961435884237288,0.06076876595616341,0.0,0.06952034682035446,0.0,0.2675168812274933
8250,0.0053182062692940235,0.017788822203874587,0.02335207648575306,0.059467265754938124,0.0,0.06953132152557373,0.0,0.26752007007598877
8251,0.005150520522147417,0.017881525307893754,0.021115471422672272,0.061966868489980696,0.0,0.06954478472471237,0.0,0.26752692461013794
8252,0.005401062499731779,0.017802965827286243,0.02223482131958008,0.0623833604156971,0.0,0.06955840438604355,0.0,0.2675335705280304
8253,0.0053001875057816505,0.018038270995020866,0.020380616933107377,0.06467432007193566,0.0,0.06957266479730606,0.0,0.26754045486450195
8254,0.005297118704766035,0.017736892402172088,0.021597128733992575,0.061457060277462006,0.0,0.06958308815956116,0.0,0.2675481140613556
8255,0.005138501338660717,0.017333390563726424,0.023382853344082834,0.0596787080168724,0.0,0.06958998739719391,0.0,0.2675568163394928
8256,0.004950721934437752,0.017124392837285996,0.02303778938949108,0.05911630392074585,0.0,0.0696030706167221,0.0,0.26756492257118225
8257,0.005265681352466345,0.016785843297839165,0.021442711353302002,0.059310708194971085,0.0,0.06960903853178024,0.0,0.267569363117218
8258,0.005234792083501816,0.01835232079029083,0.02020457237958908,0.059670517593622206,0.0,0.06960660219192505,0.0,0.26757389307022095
8259,0.0051289952360093595,0.01840854398906231,0.023212813213467597,0.06418973729014396,0.0,0.06959729641675949,0.0,0.2675791382789612
8260,0.0051445036195218565,0.018245236203074455,0.02239248566329479,0.06139209866523743,0.0,0.0695851668715477,0.0,0.2675829529762268
8261,0.005217743944376707,0.01882315017282963,0.02309788092970848,0.061414334923028946,0.0,0.06957639008760452,0.0,0.267586886882782
8262,0.005129725858569145,0.01774351894855499,0.021943800151348114,0.06015228480100632,0.0,0.06956978887319565,0.0,0.26759073138237
8263,0.0051438741385936735,0.016896941140294074,0.01983734592795372,0.06141250655055046,0.0,0.06956209987401962,0.0,0.26759299635887146
8264,0.005294075421988964,0.018422463536262514,0.02287808880209923,0.05916768237948418,0.0,0.06954924762248993,0.0,0.26759418845176697
8265,0.004753354378044606,0.018433717265725135,0.02133173905313015,0.065506362169981,0.0,0.06953493505716324,0.0,0.2675938010215759
8266,0.004964987840503454,0.019356101006269454,0.020250045508146287,0.05817807540297508,0.0,0.06951859593391418,0.0,0.2675935626029968
8267,0.005231115221977234,0.01810607425868511,0.02207653149962425,0.06101886630058288,0.0,0.0695016011595726,0.0,0.26759299635887146
8268,0.0048137841746211055,0.0179944958537817,0.022361622005701066,0.060967759042978284,0.0,0.0694839358329773,0.0,0.26759204268455505
8269,0.005057064350694418,0.01786426790058613,0.021323329582810403,0.061162817478179934,0.0,0.0694643184542656,0.0,0.26759061217308044
8270,0.005492877867072821,0.017459306120872497,0.02220001108944416,0.059880131483078004,0.0,0.06944207847118378,0.0,0.26758912205696106
8271,0.0053351175971329216,0.018434811756014823,0.021658921614289284,0.06022997871041298,0.0,0.06942146271467209,0.0,0.2675894796848297
8272,0.005121075455099345,0.018707402423024176,0.022245664894580842,0.06381878182291985,0.0,0.069404736161232,0.0,0.2675899863243103
8273,0.005389904975891114,0.016990264505147935,0.020740527659654617,0.06183174103498459,0.0,0.06938712298870087,0.0,0.2675904631614685
8274,0.005470417998731136,0.017887507379055024,0.021420800313353538,0.06001831516623497,0.0,0.06937026232481003,0.0,0.2675900459289551
8275,0.005288339219987392,0.018851804733276366,0.023770281672477724,0.06187166422605515,0.0,0.06935901194810867,0.0,0.26758840680122375
8276,0.0051969756372272965,0.017503707110881804,0.02226044163107872,0.06452773287892341,0.0,0.06934821605682373,0.0,0.26758724451065063
8277,0.005217729695141315,0.018686233833432198,0.020885756984353066,0.06289952099323273,0.0,0.06934383511543274,0.0,0.2675853371620178
8278,0.0049518742598593235,0.01856415383517742,0.023650696873664855,0.06077436655759812,0.0,0.0693436861038208,0.0,0.26758378744125366
8279,0.005241227801889181,0.017680252343416213,0.022383587062358858,0.06008361130952835,0.0,0.06934322416782379,0.0,0.2675815522670746
8280,0.0051674673333764074,0.017914854735136033,0.020948009565472603,0.05874014049768448,0.0,0.06934619694948196,0.0,0.2675802707672119
8281,0.005176483280956745,0.017713692784309388,0.021796497330069543,0.06078109070658684,0.0,0.06934575736522675,0.0,0.26757901906967163
8282,0.005069484189152718,0.01840383857488632,0.02126871347427368,0.06248400583863258,0.0,0.06934548914432526,0.0,0.2675781846046448
8283,0.005561206582933664,0.01844155415892601,0.020760267972946167,0.05996140763163567,0.0,0.0693497583270073,0.0,0.2675802409648895
8284,0.005614546686410904,0.01787349358201027,0.023429131135344505,0.062470507621765134,0.0,0.06935478001832962,0.0,0.2675820291042328
8285,0.0051319731399416925,0.01746625192463398,0.021980300545692444,0.061907559633255005,0.0,0.06936104595661163,0.0,0.26758408546447754
8286,0.005042962636798621,0.01803446523845196,0.02256527580320835,0.06278369724750518,0.0,0.06936543434858322,0.0,0.2675847113132477
8287,0.005054540280252695,0.01839032582938671,0.022595145925879478,0.06745928376913071,0.0,0.06936892867088318,0.0,0.26758307218551636
8288,0.005352202896028757,0.018139852955937386,0.022475362196564673,0.05974775701761246,0.0,0.06937656551599503,0.0,0.26758188009262085
8289,0.005208701454102993,0.01857871226966381,0.02356327660381794,0.06763437688350678,0.0,0.0693826824426651,0.0,0.26758062839508057
8290,0.005077799409627914,0.019085758924484254,0.02354966402053833,0.06482736319303513,0.0,0.06938761472702026,0.0,0.2675796151161194
8291,0.005058228969573975,0.018087540939450263,0.022454974055290223,0.057517753541469575,0.0,0.0694027692079544,0.0,0.2675798535346985
8292,0.005005133710801602,0.017390435561537743,0.021698222309350968,0.05993776842951774,0.0,0.06942040473222733,0.0,0.2675812840461731
8293,0.005158144701272249,0.0180011048913002,0.022970811277627946,0.06256675496697425,0.0,0.0694337859749794,0.0,0.26758116483688354
8294,0.00525269778445363,0.01755538918077946,0.023416492342948913,0.06493111699819565,0.0,0.06944926083087921,0.0,0.26758134365081787
8295,0.005485537461936474,0.01831276938319206,0.02190796360373497,0.06676230579614639,0.0,0.06946740299463272,0.0,0.2675808072090149
8296,0.005021893791854382,0.018662800267338752,0.022465169429779053,0.06854246854782105,0.0,0.0694832056760788,0.0,0.2675834596157074
8297,0.0052123600617051125,0.017860886454582215,0.020841024816036224,0.06288543418049812,0.0,0.06949656456708908,0.0,0.267587810754776
8298,0.005192343425005674,0.01811787225306034,0.023508685082197188,0.06269738152623176,0.0,0.0695071890950203,0.0,0.26759055256843567
8299,0.005136797297745943,0.017985984310507776,0.020030590146780013,0.0591171957552433,0.0,0.06951847672462463,0.0,0.26759177446365356
8300,0.005192267149686814,0.01722867675125599,0.022430326044559478,0.05961771830916405,0.0,0.06952732801437378,0.0,0.26759248971939087
8301,0.005162868555635214,0.01861516684293747,0.02221629023551941,0.06272490844130515,0.0,0.06953798234462738,0.0,0.2675953805446625
8302,0.004892124608159065,0.018245586752891542,0.023166029155254363,0.06180606633424759,0.0,0.06954707205295563,0.0,0.2675979733467102
8303,0.005223726853728294,0.017275063879787923,0.02113162577152252,0.05733027160167694,0.0,0.06956110894680023,0.0,0.2676005959510803
8304,0.005256588105112314,0.017839259654283523,0.02234673537313938,0.06362282559275627,0.0,0.06957769393920898,0.0,0.26760333776474
8305,0.005588674359023571,0.018122905120253562,0.021898621693253517,0.06129734143614769,0.0,0.06959018111228943,0.0,0.26760536432266235
8306,0.005064444150775671,0.018159954249858855,0.02375253811478615,0.06342345103621483,0.0,0.06960108876228333,0.0,0.26760897040367126
8307,0.004930813703685999,0.01788557693362236,0.024448279291391373,0.059699857234954835,0.0,0.06961331516504288,0.0,0.26761385798454285
8308,0.005014307983219624,0.017426158487796783,0.021579787880182267,0.06463301852345467,0.0,0.06962047517299652,0.0,0.2676185369491577
8309,0.0051867392845451835,0.018130388110876083,0.023896743729710578,0.06097043007612228,0.0,0.06962627917528152,0.0,0.2676226496696472
8310,0.004952325951308012,0.018491095304489134,0.02158624529838562,0.06176268830895424,0.0,0.06962676346302032,0.0,0.2676268219947815
8311,0.004895904753357172,0.017798716947436333,0.02180374674499035,0.06467139720916748,0.0,0.06962043046951294,0.0,0.267630398273468
8312,0.005141274631023407,0.018527374789118766,0.02252587229013443,0.0636113665997982,0.0,0.06961550563573837,0.0,0.2676299214363098
8313,0.005296682380139828,0.018210334703326225,0.02200711816549301,0.05931151434779167,0.0,0.0696125254034996,0.0,0.2676308751106262
8314,0.005457098130136728,0.017612387984991075,0.021677274629473685,0.06166577860713005,0.0,0.06961270421743393,0.0,0.2676299810409546
8315,0.005109719093888998,0.01781872771680355,0.02135690227150917,0.060207337886095044,0.0,0.06961186230182648,0.0,0.2676272988319397
8316,0.005438704043626785,0.01821356937289238,0.02112026736140251,0.06478528454899787,0.0,0.06960741430521011,0.0,0.26762473583221436
8317,0.005496874451637268,0.01788879930973053,0.021122095733880998,0.062422280013561246,0.0,0.06961007416248322,0.0,0.26762112975120544
8318,0.00521210664883256,0.018070317804813385,0.02164536640048027,0.06168106198310852,0.0,0.06962026655673981,0.0,0.267618328332901
8319,0.0052267427556216715,0.018305614218115808,0.021813976019620894,0.05945806428790092,0.0,0.06962927430868149,0.0,0.2676185369491577
8320,0.004980478528887033,0.019159964099526406,0.02172173485159874,0.06193944588303566,0.0,0.06963683664798737,0.0,0.2676205039024353
8321,0.005117287114262581,0.01852033883333206,0.021058857068419458,0.06172050833702088,0.0,0.0696418434381485,0.0,0.2676233649253845
8322,0.004935702681541443,0.017628749087452888,0.020867611095309258,0.0630351722240448,0.0,0.06964866071939468,0.0,0.2676265239715576
8323,0.004991375654935837,0.018827713653445245,0.021748377382755278,0.06321862414479255,0.0,0.06965608149766922,0.0,0.2676299512386322
8324,0.005119744688272476,0.01852666512131691,0.0220949687063694,0.06259548142552376,0.0,0.06966225057840347,0.0,0.2676324248313904
8325,0.005323562305420637,0.01831546388566494,0.022314457595348357,0.0598436176776886,0.0,0.06967456638813019,0.0,0.26763400435447693
8326,0.005175423342734575,0.018907449394464492,0.021481372788548468,0.06124694645404816,0.0,0.06968747079372406,0.0,0.26763346791267395
8327,0.005211442429572344,0.018378619477152823,0.021950308606028555,0.06296573355793952,0.0,0.0697019100189209,0.0,0.26763325929641724
8328,0.005346232187002897,0.01705685593187809,0.02320723347365856,0.06844435036182403,0.0,0.06971700489521027,0.0,0.26763254404067993
8329,0.005284985434263945,0.01871514767408371,0.02176901064813137,0.06636638194322586,0.0,0.06973455846309662,0.0,0.26763176918029785
8330,0.0051994920708239075,0.017987946420907973,0.020231444016098978,0.05928478389978409,0.0,0.06975103914737701,0.0,0.2676302492618561
8331,0.00526241697371006,0.017711954936385155,0.023501869291067123,0.05926675945520401,0.0,0.06976506859064102,0.0,0.26763033866882324
8332,0.005255601741373539,0.018138107284903525,0.02110317163169384,0.06049167662858963,0.0,0.0697811022400856,0.0,0.2676307260990143
8333,0.005257199238985777,0.018860834091901778,0.02164972499012947,0.061184632033109664,0.0,0.0697893351316452,0.0,0.26763176918029785
8334,0.0051949270069599155,0.018110600858926774,0.022077920287847518,0.06273760199546814,0.0,0.0697987824678421,0.0,0.26763448119163513
8335,0.005090642813593149,0.01830337606370449,0.02278250567615032,0.06345386803150177,0.0,0.06980866938829422,0.0,0.2676377296447754
8336,0.005247902311384678,0.01756642609834671,0.021595815569162367,0.06032269299030304,0.0,0.06982043385505676,0.0,0.26764029264450073
8337,0.00497303456068039,0.018240593373775482,0.021666201949119567,0.06774161607027054,0.0,0.0698280781507492,0.0,0.2676432728767395
8338,0.005085656978189945,0.017737853713333605,0.02186041809618473,0.06464005708694458,0.0,0.0698334202170372,0.0,0.2676476836204529
8339,0.005116717889904976,0.01784743629395962,0.022828227654099465,0.06028580814599991,0.0,0.06983152031898499,0.0,0.2676507830619812
8340,0.005181240756064654,0.017803261429071425,0.021499743312597276,0.06085905134677887,0.0,0.06982801109552383,0.0,0.2676536440849304
8341,0.005090221110731363,0.01651735994964838,0.021284132823348047,0.05895932242274284,0.0,0.06982710212469101,0.0,0.2676573693752289
8342,0.00498063899576664,0.01755203977227211,0.021660742908716203,0.06355024799704552,0.0,0.0698266327381134,0.0,0.2676594853401184
8343,0.005285871773958206,0.018112003803253174,0.021449459344148637,0.06289681419730186,0.0,0.06982431560754776,0.0,0.2676612436771393
8344,0.005122945923358202,0.018212739005684854,0.02232639938592911,0.06237852424383163,0.0,0.06982056051492691,0.0,0.26766085624694824
8345,0.004887287318706512,0.018175866082310678,0.02184741906821728,0.06358736231923104,0.0,0.06981466710567474,0.0,0.2676602005958557
8346,0.005442261043936014,0.018425040319561957,0.02303093783557415,0.059787900745868684,0.0,0.06980802863836288,0.0,0.26765865087509155
8347,0.0056657417677342895,0.01789044700562954,0.020251715555787086,0.06102155968546867,0.0,0.06980510801076889,0.0,0.2676563858985901
8348,0.004699491336941719,0.018310068547725676,0.02274910733103752,0.06488173082470894,0.0,0.06980213522911072,0.0,0.2676546573638916
8349,0.005045896302908659,0.018019286543130876,0.022235070914030076,0.06216379851102829,0.0,0.0697987899184227,0.0,0.2676529884338379
8350,0.005296867806464434,0.018149854615330696,0.02300546132028103,0.060680880397558215,0.0,0.0697941780090332,0.0,0.2676510810852051
8351,0.005094180442392826,0.018243299797177315,0.021188249811530113,0.06097919046878815,0.0,0.06978855282068253,0.0,0.2676510214805603
8352,0.005289088934659958,0.01769618019461632,0.021831442043185233,0.06127424165606499,0.0,0.06977871805429459,0.0,0.26765432953834534
8353,0.004646124318242073,0.01808069199323654,0.020963552221655846,0.06313934549689293,0.0,0.06976421922445297,0.0,0.2676583230495453
8354,0.005117902811616659,0.01776186525821686,0.02112479992210865,0.060012535005807874,0.0,0.06975236535072327,0.0,0.2676630914211273
8355,0.005105463322252035,0.01770974472165108,0.020873183757066725,0.06128600388765335,0.0,0.06974069029092789,0.0,0.2676681578159332
8356,0.005188283324241638,0.017068812623620033,0.02034890241920948,0.06332204565405845,0.0,0.06972689926624298,0.0,0.26767268776893616
8357,0.00503428028896451,0.01873054765164852,0.021861255541443823,0.0627924919128418,0.0,0.06971345841884613,0.0,0.26767483353614807
8358,0.005469871964305639,0.01753166690468788,0.02061338201165199,0.062450270354747775,0.0,0.06970348954200745,0.0,0.2676762640476227
8359,0.00535963186994195,0.017306919768452646,0.022702981904149055,0.06287195831537247,0.0,0.06969446688890457,0.0,0.2676777243614197
8360,0.005065520200878382,0.017804323136806487,0.022311439737677574,0.059076516330242156,0.0,0.06967960298061371,0.0,0.2676764726638794
8361,0.004830827470868826,0.017781079560518265,0.01977433227002621,0.05976845771074295,0.0,0.06966745853424072,0.0,0.26767411828041077
8362,0.005190139077603817,0.018488036841154097,0.02372123524546623,0.0640883557498455,0.0,0.06965680420398712,0.0,0.2676716446876526
8363,0.005255307909101248,0.018465027585625647,0.021840672940015793,0.058861172199249266,0.0,0.0696568638086319,0.0,0.2676704227924347
8364,0.005056035425513983,0.018652860820293427,0.022324458882212638,0.06358058527112007,0.0,0.0696624144911766,0.0,0.2676694393157959
8365,0.0050436221994459626,0.017633093148469926,0.021369077265262604,0.06226371005177498,0.0,0.06966764479875565,0.0,0.26766836643218994
8366,0.005259101465344429,0.01794171892106533,0.021363141015172005,0.05800216123461723,0.0,0.0696742907166481,0.0,0.26766958832740784
8367,0.0050214906223118305,0.018640540540218353,0.02358415275812149,0.05943673178553581,0.0,0.06967998296022415,0.0,0.26767194271087646
8368,0.005353729613125325,0.018845884874463082,0.022682644054293634,0.060967205464839934,0.0,0.06968153268098831,0.0,0.267675518989563
8369,0.0053106450475752355,0.01760265603661537,0.021574987471103667,0.05785675346851349,0.0,0.06968370825052261,0.0,0.26767846941947937
8370,0.004984341003000737,0.01747231334447861,0.02130594663321972,0.06498526334762574,0.0,0.0696854442358017,0.0,0.2676801085472107
8371,0.005393522791564465,0.018845418095588685,0.02007826268672943,0.059601350128650664,0.0,0.06968855112791061,0.0,0.2676805853843689
8372,0.005323666427284479,0.017793560028076173,0.0213312491774559,0.06366628557443618,0.0,0.06969153881072998,0.0,0.2676793336868286
8373,0.004780219215899706,0.01745225042104721,0.021483561024069786,0.061840370297431946,0.0,0.06970508396625519,0.0,0.2676776647567749
8374,0.004933710582554341,0.017872966453433038,0.02279827706515789,0.06427249684929848,0.0,0.0697137862443924,0.0,0.2676745057106018
8375,0.005288730934262275,0.018659575283527373,0.021744802221655847,0.0662225678563118,0.0,0.06972263753414154,0.0,0.267672598361969
8376,0.005121759418398142,0.018234456703066827,0.021088043227791786,0.06416377797722816,0.0,0.06973378360271454,0.0,0.2676708698272705
8377,0.0052970127202570435,0.01798350512981415,0.02165166810154915,0.06010262966156006,0.0,0.0697459727525711,0.0,0.26766860485076904
8378,0.005632350128144026,0.01774364672601223,0.022822728008031846,0.06005337685346603,0.0,0.06975801289081573,0.0,0.2676664888858795
8379,0.005156886857002973,0.01816992200911045,0.018641169741749765,0.0617764338850975,0.0,0.06976960599422455,0.0,0.26766306161880493
8380,0.005438085366040468,0.018250858783721922,0.021023574471473693,0.06541804224252701,0.0,0.0697823241353035,0.0,0.26765909790992737
8381,0.005112839210778475,0.017886972427368163,0.02041347473859787,0.058813606202602384,0.0,0.06979323923587799,0.0,0.2676551640033722
8382,0.005518901348114014,0.018096021935343744,0.02111724428832531,0.06089590191841125,0.0,0.06979896128177643,0.0,0.2676510512828827
8383,0.005049524642527103,0.01737828478217125,0.02116456814110279,0.06298046857118607,0.0,0.06980226188898087,0.0,0.2676466107368469
8384,0.004975599329918623,0.017958850413560868,0.02137594372034073,0.060916902124881746,0.0,0.06980328261852264,0.0,0.2676410377025604
8385,0.005030968133360148,0.01779748611152172,0.021770767122507095,0.06381841525435447,0.0,0.06980346143245697,0.0,0.26763689517974854
8386,0.005319464672356844,0.017958534881472588,0.022942300885915756,0.060451194643974304,0.0,0.06980028003454208,0.0,0.26763543486595154
8387,0.0053947136737406256,0.01772371418774128,0.023164846003055573,0.05940259099006653,0.0,0.06979647278785706,0.0,0.26763296127319336
8388,0.005139091610908508,0.01783216781914234,0.023875496163964272,0.06017875820398331,0.0,0.06979399174451828,0.0,0.2676316201686859
8389,0.005503590404987335,0.019016216322779656,0.020212873443961145,0.06287234649062157,0.0,0.06978704035282135,0.0,0.26762959361076355
8390,0.005383160803467036,0.01760447770357132,0.023874610662460327,0.05975800976157188,0.0,0.06977824121713638,0.0,0.2676278054714203
8391,0.0049190868623554705,0.017677564546465872,0.020650803670287134,0.0629805140197277,0.0,0.06977008283138275,0.0,0.2676275372505188
8392,0.005097709316760302,0.01776365824043751,0.022033330425620078,0.06084137111902237,0.0,0.06976212561130524,0.0,0.2676253318786621
8393,0.005191313102841377,0.01788356564939022,0.021488017961382867,0.06444080621004104,0.0,0.06975462287664413,0.0,0.26762428879737854
8394,0.005115032568573952,0.018069063127040864,0.021642745658755302,0.05830609723925591,0.0,0.06974485516548157,0.0,0.2676237225532532
8395,0.0053329236805439,0.01803799830377102,0.021329442411661147,0.06066046431660652,0.0,0.06973624229431152,0.0,0.2676243185997009
8396,0.0051977140828967094,0.01784636415541172,0.020724665746092795,0.05997752472758293,0.0,0.06972868740558624,0.0,0.26762551069259644
8397,0.005687697883695364,0.017604893445968627,0.020948614552617074,0.05769334137439728,0.0,0.06971520930528641,0.0,0.26762643456459045
8398,0.005360242258757353,0.018030571565032006,0.023107123747467994,0.06593225747346879,0.0,0.06970132887363434,0.0,0.26762834191322327
8399,0.005336999613791704,0.01788194812834263,0.02021683715283871,0.06589724570512771,0.0,0.06968791782855988,0.0,0.2676284909248352
8400,0.004902473278343677,0.016592442989349365,0.021355897560715674,0.06336934342980385,0.0,0.06966974586248398,0.0,0.26763075590133667
8401,0.005259344168007374,0.01800620146095753,0.023027579113841058,0.0624174565076828,0.0,0.06965084373950958,0.0,0.26763230562210083
8402,0.005187337473034859,0.018052747845649718,0.020423119887709618,0.0619652196764946,0.0,0.06962517648935318,0.0,0.26763439178466797
8403,0.005242257565259934,0.0187279287725687,0.020518584176898003,0.06027096137404442,0.0,0.06959731876850128,0.0,0.26763665676116943
8404,0.005311174876987934,0.017789525166153907,0.02176891192793846,0.06036429479718208,0.0,0.06957276910543442,0.0,0.26764073967933655
8405,0.005108982603996992,0.017392681539058687,0.022881291806697845,0.06242262125015259,0.0,0.06955621391534805,0.0,0.2676449418067932
8406,0.005827942118048668,0.017400943115353583,0.019608058407902716,0.06473651081323624,0.0,0.0695403590798378,0.0,0.26764926314353943
8407,0.005320436134934425,0.018171672895550727,0.02109050564467907,0.062399981915950774,0.0,0.06951949745416641,0.0,0.2676524519920349
8408,0.005061707738786936,0.018191042914986612,0.021374966949224472,0.06260352209210396,0.0,0.06950210779905319,0.0,0.26765403151512146
8409,0.005390867404639721,0.017400992661714555,0.020927661284804343,0.061646800488233566,0.0,0.06948324292898178,0.0,0.2676563262939453
8410,0.00488132368773222,0.017726233601570128,0.02133038528263569,0.06333725601434707,0.0,0.06946327537298203,0.0,0.26765933632850647
8411,0.005015584919601679,0.018580474331974982,0.021442838385701178,0.06108707487583161,0.0,0.06944747269153595,0.0,0.26766300201416016
8412,0.005510352179408073,0.017944252118468285,0.020594537630677222,0.05823016092181206,0.0,0.06943261623382568,0.0,0.26766476035118103
8413,0.005117639340460301,0.017583001032471658,0.020649608224630356,0.059056658297777176,0.0,0.06941763311624527,0.0,0.26766538619995117
8414,0.00504373274743557,0.0182440884411335,0.02331455536186695,0.05986102446913719,0.0,0.06940333545207977,0.0,0.2676655352115631
8415,0.005309202428907156,0.017422426491975784,0.02254178039729595,0.06105668544769287,0.0,0.06938901543617249,0.0,0.267663836479187
8416,0.005357647221535445,0.01828357167541981,0.023733792081475257,0.0614029198884964,0.0,0.0693768709897995,0.0,0.2676622271537781
8417,0.005158800352364779,0.017374490201473237,0.021917504817247392,0.06190836429595947,0.0,0.0693642720580101,0.0,0.2676598131656647
8418,0.005248515959829092,0.01804152950644493,0.02086241655051708,0.05866884663701057,0.0,0.06935441493988037,0.0,0.26765671372413635
8419,0.005409655719995498,0.017575501650571822,0.022413723915815354,0.06080295294523239,0.0,0.06934405863285065,0.0,0.26765432953834534
8420,0.005454042833298445,0.018036574125289917,0.02100328877568245,0.05609074980020523,0.0,0.06932906061410904,0.0,0.2676510512828827
8421,0.005284494813531637,0.018542879447340965,0.022239185869693756,0.06451847851276397,0.0,0.06931276619434357,0.0,0.2676473557949066
8422,0.0048916743136942385,0.01676830053329468,0.02182156257331371,0.061923425644636154,0.0,0.0692918673157692,0.0,0.26764151453971863
8423,0.005146415159106255,0.01804145686328411,0.022255296632647515,0.05925778597593308,0.0,0.06927448511123657,0.0,0.26763543486595154
8424,0.004989111237227917,0.01797096021473408,0.021461396664381027,0.0623657688498497,0.0,0.06925715506076813,0.0,0.26762959361076355
8425,0.0051622076891362665,0.018039213865995406,0.021715421229600906,0.062018439173698425,0.0,0.06923868507146835,0.0,0.2676248252391815
8426,0.005428308248519897,0.017921283096075057,0.022381990402936935,0.061842978745698926,0.0,0.06922231614589691,0.0,0.26762062311172485
8427,0.005315609369426965,0.018179311603307723,0.02178705222904682,0.06583289429545403,0.0,0.06921056658029556,0.0,0.2676166892051697
8428,0.004972634185105562,0.018368954956531524,0.02130194641649723,0.06202881932258606,0.0,0.0692039281129837,0.0,0.26761433482170105
8429,0.00524777052924037,0.018094197660684586,0.02047497369349003,0.06106674820184708,0.0,0.0691995844244957,0.0,0.2676104009151459
8430,0.005365553125739097,0.018914271146059036,0.021680079773068427,0.061324897408485415,0.0,0.06919977813959122,0.0,0.26760759949684143
8431,0.005315959267318249,0.017676762118935586,0.020986152812838554,0.05956471562385559,0.0,0.06920108199119568,0.0,0.2676059305667877
8432,0.005272839032113552,0.018947795405983923,0.02136243283748627,0.06355476826429367,0.0,0.06920705735683441,0.0,0.2676036059856415
8433,0.005050865095108747,0.01827073283493519,0.022278383374214172,0.06443028151988983,0.0,0.06921479105949402,0.0,0.2676028609275818
8434,0.005243695434182882,0.018317163363099097,0.021257073059678076,0.05769025012850761,0.0,0.06922288239002228,0.0,0.267598956823349
8435,0.005443120375275612,0.018567947670817375,0.021732016280293465,0.05698661506175995,0.0,0.06923268735408783,0.0,0.26759597659111023
8436,0.005378562305122614,0.01812148317694664,0.022874537110328674,0.0618757352232933,0.0,0.0692470371723175,0.0,0.2675938010215759
8437,0.00527843963354826,0.01744210608303547,0.022264642268419267,0.06192897111177444,0.0,0.06926200538873672,0.0,0.26759156584739685
8438,0.005016608908772468,0.017621485516428947,0.02173275351524353,0.06409082263708114,0.0,0.069279745221138,0.0,0.26758962869644165
8439,0.005189729947596788,0.018057073280215264,0.021421385183930396,0.06308450773358346,0.0,0.06929709017276764,0.0,0.26758700609207153
8440,0.005306892842054367,0.01852828748524189,0.022684821113944053,0.06070223674178123,0.0,0.06931412220001221,0.0,0.2675858438014984
8441,0.0053716786205768585,0.018371180817484855,0.023013266175985335,0.061379822343587874,0.0,0.06933240592479706,0.0,0.26758354902267456
8442,0.00514841852709651,0.01833411566913128,0.021666141971945763,0.06182157918810845,0.0,0.06935171782970428,0.0,0.2675839364528656
8443,0.005187634099274874,0.01804179698228836,0.022020812332630157,0.059699390828609464,0.0,0.06937084347009659,0.0,0.267585813999176
8444,0.005195834673941135,0.0188139159232378,0.020584112778306008,0.06021605581045151,0.0,0.06938879191875458,0.0,0.2675870954990387
8445,0.005116374231874943,0.018751709908246993,0.020866287499666215,0.05937162488698959,0.0,0.0694042518734932,0.0,0.26758873462677
8446,0.005542101711034775,0.01958885118365288,0.022070061042904855,0.0678765207529068,0.0,0.06941351294517517,0.0,0.26759207248687744
8447,0.005394445173442364,0.018191003799438478,0.0219939973205328,0.06105264276266098,0.0,0.06942388415336609,0.0,0.2675965130329132
8448,0.005293338559567928,0.018155884742736817,0.023349158093333246,0.06387431994080543,0.0,0.06944017857313156,0.0,0.2676011621952057
8449,0.005134578887373209,0.017793696001172067,0.02217368483543396,0.06411059349775314,0.0,0.06945686042308807,0.0,0.26760390400886536
8450,0.005282311793416738,0.018115739896893503,0.02241436392068863,0.05935143828392029,0.0,0.06947282701730728,0.0,0.267606258392334
8451,0.005480982549488545,0.01707095466554165,0.022875725105404855,0.06162799894809723,0.0,0.06948962062597275,0.0,0.26760825514793396
8452,0.005301646608859301,0.018680563569068907,0.022916436567902564,0.06189536824822426,0.0,0.06950588524341583,0.0,0.2676090598106384
8453,0.005250033549964428,0.01834440492093563,0.020933132618665695,0.06266143172979355,0.0,0.06951768696308136,0.0,0.2676096558570862
8454,0.00545434644445777,0.01785910502076149,0.020522544533014296,0.06441430747509003,0.0,0.06953219324350357,0.0,0.26760855317115784
8455,0.005610112380236387,0.01871582455933094,0.021404893696308137,0.0631904698908329,0.0,0.0695437341928482,0.0,0.2676090896129608
8456,0.005172125156968832,0.018663715943694113,0.021725430339574813,0.06324739009141922,0.0,0.06955743581056595,0.0,0.26760953664779663
8457,0.005410887952893973,0.01835043840110302,0.02121136076748371,0.05967227593064308,0.0,0.06956861913204193,0.0,0.267610102891922
8458,0.0049847018904984,0.01766128055751324,0.021968964859843253,0.061409489065408704,0.0,0.06957371532917023,0.0,0.2676113247871399
8459,0.005182381439954043,0.018408044427633285,0.02282937616109848,0.0610867977142334,0.0,0.06957881897687912,0.0,0.2676122188568115
8460,0.005566895008087158,0.017649622261524202,0.02173842303454876,0.061605144292116165,0.0,0.06958514451980591,0.0,0.26761338114738464
8461,0.005261406023055315,0.018976062536239624,0.022839554026722907,0.06155216470360756,0.0,0.06958754360675812,0.0,0.2676156163215637
8462,0.005007300712168217,0.018418966606259347,0.02169331833720207,0.0600096695125103,0.0,0.06959213316440582,0.0,0.2676205337047577
8463,0.005624515656381846,0.017866796255111693,0.022432420775294303,0.06152060776948929,0.0,0.06960369646549225,0.0,0.26762494444847107
8464,0.005035263858735562,0.01794256567955017,0.02300245687365532,0.061652243882417676,0.0,0.0696132481098175,0.0,0.2676275074481964
8465,0.005130267981439829,0.017729000374674796,0.023228821530938148,0.06388571038842202,0.0,0.06962665915489197,0.0,0.26762983202934265
8466,0.005182136595249176,0.01844511106610298,0.020112595707178115,0.062462425976991656,0.0,0.0696406215429306,0.0,0.2676315903663635
8467,0.005233024340122938,0.01841457709670067,0.022852492704987525,0.06075126752257347,0.0,0.06966190785169601,0.0,0.26763254404067993
8468,0.005194496270269156,0.018141712993383408,0.02248009741306305,0.06087069436907768,0.0,0.06967858225107193,0.0,0.2676350474357605
8469,0.005462983250617981,0.017770984023809434,0.020868852362036706,0.06263631880283356,0.0,0.06969493627548218,0.0,0.2676362693309784
8470,0.005270799621939659,0.01815146766602993,0.021418412029743195,0.06237015277147293,0.0,0.06970826536417007,0.0,0.2676379978656769
8471,0.00495994882658124,0.018806689232587815,0.022033310681581496,0.06249771863222122,0.0,0.06972042471170425,0.0,0.2676407992839813
8472,0.005094467476010322,0.017556095868349074,0.02067381516098976,0.061353906989097595,0.0,0.0697263777256012,0.0,0.2676413059234619
8473,0.004935369547456503,0.017738551273941992,0.02167045883834362,0.06132806837558746,0.0,0.06973279267549515,0.0,0.26764124631881714
8474,0.004998113121837377,0.019111331179738046,0.02198408544063568,0.06294232457876206,0.0,0.06973688304424286,0.0,0.2676418721675873
8475,0.00499018058180809,0.01815680377185345,0.023108695447444916,0.058821769803762435,0.0,0.0697374939918518,0.0,0.26764315366744995
8476,0.0053178028203547,0.017818963900208474,0.022982155531644823,0.058397547155618665,0.0,0.06973685324192047,0.0,0.26764434576034546
8477,0.005151301994919777,0.017733516171574593,0.023096873238682748,0.06055648475885391,0.0,0.06973636150360107,0.0,0.2676451504230499
8478,0.005037742853164673,0.018422040715813638,0.022243881598114967,0.06068960353732109,0.0,0.06973407417535782,0.0,0.2676451802253723
8479,0.005099806562066078,0.017930188775062562,0.020330489426851273,0.06205527111887932,0.0,0.06973136961460114,0.0,0.2676458954811096
8480,0.004756485763937235,0.018321390077471734,0.023031124845147133,0.06044798567891121,0.0,0.06972825527191162,0.0,0.2676470875740051
8481,0.004944150615483522,0.01763944886624813,0.021661485731601714,0.05825200304389,0.0,0.06972727179527283,0.0,0.26764780282974243
8482,0.005334728118032217,0.01813373863697052,0.020452674478292465,0.061069701611995694,0.0,0.06972551345825195,0.0,0.2676517963409424
8483,0.005375169217586517,0.01798679158091545,0.02148962616920471,0.05997214838862419,0.0,0.06972523033618927,0.0,0.26765409111976624
8484,0.0050962638109922406,0.017225838825106622,0.02039896361529827,0.06280510872602463,0.0,0.06972882896661758,0.0,0.26765626668930054
8485,0.005352970492094755,0.018358081579208374,0.02363779693841934,0.06225612908601761,0.0,0.06973506510257721,0.0,0.2676592469215393
8486,0.005504766013473272,0.018180141970515252,0.021723990514874458,0.05732613280415535,0.0,0.06973610818386078,0.0,0.2676612436771393
8487,0.0052240491844713684,0.017618663609027863,0.02468726709485054,0.06299920976161957,0.0,0.06973700225353241,0.0,0.2676628530025482
8488,0.0052123252302408215,0.018005573004484177,0.021824775263667107,0.06435727179050446,0.0,0.069736048579216,0.0,0.2676644027233124
8489,0.005289962235838175,0.0173981960862875,0.023302461206912994,0.06200947761535645,0.0,0.06973330676555634,0.0,0.26766595244407654
8490,0.0049398278817534445,0.01865568719804287,0.02171042822301388,0.0628536157310009,0.0,0.06972997635602951,0.0,0.2676686644554138
8491,0.00538850175216794,0.01731451116502285,0.02139854393899441,0.06153608486056328,0.0,0.06972818076610565,0.0,0.2676706612110138
8492,0.005052635446190834,0.017353926599025727,0.020777468010783194,0.060183824598789216,0.0,0.06972336769104004,0.0,0.26767271757125854
8493,0.004975053388625384,0.017794375121593476,0.022496137395501138,0.061103522032499316,0.0,0.06971149146556854,0.0,0.26767414808273315
8494,0.004720685817301273,0.016968091204762458,0.02297744043171406,0.05934963226318359,0.0,0.06970204412937164,0.0,0.26767462491989136
8495,0.005290769413113594,0.019045876711606978,0.023696454614400862,0.06522282585501671,0.0,0.06968911737203598,0.0,0.2676772475242615
8496,0.005527778249233961,0.017631542310118674,0.02124839760363102,0.0569319486618042,0.0,0.06967766582965851,0.0,0.26767727732658386
8497,0.005003297515213489,0.01870179995894432,0.02066769041121006,0.0635977752506733,0.0,0.06966637074947357,0.0,0.26767832040786743
8498,0.005195365659892559,0.018574393168091775,0.02359675578773022,0.060717591643333436,0.0,0.06965291500091553,0.0,0.2676803469657898
8499,0.004943952150642872,0.018615984171628953,0.023513733595609664,0.061426513642072675,0.0,0.06963735818862915,0.0,0.2676815688610077
8500,0.005307188164442778,0.01744266375899315,0.022175970301032067,0.06505443304777145,0.0,0.06961861997842789,0.0,0.267683207988739
8501,0.0053743208758533,0.017906235158443452,0.020392101258039474,0.06414788290858268,0.0,0.06960175931453705,0.0,0.2676852345466614
8502,0.0051192352548241615,0.016480913013219835,0.022413483634591103,0.05961944460868836,0.0,0.06958369165658951,0.0,0.2676887512207031
8503,0.004928587004542351,0.01705149803310633,0.019700653851032257,0.0562557078897953,0.0,0.06956414133310318,0.0,0.2676931619644165
8504,0.0051856935024261475,0.018186144530773163,0.02061083950102329,0.06183469295501709,0.0,0.0695413127541542,0.0,0.26769566535949707
8505,0.005196329951286316,0.01778986044228077,0.019543304666876794,0.05739375054836273,0.0,0.06951891630887985,0.0,0.2676977515220642
8506,0.0049014403484761715,0.018340655043721198,0.022355816140770913,0.06345632150769234,0.0,0.06950318068265915,0.0,0.2676984667778015
8507,0.005100069660693407,0.018420803546905517,0.02094496302306652,0.06260073110461235,0.0,0.06948207318782806,0.0,0.2677004337310791
8508,0.005185951292514801,0.01864820159971714,0.02060128450393677,0.06067868173122406,0.0,0.06946065276861191,0.0,0.26770034432411194
8509,0.005157309025526047,0.018780916556715967,0.02238962650299072,0.06285723075270652,0.0,0.06944193691015244,0.0,0.26769810914993286
8510,0.005408281739801168,0.017332681640982627,0.021310694888234137,0.06302189007401467,0.0,0.06943158805370331,0.0,0.26769617199897766
8511,0.005258528701961041,0.017905987426638605,0.02173290476202965,0.06303412318229676,0.0,0.06941831856966019,0.0,0.2676929831504822
8512,0.0049551947042346,0.016971367225050927,0.023036786541342735,0.060465849190950396,0.0,0.06940221786499023,0.0,0.2676910161972046
8513,0.005523277446627617,0.017508454248309137,0.02253001518547535,0.057155855000019073,0.0,0.0693848729133606,0.0,0.2676900327205658
8514,0.005268037971109152,0.018142708763480186,0.022056908905506135,0.05987974181771279,0.0,0.06936521083116531,0.0,0.2676888704299927
8515,0.004823595285415649,0.01854269430041313,0.023369183763861656,0.062459302693605424,0.0,0.0693463683128357,0.0,0.2676878571510315
8516,0.004912867676466703,0.017215072363615035,0.02194484733045101,0.05990202277898789,0.0,0.0693255215883255,0.0,0.26768726110458374
8517,0.005295170098543167,0.017693056538701058,0.02334657609462738,0.05993737950921059,0.0,0.06930633634328842,0.0,0.26768651604652405
8518,0.005169142875820399,0.017993789166212082,0.020647959783673286,0.06427522748708725,0.0,0.06928593665361404,0.0,0.2676831781864166
8519,0.005406107846647501,0.017405006289482116,0.020099882408976553,0.06006845831871033,0.0,0.06926624476909637,0.0,0.2676803469657898
8520,0.005356517061591149,0.01827905885875225,0.020407334342598914,0.05778408944606781,0.0,0.06924758106470108,0.0,0.2676789164543152
8521,0.005173935182392597,0.01732263043522835,0.02178773656487465,0.06097385883331299,0.0,0.06923125684261322,0.0,0.2676796317100525
8522,0.005304087325930596,0.018278947472572325,0.021636819839477538,0.06307235658168793,0.0,0.06920965015888214,0.0,0.26768025755882263
8523,0.005387020297348499,0.0181666512042284,0.020996834710240365,0.06081201210618019,0.0,0.06919436901807785,0.0,0.2676817774772644
8524,0.0051206938922405245,0.017400338128209115,0.02184041254222393,0.05929380729794502,0.0,0.06917913258075714,0.0,0.2676841914653778
8525,0.0051988746039569374,0.018187793716788293,0.021921835467219354,0.06339802369475364,0.0,0.06916669756174088,0.0,0.2676861882209778
8526,0.004899574164301157,0.018314114585518838,0.023198653385043143,0.061024509370326996,0.0,0.06915102899074554,0.0,0.26768919825553894
8527,0.005150310508906841,0.01770671121776104,0.02083236686885357,0.06466442495584487,0.0,0.06913026422262192,0.0,0.26769402623176575
8528,0.0053142508491873745,0.017795734852552415,0.021857108175754546,0.06090568527579308,0.0,0.06910622119903564,0.0,0.26769712567329407
8529,0.005417281202971936,0.018392055481672286,0.022821501642465592,0.06313808262348175,0.0,0.06908027827739716,0.0,0.2677001953125
8530,0.005298518016934395,0.018877135962247847,0.021272309124469757,0.06231183335185051,0.0,0.06905874609947205,0.0,0.2677019238471985
8531,0.00472313892096281,0.01758638322353363,0.021625855937600136,0.06213459670543671,0.0,0.06904441118240356,0.0,0.26770323514938354
8532,0.0048975924961268905,0.01823742315173149,0.022206077724695204,0.06024986058473587,0.0,0.06903078407049179,0.0,0.26770371198654175
8533,0.005262412875890732,0.018196471594274045,0.023465212807059287,0.06324698403477669,0.0,0.06901717185974121,0.0,0.2677053213119507
8534,0.005317462608218193,0.017753851041197775,0.02152947783470154,0.05968269407749176,0.0,0.06900312006473541,0.0,0.2677067220211029
8535,0.005422092135995626,0.018026331812143324,0.02049601711332798,0.06209504082798958,0.0,0.06898990273475647,0.0,0.26770758628845215
8536,0.0051962373778223995,0.017601464688777924,0.022004055976867675,0.06438555046916009,0.0,0.06898277252912521,0.0,0.2677071690559387
8537,0.005526075698435306,0.017626773938536643,0.02208451069891453,0.05806651413440704,0.0,0.06897484511137009,0.0,0.26770690083503723
8538,0.005493982788175344,0.018535031750798226,0.022660991176962852,0.06336566731333733,0.0,0.06896869093179703,0.0,0.2677077353000641
8539,0.005166079755872488,0.017442565783858298,0.020920475572347642,0.06171252951025963,0.0,0.06896475702524185,0.0,0.2677097022533417
8540,0.005023444816470146,0.017415402829647063,0.021306746080517767,0.06360039636492729,0.0,0.06896297633647919,0.0,0.2677091956138611
8541,0.0048663333058357235,0.018795232474803924,0.020456185191869737,0.061811217665672304,0.0,0.06896691024303436,0.0,0.2677093744277954
8542,0.005343903973698616,0.018218636885285376,0.020929863676428795,0.06267021149396897,0.0,0.06897453963756561,0.0,0.2677091360092163
8543,0.0051490326412022116,0.0179294653236866,0.02113940827548504,0.06018566414713859,0.0,0.06898953020572662,0.0,0.26770830154418945
8544,0.005089178681373596,0.018037598580121994,0.021146326884627344,0.06499631851911544,0.0,0.06900420039892197,0.0,0.2677076458930969
8545,0.005223267897963524,0.018075939267873764,0.022343965992331506,0.06372537985444068,0.0,0.0690145343542099,0.0,0.26770615577697754
8546,0.004951098933815956,0.018302829191088676,0.02003353200852871,0.05811669528484344,0.0,0.06901931017637253,0.0,0.2677058279514313
8547,0.005107059329748154,0.016892914474010468,0.022559792548418046,0.06094176173210144,0.0,0.06902660429477692,0.0,0.26770684123039246
8548,0.0052015244960784916,0.017651811614632605,0.02148002162575722,0.06268807649612426,0.0,0.06903258711099625,0.0,0.2677059471607208
8549,0.004918469861149788,0.018425070866942405,0.023258721083402635,0.06071619838476181,0.0,0.06903677433729172,0.0,0.26770442724227905
8550,0.005544576793909073,0.018306537345051766,0.02111106291413307,0.06129691302776337,0.0,0.06904040277004242,0.0,0.2677002549171448
8551,0.005106294155120849,0.017481091618537902,0.022925640642642974,0.0629300519824028,0.0,0.06904762238264084,0.0,0.2676970958709717
8552,0.005308127868920565,0.018340611830353737,0.022332765534520148,0.06050553843379021,0.0,0.06905771046876907,0.0,0.2676946520805359
8553,0.0052490969188511375,0.017689631134271622,0.021461234241724015,0.06024858206510544,0.0,0.06906962394714355,0.0,0.26769018173217773
8554,0.005249408818781376,0.019153671339154243,0.02183801829814911,0.05929148197174072,0.0,0.0690799206495285,0.0,0.2676866948604584
8555,0.005285425763577223,0.01773901656270027,0.021183953061699866,0.06117419898509979,0.0,0.06908664107322693,0.0,0.26768484711647034
8556,0.005336254648864269,0.01932636648416519,0.02070514261722565,0.06058859899640083,0.0,0.06909190118312836,0.0,0.2676839828491211
8557,0.0053313102573156355,0.01714222002774477,0.02282714731991291,0.06134532690048218,0.0,0.06910451501607895,0.0,0.2676836848258972
8558,0.005450583063066006,0.017971478030085565,0.0229503620415926,0.0609608493745327,0.0,0.06911799311637878,0.0,0.2676818370819092
8559,0.005209686793386936,0.017624840140342712,0.02170380763709545,0.064089435338974,0.0,0.0691274106502533,0.0,0.2676786184310913
8560,0.005227234214544296,0.017655492573976517,0.022366636618971824,0.06204381212592125,0.0,0.06913719326257706,0.0,0.2676767110824585
8561,0.004996296856552363,0.017896102368831636,0.021372170373797416,0.056860674917697904,0.0,0.06914560496807098,0.0,0.26767244935035706
8562,0.0054304273799061775,0.017450973391532898,0.02329539880156517,0.05990337207913399,0.0,0.06915497779846191,0.0,0.26766639947891235
8563,0.005020081158727407,0.019653943181037904,0.023000437393784524,0.06009778380393982,0.0,0.06916271150112152,0.0,0.26765894889831543
8564,0.005206951405853033,0.017866836860775948,0.021089914068579674,0.06652231141924858,0.0,0.06917734444141388,0.0,0.2676524221897125
8565,0.005211782641708851,0.018604824692010878,0.02269747294485569,0.066675116866827,0.0,0.06918938457965851,0.0,0.2676461338996887
8566,0.0049697826616466045,0.018847936391830446,0.02108096666634083,0.06612419113516807,0.0,0.06920251250267029,0.0,0.26764094829559326
8567,0.004974295105785132,0.01766538806259632,0.02109886482357979,0.06315228417515754,0.0,0.0692148208618164,0.0,0.2676376402378082
8568,0.005199974309653044,0.017953043431043626,0.021956560015678406,0.05936281532049179,0.0,0.06922411918640137,0.0,0.2676352262496948
8569,0.005003499984741211,0.01802220307290554,0.02290961518883705,0.061809825152158736,0.0,0.06922651082277298,0.0,0.26763564348220825
8570,0.005276178568601608,0.018310830742120743,0.02140672542154789,0.0618863582611084,0.0,0.06922828406095505,0.0,0.26763489842414856
8571,0.005192193202674389,0.01799684725701809,0.02215692289173603,0.060762473940849306,0.0,0.06923340260982513,0.0,0.2676325738430023
8572,0.0052132847718894485,0.01871336214244366,0.020822508633136748,0.060638023912906645,0.0,0.06923569738864899,0.0,0.26762980222702026
8573,0.005311420187354088,0.018044818937778474,0.021164688095450402,0.06221947893500328,0.0,0.06924217194318771,0.0,0.26762646436691284
8574,0.005287100467830897,0.01785014532506466,0.022934045642614365,0.06163075715303421,0.0,0.06925269216299057,0.0,0.26762208342552185
8575,0.005237907357513905,0.017983118444681166,0.022160359472036362,0.06053209826350212,0.0,0.06926223635673523,0.0,0.26761671900749207
8576,0.005200674571096897,0.01802557073533535,0.022316351905465125,0.0622974194586277,0.0,0.06927479803562164,0.0,0.2676108777523041
8577,0.005307113658636809,0.017742927744984628,0.02084120027720928,0.06371429041028023,0.0,0.069281205534935,0.0,0.2676078677177429
8578,0.004827434755861759,0.018670395389199256,0.021778135374188424,0.05903858169913292,0.0,0.06928689777851105,0.0,0.2676064372062683
8579,0.005285860411822796,0.017918918281793594,0.019783079624176025,0.06326907798647881,0.0,0.06929527223110199,0.0,0.26760682463645935
8580,0.005234669521450996,0.01771659255027771,0.021638914942741394,0.061645983904600146,0.0,0.06930391490459442,0.0,0.2676067650318146
8581,0.005257922317832708,0.01850990764796734,0.021654362976551055,0.06157545819878578,0.0,0.06930740177631378,0.0,0.26760607957839966
8582,0.005196787044405937,0.017650315538048744,0.022653089091181754,0.06037680581212044,0.0,0.06930799782276154,0.0,0.2676052749156952
8583,0.005237311590462923,0.018781235814094542,0.020442287251353265,0.06245650351047516,0.0,0.06931573152542114,0.0,0.26760441064834595
8584,0.004965586680918932,0.0180925402790308,0.019590236246585846,0.061520249396562574,0.0,0.0693243145942688,0.0,0.26760321855545044
8585,0.005169413890689612,0.018413008004426957,0.02274543307721615,0.06537576168775558,0.0,0.06933946162462234,0.0,0.2676038146018982
8586,0.005558602139353752,0.018451401218771934,0.022648293152451517,0.05695191994309425,0.0,0.0693555697798729,0.0,0.2676040530204773
8587,0.0051126786507666114,0.018520338088274003,0.02110145092010498,0.0643216222524643,0.0,0.06936608254909515,0.0,0.2676047086715698
8588,0.005018840357661247,0.0174944955855608,0.02269408106803894,0.06042918711900711,0.0,0.06937339901924133,0.0,0.26760679483413696
8589,0.005118482653051615,0.01872052289545536,0.020906363800168037,0.05864534825086594,0.0,0.06938008964061737,0.0,0.26760992407798767
8590,0.005174473114311695,0.018013351038098334,0.023734740912914276,0.06190666630864143,0.0,0.0693865492939949,0.0,0.2676117420196533
8591,0.005177723430097103,0.01823159195482731,0.020595420524477957,0.06058316454291344,0.0,0.06938867270946503,0.0,0.2676132321357727
8592,0.005466636549681425,0.01782824918627739,0.022587598487734794,0.06064984723925591,0.0,0.06939269602298737,0.0,0.26761394739151
8593,0.005477363429963589,0.017324526980519294,0.021482618153095247,0.05947013348340988,0.0,0.06939539313316345,0.0,0.26761409640312195
8594,0.005028020218014717,0.01810600981116295,0.021916349604725837,0.065944904088974,0.0,0.06939376145601273,0.0,0.2676146626472473
8595,0.005084015522152185,0.01790243275463581,0.021565932780504227,0.06018048748373985,0.0,0.0693957656621933,0.0,0.26761698722839355
8596,0.00515910554677248,0.01745663434267044,0.02280627191066742,0.05886615067720413,0.0,0.069393590092659,0.0,0.26761820912361145
8597,0.005563670583069324,0.018477798253297806,0.02075755186378956,0.0599085733294487,0.0,0.0693916454911232,0.0,0.26761841773986816
8598,0.005129750911146402,0.017584673315286636,0.0212471853941679,0.06249570995569229,0.0,0.06938820332288742,0.0,0.2676200270652771
8599,0.005103479791432619,0.018512002751231195,0.0207670371979475,0.06292781978845596,0.0,0.06938187777996063,0.0,0.2676204741001129
8600,0.005234174989163875,0.017497032508254053,0.02222395595163107,0.0626568354666233,0.0,0.06937848031520844,0.0,0.2676217555999756
8601,0.004932534508407116,0.01773208938539028,0.02298032455146313,0.060812657326459886,0.0,0.06936891376972198,0.0,0.2676226496696472
8602,0.004837786313146353,0.01799142062664032,0.02189674936234951,0.05980346873402596,0.0,0.06935922056436539,0.0,0.26762422919273376
8603,0.004941337183117867,0.018200355395674706,0.02022651322185993,0.06348088830709457,0.0,0.06934676319360733,0.0,0.26762276887893677
8604,0.005199968535453081,0.018629070743918417,0.023236533626914024,0.06060433834791183,0.0,0.0693347379565239,0.0,0.26762184500694275
8605,0.005068062618374824,0.018134462460875512,0.023357274755835534,0.0629027545452118,0.0,0.06932051479816437,0.0,0.2676200866699219
8606,0.005168408993631602,0.01836242564022541,0.020798788219690324,0.05915028378367424,0.0,0.06931108236312866,0.0,0.26761898398399353
8607,0.0053274319507181644,0.01829095222055912,0.021836259216070176,0.05823561474680901,0.0,0.06930482387542725,0.0,0.26761898398399353
8608,0.004801148269325495,0.017652174457907677,0.02223980352282524,0.06476433575153351,0.0,0.06929687410593033,0.0,0.2676193118095398
8609,0.005372643657028675,0.017312607541680337,0.020633675158023834,0.06255453824996948,0.0,0.0692882314324379,0.0,0.26761865615844727
8610,0.004942043498158455,0.01753874346613884,0.021779942885041238,0.06276266798377036,0.0,0.06928162276744843,0.0,0.26761823892593384
8611,0.005503910779953003,0.017788665369153023,0.022467539086937903,0.058768386393785475,0.0,0.06927435100078583,0.0,0.2676180303096771
8612,0.0052077541127800945,0.018035724759101868,0.02076393961906433,0.06155882179737091,0.0,0.06927686184644699,0.0,0.26761960983276367
8613,0.005218535754829645,0.018319800868630408,0.02104312852025032,0.06384729966521263,0.0,0.06927893310785294,0.0,0.2676222622394562
8614,0.005008713062852621,0.01856517679989338,0.022652510553598404,0.06452492624521255,0.0,0.06927701085805893,0.0,0.26762619614601135
8615,0.005315748043358326,0.018033249676227568,0.021527886390686035,0.056841565668582915,0.0,0.0692722424864769,0.0,0.26763027906417847
8616,0.005110065825283528,0.018596255406737327,0.02149886265397072,0.06195817440748215,0.0,0.06926815956830978,0.0,0.26763278245925903
8617,0.005572643131017685,0.01818648800253868,0.022706889361143113,0.0604022242128849,0.0,0.06926747411489487,0.0,0.26763519644737244
8618,0.005419463012367487,0.018702469766139984,0.021907062083482743,0.06546490490436555,0.0,0.06926318258047104,0.0,0.26763686537742615
8619,0.005085062887519598,0.018453829735517503,0.024071063101291656,0.0643735334277153,0.0,0.06926525384187698,0.0,0.2676386833190918
8620,0.005155024118721485,0.01995629705488682,0.021873677521944045,0.06097792312502861,0.0,0.0692678913474083,0.0,0.267639696598053
8621,0.005264450237154961,0.018255089223384858,0.021625254675745963,0.06316939145326614,0.0,0.06926922500133514,0.0,0.26764172315597534
8622,0.0049771170131862165,0.017933912947773932,0.022155296802520753,0.061733777821064,0.0,0.06927185505628586,0.0,0.26764363050460815
8623,0.005018842034041881,0.017314520850777625,0.02143772318959236,0.05769172087311745,0.0,0.06927163898944855,0.0,0.26764389872550964
8624,0.005152437370270491,0.0179286602884531,0.02066299207508564,0.063449926674366,0.0,0.0692681074142456,0.0,0.2676454186439514
8625,0.005239688977599144,0.01671557128429413,0.022473346069455148,0.06748828291893005,0.0,0.06926378607749939,0.0,0.26764586567878723
8626,0.004888635035604239,0.018678979203104972,0.02326966039836407,0.06237712576985359,0.0,0.0692610889673233,0.0,0.2676475942134857
8627,0.004952592216432095,0.018058589473366738,0.02164452113211155,0.06039689555764198,0.0,0.06926004588603973,0.0,0.2676470875740051
8628,0.0049033242277801035,0.018315771222114564,0.02218587473034859,0.06231328472495079,0.0,0.0692574754357338,0.0,0.26764732599258423
8629,0.005618816986680031,0.019008728116750716,0.021187785640358926,0.06330386325716972,0.0,0.06925150752067566,0.0,0.2676470875740051
8630,0.005187298078089953,0.018168509379029273,0.02197120301425457,0.06361737847328186,0.0,0.06924667209386826,0.0,0.267646849155426
8631,0.004992701206356287,0.017856565117836,0.022102458775043486,0.061132021993398664,0.0,0.06924569606781006,0.0,0.2676488757133484
8632,0.005122783873230219,0.0184040118008852,0.021284860745072364,0.05907259657979012,0.0,0.0692448541522026,0.0,0.2676507830619812
8633,0.005354237090796232,0.018235228955745697,0.024485882744193076,0.0582406722009182,0.0,0.06924296170473099,0.0,0.2676517367362976
8634,0.005238901358097792,0.01882028877735138,0.02146594263613224,0.059136290848255155,0.0,0.0692468136548996,0.0,0.2676515281200409
8635,0.005505997501313686,0.01846880614757538,0.022523697838187216,0.06290310025215148,0.0,0.06925089657306671,0.0,0.26765114068984985
8636,0.00516117075458169,0.01764518618583679,0.021123473718762397,0.06643709465861321,0.0,0.06925488263368607,0.0,0.2676507532596588
8637,0.005183774512261152,0.017502335458993913,0.02112543098628521,0.06000866144895554,0.0,0.06925717741250992,0.0,0.2676517069339752
8638,0.005522777047008276,0.0181204691529274,0.021060988306999207,0.059861543029546736,0.0,0.06925750523805618,0.0,0.2676505744457245
8639,0.004847418237477541,0.018097124993801117,0.02177695631980896,0.06028469800949097,0.0,0.06925614178180695,0.0,0.26765018701553345
8640,0.005006604734808207,0.018294361606240272,0.020311133563518526,0.06230302676558495,0.0,0.06925810873508453,0.0,0.2676483988761902
8641,0.00518666384741664,0.0180025190114975,0.02113668844103813,0.061608505249023435,0.0,0.06925568729639053,0.0,0.26764601469039917
8642,0.004946019221097231,0.01782798916101456,0.023657406494021416,0.06357518881559372,0.0,0.06925325095653534,0.0,0.26764407753944397
8643,0.005337489303201437,0.017727529257535936,0.02280224785208702,0.05986381024122238,0.0,0.06925339996814728,0.0,0.26764124631881714
8644,0.005263044591993093,0.01810816302895546,0.021068351343274117,0.059657739102840425,0.0,0.06925271451473236,0.0,0.2676393985748291
8645,0.00533421877771616,0.017310329526662827,0.020940859615802766,0.06202719882130623,0.0,0.06925160437822342,0.0,0.26763975620269775
8646,0.005482041276991367,0.018258822709321977,0.021918899938464166,0.0610752172768116,0.0,0.06924755871295929,0.0,0.26763972640037537
8647,0.005248150043189526,0.018185703828930855,0.022013937309384345,0.06362515687942505,0.0,0.06924611330032349,0.0,0.2676401436328888
8648,0.005185093730688095,0.017530595883727074,0.02042390815913677,0.06431588381528855,0.0,0.06924158334732056,0.0,0.26764243841171265
8649,0.004787413589656353,0.017654403671622278,0.020947261527180672,0.06313711404800415,0.0,0.06923797726631165,0.0,0.26764848828315735
8650,0.005161466635763645,0.018545318767428397,0.02324642576277256,0.05880978554487228,0.0,0.0692363977432251,0.0,0.26765626668930054
8651,0.004801821801811457,0.018093976378440856,0.02197989113628864,0.062183219194412234,0.0,0.06923600286245346,0.0,0.267660915851593
8652,0.005192782822996378,0.01739235073328018,0.02136855237185955,0.0652686208486557,0.0,0.06923650205135345,0.0,0.2676657438278198
8653,0.00511848758906126,0.018721692264080048,0.022255194187164307,0.06169913113117218,0.0,0.06923723220825195,0.0,0.26767128705978394
8654,0.00550110712647438,0.017654019594192504,0.020965785160660742,0.06288285776972771,0.0,0.0692431777715683,0.0,0.26767557859420776
8655,0.005088805872946978,0.0177774291485548,0.020912672206759454,0.06221229061484337,0.0,0.06925076246261597,0.0,0.2676790654659271
8656,0.005216644983738661,0.017660855501890182,0.022813522070646287,0.05982986241579056,0.0,0.0692579597234726,0.0,0.2676820158958435
8657,0.0050480513833463195,0.018429050967097283,0.021101173013448715,0.058980606496334076,0.0,0.06925863027572632,0.0,0.26768404245376587
8658,0.005010723508894444,0.01830127611756325,0.02305149771273136,0.06354450061917305,0.0,0.06926019489765167,0.0,0.26768621802330017
8659,0.005019602086395025,0.01850065588951111,0.022262372821569443,0.06370634436607361,0.0,0.06925977021455765,0.0,0.26768773794174194
8660,0.004772017057985067,0.01727491691708565,0.022478390485048294,0.05988148003816605,0.0,0.0692601427435875,0.0,0.2676873505115509
8661,0.005001042876392603,0.017535075172781946,0.020932532474398614,0.060628388077020645,0.0,0.06925828754901886,0.0,0.26768675446510315
8662,0.0052913974039256574,0.017827321588993073,0.02149047888815403,0.060779748111963273,0.0,0.06925301253795624,0.0,0.26768621802330017
8663,0.005064968299120664,0.01917574815452099,0.021927689015865327,0.061627162247896196,0.0,0.06924892961978912,0.0,0.26768624782562256
8664,0.005523177143186331,0.019180113449692726,0.024173349887132645,0.05949011743068695,0.0,0.0692409798502922,0.0,0.2676878273487091
8665,0.0050797565840184685,0.01765538863837719,0.022669271007180213,0.06285032257437706,0.0,0.06923224776983261,0.0,0.2676878571510315
8666,0.004929924104362726,0.019124489277601242,0.022082097083330154,0.059204456955194475,0.0,0.06922194361686707,0.0,0.26768577098846436
8667,0.004830577969551086,0.018137352541089058,0.0240029726177454,0.0588436521589756,0.0,0.06920993328094482,0.0,0.26768165826797485
8668,0.004963885992765427,0.01885846070945263,0.023221085593104363,0.05794735625386238,0.0,0.06919883191585541,0.0,0.2676762640476227
8669,0.005322491470724344,0.01791553758084774,0.020861906558275224,0.058117369562387465,0.0,0.06918980181217194,0.0,0.26767048239707947
8670,0.005136967450380325,0.017357167415320875,0.02198561429977417,0.06315323263406754,0.0,0.0691792368888855,0.0,0.2676638960838318
8671,0.005156133417040109,0.018071874976158142,0.021021157130599023,0.05930700972676277,0.0,0.06917233765125275,0.0,0.2676587402820587
8672,0.005138396751135588,0.018686706945300103,0.021480612829327582,0.06114535853266716,0.0,0.06916414946317673,0.0,0.26765328645706177
8673,0.005559160467237234,0.018958726525306703,0.022047194838523864,0.0618128664791584,0.0,0.06915688514709473,0.0,0.267647922039032
8674,0.005303081497550011,0.018138185143470764,0.021365208178758623,0.060010913759469986,0.0,0.06915570795536041,0.0,0.26764291524887085
8675,0.004703067243099213,0.018639950081706047,0.02335812635719776,0.060655629634857176,0.0,0.06915386021137238,0.0,0.26763877272605896
8676,0.004886451177299023,0.01851843558251858,0.02174374908208847,0.06156395599246025,0.0,0.06915463507175446,0.0,0.26763734221458435
8677,0.004853402078151703,0.017245154827833176,0.021037782728672027,0.05962134152650833,0.0,0.06915543228387833,0.0,0.26763713359832764
8678,0.005132578872144222,0.01841214708983898,0.022801448777318,0.060915496200323105,0.0,0.06915394216775894,0.0,0.26763519644737244
8679,0.00513501139357686,0.017971901595592497,0.023491887375712395,0.06085029542446137,0.0,0.0691501647233963,0.0,0.26763349771499634
8680,0.004990404471755028,0.018826068565249442,0.020683883875608444,0.06530075296759605,0.0,0.06915223598480225,0.0,0.2676326334476471
8681,0.005054058600217104,0.01806635446846485,0.02055940106511116,0.062072618305683135,0.0,0.06916488707065582,0.0,0.267633855342865
8682,0.00530534777790308,0.017860959097743035,0.02163250558078289,0.05983533635735512,0.0,0.0691763162612915,0.0,0.2676357626914978
8683,0.004903133027255535,0.018136263266205786,0.020701515302062035,0.0637501522898674,0.0,0.06918484717607498,0.0,0.2676370441913605
8684,0.00504386005923152,0.018609924241900444,0.020697189122438432,0.05697812587022781,0.0,0.06919485330581665,0.0,0.2676398456096649
8685,0.005319516267627477,0.01791924610733986,0.02291378490626812,0.06169772818684578,0.0,0.06920305639505386,0.0,0.2676432430744171
8686,0.005169731378555298,0.01860499233007431,0.022542722150683404,0.0636889599263668,0.0,0.06921301782131195,0.0,0.2676478326320648
8687,0.00491565428674221,0.01841151751577854,0.024220243841409684,0.060579539835453035,0.0,0.06922175735235214,0.0,0.2676524519920349
8688,0.004828104469925165,0.017366932705044746,0.02335976026952267,0.0613851323723793,0.0,0.06923412531614304,0.0,0.267657607793808
8689,0.004983406979590654,0.017760059982538223,0.020266065374016762,0.05897352546453476,0.0,0.06924742460250854,0.0,0.26766231656074524
8690,0.00521199656650424,0.018772286549210548,0.02180267870426178,0.06467608511447906,0.0,0.06925657391548157,0.0,0.26766690611839294
8691,0.00509219216182828,0.01703044045716524,0.022353143617510795,0.06555328592658043,0.0,0.06926649808883667,0.0,0.2676706910133362
8692,0.005192297324538231,0.01757204793393612,0.022983543947339057,0.06459383964538574,0.0,0.06927265226840973,0.0,0.26767605543136597
8693,0.005523223802447319,0.018070176988840104,0.023762395605444908,0.06644441038370133,0.0,0.06927438825368881,0.0,0.26768049597740173
8694,0.0054945041425526146,0.017993592843413352,0.021013367176055908,0.06113692224025726,0.0,0.06928159296512604,0.0,0.2676845192909241
8695,0.00497237853705883,0.017674215510487555,0.02216758318245411,0.06411032229661942,0.0,0.06929484754800797,0.0,0.2676883339881897
8696,0.005077037587761879,0.017764291912317275,0.021138859540224077,0.06332329884171486,0.0,0.0693073645234108,0.0,0.2676922678947449
8697,0.005095649883151055,0.01772170290350914,0.0210518017411232,0.06294909790158272,0.0,0.06931905448436737,0.0,0.26769381761550903
8698,0.005560263339430094,0.01850994974374771,0.023083768039941787,0.0604972168803215,0.0,0.06933070719242096,0.0,0.2676926255226135
8699,0.005373009853065014,0.017459321394562723,0.022095904126763342,0.061236167699098586,0.0,0.06933782994747162,0.0,0.26769062876701355
8700,0.005106245726346969,0.01802147589623928,0.022098444402217865,0.06117018461227417,0.0,0.06934461742639542,0.0,0.2676885724067688
8701,0.0051609684713184835,0.017609138414263724,0.021237412467598915,0.0611362911760807,0.0,0.06935052573680878,0.0,0.2676864564418793
8702,0.005622376222163439,0.017417886480689048,0.020701121911406516,0.058059653639793395,0.0,0.06935407966375351,0.0,0.2676861882209778
8703,0.005156166106462479,0.017737722769379616,0.02139798179268837,0.05972106531262398,0.0,0.06935802102088928,0.0,0.2676851153373718
8704,0.005127658974379301,0.017211818508803843,0.021818219125270842,0.057471168041229245,0.0,0.06936102360486984,0.0,0.26768383383750916
8705,0.0051136123016476635,0.017880795523524284,0.022186194732785224,0.06520222797989846,0.0,0.06936979293823242,0.0,0.2676822245121002
8706,0.005254642851650715,0.017734088748693467,0.022895320132374764,0.06474951878190041,0.0,0.06937633454799652,0.0,0.26768022775650024
8707,0.004796251747757196,0.017884262837469578,0.022567322850227355,0.06274680346250534,0.0,0.06938207149505615,0.0,0.26767873764038086
8708,0.00517284432426095,0.01809343062341213,0.024377425387501716,0.0651453897356987,0.0,0.06938754767179489,0.0,0.26767855882644653
8709,0.005100720468908549,0.01834298446774483,0.020474369823932647,0.06315018311142921,0.0,0.06939062476158142,0.0,0.2676793932914734
8710,0.005235848482698202,0.01817079558968544,0.02363710254430771,0.06446235924959183,0.0,0.06939361989498138,0.0,0.267680823802948
8711,0.004929428920149803,0.018046578392386436,0.02225726321339607,0.06021127477288246,0.0,0.06939265131950378,0.0,0.26768192648887634
8712,0.005470247007906437,0.018075868114829065,0.021912436559796335,0.06031001061201095,0.0,0.06938988715410233,0.0,0.2676840126514435
8713,0.005212993361055851,0.01808626502752304,0.021724145486950876,0.06451084166765213,0.0,0.06938670575618744,0.0,0.26768752932548523
8714,0.005038162786513567,0.01921541281044483,0.021646438166499138,0.059994146972894666,0.0,0.06938742101192474,0.0,0.26769131422042847
8715,0.005379132181406021,0.018001432344317437,0.02177193686366081,0.0615228570997715,0.0,0.06939001381397247,0.0,0.2676941752433777
8716,0.005140685010701418,0.018095004931092264,0.02144997678697109,0.06257119849324226,0.0,0.06939724832773209,0.0,0.267696738243103
8717,0.005242333747446537,0.017239483445882796,0.020808244496583937,0.0609652079641819,0.0,0.06940023601055145,0.0,0.267697811126709
8718,0.0052433287724852565,0.01793696582317352,0.02178015410900116,0.06116587668657303,0.0,0.06940144300460815,0.0,0.26769477128982544
8719,0.005334578081965446,0.018792430683970452,0.02214028388261795,0.0648646131157875,0.0,0.069395050406456,0.0,0.26769107580184937
8720,0.005328943487256765,0.017519147694110872,0.021671278029680253,0.06261968314647674,0.0,0.06939046084880829,0.0,0.2676891088485718
8721,0.005091304425150156,0.018090874329209326,0.022245826199650764,0.06270582675933838,0.0,0.06938333809375763,0.0,0.2676869332790375
8722,0.005340714938938618,0.017241251096129416,0.02311799004673958,0.06225659474730492,0.0,0.06937414407730103,0.0,0.2676854729652405
8723,0.005063480325043201,0.016927526146173478,0.02330799922347069,0.05954076051712036,0.0,0.06936593353748322,0.0,0.26768308877944946
8724,0.005003177002072335,0.0182479340583086,0.021151530742645263,0.05986748859286308,0.0,0.06935552507638931,0.0,0.26768139004707336
8725,0.005143608711659908,0.01709548495709896,0.02074113078415394,0.06177688539028168,0.0,0.06934350728988647,0.0,0.2676815986633301
8726,0.005230659060180188,0.0180722676217556,0.0226420383900404,0.060910386592149736,0.0,0.06933309882879257,0.0,0.2676813304424286
8727,0.005135191697627306,0.01882040724158287,0.02125769928097725,0.06210404261946678,0.0,0.06932266056537628,0.0,0.26768189668655396
8728,0.00501755541190505,0.01761927343904972,0.02241157107055187,0.06342377364635468,0.0,0.06930623948574066,0.0,0.2676803171634674
8729,0.005380354542285204,0.018730531632900237,0.021225258708000183,0.06360430046916007,0.0,0.06929738819599152,0.0,0.26767975091934204
8730,0.005327685922384262,0.01856386810541153,0.021570343896746634,0.06343910694122315,0.0,0.0692978948354721,0.0,0.26768046617507935
8731,0.0053230893798172476,0.018501612171530724,0.02096717320382595,0.06351756528019906,0.0,0.06929624080657959,0.0,0.26767921447753906
8732,0.00510723926126957,0.0171536635607481,0.02239154316484928,0.06356069594621658,0.0,0.06929413974285126,0.0,0.2676796019077301
8733,0.005192879680544138,0.01806754805147648,0.021184273436665534,0.0628821536898613,0.0,0.0692882165312767,0.0,0.26768016815185547
8734,0.005057911574840546,0.01816910021007061,0.019615784659981726,0.06457974016666412,0.0,0.06928356736898422,0.0,0.26768019795417786
8735,0.005297035723924637,0.017277374491095544,0.02130737453699112,0.06012454256415367,0.0,0.06927718222141266,0.0,0.2676781117916107
8736,0.005180122796446085,0.01795172318816185,0.020737792178988457,0.06074790954589844,0.0,0.06926901638507843,0.0,0.26767516136169434
8737,0.005103030800819397,0.0188037421554327,0.021277803182601928,0.05731458142399788,0.0,0.06926431506872177,0.0,0.26767513155937195
8738,0.004980730917304754,0.0176324263215065,0.0229576263576746,0.05876276791095734,0.0,0.0692593902349472,0.0,0.26767510175704956
8739,0.005183955933898687,0.018658805638551712,0.021950478851795196,0.06208697259426117,0.0,0.06925036758184433,0.0,0.2676742672920227
8740,0.005063889920711518,0.018514391966164112,0.021576954051852226,0.0606266938149929,0.0,0.06924298405647278,0.0,0.26767149567604065
8741,0.00536691015586257,0.01761586554348469,0.020248540490865708,0.06310171112418175,0.0,0.06923872232437134,0.0,0.26766619086265564
8742,0.00533622745424509,0.01829889342188835,0.02146986648440361,0.0658809170126915,0.0,0.06923363357782364,0.0,0.26766303181648254
8743,0.004901480488479137,0.01800778917968273,0.02112562470138073,0.0600029431283474,0.0,0.06922890245914459,0.0,0.267660915851593
8744,0.005354600679129362,0.019310635328292847,0.021833758056163787,0.05657220482826233,0.0,0.06922365725040436,0.0,0.26765933632850647
8745,0.005137588642537594,0.01808110550045967,0.02268276400864124,0.06036765798926354,0.0,0.06922254711389542,0.0,0.26765865087509155
8746,0.00499371625483036,0.017879178747534752,0.022405166923999787,0.062475744634866714,0.0,0.06922304630279541,0.0,0.26766112446784973
8747,0.005337983183562755,0.018507766723632812,0.022354286536574362,0.05991423577070236,0.0,0.06922145187854767,0.0,0.26766327023506165
8748,0.005116754863411188,0.017536450922489167,0.022583070397377013,0.06026425063610077,0.0,0.06922062486410141,0.0,0.2676647901535034
8749,0.005025530606508255,0.018817859515547753,0.02150467224419117,0.05752349048852921,0.0,0.0692235454916954,0.0,0.26766571402549744
8750,0.005128221306949854,0.01833611950278282,0.021638718247413636,0.059783318638801576,0.0,0.0692281648516655,0.0,0.26766490936279297
8751,0.005070742871612311,0.017595426738262178,0.021038908138871194,0.061568981409072875,0.0,0.06923646479845047,0.0,0.26766377687454224
8752,0.004940925445407629,0.018325533717870712,0.022508778795599937,0.060287587344646454,0.0,0.06924458593130112,0.0,0.26766136288642883
8753,0.005589673575013876,0.0171407725661993,0.021080824360251427,0.060478967428207395,0.0,0.06925127655267715,0.0,0.26765933632850647
8754,0.005360698979347944,0.01768646351993084,0.021119588613510133,0.06346205323934555,0.0,0.06925707310438156,0.0,0.26765790581703186
8755,0.005124552361667156,0.017608168721199035,0.023483508080244065,0.06645477935671806,0.0,0.0692611113190651,0.0,0.2676563262939453
8756,0.00537366671487689,0.018371370062232016,0.022410456836223603,0.06119761541485787,0.0,0.06926285475492477,0.0,0.2676541209220886
8757,0.00540795661509037,0.01832570843398571,0.021526489034295083,0.05930607914924622,0.0,0.069263756275177,0.0,0.2676548957824707
8758,0.005224950239062309,0.018128231540322302,0.020106277987360956,0.06458777338266372,0.0,0.06926475465297699,0.0,0.2676560878753662
8759,0.0053080241195857525,0.018147971108555795,0.021678366884589195,0.06281950920820237,0.0,0.06926114857196808,0.0,0.26765960454940796
8760,0.005128394719213248,0.017815592139959334,0.022195710986852645,0.062330661714076994,0.0,0.06926026195287704,0.0,0.26766374707221985
8761,0.00561012551188469,0.017889882624149322,0.02180129550397396,0.06379812136292458,0.0,0.06926193088293076,0.0,0.26767003536224365
8762,0.005214388016611338,0.01814025156199932,0.021280309185385704,0.06019379869103432,0.0,0.06926377862691879,0.0,0.26767587661743164
8763,0.005082807317376137,0.016817386075854302,0.020662112906575204,0.060544409602880475,0.0,0.06926700472831726,0.0,0.26768121123313904
8764,0.005312293488532305,0.018565157800912856,0.02332945391535759,0.06058379560709,0.0,0.06927056610584259,0.0,0.2676875591278076
8765,0.005254046618938446,0.01858222149312496,0.020631087943911552,0.05924924537539482,0.0,0.06926844269037247,0.0,0.2676936686038971
8766,0.005067429319024086,0.018265416100621223,0.022182627022266387,0.06546267420053482,0.0,0.06927710771560669,0.0,0.26769936084747314
8767,0.005246567726135254,0.017742661014199256,0.019938602671027185,0.06291043534874916,0.0,0.06928028911352158,0.0,0.2677036225795746
8768,0.005156491417437792,0.017164435237646103,0.02158987559378147,0.06190079301595688,0.0,0.06928330659866333,0.0,0.26770514249801636
8769,0.005132715217769146,0.017702536284923555,0.02077086754143238,0.06024998277425766,0.0,0.06928114593029022,0.0,0.26770442724227905
8770,0.0050130849704146385,0.016439875587821007,0.022893159836530685,0.06440795958042145,0.0,0.06928203999996185,0.0,0.2677036225795746
8771,0.005147563014179468,0.01885439231991768,0.02171972133219242,0.06324380412697791,0.0,0.06928861886262894,0.0,0.26770395040512085
8772,0.005033466126769781,0.01875874549150467,0.019924831017851828,0.06132083237171173,0.0,0.06929630041122437,0.0,0.26770323514938354
8773,0.0053305990062654015,0.01791858673095703,0.021823194250464438,0.06063359975814819,0.0,0.06930441409349442,0.0,0.2677003741264343
8774,0.0055309230461716655,0.019046317040920257,0.021980831027030946,0.06214050576090813,0.0,0.06931105256080627,0.0,0.26769423484802246
8775,0.005163099337369204,0.01895868144929409,0.021943284198641777,0.06497753113508224,0.0,0.06931553781032562,0.0,0.2676880955696106
8776,0.005076982267200947,0.01745007634162903,0.023657726868987084,0.060033807158470155,0.0,0.06932459771633148,0.0,0.2676815986633301
8777,0.005203624255955219,0.017183705419301986,0.02223919630050659,0.06051588878035545,0.0,0.06933234632015228,0.0,0.26767486333847046
8778,0.004904056433588266,0.01945154033601284,0.018764065578579903,0.06126050055027008,0.0,0.06933751702308655,0.0,0.267668753862381
8779,0.005043053720146418,0.018383807316422463,0.023155871033668517,0.06516538187861443,0.0,0.06934280693531036,0.0,0.2676628530025482
8780,0.00522489994764328,0.018880103528499604,0.02073488533496857,0.06521289497613907,0.0,0.06934763491153717,0.0,0.26765865087509155
8781,0.005464168637990952,0.017807241156697275,0.02179632931947708,0.06032184287905693,0.0,0.06935714185237885,0.0,0.26765570044517517
8782,0.005361342988908291,0.018906648084521294,0.021533149108290673,0.058674270659685133,0.0,0.06936781108379364,0.0,0.2676537036895752
8783,0.005107330810278654,0.018245939910411835,0.022554661706089975,0.06705690026283265,0.0,0.06938349455595016,0.0,0.26765093207359314
8784,0.005210471991449595,0.018394125625491142,0.020692770183086396,0.0640822932124138,0.0,0.06939835101366043,0.0,0.2676476538181305
8785,0.005315269064158201,0.017742504179477692,0.02101280428469181,0.06091687008738518,0.0,0.06941208988428116,0.0,0.2676455080509186
8786,0.005239346902817488,0.018631575256586076,0.021368172764778138,0.06477611139416695,0.0,0.06942546367645264,0.0,0.2676408588886261
8787,0.00512239970266819,0.019013194367289543,0.02397114969789982,0.06556390598416328,0.0,0.06944300979375839,0.0,0.2676364779472351
8788,0.005437047686427832,0.017097943089902402,0.021937838941812515,0.057874643802642824,0.0,0.06946366280317307,0.0,0.26763278245925903
8789,0.005493955407291651,0.018256108835339548,0.021443038433790206,0.06185296475887299,0.0,0.06947921961545944,0.0,0.26763129234313965
8790,0.005295256152749062,0.017479268833994865,0.020620957016944885,0.06386552825570106,0.0,0.06949171423912048,0.0,0.2676298916339874
8791,0.005232960078865289,0.0174274830147624,0.022029494866728783,0.059498130530118945,0.0,0.06949950754642487,0.0,0.2676292657852173
8792,0.005143400002270937,0.018697337433695792,0.021968764811754228,0.06088603138923645,0.0,0.06950511038303375,0.0,0.2676314413547516
8793,0.005017642304301262,0.01827838085591793,0.022451201826333998,0.06467224210500717,0.0,0.06950677186250687,0.0,0.26763400435447693
8794,0.005172568280249834,0.01771923862397671,0.022081320732831956,0.0582511305809021,0.0,0.06950835138559341,0.0,0.2676379084587097
8795,0.005238332506269217,0.017896711081266403,0.021155199408531188,0.05940306037664413,0.0,0.06951054185628891,0.0,0.26764124631881714
8796,0.00548747219145298,0.017886707186698915,0.021617797017097474,0.06300801634788514,0.0,0.06951066851615906,0.0,0.2676468789577484
8797,0.00494232838973403,0.017632028460502623,0.023973210155963896,0.06074125915765762,0.0,0.06950460374355316,0.0,0.2676514685153961
8798,0.005166715383529663,0.01822703070938587,0.021805062890052795,0.06468720063567161,0.0,0.06949745118618011,0.0,0.2676577866077423
8799,0.005314022395759821,0.018215763196349145,0.0228571780025959,0.06156866550445557,0.0,0.0694911926984787,0.0,0.2676631510257721
8800,0.005491264909505844,0.017962490767240526,0.022596482560038565,0.060999227315187456,0.0,0.06948520243167877,0.0,0.2676679193973541
8801,0.005171888321638107,0.018036162853240965,0.02265266589820385,0.06101172342896462,0.0,0.06948475539684296,0.0,0.2676721215248108
8802,0.004972104448825121,0.017639849334955215,0.02200319282710552,0.06487608104944229,0.0,0.06948262453079224,0.0,0.2676747441291809
8803,0.0050451988354325294,0.017899980023503303,0.019782494753599167,0.059213489294052124,0.0,0.0694819837808609,0.0,0.267677366733551
8804,0.004897753708064556,0.017448697611689566,0.022193470597267152,0.06029692813754082,0.0,0.0694805309176445,0.0,0.2676800489425659
8805,0.005350875202566385,0.018304752930998803,0.023812685161828995,0.06080003008246422,0.0,0.06948220729827881,0.0,0.2676796019077301
8806,0.005504494067281485,0.018149524927139282,0.021960918232798575,0.05977438911795616,0.0,0.06948494166135788,0.0,0.2676794230937958
8807,0.005140253622084856,0.017346404120326044,0.02275506630539894,0.06404686346650124,0.0,0.06948631256818771,0.0,0.2676783502101898
8808,0.005278508458286524,0.017931031063199043,0.022884471341967583,0.061768025159835815,0.0,0.06948951631784439,0.0,0.26767808198928833
8809,0.005524357780814171,0.017695274204015732,0.023039188981056214,0.06249106228351593,0.0,0.06949003785848618,0.0,0.2676762044429779
8810,0.0053367107175290585,0.017667089961469172,0.02149318978190422,0.06636039316654205,0.0,0.06948909163475037,0.0,0.2676759958267212
8811,0.005135287065058947,0.01701074242591858,0.01980662941932678,0.06292391046881676,0.0,0.06948526203632355,0.0,0.267675518989563
8812,0.005256766639649868,0.018182314932346344,0.022155396267771722,0.058095266669988634,0.0,0.06948171555995941,0.0,0.26767417788505554
8813,0.00527476342394948,0.018768121674656867,0.020764166861772536,0.06077228337526321,0.0,0.06947389990091324,0.0,0.26767241954803467
8814,0.005037259217351675,0.017889043688774107,0.020571205765008926,0.0613962821662426,0.0,0.06947024166584015,0.0,0.26766976714134216
8815,0.005180849134922028,0.01773907579481602,0.022114180028438568,0.06380571275949479,0.0,0.06946751475334167,0.0,0.2676667869091034
8816,0.005013866815716028,0.017334851436316967,0.02208811528980732,0.06306101828813553,0.0,0.0694660097360611,0.0,0.26766401529312134
8817,0.0052981729619205,0.01788649559020996,0.022148510441184044,0.058599839359521864,0.0,0.06946428120136261,0.0,0.2676609456539154
8818,0.005062947608530521,0.018154649809002877,0.02096887305378914,0.05860158652067184,0.0,0.06946605443954468,0.0,0.26765722036361694
8819,0.005254060868173838,0.0171923253685236,0.023808442801237107,0.06341326683759689,0.0,0.06946755200624466,0.0,0.2676537334918976
8820,0.005358319450169802,0.017898187413811682,0.020791560783982276,0.0629578821361065,0.0,0.06946831196546555,0.0,0.26765093207359314
8821,0.0051468778401613235,0.018320366367697717,0.02284874804317951,0.06155175268650055,0.0,0.06947124004364014,0.0,0.2676490247249603
8822,0.0049962569959461686,0.016811108402907848,0.022251618281006812,0.06433022171258926,0.0,0.06947688013315201,0.0,0.267646461725235
8823,0.005104629509150982,0.01835690587759018,0.02153423838317394,0.06002997383475304,0.0,0.06948278099298477,0.0,0.26764175295829773
8824,0.005355165898799896,0.017690164595842363,0.02158883139491081,0.06707803606986999,0.0,0.06948578357696533,0.0,0.26763832569122314
8825,0.005523392464965582,0.01935839615762234,0.022757495194673537,0.060960686206817626,0.0,0.06948577612638474,0.0,0.26763421297073364
8826,0.005418721772730351,0.01749008782207966,0.021779214218258857,0.06411449685692787,0.0,0.06948743760585785,0.0,0.2676312029361725
8827,0.004866127017885446,0.018425142765045165,0.022235189750790595,0.05817783623933792,0.0,0.06948722153902054,0.0,0.2676279544830322
8828,0.005320428684353828,0.017366819456219672,0.020856255665421486,0.06224667876958847,0.0,0.06948845088481903,0.0,0.26762571930885315
8829,0.004990345146507025,0.01747700199484825,0.020838356390595437,0.061964914202690125,0.0,0.06948892772197723,0.0,0.2676239609718323
8830,0.0053358920849859715,0.017672573775053026,0.022097273170948027,0.0649835504591465,0.0,0.06948727369308472,0.0,0.26762375235557556
8831,0.004768023826181888,0.01833821162581444,0.021615680307149887,0.05826932713389397,0.0,0.06949373334646225,0.0,0.26762399077415466
8832,0.005474377516657114,0.018001173064112662,0.021800925955176353,0.06271111220121384,0.0,0.06950221955776215,0.0,0.2676234245300293
8833,0.005360753089189529,0.01700950302183628,0.02025348097085953,0.06390803903341294,0.0,0.06951681524515152,0.0,0.2676239609718323
8834,0.005427497532218694,0.018488745391368865,0.022668684646487237,0.06139698252081871,0.0,0.06953144818544388,0.0,0.2676237225532532
8835,0.005334851797670126,0.018738068267703058,0.020769738033413886,0.058655742555856705,0.0,0.06954609602689743,0.0,0.2676225006580353
8836,0.004945178795605898,0.017249507084488868,0.022124211117625237,0.06293788999319076,0.0,0.069551981985569,0.0,0.267619788646698
8837,0.005161329265683889,0.017766597494482995,0.021780988574028014,0.06113417446613312,0.0,0.06955414265394211,0.0,0.26761454343795776
8838,0.005066264700144529,0.019301208108663558,0.021615070477128028,0.0639656811952591,0.0,0.0695548877120018,0.0,0.2676111161708832
8839,0.004978577699512243,0.017654231935739517,0.022598933801054953,0.06012517884373665,0.0,0.06955228745937347,0.0,0.2676068842411041
8840,0.005105956736952066,0.017423219047486782,0.02182455137372017,0.06223106235265732,0.0,0.06954248994588852,0.0,0.2676020562648773
8841,0.005131778959184885,0.017329248413443566,0.020616311207413675,0.06586439236998558,0.0,0.06953538954257965,0.0,0.2675953805446625
8842,0.0049518060870468615,0.017551779747009277,0.02292368672788143,0.06406959891319275,0.0,0.069520503282547,0.0,0.26759061217308044
8843,0.005231915507465601,0.018142068386077882,0.020320246741175652,0.06133187934756279,0.0,0.06950878351926804,0.0,0.26758795976638794
8844,0.005255618225783109,0.018444395437836648,0.021489431709051134,0.06049526631832123,0.0,0.06949786096811295,0.0,0.2675859332084656
8845,0.005326913204044104,0.016292109712958337,0.02250588722527027,0.05777229070663452,0.0,0.06948889791965485,0.0,0.26758649945259094
8846,0.005213079415261746,0.018016430363059045,0.02138472832739353,0.06275976449251175,0.0,0.06947918981313705,0.0,0.26758918166160583
8847,0.005033677257597446,0.018396276608109476,0.02285015247762203,0.059226936846971515,0.0,0.06946935504674911,0.0,0.26759395003318787
8848,0.004907945916056633,0.017781287804245947,0.02148115113377571,0.0609703466296196,0.0,0.06945540010929108,0.0,0.26759952306747437
8849,0.005089980456978083,0.017210850864648818,0.021774208545684813,0.06243574023246765,0.0,0.06944261491298676,0.0,0.26760318875312805
8850,0.005317712854593992,0.018994417414069174,0.021256234124302865,0.06368694305419922,0.0,0.06942755728960037,0.0,0.2676059603691101
8851,0.005199610441923142,0.01889862082898617,0.020620767027139664,0.0567120224237442,0.0,0.06941976398229599,0.0,0.26761022210121155
8852,0.005100664217025042,0.0184502761811018,0.020999184623360635,0.06314717382192611,0.0,0.06942199915647507,0.0,0.2676132321357727
8853,0.005223023612052203,0.018055402673780918,0.02185874730348587,0.061722452938556674,0.0,0.06942996382713318,0.0,0.2676143944263458
8854,0.005028379615396261,0.018249434232711793,0.021759188547730447,0.05619664266705513,0.0,0.0694383829832077,0.0,0.2676141560077667
8855,0.005143813136965036,0.018570101261138915,0.022702544182538986,0.061010313034057614,0.0,0.06944775581359863,0.0,0.26761531829833984
8856,0.0053169473074376585,0.017419712990522383,0.023761950433254242,0.0675496831536293,0.0,0.06945538520812988,0.0,0.26761651039123535
8857,0.004950779397040606,0.01793348304927349,0.022189828753471374,0.06568601578474045,0.0,0.06945955753326416,0.0,0.2676185071468353
8858,0.005486357677727938,0.018715807422995567,0.021677803620696066,0.061818601191043855,0.0,0.06945953518152237,0.0,0.26761823892593384
8859,0.0049563547596335415,0.018677303940057753,0.0236174076795578,0.06426405385136605,0.0,0.0694623664021492,0.0,0.2676187753677368
8860,0.0053810890763998035,0.019478001445531846,0.024617980420589446,0.06097174137830734,0.0,0.06946590542793274,0.0,0.2676200866699219
8861,0.0055084059946239,0.018184533715248107,0.020277170836925505,0.06057495698332786,0.0,0.0694725513458252,0.0,0.2676200270652771
8862,0.004860619362443685,0.017639578133821488,0.02038799561560154,0.0637334980070591,0.0,0.06948064267635345,0.0,0.26761966943740845
8863,0.005226087290793657,0.017932617291808128,0.022084928676486017,0.06328474506735801,0.0,0.06948760151863098,0.0,0.2676195800304413
8864,0.005149812810122967,0.018625132367014886,0.023555577918887138,0.056392373889684676,0.0,0.06950028240680695,0.0,0.26761898398399353
8865,0.005059670191258192,0.01811273992061615,0.02151668481528759,0.06325432881712914,0.0,0.06951354444026947,0.0,0.26761704683303833
8866,0.005053128302097321,0.017510921880602836,0.02080141268670559,0.060979940742254254,0.0,0.06952948868274689,0.0,0.2676149010658264
8867,0.0048499790951609615,0.01894780769944191,0.022053421288728715,0.06611229926347732,0.0,0.06954219937324524,0.0,0.2676129937171936
8868,0.0053145608864724634,0.01771770752966404,0.02200007550418377,0.060258059203624724,0.0,0.06955258548259735,0.0,0.267612099647522
8869,0.004981864616274834,0.018122150003910063,0.022718386724591255,0.06180697381496429,0.0,0.06956730782985687,0.0,0.2676122784614563
8870,0.004753783252090216,0.018044834583997728,0.02284099943935871,0.06382495686411857,0.0,0.06957902014255524,0.0,0.2676147520542145
8871,0.00519562279805541,0.01824602819979191,0.02219345234334469,0.06496520414948463,0.0,0.06958968937397003,0.0,0.26761773228645325
8872,0.005337091721594333,0.018546613678336144,0.022469686344265938,0.06074972078204155,0.0,0.06959548592567444,0.0,0.2676190733909607
8873,0.0055653640069067475,0.016925094276666643,0.020498673617839813,0.059340452402830125,0.0,0.06960225105285645,0.0,0.26761871576309204
8874,0.00469865258783102,0.017734738439321517,0.02187422998249531,0.06477436199784278,0.0,0.06960775703191757,0.0,0.26761773228645325
8875,0.005161194689571857,0.017253216728568076,0.02323905974626541,0.05810863524675369,0.0,0.06961055845022202,0.0,0.2676151692867279
8876,0.005105064809322357,0.018489818647503854,0.02099279761314392,0.06069758459925652,0.0,0.0696147233247757,0.0,0.26761308312416077
8877,0.005195562168955803,0.01851683370769024,0.02271669954061508,0.06549320369958878,0.0,0.06961493194103241,0.0,0.26761096715927124
8878,0.005209933966398239,0.017638780549168585,0.021542330086231232,0.059650837630033496,0.0,0.06961286813020706,0.0,0.2676081657409668
8879,0.005249505862593651,0.018295563012361526,0.020473849773406983,0.06617424935102463,0.0,0.06961135566234589,0.0,0.26760584115982056
8880,0.005264412891119718,0.017359789833426474,0.02032470367848873,0.06402826979756356,0.0,0.06961242854595184,0.0,0.26760226488113403
8881,0.005242043547332287,0.018112269788980485,0.021010703593492507,0.05901214852929115,0.0,0.0696110725402832,0.0,0.267599880695343
8882,0.00481448732316494,0.018364576622843742,0.021616464480757713,0.06320920214056969,0.0,0.0696089118719101,0.0,0.2676008343696594
8883,0.005264207161962986,0.01837000958621502,0.021245967596769333,0.06090147644281387,0.0,0.06961068511009216,0.0,0.26760104298591614
8884,0.005336334742605686,0.018034999445080756,0.023789669573307037,0.06006297990679741,0.0,0.06961171329021454,0.0,0.2676023542881012
8885,0.005251843295991421,0.017683353275060654,0.02266700714826584,0.06693024784326554,0.0,0.06961412727832794,0.0,0.2676038146018982
8886,0.005051865056157112,0.01826453357934952,0.022375936061143874,0.06800780296325684,0.0,0.06961456686258316,0.0,0.26760417222976685
8887,0.00520707480609417,0.01824064552783966,0.023146094009280204,0.06206999495625496,0.0,0.06961371749639511,0.0,0.26760390400886536
8888,0.005086997989565134,0.01880746930837631,0.02138950824737549,0.06069914773106575,0.0,0.06961216777563095,0.0,0.26760345697402954
8889,0.005159968044608831,0.01857065036892891,0.0202930748462677,0.06057129353284836,0.0,0.06961407512426376,0.0,0.26760247349739075
8890,0.005118018109351396,0.018813952803611755,0.02180495820939541,0.06357109770178795,0.0,0.06961871683597565,0.0,0.2676008343696594
8891,0.005562147218734026,0.01848699413239956,0.022718684375286104,0.06538748294115067,0.0,0.06962022185325623,0.0,0.2675991356372833
8892,0.00510631799697876,0.01754327416419983,0.02185472659766674,0.061449882388114926,0.0,0.06962360441684723,0.0,0.2675992250442505
8893,0.005361810047179461,0.017817237600684165,0.020565001666545867,0.062208573520183566,0.0,0.06962200254201889,0.0,0.26759976148605347
8894,0.005151193402707577,0.01864389218389988,0.020588427037000655,0.062147441506385806,0.0,0.06961732357740402,0.0,0.26760023832321167
8895,0.00515485443174839,0.01883414387702942,0.02213775962591171,0.06310259625315666,0.0,0.06961453706026077,0.0,0.2676027715206146
8896,0.005094917863607407,0.01877339407801628,0.020067816972732543,0.058797165751457214,0.0,0.06960852444171906,0.0,0.26760533452033997
8897,0.005057460721582174,0.017788039147853853,0.02358613461256027,0.06301498189568519,0.0,0.06960250437259674,0.0,0.2676073908805847
8898,0.005173702724277973,0.017465902864933013,0.022566844522953034,0.05862724110484123,0.0,0.06959734112024307,0.0,0.2676076292991638
8899,0.005018742941319943,0.017588950321078302,0.022001853585243224,0.05617328733205795,0.0,0.06958945095539093,0.0,0.26760733127593994
8900,0.004920635372400284,0.018529746681451797,0.02229292020201683,0.05889680534601212,0.0,0.06957976520061493,0.0,0.26760607957839966
8901,0.005295424722135067,0.017970968037843704,0.020349857211112977,0.062280935049057004,0.0,0.06957457214593887,0.0,0.2676042914390564
8902,0.005441819690167904,0.01802828684449196,0.020318403840065002,0.0593591034412384,0.0,0.06957446038722992,0.0,0.26760178804397583
8903,0.005441264063119888,0.018438192084431648,0.021182939782738684,0.06014607697725296,0.0,0.06957370042800903,0.0,0.26759859919548035
8904,0.005307439342141151,0.017583868093788625,0.02017081268131733,0.058849059790372846,0.0,0.06957842409610748,0.0,0.26759254932403564
8905,0.005084160715341568,0.01774340234696865,0.021084362640976906,0.06076190769672394,0.0,0.0695829689502716,0.0,0.26758772134780884
8906,0.0055991577915847305,0.019134378433227538,0.0209633007645607,0.05760432779788971,0.0,0.06958429515361786,0.0,0.26758235692977905
8907,0.0052964486181736,0.01715459078550339,0.02285575047135353,0.05737983584403992,0.0,0.06959228217601776,0.0,0.2675771117210388
8908,0.0050697105936706064,0.017858678102493288,0.021104978024959566,0.05909125730395317,0.0,0.06959760189056396,0.0,0.26757290959358215
8909,0.005198074504733086,0.018360508605837822,0.021779612824320792,0.06289258301258087,0.0,0.06961169093847275,0.0,0.2675688862800598
8910,0.0053378001786768435,0.01766788214445114,0.021126360446214677,0.061058953404426575,0.0,0.06962645053863525,0.0,0.267564594745636
8911,0.005156447738409042,0.018397919461131097,0.022537849470973016,0.05874335914850235,0.0,0.06963758170604706,0.0,0.26756006479263306
8912,0.005345769878476858,0.018054353445768355,0.02382031865417957,0.06448058038949966,0.0,0.0696474090218544,0.0,0.2675558626651764
8913,0.005032192077487707,0.018516766652464867,0.022553375363349913,0.06022163406014443,0.0,0.06965313851833344,0.0,0.2675521671772003
8914,0.005263649765402079,0.018207350000739097,0.022627831995487215,0.06193669065833092,0.0,0.0696532130241394,0.0,0.26754823327064514
8915,0.005143098160624504,0.017487308382987975,0.021169366687536238,0.05924867242574692,0.0,0.06965096294879913,0.0,0.2675446569919586
8916,0.0048141107894480225,0.018223512917757034,0.022800879552960396,0.06109122410416603,0.0,0.06964556872844696,0.0,0.26754212379455566
8917,0.004892161395400762,0.017604054510593416,0.021552137285470962,0.06256368011236191,0.0,0.06963793188333511,0.0,0.26754069328308105
8918,0.004956438671797514,0.017478743568062782,0.02227497361600399,0.05772969126701355,0.0,0.06962766498327255,0.0,0.2675417363643646
8919,0.005198217742145061,0.01775086410343647,0.021706541255116462,0.06185174137353897,0.0,0.06961831450462341,0.0,0.2675429582595825
8920,0.004845352750271559,0.018114766106009483,0.02311280556023121,0.05889637470245361,0.0,0.06961581856012344,0.0,0.2675422132015228
8921,0.004817419964820146,0.018701956421136857,0.021034427732229233,0.06142573207616806,0.0,0.06961509585380554,0.0,0.2675394117832184
8922,0.005291852820664644,0.016473970003426076,0.022778568789362907,0.05978855341672897,0.0,0.06961734592914581,0.0,0.2675338387489319
8923,0.004906182829290629,0.017579947039484976,0.02187488116323948,0.0619793638586998,0.0,0.06961864233016968,0.0,0.2675260007381439
8924,0.005376878939568996,0.018261853978037833,0.021038126200437546,0.06263203844428063,0.0,0.06962139904499054,0.0,0.26752203702926636
8925,0.005127220880240202,0.017306822538375854,0.021249450370669366,0.06389094293117523,0.0,0.06962386518716812,0.0,0.26751795411109924
8926,0.005230247881263495,0.017835834994912148,0.02130444794893265,0.06315347328782081,0.0,0.06962253898382187,0.0,0.2675163149833679
8927,0.005251288041472435,0.018042268231511116,0.02170873321592808,0.06606448069214821,0.0,0.06961911171674728,0.0,0.26751288771629333
8928,0.005470534041523934,0.01837357468903065,0.0216308381408453,0.06127326861023903,0.0,0.06961569935083389,0.0,0.26750969886779785
8929,0.005045280046761036,0.018061059713363647,0.020829454809427262,0.05931215286254883,0.0,0.06961885094642639,0.0,0.26750725507736206
8930,0.00499741043895483,0.017874610051512717,0.021347026526927947,0.05960487350821495,0.0,0.06961853802204132,0.0,0.2675059735774994
8931,0.005362177733331919,0.018103162571787835,0.02222425937652588,0.057675888389348985,0.0,0.06962039321660995,0.0,0.26750558614730835
8932,0.005503558274358511,0.018187370151281357,0.020211976394057272,0.0610632061958313,0.0,0.0696224719285965,0.0,0.26750487089157104
8933,0.00523125184699893,0.01810826249420643,0.023306353762745858,0.06349332779645919,0.0,0.06962521374225616,0.0,0.2675047814846039
8934,0.005029153078794479,0.01699664257466793,0.021605053171515464,0.06608356013894082,0.0,0.06962348520755768,0.0,0.26750579476356506
8935,0.0052947914227843285,0.01821752414107323,0.022709449753165245,0.06345730349421501,0.0,0.0696200579404831,0.0,0.2675083875656128
8936,0.005393865704536438,0.018343350663781167,0.02244642600417137,0.05759725421667099,0.0,0.06961493194103241,0.0,0.2675134837627411
8937,0.005267361830919981,0.01740761734545231,0.021759897470474243,0.06103622540831566,0.0,0.06961661577224731,0.0,0.26751741766929626
8938,0.004740667203441263,0.018039599433541297,0.023259978741407394,0.06203782334923744,0.0,0.06961984932422638,0.0,0.2675219178199768
8939,0.005466099921613931,0.01846207454800606,0.021274781599640847,0.06336761936545372,0.0,0.06961861997842789,0.0,0.2675270140171051
8940,0.00504180807620287,0.01819046325981617,0.02216612845659256,0.05897561237215996,0.0,0.06961236894130707,0.0,0.2675336003303528
8941,0.005102554522454739,0.01774757318198681,0.021514778956770897,0.059271955490112306,0.0,0.06960267573595047,0.0,0.2675400674343109
8942,0.004882067814469338,0.01884391941130161,0.02240990288555622,0.05974868535995483,0.0,0.06959420442581177,0.0,0.2675471901893616
8943,0.005141025967895984,0.018191688507795335,0.021249544247984885,0.05933015197515488,0.0,0.069585882127285,0.0,0.2675538659095764
8944,0.004874477256089449,0.018623218685388566,0.02129325196146965,0.06128011345863342,0.0,0.06957646459341049,0.0,0.26755934953689575
8945,0.0053065394051373,0.018893468007445336,0.022050618007779122,0.06412810832262039,0.0,0.06956586241722107,0.0,0.26756519079208374
8946,0.0052024700678884985,0.018050580471754073,0.020577215030789374,0.05895419120788574,0.0,0.06956467032432556,0.0,0.2675703465938568
8947,0.005169268790632486,0.018516717478632927,0.02293786033987999,0.06370240226387977,0.0,0.06956084072589874,0.0,0.2675750255584717
8948,0.005239725112915039,0.01838018000125885,0.021006783097982408,0.0610541820526123,0.0,0.06955607235431671,0.0,0.2675800919532776
8949,0.004924948792904615,0.01808951087296009,0.02235049530863762,0.0633060522377491,0.0,0.06955715268850327,0.0,0.2675837576389313
8950,0.00513006579130888,0.017887208238244058,0.02142089866101742,0.06279649883508683,0.0,0.06956405937671661,0.0,0.2675836980342865
8951,0.005137115251272917,0.018343030661344528,0.021170413494110106,0.06169799566268921,0.0,0.06957204639911652,0.0,0.2675832509994507
8952,0.005167021788656712,0.018293043226003648,0.02198527455329895,0.06101748123764992,0.0,0.06957491487264633,0.0,0.2675829529762268
8953,0.00528763784095645,0.018100449070334434,0.021472789347171783,0.06195997819304466,0.0,0.06957682967185974,0.0,0.2675817012786865
8954,0.00504660364240408,0.017984456568956374,0.021805645897984505,0.0627260833978653,0.0,0.06958293169736862,0.0,0.267577588558197
8955,0.005106080044060946,0.017154254578053953,0.023698287457227706,0.0648508608341217,0.0,0.06958381831645966,0.0,0.26757410168647766
8956,0.005417144112288952,0.01802484430372715,0.021142522618174554,0.06410748064517975,0.0,0.06958448886871338,0.0,0.26756882667541504
8957,0.00516757806763053,0.017184510827064514,0.02306005097925663,0.06140772998332977,0.0,0.06958787888288498,0.0,0.2675641179084778
8958,0.005453392583876848,0.018505337834358215,0.02194993682205677,0.06023353859782219,0.0,0.06958740204572678,0.0,0.26756078004837036
8959,0.005201831366866827,0.01862340085208416,0.022407978028059005,0.061214888095855714,0.0,0.0695958361029625,0.0,0.26755720376968384
8960,0.005304537340998649,0.018614787608385086,0.022081751376390457,0.06330276802182197,0.0,0.06960348784923553,0.0,0.2675531208515167
8961,0.0051536976359784605,0.01768835708498955,0.021762795373797418,0.06454837620258332,0.0,0.06960545480251312,0.0,0.2675514817237854
8962,0.005037128925323486,0.01788572557270527,0.020423325523734093,0.06188768744468689,0.0,0.06960432231426239,0.0,0.26755228638648987
8963,0.005493216868489981,0.017814132571220397,0.021745333448052406,0.060932064056396486,0.0,0.06960316747426987,0.0,0.2675560712814331
8964,0.005285251792520285,0.018185152485966683,0.02083117887377739,0.06146892309188843,0.0,0.06959778070449829,0.0,0.26755979657173157
8965,0.004999290965497494,0.018354521319270133,0.020726486667990686,0.06276682838797569,0.0,0.06959380954504013,0.0,0.26756447553634644
8966,0.005118094757199288,0.01815560311079025,0.020516711473464965,0.059567364305257796,0.0,0.06959008425474167,0.0,0.267572820186615
8967,0.005117816850543022,0.017506477236747742,0.023129650577902793,0.059778221696615216,0.0,0.06958320736885071,0.0,0.26758092641830444
8968,0.004875217005610466,0.017901150137186052,0.022580325976014136,0.06357082426548004,0.0,0.06957735866308212,0.0,0.26758915185928345
8969,0.005204890109598637,0.01731703169643879,0.02175903357565403,0.06269024014472961,0.0,0.06956664472818375,0.0,0.26759621500968933
8970,0.005067726410925388,0.017561978474259377,0.021906758844852447,0.06124067455530167,0.0,0.06955564767122269,0.0,0.26760149002075195
8971,0.00500708632171154,0.01886576637625694,0.022033900767564774,0.06108391508460045,0.0,0.06954367458820343,0.0,0.2676040530204773
8972,0.005248553398996591,0.017303914204239844,0.02094736136496067,0.06215862333774567,0.0,0.06953434646129608,0.0,0.2676064074039459
8973,0.0050527933984994885,0.01823504827916622,0.022388686984777452,0.06189510598778725,0.0,0.06952159106731415,0.0,0.26760703325271606
8974,0.004984667059034109,0.018928838521242143,0.021993934735655786,0.05843537449836731,0.0,0.06950797140598297,0.0,0.2676094174385071
8975,0.00518158869817853,0.018347522243857384,0.021910319104790688,0.05987565815448761,0.0,0.06949926912784576,0.0,0.267611563205719
8976,0.005349626671522856,0.017627861350774765,0.022504093125462532,0.060974670201539995,0.0,0.06949184834957123,0.0,0.26761165261268616
8977,0.004930039867758751,0.01769757568836212,0.022272620350122452,0.060500601679086684,0.0,0.06948337703943253,0.0,0.26761382818222046
8978,0.005425343383103609,0.017947982996702194,0.022261467576026917,0.06095690801739693,0.0,0.06947361677885056,0.0,0.267616331577301
8979,0.005259131826460361,0.017650169134140015,0.02282394915819168,0.06254000961780548,0.0,0.06946563720703125,0.0,0.2676166594028473
8980,0.0050885089673101905,0.018240681290626524,0.02179303579032421,0.061471039056777955,0.0,0.06946171075105667,0.0,0.2676180899143219
8981,0.005426054913550615,0.01839696317911148,0.022585612908005714,0.06003577262163162,0.0,0.06945579499006271,0.0,0.26761889457702637
8982,0.005071007367223501,0.01724419891834259,0.02306254468858242,0.05961112827062607,0.0,0.0694500282406807,0.0,0.2676191031932831
8983,0.004893798287957907,0.017531780526041985,0.02216327339410782,0.0649743340909481,0.0,0.06944290548563004,0.0,0.26761749386787415
8984,0.005029975343495608,0.018972645699977874,0.02224285528063774,0.05877852067351341,0.0,0.0694378986954689,0.0,0.2676165699958801
8985,0.005031521990895271,0.01814824976027012,0.02162238731980324,0.059298621118068696,0.0,0.06944076716899872,0.0,0.2676149010658264
8986,0.005202209111303091,0.018466109409928322,0.021466380357742308,0.0630805104970932,0.0,0.06944286823272705,0.0,0.26761168241500854
8987,0.005454273521900177,0.017625033110380172,0.021240639686584472,0.05985951647162437,0.0,0.06944863498210907,0.0,0.26760682463645935
8988,0.005191555060446262,0.018564574792981146,0.022162719815969466,0.05910911709070206,0.0,0.06945546716451645,0.0,0.2676001787185669
8989,0.004765606764703989,0.017956839129328727,0.023610904812812805,0.05588783472776413,0.0,0.0694664716720581,0.0,0.26759272813796997
8990,0.004804421868175268,0.01717580482363701,0.024116719141602516,0.06353817507624626,0.0,0.0694752037525177,0.0,0.26758477091789246
8991,0.005204716231673956,0.01841107793152332,0.023319726809859276,0.06467460915446281,0.0,0.06947903335094452,0.0,0.2675777077674866
8992,0.005140516348183155,0.017907794378697873,0.022807588055729865,0.06173439621925354,0.0,0.06947685778141022,0.0,0.2675715982913971
8993,0.005376205593347549,0.018422956392169,0.021812210232019423,0.061151733994483946,0.0,0.06947268545627594,0.0,0.2675684094429016
8994,0.005281174927949906,0.018447617068886757,0.023389090970158576,0.06193113178014755,0.0,0.06947118788957596,0.0,0.26756736636161804
8995,0.004899076651781797,0.01856299676001072,0.021248653158545495,0.06313595771789551,0.0,0.06946499645709991,0.0,0.2675665020942688
8996,0.005271922238171101,0.017657340317964555,0.02219332307577133,0.061703632771968844,0.0,0.06945960223674774,0.0,0.26756975054740906
8997,0.005432850867509842,0.018523498252034188,0.02317911647260189,0.0643618144094944,0.0,0.06945528090000153,0.0,0.2675742506980896
8998,0.004999892320483923,0.01797223798930645,0.02151961363852024,0.06433948650956153,0.0,0.06945096701383591,0.0,0.2675780653953552
8999,0.005332046281546354,0.01826939843595028,0.022172825410962105,0.0670127034187317,0.0,0.06944573670625687,0.0,0.26758208870887756
9000,0.005258690752089024,0.017923947796225546,0.023397169634699823,0.05933137089014053,0.0,0.06944791227579117,0.0,0.26758694648742676
9001,0.005042427498847246,0.018233609572052955,0.023977655917406082,0.0630456455051899,0.0,0.0694514662027359,0.0,0.2675909399986267
9002,0.00542100528255105,0.0180120974779129,0.021986020356416704,0.06077683568000793,0.0,0.06945783644914627,0.0,0.2675952911376953
9003,0.005197329446673393,0.019247866049408913,0.022025153040885925,0.06412242949008942,0.0,0.06946729123592377,0.0,0.2675997316837311
9004,0.005218842253088951,0.018981339782476424,0.020961451530456542,0.06125196218490601,0.0,0.06948424875736237,0.0,0.26760438084602356
9005,0.004897455777972936,0.018818992748856546,0.0228645171970129,0.059422571957111356,0.0,0.06950601935386658,0.0,0.2676070034503937
9006,0.005038048420101404,0.01818937957286835,0.02233388163149357,0.060641273856163025,0.0,0.06953052431344986,0.0,0.26760825514793396
9007,0.005335305910557508,0.018178601935505866,0.02005268819630146,0.06091019958257675,0.0,0.06955711543560028,0.0,0.26760974526405334
9008,0.005321752559393644,0.01809847429394722,0.02245841212570667,0.06339928433299065,0.0,0.06958301365375519,0.0,0.26761096715927124
9009,0.005070267897099257,0.018415733799338342,0.024511681869626045,0.061903410404920575,0.0,0.06960108131170273,0.0,0.2676104009151459
9010,0.005243244394659996,0.018713665008544923,0.02341916672885418,0.06150755062699318,0.0,0.06962485611438751,0.0,0.2676096558570862
9011,0.0053083631210029125,0.01889280863106251,0.021409813314676285,0.0606442891061306,0.0,0.06964994966983795,0.0,0.2676108479499817
9012,0.005573155730962754,0.01861846409738064,0.021826988086104393,0.06575731709599494,0.0,0.06968295574188232,0.0,0.26761382818222046
9013,0.004947387240827083,0.017646702378988265,0.021579767763614654,0.05985906347632408,0.0,0.06972108036279678,0.0,0.26761743426322937
9014,0.005009226594120264,0.017936641350388527,0.021888209506869316,0.06036557480692863,0.0,0.06975490599870682,0.0,0.2676214575767517
9015,0.0049318715929985045,0.01845478266477585,0.022494029253721237,0.062311433255672455,0.0,0.06978599727153778,0.0,0.2676263451576233
9016,0.005079116206616163,0.0171040628105402,0.023557478934526442,0.05860825926065445,0.0,0.0698118656873703,0.0,0.267630398273468
9017,0.005345281679183245,0.017912416160106658,0.024315474927425383,0.06338565647602082,0.0,0.06983353942632675,0.0,0.2676328122615814
9018,0.005444341897964477,0.017991382256150247,0.021495907753705978,0.06419115662574768,0.0,0.06984826177358627,0.0,0.26763445138931274
9019,0.0050036519765853885,0.018038136512041093,0.02279013954102993,0.058245086669921876,0.0,0.0698627308011055,0.0,0.2676347494125366
9020,0.0051029306836426255,0.01814941391348839,0.021542262658476828,0.06330726072192192,0.0,0.0698787197470665,0.0,0.2676353454589844
9021,0.0049945925362408165,0.018431469798088074,0.02082175463438034,0.05830809623003006,0.0,0.06989037990570068,0.0,0.2676376402378082
9022,0.005244292039424181,0.017747678235173224,0.021410282328724863,0.05763187408447266,0.0,0.069901242852211,0.0,0.26763981580734253
9023,0.005395605973899364,0.017982345074415207,0.022801514714956284,0.06400872021913528,0.0,0.06990791112184525,0.0,0.2676427960395813
9024,0.0053500675596296786,0.017801662161946296,0.023348309099674225,0.060045596212148666,0.0,0.06991537660360336,0.0,0.26764485239982605
9025,0.005506340693682432,0.01868782937526703,0.019637485221028327,0.06242714524269104,0.0,0.06992264837026596,0.0,0.2676463723182678
9026,0.00510526392608881,0.01732794474810362,0.02192564830183983,0.06099018976092339,0.0,0.06993094831705093,0.0,0.26764923334121704
9027,0.005359537526965141,0.01862865164875984,0.021209175139665602,0.060519774258136746,0.0,0.06993886083364487,0.0,0.2676530182361603
9028,0.004987438581883908,0.01838689185678959,0.02199958376586437,0.061146441102027896,0.0,0.06994306296110153,0.0,0.2676572799682617
9029,0.005085528828203678,0.01849888451397419,0.0230390802025795,0.06387041583657264,0.0,0.06994091719388962,0.0,0.26765990257263184
9030,0.005070490762591362,0.017537705600261688,0.02087922617793083,0.06085552871227264,0.0,0.06993304938077927,0.0,0.2676617205142975
9031,0.0053581342101097105,0.016975034959614277,0.021008634567260744,0.05956929922103882,0.0,0.06992526352405548,0.0,0.2676634192466736
9032,0.005430620443075895,0.018184912204742432,0.02259078063070774,0.061716307699680326,0.0,0.06991143524646759,0.0,0.2676658630371094
9033,0.005158483330160379,0.017479947581887246,0.019838477298617364,0.06500092148780823,0.0,0.06989509612321854,0.0,0.2676682770252228
9034,0.005003813933581114,0.01868263669312,0.021934903413057327,0.06234483793377876,0.0,0.0698859840631485,0.0,0.2676700949668884
9035,0.005327337794005871,0.01766243651509285,0.020724959671497345,0.06413519904017448,0.0,0.06987793743610382,0.0,0.26767289638519287
9036,0.005058413557708264,0.017650894448161127,0.020392313599586487,0.059860707819461824,0.0,0.06987027823925018,0.0,0.26767802238464355
9037,0.004932662658393383,0.01829196736216545,0.021206480264663697,0.06214027926325798,0.0,0.06986154615879059,0.0,0.26768189668655396
9038,0.005223344918340445,0.01823498643934727,0.021556741371750832,0.06173653528094292,0.0,0.0698554590344429,0.0,0.26768413186073303
9039,0.00506077017635107,0.018553859367966653,0.02247798107564449,0.06809923723340035,0.0,0.06984679400920868,0.0,0.2676878571510315
9040,0.005242344830185175,0.018837088719010353,0.02165086232125759,0.06129524558782577,0.0,0.06983582675457001,0.0,0.2676923871040344
9041,0.0052883952856063845,0.017603565752506257,0.02262243553996086,0.06463277935981751,0.0,0.0698232501745224,0.0,0.26769375801086426
9042,0.005090828612446785,0.017726484313607217,0.021808771044015886,0.05894283726811409,0.0,0.06981320679187775,0.0,0.2676929831504822
9043,0.005437718238681555,0.01845666617155075,0.022450125217437743,0.06097389310598374,0.0,0.06980534642934799,0.0,0.26769208908081055
9044,0.0051661192439496515,0.01756487861275673,0.021516746655106545,0.06188086420297623,0.0,0.06979666650295258,0.0,0.26768946647644043
9045,0.0049908867105841635,0.017862660810351372,0.02122669816017151,0.06518774554133415,0.0,0.06978623569011688,0.0,0.26768678426742554
9046,0.005411467514932156,0.018133554235100748,0.021184805780649185,0.060417909920215604,0.0,0.06977599859237671,0.0,0.26768380403518677
9047,0.0050099572166800495,0.018359029665589333,0.02121032066643238,0.05793178305029869,0.0,0.06976690143346786,0.0,0.26768308877944946
9048,0.005059161596000195,0.01854410208761692,0.02114950641989708,0.06001511663198471,0.0,0.0697561651468277,0.0,0.2676849961280823
9049,0.004715359304100275,0.017347347736358643,0.02061348780989647,0.061794554442167283,0.0,0.06974508613348007,0.0,0.26768630743026733
9050,0.00509270578622818,0.017795334011316298,0.020981017127633096,0.06385843530297279,0.0,0.06973268836736679,0.0,0.26768845319747925
9051,0.004982018191367388,0.018129909038543703,0.02189776673913002,0.05901553183794021,0.0,0.06972531974315643,0.0,0.267691969871521
9052,0.005677810590714216,0.01804696023464203,0.022535644099116327,0.058522152900695804,0.0,0.06971921771764755,0.0,0.2676960825920105
9053,0.0050227617844939235,0.018074681982398033,0.02147488221526146,0.06331664174795151,0.0,0.06971323490142822,0.0,0.2677006125450134
9054,0.005366492085158825,0.01829097419977188,0.01970905102789402,0.06160942912101745,0.0,0.06970883905887604,0.0,0.26770445704460144
9055,0.005089394096285105,0.0170717466622591,0.023806390911340715,0.06153777465224266,0.0,0.0697048082947731,0.0,0.26770734786987305
9056,0.005297001358121634,0.01821039468050003,0.021470518410205842,0.05932532548904419,0.0,0.06969883292913437,0.0,0.26770955324172974
9057,0.0050081958994269375,0.018739312887191772,0.020613054186105727,0.06418725401163101,0.0,0.0696927085518837,0.0,0.2677108943462372
9058,0.0053312907926738266,0.01752568408846855,0.020201870054006577,0.059279028326272964,0.0,0.06968873739242554,0.0,0.26770973205566406
9059,0.005231004394590855,0.017923664301633835,0.02195426672697067,0.060983935743570326,0.0,0.06968145072460175,0.0,0.26770782470703125
9060,0.005223293974995613,0.019504541903734206,0.022635060548782348,0.061458136141300204,0.0,0.06967666745185852,0.0,0.2677035331726074
9061,0.004796959459781647,0.018304908648133278,0.021036120876669884,0.059300097078084944,0.0,0.06966708600521088,0.0,0.2677002251148224
9062,0.005129783041775226,0.017025087028741837,0.020810167863965036,0.060732335597276685,0.0,0.06965919584035873,0.0,0.2676973342895508
9063,0.005594955291599035,0.017645110934972764,0.021892059221863748,0.064748864620924,0.0,0.06965265423059464,0.0,0.26769548654556274
9064,0.0051538260653614994,0.018022887408733368,0.020625726133584977,0.06196612268686295,0.0,0.06964430212974548,0.0,0.26769590377807617
9065,0.00489869574084878,0.017881279811263084,0.02159617580473423,0.0630580335855484,0.0,0.06963290274143219,0.0,0.26769688725471497
9066,0.005297988932579756,0.017210130393505097,0.022329039126634597,0.06182034537196159,0.0,0.0696168765425682,0.0,0.26769962906837463
9067,0.005373291298747062,0.01827102415263653,0.02302040010690689,0.06170392856001854,0.0,0.06960219144821167,0.0,0.2677021622657776
9068,0.00509028322994709,0.018418794497847557,0.02327399030327797,0.06479623392224312,0.0,0.06958536803722382,0.0,0.2677055895328522
9069,0.005324858985841274,0.017589454352855683,0.02006569877266884,0.06273251920938491,0.0,0.06957056373357773,0.0,0.2677099108695984
9070,0.005229706130921841,0.017795292660593987,0.020265017077326773,0.06288280934095383,0.0,0.06955688446760178,0.0,0.2677132487297058
9071,0.0054117079824209215,0.017885177955031396,0.022200877964496612,0.06260010898113251,0.0,0.06954687088727951,0.0,0.26771751046180725
9072,0.004971373360604048,0.018178632110357286,0.02213219366967678,0.06520771086215973,0.0,0.06953530013561249,0.0,0.26772192120552063
9073,0.00549006862565875,0.01673437748104334,0.02006537839770317,0.06093791052699089,0.0,0.06952323019504547,0.0,0.2677273154258728
9074,0.004986402578651905,0.017257361859083175,0.02209230214357376,0.0631126545369625,0.0,0.06951074302196503,0.0,0.2677313983440399
9075,0.004914345405995846,0.018504414707422256,0.023342127352952956,0.06261249333620071,0.0,0.0695001408457756,0.0,0.2677353024482727
9076,0.005268120858818293,0.0175730649381876,0.022340065240859984,0.059050431847572325,0.0,0.06949621438980103,0.0,0.26774075627326965
9077,0.004837669525295496,0.017886532098054887,0.021372459828853607,0.06065398007631302,0.0,0.06949443370103836,0.0,0.26774489879608154
9078,0.00515082087367773,0.017788675799965858,0.022449279949069024,0.06287103444337845,0.0,0.06949473172426224,0.0,0.2677466869354248
9079,0.0054573148488998415,0.018132563680410385,0.02048209011554718,0.06919925063848495,0.0,0.06949497759342194,0.0,0.26774612069129944
9080,0.005223254486918449,0.018275217339396476,0.020979995280504225,0.06440059095621109,0.0,0.06949234008789062,0.0,0.26774412393569946
9081,0.005336517561227083,0.0184556744992733,0.020130430534482,0.0638558141887188,0.0,0.06948472559452057,0.0,0.267742395401001
9082,0.005310887284576893,0.018285920098423957,0.020119020342826845,0.061004293709993364,0.0,0.06947989761829376,0.0,0.26774123311042786
9083,0.005028066504746675,0.01853199824690819,0.022302459552884103,0.0654337927699089,0.0,0.0694805234670639,0.0,0.26774096488952637
9084,0.005511419288814068,0.01829711813479662,0.02107691429555416,0.06336306557059287,0.0,0.0694778710603714,0.0,0.26774102449417114
9085,0.004983017686754465,0.01805916577577591,0.02139284498989582,0.05935539230704308,0.0,0.06947232782840729,0.0,0.26773980259895325
9086,0.005147950816899538,0.017619721964001654,0.02277398146688938,0.06135091483592987,0.0,0.06946611404418945,0.0,0.26773780584335327
9087,0.0052604061551392075,0.018438373878598213,0.02210095487535,0.06306724771857261,0.0,0.06945706158876419,0.0,0.26773470640182495
9088,0.005174366477876902,0.01817576326429844,0.021318731456995012,0.06381569430232048,0.0,0.06945178657770157,0.0,0.26773351430892944
9089,0.004962327424436808,0.017200857400894165,0.022384119778871538,0.06183090656995773,0.0,0.06944365799427032,0.0,0.2677321434020996
9090,0.004696754366159439,0.018460670486092567,0.02241145893931389,0.06434015557169914,0.0,0.06943412125110626,0.0,0.267729789018631
9091,0.0054028710350394245,0.018276487290859223,0.023873710259795188,0.06329856291413308,0.0,0.06942659616470337,0.0,0.26772719621658325
9092,0.004890433326363563,0.01841508559882641,0.02112950533628464,0.057778728753328325,0.0,0.06941889226436615,0.0,0.26772695779800415
9093,0.0050607692450284954,0.018361077457666398,0.022026482224464416,0.06296840012073517,0.0,0.06941590458154678,0.0,0.2677273154258728
9094,0.00547533892095089,0.016911798715591432,0.02100563682615757,0.059718258678913116,0.0,0.06941697001457214,0.0,0.26772889494895935
9095,0.005245769117027521,0.017859355360269547,0.022893014550209045,0.05989789441227913,0.0,0.06941840052604675,0.0,0.26772838830947876
9096,0.005391404498368502,0.018172269314527513,0.021605848148465157,0.06486552730202674,0.0,0.06942017376422882,0.0,0.26772814989089966
9097,0.00538569800555706,0.01789664775133133,0.021636268496513365,0.059385646879673,0.0,0.06941799074411392,0.0,0.2677270770072937
9098,0.004921130929142236,0.01925852708518505,0.020909291878342628,0.059885593503713606,0.0,0.06941388547420502,0.0,0.26772451400756836
9099,0.005111417267471552,0.018320127949118616,0.021520522981882097,0.06173875704407692,0.0,0.06941135972738266,0.0,0.26772022247314453
9100,0.004991431161761284,0.019425541162490845,0.023388758301734924,0.06225418522953987,0.0,0.06940854340791702,0.0,0.2677176594734192
9101,0.005543899349868297,0.01812133714556694,0.021683135628700258,0.06078200936317444,0.0,0.06941460072994232,0.0,0.2677156329154968
9102,0.005113770067691803,0.018272817879915238,0.022802723199129106,0.059779220074415204,0.0,0.06941933929920197,0.0,0.26771536469459534
9103,0.0050247197039425375,0.017628195509314538,0.02301924116909504,0.0585501030087471,0.0,0.06942402571439743,0.0,0.26771682500839233
9104,0.005012764036655426,0.017581124603748322,0.023809785023331642,0.060119081288576126,0.0,0.06942854821681976,0.0,0.2677200734615326
9105,0.00523853562772274,0.018233352899551393,0.021841442957520486,0.06607759669423104,0.0,0.06943897902965546,0.0,0.26772376894950867
9106,0.0048408832401037214,0.0171931978315115,0.020794615522027014,0.06274805590510368,0.0,0.06944821029901505,0.0,0.26772576570510864
9107,0.005583253502845764,0.018338656425476073,0.022567654401063918,0.06303790137171746,0.0,0.06945546716451645,0.0,0.26772862672805786
9108,0.005120768304914236,0.017699885927140713,0.021049702912569045,0.061063137650489804,0.0,0.06945991516113281,0.0,0.2677326798439026
9109,0.005112995859235525,0.019155586883425713,0.02228662446141243,0.06584160327911377,0.0,0.06946050375699997,0.0,0.2677348554134369
9110,0.005571804009377956,0.01732683964073658,0.020575815066695213,0.062163707613945005,0.0,0.06946030259132385,0.0,0.26773601770401
9111,0.005381299462169409,0.018137097358703613,0.020834631100296975,0.061358630657196045,0.0,0.06946011632680893,0.0,0.26773685216903687
9112,0.00509019335731864,0.017978179454803466,0.021936151757836343,0.06725916117429734,0.0,0.06945774704217911,0.0,0.26773858070373535
9113,0.005252381321042776,0.017834633961319922,0.022340241074562072,0.06101429983973503,0.0,0.06945552676916122,0.0,0.2677401900291443
9114,0.005142202693969011,0.01833396852016449,0.022084738314151763,0.06792584136128425,0.0,0.06945265829563141,0.0,0.26774197816848755
9115,0.005026179272681475,0.018660654500126838,0.02096128761768341,0.06200806647539139,0.0,0.0694526955485344,0.0,0.26774463057518005
9116,0.005744318757206201,0.017687194049358368,0.022607267275452612,0.0590348482131958,0.0,0.06945288181304932,0.0,0.2677459120750427
9117,0.005318140983581543,0.016723134368658066,0.020922459289431573,0.05834762156009674,0.0,0.0694512128829956,0.0,0.26774653792381287
9118,0.005038386955857277,0.01782825030386448,0.022079217061400414,0.06459548994898796,0.0,0.06944580376148224,0.0,0.2677469253540039
9119,0.0055375687777996065,0.016472440958023072,0.021752414107322694,0.062336494028568265,0.0,0.06943796575069427,0.0,0.26774585247039795
9120,0.005307799112051726,0.01824418306350708,0.022306161373853682,0.060412272810935974,0.0,0.06942681968212128,0.0,0.26774269342422485
9121,0.005087718553841114,0.01843999922275543,0.02359541952610016,0.05822051614522934,0.0,0.06941701471805573,0.0,0.26774072647094727
9122,0.00538201117888093,0.018298506364226343,0.02197771705687046,0.0648725688457489,0.0,0.0694069042801857,0.0,0.26773813366889954
9123,0.005202295258641243,0.018343450501561165,0.02081807777285576,0.06435349360108375,0.0,0.06939615309238434,0.0,0.2677355110645294
9124,0.004978546965867281,0.018343763053417207,0.022725851833820344,0.06298799738287926,0.0,0.06938217580318451,0.0,0.2677333354949951
9125,0.004953474551439285,0.01731792390346527,0.022107043489813804,0.06358191147446632,0.0,0.06937021017074585,0.0,0.26773086190223694
9126,0.005281984806060791,0.018573348969221117,0.022405130416154863,0.05979308634996414,0.0,0.06935802102088928,0.0,0.2677300274372101
9127,0.005299621913582087,0.01799810603260994,0.02351232394576073,0.060203917324543,0.0,0.06934899091720581,0.0,0.2677299380302429
9128,0.005219812784343958,0.01874503344297409,0.021549024805426597,0.05887512639164925,0.0,0.06934092938899994,0.0,0.2677300274372101
9129,0.005065109021961689,0.018238195776939393,0.02272256761789322,0.06092800796031952,0.0,0.0693323165178299,0.0,0.2677296996116638
9130,0.004987586475908756,0.018303954601287843,0.01925969235599041,0.060611841082572934,0.0,0.06931602954864502,0.0,0.2677304148674011
9131,0.00531114861369133,0.017693182080984117,0.020930419117212294,0.060922291874885556,0.0,0.0692998468875885,0.0,0.26773184537887573
9132,0.0050406746566295626,0.018540379032492636,0.020381678268313407,0.06041626557707787,0.0,0.06928249448537827,0.0,0.2677326798439026
9133,0.005094270128756762,0.01747097261250019,0.022102294489741325,0.06365756765007972,0.0,0.0692630335688591,0.0,0.26773184537887573
9134,0.005247470457106829,0.01793801486492157,0.02253442518413067,0.06237887740135193,0.0,0.06923935562372208,0.0,0.2677311897277832
9135,0.0050134057179093364,0.018183724582195283,0.021206097304821016,0.060150719434022906,0.0,0.06922172009944916,0.0,0.2677289545536041
9136,0.005405741184949875,0.017752161249518394,0.02205287218093872,0.06383904442191124,0.0,0.06921074539422989,0.0,0.267726868391037
9137,0.005253362748771906,0.017345554381608962,0.021399456635117532,0.05772399380803108,0.0,0.06920456886291504,0.0,0.26772385835647583
9138,0.00484458701685071,0.018130116909742356,0.02212112061679363,0.059640345722436906,0.0,0.06919997930526733,0.0,0.26772013306617737
9139,0.005314931087195873,0.01840243674814701,0.022674353420734407,0.06069701537489891,0.0,0.0692027285695076,0.0,0.2677157521247864
9140,0.004847230110317469,0.01923072636127472,0.01976776123046875,0.060326343029737474,0.0,0.06920704245567322,0.0,0.2677106559276581
9141,0.0051265043206512925,0.01709715500473976,0.02200622521340847,0.06313928067684174,0.0,0.06920768320560455,0.0,0.26770472526550293
9142,0.005200115870684386,0.017050274834036826,0.021776744350790977,0.0633653812110424,0.0,0.06920816004276276,0.0,0.2676973342895508
9143,0.005148781463503838,0.018152174726128577,0.020916492491960526,0.06099903583526611,0.0,0.06921054422855377,0.0,0.26769202947616577
9144,0.004838600847870111,0.018471113219857217,0.02250184379518032,0.06063347235321999,0.0,0.06921370327472687,0.0,0.2676897644996643
9145,0.005243452545255422,0.01885918527841568,0.021950262412428857,0.06446945890784264,0.0,0.06921488046646118,0.0,0.26768913865089417
9146,0.005424993857741356,0.018271951004862785,0.020121192187070848,0.06437784507870674,0.0,0.06921704113483429,0.0,0.26768922805786133
9147,0.005043146479874849,0.01774384006857872,0.020219822600483894,0.062083961069583894,0.0,0.06921730190515518,0.0,0.2676892876625061
9148,0.005208541918545961,0.01772431582212448,0.021388307213783264,0.0627969667315483,0.0,0.06921703368425369,0.0,0.26769062876701355
9149,0.005258232448250055,0.01782699376344681,0.02013661600649357,0.05950714573264122,0.0,0.0692131519317627,0.0,0.2676940858364105
9150,0.005089928954839706,0.017745843157172203,0.02168602794408798,0.06121569722890854,0.0,0.0692124217748642,0.0,0.2677002549171448
9151,0.0053989972919225694,0.01785226762294769,0.023040569946169855,0.06085321083664894,0.0,0.06921010464429855,0.0,0.26770663261413574
9152,0.005067523848265409,0.017277291417121886,0.021428468450903893,0.06360006406903267,0.0,0.06922002136707306,0.0,0.2677139341831207
9153,0.005408262275159359,0.01819772459566593,0.02027540057897568,0.06557253673672676,0.0,0.06922881305217743,0.0,0.2677205204963684
9154,0.004971444606781006,0.01686045303940773,0.02240374982357025,0.06285984218120574,0.0,0.06924384832382202,0.0,0.26772773265838623
9155,0.004878359381109476,0.017234846577048303,0.020709584653377532,0.0618486575782299,0.0,0.06925656646490097,0.0,0.26773589849472046
9156,0.00535879610106349,0.017855981737375258,0.022474734112620354,0.0612810455262661,0.0,0.06926491856575012,0.0,0.2677421569824219
9157,0.005402212217450142,0.018432820960879327,0.01933009922504425,0.058710198104381564,0.0,0.06926649808883667,0.0,0.26774781942367554
9158,0.005382122751325369,0.01764337383210659,0.020208045840263367,0.05954404100775719,0.0,0.06926771253347397,0.0,0.2677534520626068
9159,0.005180648062378168,0.018379525654017924,0.02137855179607868,0.06573276668787002,0.0,0.06926988065242767,0.0,0.26775842905044556
9160,0.005497606750577688,0.018138642609119415,0.020682764053344727,0.058582285046577455,0.0,0.06927477568387985,0.0,0.26776260137557983
9161,0.005139325838536024,0.017694564908742903,0.02135227359831333,0.061573874205350876,0.0,0.06927536427974701,0.0,0.26776525378227234
9162,0.00523729519918561,0.01853141225874424,0.02062928080558777,0.0617951937019825,0.0,0.06927774101495743,0.0,0.2677673399448395
9163,0.005244818050414324,0.018290552124381066,0.02177710793912411,0.0597728930413723,0.0,0.06928040087223053,0.0,0.267770916223526
9164,0.005171323195099831,0.018406230211257934,0.022945503517985345,0.06105769872665405,0.0,0.06928100436925888,0.0,0.2677721381187439
9165,0.005179334059357643,0.01827134154736996,0.02145468778908253,0.05984521359205246,0.0,0.06928090006113052,0.0,0.2677718997001648
9166,0.004961346462368965,0.018355074524879455,0.022379165515303612,0.060944880545139316,0.0,0.06928182393312454,0.0,0.2677706182003021
9167,0.005071629304438829,0.01719694249331951,0.021655550226569176,0.06020122990012169,0.0,0.06928882002830505,0.0,0.26776769757270813
9168,0.00502202482894063,0.017085377499461173,0.022681347280740737,0.062326304614543915,0.0,0.06929107010364532,0.0,0.2677622437477112
9169,0.004889438860118389,0.017885764688253404,0.022328143194317817,0.06220624670386314,0.0,0.06929250806570053,0.0,0.26775655150413513
9170,0.005287511181086302,0.018079233914613725,0.02247289679944515,0.059641803801059726,0.0,0.06929461658000946,0.0,0.26775282621383667
9171,0.004803612641990185,0.018704405799508095,0.02190815843641758,0.06101918518543244,0.0,0.06929396092891693,0.0,0.26774778962135315
9172,0.005294896848499775,0.018151562288403512,0.021141230314970016,0.06143868714570999,0.0,0.06929220259189606,0.0,0.26774275302886963
9173,0.005252293404191732,0.018793946877121926,0.02165926471352577,0.06034451052546501,0.0,0.06928614526987076,0.0,0.2677368223667145
9174,0.005112783703953028,0.01856655478477478,0.022950438037514686,0.05990104675292969,0.0,0.06928546726703644,0.0,0.26773056387901306
9175,0.005192335415631533,0.01797944903373718,0.022689944505691527,0.05735325068235397,0.0,0.06928864866495132,0.0,0.2677226662635803
9176,0.005170069728046655,0.017312896996736528,0.022913517057895662,0.06064615622162819,0.0,0.06928609311580658,0.0,0.2677156329154968
9177,0.005374799761921167,0.018025126308202744,0.022095655649900438,0.06141048744320869,0.0,0.06928591430187225,0.0,0.26771050691604614
9178,0.00519466008991003,0.018210693448781966,0.02066861093044281,0.06206784024834633,0.0,0.06928648799657822,0.0,0.26770609617233276
9179,0.005251058470457792,0.018314938247203826,0.022055764868855476,0.061078070849180224,0.0,0.06928566098213196,0.0,0.26770344376564026
9180,0.005201180092990398,0.017958373948931693,0.02355262599885464,0.06035867258906365,0.0,0.0692823976278305,0.0,0.26770153641700745
9181,0.00500686913728714,0.018327295035123824,0.02254803441464901,0.058199094235897066,0.0,0.06927667558193207,0.0,0.26769834756851196
9182,0.005100053921341896,0.01780393235385418,0.020944591611623764,0.06437454745173454,0.0,0.06926891207695007,0.0,0.26769521832466125
9183,0.005135216470807791,0.017996395379304884,0.019851186126470566,0.06121341213583946,0.0,0.06926177442073822,0.0,0.26769161224365234
9184,0.00518016405403614,0.01758800745010376,0.02270783334970474,0.061834079772233964,0.0,0.0692518800497055,0.0,0.26768895983695984
9185,0.00516082514077425,0.018318568542599677,0.02088572531938553,0.06646969690918922,0.0,0.06924481689929962,0.0,0.2676863968372345
9186,0.005076633766293526,0.01822773367166519,0.021358031034469604,0.06186665147542954,0.0,0.06923768669366837,0.0,0.2676830589771271
9187,0.005360468383878469,0.01808466501533985,0.02292144000530243,0.06292675212025642,0.0,0.06923101842403412,0.0,0.26767951250076294
9188,0.005015622079372406,0.017229393124580383,0.019363949447870253,0.06397352293133736,0.0,0.0692242830991745,0.0,0.26767534017562866
9189,0.005384891759604216,0.016885143145918845,0.0208126287907362,0.06348281875252723,0.0,0.06921549141407013,0.0,0.2676711678504944
9190,0.0051574881188571455,0.017735910043120383,0.02275019735097885,0.0637170471251011,0.0,0.06920868158340454,0.0,0.2676694989204407
9191,0.005254378821700811,0.017364259995520114,0.020964984223246573,0.058740852028131486,0.0,0.06920448690652847,0.0,0.2676677703857422
9192,0.005387727543711663,0.018891068734228612,0.021016340330243112,0.0620308056473732,0.0,0.06920012086629868,0.0,0.2676675319671631
9193,0.0051791459321975705,0.017627675086259842,0.022224606573581697,0.05973231419920921,0.0,0.06919333338737488,0.0,0.26766839623451233
9194,0.005044361483305693,0.018806645274162294,0.021285299211740494,0.06286707744002343,0.0,0.06919140368700027,0.0,0.2676711678504944
9195,0.00517396554350853,0.018076939135789873,0.021433278173208236,0.06079564094543457,0.0,0.06918767839670181,0.0,0.26767492294311523
9196,0.005442152544856071,0.01884572021663189,0.022521282359957696,0.06179414168000221,0.0,0.06918729096651077,0.0,0.26767948269844055
9197,0.004841565527021885,0.018387773633003236,0.022465699911117555,0.058624659478664395,0.0,0.06919117271900177,0.0,0.26768389344215393
9198,0.005479990970343351,0.017946045473217966,0.021747866272926332,0.06370447427034379,0.0,0.06919959932565689,0.0,0.2676861882209778
9199,0.004742053523659706,0.01931556761264801,0.02170370928943157,0.060603239387273786,0.0,0.06920693069696426,0.0,0.26768776774406433
9200,0.005341145023703575,0.01794240139424801,0.02252478860318661,0.060417976975440976,0.0,0.06921986490488052,0.0,0.2676883637905121
9201,0.005529601126909256,0.01760784313082695,0.021571245044469833,0.0642808698117733,0.0,0.06923695653676987,0.0,0.26768842339515686
9202,0.005105828121304512,0.017838153056800365,0.021262170746922493,0.06805767863988876,0.0,0.0692489743232727,0.0,0.2676864564418793
9203,0.005053669307380914,0.017872608825564386,0.021779005602002143,0.060889124125242236,0.0,0.0692676454782486,0.0,0.267684668302536
9204,0.005210608057677746,0.018097327277064323,0.021831007674336433,0.06412457302212715,0.0,0.06928341835737228,0.0,0.2676842212677002
9205,0.005087461415678262,0.018296143785119057,0.02184807099401951,0.05917692556977272,0.0,0.06929221749305725,0.0,0.2676837146282196
9206,0.005393053963780403,0.018576878309249877,0.021784448251128196,0.05799380764365196,0.0,0.06930132955312729,0.0,0.26768404245376587
9207,0.005329368449747562,0.018506906181573867,0.022983741387724875,0.06259069293737411,0.0,0.06930665671825409,0.0,0.2676844298839569
9208,0.005532306991517544,0.01842326745390892,0.02187427766621113,0.05637526363134384,0.0,0.06931120157241821,0.0,0.2676834166049957
9209,0.005728422757238149,0.017450645565986633,0.020509763062000273,0.06551041901111603,0.0,0.06931225210428238,0.0,0.26768332719802856
9210,0.00522130262106657,0.017074493505060673,0.021704431250691415,0.06263343170285225,0.0,0.0693136528134346,0.0,0.267682820558548
9211,0.005217799823731184,0.018122054636478424,0.020596645772457123,0.062189077585935594,0.0,0.06931094080209732,0.0,0.2676822245121002
9212,0.005190367344766855,0.017673354223370553,0.020600580796599387,0.06249277144670486,0.0,0.06930750608444214,0.0,0.26768115162849426
9213,0.005364464409649372,0.01712425649166107,0.02283526733517647,0.06300677880644798,0.0,0.06930454075336456,0.0,0.2676811218261719
9214,0.005234829336404801,0.018415949121117593,0.02121301628649235,0.06706595718860626,0.0,0.06930062919855118,0.0,0.26768216490745544
9215,0.004916818998754025,0.01858440414071083,0.022078805789351463,0.06370649561285972,0.0,0.06929883360862732,0.0,0.2676795423030853
9216,0.005180306825786829,0.01793545801192522,0.019632530957460405,0.05982531681656837,0.0,0.06929600983858109,0.0,0.26767605543136597
9217,0.0053681529127061365,0.01816721595823765,0.0206901203840971,0.06027130335569382,0.0,0.06929311901330948,0.0,0.2676719129085541
9218,0.004838587343692779,0.01863473579287529,0.02326011173427105,0.06696740984916687,0.0,0.06928689777851105,0.0,0.26766782999038696
9219,0.004887104034423828,0.01832515075802803,0.022293467074632645,0.07051570266485215,0.0,0.0692795068025589,0.0,0.2676650285720825
9220,0.0053365730680525305,0.018151452392339708,0.02157776281237602,0.06263122633099556,0.0,0.06927501410245895,0.0,0.2676626145839691
9221,0.005100906826555729,0.018319235742092134,0.02197401598095894,0.060673289746046064,0.0,0.06927090138196945,0.0,0.2676600515842438
9222,0.004967992100864649,0.017543151788413525,0.022131258621811867,0.06554237902164459,0.0,0.06926494091749191,0.0,0.26765769720077515
9223,0.005268748011440038,0.018442970886826515,0.022017952427268027,0.06150175333023071,0.0,0.06925542652606964,0.0,0.26765668392181396
9224,0.005413808766752482,0.018549161031842232,0.022920240834355354,0.06122572496533394,0.0,0.06924445927143097,0.0,0.26765555143356323
9225,0.005452641472220421,0.01766607239842415,0.022727807983756065,0.05627270862460136,0.0,0.06923404335975647,0.0,0.2676563560962677
9226,0.00533652575686574,0.017498484067618846,0.022522345930337907,0.06298486217856407,0.0,0.06922595202922821,0.0,0.26765766739845276
9227,0.004914723616093397,0.018212737143039705,0.02066350355744362,0.05919690132141113,0.0,0.06921467185020447,0.0,0.2676607072353363
9228,0.005541270319372416,0.01766248382627964,0.02167600430548191,0.06106156557798385,0.0,0.06919898092746735,0.0,0.2676621973514557
9229,0.005102965142577886,0.01862166151404381,0.022720200940966606,0.06331021934747696,0.0,0.06918196380138397,0.0,0.26766374707221985
9230,0.005241415742784738,0.018476828560233118,0.021100521460175513,0.056018751859664914,0.0,0.06916441023349762,0.0,0.26766592264175415
9231,0.005174639075994492,0.018118613585829734,0.021546849980950356,0.060052653402090074,0.0,0.06915143132209778,0.0,0.26766857504844666
9232,0.005396133102476597,0.018947941437363624,0.020858446881175042,0.06044685393571854,0.0,0.06913628429174423,0.0,0.2676709294319153
9233,0.005184141080826521,0.018126726150512695,0.020339227840304376,0.061597990244627,0.0,0.06912694871425629,0.0,0.2676733434200287
9234,0.0053864860907197,0.017531733214855193,0.02218824066221714,0.06381603926420212,0.0,0.06912244856357574,0.0,0.26767653226852417
9235,0.0046205705031752585,0.017688272148370744,0.022726360708475113,0.06083959192037582,0.0,0.06912174075841904,0.0,0.2676786780357361
9236,0.005180202890187502,0.017678742483258247,0.022132429108023644,0.0624779000878334,0.0,0.06912179291248322,0.0,0.2676827013492584
9237,0.004914212413132191,0.018261822313070296,0.022401116043329238,0.06250540912151337,0.0,0.06912026554346085,0.0,0.2676871418952942
9238,0.005258671939373016,0.017591910809278487,0.023113671317696573,0.05957165136933327,0.0,0.0691179484128952,0.0,0.26768964529037476
9239,0.005012199841439724,0.018061473965644836,0.02215433269739151,0.06069716215133667,0.0,0.0691162496805191,0.0,0.26769179105758667
9240,0.005518228560686111,0.017582536116242407,0.021125468239188195,0.06081022992730141,0.0,0.0691169947385788,0.0,0.26769179105758667
9241,0.005575388576835394,0.01831745132803917,0.022376526892185212,0.058108162879943845,0.0,0.06912069767713547,0.0,0.2676919102668762
9242,0.005303309950977564,0.01764703430235386,0.021089724078774453,0.0631086841225624,0.0,0.069125697016716,0.0,0.26768988370895386
9243,0.005060274247080087,0.017314146831631662,0.02385989800095558,0.06327871307730674,0.0,0.06913108378648758,0.0,0.26768866181373596
9244,0.005444411654025316,0.018274855613708497,0.023259661346673965,0.06361995041370391,0.0,0.06913651525974274,0.0,0.267686128616333
9245,0.005350741930305958,0.018202729895710944,0.02200256735086441,0.06138612926006317,0.0,0.06914110481739044,0.0,0.26768386363983154
9246,0.005769822373986244,0.01786453016102314,0.021813492104411126,0.06696480512619019,0.0,0.06914614140987396,0.0,0.2676810622215271
9247,0.005192539095878601,0.01839202642440796,0.022421108931303023,0.061034760624170306,0.0,0.06915084272623062,0.0,0.2676788866519928
9248,0.005027958005666733,0.01751687340438366,0.022022145241498946,0.06349433586001396,0.0,0.06915231049060822,0.0,0.26767730712890625
9249,0.005633388087153435,0.018076388537883757,0.02254059836268425,0.06004614606499672,0.0,0.06915763020515442,0.0,0.26767703890800476
9250,0.00530506344512105,0.01738555058836937,0.019104764983057975,0.05884925574064255,0.0,0.0691661685705185,0.0,0.26767629384994507
9251,0.005197505466639996,0.018325521796941757,0.021453679352998734,0.061288405954837796,0.0,0.0691743716597557,0.0,0.26767656207084656
9252,0.00514701446518302,0.018916800618171692,0.022286271676421165,0.059218890964984894,0.0,0.06918009370565414,0.0,0.2676742374897003
9253,0.005680551286786795,0.017762665450572968,0.021654073148965836,0.06595038771629333,0.0,0.06918709725141525,0.0,0.26767149567604065
9254,0.005414461530745029,0.017375939711928367,0.022347450628876685,0.06453964784741402,0.0,0.06919370591640472,0.0,0.2676667869091034
9255,0.005321064498275518,0.017925846204161645,0.02084568068385124,0.06264324486255646,0.0,0.06919701397418976,0.0,0.26765966415405273
9256,0.0053784334100782875,0.018572452664375304,0.019810469076037406,0.06446295529603958,0.0,0.06919986009597778,0.0,0.26765328645706177
9257,0.0052878172136843204,0.01867547370493412,0.022198086977005003,0.06574237048625946,0.0,0.06920181959867477,0.0,0.2676474452018738
9258,0.0052293392829596995,0.0186098400503397,0.020673208683729172,0.06515819355845451,0.0,0.06920300424098969,0.0,0.26764050126075745
9259,0.004923726990818977,0.018268779665231705,0.0203017245978117,0.06365880593657494,0.0,0.0692044198513031,0.0,0.26763492822647095
9260,0.005030685011297465,0.01858082748949528,0.02132134772837162,0.06088996976613999,0.0,0.06920506805181503,0.0,0.2676289677619934
9261,0.004979402478784323,0.017569663375616072,0.02117791064083576,0.05915881171822548,0.0,0.0692053809762001,0.0,0.2676214277744293
9262,0.005246764793992042,0.01705944649875164,0.021676287427544592,0.06158297508955002,0.0,0.06920339167118073,0.0,0.26761505007743835
9263,0.005249493941664696,0.01794143281877041,0.021983787417411804,0.06372052505612373,0.0,0.06920704245567322,0.0,0.26761069893836975
9264,0.004849285539239645,0.019150933995842934,0.020864471793174744,0.06263386309146882,0.0,0.06921042501926422,0.0,0.2676069140434265
9265,0.00531716700643301,0.017195961251854897,0.020827075839042662,0.06175119504332542,0.0,0.06921826303005219,0.0,0.2676043212413788
9266,0.005129908211529255,0.018683988973498343,0.021983875334262847,0.0638249009847641,0.0,0.06922345608472824,0.0,0.26760032773017883
9267,0.005215519201010465,0.016571757569909095,0.023713183775544166,0.06243184730410576,0.0,0.06923417747020721,0.0,0.26759690046310425
9268,0.005269991233944893,0.018869518116116524,0.022333497926592828,0.06498543024063111,0.0,0.06924159824848175,0.0,0.2675970196723938
9269,0.0052448567934334275,0.01857801266014576,0.02355177327990532,0.06020161360502243,0.0,0.06924746930599213,0.0,0.26760101318359375
9270,0.005344147048890591,0.018232449516654016,0.02273976169526577,0.06364885270595551,0.0,0.06925104558467865,0.0,0.2676069736480713
9271,0.00538477161899209,0.01824386790394783,0.021689894795417785,0.061527715623378755,0.0,0.0692593902349472,0.0,0.2676149010658264
9272,0.005239384341984987,0.018968554958701134,0.022234296798706053,0.05996561944484711,0.0,0.06926606595516205,0.0,0.26762259006500244
9273,0.005404982622712851,0.0176842350512743,0.020982838049530984,0.06016717180609703,0.0,0.06927292048931122,0.0,0.2676282823085785
9274,0.004762600548565388,0.01763206720352173,0.02179037295281887,0.06099398732185364,0.0,0.06927546113729477,0.0,0.2676335275173187
9275,0.005429814849048853,0.017692437395453453,0.02175433225929737,0.058873454481363295,0.0,0.06927404552698135,0.0,0.2676401734352112
9276,0.005087357480078936,0.0178909569978714,0.02206234596669674,0.06214005351066589,0.0,0.06927178800106049,0.0,0.2676467001438141
9277,0.005050028301775455,0.017571333050727844,0.021280628442764283,0.058689740300178525,0.0,0.0692710280418396,0.0,0.2676524221897125
9278,0.00519157275557518,0.017182404920458794,0.021451237425208092,0.06430144235491753,0.0,0.06926964223384857,0.0,0.26765769720077515
9279,0.005638928711414337,0.0185793936252594,0.024136530980467797,0.06363382413983346,0.0,0.06926501542329788,0.0,0.26766037940979004
9280,0.004972696304321289,0.017800445109605788,0.02187528498470783,0.060220076143741606,0.0,0.0692606195807457,0.0,0.2676602602005005
9281,0.00532264681532979,0.01801406219601631,0.019551638513803482,0.06592411547899246,0.0,0.0692543163895607,0.0,0.26765912771224976
9282,0.004698606953024864,0.018331918120384216,0.019122662395238875,0.06071576327085495,0.0,0.06925313174724579,0.0,0.26765918731689453
9283,0.004906322062015534,0.017584048956632615,0.023880084976553917,0.0615162193775177,0.0,0.06925477087497711,0.0,0.26765865087509155
9284,0.004840191267430782,0.01724156867712736,0.021918199956417084,0.06542163565754891,0.0,0.06926066428422928,0.0,0.26765650510787964
9285,0.005088577046990395,0.01725921779870987,0.01981998048722744,0.06327920854091644,0.0,0.06926313042640686,0.0,0.26765522360801697
9286,0.005152575764805078,0.017800888419151305,0.022163136303424834,0.0589117668569088,0.0,0.06926411390304565,0.0,0.26765480637550354
9287,0.0051879027858376505,0.018610889464616774,0.020732057839632036,0.06378094702959061,0.0,0.06926930695772171,0.0,0.26765283942222595
9288,0.004854102060198784,0.017897742614150048,0.02136714830994606,0.059314243495464325,0.0,0.0692770853638649,0.0,0.2676505148410797
9289,0.0052793585695326325,0.01745680533349514,0.021225198358297347,0.06147622913122177,0.0,0.06928793340921402,0.0,0.2676481604576111
9290,0.005290001444518566,0.018703998997807503,0.021601792052388193,0.061404202878475186,0.0,0.06930001080036163,0.0,0.26764535903930664
9291,0.004901060368865728,0.018066221848130226,0.02150697782635689,0.05924357622861862,0.0,0.06930939853191376,0.0,0.2676425874233246
9292,0.004763705004006624,0.018467917665839197,0.02092902362346649,0.066078682243824,0.0,0.06931834667921066,0.0,0.2676410675048828
9293,0.0050526315346360205,0.018761332705616952,0.02312728054821491,0.061884616315364835,0.0,0.06933030486106873,0.0,0.2676406800746918
9294,0.005468499381095171,0.018090210482478143,0.022698225826025008,0.058372609317302704,0.0,0.06934279203414917,0.0,0.26764145493507385
9295,0.0051772954873740675,0.018611524254083633,0.02297167107462883,0.05859721824526787,0.0,0.06935182958841324,0.0,0.26764363050460815
9296,0.005149818118661642,0.017684632167220115,0.018879811093211175,0.06228609681129456,0.0,0.0693611353635788,0.0,0.26764482259750366
9297,0.005355376191437245,0.01818767637014389,0.02119307518005371,0.06253553852438927,0.0,0.06936976313591003,0.0,0.2676474452018738
9298,0.005208959709852934,0.01785639561712742,0.023382971435785292,0.06168564036488533,0.0,0.06937551498413086,0.0,0.26764845848083496
9299,0.005307467468082905,0.017513274401426315,0.021212320774793625,0.06287329941987992,0.0,0.06937780231237411,0.0,0.26764851808547974
9300,0.00509118651971221,0.018424291163682938,0.02138977460563183,0.06230693161487579,0.0,0.06937479972839355,0.0,0.2676498293876648
9301,0.005139223299920559,0.016831573843955994,0.020873057842254638,0.062250581383705136,0.0,0.06936690211296082,0.0,0.26765066385269165
9302,0.005295281857252121,0.01858220435678959,0.021221104264259338,0.061095768213272096,0.0,0.06935811042785645,0.0,0.2676524519920349
9303,0.005097416136413813,0.017351967096328736,0.022675559297204016,0.05583774894475937,0.0,0.06935407966375351,0.0,0.2676540017127991
9304,0.005277481209486723,0.017198169603943825,0.022265325859189035,0.06270656064152717,0.0,0.06934837996959686,0.0,0.26765576004981995
9305,0.005168319493532181,0.017409059032797814,0.021559907868504525,0.06353086903691292,0.0,0.0693398118019104,0.0,0.2676573693752289
9306,0.004910838231444359,0.017296695336699485,0.022429392486810685,0.06283266097307205,0.0,0.06932918727397919,0.0,0.2676580846309662
9307,0.005206930451095104,0.018011220917105674,0.021814245358109476,0.0618307389318943,0.0,0.06932062655687332,0.0,0.2676582336425781
9308,0.005324105080217123,0.017679468169808386,0.021333340927958487,0.06041951850056648,0.0,0.06931464374065399,0.0,0.2676566541194916
9309,0.005239621177315712,0.019375178217887878,0.021532281860709192,0.05902289673686027,0.0,0.06930948793888092,0.0,0.2676546573638916
9310,0.00503026032820344,0.018042293936014177,0.020953643694519998,0.06347949653863907,0.0,0.06931336969137192,0.0,0.2676529884338379
9311,0.005008334666490555,0.017352431640028955,0.022048033028841018,0.06158988326787949,0.0,0.06931842863559723,0.0,0.26765310764312744
9312,0.00520983561873436,0.018055395036935807,0.021455290168523787,0.05971154719591141,0.0,0.0693233460187912,0.0,0.26765352487564087
9313,0.005263955239206553,0.018259315565228463,0.021702121198177337,0.06161891371011734,0.0,0.06932901591062546,0.0,0.2676534652709961
9314,0.005017585400491953,0.0176547534763813,0.02143522575497627,0.06202417612075806,0.0,0.06933857500553131,0.0,0.2676517069339752
9315,0.005190590769052506,0.01834951564669609,0.022002990916371347,0.06102342531085014,0.0,0.06935267150402069,0.0,0.26765066385269165
9316,0.004710132908076048,0.01822255626320839,0.0216677475720644,0.06404403522610665,0.0,0.0693715438246727,0.0,0.26765018701553345
9317,0.004961064085364342,0.018900353088974954,0.02298600450158119,0.059713791310787204,0.0,0.06938883662223816,0.0,0.2676498591899872
9318,0.00536335026845336,0.01815847121179104,0.02207241617143154,0.06328049972653389,0.0,0.06940363347530365,0.0,0.2676483690738678
9319,0.0054230399429798124,0.01808980666100979,0.020574068278074266,0.059533192217350005,0.0,0.06942011415958405,0.0,0.26764607429504395
9320,0.005544200353324413,0.017912616953253746,0.022076689451932908,0.05990524962544441,0.0,0.06943763792514801,0.0,0.2676437795162201
9321,0.005062982346862555,0.01824745871126652,0.02219443768262863,0.06316398456692696,0.0,0.0694521814584732,0.0,0.26764044165611267
9322,0.004877195786684751,0.018007851764559747,0.021420792490243912,0.0643540509045124,0.0,0.06946726143360138,0.0,0.26763540506362915
9323,0.00545894568786025,0.018066619336605073,0.023135819658637046,0.05721645876765251,0.0,0.06947815418243408,0.0,0.26762911677360535
9324,0.005159473232924938,0.018494809791445733,0.02362223118543625,0.05884847715497017,0.0,0.06948544830083847,0.0,0.26762324571609497
9325,0.005437719635665417,0.01802549622952938,0.020570848509669303,0.05869034230709076,0.0,0.06949160248041153,0.0,0.26761847734451294
9326,0.0053637631237506865,0.01757117174565792,0.022648853063583375,0.06337725520133972,0.0,0.06949107348918915,0.0,0.2676141858100891
9327,0.005628406722098589,0.01840858720242977,0.02121625132858753,0.06261486709117889,0.0,0.06948485225439072,0.0,0.2676103115081787
9328,0.004921643249690533,0.018442465364933013,0.02219567634165287,0.06258161664009095,0.0,0.06947603821754456,0.0,0.2676061987876892
9329,0.005232537351548672,0.017833295837044717,0.022874527052044867,0.06193626821041107,0.0,0.06946682929992676,0.0,0.26760417222976685
9330,0.0056391223333776,0.016530026495456696,0.021439824625849722,0.06444806307554245,0.0,0.0694601759314537,0.0,0.2676055431365967
9331,0.004880990274250508,0.017247795686125757,0.022322940826416015,0.06143819913268089,0.0,0.06944914907217026,0.0,0.2676064968109131
9332,0.00528709813952446,0.01833576671779156,0.022309579700231553,0.06294319182634353,0.0,0.06943647563457489,0.0,0.26761049032211304
9333,0.004821512661874294,0.01776295676827431,0.02038525082170963,0.05920685157179832,0.0,0.06942082941532135,0.0,0.2676151990890503
9334,0.005291665811091662,0.018325569108128548,0.022542928531765937,0.05935551673173904,0.0,0.06940120458602905,0.0,0.2676202654838562
9335,0.004809010121971369,0.017691423743963243,0.02023405469954014,0.060342834889888765,0.0,0.06938491761684418,0.0,0.26762503385543823
9336,0.005209939274936915,0.018178506568074227,0.022970331087708473,0.0630490891635418,0.0,0.0693647712469101,0.0,0.267629474401474
9337,0.005365167278796434,0.01688136104494333,0.02190546542406082,0.061047884076833724,0.0,0.06934879720211029,0.0,0.26763346791267395
9338,0.005274713970720768,0.018626490980386733,0.02190116383135319,0.060578851401805876,0.0,0.06933563202619553,0.0,0.2676354944705963
9339,0.005187428370118141,0.01759861335158348,0.022355109825730322,0.06190581023693085,0.0,0.06932699680328369,0.0,0.26763981580734253
9340,0.005364340171217919,0.01863407641649246,0.024417266249656677,0.06423762440681458,0.0,0.06932119280099869,0.0,0.2676444947719574
9341,0.005342345219105482,0.01774938255548477,0.022561104968190193,0.0625036247074604,0.0,0.06932027637958527,0.0,0.26765012741088867
9342,0.005106415506452322,0.018135983124375345,0.021064041554927825,0.059337212890386584,0.0,0.06931950151920319,0.0,0.2676547169685364
9343,0.005120232049375772,0.017733306065201758,0.02157856374979019,0.06089028939604759,0.0,0.06932631134986877,0.0,0.2676602900028229
9344,0.004913230519741773,0.018495120853185654,0.021684706583619116,0.0652418576180935,0.0,0.06933195888996124,0.0,0.26766446232795715
9345,0.005437159817665816,0.01827904023230076,0.022710835188627244,0.060332880914211275,0.0,0.06933659315109253,0.0,0.2676685154438019
9346,0.005104754492640496,0.01817309148609638,0.02199412025511265,0.05858740210533142,0.0,0.0693402886390686,0.0,0.2676711678504944
9347,0.005593017302453518,0.01852324791252613,0.022058804333209992,0.06080906465649605,0.0,0.06934605538845062,0.0,0.26767149567604065
9348,0.0049293793737888334,0.017712049186229706,0.022025073319673537,0.05996184647083282,0.0,0.06934792548418045,0.0,0.2676694393157959
9349,0.005245826207101345,0.01874490678310394,0.022155534848570822,0.0643895223736763,0.0,0.06935020536184311,0.0,0.2676655054092407
9350,0.005388216115534306,0.018443045020103455,0.022483685985207558,0.06599951386451722,0.0,0.06935378909111023,0.0,0.2676638960838318
9351,0.0051490869373083115,0.01872704066336155,0.023504576832056045,0.06060305312275886,0.0,0.06936280429363251,0.0,0.26766055822372437
9352,0.005620087217539549,0.01779601015150547,0.022194555029273033,0.06178330555558205,0.0,0.06938003748655319,0.0,0.2676582634449005
9353,0.005251201055943966,0.017496854811906815,0.02167644686996937,0.06310023516416549,0.0,0.06939701735973358,0.0,0.2676560580730438
9354,0.00540205230936408,0.018455091491341592,0.021131842583417892,0.05854105204343796,0.0,0.06941103935241699,0.0,0.267655611038208
9355,0.005343122873455286,0.017609383910894394,0.019989721477031708,0.060153082758188245,0.0,0.06942187249660492,0.0,0.2676573693752289
9356,0.005328009743243456,0.018672173470258714,0.022331821173429488,0.06284164413809776,0.0,0.06943681091070175,0.0,0.2676618695259094
9357,0.004793493170291185,0.01778222620487213,0.02101503945887089,0.0640091322362423,0.0,0.06944789737462997,0.0,0.26766854524612427
9358,0.0050537437200546265,0.018353402614593506,0.021258939430117606,0.06021633744239807,0.0,0.06945688277482986,0.0,0.26767635345458984
9359,0.004948068037629127,0.017886874824762346,0.02173105366528034,0.0641075424849987,0.0,0.06946247816085815,0.0,0.26768308877944946
9360,0.0052856337279081345,0.018079664930701254,0.022431953623890877,0.0622917078435421,0.0,0.06946767866611481,0.0,0.2676887512207031
9361,0.005313298851251602,0.01760665513575077,0.021795322000980378,0.059592746943235395,0.0,0.06947436183691025,0.0,0.26769348978996277
9362,0.005229304265230894,0.017183012887835504,0.023727810382843016,0.0632193148136139,0.0,0.06947758048772812,0.0,0.26769524812698364
9363,0.004955092538148164,0.01737801618874073,0.021288567408919334,0.058583329617977145,0.0,0.0694815069437027,0.0,0.267695814371109
9364,0.005361058004200459,0.017637790367007255,0.02156192995607853,0.06273280009627343,0.0,0.06948377192020416,0.0,0.2676948010921478
9365,0.005175497569143772,0.019059644266963004,0.021973954141139986,0.05985577404499054,0.0,0.06948411464691162,0.0,0.26769423484802246
9366,0.005061934236437082,0.017106403410434724,0.0220265943557024,0.06328948587179184,0.0,0.06948350369930267,0.0,0.26769113540649414
9367,0.0050229916349053385,0.01818761005997658,0.021344035863876343,0.061633354425430296,0.0,0.06947754323482513,0.0,0.2676863372325897
9368,0.005367768369615078,0.017921838723123074,0.020818363502621652,0.060590396821498874,0.0,0.06946816295385361,0.0,0.2676800787448883
9369,0.005175728164613247,0.018061057105660437,0.02088192440569401,0.06179919615387917,0.0,0.0694568082690239,0.0,0.26767364144325256
9370,0.005414983443915844,0.018209447711706163,0.022045662999153136,0.061817862838506696,0.0,0.06944675743579865,0.0,0.2676698863506317
9371,0.005077343620359898,0.018543487787246703,0.021563752368092538,0.06098719909787178,0.0,0.06943656504154205,0.0,0.26766589283943176
9372,0.0053178414702415465,0.016975177079439165,0.022304429858922958,0.061950457841157915,0.0,0.06942512094974518,0.0,0.26766300201416016
9373,0.005229173507541418,0.01666899248957634,0.019418424740433694,0.05959050208330154,0.0,0.06941460818052292,0.0,0.26765918731689453
9374,0.0052156936377286914,0.017434442602097987,0.020459464564919472,0.06373778134584426,0.0,0.06940445303916931,0.0,0.2676566243171692
9375,0.005333925597369671,0.017335955798625947,0.022893763706088067,0.060733252018690106,0.0,0.06939244270324707,0.0,0.26765549182891846
9376,0.005308695323765278,0.01797286160290241,0.02155342511832714,0.062271316349506375,0.0,0.06937624514102936,0.0,0.2676538825035095
9377,0.005210600793361664,0.017793510854244233,0.02211776711046696,0.06066869124770165,0.0,0.06936226040124893,0.0,0.26765161752700806
9378,0.005127657391130924,0.01827309504151344,0.020006722956895828,0.0633514516055584,0.0,0.06934761255979538,0.0,0.2676500976085663
9379,0.005711460672318936,0.017881829291582108,0.02428876459598541,0.06050400212407112,0.0,0.06933211535215378,0.0,0.2676483690738678
9380,0.005177693814039231,0.018228194490075112,0.022223635390400887,0.06067686378955841,0.0,0.06931805610656738,0.0,0.26764753460884094
9381,0.005214991047978401,0.017761849611997605,0.02262822575867176,0.06354350820183755,0.0,0.06930750608444214,0.0,0.26764577627182007
9382,0.005224463250488043,0.01760150119662285,0.020313650369644165,0.06333529129624367,0.0,0.069297656416893,0.0,0.2676423192024231
9383,0.005005504842847586,0.018411850556731224,0.02286611907184124,0.06473809778690338,0.0,0.0692887082695961,0.0,0.2676383852958679
9384,0.005372265353798866,0.017584475129842757,0.021602881699800493,0.06337136477231979,0.0,0.06927554309368134,0.0,0.26763230562210083
9385,0.005190485902130604,0.018863924965262412,0.021632029861211776,0.05997713357210159,0.0,0.06926416605710983,0.0,0.26762598752975464
9386,0.005027404613792896,0.01899454779922962,0.02226056195795536,0.0622808538377285,0.0,0.06926006078720093,0.0,0.2676195800304413
9387,0.0053160984069108965,0.017716292664408682,0.02237751893699169,0.06422147303819656,0.0,0.06926249712705612,0.0,0.2676132619380951
9388,0.005315454863011837,0.018020528927445413,0.02108146622776985,0.06122564151883125,0.0,0.06926646828651428,0.0,0.26760873198509216
9389,0.005304141528904438,0.018040582537651062,0.021618853136897088,0.0644637405872345,0.0,0.06926590204238892,0.0,0.2676057517528534
9390,0.005297316610813141,0.018234884738922118,0.02111947126686573,0.05985675007104874,0.0,0.06926898658275604,0.0,0.2676038444042206
9391,0.00523692686110735,0.01762252449989319,0.02287491224706173,0.06300423592329026,0.0,0.06927193701267242,0.0,0.26760467886924744
9392,0.0055020758882164955,0.017917053028941154,0.02430422268807888,0.06089867502450943,0.0,0.06927186250686646,0.0,0.26760536432266235
9393,0.005052945949137211,0.018723485991358757,0.02338297963142395,0.06045721992850304,0.0,0.06926999986171722,0.0,0.26760488748550415
9394,0.005034185759723186,0.018406971544027328,0.022127489745616912,0.06081355065107345,0.0,0.0692693442106247,0.0,0.2676020562648773
9395,0.005465790815651417,0.017923105135560037,0.022616906091570854,0.059127415716648105,0.0,0.06926999241113663,0.0,0.2676007151603699
9396,0.005153878778219223,0.018512387573719025,0.020830297097563743,0.06192473024129867,0.0,0.06927098333835602,0.0,0.267598956823349
9397,0.004966874606907368,0.018364310264587402,0.020782201364636422,0.06077078580856323,0.0,0.06927718222141266,0.0,0.26759815216064453
9398,0.005208915937691927,0.018291104957461356,0.021362189203500748,0.06104482188820839,0.0,0.06928814947605133,0.0,0.2675972878932953
9399,0.004966319538652897,0.017998553067445754,0.020753731578588487,0.06279594972729682,0.0,0.06930126994848251,0.0,0.2675955295562744
9400,0.005190348252654076,0.018301623687148095,0.023007718846201897,0.061453665047883986,0.0,0.06931431591510773,0.0,0.26759496331214905
9401,0.005221683438867331,0.01795806214213371,0.02152089811861515,0.057259783148765564,0.0,0.06932304799556732,0.0,0.2675931751728058
9402,0.005377786513417959,0.018136604502797127,0.020746584236621856,0.06388654410839081,0.0,0.06933858245611191,0.0,0.2675890326499939
9403,0.005214175023138523,0.017367353662848473,0.023094704374670982,0.06286402270197869,0.0,0.06934923678636551,0.0,0.26758497953414917
9404,0.005368163902312517,0.017394504696130752,0.021761444211006165,0.06062483936548233,0.0,0.0693589299917221,0.0,0.2675791382789612
9405,0.0050229597836732864,0.01798432320356369,0.021355384960770607,0.06234034970402717,0.0,0.06936516612768173,0.0,0.26757198572158813
9406,0.005063320510089397,0.01919868029654026,0.021877562254667283,0.06587542742490768,0.0,0.06936373561620712,0.0,0.2675660252571106
9407,0.005276062805205583,0.01758646368980408,0.022365199401974678,0.061475449800491334,0.0,0.06936522573232651,0.0,0.2675609588623047
9408,0.00503818579018116,0.017608097940683364,0.02246113233268261,0.06417066380381584,0.0,0.06936345249414444,0.0,0.26755455136299133
9409,0.005024941265583038,0.01834626942873001,0.021898232400417328,0.06068773567676544,0.0,0.06936058402061462,0.0,0.2675495445728302
9410,0.005647395271807909,0.018434197828173637,0.021927418187260628,0.059394515305757525,0.0,0.0693620964884758,0.0,0.2675459384918213
9411,0.004864442441612482,0.01801183968782425,0.021313882246613503,0.05849984958767891,0.0,0.06936325877904892,0.0,0.2675435543060303
9412,0.005250500701367855,0.01783212646842003,0.022605933994054795,0.06094423979520798,0.0,0.06936294585466385,0.0,0.26754051446914673
9413,0.00496846754103899,0.018520576134324073,0.021235690265893937,0.06011232286691666,0.0,0.06936444342136383,0.0,0.26753634214401245
9414,0.005350591614842415,0.018236929550766945,0.021004245802760124,0.062104379385709764,0.0,0.06936414539813995,0.0,0.26753106713294983
9415,0.005196961853653192,0.01831357181072235,0.020741987600922586,0.06253917515277863,0.0,0.06936223804950714,0.0,0.26752611994743347
9416,0.005574904568493366,0.01777714639902115,0.020971981063485145,0.06222918108105659,0.0,0.06935840100049973,0.0,0.26752087473869324
9417,0.0052338577806949615,0.01734682135283947,0.021836768835783005,0.06491127610206604,0.0,0.06934996694326401,0.0,0.2675172686576843
9418,0.00504524502903223,0.017512373626232147,0.02238411791622639,0.05890364274382591,0.0,0.06934653222560883,0.0,0.26751747727394104
9419,0.0052907890640199184,0.018151108548045157,0.021970273181796073,0.0628565177321434,0.0,0.06934069842100143,0.0,0.2675172686576843
9420,0.005073114112019539,0.018106123059988023,0.02023698054254055,0.05700548216700554,0.0,0.06934121996164322,0.0,0.26751798391342163
9421,0.005130588822066784,0.01776451915502548,0.02044653333723545,0.05922071486711502,0.0,0.06934267282485962,0.0,0.2675170302391052
9422,0.005340291745960712,0.01807200089097023,0.022583160549402237,0.06261421218514443,0.0,0.06934519112110138,0.0,0.2675158977508545
9423,0.005253063607960939,0.01783803328871727,0.021811342984437942,0.06437402218580246,0.0,0.06934692710638046,0.0,0.26751333475112915
9424,0.005328857991844416,0.018920374289155006,0.023831911012530328,0.06097299829125404,0.0,0.06934948265552521,0.0,0.26750996708869934
9425,0.005296596046537161,0.0176649060100317,0.020559319108724595,0.059733808040618896,0.0,0.0693514496088028,0.0,0.26750582456588745
9426,0.004999003745615483,0.0177564088255167,0.023200680315494538,0.058512254059314726,0.0,0.06935521960258484,0.0,0.2675004005432129
9427,0.005242291465401649,0.01750569362193346,0.021651962026953697,0.0580775573849678,0.0,0.0693601667881012,0.0,0.2674979567527771
9428,0.005020345002412796,0.018017807975411415,0.021278686076402663,0.06427561789751053,0.0,0.06936293840408325,0.0,0.26749593019485474
9429,0.00522455470636487,0.018311633542180062,0.02317318469285965,0.06238546296954155,0.0,0.06936541944742203,0.0,0.26749497652053833
9430,0.005133717320859432,0.0184541042894125,0.02083480656147003,0.061639370024204256,0.0,0.0693633109331131,0.0,0.26749420166015625
9431,0.0055516079068183895,0.01888684555888176,0.02195327915251255,0.062481054663658143,0.0,0.06936446577310562,0.0,0.2674933969974518
9432,0.005168350785970688,0.01878322511911392,0.02170724719762802,0.06073222234845162,0.0,0.06936899572610855,0.0,0.2674935460090637
9433,0.005191747099161148,0.016884456388652325,0.019090835005044937,0.0620289608836174,0.0,0.06936875730752945,0.0,0.2674960494041443
9434,0.005292861070483923,0.017415760084986687,0.021988729014992714,0.05591048821806908,0.0,0.06936439871788025,0.0,0.26749926805496216
9435,0.004970190860331058,0.018751154094934462,0.02110702358186245,0.06237650960683823,0.0,0.06936945021152496,0.0,0.2675032913684845
9436,0.0050293485634028915,0.017651532776653767,0.022701513767242432,0.06506233066320419,0.0,0.06937108188867569,0.0,0.2675069272518158
9437,0.005429653637111187,0.018990284577012063,0.02301844395697117,0.06242692694067955,0.0,0.06937413662672043,0.0,0.26750773191452026
9438,0.005167303886264562,0.017166375741362573,0.023604518547654153,0.0642709881067276,0.0,0.06938064098358154,0.0,0.26750820875167847
9439,0.005385891534388065,0.01766878552734852,0.021939769759774207,0.06117492988705635,0.0,0.06939052790403366,0.0,0.26750728487968445
9440,0.005210935696959495,0.017980163171887397,0.021040653437376024,0.06529592722654343,0.0,0.06940144300460815,0.0,0.2675056755542755
9441,0.005359564814716578,0.018675680086016656,0.020309745147824288,0.06114175319671631,0.0,0.0694086104631424,0.0,0.2675066888332367
9442,0.005237399134784937,0.01803145222365856,0.023166523873806,0.0630047708749771,0.0,0.06942035257816315,0.0,0.26750487089157104
9443,0.005175091419368982,0.017951861023902893,0.021628297865390778,0.060904599726200104,0.0,0.06943260133266449,0.0,0.26750171184539795
9444,0.00486095929518342,0.01786261163651943,0.023841987550258636,0.06255078092217445,0.0,0.06944040209054947,0.0,0.26749831438064575
9445,0.004853231739252806,0.017975529283285142,0.022046057507395744,0.06357866376638413,0.0,0.06944861263036728,0.0,0.26749417185783386
9446,0.005158153176307678,0.018008952587842943,0.02385396733880043,0.061219554394483566,0.0,0.06945674121379852,0.0,0.2674914300441742
9447,0.005195727292448282,0.018319400027394295,0.022317964211106302,0.06404506340622902,0.0,0.06946476548910141,0.0,0.2674883306026459
9448,0.005021471902728081,0.017850880324840546,0.022409509122371673,0.06052539646625519,0.0,0.0694676861166954,0.0,0.2674868702888489
9449,0.004963116627186537,0.018543839827179907,0.02179153934121132,0.05834142491221428,0.0,0.06946514546871185,0.0,0.26748499274253845
9450,0.005125791858881712,0.01794036142528057,0.022610482946038245,0.06097782701253891,0.0,0.06946559250354767,0.0,0.26748359203338623
9451,0.005403455719351769,0.017633984610438348,0.020468727499246598,0.06526941359043122,0.0,0.06946775317192078,0.0,0.26748159527778625
9452,0.005274643748998642,0.01799495257437229,0.02268483377993107,0.05998038724064827,0.0,0.06947250664234161,0.0,0.26747995615005493
9453,0.005348371062427759,0.017463590204715728,0.02338179275393486,0.06122854724526405,0.0,0.0694790706038475,0.0,0.267478883266449
9454,0.0050677858293056485,0.017498385161161423,0.02160738930106163,0.06340918987989426,0.0,0.06948366016149521,0.0,0.26747748255729675
9455,0.00493167219683528,0.01759820245206356,0.022242576256394385,0.06421006694436074,0.0,0.06948496401309967,0.0,0.26747721433639526
9456,0.005145228374749422,0.017081524059176446,0.021765423566102983,0.06653999388217927,0.0,0.06948424875736237,0.0,0.2674764096736908
9457,0.005246642418205738,0.01863667704164982,0.021226652339100836,0.05882139131426811,0.0,0.06948383152484894,0.0,0.26747435331344604
9458,0.005723331589251757,0.018337830156087875,0.02400471307337284,0.06062717288732529,0.0,0.06948342174291611,0.0,0.2674727737903595
9459,0.0056184733286499975,0.01766875423491001,0.023067235574126245,0.06058148518204689,0.0,0.0694882720708847,0.0,0.26747196912765503
9460,0.005174679588526488,0.018188177794218063,0.021129612997174262,0.05972608774900436,0.0,0.0694948360323906,0.0,0.2674705386161804
9461,0.005126175098121166,0.017851713672280313,0.02291906625032425,0.061170152574777606,0.0,0.06950035691261292,0.0,0.2674698829650879
9462,0.005406645871698856,0.01842692494392395,0.0228707741945982,0.05965641364455223,0.0,0.06950981169939041,0.0,0.2674689292907715
9463,0.005235884990543127,0.017334286496043204,0.022101634368300437,0.05986993908882141,0.0,0.0695188045501709,0.0,0.26746827363967896
9464,0.004987269453704357,0.017874979227781296,0.022033716365695,0.06279789879918099,0.0,0.06952186673879623,0.0,0.26746857166290283
9465,0.005146807804703712,0.01765899360179901,0.022232437506318092,0.0611377902328968,0.0,0.06952246278524399,0.0,0.2674695551395416
9466,0.005143542680889368,0.01769463121891022,0.020779460296034814,0.06189623177051544,0.0,0.06952303647994995,0.0,0.2674712538719177
9467,0.005124918930232525,0.01755163334310055,0.02099194787442684,0.06168946698307991,0.0,0.06952401250600815,0.0,0.2674732804298401
9468,0.0052623475901782514,0.01889679990708828,0.02206641286611557,0.06082136183977127,0.0,0.06951937079429626,0.0,0.26747363805770874
9469,0.005257975589483976,0.018815447017550467,0.020605039224028586,0.06445811241865158,0.0,0.06951620429754257,0.0,0.2674719989299774
9470,0.005462507903575897,0.018171970173716544,0.02174552232027054,0.06356092020869256,0.0,0.06951723992824554,0.0,0.2674700915813446
9471,0.0052903623320162295,0.0179694589227438,0.02212148755788803,0.06448298543691636,0.0,0.06952069699764252,0.0,0.26746875047683716
9472,0.004859719797968865,0.019078123196959496,0.02237640172243118,0.06066431701183319,0.0,0.06952406466007233,0.0,0.26746848225593567
9473,0.005296961963176727,0.017789022997021675,0.022472233325242997,0.059168914705514906,0.0,0.06953393667936325,0.0,0.26746875047683716
9474,0.005078643187880516,0.017674162983894348,0.02205265536904335,0.06490521878004074,0.0,0.06953990459442139,0.0,0.2674686908721924
9475,0.005232865549623966,0.018838147073984145,0.021087982505559922,0.05983064398169517,0.0,0.06954734027385712,0.0,0.2674698233604431
9476,0.005116028059273958,0.018541644141077996,0.022514043748378752,0.06362798064947128,0.0,0.06955144554376602,0.0,0.26747071743011475
9477,0.004987757373601198,0.01874332092702389,0.020548878610134123,0.06294249594211579,0.0,0.06955964863300323,0.0,0.2674732208251953
9478,0.005435812100768089,0.01969687007367611,0.022596214339137076,0.061236200481653215,0.0,0.06956940144300461,0.0,0.267474502325058
9479,0.005164602026343346,0.017367512360215186,0.021716634556651116,0.06288819909095764,0.0,0.06958411633968353,0.0,0.2674740254878998
9480,0.005025245435535908,0.0185811385512352,0.021711665391921996,0.0620922639966011,0.0,0.06960056722164154,0.0,0.26747432351112366
9481,0.004861089307814837,0.01793433874845505,0.02047491893172264,0.06081547886133194,0.0,0.06961537897586823,0.0,0.2674744129180908
9482,0.005177705362439155,0.018026474863290787,0.021324487030506135,0.06303649991750718,0.0,0.06962772458791733,0.0,0.2674749493598938
9483,0.005188132543116808,0.017949426919221877,0.021913843229413033,0.06272642388939857,0.0,0.0696401298046112,0.0,0.2674759328365326
9484,0.0050960807129740715,0.017039283365011215,0.021689914539456366,0.06939591392874718,0.0,0.06965096294879913,0.0,0.26747578382492065
9485,0.005036245845258236,0.017656095325946808,0.022621524333953858,0.0627937413752079,0.0,0.06966226547956467,0.0,0.26747608184814453
9486,0.005398053955286741,0.017522769421339034,0.020528583601117135,0.06204610541462898,0.0,0.06966675817966461,0.0,0.26747649908065796
9487,0.005312276910990477,0.01819297783076763,0.023024632409214974,0.05918549448251724,0.0,0.06967400014400482,0.0,0.26747775077819824
9488,0.0052215661853551865,0.01765328124165535,0.021628758311271666,0.06120919957756996,0.0,0.06967586278915405,0.0,0.26747772097587585
9489,0.00513635091483593,0.018381979689002036,0.02106698714196682,0.06089037135243416,0.0,0.06967748701572418,0.0,0.26747870445251465
9490,0.004616554360836744,0.01876940727233887,0.022241927310824396,0.06213782802224159,0.0,0.06967838108539581,0.0,0.26747894287109375
9491,0.005297848954796791,0.019131388887763022,0.024164491146802903,0.06645354032516479,0.0,0.06968142092227936,0.0,0.26747938990592957
9492,0.005454341042786836,0.018083091452717782,0.021041113510727884,0.06008562222123146,0.0,0.06968376785516739,0.0,0.26747986674308777
9493,0.005382151436060667,0.01804719679057598,0.019622868672013283,0.06423100382089615,0.0,0.06968872994184494,0.0,0.2674803137779236
9494,0.005296768248081207,0.019130891561508177,0.022409284114837648,0.06259392946958542,0.0,0.06969434767961502,0.0,0.2674814760684967
9495,0.005502818245440721,0.01865999512374401,0.0216185811907053,0.05951272323727608,0.0,0.06969918310642242,0.0,0.26748305559158325
9496,0.004942973516881466,0.018206966295838355,0.021701240539550783,0.06330346465110778,0.0,0.06970769912004471,0.0,0.2674865424633026
9497,0.0051107266917824745,0.017957429587841033,0.02144940458238125,0.06109206229448318,0.0,0.06971387565135956,0.0,0.2674887478351593
9498,0.005120593402534723,0.018524982035160065,0.02325761802494526,0.059468220174312594,0.0,0.06971806287765503,0.0,0.2674926817417145
9499,0.005027023237198591,0.0176511749625206,0.021960580348968507,0.06369730308651925,0.0,0.06971714645624161,0.0,0.2674955725669861
9500,0.005157709214836359,0.018838686123490333,0.02139734849333763,0.06152096688747406,0.0,0.06971295177936554,0.0,0.2674999535083771
9501,0.005280723795294762,0.01796770729124546,0.023097525537014007,0.06349804550409317,0.0,0.06970959156751633,0.0,0.2675033509731293
9502,0.005040987953543663,0.017817265540361404,0.02248612605035305,0.06328094080090522,0.0,0.06970451772212982,0.0,0.26750677824020386
9503,0.0052680416963994505,0.017727384716272353,0.022517063096165656,0.05885206684470177,0.0,0.06970299780368805,0.0,0.2675096094608307
9504,0.004996354505419731,0.018127965927124023,0.020539478212594987,0.06146266981959343,0.0,0.06970139592885971,0.0,0.26751095056533813
9505,0.005536210350692272,0.018176787346601487,0.022043293714523314,0.06101746186614036,0.0,0.06969452649354935,0.0,0.26751264929771423
9506,0.005394246615469456,0.017689057812094688,0.021455445140600205,0.062393516302108765,0.0,0.06968964636325836,0.0,0.26751306653022766
9507,0.004970522969961167,0.01723503675311804,0.02141684517264366,0.059711132943630216,0.0,0.06968279182910919,0.0,0.26751405000686646
9508,0.0048646340146660805,0.017687710747122765,0.020386750996112823,0.061745133996009824,0.0,0.06967165321111679,0.0,0.26751619577407837
9509,0.005343144945800305,0.017689841985702514,0.02248672693967819,0.06073766052722931,0.0,0.06965835392475128,0.0,0.2675183117389679
9510,0.004918763600289822,0.018287057429552077,0.023754405230283736,0.0638578049838543,0.0,0.0696437805891037,0.0,0.26751965284347534
9511,0.004953014105558396,0.018130965903401373,0.020292304828763007,0.058933963626623155,0.0,0.06963174045085907,0.0,0.26751846075057983
9512,0.005438581015914679,0.01812857426702976,0.018968618661165237,0.06296303570270538,0.0,0.0696166604757309,0.0,0.2675171494483948
9513,0.005025709979236126,0.019028165936470033,0.022394409403204918,0.05964579358696938,0.0,0.0696016401052475,0.0,0.2675141394138336
9514,0.005415163841098547,0.01838488280773163,0.020851807296276094,0.06195153519511223,0.0,0.06958746165037155,0.0,0.26750999689102173
9515,0.005111755523830652,0.017291486635804175,0.022907838597893714,0.05996157005429268,0.0,0.06957448273897171,0.0,0.2675078511238098
9516,0.005186796840280295,0.018488742411136627,0.020775693655014037,0.062246710807085034,0.0,0.06956348568201065,0.0,0.2675057053565979
9517,0.005277524795383215,0.01801450625061989,0.02140611857175827,0.06553355678915977,0.0,0.06954687833786011,0.0,0.2675035893917084
9518,0.004965312406420707,0.01793275326490402,0.021293633803725242,0.06278258934617043,0.0,0.06953109800815582,0.0,0.26750069856643677
9519,0.00538376048207283,0.018101388961076735,0.019795387238264083,0.06252310872077942,0.0,0.069516621530056,0.0,0.26749950647354126
9520,0.005382243730127812,0.018275482952594756,0.021643560007214548,0.06179088801145553,0.0,0.06950432062149048,0.0,0.26749730110168457
9521,0.0051936587318778035,0.017261774465441703,0.02313910461962223,0.06190938353538513,0.0,0.0694936066865921,0.0,0.26749634742736816
9522,0.005312977824360132,0.01846129596233368,0.021698717772960664,0.06228520572185516,0.0,0.0694836676120758,0.0,0.2674974501132965
9523,0.005345654487609863,0.018909109756350517,0.019886420294642448,0.06202457994222641,0.0,0.06947498023509979,0.0,0.26749828457832336
9524,0.00503710163757205,0.01841069683432579,0.021160680428147317,0.06270629167556763,0.0,0.06946800649166107,0.0,0.2674984633922577
9525,0.005696717277169227,0.018469586223363876,0.023697425797581672,0.06503074392676353,0.0,0.06946171075105667,0.0,0.2674964964389801
9526,0.004898981656879187,0.018117965012788773,0.022588316351175308,0.06328902840614319,0.0,0.06945882737636566,0.0,0.26749593019485474
9527,0.005324390437453985,0.018973254039883612,0.022130710259079932,0.06281491219997407,0.0,0.06945309042930603,0.0,0.26749658584594727
9528,0.00542873665690422,0.018454860150814056,0.02225887030363083,0.062154171615839006,0.0,0.06944870203733444,0.0,0.2674960494041443
9529,0.004934464581310749,0.01833036094903946,0.020228738337755202,0.05818397328257561,0.0,0.0694405809044838,0.0,0.26749616861343384
9530,0.005219530779868364,0.018194853141903878,0.02096497528254986,0.06450321227312088,0.0,0.06943954527378082,0.0,0.2674924433231354
9531,0.0051019087433815,0.018685124441981317,0.023060056567192077,0.06335649862885476,0.0,0.06944411247968674,0.0,0.26748672127723694
9532,0.005225046072155237,0.0173577219247818,0.023108121007680893,0.06252409964799881,0.0,0.06945478916168213,0.0,0.26748180389404297
9533,0.005336545966565609,0.01846585310995579,0.0211390595883131,0.061380398273468015,0.0,0.06946534663438797,0.0,0.2674767076969147
9534,0.004815187677741051,0.019097671285271643,0.023095253482460977,0.05758067294955253,0.0,0.06947731971740723,0.0,0.26747334003448486
9535,0.005213089939206839,0.018255210295319558,0.0211491409689188,0.06574241518974304,0.0,0.06948885321617126,0.0,0.26747050881385803
9536,0.0052192178554832935,0.01769448220729828,0.02223140150308609,0.06461426392197608,0.0,0.06949810683727264,0.0,0.267470121383667
9537,0.005142849963158369,0.01786767728626728,0.02003593258559704,0.06228289529681206,0.0,0.0695066899061203,0.0,0.2674699127674103
9538,0.005057643260806799,0.018105427175760268,0.02207455188035965,0.05831938087940216,0.0,0.06951875984668732,0.0,0.26747044920921326
9539,0.0050444467924535275,0.01752193197607994,0.021783075481653213,0.062032902240753175,0.0,0.06952597945928574,0.0,0.26747289299964905
9540,0.0054645130410790445,0.018501098081469537,0.021536067873239518,0.057518991827964785,0.0,0.06952662765979767,0.0,0.26747429370880127
9541,0.004895974602550268,0.018045302480459213,0.0230062834918499,0.06437954530119896,0.0,0.06952109932899475,0.0,0.26747608184814453
9542,0.0051041792146861555,0.01792481690645218,0.02111864499747753,0.06343693509697915,0.0,0.06951625645160675,0.0,0.26747819781303406
9543,0.005388983990997076,0.018166626617312432,0.02213210016489029,0.06381712779402733,0.0,0.06950979679822922,0.0,0.267483651638031
9544,0.00526888407766819,0.018768812343478204,0.022278687730431557,0.05722509622573853,0.0,0.06950129568576813,0.0,0.2674872577190399
9545,0.005388002842664719,0.017865525931119917,0.020117005333304405,0.065492195636034,0.0,0.06949436664581299,0.0,0.26748818159103394
9546,0.004988411907106638,0.018255650997161865,0.02497040033340454,0.05806492790579796,0.0,0.06948190927505493,0.0,0.26748889684677124
9547,0.005345192551612854,0.01752879433333874,0.021140627935528754,0.06023614332079887,0.0,0.06947103887796402,0.0,0.2674891948699951
9548,0.0051373056136071685,0.017150160670280457,0.020851043239235877,0.061561685800552365,0.0,0.06945919990539551,0.0,0.26748794317245483
9549,0.005254699103534222,0.01909524351358414,0.022132373228669167,0.06005040183663368,0.0,0.0694446787238121,0.0,0.26748546957969666
9550,0.004604716598987579,0.01792380027472973,0.021121864765882493,0.058708999305963516,0.0,0.06943932175636292,0.0,0.26748499274253845
9551,0.005112306028604507,0.018350272625684737,0.021982716396450996,0.06410609856247902,0.0,0.06943580508232117,0.0,0.2674834430217743
9552,0.004964778013527393,0.01774859018623829,0.02353294976055622,0.06361714452505111,0.0,0.06942880898714066,0.0,0.26748204231262207
9553,0.004861579183489085,0.01838449463248253,0.022113030403852464,0.06657782569527626,0.0,0.06942161172628403,0.0,0.2674838900566101
9554,0.004811273142695427,0.017558103427290916,0.02055741585791111,0.06119266822934151,0.0,0.06941550970077515,0.0,0.26748713850975037
9555,0.0052050169557333,0.018514491990208624,0.020730090513825416,0.06274101436138153,0.0,0.06940855085849762,0.0,0.2674904763698578
9556,0.005438851658254862,0.01825460307300091,0.021857640147209166,0.06506158113479614,0.0,0.06941021978855133,0.0,0.2674925625324249
9557,0.004906312562525272,0.018312853202223776,0.024904641136527062,0.0625150017440319,0.0,0.06941525638103485,0.0,0.2674964368343353
9558,0.005445496365427971,0.018092269077897072,0.022297217324376107,0.06011510044336319,0.0,0.06942245364189148,0.0,0.2674994468688965
9559,0.00479498878121376,0.01833668239414692,0.02245515212416649,0.05899983048439026,0.0,0.06942923367023468,0.0,0.26750344038009644
9560,0.0052833984605968,0.017794836685061453,0.02330734208226204,0.06365369409322738,0.0,0.06943964958190918,0.0,0.2675071358680725
9561,0.005175855942070484,0.017665181681513785,0.022167908027768135,0.06559226810932159,0.0,0.06945350766181946,0.0,0.26751047372817993
9562,0.005149190779775381,0.0184853620827198,0.020074539259076117,0.06293702200055122,0.0,0.0694643035531044,0.0,0.2675117254257202
9563,0.0053969530388712885,0.0178857509046793,0.021447230875492097,0.0582655131816864,0.0,0.06947331130504608,0.0,0.26751381158828735
9564,0.005201992299407721,0.018207241594791413,0.022782312333583833,0.06312390193343162,0.0,0.069479800760746,0.0,0.2675169110298157
9565,0.005256501585245132,0.01812661737203598,0.021158455684781075,0.06145006269216537,0.0,0.06948516517877579,0.0,0.26751822233200073
9566,0.005106776021420956,0.01829250603914261,0.021783753857016565,0.060988596826791766,0.0,0.06949057430028915,0.0,0.2675205171108246
9567,0.005224053282290697,0.017752548679709435,0.02127791419625282,0.06006761342287063,0.0,0.06949986517429352,0.0,0.26752418279647827
9568,0.005043051112443209,0.018051502108573914,0.021415914595127105,0.06222449988126755,0.0,0.06951018422842026,0.0,0.2675279974937439
9569,0.005380121804773807,0.017803356051445007,0.020667098090052606,0.06025131270289421,0.0,0.06951888650655746,0.0,0.2675325274467468
9570,0.005266227573156357,0.017714261263608932,0.021844301000237466,0.06106913313269615,0.0,0.06952472776174545,0.0,0.26753684878349304
9571,0.005369242280721664,0.01782575137913227,0.021481404453516005,0.06372749209403991,0.0,0.06953034549951553,0.0,0.26754260063171387
9572,0.0051233889535069466,0.01875914856791496,0.021574031189084054,0.05857444480061531,0.0,0.06953427940607071,0.0,0.26754599809646606
9573,0.005117911659181118,0.018158553168177605,0.02105111666023731,0.06127210110425949,0.0,0.06954051554203033,0.0,0.267549067735672
9574,0.004674267675727606,0.017355557531118393,0.0206751998513937,0.06369860395789147,0.0,0.0695509985089302,0.0,0.26755279302597046
9575,0.005299813020974398,0.017672789096832276,0.021965034678578375,0.061632899940013884,0.0,0.0695585384964943,0.0,0.2675555348396301
9576,0.005217189155519009,0.01870081163942814,0.02263387553393841,0.05655997171998024,0.0,0.06956155598163605,0.0,0.2675558924674988
9577,0.004734323639422655,0.01770007163286209,0.021093017980456354,0.06366255432367325,0.0,0.06956032663583755,0.0,0.2675551176071167
9578,0.005083604343235492,0.017422615364193917,0.021798032522201537,0.06084306389093399,0.0,0.06955479830503464,0.0,0.26755401492118835
9579,0.005269716121256351,0.017799054458737373,0.022400543466210364,0.06500836908817291,0.0,0.06955353915691376,0.0,0.267553448677063
9580,0.0055217969231307505,0.018116900324821474,0.021256881579756737,0.061054148524999616,0.0,0.06955874711275101,0.0,0.2675544023513794
9581,0.004926041886210442,0.018966378644108772,0.0221524391323328,0.06141555309295654,0.0,0.06956376880407333,0.0,0.2675546109676361
9582,0.005086420103907585,0.017695793882012367,0.02325669638812542,0.06399277970194817,0.0,0.06957252323627472,0.0,0.26755625009536743
9583,0.0048834669403731825,0.018934911489486693,0.02239508517086506,0.06325476914644242,0.0,0.06957702338695526,0.0,0.2675588130950928
9584,0.005323110893368721,0.01835436075925827,0.021583562716841698,0.06122904270887375,0.0,0.06958711892366409,0.0,0.2675614356994629
9585,0.005392785090953112,0.018645289540290832,0.02093631066381931,0.06233314052224159,0.0,0.06959322839975357,0.0,0.26756492257118225
9586,0.005342665035277605,0.01740312799811363,0.022775793448090553,0.060130222141742705,0.0,0.06959684938192368,0.0,0.26756730675697327
9587,0.004926170501857996,0.018003590032458307,0.023774956911802293,0.05979086980223656,0.0,0.06960026174783707,0.0,0.26756855845451355
9588,0.004991627112030983,0.018272949382662773,0.020713117346167563,0.058395156264305116,0.0,0.06959711015224457,0.0,0.26756924390792847
9589,0.004979292396456003,0.017994093894958495,0.024902939796447754,0.05917556285858154,0.0,0.06959302723407745,0.0,0.26757198572158813
9590,0.005108370166271925,0.018185856565833092,0.022062916681170462,0.06425525844097138,0.0,0.06958720088005066,0.0,0.26757264137268066
9591,0.005359875131398439,0.018217919394373894,0.02131315618753433,0.05914352983236313,0.0,0.06958138197660446,0.0,0.26757243275642395
9592,0.005209912918508053,0.018819808959960938,0.02154267281293869,0.05838234797120094,0.0,0.06957940012216568,0.0,0.2675715982913971
9593,0.0049818423576653,0.019148289784789087,0.022662580385804175,0.06090852990746498,0.0,0.06958786398172379,0.0,0.2675709128379822
9594,0.005203068908303976,0.01775921881198883,0.020580078661441802,0.06094186007976532,0.0,0.06959561258554459,0.0,0.2675698697566986
9595,0.005077732633799315,0.018952292390167713,0.022501275688409806,0.06375298947095871,0.0,0.06960538774728775,0.0,0.2675706446170807
9596,0.004896894469857216,0.017870330438017844,0.021831270679831503,0.06569845676422119,0.0,0.06961630284786224,0.0,0.26757174730300903
9597,0.00576515644788742,0.01807774156332016,0.022742218151688576,0.06145371943712234,0.0,0.06962591409683228,0.0,0.2675735354423523
9598,0.005017855577170849,0.017971999943256378,0.020616958662867547,0.058379854261875155,0.0,0.06963527202606201,0.0,0.2675780951976776
9599,0.005027482844889164,0.016932837292551996,0.021896437928080558,0.06393585503101348,0.0,0.06964334100484848,0.0,0.26758262515068054
9600,0.005096393544226885,0.01802878752350807,0.020993205532431603,0.05716251134872437,0.0,0.06964658200740814,0.0,0.26758652925491333
9601,0.004929738026112318,0.018462005630135538,0.022141853347420692,0.06195109859108925,0.0,0.06964537501335144,0.0,0.26758962869644165
9602,0.005193230882287026,0.01774829924106598,0.023308033868670464,0.06267203167080879,0.0,0.06964283436536789,0.0,0.26759034395217896
9603,0.005277931224554777,0.017452095821499824,0.02243334800004959,0.05882254838943481,0.0,0.06963727623224258,0.0,0.2675882875919342
9604,0.005406395066529512,0.017694688215851784,0.02276029288768768,0.06122276559472084,0.0,0.06963077187538147,0.0,0.2675831913948059
9605,0.004983338341116905,0.01826993264257908,0.02220044992864132,0.0589909128844738,0.0,0.06962157785892487,0.0,0.26757684350013733
9606,0.005320331547409296,0.017812830582261085,0.021598146483302116,0.06025929301977158,0.0,0.06961347162723541,0.0,0.2675696313381195
9607,0.004812126886099577,0.01848830170929432,0.021691863983869554,0.0675949439406395,0.0,0.06960590183734894,0.0,0.2675625681877136
9608,0.005088480189442635,0.017990075424313544,0.023182788863778114,0.05794734060764313,0.0,0.06960219144821167,0.0,0.2675527036190033
9609,0.0051359831355512146,0.018489208444952963,0.022097501903772354,0.06462416723370552,0.0,0.06959979236125946,0.0,0.2675424814224243
9610,0.005126575287431478,0.018099306896328927,0.021972861513495444,0.06180567964911461,0.0,0.06959524750709534,0.0,0.26753321290016174
9611,0.004961570166051388,0.018723879382014273,0.022276044264435767,0.06514629572629929,0.0,0.06959112733602524,0.0,0.26752573251724243
9612,0.005253490805625915,0.01753605715930462,0.020511151105165482,0.06144973561167717,0.0,0.06959422677755356,0.0,0.26752015948295593
9613,0.005315655935555696,0.017906954139471055,0.022363290190696716,0.06285142451524735,0.0,0.06959758698940277,0.0,0.2675156593322754
9614,0.005074382573366165,0.018190587311983107,0.021475251019001006,0.06027274057269096,0.0,0.06960181891918182,0.0,0.26751166582107544
9615,0.005244458094239235,0.018542913347482683,0.023601529002189637,0.06433086693286896,0.0,0.06960255652666092,0.0,0.2675102949142456
9616,0.00504881925880909,0.017783045955002307,0.02236407846212387,0.06371525153517724,0.0,0.06960263103246689,0.0,0.267509400844574
9617,0.00550091564655304,0.017757729813456535,0.020567845180630685,0.0632618173956871,0.0,0.06960185617208481,0.0,0.26750731468200684
9618,0.0052971095778048035,0.018657662719488145,0.02140287347137928,0.06139460653066635,0.0,0.0695989802479744,0.0,0.26750287413597107
9619,0.005481989774852991,0.017492944933474065,0.020826519280672074,0.05758743286132813,0.0,0.06959427893161774,0.0,0.26749664545059204
9620,0.005247887410223484,0.01780553087592125,0.022553864866495132,0.06414995193481446,0.0,0.06959263980388641,0.0,0.2674899101257324
9621,0.00488648284226656,0.017871533706784248,0.01967567652463913,0.06159234195947647,0.0,0.0695933997631073,0.0,0.2674863636493683
9622,0.005321881454437971,0.01782464385032654,0.022267058864235877,0.06331592351198197,0.0,0.06959399580955505,0.0,0.26748189330101013
9623,0.005490128323435784,0.01756126657128334,0.020568663999438287,0.06413156762719155,0.0,0.06959177553653717,0.0,0.2674778997898102
9624,0.005192120838910341,0.01763893701136112,0.020824376493692398,0.06295493468642235,0.0,0.06958867609500885,0.0,0.2674771845340729
9625,0.0051486179232597355,0.017679407447576522,0.024647534266114234,0.05693747922778129,0.0,0.06958670914173126,0.0,0.26747819781303406
9626,0.004988578893244266,0.018450293317437173,0.0218951016664505,0.06282064318656921,0.0,0.06958617269992828,0.0,0.2674782872200012
9627,0.005274195317178964,0.018907540291547776,0.02109806761145592,0.06420725584030151,0.0,0.06958882510662079,0.0,0.2674766778945923
9628,0.004696499463170767,0.017559447325766087,0.022936059534549712,0.0664694219827652,0.0,0.06959103047847748,0.0,0.26747509837150574
9629,0.004749942105263472,0.018205875158309938,0.02318314015865326,0.06061557382345199,0.0,0.06959648430347443,0.0,0.26747268438339233
9630,0.005078719742596149,0.01835829168558121,0.02212388888001442,0.06418210789561271,0.0,0.06960003823041916,0.0,0.26747003197669983
9631,0.005143142212182284,0.018677862733602522,0.020695753395557404,0.062199171632528305,0.0,0.06960229575634003,0.0,0.26746803522109985
9632,0.005311601515859366,0.01709713041782379,0.02388796992599964,0.060943464189767836,0.0,0.06960058212280273,0.0,0.26746487617492676
9633,0.005219228938221932,0.018370020389556884,0.02045472338795662,0.06075382009148598,0.0,0.06959778070449829,0.0,0.2674618363380432
9634,0.005520896520465612,0.01812749430537224,0.020604271814227103,0.058730757981538775,0.0,0.06960171461105347,0.0,0.26745855808258057
9635,0.005353664699941874,0.018697409331798552,0.021544883027672768,0.06384956315159798,0.0,0.06960335373878479,0.0,0.26745542883872986
9636,0.004881681315600872,0.018044468015432358,0.022248632088303567,0.05911331623792648,0.0,0.0696025863289833,0.0,0.2674536108970642
9637,0.005369126331061125,0.0181331068277359,0.020521674677729605,0.06404374688863754,0.0,0.06960717588663101,0.0,0.26745373010635376
9638,0.004955202899873256,0.01828389912843704,0.0211943082511425,0.059763777256011966,0.0,0.06961191445589066,0.0,0.2674542963504791
9639,0.004925423394888639,0.017197834327816963,0.021867966651916503,0.06252038925886154,0.0,0.06961877644062042,0.0,0.26745572686195374
9640,0.005174885131418705,0.01823665089905262,0.02184074968099594,0.06486675292253494,0.0,0.06962257623672485,0.0,0.2674570381641388
9641,0.0050362000241875645,0.01738772839307785,0.02434302754700184,0.06219432577490806,0.0,0.06962821632623672,0.0,0.26745858788490295
9642,0.005198325216770172,0.01840754337608814,0.021965857967734335,0.06503260731697083,0.0,0.06963173300027847,0.0,0.2674598693847656
9643,0.005340910144150257,0.018113672360777856,0.02202860452234745,0.06413715407252311,0.0,0.06963388621807098,0.0,0.26746025681495667
9644,0.0050096838735044,0.017929997108876706,0.021488692983984946,0.06185417920351029,0.0,0.06963840126991272,0.0,0.2674611210823059
9645,0.005118060018867254,0.017382741346955298,0.02320092059671879,0.06045751050114632,0.0,0.06964360177516937,0.0,0.2674607038497925
9646,0.005597130302339793,0.01778286211192608,0.02233823053538799,0.06324707195162774,0.0,0.06964559853076935,0.0,0.26745933294296265
9647,0.0052596255205571655,0.0178596131503582,0.022284898161888122,0.05693731382489205,0.0,0.06965074688196182,0.0,0.2674577832221985
9648,0.0054904364980757235,0.017602971568703652,0.021616198495030402,0.062126826494932175,0.0,0.06964820623397827,0.0,0.26745641231536865
9649,0.005330369994044304,0.017989646643400192,0.021805857121944428,0.06121424064040184,0.0,0.06964872777462006,0.0,0.2674557864665985
9650,0.005139770358800888,0.017459801770746707,0.022581104561686514,0.06382486373186111,0.0,0.06964893639087677,0.0,0.2674545645713806
9651,0.00502039073035121,0.017949410155415534,0.022708654031157495,0.062208274751901625,0.0,0.0696529895067215,0.0,0.26745301485061646
9652,0.00524850282818079,0.01775975599884987,0.021291979029774664,0.060774370282888415,0.0,0.06965870410203934,0.0,0.2674512267112732
9653,0.004974718857556582,0.01765286959707737,0.021812552213668825,0.06203789338469505,0.0,0.06966381520032883,0.0,0.26744940876960754
9654,0.0049670134671032425,0.018656598776578902,0.02318693734705448,0.061157619953155516,0.0,0.06966772675514221,0.0,0.2674475312232971
9655,0.005492605362087488,0.017724547535181046,0.022311045974493026,0.058353228867053984,0.0,0.06966827809810638,0.0,0.2674447000026703
9656,0.0048370624892413614,0.018817950412631033,0.020745402202010155,0.0634576253592968,0.0,0.06967701017856598,0.0,0.26743876934051514
9657,0.0052073000930249694,0.01786195524036884,0.023313305526971816,0.05906445980072021,0.0,0.06969422847032547,0.0,0.2674342095851898
9658,0.00509653277695179,0.01823917292058468,0.023409006372094154,0.0647811882197857,0.0,0.06970886141061783,0.0,0.26743006706237793
9659,0.004887149576097727,0.017969032749533653,0.021664633601903915,0.06309560611844063,0.0,0.06972334533929825,0.0,0.2674275040626526
9660,0.0054088207893073555,0.017779311537742613,0.020272329449653625,0.06075778380036354,0.0,0.0697358027100563,0.0,0.2674255073070526
9661,0.004716325178742408,0.017052534967660904,0.020468184351921083,0.061451252549886703,0.0,0.0697467029094696,0.0,0.2674233317375183
9662,0.005289123952388763,0.01862661950290203,0.023024506494402887,0.06036830618977547,0.0,0.06975626945495605,0.0,0.2674213945865631
9663,0.005274215247482061,0.017688062414526938,0.021053140610456468,0.06278350427746773,0.0,0.06976644694805145,0.0,0.26741939783096313
9664,0.00490859504789114,0.018722400814294816,0.02106328569352627,0.05955630615353584,0.0,0.06977081298828125,0.0,0.2674182653427124
9665,0.005282594449818134,0.018557198345661163,0.023401861637830736,0.06314399242401122,0.0,0.06977754831314087,0.0,0.267416775226593
9666,0.005002603493630886,0.018224963545799257,0.022711877897381782,0.05870063230395317,0.0,0.06978493183851242,0.0,0.2674158811569214
9667,0.005202283058315516,0.01923166923224926,0.021794631704688074,0.059535595774650577,0.0,0.06978664547204971,0.0,0.26741519570350647
9668,0.005157013889402151,0.017298118211328983,0.02199585996568203,0.05808830112218857,0.0,0.06978918612003326,0.0,0.26741471886634827
9669,0.005072480626404285,0.018274278193712235,0.020868056267499924,0.0597370482981205,0.0,0.06979040056467056,0.0,0.2674131989479065
9670,0.005210140347480774,0.017604539170861244,0.022829609736800194,0.06573675274848938,0.0,0.06979276984930038,0.0,0.267411470413208
9671,0.005069330427795648,0.0174333356320858,0.020455320924520494,0.06106806620955467,0.0,0.06979157775640488,0.0,0.26740843057632446
9672,0.0048208354040980336,0.01856600046157837,0.023378703743219376,0.05847363620996475,0.0,0.06978847831487656,0.0,0.26740574836730957
9673,0.005415759794414043,0.018016917631030083,0.023960738256573678,0.06554475724697113,0.0,0.06978403776884079,0.0,0.2674034535884857
9674,0.00499187633395195,0.018009650334715844,0.02162736766040325,0.062166765332221985,0.0,0.0697755441069603,0.0,0.2674004137516022
9675,0.004895113408565521,0.017873821780085564,0.02194006145000458,0.06455668061971664,0.0,0.06976711750030518,0.0,0.26739853620529175
9676,0.005596234649419785,0.018423623591661453,0.02289855442941189,0.057408570498228076,0.0,0.06975860893726349,0.0,0.26739734411239624
9677,0.005298717692494392,0.01798730008304119,0.021664915978908537,0.061366698890924457,0.0,0.06974611431360245,0.0,0.26739782094955444
9678,0.00534314252436161,0.01717001013457775,0.020723286643624307,0.061652421951293945,0.0,0.06973393261432648,0.0,0.2673972547054291
9679,0.005478654708713293,0.018174243345856666,0.02099457532167435,0.0621670663356781,0.0,0.06972327083349228,0.0,0.26739683747291565
9680,0.005035678669810295,0.018343204632401466,0.020784657821059226,0.061197859793901445,0.0,0.06971335411071777,0.0,0.2673969566822052
9681,0.005368571262806654,0.017647223174571992,0.021367963775992392,0.06109220758080482,0.0,0.06970466673374176,0.0,0.2673954367637634
9682,0.0053695057518780235,0.018002495542168616,0.023117625340819358,0.06002989634871483,0.0,0.06969968974590302,0.0,0.2673932909965515
9683,0.005365578550845384,0.018932897597551346,0.021759415045380592,0.06517646685242653,0.0,0.06969258934259415,0.0,0.26739248633384705
9684,0.004961116332560777,0.017786533758044242,0.020897726714611053,0.06216107383370399,0.0,0.06968412548303604,0.0,0.26739317178726196
9685,0.0050553809851408005,0.017470943741500378,0.01977410614490509,0.06104024648666382,0.0,0.06967178732156754,0.0,0.26739397644996643
9686,0.004899631254374981,0.01813850738108158,0.023579682409763335,0.06160454675555229,0.0,0.06966053694486618,0.0,0.267394483089447
9687,0.0051218225620687004,0.018077818676829338,0.02194916196167469,0.060849066078662875,0.0,0.0696515366435051,0.0,0.26739442348480225
9688,0.004907480720430612,0.018297585472464562,0.02135232836008072,0.06029589548707008,0.0,0.06964544951915741,0.0,0.2673942446708679
9689,0.005421033874154091,0.01842559240758419,0.022532154992222785,0.06330803781747818,0.0,0.0696420818567276,0.0,0.26739364862442017
9690,0.005248965509235859,0.017668836936354636,0.021451740711927413,0.060178502649068835,0.0,0.06963857263326645,0.0,0.2673916518688202
9691,0.004978951252996922,0.01784464195370674,0.02134714797139168,0.06190381273627281,0.0,0.0696302279829979,0.0,0.26738855242729187
9692,0.0052536606788635256,0.018041224405169486,0.02188786156475544,0.06303813010454178,0.0,0.06962050497531891,0.0,0.2673834562301636
9693,0.005172417592257261,0.01688572484999895,0.02131672278046608,0.05978240892291069,0.0,0.06960968673229218,0.0,0.2673792243003845
9694,0.005092794448137284,0.018265385925769807,0.020465536788105965,0.062189099937677385,0.0,0.0695936530828476,0.0,0.26737502217292786
9695,0.005009863711893559,0.01816524937748909,0.02282863073050976,0.0638047695159912,0.0,0.0695803314447403,0.0,0.2673715054988861
9696,0.0053950359113514425,0.018228695541620255,0.022458624467253684,0.06146731749176979,0.0,0.06956861913204193,0.0,0.26736798882484436
9697,0.005149667430669069,0.018273813650012016,0.021139707416296005,0.06895472854375839,0.0,0.06955454498529434,0.0,0.2673645615577698
9698,0.005387320555746556,0.017794426158070566,0.021110307052731515,0.06176421046257019,0.0,0.06954413652420044,0.0,0.2673622965812683
9699,0.005242975521832704,0.018293888494372367,0.021232795715332032,0.06559083312749862,0.0,0.06953690946102142,0.0,0.26736289262771606
9700,0.005534448847174645,0.017804670333862304,0.024184851348400115,0.0592593178153038,0.0,0.06953194737434387,0.0,0.26736706495285034
9701,0.0052640681155025956,0.017808013036847113,0.02223510816693306,0.058427593857049945,0.0,0.06952711194753647,0.0,0.2673722207546234
9702,0.00498207313939929,0.017835188284516336,0.023142342269420624,0.06354043111205102,0.0,0.06952447444200516,0.0,0.2673778235912323
9703,0.005247760470956564,0.017626621574163438,0.02266516461968422,0.061220810562372205,0.0,0.06952063739299774,0.0,0.26738256216049194
9704,0.005145047139376402,0.018210969120264053,0.02096541374921799,0.06220226064324379,0.0,0.069516621530056,0.0,0.2673885226249695
9705,0.004906697478145361,0.017559897899627686,0.021258392930030824,0.06348305717110633,0.0,0.06950826942920685,0.0,0.26739317178726196
9706,0.005183867551386357,0.018793196603655814,0.02132181003689766,0.061852593719959256,0.0,0.06949993968009949,0.0,0.26739701628685
9707,0.0054869926534593105,0.01808432415127754,0.022698372974991797,0.05903398096561432,0.0,0.06949588656425476,0.0,0.26740068197250366
9708,0.005234631989151239,0.018633465841412546,0.021657925099134445,0.05939147546887398,0.0,0.06949380040168762,0.0,0.2674030661582947
9709,0.005063416808843613,0.017097553610801695,0.02189691886305809,0.0663798213005066,0.0,0.06949208676815033,0.0,0.26740431785583496
9710,0.0049192775972187516,0.018073804676532745,0.022933747619390488,0.06607653200626373,0.0,0.06948881596326828,0.0,0.2674049139022827
9711,0.005210296623408795,0.01815057285130024,0.02017420195043087,0.06261890307068825,0.0,0.06948304176330566,0.0,0.26740556955337524
9712,0.005070010107010603,0.01847745440900326,0.021986258774995805,0.06621965914964675,0.0,0.06947275996208191,0.0,0.2674075663089752
9713,0.005065548699349165,0.017753297090530397,0.022451039403676987,0.06278345286846161,0.0,0.06946192681789398,0.0,0.26740965247154236
9714,0.005288571491837502,0.018566171079874037,0.0222662553191185,0.0609290711581707,0.0,0.06944713741540909,0.0,0.2674106955528259
9715,0.0052362469956278804,0.017835934832692146,0.021691054850816727,0.06208736747503281,0.0,0.06942921131849289,0.0,0.26741093397140503
9716,0.005175809375941753,0.01842398978769779,0.021657572686672212,0.061811254173517224,0.0,0.06941207498311996,0.0,0.2674117386341095
9717,0.005120961181819439,0.018935701996088027,0.020156776532530785,0.059308670461177826,0.0,0.06939451396465302,0.0,0.26741158962249756
9718,0.005142589285969734,0.01811234839260578,0.02074674591422081,0.06102878525853157,0.0,0.06937780231237411,0.0,0.26741087436676025
9719,0.00509756188839674,0.017456045374274254,0.02255130745470524,0.061949816346168515,0.0,0.0693601742386818,0.0,0.2674107551574707
9720,0.004817088972777129,0.01830567941069603,0.022508423402905466,0.06074038222432136,0.0,0.06934042274951935,0.0,0.26740899682044983
9721,0.005046961456537246,0.017968198284506798,0.022635292261838913,0.06253769919276238,0.0,0.0693192332983017,0.0,0.267403781414032
9722,0.0053563624620437626,0.017706102505326272,0.021002326905727387,0.06260809525847436,0.0,0.06929479539394379,0.0,0.2673974633216858
9723,0.004966071341186762,0.018030335754156114,0.020688403397798538,0.058288552612066266,0.0,0.06926943361759186,0.0,0.267387717962265
9724,0.005209842044860124,0.017753900587558748,0.023658893629908563,0.06218531504273415,0.0,0.06924426555633545,0.0,0.2673768401145935
9725,0.005346186459064484,0.01811937093734741,0.02448464035987854,0.06198650375008583,0.0,0.06923078000545502,0.0,0.26736894249916077
9726,0.005431533697992564,0.018352991342544554,0.022162863984704018,0.06496224477887154,0.0,0.06921441107988358,0.0,0.26736336946487427
9727,0.005297283176332712,0.017271324433386324,0.02207900062203407,0.06055164486169815,0.0,0.06919881701469421,0.0,0.2673606872558594
9728,0.0049246418289840225,0.017499562725424765,0.02046160399913788,0.06290915459394456,0.0,0.06918349117040634,0.0,0.2673583924770355
9729,0.005322152748703957,0.018004989251494408,0.022136954590678215,0.05979565009474754,0.0,0.06916903704404831,0.0,0.2673591375350952
9730,0.004979345202445984,0.01759672090411186,0.022607389092445373,0.062009381502866744,0.0,0.06915895640850067,0.0,0.26736289262771606
9731,0.005247971974313259,0.017512159049510957,0.02189190685749054,0.06281336769461632,0.0,0.06914651393890381,0.0,0.2673690617084503
9732,0.005289657227694988,0.017918549478054047,0.021796450763940812,0.0600417509675026,0.0,0.06913764774799347,0.0,0.26737675070762634
9733,0.005044379737228155,0.018377988412976266,0.02162751667201519,0.060109318047761914,0.0,0.06912948936223984,0.0,0.2673836350440979
9734,0.005348601657897234,0.017207955569028856,0.02067607417702675,0.061134235560894014,0.0,0.06912370771169662,0.0,0.26738783717155457
9735,0.005177814327180385,0.01865370720624924,0.023899710178375243,0.06421855390071869,0.0,0.06911309063434601,0.0,0.26738935708999634
9736,0.005495776142925024,0.018022435158491133,0.02108171582221985,0.0588368110358715,0.0,0.06910191476345062,0.0,0.26738765835762024
9737,0.005396719370037317,0.017990324646234512,0.022037974372506142,0.060957915335893634,0.0,0.06908944994211197,0.0,0.2673873007297516
9738,0.005131099838763475,0.01818254142999649,0.020626596733927728,0.06454107165336609,0.0,0.06907790154218674,0.0,0.2673860788345337
9739,0.004905168432742357,0.017720131576061247,0.021113916113972665,0.06079103127121925,0.0,0.06906992197036743,0.0,0.2673835754394531
9740,0.005235201492905617,0.01809176877140999,0.021338817849755286,0.05854838415980339,0.0,0.06906270980834961,0.0,0.2673798203468323
9741,0.0048187335953116415,0.018359125405550004,0.0221426285803318,0.061615172773599625,0.0,0.06905621290206909,0.0,0.2673763036727905
9742,0.005124204978346825,0.01779470257461071,0.020412902161478997,0.06427853927016258,0.0,0.06905317306518555,0.0,0.2673725485801697
9743,0.005282134655863047,0.018336046487092972,0.021397989243268967,0.06026179417967796,0.0,0.06904860585927963,0.0,0.26736924052238464
9744,0.005224217753857374,0.017989491671323778,0.02076205871999264,0.061069794744253156,0.0,0.06905005872249603,0.0,0.267366886138916
9745,0.005085996352136135,0.019256347417831422,0.022861264646053314,0.0648366466164589,0.0,0.06905107200145721,0.0,0.2673671841621399
9746,0.0053102393634617325,0.01815718561410904,0.02105885185301304,0.06091179400682449,0.0,0.06905732303857803,0.0,0.26736894249916077
9747,0.005319579783827066,0.018228012323379516,0.020786474272608758,0.061042781174182895,0.0,0.06906411796808243,0.0,0.2673701345920563
9748,0.005410244967788458,0.018043108657002448,0.020295006036758424,0.06341996192932128,0.0,0.06906731426715851,0.0,0.26737064123153687
9749,0.005108456499874592,0.01713997684419155,0.022685911878943442,0.06269083470106125,0.0,0.06907062232494354,0.0,0.26737213134765625
9750,0.005131886992603541,0.017680666595697402,0.022463714331388475,0.060595587641000745,0.0,0.0690738707780838,0.0,0.26737070083618164
9751,0.004945535212755203,0.018917936086654662,0.020268091931939125,0.05997370854020119,0.0,0.06907420605421066,0.0,0.26736757159233093
9752,0.004877909366041422,0.017864616215229036,0.02101118303835392,0.0617076076567173,0.0,0.06907027959823608,0.0,0.2673645615577698
9753,0.0051932912319898605,0.018400069698691367,0.02124682180583477,0.06200423389673233,0.0,0.06906919181346893,0.0,0.2673603594303131
9754,0.0053023967891931536,0.01741490252315998,0.02257518731057644,0.060954084247350694,0.0,0.06906815618276596,0.0,0.2673580050468445
9755,0.004881327040493488,0.017969292774796485,0.022480349615216257,0.059665492922067645,0.0,0.06906665116548538,0.0,0.267355740070343
9756,0.005360613577067852,0.0189489908516407,0.021324404701590537,0.059161951392889024,0.0,0.06907204538583755,0.0,0.267355740070343
9757,0.005075975693762303,0.018109957873821258,0.023209322616457938,0.062308157235383986,0.0,0.06907837837934494,0.0,0.26735568046569824
9758,0.005223090760409832,0.018079474940896033,0.021179795265197754,0.06257758438587188,0.0,0.06908725947141647,0.0,0.2673570513725281
9759,0.005016758758574724,0.017742352560162544,0.020860004425048827,0.06354608535766601,0.0,0.06909794360399246,0.0,0.26735806465148926
9760,0.005142322741448879,0.0179767694324255,0.02088921405375004,0.058699782192707065,0.0,0.06910747289657593,0.0,0.26736047863960266
9761,0.0049552833661437035,0.017480970174074174,0.021278381533920764,0.0607558436691761,0.0,0.0691118910908699,0.0,0.267363965511322
9762,0.004944130033254624,0.0185252595692873,0.022308506071567535,0.0670821949839592,0.0,0.06911362707614899,0.0,0.26736730337142944
9763,0.00536002516746521,0.017893681675195693,0.02189234271645546,0.06617357805371285,0.0,0.06911375373601913,0.0,0.2673705816268921
9764,0.005306210275739432,0.017483321018517017,0.020407003164291383,0.06251328587532043,0.0,0.06911929696798325,0.0,0.26737290620803833
9765,0.005154754035174847,0.018154624849557877,0.0225128922611475,0.060143768042325976,0.0,0.06912378966808319,0.0,0.26737597584724426
9766,0.0051095495000481606,0.019228845834732056,0.020910966023802758,0.058380202203989026,0.0,0.0691276490688324,0.0,0.26737821102142334
9767,0.005040953401476145,0.01742659732699394,0.022048622369766235,0.05856524705886841,0.0,0.06913487613201141,0.0,0.26738157868385315
9768,0.005371324717998505,0.018042055144906043,0.02351350262761116,0.059752744436264035,0.0,0.06914007663726807,0.0,0.2673856019973755
9769,0.005171260051429272,0.017898057401180268,0.021822471171617508,0.06545444726943969,0.0,0.06914449483156204,0.0,0.26738956570625305
9770,0.00521929394453764,0.01875247061252594,0.02121223844587803,0.06210051774978638,0.0,0.0691538155078888,0.0,0.2673937678337097
9771,0.005412125866860152,0.018600528314709663,0.020210278406739234,0.06375297307968139,0.0,0.06916821748018265,0.0,0.2673994302749634
9772,0.0051396613009274,0.01795191802084446,0.020868967473506927,0.060897708684206006,0.0,0.0691802129149437,0.0,0.2674042582511902
9773,0.004996074363589287,0.0189391877502203,0.021690868213772772,0.061946386098861696,0.0,0.06918846070766449,0.0,0.2674078941345215
9774,0.005096692591905594,0.0175898227840662,0.020991263538599016,0.06453592479228973,0.0,0.06919723004102707,0.0,0.26741108298301697
9775,0.005459062941372395,0.018795671314001082,0.01939096041023731,0.06409401297569275,0.0,0.06920373439788818,0.0,0.26741278171539307
9776,0.005288281291723251,0.01849624961614609,0.02243773192167282,0.06204149276018143,0.0,0.06920962035655975,0.0,0.267415851354599
9777,0.005431595910340548,0.017370757088065146,0.020562783256173132,0.06406729519367219,0.0,0.06921117007732391,0.0,0.26741939783096313
9778,0.005408613756299019,0.0183194812387228,0.022256098315119745,0.06189589202404022,0.0,0.06920979171991348,0.0,0.26742470264434814
9779,0.005382561776787043,0.017677292972803117,0.020344970375299455,0.06059785038232803,0.0,0.0692054033279419,0.0,0.2674294114112854
9780,0.005013824440538883,0.017260824143886567,0.02216709591448307,0.05985352173447609,0.0,0.06920502334833145,0.0,0.2674351632595062
9781,0.005086254980415106,0.017503410950303076,0.02035859748721123,0.06110677197575569,0.0,0.06920381635427475,0.0,0.26743942499160767
9782,0.0051258341409265995,0.018340441584587096,0.020485717058181762,0.06200242266058922,0.0,0.06919962912797928,0.0,0.2674417495727539
9783,0.005612061452120542,0.018349627777934075,0.02216563858091831,0.06293453648686409,0.0,0.069194495677948,0.0,0.26744383573532104
9784,0.005290188733488322,0.017714548483490945,0.02101556323468685,0.0640446588397026,0.0,0.06918462365865707,0.0,0.2674439549446106
9785,0.005379929486662149,0.01789555065333843,0.021980679407715798,0.06680879071354866,0.0,0.06917337328195572,0.0,0.26744523644447327
9786,0.005567729845643044,0.017205609194934367,0.022182169556617736,0.059847164899110794,0.0,0.06916284561157227,0.0,0.26744791865348816
9787,0.005358643550425768,0.01801145263016224,0.022869540750980376,0.06383111774921417,0.0,0.06915396451950073,0.0,0.2674495577812195
9788,0.00553896576166153,0.01882515139877796,0.021722859516739846,0.06200098991394043,0.0,0.06914527714252472,0.0,0.2674507200717926
9789,0.005296936351805925,0.01739112213253975,0.022181184589862825,0.06386136040091514,0.0,0.06914226710796356,0.0,0.26745253801345825
9790,0.004954977240413427,0.01884164996445179,0.021882231160998345,0.05986602008342743,0.0,0.06914325803518295,0.0,0.26745420694351196
9791,0.0052943149581551555,0.018579982221126556,0.0202218197286129,0.05957223027944565,0.0,0.06915105879306793,0.0,0.26745539903640747
9792,0.005374719109386206,0.017833960056304932,0.022119206562638282,0.06286630854010582,0.0,0.06916232407093048,0.0,0.2674575448036194
9793,0.005184920225292444,0.017626486346125604,0.02172531224787235,0.06264349296689034,0.0,0.06917404383420944,0.0,0.26745715737342834
9794,0.004761996399611235,0.017531592026352884,0.02315616384148598,0.06360337510704994,0.0,0.069186732172966,0.0,0.2674577832221985
9795,0.0052520502358675,0.018212753906846048,0.021681062877178192,0.05899607464671135,0.0,0.06920125335454941,0.0,0.2674609422683716
9796,0.005000188574194908,0.018616645783185958,0.022723671048879623,0.059517624974250796,0.0,0.06921272724866867,0.0,0.2674625515937805
9797,0.005357962660491466,0.018794251978397368,0.02118677869439125,0.06622298508882522,0.0,0.06922217458486557,0.0,0.2674645781517029
9798,0.005136573780328035,0.018424439057707787,0.02488636560738087,0.06290076747536659,0.0,0.06922907382249832,0.0,0.26746687293052673
9799,0.005269427131861448,0.017670659720897673,0.021362586691975594,0.0654957577586174,0.0,0.06923332065343857,0.0,0.2674696743488312
9800,0.005264240968972445,0.018846172839403152,0.022633838653564452,0.06413339450955391,0.0,0.06923722475767136,0.0,0.2674718201160431
9801,0.005406007915735245,0.018068289011716844,0.0224810641258955,0.0602802038192749,0.0,0.0692363828420639,0.0,0.267472505569458
9802,0.005118597950786352,0.0188139371573925,0.02017609290778637,0.05844604820013046,0.0,0.06923643499612808,0.0,0.26747408509254456
9803,0.0053205003030598165,0.01795188933610916,0.020890655741095544,0.0597629651427269,0.0,0.06923892349004745,0.0,0.2674744725227356
9804,0.005302196275442839,0.01798531338572502,0.021616972237825393,0.06150790750980377,0.0,0.06923629343509674,0.0,0.2674752175807953
9805,0.005119620263576508,0.018227770179510116,0.020816419273614883,0.06072655096650124,0.0,0.06923617422580719,0.0,0.2674749791622162
9806,0.00511306207627058,0.017824387550354003,0.021074530109763144,0.0582162007689476,0.0,0.06923725455999374,0.0,0.26747411489486694
9807,0.005384770687669516,0.017550614848732948,0.02118606083095074,0.05992374494671822,0.0,0.06924015283584595,0.0,0.26747214794158936
9808,0.004952441155910492,0.01783296689391136,0.022542015463113785,0.06192618310451507,0.0,0.06924458593130112,0.0,0.26746857166290283
9809,0.005193894077092409,0.017820804193615914,0.021446176618337632,0.06415370777249337,0.0,0.06924812495708466,0.0,0.26746484637260437
9810,0.004720574943348765,0.01762716881930828,0.022293364629149437,0.06579899340867996,0.0,0.06925144791603088,0.0,0.2674618363380432
9811,0.005280826706439257,0.018841586261987685,0.02183143049478531,0.06480595618486404,0.0,0.06925296038389206,0.0,0.26746076345443726
9812,0.005163531191647053,0.01741112507879734,0.021844452992081643,0.0618372805416584,0.0,0.06925348192453384,0.0,0.2674628794193268
9813,0.005002694856375456,0.018297246471047402,0.02361593656241894,0.06236192062497139,0.0,0.06926021724939346,0.0,0.26746490597724915
9814,0.005492616444826126,0.0180905070155859,0.022297125309705734,0.059362126886844634,0.0,0.06926627457141876,0.0,0.2674684524536133
9815,0.005142911896109581,0.017719669640064238,0.02142312116920948,0.060020317882299425,0.0,0.0692705512046814,0.0,0.2674710750579834
9816,0.005487427674233913,0.0183805912733078,0.022580426931381226,0.06804282367229461,0.0,0.06927718222141266,0.0,0.2674723267555237
9817,0.005273037403821945,0.01810065396130085,0.021159390360116957,0.05951487794518471,0.0,0.06928203999996185,0.0,0.26747140288352966
9818,0.005525707453489304,0.017531248927116393,0.02272469587624073,0.06304871290922165,0.0,0.06928913295269012,0.0,0.26746952533721924
9819,0.004988686740398407,0.017873743548989296,0.021217835322022437,0.058720505237579344,0.0,0.06929601728916168,0.0,0.2674682140350342
9820,0.005359692312777042,0.018493413180112838,0.021613966301083566,0.06365522965788842,0.0,0.06930262595415115,0.0,0.26746517419815063
9821,0.004952989704906941,0.018490046635270117,0.01951717510819435,0.05954359769821167,0.0,0.06930968910455704,0.0,0.26746171712875366
9822,0.005123606231063604,0.01711772009730339,0.021861661225557327,0.06331217959523201,0.0,0.06930996477603912,0.0,0.2674594223499298
9823,0.005134467780590057,0.017585449665784837,0.022327417880296706,0.0588108129799366,0.0,0.06930457055568695,0.0,0.2674582004547119
9824,0.005284911300987005,0.01794487573206425,0.020785479247570036,0.061144077032804486,0.0,0.06930007040500641,0.0,0.26745638251304626
9825,0.005152884684503078,0.017169702053070068,0.02149988114833832,0.06103395596146584,0.0,0.06930527836084366,0.0,0.2674556076526642
9826,0.005074892472475767,0.018977607786655425,0.020720819383859633,0.05935973525047302,0.0,0.06931232661008835,0.0,0.2674561142921448
9827,0.004836325813084841,0.018227995187044144,0.02159142792224884,0.0630725733935833,0.0,0.06931935250759125,0.0,0.26745596528053284
9828,0.004908888880163431,0.01882375180721283,0.022026557847857474,0.061879055202007295,0.0,0.0693260058760643,0.0,0.26745685935020447
9829,0.0050076920539140705,0.017734282091259955,0.020372942090034485,0.06365921273827553,0.0,0.06933824717998505,0.0,0.2674577832221985
9830,0.005183624383062124,0.017806390300393105,0.019918517023324967,0.061001256108284,0.0,0.06935480982065201,0.0,0.2674604058265686
9831,0.0051796363666653635,0.017495593801140786,0.022309697419404983,0.0642090044915676,0.0,0.06936999410390854,0.0,0.2674643397331238
9832,0.005039048753678799,0.018475689366459845,0.02014218233525753,0.06407949179410935,0.0,0.06938360631465912,0.0,0.2674684226512909
9833,0.005065293237566948,0.017941799387335776,0.023187214508652687,0.05862269476056099,0.0,0.06939668953418732,0.0,0.26747435331344604
9834,0.005425020307302475,0.017335885390639304,0.024356583133339882,0.06078617125749588,0.0,0.0694054514169693,0.0,0.267479807138443
9835,0.005237476993352174,0.018465475738048555,0.0208572868257761,0.05965578705072403,0.0,0.0694064050912857,0.0,0.2674814462661743
9836,0.0049385083839297295,0.01819378025829792,0.023170803487300873,0.0604130744934082,0.0,0.06940846890211105,0.0,0.267482727766037
9837,0.005162041634321213,0.018493650108575822,0.021278570964932443,0.06218259632587433,0.0,0.06941363960504532,0.0,0.2674822211265564
9838,0.004874740820378065,0.018885935842990875,0.022314271330833434,0.06105256676673889,0.0,0.06941736489534378,0.0,0.2674807906150818
9839,0.004792300518602133,0.019009949639439583,0.022120938822627067,0.06142619401216507,0.0,0.06941830366849899,0.0,0.26747897267341614
9840,0.005051243770867586,0.017855242267251013,0.02086183540523052,0.06014693453907967,0.0,0.06941941380500793,0.0,0.26747792959213257
9841,0.00556055698543787,0.018788564950227737,0.022103865817189216,0.05981222242116928,0.0,0.06941767781972885,0.0,0.26747602224349976
9842,0.005039357580244541,0.0181263480335474,0.021393851935863496,0.06312831938266754,0.0,0.06941276788711548,0.0,0.26747339963912964
9843,0.004926260374486446,0.017437590658664702,0.021712929010391235,0.05877983495593071,0.0,0.06940826773643494,0.0,0.2674713730812073
9844,0.005288580618798733,0.01848370172083378,0.02278740257024765,0.06180509775876999,0.0,0.06940281391143799,0.0,0.26747164130210876
9845,0.00547533743083477,0.018020468577742577,0.0213939119130373,0.06240164786577225,0.0,0.06939534097909927,0.0,0.2674728333950043
9846,0.0053251107223331925,0.018124882131814957,0.02117868550121784,0.05991782248020172,0.0,0.06938795745372772,0.0,0.2674752175807953
9847,0.005384987499564886,0.01773858293890953,0.022352356091141702,0.06755698397755623,0.0,0.06938113272190094,0.0,0.26747795939445496
9848,0.0051671437919139866,0.016875309497117998,0.020049544423818587,0.060237986594438554,0.0,0.06937097012996674,0.0,0.2674795091152191
9849,0.005363622028380632,0.018522533774375915,0.02212119922041893,0.061232637614011765,0.0,0.0693594366312027,0.0,0.2674793601036072
9850,0.005188360158354044,0.018134957551956175,0.019484993070364,0.060443314909935,0.0,0.06934861838817596,0.0,0.2674785256385803
9851,0.005301735643297434,0.017943964153528214,0.02413264214992523,0.06014896482229233,0.0,0.06933818757534027,0.0,0.26747915148735046
9852,0.004954369738698006,0.017793919891119003,0.02178151160478592,0.06281075850129128,0.0,0.06933356076478958,0.0,0.26748010516166687
9853,0.00492022205144167,0.01813952103257179,0.02061553969979286,0.06002811118960381,0.0,0.06932587921619415,0.0,0.26748126745224
9854,0.0052896528504788876,0.018362506106495858,0.022262048721313477,0.06025048196315765,0.0,0.06932570040225983,0.0,0.2674815058708191
9855,0.005185206793248654,0.018388571217656136,0.02153545320034027,0.06071802526712418,0.0,0.0693354457616806,0.0,0.2674841582775116
9856,0.005463021527975798,0.018319931253790854,0.02282351553440094,0.06031177714467049,0.0,0.06934794038534164,0.0,0.267489492893219
9857,0.0048915381543338295,0.01734618879854679,0.02446277141571045,0.06117020174860954,0.0,0.0693545788526535,0.0,0.2674967348575592
9858,0.005228149425238371,0.01859396733343601,0.01969488002359867,0.06232081726193428,0.0,0.06936557590961456,0.0,0.267503023147583
9859,0.005318174790591002,0.017586418613791465,0.022737692296504974,0.056479760259389875,0.0,0.06938233971595764,0.0,0.267507404088974
9860,0.004748253617435694,0.017878370359539986,0.021953389048576355,0.061491713672876355,0.0,0.06939369440078735,0.0,0.2675105929374695
9861,0.005047709308564663,0.01824658438563347,0.023891968280076982,0.0622541181743145,0.0,0.069402776658535,0.0,0.267511248588562
9862,0.005181643273681402,0.01853017322719097,0.02295765429735184,0.06172094196081161,0.0,0.06940554827451706,0.0,0.26751065254211426
9863,0.005291181989014149,0.018013764172792435,0.02244667522609234,0.061101075261831284,0.0,0.06940506398677826,0.0,0.2675088942050934
9864,0.005258223507553339,0.01785619892179966,0.02355514094233513,0.06246048957109451,0.0,0.06940130144357681,0.0,0.2675046920776367
9865,0.0054580473341047766,0.01824521943926811,0.02330704964697361,0.05978936329483986,0.0,0.06939367204904556,0.0,0.26750126481056213
9866,0.00508789224550128,0.01844906508922577,0.021097878366708754,0.06568033173680306,0.0,0.06938724964857101,0.0,0.26749807596206665
9867,0.0049956806004047396,0.017999203503131868,0.021106662601232527,0.06322174593806267,0.0,0.06938101351261139,0.0,0.26749417185783386
9868,0.0052656280808150765,0.018526908382773398,0.0215983547270298,0.06344426721334458,0.0,0.06937798112630844,0.0,0.26749011874198914
9869,0.005250961892306805,0.01840845271945,0.02233607620000839,0.057446422427892684,0.0,0.069379061460495,0.0,0.2674880921840668
9870,0.005237001180648804,0.018340180814266204,0.023165859282016754,0.06446992605924606,0.0,0.06937645375728607,0.0,0.2674850821495056
9871,0.005593982059508562,0.01833471655845642,0.021028413623571395,0.06280156075954438,0.0,0.0693725049495697,0.0,0.26748377084732056
9872,0.005063172522932291,0.018516307696700096,0.02087946720421314,0.06381982341408729,0.0,0.0693652480840683,0.0,0.2674843668937683
9873,0.005162633862346411,0.017820515856146812,0.02184978760778904,0.06158742904663086,0.0,0.06935755163431168,0.0,0.2674883008003235
9874,0.004973042476922274,0.018667736276984214,0.02116372436285019,0.06674532368779182,0.0,0.06935107707977295,0.0,0.2674931287765503
9875,0.004997968580573798,0.018047496676445007,0.02118539474904537,0.05990941300988197,0.0,0.06935091316699982,0.0,0.26749905943870544
9876,0.005148101691156625,0.018508197367191316,0.023389969393610953,0.062083497643470764,0.0,0.06935428082942963,0.0,0.26750448346138
9877,0.005100324284285307,0.018292654305696487,0.023361806571483613,0.0606727659702301,0.0,0.06936213374137878,0.0,0.2675110101699829
9878,0.005346510279923678,0.01830122210085392,0.021338801458477975,0.06248822882771492,0.0,0.06937366724014282,0.0,0.2675163447856903
9879,0.005308077670633793,0.017814059928059577,0.022057787328958512,0.06252611950039863,0.0,0.06938229501247406,0.0,0.2675190269947052
9880,0.005342401191592216,0.018238452821969987,0.024380705878138544,0.06518936231732368,0.0,0.06938892602920532,0.0,0.26752060651779175
9881,0.005190105363726616,0.018588956072926523,0.02086959555745125,0.05930376127362251,0.0,0.06939774751663208,0.0,0.26752206683158875
9882,0.005329911969602108,0.018849188461899757,0.021363360434770585,0.06285813152790069,0.0,0.06941010802984238,0.0,0.26752105355262756
9883,0.0049890286289155485,0.017172889783978462,0.022004282847046853,0.0639798752963543,0.0,0.06942570209503174,0.0,0.26751941442489624
9884,0.005273325461894273,0.01783701740205288,0.022947747260332108,0.06457447558641434,0.0,0.06943877786397934,0.0,0.267517626285553
9885,0.005407155305147171,0.019094545766711234,0.02280404381453991,0.06211726441979408,0.0,0.0694572702050209,0.0,0.2675139307975769
9886,0.0051632622256875035,0.01849508807063103,0.021291691809892654,0.06325198858976364,0.0,0.06947700679302216,0.0,0.2675093710422516
9887,0.005189618095755577,0.018107568472623826,0.02262880653142929,0.06038845032453537,0.0,0.06949050724506378,0.0,0.2675040066242218
9888,0.005190988443791867,0.01800316721200943,0.022097155451774597,0.058135798573493956,0.0,0.06950217485427856,0.0,0.26749855279922485
9889,0.004826148319989443,0.017452745884656905,0.021760420873761177,0.05685331374406814,0.0,0.06951286643743515,0.0,0.2674940526485443
9890,0.005394850112497807,0.01771942377090454,0.019656314328312875,0.061761997640132904,0.0,0.06951739639043808,0.0,0.26749101281166077
9891,0.0047782670706510546,0.01726327817887068,0.02117973007261753,0.061496314406394956,0.0,0.06952120363712311,0.0,0.2674885392189026
9892,0.0052724875509738926,0.017760110273957252,0.02033551298081875,0.06386240944266319,0.0,0.06952136009931564,0.0,0.2674855589866638
9893,0.005039246007800102,0.017179934307932854,0.021300605684518813,0.06032450348138809,0.0,0.06952311098575592,0.0,0.2674822509288788
9894,0.005197674315422773,0.01821674108505249,0.020482225343585014,0.05888554006814957,0.0,0.06952627748250961,0.0,0.2674782872200012
9895,0.0049889029935002325,0.01782123148441315,0.020742080360651016,0.060346569120883944,0.0,0.06953220814466476,0.0,0.26747697591781616
9896,0.005240367632359267,0.017130929231643676,0.0213871993124485,0.0639872521162033,0.0,0.06954190880060196,0.0,0.2674775719642639
9897,0.005222044698894024,0.01813514456152916,0.02257477641105652,0.061404342949390414,0.0,0.06955016404390335,0.0,0.26748019456863403
9898,0.005126442667096854,0.018817979097366332,0.021006977930665017,0.06463831514120102,0.0,0.06956051290035248,0.0,0.26748234033584595
9899,0.005155287683010101,0.01824808120727539,0.021498438715934754,0.061193252354860304,0.0,0.06957067549228668,0.0,0.26748499274253845
9900,0.005291362386196851,0.017864787206053733,0.022491589188575745,0.06227121502161026,0.0,0.06958641111850739,0.0,0.26748889684677124
9901,0.00521831838414073,0.017887443676590918,0.021774187684059143,0.06414365023374557,0.0,0.06960462033748627,0.0,0.2674941122531891
9902,0.005163960158824921,0.01821734495460987,0.021135717630386353,0.06108581870794296,0.0,0.06962529569864273,0.0,0.2674991190433502
9903,0.005192349478602409,0.017661618813872338,0.022642241418361665,0.06298935934901237,0.0,0.06964035332202911,0.0,0.2675035297870636
9904,0.00506521537899971,0.01796327382326126,0.021538859233260155,0.059105460345745084,0.0,0.06965643912553787,0.0,0.26750898361206055
9905,0.005129196960479021,0.017964356392621995,0.021765121445059776,0.06278522089123725,0.0,0.06966503709554672,0.0,0.2675143778324127
9906,0.005223164707422257,0.018438978493213652,0.020867110788822175,0.06298745647072793,0.0,0.06966973841190338,0.0,0.267520934343338
9907,0.005029720533639192,0.018923645466566087,0.02306448556482792,0.0587672159075737,0.0,0.06967093795537949,0.0,0.26752543449401855
9908,0.005150991026312113,0.018693797662854193,0.021100300550460815,0.06152450665831566,0.0,0.06967942416667938,0.0,0.2675301134586334
9909,0.005324306711554527,0.01835217997431755,0.020968615263700485,0.06464501842856407,0.0,0.06969611346721649,0.0,0.2675343155860901
9910,0.005588698573410511,0.01778831034898758,0.022113452106714247,0.06055580154061317,0.0,0.06971370428800583,0.0,0.2675395607948303
9911,0.005245827883481979,0.018420597538352013,0.02232116013765335,0.06001496836543083,0.0,0.069734588265419,0.0,0.26754358410835266
9912,0.005153734050691128,0.018240613117814063,0.019268112629652022,0.06406718268990516,0.0,0.0697576254606247,0.0,0.26754650473594666
9913,0.005272188689559698,0.017741937562823294,0.021510780230164527,0.06517862379550934,0.0,0.06977766007184982,0.0,0.26754987239837646
9914,0.005224239360541105,0.01820496693253517,0.02346694692969322,0.06238491907715797,0.0,0.06979641318321228,0.0,0.26755523681640625
9915,0.00508000161498785,0.01766965091228485,0.02375425845384598,0.060411791503429416,0.0,0.06980856508016586,0.0,0.2675626575946808
9916,0.005128979589790106,0.017721131443977356,0.021461091190576553,0.062233177572488786,0.0,0.06981882452964783,0.0,0.26756778359413147
9917,0.005171892326325178,0.017745747417211532,0.02230084240436554,0.06179698929190636,0.0,0.06983117759227753,0.0,0.26757216453552246
9918,0.005314966198056936,0.017534391582012178,0.022113176807761193,0.062291651219129565,0.0,0.0698392242193222,0.0,0.2675740718841553
9919,0.005306088179349899,0.018616871908307076,0.02060277797281742,0.06288281008601189,0.0,0.06984887272119522,0.0,0.26757654547691345
9920,0.00525185251608491,0.01896995007991791,0.02178201712667942,0.06148703321814537,0.0,0.06985396146774292,0.0,0.26757827401161194
9921,0.004676524735987187,0.0186127170920372,0.02218756340444088,0.06328775212168694,0.0,0.06986287236213684,0.0,0.267579585313797
9922,0.004992885887622834,0.017540904507040978,0.021039867401123048,0.060359008610248566,0.0,0.06986860930919647,0.0,0.26758164167404175
9923,0.005497081857174635,0.01801701486110687,0.021532615274190904,0.06261681094765663,0.0,0.06987284868955612,0.0,0.2675848603248596
9924,0.005209654103964567,0.01866845227777958,0.022062956541776656,0.06460628882050515,0.0,0.06987505406141281,0.0,0.26758691668510437
9925,0.005275719054043293,0.018060589954257012,0.02144712582230568,0.05989985540509224,0.0,0.06987854093313217,0.0,0.2675895690917969
9926,0.005181992053985595,0.018543416634202003,0.021378912776708604,0.07241220772266388,0.0,0.06988557428121567,0.0,0.26759397983551025
9927,0.005032567586749792,0.01854238472878933,0.021813617274165153,0.062029726803302765,0.0,0.06989230215549469,0.0,0.2675969898700714
9928,0.005085204821079969,0.017527184262871743,0.022688447311520577,0.0628761313855648,0.0,0.06990037858486176,0.0,0.2675977647304535
9929,0.005204823985695839,0.0176654152572155,0.022098200768232344,0.06145041361451149,0.0,0.06990518420934677,0.0,0.2675962448120117
9930,0.004982474260032177,0.017650278657674788,0.02163449451327324,0.05960027351975441,0.0,0.0699051171541214,0.0,0.26759466528892517
9931,0.005068112257868051,0.017252959311008453,0.020971635729074477,0.060323449224233626,0.0,0.06990718096494675,0.0,0.26759177446365356
9932,0.005118603724986315,0.017803348228335382,0.021329007297754287,0.06301686763763428,0.0,0.06990741938352585,0.0,0.2675885558128357
9933,0.0049289179034531115,0.017891737073659895,0.02310899570584297,0.06374475881457328,0.0,0.06990589201450348,0.0,0.2675863802433014
9934,0.005346452351659536,0.018031255900859834,0.020947230607271196,0.06632077619433403,0.0,0.06990378350019455,0.0,0.2675839364528656
9935,0.005026183091104031,0.016813163459300996,0.021712235733866693,0.0618779756128788,0.0,0.06990091502666473,0.0,0.2675809860229492
9936,0.005353531520813704,0.01784234121441841,0.022019177675247192,0.05628597289323807,0.0,0.06989548355340958,0.0,0.26757878065109253
9937,0.005208632070571184,0.017362213507294656,0.022468439862132074,0.06260048225522041,0.0,0.0698939710855484,0.0,0.26757633686065674
9938,0.004783700034022331,0.01850285604596138,0.022953376173973083,0.06010483205318451,0.0,0.06989194452762604,0.0,0.2675737738609314
9939,0.005009982641786337,0.017961698397994042,0.02089315131306648,0.061560163646936415,0.0,0.06988601386547089,0.0,0.26757174730300903
9940,0.0051819640211761,0.01793655678629875,0.021279189735651016,0.06192350834608078,0.0,0.06988172978162766,0.0,0.2675703167915344
9941,0.005001950170844793,0.017829878255724907,0.023557300865650176,0.06002615988254547,0.0,0.06987248361110687,0.0,0.26756882667541504
9942,0.004931850079447031,0.017512799799442293,0.019687756523489953,0.06374525278806686,0.0,0.06986526399850845,0.0,0.2675665020942688
9943,0.005204516556113958,0.018375116959214212,0.02299872525036335,0.06123615577816963,0.0,0.06985841691493988,0.0,0.26756519079208374
9944,0.005279531702399254,0.018029947578907014,0.02136334925889969,0.06235535144805908,0.0,0.06984732300043106,0.0,0.2675628662109375
9945,0.005278568249195814,0.017836632579565047,0.023282662406563757,0.06097984611988068,0.0,0.06983473151922226,0.0,0.2675603926181793
9946,0.004845048394054174,0.018386085703969,0.020727896690368654,0.05904770195484162,0.0,0.06981953233480453,0.0,0.2675601840019226
9947,0.004886759351938963,0.017366908863186835,0.021775614842772482,0.06296053230762481,0.0,0.069805808365345,0.0,0.2675625681877136
9948,0.004594211280345917,0.01833047829568386,0.02153681069612503,0.05480894818902016,0.0,0.06978960335254669,0.0,0.2675650715827942
9949,0.005111395288258791,0.01890484057366848,0.021094219014048576,0.0634927749633789,0.0,0.06977798789739609,0.0,0.26756733655929565
9950,0.005063605960458517,0.01891118623316288,0.02240322232246399,0.06276044324040413,0.0,0.06976830959320068,0.0,0.2675688862800598
9951,0.005180752649903297,0.017544800229370595,0.02231615036725998,0.05980246737599373,0.0,0.06975533813238144,0.0,0.2675703763961792
9952,0.005189892090857029,0.01840376891195774,0.020851865783333777,0.06321378350257874,0.0,0.06974069029092789,0.0,0.26757001876831055
9953,0.005303731001913547,0.01855047047138214,0.02217307984828949,0.05845934227108955,0.0,0.06972138583660126,0.0,0.2675691545009613
9954,0.0052760601043701175,0.017899423092603683,0.020306680351495743,0.05955704152584076,0.0,0.06970943510532379,0.0,0.26756662130355835
9955,0.005145846586674452,0.018986030668020248,0.02178981453180313,0.06131795272231102,0.0,0.06969915330410004,0.0,0.26756325364112854
9956,0.005314179044216871,0.019435784220695494,0.022964610531926156,0.06227405145764351,0.0,0.06968691945075989,0.0,0.26756083965301514
9957,0.005076911579817533,0.01867678351700306,0.021219807118177413,0.061460976302623746,0.0,0.06967876106500626,0.0,0.26755982637405396
9958,0.00540014673024416,0.017831100150942802,0.021386628970503807,0.05945870876312256,0.0,0.06966949999332428,0.0,0.26755794882774353
9959,0.005366273038089275,0.018570877611637115,0.0222113449126482,0.06416729539632797,0.0,0.06966029852628708,0.0,0.26755744218826294
9960,0.005026570893824101,0.018478250503540038,0.02257842794060707,0.0627583809196949,0.0,0.0696488618850708,0.0,0.26755616068840027
9961,0.005521372240036726,0.018710161745548248,0.02340925745666027,0.06310608386993408,0.0,0.06964317709207535,0.0,0.26755595207214355
9962,0.00544611755758524,0.01797529309988022,0.022889607399702073,0.06016109883785248,0.0,0.06964387744665146,0.0,0.2675560414791107
9963,0.004989650472998619,0.01764322742819786,0.021584707871079446,0.06379025727510453,0.0,0.069645956158638,0.0,0.267555296421051
9964,0.0055194713175296785,0.01793113872408867,0.022376267611980437,0.06511266976594925,0.0,0.06964467465877533,0.0,0.2675538957118988
9965,0.004976530652493238,0.018222451582551,0.020634572580456735,0.05996662974357605,0.0,0.06963737308979034,0.0,0.2675521969795227
9966,0.005258017405867577,0.01769789047539234,0.020537171885371207,0.06254358440637589,0.0,0.06963001936674118,0.0,0.26755326986312866
9967,0.005361760221421719,0.01816781871020794,0.023555333167314528,0.061253669857978824,0.0,0.06961677968502045,0.0,0.26755470037460327
9968,0.0053028404712677,0.01849502995610237,0.022420183941721916,0.061000853031873706,0.0,0.06960207223892212,0.0,0.2675548195838928
9969,0.005369053687900305,0.018672760203480722,0.02180975005030632,0.06264010071754456,0.0,0.06958787888288498,0.0,0.26755666732788086
9970,0.005487598665058613,0.017984776943922042,0.02291615232825279,0.06204589828848839,0.0,0.06957346946001053,0.0,0.26755720376968384
9971,0.0051036767661571504,0.017858914844691754,0.020999588444828986,0.06126333177089691,0.0,0.0695548802614212,0.0,0.26755619049072266
9972,0.005225001648068428,0.017919306084513663,0.022409724444150923,0.06038015559315681,0.0,0.06953170150518417,0.0,0.2675558626651764
9973,0.0053518244065344335,0.01730708181858063,0.02202465757727623,0.06423975080251694,0.0,0.06951287388801575,0.0,0.2675558030605316
9974,0.005341332498937845,0.017474683560431005,0.022216493263840675,0.060071805864572524,0.0,0.0694902092218399,0.0,0.2675566077232361
9975,0.0051734475418925285,0.017397978529334068,0.0226859986782074,0.06183161586523056,0.0,0.06946802884340286,0.0,0.26755693554878235
9976,0.004828624427318573,0.018166448175907134,0.02177443280816078,0.06715981662273407,0.0,0.06944982707500458,0.0,0.2675548195838928
9977,0.005232672300189733,0.017984050512313842,0.02101152241230011,0.06344495192170144,0.0,0.06943048536777496,0.0,0.2675534784793854
9978,0.005251701176166535,0.017503313720226288,0.021996667608618736,0.06165874302387238,0.0,0.0694114938378334,0.0,0.2675558924674988
9979,0.0049256948754191395,0.017574767023324965,0.019695347175002098,0.06154891699552536,0.0,0.06939440220594406,0.0,0.26755914092063904
9980,0.0055942747741937636,0.017766697332262993,0.022514380887150763,0.06152518391609192,0.0,0.06937943398952484,0.0,0.2675628662109375
9981,0.004932271968573332,0.019043303653597833,0.021217820048332215,0.058238298445940015,0.0,0.06936077773571014,0.0,0.2675672471523285
9982,0.0052051452919840814,0.018973933160305025,0.023204011842608452,0.06335952207446098,0.0,0.06935124844312668,0.0,0.26757076382637024
9983,0.005341499671339988,0.017674478702247143,0.022001059353351594,0.0611728347837925,0.0,0.06934034824371338,0.0,0.2675732672214508
9984,0.0050140002742409704,0.01824332997202873,0.020865969359874725,0.06293081194162368,0.0,0.0693327784538269,0.0,0.26757538318634033
9985,0.004860284645110369,0.017892129719257355,0.02119893617928028,0.06044967621564865,0.0,0.06932652741670609,0.0,0.2675781846046448
9986,0.005042211804538965,0.017969851568341254,0.020184484496712684,0.06041351184248924,0.0,0.06932010501623154,0.0,0.26757922768592834
9987,0.004948212672024966,0.01684279590845108,0.02317142076790333,0.06254642009735108,0.0,0.06931629031896591,0.0,0.26758137345314026
9988,0.0048855884931981565,0.01737443618476391,0.021037624776363374,0.05938987210392952,0.0,0.06931015104055405,0.0,0.2675815522670746
9989,0.005352652538567782,0.017499524727463724,0.022018204256892205,0.06358581185340881,0.0,0.06930134445428848,0.0,0.26758164167404175
9990,0.005348802078515291,0.01765615791082382,0.021358591690659522,0.06187773644924164,0.0,0.06928899884223938,0.0,0.2675812840461731
9991,0.00539144342765212,0.01825714111328125,0.022581911832094192,0.06165369600057602,0.0,0.06927671283483505,0.0,0.2675817906856537
9992,0.004999450873583555,0.017955253645777703,0.0214231513440609,0.06181177645921707,0.0,0.06926800310611725,0.0,0.26758235692977905
9993,0.00549233602359891,0.018466921523213387,0.02007169760763645,0.06255531832575797,0.0,0.06925895065069199,0.0,0.2675829231739044
9994,0.005252076219767332,0.017809925228357316,0.022016677632927896,0.06247526779770851,0.0,0.06924670934677124,0.0,0.26758354902267456
9995,0.0054993399418890474,0.018656250834465028,0.021823327988386154,0.06275608167052268,0.0,0.06923548132181168,0.0,0.267584890127182
9996,0.0052715114317834376,0.018314534425735475,0.02239742539823055,0.060379857569932936,0.0,0.06922326236963272,0.0,0.26758909225463867
9997,0.005265388172119856,0.01747441627085209,0.021306009963154793,0.05983979031443596,0.0,0.06921611726284027,0.0,0.26759395003318787
9998,0.00498688779771328,0.01785302013158798,0.02169695720076561,0.0600597470998764,0.0,0.06921562552452087,0.0,0.26759734749794006
9999,0.005328102875500918,0.017801514267921446,0.02326534129679203,0.0594481460750103,0.0,0.06921672075986862,0.0,0.2675997316837311
