,0,1,2,3,4,5,6,7
0,10.514574,0.0,7.39346,3.1767998,1.1419192e-05,0.0,0.0024052789,0.038663313
1,0.14663868,0.0,0.4096213,3.1768124,3.245044e-05,0.0,0.00018423705,0.03866323
2,0.23800814,0.0,0.14491156,3.1768236,0.00067207514,0.0,0.00010451085,0.03866305
3,2.5368466,0.0,11.403125,3.1768334,1.210232e-05,0.0,0.00041665504,0.038662843
4,5.9289775,0.0,0.18382367,3.1768394,0.0003959911,0.0,0.00028122682,0.038662635
5,0.08610589,0.0,0.6796279,3.1768441,0.0022207447,0.0,9.885496e-05,0.038662326
6,0.2705774,0.0,0.123318024,3.17685,0.0029898162,0.0,0.0032740987,0.038661968
7,0.38128185,0.0,0.30919415,3.1768563,4.9253533e-05,0.0,0.00034650805,0.03866162
8,0.13534823,0.0,14.138519,3.176862,7.011718e-05,0.0,0.00020053147,0.038661297
9,2.0647674,0.0,0.022065097,3.1768615,9.437034e-06,0.0,0.002702595,0.038661
10,0.83390343,0.0,0.06186771,3.176861,5.2403797e-05,0.0,0.0031051652,0.038660757
11,0.99872386,0.0,0.07897579,3.17686,5.1128423e-05,0.0,0.000103600585,0.03866051
12,0.20396607,0.0,5.137182,3.1768591,4.7268062e-05,0.0,0.0031412663,0.038660225
13,0.5857845,0.0,5.4468164,3.1768594,0.0024211204,0.0,6.603873e-05,0.03865989
14,8.096907,0.0,1.8784807,3.1768577,0.00027500244,0.0,7.914893e-05,0.0386595
15,4.628259,0.0,0.09259293,3.176852,0.00043858454,0.0,9.453604e-05,0.038659167
16,0.45872188,0.0,0.06892493,3.1768465,0.00037865163,0.0,0.0002749259,0.038658824
17,0.56884223,0.0,0.8127513,3.1768417,0.0002482136,0.0,0.008925865,0.03865851
18,0.13184224,0.0,0.03664116,3.1768382,0.0029218842,0.0,0.00616009,0.038658123
19,0.8448499,0.0,0.15327244,3.1768343,7.857364e-06,0.0,0.00048979913,0.038657468
20,0.29995304,0.0,6.8609996,3.1768308,0.001741046,0.0,0.0003183439,0.0386568
21,0.38641897,0.0,0.6620737,3.1768274,0.0029612514,0.0,0.0057880776,0.038656265
22,5.685112,0.0,0.043313194,3.176823,0.0015158032,0.0,0.0021589682,0.038655985
23,0.41219985,0.0,0.1507312,3.1768184,0.0013843803,0.0,6.697116e-05,0.038655702
24,10.431799,0.0,4.097071,3.176815,0.00254799,0.0,0.00019955027,0.038655378
25,1.9110521,0.0,0.026670078,3.176814,0.00022729833,0.0,0.004032133,0.038654942
26,4.4235554,0.0,0.16215943,3.1768134,7.5220436e-05,0.0,0.0001279391,0.038654506
27,0.8018714,0.0,0.045427393,3.176813,0.0002777807,0.0,0.00012391314,0.03865403
28,6.797057,0.0,0.14554755,3.1768134,6.1601204e-05,0.0,0.00429885,0.038653474
29,0.76251715,0.0,9.67185,3.1768131,3.9167626e-06,0.0,0.00023154377,0.038652387
30,6.2311673,0.0,0.05624055,3.176814,7.171711e-05,0.0,0.0014334164,0.03865145
31,0.1622502,0.0,8.2044325,3.1768148,5.9279024e-05,0.0,0.0028780445,0.03865063
32,0.27485082,0.0,0.021214103,3.1768153,2.5182017e-05,0.0,0.00022655101,0.038650043
33,4.870446,0.0,0.04422798,3.1768153,0.0030579884,0.0,0.00014704793,0.03864947
34,0.42840117,0.0,0.042970523,3.176815,6.858922e-05,0.0,0.00015259984,0.03864885
35,0.04798741,0.0,0.6435879,3.1768146,0.00010729325,0.0,9.434776e-05,0.038648248
36,1.3536685,0.0,0.7442093,3.1768146,0.00013495142,0.0,0.0006262012,0.038647674
37,1.2534672,0.0,0.82632464,3.176815,0.000113392256,0.0,0.0008237157,0.03864719
38,0.06030279,0.0,0.028926097,3.176814,0.0033812039,0.0,0.00013516308,0.03864674
39,8.785654,0.0,1.7051295,3.1768138,3.1135416e-05,0.0,7.772366e-05,0.038646262
40,7.272271,0.0,0.19734736,3.1768165,0.00078683754,0.0,0.00011338502,0.03864571
41,0.22498846,0.0,4.2420816,3.1768208,1.2315209e-05,0.0,0.0003420727,0.038645186
42,0.15466483,0.0,0.6065551,3.1768262,1.2395774e-05,0.0,9.040657e-05,0.038644906
43,0.45000014,0.0,8.070083,3.1768308,0.0024291568,0.0,3.231704e-05,0.038644593
44,0.5170226,0.0,0.13149026,3.1768389,0.00011415663,0.0,0.00040029,0.038644277
45,2.5531936,0.0,16.485712,3.1768463,7.637424e-06,0.0,0.00019287842,0.03864401
46,1.8904629,0.0,3.0311408,3.1768558,5.7147074e-05,0.0,0.00034063176,0.03864368
47,6.16596,0.0,15.386233,3.1768622,0.0010553187,0.0,0.002430218,0.038643382
48,1.6426052,0.0,1.2808164,3.17686,3.7995174e-05,0.0,0.003804859,0.03864313
49,0.38140666,0.0,9.7302885,3.176858,7.5872136e-05,0.0,7.961213e-05,0.038642894
50,0.38386893,0.0,0.06347811,3.1768568,0.00010491576,0.0,0.00307907,0.03864262
51,0.17779052,0.0,0.56286675,3.1768556,8.8840214e-05,0.0,0.00017349186,0.03864252
52,2.6469061,0.0,0.9471299,3.1768537,5.4582113e-05,0.0,0.0016111445,0.038642414
53,0.3129959,0.0,0.0755162,3.176853,0.0012563546,0.0,0.00025034416,0.038642216
54,11.502637,0.0,0.7924204,3.176853,0.0012411977,0.0,0.002726625,0.038642034
55,0.30887556,0.0,0.29337826,3.1768541,0.0015315462,0.0,0.00011713368,0.038641743
56,0.19102299,0.0,1.0748138,3.1768591,0.00112468,0.0,0.0003211258,0.03864142
57,1.8773078,0.0,1.0338817,3.1768641,6.925764e-05,0.0,0.0070647416,0.038641125
58,0.4374559,0.0,4.672035,3.176872,0.0023556883,0.0,0.0033675842,0.03864079
59,3.047232,0.0,2.1404278,3.1768806,0.00020004553,0.0,0.00042209215,0.038640454
60,0.29151046,0.0,0.2892529,3.1768882,0.00028480354,0.0,0.0021436526,0.038640287
61,0.4043064,0.0,0.30023542,3.176896,0.0016180247,0.0,2.3701905e-05,0.038640097
62,7.629174,0.0,0.050777327,3.176903,6.467944e-05,0.0,0.00014707544,0.038639847
63,0.5048596,0.0,0.17100547,3.1769092,0.00023400194,0.0,0.0016209737,0.038639523
64,1.4630541,0.0,0.27410027,3.1769147,6.767908e-05,0.0,0.00016369365,0.038639266
65,1.3890511,0.0,1.5575404,3.1769235,3.233685e-05,0.0,0.00027989125,0.038638987
66,1.6440198,0.0,0.20151138,3.176932,0.002227432,0.0,0.00088656036,0.038638804
67,0.8437078,0.0,0.30520973,3.1769395,6.951791e-05,0.0,0.00025552826,0.038638722
68,3.4271696,0.0,6.3115563,3.1769466,0.00018386095,0.0,0.000156527,0.03863854
69,0.3504198,0.0,0.0275731,3.1769533,0.00010374018,0.0,0.0010847192,0.038638297
70,0.17378461,0.0,1.078142,3.1769602,0.0026769398,0.0,0.00390732,0.038638055
71,0.08931959,0.0,0.07156937,3.176969,0.0009271135,0.0,0.0033149917,0.038637746
72,0.106084704,0.0,2.2453067,3.1769764,5.416716e-05,0.0,9.246007e-05,0.038637787
73,0.16914225,0.0,6.1091595,3.1769655,0.0037794246,0.0,0.000117954216,0.038637776
74,0.70505905,0.0,0.098920345,3.1769538,0.0006616629,0.0,0.0002094709,0.038637634
75,0.17700985,0.0,1.5915333,3.1769445,0.0021676428,0.0,0.00021447211,0.038637415
76,0.53947353,0.0,2.2552347,3.1769342,0.0014012731,0.0,0.00015686746,0.038636878
77,0.3158777,0.0,3.876346,3.176928,9.669098e-05,0.0,0.00012878227,0.038636353
78,11.938897,0.0,0.1899749,3.1769233,0.00094219076,0.0,0.000102695674,0.038635902
79,12.056007,0.0,4.5720654,3.1769178,9.845395e-05,0.0,0.0006877015,0.0386354
80,1.8456501,0.0,13.647497,3.1769118,0.00056507235,0.0,0.0020887372,0.038634893
81,10.438875,0.0,0.5248585,3.1769044,6.642e-05,0.0,0.0011855821,0.03863445
82,0.3037558,0.0,5.6716294,3.1768994,0.00011353818,0.0,0.0024843458,0.03863411
83,0.32378727,0.0,0.3178337,3.1768928,8.279468e-05,0.0,0.00032803087,0.03863383
84,6.549482,0.0,6.926765,3.1768873,8.4668296e-05,0.0,0.0022393423,0.03863352
85,0.4461194,0.0,10.861049,3.1768816,0.0029782844,0.0,0.0009729471,0.038633324
86,1.4194326,0.0,0.1533154,3.1768692,5.719666e-05,0.0,0.0021107944,0.03863289
87,7.872914,0.0,5.3889747,3.1768584,1.93303e-05,0.0,0.00015954461,0.038632557
88,0.3344222,0.0,0.02208743,3.1768465,4.0757786e-06,0.0,0.000117482836,0.038632307
89,0.34106386,0.0,0.18426146,3.176835,0.0006115796,0.0,0.00013862323,0.038631998
90,0.080107085,0.0,0.95888877,3.1768255,8.715372e-05,0.0,9.4126786e-05,0.03863166
91,6.0093536,0.0,3.2276447,3.1768186,0.00320078,0.0,0.00096988294,0.0386313
92,0.47485828,0.0,16.662573,3.1768103,0.00012296528,0.0,0.0018420194,0.038630895
93,2.5898259,0.0,0.5941777,3.1768012,0.00015160102,0.0,0.0052449256,0.038630307
94,1.4226365,0.0,0.028002515,3.1767926,8.9344714e-05,0.0,0.00024958438,0.038629252
95,8.873712,0.0,0.28851515,3.1767848,7.7356824e-05,0.0,7.104169e-05,0.03862832
96,0.88768995,0.0,7.413197,3.176778,9.587721e-05,0.0,0.0013316354,0.038627464
97,0.09029148,0.0,1.0527372,3.1767697,0.00013508528,0.0,0.00017682055,0.038626682
98,3.0393767,0.0,0.017929481,3.1767635,0.003471157,0.0,0.00013437837,0.0386259
99,0.52551985,0.0,7.1090903,3.1767573,5.80084e-05,0.0,0.0026205655,0.038625233
100,0.35242033,0.0,2.6499722,3.1767488,0.00019400504,0.0,0.00044834893,0.038624495
101,2.6633737,0.0,0.6433037,3.1767416,0.00060199917,0.0,0.0025619776,0.03862246
102,2.3031898,0.0,0.23976915,3.1767354,0.00030357216,0.0,0.0005300324,0.038620498
103,0.14994694,0.0,0.37536654,3.1767294,0.0005206078,0.0,0.00020815164,0.03861891
104,0.1428856,0.0,0.41791067,3.1767247,2.9986033e-05,0.0,0.0028951683,0.038617484
105,2.2697198,0.0,0.17918481,3.1767204,9.061849e-05,0.0,0.00027909668,0.038616136
106,0.18421768,0.0,0.9749136,3.1767163,0.0017607819,0.0,0.00030868902,0.038614936
107,12.257176,0.0,0.62260693,3.1767137,5.45045e-05,0.0,0.0007272439,0.038614064
108,0.78481346,0.0,1.0192734,3.176712,2.7598191e-05,0.0,0.00012697167,0.03861336
109,11.250649,0.0,5.456739,3.1767108,2.6584985e-05,0.0,0.00014508964,0.038612664
110,1.8711371,0.0,0.045919746,3.1767075,2.8126455e-05,0.0,0.0029283988,0.038612038
111,1.429128,0.0,3.9396741,3.1767046,3.8624497e-05,0.0,9.643098e-05,0.038611494
112,3.0960028,0.0,0.061167166,3.1767068,0.0017084604,0.0,0.00015581075,0.03861089
113,0.73975843,0.0,11.756691,3.176708,2.9015926e-05,0.0,0.003000806,0.038610302
114,0.3311755,0.0,0.81919813,3.1767106,0.00012699037,0.0,0.0014176932,0.038609736
115,18.763803,0.0,3.8193145,3.1767156,0.0051781805,0.0,0.00021850204,0.03860917
116,0.32348073,0.0,0.12964925,3.176723,1.0586705e-05,0.0,0.00289065,0.038608618
117,0.4395103,0.0,5.6846223,3.1767294,0.0003718321,0.0,4.7844627e-05,0.03860805
118,2.7095382,0.0,10.492794,3.1767344,1.4192886e-05,0.0,0.002572856,0.038607508
119,0.4324543,0.0,2.4137704,3.1767342,3.3095745e-05,0.0,8.8747336e-05,0.038606964
120,1.6267141,0.0,0.07775454,3.1767359,2.0082942e-05,0.0,8.562254e-05,0.038606416
121,10.265646,0.0,0.1360052,3.1767378,0.0010460966,0.0,0.00019813035,0.038605876
122,1.6037723,0.0,0.37880534,3.176739,0.0031828834,0.0,0.0011078286,0.03860533
123,1.1058233,0.0,0.30649027,3.17674,9.1847396e-05,0.0,0.0036223226,0.038604774
124,1.7306044,0.0,0.07807076,3.17674,0.00044889547,0.0,0.002732492,0.038604733
125,0.5319196,0.0,0.085920654,3.1767406,0.00040375005,0.0,0.0023141336,0.0386046
126,4.006153,0.0,3.364199,3.1767416,2.2314347e-05,0.0,0.00024790372,0.03860437
127,0.297126,0.0,0.020351252,3.176744,5.759258e-05,0.0,0.00011938022,0.038604178
128,0.4725453,0.0,0.106632374,3.1767457,0.0018155689,0.0,0.0048812563,0.038604043
129,0.2467602,0.0,0.033566315,3.1767476,0.00092584663,0.0,0.00030206007,0.03860391
130,0.49468237,0.0,16.254526,3.1767497,0.003276024,0.0,0.006443274,0.038603712
131,0.06764547,0.0,0.0308111,3.176753,0.00021548208,0.0,0.0042730197,0.038603656
132,13.019186,0.0,0.5161754,3.176756,5.045486e-05,0.0,9.3508694e-05,0.03860364
133,1.6927096,0.0,12.26303,3.17676,9.6149044e-05,0.0,0.00028789474,0.038603596
134,1.9502467,0.0,5.383509,3.1767614,0.0001403529,0.0,0.0002754065,0.038603805
135,2.5227363,0.0,0.08607009,3.176769,5.197553e-06,0.0,5.8848735e-05,0.03860392
136,4.7095265,0.0,0.36171657,3.1767757,0.0007337474,0.0,0.0021432003,0.038603976
137,2.0999365,0.0,0.19899003,3.1767817,0.0001406729,0.0,0.000107559885,0.03860401
138,3.6433043,0.0,1.3825955,3.1767862,3.9657043e-05,0.0,0.00019447238,0.03860398
139,0.13524349,0.0,0.42577076,3.176792,0.0046043624,0.0,0.00011353578,0.0386039
140,8.956169,0.0,0.12891601,3.1767874,0.0024543775,0.0,0.0012025544,0.038603753
141,0.45469594,0.0,0.6661661,3.176783,2.1330088e-05,0.0,0.00039124282,0.038603514
142,0.5130758,0.0,9.779066,3.176785,5.499652e-05,0.0,0.0027338797,0.03860314
143,0.561823,0.0,1.6912036,3.176788,1.608906e-05,0.0,0.0033032312,0.03860295
144,2.2019484,0.0,0.5174344,3.176792,9.912051e-05,0.0,9.898853e-05,0.038602903
145,1.1487323,0.0,10.919767,3.1767952,2.6029145e-05,0.0,4.9360555e-05,0.0386028
146,20.20549,0.0,3.9585736,3.1767888,0.00010962384,0.0,0.0030162523,0.038602643
147,0.25937808,0.0,0.59342533,3.176783,0.00028083485,0.0,0.0030372196,0.03860254
148,0.5946105,0.0,0.07950325,3.1767786,7.912292e-05,0.0,0.00018968472,0.03860232
149,0.6750009,0.0,0.10158631,3.1767743,2.7037713e-06,0.0,0.0024500554,0.038602054
150,0.9773709,0.0,0.6164676,3.1767735,4.1734605e-05,0.0,0.00085475924,0.03860179
151,1.6929438,0.0,0.10905498,3.176773,3.2654927e-05,0.0,0.00010141345,0.03860144
152,3.7199428,0.0,7.256719,3.1767714,2.8359225e-05,0.0,0.00021534075,0.038601037
153,0.8679349,0.0,0.17467661,3.176773,9.973073e-06,0.0,0.0011093173,0.038600683
154,10.96591,0.0,1.269281,3.1767755,1.4742557e-05,0.0,0.00017218164,0.03860035
155,0.48070285,0.0,0.3189158,3.176781,4.619407e-05,0.0,0.0025036826,0.038599983
156,1.7390437,0.0,0.2384754,3.176786,0.00048758497,0.0,0.00192966,0.03859976
157,0.96382064,0.0,8.039499,3.1767907,5.9906808e-05,0.0,0.00036573823,0.03859967
158,0.24467595,0.0,1.9911985,3.1767979,8.9090834e-05,0.0,0.003035772,0.03859978
159,7.101858,0.0,0.77265906,3.1768067,4.9254253e-05,0.0,0.00044657761,0.038599946
160,7.640322,0.0,9.7240505,3.1768157,9.8047894e-05,0.0,3.89085e-05,0.03859988
161,5.8211603,0.0,7.086369,3.1768239,0.0031196363,0.0,0.00029210187,0.038599785
162,12.550177,0.0,3.9321532,3.176831,0.00023579434,0.0,0.0015449515,0.038599715
163,2.9131591,0.0,0.591029,3.176836,0.003463565,0.0,0.00061039336,0.038599666
164,7.181385,0.0,0.7864296,3.176842,3.5514247e-05,0.0,0.0019520565,0.03859957
165,0.78989255,0.0,0.11274559,3.1768482,1.1900946e-05,0.0,0.00013202397,0.038599487
166,4.5264997,0.0,13.735009,3.1768532,0.0012503793,0.0,0.00025018194,0.03859932
167,0.49195915,0.0,0.081459135,3.1768587,0.00036883738,0.0,0.00017940463,0.038599234
168,0.79393226,0.0,1.0551796,3.1768634,1.7260463e-05,0.0,0.00023506282,0.03859913
169,0.17901938,0.0,0.113849126,3.176872,2.4924368e-05,0.0,0.00016356279,0.038599055
170,4.27566,0.0,3.9689415,3.1768801,4.8805174e-05,0.0,0.00032419286,0.03859895
171,2.5492837,0.0,0.018607277,3.1768882,0.00016751693,0.0,0.0070481435,0.038598735
172,0.236533,0.0,11.552134,3.1768959,3.185094e-05,0.0,0.00023498334,0.038598582
173,4.980458,0.0,0.92567956,3.176898,4.6154357e-05,0.0,0.000118163545,0.03859841
174,10.712992,0.0,0.023380583,3.1769018,0.0013380928,0.0,0.000280259,0.038598157
175,2.1177273,0.0,0.114311,3.1769047,1.1589716e-05,0.0,6.0069055e-05,0.038597886
176,0.12315163,0.0,8.658775,3.176908,0.0019690606,0.0,0.00018806255,0.03859755
177,0.41188273,0.0,0.028854813,3.1769104,0.0003570783,0.0,0.008141877,0.038597144
178,0.5113773,0.0,1.5820268,3.1769123,2.5847057e-06,0.0,0.00057080254,0.038596552
179,8.303907,0.0,0.050385747,3.1769166,3.5663907e-05,0.0,0.0001982936,0.03859604
180,3.3893657,0.0,0.094731785,3.1769202,0.00032871493,0.0,0.0015248475,0.038595535
181,0.104463995,0.0,0.017438535,3.1769235,0.0010403385,0.0,0.00043263007,0.03859483
182,3.1703289,0.0,0.020890841,3.176926,0.0007794858,0.0,0.00022277031,0.038594145
183,5.6775494,0.0,11.234748,3.176928,0.0017330294,0.0,0.006090177,0.038593795
184,0.5436947,0.0,2.8154125,3.176926,5.1242918e-05,0.0,0.00035444694,0.03859339
185,0.3495587,0.0,0.12313086,3.1769245,1.13568485e-05,0.0,0.00017923205,0.03859324
186,0.9833926,0.0,0.024053054,3.1769228,0.00012930384,0.0,0.000413076,0.038593065
187,0.2340774,0.0,2.3195152,3.176921,0.00013946212,0.0,8.41035e-05,0.0385931
188,0.4492587,0.0,0.21321525,3.1769173,7.262013e-05,0.0,0.00019063908,0.038593013
189,0.16624963,0.0,0.083986945,3.176915,1.4790789e-05,0.0,0.00014639077,0.038592894
190,2.8145044,0.0,0.030263236,3.1769128,0.006839535,0.0,0.004178891,0.03859303
191,0.12578177,0.0,0.040474754,3.1769106,2.6877793e-05,0.0,0.0028276308,0.038593102
192,0.48179612,0.0,0.26053053,3.176909,4.8063222e-05,0.0,9.927931e-05,0.0385931
193,0.12028135,0.0,0.12200501,3.1769073,0.0021138603,0.0,0.0012463124,0.038593065
194,4.1963387,0.0,12.165672,3.1769054,6.397501e-05,0.0,0.00012763987,0.03859328
195,5.2722244,0.0,8.781334,3.1769032,0.00017919503,0.0,0.00010108923,0.038593434
196,1.9312075,0.0,0.5754673,3.176906,6.155647e-05,0.0,0.00022746487,0.038593527
197,6.432907,0.0,0.09676141,3.1769083,5.933091e-05,0.0,0.00018988147,0.038593736
198,0.87555283,0.0,3.297527,3.1769109,3.7483296e-05,0.0,0.0004264582,0.038593903
199,16.689402,0.0,0.048509687,3.1769123,3.322248e-06,0.0,0.0008874452,0.038594007
200,0.15726537,0.0,0.038652677,3.1769137,1.9323066e-05,0.0,0.00020884912,0.03859401
201,18.216131,0.0,0.10666853,3.1769142,0.0025424873,0.0,0.00019552142,0.03859399
202,3.5408435,0.0,4.4474397,3.1769142,7.405071e-05,0.0,0.0005983514,0.038593996
203,0.23275203,0.0,8.121416,3.176914,0.0008878149,0.0,0.00033380816,0.038594067
204,0.44033417,0.0,0.03287322,3.176915,8.911595e-05,0.0,0.002642786,0.038594138
205,4.6837144,0.0,0.14847755,3.1769156,1.0523202e-05,0.0,0.00069375895,0.038594186
206,6.2979445,0.0,1.8633696,3.1769166,0.0005861724,0.0,0.0010134537,0.03859416
207,8.504338,0.0,2.3990114,3.1769183,0.0001437275,0.0,0.00012632877,0.038595203
208,0.24670424,0.0,0.94059724,3.176918,0.0026758355,0.0,0.00014371713,0.03859608
209,1.3191999,0.0,13.448549,3.176917,2.9183477e-05,0.0,0.0005513958,0.038596846
210,2.34612,0.0,0.88017845,3.1769054,2.1488824e-05,0.0,4.3166925e-05,0.03859763
211,0.8174698,0.0,0.027612906,3.1768925,0.0020702102,0.0,0.002858576,0.038598295
212,0.22108686,0.0,3.4272811,3.176881,0.00012159542,0.0,0.0036428086,0.038598754
213,0.9972757,0.0,0.058292698,3.176872,0.00014446164,0.0,0.0024741741,0.038599234
214,3.1402624,0.0,5.6924477,3.1768637,4.762124e-05,0.0,0.00037165277,0.038599577
215,0.46450582,0.0,0.088093854,3.1768563,8.807587e-05,0.0,0.00014139514,0.0385998
216,3.9294624,0.0,1.4339373,3.1768494,0.00017191247,0.0,0.00028233379,0.03859992
217,0.9582015,0.0,0.026520768,3.1768434,2.4417238e-06,0.0,9.406717e-05,0.03859996
218,3.6055264,0.0,2.3137963,3.1768377,0.00012551124,0.0,0.00023979822,0.038599934
219,4.699631,0.0,4.601859,3.1768327,3.9552266e-05,0.0,0.0003058059,0.03859984
220,0.29850233,0.0,0.036718577,3.176826,0.00028153363,0.0,5.7437646e-05,0.03859976
221,1.3997232,0.0,2.6261685,3.1768203,7.3689866e-05,0.0,0.0010406827,0.0385996
222,8.536647,0.0,6.6848006,3.1768184,0.0016250296,0.0,0.0002768629,0.038599487
223,3.0755947,0.0,7.085856,3.1768193,5.1855033e-05,0.0,0.00025380167,0.038599312
224,12.944213,0.0,1.4703597,3.176822,1.0764225e-05,0.0,0.00023071747,0.038599085
225,2.8253644,0.0,4.645984,3.1768234,0.0031308958,0.0,7.2885014e-05,0.038598817
226,1.7235595,0.0,0.79177034,3.1768277,0.00011449332,0.0,0.0023420993,0.038598444
227,8.777252,0.0,6.5400605,3.1768324,0.00027654844,0.0,0.0033099374,0.03859828
228,0.12263479,0.0,1.2590048,3.1768389,4.651029e-05,0.0,0.00015858845,0.03859796
229,6.494952,0.0,5.6569085,3.1768446,0.002944467,0.0,0.00028701115,0.038597632
230,7.21438,0.0,0.053555034,3.1768484,5.531865e-05,0.0,0.0003753135,0.038597148
231,0.07667879,0.0,1.1379496,3.1768513,0.00063712127,0.0,0.00013674432,0.03859667
232,0.41244793,0.0,2.6937268,3.1768565,0.0049659335,0.0,0.00012910727,0.03859618
233,10.7266,0.0,0.47736278,3.1768627,0.00026344444,0.0,9.95736e-05,0.03859565
234,0.22141661,0.0,0.28829214,3.1768682,0.000676355,0.0,0.00014431808,0.038595118
235,0.81428385,0.0,3.2730467,3.1768734,0.00059005467,0.0,0.00016666108,0.038594574
236,0.4286168,0.0,5.682853,3.17688,0.00037542297,0.0,0.0005757975,0.038594026
237,1.1712095,0.0,4.941025,3.1768835,0.00022875902,0.0,0.0024797178,0.03859467
238,5.7348275,0.0,0.3021543,3.1768875,0.002506913,0.0,0.00039764907,0.03859516
239,1.822897,0.0,3.121929,3.1768925,7.023545e-05,0.0,0.0058793067,0.038595617
240,0.6755609,0.0,0.86795074,3.1768959,7.857495e-05,0.0,0.0022343823,0.038596857
241,0.8205121,0.0,1.0331913,3.176899,0.0007665934,0.0,0.00016475124,0.038597945
242,11.150414,0.0,1.6356109,3.176904,0.00013498648,0.0,9.66363e-05,0.038599044
243,1.0741197,0.0,0.070375584,3.1769109,0.000107513595,0.0,0.0016912529,0.038599987
244,3.3698223,0.0,3.1966894,3.176918,0.00016264987,0.0,0.00013291722,0.038600728
245,0.81098706,0.0,12.271801,3.1769254,0.00020053973,0.0,0.00022362375,0.038601387
246,1.8426005,0.0,2.3702214,3.176932,0.00039112516,0.0,8.494712e-05,0.038601957
247,2.1495461,0.0,6.298204,3.1769376,5.05185e-05,0.0,0.0013673332,0.03860256
248,0.13061455,0.0,2.719436,3.1769433,0.00012673151,0.0,0.00024661853,0.038603112
249,0.6913616,0.0,2.79052,3.1769474,0.00018072175,0.0,0.0020788766,0.03860348
250,2.4603646,0.0,0.2645405,3.1769474,7.151191e-05,0.0,0.00010828946,0.03860375
251,11.879457,0.0,0.42998934,3.1769476,7.5958387e-06,0.0,0.00016366888,0.03860394
252,0.12417523,0.0,0.019835677,3.176948,3.607047e-05,0.0,0.0018884564,0.038604144
253,10.680963,0.0,18.528467,3.176948,9.066385e-05,0.0,0.00037321728,0.038604293
254,6.4854655,0.0,0.044894483,3.176945,5.7007233e-05,0.0,0.00026577988,0.0386044
255,5.967915,0.0,0.01922425,3.176942,9.368485e-05,0.0,0.00016239389,0.038604464
256,3.7280202,0.0,1.2438059,3.1769395,0.003304623,0.0,0.00034049895,0.038604412
257,0.74752456,0.0,13.723521,3.1769378,0.0031058853,0.0,0.00037060815,0.03860432
258,1.0321888,0.0,0.19367874,3.176936,0.0037538395,0.0,0.00018789078,0.03860415
259,3.4593496,0.0,0.11304602,3.1769338,9.054132e-05,0.0,0.0029812718,0.038603906
260,1.5154101,0.0,0.04218634,3.1769326,2.0957534e-05,0.0,0.00016784204,0.038603522
261,1.0232184,0.0,12.686873,3.176932,7.167946e-05,0.0,0.00050233386,0.038603086
262,1.3479084,0.0,0.23487613,3.1769295,2.0871883e-05,0.0,0.006203306,0.03860266
263,1.6841723,0.0,0.12709454,3.1769304,0.00022271053,0.0,0.00011869328,0.0386024
264,2.4784942,0.0,3.1983407,3.1769304,8.817965e-05,0.0,0.0030253397,0.038602114
265,5.7804465,0.0,1.5036346,3.1769285,7.978234e-05,0.0,0.0001740586,0.038601905
266,8.484925,0.0,2.4174771,3.176927,0.0047281766,0.0,0.0026640282,0.038601596
267,0.3314053,0.0,0.016727215,3.17694,1.7835246e-05,0.0,7.166699e-05,0.038601313
268,0.10933627,0.0,4.7251954,3.1769516,0.00011529335,0.0,0.00043901248,0.038600996
269,1.6530178,0.0,0.22567949,3.1769657,3.968444e-05,0.0,0.00016934826,0.038600724
270,0.19405922,0.0,0.028283332,3.176978,5.0497452e-05,0.0,0.00022109231,0.03860041
271,0.05886551,0.0,0.1862202,3.1769893,8.930819e-05,0.0,0.00015856698,0.038600143
272,8.955729,0.0,0.54921985,3.1769998,4.340946e-05,0.0,0.00016033121,0.03859986
273,0.800143,0.0,2.5396025,3.1770082,3.753781e-05,0.0,0.00014486756,0.03859964
274,0.13872664,0.0,1.6122981,3.1770282,1.30058315e-05,0.0,0.00022095596,0.03859937
275,0.2340816,0.0,2.3370798,3.1770465,0.0018722506,0.0,0.00040776137,0.038599167
276,0.25171295,0.0,0.05471843,3.177062,4.583288e-05,0.0,0.002085369,0.03859892
277,25.29426,0.0,0.05272381,3.1770754,1.7535282e-05,0.0,0.0018746834,0.03859859
278,0.83178854,0.0,0.04381885,3.177088,4.6682893e-05,0.0,0.00063825445,0.038597945
279,0.55729246,0.0,0.0367008,3.1770995,0.0048075025,0.0,0.0002547907,0.038597506
280,1.716872,0.0,0.54265255,3.1771097,5.3304226e-05,0.0,0.004159903,0.038597066
281,1.6832737,0.0,9.321934,3.1771204,5.4990927e-05,0.0,0.0002256812,0.03859702
282,8.7400465,0.0,0.031322442,3.1771262,0.00013204088,0.0,0.0020561554,0.038596947
283,0.8536326,0.0,0.5150548,3.177131,9.047595e-05,0.0,0.0027981861,0.038598184
284,0.28948915,0.0,0.2660281,3.1771376,2.8792747e-05,0.0,0.00054328673,0.038599413
285,0.5323355,0.0,0.06987269,3.1771426,5.7005724e-05,0.0,0.0003351468,0.038600568
286,0.23573035,0.0,1.7231388,3.177147,0.00010279633,0.0,0.004739162,0.038601592
287,2.1739514,0.0,0.017765177,3.177152,0.0012454599,0.0,0.0027119566,0.03860259
288,0.3960588,0.0,0.1472871,3.1771567,0.000103173865,0.0,0.0017302304,0.038603473
289,0.32657495,0.0,0.050381575,3.1771607,0.00011275934,0.0,0.00056438113,0.03860429
290,0.68262434,0.0,0.104611985,3.177164,4.8862266e-06,0.0,0.0005537455,0.038605407
291,5.7911816,0.0,0.28719425,3.1771672,4.2872463e-05,0.0,0.004632567,0.03860653
292,0.19285268,0.0,2.4530857,3.1771705,0.0007613299,0.0,0.00024456572,0.038607787
293,5.2910185,0.0,3.2639127,3.1771755,2.6213624e-05,0.0,0.000116649,0.03860883
294,0.3278976,0.0,0.02025645,3.1771817,0.00043113847,0.0,0.00014851763,0.038609773
295,2.07786,0.0,0.6683879,3.1771867,5.7091907e-05,0.0,0.0008346365,0.038610604
296,1.0223169,0.0,0.9722997,3.1771924,2.6758458e-05,0.0,7.9044665e-05,0.038611297
297,0.35626692,0.0,5.2197485,3.1771982,2.6643718e-05,0.0,0.00032959235,0.038611855
298,0.27289268,0.0,3.056078,3.1772037,1.372463e-05,0.0,0.00031503942,0.038612287
299,7.8909926,0.0,12.041138,3.177207,0.0053135953,0.0,0.00015300409,0.03861272
300,8.589246,0.0,12.595528,3.1772094,6.106042e-05,0.0,0.005643833,0.038613137
301,0.3811655,0.0,0.13398185,3.1772096,4.7885296e-05,0.0,0.00015595644,0.038613472
302,0.051023062,0.0,0.044599988,3.1772106,0.002915517,0.0,0.0012592351,0.03861368
303,0.8483774,0.0,0.06341819,3.1772108,0.0026105768,0.0,5.089725e-05,0.03861378
304,0.9043336,0.0,0.134326,3.177211,0.00011717689,0.0,0.00039882498,0.0386138
305,4.1607985,0.0,0.12711114,3.1772115,0.000614749,0.0,0.00013568281,0.03861379
306,2.4271903,0.0,0.5132025,3.1772118,7.589864e-05,0.0,0.00030537724,0.038613696
307,2.2472646,0.0,0.037608646,3.1772118,0.00028982025,0.0,0.00017555972,0.03861357
308,0.67280734,0.0,0.15170112,3.1772115,1.7258575e-05,0.0,0.0005465814,0.038613435
309,11.001114,0.0,0.14231868,3.1772113,2.7488053e-05,0.0,0.00011761773,0.038613275
310,1.0455146,0.0,0.81737626,3.1772108,5.0020376e-06,0.0,0.00012827376,0.038613122
311,0.8910224,0.0,0.04825811,3.1772118,0.001448616,0.0,0.00015923541,0.038612936
312,4.7607846,0.0,0.7888059,3.177213,3.7711612e-05,0.0,0.005101162,0.038612712
313,0.1172483,0.0,0.37181243,3.177214,0.0020949212,0.0,0.0014158383,0.038612425
314,6.405166,0.0,3.6421041,3.1772168,0.000103179256,0.0,3.8818296e-05,0.038612127
315,1.2622489,0.0,2.48372,3.1772172,3.5760866e-05,0.0,6.183889e-05,0.03861182
316,1.1383415,0.0,0.08571464,3.1772182,0.00020588978,0.0,0.00016734205,0.038611468
317,4.663442,0.0,0.03645236,3.1772182,0.0014010372,0.0,8.399091e-05,0.0386114
318,0.25875342,0.0,3.6560276,3.1772187,4.3150612e-05,0.0,0.0010791011,0.038611297
319,4.5080433,0.0,0.24480025,3.1772232,4.47536e-05,0.0,0.004101578,0.03861106
320,1.193183,0.0,0.32525358,3.1772275,0.00021281367,0.0,0.0027000657,0.03861158
321,0.25400493,0.0,0.20303361,3.1772316,0.0001141521,0.0,8.780732e-05,0.038612146
322,1.781105,0.0,2.0549135,3.1772356,0.00040788023,0.0,0.0002715155,0.038612656
323,7.239074,0.0,4.7872863,3.1772428,0.0018404591,0.0,0.00020060001,0.038613018
324,0.22918455,0.0,0.2832685,3.1772459,0.002182008,0.0,0.0001492911,0.038613413
325,2.3535538,0.0,3.458834,3.1772482,4.4277593e-05,0.0,0.0004158175,0.03861378
326,8.813541,0.0,0.02785117,3.177251,6.3372005e-05,0.0,0.000105155435,0.03861445
327,4.9525332,0.0,0.029568305,3.1772525,0.0020707843,0.0,0.0020802207,0.038615
328,2.883959,0.0,0.41562954,3.177254,0.005415538,0.0,0.0010396763,0.03861543
329,4.528975,0.0,0.060941834,3.1772563,2.7513935e-05,0.0,0.00012891131,0.03861573
330,1.0205643,0.0,0.30367565,3.177258,3.471167e-05,0.0,0.000102257894,0.03861595
331,4.4739723,0.0,0.95089376,3.1772606,5.990345e-05,0.0,0.00022956841,0.038616102
332,0.99159735,0.0,0.017668024,3.1772633,3.2488573e-05,0.0,8.8485074e-05,0.038616154
333,4.577424,0.0,3.6968117,3.177266,0.0002887891,0.0,0.00011799818,0.03861614
334,0.49009874,0.0,0.5141072,3.1772661,7.592784e-05,0.0,8.660693e-05,0.038616102
335,0.15734299,0.0,0.043419074,3.177265,4.0976694e-05,0.0,0.00047887617,0.038616
336,0.1633308,0.0,2.2740655,3.1772645,1.131813e-05,0.0,0.0026821631,0.03861605
337,1.5687754,0.0,3.7301886,3.1772656,9.037447e-05,0.0,0.00042981433,0.0386161
338,2.0516171,0.0,3.0861554,3.1772676,0.00036945057,0.0,0.0008844355,0.03861628
339,15.886406,0.0,0.09339615,3.1772692,3.2039035e-05,0.0,0.0014830396,0.03861647
340,0.14382425,0.0,16.459837,3.1772704,4.4254582e-05,0.0,0.00013542833,0.038616534
341,0.6635953,0.0,12.220071,3.17727,0.0001190093,0.0,6.558999e-05,0.038616493
342,5.6632214,0.0,0.75843084,3.177269,6.471683e-05,0.0,0.0028427346,0.038616367
343,0.84002686,0.0,0.018913552,3.1772707,2.661105e-05,0.0,0.005009041,0.038616344
344,3.26223,0.0,0.047867846,3.1772723,0.000119566736,0.0,6.752524e-05,0.038616527
345,0.24077949,0.0,6.6341486,3.177273,2.2207942e-05,0.0,0.00029586197,0.038616627
346,0.11772405,0.0,0.2863304,3.1772747,0.0019764476,0.0,0.00020627517,0.038616955
347,0.3647397,0.0,7.14439,3.1772768,0.00090813905,0.0,0.00372588,0.038617224
348,2.333931,0.0,0.36407208,3.177278,0.00055143115,0.0,0.00021232181,0.038617495
349,0.688798,0.0,0.1237429,3.1772792,0.00025970524,0.0,0.0001266019,0.038617708
350,0.5116974,0.0,0.3543788,3.1772795,7.7048724e-05,0.0,0.000320688,0.038617883
351,0.06133351,0.0,0.3996701,3.1772797,3.0943458e-05,0.0,0.0026421295,0.038617965
352,1.007123,0.0,3.1383214,3.1772838,0.0006390102,0.0,0.003968106,0.038618017
353,0.114705436,0.0,2.0592985,3.177291,0.0006642627,0.0,0.0012186914,0.03861809
354,1.6786512,0.0,5.0611672,3.1772969,0.0006230871,0.0,0.0012287257,0.03861806
355,0.6121534,0.0,0.53574896,3.1773026,0.0062115253,0.0,5.5956792e-05,0.038618077
356,0.09665765,0.0,0.101934135,3.177307,0.0016308038,0.0,0.00017469664,0.03861813
357,0.67360085,0.0,0.020855779,3.1773121,0.0009235039,0.0,0.000110298744,0.03861828
358,8.949742,0.0,0.0654218,3.177317,6.583405e-05,0.0,5.7492278e-05,0.038618397
359,0.12521088,0.0,13.623085,3.1773214,0.0034456416,0.0,0.0028162284,0.038618457
360,0.60937935,0.0,11.050394,3.177322,0.000101091515,0.0,0.0050998325,0.038618617
361,0.49592823,0.0,0.22326197,3.1773238,0.0011039327,0.0,0.00044091215,0.038618654
362,14.766494,0.0,3.2631652,3.1773255,0.0001724283,0.0,0.0016599498,0.038618643
363,11.255761,0.0,0.9658747,3.1773236,5.377721e-06,0.0,0.00033116326,0.038618695
364,0.21400374,0.0,13.29304,3.1773207,5.57281e-05,0.0,0.0041083964,0.03861874
365,9.110665,0.0,0.28656065,3.1773183,0.00017805028,0.0,0.0010748076,0.038618743
366,7.4135447,0.0,0.23575333,3.177315,0.0019061367,0.0,0.005528244,0.038618613
367,0.19852188,0.0,0.1719634,3.1773098,0.00080285035,0.0,0.00010433328,0.038618483
368,1.4021627,0.0,3.8410292,3.1773045,1.5970512e-05,0.0,6.011711e-05,0.03861829
369,10.521003,0.0,0.11606855,3.177302,0.0027395799,0.0,2.0310375e-05,0.038618073
370,1.6826594,0.0,0.094284214,3.1772993,0.00016119615,0.0,0.002676704,0.03861781
371,5.3717513,0.0,2.7882192,3.177297,0.00016908726,0.0,5.2147836e-05,0.038617626
372,0.53089553,0.0,0.9242088,3.1773012,0.00015809099,0.0,0.0071600974,0.03861751
373,0.103780046,0.0,0.056853134,3.1773033,0.0012556146,0.0,6.0601422e-05,0.038619675
374,8.511181,0.0,1.9564922,3.1773045,0.00010594647,0.0,0.000102773585,0.03862159
375,0.55302155,0.0,0.37354037,3.177303,0.0005296218,0.0,9.860624e-05,0.03862337
376,0.92086923,0.0,0.074480966,3.1773021,0.0007133034,0.0,8.693988e-05,0.03862498
377,0.17520045,0.0,0.13620177,3.177301,6.1916886e-05,0.0,0.0001731222,0.038626526
378,6.2224183,0.0,0.08623911,3.1773012,0.0020328583,0.0,0.00015377437,0.038627945
379,0.19023208,0.0,1.1472619,3.1773002,6.7500165e-05,0.0,0.0031993063,0.038629267
380,0.27224326,0.0,15.476988,3.177299,0.0028020833,0.0,0.0023855525,0.038630653
381,2.2158883,0.0,0.99186915,3.177284,0.00026650095,0.0,0.0018022924,0.038632005
382,0.16609788,0.0,11.57703,3.1772695,0.004997519,0.0,0.0013199943,0.03863323
383,0.5062711,0.0,0.06035825,3.1772525,0.0020576017,0.0,0.0033202302,0.038634393
384,1.1190953,0.0,1.3627628,3.177237,0.0011361444,0.0,6.107454e-05,0.038635608
385,0.35519475,0.0,0.28707266,3.177223,8.296607e-05,0.0,0.00021020239,0.038636632
386,1.7877345,0.0,8.965438,3.1772106,0.00044826625,0.0,0.000112711656,0.038637456
387,0.27855983,0.0,1.2195904,3.177194,0.0035851877,0.0,0.0011448126,0.03863823
388,1.8065429,0.0,3.8082342,3.177182,0.00018772823,0.0,0.00087552686,0.038638897
389,0.20853281,0.0,0.06901392,3.177173,0.00059197587,0.0,0.00011428745,0.038639225
390,21.284616,0.0,0.66250634,3.177167,0.0009594226,0.0,0.0024608707,0.038639672
391,0.072453536,0.0,0.42478865,3.1771615,0.00027405136,0.0,0.0029299848,0.038640082
392,16.975481,0.0,1.2784345,3.1771567,0.00097522134,0.0,7.249059e-05,0.038640387
393,0.12241628,0.0,0.8331636,3.1771545,0.00012182667,0.0,0.00014828486,0.038640566
394,7.578782,0.0,12.947217,3.177152,0.00025172936,0.0,0.0027127548,0.038640723
395,4.937882,0.0,0.34232113,3.1771502,0.00729312,0.0,0.001000422,0.038640965
396,2.2013793,0.0,9.691976,3.177149,0.0001529897,0.0,9.558675e-05,0.03864131
397,0.35101488,0.0,0.093113914,3.1771462,0.00019685096,0.0,0.00027800305,0.038641587
398,1.5593174,0.0,1.7941805,3.1771436,0.00022537209,0.0,0.003155334,0.038642406
399,1.9357824,0.0,22.63379,3.1771405,0.0008867245,0.0,0.0005318087,0.03864311
400,0.30946058,0.0,0.044273984,3.1771383,0.00028378412,0.0,0.00016423198,0.03864385
401,0.33250585,0.0,2.8719916,3.1771364,0.0009609225,0.0,0.0001755269,0.03864448
402,8.268278,0.0,0.11062352,3.177139,0.000108253065,0.0,0.0012511451,0.038645007
403,2.797104,0.0,1.969025,3.177142,0.00014501982,0.0,5.8456557e-05,0.038645435
404,0.12835209,0.0,21.277262,3.1771462,0.0016221248,0.0,0.0030456001,0.038645823
405,0.38807037,0.0,6.564943,3.1771488,1.098412e-05,0.0,0.0019856647,0.038646158
406,0.14935917,0.0,3.0200658,3.1771495,0.00039402416,0.0,0.0027255258,0.038646504
407,1.2011267,0.0,4.126233,3.17715,4.005246e-05,0.0,8.63235e-05,0.038646836
408,5.112525,0.0,0.042535264,3.1771536,0.002033241,0.0,0.00013959531,0.038647126
409,0.20607316,0.0,0.10515646,3.1771572,0.0027792805,0.0,0.00053294725,0.038647395
410,0.9497585,0.0,0.16341758,3.177161,0.0002056762,0.0,0.0025392098,0.038647793
411,0.73536754,0.0,0.044767328,3.177163,0.0015862653,0.0,0.00019774628,0.038648937
412,0.15802126,0.0,13.101578,3.177165,8.0047204e-05,0.0,0.00014667408,0.038649987
413,11.5764475,0.0,7.788102,3.177156,0.0005713131,0.0,0.0019020194,0.03865093
414,0.098156214,0.0,0.52508014,3.1771505,0.0028085106,0.0,0.00032251302,0.0386518
415,12.574283,0.0,1.5773554,3.1771464,0.00043407144,0.0,0.0023802302,0.0386527
416,0.45345494,0.0,0.7338337,3.1771452,0.0029447055,0.0,0.0056735654,0.038653426
417,1.6232135,0.0,0.38299075,3.1771433,0.00019090052,0.0,0.0019079981,0.038653966
418,9.641609,0.0,1.3653116,3.1771414,4.3478896e-05,0.0,0.0004438025,0.038654275
419,7.561446,0.0,0.9496148,3.1771398,5.641903e-06,0.0,0.0026696718,0.03865453
420,9.996956,0.0,0.02758795,3.177141,0.0040628086,0.0,0.0027330008,0.03865458
421,0.12068842,0.0,7.097458,3.1771421,0.00041365525,0.0,0.00019599697,0.038654603
422,10.571478,0.0,0.3479664,3.1771438,0.0034649821,0.0,0.001525477,0.03865462
423,8.946457,0.0,0.14876123,3.1771464,0.00018693449,0.0,0.0028137073,0.038654625
424,0.22716956,0.0,0.035544556,3.1771486,0.00033409684,0.0,0.00014797508,0.038654555
425,0.812914,0.0,0.32615238,3.1771502,0.0027383107,0.0,0.002602535,0.038654488
426,0.38928583,0.0,0.08336798,3.1771536,0.00039036555,0.0,0.00022452013,0.03865434
427,1.0996904,0.0,0.018997809,3.1771564,0.0033604116,0.0,0.00012025483,0.038654115
428,0.15439238,0.0,6.2302957,3.1771593,4.862849e-05,0.0,0.0027462344,0.03865384
429,0.8597553,0.0,0.121643566,3.17716,8.062913e-05,0.0,0.00054474856,0.03865359
430,2.2944577,0.0,0.93735904,3.1771615,0.0005615347,0.0,0.0034119817,0.03865323
431,5.7649684,0.0,0.44762993,3.1771622,0.0004379836,0.0,0.00017548968,0.038652845
432,2.518362,0.0,0.2654748,3.1771631,0.0005391504,0.0,0.0001706084,0.038652398
433,3.3070347,0.0,0.31978613,3.177164,0.0018568912,0.0,0.00019936732,0.03865195
434,0.7404339,0.0,0.8896099,3.1771653,0.00013382216,0.0,0.0005298147,0.038651526
435,0.17262919,0.0,0.32159522,3.177165,7.221715e-05,0.0,0.0026272063,0.038651135
436,16.702122,0.0,11.709094,3.1771653,0.0031082192,0.0,0.00028448872,0.03865069
437,0.51601106,0.0,6.129707,3.1771648,8.538273e-05,0.0,0.00017385776,0.038650617
438,1.2691402,0.0,2.9986084,3.1771643,0.0023365298,0.0,6.9295784e-05,0.03865048
439,0.27746743,0.0,2.8563871,3.177166,0.0040612095,0.0,0.00029720936,0.038650353
440,1.4652971,0.0,0.109081544,3.1771686,0.00015370305,0.0,0.0016385508,0.038650274
441,5.516573,0.0,0.24188706,3.1771722,1.7062925e-05,0.0,0.0001629501,0.038650274
442,6.7681303,0.0,0.016511982,3.1771755,1.1370821e-06,0.0,0.00028355193,0.038650215
443,0.10279979,0.0,0.16657507,3.1771786,0.00017700956,0.0,0.0024253335,0.038650144
444,0.22281994,0.0,0.071455255,3.177181,0.00021959611,0.0,0.00017912989,0.038649946
445,0.69000405,0.0,0.08474622,3.1771836,5.374483e-05,0.0,0.00039362395,0.038649697
446,0.102649234,0.0,1.8748434,3.1771858,0.0002788842,0.0,0.0028542178,0.038649585
447,4.458612,0.0,0.28637263,3.1771915,3.6527552e-05,0.0,7.919177e-05,0.03864935
448,4.509669,0.0,1.4402953,3.1771975,0.0017356151,0.0,0.002655456,0.038649086
449,0.2491645,0.0,0.5317629,3.1772053,0.00031719328,0.0,0.00015043712,0.03864881
450,0.20614497,0.0,0.075778246,3.177213,0.000116104675,0.0,0.0001057703,0.038648468
451,0.20940313,0.0,0.20059209,3.1772196,0.00040427543,0.0,0.0002497009,0.03864813
452,5.8079696,0.0,0.22432211,3.1772249,0.0013418993,0.0,0.0035224848,0.038647752
453,5.4283233,0.0,2.6189365,3.1772296,2.3334207e-05,0.0,3.944152e-05,0.03864717
454,0.072570734,0.0,0.106495924,3.1772356,0.00015671593,0.0,0.00016567303,0.038646623
455,0.16736172,0.0,0.26091105,3.177241,0.0003841721,0.0,0.0010130571,0.038646266
456,0.21342963,0.0,0.47109318,3.1772463,7.102158e-05,0.0,0.00020733246,0.038646176
457,1.4013214,0.0,0.03706682,3.1772509,4.5885085e-05,0.0,0.00059446075,0.03864596
458,0.15236212,0.0,0.16085492,3.1772542,5.6081582e-05,0.0,0.0040965453,0.038646303
459,5.348164,0.0,0.984928,3.177258,0.0001065167,0.0,0.0011225436,0.038646724
460,0.38037562,0.0,1.7591563,3.1772635,0.0008030554,0.0,6.937391e-05,0.038647152
461,0.2543353,0.0,0.10854779,3.1772723,0.0007895279,0.0,0.002788326,0.038647503
462,13.734979,0.0,0.041289005,3.177281,0.00010673703,0.0,0.0003971083,0.038647875
463,2.2081513,0.0,0.2860135,3.1772883,5.7840425e-05,0.0,0.00063729146,0.038648203
464,1.0032145,0.0,0.07088179,3.1772947,2.2040947e-05,0.0,0.0001473318,0.038648676
465,0.23544173,0.0,0.59665614,3.1773014,6.541424e-06,0.0,0.004194229,0.03864906
466,2.5853086,0.0,0.17639653,3.1773083,0.0036802185,0.0,0.0066123107,0.03864937
467,0.83259284,0.0,1.1568915,3.1773138,1.1511044e-05,0.0,0.0047224085,0.038649447
468,2.79437,0.0,0.70340896,3.17732,3.0573676e-05,0.0,0.0033840216,0.03864962
469,15.177989,0.0,0.66054946,3.1773262,1.7639839e-05,0.0,0.0009901632,0.038650114
470,3.3076932,0.0,0.074349016,3.1773314,6.746928e-05,0.0,0.00030106615,0.038650695
471,1.6346155,0.0,2.838951,3.1773365,0.0014437726,0.0,0.003920476,0.0386509
472,2.5740364,0.0,0.40205622,3.1773415,7.398174e-05,0.0,0.00020745295,0.038651064
473,0.62453496,0.0,0.23433237,3.1773462,9.7190685e-05,0.0,9.9105346e-05,0.038651343
474,1.0088078,0.0,0.6918204,3.17735,6.8204376e-05,0.0,0.00027435154,0.03865154
475,7.7021666,0.0,0.037209753,3.1773574,9.633817e-05,0.0,8.924276e-05,0.03865168
476,0.7075351,0.0,0.033305764,3.1773639,0.00199077,0.0,0.00012530485,0.038651712
477,1.9541644,0.0,0.8629149,3.1773696,0.0008028028,0.0,0.00013990808,0.038651656
478,11.969691,0.0,6.696009,3.1773806,7.2848794e-05,0.0,0.0003497806,0.038651522
479,11.868667,0.0,0.076757744,3.177393,8.792307e-05,0.0,0.003167632,0.038651392
480,0.09472116,0.0,0.1474501,3.1774042,0.002559419,0.0,0.00013886584,0.038651202
481,1.458322,0.0,1.606793,3.1774151,0.0024669073,0.0,4.849753e-05,0.03865109
482,0.25285372,0.0,2.3320613,3.1774302,0.00023814385,0.0,0.002198158,0.038650908
483,17.002338,0.0,0.107739486,3.1774464,0.00039115758,0.0,0.00034745332,0.038650658
484,0.11644771,0.0,6.681448,3.1774616,2.1204445e-05,0.0,0.0025399218,0.038650475
485,0.11746769,0.0,2.0840824,3.1774755,0.00016434857,0.0,0.0022848928,0.038650423
486,0.51540655,0.0,0.93495405,3.1774879,2.4636349e-05,0.0,0.0030392404,0.0386503
487,0.2179149,0.0,0.032238614,3.1775012,5.6308818e-05,0.0,0.00015098673,0.03865008
488,1.6658229,0.0,3.9745045,3.1775131,0.00020902768,0.0,0.00029468696,0.038649805
489,1.056743,0.0,0.42878014,3.1775246,0.005521925,0.0,0.001913476,0.03864952
490,0.943144,0.0,0.0630466,3.1775353,0.00013438814,0.0,0.00027867197,0.03864918
491,1.4890841,0.0,0.45325232,3.1775453,0.0020877453,0.0,0.0032045748,0.038648795
492,0.08524962,0.0,0.45339006,3.1775546,0.00085989304,0.0,0.0031222082,0.038648333
493,1.3116175,0.0,1.0758411,3.1775644,0.0021229803,0.0,0.0006351826,0.038647916
494,0.95501035,0.0,6.1795344,3.1775734,2.1199357e-06,0.0,0.00014561196,0.038647562
495,0.4031241,0.0,0.76803046,3.1775837,6.34649e-05,0.0,0.00020685967,0.03864721
496,0.4934588,0.0,0.018011814,3.1775947,3.9928476e-05,0.0,0.00019843,0.038646787
497,0.62752223,0.0,4.2645025,3.1776044,0.00021259402,0.0,8.67729e-05,0.038646422
498,0.22044945,0.0,0.028987255,3.1776142,4.1206815e-05,0.0,0.00022637253,0.038645938
499,0.19226785,0.0,5.5488687,3.1776223,2.3243216e-05,0.0,0.0031820678,0.038645517
500,0.09480743,0.0,2.1419778,3.1776276,0.00020346527,0.0,0.00029875684,0.038645145
501,3.128062,0.0,3.4246151,3.1776319,7.5979595e-05,0.0,0.0005974792,0.03864474
502,1.2657547,0.0,0.58880484,3.1776338,7.9807214e-05,0.0,0.0016425204,0.03864456
503,0.106162846,0.0,1.9918134,3.1776347,1.9629484e-05,0.0,0.00084132614,0.038644418
504,0.6847447,0.0,0.13866936,3.1776364,0.00050240714,0.0,0.0030557322,0.038644522
505,1.9810718,0.0,0.96866316,3.1776366,0.0018705719,0.0,0.0047519905,0.038645435
506,8.801913,0.0,5.684157,3.1776376,9.566224e-05,0.0,0.00017640699,0.038646307
507,0.556856,0.0,12.793121,3.1776357,0.00011780215,0.0,0.0010429216,0.038647093
508,0.3229657,0.0,0.048445188,3.177633,0.00060256897,0.0,0.0033292559,0.038647745
509,1.1004599,0.0,0.11530759,3.1776304,7.29645e-05,0.0,0.0046367133,0.038648285
510,0.4559698,0.0,7.8157463,3.1776288,0.0020273756,0.0,0.00012715136,0.03864863
511,5.550651,0.0,0.030929618,3.1776302,2.0385582e-05,0.0,0.0003524986,0.038648926
512,0.035281654,0.0,0.017476818,3.1776311,0.00010317601,0.0,0.00015041001,0.0386492
513,0.06907459,0.0,0.75033927,3.1776326,0.0028824625,0.0,0.0004143201,0.038649425
514,5.17089,0.0,1.5892681,3.1776333,0.001347663,0.0,0.0008643641,0.038649548
515,0.3649631,0.0,0.29041147,3.1776352,0.00015528208,0.0,0.0004558653,0.03864993
516,7.471057,0.0,8.3976,3.177637,0.0003802119,0.0,0.005765357,0.03865004
517,0.31915423,0.0,0.5718699,3.1776423,0.0001508994,0.0,0.0008061739,0.038650185
518,8.052133,0.0,0.048372395,3.1776483,0.00014144243,0.0,0.00010003423,0.038650285
519,0.17961243,0.0,0.0621361,3.1776538,1.3710623e-05,0.0,0.00015194973,0.03865031
520,1.0822951,0.0,0.1478035,3.1776583,0.0012744006,0.0,0.0019475524,0.03865033
521,1.6168038,0.0,0.41151407,3.1776633,1.08456925e-05,0.0,0.0030548563,0.038650267
522,2.8030427,0.0,0.13468167,3.177668,0.0015226197,0.0,5.879691e-05,0.03865023
523,1.5917858,0.0,0.034892756,3.1776717,9.797412e-05,0.0,0.00030950646,0.03865017
524,4.628666,0.0,2.781242,3.1776745,0.0002168666,0.0,0.0016112276,0.038650006
525,0.75029725,0.0,3.7645185,3.1776793,0.00018303077,0.0,3.8645645e-05,0.038649805
526,0.51654816,0.0,1.2618523,3.1776862,0.00059000583,0.0,0.0032522404,0.03864956
527,1.7142253,0.0,0.13459182,3.1776931,5.0298582e-05,0.0,0.0032493304,0.03864947
528,12.23019,0.0,4.9339123,3.1776998,6.8449453e-06,0.0,0.0012082779,0.038649336
529,2.217173,0.0,0.26230043,3.1777058,0.0016259804,0.0,0.002657017,0.038649023
530,0.031456746,0.0,2.1334603,3.17771,0.00010041647,0.0,0.0021572816,0.038648658
531,0.06653184,0.0,0.02272076,3.177715,5.5477925e-05,0.0,0.00046607087,0.038648184
532,9.075975,0.0,0.4129775,3.17772,1.5349384e-05,0.0,0.0046764035,0.03864693
533,0.6804491,0.0,1.9642161,3.177725,1.3209052e-05,0.0,0.00014671499,0.038645823
534,0.8222522,0.0,0.31471986,3.177731,0.0029977763,0.0,0.00014439542,0.03864479
535,0.17579615,0.0,0.097425885,3.177738,0.00015739111,0.0,0.000582364,0.03864376
536,1.2274165,0.0,3.7439353,3.1777437,6.841255e-05,0.0,0.00030896085,0.038642567
537,14.837886,0.0,13.967568,3.1777468,4.618428e-05,0.0,0.00016332458,0.038641535
538,1.6603708,0.0,7.85081,3.1777487,0.0034457378,0.0,5.6662288e-05,0.03864059
539,3.2504413,0.0,2.1189198,3.177751,0.0034244426,0.0,0.00063460256,0.038639687
540,11.461298,0.0,7.31581,3.1777523,4.683162e-05,0.0,0.00015277322,0.038639832
541,3.7734532,0.0,3.4255557,3.1777506,0.0005556666,0.0,0.004225762,0.038639892
542,0.14863658,0.0,0.42963523,3.177749,0.000111688074,0.0,0.0011769962,0.038639955
543,0.28543544,0.0,2.1032069,3.1777482,0.00040218458,0.0,0.00014422143,0.038639974
544,1.0198424,0.0,0.55950433,3.1777482,0.0030540645,0.0,0.002988675,0.038640015
545,9.805585,0.0,0.6630122,3.177749,7.992899e-05,0.0,0.001984127,0.038640086
546,0.20048182,0.0,3.9772556,3.1777508,1.4763631e-05,0.0,0.00013004226,0.03863977
547,1.3856139,0.0,0.25173968,3.177754,7.427138e-05,0.0,0.001802666,0.03863943
548,3.3318532,0.0,3.0109851,3.1777575,2.5269237e-05,0.0,0.00018101267,0.0386391
549,2.7365255,0.0,8.10224,3.177761,0.0016394207,0.0,8.7943525e-05,0.038638745
550,0.7719602,0.0,1.9266348,3.1777618,2.4059893e-05,0.0,0.000117379335,0.03863843
551,4.513304,0.0,0.15119833,3.1777623,0.0018628507,0.0,0.0001966879,0.038638085
552,0.13636239,0.0,14.251918,3.177764,4.281585e-05,0.0,0.0017237411,0.038637843
553,2.2066002,0.0,0.8749206,3.1777654,3.8939503e-05,0.0,0.0001284383,0.03863835
554,0.3213108,0.0,2.6504693,3.1777673,8.412858e-05,0.0,0.00024196152,0.038638745
555,2.6319804,0.0,4.661071,3.1777697,0.00017207385,0.0,0.0008466352,0.038639136
556,0.22849235,0.0,0.073615946,3.177768,0.00010199403,0.0,5.771061e-05,0.038639512
557,0.043620378,0.0,0.26923436,3.1777668,2.074313e-05,0.0,0.00026856377,0.03863981
558,0.016317032,0.0,0.18723425,3.1777642,0.0004412238,0.0,0.00018383222,0.03864011
559,4.194163,0.0,0.38879803,3.1777623,0.00022963519,0.0,0.0028021233,0.038640484
560,12.74426,0.0,1.2582436,3.1777618,0.003023696,0.0,0.0002252386,0.03864078
561,3.7241135,0.0,7.1584787,3.1777637,0.0001005407,0.0,0.00050354813,0.038640924
562,0.12978521,0.0,5.1375217,3.1777658,0.0016724517,0.0,0.0016528307,0.03864087
563,1.7683623,0.0,0.60566235,3.1777668,0.00075171486,0.0,0.00027806254,0.038640764
564,2.0267556,0.0,5.5198746,3.1777697,0.0013864835,0.0,7.322496e-05,0.03864062
565,0.23123601,0.0,0.05850982,3.1777737,2.9741886e-05,0.0,0.000120097626,0.038640417
566,0.050892245,0.0,6.411212,3.1777778,0.00030402243,0.0,0.004187054,0.038640182
567,2.8011417,0.0,0.50794613,3.1777825,6.355908e-05,0.0,0.0006020366,0.03864011
568,0.0638218,0.0,2.4117372,3.1777875,6.9191985e-05,0.0,0.0005609687,0.038639825
569,0.042584017,0.0,0.72086304,3.177791,0.0002051144,0.0,0.0005253558,0.038640086
570,11.528285,0.0,0.4019545,3.1777923,0.00010766451,0.0,0.0028107937,0.038640216
571,13.590712,0.0,4.1496553,3.177794,2.8980168e-05,0.0,0.00037703197,0.038640376
572,0.277915,0.0,0.6203545,3.1777961,0.0001674799,0.0,0.00011535527,0.038641296
573,0.28979245,0.0,11.239532,3.1777985,8.222328e-06,0.0,0.00050919026,0.03864206
574,13.550445,0.0,0.30882555,3.1778014,7.9493446e-05,0.0,9.058621e-05,0.038642757
575,0.12956342,0.0,0.708906,3.1778045,0.0015929901,0.0,0.00012119545,0.03864333
576,0.11508476,0.0,0.047372203,3.177809,0.0001247887,0.0,0.00034785928,0.0386438
577,1.1480032,0.0,0.5920412,3.177814,0.0027086334,0.0,0.0027892052,0.038644068
578,8.013578,0.0,1.1096733,3.1778195,0.00023685416,0.0,8.739263e-05,0.038644306
579,1.4811606,0.0,7.796333,3.1778255,0.0010412959,0.0,0.003144675,0.03864446
580,0.30486256,0.0,0.074415006,3.1778312,3.6505942e-05,0.0,0.00012557123,0.038644478
581,0.33970296,0.0,0.032322545,3.177836,7.2061026e-05,0.0,0.00014505669,0.03864451
582,0.13207331,0.0,0.4703694,3.17784,0.00089034747,0.0,0.0010239177,0.03864446
583,1.9068067,0.0,11.603438,3.1778445,0.0018567839,0.0,0.00011250013,0.038644306
584,0.15257989,0.0,11.047333,3.177842,0.0013800828,0.0,0.0026432585,0.038644083
585,12.357976,0.0,0.40733546,3.1778398,9.830121e-06,0.0,0.0002752607,0.03864357
586,1.901319,0.0,0.06649346,3.1778402,0.004344516,0.0,0.00023776678,0.038643174
587,0.18451452,0.0,6.071955,3.1778412,0.00043214345,0.0,0.00020693736,0.038642887
588,4.7450686,0.0,0.084028624,3.1778436,0.00025354934,0.0,0.0007384182,0.038642544
589,0.78226376,0.0,0.060985446,3.1778457,6.449012e-05,0.0,9.5195035e-05,0.038642317
590,0.24419603,0.0,0.26187772,3.1778483,2.2079621e-05,0.0,3.0300354e-05,0.038642026
591,15.087743,0.0,0.06296124,3.1778522,0.000116398616,0.0,0.0010502777,0.038641687
592,0.61935157,0.0,0.34720016,3.1778553,0.002102553,0.0,0.0077660037,0.038641393
593,1.4695362,0.0,0.41589856,3.177859,0.0014797639,0.0,0.00045676934,0.03864117
594,0.37019956,0.0,6.6490917,3.1778624,0.00034714,0.0,0.0003153244,0.03864088
595,0.22170404,0.0,0.21851215,3.1778665,0.00043504898,0.0,0.00087617594,0.038640648
596,2.224876,0.0,13.860034,3.1778688,4.333676e-05,0.0,0.0012668193,0.038640346
597,0.17986932,0.0,0.049780495,3.1778708,0.00067611603,0.0,0.00042956768,0.038640197
598,0.25473896,0.0,1.2132496,3.1778722,3.74929e-05,0.0,0.0029553818,0.03864005
599,8.221986,0.0,0.19651078,3.177873,0.0016508438,0.0,0.0001721202,0.038639903
600,0.44690987,0.0,0.47563338,3.1778727,4.5217963e-05,0.0,0.003963075,0.038639735
601,4.7753906,0.0,0.15561396,3.1778727,0.0034461978,0.0,0.00016562318,0.038639523
602,0.3178159,0.0,0.45016342,3.1778727,5.156496e-05,0.0,0.00021006429,0.03863924
603,4.285434,0.0,12.90219,3.1778731,0.003352928,0.0,0.00019938847,0.038638946
604,0.4030056,0.0,0.037774395,3.1778688,1.4188759e-06,0.0,0.00040419027,0.038638644
605,0.5168967,0.0,1.6316863,3.1778648,0.00021184793,0.0,0.00022750295,0.03863829
606,0.36120355,0.0,0.54751873,3.177863,0.00055107335,0.0,0.0049482547,0.03863808
607,0.33313423,0.0,4.135704,3.1778631,0.0005467164,0.0,0.0019441277,0.038638026
608,2.1956007,0.0,1.9866802,3.177864,0.0017397015,0.0,0.0026474039,0.03863807
609,2.8972967,0.0,3.32905,3.1778643,7.700322e-05,0.0,0.0001799007,0.038637977
610,0.54273087,0.0,1.628234,3.1778646,0.00015518146,0.0,0.00027686046,0.03863784
611,0.30869502,0.0,5.852795,3.1778708,1.9879064e-05,0.0,0.00043672015,0.03863774
612,1.3843347,0.0,18.284128,3.1778772,0.0009195947,0.0,0.00018587452,0.038637582
613,7.373968,0.0,0.5364917,3.1778846,0.005046665,0.0,0.0020254499,0.038637325
614,0.9257383,0.0,0.039250646,3.1778927,0.00010015565,0.0,0.0029723297,0.038637187
615,0.39632654,0.0,10.489926,3.1779,6.770744e-05,0.0,0.00031688623,0.038636982
616,5.9375944,0.0,0.0171198,3.1778963,0.002782064,0.0,0.00013650555,0.038637016
617,0.3084252,0.0,1.7535862,3.1778927,0.00019074754,0.0,0.00019613699,0.038637012
618,13.708959,0.0,1.2020725,3.1778889,0.0005858874,0.0,0.0021337771,0.038636938
619,0.1405017,0.0,0.068591684,3.177889,0.00084019464,0.0,0.0034463727,0.03863673
620,3.409546,0.0,0.9949813,3.1778889,0.0003134028,0.0,0.00023485631,0.03863631
621,3.2609787,0.0,0.39620504,3.1778889,0.0027852792,0.0,0.0015298456,0.038635764
622,12.112023,0.0,0.910032,3.1778884,0.000118106436,0.0,0.00013228059,0.03863517
623,0.34568334,0.0,12.95584,3.1778948,0.00011978892,0.0,0.005420088,0.038634654
624,4.7143617,0.0,0.23873943,3.1778908,0.0004257829,0.0,0.00040361585,0.038634036
625,2.0296597,0.0,1.7054992,3.1778889,5.407477e-05,0.0,0.0055365153,0.03863349
626,2.2138734,0.0,0.1769435,3.177886,7.520848e-06,0.0,0.0026493669,0.03863298
627,3.3588772,0.0,8.811452,3.1778839,0.0031862885,0.0,5.7834754e-05,0.038632482
628,1.8785273,0.0,0.86043596,3.1778839,3.7096277e-05,0.0,0.0002893476,0.03863195
629,0.45756003,0.0,2.4187417,3.1778846,5.3415923e-05,0.0,0.002515209,0.038631584
630,0.48262957,0.0,0.06630637,3.1778872,5.6120707e-06,0.0,0.00014858988,0.03863121
631,0.25106424,0.0,0.029118149,3.177889,0.0001448456,0.0,0.0009358455,0.038630906
632,4.478559,0.0,6.4917417,3.1778917,6.731063e-05,0.0,0.001087991,0.038630933
633,0.27945417,0.0,0.23583287,3.1778915,0.003411908,0.0,8.349762e-05,0.03863082
634,0.23098625,0.0,13.490605,3.1778905,0.00017628202,0.0,0.00030574537,0.038630657
635,0.45671183,0.0,0.8057485,3.1778882,6.125833e-05,0.0,0.0017952082,0.038630504
636,7.515044,0.0,0.2173938,3.1778865,1.2063464e-06,0.0,0.00080808107,0.038630407
637,0.4766769,0.0,17.494045,3.177886,6.2399995e-06,0.0,0.00033920736,0.038631115
638,0.8163383,0.0,0.53046095,3.1778786,5.3358508e-05,0.0,9.302686e-05,0.038631685
639,6.4826365,0.0,0.055326637,3.1778738,9.586801e-05,0.0,0.00013113374,0.038633373
640,17.86081,0.0,2.7998338,3.177871,0.0041221995,0.0,0.0016138973,0.038634837
641,0.65854883,0.0,0.43768114,3.1778705,7.890053e-05,0.0,0.00052991364,0.038636215
642,3.2357664,0.0,0.09265308,3.17787,1.3828603e-05,0.0,0.0029002773,0.0386374
643,0.9113056,0.0,14.715533,3.177869,0.00087742065,0.0,0.0026418539,0.038638413
644,4.843394,0.0,0.027545974,3.177873,8.509908e-06,0.0,0.0031600464,0.038639233
645,10.75102,0.0,0.04924719,3.1778758,5.6094963e-05,0.0,0.0009794105,0.038639683
646,2.9496627,0.0,0.50731313,3.177878,0.00019429096,0.0,0.00013977196,0.038640115
647,1.3696545,0.0,0.2939075,3.1778808,3.6100082e-05,0.0,0.0011552655,0.03864046
648,1.1542678,0.0,0.055748396,3.1778839,7.328076e-05,0.0,0.0030919472,0.03864064
649,2.9935522,0.0,0.14155701,3.1778858,0.001826309,0.0,0.0030335127,0.038640764
650,1.6134806,0.0,0.06207863,3.177888,2.1448215e-05,0.0,0.00069196534,0.03864087
651,1.861606,0.0,1.3507669,3.1778896,1.8599325e-05,0.0,0.00031626193,0.03864065
652,0.6128353,0.0,1.7068319,3.1778913,2.1697393e-05,0.0,0.0009619318,0.038640443
653,0.25335112,0.0,0.11366116,3.1778932,0.003874089,0.0,0.0001461763,0.038640257
654,0.15660657,0.0,0.6652579,3.1778939,0.0023977947,0.0,0.00015587403,0.038640067
655,1.7135135,0.0,0.030291883,3.1778953,7.559496e-05,0.0,0.00022447488,0.03863984
656,0.60312796,0.0,2.534037,3.1778967,2.350775e-05,0.0,0.00057359715,0.03863956
657,2.7998464,0.0,0.08846161,3.1779034,3.1479023e-05,0.0,0.00047274545,0.038639527
658,0.9241769,0.0,0.26526412,3.1779103,0.00044955907,0.0,0.00027720863,0.03863961
659,6.8176994,0.0,0.042620853,3.1779177,0.0021320784,0.0,0.00029856132,0.03863975
660,0.7707195,0.0,6.7133245,3.177924,0.0006250728,0.0,0.001928146,0.03863987
661,2.969316,0.0,0.5332246,3.1779296,0.003305499,0.0,0.0004870534,0.038639836
662,2.1316104,0.0,0.16620585,3.1779358,0.00014440247,0.0,0.0008113678,0.038640156
663,10.563801,0.0,0.3416625,3.1779404,2.6415513e-05,0.0,0.002335489,0.038640365
664,12.811547,0.0,0.042310275,3.1779444,0.00063439825,0.0,0.002392726,0.038640503
665,10.101815,0.0,8.4368,3.177948,6.7463254e-05,0.0,0.0021663487,0.038640607
666,12.059232,0.0,0.44309366,3.17795,7.020276e-05,0.0,0.00025715074,0.038640626
667,0.14926627,0.0,1.0928713,3.177951,7.718003e-06,0.0,0.00016785608,0.038640633
668,0.24584489,0.0,4.8204064,3.177952,3.0700925e-05,0.0,0.002881347,0.0386405
669,5.1431656,0.0,5.0598736,3.1779532,0.00011259878,0.0,0.00013767922,0.038640425
670,13.817095,0.0,6.447856,3.177955,1.6023143e-05,0.0,0.001452927,0.03864029
671,11.029959,0.0,0.04469933,3.1779594,0.00025625428,0.0,0.00013421853,0.038639985
672,0.12790385,0.0,0.026388869,3.1779635,0.0001936028,0.0,0.00013819987,0.038639713
673,0.5315104,0.0,1.5743247,3.1779673,1.8237874e-05,0.0,0.000501287,0.038639385
674,0.105734006,0.0,1.8711847,3.1779718,7.537238e-05,0.0,0.00035243336,0.038638894
675,0.47733837,0.0,0.2842133,3.1779768,1.6701542e-05,0.0,0.0001229538,0.03863844
676,0.07695589,0.0,0.1006248,3.177983,7.130398e-05,0.0,3.5722907e-05,0.038638078
677,0.5715232,0.0,4.1762557,3.177989,0.00028294598,0.0,0.0022966298,0.038637687
678,0.13807741,0.0,0.21715258,3.177999,0.00013320561,0.0,3.9231032e-05,0.03863723
679,0.07216042,0.0,0.038195867,3.178008,2.9016037e-05,0.0,0.00010088784,0.038636774
680,0.67674744,0.0,0.39459512,3.1780162,5.6557685e-05,0.0,0.0032056554,0.03863632
681,0.29958892,0.0,0.22221908,3.1780238,3.930941e-05,0.0,0.001851421,0.038635768
682,0.41936883,0.0,0.12355155,3.1780298,1.5248418e-05,0.0,0.0019756907,0.038635284
683,2.1530278,0.0,0.032113764,3.1780362,0.00201497,0.0,0.00015746588,0.038634814
684,0.31700593,0.0,0.8540823,3.1780415,2.8123568e-06,0.0,0.00018394494,0.038634337
685,0.2625465,0.0,0.051207893,3.1780453,0.002423191,0.0,0.00033856303,0.03863384
686,0.7579582,0.0,0.991831,3.1780484,0.00022674877,0.0,0.00019574785,0.038633376
687,2.103918,0.0,0.06456001,3.178053,0.0058775726,0.0,0.00016985489,0.03863288
688,3.068236,0.0,0.6338777,3.1780567,0.00077226694,0.0,0.0034129024,0.038632315
689,1.7863989,0.0,0.6486511,3.1780608,0.0003365536,0.0,0.0004128642,0.03863176
690,1.4871813,0.0,0.022574767,3.1780672,0.0018638467,0.0,0.000101867,0.038631294
691,0.06702318,0.0,0.84620166,3.1780727,0.0029689705,0.0,0.0018059444,0.038630795
692,0.30532897,0.0,0.09625592,3.1780784,0.00017908412,0.0,0.00012998725,0.038630232
693,0.79306775,0.0,1.0898436,3.178084,6.8081914e-05,0.0,0.00034027605,0.038629677
694,0.44903272,0.0,0.35385865,3.178091,0.0022345698,0.0,0.0001498742,0.038629204
695,0.14987531,0.0,0.60038626,3.178099,5.5379336e-05,0.0,0.00050529966,0.038628757
696,7.6605783,0.0,0.18870696,3.1781063,0.00023644743,0.0,0.00014613025,0.03862835
697,2.4033673,0.0,2.2314835,3.1781132,2.83506e-06,0.0,0.0001491936,0.038627893
698,0.084171005,0.0,1.3528084,3.178118,0.00014588605,0.0,0.0001531154,0.038627427
699,3.0114772,0.0,14.07062,3.1781225,1.0497864e-05,0.0,0.00037339408,0.038626898
700,1.0765114,0.0,9.464093,3.1781254,0.00094502274,0.0,0.0031721997,0.038626894
701,10.121241,0.0,2.7295535,3.1781306,0.00023834727,0.0,0.00036281988,0.03862697
702,0.29090345,0.0,6.7942595,3.1781352,0.00013261926,0.0,5.0297924e-05,0.038627148
703,0.12218265,0.0,0.03893252,3.1781366,2.3407072e-05,0.0,0.0060358355,0.038627263
704,0.80221784,0.0,20.869596,3.178137,0.0005307177,0.0,0.0025629844,0.038627267
705,0.093798585,0.0,0.560031,3.1781368,0.0001678812,0.0,7.146009e-05,0.038627245
706,6.961402,0.0,1.2273245,3.178137,0.00026030335,0.0,0.00011723728,0.038627148
707,22.891321,0.0,6.116458,3.1781375,0.00012795266,0.0,0.0039328896,0.03862701
708,4.641728,0.0,0.53067213,3.1781373,0.0022482588,0.0,0.003097686,0.038627096
709,5.3413215,0.0,0.8557819,3.1781373,0.00014944785,0.0,0.00030172296,0.038627215
710,0.17729637,0.0,0.5782044,3.1781378,0.00033697396,0.0,0.00022440348,0.038627174
711,0.2998477,0.0,1.4712592,3.1781373,0.00014347528,0.0,0.000424561,0.038627096
712,3.3394828,0.0,1.9080997,3.1781456,0.0011546818,0.0,0.0026198495,0.03862699
713,0.46537825,0.0,4.266317,3.1781502,1.4566353e-05,0.0,0.00048615574,0.038626973
714,1.9674788,0.0,0.44808728,3.1781523,5.288612e-05,0.0,0.0013615217,0.038626924
715,5.3398056,0.0,2.130209,3.1781547,0.000112955175,0.0,0.00013192544,0.038626783
716,0.45859164,0.0,0.47116515,3.1781564,0.0004151206,0.0,0.005613919,0.038626693
717,6.042509,0.0,0.25302416,3.1781576,0.00044841174,0.0,0.00031600334,0.03862659
718,6.9480124,0.0,6.625167,3.1781569,2.5286306e-05,0.0,8.0773476e-05,0.03862676
719,8.3859825,0.0,1.4576902,3.178157,4.3226122e-05,0.0,0.002749168,0.038626842
720,2.3504138,0.0,0.49627948,3.1781585,5.9276463e-05,0.0,0.0025397737,0.038627293
721,5.1100616,0.0,4.6548777,3.178159,0.002188638,0.0,0.00014777266,0.038627625
722,2.624731,0.0,0.027695337,3.1781576,4.7534e-05,0.0,0.00019760919,0.038627926
723,1.1692098,0.0,0.1320243,3.1781569,2.3652343e-05,0.0,5.0149607e-05,0.038628325
724,0.5399653,0.0,1.7753935,3.1781564,9.030231e-07,0.0,4.216214e-05,0.038628627
725,0.20816587,0.0,0.025512367,3.1781578,0.0017347913,0.0,0.0002176453,0.03862883
726,10.186803,0.0,0.40218925,3.1781588,0.0005807248,0.0,0.0024097231,0.03862892
727,8.384313,0.0,0.22706904,3.1781573,1.608307e-05,0.0,0.0027877772,0.03862902
728,9.697916,0.0,0.25251272,3.178156,4.6571175e-05,0.0,0.00012311833,0.038629245
729,0.20921367,0.0,7.3646207,3.1781569,4.6987254e-05,0.0,0.0027682746,0.038629405
730,0.41595802,0.0,2.7007346,3.1781664,0.0029702326,0.0,0.0037868503,0.03862954
731,0.40490985,0.0,0.7451889,3.1781757,3.8299735e-05,0.0,0.00017618966,0.038629133
732,2.2899365,0.0,0.04257431,3.1781833,0.0046223793,0.0,0.0003147522,0.038628746
733,2.0929785,0.0,0.072594784,3.1781898,3.472453e-05,0.0,0.002567158,0.038628336
734,4.6333213,0.0,0.06540496,3.1781964,3.970029e-05,0.0,0.00014157422,0.03862783
735,15.957387,0.0,0.054508276,3.178202,4.5902685e-05,0.0,0.002057423,0.038627293
736,1.8325061,0.0,0.08964145,3.1782067,1.967167e-05,0.0,0.00419086,0.038626794
737,0.27600208,0.0,0.52778214,3.1782115,0.00016337182,0.0,0.0027069077,0.038626306
738,5.06519,0.0,0.3496731,3.1782165,2.6971586e-05,0.0,0.00035370438,0.038625803
739,0.34777245,0.0,0.2994713,3.1782184,1.831064e-05,0.0,0.0029730017,0.038625192
740,1.2543597,0.0,0.44868368,3.1782207,5.41741e-05,0.0,0.00011232307,0.03862465
741,0.9247213,0.0,0.033900708,3.178223,0.00014252713,0.0,0.00035317207,0.038624074
742,0.33784032,0.0,0.38090792,3.1782243,3.8387952e-05,0.0,0.016047228,0.038623545
743,1.7293504,0.0,1.9871848,3.1782255,0.0022562307,0.0,0.0001880813,0.03862302
744,0.26317862,0.0,18.716606,3.178226,0.0033323965,0.0,0.0013815319,0.038622495
745,2.0144322,0.0,7.3489985,3.1782303,1.165491e-05,0.0,0.0026410434,0.038622007
746,0.32022363,0.0,0.5805353,3.1782317,0.0012021237,0.0,0.0002231239,0.03862178
747,1.2483228,0.0,3.848151,3.1782336,7.880681e-06,0.0,0.00018523374,0.03862152
748,4.124683,0.0,0.4721803,3.1782365,0.00012418814,0.0,0.00012749403,0.038621448
749,0.6887374,0.0,0.0469372,3.1782346,0.0010400178,0.0,0.0006848938,0.038621385
750,0.25239748,0.0,5.015322,3.1782327,1.7816528e-05,0.0,0.00016441563,0.0386213
751,1.3774903,0.0,1.258404,3.1782331,1.5962254e-05,0.0,9.8103454e-05,0.03862115
752,3.9903145,0.0,8.444796,3.1782346,0.000653853,0.0,0.002408625,0.038621005
753,9.865715,0.0,0.80496246,3.1782362,1.264234e-05,0.0,0.002710478,0.03862084
754,6.300703,0.0,2.8261306,3.1782384,0.00049728865,0.0,0.0031997862,0.038620625
755,0.33216953,0.0,6.8966546,3.1782413,3.8410966e-05,0.0,0.00037898647,0.038620457
756,0.39899558,0.0,0.08179571,3.178245,2.6142611e-06,0.0,0.00043973257,0.038620204
757,4.2090645,0.0,12.686321,3.178249,2.2840675e-05,0.0,0.007467318,0.038620174
758,3.3312728,0.0,10.276769,3.1782506,3.3555956e-05,0.0,0.00034834896,0.038620196
759,2.21068,0.0,0.6113391,3.1782508,0.0034334804,0.0,0.00013669657,0.038620293
760,0.58640057,0.0,1.7169183,3.1782541,0.0001259696,0.0,5.577124e-05,0.03862031
761,0.68735176,0.0,7.23831,3.1782575,1.6620023e-05,0.0,0.0016578968,0.038620286
762,5.6049056,0.0,0.040851336,3.178266,5.903035e-05,0.0,0.0008683014,0.038620163
763,0.11287464,0.0,0.30563948,3.178274,0.00015077819,0.0,0.00016588504,0.03862056
764,0.43058375,0.0,0.46127763,3.178281,0.00015044332,0.0,0.0034175888,0.038621005
765,0.6788333,0.0,0.30786556,3.1782868,0.00035006183,0.0,0.002124192,0.03862143
766,13.0371065,0.0,0.5494898,3.178292,0.00027759673,0.0,4.603126e-05,0.03862181
767,1.880595,0.0,0.33215898,3.178296,0.00031779992,0.0,0.00086850306,0.038622033
768,0.10063275,0.0,1.9562238,3.1783001,0.0018737747,0.0,0.00029218983,0.03862244
769,7.160084,0.0,0.32923037,3.1783047,0.00092054845,0.0,6.827894e-05,0.0386228
770,8.89758,0.0,0.51268154,3.1783087,0.000103364,0.0,0.00023949609,0.038623035
771,0.44726753,0.0,0.91055006,3.1783133,0.00011103418,0.0,0.0032377166,0.03862325
772,0.6330645,0.0,2.0663095,3.1783173,0.00012555499,0.0,4.7295533e-05,0.038623422
773,0.7168476,0.0,0.15692751,3.1783211,0.00010157567,0.0,0.0003324141,0.038623467
774,2.9114544,0.0,0.14908835,3.1783237,0.00018794867,0.0,0.00031890412,0.038623326
775,0.465596,0.0,1.2060201,3.178326,9.901003e-05,0.0,0.004417231,0.038623165
776,3.7393627,0.0,0.31582972,3.1783304,0.0012529923,0.0,0.00025379972,0.038623195
777,1.335038,0.0,0.7861686,3.178335,7.89375e-05,0.0,0.0017922061,0.038623102
778,6.4591336,0.0,10.761652,3.1783388,0.00013900141,0.0,0.0001492091,0.03862309
779,10.095601,0.0,7.3891716,3.1783416,0.0013080424,0.0,0.00022344058,0.03862295
780,2.3328037,0.0,0.09450051,3.178343,4.5244728e-05,0.0,6.543161e-05,0.038622823
781,0.06617484,0.0,14.881166,3.1783435,0.0021939871,0.0,0.0021190853,0.038622707
782,2.6933188,0.0,2.5823631,3.178346,0.00066694606,0.0,0.0056241103,0.038622573
783,0.8924581,0.0,6.726385,3.17835,0.003869547,0.0,0.00094649376,0.038622428
784,2.4965749,0.0,0.5640222,3.178354,4.1758474e-05,0.0,0.00025850403,0.038622487
785,8.504742,0.0,13.6840105,3.1783602,0.0001859355,0.0,0.00050294126,0.03862246
786,2.2372684,0.0,0.37597108,3.1783628,0.00012059213,0.0,0.00025904982,0.038622316
787,0.16333875,0.0,0.049772855,3.1783648,1.2955999e-05,0.0,0.00014326097,0.038622044
788,11.39559,0.0,0.244259,3.1783662,0.0013882972,0.0,0.00025168527,0.03862168
789,0.17499697,0.0,0.18695565,3.1783683,0.0014840962,0.0,0.0007407688,0.0386212
790,0.36077055,0.0,0.054905675,3.178371,0.00025587738,0.0,0.00014391598,0.038620684
791,0.92744577,0.0,0.016320754,3.1783738,1.5905405e-06,0.0,0.0030667596,0.03862031
792,14.892877,0.0,0.66588384,3.1783762,0.0029381001,0.0,0.0022932708,0.038619857
793,0.99855345,0.0,0.7222176,3.178378,0.0003056374,0.0,0.00011231641,0.038619403
794,1.7851686,0.0,0.04562014,3.1783767,7.404558e-05,0.0,0.00013482403,0.038618997
795,4.696994,0.0,4.0499825,3.178376,0.0010555834,0.0,5.6329744e-05,0.038618643
796,9.837154,0.0,0.23190257,3.1783743,5.3807475e-05,0.0,0.0005512006,0.038618285
797,10.006718,0.0,0.6285581,3.178374,0.00010735037,0.0,0.00030930026,0.03861909
798,0.618201,0.0,1.484053,3.1783748,0.00014570067,0.0,0.0025567876,0.038619865
799,7.393858,0.0,0.13831195,3.178377,0.00040096685,0.0,0.00012456883,0.03862057
800,0.15202516,0.0,7.735328,3.1783798,0.00068404793,0.0,9.1960545e-05,0.038621116
801,0.47122255,0.0,0.12918562,3.1783779,0.00021940561,0.0,0.00010778842,0.038621478
802,1.5102564,0.0,0.6050714,3.1783767,2.9981931e-05,0.0,0.0028489146,0.038621742
803,11.504904,0.0,16.307009,3.1783767,0.0025778916,0.0,0.0029004342,0.03862192
804,0.20843156,0.0,0.021655759,3.1783724,2.4381236e-05,0.0,0.00015635256,0.038621537
805,6.2368217,0.0,0.37954384,3.1783679,0.0018436131,0.0,0.0001400044,0.03862116
806,0.180591,0.0,0.061981507,3.178364,0.0025993197,0.0,0.00023421945,0.03862077
807,4.0922394,0.0,0.21463251,3.1783602,1.8950614e-05,0.0,0.0029661278,0.03862041
808,3.5717452,0.0,0.345304,3.1783566,0.00014515601,0.0,0.00015554937,0.03862062
809,0.27495795,0.0,0.40004176,3.1783519,6.808338e-05,0.0,0.0037256833,0.038620785
810,1.4249502,0.0,1.636784,3.1783483,0.0001348692,0.0,0.00017360551,0.038620844
811,7.1765347,0.0,0.6154009,3.1783462,2.3209686e-05,0.0,0.00037415302,0.038620833
812,2.7428322,0.0,0.50411206,3.178344,2.7901871e-05,0.0,6.6355504e-05,0.038620796
813,0.14800484,0.0,2.2097201,3.1783447,2.2084744e-06,0.0,0.00011224505,0.03862072
814,0.8844213,0.0,0.364305,3.1783433,5.077823e-06,0.0,0.0035609617,0.038620587
815,0.0517443,0.0,0.46066117,3.178343,2.4658004e-05,0.0,0.0007617804,0.038620614
816,0.64946187,0.0,0.23561518,3.178343,7.0379116e-05,0.0,0.0033482362,0.038620763
817,0.11087843,0.0,2.600168,3.1783435,7.928048e-05,0.0,0.00205721,0.038620833
818,0.3389546,0.0,2.6236212,3.1783435,0.0018786695,0.0,9.7759395e-05,0.038620714
819,0.39527193,0.0,0.56488764,3.1783445,1.4730747e-05,0.0,0.00021605186,0.038620528
820,12.420787,0.0,3.1655788,3.1783457,3.5907473e-05,0.0,0.00011287375,0.03862032
821,7.344911,0.0,4.981126,3.1783483,0.0008096613,0.0,0.002261888,0.03862006
822,0.2763508,0.0,4.049534,3.1783545,7.8265744e-05,0.0,0.0034188055,0.0386197
823,0.65781546,0.0,9.085477,3.1783593,0.00010606059,0.0,0.00025856972,0.03861918
824,0.072112754,0.0,0.24962434,3.1783667,5.3101536e-05,0.0,0.0002554251,0.038618594
825,4.185155,0.0,0.06586611,3.178375,3.7070426e-05,0.0,0.00154904,0.038618043
826,1.2372925,0.0,0.018920338,3.1783824,5.5570905e-05,0.0,0.00016350238,0.03861781
827,3.4214072,0.0,0.5929815,3.178389,6.935491e-06,0.0,0.0002852658,0.03861749
828,0.5317771,0.0,4.748104,3.1783946,6.341504e-05,0.0,0.002645823,0.038617242
829,1.9022266,0.0,0.9079627,3.1784012,7.78207e-05,0.0,0.003471763,0.038616862
830,0.1336097,0.0,0.7365983,3.1784058,0.0010202304,0.0,0.0053374628,0.03861687
831,6.723176,0.0,0.40597567,3.178412,0.0022327595,0.0,0.0001698724,0.0386168
832,1.5865775,0.0,4.06521,3.1784174,5.0523677e-06,0.0,0.00022398622,0.038616687
833,2.7188427,0.0,9.4412,3.1784227,0.0023697747,0.0,0.00037229212,0.038616903
834,0.20228347,0.0,0.50330514,3.1784225,4.566473e-05,0.0,0.00032118591,0.03861717
835,0.28318885,0.0,1.4054768,3.1784203,1.3899054e-05,0.0,0.0002409311,0.038617432
836,0.8852302,0.0,1.2895657,3.178418,0.0034959246,0.0,0.00019127654,0.038617603
837,0.2741662,0.0,0.86175495,3.178415,0.003594182,0.0,0.0002401174,0.03861781
838,0.08745465,0.0,0.046612848,3.178413,0.00015747732,0.0,0.00012043567,0.038617905
839,0.23013967,0.0,0.29964978,3.1784108,0.00024432025,0.0,0.0059718336,0.038618002
840,5.093727,0.0,0.8406341,3.178408,2.6734577e-05,0.0,9.425545e-05,0.038618
841,0.084889114,0.0,2.1120362,3.1784072,0.00020878486,0.0,0.0043592416,0.038618024
842,0.3648219,0.0,0.019246446,3.1784072,5.3011563e-06,0.0,6.923315e-05,0.03861791
843,2.4766858,0.0,12.938843,3.1784072,0.00017410317,0.0,0.00011811785,0.038617752
844,11.5921755,0.0,0.18604787,3.1784074,0.0029838693,0.0,0.0002562958,0.038617566
845,0.500649,0.0,5.6433067,3.1784072,0.0029702303,0.0,0.00029296262,0.038617425
846,7.7261076,0.0,0.051979005,3.1784084,0.00010445675,0.0,0.00020927147,0.038617197
847,3.8017745,0.0,1.7152689,3.178409,0.0001426445,0.0,0.00021470962,0.038617
848,7.0335646,0.0,2.4706483,3.1784103,0.0014210247,0.0,0.003015104,0.03861667
849,1.5659107,0.0,0.84139717,3.1784117,2.95785e-05,0.0,0.00014651101,0.038616393
850,0.42298284,0.0,0.09829384,3.1784146,0.00039751653,0.0,4.802263e-05,0.0386161
851,0.19600847,0.0,14.146392,3.1784177,7.840336e-05,0.0,0.0009039871,0.038615786
852,0.075646706,0.0,0.5000456,3.178425,0.0058411947,0.0,0.00022829165,0.038615715
853,13.260289,0.0,1.056842,3.178432,1.741988e-05,0.0,0.00063546863,0.03861554
854,4.2356133,0.0,2.8010147,3.1784372,4.317521e-06,0.0,0.00044407486,0.038615417
855,0.08791772,0.0,0.6749239,3.1784477,0.0038769033,0.0,0.000112219284,0.03861515
856,0.11143937,0.0,0.2499307,3.1784618,7.6073025e-05,0.0,0.0019849401,0.03861487
857,0.09271667,0.0,3.0174465,3.1784747,7.9714155e-05,0.0,0.00026913267,0.03861455
858,2.3856184,0.0,11.838042,3.1784875,0.00016546075,0.0,0.00020804926,0.038614202
859,4.0127907,0.0,0.088640116,3.1784961,5.284077e-05,0.0,0.0013840554,0.038613837
860,1.499142,0.0,0.70118636,3.178504,0.00010990492,0.0,0.000117964875,0.038613446
861,0.6567858,0.0,0.03027564,3.1785119,4.141984e-05,0.0,0.0026428623,0.038613033
862,1.1687675,0.0,0.06191908,3.1785188,9.5345385e-05,0.0,0.00017597323,0.038612776
863,4.92258,0.0,1.1232332,3.1785247,0.0012220663,0.0,0.00022053825,0.038612492
864,0.8205905,0.0,0.5555716,3.1785302,0.00018303492,0.0,0.0006929589,0.038612247
865,0.8561524,0.0,11.292038,3.1785347,0.00017534487,0.0,7.229948e-05,0.03861158
866,7.1506567,0.0,7.7371016,3.1785314,9.9304954e-05,0.0,0.000107838525,0.038610905
867,0.1711298,0.0,0.7319206,3.1785252,5.6424302e-05,0.0,8.938607e-05,0.03861025
868,0.93066823,0.0,2.393726,3.178521,6.521178e-05,0.0,4.9236463e-05,0.03860958
869,6.3059325,0.0,0.29377216,3.1785178,0.0019324182,0.0,0.00070119713,0.038608875
870,1.08662,0.0,3.0182493,3.1785169,0.0002484977,0.0,7.47913e-05,0.03860819
871,1.0771639,0.0,0.4884918,3.1785169,1.6409136e-05,0.0,0.0003358355,0.038607508
872,2.5505753,0.0,2.8146644,3.1785178,0.00010040094,0.0,0.00011196212,0.03860688
873,0.53841686,0.0,9.228477,3.178521,0.00012613673,0.0,0.0011559608,0.03860621
874,0.7544735,0.0,9.259362,3.1785226,3.041639e-06,0.0,0.0005225199,0.03860556
875,0.58890676,0.0,0.3631195,3.1785223,0.0023167096,0.0,0.00018778373,0.03860495
876,0.4114655,0.0,0.37576804,3.1785219,9.303735e-05,0.0,0.0011089985,0.03860436
877,0.09706063,0.0,0.7403262,3.1785212,2.6611591e-05,0.0,0.0002232572,0.0386037
878,0.0988008,0.0,0.76366687,3.178521,0.00068522466,0.0,0.00011582246,0.038603026
879,4.7165413,0.0,0.057436388,3.1785212,3.27334e-05,0.0,3.8189675e-05,0.038602393
880,0.29118267,0.0,6.6125937,3.1785214,5.6023113e-05,0.0,4.294077e-05,0.03860172
881,0.39664635,0.0,1.7835732,3.178528,6.788505e-05,0.0,0.0027692348,0.03860104
882,0.706739,0.0,3.1906788,3.1785586,1.2293926e-06,0.0,0.0003856234,0.03860021
883,0.20456836,0.0,1.9117129,3.178587,4.1936473e-05,0.0,0.0010653172,0.038599364
884,0.126595,0.0,1.5715117,3.1786137,0.0031783534,0.0,0.00022542686,0.03859849
885,0.110694736,0.0,1.5605029,3.1786387,0.00010137238,0.0,0.00014084563,0.03859769
886,0.12339799,0.0,0.5982618,3.1786616,0.0008130582,0.0,0.00507922,0.038596913
887,0.18143219,0.0,0.19207186,3.1786823,0.00016864005,0.0,0.00012606454,0.038596064
888,0.97757024,0.0,3.6506896,3.1787016,2.4623385e-05,0.0,0.00014477203,0.0385952
889,0.6410339,0.0,1.0320318,3.1787183,2.533772e-05,0.0,0.0005276141,0.03859447
890,11.979965,0.0,0.56732225,3.1787326,0.00020819347,0.0,0.0005405864,0.038593657
891,0.43568218,0.0,13.442762,3.1787457,0.000221672,0.0,0.00013563276,0.03859297
892,0.115715496,0.0,1.7624702,3.1787574,3.46859e-05,0.0,0.00013538149,0.038592275
893,0.09076544,0.0,0.72228605,3.178768,0.0049809166,0.0,0.0020151515,0.038591534
894,0.022007018,0.0,0.030717889,3.1787772,4.52589e-05,0.0,0.0001717198,0.038590927
895,1.126255,0.0,0.10112766,3.1787853,0.0005139286,0.0,0.0001597552,0.038590353
896,2.3861365,0.0,0.06326099,3.1787925,0.00010050934,0.0,0.00033914487,0.038589805
897,0.041420743,0.0,4.7057505,3.178799,6.657429e-05,0.0,0.00023387605,0.038586397
898,0.18696941,0.0,2.9946105,3.1788085,0.002621198,0.0,0.0026911073,0.038583416
899,0.015761273,0.0,13.586346,3.1788166,5.0979623e-05,0.0,0.0025149037,0.038580712
900,0.23350999,0.0,3.1135619,3.178823,1.6859267e-05,0.0,0.00081714464,0.038578417
901,5.7668777,0.0,0.11293067,3.1788287,5.4384716e-05,0.0,0.000101010504,0.038576584
902,0.08330394,0.0,0.53784156,3.1788342,4.0241408e-05,0.0,0.00015025717,0.038574915
903,5.350263,0.0,0.19018067,3.1788373,4.4549182e-05,0.0,0.00038138108,0.038573608
904,3.655302,0.0,0.426718,3.17884,0.0019909346,0.0,0.00030779804,0.03857252
905,0.34052014,0.0,0.18069386,3.1788418,0.0014634533,0.0,0.00020634444,0.038571544
906,0.07969648,0.0,0.036559984,3.178844,0.00010242924,0.0,0.00029492308,0.038570832
907,12.885705,0.0,24.385462,3.1788454,5.2533524e-05,0.0,5.8183145e-05,0.03857025
908,10.162955,0.0,1.9843557,3.178841,1.3364595e-05,0.0,0.005959441,0.038569655
909,0.17678218,0.0,3.955232,3.1788423,0.0019979323,0.0,0.0023513064,0.038569007
910,2.0612767,0.0,1.3443235,3.1788442,0.004515321,0.0,0.00014848393,0.0385684
911,0.90024656,0.0,0.38026503,3.1788454,0.00033319148,0.0,0.0019677996,0.038567893
912,8.484494,0.0,5.064777,3.1788466,1.8235867e-05,0.0,7.372902e-05,0.038567428
913,8.973367,0.0,6.331426,3.1788468,1.8295525e-05,0.0,0.0032089858,0.03856694
914,0.64368314,0.0,10.82656,3.178848,0.0023320594,0.0,0.00015901783,0.03856638
915,5.219111,0.0,0.06269395,3.1788497,5.1910854e-05,0.0,0.0012959166,0.03856578
916,3.9570608,0.0,0.14659849,3.1788511,2.8141942e-05,0.0,0.0001835128,0.038565192
917,2.0445483,0.0,0.43326983,3.1788526,0.002559989,0.0,0.00014321558,0.03856464
918,4.5117693,0.0,1.1070274,3.1788542,4.3841115e-05,0.0,0.00021112882,0.038564112
919,0.19191723,0.0,0.1858764,3.1788542,1.6617949e-05,0.0,0.00027468582,0.038563617
920,7.0746546,0.0,15.497853,3.1788552,2.1926222e-05,0.0,0.0016594507,0.038562965
921,2.18903,0.0,0.5527811,3.178854,1.15192015e-05,0.0,0.002662866,0.03856231
922,0.57857025,0.0,1.6458877,3.1788526,2.8799555e-05,0.0,0.0012254763,0.038561776
923,0.18822588,0.0,14.550847,3.1788511,2.7095772e-05,0.0,0.0037111375,0.03856118
924,2.84557,0.0,2.1391518,3.1788428,5.4512922e-05,0.0,0.00048170637,0.03856034
925,2.6549304,0.0,2.027425,3.1788356,0.0031079624,0.0,0.0038230424,0.038559563
926,1.4184489,0.0,1.2105114,3.1788304,2.2591554e-05,0.0,0.007648403,0.03855893
927,5.3052673,0.0,0.03594934,3.1788273,0.00023750449,0.0,0.0020242827,0.038558103
928,4.751809,0.0,2.0558846,3.1788247,2.5243786e-05,0.0,7.941757e-05,0.03855733
929,0.3173188,0.0,0.8550599,3.178824,0.0016652222,0.0,9.3345545e-05,0.03855657
930,1.2755336,0.0,0.587683,3.1788247,0.00028152566,0.0,0.00053563184,0.0385559
931,1.827196,0.0,0.096890084,3.1788259,1.3879893e-05,0.0,0.002789457,0.03855525
932,8.541974,0.0,8.6700535,3.1788268,8.746256e-05,0.0,0.00029575505,0.03855442
933,2.412421,0.0,0.6382942,3.1788254,4.8882823e-05,0.0,0.00025135363,0.038553588
934,0.10123243,0.0,0.020491425,3.1788256,0.0008951698,0.0,0.00019359538,0.038552478
935,0.31478706,0.0,0.031605273,3.1788259,3.13243e-05,0.0,0.0025509668,0.038551364
936,7.231982,0.0,0.44573388,3.1788254,0.000510944,0.0,0.00041843893,0.038550306
937,0.4426153,0.0,0.02095118,3.1788259,5.1531093e-05,0.0,0.001607144,0.038549326
938,3.4717436,0.0,0.8692998,3.1788263,5.321507e-05,0.0,0.0022097633,0.038548425
939,1.8860259,0.0,0.02987814,3.1788282,0.00015749903,0.0,0.0001548071,0.038547568
940,0.15785645,0.0,2.322493,3.17883,0.00014215049,0.0,7.507221e-05,0.03854675
941,1.6586516,0.0,0.0561458,3.1788306,0.0015248352,0.0,0.00018561754,0.038545948
942,0.04091608,0.0,1.3457502,3.1788304,9.255161e-05,0.0,0.0005929994,0.038545158
943,5.921292,0.0,0.104245625,3.1788294,5.748986e-05,0.0,0.00013336657,0.038544413
944,0.19287486,0.0,0.028647363,3.1788285,1.1252502e-05,0.0,0.00029880492,0.038543735
945,0.37727222,0.0,1.750233,3.1788268,0.000101948775,0.0,0.0033790783,0.038543023
946,1.2468385,0.0,4.878274,3.1788275,1.5115815e-05,0.0,0.00070086576,0.038542558
947,1.9985552,0.0,0.7743376,3.1788306,9.988752e-06,0.0,0.00024950493,0.038542192
948,9.7246475,0.0,1.2427129,3.178832,0.00011180088,0.0,0.00014718324,0.038541906
949,1.0522455,0.0,16.671263,3.1788332,0.00062724383,0.0,0.00010854518,0.038541634
950,0.9556556,0.0,0.18461512,3.1788354,9.496817e-06,0.0,0.00023096254,0.038541265
951,0.12599896,0.0,20.318638,3.178836,5.0110734e-06,0.0,0.0007843961,0.038540892
952,0.6568217,0.0,0.028079608,3.178841,4.8429312e-05,0.0,0.0048879692,0.03854103
953,8.664662,0.0,1.3806201,3.178846,0.0017912642,0.0,0.0028295435,0.038541347
954,4.966281,0.0,0.6649534,3.1788502,2.6009951e-05,0.0,0.0007521886,0.038541656
955,0.10463676,0.0,0.017445987,3.178856,0.0011423562,0.0,5.3017022e-05,0.038541865
956,3.7291083,0.0,0.40934178,3.1788607,0.0024435984,0.0,0.00010704015,0.038542077
957,1.2060177,0.0,0.19261874,3.1788664,0.0025053544,0.0,0.0002655055,0.03854224
958,0.43349415,0.0,2.1302907,3.1788714,8.62574e-05,0.0,0.00032161144,0.038542293
959,0.1770685,0.0,0.21549094,3.178877,2.22351e-05,0.0,0.00010502343,0.038542397
960,0.35015768,0.0,0.2603977,3.1788838,6.4316744e-05,0.0,0.0005956993,0.038542423
961,8.888954,0.0,0.39974794,3.1788898,6.641635e-05,0.0,0.00011759791,0.038542647
962,10.907463,0.0,0.08735758,3.1788955,0.00047815416,0.0,3.3158558e-05,0.038542893
963,1.8186713,0.0,0.19027333,3.178901,0.00010123265,0.0,0.0012552147,0.03854304
964,0.07555868,0.0,0.048771437,3.1789024,1.2214838e-05,0.0,0.00021972458,0.038542967
965,0.3489791,0.0,0.97378993,3.1789036,7.495833e-05,0.0,0.00020543246,0.03854267
966,0.26695555,0.0,0.015409004,3.178907,0.00019676273,0.0,0.0009441186,0.038542278
967,0.06348492,0.0,12.7780075,3.17891,0.0035221379,0.0,0.0008889511,0.0385416
968,9.46806,0.0,0.32823306,3.17891,2.3855678e-06,0.0,0.00021143169,0.03854096
969,0.13920847,0.0,0.023284176,3.1789105,6.4552514e-05,0.0,0.00012336865,0.038540304
970,4.20026,0.0,2.483893,3.1789105,0.00037500233,0.0,0.00016950956,0.038539607
971,0.27099636,0.0,0.3665966,3.178908,0.00012780898,0.0,0.000102994665,0.03853895
972,0.7269012,0.0,0.2386241,3.178906,1.7341205e-05,0.0,8.774664e-05,0.03853831
973,3.100498,0.0,0.23588698,3.1789045,4.322455e-05,0.0,0.00095352886,0.038537677
974,2.1066854,0.0,0.16836302,3.178902,0.00051058305,0.0,0.00322995,0.03853712
975,17.638819,0.0,9.619038,3.1788995,3.95417e-05,0.0,0.0007665495,0.038536537
976,2.252329,0.0,0.09600706,3.1788957,1.7953605e-05,0.0,0.002360864,0.038535956
977,2.4452076,0.0,2.8554592,3.178892,6.96175e-05,0.0,0.0011513837,0.038535587
978,10.20101,0.0,0.9304659,3.1788898,3.599396e-05,0.0,0.0041456977,0.03853518
979,0.9342819,0.0,0.019390304,3.178888,1.7753704e-05,0.0,0.0008318989,0.03853473
980,0.17686145,0.0,0.9116445,3.1788867,5.5217803e-05,0.0,0.00041200066,0.03853594
981,1.4004558,0.0,0.305807,3.178885,0.00015064639,0.0,0.00030756072,0.038537115
982,0.45433187,0.0,1.199893,3.1788843,0.0001383406,0.0,0.00033902365,0.03853817
983,0.6059244,0.0,0.04233177,3.1788864,0.0008144055,0.0,0.0009066538,0.038539182
984,0.09830499,0.0,2.5661013,3.1788874,4.2784483e-05,0.0,0.00029636096,0.03854021
985,4.8699603,0.0,1.6880035,3.1788886,6.939303e-05,0.0,0.00020030429,0.03854124
986,11.541143,0.0,5.3630905,3.1788907,0.0011419982,0.0,0.001296856,0.03854224
987,4.41747,0.0,3.0019026,3.1788938,7.765159e-05,0.0,0.0031016916,0.038543005
988,0.106260076,0.0,0.26784268,3.1788974,0.0036125479,0.0,0.00014489098,0.038543206
989,2.3185368,0.0,10.342316,3.1789012,2.541324e-05,0.0,0.00012579156,0.03854345
990,2.2726107,0.0,0.41035202,3.178904,6.722241e-05,0.0,0.0001122115,0.038543694
991,1.2754178,0.0,0.043470155,3.1789062,0.0001458902,0.0,0.00044694007,0.038543914
992,0.07614,0.0,0.79630375,3.178908,5.2802784e-06,0.0,0.00024419642,0.038544163
993,2.156696,0.0,3.3307974,3.17891,0.0007027417,0.0,0.002005084,0.038544197
994,0.06534141,0.0,3.2539837,3.1789114,3.443254e-05,0.0,7.755728e-05,0.038544208
995,1.163103,0.0,0.8657665,3.1789138,0.00011438243,0.0,0.003421528,0.03854412
996,14.101893,0.0,0.044059616,3.178917,1.8994964e-05,0.0,0.00016131964,0.038544096
997,0.6081744,0.0,1.5498718,3.17892,5.9308833e-05,0.0,0.0005786007,0.038543995
998,1.5334717,0.0,4.2620587,3.1789238,1.7497592e-05,0.0,0.0002684826,0.038543675
999,11.412683,0.0,0.8535476,3.1789265,3.4575336e-05,0.0,0.00073457306,0.03854332
1000,0.05255272,0.0,0.25911722,3.178932,0.0007738216,0.0,0.003354376,0.038542908
1001,5.5515523,0.0,5.5356193,3.1789365,0.0025136173,0.0,0.005735914,0.038542513
1002,0.13907778,0.0,5.2058926,3.1789474,0.0022646082,0.0,0.0003269143,0.03854217
1003,2.4137323,0.0,1.639636,3.178956,5.458918e-05,0.0,0.0038902308,0.038541887
1004,6.921978,0.0,0.13167319,3.1789646,9.292056e-05,0.0,0.0004184467,0.03854157
1005,0.1490397,0.0,8.507738,3.178973,0.0029877357,0.0,0.0027790475,0.03854138
1006,2.1631608,0.0,0.12280974,3.1789815,0.00014467392,0.0,0.0002876856,0.038541194
1007,0.11629564,0.0,1.8893927,3.1789896,0.00015280105,0.0,0.00011378319,0.03854103
1008,24.925524,0.0,1.1825182,3.1789973,0.002520543,0.0,7.8042496e-05,0.038540777
1009,7.6832,0.0,0.469486,3.1790044,1.1367207e-05,0.0,0.016597454,0.038540464
1010,2.9460409,0.0,0.130999,3.1790113,8.011893e-05,0.0,0.0028376472,0.03854015
1011,0.41379732,0.0,0.1262604,3.1790159,0.002597465,0.0,0.0004836018,0.03853977
1012,1.3862938,0.0,0.27770844,3.1790202,0.0007027617,0.0,0.0044495594,0.03853919
1013,1.0888224,0.0,0.20053443,3.1790233,0.0022095747,0.0,0.003124311,0.03853846
1014,0.2606715,0.0,0.3329164,3.1790285,5.4056392e-05,0.0,0.0007263727,0.0385378
1015,1.2737217,0.0,2.6493852,3.1790352,2.7787511e-05,0.0,6.4026404e-05,0.038536943
1016,1.8490251,0.0,2.5695915,3.1790416,1.5182391e-05,0.0,7.644475e-05,0.03853608
1017,0.5838551,0.0,0.023396043,3.1790493,0.0031738235,0.0,0.0003151986,0.038535297
1018,0.6447236,0.0,12.234596,3.1790555,9.118818e-05,0.0,0.00031935167,0.0385345
1019,0.3197495,0.0,0.024356782,3.179061,0.00010675248,0.0,0.00015662707,0.038534053
1020,1.3678553,0.0,0.027098864,3.1790652,0.0021870686,0.0,0.00016754778,0.038533773
1021,0.22199342,0.0,0.26502517,3.179069,0.00013648313,0.0,0.00045430916,0.038533553
1022,1.1870015,0.0,0.32978073,3.1790726,0.00035089528,0.0,0.00700875,0.038533363
1023,3.9900367,0.0,0.056622207,3.1790771,1.7648057e-05,0.0,0.00010130023,0.038534343
1024,7.2865458,0.0,7.9319243,3.179081,0.00072995416,0.0,0.00036608227,0.038535234
1025,0.7339563,0.0,0.06580839,3.1790853,4.444137e-06,0.0,3.897671e-05,0.03853592
1026,4.9847,0.0,0.8662372,3.179089,0.002897243,0.0,0.00010340114,0.03853649
1027,0.22676904,0.0,0.16692424,3.1790934,0.003307561,0.0,0.00015519175,0.03853688
1028,0.160657,0.0,0.11303276,3.1790967,4.659844e-05,0.0,0.00015948631,0.038537115
1029,0.35762727,0.0,0.74331826,3.1790996,6.4501466e-05,0.0,0.00015899583,0.03853728
1030,0.1470577,0.0,0.06371024,3.1791027,7.15039e-05,0.0,4.488652e-05,0.038537387
1031,2.109287,0.0,0.021656329,3.179105,0.0027024487,0.0,0.00011611215,0.038537364
1032,2.9682767,0.0,0.5645348,3.1791074,0.0026773377,0.0,0.0002132126,0.038537208
1033,0.16211218,0.0,4.564475,3.1791096,0.00032338488,0.0,0.0024417005,0.038536966
1034,0.5183549,0.0,24.22873,3.17911,4.6595178e-05,0.0,0.0002113833,0.038536705
1035,2.913024,0.0,0.84458196,3.1791074,0.0016719508,0.0,8.2113824e-05,0.038536403
1036,0.26480305,0.0,0.083297536,3.1791053,0.00179806,0.0,0.0004184572,0.038536083
1037,0.17449088,0.0,6.6091046,3.179103,0.0014556088,0.0,0.00026569737,0.03853574
1038,15.223668,0.0,0.014738053,3.1791017,0.000115969044,0.0,0.00024519188,0.03853538
1039,9.423939,0.0,1.5699271,3.1790998,0.0016679359,0.0,4.6548703e-05,0.038535036
1040,0.075601876,0.0,0.095059656,3.1790993,0.001320152,0.0,0.0003047984,0.03853469
1041,1.0134851,0.0,2.3358512,3.1790996,0.002647202,0.0,0.00025766765,0.038534228
1042,8.25776,0.0,0.07694147,3.1791008,0.00020424786,0.0,0.00012759247,0.03853376
1043,0.10808419,0.0,0.025459675,3.1791027,0.0011761467,0.0,7.071169e-05,0.038533248
1044,0.198278,0.0,4.284128,3.1791043,5.3238848e-05,0.0,0.00048512133,0.038532685
1045,0.08604539,0.0,0.04637042,3.1791074,0.0003041032,0.0,0.0026650473,0.03853198
1046,13.4015,0.0,0.49268156,3.1791093,0.0002434421,0.0,0.00026571093,0.03853125
1047,0.7931524,0.0,0.45713776,3.1791117,3.1452537e-06,0.0,0.0025078952,0.038530502
1048,1.5684026,0.0,0.4139402,3.1791134,0.0041493857,0.0,0.0031362823,0.038529813
1049,1.141573,0.0,10.631911,3.1791155,0.0010932803,0.0,0.0020865581,0.038529165
1050,0.5874435,0.0,3.9425178,3.1791103,0.0013668085,0.0,0.00014255932,0.038528524
1051,11.624472,0.0,1.2712727,3.1791067,0.00033283592,0.0,0.00011744838,0.038527947
1052,0.4005383,0.0,0.32262683,3.1791036,0.0007427119,0.0,0.00014851752,0.038527362
1053,0.19183931,0.0,0.05938519,3.1791,0.0019866037,0.0,0.0022194914,0.038526773
1054,0.20948486,0.0,1.4705455,3.1790965,0.001096241,0.0,0.0021750985,0.038526192
1055,0.8412267,0.0,2.9498043,3.1790962,0.0017339409,0.0,0.0036102724,0.038525585
1056,3.9948437,0.0,0.05906413,3.1790922,0.00026935124,0.0,6.242856e-05,0.03852503
1057,2.7533414,0.0,3.540395,3.1790886,0.00012204065,0.0,0.0005177473,0.03852455
1058,0.21461956,0.0,0.13868557,3.1790867,0.00013645523,0.0,0.003146979,0.03852402
1059,0.51891404,0.0,1.0013885,3.1790807,5.7742225e-05,0.0,0.0006703052,0.038523395
1060,2.358167,0.0,0.30318365,3.179075,0.00092148763,0.0,9.601287e-05,0.038522713
1061,0.051978838,0.0,0.8533742,3.1790724,0.0032985948,0.0,3.0162259e-05,0.038522065
1062,1.2774506,0.0,0.18320093,3.179072,5.036677e-05,0.0,4.06849e-05,0.038521405
1063,0.2068364,0.0,0.13074048,3.1790702,0.0021466096,0.0,0.0003746029,0.03852073
1064,5.205612,0.0,0.27518946,3.1790695,6.269166e-05,0.0,0.0012174442,0.038520433
1065,0.22740516,0.0,0.28794566,3.1790683,0.0017587226,0.0,0.00016214668,0.03851951
1066,3.8423963,0.0,2.0761337,3.1790662,0.0012294415,0.0,0.002191419,0.038518835
1067,0.10228774,0.0,0.034732185,3.179065,0.0016185492,0.0,0.0001700643,0.038518175
1068,1.4440826,0.0,0.5574813,3.1790636,0.00021492962,0.0,4.2181084e-05,0.038517535
1069,2.663398,0.0,0.20888923,3.1790628,1.6476915e-05,0.0,0.00015467628,0.038516913
1070,0.22694562,0.0,2.8530343,3.1790624,0.00016266467,0.0,0.0033634305,0.03851636
1071,0.2642458,0.0,0.69898254,3.1790605,1.2420491e-05,0.0,0.00015702166,0.03851587
1072,2.0675085,0.0,0.6139204,3.179062,8.0982445e-06,0.0,3.4639244e-05,0.038515378
1073,0.4668518,0.0,0.1367041,3.1790636,0.002729896,0.0,0.00018102162,0.03851485
1074,2.7552762,0.0,0.06043482,3.179066,1.4875694e-05,0.0,0.000317671,0.03851439
1075,0.3343181,0.0,0.3472348,3.1790679,8.9921436e-05,0.0,0.00024573045,0.038513903
1076,1.6975986,0.0,7.2432065,3.17907,3.3250715e-05,0.0,5.451216e-05,0.038513344
1077,0.18172096,0.0,0.08087048,3.1790707,0.0004521776,0.0,0.00084932556,0.03851278
1078,0.18672475,0.0,8.925022,3.1790724,2.5159668e-05,0.0,0.0001261578,0.03851222
1079,0.16416319,0.0,1.8145523,3.1790733,3.824329e-06,0.0,0.003395801,0.038511638
1080,10.707505,0.0,0.04514437,3.1790745,8.355938e-05,0.0,0.0030119647,0.03851107
1081,0.16209853,0.0,0.11586484,3.179076,2.6601334e-05,0.0,0.005423853,0.038510483
1082,0.25006348,0.0,0.5453445,3.1790779,3.9879058e-05,0.0,0.00014802522,0.038510144
1083,1.6091071,0.0,0.2697001,3.1790812,4.2194897e-05,0.0,0.00017338031,0.038509768
1084,9.7258,0.0,0.5585222,3.1790845,2.254177e-05,0.0,0.000117800555,0.038508933
1085,0.48455858,0.0,5.7156243,3.179084,5.9277536e-05,0.0,9.3955176e-05,0.038508132
1086,1.5838207,0.0,0.044496734,3.1790795,3.667489e-05,0.0,0.003529334,0.038507357
1087,0.3740935,0.0,1.4341259,3.1790757,9.371719e-05,0.0,0.003176971,0.038506724
1088,2.7942321,0.0,0.059045605,3.1790736,0.0006287154,0.0,0.0005031508,0.038506337
1089,0.31107485,0.0,0.21401918,3.1790717,3.678603e-06,0.0,0.00010913478,0.038505983
1090,0.5220039,0.0,15.709254,3.1790693,4.7784564e-05,0.0,0.002516834,0.038505603
1091,5.3870144,0.0,2.8849545,3.179068,0.0017508907,0.0,0.00023977422,0.03850514
1092,0.70214355,0.0,1.3797174,3.1790652,0.00013407099,0.0,7.2370574e-05,0.03850468
1093,0.84287274,0.0,0.12468893,3.1790652,1.2559196e-05,0.0,0.001813189,0.038504224
1094,0.47126356,0.0,0.5714247,3.1790652,0.00044797885,0.0,0.0005885919,0.038504075
1095,12.060241,0.0,6.4462795,3.1790664,7.2238167e-06,0.0,0.0029120508,0.0385043
1096,1.2781017,0.0,27.582615,3.1790648,0.00023671541,0.0,0.0006688632,0.038504567
1097,1.755228,0.0,1.3594078,3.179066,0.00027994695,0.0,0.0004659108,0.038504783
1098,1.2397126,0.0,0.36349735,3.1790695,0.00026902606,0.0,0.0011802135,0.038504753
1099,0.32612428,0.0,1.1559359,3.179073,4.705312e-05,0.0,0.00021185153,0.03850473
1100,1.1281266,0.0,0.27947995,3.1790774,0.001408771,0.0,0.0025191589,0.03850528
1101,0.37165946,0.0,12.763833,3.179083,6.413475e-05,0.0,0.0024194974,0.038505904
1102,13.195885,0.0,0.047097813,3.1790876,0.00016251698,0.0,0.00025335918,0.038506564
1103,1.0197134,0.0,0.024745718,3.1790907,9.192031e-06,0.0,0.000617577,0.038507104
1104,1.1985852,0.0,1.2606554,3.179094,8.298235e-05,0.0,0.00018277644,0.038507592
1105,0.30104756,0.0,0.019276135,3.1790981,3.1758118e-05,0.0,0.0025309196,0.03850804
1106,0.8869933,0.0,5.3711815,3.1791015,5.1468687e-06,0.0,4.9759794e-05,0.038508445
1107,2.3639565,0.0,0.20160873,3.1791081,0.0054149805,0.0,0.00019738734,0.038508754
1108,0.112296246,0.0,6.9819927,3.1791148,0.0008578411,0.0,0.00071552093,0.038508944
1109,2.3246315,0.0,0.12926687,3.1791193,0.0006126357,0.0,0.00035313948,0.03850898
1110,0.16379009,0.0,3.6417522,3.1791244,0.00043465925,0.0,0.0004478785,0.03850899
1111,0.20792858,0.0,0.112716734,3.1791253,7.242922e-05,0.0,0.0005692568,0.038509015
1112,0.62280416,0.0,3.4050894,3.1791255,5.007781e-05,0.0,0.00049449265,0.0385092
1113,3.742237,0.0,2.948883,3.1791248,2.6674938e-06,0.0,0.00011244384,0.038509272
1114,0.16900171,0.0,0.15411925,3.1791263,0.00029230674,0.0,0.0031195409,0.038509287
1115,1.4633598,0.0,0.15698197,3.1791275,1.3180361e-06,0.0,9.502339e-05,0.038509294
1116,0.09313833,0.0,0.25530672,3.1791286,6.29332e-05,0.0,5.1800474e-05,0.03850925
1117,15.946989,0.0,1.9411311,3.17913,1.4058717e-05,0.0,0.0004858475,0.03850913
1118,0.9089798,0.0,0.020580119,3.179133,0.0001153701,0.0,0.00024162528,0.03850914
1119,0.0681156,0.0,1.0614243,3.179135,2.7317135e-05,0.0,0.00021155413,0.038509104
1120,1.287539,0.0,8.692657,3.179137,4.5931745e-05,0.0,0.00018149646,0.038509138
1121,0.17166704,0.0,4.158178,3.179137,1.8271849e-05,0.0,0.0022494274,0.038509123
1122,0.2223895,0.0,0.109744206,3.1791377,0.0029853177,0.0,0.0018697584,0.038509127
1123,0.8123294,0.0,0.20779459,3.1791377,0.0020252224,0.0,0.00030297713,0.038509056
1124,13.03242,0.0,0.24609245,3.179138,1.11812815e-05,0.0,0.00022474183,0.03850885
1125,0.2041276,0.0,13.502825,3.1791382,0.00014701531,0.0,3.2584212e-05,0.038508672
1126,0.6986526,0.0,1.1492888,3.1791344,1.0284469e-05,0.0,0.0019595802,0.038508438
1127,15.469072,0.0,0.2828682,3.179133,0.0044997646,0.0,0.0011457201,0.03850817
1128,0.36515957,0.0,0.036699183,3.1791308,8.270901e-05,0.0,0.00031980453,0.038507905
1129,1.4509875,0.0,2.8651705,3.1791286,8.1618255e-06,0.0,0.0018726608,0.03850768
1130,8.466141,0.0,0.23538777,3.179131,0.0006776286,0.0,0.0005618731,0.038507394
1131,0.71720284,0.0,4.534788,3.1791317,3.9976992e-05,0.0,0.0034348108,0.03850713
1132,7.795726,0.0,0.15384728,3.1791363,7.909059e-05,0.0,0.0003762815,0.03850686
1133,1.823411,0.0,1.1201922,3.1791403,0.0031081967,0.0,0.00012379087,0.03850661
1134,1.8454401,0.0,0.6198925,3.1791456,7.8900455e-05,0.0,0.0017156103,0.038506314
1135,4.1378884,0.0,1.0538231,3.179151,4.0656036e-05,0.0,0.0030101337,0.03850703
1136,13.456388,0.0,2.3626466,3.179156,0.0021502462,0.0,0.0032159397,0.03850754
1137,0.31875357,0.0,0.16605091,3.1791608,0.00020277326,0.0,7.825751e-05,0.038508043
1138,8.433811,0.0,0.029619846,3.179165,0.00021696505,0.0,0.00266763,0.03850847
1139,1.6947458,0.0,0.12233195,3.1791685,1.9792285e-05,0.0,0.0025015967,0.038508955
1140,1.7717369,0.0,0.41337198,3.1791725,1.7535023e-05,0.0,0.00010452593,0.03850933
1141,0.41348824,0.0,2.3956635,3.1791756,5.2269286e-05,0.0,0.00024677796,0.038509604
1142,0.6824802,0.0,0.07446997,3.1791797,0.0004824792,0.0,5.1587438e-05,0.03850987
1143,5.827569,0.0,3.5776808,3.1791825,1.587948e-05,0.0,0.0026056105,0.038510077
1144,1.3489437,0.0,1.6697929,3.1791883,7.220985e-05,0.0,0.0015742336,0.038510837
1145,0.20750336,0.0,0.1635565,3.1791945,2.9762832e-05,0.0,0.00086952804,0.038511652
1146,1.5751727,0.0,0.5562831,3.1791997,0.00010531686,0.0,0.00011631502,0.03851238
1147,0.6170307,0.0,0.015928082,3.1792057,0.00031074218,0.0,9.763184e-05,0.03851303
1148,11.169568,0.0,1.3348958,3.1792104,4.349032e-06,0.0,6.7729765e-05,0.038513593
1149,1.5105432,0.0,0.03991157,3.1792161,0.00065432244,0.0,0.00034336076,0.03851404
1150,12.040255,0.0,1.8351228,3.179222,7.403031e-05,0.0,0.002968752,0.03851432
1151,0.6613024,0.0,0.14284696,3.179231,0.0022005308,0.0,0.00029648383,0.038514506
1152,0.1901067,0.0,0.0268657,3.1792388,0.00017211026,0.0,0.0005500946,0.038514588
1153,0.259113,0.0,2.13537,3.1792464,8.317158e-05,0.0,0.00027864825,0.038516518
1154,2.1958356,0.0,1.4721205,3.179254,0.00020167943,0.0,0.00019274309,0.038518228
1155,12.057686,0.0,0.6895291,3.179259,0.00011342301,0.0,0.00018332285,0.038519714
1156,0.63931495,0.0,10.798637,3.1792657,5.9501843e-05,0.0,0.00031852382,0.038520906
1157,13.655083,0.0,10.005546,3.17927,5.9602673e-05,0.0,0.00019367962,0.03852197
1158,0.5312015,0.0,2.5496733,3.1792753,0.002482005,0.0,7.8633995e-05,0.038523
1159,5.184999,0.0,0.54526013,3.1792822,4.050016e-05,0.0,0.0047128056,0.03852391
1160,1.6846972,0.0,0.5072738,3.1792877,0.000105747706,0.0,0.00024244547,0.038524717
1161,2.8846433,0.0,0.09230909,3.179291,0.00080972485,0.0,0.00033984764,0.038525533
1162,0.11776127,0.0,0.014326598,3.1792948,2.8384056e-05,0.0,0.00017030594,0.038526207
1163,0.9571197,0.0,0.52087945,3.1792986,6.876393e-05,0.0,4.2125608e-05,0.03852675
1164,12.622561,0.0,0.097585976,3.1793025,8.7004184e-05,0.0,0.0031626725,0.03852716
1165,0.41610274,0.0,2.6592395,3.1793067,7.7024546e-05,0.0,0.0028790478,0.038527556
1166,2.350921,0.0,0.9644348,3.179312,0.00010946676,0.0,0.0038873681,0.038527936
1167,20.629065,0.0,0.3152608,3.1793184,7.949653e-05,0.0,7.4036485e-05,0.038528252
1168,0.11671242,0.0,0.07939025,3.1793227,3.9742623e-05,0.0,0.0005912484,0.038528506
1169,0.42720926,0.0,0.03728881,3.1793263,0.00011410463,0.0,0.0008699979,0.0385287
1170,1.8822329,0.0,0.17850165,3.1793303,4.806305e-05,0.0,0.00024780084,0.038528923
1171,0.052407086,0.0,4.4801836,3.179335,9.354023e-06,0.0,0.005235618,0.03852911
1172,17.877289,0.0,0.039655358,3.179339,2.0754722e-05,0.0,0.00018642843,0.03852918
1173,0.29245055,0.0,0.44422206,3.1793437,2.8926603e-05,0.0,0.002281047,0.03852916
1174,7.0570974,0.0,0.034269467,3.179347,6.673636e-05,0.0,0.0017181016,0.038529113
1175,1.1913726,0.0,12.478106,3.1793497,5.586424e-05,0.0,0.0002250648,0.038529593
1176,0.30715424,0.0,0.04459494,3.1793456,0.002700924,0.0,0.0026969123,0.03853005
1177,4.0056696,0.0,2.4751005,3.1793423,5.25766e-05,0.0,7.254549e-05,0.03853054
1178,0.4221704,0.0,6.1402307,3.1793373,6.027586e-06,0.0,0.00012472698,0.038530964
1179,2.6214843,0.0,11.546572,3.1793284,1.0970611e-05,0.0,0.00016047404,0.038531344
1180,2.4457333,0.0,0.09498171,3.1793194,0.0028315426,0.0,0.005580021,0.038531695
1181,1.872043,0.0,0.07305018,3.179317,0.002624821,0.0,0.00030916274,0.038532212
1182,0.45249897,0.0,1.7665291,3.1793146,8.792912e-06,0.0,7.94767e-05,0.03853259
1183,0.071582854,0.0,0.02556484,3.1793146,0.000109389635,0.0,0.00038139638,0.03853285
1184,1.3235557,0.0,0.30517298,3.1793149,1.1283424e-05,0.0,0.0003832528,0.0385333
1185,0.22899978,0.0,0.031151703,3.1793137,4.8876762e-05,0.0,0.00019548302,0.038533613
1186,0.14511643,0.0,10.596501,3.1793125,0.0028598236,0.0,0.0028280036,0.038533844
1187,3.1455412,0.0,0.94332707,3.179306,6.525316e-06,0.0,0.0032096498,0.038534056
1188,6.2935815,0.0,3.6394184,3.1793005,1.181359e-05,0.0,0.00022726928,0.038535044
1189,0.7212752,0.0,3.4836583,3.179297,7.125535e-05,0.0,8.516188e-05,0.03853596
1190,3.1774085,0.0,0.8335433,3.1792936,0.0023710246,0.0,0.003030011,0.038536694
1191,0.3472239,0.0,0.9960681,3.1792917,7.982557e-06,0.0,0.00041414736,0.03853731
1192,1.0099971,0.0,1.102433,3.1792917,5.3995645e-06,0.0,0.00027822406,0.038538687
1193,1.0904456,0.0,5.8981767,3.1792912,0.00012150782,0.0,0.0034154444,0.038540035
1194,2.6209054,0.0,0.038064033,3.1792912,0.00235379,0.0,0.002851684,0.038541503
1195,2.4015908,0.0,0.59136343,3.1792915,2.980439e-05,0.0,0.00045957047,0.038542654
1196,3.842207,0.0,0.8679464,3.1792917,3.9583443e-05,0.0,0.00028669887,0.03854375
1197,0.3499303,0.0,0.16578619,3.179292,1.234191e-05,0.0,0.0007980082,0.038545027
1198,14.074431,0.0,0.25161776,3.1792922,3.9065177e-05,0.0,0.0025244413,0.03854659
1199,1.0622855,0.0,0.031944245,3.1792932,1.8534458e-05,0.0,0.00095550105,0.038547926
1200,0.30076063,0.0,1.725426,3.179294,2.76108e-05,0.0,0.00013440692,0.03854912
1201,0.758744,0.0,6.3144326,3.179296,0.0010918106,0.0,0.00046544796,0.038550176
1202,0.25563708,0.0,2.0116713,3.1793005,0.0026560337,0.0,0.00024444732,0.038551103
1203,0.2845064,0.0,0.053888604,3.1793034,0.0008787614,0.0,0.0029178546,0.03855185
1204,0.41555363,0.0,1.7659264,3.1793058,4.7841455e-05,0.0,0.00016769551,0.038552452
1205,0.4187851,0.0,0.03822515,3.1793103,4.9017908e-05,0.0,0.00022257933,0.03855308
1206,0.23881292,0.0,0.61458915,3.1793149,0.0009847477,0.0,0.000105319414,0.03855362
1207,0.21794403,0.0,1.0936743,3.1793187,0.00014522138,0.0,0.0008687263,0.038554057
1208,0.15219344,0.0,0.45869774,3.1793244,0.000112918206,0.0,0.00095784274,0.038554545
1209,0.834119,0.0,5.5492477,3.1793306,0.0006205973,0.0,0.00021784318,0.03855524
1210,6.601419,0.0,10.032613,3.179338,8.6903456e-05,0.0,0.00038303368,0.038555946
1211,0.05191855,0.0,0.31197459,3.179346,9.5818454e-05,0.0,0.0032879359,0.038556527
1212,10.650909,0.0,1.3196144,3.1793537,0.00010799475,0.0,0.00012083075,0.03855688
1213,1.8279326,0.0,0.08524517,3.17936,4.579288e-05,0.0,0.00032271253,0.038557198
1214,0.64268863,0.0,0.0500465,3.1793652,0.00010911428,0.0,0.0005473833,0.03855751
1215,0.9999833,0.0,7.247047,3.1793692,3.5662557e-05,0.0,9.267943e-05,0.038557738
1216,0.90487117,0.0,11.900125,3.1793745,0.00020431618,0.0,0.0031709129,0.03855789
1217,0.35818595,0.0,0.059656367,3.1793776,0.00035418017,0.0,0.00012960462,0.038557965
1218,1.3325694,0.0,1.9685516,3.1793802,7.370032e-07,0.0,0.002920751,0.038557928
1219,1.4135174,0.0,0.017869757,3.1793823,0.0034398015,0.0,0.00020471183,0.038557757
1220,0.5214554,0.0,1.2561144,3.179384,0.00014282898,0.0,0.00013385732,0.03855757
1221,0.84479976,0.0,0.47952107,3.179386,0.00021730235,0.0,0.0021454433,0.038557313
1222,5.3473535,0.0,12.878536,3.1793904,2.7650161e-05,0.0,2.522627e-05,0.038557
1223,14.411085,0.0,0.19175452,3.1793826,9.1038695e-05,0.0,0.00013766428,0.03855665
1224,0.1307534,0.0,0.06273858,3.179375,7.506403e-05,0.0,0.005796291,0.038556267
1225,0.028258082,0.0,0.046748,3.179368,0.00032489715,0.0,0.00019719882,0.03855599
1226,14.17937,0.0,0.16247359,3.1793618,7.716926e-05,0.0,0.00015872566,0.038555697
1227,3.8701465,0.0,2.1567724,3.1793559,2.8495728e-05,0.0,0.002126551,0.03855527
1228,4.496916,0.0,4.555041,3.1793554,2.0354972e-05,0.0,5.3457334e-05,0.03855484
1229,1.6409734,0.0,1.635181,3.1793618,1.19195975e-05,0.0,0.0020457427,0.038554367
1230,22.492462,0.0,1.6201245,3.179373,0.00017409642,0.0,0.00021384082,0.038553815
1231,0.28929168,0.0,0.9118129,3.179381,2.7084012e-05,0.0,0.00031337686,0.038553227
1232,0.32833204,0.0,0.089487836,3.179388,9.75093e-05,0.0,0.015936375,0.038552623
1233,3.2250082,0.0,0.7792612,3.1793945,0.0021804015,0.0,0.0027852817,0.038552
1234,0.98755527,0.0,0.28208655,3.1793997,4.448903e-05,0.0,0.000101954465,0.038551494
1235,0.10614647,0.0,1.3102058,3.1794055,2.3557055e-05,0.0,0.0005249586,0.03855096
1236,0.23338021,0.0,0.4485446,3.179412,6.156823e-05,0.0,0.00017236575,0.038550455
1237,2.8904114,0.0,0.19676298,3.1794186,0.00013793443,0.0,0.00017660666,0.038550254
1238,0.1099909,0.0,0.57986784,3.179426,0.002966954,0.0,0.0032827654,0.038550068
1239,1.6815212,0.0,0.07899219,3.1794312,0.0026921695,0.0,0.00024410791,0.038551517
1240,2.4790072,0.0,0.8958203,3.1794364,0.0003473049,0.0,0.0011740584,0.038552865
1241,6.529417,0.0,0.32150894,3.1794415,0.0028997562,0.0,0.0027562804,0.038554683
1242,0.65989286,0.0,5.1140103,3.1794462,0.0010749047,0.0,0.0030932287,0.038556337
1243,3.912853,0.0,1.1543937,3.179451,0.002309459,0.0,8.8429166e-05,0.038557883
1244,6.7503347,0.0,0.09093746,3.179458,3.7195234e-05,0.0,0.00012396979,0.03855927
1245,1.4924875,0.0,0.21720107,3.1794639,2.3653638e-05,0.0,0.0011477538,0.038560517
1246,5.424132,0.0,0.34939387,3.1794693,8.571253e-05,0.0,0.0003469833,0.038561698
1247,9.454614,0.0,0.036160298,3.1794767,0.0033126078,0.0,0.0014826565,0.03856303
1248,2.7430122,0.0,0.062807165,3.179483,0.0019957828,0.0,4.007973e-05,0.03856424
1249,0.4783438,0.0,0.037184842,3.1794884,0.0010712497,0.0,0.00014782789,0.03856533
1250,1.373579,0.0,0.2861363,3.1794927,9.5653224e-05,0.0,0.00228932,0.038566407
1251,0.5726123,0.0,0.060694214,3.179497,1.2003848e-05,0.0,0.003788824,0.038567215
1252,5.9108467,0.0,0.04458009,3.1795008,0.00015030452,0.0,0.0027980474,0.0385679
1253,1.3941537,0.0,1.2626877,3.179504,0.00061082095,0.0,0.0016288629,0.038568594
1254,0.88332784,0.0,0.18616338,3.1795075,0.0021464876,0.0,0.0007258636,0.038569193
1255,0.24407743,0.0,0.059911747,3.1795113,2.0342955e-05,0.0,0.00011280639,0.03856966
1256,0.69141436,0.0,1.9379321,3.179515,2.327501e-05,0.0,0.00020471108,0.03857002
1257,0.5366894,0.0,2.4842043,3.1795194,0.00084378035,0.0,0.00026286312,0.038570415
1258,0.32868993,0.0,0.52617526,3.1795251,7.2968825e-05,0.0,0.0016194286,0.03857088
1259,1.1910744,0.0,0.23119754,3.1795304,3.378738e-05,0.0,0.00010366743,0.038572703
1260,2.6603045,0.0,0.013534679,3.1795354,2.6437942e-06,0.0,0.00037997033,0.038574368
1261,0.29190102,0.0,0.03822529,3.17954,5.5360375e-05,0.0,0.0016460774,0.038576316
1262,0.84005046,0.0,1.3453466,3.1795435,0.0034254796,0.0,0.00055559765,0.038578074
1263,7.4556546,0.0,0.769821,3.179548,0.0041433997,0.0,0.00055437034,0.038579926
1264,2.0987217,0.0,2.836335,3.1795545,4.0259925e-05,0.0,0.00016475072,0.03858201
1265,1.9209436,0.0,8.016741,3.179561,3.2635275e-05,0.0,0.004989992,0.03858384
1266,0.43633294,0.0,0.06458764,3.1795676,1.5131734e-05,0.0,0.00015748481,0.03858543
1267,3.1048522,0.0,2.2230995,3.1795735,1.6608252e-05,0.0,0.00016915142,0.038586896
1268,0.44753206,0.0,0.22406244,3.1795793,0.0027655438,0.0,0.00020989744,0.038588177
1269,0.16308855,0.0,0.041813657,3.1795828,0.0007291827,0.0,0.0018279577,0.038589336
1270,12.062732,0.0,0.039316613,3.1795862,2.7399941e-05,0.0,0.00045511365,0.03859044
1271,0.56732386,0.0,1.4625925,3.1795888,1.6558964e-05,0.0,0.0057613,0.038591426
1272,13.545717,0.0,0.09928643,3.17959,0.0002553696,0.0,0.00021285302,0.0385923
1273,3.0919735,0.0,1.3454701,3.1795907,2.0917658e-05,0.0,0.003676304,0.03859306
1274,0.036590453,0.0,8.651108,3.179593,0.002882419,0.0,5.7601024e-05,0.038593754
1275,4.86549,0.0,1.9760463,3.1795957,6.628885e-05,0.0,0.0023064015,0.03859434
1276,12.991818,0.0,0.6929695,3.1796052,2.069254e-05,0.0,0.00018455905,0.03859477
1277,4.177706,0.0,0.038313217,3.1796157,5.768595e-05,0.0,0.0006960608,0.038595162
1278,0.35052383,0.0,0.094104,3.179625,0.0024894746,0.0,0.00041398374,0.038595214
1279,0.12894031,0.0,11.113994,3.1796343,0.0026368129,0.0,0.00061096216,0.038595345
1280,4.0939994,0.0,0.16982546,3.179642,0.00020605719,0.0,0.0025835505,0.0385954
1281,3.4168653,0.0,0.47179666,3.1796496,0.00019090303,0.0,5.355685e-05,0.03859546
1282,1.644733,0.0,0.895749,3.1796575,0.00018392736,0.0,0.0004804331,0.038595468
1283,0.16258119,0.0,1.3858649,3.179665,0.00016394125,0.0,0.0035888357,0.03859542
1284,0.49898422,0.0,0.15829572,3.1796746,9.974429e-05,0.0,0.0010415459,0.038595032
1285,0.18791433,0.0,0.80832154,3.1796825,0.0015730439,0.0,0.0007656391,0.038593993
1286,0.07048696,0.0,0.61651593,3.179691,0.00010073689,0.0,0.00050332234,0.03859306
1287,0.35573974,0.0,0.0358854,3.1796985,0.00017257752,0.0,0.005082052,0.038592074
1288,0.069084086,0.0,0.07345161,3.1797051,0.00020145865,0.0,0.00092877686,0.038591266
1289,0.09632744,0.0,0.043868806,3.1797113,0.00021557244,0.0,0.00015310524,0.03859048
1290,0.52613115,0.0,4.8515577,3.1797166,0.00088924164,0.0,0.0023871695,0.038589753
1291,0.14453948,0.0,0.029006353,3.1797204,0.0024855763,0.0,0.0076893223,0.038589094
1292,2.6056285,0.0,0.7559239,3.1797228,0.00016936079,0.0,0.00039597036,0.038588684
1293,0.19578712,0.0,0.013465626,3.1797264,0.00012221813,0.0,0.000112798945,0.038588304
1294,2.855532,0.0,0.14953378,3.1797287,0.003357014,0.0,0.0042521367,0.03858789
1295,0.14121619,0.0,0.05904399,3.1797347,0.00013534309,0.0,9.640843e-05,0.03858761
1296,9.182393,0.0,0.105925985,3.1797416,0.00047984498,0.0,0.0013350395,0.038587313
1297,0.12371959,0.0,1.4325148,3.1797476,0.00042455638,0.0,9.512484e-05,0.03858723
1298,0.046828967,0.0,0.025455307,3.1797535,0.0002018222,0.0,0.0031509006,0.038587105
1299,0.65877324,0.0,0.053639457,3.1797583,7.8656245e-05,0.0,0.000688687,0.038586896
1300,1.2182703,0.0,0.47263542,3.179763,0.0023004066,0.0,0.00022091814,0.038586453
1301,0.48743337,0.0,18.436129,3.1797671,0.00011908443,0.0,0.0003230039,0.038586076
1302,2.1522121,0.0,0.3955527,3.1797683,6.078882e-05,0.0,0.00010894016,0.038585678
1303,1.4186043,0.0,1.5251216,3.1797698,9.600259e-05,0.0,0.00019203871,0.03858524
1304,0.3109474,0.0,0.04473911,3.1797736,8.3004066e-05,0.0,5.6558245e-05,0.0385849
1305,0.24885048,0.0,2.1225374,3.1797774,0.00014120898,0.0,0.0011645841,0.038584504
1306,0.21898216,0.0,1.8486919,3.1797795,0.0025143137,0.0,0.0021649278,0.03858412
1307,4.490699,0.0,2.6122015,3.1797817,5.890435e-06,0.0,0.0005109471,0.038583875
1308,0.94499236,0.0,0.07362831,3.179789,0.00016327263,0.0,9.0493195e-05,0.038582187
1309,5.6419725,0.0,0.070437364,3.1797962,6.15688e-05,0.0,0.0008711062,0.03858072
1310,6.23717,0.0,0.07871473,3.1798031,7.321445e-05,0.0,0.00015438336,0.038579337
1311,0.1729432,0.0,0.08008597,3.1798153,0.00025103497,0.0,0.00018388833,0.038578253
1312,1.3032409,0.0,6.627762,3.179827,0.0001650411,0.0,0.00019101374,0.038577333
1313,2.8446217,0.0,0.08552537,3.1798398,4.7255413e-05,0.0,0.0001544758,0.038576487
1314,4.0907903,0.0,0.017393574,3.1798525,0.00037068574,0.0,0.000114000824,0.038575776
1315,0.21624276,0.0,1.8940512,3.1798632,2.2242886e-05,0.0,0.00066145393,0.038575098
1316,3.1514904,0.0,0.27432665,3.1798759,0.0028263482,0.0,0.0026665793,0.038574286
1317,2.6251388,0.0,4.2656527,3.1798885,1.5885567e-05,0.0,8.604331e-05,0.03857385
1318,0.8582036,0.0,0.113783345,3.1799061,0.0001539997,0.0,0.00063333486,0.038573466
1319,1.1635444,0.0,20.787537,3.1799214,0.0053950343,0.0,0.00038204083,0.038573097
1320,4.7028713,0.0,0.7025746,3.1799345,1.792881e-05,0.0,0.00013534023,0.038572554
1321,4.3571,0.0,0.054145955,3.1799464,2.9226092e-05,0.0,0.00014749046,0.038572054
1322,2.0215225,0.0,2.2374794,3.1799564,1.3021934e-05,0.0,0.0003975562,0.03857167
1323,0.07751141,0.0,14.218112,3.1799686,2.9910401e-05,0.0,0.0034713063,0.038571134
1324,0.29702252,0.0,0.61332226,3.1799798,9.6540214e-05,0.0,0.0036349813,0.03857046
1325,0.52701026,0.0,0.897219,3.179994,0.0032154017,0.0,0.0023458994,0.038569756
1326,0.07692371,0.0,0.08148358,3.180008,6.709757e-05,0.0,0.00019102162,0.038569156
1327,0.10769221,0.0,7.509846,3.1800208,0.00082911656,0.0,0.0037635807,0.038568564
1328,0.038156282,0.0,17.45374,3.180031,0.00048884295,0.0,0.0024986065,0.038568024
1329,0.19264334,0.0,17.96944,3.180035,1.2307505e-05,0.0,0.0014952892,0.03856739
1330,0.3710261,0.0,0.07927271,3.1800315,4.088931e-06,0.0,0.000687517,0.038566813
1331,3.4371083,0.0,0.24428609,3.1800284,0.0020048195,0.0,0.0013415765,0.038566284
1332,7.2927456,0.0,0.13461079,3.1800258,7.155916e-05,0.0,0.00018964418,0.038566086
1333,0.07714942,0.0,1.2331479,3.1800237,0.0002474871,0.0,5.7699228e-05,0.038565796
1334,0.61828136,0.0,0.17191865,3.1800208,0.00011982345,0.0,0.0026517934,0.03856558
1335,9.4809265,0.0,0.1952363,3.1800191,0.00013844064,0.0,0.002817291,0.03856544
1336,0.3367869,0.0,0.020634327,3.1800172,4.4529963e-05,0.0,8.5050764e-05,0.038565315
1337,1.3501358,0.0,0.04543679,3.1800158,0.00072535477,0.0,0.00031841756,0.038565174
1338,0.82777786,0.0,2.1940947,3.1800141,0.00074340124,0.0,0.00064396847,0.038564976
1339,0.4446713,0.0,1.1363764,3.1800168,1.45291615e-05,0.0,0.00026480717,0.038564526
1340,0.093670465,0.0,1.6258667,3.1800182,1.1165837e-05,0.0,0.00033553978,0.038563993
1341,0.13403168,0.0,10.112794,3.1800218,5.9078662e-05,0.0,0.009149508,0.03856347
1342,0.09913361,0.0,0.18070813,3.1800277,2.5892441e-05,0.0,5.0351347e-05,0.038562834
1343,0.04758911,0.0,12.83467,3.1800325,0.0013932234,0.0,0.00018625561,0.038562182
1344,0.9707845,0.0,1.7807753,3.1800408,0.00043424178,0.0,0.0032562334,0.038561504
1345,1.8048114,0.0,0.091828674,3.1800513,5.3044947e-05,0.0,0.0034471545,0.038560867
1346,1.6954672,0.0,0.22457048,3.1800613,2.2576573e-05,0.0,0.0003769637,0.038560294
1347,0.067027256,0.0,0.23917727,3.1800697,0.00011769209,0.0,6.0529917e-05,0.0385598
1348,0.08900448,0.0,0.94110966,3.1800776,4.4127235e-05,0.0,0.00021195305,0.038559247
1349,0.0749459,0.0,0.8601874,3.1800854,9.752116e-05,0.0,7.771648e-05,0.03855876
1350,3.2729282,0.0,1.5271792,3.1800933,8.689842e-05,0.0,0.00017447866,0.038558267
1351,10.428217,0.0,0.015844375,3.1801,9.619842e-05,0.0,0.0003833705,0.038557768
1352,0.75466436,0.0,7.1313124,3.180105,8.935928e-05,0.0,0.003567133,0.038557187
1353,0.3360925,0.0,2.5455275,3.1801093,9.482836e-06,0.0,0.00053914974,0.038556606
1354,0.098988384,0.0,0.5335151,3.1801147,0.0012662204,0.0,0.00015243635,0.038556043
1355,6.6004057,0.0,1.6013209,3.180119,0.00010201468,0.0,0.00042901482,0.03855552
1356,0.39082107,0.0,5.6957297,3.1801226,7.875627e-05,0.0,9.9726894e-05,0.038555216
1357,2.1266751,0.0,13.367977,3.1801252,9.24973e-05,0.0,0.00013370751,0.03855489
1358,1.3385658,0.0,2.4808493,3.1801238,3.7686597e-05,0.0,0.0026558232,0.038554624
1359,11.4800825,0.0,13.353118,3.1801233,5.9594247e-05,0.0,0.0030685745,0.03855439
1360,13.929075,0.0,1.9979429,3.1801236,0.0037432038,0.0,0.00053415325,0.038554154
1361,0.14697465,0.0,13.439761,3.1801226,4.590644e-05,0.0,0.0030783713,0.038553957
1362,0.069527745,0.0,1.9158186,3.1801233,0.00357235,0.0,0.0002283872,0.038553715
1363,0.9850626,0.0,0.110732146,3.180123,4.6088353e-05,0.0,7.7545665e-05,0.03855353
1364,0.039156664,0.0,4.8276806,3.1801221,2.02486e-05,0.0,0.00029683101,0.03855333
1365,0.98496264,0.0,8.091065,3.1801174,5.3023876e-05,0.0,0.0024635848,0.03855308
1366,0.16411965,0.0,0.7485464,3.1801126,0.00020474505,0.0,0.00018557694,0.0385529
1367,0.25020108,0.0,0.062003262,3.1801083,3.208907e-05,0.0,0.00027795736,0.0385527
1368,1.6370618,0.0,0.09412521,3.180104,0.0008331741,0.0,0.0032812187,0.038552493
1369,3.323049,0.0,7.2445064,3.1801007,0.0033383754,0.0,9.0597605e-05,0.038552396
1370,0.17345917,0.0,0.07382372,3.1800892,7.024116e-05,0.0,0.00027516848,0.038552288
1371,0.15546899,0.0,0.15822619,3.1800795,9.638336e-05,0.0,0.000491252,0.038552158
1372,7.485014,0.0,5.5647235,3.1800706,3.4940298e-05,0.0,6.025009e-05,0.03855196
1373,4.3789845,0.0,3.070935,3.1800697,6.829496e-05,0.0,8.451278e-05,0.038551733
1374,12.97702,0.0,2.2243009,3.180068,0.00023782106,0.0,0.0003203373,0.03855146
1375,0.09644631,0.0,0.016778747,3.180066,0.00010505439,0.0,0.0009245366,0.03855115
1376,0.11504916,0.0,1.2971152,3.1800647,0.0019279332,0.0,0.00018117185,0.038550805
1377,0.5276106,0.0,0.30972812,3.1800637,3.370685e-05,0.0,0.00019315555,0.0385505
1378,12.314696,0.0,0.12981665,3.180063,8.6359214e-05,0.0,0.00011692382,0.038550198
1379,0.61483455,0.0,0.04733468,3.1800628,5.821055e-05,0.0,6.961369e-05,0.038549885
1380,0.27633744,0.0,0.6185574,3.180063,0.0015068898,0.0,0.017435674,0.038549528
1381,0.2332884,0.0,0.17393412,3.180064,3.5399253e-06,0.0,0.0005832688,0.038549125
1382,0.09673051,0.0,0.23668055,3.180066,6.831518e-05,0.0,0.002670637,0.03854872
1383,3.0141068,0.0,5.89292,3.1800683,4.486233e-05,0.0,0.00025827438,0.038548365
1384,10.24772,0.0,14.483633,3.1800697,7.4879346e-05,0.0,0.0003379915,0.038548112
1385,1.5523365,0.0,0.20489287,3.1800683,0.00015818515,0.0,0.00049825094,0.038548
1386,3.0295653,0.0,0.15033048,3.1800601,7.4792384e-05,0.0,5.095407e-05,0.038548023
1387,5.317881,0.0,14.322176,3.1800532,0.0025064813,0.0,0.0003142493,0.038547985
1388,1.9751807,0.0,0.023294449,3.1800504,6.668869e-05,0.0,0.0005631364,0.038548037
1389,5.704959,0.0,1.7268856,3.1800475,3.691692e-05,0.0,0.0047588344,0.038548253
1390,1.8116182,0.0,0.08218932,3.1800458,0.0017847408,0.0,0.00010743876,0.038548425
1391,1.3575426,0.0,4.5039096,3.1800444,6.980713e-05,0.0,0.0020068777,0.03854858
1392,0.26860586,0.0,1.8811842,3.180045,0.0016865003,0.0,9.994245e-05,0.038548715
1393,11.958383,0.0,0.6291744,3.1800442,0.000130881,0.0,0.0016391107,0.03854878
1394,1.9730048,0.0,0.036617782,3.180045,4.348868e-05,0.0,0.00028729273,0.03854883
1395,1.283433,0.0,1.1212015,3.180046,6.495759e-05,0.0,0.003993314,0.03854881
1396,0.080568396,0.0,0.11598482,3.1800508,0.00013514113,0.0,0.00036560258,0.03854879
1397,0.15196961,0.0,11.22605,3.1800551,2.0364543e-05,0.0,0.00012946103,0.038548738
1398,2.5220313,0.0,2.871952,3.1800609,0.00018297989,0.0,0.00057522283,0.03854864
1399,1.9330171,0.0,0.14798859,3.1800656,1.319715e-05,0.0,3.7772756e-05,0.038548518
1400,0.3773196,0.0,1.6996821,3.1800709,0.003840067,0.0,0.0006389967,0.03854832
1401,0.16322859,0.0,0.027406845,3.180076,0.00014816647,0.0,0.0010769067,0.03854803
1402,0.085150935,0.0,0.059771296,3.180081,7.898354e-06,0.0,0.00070830795,0.03854985
1403,11.038068,0.0,0.12748961,3.1800847,0.0002442372,0.0,0.000294266,0.038551487
1404,3.4074268,0.0,1.6284952,3.1800876,8.437798e-05,0.0,0.0077908174,0.038552847
1405,0.072700635,0.0,0.030110506,3.1800892,1.0649164e-05,0.0,8.39107e-05,0.038554624
1406,12.028923,0.0,0.09506619,3.180091,4.9058814e-05,0.0,0.00073485286,0.038556203
1407,0.096057,0.0,10.334605,3.1800938,7.3253614e-05,0.0,0.0032392947,0.03855807
1408,0.2745788,0.0,0.027970731,3.1800985,3.733959e-05,0.0,0.0012306054,0.03855965
1409,5.3987465,0.0,9.3358965,3.1801023,4.3960805e-05,0.0,0.00013950383,0.038561348
1410,1.1366614,0.0,0.02916126,3.180104,9.356618e-06,0.0,0.002074027,0.0385629
1411,1.1670755,0.0,0.9261287,3.180106,8.833258e-05,0.0,0.003030965,0.038564242
1412,2.1582155,0.0,0.17289321,3.1801085,1.7053359e-05,0.0,9.358313e-05,0.038565483
1413,0.20361464,0.0,1.3715037,3.1801112,1.2122588e-05,0.0,0.00018247805,0.0385665
1414,0.17934446,0.0,0.05663836,3.1801155,6.796007e-05,0.0,0.0028878772,0.03856733
1415,1.5005591,0.0,3.167886,3.1801198,1.9459156e-05,0.0,0.0028254327,0.038568094
1416,9.831664,0.0,0.44822854,3.1801238,1.8288318e-05,0.0,0.0032933136,0.038568653
1417,0.12969705,0.0,0.08450493,3.1801267,4.5162673e-05,0.0,0.0004389152,0.03856906
1418,2.128456,0.0,5.8335004,3.1801288,2.5070347e-05,0.0,0.000112762384,0.03856932
1419,8.907785,0.0,1.4417533,3.1801312,0.00022203158,0.0,0.0012848508,0.03856942
1420,15.585405,0.0,2.0654504,3.1801348,0.0012558757,0.0,0.000655847,0.038569562
1421,6.161513,0.0,0.556868,3.1801386,2.9083722e-06,0.0,0.00013881878,0.03856979
1422,0.1477988,0.0,0.30154833,3.1801407,5.3098218e-05,0.0,0.0033453754,0.038569875
1423,1.3275236,0.0,0.26157576,3.1801438,0.000104974824,0.0,0.0032751064,0.03857001
1424,0.96252584,0.0,13.721461,3.1801455,0.0001470461,0.0,0.00011612044,0.03857009
1425,2.1633234,0.0,0.32926726,3.1801345,0.00044294161,0.0,0.00029423932,0.038570084
1426,2.803009,0.0,4.209957,3.1801248,7.969106e-05,0.0,0.0027107745,0.03857006
1427,1.1693995,0.0,1.8988665,3.1801186,0.002381185,0.0,0.00042251515,0.038569957
1428,0.6185324,0.0,0.01707498,3.1801136,5.371028e-05,0.0,0.0005779942,0.03856982
1429,0.7988237,0.0,14.391103,3.180109,0.002338476,0.0,0.00028882033,0.03856989
1430,0.7991255,0.0,0.71230084,3.1801026,2.0412452e-05,0.0,0.00027804967,0.03857004
1431,3.7599592,0.0,1.8866862,3.1800973,0.003081753,0.0,0.0020536936,0.038570214
1432,8.955379,0.0,0.014872565,3.180096,3.2125714e-05,0.0,0.0007982393,0.038570218
1433,4.3731246,0.0,2.8947818,3.1800933,2.2048513e-05,0.0,0.0025515684,0.038570497
1434,6.0562696,0.0,4.742007,3.180091,0.0009644672,0.0,0.00095257274,0.03857074
1435,9.491791,0.0,1.1511414,3.1800928,0.002403654,0.0,6.460775e-05,0.038570926
1436,0.3662939,0.0,0.26591173,3.1800964,0.0023644,0.0,0.0002874354,0.038571037
1437,0.54674697,0.0,1.1811546,3.1800995,0.0019386068,0.0,0.00012083881,0.03857122
1438,4.057265,0.0,0.027789019,3.180104,5.573021e-05,0.0,0.0016807822,0.038571388
1439,2.7751472,0.0,0.026069786,3.1801076,4.3517255e-05,0.0,0.00057597365,0.038571447
1440,1.5688361,0.0,0.23796885,3.180111,0.0026861166,0.0,0.00044325407,0.038571436
1441,6.312561,0.0,1.1138091,3.180114,0.00017943031,0.0,0.00013248452,0.038571015
1442,0.47162756,0.0,0.2451338,3.180115,0.0017049399,0.0,0.00016914628,0.03857057
1443,10.394235,0.0,13.668212,3.180115,6.781089e-05,0.0,0.00018185978,0.0385702
1444,0.4496697,0.0,0.88544726,3.1801105,0.00012387226,0.0,0.0004171281,0.038569808
1445,0.0556596,0.0,1.0079577,3.1801076,0.0006027023,0.0,0.000507664,0.03856967
1446,0.6479493,0.0,1.8984547,3.1801045,0.0002372523,0.0,0.00016792254,0.038569547
1447,2.6175485,0.0,0.37015426,3.1801012,7.680131e-05,0.0,0.0028661075,0.038569417
1448,1.2918007,0.0,2.5189745,3.1800978,0.00016773322,0.0,0.00012285261,0.03856923
1449,0.39022413,0.0,0.45059365,3.1800997,0.00011935532,0.0,0.0033361332,0.038568925
1450,1.082742,0.0,1.4852306,3.1801054,6.5434055e-05,0.0,0.005537483,0.03856869
1451,0.8416633,0.0,4.2349863,3.1801121,9.377387e-05,0.0,0.0001126812,0.038568556
1452,0.34770304,0.0,0.028221007,3.1801205,3.524687e-05,0.0,0.0032086242,0.03856845
1453,0.2380882,0.0,0.92567146,3.1801288,0.0022745566,0.0,0.0007225723,0.03856845
1454,1.407168,0.0,4.3287024,3.1801364,0.000150401,0.0,0.00012419184,0.03856837
1455,0.2737659,0.0,1.811285,3.1801434,4.5511115e-05,0.0,0.0022522549,0.03856825
1456,12.734212,0.0,0.8560762,3.1801503,0.0001648246,0.0,0.0001938615,0.03856808
1457,4.5143847,0.0,4.0737786,3.180157,0.0036093076,0.0,0.0006534785,0.038567837
1458,0.29741296,0.0,11.2043085,3.1801596,8.8402245e-05,0.0,0.0018753593,0.038567726
1459,1.1230419,0.0,5.3694916,3.1801605,6.0292215e-05,0.0,0.000127476,0.03856761
1460,11.728176,0.0,10.783633,3.1801655,9.460286e-05,0.0,0.0016525767,0.038567446
1461,0.100163996,0.0,6.664176,3.1801717,0.0013133885,0.0,0.00031682744,0.038566094
1462,0.11504656,0.0,23.096098,3.180173,0.0031798775,0.0,0.0029142334,0.03856486
1463,1.6485369,0.0,3.7132056,3.1801746,4.6315825e-05,0.0,0.0036525244,0.038563855
1464,0.1241213,0.0,1.5873774,3.1801782,9.789125e-05,0.0,0.0022465673,0.03856304
1465,5.9863124,0.0,27.398132,3.1801832,5.926897e-05,0.0,0.00031564335,0.038562365
1466,0.057377502,0.0,0.62650114,3.1801815,0.00034977047,0.0,0.002780724,0.03856171
1467,11.175008,0.0,0.91281825,3.1801813,0.0010640817,0.0,0.004395059,0.038561217
1468,0.056198902,0.0,0.9736192,3.1801832,8.8576606e-05,0.0,0.00020810726,0.03856086
1469,6.654951,0.0,3.1868048,3.1801856,0.001503103,0.0,0.0024587105,0.03856058
1470,0.33776173,0.0,0.08971302,3.1801913,0.0010488754,0.0,0.00017864106,0.03856035
1471,4.7514415,0.0,2.9620323,3.180196,0.0002904531,0.0,0.00092386024,0.038560156
1472,0.29260564,0.0,13.595716,3.1802008,0.002297818,0.0,0.003342615,0.03855991
1473,0.31105325,0.0,0.032204133,3.1801972,2.2606146e-05,0.0,0.00012511414,0.038559787
1474,0.14295888,0.0,1.8606375,3.1801949,0.00014799942,0.0,0.00015926322,0.038559623
1475,3.679026,0.0,0.04348025,3.1801922,0.00043391943,0.0,9.844167e-05,0.038559396
1476,0.8986623,0.0,1.1413594,3.1801903,0.002406969,0.0,5.297649e-05,0.038559113
1477,0.3214447,0.0,11.541224,3.1801941,7.912708e-05,0.0,0.00017547571,0.03855879
1478,3.092896,0.0,8.851842,3.180196,0.00026491805,0.0,0.00018970475,0.038558505
1479,1.1959622,0.0,0.48781666,3.180195,3.474843e-05,0.0,0.00075532385,0.03855815
1480,4.2599506,0.0,0.5693242,3.1801946,0.0036665217,0.0,0.00029771612,0.03855825
1481,0.09450147,0.0,0.18946803,3.1801953,0.0030592007,0.0,6.5043074e-05,0.03855849
1482,0.5165995,0.0,0.020362431,3.1801958,6.3565145e-05,0.0,0.00035061705,0.038558725
1483,3.8077283,0.0,0.35858098,3.1801953,0.0018071543,0.0,0.00019548467,0.03855928
1484,9.221221,0.0,4.232589,3.1801941,0.00010536157,0.0,0.0007784879,0.03855984
1485,0.5096434,0.0,0.122650735,3.1801915,0.00011426958,0.0,5.6454275e-05,0.038560424
1486,5.3869386,0.0,1.7447494,3.1801898,4.4046476e-05,0.0,0.0003169878,0.038560957
1487,2.73886,0.0,0.029190008,3.1801875,0.0017046189,0.0,0.0002510586,0.03856135
1488,0.4753384,0.0,0.07620022,3.180185,0.00015407336,0.0,0.0038465278,0.03856184
1489,2.0369294,0.0,12.590621,3.1801827,6.560462e-05,0.0,0.0019493684,0.038562424
1490,0.43866444,0.0,1.0976039,3.1801817,0.00023832945,0.0,0.00017337142,0.038562994
1491,0.7227069,0.0,4.690666,3.1801822,0.0010307471,0.0,0.0018928584,0.038563598
1492,0.12116682,0.0,0.6018531,3.1801822,3.7961905e-05,0.0,0.0006275841,0.038563963
1493,0.14381778,0.0,1.9374819,3.1801817,4.479803e-05,0.0,9.113143e-05,0.03856437
1494,0.20395544,0.0,1.2993358,3.1801832,0.0002406888,0.0,0.0002015867,0.038564824
1495,0.54604256,0.0,1.6660414,3.180185,0.0003613245,0.0,0.000713682,0.0385653
1496,0.2568729,0.0,1.4724071,3.1801903,0.0007029678,0.0,0.00024020716,0.038566284
1497,0.35107026,0.0,0.34068704,3.1801927,0.00023700428,0.0,0.00010113673,0.038567252
1498,0.29129276,0.0,0.76009667,3.1801958,8.797879e-05,0.0,0.00020729791,0.038568128
1499,3.1538138,0.0,4.8255215,3.180197,1.8268978e-05,0.0,0.002871711,0.038568947
1500,0.11223676,0.0,0.49212557,3.1801968,0.0018706598,0.0,0.00018612688,0.038569767
1501,0.82998294,0.0,4.351066,3.1801982,0.00017905896,0.0,7.076174e-05,0.03857049
1502,0.83003414,0.0,0.18299127,3.180202,0.0038322236,0.0,5.983959e-05,0.038571108
1503,9.60212,0.0,0.046235606,3.1802042,0.00024116393,0.0,0.002125698,0.038571645
1504,0.43853995,0.0,0.024623081,3.1802065,0.00037811714,0.0,6.690081e-05,0.038572628
1505,0.54409504,0.0,0.8976882,3.1802082,0.00019774116,0.0,5.5045944e-05,0.038573448
1506,0.092906676,0.0,7.5807447,3.18021,0.0001673495,0.0,0.00010118941,0.038574107
1507,0.6044009,0.0,11.795972,3.1802096,0.000191975,0.0,0.00026921183,0.03857464
1508,7.8980675,0.0,0.75995976,3.180207,6.4808184e-05,0.0,0.000174478,0.038575105
1509,0.48135754,0.0,1.4608415,3.180205,0.00020421085,0.0,8.6069995e-05,0.038575534
1510,4.275466,0.0,0.39880204,3.1802027,0.0011932331,0.0,0.00033654942,0.038575865
1511,0.13891539,0.0,0.030676877,3.1802003,7.246602e-05,0.0,0.004351235,0.038576204
1512,4.0854483,0.0,0.086781144,3.180198,2.701986e-05,0.0,0.00020041461,0.038576372
1513,0.33044538,0.0,0.024137728,3.1801956,0.0033261196,0.0,0.0056790295,0.038576417
1514,8.946874,0.0,0.59869903,3.1801927,1.9508425e-05,0.0,0.0020219404,0.03857658
1515,4.5217175,0.0,1.4592997,3.180192,2.3388238e-05,0.0,0.00022050695,0.038576633
1516,1.241312,0.0,0.029441576,3.1801913,2.5146375e-05,0.0,0.00012788511,0.03857663
1517,0.1006164,0.0,3.4536252,3.1801908,5.315521e-05,0.0,0.0025744233,0.038576543
1518,11.931946,0.0,0.13561033,3.1801927,0.00015761993,0.0,0.0015222923,0.03857668
1519,0.09374206,0.0,10.148382,3.1801953,0.0007519897,0.0,0.0006603921,0.038576763
1520,0.39069644,0.0,0.116926566,3.1801984,0.00016038101,0.0,0.00083028496,0.038576815
1521,0.10595286,0.0,0.3434464,3.1802013,0.00014076702,0.0,0.00066251616,0.03857681
1522,4.7004237,0.0,0.27131152,3.180205,0.0009052473,0.0,0.0003214408,0.03857669
1523,2.752569,0.0,8.872276,3.180209,2.3236245e-05,0.0,0.00040875515,0.038576536
1524,0.8580593,0.0,0.020493343,3.1802156,5.3366126e-05,0.0,0.00018888575,0.038575605
1525,11.012692,0.0,0.22891542,3.1802218,1.8589393e-05,0.0,0.00013864624,0.0385747
1526,1.2566407,0.0,1.3201615,3.180228,0.0010975393,0.0,0.00024399454,0.03857391
1527,9.433989,0.0,5.1812253,3.1802344,0.00015775001,0.0,0.00018052857,0.038573146
1528,2.4120889,0.0,0.9027021,3.1802375,6.138697e-05,0.0,0.0020610483,0.038572498
1529,0.94849765,0.0,1.1882068,3.1802402,3.8792048e-05,0.0,0.0010772788,0.03857195
1530,0.608345,0.0,1.894168,3.1802428,0.00028256263,0.0,0.0023704385,0.0385714
1531,0.4056588,0.0,1.666653,3.180248,7.535921e-05,0.0,7.115374e-05,0.03857086
1532,0.24843492,0.0,1.147843,3.1802533,0.000121540616,0.0,0.0003538503,0.038570408
1533,0.10587345,0.0,11.546477,3.1802604,1.0448096e-05,0.0,0.0002841059,0.03857001
1534,1.3198093,0.0,0.066768266,3.18027,0.0006721554,0.0,0.0029511189,0.03856958
1535,11.9641905,0.0,0.21644881,3.1802778,0.00041252954,0.0,0.00013224821,0.038569115
1536,0.14667055,0.0,0.21165232,3.180285,0.004720349,0.0,0.0010215165,0.038568676
1537,0.35639307,0.0,0.06081397,3.18029,4.2233416e-05,0.0,0.00045447244,0.038568314
1538,2.7753003,0.0,0.056122445,3.1802948,9.431745e-05,0.0,0.0165978,0.038567938
1539,4.694501,0.0,3.2393155,3.1802995,2.8213657e-05,0.0,0.00011732313,0.03856786
1540,3.6409848,0.0,0.18205726,3.1803038,4.646017e-05,0.0,0.0026722355,0.03856773
1541,0.14590158,0.0,0.16470897,3.1803074,5.2135583e-06,0.0,0.00075629324,0.03856758
1542,0.05821706,0.0,0.018604327,3.1803124,2.6997262e-05,0.0,0.0003709684,0.038567387
1543,11.047841,0.0,0.13333468,3.180317,0.0026990643,0.0,0.00012937842,0.03856714
1544,1.2807943,0.0,5.282048,3.180321,1.819063e-05,0.0,6.752339e-05,0.038566913
1545,0.85516536,0.0,0.034200527,3.180324,0.0002233331,0.0,8.3669074e-05,0.03856662
1546,1.8680551,0.0,0.038672786,3.1803267,2.8518669e-05,0.0,0.00012687239,0.03856629
1547,0.44533032,0.0,10.340468,3.1803286,2.8069185e-06,0.0,0.0032315906,0.038565945
1548,0.3290313,0.0,0.15223399,3.1803303,0.00046797126,0.0,0.00041445973,0.03856571
1549,2.3127728,0.0,2.56526,3.1803312,0.00013343545,0.0,0.00024449508,0.03856533
1550,0.46360445,0.0,0.02608488,3.1803336,6.8875495e-05,0.0,0.0023643705,0.03856501
1551,1.7621764,0.0,0.09437623,3.1803362,2.4045003e-05,0.0,0.0020867423,0.038564656
1552,7.397325,0.0,0.46280304,3.1803393,7.7629613e-07,0.0,0.00222408,0.038564313
1553,10.862787,0.0,3.1736538,3.1803405,5.021467e-06,0.0,0.0022161913,0.03856405
1554,2.122041,0.0,0.04105271,3.1803443,0.002072443,0.0,0.00011072554,0.03856372
1555,0.4207459,0.0,6.9436226,3.1803482,0.0032303852,0.0,0.000735832,0.038563304
1556,7.0385656,0.0,0.08031619,3.1803496,0.003609842,0.0,0.00016761795,0.03856285
1557,0.20731005,0.0,0.3017185,3.1803515,0.0001483045,0.0,0.0005092875,0.03856246
1558,4.474647,0.0,1.7171164,3.1803527,2.1535202e-06,0.0,6.478967e-05,0.03856203
1559,0.13409197,0.0,0.47392535,3.180356,0.00022813585,0.0,0.0022981404,0.03856155
1560,1.1656786,0.0,0.17820159,3.1803577,6.687708e-05,0.0,0.0010440362,0.03856104
1561,2.9540584,0.0,0.07311249,3.1803596,9.232385e-05,0.0,0.0034266121,0.03856062
1562,6.6938515,0.0,0.7427495,3.180362,7.436849e-06,0.0,0.0020949398,0.038560256
1563,0.10709871,0.0,0.030433344,3.180366,9.373471e-06,0.0,0.00019879518,0.038559854
1564,11.887877,0.0,3.6370718,3.18037,0.00026566462,0.0,0.0001302422,0.038559414
1565,1.3375132,0.0,13.693904,3.1803744,5.847776e-05,0.0,7.155913e-05,0.038558938
1566,0.07862927,0.0,7.414123,3.1803763,4.650348e-05,0.0,0.00057884987,0.038558412
1567,0.14775725,0.0,13.045787,3.180379,6.2366074e-05,0.0,0.0017404866,0.038557887
1568,7.636635,0.0,0.3358546,3.1803832,2.6953694e-05,0.0,0.00013330454,0.03855732
1569,0.12583745,0.0,0.02621071,3.1803877,2.6588608e-05,0.0,0.0025949425,0.0385568
1570,1.8955715,0.0,11.904146,3.1803918,0.00046959554,0.0,0.0015942352,0.03855625
1571,0.30169603,0.0,0.051333673,3.180392,0.00017605799,0.0,4.539059e-05,0.03855572
1572,10.379478,0.0,2.766473,3.1803916,1.2444764e-05,0.0,0.0002122675,0.038555168
1573,0.6296614,0.0,1.8867462,3.180391,3.4856293e-05,0.0,0.00017146594,0.038554568
1574,3.7542446,0.0,1.6699725,3.1803913,1.4711858e-06,0.0,0.0003223551,0.038553957
1575,0.50703454,0.0,3.210313,3.1803916,1.3235052e-06,0.0,0.0013081934,0.03855335
1576,0.7288971,0.0,3.9826565,3.1803908,7.347694e-05,0.0,0.00027423765,0.03855254
1577,0.35765466,0.0,10.405445,3.1803927,0.00016063813,0.0,0.00014234132,0.038551793
1578,0.8228617,0.0,0.35965168,3.1803946,3.4396006e-05,0.0,0.00020776984,0.038551018
1579,0.24019289,0.0,0.45306748,3.1803966,4.3486692e-05,0.0,0.0027677827,0.03855032
1580,0.15074676,0.0,0.13653946,3.1803987,2.4038363e-05,0.0,0.00019638438,0.038549684
1581,0.4923721,0.0,0.15192166,3.180401,1.5218676e-05,0.0,0.0011008715,0.0385491
1582,0.5815092,0.0,1.1915959,3.1804044,2.9609357e-05,0.0,9.538164e-05,0.038548622
1583,2.6733334,0.0,15.384957,3.1804078,1.1160445e-05,0.0,0.00024034272,0.03854815
1584,0.3402485,0.0,6.623094,3.180389,0.0033031974,0.0,0.00012045546,0.03854771
1585,0.09898233,0.0,2.3617125,3.18037,0.000967543,0.0,0.00010523028,0.038547233
1586,1.234982,0.0,2.3657682,3.1803548,1.3557363e-05,0.0,0.0001164196,0.038546782
1587,12.397873,0.0,0.75293684,3.180343,0.002470915,0.0,0.0020903286,0.038546335
1588,0.047536526,0.0,2.718209,3.1803336,3.61668e-05,0.0,0.0032481006,0.038546164
1589,6.8033485,0.0,0.026479136,3.1803262,2.3257307e-05,0.0,0.0015164495,0.038546015
1590,0.20801501,0.0,0.51246816,3.1803193,0.00019231698,0.0,0.002165697,0.038545817
1591,0.08052961,0.0,0.023520373,3.1803138,2.4582862e-06,0.0,0.0032844006,0.03854556
1592,0.07539825,0.0,0.49277437,3.1803083,0.0010620601,0.0,8.266611e-05,0.038545314
1593,4.219059,0.0,4.642611,3.1803057,1.7957182e-05,0.0,0.001494959,0.038545024
1594,0.05328183,0.0,5.084301,3.1803026,6.389729e-05,0.0,0.0015162551,0.038544994
1595,0.8432745,0.0,0.45342144,3.1803002,3.0645788e-05,0.0,0.00021166983,0.038544916
1596,1.988693,0.0,7.727092,3.180298,0.00010019482,0.0,0.0003727014,0.038544945
1597,4.689393,0.0,1.4587711,3.1802938,5.345189e-05,0.0,0.0017910785,0.038545176
1598,5.4457774,0.0,21.197962,3.1802902,6.2615465e-05,0.0,0.00040281148,0.0385453
1599,0.846013,0.0,7.633091,3.1802852,1.15361745e-05,0.0,0.00029687752,0.03854539
1600,0.28295803,0.0,6.1809945,3.1802812,4.1481773e-05,0.0,0.0003522473,0.0385456
1601,2.2218666,0.0,2.56296,3.1802764,6.165261e-05,0.0,0.00019941173,0.03854575
1602,1.560162,0.0,0.036928944,3.1802745,1.9278094e-05,0.0,0.0056251846,0.03854578
1603,1.8204112,0.0,4.760833,3.1802728,4.112177e-05,0.0,0.00057104835,0.038545925
1604,0.87272483,0.0,0.3487236,3.1802733,2.3440292e-05,0.0,0.0029469898,0.03854598
1605,0.42902705,0.0,1.0496634,3.180274,0.003766424,0.0,1.7259794e-05,0.038546044
1606,5.0077004,0.0,0.069665916,3.1802754,0.0011056436,0.0,0.00051542046,0.038546044
1607,0.8087284,0.0,0.6802577,3.1802764,0.0031342409,0.0,0.00021449302,0.03854596
1608,9.516915,0.0,0.04392491,3.1802778,1.335431e-05,0.0,0.00096183317,0.038545933
1609,0.43394965,0.0,0.4933196,3.180279,1.3082803e-05,0.0,0.00022891656,0.038546328
1610,6.843375,0.0,11.753976,3.18028,0.0026889236,0.0,0.0003041883,0.03854668
1611,4.193255,0.0,0.04122436,3.1802783,0.002625443,0.0,0.0075569246,0.038546957
1612,2.427549,0.0,0.39216232,3.1802769,6.0459868e-05,0.0,0.0033631015,0.038547345
1613,0.30659223,0.0,1.9049257,3.180275,5.8432277e-05,0.0,0.0007067877,0.038547702
1614,6.662945,0.0,0.061608933,3.1802745,0.00022498851,0.0,0.00021154314,0.038548827
1615,4.0041347,0.0,14.091091,3.180274,6.105624e-05,0.0,0.00024151796,0.03854984
1616,0.879526,0.0,1.4026033,3.1802757,0.00010528679,0.0,0.004156376,0.03855076
1617,0.043485094,0.0,3.1479995,3.1802773,1.7549015e-05,0.0,0.00034556753,0.03855149
1618,2.2820294,0.0,0.32195652,3.1802795,1.2290394e-05,0.0,0.0005327976,0.038551982
1619,1.6243675,0.0,0.07984667,3.1802819,9.2859176e-05,0.0,6.662543e-05,0.03855243
1620,9.783887,0.0,0.17992938,3.1802843,0.0031160796,0.0,0.0026262635,0.038552772
1621,0.8596773,0.0,0.9731895,3.1802857,0.0029658445,0.0,0.0027217472,0.038553014
1622,0.3270963,0.0,25.378458,3.180289,0.0033570798,0.0,0.000722934,0.038553223
1623,7.073911,0.0,1.1295483,3.180291,3.6655765e-05,0.0,0.0010205626,0.038553488
1624,0.9419647,0.0,9.665989,3.180293,0.0030957202,0.0,8.182753e-05,0.03855363
1625,0.96965265,0.0,2.6212063,3.1802945,8.758508e-07,0.0,0.00038567075,0.038553685
1626,1.0510907,0.0,7.8434825,3.1803324,0.00452949,0.0,0.00076449616,0.038553834
1627,3.4800525,0.0,8.361158,3.1803684,0.001971775,0.0,0.000582003,0.038553793
1628,3.7721343,0.0,3.429827,3.1803951,5.7821675e-05,0.0,0.00026774488,0.038553778
1629,0.26297626,0.0,1.6301849,3.1804204,3.1840624e-05,0.0,0.00307975,0.038553756
1630,1.0687686,0.0,0.21029742,3.1804445,9.293984e-05,0.0,0.0031659566,0.038553752
1631,1.9014682,0.0,2.8315003,3.1804671,6.792539e-05,0.0,0.00011861337,0.038553677
1632,1.8845978,0.0,7.988908,3.1804981,3.1156185e-06,0.0,0.0034047153,0.038553555
1633,0.06679946,0.0,0.8668931,3.1805205,5.161015e-05,0.0,0.00048274169,0.038553312
1634,0.18625091,0.0,0.121195555,3.1805413,5.4170836e-05,0.0,0.00020275413,0.038553007
1635,3.2004502,0.0,7.882585,3.1805596,6.908744e-05,0.0,0.0015376604,0.038552675
1636,0.6193881,0.0,0.13926132,3.1805758,0.00058864086,0.0,0.0008633676,0.038552903
1637,0.15204993,0.0,5.4989967,3.180591,0.0009254327,0.0,0.00011535989,0.038553108
1638,10.550169,0.0,2.2088563,3.1806066,0.0001677886,0.0,0.00014947414,0.038553294
1639,19.27615,0.0,2.7571175,3.1806202,0.0018422623,0.0,0.0017762091,0.03855354
1640,0.8311658,0.0,0.8241218,3.1806364,0.0031819271,0.0,0.00015953206,0.03855359
1641,0.46152848,0.0,0.7288913,3.180651,2.7607688e-05,0.0,0.0010732925,0.038553607
1642,1.9647532,0.0,0.9028482,3.1806638,0.0021007152,0.0,0.00015195146,0.038553573
1643,0.15539794,0.0,0.96887004,3.1806767,9.7908105e-06,0.0,0.00029410608,0.038553633
1644,3.135974,0.0,0.021152966,3.1806886,0.00012630405,0.0,0.00053948874,0.038553655
1645,0.13595992,0.0,0.50586575,3.1806996,6.430882e-05,0.0,0.0002368782,0.038553793
1646,0.56475556,0.0,0.22698182,3.1807091,0.0002734696,0.0,0.00017108329,0.038554013
1647,2.5619297,0.0,0.23443004,3.1807182,6.640144e-05,0.0,0.0001506136,0.03855407
1648,0.16879138,0.0,2.6816695,3.1807268,0.00010752302,0.0,4.490153e-05,0.03855403
1649,0.26287428,0.0,11.566043,3.1807349,3.0672534e-05,0.0,0.00021717665,0.038553987
1650,1.2649115,0.0,6.0718064,3.1807337,0.0012377176,0.0,0.00265851,0.03855457
1651,0.6951819,0.0,0.26867312,3.1807334,0.00049186574,0.0,0.003101536,0.03855525
1652,7.8463774,0.0,4.5868683,3.1807337,8.383323e-05,0.0,0.00018147597,0.03855652
1653,2.6937675,0.0,0.89428663,3.1807344,0.0029103395,0.0,0.00014658226,0.038557608
1654,0.12790026,0.0,9.15059,3.180736,0.00014015572,0.0,0.00018339115,0.038558513
1655,0.27708346,0.0,5.6338587,3.1807368,0.00041419,0.0,0.0019871332,0.038559366
1656,0.30494753,0.0,0.24860223,3.1807377,2.004919e-05,0.0,0.0001421562,0.038560156
1657,9.383966,0.0,0.05959991,3.180739,7.2652416e-05,0.0,0.00011678174,0.0385609
1658,3.4556699,0.0,5.0514655,3.1807399,0.00017572237,0.0,0.005224337,0.038561553
1659,5.456529,0.0,0.5385913,3.1807427,1.1489241e-05,0.0,0.0025517598,0.038561992
1660,16.474367,0.0,0.03194077,3.1807454,2.7480699e-05,0.0,0.00025173742,0.03856231
1661,2.0232103,0.0,3.1030254,3.1807485,0.00011630956,0.0,5.2803618e-05,0.038562562
1662,2.998274,0.0,0.9313039,3.1807485,0.00015964377,0.0,0.0036756932,0.038562756
1663,9.477365,0.0,9.178995,3.180749,0.0013943507,0.0,0.00020920024,0.038562864
1664,3.8745036,0.0,6.542851,3.180756,0.0016784493,0.0,9.4663104e-05,0.03856297
1665,3.6867626,0.0,1.2006687,3.1807668,0.00012297112,0.0,0.0020595351,0.038563028
1666,3.4288914,0.0,3.047579,3.1807766,0.0027703668,0.0,0.0001395318,0.038563523
1667,4.6276097,0.0,2.338525,3.180788,8.350252e-05,0.0,0.00048823503,0.03856397
1668,2.9533408,0.0,0.28630447,3.1807969,0.0027769262,0.0,0.00014412316,0.038564242
1669,1.2125665,0.0,4.2682166,3.1808054,0.0019742504,0.0,0.00016846666,0.038564425
1670,17.730768,0.0,0.014089791,3.1808112,0.0029042102,0.0,7.030311e-05,0.03856451
1671,0.1460919,0.0,7.943356,3.1808167,0.0010928215,0.0,0.00066584477,0.03856458
1672,0.58972716,0.0,0.038831115,3.1808197,8.5639935e-05,0.0,0.0001399829,0.038564835
1673,1.0700744,0.0,0.08130445,3.180825,3.9045466e-05,0.0,0.005252007,0.038565323
1674,6.008268,0.0,0.14083943,3.18083,0.00028976152,0.0,0.003215913,0.038566194
1675,0.68527603,0.0,0.04172208,3.180835,8.182362e-05,0.0,0.00022247004,0.03856706
1676,1.1449448,0.0,0.40938616,3.1808386,0.000309042,0.0,0.00012670446,0.03856792
1677,0.5066369,0.0,0.073573686,3.1808417,0.0001040591,0.0,6.180213e-05,0.038568605
1678,0.48893765,0.0,1.7970304,3.1808438,0.00017928064,0.0,0.00035807252,0.038569152
1679,1.4843588,0.0,0.13287811,3.180847,9.158343e-06,0.0,0.00017944607,0.038569883
1680,0.31323642,0.0,0.83595043,3.1808512,0.00020286784,0.0,0.0001355713,0.03857085
1681,10.706257,0.0,0.021508293,3.1808555,2.5593887e-05,0.0,0.0077770352,0.038571738
1682,3.3557699,0.0,5.1661186,3.1808596,0.000106931526,0.0,0.00036202188,0.038573146
1683,0.23952125,0.0,1.166114,3.1808636,0.00015513005,0.0,0.00040838533,0.038574494
1684,0.47250265,0.0,11.492019,3.1808696,4.41945e-05,0.0,0.00020843916,0.038575664
1685,11.180533,0.0,8.140131,3.1808746,2.6999092e-05,0.0,0.00028023403,0.038576815
1686,4.653889,0.0,0.0939603,3.1808715,0.000112434005,0.0,5.1349674e-05,0.038577784
1687,1.1272504,0.0,7.5559554,3.1808698,0.00032001204,0.0,6.649051e-05,0.0385786
1688,0.22112224,0.0,3.1407897,3.1808681,3.1969772e-05,0.0,0.00057513727,0.038579285
1689,2.341521,0.0,1.2090645,3.1808674,2.246566e-05,0.0,0.00010613199,0.0385797
1690,0.39527088,0.0,0.03457255,3.180866,6.1561484e-05,0.0,0.00042973124,0.0385801
1691,0.13367212,0.0,0.20579883,3.1808646,0.0011193157,0.0,0.00022059304,0.038580496
1692,0.25103447,0.0,0.16795756,3.1808655,4.458208e-05,0.0,0.0006102056,0.03858084
1693,4.4824567,0.0,0.311319,3.1808689,0.00015413857,0.0,0.0028590527,0.03858096
1694,0.36728877,0.0,0.6023804,3.1808724,2.2211112e-05,0.0,0.00017958018,0.038580894
1695,1.8987854,0.0,0.1811028,3.1808789,0.0041352427,0.0,0.00018567227,0.038580906
1696,2.9237103,0.0,0.07971306,3.1808853,4.5585035e-05,0.0,3.2539974e-05,0.038580753
1697,1.1791854,0.0,0.7911104,3.1808915,9.531642e-06,0.0,4.5013403e-05,0.03858052
1698,1.3828856,0.0,2.8277166,3.180898,0.0006429886,0.0,0.0038722856,0.038580198
1699,12.616078,0.0,0.01679706,3.1809032,2.4584808e-05,0.0,0.00036192947,0.038579904
1700,1.0760738,0.0,0.3823977,3.1809084,0.0032171225,0.0,0.0001454886,0.038579587
1701,0.14403656,0.0,0.0829971,3.1809142,0.00013338569,0.0,0.00017296744,0.03857924
1702,0.3753128,0.0,2.1645095,3.180919,4.2646065e-05,0.0,0.0001553671,0.038578805
1703,0.052844763,0.0,0.029120933,3.1809263,1.806576e-06,0.0,0.0003525973,0.03857838
1704,0.08686205,0.0,4.107316,3.1809328,2.648458e-05,0.0,4.0932653e-05,0.038577966
1705,0.02365959,0.0,2.0612319,3.1809397,2.8195711e-05,0.0,0.0006012281,0.03857772
1706,0.044100653,0.0,2.0637052,3.180947,3.533587e-05,0.0,0.00014412435,0.038577408
1707,0.037700772,0.0,0.013592376,3.1809545,0.0017253773,0.0,0.0002144937,0.038577024
1708,14.049887,0.0,0.12551108,3.1809614,0.0005221632,0.0,0.0022719807,0.03857664
1709,2.9607894,0.0,0.079969905,3.1809676,8.8165056e-05,0.0,0.00030678677,0.038576327
1710,0.16463415,0.0,1.8605105,3.180973,0.002556019,0.0,0.00027231209,0.03857613
1711,0.2665928,0.0,1.1715171,3.1809788,0.0019812079,0.0,0.00022495702,0.03857597
1712,0.70810765,0.0,0.30622655,3.1809902,0.00012810582,0.0,8.7294204e-05,0.038575817
1713,0.1073955,0.0,4.976405,3.1809998,8.409184e-05,0.0,0.00015350546,0.03857563
1714,3.2476761,0.0,0.2408429,3.181008,0.0003953706,0.0,0.0012786501,0.038575385
1715,8.751834,0.0,8.208802,3.181016,3.672738e-05,0.0,0.00029250525,0.038575158
1716,0.07081091,0.0,0.5954588,3.181023,1.7006307e-05,0.0,0.002087549,0.038575016
1717,1.056894,0.0,26.830078,3.18103,3.4554323e-05,0.0,0.00021933205,0.038574915
1718,7.1280055,0.0,3.3522923,3.1810322,0.0029611778,0.0,7.516844e-05,0.038574815
1719,1.6971599,0.0,0.118080035,3.1810327,4.134726e-06,0.0,0.00034891866,0.03857476
1720,22.268902,0.0,0.13379152,3.1810338,7.4429525e-05,0.0,0.0016588039,0.03857485
1721,0.14855556,0.0,0.15909012,3.1810343,0.00017588408,0.0,5.9084545e-05,0.03857491
1722,2.9450634,0.0,2.5646553,3.1810338,1.9357316e-05,0.0,0.0002202943,0.03857495
1723,9.067853,0.0,0.018529473,3.1810336,6.7932844e-05,0.0,0.002709886,0.038574986
1724,0.34893006,0.0,0.03336784,3.1810336,4.2459415e-05,0.0,0.00018586272,0.03857499
1725,0.8759257,0.0,8.316523,3.1810334,0.0009948377,0.0,0.0010097097,0.038574915
1726,4.2585745,0.0,2.3125603,3.1810336,4.831348e-05,0.0,3.900921e-05,0.038576137
1727,0.08773998,0.0,3.4904492,3.181034,0.00017091828,0.0,0.00023216597,0.03857718
1728,0.14737347,0.0,12.25825,3.1810374,0.0027675624,0.0,5.6063047e-05,0.038578093
1729,3.0266674,0.0,6.923698,3.1810389,0.00016437494,0.0,0.000775873,0.038578868
1730,0.46597093,0.0,0.45890978,3.18104,0.00029226101,0.0,0.00014921767,0.038579494
1731,9.503536,0.0,0.14955088,3.1810417,8.053333e-05,0.0,0.0010727722,0.038580008
1732,11.632518,0.0,0.050508033,3.181043,7.070518e-05,0.0,0.00016156804,0.038580522
1733,0.38540122,0.0,0.7228526,3.1810439,0.00026704033,0.0,0.002455134,0.03858097
1734,0.20683686,0.0,3.2217977,3.1810446,0.0004085505,0.0,0.0027417317,0.038581334
1735,0.18829083,0.0,0.05436911,3.1810465,3.2675245e-05,0.0,0.00041030644,0.03858096
1736,0.7369189,0.0,0.01595022,3.1810477,1.3010362e-05,0.0,0.0001065035,0.038580548
1737,0.13112994,0.0,0.036483422,3.1810489,7.467073e-05,0.0,0.0025310388,0.038580153
1738,4.5509295,0.0,0.80413187,3.18105,7.393646e-05,0.0,0.0016446883,0.038579542
1739,4.4497695,0.0,1.231389,3.181052,3.913773e-05,0.0,4.8915226e-05,0.038579017
1740,0.07355726,0.0,2.0461838,3.1810546,0.002568222,0.0,0.0052762274,0.038578488
1741,1.8469596,0.0,0.06046362,3.1810572,0.00087666634,0.0,0.0005267171,0.038578108
1742,0.5563839,0.0,0.9625116,3.1810591,4.020826e-05,0.0,0.00020248232,0.03857768
1743,1.6891216,0.0,0.49459165,3.1810627,3.497398e-06,0.0,0.00040365325,0.038577415
1744,0.36038944,0.0,1.1543801,3.181068,0.0030764204,0.0,0.00019686899,0.038577225
1745,0.1344186,0.0,0.07880355,3.1810734,0.0016783817,0.0,0.00011153435,0.03857699
1746,1.1802583,0.0,0.023470173,3.181079,0.00016940493,0.0,0.00015729132,0.0385768
1747,5.4700704,0.0,2.1122835,3.1810832,0.00029122317,0.0,0.00041441558,0.03857691
1748,4.780273,0.0,3.2763603,3.1810892,0.00015835978,0.0,0.00018012284,0.038577095
1749,0.28494573,0.0,2.3105962,3.1810927,0.00020135539,0.0,7.5442724e-05,0.038577218
1750,5.1054893,0.0,0.03753475,3.1810997,1.456819e-05,0.0,0.0024279633,0.038577266
1751,0.77529764,0.0,1.8214046,3.1811066,4.46881e-05,0.0,0.000687285,0.03857728
1752,9.780607,0.0,3.3855903,3.1811135,0.00076784816,0.0,0.00015813857,0.0385768
1753,0.45851988,0.0,0.08817474,3.1811216,1.5908801e-05,0.0,0.0045869322,0.038576342
1754,3.8094554,0.0,0.029337106,3.1811266,1.2295873e-05,0.0,0.00019608556,0.038575787
1755,2.1054118,0.0,0.7047141,3.1811318,5.6233428e-05,0.0,0.00018389759,0.038575232
1756,0.1955074,0.0,0.032291252,3.181137,8.62049e-06,0.0,0.00012519007,0.038574625
1757,0.16690974,0.0,11.778414,3.1811416,0.00014800149,0.0,0.00020054104,0.038574044
1758,0.07512485,0.0,0.048006125,3.1811461,0.00255766,0.0,0.00027482703,0.03857358
1759,2.3829067,0.0,0.20877115,3.18115,0.00026478758,0.0,0.0031506796,0.038573198
1760,2.0672872,0.0,0.052082986,3.1811538,7.5574666e-05,0.0,0.004137134,0.038572818
1761,1.5697296,0.0,1.9574852,3.181157,0.00010280611,0.0,0.0028993483,0.038572505
1762,0.3430149,0.0,2.5032983,3.1811619,0.0026970345,0.0,0.0028662318,0.038572945
1763,0.7722038,0.0,0.35908142,3.1811686,0.00062143186,0.0,0.00024886662,0.038573455
1764,1.357421,0.0,7.7285976,3.1811755,0.00038091422,0.0,0.0005007467,0.038574405
1765,0.71897507,0.0,13.6636095,3.1811774,0.0026913856,0.0,0.000102970465,0.03857557
1766,6.2145247,0.0,3.5446157,3.1811798,5.2476014e-05,0.0,0.0014603937,0.038576595
1767,0.23906772,0.0,0.034383036,3.181182,0.0015394045,0.0,0.00035619666,0.038577743
1768,23.626333,0.0,11.296256,3.1811836,3.4285134e-05,0.0,0.00020533876,0.038579028
1769,10.881121,0.0,1.8672895,3.181188,3.250018e-05,0.0,9.336212e-05,0.038580064
1770,2.0880265,0.0,0.16129108,3.1811934,0.0013036209,0.0,0.0034324343,0.038580947
1771,2.653748,0.0,0.26665863,3.1811984,5.0650284e-05,0.0,0.00062476855,0.038581803
1772,0.5204298,0.0,17.115398,3.1812036,0.0001043532,0.0,0.0002449698,0.038582537
1773,0.33141938,0.0,0.037044484,3.1812136,0.004673875,0.0,0.00012681083,0.03858325
1774,1.142374,0.0,0.17505042,3.1812227,0.00019071411,0.0,0.0008761407,0.038583864
1775,0.55145276,0.0,0.017036077,3.1812282,0.003126398,0.0,0.0028196857,0.038584318
1776,0.9287885,0.0,0.016395943,3.181234,0.0021968002,0.0,0.00037209736,0.038585097
1777,0.1930322,0.0,0.93980134,3.1812382,0.00045480963,0.0,7.155069e-05,0.038585875
1778,0.4082726,0.0,9.512315,3.1812441,0.0024633543,0.0,0.0023258778,0.038586505
1779,6.5464106,0.0,0.50213826,3.1812508,0.00015251081,0.0,0.0002478835,0.038587164
1780,2.0307362,0.0,0.03388602,3.1812575,0.0011759873,0.0,0.00021269015,0.03858778
1781,3.5845296,0.0,5.1587625,3.1812637,0.00031216495,0.0,0.00018896237,0.03858831
1782,8.674085,0.0,7.2308164,3.1812658,0.00063039316,0.0,0.0001530846,0.03858876
1783,5.055613,0.0,0.05239967,3.1812668,0.00082619087,0.0,0.000120678626,0.038589045
1784,2.2337615,0.0,0.46259746,3.1812673,0.00015634196,0.0,0.002401961,0.038589228
1785,0.77956504,0.0,0.35258478,3.181267,0.0012615701,0.0,7.1925926e-05,0.038589273
1786,0.26093927,0.0,0.056509692,3.181267,0.00013867642,0.0,0.00026810123,0.038589258
1787,11.284596,0.0,1.839853,3.181267,0.00013289963,0.0,0.00016416119,0.03858913
1788,14.649957,0.0,5.0796843,3.1812692,0.00015521371,0.0,0.0002916118,0.038588963
1789,7.885868,0.0,0.1307375,3.181275,0.00020548371,0.0,0.00015161226,0.03858869
1790,0.34468395,0.0,0.84531564,3.181279,0.00030514877,0.0,0.00013105245,0.038588323
1791,0.40780926,0.0,4.7417736,3.181284,0.002484412,0.0,3.198552e-05,0.038587917
1792,1.6212904,0.0,0.24321704,3.1812875,0.00038237896,0.0,0.0002107956,0.038587455
1793,1.8063445,0.0,3.8056884,3.181291,3.540244e-05,0.0,0.0027181539,0.03858729
1794,9.728258,0.0,0.5483451,3.1812952,8.258164e-05,0.0,0.00012548047,0.038587276
1795,0.24741416,0.0,0.5457177,3.1813009,0.00023542022,0.0,0.002146802,0.0385872
1796,2.5597322,0.0,10.220362,3.1813061,0.00019670276,0.0,0.00030660664,0.03858702
1797,0.6173473,0.0,6.1805778,3.181311,0.0011990457,0.0,0.0029656033,0.03858684
1798,12.136683,0.0,0.10817639,3.181316,1.1435278e-06,0.0,0.0039227754,0.03858665
1799,0.49442536,0.0,9.97497,3.1813204,1.683946e-05,0.0,0.0026644322,0.038586464
1800,0.79930013,0.0,0.27084428,3.181327,2.6196129e-05,0.0,0.0004317438,0.038586143
1801,0.66686726,0.0,1.3228629,3.1813328,0.0020878226,0.0,0.0002570299,0.038585808
1802,0.34820136,0.0,0.2486018,3.1813397,0.0028987254,0.0,0.0002511941,0.03858548
1803,5.395271,0.0,15.371459,3.1813464,0.0018429455,0.0,0.00031387358,0.038585115
1804,11.262597,0.0,0.5160219,3.1813555,7.908757e-06,0.0,0.00035410118,0.03858477
1805,0.18305787,0.0,0.027061936,3.1813624,3.6948346e-05,0.0,0.00041750522,0.038584635
1806,0.45489842,0.0,0.29807562,3.1813688,7.122636e-05,0.0,9.02561e-05,0.038585816
1807,5.2912803,0.0,13.41798,3.1813755,1.5362632e-05,0.0,0.002634808,0.038586855
1808,11.397878,0.0,0.6863284,3.181375,9.030086e-06,0.0,0.0022806432,0.038587917
1809,0.10546782,0.0,0.07939907,3.1813755,8.482189e-06,0.0,0.00019624666,0.03858867
1810,1.1910446,0.0,0.08654722,3.1813762,1.5936394e-06,0.0,0.0011538286,0.038589362
1811,1.7563387,0.0,0.42342812,3.1813772,1.161072e-05,0.0,0.0003402157,0.038589902
1812,0.43233198,0.0,0.26619655,3.1813786,0.002709316,0.0,0.00022264992,0.03859044
1813,2.3231773,0.0,0.76427954,3.1813796,0.0008319003,0.0,0.002816493,0.038590938
1814,5.044553,0.0,5.395718,3.1813822,7.867972e-06,0.0,0.00013168214,0.03859139
1815,1.2106249,0.0,0.92263824,3.1813872,1.6316364e-05,0.0,0.003618267,0.038591716
1816,1.1392514,0.0,1.1286564,3.1813931,0.00027350127,0.0,0.00015042069,0.03859194
1817,0.95085883,0.0,0.25607038,3.1814013,0.002903937,0.0,7.127799e-05,0.03859214
1818,15.216475,0.0,0.074168436,3.1813998,5.1536483e-07,0.0,0.0012785624,0.03859226
1819,0.083472386,0.0,0.73464936,3.181398,1.8195933e-05,0.0,0.0004422705,0.038592264
1820,0.11914681,0.0,0.064256445,3.181387,5.654427e-05,0.0,0.0001877342,0.03859217
1821,0.75064045,0.0,0.07715561,3.181377,0.00011203579,0.0,8.5107255e-05,0.038592003
1822,8.812812,0.0,0.87086123,3.181367,3.1515807e-05,0.0,0.000116684896,0.038591783
1823,6.267158,0.0,0.03488625,3.18136,0.00086751016,0.0,0.0001987605,0.038591553
1824,1.8454406,0.0,11.491988,3.181353,9.365122e-05,0.0,9.784753e-05,0.03859135
1825,11.108159,0.0,1.7907901,3.181338,0.0023925477,0.0,0.00038365778,0.03859122
1826,0.08659707,0.0,3.6941128,3.1813262,8.528208e-06,0.0,0.00016623134,0.03859153
1827,0.16909333,0.0,0.2412167,3.1813166,3.7183097e-05,0.0,0.00069911283,0.038592596
1828,3.6615925,0.0,0.019786257,3.1813085,5.012944e-05,0.0,3.9073824e-05,0.03859342
1829,0.2509574,0.0,6.3126183,3.181301,2.091617e-05,0.0,0.0026811084,0.038594104
1830,4.1637945,0.0,6.6831403,3.181297,4.1648724e-05,0.0,0.0016673391,0.038594835
1831,1.5440375,0.0,1.0994425,3.1812901,3.3654123e-05,0.0,0.0020801383,0.03859546
1832,11.300141,0.0,0.39118528,3.1812832,2.1242397e-05,0.0,0.000156519,0.038595967
1833,0.7834719,0.0,2.1419773,3.1812775,0.00014555872,0.0,0.000110329056,0.0385965
1834,0.93190724,0.0,0.024226358,3.181273,0.000804011,0.0,0.0010380336,0.038597006
1835,4.2333407,0.0,0.08308889,3.1812687,4.399381e-05,0.0,0.00013750425,0.038597383
1836,14.325168,0.0,0.02339192,3.181264,0.00020055482,0.0,6.1439496e-05,0.038597774
1837,12.559375,0.0,13.7244625,3.18126,3.8209753e-05,0.0,0.0033735316,0.038598053
1838,0.75877684,0.0,0.037577767,3.1812558,8.312659e-05,0.0,0.0021334868,0.038598508
1839,0.82565105,0.0,0.17881757,3.181252,0.0034204961,0.0,0.00018822902,0.03859893
1840,0.5196385,0.0,3.6430166,3.181249,6.294327e-05,0.0,0.00018868879,0.0385992
1841,2.8307226,0.0,0.19827417,3.18125,1.4627281e-05,0.0,0.00032682734,0.038599413
1842,7.7806025,0.0,0.8006559,3.1812515,4.0880846e-06,0.0,5.2376487e-05,0.038599547
1843,1.3234869,0.0,0.102696985,3.1812541,6.206996e-05,0.0,0.00048343407,0.03859953
1844,1.7214919,0.0,0.36354724,3.1812577,0.0011391501,0.0,0.00019340277,0.038599465
1845,9.634566,0.0,0.074576154,3.1812606,1.1284597e-05,0.0,0.00048687746,0.03859939
1846,0.52598244,0.0,0.7115793,3.1812627,6.9428766e-06,0.0,0.00013728469,0.038599268
1847,1.3672014,0.0,0.086502,3.1812682,2.5595738e-05,0.0,1.7391e-05,0.038599078
1848,8.106997,0.0,0.12167778,3.1812727,1.0207246e-05,0.0,0.0021268977,0.038598828
1849,2.0219727,0.0,0.10409498,3.1812768,0.00016650798,0.0,0.0012364336,0.038598504
1850,0.76995885,0.0,0.4976673,3.1812809,0.0025713493,0.0,0.0002376615,0.03859824
1851,11.7172365,0.0,9.28466,3.181284,1.3920123e-06,0.0,0.0015875457,0.038598057
1852,2.662655,0.0,0.044285636,3.1812897,4.3213466e-05,0.0,0.0062150066,0.038597733
1853,0.91416836,0.0,6.1198683,3.1812944,2.1105605e-05,0.0,0.00011706681,0.038598575
1854,2.6747055,0.0,0.017244553,3.1813004,2.4132414e-05,0.0,0.0029316274,0.038599532
1855,4.0660458,0.0,0.7127403,3.1813056,1.5215471e-05,0.0,0.0003071203,0.038600743
1856,4.244677,0.0,3.8585553,3.181311,0.00020442995,0.0,0.00013989833,0.038601827
1857,1.9538352,0.0,3.3978577,3.1813183,0.00627117,0.0,9.442919e-05,0.038602866
1858,3.4184515,0.0,11.008557,3.181324,5.605195e-06,0.0,0.0002033278,0.03860389
1859,5.996739,0.0,0.20604257,3.1813266,5.7643214e-05,0.0,0.002049257,0.038604785
1860,0.38745475,0.0,7.8071074,3.1813297,0.004803544,0.0,0.00034992397,0.038605556
1861,0.07874279,0.0,0.9762432,3.181336,0.0026004915,0.0,9.682878e-05,0.038606346
1862,0.38798273,0.0,7.2420006,3.1813426,0.0028483109,0.0,0.00019832142,0.03860708
1863,1.8209891,0.0,0.02814189,3.1813552,0.0040653413,0.0,0.000809547,0.038607743
1864,0.6793856,0.0,0.66781235,3.1813667,5.8209353e-06,0.0,0.0015909744,0.03860822
1865,8.55284,0.0,0.10903615,3.181377,3.5236146e-05,0.0,4.998129e-05,0.03860865
1866,0.41371417,0.0,0.31912023,3.1813865,0.00090147904,0.0,0.00018387953,0.03860897
1867,1.8998606,0.0,0.2507792,3.1813962,0.00085519196,0.0,0.003630904,0.03860906
1868,3.3748295,0.0,0.12131476,3.1814053,1.8820163e-05,0.0,0.00019410587,0.03860903
1869,0.43544766,0.0,2.512017,3.1814134,3.9562234e-05,0.0,0.003279298,0.038608994
1870,9.236042,0.0,0.15319633,3.1814208,0.00018821523,0.0,0.00014696688,0.038608946
1871,1.1779132,0.0,0.14007957,3.1814277,3.0603733e-05,0.0,0.002214329,0.038608905
1872,6.8956785,0.0,15.53365,3.1814344,2.0543443e-05,0.0,0.0010090847,0.03860872
1873,0.25100124,0.0,0.30853862,3.1814404,0.002216047,0.0,0.0017458252,0.038608544
1874,0.10634889,0.0,0.033390805,3.1814504,3.0058009e-05,0.0,8.629573e-05,0.03860831
1875,0.47368,0.0,0.07135866,3.1814592,4.931137e-06,0.0,0.0029054668,0.03860807
1876,17.428806,0.0,0.09286008,3.181467,0.0018486038,0.0,0.00012477719,0.03860786
1877,0.032928202,0.0,0.03271546,3.1814747,1.8062488e-05,0.0,0.00030476987,0.03860763
1878,5.4029126,0.0,0.028462568,3.1814818,4.1509436e-05,0.0,6.249579e-05,0.038607396
1879,0.1045308,0.0,0.046651524,3.1814878,0.00017013587,0.0,0.00015901202,0.038607072
1880,1.1514621,0.0,0.02787997,3.1814933,1.256384e-05,0.0,0.00022637431,0.03860686
1881,14.164162,0.0,1.1419573,3.1814973,0.002428657,0.0,0.00031113584,0.03860662
1882,4.672249,0.0,6.9683065,3.1815019,7.000255e-05,0.0,6.134814e-05,0.03860634
1883,2.3703704,0.0,1.6225997,3.1814985,0.00013607845,0.0,0.0001788656,0.038606115
1884,0.7632232,0.0,2.1029139,3.1814973,6.668523e-05,0.0,0.00021506868,0.038605858
1885,7.8193445,0.0,0.054514356,3.1814976,0.0009792326,0.0,0.00024345938,0.038605537
1886,0.14417519,0.0,0.044135775,3.1814985,0.00026533796,0.0,7.89216e-05,0.0386053
1887,0.58852637,0.0,8.426439,3.1814985,7.18095e-05,0.0,0.0001923322,0.038605038
1888,0.29263783,0.0,0.026987413,3.1814976,0.00025152348,0.0,0.00016514814,0.03860483
1889,7.9476523,0.0,0.026923498,3.1814964,7.166872e-05,0.0,5.528883e-05,0.03860465
1890,0.068335965,0.0,1.6572623,3.1814957,0.00052046566,0.0,7.739492e-05,0.0386044
1891,0.06408809,0.0,0.0785315,3.1814942,0.0024861004,0.0,0.0022094597,0.03860404
1892,0.29706755,0.0,0.022285605,3.1814928,0.0021162727,0.0,0.00063087954,0.038603697
1893,0.16633348,0.0,0.016506802,3.1814911,3.3266184e-05,0.0,0.0014283607,0.038603794
1894,6.789378,0.0,6.6441154,3.1814892,0.00015290278,0.0,0.0009022694,0.038603764
1895,3.522314,0.0,15.38932,3.1814885,0.0008383723,0.0,0.0027505904,0.03860407
1896,0.6923908,0.0,1.1152737,3.18149,0.00097040005,0.0,0.0035963936,0.038604207
1897,0.2914322,0.0,0.08585583,3.1814923,4.8123635e-05,0.0,0.00017272358,0.03860429
1898,2.271215,0.0,0.08520607,3.1814952,3.6620997e-05,0.0,2.3643759e-05,0.038604375
1899,7.9083033,0.0,0.041499067,3.181498,0.0013916421,0.0,9.454254e-05,0.0386044
1900,0.040909395,0.0,1.1478629,3.1815,1.2185045e-05,0.0,0.0015998303,0.038604394
1901,0.112165354,0.0,13.293887,3.1815012,0.00045454642,0.0,0.0004884436,0.0386043
1902,0.28705654,0.0,0.70907193,3.181497,9.3140035e-05,0.0,0.00023628239,0.03860416
1903,0.7892238,0.0,5.362606,3.1814942,8.956969e-06,0.0,5.825932e-05,0.0386039
1904,3.7109327,0.0,0.951969,3.1814902,0.00013542856,0.0,0.00014285812,0.038603645
1905,0.11524266,0.0,0.055974036,3.1814866,2.35218e-05,0.0,0.00015255317,0.0386033
1906,3.1755605,0.0,0.9987617,3.181484,1.7773804e-05,0.0,0.00023704037,0.038603116
1907,0.21920575,0.0,0.26696762,3.1814842,0.00022566644,0.0,0.0018504662,0.038602885
1908,0.07318977,0.0,0.36151838,3.1814835,0.0018664451,0.0,0.0015889268,0.03860258
1909,2.2514913,0.0,0.5946866,3.1814802,3.703741e-05,0.0,9.3537776e-05,0.03860222
1910,8.660397,0.0,1.0613693,3.1814792,5.538641e-05,0.0,0.0032714733,0.03860191
1911,0.19822533,0.0,9.093605,3.181479,4.652752e-05,0.0,0.00016654095,0.038601894
1912,0.6458519,0.0,0.5029153,3.1814802,0.0076641333,0.0,0.00018563881,0.038601875
1913,0.644418,0.0,1.9679354,3.1814795,8.070287e-05,0.0,0.0020571623,0.038601805
1914,0.17883992,0.0,4.4479003,3.1814795,0.00018847887,0.0,0.00034377474,0.038601615
1915,0.11672691,0.0,5.1418624,3.1814766,0.00015469885,0.0,0.0006449283,0.038601562
1916,6.176763,0.0,0.035451576,3.181473,0.0035592774,0.0,0.00019519134,0.038601734
1917,13.030563,0.0,0.25676396,3.18147,2.4054389e-05,0.0,9.705193e-05,0.03860187
1918,0.9755912,0.0,0.35762691,3.1814678,0.0027001407,0.0,0.0025933818,0.038602047
1919,0.57366115,0.0,1.939144,3.1814666,0.00029530152,0.0,0.00011263223,0.038602147
1920,0.16012019,0.0,0.8550949,3.1814756,0.0026721072,0.0,8.26505e-05,0.03860198
1921,1.0393573,0.0,0.07974704,3.1814866,6.5687804e-05,0.0,0.00010331923,0.038601816
1922,0.062140636,0.0,0.2542428,3.1814969,0.00040091138,0.0,0.000314183,0.03860158
1923,0.32204327,0.0,3.582434,3.1815047,8.435303e-05,0.0,0.00016797421,0.038601283
1924,0.18237507,0.0,4.36974,3.1815166,2.3197883e-05,0.0,0.00040377714,0.03860098
1925,0.070839696,0.0,1.4115419,3.18153,0.0023979135,0.0,9.851027e-05,0.038601227
1926,1.1630917,0.0,1.4866673,3.1815422,0.00016214387,0.0,0.0013896325,0.0386014
1927,0.034761883,0.0,6.6355033,3.181553,3.02704e-05,0.0,8.1524566e-05,0.038601503
1928,0.39127758,0.0,4.485721,3.1815653,0.003399774,0.0,0.0039569926,0.03860152
1929,1.4691391,0.0,0.017567286,3.1815777,3.2315347e-05,0.0,0.0017173366,0.03860137
1930,21.00179,0.0,0.16291466,3.1815884,0.0027970793,0.0,0.0015739957,0.038601153
1931,2.046217,0.0,0.08076968,3.1815982,0.0061896043,0.0,0.0037162236,0.03860104
1932,0.2329963,0.0,1.0678477,3.181607,0.00010831388,0.0,0.0002146994,0.038600814
1933,0.0371623,0.0,0.13572223,3.181617,0.0026289828,0.0,7.432401e-05,0.038600612
1934,0.80668366,0.0,0.25588378,3.1816266,2.642501e-05,0.0,0.002650155,0.038600374
1935,0.5799597,0.0,0.8917682,3.1816342,0.00019250352,0.0,0.00049488875,0.03860006
1936,0.48421007,0.0,1.7547896,3.1816418,0.00026070382,0.0,0.00018591163,0.038599625
1937,0.606206,0.0,1.2067574,3.1816485,7.795649e-05,0.0,0.003412227,0.038599234
1938,3.0102515,0.0,0.026328538,3.1816547,0.0001382773,0.0,0.0005308005,0.0385989
1939,0.16860418,0.0,2.9904935,3.1816597,0.0009693948,0.0,0.0017959864,0.038598485
1940,0.07671864,0.0,0.35832405,3.1816657,2.2609362e-05,0.0,0.00015363072,0.038598046
1941,0.493566,0.0,2.6401036,3.1816711,0.0027197548,0.0,0.00271521,0.038597602
1942,0.74748594,0.0,0.017451718,3.181676,0.00018385262,0.0,0.0025576514,0.03859712
1943,0.103176706,0.0,1.8149012,3.1816802,0.000349595,0.0,0.0027599363,0.038596634
1944,6.652274,0.0,1.4062946,3.1816845,0.00028916151,0.0,0.00045767182,0.038596164
1945,11.253571,0.0,9.13474,3.1816905,0.00039539704,0.0,3.8829923e-05,0.038595606
1946,0.27755028,0.0,12.827237,3.1816938,6.449875e-05,0.0,0.0048000775,0.03859501
1947,9.097619,0.0,0.062102195,3.1816955,1.9852325e-05,0.0,8.876011e-05,0.038594615
1948,0.3348208,0.0,0.72642666,3.1816964,0.0001957725,0.0,0.00013051639,0.03859418
1949,0.60232973,0.0,1.8774539,3.1816978,0.00023239922,0.0,8.8211644e-05,0.03859373
1950,0.021205446,0.0,0.09531971,3.1816993,0.0031190296,0.0,0.0027115035,0.03859324
1951,0.1412739,0.0,6.031787,3.1817002,0.00026229123,0.0,0.007215016,0.038592763
1952,2.5557415,0.0,0.12598614,3.1816995,0.0010608196,0.0,0.0028552208,0.03859215
1953,5.6161914,0.0,16.40269,3.1816993,9.352664e-05,0.0,0.002010012,0.038592227
1954,2.4320664,0.0,0.9275625,3.1817024,0.00022479004,0.0,0.000118305834,0.038592186
1955,0.6581294,0.0,0.19425213,3.181705,0.000100668934,0.0,0.0022082,0.038592074
1956,4.4905562,0.0,1.5593424,3.1817083,0.001986412,0.0,0.00019966258,0.038592212
1957,0.98139626,0.0,0.029424159,3.1817124,0.00016256592,0.0,0.00051329285,0.038592346
1958,1.633171,0.0,1.8562019,3.1817162,0.0007178897,0.0,0.00015629659,0.038592517
1959,0.39876965,0.0,5.2780113,3.1817214,5.9614806e-05,0.0,0.003788885,0.0385926
1960,4.1723194,0.0,0.23958986,3.1817262,4.2952506e-05,0.0,0.00019947949,0.03859317
1961,6.345813,0.0,0.70613325,3.181731,0.00481511,0.0,0.0001295491,0.03859372
1962,1.1945568,0.0,0.33969253,3.1817374,0.0022531385,0.0,9.698336e-05,0.038594116
1963,13.372551,0.0,1.036237,3.1817446,0.0027763015,0.0,0.0012997435,0.038594432
1964,2.873488,0.0,0.53972083,3.1817517,0.00031827783,0.0,0.0003795848,0.038594693
1965,0.2938514,0.0,0.07991569,3.18176,0.008034535,0.0,0.0038632061,0.03859502
1966,0.36928776,0.0,0.8007661,3.1817675,0.00024230406,0.0,0.00030900084,0.038595334
1967,2.4954536,0.0,6.637918,3.1817765,0.0028099748,0.0,0.00014543821,0.038595702
1968,2.7768521,0.0,1.6389736,3.1817856,0.0018613335,0.0,0.00057725934,0.038595982
1969,4.5708222,0.0,0.24444625,3.181794,0.00020119693,0.0,0.00018738309,0.03859627
1970,0.13517363,0.0,0.2037074,3.181801,4.515122e-05,0.0,0.00016674864,0.038596455
1971,0.066248134,0.0,15.665135,3.181809,0.0005223263,0.0,0.0016279584,0.03859656
1972,9.337954,0.0,0.01837552,3.1818144,0.00019500662,0.0,8.608037e-05,0.038597625
1973,0.36681736,0.0,15.117477,3.1818192,6.335064e-05,0.0,0.0001284603,0.03859853
1974,7.596786,0.0,0.8605434,3.181827,0.00011489597,0.0,0.0029496867,0.03859924
1975,5.9066997,0.0,1.1580982,3.1818366,8.787312e-05,0.0,0.00010075836,0.03859966
1976,2.2145104,0.0,1.4108223,3.1818457,0.0019455268,0.0,0.0004091881,0.03859998
1977,10.0684185,0.0,0.25922018,3.181855,0.0001546578,0.0,0.004071803,0.03860018
1978,0.95465595,0.0,0.076274015,3.1818638,1.2993826e-05,0.0,0.00012214284,0.038601834
1979,5.26977,0.0,3.25621,3.1818705,0.0005675823,0.0,0.00013717264,0.038603432
1980,0.7172943,0.0,0.06677772,3.1818757,0.00017182107,0.0,0.0050548483,0.038604915
1981,1.1776648,0.0,0.08225655,3.1818807,0.002991888,0.0,0.0009988431,0.03860606
1982,0.48653942,0.0,4.8338966,3.1818845,7.529291e-05,0.0,8.641918e-05,0.038607642
1983,0.842492,0.0,11.594634,3.1818871,0.0013257264,0.0,0.003404554,0.038609095
1984,1.1226164,0.0,0.11353922,3.18189,0.0005710157,0.0,0.0001699313,0.03861047
1985,2.324511,0.0,0.027649358,3.1818922,5.8036512e-05,0.0,0.0068551353,0.0386117
1986,11.039438,0.0,0.66085833,3.181894,0.00010055109,0.0,0.001556303,0.038612902
1987,0.5159221,0.0,0.020555455,3.181897,0.0030748465,0.0,0.001657837,0.03861403
1988,0.47169948,0.0,0.03072133,3.181899,0.0001400668,0.0,0.00010760676,0.03861511
1989,0.38157925,0.0,3.9230764,3.1819007,2.60311e-05,0.0,0.0025966296,0.03861601
1990,0.43028218,0.0,0.03031538,3.181904,0.00018818578,0.0,0.0050977916,0.038617276
1991,9.628568,0.0,0.026564058,3.181907,0.002214236,0.0,0.0027121413,0.0386185
1992,0.1757679,0.0,0.055362318,3.1819098,0.00018122383,0.0,0.00014898789,0.03861957
1993,0.91793776,0.0,0.0303119,3.1819127,0.00032084837,0.0,0.0003815191,0.03862047
1994,3.27041,0.0,3.2360713,3.1819153,0.00016214265,0.0,9.2994436e-05,0.03862127
1995,1.0606606,0.0,0.058917746,3.1819184,1.8739305e-05,0.0,0.00077949883,0.03862186
1996,0.16327573,0.0,0.16036388,3.181922,0.00017122508,0.0,0.0034845322,0.038622413
1997,12.942813,0.0,0.1705054,3.181925,0.0017927617,0.0,0.000884715,0.03862282
1998,0.11988537,0.0,5.5516076,3.1819286,4.6470148e-05,0.0,0.00016839238,0.038623236
1999,2.420378,0.0,4.4313707,3.1819282,0.0018802189,0.0,0.003134301,0.038623475
2000,0.48560864,0.0,1.454649,3.1819274,0.002465535,0.0,0.00041843508,0.038623575
2001,10.744516,0.0,0.7933442,3.181928,2.5608113e-05,0.0,0.0002095084,0.03862355
2002,0.634616,0.0,0.04534303,3.1819289,0.0021729947,0.0,0.0004711763,0.038623687
2003,4.8295374,0.0,0.03490904,3.1819296,0.000116724186,0.0,0.000104411505,0.03862403
2004,2.8157458,0.0,0.034337465,3.1819303,0.0019627174,0.0,0.0028720256,0.038624298
2005,0.89592427,0.0,0.6787774,3.1819305,0.00034687907,0.0,0.0058517517,0.03862454
2006,0.14489813,0.0,0.07407409,3.1819303,0.00026737427,0.0,0.00025490156,0.038625028
2007,0.38890824,0.0,0.024328649,3.1819298,8.441517e-05,0.0,8.531143e-05,0.038625438
2008,0.2804941,0.0,3.6755962,3.181929,0.003217969,0.0,0.00024518627,0.03862572
2009,0.05438302,0.0,0.18912554,3.1819274,0.00020108777,0.0,0.0066879736,0.038625874
2010,1.4375235,0.0,0.024365386,3.1819255,9.631638e-07,0.0,0.0006088066,0.03862601
2011,3.5512009,0.0,15.917785,3.1819232,0.00013472498,0.0,0.0002267216,0.038626034
2012,0.3161296,0.0,0.02386801,3.1819208,0.0005895313,0.0,0.00027461955,0.038625997
2013,0.9881824,0.0,15.008151,3.1819181,0.00016065701,0.0,0.0009550806,0.03862598
2014,0.90108025,0.0,0.09910171,3.1819148,0.0001096739,0.0,0.00022390415,0.03862601
2015,0.087565966,0.0,7.292034,3.181912,0.000106422114,0.0,7.882397e-05,0.038625892
2016,0.17171462,0.0,0.15466063,3.1819127,0.00029499823,0.0,0.00014400887,0.0386257
2017,0.8251233,0.0,0.1772037,3.181914,2.5799936e-05,0.0,0.00011350938,0.038625658
2018,6.4140677,0.0,0.25987723,3.1819158,5.1759478e-05,0.0,0.002713275,0.038625617
2019,4.281868,0.0,0.021222489,3.1819196,6.5828724e-05,0.0,0.00011310532,0.038625527
2020,0.07486565,0.0,0.82355404,3.1819224,0.0019882973,0.0,0.000277506,0.03862538
2021,0.7305228,0.0,0.052397143,3.1819272,0.00063852064,0.0,0.00010521033,0.038625173
2022,5.44979,0.0,0.11503639,3.1819315,0.00027873725,0.0,0.00076563325,0.038624942
2023,0.07409253,0.0,4.278521,3.1819348,0.0011927128,0.0,0.0002561221,0.038624458
2024,0.4299855,0.0,0.07583234,3.181937,1.4994219e-05,0.0,0.0023950066,0.038623933
2025,3.5086682,0.0,0.18136406,3.1819386,9.40499e-05,0.0,0.00026518182,0.03862336
2026,0.11019692,0.0,1.1203213,3.181941,0.0005451462,0.0,0.0024120025,0.03862286
2027,1.4674686,0.0,1.005708,3.1819441,5.0846524e-05,0.0,0.00012504324,0.0386224
2028,2.0543325,0.0,0.10497557,3.1819508,3.886098e-06,0.0,0.00016066317,0.038622007
2029,4.511542,0.0,0.023839097,3.1819568,3.459188e-05,0.0,0.00053138146,0.038621657
2030,1.6259346,0.0,0.059798405,3.1819618,0.0016532276,0.0,0.000300963,0.03862155
2031,5.6096373,0.0,0.61864054,3.1819665,4.8566697e-05,0.0,6.8042325e-05,0.0386214
2032,3.5401142,0.0,0.04988985,3.1819735,0.0024280443,0.0,7.759583e-05,0.038621187
2033,11.269363,0.0,0.05043572,3.1819794,0.0032873745,0.0,0.0050129583,0.038620923
2034,0.073828325,0.0,1.7357906,3.1819847,3.781648e-05,0.0,0.004064067,0.038620558
2035,1.5994556,0.0,0.2563588,3.1819868,0.0003462364,0.0,8.0808575e-05,0.038620345
2036,0.30073154,0.0,11.940971,3.1819892,3.8045484e-05,0.0,0.00046966458,0.038620207
2037,0.4666046,0.0,14.201068,3.1819901,4.1425814e-05,0.0,0.0010683875,0.03862012
2038,0.90837306,0.0,0.08624392,3.181991,0.00210241,0.0,0.004420735,0.03861952
2039,1.2088965,0.0,0.24491933,3.181991,0.00020550868,0.0,0.0002467984,0.038618855
2040,7.5130396,0.0,0.12614956,3.1819923,0.0002274671,0.0,0.0025119577,0.038618203
2041,5.6596866,0.0,1.8991318,3.1819887,0.0007347025,0.0,0.00011394374,0.03861757
2042,10.963496,0.0,5.8228354,3.1819851,0.00035919744,0.0,9.811384e-05,0.038616974
2043,0.32447585,0.0,0.053547394,3.1819813,5.8985002e-05,0.0,0.004535459,0.038616393
2044,3.4668071,0.0,0.4022951,3.1819787,9.653706e-07,0.0,0.00020385449,0.038616024
2045,3.1332004,0.0,0.029910127,3.1819768,7.037407e-05,0.0,0.0005040675,0.0386156
2046,1.1090912,0.0,3.4613667,3.181975,0.0005901362,0.0,0.0001325882,0.03861511
2047,0.15327252,0.0,2.5384572,3.1819777,0.0015845255,0.0,0.0025466727,0.0386146
2048,0.12771018,0.0,0.3904166,3.181981,4.08993e-05,0.0,0.00026697826,0.038614076
2049,0.5209706,0.0,7.478254,3.1819832,0.00039365218,0.0,0.0003017975,0.03861354
2050,0.2297779,0.0,9.7318125,3.1819837,0.0028956188,0.0,6.435142e-05,0.03861296
2051,0.0780249,0.0,0.08269867,3.1819842,6.0674894e-05,0.0,0.0031992577,0.038612373
2052,0.11705439,0.0,0.9549951,3.1819842,0.0019964846,0.0,0.0017804066,0.038611498
2053,4.8947134,0.0,0.97365284,3.181984,0.0001566033,0.0,0.0026379602,0.03861062
2054,0.06881559,0.0,0.027323233,3.181985,0.0016528053,0.0,0.00012863775,0.03860969
2055,0.16721272,0.0,0.8084056,3.1819856,2.0575279e-05,0.0,0.0031590117,0.038608756
2056,12.7603655,0.0,0.22677897,3.1819863,0.0023317537,0.0,0.0004923532,0.038607813
2057,0.07010596,0.0,0.055527072,3.1819866,0.00052761956,0.0,6.138798e-05,0.03860836
2058,7.0728083,0.0,0.03519336,3.1819868,0.0002026835,0.0,0.0031179255,0.038608927
2059,2.0282025,0.0,0.7244712,3.1819873,0.00017008821,0.0,0.0029841056,0.038609236
2060,10.176987,0.0,9.935171,3.1819854,4.4855005e-05,0.0,5.3119908e-05,0.03860957
2061,1.1021112,0.0,14.662673,3.1819813,0.00042426484,0.0,0.003923911,0.038609874
2062,0.34035763,0.0,0.30007657,3.1819744,0.0004567575,0.0,0.00012224373,0.038610026
2063,0.28457364,0.0,0.7770648,3.1819656,0.0024116628,0.0,9.7801654e-05,0.038610145
2064,5.924246,0.0,2.8026552,3.1819572,9.977721e-05,0.0,0.0003107802,0.038610216
2065,1.5677761,0.0,0.90336835,3.1819494,3.4932746e-05,0.0,0.00022120494,0.038610425
2066,0.78372145,0.0,0.02094748,3.1819408,6.582863e-05,0.0,0.0026233916,0.038610615
2067,0.9003707,0.0,0.7040308,3.1819332,0.00014438886,0.0,0.0027587945,0.038610782
2068,8.403704,0.0,1.8580779,3.1819265,0.002813178,0.0,0.0014610152,0.038610987
2069,0.17084883,0.0,0.066162586,3.181919,6.4003994e-05,0.0,0.00047041022,0.03861118
2070,3.064594,0.0,0.31558716,3.1819122,0.00019388615,0.0,5.1150157e-05,0.038611293
2071,2.599374,0.0,0.16389535,3.1819065,0.0020517255,0.0,0.0002127972,0.03861132
2072,4.829419,0.0,1.8887428,3.1819017,0.0021745786,0.0,0.003902011,0.038611308
2073,0.20769486,0.0,0.059880637,3.1818986,0.0018211079,0.0,0.0021560944,0.038610782
2074,2.512521,0.0,0.07310824,3.1818957,2.3712868e-05,0.0,3.7838065e-05,0.038610287
2075,0.15190004,0.0,0.39113757,3.1818926,2.8558832e-05,0.0,0.00018941579,0.0386098
2076,0.52746564,0.0,0.12847115,3.181894,4.9617403e-05,0.0,0.00013725842,0.03860932
2077,1.0152282,0.0,8.347349,3.1818953,9.8120356e-05,0.0,0.0019024229,0.03860885
2078,0.1113464,0.0,16.43368,3.1818962,0.00047877536,0.0,0.0025500213,0.038608413
2079,0.2479661,0.0,0.20617196,3.1819026,0.005077949,0.0,0.00011386796,0.038608417
2080,0.8348259,0.0,0.015801104,3.1819084,0.0030984848,0.0,0.0003965991,0.0386084
2081,0.09277531,0.0,0.02748268,3.1819134,6.3116466e-05,0.0,9.836895e-05,0.038608424
2082,5.3364906,0.0,2.1384532,3.1819181,3.0767173e-05,0.0,0.0003181452,0.038608413
2083,0.74128604,0.0,6.815747,3.1819232,6.269969e-05,0.0,0.00019272923,0.038608328
2084,0.749407,0.0,2.0142682,3.181927,0.00010093791,0.0,0.0003794738,0.0386081
2085,0.92885315,0.0,7.236987,3.18193,0.00055172795,0.0,0.0008702207,0.038607802
2086,2.722266,0.0,6.1095533,3.181932,6.90388e-05,0.0,0.0017467325,0.038607463
2087,0.46502203,0.0,0.58453333,3.1819305,6.1371415e-05,0.0,0.00013013584,0.038607057
2088,0.86607033,0.0,1.3562322,3.1819277,0.0020774207,0.0,0.002826597,0.03860661
2089,0.11906799,0.0,1.4261183,3.1819277,0.0001446096,0.0,9.1459275e-05,0.038606443
2090,0.0622396,0.0,6.462144,3.1819265,3.612744e-05,0.0,0.00025812924,0.038606215
2091,4.9261703,0.0,0.23329891,3.1819246,0.002684009,0.0,0.0001288679,0.038605925
2092,9.8719845,0.0,0.44455728,3.1819234,7.151718e-05,0.0,0.00012298861,0.03860558
2093,0.23284146,0.0,0.28575268,3.1819236,0.0030616326,0.0,0.0002505575,0.038605206
2094,4.07943,0.0,0.027716856,3.1819217,0.00010384973,0.0,0.0001090242,0.038604863
2095,0.0603176,0.0,4.442618,3.1819193,0.00014786814,0.0,0.00018993975,0.038604483
2096,12.642047,0.0,0.9278213,3.1819174,3.221787e-05,0.0,0.0036617941,0.03860419
2097,0.21045135,0.0,0.24385585,3.1819174,0.0014305864,0.0,0.0024289838,0.038604695
2098,0.2945509,0.0,0.9165563,3.1819165,4.481956e-05,0.0,0.0002812746,0.03860504
2099,1.5535445,0.0,0.7333701,3.1819158,3.532467e-05,0.0,0.0025149225,0.03860541
2100,0.5543774,0.0,0.24100733,3.1819158,0.00026595994,0.0,0.00022579929,0.038605727
2101,13.469637,0.0,0.054575477,3.181915,4.2540476e-05,0.0,0.0007067957,0.038606014
2102,0.15626198,0.0,6.2325554,3.1819146,0.0007103472,0.0,0.00013966496,0.038606104
2103,4.5750084,0.0,2.6428313,3.1819096,0.0034321747,0.0,0.00018312602,0.03860609
2104,0.3930039,0.0,0.043897994,3.1819053,8.473434e-06,0.0,0.003628361,0.038606122
2105,3.9340222,0.0,0.12475022,3.181901,0.0037927476,0.0,0.00017588538,0.03860609
2106,1.0531085,0.0,0.107136235,3.1818967,0.00014016863,0.0,7.966644e-05,0.03860605
2107,0.11227853,0.0,1.018125,3.1818936,6.649328e-05,0.0,0.0030724737,0.038605932
2108,10.359101,0.0,14.179785,3.1818933,0.00017076089,0.0,0.00024947218,0.038605638
2109,0.17008097,0.0,1.6609102,3.1818924,0.0001079224,0.0,5.1338513e-05,0.03860525
2110,1.4394221,0.0,14.113665,3.1818917,7.4496915e-05,0.0,0.00020998587,0.03860486
2111,1.2899717,0.0,0.11997604,3.1818922,0.000102344995,0.0,0.00020777754,0.038604498
2112,1.6952493,0.0,14.099551,3.1818926,0.00015370482,0.0,9.217785e-05,0.038604233
2113,1.5874901,0.0,12.30314,3.1818883,0.0032967662,0.0,0.003772927,0.038604107
2114,10.30768,0.0,0.05227997,3.181885,9.0995076e-05,0.0,0.00054185,0.038603995
2115,4.7650743,0.0,2.3596325,3.1818807,3.822901e-05,0.0,0.0005573938,0.038603842
2116,0.097563215,0.0,0.99415433,3.1818802,1.2040705e-06,0.0,0.0020885833,0.038603805
2117,0.35471,0.0,0.040968787,3.1818802,8.051393e-05,0.0,0.00031299368,0.03860366
2118,0.3074464,0.0,0.07632631,3.1818805,9.197743e-05,0.0,0.0014336153,0.03860351
2119,0.7258819,0.0,0.8588828,3.181881,2.000789e-05,0.0,0.00018462646,0.03860325
2120,0.13426661,0.0,2.787223,3.1818826,0.0014016146,0.0,0.00021603615,0.038603008
2121,0.7943885,0.0,1.0581838,3.1818836,4.64423e-05,0.0,8.5711756e-05,0.038602736
2122,2.9782462,0.0,0.74441844,3.1818852,8.107149e-05,0.0,0.00027061117,0.038602408
2123,0.6737455,0.0,9.932492,3.181887,1.6729195e-05,0.0,7.519002e-05,0.03860209
2124,1.2736963,0.0,0.037318252,3.1818867,0.00027282245,0.0,9.159809e-05,0.038601734
2125,3.030299,0.0,0.05219414,3.1818857,3.9924256e-05,0.0,0.00011086311,0.03860132
2126,1.2633934,0.0,0.057813734,3.1818855,5.6393248e-05,0.0,0.00014615056,0.038600843
2127,0.6716916,0.0,9.984848,3.1818848,0.0025320845,0.0,0.0002764608,0.038600307
2128,0.11764876,0.0,2.7199385,3.181884,0.0026285497,0.0,0.00021973591,0.038599953
2129,0.52254647,0.0,0.07880752,3.1818752,8.781919e-06,0.0,0.0030513732,0.03859971
2130,11.139199,0.0,14.992806,3.1818678,2.4123052e-05,0.0,0.00014487137,0.038599677
2131,0.16682948,0.0,5.233449,3.1818538,0.0029973052,0.0,0.00018276562,0.038599636
2132,1.2469798,0.0,0.06285274,3.1818368,7.1325367e-06,0.0,0.0028906402,0.038599573
2133,5.47721,0.0,0.34659484,3.181822,0.00010626702,0.0,0.0020630287,0.038599685
2134,17.149708,0.0,0.96833396,3.1818078,0.0028052737,0.0,0.00010358668,0.038599677
2135,12.86455,0.0,0.61250377,3.1817956,0.00026493744,0.0,0.0026553685,0.038599566
2136,0.7230856,0.0,6.7510543,3.1817858,1.2718069e-05,0.0,0.0019341504,0.03859948
2137,12.088124,0.0,8.659396,3.1817818,0.00027846216,0.0,7.4760435e-05,0.03859956
2138,4.6959467,0.0,1.2957791,3.1817799,0.0003092747,0.0,0.0018082216,0.038599562
2139,0.6718006,0.0,0.043785203,3.1817806,0.0029624833,0.0,2.4430441e-05,0.03859953
2140,10.4763155,0.0,0.03941806,3.1817806,0.0026635465,0.0,0.0063085244,0.038599435
2141,0.5598148,0.0,3.1253357,3.1817806,0.0001092037,0.0,0.00021211042,0.03859937
2142,1.3781964,0.0,0.02910395,3.1817791,0.00017614843,0.0,0.00045191185,0.0385992
2143,0.71080637,0.0,1.0979824,3.1817784,2.560547e-05,0.0,0.0002727108,0.03859904
2144,1.9115999,0.0,0.3052564,3.1817768,3.4327422e-05,0.0,0.0014111606,0.038598824
2145,5.5649548,0.0,9.683319,3.1817758,0.00016610282,0.0,4.0625404e-05,0.038598605
2146,0.14559989,0.0,0.12584245,3.1817641,6.8559086e-05,0.0,0.00025125447,0.038598344
2147,0.689352,0.0,0.122098535,3.1817539,8.553159e-05,0.0,0.00029612827,0.03859809
2148,4.4195356,0.0,0.18761046,3.1817446,6.268419e-05,0.0,0.0034861243,0.038597967
2149,0.6216898,0.0,0.84483504,3.181736,0.0035513854,0.0,0.000121756755,0.03859782
2150,2.6879036,0.0,0.065773174,3.181729,3.1086733e-05,0.0,0.00034303442,0.038597625
2151,0.31231552,0.0,0.28515092,3.181724,7.2328105e-05,0.0,0.003347864,0.038597636
2152,1.4955435,0.0,0.1297168,3.181718,4.8262586e-06,0.0,7.852276e-05,0.03859749
2153,0.14858782,0.0,0.23964933,3.181712,0.0001121129,0.0,5.4111246e-05,0.0385973
2154,0.3262949,0.0,0.15236965,3.1817062,0.0006398839,0.0,4.2806052e-05,0.038597092
2155,0.74566555,0.0,0.10612032,3.1816995,0.00015705085,0.0,0.00015530766,0.038596887
2156,0.4402698,0.0,5.4649105,3.181695,0.0023919675,0.0,6.328378e-05,0.038596593
2157,1.9707328,0.0,0.08516289,3.1816914,0.00020161727,0.0,0.0002962529,0.03859626
2158,0.6075881,0.0,1.1586598,3.181687,0.0011805055,0.0,5.260003e-05,0.038595963
2159,3.7070134,0.0,2.3362553,3.181693,3.740094e-05,0.0,0.0029728129,0.038595594
2160,12.024882,0.0,0.024882361,3.1816962,0.0018098417,0.0,0.0001291979,0.03859521
2161,0.13120896,0.0,8.7968235,3.1816993,0.0034728125,0.0,0.00021360697,0.038594916
2162,0.28112164,0.0,0.11646416,3.1817024,0.00035453038,0.0,9.5916286e-05,0.038594525
2163,4.064721,0.0,2.1543703,3.1817057,0.0028867037,0.0,0.0010706522,0.03859419
2164,0.2528266,0.0,0.31396344,3.1817086,2.8359504e-05,0.0,0.0025369546,0.03859381
2165,4.671039,0.0,0.025423223,3.1817105,0.002646325,0.0,0.0038006562,0.03859348
2166,0.073789045,0.0,0.7078045,3.181712,0.00012685561,0.0,0.0036903913,0.038593132
2167,2.5906541,0.0,3.541417,3.181713,1.9957199e-05,0.0,0.00023078916,0.038594175
2168,0.33533043,0.0,4.9417114,3.1817136,4.954884e-05,0.0,0.00038791876,0.03859503
2169,2.838181,0.0,0.92898387,3.1817136,0.00011905121,0.0,0.00010937308,0.03859588
2170,0.44874763,0.0,0.920652,3.181713,0.00024435972,0.0,0.00013257221,0.03859658
2171,0.034166154,0.0,3.342542,3.1817122,0.0001997198,0.0,0.0003795445,0.038597144
2172,0.37678966,0.0,0.51191807,3.1817198,0.00093813427,0.0,0.0022519766,0.038597643
2173,5.9142456,0.0,10.1505375,3.181726,8.438026e-06,0.0,6.482664e-05,0.038598012
2174,0.27947822,0.0,0.2762441,3.181726,8.6864646e-05,0.0,0.00024785218,0.038598254
2175,7.5413785,0.0,9.594636,3.1817257,0.0022205587,0.0,0.00025803864,0.03859861
2176,0.22298539,0.0,4.288438,3.181727,0.0055257357,0.0,0.0030701852,0.03859886
2177,0.35054654,0.0,14.666919,3.1817274,2.1539707e-05,0.0,0.0022236183,0.03859905
2178,0.2640369,0.0,0.57784426,3.1817288,1.1377606e-05,0.0,0.002264405,0.038599186
2179,0.20280384,0.0,11.665088,3.1817324,2.4225326e-05,0.0,0.00021133653,0.038599268
2180,1.4266269,0.0,0.8145601,3.1817348,0.0015948594,0.0,0.0026485755,0.038599316
2181,0.16491944,0.0,0.23585017,3.1817346,0.0022280857,0.0,0.0005380285,0.038599227
2182,4.725204,0.0,0.30520877,3.1817348,6.498951e-05,0.0,0.0018257903,0.038598955
2183,1.1482055,0.0,6.2730374,3.1817334,1.8775969e-05,0.0,0.0022285823,0.038598645
2184,9.578621,0.0,0.63810396,3.1817296,0.0015574257,0.0,7.151751e-05,0.03859827
2185,0.12741105,0.0,0.062130045,3.1817262,0.00012649795,0.0,0.00012733522,0.038597856
2186,10.694336,0.0,0.18427514,3.1817226,2.9607467e-05,0.0,0.0029778243,0.038597364
2187,10.58697,0.0,0.34611356,3.181721,3.205057e-05,0.0,5.5650053e-05,0.038596794
2188,11.210269,0.0,0.29023832,3.1817195,0.0016127623,0.0,0.0024679864,0.0385962
2189,11.87749,0.0,18.237625,3.1817186,0.00012111013,0.0,0.00026288105,0.038595673
2190,8.868384,0.0,1.1192864,3.1817162,9.562151e-05,0.0,0.0060762167,0.03859524
2191,3.2923162,0.0,0.040177733,3.1817148,3.3303266e-05,0.0,0.0033764832,0.038594823
2192,8.92764,0.0,0.023896584,3.181714,0.00019131292,0.0,0.0020993017,0.038594376
2193,6.9697475,0.0,0.29098505,3.1817129,0.0027296494,0.0,0.000121819125,0.03859399
2194,6.3601484,0.0,0.04409468,3.1817114,0.0010916315,0.0,0.004975271,0.038593594
2195,1.2220986,0.0,0.09236998,3.18171,4.3884305e-05,0.0,0.00022441072,0.03859331
2196,3.6121237,0.0,0.024951419,3.1817086,4.1186122e-05,0.0,0.0022997397,0.03859297
2197,6.49485,0.0,15.190613,3.181707,8.97173e-05,0.0,0.00053989654,0.038592838
2198,4.732054,0.0,11.063583,3.1817052,0.00028963655,0.0,0.00033472772,0.038592983
2199,4.277562,0.0,2.0192776,3.1817083,0.0013190439,0.0,0.00055319024,0.038593046
2200,1.7375743,0.0,0.33707052,3.1817114,0.00019636411,0.0,0.00017490253,0.038593184
2201,0.5918687,0.0,0.05577403,3.181715,0.0067497785,0.0,0.0017836262,0.038593333
2202,1.2375149,0.0,0.3812445,3.1817183,0.0006078639,0.0,0.00018957123,0.038593356
2203,3.724089,0.0,13.794391,3.181724,0.00028598652,0.0,7.424472e-05,0.0385933
2204,1.5174341,0.0,0.38698196,3.1817272,0.0027417352,0.0,0.00059955544,0.038593154
2205,8.498962,0.0,2.6538396,3.1817296,0.00020874527,0.0,0.0013459977,0.038593072
2206,10.566957,0.0,1.621257,3.1817338,0.0002986036,0.0,0.000398417,0.038593
2207,5.393352,0.0,0.22618501,3.181738,0.00014740365,0.0,0.0013737363,0.038592715
2208,0.1738034,0.0,4.1842613,3.1817424,0.00084044243,0.0,7.498376e-05,0.038592394
2209,0.118427604,0.0,0.024073526,3.1817465,0.00081699475,0.0,0.00028626877,0.038592048
2210,9.752042,0.0,1.8928149,3.18175,3.1637268e-05,0.0,0.0032693078,0.038591493
2211,20.454231,0.0,15.560045,3.181755,0.00018230887,0.0,0.0013030538,0.03859099
2212,8.044095,0.0,1.2393302,3.1817636,8.811684e-05,0.0,0.00090301165,0.038590457
2213,12.573001,0.0,5.846354,3.181774,0.0041518216,0.0,8.515838e-05,0.03858989
2214,0.80288714,0.0,0.8098571,3.1817863,3.9494822e-05,0.0,0.0016055955,0.038589336
2215,0.44773674,0.0,14.201189,3.1818027,0.00018505016,0.0,0.00025949147,0.038588833
2216,1.8259226,0.0,0.08491059,3.1818175,0.0025845696,0.0,0.00036518287,0.038588844
2217,8.056912,0.0,0.5240631,3.1818311,0.00010342937,0.0,0.00012066685,0.038588844
2218,0.15424591,0.0,3.5492673,3.181843,1.9277e-05,0.0,0.0029428801,0.0385888
2219,0.20972942,0.0,1.4266486,3.1818542,0.00020306915,0.0,0.002918507,0.038588736
2220,1.1315284,0.0,2.0050225,3.1818638,0.0016155706,0.0,0.00017714397,0.038588613
2221,11.375919,0.0,0.06903666,3.181872,4.7391768e-05,0.0,0.00016862947,0.038588304
2222,1.5869557,0.0,0.049229547,3.1818786,0.0005113593,0.0,0.0030861641,0.038588
2223,0.55260575,0.0,0.07775876,3.181884,0.0025298651,0.0,0.00023711164,0.038587756
2224,3.1211612,0.0,1.0261419,3.1818898,5.7388777e-05,0.0,0.0019412362,0.038587447
2225,0.71876043,0.0,0.1554822,3.1818957,1.966814e-05,0.0,0.0018111141,0.038587075
2226,2.2471616,0.0,0.016641457,3.1819012,2.8902567e-05,0.0,0.00073675066,0.03858662
2227,0.3426578,0.0,0.16476741,3.1819062,0.0014303068,0.0,0.00011350589,0.038586028
2228,0.36049452,0.0,0.26917353,3.1819103,3.710416e-05,0.0,0.00015378109,0.038585473
2229,0.44690177,0.0,0.085121,3.1819146,0.00021885056,0.0,0.00030004175,0.038584996
2230,2.6794245,0.0,6.1991324,3.1819186,0.0022153996,0.0,0.00018518268,0.038584523
2231,1.0644857,0.0,1.3504812,3.181922,0.00015058139,0.0,0.000104098624,0.038584076
2232,1.0934222,0.0,0.12317313,3.1819246,0.002359452,0.0,0.00022527282,0.038583606
2233,0.1211754,0.0,13.1138935,3.1819258,0.00029613767,0.0,0.0011068117,0.038583115
2234,11.659777,0.0,0.09921316,3.1819248,0.0028950572,0.0,0.0009363497,0.038581755
2235,0.29599917,0.0,6.35142,3.1819224,0.00017067106,0.0,0.00024249524,0.03858063
2236,0.2309169,0.0,11.895587,3.1819124,0.0016630872,0.0,0.0027269188,0.03857963
2237,1.298878,0.0,3.182592,3.1818967,0.0001526115,0.0,0.00024284278,0.038578838
2238,0.4664704,0.0,2.3313448,3.1818826,3.07404e-05,0.0,0.000335164,0.03857814
2239,0.1528812,0.0,0.3432004,3.181871,0.00036322017,0.0,0.00030551964,0.038577285
2240,0.24442527,0.0,0.57253146,3.1818614,1.5701371e-05,0.0,0.0009344284,0.03857655
2241,1.166744,0.0,12.326913,3.1818538,0.003392002,0.0,0.0001597858,0.03857564
2242,0.67578405,0.0,0.022229044,3.1818492,3.2536365e-05,0.0,0.00054468494,0.03857496
2243,14.299055,0.0,17.849419,3.1818457,0.0004742899,0.0,0.0006556297,0.03857492
2244,0.05689892,0.0,0.019135805,3.1818376,0.0023699454,0.0,0.0027053345,0.03857491
2245,0.04776305,0.0,0.47483832,3.1818304,0.00019121086,0.0,0.0010520115,0.038575407
2246,6.782514,0.0,1.1857601,3.1818252,0.00017046073,0.0,0.003248227,0.038575917
2247,0.24362509,0.0,0.06474525,3.1818213,0.00011875424,0.0,0.0006625734,0.038576312
2248,0.041802943,0.0,3.5326397,3.1818175,3.7325946e-05,0.0,0.00012987985,0.038576715
2249,0.94575614,0.0,0.388436,3.1818142,0.0029637688,0.0,0.0051707095,0.038577035
2250,0.32360944,0.0,0.9143552,3.1818104,5.687992e-05,0.0,0.0017365855,0.038577188
2251,1.3693376,0.0,0.050686937,3.181809,8.396817e-05,0.0,0.0006525634,0.038577292
2252,1.254768,0.0,0.1718793,3.1818075,0.0002273292,0.0,0.00044980884,0.038577724
2253,0.8945254,0.0,0.9695962,3.1818068,0.0007168099,0.0,0.00019115434,0.03857814
2254,0.14938237,0.0,3.608689,3.1818068,0.00037295002,0.0,0.00022807458,0.038578484
2255,0.14981769,0.0,0.46013916,3.1818075,0.0019766316,0.0,0.0018947108,0.038578723
2256,0.052412603,0.0,2.1931632,3.181808,0.0003785473,0.0,0.00012226397,0.038578875
2257,2.4089165,0.0,0.16281657,3.181812,0.00045941252,0.0,0.0029281515,0.038578995
2258,0.9496488,0.0,0.7152881,3.181815,0.0005514505,0.0,0.00019428671,0.038579136
2259,13.556944,0.0,0.8248594,3.181819,0.0002513188,0.0,0.00035598475,0.038579173
2260,0.11820768,0.0,0.18721321,3.1818235,0.0005359774,0.0,0.0001315239,0.038579285
2261,0.124034114,0.0,9.460757,3.1818278,0.00035837892,0.0,0.0062687644,0.03857936
2262,0.32623982,0.0,0.98579806,3.1818323,0.0059124455,0.0,0.0030450686,0.038579382
2263,1.0771482,0.0,0.22337238,3.1818366,0.00021017244,0.0,0.0005503299,0.03857936
2264,0.09269329,0.0,7.104614,3.1818392,3.4103752e-05,0.0,0.003164796,0.038579516
2265,5.3163667,0.0,0.2868833,3.181845,0.00251428,0.0,6.81621e-05,0.03857965
2266,4.5943513,0.0,0.10738363,3.1818511,1.2366607e-05,0.0,0.0029315972,0.038579717
2267,0.16898656,0.0,0.44237232,3.1818564,1.2794049e-05,0.0,0.0031644497,0.038579665
2268,0.12731403,0.0,0.9829372,3.1818593,5.178729e-05,0.0,0.00047633352,0.038579524
2269,2.0900962,0.0,0.015839564,3.181864,0.0012842694,0.0,0.00014986141,0.038579307
2270,2.588287,0.0,0.021900678,3.1818676,3.0254636e-05,0.0,0.00015889683,0.038579192
2271,0.20416893,0.0,0.169962,3.1818705,1.8716131e-06,0.0,8.8441135e-05,0.03857901
2272,11.926027,0.0,0.015455656,3.181874,3.214169e-05,0.0,0.00047240037,0.038578756
2273,0.1256574,0.0,1.5364414,3.1818764,8.202585e-05,0.0,6.678031e-05,0.038577583
2274,2.2330694,0.0,9.714947,3.1818783,4.1310203e-05,0.0,7.607814e-05,0.038576495
2275,4.233247,0.0,8.00798,3.1818795,7.827328e-06,0.0,9.9316356e-05,0.038575433
2276,11.600137,0.0,1.6912496,3.1818862,0.0020348572,0.0,0.00011860041,0.03857454
2277,0.14468215,0.0,3.1635883,3.1818945,0.0036308356,0.0,0.0010143225,0.03857369
2278,1.8298814,0.0,9.556606,3.1819034,3.675317e-05,0.0,0.005619982,0.038574208
2279,6.0473747,0.0,0.23294105,3.1819115,5.5068544e-05,0.0,0.00039244132,0.03857476
2280,1.4704978,0.0,1.1111323,3.181919,1.0033414e-05,0.0,0.0017767292,0.03857529
2281,0.8798307,0.0,0.28247908,3.1819277,2.0906724e-05,0.0,0.00023756264,0.03857574
2282,0.4904559,0.0,1.8709482,3.1819353,6.972482e-06,0.0,0.0001233911,0.038576145
2283,0.8641987,0.0,0.0204275,3.181941,2.640071e-05,0.0,0.0020313032,0.038576424
2284,1.4904715,0.0,0.03022018,3.1819458,4.203026e-05,0.0,0.0001010961,0.038576774
2285,0.28093135,0.0,11.529803,3.18195,9.295274e-05,0.0,5.462102e-05,0.038577043
2286,6.6439834,0.0,0.045461316,3.1819515,1.3932958e-05,0.0,0.0003441611,0.038577247
2287,0.2631473,0.0,8.911281,3.1819527,2.6756394e-05,0.0,0.001815192,0.038577367
2288,0.9735327,0.0,0.8217737,3.1819546,0.0028753793,0.0,0.00015070432,0.038577482
2289,1.6680702,0.0,0.2789791,3.1819582,5.1701572e-05,0.0,0.0013123617,0.038577534
2290,2.6608837,0.0,14.386644,3.1819618,0.0018219377,0.0,0.0007578257,0.03857771
2291,0.13851145,0.0,0.2172553,3.1819594,0.0022377998,0.0,0.0002230942,0.038577832
2292,0.7024353,0.0,0.76435775,3.1819575,3.538504e-05,0.0,0.0034269895,0.038577866
2293,3.1447752,0.0,0.42633343,3.1819553,8.244406e-06,0.0,7.043264e-05,0.038577866
2294,9.81987,0.0,2.2577655,3.1819527,3.8418486e-05,0.0,0.00068610266,0.03857782
2295,0.20086159,0.0,1.6972357,3.1819506,1.7412221e-05,0.0,0.00015829985,0.038577907
2296,11.250931,0.0,2.1339142,3.1819506,1.9702553e-05,0.0,9.089771e-05,0.038577892
2297,0.83305395,0.0,0.10830031,3.1819503,7.276925e-05,0.0,0.0011174068,0.038577802
2298,0.18027152,0.0,2.3515563,3.1819499,3.0239444e-05,0.0,0.0047446494,0.038577836
2299,3.3536377,0.0,0.8475795,3.181951,3.043177e-05,0.0,0.0035861537,0.038577843
2300,4.5438004,0.0,0.11863155,3.1819508,0.002832488,0.0,0.0033554686,0.038577884
2301,0.33940265,0.0,4.887474,3.1819503,0.0001414083,0.0,0.0033257117,0.038577996
2302,0.13939333,0.0,2.1554105,3.1819549,0.0011980681,0.0,0.000281304,0.038578033
2303,0.4425416,0.0,1.2164824,3.1819599,0.0028465649,0.0,6.0018538e-05,0.03857808
2304,8.744346,0.0,0.034051616,3.1819754,3.8493716e-05,0.0,0.00031621067,0.03857808
2305,0.10960017,0.0,0.2247187,3.1819892,0.0023477299,0.0,0.0007805856,0.038577996
2306,0.20784763,0.0,13.226665,3.1820014,0.0001158522,0.0,0.00019935756,0.03857784
2307,0.6253233,0.0,2.4560301,3.1820114,0.0003210951,0.0,0.00014261826,0.038577672
2308,0.2396167,0.0,0.5725113,3.1820214,6.134056e-05,0.0,0.00031278082,0.038577538
2309,0.056528088,0.0,0.029824225,3.1820323,0.0011709366,0.0,0.000117457574,0.03857729
2310,2.9827454,0.0,0.042150617,3.1820416,1.1465993e-05,0.0,0.00012296753,0.03857699
2311,0.13862398,0.0,2.7619133,3.1820498,4.509904e-05,0.0,0.00025811678,0.038576722
2312,0.5188013,0.0,1.6808141,3.1820562,0.0043290323,0.0,0.0023113717,0.038576566
2313,0.06974678,0.0,1.7741016,3.182067,7.753358e-05,0.0,8.705863e-05,0.03857666
2314,0.6239131,0.0,0.5770424,3.182078,0.00038915014,0.0,0.004453467,0.038576763
2315,0.27281064,0.0,0.12928084,3.1820881,0.0001387739,0.0,0.00016010483,0.038576882
2316,1.6635488,0.0,0.021763192,3.1820982,4.3559878e-05,0.0,0.0004630593,0.03857705
2317,7.1175513,0.0,0.036147267,3.1821072,0.000217438,0.0,0.0024847076,0.038577206
2318,0.30259487,0.0,0.79730827,3.1821148,2.75283e-05,0.0,0.00012492409,0.03857733
2319,1.6690737,0.0,0.23910043,3.1821213,0.002397579,0.0,0.0005549196,0.03857741
2320,2.7577503,0.0,1.2115777,3.1821277,4.1952637e-05,0.0,0.0002112543,0.03857763
2321,0.22412121,0.0,0.028228024,3.182132,0.0027646972,0.0,0.00042737124,0.03857777
2322,0.14800963,0.0,1.5929015,3.182136,0.0008400475,0.0,0.00016484258,0.038577776
2323,0.5481682,0.0,0.16684213,3.1821408,5.376018e-05,0.0,0.001079554,0.03857771
2324,0.16554236,0.0,0.3864902,3.1821456,1.1438212e-05,0.0,0.002057748,0.038577568
2325,0.6547304,0.0,0.028544664,3.182151,0.00019178694,0.0,0.0024901335,0.038577493
2326,0.41530827,0.0,0.015397954,3.1821551,7.19696e-05,0.0,0.00023403965,0.038577396
2327,0.82533926,0.0,0.09634282,3.1821592,3.319754e-05,0.0,0.0020068388,0.03857741
2328,3.2518551,0.0,0.13045266,3.1821613,0.00022671864,0.0,0.0008601192,0.038577292
2329,0.21763943,0.0,12.071709,3.1821635,0.0002638967,0.0,0.00014109322,0.03857716
2330,0.1350904,0.0,4.2457232,3.1821647,5.8742597e-05,0.0,0.00028550398,0.038576998
2331,0.17455359,0.0,11.924011,3.1821647,0.00036037568,0.0,0.00019830016,0.03857682
2332,0.32394886,0.0,0.18484855,3.1821635,0.003154036,0.0,0.0018835927,0.038576584
2333,0.03187791,0.0,0.14241683,3.1821635,2.4443452e-05,0.0,0.002533509,0.038576357
2334,0.13785875,0.0,0.72499543,3.1821635,0.0001068255,0.0,0.0004039936,0.03857582
2335,0.28351772,0.0,0.051701438,3.1821635,5.6106823e-05,0.0,0.00048667323,0.03857528
2336,13.242279,0.0,10.463228,3.1821642,0.0020700926,0.0,0.00057902053,0.038574796
2337,0.09675373,0.0,1.1303316,3.1821632,0.001658618,0.0,0.00044635255,0.038574222
2338,0.22821124,0.0,4.2959986,3.182163,4.1344083e-05,0.0,0.00015032238,0.038573653
2339,0.15073648,0.0,0.034568626,3.1821613,0.0018790616,0.0,0.00067489455,0.038573258
2340,1.1956875,0.0,0.13495816,3.18216,0.0016050825,0.0,0.00059776136,0.038572818
2341,0.54871076,0.0,5.552436,3.1821585,0.00012926896,0.0,0.00033579025,0.03857281
2342,0.42636126,0.0,0.8153726,3.1821558,0.00086992036,0.0,8.279769e-05,0.03857287
2343,0.08724993,0.0,0.04445108,3.1821537,0.0009386771,0.0,9.0737136e-05,0.03857292
2344,0.07886405,0.0,0.041387457,3.182151,1.2175408e-05,0.0,0.00021012884,0.03857285
2345,1.2560778,0.0,0.25328588,3.1821492,0.0007020504,0.0,0.0001142704,0.038572792
2346,4.345726,0.0,1.0223612,3.1821475,0.00016658424,0.0,0.00010930446,0.03857264
2347,0.75123894,0.0,21.067392,3.1821449,9.0044305e-06,0.0,0.00019279239,0.038572412
2348,4.0168138,0.0,0.4943687,3.1821396,0.0026994997,0.0,5.745635e-05,0.03857213
2349,0.10497892,0.0,0.15879649,3.1821353,0.0019254269,0.0,0.00084067136,0.038571835
2350,18.090832,0.0,0.07749142,3.1821322,0.002909448,0.0,0.0002489535,0.038571477
2351,0.6920942,0.0,0.21697704,3.1821294,0.00010030009,0.0,0.0034304624,0.038571183
2352,0.33102822,0.0,1.6183153,3.1821263,3.8526407e-05,0.0,0.0004952785,0.038570903
2353,0.06498225,0.0,0.6752698,3.1821244,0.0028120398,0.0,0.00017513151,0.03857064
2354,0.5273895,0.0,0.557148,3.1821225,0.0019424638,0.0,0.00037797831,0.038570292
2355,13.259761,0.0,8.013145,3.1821232,3.844703e-05,0.0,0.00244242,0.038569946
2356,0.29880396,0.0,0.59204274,3.1821241,9.739655e-06,0.0,0.0004911795,0.038569573
2357,1.7811718,0.0,0.018764794,3.1821258,6.759823e-05,0.0,0.00010616885,0.03856908
2358,4.421565,0.0,0.41397214,3.1821272,0.0028013375,0.0,0.00044433124,0.038568605
2359,1.4264084,0.0,0.3194256,3.1821277,4.1982814e-05,0.0,9.022141e-05,0.0385682
2360,7.119009,0.0,0.17241335,3.1821275,0.00011991749,0.0,0.00024806522,0.038567826
2361,0.334058,0.0,0.03786981,3.1821265,0.002772828,0.0,0.0010384124,0.03856752
2362,0.29680458,0.0,0.36913204,3.1821258,0.00015139417,0.0,0.0002581582,0.03856757
2363,2.1463861,0.0,0.034894772,3.1821246,0.00041157784,0.0,0.0004121635,0.0385676
2364,8.912827,0.0,0.70765865,3.1821241,0.0025260285,0.0,0.001312133,0.038567614
2365,12.544835,0.0,0.020128809,3.1821246,0.0031636292,0.0,8.882365e-05,0.0385676
2366,1.7550776,0.0,4.4698,3.1821249,0.00068346737,0.0,0.00030289157,0.038567543
2367,5.073121,0.0,0.041844685,3.182126,0.0003475035,0.0,0.0021611927,0.038567476
2368,6.4167647,0.0,0.01775069,3.1821268,0.000685842,0.0,0.0005280034,0.03856736
2369,1.3904822,0.0,0.022087337,3.1821272,9.818305e-05,0.0,0.000121419376,0.038567495
2370,2.2000225,0.0,1.2575821,3.1821277,0.0001490478,0.0,0.003073299,0.038567595
2371,1.2428963,0.0,2.164158,3.1821308,0.00017183597,0.0,0.00058353425,0.03856761
2372,0.38113534,0.0,0.36941364,3.182133,0.0017468247,0.0,0.0034094776,0.038567875
2373,3.7202938,0.0,0.91628927,3.1821365,0.0017310927,0.0,0.0005217131,0.038568247
2374,1.1086931,0.0,0.08598834,3.1821415,0.00017877216,0.0,7.334427e-05,0.038568523
2375,0.38137794,0.0,0.24216521,3.182146,0.0022509536,0.0,0.00020830134,0.03856869
2376,0.37560734,0.0,0.9713144,3.1821508,7.945335e-05,0.0,0.0008555335,0.03856871
2377,0.26037595,0.0,9.434836,3.1821575,0.005111909,0.0,8.6146465e-05,0.03856884
2378,0.2562883,0.0,0.046643358,3.1821656,0.00026258468,0.0,0.00011547678,0.038568925
2379,8.538207,0.0,2.166161,3.182173,0.0008475925,0.0,0.0015183447,0.038568974
2380,0.03170316,0.0,0.15604168,3.1821806,0.0001090927,0.0,9.626543e-05,0.03856894
2381,2.035397,0.0,13.339732,3.1821876,7.570992e-05,0.0,0.000151016,0.038568884
2382,6.070597,0.0,1.6338497,3.1821933,0.00031799782,0.0,0.0042922325,0.03856872
2383,6.787093,0.0,8.332618,3.1821978,0.00032228074,0.0,0.001947222,0.038568757
2384,3.3270848,0.0,2.3713489,3.1822014,0.00034930903,0.0,0.0041016256,0.038568724
2385,0.5701116,0.0,0.61676,3.1821997,0.005994722,0.0,0.00038654346,0.03856888
2386,0.101478554,0.0,0.024497172,3.1821983,2.0216434e-05,0.0,0.00012938655,0.038569365
2387,0.44154176,0.0,1.6114714,3.182197,0.0026877695,0.0,0.0013361559,0.038569853
2388,9.094542,0.0,5.50744,3.1821964,0.0009250226,0.0,2.3424862e-05,0.03857029
2389,0.7193825,0.0,0.020504717,3.1821954,0.0005231657,0.0,0.00014316777,0.038570654
2390,6.531634,0.0,0.016291061,3.1821942,0.00020764951,0.0,8.350558e-05,0.03857099
2391,0.108085096,0.0,1.1093911,3.1821928,0.0003922101,0.0,4.8833543e-05,0.03857125
2392,0.156425,0.0,8.69668,3.182191,0.0015740544,0.0,7.783635e-05,0.038571406
2393,0.35621327,0.0,0.040485978,3.182187,0.0022343108,0.0,0.00060251204,0.038571496
2394,0.07399919,0.0,0.18243022,3.182185,0.00021640211,0.0,0.0016802949,0.038571708
2395,0.4886767,0.0,0.1912425,3.182182,0.00012999901,0.0,6.81558e-05,0.03857176
2396,3.282123,0.0,0.16000448,3.1821795,0.00021806774,0.0,8.587004e-05,0.03857169
2397,0.29097152,0.0,0.14759924,3.1821775,0.0005151966,0.0,0.0001977111,0.038571544
2398,0.10272759,0.0,0.113125674,3.1821759,0.00028000568,0.0,0.00026149355,0.038571328
2399,3.1295927,0.0,4.388099,3.1821742,0.00016039069,0.0,6.169375e-05,0.038570993
2400,2.971157,0.0,2.0392227,3.182173,0.00033991423,0.0,0.00036301237,0.038570665
2401,1.7185934,0.0,0.08962783,3.182173,3.5962657e-05,0.0,0.00011705974,0.038570218
2402,0.446148,0.0,0.25365025,3.1821728,6.043152e-05,0.0,0.0002215026,0.03856977
2403,4.5348277,0.0,0.9657527,3.182174,4.5192897e-05,0.0,0.00031946253,0.03856946
2404,1.4937018,0.0,0.46907622,3.1821733,0.0019143401,0.0,0.00016741663,0.038569186
2405,1.3527287,0.0,16.21615,3.1821737,8.013285e-05,0.0,0.00027901045,0.038568962
2406,0.34074122,0.0,0.48373103,3.1821609,0.00011799285,0.0,0.00010477362,0.038568698
2407,8.709494,0.0,0.24491927,3.1821494,0.0004838069,0.0,0.0029509433,0.038568377
2408,2.9089115,0.0,0.16792913,3.1821399,0.0023161538,0.0,0.000111584784,0.038568083
2409,16.541851,0.0,2.1711864,3.1821308,1.18039425e-05,0.0,0.00021147923,0.038567785
2410,1.4532683,0.0,0.6351752,3.182126,0.00015279354,0.0,0.00020250562,0.038567487
2411,1.9707271,0.0,0.06459184,3.1821241,1.9302182e-05,0.0,0.00011958343,0.03856717
2412,4.582406,0.0,0.083294265,3.1821225,0.00011380886,0.0,0.0005168478,0.038566776
2413,4.1552663,0.0,1.4299909,3.1821213,2.5030718e-05,0.0,0.0005751543,0.03856639
2414,0.8246024,0.0,0.28553984,3.1821222,0.00036056509,0.0,0.00238707,0.038565557
2415,0.8963903,0.0,0.09672143,3.1821225,0.00026382966,0.0,0.00022722018,0.038564853
2416,4.4321136,0.0,4.179911,3.1821227,0.0010824667,0.0,0.0028854888,0.038564
2417,0.6152782,0.0,2.391027,3.1821222,0.0014124607,0.0,4.8873204e-05,0.038563322
2418,1.2726668,0.0,0.18577728,3.182124,1.8430548e-05,0.0,0.0006742363,0.03856267
2419,0.03853442,0.0,0.6580752,3.1821244,7.7074495e-05,0.0,3.8284372e-05,0.038562067
2420,6.634536,0.0,20.87847,3.182126,3.572181e-05,0.0,0.00016298657,0.038561456
2421,10.0093975,0.0,13.119622,3.1821234,0.0014243537,0.0,0.00046147907,0.038560882
2422,5.0460525,0.0,0.1994647,3.182115,0.0001296039,0.0,0.00044365542,0.0385602
2423,1.1045271,0.0,0.074872844,3.1821072,2.3564051e-05,0.0,0.00010645479,0.038559377
2424,0.5581751,0.0,4.185299,3.1821,0.00048606444,0.0,0.00016845479,0.038558558
2425,0.21284394,0.0,0.08625719,3.1820936,0.0026557215,0.0,0.0019082115,0.038557716
2426,1.1578699,0.0,6.14098,3.1820881,0.0018543575,0.0,0.0015900233,0.038556945
2427,3.7750866,0.0,3.3094807,3.1820807,0.0024792654,0.0,0.00014332759,0.03855526
2428,0.40774798,0.0,0.021534573,3.182077,0.00015501711,0.0,0.00015612342,0.038553715
2429,0.48393896,0.0,1.722524,3.1820734,0.00031425798,0.0,0.004624365,0.038552344
2430,0.9281478,0.0,0.035944454,3.1820693,0.0006221781,0.0,0.00021439792,0.038551375
2431,3.7470396,0.0,4.03883,3.1820652,0.00017520471,0.0,0.0015119761,0.038550526
2432,7.622241,0.0,0.71598816,3.1820624,0.00058091345,0.0,0.0022798865,0.038549602
2433,2.4002135,0.0,0.023430327,3.1820626,3.6507918e-05,0.0,0.0013427886,0.03854845
2434,5.1688614,0.0,0.09728209,3.1820624,0.00012969534,0.0,0.0001156989,0.038547378
2435,0.48318765,0.0,0.7483833,3.1820626,0.00022728578,0.0,0.00033317995,0.03854629
2436,11.605425,0.0,0.1387317,3.1820614,0.00011557904,0.0,9.1789494e-05,0.038545135
2437,0.40048835,0.0,2.0165462,3.1820607,0.00083370775,0.0,0.0019865064,0.038544122
2438,7.6111135,0.0,0.616871,3.1820595,0.00022971652,0.0,0.00029442096,0.038543165
2439,0.13479848,0.0,9.979849,3.1820574,8.419429e-05,0.0,0.0029718354,0.03854226
2440,0.11853403,0.0,9.786862,3.18205,7.71393e-05,0.0,0.0055873888,0.03854154
2441,0.15778275,0.0,0.53394824,3.1820433,8.1163365e-05,0.0,7.770706e-05,0.03854082
2442,0.24148366,0.0,0.24388711,3.182038,0.00015961181,0.0,0.00013214638,0.038540144
2443,10.533287,0.0,0.09408507,3.1820357,1.7475334e-06,0.0,4.2080752e-05,0.038539376
2444,1.1593348,0.0,0.1543235,3.1820335,7.247602e-05,0.0,0.003450172,0.038538575
2445,0.7770704,0.0,0.054222673,3.1820312,2.5099776e-05,0.0,5.788344e-05,0.03853792
2446,2.0560236,0.0,0.86850697,3.1820285,8.350708e-05,0.0,0.00012668189,0.038537335
2447,3.4125638,0.0,0.027985463,3.1820285,3.2608885e-05,0.0,0.00053843076,0.038536858
2448,1.4996538,0.0,2.3648567,3.1820285,5.5807977e-06,0.0,0.0026012717,0.038536776
2449,0.6519219,0.0,0.02689606,3.1820269,0.00012778098,0.0,0.0015036787,0.03853676
2450,2.2411656,0.0,0.045254268,3.1820245,0.00013350643,0.0,0.00034498153,0.038536705
2451,0.16347687,0.0,0.024805719,3.182023,1.5811554e-05,0.0,0.0025453095,0.038536593
2452,0.86091286,0.0,0.24314293,3.1820207,1.3556373e-05,0.0,0.0026680839,0.03853648
2453,0.30490342,0.0,0.45463702,3.1820202,7.866776e-06,0.0,0.00018701918,0.038536377
2454,2.2500288,0.0,1.8589464,3.1820195,0.0049704323,0.0,0.0033559096,0.038536333
2455,0.14493923,0.0,1.5964617,3.1820188,6.730373e-05,0.0,0.0008244687,0.038536336
2456,15.16444,0.0,0.020256985,3.1820204,0.00068409764,0.0,0.00022149626,0.038536254
2457,0.5073685,0.0,0.028160833,3.1820211,4.2857893e-05,0.0,0.00015870522,0.03853614
2458,1.1596471,0.0,4.9858747,3.182022,3.0578598e-05,0.0,4.7002155e-05,0.038535994
2459,4.633906,0.0,0.19625825,3.1820214,6.3319867e-06,0.0,0.0001911021,0.038535852
2460,0.4619576,0.0,2.021222,3.1820207,0.00075506605,0.0,0.0026872882,0.038535655
2461,0.1382842,0.0,9.978601,3.1820223,0.0024094207,0.0,0.00033601184,0.038535617
2462,7.966499,0.0,11.072202,3.18202,4.0781975e-05,0.0,5.5305652e-05,0.038535636
2463,1.1685013,0.0,0.048458394,3.1820195,2.3509161e-05,0.0,0.0001882496,0.038535602
2464,0.96040946,0.0,7.41978,3.18202,0.00063648965,0.0,0.00066836283,0.03853551
2465,0.55745864,0.0,0.111677885,3.1820195,3.4447073e-06,0.0,0.000799551,0.03853565
2466,0.122023456,0.0,1.1224927,3.18202,4.8015216e-05,0.0,0.0031082463,0.03853572
2467,1.1537352,0.0,0.2401743,3.1820319,9.14906e-06,0.0,0.00013289177,0.03853567
2468,0.8636768,0.0,1.5330881,3.182041,1.6645037e-05,0.0,0.0005987963,0.03853552
2469,2.1489518,0.0,8.640835,3.18205,0.00022737954,0.0,0.003548115,0.038535308
2470,0.7955187,0.0,0.17992552,3.1820657,0.00014203513,0.0,0.00015506052,0.038535647
2471,0.8014688,0.0,2.1739798,3.182081,5.793043e-05,0.0,0.00022073896,0.038536146
2472,6.568858,0.0,21.28533,3.1820936,4.8146416e-05,0.0,0.00085843384,0.03853657
2473,0.16333894,0.0,13.4141865,3.1820996,0.0031432647,0.0,0.0005403083,0.038536996
2474,0.6569654,0.0,0.060422212,3.1821043,0.0009578085,0.0,0.0006297809,0.03853741
2475,5.403908,0.0,11.522819,3.1821086,0.0053333524,0.0,0.00016646924,0.038537703
2476,11.819705,0.0,0.58179194,3.1821158,6.444331e-05,0.0,0.00018917263,0.03853793
2477,0.6860564,0.0,4.595448,3.1821241,1.6197564e-05,0.0,0.0001452863,0.03853823
2478,0.25607276,0.0,1.9744201,3.1821308,0.0018313134,0.0,0.00021190157,0.038538415
2479,2.9245353,0.0,1.3691388,3.1821375,0.00011918219,0.0,0.00031667986,0.038538463
2480,0.12979788,0.0,2.2427163,3.182148,5.3769752e-05,0.0,0.0010226723,0.038538292
2481,1.4319435,0.0,0.83453625,3.1821616,1.8478053e-05,0.0,8.895267e-05,0.038538538
2482,7.232498,0.0,2.7153757,3.1821744,0.003255541,0.0,0.00043296142,0.038538758
2483,0.6097747,0.0,0.5577196,3.182186,0.0038951815,0.0,4.4003096e-05,0.038539197
2484,0.12143,0.0,0.32945657,3.1822,6.226607e-05,0.0,0.00010190979,0.03853954
2485,12.083471,0.0,0.022369305,3.182213,0.00012052477,0.0,0.00011111883,0.03853978
2486,0.30663735,0.0,0.050204378,3.1822245,3.4471734e-05,0.0,0.00026506366,0.03853996
2487,0.5606687,0.0,1.2130686,3.1822343,0.00035397382,0.0,0.00015804026,0.038540013
2488,0.16892135,0.0,0.10807458,3.1822467,4.1966196e-05,0.0,0.002287362,0.038540006
2489,8.827074,0.0,0.053906355,3.1822574,0.00015907452,0.0,0.00026716047,0.038539898
2490,0.49207148,0.0,0.043040812,3.1822674,0.00018107705,0.0,0.00014555217,0.038539693
2491,5.8080883,0.0,0.10497059,3.182276,0.0026992105,0.0,0.000107869084,0.038539473
2492,0.29821402,0.0,2.133182,3.1822832,0.0004021909,0.0,0.0011673181,0.038539194
2493,0.23526476,0.0,0.4467481,3.18229,1.4457622e-05,0.0,0.0026901362,0.038538862
2494,0.2888812,0.0,0.22025664,3.1822953,0.00032385142,0.0,9.521181e-05,0.038538627
2495,0.53503877,0.0,1.144192,3.1823015,0.00010711435,0.0,0.00024051161,0.038538236
2496,0.20165847,0.0,0.14828558,3.1823065,0.00021222827,0.0,0.0026859315,0.03853779
2497,0.29405585,0.0,0.017754763,3.1823123,0.00022016172,0.0,0.0014387015,0.038537253
2498,12.596786,0.0,0.017732123,3.1823173,0.00055788195,0.0,0.0039723697,0.038536727
2499,0.6233268,0.0,0.89186454,3.1823215,0.0015306885,0.0,0.003042592,0.038536187
2500,10.505475,0.0,0.019179272,3.1823251,0.0007132187,0.0,0.00015895016,0.038535602
2501,0.24190725,0.0,13.743138,3.1823282,0.0002227351,0.0,0.00016376625,0.038535118
2502,4.1060867,0.0,0.077941455,3.182328,0.00011051739,0.0,0.00024328884,0.03853462
2503,1.0117676,0.0,0.39865932,3.1823275,0.00019218837,0.0,0.0014528059,0.038534146
2504,0.3379167,0.0,0.29000697,3.182327,0.0011889831,0.0,0.0001903021,0.038533732
2505,0.2120169,0.0,0.11220336,3.1823266,0.0030183226,0.0,0.00013925695,0.038533453
2506,5.142309,0.0,2.608157,3.1823266,0.00018595174,0.0,0.002313718,0.038533207
2507,2.3088207,0.0,0.028545277,3.1823268,0.00018573407,0.0,0.0002376136,0.038533
2508,1.5079476,0.0,12.930248,3.1823273,2.5744674e-05,0.0,0.00013458692,0.038532745
2509,10.439671,0.0,6.6507583,3.1823184,1.4516838e-05,0.0,0.001985428,0.038532484
2510,4.415117,0.0,14.35903,3.1823134,0.0001339351,0.0,0.00013666641,0.038532294
2511,1.2545677,0.0,0.093448035,3.1823077,2.1084163e-05,0.0,0.0002665482,0.038531907
2512,15.0757065,0.0,11.379304,3.182303,0.00014607052,0.0,0.00017794155,0.038531512
2513,0.20759709,0.0,0.07555521,3.1822968,0.0030368608,0.0,6.5046544e-05,0.03853115
2514,0.19690545,0.0,6.6439357,3.1822913,1.2043714e-05,0.0,0.0002464275,0.038530782
2515,0.3541211,0.0,3.3125496,3.1822853,0.003300233,0.0,7.071013e-05,0.03853048
2516,3.7032154,0.0,6.6455803,3.1822789,0.00010464752,0.0,9.2193986e-05,0.038530175
2517,6.449028,0.0,8.644088,3.1822715,0.00013608577,0.0,0.00045480306,0.038529918
2518,3.6530492,0.0,0.5352798,3.182261,5.602534e-06,0.0,0.002105991,0.03852966
2519,6.391635,0.0,13.60988,3.1822531,5.9499824e-05,0.0,0.00011807095,0.03852936
2520,2.334961,0.0,0.23919046,3.1822445,2.6399182e-05,0.0,0.00017146626,0.038528983
2521,9.763084,0.0,0.03015593,3.1822352,0.0001722071,0.0,0.0049364823,0.038528603
2522,1.0065775,0.0,0.15329222,3.1822274,3.560593e-05,0.0,0.00034701865,0.038528174
2523,9.613111,0.0,0.91142154,3.1822188,0.001240917,0.0,0.00016897931,0.038527872
2524,9.4633465,0.0,0.21765746,3.1822126,0.000110543624,0.0,0.00339192,0.038527515
2525,4.523705,0.0,9.733156,3.1822054,9.549867e-05,0.0,0.00025614508,0.038527243
2526,2.767164,0.0,2.943399,3.1821983,1.4261688e-06,0.0,0.0001598257,0.03852694
2527,0.38637805,0.0,0.26975137,3.1821923,3.3661458e-05,0.0,0.00017959344,0.038526624
2528,0.87871486,0.0,11.587805,3.182186,2.8060967e-06,0.0,0.00017535688,0.038526308
2529,0.35783407,0.0,0.022919629,3.1821792,4.014018e-05,0.0,0.0002994624,0.03852586
2530,15.922058,0.0,0.19087824,3.1821728,0.0045297113,0.0,0.0005364857,0.03852553
2531,1.3715788,0.0,1.0268745,3.1821666,3.7728198e-05,0.0,0.00097068277,0.038524833
2532,0.833801,0.0,0.41460377,3.1821616,3.8365124e-05,0.0,0.0003204693,0.038524304
2533,0.3716004,0.0,0.2284449,3.182157,0.00022090615,0.0,4.1471558e-05,0.038523756
2534,0.13370289,0.0,1.5375534,3.1821523,0.0011114975,0.0,0.0028035515,0.038523205
2535,2.200362,0.0,1.0163044,3.1821482,2.3928242e-05,0.0,0.001870912,0.03852272
2536,0.27955967,0.0,0.14317447,3.1821468,1.5262805e-05,0.0,0.0017307536,0.038522217
2537,9.142926,0.0,0.1812341,3.182146,2.795236e-05,0.0,4.656187e-05,0.03852171
2538,2.674056,0.0,0.42276105,3.1821463,0.003111959,0.0,7.934778e-05,0.03852127
2539,0.1806121,0.0,3.6149554,3.1821465,0.00013030271,0.0,0.00075362256,0.038520824
2540,2.775924,0.0,6.8933053,3.1821494,9.992291e-05,0.0,0.0024420246,0.038520258
2541,1.6095661,0.0,4.2758374,3.1821525,6.042619e-06,0.0,0.0027452216,0.03851984
2542,0.16899823,0.0,0.15560913,3.182155,0.0017806891,0.0,0.0053783557,0.03851939
2543,0.58472025,0.0,0.07053146,3.1821573,0.00286782,0.0,0.0001566061,0.038518883
2544,0.3416435,0.0,0.05109101,3.1821587,6.509783e-05,0.0,0.0009985613,0.03851833
2545,0.7881792,0.0,0.031275738,3.18216,7.898394e-05,0.0,0.00020120616,0.038520344
2546,0.14009441,0.0,9.426669,3.1821606,6.752052e-06,0.0,0.0001793899,0.038522325
2547,19.234571,0.0,0.37842348,3.182162,0.0001165749,0.0,0.00028666688,0.038524106
2548,0.12244066,0.0,0.067200996,3.1821637,0.0027683126,0.0,0.0017920156,0.038525455
2549,0.7657184,0.0,0.28029004,3.1821656,4.769088e-05,0.0,0.0058286586,0.03852681
2550,2.0285313,0.0,0.0634264,3.1821651,0.00014687519,0.0,0.0001477988,0.03852809
2551,3.126737,0.0,21.575184,3.1821651,0.0007956678,0.0,0.00012110787,0.03852922
2552,6.502546,0.0,0.057411324,3.1821592,0.00051577255,0.0,0.0005264015,0.038530175
2553,0.5966888,0.0,0.22314045,3.182154,7.1684065e-07,0.0,0.00073471194,0.038531207
2554,0.6838626,0.0,9.334251,3.1821494,7.7828925e-05,0.0,0.00034627752,0.038532075
2555,0.14272673,0.0,0.21671097,3.1821496,3.4170123e-05,0.0,8.353362e-05,0.03853305
2556,0.47836235,0.0,3.5728407,3.1821506,0.0015943615,0.0,6.0709786e-05,0.038533844
2557,0.5094472,0.0,0.33640334,3.182147,0.00013422004,0.0,0.0007915512,0.038534526
2558,2.7881184,0.0,0.18362969,3.1821444,0.000113538335,0.0,0.00065939577,0.03853444
2559,0.6933771,0.0,0.40200663,3.1821434,1.1705763e-05,0.0,0.0016664041,0.038534287
2560,5.7237816,0.0,0.15729062,3.1821415,8.482077e-05,0.0,9.917232e-05,0.03853407
2561,3.3056226,0.0,0.92394036,3.1821406,4.331034e-05,0.0,9.228267e-05,0.038533844
2562,10.736792,0.0,1.6881492,3.1821404,0.000115842486,0.0,0.00012073383,0.0385337
2563,1.0312835,0.0,0.8669862,3.1821492,0.00010510854,0.0,0.00021413068,0.03853353
2564,2.69429,0.0,1.7284437,3.1821587,0.00014186387,0.0,0.000113012546,0.03853342
2565,0.49854618,0.0,0.023797521,3.182167,0.00014646514,0.0,0.0025196958,0.038533222
2566,9.391733,0.0,1.0286615,3.1821742,0.0009413139,0.0,0.002813483,0.038533013
2567,0.4836592,0.0,0.105215564,3.1821826,0.00017989497,0.0,0.0002594924,0.038532745
2568,1.6859637,0.0,0.8744195,3.18219,6.732143e-05,0.0,0.0001285626,0.038532697
2569,0.11181203,0.0,0.3464574,3.1821988,2.2060865e-05,0.0,0.0021653904,0.038532723
2570,0.22627342,0.0,9.703402,3.182207,5.9857473e-05,0.0,0.00013375611,0.0385326
2571,0.36177918,0.0,5.4126577,3.1822093,8.220312e-06,0.0,0.00010031043,0.0385324
2572,9.01258,0.0,0.02654702,3.1822093,0.0007750082,0.0,0.00019763166,0.038532134
2573,0.45946488,0.0,3.8720396,3.1822093,6.2106024e-05,0.0,9.550888e-05,0.03853186
2574,17.87874,0.0,4.636841,3.1822104,0.00038600495,0.0,0.00017232921,0.03853151
2575,2.4002125,0.0,0.10014529,3.1822155,0.004677918,0.0,0.00014843346,0.0385312
2576,7.158157,0.0,0.39093575,3.1822205,0.0022893345,0.0,8.1909384e-05,0.038530793
2577,4.71921,0.0,0.021285666,3.1822248,0.0002538642,0.0,0.0002619087,0.038530346
2578,0.76365995,0.0,0.10276243,3.182229,4.912627e-05,0.0,0.0012825322,0.038529795
2579,0.37852067,0.0,11.8650465,3.1822348,0.0024482375,0.0,0.0023484444,0.0385293
2580,0.120412365,0.0,0.28458348,3.1822398,4.818791e-05,0.0,0.0005051137,0.038528692
2581,2.6946766,0.0,3.3892188,3.1822424,1.9583678e-05,0.0,0.00028571987,0.038528193
2582,0.9161802,0.0,0.5660252,3.1822436,0.0011207322,0.0,0.0030921993,0.038527835
2583,1.2987887,0.0,0.52113163,3.1822433,0.0026220216,0.0,9.6581025e-05,0.038527578
2584,5.7724047,0.0,0.48672244,3.1822455,6.667785e-05,0.0,0.0077413414,0.038527254
2585,12.337572,0.0,0.9942995,3.1822479,0.0034000543,0.0,0.0002753596,0.03852705
2586,2.1015625,0.0,0.08188411,3.1822498,0.00013781569,0.0,7.342329e-05,0.038526874
2587,3.6278331,0.0,0.023084432,3.1822517,0.0003050599,0.0,0.0008870638,0.03852666
2588,0.33085114,0.0,7.0809965,3.1822534,6.492029e-05,0.0,0.00056882465,0.03852659
2589,1.287701,0.0,0.4865233,3.1822555,0.002260893,0.0,0.00037960743,0.038526498
2590,4.148716,0.0,0.35719258,3.1822586,6.860637e-05,0.0,0.00017430306,0.03852664
2591,7.6759863,0.0,0.7535437,3.182262,4.48551e-05,0.0,0.0011516351,0.038526673
2592,0.1344469,0.0,1.0625732,3.1822634,3.9429266e-05,0.0,0.00014757359,0.038527187
2593,0.12036018,0.0,0.040302902,3.182265,0.0013568341,0.0,0.00057203433,0.038527623
2594,1.6176589,0.0,0.40817964,3.182266,0.0003818635,0.0,0.00042202746,0.038528122
2595,1.2385595,0.0,0.6837475,3.182267,0.00023266443,0.0,0.00014640883,0.03852841
2596,0.48922142,0.0,11.806347,3.1822681,0.000101813,0.0,0.00023554152,0.038528737
2597,6.383412,0.0,0.030690422,3.1822658,0.00031288379,0.0,7.016094e-05,0.038528994
2598,1.2373402,0.0,0.24396805,3.182263,4.878393e-05,0.0,0.00019313597,0.038529146
2599,3.5775793,0.0,0.94386166,3.1822617,0.00014146873,0.0,0.0011338857,0.03852915
2600,0.11200552,0.0,0.39138547,3.182261,0.00047182944,0.0,0.00023193075,0.03852934
2601,1.4968776,0.0,15.60549,3.182261,0.00023843072,0.0,0.003881433,0.038529493
2602,0.84008265,0.0,0.1300168,3.1822572,0.00017254753,0.0,0.0037715896,0.038529847
2603,0.6338851,0.0,0.23001045,3.1822546,0.0007265075,0.0,0.0026736665,0.038530212
2604,0.21769325,0.0,0.5494111,3.1822526,8.227997e-05,0.0,0.00044650602,0.03853046
2605,11.829394,0.0,1.0142348,3.1822522,0.00012832855,0.0,9.1408685e-05,0.038530823
2606,0.8145126,0.0,0.18124112,3.1822536,8.542161e-06,0.0,0.0026945812,0.038531013
2607,0.50985587,0.0,0.031520117,3.1822553,0.00015868945,0.0,0.00028444745,0.03853126
2608,11.841533,0.0,6.1589518,3.182256,2.4180777e-06,0.0,0.00060155964,0.03853164
2609,0.52432483,0.0,0.5920846,3.182254,8.934352e-05,0.0,0.0002255369,0.038531944
2610,3.034847,0.0,1.7264186,3.1822546,3.5539764e-05,0.0,0.00014048496,0.038532224
2611,0.25422388,0.0,2.3457885,3.1822546,0.00016573908,0.0,0.005020521,0.038532417
2612,2.5630858,0.0,2.8953865,3.1822565,9.304644e-05,0.0,0.00015336054,0.038532432
2613,0.4131045,0.0,12.495507,3.1822193,0.0001940529,0.0,0.00022103802,0.03853245
2614,0.1777659,0.0,1.3297366,3.182185,0.002300858,0.0,0.0032077641,0.038532455
2615,2.800111,0.0,5.3756127,3.182156,9.248086e-05,0.0,0.0020619843,0.038534317
2616,0.47948033,0.0,0.016873674,3.182131,0.0029768352,0.0,0.00027594157,0.038535967
2617,0.53034455,0.0,7.197973,3.1821082,1.3788149e-05,0.0,0.0022373495,0.0385374
2618,4.983452,0.0,0.44339618,3.1820874,0.00015134986,0.0,0.00037644486,0.038538855
2619,4.922093,0.0,0.78297883,3.182068,6.229575e-06,0.0,0.0002768475,0.038540184
2620,13.490576,0.0,4.022916,3.182051,6.09767e-05,0.0,0.0016448682,0.03854125
2621,0.20176233,0.0,4.9195943,3.1820366,0.002108708,0.0,0.0010923577,0.038542237
2622,0.6884921,0.0,1.0631397,3.1820273,0.00011227889,0.0,0.001195454,0.038543083
2623,0.10572772,0.0,0.8645651,3.1820185,0.0008370325,0.0,0.00013460632,0.03854369
2624,4.744799,0.0,0.056851182,3.1820116,0.0026542,0.0,0.0001449342,0.03854426
2625,0.7319131,0.0,0.8207885,3.182005,0.0026246004,0.0,0.00035517785,0.03854465
2626,0.14233841,0.0,0.604918,3.1820014,5.7226865e-05,0.0,0.0012718148,0.03854492
2627,3.2999854,0.0,12.468771,3.1819992,2.61846e-05,0.0,0.0005716265,0.038545564
2628,1.8938348,0.0,2.7893455,3.181985,8.324931e-05,0.0,6.60252e-05,0.03854621
2629,0.05252,0.0,5.940848,3.1819737,0.0023266943,0.0,0.0016473858,0.03854671
2630,11.52346,0.0,2.8537846,3.181956,0.003036052,0.0,0.00014224224,0.038547147
2631,7.964855,0.0,1.8932483,3.181942,7.4454234e-05,0.0,0.0020557991,0.038547438
2632,3.2599704,0.0,3.3926048,3.1819303,1.6151418e-05,0.0,0.0003367447,0.03854749
2633,10.156189,0.0,0.16659193,3.1819222,0.00035757347,0.0,0.0011726872,0.03854758
2634,0.17802274,0.0,1.4814327,3.1819153,0.0001670245,0.0,0.0055009546,0.038547534
2635,3.4449246,0.0,0.06995015,3.1819098,0.00012590903,0.0,0.0017383782,0.038547948
2636,0.86041486,0.0,1.1433616,3.1819043,0.00022694544,0.0,0.0002318337,0.038548317
2637,9.812151,0.0,0.37303343,3.181898,7.193658e-05,0.0,0.0020074898,0.03854859
2638,4.5325418,0.0,8.429924,3.1818929,0.00014289819,0.0,0.0031133296,0.038548805
2639,10.939477,0.0,0.024357716,3.181888,0.00041522062,0.0,0.0001491782,0.03854887
2640,0.8828061,0.0,0.6396787,3.181884,0.0006566042,0.0,0.0001392088,0.038548816
2641,0.45860687,0.0,0.88518304,3.1818812,0.00011150385,0.0,0.00040583737,0.038548786
2642,1.5290762,0.0,0.33144778,3.1818786,0.00015481295,0.0,0.0028129339,0.03854876
2643,1.6008406,0.0,0.034794293,3.1818702,0.0006342346,0.0,0.00033183952,0.03854881
2644,0.9619357,0.0,3.7170768,3.1818624,0.0003194316,0.0,0.0023721945,0.038548794
2645,2.2512608,0.0,0.070950404,3.1818554,0.000101956815,0.0,9.944623e-05,0.038548715
2646,2.2758844,0.0,1.3574778,3.1818485,2.904678e-05,0.0,0.00036681665,0.03854858
2647,0.28503525,0.0,2.7440712,3.1818438,5.553743e-07,0.0,0.00034762395,0.03854847
2648,0.2825524,0.0,0.04533253,3.1818419,0.00013728188,0.0,0.00024703259,0.038548224
2649,0.4737882,0.0,2.971885,3.1818397,0.00026026132,0.0,0.0001116262,0.03854796
2650,1.4547224,0.0,0.32071328,3.1818419,4.7456833e-05,0.0,0.0011768033,0.03854768
2651,4.902753,0.0,1.8807472,3.1818447,1.5081147e-05,0.0,0.00029383376,0.03854718
2652,9.538503,0.0,3.003758,3.1818485,0.0033813096,0.0,0.0031730647,0.038546678
2653,5.953327,0.0,0.03299552,3.1818528,0.00050550647,0.0,0.0004998907,0.038546212
2654,4.0605416,0.0,1.9204197,3.1818569,1.25391325e-05,0.0,0.00015007574,0.03854574
2655,13.264941,0.0,0.055805784,3.1818602,2.5029607e-05,0.0,0.00072976935,0.038545255
2656,3.9051223,0.0,0.19641764,3.1818635,1.9092877e-05,0.0,0.00021065798,0.038544815
2657,0.47409484,0.0,1.1252654,3.1818664,2.8184227e-06,0.0,0.00012785994,0.038544454
2658,5.772267,0.0,0.8502086,3.1818695,5.7958092e-05,0.0,0.00050592044,0.038544126
2659,5.8296447,0.0,0.56737745,3.1818738,0.002959782,0.0,0.0027927533,0.038543742
2660,2.647714,0.0,0.13921613,3.1818798,5.661871e-05,0.0,0.00018815484,0.03854301
2661,0.32055825,0.0,0.97628,3.1818862,0.00019999254,0.0,7.8435514e-05,0.038542274
2662,1.9423567,0.0,3.2439978,3.1818917,0.00014854228,0.0,0.00047465626,0.03854154
2663,4.501093,0.0,0.7125222,3.1818964,0.00048450803,0.0,9.605012e-05,0.03854078
2664,1.262076,0.0,0.11218643,3.181902,1.6393009e-05,0.0,4.2629195e-05,0.038540035
2665,0.60547316,0.0,2.0265553,3.1819062,1.5012072e-05,0.0,0.00018410475,0.038539324
2666,0.33482042,0.0,7.3377695,3.1819105,0.0037799282,0.0,0.0004409689,0.038538672
2667,4.710142,0.0,3.4596808,3.1819148,0.000110664514,0.0,0.003033992,0.038537823
2668,2.0054734,0.0,0.16430648,3.1819208,5.28012e-05,0.0,0.0031429396,0.03853703
2669,0.47538504,0.0,0.3558002,3.181927,0.0022809086,0.0,9.487821e-05,0.03853624
2670,0.7396575,0.0,4.6193967,3.1819332,0.00012173117,0.0,0.0029121828,0.038535472
2671,0.83531797,0.0,0.03534165,3.181938,1.0405345e-06,0.0,0.0004335483,0.038535032
2672,8.386239,0.0,0.02530604,3.1819413,3.6138445e-05,0.0,8.208303e-05,0.038534503
2673,2.284961,0.0,0.68895155,3.1819444,1.4810681e-05,0.0,9.163016e-05,0.03853396
2674,6.791837,0.0,1.4972346,3.1819482,8.2921055e-05,0.0,0.0020742384,0.03853339
2675,5.5565376,0.0,0.11620731,3.1819537,4.8098304e-05,0.0,0.00010656608,0.038532887
2676,0.22620228,0.0,0.025099078,3.181959,0.0025618232,0.0,0.00017142558,0.03853243
2677,0.8698737,0.0,1.116222,3.1819634,7.5429043e-06,0.0,0.00047477998,0.03853191
2678,10.829165,0.0,0.97924894,3.1819692,0.0017849959,0.0,0.0055329,0.03853143
2679,0.9063096,0.0,0.013050088,3.181974,1.2266196e-05,0.0,0.004150842,0.038531054
2680,0.82274866,0.0,0.18529983,3.181978,7.574724e-06,0.0,0.004040507,0.038530592
2681,0.29489687,0.0,0.15549242,3.1819818,2.0434469e-05,0.0,0.0003156761,0.03853022
2682,4.8200493,0.0,0.09140358,3.181985,5.0980045e-05,0.0,0.00026993259,0.038529824
2683,0.46475515,0.0,10.828204,3.1819868,2.545681e-05,0.0,0.0002909942,0.038529385
2684,4.6860485,0.0,0.09198477,3.1819878,2.2782491e-05,0.0,2.9730423e-05,0.038529024
2685,9.093442,0.0,2.5890114,3.1819887,0.00014450664,0.0,7.790387e-05,0.038528632
2686,2.057712,0.0,0.83982086,3.181991,8.81935e-05,0.0,0.00016776127,0.03852818
2687,0.25037533,0.0,0.025205731,3.1819973,3.1767373e-05,0.0,0.0030118332,0.038527824
2688,9.259985,0.0,0.035859592,3.182003,0.001041851,0.0,0.0011983594,0.03852746
2689,8.349231,0.0,10.703227,3.1820083,8.105821e-05,0.0,0.00034830242,0.038527124
2690,0.55426794,0.0,0.12459668,3.1820135,0.0013662691,0.0,6.99539e-05,0.038526796
2691,2.9178374,0.0,6.9953713,3.1820183,0.00022337928,0.0,0.0013885503,0.03852639
2692,2.1710865,0.0,1.2786169,3.1820264,0.0026748972,0.0,0.00028125965,0.038526062
2693,0.3663493,0.0,0.17047761,3.1820357,0.0029000926,0.0,9.789005e-05,0.038525876
2694,11.253392,0.0,14.051518,3.1820436,3.6724316e-05,0.0,0.0029700147,0.038525634
2695,0.38311943,0.0,0.49559173,3.1820476,2.5211471e-05,0.0,0.00031556503,0.038525473
2696,0.1807613,0.0,0.02401006,3.1820514,1.6960625e-05,0.0,0.00017543766,0.038525302
2697,2.4071653,0.0,15.195278,3.1820548,3.460452e-05,0.0,0.0013098158,0.038525052
2698,6.4147825,0.0,0.6677855,3.1820583,0.0033029527,0.0,0.00075374707,0.03852481
2699,3.9386444,0.0,0.75577366,3.18207,2.259474e-05,0.0,0.00021778062,0.038524345
2700,3.666071,0.0,0.9362064,3.1820817,4.9249116e-05,0.0,0.00015194566,0.03852382
2701,0.31668413,0.0,1.7425268,3.1820908,6.9910902e-06,0.0,2.5627076e-05,0.038523335
2702,0.30291566,0.0,1.360756,3.182098,5.638432e-05,0.0,0.0026088352,0.03852283
2703,1.3430756,0.0,5.452711,3.1821063,0.0019382489,0.0,0.0002827487,0.03852266
2704,0.6107618,0.0,2.8339949,3.1821105,5.2975305e-05,0.0,0.0001434448,0.038522545
2705,0.5663344,0.0,0.018452996,3.182115,9.737472e-06,0.0,6.96888e-05,0.038522393
2706,4.043159,0.0,1.0558119,3.1821187,3.133688e-05,0.0,0.00076192897,0.038522176
2707,0.025969898,0.0,0.6945651,3.182121,0.00019821402,0.0,0.0028214003,0.038522184
2708,0.23790425,0.0,2.6169918,3.1821237,5.046626e-06,0.0,0.0010055968,0.038522042
2709,0.35304493,0.0,0.09220041,3.1821287,1.5489719e-05,0.0,0.00012307051,0.03852191
2710,1.0547901,0.0,0.23460807,3.1821332,8.375261e-06,0.0,0.00013437409,0.038521793
2711,0.66472536,0.0,0.34525585,3.1821373,0.00023414446,0.0,0.0021440443,0.038521633
2712,4.6532717,0.0,2.3635097,3.1821415,0.0013187084,0.0,0.0002422714,0.038521435
2713,1.2221996,0.0,4.8239803,3.182144,0.00033012044,0.0,0.00027649553,0.038521174
2714,4.7462144,0.0,0.041305717,3.1821482,0.00024432427,0.0,0.0017601657,0.038521044
2715,0.67356986,0.0,0.49688202,3.1821518,0.000101356156,0.0,0.00014578637,0.038520943
2716,4.2452893,0.0,0.81154376,3.1821563,1.8458504e-05,0.0,0.00028028846,0.03852081
2717,8.789374,0.0,12.805553,3.1821613,0.00017043491,0.0,0.00013106177,0.03852062
2718,1.6502131,0.0,0.025715332,3.1821654,5.065851e-05,0.0,0.00045556636,0.03852036
2719,0.42433193,0.0,5.257412,3.182169,0.0008941005,0.0,7.95072e-05,0.0385202
2720,5.013298,0.0,1.922605,3.1821704,3.0019986e-05,0.0,0.002617542,0.038519986
2721,0.4392735,0.0,0.025112169,3.1821706,1.9441202e-05,0.0,3.4516957e-05,0.038519733
2722,0.42735776,0.0,1.6486312,3.1821709,0.00012641627,0.0,0.00013678298,0.03851941
2723,0.45032775,0.0,0.026377946,3.1821742,1.5637364e-05,0.0,0.00010823374,0.038518984
2724,0.83454514,0.0,0.019144446,3.182177,4.8808557e-05,0.0,7.5509706e-05,0.038518462
2725,1.8036613,0.0,0.4690482,3.182179,4.771427e-05,0.0,9.003344e-05,0.038518097
2726,1.0881602,0.0,0.10025679,3.1821816,7.640372e-05,0.0,0.0054885144,0.038517755
2727,0.15558119,0.0,0.06306271,3.182183,0.00348271,0.0,0.00303108,0.03851731
2728,8.22505,0.0,7.855043,3.1821842,2.6255964e-05,0.0,0.0027218803,0.038516637
2729,0.41185293,0.0,0.04057751,3.1821835,0.00045575394,0.0,0.00045035424,0.038516033
2730,0.18836479,0.0,9.015115,3.1821828,1.08485465e-05,0.0,0.000116213116,0.03851543
2731,1.0162235,0.0,0.08955598,3.1821828,9.010833e-06,0.0,0.00033931332,0.038514886
2732,0.13476214,0.0,0.071614765,3.1821826,0.00011602234,0.0,8.271482e-05,0.038514476
2733,0.52499086,0.0,0.08491985,3.1821823,0.00012821861,0.0,0.0009778516,0.03851411
2734,0.08140937,0.0,0.26396525,3.182182,1.2868385e-05,0.0,0.0028416875,0.038513694
2735,1.7186995,0.0,8.432347,3.182181,0.0056351135,0.0,7.7099394e-05,0.038513284
2736,0.069700696,0.0,0.33852807,3.1821716,1.6685177e-05,0.0,0.00037188054,0.038512953
2737,0.12808791,0.0,0.11387261,3.1821651,0.0017286522,0.0,0.00024646262,0.03851258
2738,1.1862837,0.0,0.024445778,3.18216,0.002273632,0.0,0.00033301438,0.03851233
2739,4.580467,0.0,0.018253287,3.1821551,1.0549311e-05,0.0,0.00021295488,0.038512044
2740,14.64234,0.0,0.14025958,3.1821501,5.2753305e-05,0.0,0.00209177,0.03851169
2741,3.5136757,0.0,1.1120882,3.1821468,4.638522e-05,0.0,0.00014700947,0.038511317
2742,5.885342,0.0,5.4767127,3.1821423,1.4842192e-05,0.0,5.7980877e-05,0.038510878
2743,1.2245029,0.0,0.09002046,3.182139,0.0018054151,0.0,0.00020999645,0.038510416
2744,0.61663663,0.0,1.4878272,3.1821353,3.8593516e-05,0.0,0.00020881885,0.038509898
2745,0.3553792,0.0,5.8055077,3.1821322,5.870295e-06,0.0,0.004368023,0.038509507
2746,11.789758,0.0,0.31616578,3.1821277,2.9532377e-05,0.0,0.0035058274,0.038509432
2747,3.6424468,0.0,0.08721934,3.182124,2.3660548e-05,0.0,0.0026860049,0.038509414
2748,0.09145808,0.0,1.8193811,3.1821194,3.2954315e-05,0.0,6.3942454e-05,0.03850943
2749,0.4516111,0.0,2.3497734,3.182117,2.5521917e-05,0.0,0.0034015882,0.0385094
2750,2.0156004,0.0,0.61805403,3.182119,1.2848128e-05,0.0,0.00015943189,0.038509388
2751,8.765765,0.0,4.2662754,3.1821198,6.438818e-05,0.0,0.0033791123,0.038509466
2752,9.034927,0.0,0.08668355,3.1821196,1.1268047e-05,0.0,0.0029012684,0.03850952
2753,0.6517541,0.0,15.836064,3.1821194,4.9758146e-05,0.0,0.0016942747,0.03850942
2754,0.080073945,0.0,0.54085237,3.1821156,4.0834824e-05,0.0,0.0026567027,0.03850942
2755,0.1333249,0.0,0.2672593,3.1821117,4.3398868e-05,0.0,0.00018075808,0.03850968
2756,0.37575147,0.0,0.13702881,3.1821082,5.401642e-06,0.0,0.00010051993,0.038509823
2757,5.993977,0.0,6.6775627,3.182105,8.0890655e-05,0.0,0.0001833589,0.03850989
2758,0.39368033,0.0,0.74528974,3.182102,2.3573317e-05,0.0,8.271661e-05,0.038509917
2759,8.970456,0.0,3.1565106,3.1821,0.00071380363,0.0,0.00020529711,0.038509846
2760,1.7777061,0.0,0.96392757,3.1820986,3.0181385e-05,0.0,0.00021985354,0.038509857
2761,0.17938253,0.0,0.2097271,3.182098,0.0027272054,0.0,0.0002145131,0.038510405
2762,0.22346024,0.0,0.036350068,3.182097,0.0021243012,0.0,0.0005342533,0.03851085
2763,8.741608,0.0,0.14294606,3.1820962,0.00031195115,0.0,0.00014015513,0.038511593
2764,0.46242985,0.0,15.458266,3.182098,0.0022017888,0.0,0.0005638467,0.038512174
2765,0.10836244,0.0,2.5910256,3.1820967,7.205547e-05,0.0,0.00014448218,0.038513068
2766,2.473093,0.0,0.100183,3.1820986,8.6163454e-05,0.0,0.000107561755,0.038513806
2767,1.0994815,0.0,3.0783248,3.1821012,4.2163123e-05,0.0,0.0071351356,0.038514484
2768,5.7519226,0.0,4.0785255,3.1821053,0.00024508915,0.0,0.00016175277,0.0385151
2769,3.129741,0.0,0.052125793,3.1821098,7.726831e-05,0.0,4.6355024e-05,0.038515516
2770,0.29784223,0.0,12.892087,3.182114,0.00014013838,0.0,0.001178178,0.038515825
2771,1.5393003,0.0,1.7854593,3.1821146,6.4273145e-06,0.0,0.002024703,0.038516052
2772,2.4403725,0.0,0.10133468,3.1821167,5.6800305e-05,0.0,0.0018985536,0.038516518
2773,0.36329177,0.0,0.061670966,3.1821191,0.00035791827,0.0,0.00021137648,0.038516887
2774,6.0529656,0.0,2.9676871,3.1821194,0.0027534019,0.0,0.0004865334,0.03851738
2775,3.5490942,0.0,0.3373197,3.1821194,9.3749906e-05,0.0,8.01453e-05,0.03851775
2776,8.262613,0.0,0.02221597,3.1821194,0.0022489398,0.0,0.002793897,0.038517963
2777,0.40043926,0.0,4.713846,3.182119,0.00020664243,0.0,8.103218e-05,0.03851815
2778,0.19494465,0.0,8.652875,3.1821203,0.0007829406,0.0,0.00406706,0.038518216
2779,7.2369213,0.0,5.445114,3.1821167,6.087558e-05,0.0,0.00031191265,0.038518336
2780,0.28262496,0.0,0.80120695,3.1821132,0.00018568386,0.0,0.000321836,0.038518336
2781,9.75505,0.0,0.01330535,3.1821096,0.00013759795,0.0,0.00012773887,0.0385184
2782,13.522939,0.0,0.14896446,3.1821067,0.00032510082,0.0,0.0030488463,0.038518284
2783,0.46878833,0.0,0.15934114,3.1821058,0.00032133836,0.0,0.0004375126,0.038517993
2784,0.73851293,0.0,11.10432,3.182104,8.704868e-05,0.0,0.00015987203,0.03851783
2785,0.6205455,0.0,0.06491775,3.1821043,4.845155e-05,0.0,0.00083649304,0.03851763
2786,0.29255635,0.0,0.45567536,3.1821048,0.00011758416,0.0,0.0031218752,0.038517352
2787,0.778297,0.0,0.070037775,3.1821065,0.00013035111,0.0,8.893799e-05,0.038517013
2788,0.08403965,0.0,0.7384578,3.1821074,0.00028124577,0.0,0.003934991,0.038516615
2789,0.031124821,0.0,0.14744212,3.1821203,8.580892e-05,0.0,0.00013412943,0.038516894
2790,0.74582154,0.0,2.4395752,3.1821327,0.00018126052,0.0,0.004210449,0.03851714
2791,0.22787279,0.0,0.043270234,3.1821427,6.400907e-05,0.0,0.000823045,0.03851783
2792,0.6039455,0.0,0.36432627,3.182152,2.810526e-05,0.0,8.766104e-05,0.03851829
2793,0.13681681,0.0,5.289318,3.1821609,7.251101e-05,0.0,0.0013012753,0.038518775
2794,10.64071,0.0,0.036640797,3.1821735,2.1307389e-05,0.0,0.0028749893,0.03851898
2795,11.210342,0.0,1.3681775,3.182185,0.00025167022,0.0,0.0006582327,0.038519137
2796,0.43494537,0.0,0.07645297,3.182196,6.068261e-05,0.0,0.003207667,0.0385192
2797,1.3908732,0.0,0.14883247,3.1822057,2.253095e-05,0.0,0.00021417972,0.038519345
2798,0.07915221,0.0,4.2863264,3.182215,5.972954e-05,0.0,9.56359e-05,0.038519472
2799,0.51516706,0.0,1.279359,3.1822205,3.0212323e-06,0.0,0.002870319,0.038519535
2800,0.14032438,0.0,0.63439095,3.1822224,1.2657257e-05,0.0,0.00021830735,0.038519572
2801,0.4356119,0.0,13.772476,3.1822224,3.093698e-05,0.0,0.0028220045,0.038519546
2802,6.2606063,0.0,3.9478462,3.1822202,2.0322103e-05,0.0,0.0004759347,0.03851961
2803,2.0955925,0.0,0.09101596,3.1822174,0.00017461352,0.0,0.00055560697,0.038519625
2804,4.0657334,0.0,0.053345203,3.182214,1.7537208e-05,0.0,0.00020094938,0.038519673
2805,0.29246378,0.0,12.780301,3.1822116,0.0006382972,0.0,0.0002040302,0.038519673
2806,0.5720887,0.0,0.17854552,3.1822076,1.32213945e-05,0.0,6.948076e-05,0.038519617
2807,7.632742,0.0,3.1574767,3.1822011,3.6874353e-05,0.0,0.0014272947,0.038519476
2808,3.0404654,0.0,0.027177569,3.1821966,8.409669e-06,0.0,0.0011076807,0.038519252
2809,0.5799241,0.0,0.029563127,3.182193,6.569462e-06,0.0,0.00020442657,0.038519196
2810,0.8101859,0.0,0.05685011,3.182189,1.4322235e-05,0.0,0.0021033178,0.03851916
2811,0.20832895,0.0,0.356589,3.1821854,0.0013092066,0.0,0.00029756533,0.038519125
2812,0.6209935,0.0,2.8481855,3.1821814,1.2721259e-05,0.0,8.029274e-05,0.03851918
2813,0.13144785,0.0,0.5044517,3.1821773,5.79919e-05,0.0,0.000113512564,0.038519163
2814,0.5808363,0.0,0.032273013,3.1821735,0.005063022,0.0,0.00073741894,0.03851902
2815,4.0252714,0.0,0.04160943,3.1821702,0.00064292725,0.0,5.4053926e-05,0.038519066
2816,1.130954,0.0,0.043751404,3.1821666,2.1764052e-05,0.0,0.0029156108,0.038519133
2817,0.9264946,0.0,0.50958323,3.1821637,1.00538955e-05,0.0,0.00019881417,0.038519055
2818,3.8174887,0.0,0.14712973,3.1821616,2.6235957e-05,0.0,0.0005177526,0.03851901
2819,7.229248,0.0,0.09428877,3.1821592,1.0642576e-05,0.0,0.00036212997,0.03851945
2820,4.826145,0.0,0.10932945,3.182158,2.7184751e-05,0.0,0.0018731311,0.038519826
2821,13.9463215,0.0,12.414748,3.1821568,3.2954658e-06,0.0,0.0006815112,0.038520284
2822,1.5761809,0.0,0.0813843,3.1821542,0.0019463081,0.0,6.791415e-05,0.038520604
2823,0.28518024,0.0,7.9056406,3.1821516,0.00024589532,0.0,0.00014327059,0.038520843
2824,4.4824977,0.0,0.23382883,3.1821468,0.0011111121,0.0,0.00017157564,0.03852105
2825,0.9903409,0.0,7.615856,3.1821423,1.8683462e-05,0.0,0.0011835098,0.038521223
2826,10.389243,0.0,0.070693195,3.1821387,7.151124e-05,0.0,0.00019319313,0.03852129
2827,0.2787143,0.0,0.03081923,3.182135,3.926963e-05,0.0,0.0018271786,0.03852167
2828,0.37080503,0.0,8.981438,3.1821308,0.0014155791,0.0,0.0014400181,0.038522117
2829,0.07257906,0.0,0.4820443,3.1821268,0.0003637928,0.0,8.987855e-05,0.03852275
2830,6.3585215,0.0,0.035706006,3.1821241,0.0018543195,0.0,0.0019036229,0.03852326
2831,5.0937433,0.0,0.41820562,3.1821218,5.0494895e-05,0.0,0.0033342992,0.03852364
2832,6.3127165,0.0,0.012869143,3.1821206,9.440479e-06,0.0,0.00022815043,0.03852399
2833,0.87474877,0.0,0.052715838,3.182119,1.2859496e-05,0.0,0.0015840763,0.038524184
2834,0.39184424,0.0,0.08491379,3.1821167,0.00019107343,0.0,0.0030210624,0.03852434
2835,0.7715059,0.0,0.3390634,3.182115,1.291333e-05,0.0,0.00014965242,0.038524188
2836,3.4356422,0.0,0.9171618,3.182115,0.002153379,0.0,0.0032080174,0.038524106
2837,0.66549623,0.0,0.028845554,3.182116,8.266625e-05,0.0,0.00014646442,0.03852393
2838,10.364026,0.0,0.018252008,3.1821165,2.4833498e-05,0.0,7.743083e-05,0.038523793
2839,0.25742292,0.0,3.1030326,3.1821167,0.0025333636,0.0,0.0023994662,0.038523644
2840,0.35967436,0.0,0.24312231,3.182118,3.103484e-05,0.0,0.00019479639,0.03852348
2841,1.7635638,0.0,2.2218919,3.1821196,4.125794e-05,0.0,0.0014640456,0.03852337
2842,1.5210948,0.0,9.723147,3.182122,1.7327546e-05,0.0,0.00017559774,0.038523164
2843,1.7842792,0.0,4.9451604,3.1821241,6.129197e-05,0.0,7.5252334e-05,0.03852284
2844,12.218185,0.0,0.01950598,3.1821237,1.4087131e-05,0.0,0.0001903876,0.038522486
2845,1.8991348,0.0,0.29788813,3.182123,3.7376267e-05,0.0,0.00014358734,0.038522117
2846,27.642035,0.0,3.8784263,3.1821237,7.111837e-05,0.0,0.00020316917,0.038521767
2847,1.1071972,0.0,12.598132,3.1821222,0.00011684995,0.0,0.00015634297,0.038521428
2848,17.10558,0.0,2.5812414,3.182121,1.0349529e-05,0.0,0.00054188457,0.038521025
2849,1.1577616,0.0,0.89811623,3.1821198,6.3044106e-05,0.0,0.00021809607,0.0385206
2850,0.4928379,0.0,2.3857212,3.1821182,0.00065784476,0.0,0.00024804953,0.038520116
2851,0.3964296,0.0,0.23956895,3.1821167,0.00012933924,0.0,0.0018603059,0.03851967
2852,9.612191,0.0,0.03446201,3.1821122,2.8662227e-05,0.0,6.624953e-05,0.03851913
2853,5.014142,0.0,0.047741957,3.1821082,8.896651e-05,0.0,0.00033613437,0.038518563
2854,0.9039571,0.0,1.1039448,3.1821048,9.925397e-05,0.0,0.0063336557,0.038518224
2855,0.47329235,0.0,5.803974,3.1821008,7.300227e-05,0.0,0.001930786,0.038518015
2856,1.7736605,0.0,13.750407,3.1820996,0.00010468907,0.0,0.0041992264,0.038517777
2857,0.8121442,0.0,0.047730673,3.182098,1.539227e-05,0.0,0.0036491766,0.03851751
2858,10.144292,0.0,1.0433092,3.182097,0.00012401241,0.0,0.00021596551,0.03851668
2859,2.4401302,0.0,0.19474788,3.1820958,1.6634876e-05,0.0,0.0010640747,0.038515806
2860,2.5613072,0.0,0.02018855,3.182097,0.00036464044,0.0,6.71506e-05,0.038515016
2861,4.1972084,0.0,0.048256062,3.1820982,0.0016744692,0.0,0.000102322374,0.03851424
2862,0.41754127,0.0,0.8431402,3.1820993,7.632686e-05,0.0,0.0003128872,0.038513474
2863,2.6483982,0.0,2.4849029,3.1821034,0.001247017,0.0,0.00015625796,0.03851267
2864,1.070716,0.0,0.5905025,3.1821082,0.0021673148,0.0,7.636458e-05,0.03851186
2865,4.6591635,0.0,0.10410669,3.1821103,0.0011598715,0.0,0.00015434896,0.03851101
2866,0.9091783,0.0,0.028808963,3.182111,1.6132404e-05,0.0,0.00022857531,0.03851013
2867,0.44794893,0.0,2.5377133,3.1821115,1.8056158e-05,0.0,0.0013515087,0.038509216
2868,3.9401686,0.0,0.36134377,3.1821096,3.202534e-05,0.0,0.0034789406,0.03850868
2869,2.9849403,0.0,0.4393065,3.182109,9.447994e-05,0.0,0.0006953708,0.038508173
2870,2.4245653,0.0,0.018525077,3.182113,5.7656893e-05,0.0,0.00028657555,0.03850768
2871,7.3573513,0.0,0.106214724,3.1821163,0.00011702717,0.0,0.00020329458,0.03850723
2872,0.22586179,0.0,0.040040206,3.18212,1.0070416e-05,0.0,0.00033128035,0.038508307
2873,12.509768,0.0,0.1806808,3.1821232,0.0001307625,0.0,0.0005681409,0.038509548
2874,5.7856197,0.0,3.5865233,3.182126,0.0029560449,0.0,0.00016120807,0.03851055
2875,0.16404803,0.0,0.04269478,3.1821272,7.884703e-06,0.0,0.0033684652,0.038511395
2876,0.15698683,0.0,0.09072379,3.1821284,8.821449e-06,0.0,5.6819877e-05,0.038512133
2877,0.96078825,0.0,1.2082244,3.1821284,0.002548804,0.0,0.00036765845,0.0385128
2878,0.45156202,0.0,0.311552,3.1821332,0.000114248345,0.0,0.00040333185,0.03851324
2879,1.5958525,0.0,6.9140453,3.1821365,0.0001604469,0.0,0.00049032527,0.038513668
2880,0.38557288,0.0,12.955806,3.1821373,5.8343718e-05,0.0,0.002719332,0.038514018
2881,0.06956883,0.0,0.058424942,3.182137,1.0808973e-05,0.0,0.0013082185,0.03851579
2882,1.36886,0.0,0.0429044,3.1821365,6.238494e-05,0.0,0.0022608922,0.03851772
2883,3.3649287,0.0,19.481855,3.1821356,8.055326e-06,0.0,0.00024040161,0.03851933
2884,0.5133207,0.0,7.99608,3.1821313,0.000119024546,0.0,0.00013592554,0.038520757
2885,0.22178037,0.0,0.057456393,3.1821191,4.1201856e-05,0.0,0.0004484359,0.038522042
2886,0.9200416,0.0,0.293127,3.1821086,0.0007943751,0.0,0.0061750994,0.038522873
2887,0.19255784,0.0,0.34297147,3.1821015,0.0019200196,0.0,0.0015514888,0.03852385
2888,4.182234,0.0,0.67023915,3.1820946,9.888131e-05,0.0,0.0008833201,0.03852473
2889,0.12878503,0.0,0.25405842,3.1820889,2.5858459e-05,0.0,0.0002496234,0.03852546
2890,0.30889612,0.0,2.3493004,3.1820834,4.845949e-05,0.0,0.00034004773,0.038526148
2891,0.820718,0.0,14.692589,3.182078,0.00037224553,0.0,0.00013246963,0.03852669
2892,6.55631,0.0,6.413615,3.1820722,1.6804805e-05,0.0,0.00011964721,0.03852714
2893,5.319282,0.0,0.18259,3.1820683,0.0027850221,0.0,0.00032263354,0.038527485
2894,0.22360444,0.0,0.7842718,3.182065,0.00015413616,0.0,0.00024309763,0.03852772
2895,0.22004122,0.0,1.125406,3.182066,0.00023198574,0.0,0.0028943114,0.03852786
2896,5.789146,0.0,0.0484348,3.1820674,0.00019131685,0.0,0.0035834764,0.03852787
2897,1.9216139,0.0,0.1650441,3.182068,9.4903866e-05,0.0,0.00023509841,0.038527735
2898,1.0168484,0.0,0.1173407,3.1820698,0.00031610078,0.0,0.00021769069,0.038527597
2899,1.4006729,0.0,0.118152305,3.1820729,7.62757e-05,0.0,0.00032434997,0.038527522
2900,1.6808285,0.0,0.80260384,3.1820757,0.0012495548,0.0,6.762815e-05,0.038527377
2901,0.79341286,0.0,10.290961,3.1820822,7.115967e-05,0.0,0.0014183195,0.038527165
2902,0.11886388,0.0,4.9918017,3.1820867,3.520664e-05,0.0,0.00013250447,0.038526926
2903,11.745998,0.0,0.9008327,3.1820896,0.00020244333,0.0,0.00018635938,0.03852665
2904,5.490442,0.0,0.1781287,3.1820931,5.5096367e-05,0.0,7.288163e-05,0.038526498
2905,0.44242826,0.0,0.06831335,3.182097,2.8529501e-05,0.0,0.00055608584,0.038526304
2906,0.48515612,0.0,0.14873932,3.1821003,1.6258371e-05,0.0,0.0017560842,0.038525905
2907,0.39352885,0.0,2.475957,3.1821032,1.40009515e-05,0.0,0.000211109,0.038525417
2908,0.8853674,0.0,0.42891842,3.182106,0.0010695655,0.0,0.0017532087,0.038525168
2909,0.37976483,0.0,0.18981054,3.1821089,2.6078493e-05,0.0,0.00014409379,0.038524903
2910,1.6747458,0.0,0.38981473,3.1821122,7.3489045e-06,0.0,0.006678788,0.038524646
2911,0.29836494,0.0,0.9409574,3.1821158,1.1523013e-05,0.0,9.9079676e-05,0.03852432
2912,1.876393,0.0,10.566671,3.182121,5.262668e-05,0.0,0.0009524133,0.038524
2913,13.331201,0.0,0.06626627,3.1821246,1.2413615e-05,0.0,0.00029862387,0.038524125
2914,0.12219321,0.0,0.6085348,3.182127,5.296093e-06,0.0,0.00013395055,0.038524505
2915,0.28498247,0.0,0.90605575,3.1821294,5.1480056e-06,0.0,7.116976e-05,0.038524818
2916,0.49040934,0.0,4.3861794,3.1821318,7.828368e-05,0.0,0.0003993866,0.03852505
2917,1.3389629,0.0,7.362672,3.1821346,3.6971513e-05,0.0,0.005102935,0.038525254
2918,4.1853027,0.0,1.1660466,3.1821337,1.231908e-05,0.0,0.00038419996,0.038524117
2919,0.12832518,0.0,0.4430859,3.1821322,3.4865094e-05,0.0,0.00039940167,0.03852332
2920,2.6798263,0.0,0.28552753,3.1821315,1.2951806e-05,0.0,6.813851e-05,0.03852299
2921,2.6637547,0.0,0.55576354,3.1821313,0.00018205121,0.0,9.06543e-05,0.03852268
2922,0.15553644,0.0,0.82432973,3.1821308,0.0012948075,0.0,0.00021161475,0.03852233
2923,11.046262,0.0,0.14399424,3.182131,6.2922463e-06,0.0,0.0018668583,0.038522042
2924,0.76519173,0.0,0.19632524,3.1821294,0.0027992064,0.0,0.0038829306,0.038521804
2925,0.19471106,0.0,0.8132694,3.1821287,5.3667823e-06,0.0,0.0003505433,0.038521472
2926,4.42463,0.0,0.40023318,3.1821294,6.510012e-05,0.0,0.00021647922,0.038521197
2927,0.787424,0.0,1.3392861,3.1821308,3.0670875e-05,0.0,0.00035269605,0.038520984
2928,0.42988586,0.0,0.032915264,3.1821332,0.004641924,0.0,6.206527e-05,0.038520742
2929,5.4678736,0.0,3.5429134,3.1821353,5.945082e-05,0.0,9.117725e-05,0.038520444
2930,0.6404789,0.0,0.090242445,3.1821349,4.287749e-06,0.0,0.0023429699,0.03852014
2931,0.30767256,0.0,3.9733105,3.1821346,7.0793826e-06,0.0,0.0029819629,0.03852001
2932,2.7616463,0.0,0.06623246,3.1821358,0.00014143746,0.0,0.00072927604,0.03851991
2933,0.76830894,0.0,0.7795402,3.1821375,1.2312265e-05,0.0,0.0031045817,0.03851972
2934,0.26880005,0.0,0.4818306,3.182139,2.5340523e-05,0.0,0.0029482094,0.03851949
2935,4.591778,0.0,1.1497749,3.1821396,0.00029183523,0.0,0.00044822716,0.03851917
2936,0.68226385,0.0,1.311566,3.1821437,4.50469e-05,0.0,7.849403e-05,0.0385188
2937,2.9358914,0.0,0.17184842,3.1821485,0.0018087749,0.0,0.0010184099,0.038518414
2938,0.276623,0.0,0.6418783,3.182152,0.0026435663,0.0,0.0027750044,0.038517997
2939,3.0276558,0.0,3.275945,3.182156,0.00015911715,0.0,9.3821145e-05,0.038517527
2940,0.748623,0.0,0.5760397,3.182165,0.0023624431,0.0,7.1378425e-05,0.038517002
2941,0.057762463,0.0,0.6894288,3.1821723,0.0003648448,0.0,0.00021203971,0.038516454
2942,0.37839314,0.0,0.29109558,3.1821797,0.0001203577,0.0,0.001552546,0.038516093
2943,0.3858172,0.0,3.0420387,3.1821861,4.379858e-05,0.0,0.0007829603,0.03851559
2944,1.6863407,0.0,0.082788534,3.1821918,0.00027815223,0.0,0.00012289049,0.038515124
2945,3.566542,0.0,9.107738,3.182197,0.0018875845,0.0,0.0014319513,0.038514577
2946,2.0748231,0.0,0.9197893,3.1821983,4.7845468e-05,0.0,0.00071084587,0.03851415
2947,0.48470572,0.0,1.651934,3.1822004,0.00092362636,0.0,0.00015539707,0.038512915
2948,0.11485982,0.0,0.02492618,3.1822023,0.00146156,0.0,0.0010746161,0.03851182
2949,0.45539176,0.0,0.018168233,3.1822042,0.0018814545,0.0,6.208196e-05,0.03851257
2950,8.390541,0.0,0.75609475,3.1822057,0.002368734,0.0,0.00020301582,0.03851337
2951,0.10046677,0.0,1.8648734,3.1822097,3.523316e-05,0.0,0.00011708915,0.038514107
2952,3.9731243,0.0,0.42690018,3.1822104,1.0064548e-05,0.0,0.0047711036,0.03851477
2953,0.10629555,0.0,0.6915882,3.1822126,2.0589161e-05,0.0,5.1470644e-05,0.038515225
2954,6.114783,0.0,0.06919292,3.1822076,1.8679288e-05,0.0,4.085855e-05,0.03851562
2955,0.048487425,0.0,0.037644424,3.1822026,2.0692543e-05,0.0,0.0006941014,0.03851593
2956,0.12612204,0.0,9.558483,3.182198,0.00028249715,0.0,0.0015997171,0.03851658
2957,0.18053731,0.0,2.0841565,3.1821916,1.6870777e-05,0.0,0.0030055055,0.038517166
2958,0.7470444,0.0,6.8712516,3.182188,0.002713515,0.0,0.00023435184,0.038517736
2959,0.04648446,0.0,2.6048706,3.1821816,0.00015405811,0.0,0.00061907934,0.038518254
2960,0.72134995,0.0,0.029169157,3.1821768,0.0033256353,0.0,0.00013353387,0.038518827
2961,0.040217876,0.0,0.99195814,3.1821723,1.9994372e-05,0.0,0.0021896572,0.03851932
2962,1.0418379,0.0,0.43082666,3.1821687,0.00016420863,0.0,0.00014264366,0.03851991
2963,13.039128,0.0,13.983511,3.1821642,0.00010810684,0.0,0.00011573177,0.03852037
2964,0.9276657,0.0,0.78040594,3.1821594,0.00011861506,0.0,0.00023604358,0.03852072
2965,1.5617988,0.0,1.211774,3.1821563,7.158765e-05,0.0,0.0005989105,0.038520988
2966,11.1748,0.0,11.574284,3.1821527,2.4323137e-05,0.0,0.00019518695,0.038521685
2967,0.164258,0.0,6.8679733,3.1821494,0.00024236829,0.0,0.00017776106,0.038522184
2968,2.258547,0.0,0.018999454,3.1821473,8.02126e-05,0.0,0.00033991926,0.038522597
2969,2.7121408,0.0,0.056619067,3.1821449,0.00032806443,0.0,0.00018146832,0.03852304
2970,0.17867659,0.0,0.29374444,3.1821432,7.368881e-05,0.0,0.00023252278,0.03852332
2971,0.6244122,0.0,2.6833022,3.1821418,8.834146e-06,0.0,0.0032997,0.038523473
2972,7.9297385,0.0,0.4750329,3.182143,0.002187323,0.0,0.003115931,0.03852358
2973,1.8379321,0.0,0.05473518,3.1821449,0.00016291213,0.0,0.00022166192,0.038523693
2974,1.8106086,0.0,7.3932066,3.1821465,0.00040473804,0.0,0.0053340835,0.03852376
2975,0.51894087,0.0,1.0622194,3.1821482,0.00546793,0.0,0.0026577218,0.038523685
2976,2.5164604,0.0,1.0728093,3.1821492,0.00030490482,0.0,0.00019714217,0.038523607
2977,1.6339667,0.0,0.58213735,3.182153,0.0003556849,0.0,0.002923068,0.03852353
2978,0.23713407,0.0,0.36313596,3.1821575,0.00040067808,0.0,0.00051435846,0.03852354
2979,5.306979,0.0,1.7468711,3.1821606,8.922218e-05,0.0,7.766347e-05,0.038523484
2980,5.995693,0.0,0.3740895,3.1821663,0.0015857676,0.0,0.00013880686,0.038523342
2981,10.797649,0.0,0.7013218,3.1821706,2.6149496e-06,0.0,0.0009285696,0.03852317
2982,0.4939446,0.0,0.017295139,3.1821752,0.00011639747,0.0,0.0033130862,0.03852299
2983,1.228818,0.0,0.047565147,3.1821783,1.5164227e-05,0.0,0.00026413708,0.038522996
2984,0.59016895,0.0,0.49607372,3.1821818,0.0004092959,0.0,0.00017690743,0.03852292
2985,1.2683336,0.0,0.7394193,3.1821847,0.00011828118,0.0,4.0631887e-05,0.03852281
2986,0.4920014,0.0,4.5058837,3.1821933,0.00013971087,0.0,5.750927e-05,0.038522616
2987,1.1534351,0.0,0.058233593,3.182194,0.0011746268,0.0,0.000105151776,0.038522385
2988,8.91012,0.0,4.337242,3.1821954,0.00011378726,0.0,0.0033953344,0.038522117
2989,3.3621113,0.0,0.05848838,3.1821978,0.0021454482,0.0,0.0001651663,0.038521916
2990,1.5182533,0.0,1.7030351,3.1822002,0.0017342237,0.0,0.0009277157,0.03852186
2991,4.5613465,0.0,0.08323876,3.1822054,0.00013197381,0.0,0.0004037111,0.03852186
2992,0.25937432,0.0,6.254405,3.1822097,0.00015323107,0.0,0.00024857448,0.038521893
2993,0.5818018,0.0,0.12112834,3.1822138,0.00014783053,0.0,0.00017264699,0.038522042
2994,14.144243,0.0,0.9669782,3.1822171,9.248641e-05,0.0,0.00021188817,0.038522154
2995,0.7837283,0.0,0.029556245,3.1822212,0.0024535293,0.0,0.00015656976,0.03852239
2996,7.118644,0.0,3.2227454,3.1822245,0.0029494253,0.0,0.00020481877,0.03852263
2997,2.6928563,0.0,17.387928,3.1822293,5.689348e-06,0.0,8.788983e-05,0.03852283
2998,4.39241,0.0,0.06005799,3.182232,0.00010043125,0.0,9.537497e-05,0.03852295
2999,6.066915,0.0,0.22627482,3.1822343,8.641566e-06,0.0,0.00093520695,0.03852301
3000,0.94778585,0.0,0.05394447,3.1822376,0.00011625461,0.0,0.0003440521,0.03852361
3001,6.770324,0.0,0.064093344,3.1822405,0.00013687715,0.0,0.0024284238,0.038524043
3002,6.484183,0.0,0.17576565,3.1822433,8.1404716e-05,0.0,0.00047928264,0.038524356
3003,4.5931077,0.0,0.082339644,3.1822462,6.3098225e-05,0.0,0.000551818,0.03852439
3004,8.149707,0.0,0.029335806,3.182248,0.00012199991,0.0,0.00054672605,0.038523242
3005,0.35004246,0.0,14.875717,3.1822495,0.0003382318,0.0,0.00019065427,0.038522176
3006,8.748392,0.0,8.432653,3.1822522,0.00011516445,0.0,0.00019486019,0.038521208
3007,5.042247,0.0,0.08737656,3.1822524,0.0032901096,0.0,0.00023534338,0.03852033
3008,7.162027,0.0,0.26358277,3.1822522,4.2606807e-05,0.0,0.000766405,0.038519554
3009,0.33213452,0.0,12.534348,3.1822517,7.642965e-06,0.0,0.0025247687,0.038518846
3010,12.224589,0.0,11.821116,3.182242,0.00014766809,0.0,7.2100134e-05,0.038518175
3011,0.18062158,0.0,0.20494993,3.1822262,2.5128462e-05,0.0,0.00010885758,0.03851753
3012,0.927728,0.0,0.038907394,3.1822119,0.00021252084,0.0,0.00012071892,0.038516905
3013,0.685947,0.0,0.1530001,3.1821988,5.570175e-05,0.0,0.010065006,0.03851632
3014,3.4804866,0.0,2.6385155,3.1821885,0.004322989,0.0,0.00023843357,0.03851591
3015,4.778964,0.0,1.0456383,3.1821823,0.0010894485,0.0,0.0010005732,0.038515504
3016,2.252014,0.0,1.4992797,3.182177,0.0029902097,0.0,0.0020380425,0.03851493
3017,0.3685917,0.0,0.6519794,3.1821742,1.2570927e-05,0.0,0.00010485178,0.03851435
3018,0.28262186,0.0,7.41528,3.1821716,1.0400797e-05,0.0,0.0013459421,0.03851377
3019,1.7792612,0.0,5.0662723,3.1821692,0.0029430075,0.0,0.004026021,0.038513165
3020,0.21118572,0.0,0.11285927,3.1821682,2.472103e-05,0.0,0.0030540547,0.03851289
3021,1.1626173,0.0,0.5629694,3.182166,4.1441384e-05,0.0,0.0033668266,0.038512964
3022,0.12217028,0.0,4.7294173,3.1821618,0.0033762248,0.0,0.0027904965,0.038513333
3023,0.29537496,0.0,0.32443395,3.1821568,0.0030130607,0.0,0.0032736522,0.038513836
3024,8.675798,0.0,0.58949155,3.1821542,9.664138e-05,0.0,0.002165383,0.03851424
3025,2.5725238,0.0,6.5078917,3.1821513,6.793652e-05,0.0,0.0011546264,0.038514614
3026,0.19855905,0.0,0.02430591,3.1821477,0.0014258331,0.0,0.0002796632,0.038514927
3027,0.8004468,0.0,3.5898972,3.1821446,9.921389e-05,0.0,0.0007839458,0.038515177
3028,0.32431832,0.0,0.31193882,3.182143,3.5717254e-05,0.0,0.0004833493,0.038515452
3029,0.86588854,0.0,0.38723552,3.18214,0.0018878629,0.0,0.00014880864,0.038515665
3030,12.701823,0.0,0.061568685,3.1821373,6.42032e-05,0.0,0.00031472006,0.038515843
3031,4.755958,0.0,0.6708905,3.1821353,3.6350888e-05,0.0,0.0036108766,0.03851606
3032,4.144156,0.0,3.676149,3.1821353,1.8802477e-06,0.0,0.0008372951,0.038516227
3033,0.96287704,0.0,7.9213057,3.1821377,0.002298636,0.0,0.00023566763,0.038516328
3034,0.1320575,0.0,0.48794687,3.1821284,9.385666e-05,0.0,0.00057196326,0.038516305
3035,0.42216277,0.0,0.035766244,3.182121,0.001277301,0.0,0.0054345424,0.038516685
3036,3.8143566,0.0,13.070208,3.1821134,0.0024887996,0.0,0.00096896046,0.03851714
3037,2.4164474,0.0,5.144602,3.182103,0.00014934149,0.0,0.00022260762,0.038517486
3038,0.27756262,0.0,0.26897317,3.1820962,0.0006894593,0.0,0.0026632298,0.038517732
3039,0.18010296,0.0,2.4116788,3.182091,0.00017448561,0.0,0.00059617974,0.03851806
3040,0.06118439,0.0,10.246423,3.1820862,4.176416e-05,0.0,0.00014514252,0.03851838
3041,0.5601189,0.0,0.06561572,3.1820853,4.436215e-06,0.0,0.0007284682,0.03851848
3042,0.17627741,0.0,2.473246,3.1820838,1.735412e-05,0.0,0.00014980437,0.0385183
3043,0.07777724,0.0,1.1144599,3.1820822,0.00041065217,0.0,0.00063462823,0.038518053
3044,0.4969437,0.0,0.19279273,3.1820853,0.0024102102,0.0,0.0031649843,0.03851777
3045,0.28620186,0.0,3.4894123,3.1820872,0.00016203205,0.0,0.0029689716,0.038517475
3046,0.1348958,0.0,2.2563238,3.1820903,0.0013252863,0.0,0.00010156979,0.038517118
3047,0.54851687,0.0,2.3422806,3.1820946,0.00014371808,0.0,0.00028420577,0.038516708
3048,0.6688774,0.0,2.5177681,3.1820993,0.00023091889,0.0,0.0036301685,0.038516242
3049,0.43583164,0.0,0.057027683,3.1821043,6.321857e-05,0.0,0.00010643605,0.038516354
3050,4.07218,0.0,0.09158788,3.1821084,0.00025802388,0.0,0.00011128854,0.038516372
3051,0.075291626,0.0,0.4059344,3.182115,0.00010739032,0.0,0.00057944027,0.038516425
3052,0.093947954,0.0,3.0888855,3.1821215,8.890275e-05,0.0,0.0012508547,0.038516395
3053,2.3634274,0.0,0.2657291,3.1821272,2.5553134e-05,0.0,0.00014481982,0.03851624
3054,0.23061909,0.0,0.04197219,3.1821284,0.00010225313,0.0,0.00046296022,0.038516104
3055,0.12538062,0.0,0.58094656,3.1821291,4.855799e-06,0.0,0.0024579302,0.038516007
3056,6.9311914,0.0,0.7662836,3.1821327,3.1045278e-05,0.0,0.00027738683,0.038515855
3057,5.4471474,0.0,0.04821976,3.1821363,0.00015548086,0.0,0.0032113655,0.03851563
3058,0.07265092,0.0,3.9430273,3.18214,7.927544e-05,0.0,0.00015099792,0.038515445
3059,0.32348144,0.0,1.8843436,3.1821458,1.1926583e-05,0.0,0.0020415133,0.038515195
3060,4.9588275,0.0,0.1561983,3.1821496,9.8082746e-05,0.0,0.00018362238,0.038514882
3061,0.12712263,0.0,12.630858,3.182153,5.786109e-06,0.0,0.0035112407,0.038514685
3062,0.97917914,0.0,9.69021,3.1821554,8.533301e-05,0.0,0.00023523936,0.038514584
3063,0.10727913,0.0,5.470085,3.1821566,1.7571458e-05,0.0,0.000284526,0.038514573
3064,0.099987745,0.0,8.950355,3.1821566,4.3324828e-05,0.0,0.0024506513,0.038514607
3065,0.21459316,0.0,6.9446454,3.1821628,0.00015585074,0.0,0.00014986281,0.03851457
3066,2.6076636,0.0,0.5887511,3.1821682,5.354908e-05,0.0,0.0036684868,0.038514476
3067,0.030722633,0.0,0.1850994,3.1821735,2.6530699e-05,0.0,0.00012371948,0.038514394
3068,0.6232466,0.0,0.13730791,3.182179,0.0015043154,0.0,5.74711e-05,0.038514215
3069,0.538092,0.0,0.4427943,3.1821864,1.3687288e-06,0.0,0.00027066318,0.038514026
3070,5.0566125,0.0,5.1556153,3.1821964,6.967471e-06,0.0,0.0027047652,0.03851399
3071,5.4710226,0.0,0.28105992,3.182206,0.0008893427,0.0,0.0034016022,0.038514037
3072,1.3230036,0.0,0.025798991,3.1822157,7.902845e-07,0.0,0.0021697478,0.038514107
3073,0.037953794,0.0,0.055404887,3.1822248,5.8569996e-05,0.0,0.00014899258,0.038514465
3074,0.11092812,0.0,0.6175413,3.182233,2.6779846e-06,0.0,4.4711996e-05,0.038514785
3075,0.92123103,0.0,0.10351385,3.1822433,7.533533e-06,0.0,0.004734672,0.038515016
3076,9.306927,0.0,10.824127,3.1822522,0.0010129601,0.0,6.5957065e-05,0.038515225
3077,16.466564,0.0,0.59738696,3.182258,0.0021729942,0.0,0.00052318344,0.038515344
3078,0.79099256,0.0,0.019499501,3.182262,0.0019653912,0.0,0.0007622822,0.038515404
3079,3.6477742,0.0,0.13873719,3.1822655,0.0028982111,0.0,0.0010290135,0.038515586
3080,3.2972896,0.0,1.6880027,3.1822696,4.7243993e-05,0.0,0.004094957,0.03851497
3081,0.4094893,0.0,0.4050939,3.1822715,7.758335e-06,0.0,0.00019942671,0.038514465
3082,11.884029,0.0,0.069519445,3.1822739,1.40578095e-05,0.0,0.00015703018,0.03851402
3083,7.1208277,0.0,1.6137046,3.1822762,1.8774905e-05,0.0,8.230817e-05,0.03851357
3084,2.010341,0.0,1.5613803,3.1822777,5.4657658e-06,0.0,0.0003668826,0.038513172
3085,0.5554981,0.0,1.6669837,3.1822796,3.498688e-05,0.0,0.00029437692,0.03851259
3086,0.07472509,0.0,0.12099004,3.1822824,0.0029519026,0.0,0.0030721962,0.0385122
3087,2.192911,0.0,11.086679,3.1822853,7.623062e-05,0.0,0.0013044601,0.038511787
3088,0.18222317,0.0,0.5125248,3.182284,2.4020266e-05,0.0,9.886766e-05,0.038511608
3089,0.4737968,0.0,0.3274496,3.1822832,2.1318354e-05,0.0,0.0012967444,0.03851143
3090,10.171579,0.0,13.11585,3.1822815,5.453827e-06,0.0,0.0029079507,0.038512394
3091,0.25910312,0.0,0.028909229,3.1822765,1.5083686e-05,0.0,0.00016634283,0.03851348
3092,4.335286,0.0,3.7284584,3.1822717,1.2488209e-06,0.0,0.0017300261,0.038514387
3093,0.98231924,0.0,0.27923137,3.1822667,4.664673e-05,0.0,0.001404127,0.038515583
3094,2.8200138,0.0,0.026768371,3.182263,9.115218e-05,0.0,0.00025923317,0.03851667
3095,1.2997241,0.0,0.8888654,3.1822596,0.0016408946,0.0,0.00043566542,0.03851753
3096,0.66296285,0.0,0.2289791,3.1822555,0.0014428606,0.0,0.0028217866,0.03851836
3097,1.8417683,0.0,1.1629176,3.1822524,7.020928e-05,0.0,0.00024323215,0.03851918
3098,0.8227952,0.0,9.384526,3.1822543,6.636998e-06,0.0,0.000685457,0.03851985
3099,0.19780019,0.0,3.960629,3.1822584,9.556733e-06,0.0,0.00015363528,0.0385203
3100,0.690405,0.0,7.254757,3.1822634,2.1070944e-05,0.0,0.00010236792,0.038520522
3101,10.928344,0.0,0.44623002,3.1822708,4.2176143e-05,0.0,0.0019047583,0.038520653
3102,0.49009117,0.0,1.4767253,3.182276,0.00014011168,0.0,0.0019783764,0.038520925
3103,0.5918231,0.0,3.754399,3.1822815,0.0006895381,0.0,7.176916e-05,0.03852112
3104,2.9472954,0.0,1.5430605,3.1822922,0.0011820801,0.0,0.00045861228,0.038521197
3105,1.0578743,0.0,0.38273963,3.182304,0.00010004823,0.0,5.509612e-05,0.03852117
3106,0.059730623,0.0,4.6469574,3.1823149,9.3604734e-07,0.0,0.0064661074,0.038521066
3107,3.0860693,0.0,11.48345,3.182325,7.299235e-05,0.0,0.0032723565,0.038520925
3108,0.04945962,0.0,0.111489624,3.1823332,0.0033557666,0.0,0.0019171849,0.038520437
3109,4.292029,0.0,6.205097,3.182341,2.0135029e-05,0.0,0.00013865737,0.03852008
3110,2.452269,0.0,0.08234112,3.1823487,2.0776657e-05,0.0,0.0023697803,0.038519755
3111,0.45513487,0.0,0.37050027,3.1823556,0.000101334444,0.0,0.0051523666,0.03851912
3112,0.37598738,0.0,9.078449,3.182363,7.934703e-05,0.0,0.00044713658,0.038518585
3113,0.086700894,0.0,0.7749008,3.182368,0.0001499465,0.0,0.00041998056,0.03851815
3114,1.4046656,0.0,0.04015292,3.1823742,1.790837e-05,0.0,0.0005777308,0.038517516
3115,0.07563154,0.0,0.31944308,3.1823788,8.597058e-06,0.0,0.00015327586,0.038516894
3116,1.529908,0.0,0.7673014,3.1823843,0.00012583805,0.0,0.0011986791,0.038516376
3117,3.514732,0.0,1.6063406,3.1823895,0.00029158103,0.0,0.00022759207,0.03851587
3118,3.9107466,0.0,5.240751,3.1823978,0.0001139615,0.0,0.00285989,0.038515363
3119,1.8632238,0.0,11.3706455,3.1824074,0.0017500217,0.0,0.00035489292,0.038514897
3120,0.52876127,0.0,1.1702925,3.1824138,9.606361e-06,0.0,0.00021073772,0.03851445
3121,0.41147518,0.0,0.032003075,3.182421,3.077099e-05,0.0,0.0018753116,0.03851402
3122,9.953679,0.0,0.02983363,3.1824274,0.00033159376,0.0,0.00019134415,0.0385136
3123,0.28279406,0.0,0.047100037,3.182433,8.177476e-06,0.0,8.323093e-05,0.038513202
3124,2.6930707,0.0,2.4411662,3.1824372,5.2098818e-05,0.0,0.002146275,0.038512815
3125,1.6180518,0.0,0.78821343,3.1824431,0.00015069911,0.0,0.00020300334,0.038512576
3126,4.400296,0.0,2.6121292,3.1824484,3.9682698e-05,0.0,0.0051704515,0.038512293
3127,1.6916991,0.0,1.3977028,3.1824536,0.00041970034,0.0,0.0022720874,0.038511958
3128,10.423778,0.0,0.062033694,3.1824615,0.002854466,0.0,0.0001397334,0.038511753
3129,0.051257953,0.0,1.2791891,3.1824687,6.354472e-06,0.0,0.00017760256,0.038511515
3130,0.054416712,0.0,0.5118432,3.1824768,0.0018057904,0.0,0.0032350123,0.038511332
3131,9.131254,0.0,0.08785689,3.182484,0.0024281822,0.0,0.00013843153,0.038511045
3132,17.93277,0.0,0.65162754,3.1824908,5.278653e-05,0.0,0.0018684102,0.03851079
3133,6.2915125,0.0,1.1119155,3.1824968,5.195923e-05,0.0,0.0012758037,0.03851056
3134,1.8044739,0.0,0.89844835,3.1825035,0.00151449,0.0,3.7990543e-05,0.03851028
3135,3.6957855,0.0,0.630413,3.1825109,4.328378e-06,0.0,0.0001973584,0.03850994
3136,10.57757,0.0,0.67606264,3.1825168,1.8883604e-05,0.0,0.00029252295,0.038509578
3137,0.5996153,0.0,3.1474793,3.1825235,3.4003875e-05,0.0,0.00024272151,0.03850908
3138,2.508412,0.0,0.24754085,3.18253,6.504953e-05,0.0,0.0003407756,0.038508654
3139,9.469645,0.0,16.124624,3.1825356,1.790874e-05,0.0,5.1061597e-05,0.038508426
3140,0.08605776,0.0,0.08535127,3.1825352,5.938766e-05,0.0,0.0008615878,0.038508162
3141,6.713345,0.0,0.55732024,3.182534,8.8186425e-06,0.0,0.0020963182,0.03850822
3142,4.0156503,0.0,1.2919251,3.1825333,0.0022580249,0.0,0.00012165465,0.03850821
3143,14.185263,0.0,0.2811704,3.1825318,0.00018047947,0.0,0.0021438054,0.0385081
3144,0.6969678,0.0,0.017265616,3.1825316,9.229553e-05,0.0,0.00012662043,0.038508084
3145,3.4565082,0.0,0.60985833,3.182531,1.4621315e-05,0.0,0.00013611124,0.038508084
3146,0.67233545,0.0,0.67192096,3.1825302,6.356702e-05,0.0,9.955039e-05,0.038508028
3147,3.370008,0.0,1.2713554,3.1825294,2.704281e-05,0.0,0.0002286626,0.038507972
3148,1.469028,0.0,6.1483746,3.182529,3.924271e-06,0.0,0.00015641708,0.038507875
3149,0.28062084,0.0,0.042408913,3.1825292,0.0013582266,0.0,0.0030969807,0.03850775
3150,0.30366892,0.0,0.054272708,3.1825294,0.0036709097,0.0,0.0018201587,0.038507737
3151,0.25227314,0.0,2.0028389,3.182529,0.0017992529,0.0,0.00033992904,0.038507853
3152,0.58844745,0.0,0.5657976,3.182529,0.0023893765,0.0,0.0013308974,0.03850794
3153,0.8410495,0.0,2.4540937,3.1825292,0.00012975071,0.0,0.0023259548,0.038508207
3154,1.0492656,0.0,0.23548049,3.1825306,0.0002958246,0.0,0.0032319545,0.038508452
3155,0.87648714,0.0,5.2072673,3.1825368,2.1244616e-05,0.0,0.0030544857,0.038508657
3156,0.20393042,0.0,0.032615043,3.1825328,0.00010620487,0.0,0.0032969653,0.03850885
3157,0.8985469,0.0,0.60045385,3.182529,7.267485e-05,0.0,0.004996356,0.038509037
3158,1.4159203,0.0,7.6012583,3.1825259,0.00019269454,0.0,0.00035188353,0.038509298
3159,0.088657,0.0,0.08480219,3.1825244,0.0008157043,0.0,0.0018515477,0.03850948
3160,0.13800988,0.0,1.6828139,3.1825216,6.8598776e-05,0.0,0.00180983,0.03850951
3161,13.101756,0.0,12.270257,3.1825218,3.1460524e-05,0.0,0.0004324772,0.03850967
3162,0.73939145,0.0,0.1697027,3.1825228,0.00010085851,0.0,7.414297e-05,0.038509928
3163,1.3157489,0.0,11.060471,3.182524,0.0001191156,0.0,0.00023779977,0.038510125
3164,10.516441,0.0,1.7103236,3.18252,0.001868383,0.0,0.0005451406,0.038510285
3165,0.15604648,0.0,0.046896823,3.1825168,1.1175877e-05,0.0,0.0028459432,0.03851053
3166,0.27970016,0.0,0.22019589,3.1825144,2.1443617e-05,0.0,0.0006205505,0.038510714
3167,0.19013739,0.0,2.270841,3.1825123,0.0001255598,0.0,0.0003644173,0.038510803
3168,0.10109662,0.0,0.93639916,3.1825104,4.2561896e-05,0.0,0.0030839895,0.03851075
3169,0.047987986,0.0,0.2749888,3.1825078,7.852103e-05,0.0,0.00025409288,0.03851076
3170,0.10171945,0.0,0.22042255,3.1825068,0.0027878205,0.0,0.00012447344,0.038510736
3171,7.3608456,0.0,11.627834,3.182506,0.002076502,0.0,0.0027692695,0.0385107
3172,3.5390701,0.0,0.23090339,3.1824992,0.00011649063,0.0,0.0003246703,0.03851053
3173,0.3652681,0.0,1.06553,3.1824923,9.908969e-05,0.0,0.003042441,0.038510278
3174,12.414923,0.0,1.1127019,3.1824865,9.104899e-05,0.0,0.00053106813,0.038510077
3175,11.478931,0.0,1.7178692,3.182481,1.2883358e-05,0.0,0.00070843316,0.03851009
3176,3.4399135,0.0,0.024407366,3.182475,0.0005652521,0.0,0.00015734411,0.038510233
3177,5.20682,0.0,4.958044,3.1824698,0.0030380057,0.0,0.00034528895,0.03851032
3178,0.11030726,0.0,0.9933669,3.1824713,2.3911716e-05,0.0,0.0002974966,0.038510434
3179,8.311235,0.0,1.6055317,3.1824706,0.00010494272,0.0,0.00020462673,0.03851062
3180,4.760134,0.0,0.25197744,3.1824698,5.0927763e-05,0.0,0.0004403198,0.038510747
3181,0.14018415,0.0,0.11402931,3.182469,3.2993048e-06,0.0,0.00012428357,0.03851083
3182,6.806268,0.0,4.787264,3.1824682,2.4784566e-05,0.0,0.0027136786,0.03851084
3183,0.22109184,0.0,4.6659684,3.1824691,6.289614e-05,0.0,0.0016215292,0.03851083
3184,5.511467,0.0,12.026455,3.1824691,0.000940875,0.0,0.00019097928,0.038510803
3185,0.6194791,0.0,0.23470604,3.1824687,6.552435e-05,0.0,0.002480718,0.03851063
3186,0.55368257,0.0,0.03896429,3.1824648,0.0001339773,0.0,0.0029028498,0.03851266
3187,0.36202767,0.0,0.02100578,3.182461,0.0012524788,0.0,0.0001855793,0.038514562
3188,0.18778262,0.0,6.089526,3.1824577,7.015214e-05,0.0,0.000100951955,0.03851634
3189,7.1531124,0.0,0.09745867,3.1824558,1.8450984e-05,0.0,0.00019703555,0.038517993
3190,1.022918,0.0,9.62375,3.182454,0.00010798402,0.0,0.00019697756,0.03851954
3191,0.3022912,0.0,1.5866385,3.1824522,3.0948504e-05,0.0,0.00010658049,0.03852122
3192,0.10682728,0.0,0.11006696,3.1824508,0.00018633105,0.0,0.00026144547,0.038522717
3193,1.589974,0.0,0.3749256,3.1824496,0.00010835545,0.0,0.00011043164,0.038524106
3194,0.4682062,0.0,0.350791,3.1824489,0.00015283149,0.0,0.00030195352,0.038525257
3195,0.6119071,0.0,0.039268564,3.1824486,2.5857375e-05,0.0,8.901405e-05,0.038526263
3196,1.7679423,0.0,2.4804792,3.1824486,0.00013679215,0.0,0.0016764413,0.038527112
3197,0.64364123,0.0,0.29496852,3.1824467,0.002968284,0.0,0.00019076501,0.038527936
3198,2.4884543,0.0,0.6848337,3.1824458,1.866023e-06,0.0,0.0006761091,0.038528614
3199,0.49222857,0.0,1.4350095,3.1824448,0.00018678006,0.0,0.0003794817,0.03852896
3200,0.31495038,0.0,0.057174157,3.1824443,0.00021075751,0.0,0.00013096812,0.038529538
3201,2.1839457,0.0,0.019122232,3.1824427,7.4186166e-05,0.0,0.00051337935,0.038530078
3202,0.78129387,0.0,0.84987444,3.1824417,6.816235e-05,0.0,0.0030123186,0.038530555
3203,17.22048,0.0,2.6670218,3.1824403,3.4787878e-05,0.0,5.338287e-05,0.038531363
3204,1.7526703,0.0,2.5216482,3.1824453,4.239771e-05,0.0,0.00019820145,0.038532052
3205,0.42352328,0.0,0.014550968,3.1824486,0.002749396,0.0,0.0021959653,0.03853264
3206,7.2696314,0.0,1.2466747,3.1824508,9.287572e-05,0.0,0.00010216421,0.03853332
3207,0.2035373,0.0,1.284735,3.182455,0.002030166,0.0,0.00072148524,0.038533848
3208,7.464457,0.0,1.3679634,3.18246,0.0007549458,0.0,0.00015598198,0.0385344
3209,0.3043518,0.0,0.9267663,3.1824653,0.00032304454,0.0,0.0061302413,0.038534828
3210,0.7943123,0.0,0.87900096,3.182472,0.00017435901,0.0,0.00020285015,0.038535465
3211,9.860336,0.0,3.2855153,3.1824794,2.7103835e-05,0.0,4.3623328e-05,0.038536068
3212,10.161307,0.0,2.6646743,3.1824837,9.56344e-05,0.0,0.00012221638,0.03853656
3213,0.45070225,0.0,0.66605794,3.1824884,4.7321224e-05,0.0,6.313194e-05,0.03853698
3214,0.470923,0.0,0.0417381,3.1824937,0.0001321843,0.0,0.0001674213,0.03853732
3215,18.009272,0.0,1.6330543,3.182499,0.00055252726,0.0,0.00018909956,0.03853759
3216,0.12491047,0.0,0.021260783,3.1825044,4.2549935e-05,0.0,0.00021273221,0.038537845
3217,0.41479182,0.0,19.606703,3.1825092,0.0020863432,0.0,0.0026970974,0.03853804
3218,7.5803537,0.0,4.9481163,3.1825073,0.0027795455,0.0,0.0022316994,0.038538214
3219,10.786789,0.0,3.5421424,3.182509,6.2854397e-06,0.0,0.0001712967,0.038538348
3220,2.8306334,0.0,5.6937685,3.1825123,0.00021206567,0.0,0.0003497218,0.03853828
3221,0.4826016,0.0,0.17446446,3.1825151,0.00028246557,0.0,0.00083941163,0.03853807
3222,0.34889427,0.0,21.001318,3.1825182,6.0738723e-05,0.0,0.00024694233,0.038538165
3223,0.14368303,0.0,0.034909092,3.1825206,0.00015313718,0.0,0.0029316095,0.03853815
3224,0.21858147,0.0,0.4292136,3.1825233,1.7778031e-05,0.0,9.1598646e-05,0.038538028
3225,6.2156076,0.0,0.052568417,3.1825254,1.9803683e-05,0.0,0.0002742459,0.038537852
3226,0.6780575,0.0,5.99412,3.1825275,7.6263436e-06,0.0,0.00048736308,0.038537692
3227,0.19631712,0.0,0.026219813,3.1825335,9.859202e-05,0.0,3.7794536e-05,0.038538262
3228,0.12158915,0.0,0.02760857,3.182538,1.9714558e-05,0.0,6.1592196e-05,0.03853875
3229,4.533082,0.0,12.825498,3.1825426,4.1225958e-05,0.0,4.8224054e-05,0.03853912
3230,1.6229687,0.0,6.9593925,3.1825461,1.4165395e-05,0.0,0.00010226084,0.038539454
3231,0.2266082,0.0,0.32340637,3.1825526,1.6640888e-05,0.0,3.798058e-05,0.038539715
3232,0.31636187,0.0,2.7007663,3.1825588,2.652799e-05,0.0,0.00031784608,0.038539954
3233,12.825646,0.0,0.239183,3.182565,3.4379093e-05,0.0,0.00010279153,0.038540177
3234,0.5869498,0.0,0.24055898,3.1825707,3.8869002e-05,0.0,0.0033524751,0.0385403
3235,3.709088,0.0,0.21114287,3.182576,2.6962041e-05,0.0,0.00061022263,0.038540367
3236,0.09068521,0.0,0.038718164,3.1825807,3.0863495e-05,0.0,0.0014385717,0.038540307
3237,0.76226175,0.0,0.04146567,3.182585,0.00043745057,0.0,0.0014283267,0.038540404
3238,0.1813242,0.0,0.040718753,3.182589,1.6001992e-05,0.0,0.00013447777,0.03854046
3239,0.24135134,0.0,0.2886217,3.1825926,2.3307246e-05,0.0,0.0023353472,0.03854042
3240,2.8226025,0.0,0.28647926,3.182596,1.4049278e-05,0.0,0.0027063666,0.03854034
3241,0.1342926,0.0,3.9379654,3.182599,1.9310226e-05,0.0,0.0042670527,0.03854016
3242,0.11074823,0.0,1.3728435,3.1826012,0.0026731226,0.0,0.00036545203,0.03853998
3243,0.42815977,0.0,0.04472368,3.1826034,0.002594764,0.0,0.00048298296,0.03853981
3244,2.3513722,0.0,1.1166248,3.182605,0.0013540356,0.0,0.0007313389,0.038539715
3245,1.6303114,0.0,2.6575677,3.182607,1.7383758e-05,0.0,0.000125911,0.038539313
3246,0.029227164,0.0,0.022589322,3.1826096,0.0010817355,0.0,0.0045994055,0.03853894
3247,0.9425802,0.0,0.572836,3.182612,3.5951118e-05,0.0,5.5160344e-05,0.03853939
3248,1.9043868,0.0,7.701599,3.1826155,1.0070586e-05,0.0,0.00085743435,0.038539752
3249,0.20776546,0.0,0.593932,3.1826148,0.0018686675,0.0,0.00039781333,0.038540494
3250,0.08771028,0.0,0.122534536,3.182613,1.3139278e-05,0.0,0.0008461004,0.03854114
3251,0.6040345,0.0,0.3186244,3.1826115,2.1268797e-05,0.0,0.00018600903,0.03854167
3252,0.3960863,0.0,0.10174872,3.1826122,0.0013895424,0.0,3.8851475e-05,0.0385422
3253,0.047234938,0.0,0.85182095,3.182612,0.0004611411,0.0,0.00015393196,0.038542625
3254,2.0710478,0.0,0.6657413,3.1826122,9.091706e-05,0.0,0.0024132915,0.038542703
3255,0.28476545,0.0,2.906638,3.1826131,0.0029728513,0.0,0.0014671857,0.038542524
3256,0.33262444,0.0,6.9539847,3.1826136,0.0005712304,0.0,0.001339548,0.03854227
3257,1.2701064,0.0,0.4843891,3.1826088,7.097718e-05,0.0,0.0023554177,0.038542032
3258,1.1434367,0.0,7.8832407,3.1826053,6.3054795e-06,0.0,0.0030518663,0.038541898
3259,7.961014,0.0,2.6336303,3.182603,2.665228e-05,0.0,0.00031529609,0.038541667
3260,19.371935,0.0,0.08498213,3.1826022,0.005331039,0.0,0.00045964218,0.038541514
3261,11.248693,0.0,0.15734054,3.1826022,4.695358e-05,0.0,9.315278e-05,0.038540635
3262,3.2340229,0.0,0.6127176,3.182603,7.528905e-06,0.0,0.0010918388,0.038539857
3263,1.6566508,0.0,0.18559766,3.182604,0.0017252059,0.0,4.349417e-05,0.038539268
3264,0.2470214,0.0,0.27700156,3.182604,4.8780013e-05,0.0,0.00076230435,0.038538665
3265,2.8524928,0.0,10.38061,3.1826043,0.000108657,0.0,0.0023718504,0.038537994
3266,0.42933577,0.0,0.7186335,3.1826034,3.617023e-05,0.0,0.00016653295,0.038537305
3267,0.44175032,0.0,0.7378785,3.182603,0.0009474872,0.0,0.0013749064,0.0385367
3268,0.21659344,0.0,14.0653305,3.1826026,3.799315e-05,0.0,0.00020862688,0.038535696
3269,3.7940168,0.0,7.4180365,3.1826024,6.033781e-06,0.0,0.00033304104,0.038534824
3270,0.8381421,0.0,1.4583129,3.1826005,6.436308e-05,0.0,0.0054695383,0.038534265
3271,11.098952,0.0,1.5646647,3.1826,0.0025440527,0.0,0.0002362401,0.038533777
3272,0.9973527,0.0,3.9294155,3.182599,4.939556e-05,0.0,0.00026410044,0.038533404
3273,0.92894626,0.0,0.14640926,3.1825972,5.2661097e-05,0.0,0.00014571287,0.03853302
3274,2.3389554,0.0,0.06754494,3.1825957,2.340482e-05,0.0,0.00020562182,0.038532615
3275,0.7013929,0.0,6.6605964,3.1825948,7.545452e-05,0.0,0.00016638485,0.038532205
3276,4.193608,0.0,2.1835787,3.1825986,0.001980009,0.0,0.0051650745,0.0385318
3277,0.48634133,0.0,0.9608757,3.1826022,1.3637816e-05,0.0,0.0007210367,0.038531348
3278,6.7238035,0.0,3.6178188,3.1826043,5.398598e-05,0.0,0.0041120625,0.03853086
3279,0.1595528,0.0,0.024308464,3.182607,4.5454428e-05,0.0,9.283467e-05,0.03853035
3280,0.90209436,0.0,0.9022713,3.1826088,5.645949e-05,0.0,0.0025220227,0.038529824
3281,0.35141027,0.0,3.2935033,3.1826127,0.00055874337,0.0,0.00023544877,0.038530212
3282,13.579592,0.0,0.09236027,3.182616,4.0360388e-05,0.0,0.00010923585,0.038530614
3283,2.3618655,0.0,0.030299036,3.1826189,0.00016997707,0.0,0.0005287449,0.038530935
3284,1.2339011,0.0,15.077353,3.182622,9.445025e-06,0.0,0.0021894665,0.03853131
3285,0.27546722,0.0,0.06458446,3.182626,0.0022954042,0.0,0.00018630002,0.038531695
3286,0.76555204,0.0,8.284116,3.1826298,0.00017024805,0.0,0.0029185174,0.038532183
3287,0.34830198,0.0,13.538695,3.1826317,0.0019975286,0.0,0.00019944069,0.038532592
3288,7.481213,0.0,0.05537445,3.1826324,0.0011714863,0.0,0.00024115454,0.038532883
3289,12.432571,0.0,0.051711053,3.1826324,7.5329786e-05,0.0,0.0028675396,0.03853316
3290,1.1898929,0.0,0.03970161,3.1826322,5.978407e-05,0.0,0.00012218406,0.038533516
3291,1.2996708,0.0,0.13979171,3.1826322,9.927612e-05,0.0,0.0011814989,0.03853379
3292,5.866949,0.0,11.279347,3.182633,0.00013859288,0.0,0.0027020338,0.038534407
3293,0.5494507,0.0,2.2689826,3.1826327,0.0020185888,0.0,0.0013219302,0.03853513
3294,9.438149,0.0,16.089752,3.18263,0.000119278535,0.0,0.0032399253,0.038535777
3295,0.10758654,0.0,15.118911,3.182624,0.0021373697,0.0,0.000428971,0.038536195
3296,2.6703424,0.0,6.520898,3.1826165,0.00018285315,0.0,0.000231879,0.0385366
3297,9.700595,0.0,0.38593125,3.1826043,6.4053995e-05,0.0,0.00019269045,0.038536932
3298,0.5862303,0.0,0.08074794,3.1825948,0.00014405485,0.0,0.00047055012,0.038537174
3299,1.0671757,0.0,0.20183659,3.182586,0.0030272303,0.0,0.00021228637,0.038537487
3300,2.2467866,0.0,7.962811,3.182579,0.00011778412,0.0,0.00013066272,0.03853769
3301,6.3405333,0.0,9.066312,3.182572,0.0036551054,0.0,0.001182309,0.03853774
3302,0.33699906,0.0,0.0756653,3.1825595,0.0028407192,0.0,5.0976254e-05,0.038537778
3303,0.13815466,0.0,0.29918757,3.1825483,0.002364703,0.0,0.00024190375,0.038537707
3304,1.8794684,0.0,0.24903496,3.1825392,5.0510676e-05,0.0,8.358319e-05,0.03853744
3305,0.30062833,0.0,1.7788433,3.1825335,6.0525395e-05,0.0,5.5681012e-05,0.038537122
3306,12.553302,0.0,0.16151813,3.1825285,6.784879e-05,0.0,0.00010753835,0.038536746
3307,2.281301,0.0,0.34884542,3.1825244,0.00030196548,0.0,0.0031040246,0.038536303
3308,0.11585598,0.0,0.11469382,3.1825209,3.0019972e-05,0.0,0.00030532377,0.03853599
3309,0.6891499,0.0,3.5027113,3.1825175,0.001804585,0.0,0.00015046907,0.03853563
3310,2.8117945,0.0,0.18241599,3.1825151,7.886495e-05,0.0,0.00010370266,0.038535304
3311,1.0334688,0.0,0.035423025,3.1825123,0.0028582881,0.0,9.252728e-05,0.03853492
3312,0.7032684,0.0,6.2902493,3.1825094,0.0015906963,0.0,0.0001831229,0.038534425
3313,0.09566351,0.0,0.2812333,3.1825056,0.0002496535,0.0,0.0043891836,0.03853392
3314,0.853823,0.0,1.7189121,3.182501,0.0011616434,0.0,6.514874e-05,0.038533475
3315,4.931018,0.0,0.22221944,3.1825006,7.4980984e-05,0.0,0.0003469419,0.038532987
3316,0.5360982,0.0,0.114287816,3.1825004,6.9350346e-05,0.0,0.00014134208,0.038532455
3317,4.558894,0.0,14.132446,3.1824994,9.039798e-05,0.0,0.006636491,0.038531832
3318,0.11810535,0.0,0.033167385,3.1824875,6.1439976e-05,0.0,0.0025815514,0.03853133
3319,3.398809,0.0,0.026061455,3.1824768,3.475702e-06,0.0,0.00019412146,0.038531017
3320,2.7868123,0.0,0.065750875,3.182467,0.0001857114,0.0,0.0005470813,0.038530767
3321,0.10458094,0.0,0.7582987,3.1824577,1.5392474e-05,0.0,0.0003802693,0.0385305
3322,0.05645155,0.0,3.2253056,3.182448,1.6164797e-05,0.0,0.0031882348,0.038530953
3323,12.946081,0.0,0.41714782,3.1824436,2.8726494e-05,0.0,0.0033207731,0.03853138
3324,14.893679,0.0,1.4917151,3.1824398,4.461167e-05,0.0,0.00038809414,0.038531695
3325,0.39816442,0.0,13.556723,3.1824343,2.4197043e-06,0.0,2.3713977e-05,0.038532272
3326,3.873241,0.0,5.820877,3.1824272,1.0501143e-05,0.0,0.003037635,0.038532753
3327,9.287935,0.0,0.6478874,3.1824257,3.7156977e-05,0.0,0.0004218348,0.038533106
3328,4.8703914,0.0,2.8366528,3.182424,4.039188e-05,0.0,7.598533e-05,0.038533185
3329,3.4368205,0.0,1.0050105,3.1824222,6.0319533e-05,0.0,0.0030212041,0.038533244
3330,0.54615283,0.0,2.0503845,3.1824203,0.00023837545,0.0,0.00011436095,0.038533315
3331,0.60403013,0.0,0.02468782,3.1824214,0.0005688842,0.0,0.0024412174,0.03853332
3332,0.3997382,0.0,0.29951295,3.1824214,2.4269348e-05,0.0,0.0002284127,0.03853336
3333,0.18978466,0.0,0.09308826,3.1824222,2.6991756e-05,0.0,0.00020102394,0.03853336
3334,0.4855868,0.0,12.564562,3.1824236,2.2871875e-05,0.0,0.0018842091,0.038533337
3335,0.29159907,0.0,0.02289403,3.182424,0.00020568546,0.0,0.0004761619,0.038533244
3336,2.5164654,0.0,1.6609672,3.1824245,1.8987688e-05,0.0,0.00031815938,0.038533118
3337,0.53787285,0.0,0.10697751,3.182426,0.0043267664,0.0,0.00016915501,0.038532954
3338,0.2312061,0.0,0.3946882,3.1824276,1.7658835e-05,0.0,0.000185532,0.038532745
3339,0.08308996,0.0,3.7794988,3.1824298,1.15898465e-05,0.0,6.3783256e-05,0.038532533
3340,3.6858356,0.0,0.019033197,3.1824317,0.0013422936,0.0,0.0005768891,0.038532272
3341,10.666458,0.0,1.7720073,3.182434,0.00022197983,0.0,0.003307584,0.038531877
3342,2.9338498,0.0,1.025529,3.1824377,4.482837e-06,0.0,9.434774e-05,0.038531605
3343,0.17289197,0.0,5.189904,3.1824408,5.5975884e-06,0.0,0.00028521745,0.038531322
3344,6.3996544,0.0,0.03216486,3.1824403,0.0037337162,0.0,0.00023931828,0.038531084
3345,12.025838,0.0,10.1409235,3.18244,4.2616826e-05,0.0,0.00052500673,0.03853086
3346,0.22367352,0.0,0.03452042,3.1824396,0.00012624558,0.0,0.00010566854,0.03853049
3347,0.21744105,0.0,0.18684924,3.1824386,0.00071326585,0.0,0.003308704,0.038530145
3348,0.36632267,0.0,0.0770631,3.1824389,0.0019220905,0.0,0.0007874054,0.038529925
3349,6.079756,0.0,1.5973128,3.1824384,0.004301521,0.0,0.00014101654,0.038530115
3350,0.18565235,0.0,1.1455408,3.182438,0.0005424983,0.0,7.5532465e-05,0.038530264
3351,1.4020602,0.0,0.05755094,3.1824374,5.7999765e-05,0.0,0.00038794515,0.038530342
3352,0.1307258,0.0,5.226593,3.1824365,8.4408166e-05,0.0,0.00016859794,0.038530327
3353,0.35509592,0.0,0.6655591,3.1824355,0.0024665634,0.0,0.001287484,0.03853027
3354,1.2333462,0.0,13.470271,3.1824334,0.00020771698,0.0,0.0009966316,0.03853029
3355,0.9558006,0.0,4.235032,3.1824362,9.117821e-06,0.0,5.8344925e-05,0.03852988
3356,0.47367263,0.0,0.11923227,3.1824372,6.853021e-05,0.0,0.00010437637,0.038529288
3357,2.3817537,0.0,17.34798,3.1824377,9.1442664e-05,0.0,0.0014565674,0.038528655
3358,8.374713,0.0,3.5455642,3.1824367,0.0016483368,0.0,0.0003028464,0.03852818
3359,0.24338794,0.0,5.541995,3.1824355,8.999783e-05,0.0,0.0017072412,0.038527664
3360,1.4692682,0.0,4.496611,3.1824338,0.00015373465,0.0,0.0029986133,0.038527235
3361,0.069990315,0.0,5.7604446,3.1824355,0.00015492798,0.0,6.309441e-05,0.03852685
3362,0.64256537,0.0,2.8454044,3.1824365,2.8483822e-05,0.0,7.996018e-05,0.03852643
3363,3.2891593,0.0,0.21049023,3.18244,0.0001547686,0.0,0.00024210216,0.038525995
3364,0.07366027,0.0,0.5536148,3.182444,0.00015360824,0.0,0.00011532639,0.038525555
3365,1.2611407,0.0,2.9292302,3.1824467,8.8692075e-05,0.0,0.0001249696,0.038525105
3366,3.2853203,0.0,0.12534316,3.1824481,0.00015432472,0.0,3.3307777e-05,0.038524747
3367,0.41391677,0.0,20.905432,3.1824498,0.00010820726,0.0,0.0027904406,0.03852432
3368,2.8669093,0.0,1.0736712,3.182452,2.8200146e-05,0.0,0.00030359987,0.038524095
3369,0.21199034,0.0,0.15139449,3.182454,0.00013999891,0.0,0.0033452362,0.03852398
3370,1.5696391,0.0,1.550967,3.1824574,0.0015340239,0.0,0.0031794868,0.038523886
3371,6.3219037,0.0,0.5514035,3.1824658,1.2415065e-06,0.0,0.004079809,0.038524084
3372,0.8096365,0.0,0.027174858,3.1824753,0.0022882596,0.0,0.0031093436,0.03852414
3373,9.354563,0.0,0.1928418,3.1824837,4.5507957e-05,0.0,0.00030742108,0.03852422
3374,0.36546266,0.0,0.85830486,3.1824915,3.3503795e-05,0.0,0.002915639,0.03852425
3375,0.24766693,0.0,0.06471277,3.1824996,3.8133574e-05,0.0,0.00022397409,0.038524512
3376,19.452682,0.0,3.5561244,3.1825073,5.984484e-05,0.0,0.0027720404,0.038524605
3377,0.6437342,0.0,0.052657418,3.1825137,0.00013889492,0.0,0.00012453215,0.038524646
3378,0.31722838,0.0,4.45847,3.1825202,2.7988286e-05,0.0,0.0022888475,0.03852467
3379,0.5344041,0.0,10.60258,3.1825285,8.249007e-05,0.0,7.839309e-05,0.038524892
3380,1.579436,0.0,0.8950793,3.1825314,0.0037642724,0.0,0.0014937568,0.03852495
3381,0.7038522,0.0,0.8284139,3.1825337,0.00089085696,0.0,0.00016794106,0.038525116
3382,6.5378723,0.0,9.98733,3.1825373,0.00014525616,0.0,0.00079345977,0.038525216
3383,0.8270525,0.0,0.58299464,3.1825237,7.931686e-05,0.0,0.0033059265,0.03852525
3384,1.0336761,0.0,0.0695257,3.182513,1.8699558e-05,0.0,0.00037790387,0.038525224
3385,0.7334895,0.0,1.8258137,3.1825035,0.0008678841,0.0,0.00014837302,0.038525276
3386,0.6281818,0.0,0.19695123,3.1824963,0.00011751077,0.0,0.0009799699,0.038525075
3387,0.28033495,0.0,0.0633897,3.1824903,0.001714251,0.0,0.0011836508,0.038524766
3388,0.34251904,0.0,1.3878807,3.1824846,9.808439e-05,0.0,0.0074405996,0.038524445
3389,1.054187,0.0,0.28685975,3.1824794,0.0021742003,0.0,0.0003068439,0.038524136
3390,9.272937,0.0,0.44824225,3.1824758,8.30581e-07,0.0,0.0024803777,0.038523827
3391,0.77390355,0.0,13.964607,3.1824734,8.386789e-05,0.0,0.0015337858,0.038523637
3392,0.066559196,0.0,0.033170424,3.1824691,2.2025899e-05,0.0,0.0022739773,0.038523354
3393,4.682525,0.0,12.628369,3.1824648,0.00012536175,0.0,0.00015336879,0.038523085
3394,2.6295705,0.0,1.1314265,3.1824586,9.359352e-05,0.0,0.004913417,0.03852284
3395,13.758324,0.0,0.39493847,3.182453,0.00015729708,0.0,0.002340816,0.03852247
3396,0.7125686,0.0,11.809245,3.1824496,0.003539192,0.0,0.0007111535,0.038522102
3397,5.6501184,0.0,7.4628983,3.182446,0.0013507467,0.0,0.00015251568,0.03852199
3398,0.34297115,0.0,0.107000895,3.182439,0.00020160076,0.0,0.0038018601,0.038521856
3399,11.174739,0.0,0.4670967,3.1824336,3.033008e-05,0.0,6.178867e-05,0.03852203
3400,0.9976903,0.0,2.8529446,3.1824284,6.769581e-05,0.0,0.00016270364,0.038522203
3401,0.23185934,0.0,0.042211205,3.1824248,2.2558077e-05,0.0,0.00023777352,0.038522318
3402,1.9388756,0.0,13.801524,3.1824217,8.055488e-05,0.0,0.0005722299,0.038522385
3403,0.38746783,0.0,0.1507076,3.1824155,6.405858e-05,0.0,0.0020838026,0.038522527
3404,15.635919,0.0,0.14340807,3.1824095,0.00084631646,0.0,0.0024127297,0.03852264
3405,0.36572814,0.0,1.1933645,3.182404,0.00017082816,0.0,0.0027465438,0.03852281
3406,0.88269323,0.0,7.183264,3.182395,1.7513084e-05,0.0,0.00079269067,0.038522903
3407,3.8211362,0.0,4.9732456,3.182396,0.0024167048,0.0,9.949099e-05,0.038523015
3408,0.4851643,0.0,0.46552205,3.182398,0.003114641,0.0,0.0018376078,0.038523026
3409,2.163021,0.0,1.6974329,3.1824021,0.00017383407,0.0,0.00088620273,0.038523138
3410,6.021426,0.0,0.63868064,3.1824076,7.748703e-05,0.0,0.0044350484,0.03852321
3411,2.3637993,0.0,0.1898808,3.1824136,0.0003810794,0.0,0.00026159792,0.038523216
3412,2.2571697,0.0,0.14289506,3.182419,5.5939425e-05,0.0,0.0036902267,0.03852317
3413,0.21682946,0.0,7.597717,3.1824243,0.0012678322,0.0,0.00034189838,0.038524557
3414,1.752835,0.0,0.02575001,3.1824303,5.515798e-05,0.0,0.0012530792,0.038525846
3415,3.7597427,0.0,6.362757,3.1824355,7.346257e-05,0.0,0.00024001801,0.038526926
3416,1.8660734,0.0,2.404336,3.182441,0.0013180687,0.0,0.0002181741,0.038527876
3417,5.592481,0.0,0.7665315,3.1824493,5.8902326e-05,0.0,4.2302432e-05,0.03852879
3418,0.71178025,0.0,0.12103493,3.182454,0.0027630692,0.0,0.00021083688,0.038529575
3419,0.5020263,0.0,10.019234,3.1824589,0.00047075664,0.0,0.00011918188,0.038530264
3420,16.430359,0.0,0.113128684,3.1824627,0.0025464473,0.0,0.003812484,0.038530897
3421,2.9098053,0.0,0.17218317,3.1824658,1.8239489e-05,0.0,0.00034107867,0.038531315
3422,1.5093989,0.0,0.18968296,3.1824694,1.777407e-05,0.0,0.0017838995,0.038531717
3423,0.82662714,0.0,1.0275679,3.1824734,0.00012582638,0.0,5.4976867e-05,0.038532034
3424,1.7471683,0.0,0.20864217,3.1824777,0.0017019591,0.0,0.00014443003,0.03853222
3425,18.636103,0.0,0.41247368,3.1824813,0.0010991765,0.0,9.606546e-05,0.038532272
3426,1.9400297,0.0,5.4088483,3.182485,0.0021423204,0.0,0.00021584262,0.038532216
3427,1.1505526,0.0,0.124788225,3.1824906,0.0030822584,0.0,0.00077016006,0.038532257
3428,1.9987005,0.0,3.468083,3.1824954,0.0005273329,0.0,9.279208e-05,0.03853221
3429,2.8977745,0.0,10.9921875,3.1825004,4.026537e-05,0.0,0.0001184428,0.03853217
3430,1.0618389,0.0,12.145522,3.1825025,0.00012127877,0.0,0.0001541356,0.038532116
3431,0.102215946,0.0,0.049211014,3.1824923,8.4081716e-05,0.0,0.0011267489,0.038531974
3432,5.146556,0.0,0.01547817,3.1824832,0.00021062326,0.0,0.00094724016,0.03853205
3433,4.099005,0.0,2.2818658,3.1824746,0.0011150097,0.0,0.0033849373,0.038532063
3434,0.73092794,0.0,0.045231048,3.1824684,2.8481276e-05,0.0,4.2680927e-05,0.038532063
3435,12.508068,0.0,2.7970498,3.1824634,0.00011210842,0.0,7.814946e-05,0.038531974
3436,11.131192,0.0,0.83747387,3.1824598,8.993168e-05,0.0,0.00019879274,0.038531788
3437,0.21612294,0.0,2.57531,3.182456,0.0001486736,0.0,0.00025705376,0.038531568
3438,1.236431,0.0,0.107469715,3.182453,0.00013374226,0.0,0.00016167788,0.03853126
3439,0.14318913,0.0,0.32937464,3.1824496,0.0023263714,0.0,9.643439e-05,0.03853094
3440,2.3892415,0.0,0.1132106,3.1824467,9.1154405e-05,0.0,0.00084681227,0.038530536
3441,2.8299947,0.0,0.021114552,3.182443,0.00071362744,0.0,0.0032043536,0.038530067
3442,9.841545,0.0,0.8342004,3.1824396,0.0008447715,0.0,0.0029562882,0.038529642
3443,1.3978766,0.0,3.9184368,3.182438,2.7778293e-05,0.0,0.0032280309,0.03852947
3444,0.79163885,0.0,0.4105229,3.18244,0.000112891954,0.0,0.0002717299,0.038529288
3445,0.39267254,0.0,4.7777724,3.1824431,4.2268366e-05,0.0,0.0009725818,0.038529057
3446,0.40395868,0.0,7.290956,3.182438,6.4202715e-05,0.0,0.00046925363,0.038528856
3447,10.602309,0.0,0.7334388,3.1824365,7.38592e-05,0.0,0.0025245103,0.038528495
3448,0.19864152,0.0,8.89748,3.1824355,0.0021256772,0.0,0.00015702078,0.03852811
3449,1.5374297,0.0,0.3855082,3.1824284,0.00079209136,0.0,0.0018080703,0.03852766
3450,11.71001,0.0,2.015498,3.182423,4.6605142e-05,0.0,0.0020396786,0.03852722
3451,0.6696472,0.0,0.05102394,3.1824214,2.5444724e-06,0.0,0.00101116,0.03852667
3452,0.06271507,0.0,1.4124823,3.1824205,5.9437658e-05,0.0,0.0009104283,0.038526274
3453,1.6001807,0.0,0.050088894,3.182419,0.00033930974,0.0,0.003143248,0.03852582
3454,0.81778926,0.0,11.616086,3.1824183,0.0023987545,0.0,0.0013175962,0.03852558
3455,2.5824096,0.0,11.582789,3.182416,0.000112150796,0.0,0.00011095849,0.03852537
3456,1.2574482,0.0,0.023087302,3.1824079,0.00015155459,0.0,0.000566509,0.038525105
3457,0.65338343,0.0,2.8486235,3.1824,3.7936945e-05,0.0,0.00020512179,0.038524818
3458,0.10864815,0.0,0.675309,3.182394,5.8274756e-05,0.0,0.00396018,0.038524557
3459,0.4735829,0.0,1.1160755,3.1823897,0.0034915584,0.0,0.0011046114,0.038524076
3460,0.8646131,0.0,0.10950676,3.1823845,0.00080684375,0.0,0.00026432617,0.038523644
3461,0.11157782,0.0,0.13901451,3.18238,0.000107631604,0.0,0.00029293072,0.03852314
3462,0.1518449,0.0,0.025634155,3.1823754,0.00010870637,0.0,0.0015496274,0.038522646
3463,0.045947354,0.0,0.18691337,3.1823714,1.9568934e-05,0.0,0.0020578534,0.03852214
3464,2.2975655,0.0,0.16982652,3.1823678,1.5358746e-05,0.0,0.0001251366,0.038521986
3465,7.4504943,0.0,10.769936,3.1823633,7.079167e-05,0.0,0.0015010694,0.038521793
3466,4.32452,0.0,0.50778776,3.182357,0.0039928127,0.0,0.00054467027,0.03852185
3467,0.10354359,0.0,0.060323842,3.1823516,0.0019519699,0.0,0.0028616295,0.03852202
3468,0.25470933,0.0,0.026262041,3.1823466,1.8646351e-05,0.0,0.0023921626,0.038522962
3469,0.06225471,0.0,0.013078462,3.1823423,1.9241583e-05,0.0,0.0035927054,0.03852377
3470,1.77769,0.0,3.5210533,3.1823375,3.948865e-05,0.0,0.0021958381,0.038524523
3471,0.054696415,0.0,3.7219303,3.182338,8.476602e-05,0.0,0.00015097251,0.038525242
3472,9.818577,0.0,0.6206088,3.1823387,1.4038101e-05,0.0,0.0002366196,0.038525872
3473,0.12769553,0.0,18.602331,3.1823375,0.0001427351,0.0,0.00012312678,0.038526434
3474,4.446645,0.0,0.025476271,3.1823285,0.00027409545,0.0,0.0048526013,0.03852687
3475,0.41882366,0.0,6.9031014,3.1823199,2.5712872e-05,0.0,0.0002833446,0.038527343
3476,11.64637,0.0,0.11757505,3.1823103,4.043684e-05,0.0,0.0014147904,0.03852769
3477,0.124885544,0.0,0.27905554,3.1823018,8.923303e-05,0.0,2.1738937e-05,0.038530994
3478,1.6016607,0.0,7.2745643,3.1822958,2.6749058e-05,0.0,0.00015841893,0.038534112
3479,1.39569,0.0,3.9695308,3.1822975,7.8803845e-05,0.0,0.0030688029,0.03853709
3480,0.57026744,0.0,2.0622168,3.1822984,6.469949e-05,0.0,0.00049276365,0.038539946
3481,4.409682,0.0,0.07835548,3.182301,0.000116267984,0.0,0.00016885673,0.038542535
3482,0.26409692,0.0,0.41829753,3.1823034,1.0301977e-05,0.0,0.000276789,0.038544882
3483,0.66100854,0.0,2.3127682,3.1823068,0.0005465666,0.0,0.006181518,0.038547043
3484,0.72960776,0.0,2.897296,3.1823137,7.3629075e-05,0.0,0.0002099791,0.038549356
3485,0.2986841,0.0,0.526906,3.1823204,0.0007528533,0.0,0.001212574,0.038551416
3486,12.011978,0.0,0.05549568,3.182328,0.0031406158,0.0,0.00016255576,0.038554765
3487,0.10529914,0.0,16.863817,3.1823347,0.0007062307,0.0,4.1791274e-05,0.038557854
3488,0.35879192,0.0,0.11339682,3.1823423,1.9073274e-05,0.0,0.0002827228,0.0385607
3489,15.886699,0.0,15.300289,3.182349,1.3879322e-05,0.0,0.0034676003,0.038563274
3490,0.082030214,0.0,0.9743732,3.182348,0.0001594587,0.0,0.00027539307,0.038565688
3491,7.7166977,0.0,0.018277014,3.1823468,1.3797052e-05,0.0,3.4777266e-05,0.038567897
3492,0.29180136,0.0,0.45781255,3.182346,4.38399e-05,0.0,0.0018991707,0.038569868
3493,3.3734677,0.0,2.090022,3.1823466,1.50792575e-05,0.0,0.0076773474,0.03857163
3494,1.1482854,0.0,0.13665932,3.182346,0.00010797068,0.0,0.0023749413,0.038573496
3495,3.9572463,0.0,6.000553,3.1823452,2.4232777e-05,0.0,0.0034423326,0.03857515
3496,4.002763,0.0,15.296542,3.182341,6.688552e-05,0.0,0.00019591203,0.03857663
3497,0.40844122,0.0,0.15373781,3.1823382,0.0020372896,0.0,0.00018501685,0.038578082
3498,14.470472,0.0,0.10334637,3.1823363,7.9778125e-05,0.0,0.0005113739,0.038579334
3499,0.38461915,0.0,0.030827044,3.1823342,3.7784383e-05,0.0,0.0004957855,0.038579382
3500,1.3246287,0.0,0.38684985,3.1823325,7.922779e-06,0.0,0.00230557,0.038579397
3501,5.5743737,0.0,1.392005,3.1823318,1.4235928e-05,0.0,7.100267e-05,0.038579434
3502,0.53445923,0.0,0.6628441,3.1823413,7.51299e-05,0.0,0.0001348687,0.038579434
3503,0.656871,0.0,0.08448822,3.1823516,1.8197941e-05,0.0,0.000523276,0.038579352
3504,5.8970866,0.0,5.036501,3.1823614,5.1086263e-05,0.0,0.000116049385,0.03858247
3505,0.785334,0.0,1.6406013,3.1823692,0.004335406,0.0,0.0024999615,0.038585275
3506,2.3593857,0.0,0.083863586,3.1823807,0.0023695724,0.0,0.007840115,0.03858778
3507,6.050709,0.0,2.0503821,3.1823907,5.4357086e-05,0.0,0.000230473,0.03858971
3508,0.31697848,0.0,2.030493,3.1823993,0.0019825457,0.0,0.0021673127,0.03859137
3509,0.20118745,0.0,0.045043312,3.1824074,3.359998e-05,0.0,0.0030033467,0.038592793
3510,14.8518095,0.0,2.8455505,3.182414,0.003374338,0.0,0.00073020085,0.03859413
3511,0.3136684,0.0,1.2477654,3.182427,3.7854308e-05,0.0,0.0055741672,0.03859549
3512,12.105133,0.0,2.4332457,3.1824384,4.825341e-07,0.0,0.0027539984,0.038596928
3513,8.726371,0.0,0.017754836,3.1824484,6.084106e-05,0.0,0.00016361187,0.038598105
3514,1.948008,0.0,0.29565048,3.182457,1.9140536e-05,0.0,0.003691821,0.038599156
3515,5.4474616,0.0,0.114509344,3.1824675,1.45457725e-05,0.0,0.0011578213,0.038600057
3516,3.3348348,0.0,0.034613073,3.1824768,4.570001e-05,0.0,4.2991465e-05,0.038600743
3517,1.2184458,0.0,0.021698087,3.182485,9.250129e-05,0.0,0.0001221047,0.03860132
3518,0.28250638,0.0,1.5880725,3.1824923,6.419962e-05,0.0,0.00019234762,0.038601793
3519,2.4279284,0.0,6.526561,3.1825008,0.0004914374,0.0,0.0012890422,0.038602203
3520,4.4419546,0.0,0.025004875,3.1825068,8.684388e-05,0.0,0.0053019556,0.038602687
3521,2.0705898,0.0,4.6708827,3.1825125,0.0013649528,0.0,0.00053536915,0.03860335
3522,3.1300635,0.0,0.03451642,3.1825178,6.4099772e-06,0.0,0.0003867283,0.03860393
3523,16.868467,0.0,13.689197,3.1825223,0.00011928815,0.0,0.00035332429,0.03860446
3524,2.2197409,0.0,3.563651,3.1825254,0.0025095723,0.0,0.00016149356,0.038604915
3525,2.2086718,0.0,0.015576564,3.1825325,0.00010404014,0.0,0.0016022488,0.038605265
3526,0.17980069,0.0,0.6809409,3.1825385,0.00015022169,0.0,0.003281175,0.03860549
3527,1.4069395,0.0,6.1632423,3.1825442,0.00026398472,0.0,0.00019795075,0.038605638
3528,0.095262624,0.0,0.07980027,3.1825473,3.6408936e-05,0.0,0.0023924406,0.038605843
3529,1.2604697,0.0,0.9631269,3.1825502,1.3990242e-05,0.0,0.00031664735,0.038605966
3530,4.7180176,0.0,0.029427683,3.1825533,1.8815012e-05,0.0,0.0007033268,0.038606077
3531,1.1509349,0.0,2.232106,3.182556,6.517064e-05,0.0,0.0005050272,0.03860638
3532,1.4432443,0.0,13.437059,3.1825626,0.00041874815,0.0,0.000439827,0.0386067
3533,0.289362,0.0,7.1912513,3.1825688,0.00017516338,0.0,0.0025068193,0.038606875
3534,11.093155,0.0,0.05677075,3.1825743,0.003421061,0.0,0.003230499,0.038606927
3535,0.48267543,0.0,0.13919659,3.1825788,0.0042748754,0.0,0.000112268506,0.038607117
3536,0.3983916,0.0,0.01993925,3.1825826,0.00019171576,0.0,0.00093612424,0.03860721
3537,0.63210464,0.0,0.2593812,3.1825855,3.186094e-05,0.0,0.0003028843,0.038607396
3538,0.28951403,0.0,0.22312121,3.182589,0.00016337234,0.0,0.00017901004,0.03860761
3539,0.1375064,0.0,3.3090231,3.182591,0.0001309973,0.0,0.005821942,0.03860764
3540,6.024076,0.0,0.022140943,3.182593,0.003100512,0.0,0.00013590815,0.03860747
3541,5.55042,0.0,0.062022816,3.1825948,0.0011909257,0.0,0.00037789645,0.03860725
3542,6.00332,0.0,0.15381059,3.1825967,9.863623e-05,0.0,0.00010479789,0.038607065
3543,1.2133212,0.0,3.0736814,3.182598,0.00038986365,0.0,0.00052351726,0.0386068
3544,0.60645133,0.0,2.3435426,3.1825995,0.00068567164,0.0,0.0021225722,0.038607
3545,1.2806823,0.0,0.5397186,3.182607,8.136717e-05,0.0,0.0007643617,0.038607214
3546,3.4856832,0.0,0.81121796,3.1826146,1.8654508e-05,0.0,0.0001841137,0.038607683
3547,5.16871,0.0,2.639202,3.182623,0.00044055353,0.0,0.00044803193,0.03860802
3548,0.21350262,0.0,1.0650574,3.1826296,0.00016062638,0.0,5.8134356e-05,0.038608205
3549,1.8219213,0.0,6.4451213,3.182641,4.4872086e-05,0.0,7.861547e-05,0.03860829
3550,0.96189344,0.0,5.584484,3.1826518,8.6296306e-05,0.0,0.0004652044,0.038608316
3551,1.8085543,0.0,0.01766105,3.1826699,0.0005468205,0.0,0.002085972,0.038608465
3552,0.9474414,0.0,1.8308506,3.1826851,0.00021113615,0.0,0.0008433103,0.03860858
3553,0.12430705,0.0,0.24212599,3.1826997,0.0008463011,0.0,0.0029896582,0.038608573
3554,3.7054203,0.0,14.010605,3.1827128,1.9679039e-05,0.0,0.00024321614,0.038608562
3555,2.2082691,0.0,0.6061444,3.1827257,0.00010757741,0.0,0.0002627587,0.038608454
3556,0.20176502,0.0,0.841291,3.1827335,6.7987254e-05,0.0,0.00045923644,0.03860823
3557,0.4056382,0.0,12.229507,3.182741,0.00011933646,0.0,0.0028818455,0.038608015
3558,0.3789514,0.0,0.05846531,3.1827464,3.7849495e-05,0.0,0.00021968843,0.038607646
3559,0.17302187,0.0,2.6513758,3.1827505,6.67678e-05,0.0,0.0014466571,0.038607232
3560,3.0432348,0.0,0.09894872,3.1827557,3.9893966e-05,0.0,0.00018199673,0.03860709
3561,0.3887844,0.0,2.6425939,3.182761,0.00018822083,0.0,0.000104517414,0.038606934
3562,0.09853324,0.0,1.4240673,3.1827686,0.00029875254,0.0,8.822567e-05,0.03860672
3563,0.046137452,0.0,0.026163029,3.1827757,3.082698e-05,0.0,8.12253e-05,0.0386065
3564,6.3452644,0.0,0.2642702,3.1827812,0.0034555553,0.0,0.00013731426,0.03860623
3565,0.05530605,0.0,0.22861668,3.1827862,2.6797543e-06,0.0,0.0005313817,0.038605917
3566,2.0824623,0.0,0.4528416,3.1827912,1.5119135e-05,0.0,0.00010071017,0.038605597
3567,0.15502506,0.0,0.14114906,3.1827967,6.437423e-06,0.0,0.003489014,0.038605243
3568,7.80165,0.0,10.301786,3.182801,0.00010301954,0.0,0.00019275355,0.038604997
3569,10.46152,0.0,2.2596767,3.1828036,5.9244667e-05,0.0,0.00031923683,0.03860471
3570,2.6528816,0.0,0.025438689,3.1828043,6.174042e-05,0.0,6.00415e-05,0.038604546
3571,1.2586052,0.0,10.430156,3.1828053,9.665322e-05,0.0,0.00034656172,0.038604364
3572,0.24731849,0.0,0.76166373,3.1828187,0.0009775144,0.0,0.00042157108,0.038604207
3573,4.3034353,0.0,0.42489967,3.182832,2.6442776e-05,0.0,0.0019305118,0.038603857
3574,0.24874799,0.0,0.2545206,3.182846,1.9068088e-05,0.0,0.0013978616,0.03860344
3575,4.917342,0.0,12.445643,3.1828585,7.597804e-05,0.0,0.00018121352,0.038602807
3576,0.16577303,0.0,14.362618,3.1828632,2.5482128e-05,0.0,9.460765e-05,0.038602293
3577,0.42615265,0.0,2.2311444,3.1828654,1.7266746e-05,0.0,0.00021678934,0.03860179
3578,4.5718594,0.0,2.2931836,3.1828666,0.00016841982,0.0,0.00028351156,0.038601324
3579,10.957352,0.0,0.093656436,3.1828651,0.0033635944,0.0,0.00018446945,0.03860088
3580,0.5390307,0.0,0.12708439,3.182864,0.004674583,0.0,8.647237e-05,0.03860039
3581,2.0113087,0.0,1.2135923,3.1828623,0.00013797857,0.0,0.0006143856,0.038599845
3582,1.7971126,0.0,2.6082664,3.1828632,5.669445e-05,0.0,0.0029953606,0.03859928
3583,1.0657785,0.0,0.89927703,3.1828666,4.7347166e-05,0.0,7.470366e-05,0.03859873
3584,1.1763103,0.0,1.5383854,3.1828701,0.00044015012,0.0,0.00035468524,0.038598165
3585,6.3276286,0.0,0.6547777,3.1828768,0.00013113001,0.0,0.00093343644,0.038597625
3586,0.54501116,0.0,11.615501,3.1828842,0.003004533,0.0,0.00013307994,0.03859723
3587,12.907067,0.0,0.091808364,3.1828914,0.00015123564,0.0,0.00027511557,0.038596753
3588,8.528278,0.0,3.1416142,3.182898,0.004588962,0.0,0.00037401065,0.038596265
3589,5.225431,0.0,9.691573,3.1829011,0.0022181424,0.0,0.00015160262,0.038595725
3590,1.152448,0.0,0.032797337,3.1829028,0.0017612586,0.0,0.00043132948,0.038595222
3591,11.566335,0.0,0.14780052,3.1829042,7.489577e-05,0.0,0.0002464953,0.038594816
3592,0.23317067,0.0,15.986281,3.1829054,8.789642e-05,0.0,0.0027624604,0.038594507
3593,0.9960853,0.0,0.2952737,3.182906,7.839178e-05,0.0,0.0032174431,0.038594175
3594,1.250734,0.0,0.74405986,3.1829088,1.2888879e-05,0.0,0.0030711172,0.038593825
3595,1.5293989,0.0,0.8844837,3.18291,0.00036366095,0.0,0.0025145172,0.038593438
3596,9.22965,0.0,0.3843585,3.1829114,5.3383183e-06,0.0,0.002780754,0.038593076
3597,1.0230753,0.0,0.37043226,3.1829128,8.2784085e-05,0.0,0.00028797082,0.038592648
3598,10.485171,0.0,14.229666,3.182915,4.924609e-05,0.0,0.0016774684,0.038592204
3599,3.933279,0.0,0.06797805,3.182921,5.3423377e-05,0.0,0.0001328872,0.038591757
3600,0.23889136,0.0,0.014312692,3.1829247,0.0042900583,0.0,0.0011052112,0.03859125
3601,1.8754157,0.0,0.25339636,3.1829278,0.00011700612,0.0,5.264643e-05,0.038590796
3602,1.0432065,0.0,0.08708887,3.1829329,0.002403259,0.0,0.0009249385,0.038590312
3603,0.6041522,0.0,0.17452283,3.182937,0.00020980652,0.0,0.003066053,0.038589686
3604,6.5393887,0.0,1.1668665,3.1829424,7.040522e-05,0.0,0.002572323,0.038589116
3605,0.09926816,0.0,0.20317839,3.1829507,0.0029096808,0.0,0.001732165,0.038588632
3606,2.0976195,0.0,10.4030485,3.1829584,0.00010617956,0.0,8.009905e-05,0.038588177
3607,0.9929668,0.0,0.78984445,3.182959,0.0025668489,0.0,0.00033803462,0.038587615
3608,0.085261084,0.0,3.7259314,3.1829588,0.00016546335,0.0,0.00037486502,0.038587224
3609,0.8057828,0.0,13.027222,3.1829605,0.0003563856,0.0,0.00014596875,0.038586736
3610,0.20578043,0.0,2.077632,3.1829596,0.00015721758,0.0,0.00020624325,0.038586218
3611,0.11739491,0.0,3.4475691,3.1829586,0.0001383153,0.0,0.00020183902,0.03858568
3612,0.6145373,0.0,3.1023116,3.18296,0.0011751212,0.0,0.000346753,0.038585056
3613,3.0182877,0.0,0.23509149,3.182963,0.0001359816,0.0,0.002933513,0.03858459
3614,0.068950705,0.0,11.078523,3.1829658,0.0023741534,0.0,0.0018195312,0.03858414
3615,8.911431,0.0,0.47472382,3.1829667,0.00085156114,0.0,0.00041893774,0.03858394
3616,0.7100562,0.0,7.1110244,3.1829712,8.488741e-05,0.0,0.00021651131,0.038583748
3617,3.9684696,0.0,18.975843,3.1829717,0.0017090128,0.0,0.002263372,0.03858344
3618,3.6732955,0.0,6.3758187,3.1829698,0.0019560137,0.0,0.002423994,0.038583156
3619,8.588985,0.0,1.4740717,3.1829665,0.00026318125,0.0,0.0002596556,0.038582828
3620,0.6003322,0.0,12.889498,3.1829643,0.00014255378,0.0,0.00081233797,0.038582414
3621,4.824997,0.0,2.2166502,3.182959,0.0004199993,0.0,0.00022271049,0.038582206
3622,0.5505165,0.0,0.81132317,3.1829536,0.001904126,0.0,0.0016954218,0.038581904
3623,0.19541353,0.0,0.33774498,3.1829493,0.0026596757,0.0,6.186616e-05,0.038581602
3624,0.9638607,0.0,2.1077442,3.1829464,0.0003148653,0.0,0.00020403767,0.03858128
3625,0.70800227,0.0,0.8255617,3.1829479,0.0001214114,0.0,0.00013830687,0.038580906
3626,2.9750385,0.0,8.118499,3.182953,7.053517e-05,0.0,0.00010955144,0.038580492
3627,7.78366,0.0,0.46574464,3.1829636,0.00011838155,0.0,0.00025406992,0.038580026
3628,3.5954063,0.0,0.4197441,3.1829753,5.7108562e-05,0.0,0.00016586983,0.038579408
3629,0.06581086,0.0,0.16737251,3.182987,0.00016481409,0.0,0.000766788,0.038578793
3630,5.0418215,0.0,7.442028,3.182997,0.00024120044,0.0,0.00025473535,0.038578644
3631,2.5308046,0.0,4.987948,3.1830046,0.00011379857,0.0,0.0030154963,0.0385786
3632,0.15993367,0.0,0.90731525,3.183014,0.003195849,0.0,0.00017834188,0.03857828
3633,0.70444137,0.0,2.6292927,3.1830223,0.0001313373,0.0,0.0022273567,0.03857791
3634,1.9273405,0.0,1.6874161,3.1830328,7.161579e-05,0.0,0.0012338707,0.038577586
3635,1.4912056,0.0,0.4901633,3.1830444,0.0021399355,0.0,0.00020643885,0.038577374
3636,1.9103941,0.0,0.02599384,3.1830556,3.4609213e-05,0.0,0.0022699523,0.038577054
3637,1.1317128,0.0,0.2701908,3.1830652,8.5057735e-07,0.0,0.003416704,0.03857678
3638,3.3748317,0.0,0.8302657,3.1830745,1.8913746e-05,0.0,0.0023110767,0.038576532
3639,8.608158,0.0,2.3007302,3.183084,0.0003160502,0.0,0.005452803,0.038576234
3640,0.44884938,0.0,0.44113216,3.1830924,0.0010884198,0.0,0.00019719028,0.038575888
3641,4.9608526,0.0,0.1580717,3.1831007,0.0020849241,0.0,0.00024938083,0.03857541
3642,0.12753692,0.0,0.74427104,3.1831079,0.0011223004,0.0,0.00010654965,0.03857492
3643,0.46170357,0.0,3.8936207,3.1831164,0.0001043613,0.0,8.438058e-05,0.038574398
3644,7.7693677,0.0,13.875626,3.183124,0.00018104962,0.0,0.00036966318,0.03857384
3645,0.051369473,0.0,0.080897,3.1831288,0.0001714947,0.0,0.00015195001,0.038573284
3646,4.1303906,0.0,0.12561658,3.1831334,6.5768777e-06,0.0,0.00017076918,0.038572714
3647,0.45515487,0.0,0.4115371,3.1831372,1.8745344e-05,0.0,0.00028621842,0.03857211
3648,0.1981963,0.0,4.55536,3.1831434,5.9518305e-05,0.0,0.0015224558,0.038571786
3649,9.866714,0.0,5.1153235,3.1831486,5.6653084e-06,0.0,0.0007291174,0.038571477
3650,6.472941,0.0,7.4687805,3.1831532,5.51413e-05,0.0,0.00029515967,0.038571164
3651,0.3588628,0.0,0.17009492,3.1831534,0.00025312105,0.0,0.0008671299,0.038570646
3652,0.7222497,0.0,11.490097,3.183154,3.963225e-05,0.0,0.0004747548,0.03857008
3653,0.119011626,0.0,0.029528435,3.1831517,3.509465e-05,0.0,0.0016031227,0.03857032
3654,0.14808087,0.0,7.240374,3.1831493,0.0016399596,0.0,0.00033411558,0.038570944
3655,2.2319515,0.0,6.766981,3.183145,0.00016010001,0.0,0.0013205918,0.0385715
3656,0.12072644,0.0,7.133276,3.1831431,3.432356e-05,0.0,0.0007245384,0.038572278
3657,0.1291511,0.0,0.8050319,3.183144,4.8888483e-05,0.0,0.00025273458,0.03857293
3658,0.33897865,0.0,0.5540941,3.1831465,1.6836291e-05,0.0,0.00025599456,0.038573418
3659,1.3899755,0.0,2.4865258,3.1831486,0.00015471125,0.0,0.002888094,0.03857379
3660,0.5651251,0.0,0.7066874,3.1831543,0.0023653335,0.0,0.00013300341,0.038574126
3661,0.113655485,0.0,9.770119,3.183159,0.00016687048,0.0,0.003117951,0.038574446
3662,0.76921606,0.0,2.1184888,3.1831598,0.0018789226,0.0,0.0006170531,0.03857493
3663,2.6090255,0.0,0.3365281,3.1831617,0.0002227225,0.0,0.0039859796,0.038575355
3664,0.15557706,0.0,0.29528868,3.1831627,2.7314438e-05,0.0,0.0020945882,0.038575698
3665,0.25714812,0.0,0.015979711,3.1831641,1.0660663e-05,0.0,0.00011820832,0.038575992
3666,12.977806,0.0,0.20111874,3.1831648,0.0022862349,0.0,0.00054672826,0.038576197
3667,0.29219317,0.0,6.42238,3.183166,0.0008089215,0.0,0.00028715434,0.038576294
3668,0.8873881,0.0,7.1315727,3.1831663,0.00046220663,0.0,0.0017484705,0.038576324
3669,6.4918327,0.0,0.31956163,3.183174,4.3003674e-06,0.0,0.0011487068,0.038576283
3670,11.768748,0.0,0.023725543,3.1831837,0.0005234281,0.0,0.0033682296,0.03857617
3671,0.4116312,0.0,3.3632407,3.183192,8.2427076e-05,0.0,0.0005164694,0.038575996
3672,0.043512642,0.0,11.0126295,3.1832037,6.284132e-07,0.0,0.00034932024,0.038575806
3673,9.964995,0.0,1.5342635,3.1832116,0.00066394755,0.0,0.0018064934,0.03857565
3674,7.141371,0.0,2.3943565,3.183221,0.00011426558,0.0,0.00044681603,0.03857544
3675,0.14656253,0.0,2.9309444,3.1832292,0.0008629797,0.0,0.004450468,0.038575105
3676,9.668761,0.0,0.6261403,3.1832387,0.00014277721,0.0,0.001212793,0.038574714
3677,7.1445045,0.0,1.4333712,3.183247,0.000115282906,0.0,0.0002613009,0.03857429
3678,10.9732485,0.0,0.39948985,3.1832573,0.0013424023,0.0,0.00070855813,0.03857394
3679,0.90352607,0.0,0.2799788,3.1832674,0.0007782485,0.0,0.0002046102,0.038573563
3680,1.4521405,0.0,0.09934158,3.1832767,3.1066793e-06,0.0,0.00027232163,0.03857321
3681,1.4652412,0.0,1.3960211,3.1832855,0.00018768864,0.0,0.00010919172,0.038572837
3682,0.20263499,0.0,0.43940988,3.1832936,0.0020605784,0.0,0.00042508997,0.038572416
3683,5.7206016,0.0,2.0377,3.1833026,0.001432147,0.0,0.00032925955,0.038572144
3684,2.8197262,0.0,2.051072,3.18331,0.0018637881,0.0,0.0025659986,0.038571835
3685,3.7295806,0.0,0.10216192,3.1833181,9.094993e-05,0.0,0.000105401676,0.03857145
3686,1.2492117,0.0,6.154167,3.1833255,0.0002650173,0.0,0.0007270909,0.03857107
3687,2.4124167,0.0,0.71817607,3.1833308,0.0047778287,0.0,0.0006030322,0.03857083
3688,4.4914927,0.0,4.457424,3.1833353,1.2429747e-05,0.0,0.0014536956,0.038570367
3689,8.664753,0.0,0.13505232,3.1833382,0.001946721,0.0,0.00047884943,0.03856992
3690,2.4508038,0.0,0.17716458,3.18334,2.0748259e-05,0.0,8.107869e-05,0.038569577
3691,0.47422177,0.0,1.1497865,3.1833413,0.00015125476,0.0,0.0020052507,0.0385693
3692,7.4407663,0.0,2.5954258,3.1833434,2.3824057e-05,0.0,0.0059739496,0.038569346
3693,4.319744,0.0,2.5235891,3.1833446,1.4871166e-05,0.0,0.00031596684,0.03856926
3694,2.3258622,0.0,0.046089325,3.1833448,8.276745e-05,0.0,0.0004057852,0.038569145
3695,0.27649704,0.0,0.08492193,3.1833453,0.0033009686,0.0,0.0005177141,0.03856883
3696,0.11992407,0.0,0.46473917,3.183345,9.0928355e-05,0.0,0.0017585098,0.038568832
3697,0.45064428,0.0,0.2545316,3.1833456,0.00239171,0.0,0.0003976927,0.038568754
3698,0.6333004,0.0,0.020881142,3.1833434,3.497155e-05,0.0,0.0001892523,0.038569123
3699,8.266708,0.0,0.24437417,3.1833405,7.1458e-05,0.0,5.4965705e-05,0.03856935
3700,0.40378606,0.0,7.413174,3.1833377,5.7022e-05,0.0,0.00058783224,0.038569465
3701,0.12827443,0.0,0.07049743,3.1833363,0.00020447462,0.0,0.0005738812,0.03856952
3702,1.6433963,0.0,0.22012633,3.1833336,0.0014537583,0.0,0.00019734722,0.03856947
3703,1.1253307,0.0,0.60486275,3.1833315,3.058157e-05,0.0,0.0019024153,0.038569372
3704,13.218556,0.0,0.14336132,3.1833284,1.3274968e-05,0.0,0.0025281417,0.038569223
3705,19.517748,0.0,0.6523714,3.1833253,0.00016875856,0.0,9.098862e-05,0.03856917
3706,9.649981,0.0,0.6810849,3.1833231,6.6241873e-06,0.0,0.0006995088,0.03856913
3707,6.997473,0.0,0.026768355,3.183321,0.00024108436,0.0,0.0029095523,0.03856893
3708,0.6022972,0.0,1.1559658,3.183319,6.9743783e-06,0.0,0.00040102418,0.038568947
3709,0.27571982,0.0,5.1741014,3.1833177,3.9907154e-05,0.0,0.00017153175,0.03856889
3710,9.599024,0.0,0.09565436,3.1833158,0.0023529215,0.0,0.0003100775,0.038568694
3711,3.389283,0.0,0.11557471,3.1833131,0.002703314,0.0,0.0007679077,0.03856828
3712,4.912018,0.0,3.088426,3.1833115,0.0007241222,0.0,0.00017975661,0.038567778
3713,0.63161373,0.0,0.69061166,3.1833098,0.00074160536,0.0,0.0002808402,0.038567256
3714,10.063486,0.0,0.1680594,3.1833103,5.47176e-05,0.0,0.00010871104,0.038566854
3715,0.90044147,0.0,0.46018645,3.183311,0.0005192268,0.0,0.0002932504,0.038566463
3716,1.4047567,0.0,0.107929125,3.1833122,1.988485e-05,0.0,0.00016097825,0.038566068
3717,5.2940965,0.0,11.307649,3.1833134,4.568293e-05,0.0,6.458012e-05,0.038565654
3718,0.47088343,0.0,0.5965749,3.1833143,4.7004076e-05,0.0,0.00019928257,0.038565215
3719,2.042989,0.0,0.22942488,3.1833155,8.31814e-05,0.0,5.0501203e-05,0.03856479
3720,2.4100354,0.0,0.13023134,3.1833162,2.7205058e-05,0.0,4.2506996e-05,0.03856431
3721,3.9499815,0.0,13.307724,3.1833172,0.0025148648,0.0,0.00021076058,0.038563855
3722,0.67482966,0.0,0.054828856,3.1833148,0.00023359692,0.0,0.00060437265,0.03856336
3723,0.7267371,0.0,0.17062993,3.183312,6.249379e-05,0.0,0.0002936153,0.03856282
3724,0.32000732,0.0,2.6946876,3.183311,0.0030767245,0.0,0.0028355333,0.038562242
3725,0.30818626,0.0,0.585625,3.1833081,1.037001e-05,0.0,0.004292595,0.03856173
3726,1.4679073,0.0,0.12615336,3.183303,3.523579e-05,0.0,0.0016764761,0.038561232
3727,1.754619,0.0,0.33213136,3.1832986,0.0025082945,0.0,0.0010300751,0.03856064
3728,0.69356424,0.0,0.30177918,3.1832952,0.0005557162,0.0,8.59626e-05,0.038560472
3729,0.12160128,0.0,0.9413831,3.1832929,2.6836824e-06,0.0,0.006789003,0.03856024
3730,5.6116867,0.0,1.2761323,3.1832933,0.00019883898,0.0,0.0032219226,0.03856105
3731,0.69532853,0.0,0.9611593,3.1832924,0.0016694524,0.0,9.6189455e-05,0.03856187
3732,2.4342358,0.0,0.13185482,3.1832936,0.00044609993,0.0,0.0003197948,0.038562585
3733,6.7816596,0.0,3.424905,3.1832945,9.791342e-05,0.0,0.00010724284,0.03856319
3734,8.376057,0.0,0.047142036,3.183298,0.00010816831,0.0,9.907957e-05,0.038563672
3735,0.03533363,0.0,3.0581443,3.1833017,0.0030655488,0.0,0.00037799578,0.03856413
3736,0.089164495,0.0,0.11161151,3.1833062,0.0023037884,0.0,0.0010225287,0.038564485
3737,2.3885605,0.0,1.7920295,3.1833105,0.00035697359,0.0,0.0009448943,0.038566075
3738,0.05593906,0.0,0.59397954,3.1833165,9.3603485e-06,0.0,0.004622708,0.038567483
3739,1.1652329,0.0,0.8645168,3.1833239,0.0013720222,0.0,0.00043124313,0.03856883
3740,0.18783224,0.0,8.001411,3.1833322,0.00011642493,0.0,0.004355517,0.03857
3741,0.053161502,0.0,4.710833,3.1833336,0.00015786648,0.0,0.002495133,0.038571145
3742,0.1469789,0.0,0.8021661,3.1833355,0.0020609095,0.0,0.00081479317,0.038572147
3743,0.05694824,0.0,0.05344699,3.1833565,3.6915495e-05,0.0,0.00026061563,0.03857296
3744,0.08601616,0.0,10.197172,3.183376,0.0032523014,0.0,6.517885e-05,0.038573712
3745,14.891495,0.0,0.20154169,3.1833858,0.0028784194,0.0,0.0004164928,0.038574334
3746,0.08644998,0.0,0.7257693,3.1833942,9.678575e-05,0.0,0.0024989485,0.038574822
3747,2.4396336,0.0,0.04638865,3.183403,0.0011878962,0.0,0.00032148615,0.03857554
3748,0.48495138,0.0,0.48185167,3.1834111,0.000117559626,0.0,0.0002201045,0.03857614
3749,3.1431916,0.0,22.893219,3.1834202,0.00016160871,0.0,0.0007440027,0.03857679
3750,0.07200265,0.0,0.049735785,3.1834264,0.0020762798,0.0,0.00051752327,0.03857728
3751,1.7330191,0.0,12.144766,3.1834319,7.203045e-05,0.0,0.0010711768,0.038577907
3752,0.4873881,0.0,0.8412891,3.1834345,7.030914e-05,0.0,0.0029587767,0.038578443
3753,12.073936,0.0,4.458613,3.1834388,0.00015091439,0.0,0.0017287934,0.038578905
3754,0.057066485,0.0,0.08611407,3.1834426,0.0036341292,0.0,0.0043945494,0.03857924
3755,0.069812655,0.0,0.5581089,3.1834452,6.808588e-05,0.0,0.003514648,0.038579665
3756,2.9949272,0.0,0.13709238,3.1834497,0.00014860724,0.0,0.0003875628,0.038580116
3757,0.7302602,0.0,0.05481691,3.1834555,0.0012530985,0.0,0.002476389,0.03858053
3758,8.411026,0.0,0.17668787,3.18346,1.3543001e-05,0.0,0.0026914766,0.038580902
3759,0.42586648,0.0,0.06961699,3.1834645,8.32141e-05,0.0,0.00062455726,0.038581178
3760,1.2419748,0.0,0.2448471,3.183469,0.00020514248,0.0,0.0013503779,0.038581304
3761,0.47040075,0.0,14.053348,3.1834729,0.0013484461,0.0,0.0021821414,0.03858137
3762,3.9607322,0.0,0.43517786,3.183474,9.432927e-05,0.0,0.000320116,0.03858129
3763,0.39018187,0.0,9.335376,3.1834717,0.0026145426,0.0,0.0040669274,0.038581137
3764,2.5559318,0.0,4.752075,3.1834624,0.00024182224,0.0,0.00065691274,0.03858142
3765,1.0862604,0.0,0.39106455,3.183452,7.9430436e-05,0.0,0.00016481345,0.038581867
3766,18.551136,0.0,8.239238,3.1834424,0.0011038638,0.0,0.00021476668,0.038582355
3767,4.875045,0.0,0.11386043,3.1834354,0.0005845825,0.0,0.00013545791,0.038582716
3768,0.55094016,0.0,2.2559104,3.1834297,0.0036662696,0.0,0.004052592,0.038583074
3769,0.3535491,0.0,3.083598,3.1834347,5.919425e-05,0.0,0.00017938354,0.03858445
3770,10.616526,0.0,0.4240007,3.183442,6.6327724e-05,0.0,0.002775256,0.038585767
3771,0.42679554,0.0,0.063140124,3.1834495,0.00073945307,0.0,0.0008261857,0.038587008
3772,0.6828014,0.0,0.40148085,3.1834562,0.00020680885,0.0,0.0002092728,0.038588006
3773,0.3848317,0.0,0.1279405,3.1834617,0.0033234172,0.0,0.00030441483,0.038588986
3774,0.666732,0.0,0.16983305,3.1834683,0.00012492656,0.0,0.00024147052,0.038589854
3775,0.6174712,0.0,0.46005562,3.1834743,5.780579e-05,0.0,0.00013741586,0.038590685
3776,7.725918,0.0,0.32058153,3.183479,5.6023142e-05,0.0,0.00025879452,0.038591404
3777,7.4261465,0.0,5.7575264,3.183482,0.00042015637,0.0,0.00017019648,0.038592156
3778,12.957116,0.0,3.579712,3.1834898,4.15834e-05,0.0,0.0003738326,0.038593166
3779,1.3163668,0.0,1.5375181,3.183497,2.6422951e-05,0.0,0.002064697,0.038594052
3780,0.5632223,0.0,0.051895317,3.183507,0.0015136426,0.0,0.00010960634,0.03859474
3781,3.694451,0.0,0.039874412,3.1835165,5.595236e-05,0.0,0.0005017044,0.038595304
3782,1.8315392,0.0,7.5475645,3.1835256,1.3039407e-05,0.0,0.0007861498,0.03859561
3783,2.2022443,0.0,2.083528,3.183534,7.8983685e-06,0.0,0.0026333793,0.03859588
3784,1.9491886,0.0,0.028871467,3.1835442,6.655324e-06,0.0,0.0065426584,0.038596068
3785,1.5154734,0.0,0.07166698,3.183553,0.00011628483,0.0,0.00045082794,0.038596332
3786,1.071044,0.0,0.28206268,3.1835604,7.916397e-05,0.0,0.00019953185,0.038596563
3787,0.9008287,0.0,0.0217592,3.1835666,0.00014187164,0.0,0.0051987795,0.038596727
3788,5.0868554,0.0,0.16121745,3.183572,0.0023929703,0.0,0.004839675,0.038596846
3789,1.1129404,0.0,0.095932335,3.1835773,0.00010706898,0.0,0.0001971025,0.038597014
3790,3.9983974,0.0,0.06769265,3.1835814,0.0021621208,0.0,9.7664706e-05,0.038597085
3791,1.4775764,0.0,2.451895,3.183585,2.2971757e-05,0.0,0.00035507698,0.038597178
3792,4.457049,0.0,2.67795,3.1835876,0.00025280425,0.0,0.00053516065,0.038597226
3793,0.8028677,0.0,0.072445296,3.1835947,0.00025893547,0.0,0.00029780515,0.038597215
3794,11.722274,0.0,0.021187857,3.1836016,0.0015288832,0.0,0.00040063378,0.038597133
3795,10.20509,0.0,2.5236495,3.1836073,0.00026336763,0.0,0.0010858735,0.038596824
3796,0.49035987,0.0,0.5675905,3.1836128,3.8829254e-05,0.0,0.0008135368,0.03859645
3797,0.7197546,0.0,9.721416,3.183618,1.26887735e-05,0.0,0.0002128842,0.038596004
3798,0.15514226,0.0,0.08376517,3.183623,0.00020600382,0.0,4.71983e-05,0.03859552
3799,0.13587584,0.0,16.360905,3.1836276,2.48389e-05,0.0,0.00011328027,0.03859503
3800,0.5612324,0.0,0.016457403,3.1836305,4.760624e-05,0.0,0.00014941065,0.038594574
3801,6.9295955,0.0,0.12781835,3.1836329,4.6926772e-05,0.0,0.00031090173,0.038594086
3802,0.18319911,0.0,0.0926422,3.183635,0.00016131026,0.0,0.0021384119,0.038593914
3803,0.541985,0.0,0.44982478,3.1836367,2.6333195e-05,0.0,0.0022135489,0.03859371
3804,7.387769,0.0,4.4320803,3.18364,0.0024910856,0.0,0.0020049904,0.038593385
3805,0.5747694,0.0,4.3577633,3.1836457,0.00021907735,0.0,0.00027127657,0.03859303
3806,14.82843,0.0,1.0073376,3.1836526,3.3430737e-05,0.0,0.0001305299,0.038592704
3807,0.09626211,0.0,0.12982215,3.1836596,0.0032060582,0.0,0.0030328678,0.038592372
3808,1.1257662,0.0,14.03593,3.183666,1.3086036e-05,0.0,0.00015649902,0.038592078
3809,0.2954567,0.0,0.06569546,3.1836712,0.0019954238,0.0,0.00041140168,0.038591795
3810,6.751816,0.0,0.04803763,3.1836755,4.3769753e-05,0.0,0.005470276,0.038591485
3811,0.14162362,0.0,0.0326704,3.1836796,0.0017148469,0.0,0.00023108444,0.03859076
3812,1.6026553,0.0,1.0488213,3.1836824,4.229889e-05,0.0,0.00017355106,0.038589995
3813,1.1287129,0.0,0.13451031,3.1836839,0.005378373,0.0,0.0026855124,0.038589187
3814,14.270701,0.0,0.3595187,3.183684,2.6436857e-05,0.0,0.00018420554,0.03858857
3815,0.43719506,0.0,16.235188,3.1836858,0.0020349768,0.0,8.8225046e-05,0.03858794
3816,11.5791445,0.0,1.2431355,3.1836874,4.751345e-05,0.0,0.0031129352,0.038587306
3817,2.821936,0.0,1.6285217,3.1836894,1.963821e-06,0.0,0.0025649294,0.038586583
3818,0.80401057,0.0,0.3121131,3.18369,0.0016347909,0.0,0.00022389513,0.038585823
3819,4.274012,0.0,0.14269212,3.183692,1.14133e-05,0.0,0.00011719424,0.038585182
3820,0.21050094,0.0,0.03452654,3.183693,4.5622146e-05,0.0,0.00014204562,0.038584527
3821,11.628171,0.0,0.018948054,3.183693,0.00022627569,0.0,0.00015938412,0.03858388
3822,3.40797,0.0,8.748741,3.1836922,8.3196224e-05,0.0,0.0003145995,0.038583163
3823,7.7749166,0.0,0.97962224,3.1836889,1.4517034e-05,0.0,0.0024305754,0.038582668
3824,12.138384,0.0,0.10579097,3.1836872,0.0019953363,0.0,0.003162072,0.03858219
3825,0.61300075,0.0,1.4373065,3.1836853,0.002940403,0.0,0.0012844759,0.038581695
3826,0.33216313,0.0,0.30802384,3.1836877,0.00010319397,0.0,0.0031777904,0.038581148
3827,0.048323084,0.0,6.518682,3.1836915,0.0012413624,0.0,0.00018650533,0.038580667
3828,0.94642514,0.0,0.7809242,3.1836932,2.5387231e-05,0.0,6.1464285e-05,0.03858018
3829,3.6840827,0.0,0.26665035,3.183695,8.63307e-06,0.0,0.000815349,0.03857965
3830,0.6615241,0.0,0.0890918,3.1836972,1.9746062e-06,0.0,0.0010205326,0.038579084
3831,3.0211258,0.0,0.027221702,3.1836996,3.2875064e-06,0.0,0.00022128475,0.03857846
3832,0.2104217,0.0,0.031073317,3.183701,5.3800406e-05,0.0,0.0003921365,0.03857785
3833,3.207576,0.0,0.025338512,3.1837027,5.6215602e-05,0.0,0.00067849515,0.038577233
3834,0.6473547,0.0,0.031724,3.183703,0.00048601016,0.0,0.00013566404,0.03857653
3835,3.1526258,0.0,1.4333488,3.1837034,0.000102872706,0.0,9.276919e-05,0.03857587
3836,3.9095058,0.0,11.397756,3.1837027,2.1336318e-05,0.0,9.028231e-05,0.038575184
3837,1.4144183,0.0,0.11349738,3.183696,5.5997625e-06,0.0,0.0013731142,0.038574517
3838,1.0864372,0.0,0.30717862,3.1836905,9.198171e-06,0.0,0.0008887699,0.03857538
3839,0.36874998,0.0,1.3080767,3.183686,0.00072027417,0.0,0.0051599694,0.038576216
3840,0.095872484,0.0,0.08286226,3.1836836,0.00012896434,0.0,0.00024454555,0.038576975
3841,0.5310252,0.0,0.8953061,3.183682,4.033978e-05,0.0,0.00015012122,0.038577683
3842,0.37970868,0.0,0.5102302,3.1836793,3.299287e-05,0.0,0.00013685663,0.03857832
3843,0.16034965,0.0,1.2481093,3.1836798,2.3428345e-05,0.0,0.0022031083,0.03857884
3844,0.10028471,0.0,0.817881,3.1836815,2.0146588e-05,0.0,0.00032008905,0.038580343
3845,0.10973714,0.0,0.054208487,3.1836836,9.269457e-06,0.0,0.00019112024,0.038581893
3846,0.14042944,0.0,0.119492196,3.1836853,0.0006616255,0.0,0.001064174,0.03858333
3847,0.1428233,0.0,0.03013101,3.1836865,0.0020001957,0.0,0.00034858318,0.038584393
3848,5.5220175,0.0,0.06088701,3.1836872,3.0173731e-05,0.0,0.00017397379,0.038585298
3849,0.7501682,0.0,1.9869632,3.1836882,5.6150682e-05,0.0,0.00015897982,0.03858612
3850,2.81195,0.0,0.29037777,3.183687,0.0010527874,0.0,0.00018749898,0.038586825
3851,2.1727493,0.0,1.0348364,3.1836903,3.0022742e-05,0.0,0.0005761487,0.038587417
3852,5.591231,0.0,0.044918995,3.1836946,3.3961347e-05,0.0,0.00059005024,0.038587943
3853,0.14469552,0.0,0.1635967,3.183698,0.00010212897,0.0,0.0004434831,0.038588334
3854,6.001204,0.0,13.564364,3.1837015,2.9390627e-05,0.0,9.248664e-05,0.03858857
3855,0.1480213,0.0,0.043959983,3.1836967,0.00012429913,0.0,0.0023908878,0.038588736
3856,13.876814,0.0,1.0667495,3.1836936,0.0033913103,0.0,0.00093727774,0.03858883
3857,1.993251,0.0,3.3610106,3.1836896,7.729472e-05,0.0,0.00049595727,0.038588926
3858,11.956772,0.0,0.5643752,3.1836867,1.7556622e-05,0.0,0.0025213917,0.038589224
3859,2.0549712,0.0,0.9928985,3.1836836,4.27173e-06,0.0,0.00013752,0.038589437
3860,0.5455456,0.0,12.497197,3.1836843,1.4099163e-05,0.0,0.0025402026,0.038589563
3861,1.0158342,0.0,0.12211623,3.183684,0.00070326455,0.0,0.0003243183,0.038589597
3862,0.23011616,0.0,2.5487933,3.1836839,1.6438802e-05,0.0,0.00025225582,0.038589727
3863,1.0320289,0.0,4.212471,3.1836827,0.0012579062,0.0,0.0001206999,0.03858978
3864,7.4980774,0.0,11.881145,3.1836822,1.7872157e-05,0.0,0.00024314888,0.038589753
3865,17.80224,0.0,0.03670241,3.1836822,0.00011230192,0.0,0.00027593778,0.03858971
3866,0.24921472,0.0,18.163767,3.1836822,0.002202326,0.0,8.6439206e-05,0.03858981
3867,1.2865651,0.0,2.0892642,3.1836817,2.349816e-05,0.0,0.00012344986,0.038589757
3868,1.1342459,0.0,0.4396609,3.183682,0.00020963456,0.0,0.0042296257,0.03858966
3869,1.0597019,0.0,11.418617,3.1836824,2.2541019e-05,0.0,0.0022246728,0.038589645
3870,2.5293076,0.0,8.503633,3.1836815,0.000742288,0.0,0.0001233597,0.03858957
3871,0.2996479,0.0,0.047504578,3.1836832,5.1428804e-05,0.0,0.00021091031,0.038589556
3872,9.115476,0.0,0.75524706,3.183685,6.6317276e-05,0.0,0.00023899664,0.03858973
3873,11.926969,0.0,2.9360645,3.1836872,1.3397967e-05,0.0,0.00061527593,0.038589865
3874,1.9980719,0.0,2.1370966,3.1836946,3.712051e-05,0.0,0.0003990978,0.03858996
3875,1.7829959,0.0,1.0526083,3.1837044,7.0029804e-05,0.0,0.0033061157,0.038589966
3876,0.86308986,0.0,0.065963544,3.1837146,2.0343807e-05,0.0,0.00010351838,0.03859001
3877,4.9418893,0.0,0.053295515,3.1837254,1.2236816e-05,0.0,0.0054680593,0.03859
3878,0.8251753,0.0,0.30283082,3.183735,1.0331592e-05,0.0,0.000105249754,0.03858978
3879,0.28534958,0.0,0.17149152,3.1837435,0.000419708,0.0,0.0003137515,0.038589463
3880,0.39163622,0.0,4.750015,3.183751,2.4648096e-05,0.0,0.0001925064,0.038589146
3881,6.8209534,0.0,0.34941638,3.1837606,3.923993e-05,0.0,0.00043558277,0.03858889
3882,1.1935126,0.0,0.055410095,3.1837685,0.00024658325,0.0,0.00024625572,0.038589038
3883,0.27832457,0.0,0.07095618,3.1837757,0.0035741003,0.0,0.0006627215,0.038589146
3884,0.44517103,0.0,0.5066321,3.1837819,3.1250405e-05,0.0,0.0030220388,0.038589325
3885,7.1977043,0.0,0.029546654,3.1837883,0.0014906431,0.0,0.00035113766,0.038589444
3886,1.9002593,0.0,0.47584578,3.1837933,6.630746e-05,0.0,8.09713e-05,0.038589414
3887,0.50138795,0.0,0.39205003,3.1837993,0.0019273306,0.0,0.00013463205,0.03858935
3888,0.60691905,0.0,0.3364705,3.1838045,6.350857e-05,0.0,0.00012058216,0.038589217
3889,0.7597079,0.0,2.8097494,3.1838088,0.00016950254,0.0,0.0032217402,0.038589027
3890,2.1638541,0.0,3.046861,3.1838133,1.0492618e-05,0.0,0.0013247506,0.038589075
3891,0.11056861,0.0,10.38321,3.1838183,8.0174075e-05,0.0,0.0031787078,0.03858942
3892,0.3324415,0.0,9.906663,3.1838262,2.0166364e-05,0.0,0.0007223502,0.03858966
3893,5.4774523,0.0,0.4476607,3.1838303,0.0020498175,0.0,0.00025252457,0.038589757
3894,6.161694,0.0,5.431167,3.1838353,4.7090634e-05,0.0,9.5785574e-05,0.038589794
3895,3.0588944,0.0,6.767271,3.1838377,0.00013058959,0.0,0.00063839904,0.038589742
3896,4.725688,0.0,3.2948852,3.183845,0.00015636302,0.0,0.00015217566,0.038589794
3897,4.5519295,0.0,0.026073262,3.183851,0.003464414,0.0,0.0001215434,0.03858975
3898,0.044335954,0.0,0.25481945,3.1838562,1.46076145e-05,0.0,0.0003026119,0.038589608
3899,0.04883633,0.0,13.497519,3.183861,0.0020333037,0.0,0.0015661283,0.038589414
3900,5.6410413,0.0,0.053865902,3.183865,1.4325467e-05,0.0,0.0006906627,0.03858918
3901,0.45589128,0.0,5.0811334,3.1838682,3.924664e-05,0.0,0.00015920692,0.03858878
3902,5.2344437,0.0,0.050041065,3.1838696,9.518913e-05,0.0,9.6070245e-05,0.03858841
3903,3.9522266,0.0,0.051498067,3.183871,0.00010990547,0.0,0.00015548908,0.038588118
3904,0.6121721,0.0,4.44133,3.1838717,6.905893e-05,0.0,0.00015202785,0.03858784
3905,0.6283196,0.0,1.1689596,3.1838706,5.817484e-05,0.0,0.0001984103,0.03858766
3906,0.22928059,0.0,0.21768464,3.183867,1.2640643e-05,0.0,0.0022765154,0.038587473
3907,3.5931942,0.0,2.2159252,3.1838634,0.0006073858,0.0,7.507292e-05,0.038587376
3908,5.2293286,0.0,0.9448349,3.1838613,8.901612e-05,0.0,0.00032491973,0.038587306
3909,0.9209528,0.0,0.8852886,3.18386,0.0033670883,0.0,0.00026230625,0.038587425
3910,0.2817252,0.0,7.9910426,3.1838605,0.00018953434,0.0,9.302613e-05,0.03858747
3911,6.050163,0.0,2.2859063,3.1838613,1.484361e-05,0.0,0.0038103631,0.03858746
3912,1.0672394,0.0,15.356776,3.183862,3.6901885e-05,0.0,0.0021152305,0.038587376
3913,0.27332306,0.0,6.6778936,3.1838672,0.0030257052,0.0,6.35827e-05,0.038587276
3914,0.13935483,0.0,0.14951082,3.1838691,0.00023963637,0.0,0.00014717608,0.038587127
3915,0.36292505,0.0,0.8283515,3.1838696,0.0014143381,0.0,0.0002418163,0.038586978
3916,0.96308124,0.0,0.19090843,3.1838732,2.1726348e-05,0.0,0.00048458623,0.038586844
3917,4.0669894,0.0,0.07830101,3.1838763,1.1362723e-05,0.0,0.00037250968,0.038586706
3918,0.5035581,0.0,0.8186462,3.1838791,0.0025661,0.0,0.0038576552,0.038586617
3919,12.334219,0.0,1.3128428,3.1838827,4.9852806e-05,0.0,0.00024845067,0.038586855
3920,0.8972514,0.0,0.9143769,3.1838856,5.4297984e-06,0.0,0.00015683801,0.03858707
3921,10.210444,0.0,2.6306207,3.183887,3.6012712e-05,0.0,0.00013238186,0.03858715
3922,0.49357885,0.0,0.12565799,3.1838915,0.0001569202,0.0,0.0030092676,0.038587157
3923,5.991885,0.0,0.24699983,3.1838949,9.423544e-05,0.0,0.00022233024,0.038587064
3924,2.1404552,0.0,7.252504,3.183896,0.0029984298,0.0,0.00030744437,0.038586944
3925,0.305596,0.0,1.4507725,3.1838977,0.0017575593,0.0,8.6855456e-05,0.038586903
3926,0.7200343,0.0,9.824594,3.1839,7.5614e-05,0.0,0.00014072158,0.0385868
3927,11.995481,0.0,0.4817235,3.1838987,8.63258e-05,0.0,0.0030342632,0.038586687
3928,1.4701691,0.0,0.1446015,3.1838977,3.9018272e-05,0.0,0.0006590438,0.03858642
3929,0.052751288,0.0,0.49765214,3.1838953,6.735566e-05,0.0,0.000107516185,0.038586147
3930,0.3437391,0.0,0.37325934,3.183894,6.0564962e-05,0.0,0.0018188827,0.0385859
3931,2.0020268,0.0,1.0331225,3.183892,0.00015939746,0.0,0.0028378714,0.038585693
3932,12.8455925,0.0,0.6147168,3.1838899,2.5824935e-05,0.0,0.00013478109,0.038585566
3933,4.7397947,0.0,0.8478738,3.1838884,4.78341e-05,0.0,0.00011177029,0.038585342
3934,0.14669192,0.0,7.8423796,3.1838884,3.753054e-05,0.0,0.0038407072,0.03858516
3935,0.3308644,0.0,3.4664335,3.1838877,0.0016365631,0.0,0.00023561824,0.03858488
3936,11.422363,0.0,0.05115915,3.1838872,5.9264294e-05,0.0,0.002443633,0.038584586
3937,2.1914828,0.0,0.31903207,3.1838865,0.00013299577,0.0,0.002185269,0.038584143
3938,6.4942727,0.0,0.13112417,3.1838875,9.99224e-06,0.0,0.00030828844,0.03858379
3939,5.3479524,0.0,1.6636388,3.1838875,3.3219276e-05,0.0,0.0095465,0.038583566
3940,9.074077,0.0,0.19117106,3.1838896,0.0003713305,0.0,0.00021485827,0.038585946
3941,0.123769656,0.0,0.083246805,3.183893,2.0068377e-05,0.0,0.0035513015,0.038588356
3942,9.255022,0.0,0.061822448,3.183896,2.0930353e-05,0.0,0.001389479,0.03859053
3943,0.59730905,0.0,3.206333,3.1838977,0.00011732652,0.0,0.0028920812,0.038592566
3944,14.124388,0.0,0.9248258,3.1839013,0.0029488308,0.0,0.0021142387,0.038594503
3945,3.2376359,0.0,0.018901343,3.183904,1.4204013e-06,0.0,0.0035023754,0.038596187
3946,0.5070307,0.0,1.443993,3.183907,2.9505776e-05,0.0,0.0001384129,0.03859774
3947,0.41113815,0.0,1.4887195,3.18391,1.604269e-05,0.0,7.390149e-05,0.03859912
3948,4.492476,0.0,0.0663994,3.1839118,1.235018e-05,0.0,0.00021830355,0.03860035
3949,1.7626114,0.0,0.51363134,3.1839135,0.00049987464,0.0,0.0010627154,0.03860169
3950,0.7924398,0.0,0.10333513,3.1839154,4.8062657e-06,0.0,0.00021319425,0.038602892
3951,1.8270304,0.0,10.073675,3.1839173,0.00013776371,0.0,0.003313157,0.038603872
3952,0.30400205,0.0,1.6559467,3.1839187,1.829958e-05,0.0,0.000641164,0.038604744
3953,0.32817483,0.0,0.06906388,3.1839197,3.4963094e-05,0.0,0.0001145746,0.038605653
3954,0.60490906,0.0,34.492832,3.183921,0.0022800579,0.0,2.2173896e-05,0.038606383
3955,0.26239306,0.0,0.2337026,3.1839056,4.374626e-05,0.0,0.00010461231,0.038606975
3956,0.8589845,0.0,0.620698,3.183894,1.237762e-05,0.0,0.00014847645,0.038607474
3957,0.059580904,0.0,0.786573,3.1838853,7.8979574e-05,0.0,0.00011313929,0.03860786
3958,12.788735,0.0,0.020831445,3.1838768,0.00072177115,0.0,0.00012093762,0.038608186
3959,2.2973156,0.0,0.0345901,3.1838675,0.003909536,0.0,0.0014917633,0.038608387
3960,0.9517724,0.0,4.698372,3.1838596,1.9618563e-05,0.0,0.0020780787,0.03860805
3961,0.10918815,0.0,2.61489,3.183852,2.223514e-05,0.0,1.8919178e-05,0.038607646
3962,5.5884295,0.0,0.3347371,3.1838462,0.00011730633,0.0,0.00033166423,0.038607217
3963,13.044332,0.0,0.107649885,3.1838417,5.789361e-05,0.0,0.0031831246,0.038606722
3964,0.2188226,0.0,0.023289096,3.1838374,8.5419786e-05,0.0,0.00021624865,0.038606297
3965,2.2429335,0.0,5.027184,3.1838343,1.0981117e-05,0.0,0.0001636596,0.038605805
3966,0.28995112,0.0,0.055121467,3.183833,0.00011252612,0.0,0.00018751068,0.038605355
3967,1.1012093,0.0,0.9753041,3.183832,1.445568e-06,0.0,2.1176354e-05,0.038605046
3968,1.0567797,0.0,0.04249602,3.1838317,3.2206874e-05,0.0,0.002663841,0.038604695
3969,0.10343396,0.0,0.84764266,3.183832,1.2437029e-05,0.0,0.00062664674,0.038604327
3970,0.14983186,0.0,0.027834391,3.1838338,0.000599402,0.0,0.0023845888,0.0386039
3971,0.43994454,0.0,0.19467396,3.183836,0.0012124785,0.0,0.0010547786,0.038603406
3972,0.3188952,0.0,0.034157805,3.1838377,3.310527e-05,0.0,0.004512728,0.038603522
3973,0.18210611,0.0,0.3063097,3.1838396,0.002761199,0.0,0.00017266333,0.03860369
3974,0.11452805,0.0,0.34244847,3.1838417,1.0473723e-05,0.0,0.0023128674,0.038603857
3975,0.31131694,0.0,3.4443212,3.1838424,2.4136833e-05,0.0,0.0013836464,0.038604017
3976,0.08589764,0.0,0.31921715,3.1838417,4.8391514e-05,0.0,0.00013273828,0.03860418
3977,0.9324949,0.0,2.052797,3.1838405,2.7085622e-05,0.0,0.000114600814,0.038604267
3978,0.058336075,0.0,9.89273,3.1838424,4.389452e-05,0.0,7.846731e-05,0.038604334
3979,0.91599387,0.0,4.9208145,3.1838486,5.0599174e-05,0.0,5.298925e-05,0.03860438
3980,0.41282994,0.0,0.27027142,3.1838555,6.0901834e-06,0.0,0.00014759072,0.03860435
3981,6.9498043,0.0,5.05796,3.1838617,3.619708e-06,0.0,0.00046359288,0.03860429
3982,0.068967536,0.0,2.0738568,3.1838686,5.1847346e-05,0.0,0.0001819795,0.038604293
3983,0.39570984,0.0,0.023570815,3.1838794,0.0017237808,0.0,0.00096114294,0.038604327
3984,0.20942292,0.0,0.99797344,3.1838903,1.4867013e-05,0.0,0.0030085267,0.038604222
3985,0.04540685,0.0,0.04539834,3.183901,3.040702e-05,0.0,0.00022389722,0.038604036
3986,0.19283104,0.0,0.5609672,3.1839108,0.0010255484,0.0,0.0003192896,0.038603745
3987,0.1413507,0.0,1.7308395,3.1839204,0.0008249003,0.0,0.00011456225,0.03860347
3988,0.17575014,0.0,2.1399016,3.1839256,3.06327e-05,0.0,0.0001079178,0.03860315
3989,0.88194084,0.0,0.54694396,3.183934,0.00270861,0.0,0.00019222664,0.03860288
3990,0.09193592,0.0,0.2902043,3.1839404,0.00045818015,0.0,5.8718033e-05,0.03860262
3991,3.987232,0.0,1.4147642,3.1839457,0.0028660195,0.0,0.00013368942,0.038602337
3992,0.6934614,0.0,2.064423,3.1839495,0.00030841387,0.0,0.00026461002,0.038602065
3993,0.33613738,0.0,0.10781288,3.1839523,0.000180902,0.0,8.1226965e-05,0.038601752
3994,7.616557,0.0,0.04348328,3.1839542,0.0057754875,0.0,0.00057115866,0.038601395
3995,0.04283134,0.0,1.0764147,3.1839561,0.00021416463,0.0,0.0027779224,0.038602494
3996,0.02795078,0.0,3.2039838,3.183958,0.006507102,0.0,6.483499e-05,0.038603436
3997,0.39996868,0.0,0.023611799,3.1839604,2.5792251e-05,0.0,0.00016295884,0.038604233
3998,12.466092,0.0,0.17518915,3.1839628,0.0003915685,0.0,9.119632e-05,0.03860501
3999,0.06905774,0.0,0.11102346,3.183964,0.00013189591,0.0,0.0013648458,0.03860569
4000,0.08493012,0.0,9.476038,3.183966,0.0003424849,0.0,5.286968e-05,0.038606234
4001,2.214127,0.0,0.022910893,3.1839662,0.00011169571,0.0,0.0048272735,0.038606595
4002,0.12591946,0.0,0.04304898,3.183966,0.00017053878,0.0,0.00016619544,0.038606975
4003,13.250466,0.0,0.030510442,3.1839657,8.677212e-06,0.0,0.0027122737,0.038607266
4004,0.035478733,0.0,1.3088465,3.1839652,9.285192e-06,0.0,7.920267e-05,0.03860749
4005,0.049344867,0.0,0.04806865,3.1839652,7.6530785e-05,0.0,0.0023270843,0.03860765
4006,3.7186012,0.0,1.0806754,3.1839652,0.00031031226,0.0,0.00020825551,0.0386077
4007,1.9664997,0.0,0.24187768,3.1839592,3.7600934e-05,0.0,0.00023281906,0.03860765
4008,0.06438512,0.0,0.104496,3.1839535,0.005211223,0.0,0.0053057405,0.03860754
4009,0.06564677,0.0,0.020091586,3.1839488,0.00044178334,0.0,0.00046474522,0.03860736
4010,0.08152785,0.0,0.17511353,3.1839445,7.359806e-05,0.0,0.002677905,0.038607154
4011,23.565422,0.0,0.29818127,3.1839416,1.1405911e-05,0.0,0.0057396665,0.038606968
4012,12.505244,0.0,9.189301,3.18394,0.00027614195,0.0,0.0030940054,0.038606606
4013,0.20558332,0.0,7.190576,3.1839359,2.8518884e-06,0.0,0.0012036236,0.03860636
4014,0.65733033,0.0,12.829629,3.1839318,0.00025239808,0.0,0.0037493254,0.038606737
4015,0.2222803,0.0,5.2128158,3.1839242,0.00012378559,0.0,0.0013017129,0.038607188
4016,8.021043,0.0,0.05140514,3.1839159,0.0025885098,0.0,7.1753224e-05,0.03860764
4017,1.5433253,0.0,10.67052,3.1839082,0.0017297511,0.0,0.00040797444,0.038608097
4018,5.7571726,0.0,13.504008,3.183899,0.00022076388,0.0,9.113885e-05,0.038608614
4019,19.692104,0.0,0.2051429,3.18389,8.6191554e-05,0.0,8.11756e-05,0.03860908
4020,11.111316,0.0,0.023935119,3.1838818,0.00042529026,0.0,0.00024913848,0.03860953
4021,0.44968423,0.0,0.07484585,3.1838744,0.0006332506,0.0,0.00019600951,0.03860987
4022,0.58814687,0.0,0.026321702,3.1838672,1.6096348e-05,0.0,0.0005138511,0.03861012
4023,4.0214157,0.0,0.06361864,3.1838608,0.00060896965,0.0,0.0023418,0.038610213
4024,0.73953336,0.0,0.016582116,3.1838555,0.00065377384,0.0,0.00046655085,0.038610335
4025,0.61129045,0.0,4.5297875,3.1838503,2.467412e-05,0.0,0.00095697254,0.038610406
4026,1.547373,0.0,1.9393234,3.183847,4.9232294e-06,0.0,0.0008471838,0.03861043
4027,1.2269232,0.0,0.19914337,3.1838439,2.7457567e-05,0.0,0.0016748974,0.038610384
4028,11.574642,0.0,0.21880898,3.1838412,7.166226e-05,0.0,0.0031086046,0.03861033
4029,0.8519155,0.0,0.05901683,3.1838384,6.8034315e-05,0.0,0.0028071143,0.038610343
4030,0.666943,0.0,0.48920828,3.1838362,1.888639e-05,0.0,5.6016535e-05,0.038610276
4031,1.6216761,0.0,0.68802214,3.1838346,0.0026604203,0.0,0.00023385546,0.03861018
4032,0.34727257,0.0,0.08189566,3.1838336,5.141645e-05,0.0,8.698443e-05,0.038610116
4033,0.55971944,0.0,1.0957204,3.1838324,0.00025234095,0.0,0.0009593904,0.038610008
4034,10.167233,0.0,1.4120263,3.1838367,0.0004020617,0.0,0.0053250934,0.038609907
4035,0.27437153,0.0,0.63701123,3.1838417,4.216455e-05,0.0,0.00013480952,0.038609788
4036,0.38136804,0.0,0.7350484,3.1838472,0.0050778836,0.0,0.0031083473,0.03860963
4037,10.818243,0.0,23.883457,3.1838527,2.8398514e-05,0.0,0.0015980536,0.038609892
4038,0.40481958,0.0,0.724894,3.183855,3.3073517e-05,0.0,0.0012108635,0.038610153
4039,0.88154924,0.0,0.94467866,3.1838589,2.7601902e-05,0.0,0.00017490861,0.038610492
4040,0.20862415,0.0,0.17953832,3.1838624,7.025512e-05,0.0,0.00017089199,0.038610745
4041,0.65181756,0.0,6.5201545,3.1838663,0.00018928107,0.0,0.000608145,0.03861099
4042,2.4190893,0.0,1.2973461,3.1838698,8.5009626e-05,0.0,0.0024600597,0.03861154
4043,0.34124675,0.0,0.02428089,3.1838741,2.0347792e-05,0.0,7.829774e-05,0.038611993
4044,0.56710136,0.0,0.21300559,3.1838777,2.610175e-05,0.0,0.0033742269,0.038612362
4045,4.8185425,0.0,1.4238087,3.183881,6.3168154e-05,0.0,0.0005230699,0.038612675
4046,0.38563624,0.0,0.082434386,3.1838834,3.835999e-05,0.0,6.467378e-05,0.03861306
4047,0.20035838,0.0,7.884773,3.1838858,1.9215691e-05,0.0,0.00011008096,0.03861335
4048,0.14579378,0.0,1.0898253,3.18389,2.8375405e-05,0.0,3.3854147e-05,0.03861354
4049,0.34519622,0.0,0.039466042,3.1838915,0.00011303785,0.0,7.1431234e-05,0.038613573
4050,0.9639343,0.0,2.6923347,3.1838932,2.2255354e-06,0.0,0.00027924328,0.038613506
4051,0.6722008,0.0,8.759302,3.1838973,0.0026258635,0.0,0.00014969589,0.038613386
4052,0.7077512,0.0,0.07735175,3.1839018,1.4738017e-05,0.0,9.332612e-05,0.038613133
4053,0.6607527,0.0,0.17148092,3.1839054,9.802695e-06,0.0,0.0005619525,0.038612813
4054,7.1098247,0.0,1.5545875,3.1839077,0.0024163136,0.0,0.0038697647,0.03861222
4055,0.18792066,0.0,13.196983,3.1839118,2.7135316e-05,0.0,0.00015838671,0.038611773
4056,1.9507641,0.0,0.14149244,3.1839113,7.218277e-06,0.0,0.0026451545,0.03861134
4057,2.5364625,0.0,9.524751,3.183911,3.3698707e-05,0.0,0.00024490134,0.038610958
4058,0.24499051,0.0,0.8871932,3.183909,0.002286915,0.0,0.00020107214,0.038610782
4059,0.7846315,0.0,0.22017893,3.183915,3.3944352e-06,0.0,0.0005241104,0.038610563
4060,0.25618988,0.0,0.48230034,3.1839209,4.0811996e-05,0.0,0.004242611,0.03861038
4061,0.28969315,0.0,2.5283375,3.1839273,0.0022094396,0.0,0.0030689694,0.03861019
4062,0.33472893,0.0,0.020223796,3.1839347,0.00014461546,0.0,0.0002684125,0.03861012
4063,0.32662067,0.0,3.7645614,3.1839404,1.4003117e-05,0.0,7.393332e-05,0.03861006
4064,11.544547,0.0,0.2845441,3.1839473,7.912266e-05,0.0,0.0030768758,0.038609922
4065,1.4307991,0.0,0.26097748,3.1839511,3.2113716e-05,0.0,0.0015209125,0.038609754
4066,0.4793743,0.0,3.4766383,3.1839538,0.00014375655,0.0,0.0004654424,0.038609523
4067,3.618977,0.0,0.92662287,3.1839564,0.00025507735,0.0,0.00049390434,0.03860942
4068,0.11419288,0.0,10.824156,3.183959,1.9836732e-05,0.0,0.000162226,0.038609333
4069,4.713408,0.0,12.523956,3.1839633,1.7507911e-05,0.0,0.00029538863,0.038609196
4070,0.21840803,0.0,3.3977163,3.1839638,3.1496427e-05,0.0,0.0026446304,0.038609043
4071,1.9535724,0.0,5.1004567,3.1839669,0.0024342006,0.0,0.0001003511,0.03860873
4072,0.80402064,0.0,13.969945,3.1839712,0.0038786537,0.0,0.0031494617,0.038608376
4073,0.21286692,0.0,0.9019002,3.183972,2.1058586e-06,0.0,5.7277764e-05,0.038608048
4074,0.30972114,0.0,0.016760193,3.1839728,9.326591e-05,0.0,0.000159621,0.038607717
4075,1.3990864,0.0,0.09062773,3.1839738,1.554576e-05,0.0,0.00017628072,0.03860732
4076,1.0685402,0.0,4.9859385,3.183974,0.0021772652,0.0,0.0003927781,0.038607053
4077,0.06457462,0.0,6.2625604,3.1839764,0.00023698488,0.0,0.00020113937,0.03860677
4078,1.1201433,0.0,1.0293293,3.183979,0.0002425834,0.0,0.00014960277,0.03860676
4079,1.9488479,0.0,0.4878602,3.1839805,0.0006520924,0.0,0.00047540735,0.03860664
4080,2.2294583,0.0,3.6076572,3.1839821,1.759604e-05,0.0,0.00019641126,0.038606633
4081,0.14739363,0.0,0.14047265,3.183982,1.7735296e-05,0.0,0.00029483478,0.03860656
4082,0.10910624,0.0,9.330528,3.1839838,2.7195876e-05,0.0,0.0027724588,0.0386064
4083,0.19435424,0.0,0.38111687,3.1839864,0.0022017127,0.0,0.00017831742,0.038606163
4084,3.3640332,0.0,0.30774447,3.183989,3.681703e-05,0.0,0.00019135076,0.03860573
4085,3.3580525,0.0,9.88606,3.1839924,0.00010930793,0.0,0.0009155404,0.038605433
4086,6.6439176,0.0,1.5787684,3.1839986,0.0029657164,0.0,0.00011716025,0.0386053
4087,23.680859,0.0,0.6789308,3.1840045,4.4016862e-05,0.0,0.0001529644,0.038605113
4088,0.34584165,0.0,2.3308675,3.1840107,2.7901146e-05,0.0,0.00016841007,0.03860484
4089,1.1634328,0.0,1.6922424,3.1840184,3.5293982e-05,0.0,0.00040261622,0.038604565
4090,11.966265,0.0,1.7510052,3.1840243,2.3449129e-05,0.0,0.0031245665,0.038604375
4091,9.118537,0.0,1.2312107,3.1840286,5.3640833e-05,0.0,0.00032377627,0.03860413
4092,4.686527,0.0,0.017038405,3.184034,7.1216e-05,0.0,9.793551e-05,0.038603816
4093,4.354063,0.0,0.351825,3.1840394,8.95775e-06,0.0,0.0028659806,0.03860349
4094,0.72429305,0.0,4.2776284,3.1840444,0.002418551,0.0,8.09725e-05,0.03860317
4095,1.6815813,0.0,7.53337,3.1840503,0.0015272794,0.0,0.00054644694,0.03860281
4096,0.7928292,0.0,0.33395645,3.1840603,3.2791762e-05,0.0,0.00050463015,0.038602516
4097,3.544026,0.0,0.363741,3.1840692,7.915617e-05,0.0,0.00016539496,0.038602293
4098,1.8085325,0.0,0.6513061,3.1840777,0.00016808775,0.0,0.002851384,0.038602047
4099,2.6515708,0.0,0.50314075,3.1840858,0.0008156739,0.0,0.00030157942,0.038601663
4100,0.76769525,0.0,6.375174,3.1840935,3.372927e-05,0.0,0.00014602,0.038601357
4101,18.121845,0.0,1.4976654,3.1841042,2.2344198e-06,0.0,0.00013757676,0.038601086
4102,1.8746294,0.0,0.85997635,3.1841123,0.00013147263,0.0,6.4585955e-05,0.038600627
4103,1.5337929,0.0,0.36453035,3.1841238,0.0051383832,0.0,0.0005187658,0.038600124
4104,1.0221493,0.0,0.115397416,3.184133,0.006223794,0.0,9.652639e-05,0.03859951
4105,0.24069262,0.0,6.2352195,3.1841414,0.0013471389,0.0,0.00054220064,0.038598847
4106,1.2479622,0.0,1.3081685,3.1841497,0.00011166164,0.0,0.006848315,0.03859821
4107,1.5107349,0.0,0.05687359,3.18416,8.6020395e-05,0.0,0.0025578092,0.038597655
4108,1.267235,0.0,0.109122194,3.1841698,4.274959e-05,0.0,0.00025241886,0.038597222
4109,5.8390956,0.0,0.25815478,3.1841776,6.8603294e-05,0.0,8.544118e-05,0.03859687
4110,3.1999784,0.0,0.02682285,3.184184,5.5728247e-05,0.0,0.0030696974,0.038596466
4111,0.3057445,0.0,9.316753,3.1841908,0.00023672271,0.0,0.00021257508,0.03859625
4112,0.20559292,0.0,0.05149475,3.184199,0.00014673051,0.0,0.0005437182,0.038596034
4113,1.1812929,0.0,0.048192333,3.1842072,7.4511176e-05,0.0,0.00060100196,0.038595807
4114,8.128256,0.0,0.037431035,3.1842134,0.0001301063,0.0,8.811585e-05,0.038595505
4115,1.1470734,0.0,4.165999,3.184219,2.1109532e-05,0.0,0.00036774567,0.03859514
4116,15.310632,0.0,3.0167327,3.1842227,1.2834392e-06,0.0,6.925463e-05,0.03859476
4117,2.6711428,0.0,0.026468402,3.184226,2.1375216e-05,0.0,0.00010494147,0.038594473
4118,0.22926974,0.0,17.35616,3.184228,0.000657535,0.0,0.0010993253,0.038594108
4119,0.9338008,0.0,0.24733514,3.1842248,1.0142849e-05,0.0,0.00015568016,0.03859367
4120,0.05439396,0.0,0.046939988,3.1842215,0.0031006443,0.0,0.00080452475,0.03859323
4121,0.0876476,0.0,8.542247,3.1842186,0.00010488862,0.0,0.0008625162,0.038592815
4122,1.5881712,0.0,4.0942483,3.1842127,0.0019871213,0.0,0.00096003193,0.03859255
4123,0.616588,0.0,1.7907932,3.1842084,7.635061e-05,0.0,0.00025023147,0.038592197
4124,0.09174611,0.0,0.029129647,3.1842048,0.00016533391,0.0,0.001817897,0.03859164
4125,7.6041956,0.0,4.554915,3.1842015,8.141716e-05,0.0,0.0003216572,0.038591065
4126,0.07837253,0.0,10.337939,3.1841984,0.0001229654,0.0,0.00020783726,0.03859062
4127,0.15085363,0.0,0.05163593,3.184194,2.299916e-05,0.0,0.003018145,0.03859012
4128,1.6598241,0.0,0.72208196,3.1841896,0.0017870285,0.0,0.0016555971,0.03858951
4129,0.06396737,0.0,0.03595096,3.184187,3.636617e-05,0.0,0.0002074814,0.038588878
4130,0.2430683,0.0,0.16815834,3.1841846,5.322954e-05,0.0,8.219149e-05,0.03858822
4131,1.0078207,0.0,10.072451,3.184183,0.00076312345,0.0,0.0018927339,0.038587574
4132,0.4312049,0.0,1.8464035,3.1841805,0.0047969543,0.0,0.0005814237,0.038586926
4133,1.1384588,0.0,2.3882878,3.184181,0.0019918997,0.0,9.998634e-05,0.038586326
4134,0.15480763,0.0,0.51914847,3.184182,4.0553543e-05,0.0,0.001474382,0.038585667
4135,0.5680692,0.0,12.504711,3.1841831,0.00015525847,0.0,0.00030627198,0.038585093
4136,5.3890324,0.0,3.6478157,3.184181,1.6430651e-05,0.0,4.360555e-05,0.038584482
4137,0.095726885,0.0,0.023697412,3.184181,5.6951136e-05,0.0,0.00014671651,0.03858388
4138,0.10765363,0.0,0.2245975,3.1841817,3.4166453e-05,0.0,0.00056336675,0.038583215
4139,12.528048,0.0,0.6454898,3.1841817,8.986564e-05,0.0,0.002578181,0.038582567
4140,0.05580048,0.0,0.2872612,3.1841836,0.0027712544,0.0,0.0027425864,0.038581975
4141,0.09777006,0.0,0.05426082,3.184187,0.0031446577,0.0,9.323171e-05,0.038581386
4142,0.2666495,0.0,0.07561859,3.1841896,5.926383e-05,0.0,0.0030847494,0.038580783
4143,0.11505009,0.0,6.5384064,3.184192,0.0006281553,0.0,0.00016350205,0.038580365
4144,0.031479586,0.0,0.71783465,3.1841922,0.00010768211,0.0,8.370878e-05,0.03857997
4145,0.104884565,0.0,12.983706,3.1841953,7.22691e-05,0.0,0.0021564537,0.038579542
4146,0.58713585,0.0,0.096589305,3.184198,4.440486e-06,0.0,0.0036957993,0.038579088
4147,4.913714,0.0,2.5504982,3.1842005,2.095374e-05,0.0,0.0008683588,0.038578667
4148,12.339233,0.0,2.091283,3.1842077,3.5115314e-05,0.0,0.00053728116,0.038578186
4149,0.16942698,0.0,0.22131824,3.1842144,5.7676834e-06,0.0,0.0010754247,0.03857809
4150,0.5610185,0.0,10.435919,3.1842213,7.4236814e-05,0.0,3.2544922e-05,0.03857796
4151,0.079745926,0.0,0.37173516,3.1842294,6.340048e-05,0.0,0.00026975037,0.038577784
4152,0.113494724,0.0,0.3099193,3.184237,0.00011975104,0.0,0.00015089745,0.038577616
4153,0.90466756,0.0,10.237703,3.1842446,3.0985575e-05,0.0,0.002135638,0.03857735
4154,2.1224892,0.0,2.7878754,3.1842496,0.0029375122,0.0,0.003009571,0.03857704
4155,2.739983,0.0,2.7757099,3.1842544,2.7653943e-05,0.0,0.00022619686,0.038576968
4156,1.2137153,0.0,0.07752735,3.184263,0.00017118097,0.0,0.0013489976,0.03857685
4157,0.031834647,0.0,0.072137,3.1842704,2.3317789e-05,0.0,0.00025258906,0.038576644
4158,1.020031,0.0,3.241358,3.1842775,0.000100798774,0.0,0.002252076,0.03857656
4159,0.04768841,0.0,0.98739105,3.1842833,2.5034638e-05,0.0,0.0025609802,0.03857637
4160,0.5950643,0.0,1.1410881,3.184289,0.00010349365,0.0,0.0008533111,0.038576152
4161,0.07471484,0.0,4.12678,3.1842973,7.316455e-05,0.0,0.0034467545,0.038576063
4162,0.05256279,0.0,0.6244557,3.1843038,0.0021827654,0.0,0.00012017069,0.038576182
4163,7.182517,0.0,1.6722397,3.184311,9.977714e-05,0.0,9.197972e-05,0.038576264
4164,0.024361735,0.0,1.7620554,3.1843164,1.6113348e-05,0.0,0.003297315,0.038576312
4165,2.2378144,0.0,6.513181,3.1843216,3.7281738e-05,0.0,0.00041924248,0.038576808
4166,0.09900259,0.0,0.026976196,3.1843355,6.828575e-05,0.0,0.004155604,0.03857735
4167,12.567874,0.0,0.8983859,3.1843479,0.0008898405,0.0,0.0010750762,0.038578406
4168,0.33384007,0.0,0.1427161,3.184362,0.002342544,0.0,0.00026507312,0.03857937
4169,0.88419217,0.0,0.930213,3.1843736,9.502878e-05,0.0,0.0002626786,0.03858026
4170,0.65294504,0.0,0.15521611,3.1843848,1.4527565e-05,0.0,0.0036273026,0.03858108
4171,4.1143746,0.0,0.81882304,3.1843936,0.0008659536,0.0,0.00019271515,0.038581885
4172,4.281615,0.0,8.451611,3.1844032,9.170314e-05,0.0,0.00070060545,0.038582522
4173,8.313885,0.0,0.92921704,3.1844099,2.3373355e-05,0.0,0.0032258518,0.038582996
4174,0.42329004,0.0,0.4056952,3.184424,0.0015209237,0.0,0.00020346575,0.038583282
4175,0.83755124,0.0,0.97344244,3.1844356,0.000103834805,0.0,0.000112131354,0.038583443
4176,2.278945,0.0,0.08516005,3.184446,4.6440557e-05,0.0,0.001322025,0.03858355
4177,10.52057,0.0,0.19120024,3.1844552,8.1393075e-05,0.0,0.0001477194,0.038583554
4178,8.569692,0.0,3.1507874,3.184463,0.00014809551,0.0,0.0027388632,0.038583502
4179,7.593287,0.0,0.34228274,3.184476,0.0018285074,0.0,0.0012704959,0.038583364
4180,1.5661869,0.0,0.7253309,3.184487,6.336806e-05,0.0,0.0007500582,0.038583588
4181,3.9486349,0.0,2.1106315,3.1845,0.00010836066,0.0,0.0012971001,0.03858373
4182,2.4068654,0.0,2.8129096,3.1845055,0.00085809344,0.0,0.0025334628,0.038583834
4183,0.9777391,0.0,0.12335467,3.1845102,9.71475e-06,0.0,0.00016703985,0.03858379
4184,5.2011514,0.0,3.536068,3.1845155,9.975283e-05,0.0,0.001424558,0.038583655
4185,0.08817939,0.0,0.032221545,3.1845222,4.3253804e-05,0.0,0.0018700437,0.038583472
4186,2.330813,0.0,0.94799817,3.1845279,0.00011455163,0.0,0.000120682,0.03858317
4187,8.536501,0.0,24.370848,3.1845336,4.5782567e-06,0.0,0.00047134524,0.03858279
4188,2.72011,0.0,0.07459183,3.1845355,1.3231046e-05,0.0,0.00012955596,0.038583063
4189,2.0757012,0.0,0.07146551,3.184537,4.9557355e-05,0.0,0.0017149008,0.03858322
4190,1.3573405,0.0,0.040188957,3.184538,0.0006588864,0.0,0.0005901594,0.038583383
4191,1.3671019,0.0,0.15768182,3.184539,0.00064494583,0.0,0.0017325049,0.038583584
4192,1.4145827,0.0,0.5925591,3.1845407,4.361372e-06,0.0,0.00016599952,0.038583253
4193,2.3927984,0.0,0.46005625,3.1845431,4.2575026e-05,0.0,0.0012779529,0.0385829
4194,0.17502613,0.0,0.05013475,3.1845453,7.2552735e-05,0.0,0.0028225672,0.038583223
4195,7.328884,0.0,0.9085754,3.1845477,0.0043187533,0.0,0.0016524985,0.038583543
4196,0.95474356,0.0,0.25554892,3.1845489,0.00015121579,0.0,0.0029343434,0.038583722
4197,0.84846544,0.0,5.21354,3.1845496,0.00011500486,0.0,0.0038987854,0.03858389
4198,4.0243483,0.0,0.039409645,3.1845558,9.317121e-05,0.0,0.0002576038,0.038583927
4199,0.3619021,0.0,0.53434676,3.184561,0.0018455179,0.0,0.00023018065,0.038583983
4200,4.835276,0.0,9.389241,3.1845658,0.0031294962,0.0,7.771125e-05,0.03858407
4201,0.25399348,0.0,0.098048605,3.1845691,0.00010368576,0.0,0.00011824515,0.038584113
4202,3.0304365,0.0,13.151401,3.1845722,9.665491e-05,0.0,0.00035738884,0.038584165
4203,0.14882325,0.0,0.053488642,3.1845713,0.0008037442,0.0,0.00016235517,0.038584445
4204,0.26150015,0.0,0.044036895,3.1845703,1.4703687e-05,0.0,0.00013892422,0.03858466
4205,10.991539,0.0,0.4387547,3.1845696,3.4531477e-05,0.0,0.002592726,0.03858481
4206,2.3223975,0.0,1.9258398,3.1845682,5.3847216e-05,0.0,0.0031647559,0.038584802
4207,0.60659486,0.0,0.0604066,3.1845691,1.9468176e-05,0.0,0.005051101,0.03858463
4208,14.636321,0.0,0.8530496,3.1845694,0.0031594688,0.0,0.0022360124,0.038584337
4209,4.215088,0.0,0.26735747,3.1845691,2.0105217e-05,0.0,5.4458676e-05,0.038584016
4210,0.1462268,0.0,0.33007407,3.1845698,0.0027231239,0.0,0.0008299729,0.038583647
4211,0.44656685,0.0,0.2979004,3.1845722,0.000855884,0.0,0.0022250505,0.038583253
4212,1.2722714,0.0,0.03134483,3.184575,0.00011906454,0.0,0.002779632,0.03858252
4213,0.63078815,0.0,1.1818997,3.184578,5.7682548e-05,0.0,8.7143235e-05,0.038582258
4214,0.31882107,0.0,0.16568488,3.1845798,5.105557e-05,0.0,0.0009873093,0.038582038
4215,1.0769988,0.0,0.1546752,3.1845815,7.564359e-05,0.0,0.00012173508,0.038581897
4216,0.6015619,0.0,1.3384525,3.1845832,0.00034134387,0.0,0.00039450658,0.038581662
4217,0.38877237,0.0,0.037245918,3.1845841,7.3131174e-05,0.0,0.0001153041,0.038581576
4218,0.8013111,0.0,12.200803,3.1845849,0.0027443618,0.0,0.0007684777,0.038581472
4219,0.61979884,0.0,5.9912567,3.184581,0.002879422,0.0,0.002341317,0.038581256
4220,0.85726315,0.0,1.7012568,3.1845791,0.0004726115,0.0,0.000203097,0.03858109
4221,0.18559578,0.0,0.03532046,3.1845827,1.9870578e-05,0.0,0.00014978179,0.03858095
4222,0.71842635,0.0,0.028494185,3.1845846,5.435329e-05,0.0,0.002434693,0.038580783
4223,6.7368217,0.0,0.10213248,3.1845858,0.002890395,0.0,0.0028522112,0.038580637
4224,0.20509124,0.0,0.051495392,3.1845872,2.4946672e-05,0.0,0.0005726727,0.03858047
4225,0.07780229,0.0,0.03941041,3.184587,0.0002507612,0.0,0.0027438654,0.038580183
4226,6.5077696,0.0,0.10019734,3.1845868,0.00011897481,0.0,0.0001309136,0.038579866
4227,0.15893053,0.0,15.139913,3.1845868,0.0023439587,0.0,0.00064949685,0.03858003
4228,1.8457026,0.0,0.026671568,3.1845806,0.0048121666,0.0,0.00027116714,0.038580325
4229,1.7348571,0.0,0.04975359,3.1845746,2.657843e-05,0.0,0.00022733555,0.03858061
4230,4.6641645,0.0,3.0935073,3.1845694,3.9295934e-05,0.0,0.001812702,0.03858126
4231,0.765932,0.0,0.9784402,3.1845663,0.0001525615,0.0,9.190869e-05,0.03858172
4232,0.123822756,0.0,12.440483,3.1845653,0.0010432897,0.0,0.0028369923,0.038582392
4233,0.08002984,0.0,0.06566732,3.1845524,0.0002905549,0.0,0.0016482723,0.038583256
4234,5.48779,0.0,0.025212735,3.184541,0.0020073203,0.0,0.0033503878,0.038583964
4235,0.56235504,0.0,0.03917847,3.1845307,0.00018478607,0.0,0.005706971,0.038584404
4236,1.609481,0.0,3.585107,3.184521,0.00015054009,0.0,0.0015236781,0.03858479
4237,0.7564912,0.0,0.040478002,3.184514,1.950682e-05,0.0,0.00012901796,0.038585115
4238,0.056015417,0.0,0.25477257,3.1845071,0.0009761686,0.0,0.0023723105,0.038585406
4239,6.7994637,0.0,0.0382017,3.184502,0.000175372,0.0,0.00010044873,0.03858559
4240,0.2081283,0.0,1.3977418,3.184497,0.00024675092,0.0,0.00028698897,0.038585745
4241,1.0966169,0.0,0.045359824,3.1844945,0.00020428664,0.0,0.001238483,0.038585875
4242,11.690595,0.0,0.488311,3.1844919,0.0003007519,0.0,0.00017572171,0.038586065
4243,0.19796705,0.0,1.0538958,3.18449,0.0005505886,0.0,0.00013104384,0.03858618
4244,7.269304,0.0,0.2592826,3.1844878,0.0001357324,0.0,0.00040578257,0.03858629
4245,1.2865537,0.0,2.8951933,3.1844857,0.0004725182,0.0,0.00043081684,0.03858622
4246,0.08395318,0.0,2.1016614,3.184484,0.002015153,0.0,0.001804591,0.038586896
4247,0.62786764,0.0,4.623199,3.1844814,0.00026459934,0.0,0.0009843531,0.038588595
4248,2.2964816,0.0,0.23933074,3.1844826,5.041531e-05,0.0,0.00020609102,0.038590107
4249,0.2344073,0.0,0.25006467,3.1844838,0.0019960632,0.0,0.00012523987,0.038591474
4250,2.0287251,0.0,3.2107527,3.1844864,1.4405615e-06,0.0,0.0044452334,0.038592692
4251,0.9816568,0.0,0.169231,3.184493,1.127407e-05,0.0,0.00015006255,0.038593832
4252,9.328064,0.0,1.0868927,3.1844985,9.6007185e-05,0.0,0.0001042571,0.038594875
4253,0.42106473,0.0,0.016989911,3.1845043,2.3053024e-05,0.0,0.00014769609,0.03859581
4254,0.9958167,0.0,0.9874231,3.184509,2.4978515e-05,0.0,0.00016979448,0.03859663
4255,4.713202,0.0,1.9182128,3.184515,3.4935012e-05,0.0,6.911484e-05,0.038597364
4256,3.2368674,0.0,0.062228274,3.1845212,0.0025541154,0.0,0.00034771228,0.03859796
4257,0.5764091,0.0,14.901878,3.1845272,0.0032882837,0.0,0.0003864831,0.038598534
4258,1.8039262,0.0,2.1251814,3.1845317,0.00052770623,0.0,9.9665944e-05,0.038599048
4259,5.174698,0.0,1.6613967,3.1845393,7.25772e-05,0.0,0.0010533378,0.038599476
4260,0.24705586,0.0,3.033081,3.1845477,0.00015611552,0.0,0.0020767762,0.0385998
4261,0.37444705,0.0,1.8295635,3.184557,0.003420612,0.0,0.00013091377,0.038600016
4262,9.100684,0.0,0.03534286,3.1845653,7.296978e-05,0.0,6.8410794e-05,0.038600132
4263,0.84091395,0.0,0.3869013,3.1845727,1.7468748e-05,0.0,0.00015242022,0.03860021
4264,0.17600413,0.0,0.7953579,3.1845775,0.0003512137,0.0,0.00027022898,0.03860024
4265,0.5335678,0.0,0.2529929,3.1845822,1.1593105e-05,0.0,0.0001883952,0.038600184
4266,4.977836,0.0,0.020460758,3.184587,6.977273e-06,0.0,0.0016900965,0.038600206
4267,11.605453,0.0,2.328983,3.1845915,0.0014628954,0.0,0.0016419019,0.038600136
4268,9.118907,0.0,6.1277127,3.18459,1.6093305e-05,0.0,0.00036322518,0.038599968
4269,3.647588,0.0,0.6714509,3.1845882,5.8627476e-05,0.0,0.00021926645,0.038599778
4270,3.7485714,0.0,2.1051688,3.1845875,3.505893e-05,0.0,0.00024251509,0.03859975
4271,5.326612,0.0,0.98378897,3.1845891,0.0032197796,0.0,0.0034272769,0.038599644
4272,9.81057,0.0,1.6243827,3.184591,9.08964e-05,0.0,0.00032896188,0.038599487
4273,1.3323921,0.0,0.0252503,3.184594,5.625269e-05,0.0,0.00030325569,0.03859937
4274,7.158879,0.0,0.15208717,3.1845973,5.3954198e-05,0.0,0.00020433872,0.03859921
4275,10.055675,0.0,0.032927297,3.1846008,4.045023e-05,0.0,0.00017662955,0.038599033
4276,5.40189,0.0,0.15175378,3.1846035,4.5224906e-06,0.0,0.001176496,0.038598903
4277,6.5692835,0.0,0.21469702,3.1846056,0.0019734835,0.0,0.0025928055,0.03859868
4278,1.7148638,0.0,13.309285,3.184608,2.2120661e-05,0.0,0.005048389,0.038598433
4279,2.7548025,0.0,0.66356164,3.1846101,0.0001061829,0.0,0.00013370189,0.03859825
4280,0.5679163,0.0,0.025673114,3.1846108,0.0020796228,0.0,3.9328832e-05,0.03859802
4281,2.0457063,0.0,0.0892308,3.1846108,0.00013303594,0.0,0.0022597057,0.038597744
4282,1.0094173,0.0,15.522801,3.1846104,0.00019909229,0.0,3.4496217e-05,0.038597424
4283,11.983779,0.0,0.07046456,3.1845994,4.0282735e-05,0.0,0.00029571803,0.03859704
4284,7.0876074,0.0,5.1300473,3.18459,0.0020092558,0.0,0.001962154,0.038596656
4285,3.412894,0.0,11.379922,3.1845818,0.00023246172,0.0,0.002497734,0.038596224
4286,3.7485037,0.0,9.217478,3.184573,0.00012831045,0.0,8.22494e-05,0.038595702
4287,0.11739196,0.0,11.587804,3.1845565,0.0030172798,0.0,0.0030424425,0.038595174
4288,1.7799953,0.0,0.07472233,3.1845407,0.00019606756,0.0,0.00024825084,0.038594984
4289,1.7375534,0.0,2.8778377,3.1845264,0.00010990346,0.0,0.00020995951,0.038594715
4290,2.387424,0.0,4.0753136,3.1845162,7.1350834e-05,0.0,0.00020330014,0.038594466
4291,0.2834854,0.0,0.21710913,3.184507,0.004439311,0.0,5.090348e-05,0.038594123
4292,0.7606514,0.0,0.050563797,3.1844983,0.00019392806,0.0,7.436476e-05,0.038593773
4293,0.14394756,0.0,0.28545055,3.1844907,5.988428e-05,0.0,0.00023365335,0.038593415
4294,13.56079,0.0,13.828414,3.1844835,0.00059112767,0.0,0.009256601,0.03859305
4295,1.6440933,0.0,3.3333485,3.1844738,0.00037022665,0.0,0.0027902003,0.03859386
4296,1.6224304,0.0,0.09613499,3.184467,4.4783363e-05,0.0,0.0022232553,0.038594738
4297,0.07555107,0.0,3.1885068,3.1844602,2.5610667e-05,0.0,0.0017724286,0.03859574
4298,9.164845,0.0,1.3564619,3.1844528,6.006294e-05,0.0,0.0004633977,0.038596705
4299,1.1163347,0.0,0.024448905,3.184446,0.0021343676,0.0,0.0001882837,0.038597748
4300,0.17008622,0.0,0.6701833,3.1844397,0.00036146812,0.0,0.0014240814,0.03859873
4301,8.454599,0.0,0.02644455,3.1844332,9.81361e-06,0.0,0.00038355263,0.038599733
4302,0.7693447,0.0,3.3491971,3.1844273,0.0017409603,0.0,0.003189197,0.03860074
4303,2.5530722,0.0,1.9733,3.184424,0.0002949368,0.0,0.00026448964,0.038601566
4304,1.5437899,0.0,0.09976654,3.184419,3.683449e-05,0.0,7.494351e-05,0.038602266
4305,4.4920516,0.0,0.12224097,3.1844149,0.00017433605,0.0,0.0031260909,0.03860284
4306,4.2419047,0.0,9.566643,3.1844122,1.1672551e-05,0.0,0.00017394804,0.038603336
4307,0.718889,0.0,2.6322703,3.1844018,2.3948009e-05,0.0,0.00013031407,0.038603727
4308,0.16419482,0.0,0.08568815,3.1843934,0.0018874977,0.0,0.00037025166,0.03860414
4309,0.7892249,0.0,0.34657583,3.1843858,0.00010802901,0.0,0.003048533,0.03860451
4310,5.421826,0.0,0.12632935,3.184377,0.00011739459,0.0,0.008507638,0.038604986
4311,13.935415,0.0,10.644048,3.1843674,5.376491e-05,0.0,0.0037577553,0.038605522
4312,0.208904,0.0,3.066692,3.1843603,1.6094215e-05,0.0,0.0013929133,0.03860586
4313,0.5877321,0.0,0.84178287,3.1843524,0.00012259171,0.0,6.891756e-05,0.038606174
4314,0.13962813,0.0,0.4649076,3.1843474,0.0014705522,0.0,0.00025236388,0.03860643
4315,0.7182109,0.0,0.31115043,3.184343,0.0019211776,0.0,8.2402265e-05,0.038606707
4316,0.7810324,0.0,0.7262561,3.1843393,3.960677e-05,0.0,0.0028649722,0.038606822
4317,0.9280742,0.0,0.108844995,3.1843371,8.517134e-05,0.0,6.8435314e-05,0.038606822
4318,0.45906952,0.0,1.0998049,3.1843357,0.0034825997,0.0,0.00038610847,0.03860672
4319,1.3940954,0.0,0.8702614,3.1843336,0.00022822323,0.0,0.0004194368,0.038606584
4320,0.75812465,0.0,14.451665,3.184332,3.0488287e-05,0.0,0.00023124213,0.038606677
4321,11.511578,0.0,0.13019998,3.184329,2.2500499e-05,0.0,0.00033551746,0.038606662
4322,0.49012554,0.0,0.017472982,3.1843262,0.0010637153,0.0,0.00020279053,0.038606517
4323,4.3732753,0.0,0.5619418,3.1843233,0.0027609575,0.0,0.00022330876,0.038606383
4324,0.18022144,0.0,4.54695,3.1843216,4.6414938e-05,0.0,0.00015995056,0.038606223
4325,1.6321875,0.0,25.768,3.1843197,3.093659e-06,0.0,0.00041570136,0.03860598
4326,3.8978393,0.0,0.26052818,3.1843154,0.0008500645,0.0,0.0037244877,0.038605805
4327,10.453801,0.0,0.19376025,3.1843126,3.8055787e-05,0.0,0.00021216764,0.038605545
4328,2.5005422,0.0,0.04790996,3.1843102,0.0022494763,0.0,0.00024358439,0.038605236
4329,1.4293364,0.0,0.39143553,3.1843088,1.8036932e-05,0.0,0.00035250216,0.03860486
4330,0.50194645,0.0,3.3701787,3.1843069,0.0010303783,0.0,0.00014710778,0.038604457
4331,7.1986303,0.0,0.08738983,3.184315,0.0018202006,0.0,0.0056325723,0.038604032
4332,0.4081102,0.0,9.549677,3.1843233,5.881383e-05,0.0,0.0003849803,0.038603496
4333,0.6560937,0.0,1.5322672,3.1843312,0.0033314948,0.0,0.00016641524,0.038603008
4334,12.054111,0.0,1.1917605,3.184336,0.00014302164,0.0,0.0023342762,0.03860246
4335,11.677786,0.0,0.67851967,3.1843417,0.0011663212,0.0,0.00041766136,0.038601883
4336,3.8932266,0.0,0.21876812,3.1843467,3.9709466e-05,0.0,0.0026452,0.038601406
4337,7.9970093,0.0,0.27864474,3.1843524,8.47801e-05,0.0,0.00026459122,0.038600124
4338,0.6533531,0.0,0.7248695,3.1843576,0.00026781193,0.0,0.00012323163,0.038599044
4339,0.08500425,0.0,0.44105986,3.1843638,0.00018239654,0.0,0.00016827558,0.03859803
4340,0.24011824,0.0,0.1519567,3.1843703,0.00017293105,0.0,0.004016027,0.038597092
4341,0.13741523,0.0,0.08012179,3.1843765,7.6389e-05,0.0,0.0062688375,0.03859626
4342,2.1471283,0.0,0.12416398,3.1843827,6.997042e-05,0.0,7.178956e-05,0.03859546
4343,1.6659904,0.0,1.1628392,3.1843889,0.00024262551,0.0,0.0001526277,0.038594764
4344,0.044734914,0.0,0.18576384,3.184396,0.00018111222,0.0,0.00037572853,0.03859411
4345,3.5013423,0.0,9.508742,3.1843991,6.0349732e-05,0.0,0.0021605464,0.038593452
4346,0.43927065,0.0,0.25198507,3.1843975,0.00017714605,0.0,0.000108834916,0.03859306
4347,2.1967106,0.0,0.025894653,3.1843958,0.00012908866,0.0,0.0032289454,0.038592722
4348,0.22889216,0.0,2.2093875,3.1843941,7.226295e-05,0.0,0.0017017492,0.038592346
4349,3.7825553,0.0,7.107975,3.1843927,9.708999e-05,0.0,0.00010563189,0.038592394
4350,1.719642,0.0,0.42012954,3.1843927,3.1028016e-05,0.0,8.344003e-05,0.038592394
4351,0.21066853,0.0,0.124822326,3.1843922,0.0010925371,0.0,0.0001370136,0.03859234
4352,2.038412,0.0,0.8125793,3.1843925,0.00025890928,0.0,0.0035182878,0.038592283
4353,1.3401808,0.0,2.1574364,3.184396,1.1630271e-05,0.0,0.000104930936,0.03859212
4354,1.7307682,0.0,2.4424424,3.1844013,5.5985158e-05,0.0,0.00012193833,0.038591947
4355,1.0056117,0.0,0.015799558,3.1844094,2.6731912e-05,0.0,0.00029687688,0.038591802
4356,5.0576177,0.0,0.091249965,3.1844165,8.970063e-05,0.0,0.00010071343,0.038591713
4357,12.825759,0.0,0.27161103,3.184423,4.3685355e-05,0.0,0.0031626313,0.038591564
4358,5.7419767,0.0,0.021418894,3.1844292,1.0130714e-05,0.0,0.00047170284,0.038591374
4359,1.7917118,0.0,4.373449,3.1844347,0.00013139499,0.0,0.0024153586,0.038591545
4360,0.06466202,0.0,0.8997431,3.1844416,2.8063936e-05,0.0,0.0026708748,0.038591653
4361,0.5302937,0.0,6.2121763,3.1844494,2.7795591e-05,0.0,0.0029483174,0.03859172
4362,0.10183921,0.0,0.28177968,3.1844604,0.00083867146,0.0,0.0008195573,0.038591817
4363,0.3530235,0.0,4.1205406,3.1844697,9.33272e-05,0.0,5.287052e-05,0.038591854
4364,3.3325133,0.0,0.21450698,3.18448,3.159099e-05,0.0,5.411023e-05,0.038591824
4365,3.7787886,0.0,0.79606354,3.1844895,0.00035696637,0.0,8.91582e-05,0.038591713
4366,0.3500375,0.0,0.6524386,3.1844985,6.794174e-05,0.0,0.0017521179,0.03859156
4367,2.4303493,0.0,1.1343081,3.1845071,0.0013649969,0.0,9.3513896e-05,0.038591567
4368,13.225246,0.0,14.36922,3.184515,4.5708195e-05,0.0,0.0001632525,0.038591534
4369,9.789452,0.0,1.2769483,3.1845205,1.4675608e-05,0.0,0.0012286988,0.038591526
4370,13.2038145,0.0,0.27353415,3.1845255,1.001678e-05,0.0,0.0029182283,0.038591456
4371,6.385174,0.0,3.281686,3.18453,8.809537e-06,0.0,0.0035547887,0.038591377
4372,5.803607,0.0,0.036264725,3.1845345,1.4756575e-05,0.0,0.00010431029,0.03859131
4373,0.33775362,0.0,0.050759852,3.1845381,0.0018283735,0.0,0.0018227594,0.03859123
4374,0.43913412,0.0,0.054136906,3.1845431,4.386293e-05,0.0,0.00016274027,0.03859122
4375,0.34919858,0.0,4.5326357,3.1845474,1.8045805e-05,0.0,0.00033571618,0.03859115
4376,2.920269,0.0,2.5112436,3.1845503,1.2810497e-05,0.0,0.00019854828,0.03859101
4377,0.4341728,0.0,2.103516,3.1845536,0.003417191,0.0,0.0022498856,0.038590863
4378,0.30068418,0.0,11.911706,3.1845577,5.5906352e-05,0.0,0.00015403646,0.038590685
4379,0.72981715,0.0,4.7608643,3.1845639,1.6298088e-06,0.0,0.0007999073,0.03859059
4380,15.826805,0.0,9.577311,3.18457,0.0017717513,0.0,0.0025527847,0.03859052
4381,4.270031,0.0,0.83237475,3.1845646,0.00017525721,0.0,0.0014123353,0.03859025
4382,1.2033727,0.0,0.74124986,3.184561,3.390098e-05,0.0,6.747655e-05,0.038589925
4383,1.6123397,0.0,0.4767391,3.1845577,0.001579721,0.0,0.00042069098,0.03858956
4384,0.5696287,0.0,0.111044735,3.184556,5.1511975e-05,0.0,0.0002092016,0.038589273
4385,0.21720403,0.0,0.27761722,3.1845543,6.510846e-05,0.0,0.0033079244,0.038588997
4386,11.003245,0.0,0.5370808,3.1845531,1.0001418e-05,0.0,0.0035204564,0.038588714
4387,1.1662076,0.0,0.032788284,3.1845517,5.0289154e-06,0.0,0.00057667564,0.038588375
4388,8.965918,0.0,0.28884774,3.18455,5.2138046e-05,0.0,7.265399e-05,0.038588222
4389,0.52793527,0.0,1.0976459,3.184549,0.00013867594,0.0,0.00012350874,0.03858804
4390,8.801159,0.0,0.3878375,3.1845496,2.0663574e-05,0.0,5.98659e-05,0.038587827
4391,0.10789217,0.0,0.46155193,3.18455,0.0009161116,0.0,0.00016147431,0.038587514
4392,1.5764658,0.0,0.037550736,3.184551,2.06912e-05,0.0,0.00014717881,0.038587175
4393,0.056469794,0.0,0.074276805,3.184552,0.0001303915,0.0,0.00012408124,0.03858679
4394,1.2246872,0.0,0.077197805,3.1845527,0.0001070115,0.0,0.00010673522,0.038586434
4395,11.152179,0.0,10.336568,3.1845534,7.9877485e-05,0.0,0.00030147273,0.038586006
4396,0.11969725,0.0,0.028291043,3.184552,0.00023785517,0.0,0.00017633763,0.03858607
4397,1.2712141,0.0,1.5797142,3.1845508,5.9169157e-05,0.0,0.0001620433,0.038586184
4398,1.4127327,0.0,0.78385496,3.1845517,2.5485417e-05,0.0,0.0019036303,0.038586218
4399,3.325112,0.0,0.04416278,3.1845512,2.694149e-05,0.0,0.00010797783,0.038586125
4400,0.3738123,0.0,10.0057535,3.1845512,0.0005149909,0.0,0.0018150606,0.038585983
4401,0.12735467,0.0,0.1475863,3.1845496,2.615893e-05,0.0,0.00022969628,0.03858587
4402,0.95247257,0.0,0.54349184,3.1845486,2.0064543e-05,0.0,0.002949888,0.03858573
4403,5.720195,0.0,0.7709583,3.1845486,6.9534566e-05,0.0,0.0013973548,0.038585596
4404,0.2670143,0.0,0.40081787,3.1845496,1.0187965e-05,0.0,0.0014206815,0.03858541
4405,15.558273,0.0,0.15978497,3.1845505,0.0027664052,0.0,0.00060590747,0.038585532
4406,1.0751021,0.0,0.73312587,3.184552,1.4070425e-05,0.0,0.00014169373,0.038585596
4407,0.16734712,0.0,0.059968233,3.184554,6.0781554e-06,0.0,0.0005265452,0.038585525
4408,0.49907264,0.0,2.1087646,3.1845572,1.49989755e-05,0.0,0.00034892597,0.03858546
4409,0.116784334,0.0,15.779854,3.184558,0.00024363294,0.0,0.0029124443,0.03858536
4410,0.36144626,0.0,0.14994135,3.1845574,0.0026051959,0.0,0.000111391055,0.038585257
4411,0.19393559,0.0,2.1175332,3.184557,0.0002509459,0.0,0.0002803895,0.03858511
4412,0.19266121,0.0,0.98506343,3.1845558,1.1910928e-05,0.0,0.0004128698,0.038584944
4413,5.9539795,0.0,0.19246149,3.1845565,0.001023828,0.0,0.0017476174,0.038584825
4414,0.6538698,0.0,5.0950713,3.1845586,8.975054e-05,0.0,0.0004009547,0.038584612
4415,3.7575488,0.0,13.701504,3.1845582,3.2510074e-05,0.0,0.0002285182,0.03858437
4416,0.45757097,0.0,0.22105053,3.1845567,3.0687304e-05,0.0,0.00014412285,0.03858422
4417,10.001011,0.0,12.639302,3.1845565,2.5095382e-05,0.0,6.5596716e-05,0.038584024
4418,0.112907454,0.0,0.20607905,3.1845539,4.6437344e-06,0.0,0.0001405327,0.038583823
4419,9.708177,0.0,1.0750103,3.184551,4.1092797e-05,0.0,2.8414548e-05,0.038583584
4420,0.45164695,0.0,0.08707461,3.1845496,3.8610182e-05,0.0,0.00017155282,0.038583297
4421,0.17694743,0.0,0.050084945,3.1845484,0.0037528034,0.0,0.00047521715,0.03858282
4422,0.42660856,0.0,8.648317,3.1845477,7.5970565e-06,0.0,0.00012945259,0.038582686
4423,11.547586,0.0,0.14731796,3.184546,3.7852296e-05,0.0,0.0035646106,0.03858248
4424,0.74951285,0.0,7.9023147,3.1845443,0.0023106663,0.0,0.00088020903,0.038583037
4425,4.459986,0.0,2.1825488,3.1845446,6.787992e-05,0.0,0.0055851694,0.038583655
4426,0.65835243,0.0,0.16545245,3.184548,4.0618783e-05,0.0,0.00040354094,0.03858424
4427,5.075574,0.0,0.041626204,3.18455,0.0031200675,0.0,0.0024599102,0.03858481
4428,8.540775,0.0,3.2882261,3.184552,4.5018323e-06,0.0,0.001975517,0.038585324
4429,11.889557,0.0,6.1490426,3.1845543,0.00059775106,0.0,0.0026601336,0.03858568
4430,0.10278801,0.0,3.3223643,3.1845531,0.0015476636,0.0,0.0027585363,0.038585894
4431,3.5035641,0.0,2.511015,3.1845517,4.1399984e-05,0.0,9.079774e-05,0.038586535
4432,7.2254333,0.0,1.959368,3.1845543,4.9039783e-05,0.0,0.00024633558,0.03858707
4433,1.2734207,0.0,0.022229187,3.1845574,0.00017394107,0.0,0.0032582441,0.038587432
4434,2.3919737,0.0,0.47239742,3.1845603,0.0037109675,0.0,0.004411799,0.038587656
4435,3.5224934,0.0,1.3166323,3.1845627,4.138607e-05,0.0,0.00012071818,0.038587898
4436,2.5635228,0.0,0.8162143,3.1845653,3.637497e-05,0.0,0.0027232983,0.038588062
4437,1.0136842,0.0,0.39019322,3.184568,1.5686282e-06,0.0,0.0024548012,0.03858825
4438,0.44685465,0.0,1.1106642,3.184571,4.661061e-05,0.0,0.0002886135,0.038588442
4439,2.6377738,0.0,0.04792684,3.1845758,0.0019012117,0.0,0.00012095481,0.038588572
4440,8.42703,0.0,0.03709377,3.18458,0.000106241445,0.0,7.666657e-05,0.03858864
4441,3.4417713,0.0,0.22039717,3.1845832,0.0028635126,0.0,0.00034924466,0.03858864
4442,0.31183144,0.0,4.431843,3.1845872,0.0053675524,0.0,0.0029797484,0.03858865
4443,1.7102981,0.0,0.17570905,3.1845915,1.6472728e-05,0.0,0.000121281686,0.038588706
4444,1.4549235,0.0,0.59842396,3.1845958,0.0015583136,0.0,0.00062992796,0.038588703
4445,0.38574827,0.0,0.18490247,3.1846,0.000290092,0.0,0.00025547232,0.038589112
4446,0.9240339,0.0,4.189083,3.1846037,6.0110695e-05,0.0,0.00022632448,0.038589366
4447,0.99241936,0.0,12.269063,3.1846075,0.00010548232,0.0,0.0023159073,0.038589563
4448,1.7598742,0.0,11.271853,3.1846023,0.00023090381,0.0,0.00024686946,0.038589686
4449,0.251288,0.0,0.020775754,3.184602,2.2876457e-06,0.0,0.0025323846,0.038589783
4450,1.2056129,0.0,1.9231176,3.184602,0.00011341055,0.0,0.00045445864,0.0385899
4451,1.351599,0.0,0.2710429,3.1846015,0.00022206051,0.0,0.00046431838,0.038589876
4452,0.27961692,0.0,5.253691,3.1846006,0.0001256422,0.0,0.0002236008,0.03858998
4453,5.9133086,0.0,5.2534447,3.1846015,5.7725778e-05,0.0,0.0011342763,0.038590007
4454,1.8269439,0.0,0.40099812,3.1846075,4.0234563e-06,0.0,0.003601042,0.038590044
4455,0.3757177,0.0,0.14719436,3.1846128,4.557079e-05,0.0,0.0017505259,0.038590066
4456,0.28306562,0.0,2.3569853,3.1846173,0.00058281963,0.0,0.00018292989,0.03859017
4457,0.22147606,0.0,15.025949,3.1846168,0.0005371615,0.0,5.3989774e-05,0.038590305
4458,12.064089,0.0,0.07725203,3.1846108,0.0004781781,0.0,0.00086435676,0.038590305
4459,1.0118389,0.0,1.1546673,3.1846058,3.3017346e-05,0.0,0.00039745856,0.03859054
4460,1.6035312,0.0,0.43903595,3.184601,0.0002329484,0.0,0.003238464,0.03859095
4461,0.68907446,0.0,0.14786018,3.1845994,5.8665184e-05,0.0,0.0005773063,0.038591277
4462,9.06962,0.0,9.419478,3.1845975,0.0018339009,0.0,8.3853985e-05,0.038591497
4463,0.5371035,0.0,0.56683385,3.1845942,0.00011018304,0.0,0.0026996357,0.038591705
4464,0.1593494,0.0,0.042789347,3.1845927,0.00020301426,0.0,0.0009346575,0.03859188
4465,2.972418,0.0,2.1749783,3.1845915,4.4207398e-05,0.0,0.00016532849,0.038592085
4466,1.1876308,0.0,1.6875252,3.1845918,0.00015374363,0.0,0.00038344797,0.03859222
4467,4.9085555,0.0,0.9147077,3.184593,6.268708e-05,0.0,0.00012198558,0.038592238
4468,0.54245526,0.0,0.03375399,3.184595,0.00022091057,0.0,0.00025174435,0.038592238
4469,2.350818,0.0,0.19365992,3.1845968,0.00014788003,0.0,0.00020324717,0.038592245
4470,0.3112487,0.0,0.13167782,3.1845996,9.578405e-05,0.0,0.00025289704,0.038592197
4471,9.796846,0.0,0.87397283,3.1846015,2.1774442e-05,0.0,0.0029508648,0.038592182
4472,5.284477,0.0,1.9821281,3.1846066,4.589758e-05,0.0,6.45184e-05,0.038592327
4473,1.64521,0.0,10.733851,3.184611,8.09542e-05,0.0,0.00042515353,0.03859241
4474,2.2773652,0.0,0.04080117,3.1846108,6.229857e-05,0.0,0.0030330154,0.03859236
4475,0.6467224,0.0,0.52946645,3.1846108,1.4810018e-05,0.0,0.0039605764,0.038592264
4476,3.2073948,0.0,0.2186974,3.1846113,3.310439e-05,0.0,0.00010070379,0.03859207
4477,1.2449249,0.0,1.1693022,3.1846128,1.1875934e-05,0.0,0.0027820538,0.038591813
4478,1.1965182,0.0,0.23027529,3.1846125,0.002452549,0.0,0.00028357518,0.038591493
4479,0.21635932,0.0,1.4999224,3.1846116,1.3434548e-06,0.0,0.00042390634,0.03859114
4480,12.812393,0.0,14.205754,3.18461,1.959407e-05,0.0,4.741381e-05,0.03859075
4481,1.0147074,0.0,5.516883,3.1846037,0.0014258117,0.0,0.00023781683,0.038590338
4482,0.48096418,0.0,0.68518746,3.1846013,0.0030621719,0.0,0.00011371989,0.0385898
4483,0.49902344,0.0,1.9114927,3.1846008,5.8370886e-05,0.0,0.00013109158,0.038589425
4484,0.4142294,0.0,2.041088,3.1846027,0.0023278922,0.0,0.00015499239,0.038588993
4485,2.999536,0.0,9.54729,3.184607,0.0008488147,0.0,0.00017334588,0.03858859
4486,1.2320415,0.0,12.520052,3.184605,0.00015014983,0.0,0.0002792655,0.03858783
4487,1.4694693,0.0,1.4522067,3.1845992,0.00014739869,0.0,0.0065097483,0.03858715
4488,1.0998312,0.0,0.5362092,3.1845963,0.00014456805,0.0,0.00024154157,0.038586434
4489,0.7761275,0.0,0.05536416,3.184594,9.047334e-05,0.0,0.0017282366,0.038585737
4490,0.37238964,0.0,3.5926487,3.1845915,4.7829046e-05,0.0,0.003255699,0.03858462
4491,0.5454851,0.0,0.3533609,3.1845927,3.4603625e-05,0.0,0.0002590781,0.038583457
4492,9.244222,0.0,0.52184236,3.1845968,1.0270498e-05,0.0,0.006146567,0.038583092
4493,1.8373481,0.0,0.040427096,3.1845999,2.3859677e-05,0.0,0.0029605287,0.038582988
4494,0.92375827,0.0,7.096064,3.184603,0.0017678661,0.0,0.00018086778,0.038582843
4495,0.29053962,0.0,4.324254,3.1846058,0.0029485165,0.0,0.00064448593,0.038582616
4496,0.60217506,0.0,2.6113956,3.184608,0.0016412705,0.0,0.000537779,0.03858234
4497,3.8675811,0.0,0.8844544,3.18461,4.1526787e-06,0.0,0.002988432,0.03858203
4498,0.47008276,0.0,3.914553,3.1846144,0.003318672,0.0,0.00028876914,0.038581688
4499,1.4253154,0.0,5.1217523,3.1846204,6.381992e-05,0.0,0.00013132066,0.03858122
4500,0.03054794,0.0,0.9692239,3.1846244,4.5500114e-05,0.0,0.0001560988,0.03858081
4501,13.393184,0.0,0.38189018,3.184629,0.0011371508,0.0,0.000114646005,0.038580466
4502,0.65223,0.0,0.2986267,3.1846333,1.6063128e-05,0.0,0.00032267152,0.0385801
4503,1.3323091,0.0,3.75193,3.1846397,0.00011518955,0.0,0.0027354402,0.03857985
4504,1.0617363,0.0,0.058881506,3.1846468,0.00011438424,0.0,0.0014379628,0.038579572
4505,0.19250865,0.0,0.67756414,3.1846526,6.143835e-05,0.0,0.0029139179,0.038579203
4506,1.9531553,0.0,0.038318813,3.1846614,1.5428941e-05,0.0,0.0033220507,0.038578942
4507,0.9660282,0.0,0.1231198,3.1846685,0.00010729859,0.0,3.2385942e-05,0.03857901
4508,0.2701675,0.0,5.0475435,3.184675,0.00020221715,0.0,0.0052050212,0.038579006
4509,0.06991224,0.0,0.13770819,3.1846814,1.0011779e-06,0.0,0.00013095843,0.03857887
4510,0.36984354,0.0,0.03837811,3.1846879,8.424908e-05,0.0,0.00025292928,0.038578708
4511,10.384669,0.0,0.19094728,3.1846938,0.002413587,0.0,0.0019917623,0.038578454
4512,25.370596,0.0,0.7103473,3.1846995,0.00014749095,0.0,0.0036317385,0.038578115
4513,0.24497652,0.0,0.9199129,3.1847086,0.00011524613,0.0,0.00023805286,0.03857785
4514,0.78846604,0.0,0.016900627,3.1847184,4.0049235e-05,0.0,0.003928268,0.03857764
4515,0.4507134,0.0,9.71943,3.1847272,2.4288736e-05,0.0,0.00033639328,0.03857735
4516,14.243965,0.0,0.13294056,3.1847265,7.419349e-05,0.0,0.0003733824,0.038577262
4517,7.8310256,0.0,0.50274974,3.1847248,0.0027200906,0.0,0.00010639231,0.038577594
4518,0.21272148,0.0,0.023173323,3.1847234,2.2821116e-05,0.0,0.0023214477,0.03857778
4519,0.31360257,0.0,0.11674413,3.184722,1.2617389e-05,0.0,0.0011656121,0.03857785
4520,0.18948245,0.0,5.1658554,3.1847203,0.0010184067,0.0,8.669647e-05,0.038577892
4521,1.3950685,0.0,0.019877149,3.1847222,3.2306623e-05,0.0,0.0022158104,0.038577694
4522,0.44289002,0.0,0.07205967,3.184723,4.501188e-05,0.0,0.0003310114,0.038577322
4523,10.877369,0.0,0.028368121,3.1847246,0.00012930008,0.0,0.0018457237,0.038576845
4524,5.0983,0.0,0.04602773,3.1847258,5.0567072e-05,0.0,0.00017435843,0.03857643
4525,1.8780929,0.0,4.6622148,3.1847262,1.6197762e-06,0.0,0.0002958299,0.038576014
4526,2.724247,0.0,0.31408042,3.1847293,4.2640095e-05,0.0,0.0007828589,0.03857565
4527,14.475472,0.0,0.5630355,3.1847286,2.1317894e-05,0.0,0.00020142188,0.038575232
4528,0.38931853,0.0,0.4995464,3.1847289,3.780313e-05,0.0,0.00017382778,0.038574826
4529,4.755356,0.0,0.11125623,3.1847289,3.390254e-05,0.0,0.00031131125,0.038574405
4530,3.926296,0.0,11.147171,3.1847284,1.5721647e-05,0.0,0.0056638024,0.038573913
4531,4.813409,0.0,4.567016,3.1847255,5.4971835e-05,0.0,0.00018094474,0.03857327
4532,1.5453407,0.0,3.8178763,3.184724,3.1253225e-05,0.0,0.00033721945,0.03857265
4533,3.8222175,0.0,0.058888875,3.1847248,0.00016735343,0.0,0.0008507234,0.038572103
4534,0.5875212,0.0,7.5651774,3.184725,0.0031819222,0.0,0.0002830264,0.038571626
4535,2.5665565,0.0,0.31175464,3.1847272,3.149091e-05,0.0,0.0017658082,0.03857115
4536,3.0610998,0.0,0.027773261,3.18473,4.0929476e-06,0.0,0.00072376325,0.03857051
4537,4.7626233,0.0,5.4684896,3.1847322,2.3553546e-05,0.0,0.0003153698,0.03857022
4538,8.143209,0.0,0.27969033,3.184736,6.3371513e-06,0.0,0.00010531039,0.03856998
4539,0.14624004,0.0,0.088017724,3.1847394,3.667573e-06,0.0,0.000641795,0.03856974
4540,4.0584273,0.0,0.38423154,3.1847417,3.7593934e-05,0.0,0.0002988012,0.03856949
4541,9.398291,0.0,0.14768155,3.1847441,1.07190435e-05,0.0,0.0006176836,0.038569193
4542,0.48518208,0.0,9.316127,3.1847453,0.0034109142,0.0,0.000646914,0.03856888
4543,5.5440927,0.0,0.021631686,3.1847484,1.4261712e-05,0.0,0.00030427534,0.03856845
4544,12.483826,0.0,3.1310537,3.184751,0.0024842918,0.0,0.00043735682,0.038568098
4545,0.072109126,0.0,3.2254272,3.1847522,3.375521e-05,0.0,0.00015392964,0.03856784
4546,2.6356997,0.0,1.3520392,3.1847522,0.003116109,0.0,0.00016862081,0.03856762
4547,2.5448961,0.0,0.21406035,3.1847513,0.0021498732,0.0,0.0037636857,0.038567357
4548,11.773659,0.0,9.2163,3.184751,3.1534324e-05,0.0,0.0005976579,0.038567137
4549,0.36760822,0.0,0.7847851,3.1847484,2.567711e-05,0.0,0.003554396,0.038568392
4550,2.21859,0.0,1.4351165,3.1847463,0.0019815227,0.0,0.00037993598,0.0385694
4551,0.13501768,0.0,0.062350094,3.1847458,0.002713227,0.0,0.00041413395,0.038570717
4552,0.9760208,0.0,10.999345,3.1847446,0.00012462992,0.0,0.00023655553,0.03857192
4553,2.0165212,0.0,7.0643563,3.1847405,0.0022726336,0.0,0.00012469036,0.03857295
4554,0.07790923,0.0,0.09205491,3.1847386,5.7340025e-05,0.0,0.0033967595,0.038573813
4555,0.17686398,0.0,7.3813624,3.184737,4.7244284e-05,0.0,0.0017217393,0.038574826
4556,1.6461065,0.0,11.553818,3.184735,0.0001500601,0.0,0.00017541027,0.03857567
4557,2.6986759,0.0,0.26293927,3.1847334,0.00013831773,0.0,5.900061e-05,0.038576383
4558,0.90731657,0.0,7.5878897,3.184733,4.1023786e-06,0.0,0.0001270778,0.03857695
4559,0.16744494,0.0,4.4227815,3.18473,8.897971e-05,0.0,0.00037963642,0.03857742
4560,1.4905394,0.0,0.017491931,3.184726,7.5622456e-06,0.0,0.0001680716,0.03857779
4561,15.520772,0.0,12.847679,3.1847222,1.4583999e-05,0.0,0.002048791,0.038578015
4562,0.60200495,0.0,0.93482673,3.1847181,0.00012979435,0.0,0.002586197,0.038578145
4563,0.63114095,0.0,0.30233064,3.184717,8.7654334e-05,0.0,0.0028433548,0.03857823
4564,0.9806889,0.0,0.018178577,3.1847167,9.920822e-05,0.0,0.0027088968,0.038578365
4565,0.1567097,0.0,12.678342,3.1847165,1.8015917e-05,0.0,0.0002566113,0.038578577
4566,0.5798749,0.0,0.09451346,3.1847155,3.0348906e-06,0.0,0.0010553672,0.038578607
4567,0.7324955,0.0,3.4478192,3.184715,0.0021445635,0.0,0.00011455929,0.038578585
4568,9.774317,0.0,21.066122,3.1847148,0.0026097898,0.0,0.0013276335,0.03857853
4569,0.20037973,0.0,0.05333374,3.1847107,3.9112754e-05,0.0,0.00010592991,0.038578898
4570,0.5669395,0.0,11.494962,3.1847067,5.6282955e-05,0.0,0.00012749343,0.03857921
4571,1.8895289,0.0,0.24710673,3.1846986,3.6821017e-05,0.0,0.0007410809,0.0385794
4572,0.09378151,0.0,0.051081344,3.1846912,1.6379954e-05,0.0,0.00012332649,0.038579464
4573,1.4105407,0.0,0.23677272,3.184684,0.00010415596,0.0,8.892489e-05,0.03857947
4574,1.8877856,0.0,0.17325462,3.184676,4.880688e-05,0.0,5.6381345e-05,0.03857944
4575,0.93783736,0.0,0.023664176,3.1846678,6.955133e-05,0.0,0.00053257163,0.038579352
4576,0.58851796,0.0,0.5528652,3.1846604,4.0988016e-06,0.0,0.00025885046,0.038579196
4577,0.59295315,0.0,0.3843151,3.184654,0.003371867,0.0,0.0025085183,0.03857906
4578,0.24854395,0.0,1.4772193,3.1846502,0.00011567679,0.0,0.0006038326,0.03857881
4579,0.06023224,0.0,1.8698306,3.1846468,1.3352571e-05,0.0,0.00063262123,0.038578432
4580,0.13784587,0.0,2.6965723,3.1846442,0.002186385,0.0,0.0012233036,0.03857804
4581,12.2431965,0.0,8.249605,3.1846464,1.5345373e-05,0.0,0.00025214197,0.038577788
4582,1.2944287,0.0,1.6041485,3.1846454,0.00010136949,0.0,3.495119e-05,0.038577754
4583,1.0399668,0.0,0.07543596,3.1846437,0.0025334344,0.0,6.9853195e-05,0.038577642
4584,0.19240679,0.0,8.8785095,3.1846423,4.400674e-06,0.0,0.0007571451,0.038577482
4585,0.82814634,0.0,0.030499378,3.1846387,0.00123126,0.0,0.00027061926,0.038577355
4586,0.07086418,0.0,4.955839,3.1846356,8.0714446e-05,0.0,0.00012608823,0.038577355
4587,0.6240667,0.0,3.5376842,3.1846387,2.304162e-05,0.0,3.7484817e-05,0.0385773
4588,13.444851,0.0,5.5470405,3.1846411,3.0294135e-05,0.0,0.003973212,0.03857713
4589,8.769046,0.0,0.13411221,3.1846385,7.1652095e-05,0.0,0.0010910508,0.038576912
4590,0.15736316,0.0,0.54250884,3.1846366,0.0023985838,0.0,0.00027156732,0.038576692
4591,3.064884,0.0,6.773374,3.1846387,0.00066996046,0.0,0.00052486453,0.038576473
4592,0.25804883,0.0,0.19702825,3.1846402,2.019189e-06,0.0,0.0040522385,0.03857635
4593,1.9502233,0.0,0.07864218,3.1846404,2.396058e-05,0.0,0.000299988,0.038576193
4594,16.017801,0.0,9.02869,3.1846406,0.00019794898,0.0,0.00035635004,0.038576074
4595,17.553936,0.0,2.0139985,3.1846402,0.00015535843,0.0,0.0002206953,0.03857621
4596,1.4529072,0.0,12.00321,3.1846414,0.0015182339,0.0,0.00012679414,0.03857643
4597,0.5707209,0.0,0.9417119,3.184641,0.004428314,0.0,0.0017686139,0.038576603
4598,0.6786997,0.0,0.121636495,3.1846395,3.715347e-05,0.0,0.0008002205,0.038576823
4599,0.22387838,0.0,4.226873,3.1846385,3.1387768e-05,0.0,8.9597655e-05,0.038577035
4600,1.7643248,0.0,4.7629294,3.1846375,0.0019028788,0.0,0.00034301225,0.03857719
4601,5.110896,0.0,0.4758042,3.1846352,3.2879827e-05,0.0,0.00013845388,0.03857742
4602,0.41444993,0.0,6.652021,3.184634,0.0035729334,0.0,5.4391545e-05,0.038577568
4603,0.11115047,0.0,0.9274249,3.1846266,4.5031184e-06,0.0,0.0060589137,0.038577702
4604,0.14485598,0.0,1.0495322,3.184619,0.00022042534,0.0,0.0001834844,0.038577758
4605,0.3710445,0.0,0.44965437,3.1846128,0.00021895445,0.0,0.0013521276,0.038577765
4606,0.14372063,0.0,0.6024828,3.1846085,0.00037050174,0.0,0.000509195,0.038577776
4607,3.5752952,0.0,0.70207596,3.1846054,0.001535355,0.0,0.00013818845,0.038578272
4608,2.292295,0.0,0.909163,3.1846015,0.0011417653,0.0,0.0034100725,0.03857865
4609,0.39066806,0.0,9.989616,3.1846,1.1368555e-05,0.0,0.0017520685,0.038579
4610,0.36225396,0.0,0.20109892,3.1845999,0.00028658245,0.0,0.00024495652,0.03857925
4611,0.6579043,0.0,0.84242076,3.1845996,0.00013531969,0.0,0.0001752058,0.038579434
4612,0.19093469,0.0,0.44489527,3.1845994,0.0024116675,0.0,0.0054859943,0.038579654
4613,6.7765555,0.0,11.686346,3.1846006,0.00053789373,0.0,0.00013062847,0.038579427
4614,0.24992974,0.0,3.354424,3.1845996,0.0016992074,0.0,0.0029669164,0.038579185
4615,0.18401234,0.0,21.850973,3.1845987,4.208796e-05,0.0,0.0016412905,0.038578946
4616,1.0205154,0.0,9.714425,3.1845844,0.00015934747,0.0,0.00014134668,0.038578752
4617,0.43172115,0.0,0.13496087,3.1845703,0.00017550016,0.0,0.0011910996,0.03857847
4618,20.474615,0.0,0.5343286,3.1845577,0.00039143095,0.0,0.00010837716,0.038578156
4619,3.6255023,0.0,1.1331949,3.184549,0.00040755895,0.0,0.00010436136,0.038577765
4620,0.22298764,0.0,4.892404,3.1845412,0.0016561975,0.0,0.00014387895,0.038577333
4621,0.20121168,0.0,0.19325283,3.1845357,0.0034651414,0.0,6.6329594e-05,0.03857689
4622,1.2513175,0.0,1.6997634,3.1845315,0.00021933159,0.0,7.178258e-05,0.038576446
4623,1.4564364,0.0,0.7256672,3.1845276,0.00045270758,0.0,0.00023562435,0.038575962
4624,0.039199986,0.0,1.722023,3.1845238,5.3888372e-05,0.0,0.0030052657,0.038575493
4625,0.32264033,0.0,8.313008,3.1845267,6.448984e-05,0.0,0.00021187031,0.03857504
4626,0.5357777,0.0,4.0716,3.1845284,5.3629614e-05,0.0,0.00011752236,0.03857454
4627,5.4712434,0.0,0.11348655,3.1845348,0.00088502467,0.0,6.7544155e-05,0.03857399
4628,0.29563057,0.0,0.19158542,3.18454,5.244048e-06,0.0,0.001640595,0.03857345
4629,0.5363466,0.0,4.8358974,3.1845458,7.904833e-05,0.0,0.00021968054,0.038573213
4630,0.57997656,0.0,1.6386248,3.1845546,0.0065339217,0.0,0.00022704102,0.038573023
4631,0.34546435,0.0,0.19283211,3.1845632,5.914774e-05,0.0,0.0003181256,0.038572814
4632,0.08327144,0.0,0.23243463,3.1845696,0.00094203424,0.0,0.0061923796,0.038572468
4633,0.07678966,0.0,0.9605238,3.1845767,0.00012904908,0.0,0.00042980074,0.03857215
4634,0.48270035,0.0,0.099678256,3.1845849,6.582734e-05,0.0,0.00038883573,0.03857202
4635,1.009256,0.0,3.5116522,3.1845922,3.0745134e-06,0.0,0.0008684242,0.038572684
4636,0.31362855,0.0,0.10832118,3.1845996,9.1033864e-05,0.0,0.003710054,0.03857329
4637,0.16767536,0.0,0.028314624,3.1846051,9.4636154e-05,0.0,0.0018439856,0.038573977
4638,6.520686,0.0,11.307577,3.1846104,0.00016781955,0.0,0.00036670692,0.038574558
4639,0.12898727,0.0,10.626027,3.1846151,4.283836e-05,0.0,0.002557387,0.03857488
4640,0.722868,0.0,0.032459732,3.1846206,0.0027909349,0.0,0.0021570213,0.03857542
4641,1.3330851,0.0,0.025610607,3.184625,9.285486e-05,0.0,0.003880202,0.038575903
4642,6.5371385,0.0,0.8933503,3.184628,0.002069277,0.0,0.001611369,0.038576435
4643,0.18793447,0.0,10.057033,3.1846318,5.2526382e-05,0.0,0.004132295,0.03857685
4644,0.101864755,0.0,1.9319906,3.184627,6.8399695e-06,0.0,0.0030150271,0.038577218
4645,0.21631898,0.0,0.41819423,3.1846204,9.840746e-05,0.0,0.00015298642,0.038577538
4646,0.04450811,0.0,6.627668,3.184615,7.773333e-06,0.0,0.0029965986,0.038577944
4647,0.3485129,0.0,7.809823,3.18461,3.9818944e-05,0.0,0.00082538585,0.038578536
4648,0.2803935,0.0,11.325026,3.1846042,0.00026682956,0.0,0.000109649256,0.038579073
4649,0.14873417,0.0,0.18388672,3.1845965,0.00011185117,0.0,0.00016199889,0.03857949
4650,0.17858003,0.0,0.1648734,3.18459,0.0008135842,0.0,0.0006457407,0.038579654
4651,0.5016303,0.0,0.065948136,3.184583,5.325745e-05,0.0,0.00014589842,0.038579997
4652,0.56959057,0.0,0.034771368,3.1845763,0.00010787665,0.0,0.0025458657,0.03858019
4653,20.785166,0.0,5.379528,3.184569,0.0015031854,0.0,0.00032127852,0.03858037
4654,1.3887058,0.0,6.1645856,3.1845613,0.0002708473,0.0,0.0019834489,0.038580496
4655,3.6774647,0.0,17.976068,3.1845524,0.000110927955,0.0,0.00046969662,0.038579844
4656,9.344048,0.0,1.545627,3.1845386,0.00022715199,0.0,0.002564028,0.038579397
4657,4.468283,0.0,0.24785446,3.1845274,0.0004076728,0.0,0.0016182322,0.03857892
4658,0.9369458,0.0,0.043493953,3.184517,1.8905834e-05,0.0,0.003328709,0.038578436
4659,0.5745131,0.0,1.2993914,3.184508,8.005748e-05,0.0,0.0012739722,0.038578082
4660,0.8006461,0.0,5.117716,3.1844969,2.3779721e-05,0.0,0.0007563159,0.038578294
4661,2.674495,0.0,0.94798934,3.1844873,5.2550917e-05,0.0,0.0029245955,0.038578473
4662,2.4131055,0.0,2.361752,3.184478,0.0039842217,0.0,0.00013171637,0.038578328
4663,0.53297085,0.0,16.217503,3.1844707,0.0029834283,0.0,0.0011088037,0.038578272
4664,0.9928932,0.0,0.07888335,3.1844604,0.00061145413,0.0,0.00025220087,0.038578406
4665,0.4003335,0.0,0.5580715,3.1844525,0.0014891853,0.0,0.00069637946,0.038578436
4666,10.061446,0.0,1.8083763,3.1844463,5.564073e-05,0.0,0.0008213701,0.03857866
4667,12.433795,0.0,0.051727813,3.184442,0.00070227805,0.0,0.00035961927,0.038579214
4668,0.239997,0.0,0.106077164,3.184438,8.438687e-06,0.0,0.001273693,0.038579755
4669,1.3744053,0.0,10.41875,3.1844342,6.52956e-05,0.0,0.0003345932,0.038580507
4670,1.0074039,0.0,1.5246829,3.1844275,0.0001466305,0.0,0.0016417584,0.03858037
4671,0.3244,0.0,0.20187162,3.184423,4.455648e-05,0.0,0.00046254875,0.038581792
4672,0.18540925,0.0,3.8749251,3.184419,7.0650676e-05,0.0,0.00038753953,0.038583126
4673,0.18705152,0.0,0.14453852,3.1844194,0.0002145813,0.0,0.00015899196,0.038584277
4674,2.012258,0.0,0.04112063,3.184419,0.0016811534,0.0,0.00045032575,0.03858533
4675,0.645086,0.0,0.19083442,3.1844187,6.653083e-05,0.0,0.00017288615,0.03858628
4676,0.35153297,0.0,2.709056,3.1844192,6.539478e-05,0.0,0.0023180721,0.038587134
4677,0.6327237,0.0,12.101071,3.1844237,8.750276e-06,0.0,0.0020446875,0.038587872
4678,12.033645,0.0,3.7056754,3.1844254,3.851636e-05,0.0,0.00016284958,0.0385888
4679,2.5647483,0.0,2.5919104,3.184427,8.1700106e-05,0.0,0.003031952,0.0385902
4680,11.169164,0.0,4.6054177,3.1844285,6.4853055e-05,0.0,0.00016680305,0.038591452
4681,12.556896,0.0,10.227812,3.1844296,6.316155e-05,0.0,0.0001415747,0.038592592
4682,0.08765676,0.0,0.0724093,3.184437,0.004655948,0.0,0.002279036,0.038593553
4683,0.98418534,0.0,0.7601485,3.184444,0.000633955,0.0,0.00014801617,0.038593773
4684,0.30616635,0.0,0.07109006,3.1844482,2.738891e-05,0.0,0.0030668345,0.038593955
4685,0.22858557,0.0,1.227155,3.1844525,0.00035890157,0.0,0.00018794951,0.038593892
4686,11.002313,0.0,12.126961,3.1844573,0.00020092445,0.0,0.0001607638,0.038593825
4687,2.7255108,0.0,0.14306575,3.1844635,0.0029757759,0.0,0.0011592245,0.03859356
4688,14.5613365,0.0,1.3938411,3.1844695,0.0002784337,0.0,0.00015650204,0.038593125
4689,0.11645208,0.0,0.12254451,3.1844738,0.00012108689,0.0,0.0033761607,0.038592696
4690,0.3498829,0.0,2.692696,3.1844761,0.0031402619,0.0,0.00095087936,0.03859225
4691,7.269603,0.0,0.16035283,3.1844773,3.9850856e-05,0.0,0.000116678995,0.0385919
4692,1.8869146,0.0,0.32303795,3.184478,0.00014480983,0.0,0.0008798867,0.038591474
4693,0.46012104,0.0,1.5258045,3.1844792,0.00011899533,0.0,0.0002410602,0.038590968
4694,0.56970084,0.0,0.06071001,3.1844807,0.0003661714,0.0,0.0004113103,0.038590394
4695,7.7817926,0.0,0.090692654,3.184482,0.0019208195,0.0,0.0005509564,0.0385901
4696,2.3585823,0.0,0.081081204,3.1844835,4.4234584e-05,0.0,8.437457e-05,0.03858982
4697,0.28211945,0.0,0.42062196,3.1844838,7.6206125e-06,0.0,0.00016766202,0.038589448
4698,0.7611371,0.0,2.1856914,3.1844885,6.859458e-05,0.0,0.0030614485,0.038588956
4699,14.587411,0.0,1.7591114,3.1844938,0.005522031,0.0,0.00036041564,0.038588423
4700,8.796365,0.0,0.09681662,3.1844983,0.002688031,0.0,8.948767e-05,0.038587887
4701,11.704707,0.0,0.89062285,3.1845033,0.00010646278,0.0,3.682637e-05,0.038587265
4702,8.940081,0.0,0.15631033,3.184508,7.6089775e-05,0.0,0.00016845544,0.03858667
4703,1.8180383,0.0,0.21454811,3.1845129,0.0030258338,0.0,0.0006891921,0.03858613
4704,3.0560272,0.0,1.070728,3.1845174,3.6936988e-05,0.0,0.00025683266,0.038585246
4705,0.11853821,0.0,0.9428625,3.184522,2.3765692e-06,0.0,0.00011052777,0.03858445
4706,0.72696507,0.0,2.917915,3.1845329,3.2156484e-05,0.0,0.0009138915,0.038583655
4707,7.8121285,0.0,0.19336723,3.1845446,1.9765333e-05,0.0,0.0014660667,0.038582835
4708,1.2242781,0.0,0.19154994,3.1845558,0.00230755,0.0,0.0034001353,0.038582243
4709,0.6479225,0.0,9.023928,3.1845682,0.0002410973,0.0,0.00037467646,0.038581703
4710,1.6721001,0.0,0.7486602,3.1845734,0.0028899242,0.0,0.00010534827,0.038581215
4711,17.595112,0.0,1.9780333,3.1845791,0.0023669119,0.0,0.00019245567,0.038580723
4712,1.0460755,0.0,0.7073429,3.1845834,0.00011829807,0.0,0.0025487728,0.03858009
4713,8.185254,0.0,0.15731196,3.1845877,4.6141286e-06,0.0,0.002724626,0.038579475
4714,0.32050607,0.0,2.0577645,3.1845918,0.00013725531,0.0,0.00020483116,0.03857888
4715,0.63360023,0.0,12.250322,3.184596,0.00013854256,0.0,0.00014311896,0.038578257
4716,0.46341652,0.0,0.83489084,3.1845977,1.6143094e-05,0.0,0.0014477774,0.038577687
4717,1.529095,0.0,0.052937765,3.1846006,3.849771e-06,0.0,0.00011758763,0.038577136
4718,1.0343837,0.0,0.23967838,3.1846032,2.0348034e-05,0.0,0.0001556902,0.038576532
4719,0.06284458,0.0,0.84513426,3.184606,0.0019658185,0.0,0.0029994017,0.038576007
4720,0.50357425,0.0,0.32430783,3.1846077,0.0020761564,0.0,7.4431664e-05,0.038575444
4721,2.0038896,0.0,8.697884,3.1846101,8.149798e-05,0.0,5.2403757e-05,0.038574938
4722,0.043145332,0.0,4.253443,3.1846118,0.000106599175,0.0,0.0005827906,0.038574457
4723,0.64320225,0.0,6.6367035,3.1846156,0.0006496764,0.0,0.00014170761,0.03857398
4724,11.995989,0.0,0.2306115,3.184618,0.00012986109,0.0,0.0006263058,0.03857356
4725,4.551436,0.0,1.6500194,3.1846197,5.327941e-06,0.0,0.00082892866,0.038573273
4726,14.413906,0.0,0.017650142,3.184623,0.0018319201,0.0,0.0031975014,0.03857302
4727,0.09812734,0.0,11.504363,3.1846256,0.00017326474,0.0,0.00026513432,0.038572706
4728,0.08390392,0.0,0.03909169,3.1846197,0.00012841413,0.0,0.00034006115,0.03857238
4729,9.307414,0.0,0.8846349,3.1846147,1.5498357e-05,0.0,0.00062203,0.038572203
4730,0.40206504,0.0,2.9776626,3.1846118,0.000110467015,0.0,0.0057601836,0.038572453
4731,1.1182495,0.0,0.05551962,3.1846108,0.0026963977,0.0,0.00011094392,0.038573008
4732,3.8229406,0.0,0.8194812,3.1846101,0.00031613105,0.0,2.6535066e-05,0.038573448
4733,0.6847358,0.0,0.14168023,3.184609,0.0023276075,0.0,0.0028091928,0.038573842
4734,5.8416543,0.0,0.21558355,3.1846068,0.00031502068,0.0,0.0007243416,0.038574044
4735,0.12394427,0.0,0.07314233,3.1846046,0.0061769327,0.0,0.0017801487,0.03857442
4736,0.53340644,0.0,0.21882439,3.1846023,0.003129361,0.0,6.801212e-05,0.038574666
4737,0.20195149,0.0,10.246712,3.1845999,0.0035206343,0.0,0.0004767225,0.038574837
4738,2.928324,0.0,2.1136894,3.1846,0.0024049922,0.0,0.0013072492,0.03857491
4739,0.63114846,0.0,0.4702545,3.1846018,0.0001892134,0.0,0.00018575255,0.03857493
4740,0.51739836,0.0,0.016386718,3.1846023,4.5600485e-05,0.0,0.0031444104,0.03857494
4741,3.3723118,0.0,0.33589864,3.1846027,3.7129215e-05,0.0,0.00024407922,0.038574923
4742,0.23291343,0.0,0.18068156,3.184603,0.0002647898,0.0,0.0007036774,0.03857498
4743,0.81912833,0.0,4.7323127,3.1846035,0.00024534372,0.0,0.0007693104,0.03857509
4744,9.954285,0.0,5.2372627,3.1846015,0.000104058694,0.0,0.00016035886,0.038575657
4745,0.5492266,0.0,13.964224,3.184601,0.00035630126,0.0,0.0010678936,0.03857606
4746,5.6615777,0.0,0.028034423,3.1845999,0.00050843396,0.0,0.0016741365,0.03857635
4747,1.2435849,0.0,1.7620157,3.1845977,1.8349392e-05,0.0,0.00317906,0.038576517
4748,0.17669739,0.0,0.12174894,3.1845965,0.0005913691,0.0,0.00027446155,0.038576655
4749,6.956959,0.0,0.06579046,3.184595,0.0001962402,0.0,0.0029162923,0.038576808
4750,0.6117005,0.0,8.616042,3.1845934,4.1196865e-05,0.0,0.0055868933,0.038576897
4751,0.8047881,0.0,0.6798751,3.1845942,8.557392e-05,0.0,0.00010872446,0.03857709
4752,9.604879,0.0,12.886353,3.1845949,0.00017631237,0.0,0.001395838,0.038577195
4753,1.1571735,0.0,12.750515,3.1845963,3.9112678e-05,0.0,0.00014116341,0.038577285
4754,0.40710673,0.0,0.14261909,3.184597,0.00010091829,0.0,7.8258185e-05,0.03857731
4755,0.33443546,0.0,4.663789,3.1845975,3.0289899e-05,0.0,0.0028641166,0.038577296
4756,4.0262218,0.0,3.624768,3.1846008,0.0023094052,0.0,0.0058103837,0.038577
4757,0.29166,0.0,0.4591827,3.1846042,0.00013536839,0.0,9.795421e-05,0.038576715
4758,0.17227821,0.0,0.9557492,3.1846066,4.5883637e-05,0.0,0.0003063883,0.038576275
4759,0.48669824,0.0,0.13002911,3.184612,2.829567e-05,0.0,7.094982e-05,0.038576122
4760,0.9094282,0.0,4.2791357,3.1846166,3.5095873e-05,0.0,0.00010348403,0.038575895
4761,3.3776393,0.0,2.0205865,3.1846228,5.160344e-05,0.0,0.0004652944,0.038575657
4762,0.18674994,0.0,0.14548017,3.184629,4.3528773e-05,0.0,0.0030301868,0.038575593
4763,0.23906405,0.0,3.956353,3.1846347,3.34794e-05,0.0,0.00014881403,0.03857552
4764,3.5531683,0.0,1.341049,3.1846392,2.2477083e-05,0.0,3.3446006e-05,0.038575348
4765,0.03130582,0.0,1.6233035,3.1846435,0.0017778617,0.0,0.0026100972,0.03857511
4766,2.4313803,0.0,2.0355225,3.1846492,6.7004235e-05,0.0,8.497138e-05,0.03857499
4767,2.566464,0.0,5.8738446,3.1846569,5.3822287e-06,0.0,0.00012840526,0.03857482
4768,0.5579683,0.0,2.4894464,3.1846657,1.4264005e-05,0.0,0.0004740374,0.038574584
4769,9.078135,0.0,8.280695,3.184673,6.5567605e-05,0.0,0.00307367,0.038574405
4770,4.8914742,0.0,0.6908102,3.1846824,0.0009839465,0.0,0.0014226811,0.038574163
4771,1.9354862,0.0,5.2824864,3.18469,0.0001135908,0.0,0.00036778796,0.038573775
4772,0.38346282,0.0,2.360928,3.1846967,2.1703803e-05,0.0,0.0031742936,0.038573556
4773,6.384652,0.0,0.33752045,3.1847026,6.743506e-05,0.0,8.078905e-05,0.038573373
4774,6.491114,0.0,8.745163,3.1847105,1.3738535e-05,0.0,0.0012439695,0.038573153
4775,9.433647,0.0,1.9094325,3.1847181,0.0006696465,0.0,0.003140238,0.038572963
4776,2.6911402,0.0,0.034393918,3.1847339,1.5080963e-05,0.0,0.00015367627,0.038572907
4777,1.9287585,0.0,2.86986,3.1847477,0.00018366028,0.0,0.0014172234,0.038572803
4778,2.5044537,0.0,0.2765392,3.184765,0.000119392294,0.0,0.0050260536,0.038572628
4779,1.7201446,0.0,0.2027584,3.1847808,1.1941947e-05,0.0,0.00050225505,0.03857235
4780,0.2356935,0.0,0.087194,3.1847966,9.4773044e-05,0.0,0.00023722359,0.03857202
4781,11.23478,0.0,1.215319,3.18481,1.263169e-05,0.0,0.0046871854,0.03857169
4782,0.73310465,0.0,0.25615063,3.1848252,0.00012568047,0.0,0.0029677267,0.03857124
4783,16.329514,0.0,0.044961378,3.1848385,2.985301e-05,0.0,0.0001352014,0.038571067
4784,3.4246168,0.0,0.29330462,3.1848507,0.00020331581,0.0,0.00014643719,0.038570896
4785,1.7482412,0.0,0.5583825,3.1848617,6.620538e-05,0.0,0.00020177141,0.03857079
4786,0.9576028,0.0,1.0184017,3.1848729,4.917447e-06,0.0,0.00015033287,0.03857059
4787,3.6364589,0.0,3.5513618,3.1848834,9.254738e-05,0.0,0.00016933106,0.038570367
4788,3.4549408,0.0,0.36189145,3.184893,0.0018426542,0.0,8.127985e-05,0.038570248
4789,1.1839733,0.0,0.8136693,3.184901,1.9956198e-05,0.0,0.0026756655,0.038570087
4790,4.6861687,0.0,0.064406015,3.1849105,1.2524904e-05,0.0,0.001030994,0.038570162
4791,18.48428,0.0,7.7942133,3.1849194,1.8897088e-05,0.0,0.002954246,0.038570292
4792,2.6952736,0.0,1.1723801,3.1849282,2.2779068e-05,0.0,0.00051183545,0.03857076
4793,9.110409,0.0,0.03221286,3.1849353,1.441217e-05,0.0,0.00053783227,0.03857099
4794,0.98127544,0.0,0.2485261,3.1849418,0.00016697722,0.0,0.0010110864,0.038571127
4795,4.5645933,0.0,0.3286887,3.1849475,4.7514914e-05,0.0,0.004072671,0.038571075
4796,9.678356,0.0,0.03586222,3.1849513,1.76533e-05,0.0,7.9963065e-05,0.03857114
4797,1.940819,0.0,1.9589217,3.1849544,0.00013873038,0.0,0.00032633328,0.03857115
4798,1.2112391,0.0,0.054276425,3.184957,4.6696023e-06,0.0,0.0030316699,0.038571075
4799,0.7900072,0.0,0.14299843,3.1849601,0.00020021145,0.0,0.0025905664,0.038570896
4800,0.6956094,0.0,0.3231007,3.1849637,4.2909967e-05,0.0,0.00024015384,0.038571347
4801,0.30851048,0.0,2.530611,3.1849644,0.0007039629,0.0,6.807796e-05,0.03857185
4802,14.890605,0.0,2.9104156,3.1849658,1.8271792e-05,0.0,0.00022459938,0.038572274
4803,0.826065,0.0,1.0719627,3.1849675,0.0011809365,0.0,0.00023302398,0.03857257
4804,0.8518838,0.0,0.057544954,3.1849692,1.1539715e-05,0.0,0.00022799683,0.03857273
4805,0.3320088,0.0,0.014860668,3.1849704,2.9297062e-05,0.0,0.00035318304,0.038572818
4806,0.0650361,0.0,0.12944022,3.184971,0.0040050196,0.0,0.0033230516,0.038572688
4807,1.2850031,0.0,3.5866444,3.1849718,1.23026775e-05,0.0,6.2939755e-05,0.038572516
4808,3.8268669,0.0,8.00419,3.184973,0.0010017324,0.0,0.00018514085,0.038572367
4809,0.2674529,0.0,2.513956,3.1849737,0.0029561184,0.0,0.0002791427,0.03857213
4810,0.8657063,0.0,2.4404602,3.1849759,5.6570847e-05,0.0,0.00015647973,0.038571864
4811,0.23030189,0.0,2.423827,3.18498,1.6626549e-05,0.0,0.00039438842,0.03857158
4812,1.6830223,0.0,0.049750548,3.1849842,1.994894e-05,0.0,0.0012421489,0.03857132
4813,12.474034,0.0,0.0862675,3.1849875,3.3483524e-05,0.0,0.00039371254,0.038571138
4814,9.2288685,0.0,0.30419856,3.1849911,0.000281564,0.0,0.0026249858,0.038570892
4815,14.974503,0.0,0.15461598,3.1849954,2.08261e-05,0.0,0.00037138775,0.03857048
4816,21.352255,0.0,0.4678725,3.1849988,1.13223405e-05,0.0,0.002975394,0.038570102
4817,0.36650738,0.0,15.456341,3.1849988,1.4164526e-05,0.0,0.00010733731,0.038569793
4818,0.7012617,0.0,15.838854,3.1850014,1.3777726e-05,0.0,0.00024076019,0.038569465
4819,0.55215937,0.0,0.018421445,3.1850028,0.002569064,0.0,0.00018889108,0.038569193
4820,0.3786702,0.0,2.380465,3.1850042,4.4217788e-05,0.0,0.00066687126,0.038569
4821,0.82829416,0.0,0.030603707,3.185005,5.5235855e-06,0.0,0.00053302513,0.03856882
4822,1.8341739,0.0,0.97034526,3.1850057,2.4394118e-05,0.0,0.00019177573,0.038568813
4823,1.6333376,0.0,0.08442296,3.1850064,4.2064457e-05,0.0,6.4987165e-05,0.038568743
4824,4.2351613,0.0,3.8242476,3.1850076,1.0476197e-05,0.0,0.0038317228,0.038568623
4825,0.5471664,0.0,0.32185063,3.1850111,0.0023476726,0.0,0.00027553458,0.03856846
4826,0.31905028,0.0,0.0647223,3.185015,0.0013183771,0.0,0.0030520929,0.03856831
4827,0.93089634,0.0,1.2927045,3.1850185,0.0026436152,0.0,0.005039634,0.038568206
4828,1.4185942,0.0,2.4693127,3.1850212,5.341272e-05,0.0,0.0029106997,0.038567908
4829,0.26842132,0.0,0.07891967,3.1850252,4.4285152e-05,0.0,0.00038478881,0.038567517
4830,2.4341404,0.0,0.114513576,3.1850278,0.005752056,0.0,0.00073681,0.038567144
4831,1.4488093,0.0,14.539543,3.1850307,0.00017297741,0.0,0.00028203044,0.038566753
4832,0.5619208,0.0,4.0436387,3.1850374,3.2023672e-05,0.0,0.00014830407,0.03856631
4833,0.29960755,0.0,1.4289054,3.1850448,4.1607476e-05,0.0,0.00026503444,0.03856591
4834,0.28029105,0.0,2.7624054,3.18505,0.0001599613,0.0,0.00022463407,0.038565572
4835,0.48598108,0.0,0.017609179,3.185061,5.632274e-05,0.0,0.0034240363,0.038565163
4836,2.498416,0.0,0.06474222,3.1850712,8.094586e-05,0.0,6.949281e-05,0.038564794
4837,0.25344864,0.0,0.19898519,3.18508,0.0022827538,0.0,0.00014906861,0.038564388
4838,0.37193298,0.0,3.4017873,3.1850882,2.397796e-05,0.0,0.0051684417,0.038563948
4839,0.1130952,0.0,1.7197323,3.1850927,3.6135014e-05,0.0,0.002420509,0.038563482
4840,0.07725821,0.0,8.710643,3.1850953,5.289941e-05,0.0,0.0010899889,0.038563054
4841,2.3707898,0.0,12.095393,3.1850972,0.0007826097,0.0,0.0026371346,0.0385625
4842,0.17577453,0.0,0.022516603,3.1851,0.00024312636,0.0,0.0015624769,0.038561974
4843,1.3517139,0.0,2.8779788,3.1851027,0.0010029174,0.0,0.0025850288,0.03856149
4844,10.342609,0.0,0.53118277,3.1851056,9.655716e-05,0.0,0.0031289195,0.038560975
4845,2.962881,0.0,0.03944778,3.185109,0.0017157176,0.0,9.3302704e-05,0.03856049
4846,7.2005553,0.0,1.1853974,3.185111,0.0016910826,0.0,0.00024056788,0.038560003
4847,0.28731543,0.0,13.621036,3.1851141,0.0006960052,0.0,0.0012023087,0.03855957
4848,9.104633,0.0,0.3750529,3.1851146,0.0001945678,0.0,0.0012542802,0.038558595
4849,0.19888896,0.0,0.38650548,3.1851172,0.0026355716,0.0,0.00023451447,0.03855774
4850,11.203535,0.0,0.62730634,3.1851177,0.0026498577,0.0,0.0019537923,0.038557157
4851,0.116966866,0.0,12.575297,3.1851206,5.4583765e-05,0.0,0.00017043995,0.03855665
4852,0.06605993,0.0,0.21965727,3.1851192,0.00026800297,0.0,0.0001416384,0.03855614
4853,0.51861966,0.0,0.30335966,3.1851175,0.00010481698,0.0,0.00015933362,0.038555626
4854,7.467514,0.0,0.92808336,3.1851137,0.0015252602,0.0,0.00015762191,0.038555123
4855,0.6304286,0.0,0.9833677,3.1851118,2.313106e-06,0.0,0.00011987461,0.038554605
4856,2.5328074,0.0,0.066155955,3.185111,0.0012882038,0.0,0.00019735098,0.038554143
4857,7.4216623,0.0,1.5245669,3.1851099,0.00027935722,0.0,8.231768e-05,0.038553707
4858,0.87239563,0.0,0.057940982,3.1851106,1.6518847e-05,0.0,0.00027908338,0.038553245
4859,0.4201206,0.0,11.12842,3.1851103,0.00014362317,0.0,0.00024724597,0.03855271
4860,0.6296631,0.0,0.2229305,3.185108,0.00022267361,0.0,0.0002862241,0.03855215
4861,0.3580434,0.0,1.2165469,3.185106,0.00191675,0.0,0.0001627394,0.03855149
4862,0.72276336,0.0,0.7547361,3.1851053,4.4490545e-05,0.0,8.9082765e-05,0.038551
4863,4.528591,0.0,0.09758147,3.1851053,2.3225097e-05,0.0,0.008658688,0.03855048
4864,0.5375743,0.0,0.12894264,3.1851096,0.00015349306,0.0,0.000311949,0.038550112
4865,4.7092333,0.0,1.2616092,3.1851137,0.0023820782,0.0,0.0002298847,0.038549792
4866,0.2825428,0.0,0.03183733,3.185117,7.24747e-05,0.0,0.0005339374,0.03854952
4867,1.1857036,0.0,9.3858,3.1851206,0.0016360936,0.0,0.0001238794,0.03854908
4868,0.44343707,0.0,5.803135,3.1851199,7.330869e-05,0.0,0.00017289608,0.038548637
4869,0.15264247,0.0,0.53309745,3.1851199,5.5310396e-05,0.0,0.00014373157,0.03854817
4870,1.3629103,0.0,6.136717,3.1851206,0.001933419,0.0,0.00018737609,0.038547676
4871,0.45392445,0.0,13.261492,3.1851208,4.3715223e-05,0.0,0.0010575836,0.038547195
4872,0.32747063,0.0,0.2770928,3.1851208,4.9375056e-05,0.0,0.00024279325,0.038546767
4873,1.4256006,0.0,0.023895195,3.1851208,0.0022043635,0.0,0.00042081877,0.03854643
4874,0.46764,0.0,0.45796344,3.1851208,0.0019236864,0.0,0.00020013115,0.038546085
4875,0.47014537,0.0,9.67071,3.1851218,0.0018347834,0.0,0.0026036808,0.038545698
4876,0.73263913,0.0,1.0590947,3.185123,0.0028967292,0.0,0.0005861422,0.038545217
4877,6.6499853,0.0,10.397733,3.1851258,4.9528047e-05,0.0,8.8702254e-05,0.03854469
4878,0.073577225,0.0,1.3666421,3.1851292,0.00086872745,0.0,0.0024494778,0.03854415
4879,0.98539025,0.0,2.7770722,3.185133,0.00013679519,0.0,0.00012787938,0.038543615
4880,0.46947563,0.0,1.3122944,3.18514,3.5331534e-05,0.0,0.00016315786,0.03854307
4881,4.1111755,0.0,1.7723147,3.1851456,1.6034865e-05,0.0,8.9424924e-05,0.03854247
4882,0.12665986,0.0,0.021364136,3.1851528,0.0005197637,0.0,0.00025197444,0.038541917
4883,0.079283535,0.0,0.65552425,3.1851592,0.00056051795,0.0,0.0043393243,0.03854138
4884,2.4024603,0.0,0.30759692,3.1851654,1.2949782e-05,0.0,0.0013089118,0.03854081
4885,0.50384575,0.0,0.023216238,3.185171,0.001162805,0.0,0.00018057897,0.038540415
4886,0.24653022,0.0,0.04753284,3.1851757,0.0023014909,0.0,0.0008389056,0.038540065
4887,1.9535974,0.0,0.09432157,3.1851797,1.8971585e-05,0.0,3.8981918e-05,0.03854166
4888,4.0682535,0.0,4.362545,3.1851826,0.00031927146,0.0,0.0032086363,0.038543053
4889,0.5742145,0.0,0.47254977,3.185187,1.6303193e-05,0.0,0.00013484023,0.038544435
4890,11.125842,0.0,0.03482362,3.1851928,0.00015838939,0.0,9.0657915e-05,0.038545612
4891,12.256308,0.0,15.311911,3.1851974,0.00047202894,0.0,0.0026428876,0.038546614
4892,3.4925795,0.0,0.6446479,3.1852021,0.00013301236,0.0,0.0030597784,0.03854752
4893,0.14600983,0.0,11.539258,3.185207,0.00014997278,0.0,0.0029403823,0.03854829
4894,4.5990953,0.0,0.058849126,3.1852078,0.00014363255,0.0,7.07339e-05,0.03854898
4895,0.24349536,0.0,0.03761923,3.185209,6.641836e-05,0.0,0.0005184005,0.03854952
4896,19.528994,0.0,12.683685,3.1852102,0.006639609,0.0,0.0059076822,0.038550146
4897,0.25524393,0.0,0.027689675,3.1852112,9.264244e-05,0.0,9.2038616e-05,0.038551625
4898,0.17952237,0.0,0.9931848,3.185212,0.00013485726,0.0,8.808331e-05,0.038552973
4899,13.936552,0.0,0.07675451,3.185213,9.2593975e-05,0.0,0.0018580209,0.03855411
4900,1.0295376,0.0,0.4535709,3.1852143,0.00071313896,0.0,0.00085427,0.03855511
4901,0.9743266,0.0,1.1534036,3.1852148,5.102882e-05,0.0,1.8317161e-05,0.038555913
4902,16.222887,0.0,9.381329,3.1852148,0.000689661,0.0,6.667084e-05,0.03855658
4903,8.351633,0.0,0.34575567,3.1852164,3.7091926e-05,0.0,0.0033651018,0.0385571
4904,9.505244,0.0,1.0260342,3.1852176,9.248044e-05,0.0,0.002402947,0.03855759
4905,1.1703621,0.0,0.08888342,3.1852207,3.6006866e-05,0.0,0.0032071222,0.038557973
4906,2.4319339,0.0,1.376337,3.1852238,9.0178975e-05,0.0,0.0009713349,0.038558174
4907,3.3349254,0.0,0.12866849,3.1852262,0.00015126253,0.0,0.0003442475,0.038559377
4908,0.87373227,0.0,14.924313,3.1852279,6.7638655e-05,0.0,0.0012145035,0.038560588
4909,3.9290862,0.0,1.2402458,3.1852183,2.6642074e-05,0.0,0.00013524701,0.038561985
4910,2.8437366,0.0,5.750775,3.185214,4.747998e-05,0.0,0.0027925333,0.03856313
4911,3.0245414,0.0,7.1118116,3.1852086,3.4928336e-05,0.0,0.002712529,0.03856415
4912,2.45829,0.0,7.4296746,3.185202,5.1182756e-06,0.0,0.001689905,0.038565096
4913,0.554664,0.0,0.09944705,3.1851923,2.8454378e-05,0.0,0.0007439794,0.038565908
4914,0.64150953,0.0,0.12178896,3.1851842,0.0017505289,0.0,0.00089661207,0.038566288
4915,1.6698664,0.0,5.408235,3.1851768,1.7017988e-05,0.0,0.0002492375,0.03856693
4916,2.7216408,0.0,0.04286856,3.1851704,1.9321844e-05,0.0,0.0010966796,0.038567483
4917,2.2208521,0.0,7.845863,3.1851652,0.0010072391,0.0,0.0012227218,0.038568348
4918,3.7686977,0.0,0.29674092,3.1851616,5.472766e-05,0.0,3.8162543e-05,0.03856925
4919,10.480103,0.0,0.028903892,3.1851592,3.779536e-05,0.0,0.0009949071,0.038570017
4920,2.9653885,0.0,2.1759868,3.185157,1.6105094e-05,0.0,6.246273e-05,0.0385707
4921,1.226331,0.0,0.11905565,3.1851585,2.4294202e-05,0.0,0.0006420512,0.038571227
4922,1.0678053,0.0,0.1384436,3.1851594,1.8025645e-05,0.0,0.004308281,0.03857154
4923,0.13124609,0.0,0.09164864,3.1851606,1.7717946e-05,0.0,0.0031647692,0.038571928
4924,1.2439421,0.0,10.7419405,3.1851618,8.509306e-05,0.0,0.00068283384,0.038572375
4925,0.13553078,0.0,0.65555626,3.1851628,1.0675553e-05,0.0,0.0005517957,0.038573164
4926,0.13934015,0.0,1.3403566,3.1851652,0.0019748241,0.0,0.00015654461,0.038573924
4927,0.5262071,0.0,0.046528168,3.1851692,8.8187744e-07,0.0,0.0009406397,0.0385745
4928,1.2714614,0.0,0.14305264,3.1851726,0.003011303,0.0,0.0040344372,0.03857507
4929,6.6472297,0.0,0.04930863,3.1851764,1.0677743e-06,0.0,0.0026606116,0.03857664
4930,0.21961686,0.0,2.2986672,3.18518,0.001797796,0.0,3.846404e-05,0.038578216
4931,0.43251604,0.0,0.8246143,3.1851845,2.0088455e-05,0.0,0.00038982902,0.03857969
4932,0.18876469,0.0,12.722109,3.1851907,0.0001319836,0.0,5.1054983e-05,0.038580984
4933,13.708758,0.0,0.22329953,3.1851916,2.7532991e-05,0.0,5.630731e-05,0.038582146
4934,0.04452462,0.0,0.07832296,3.1851926,3.2171447e-05,0.0,0.0004999087,0.038583186
4935,0.14657438,0.0,11.548169,3.185194,4.4480796e-05,0.0,0.002338109,0.038584318
4936,12.245714,0.0,6.0880303,3.1851952,6.247844e-05,0.0,0.00044171143,0.038585875
4937,3.4235706,0.0,0.041777402,3.1851912,0.0002196903,0.0,0.0016278635,0.038587287
4938,0.34699157,0.0,4.581538,3.1851873,1.918072e-05,0.0,0.00032307356,0.03858856
4939,0.62331444,0.0,3.454862,3.1851861,4.647558e-05,0.0,0.00024218665,0.038589645
4940,0.18419312,0.0,0.56480134,3.1851776,5.4428024e-06,0.0,0.00019048771,0.03859095
4941,0.19992006,0.0,1.9604762,3.1851695,0.0061338544,0.0,0.00020359815,0.0385921
4942,4.0632944,0.0,0.10718608,3.1851635,0.0027560177,0.0,0.0017139127,0.038593106
4943,6.1292353,0.0,1.0783798,3.1851583,0.0009030348,0.0,0.00011625707,0.03859393
4944,3.860332,0.0,7.55783,3.185155,2.47575e-05,0.0,7.287378e-05,0.038594637
4945,0.99332273,0.0,6.5006394,3.185147,1.55048e-05,0.0,0.00036834928,0.03859518
4946,0.6197077,0.0,3.908206,3.1851406,2.802196e-06,0.0,0.0008029717,0.038595457
4947,1.7467878,0.0,0.18934858,3.1851325,7.4594725e-05,0.0,0.0047501167,0.038595732
4948,0.85757536,0.0,1.1753097,3.1851256,0.00075414946,0.0,0.0007619025,0.038595825
4949,0.9738487,0.0,0.06663094,3.18512,1.4141635e-05,0.0,0.0017816275,0.038595844
4950,2.7592056,0.0,4.8873086,3.1851146,9.23291e-06,0.0,0.0032469681,0.038595546
4951,0.41720814,0.0,1.9885539,3.1851077,1.9037168e-05,0.0,9.07271e-05,0.038595263
4952,9.41437,0.0,2.1842296,3.1851037,8.461944e-05,0.0,0.0009511663,0.038594987
4953,0.13949507,0.0,6.828704,3.1850984,1.35772125e-05,0.0,0.001816721,0.038595345
4954,0.22380951,0.0,0.33015698,3.185092,0.0020520268,0.0,0.000104520615,0.03859562
4955,0.820679,0.0,1.061234,3.1850867,1.7090226e-06,0.0,0.0026758758,0.03859584
4956,0.39952648,0.0,4.6984787,3.1850822,1.1174237e-06,0.0,0.00035841332,0.038595967
4957,0.10395905,0.0,0.36896524,3.18508,6.158142e-05,0.0,0.00021344339,0.038596015
4958,0.93585193,0.0,2.3156865,3.1850784,1.4154125e-05,0.0,0.0002747109,0.03859601
4959,0.10239114,0.0,5.45409,3.185079,1.0366023e-05,0.0,0.003241731,0.0385959
4960,3.1417973,0.0,0.6379512,3.1850832,4.902183e-06,0.0,0.00070193445,0.03859578
4961,9.440225,0.0,11.250683,3.1850889,7.868931e-05,0.0,0.0029458976,0.038595494
4962,7.229495,0.0,0.09600493,3.1850946,8.102427e-06,0.0,0.00027590824,0.038595155
4963,2.3019662,0.0,1.2921579,3.1850994,0.002776143,0.0,0.0022284095,0.03859479
4964,0.7301858,0.0,11.166855,3.1851034,0.0015425341,0.0,0.00017062976,0.03859428
4965,1.5688801,0.0,0.02614182,3.1850905,0.0010163463,0.0,0.00376412,0.03859383
4966,10.907172,0.0,0.421424,3.1850786,5.751709e-06,0.0,0.00021960292,0.038593326
4967,5.8849235,0.0,0.7198971,3.1850696,0.0017974017,0.0,0.0031517933,0.038592823
4968,0.5140633,0.0,0.17848767,3.1850615,4.7902016e-05,0.0,0.00031662715,0.038592238
4969,0.12689555,0.0,10.833774,3.1850553,0.0019412228,0.0,0.0035591265,0.038591694
4970,3.7721775,0.0,0.19333653,3.1850476,0.00032403853,0.0,0.00035523722,0.038591743
4971,6.4684935,0.0,2.8582706,3.185041,1.9357374e-06,0.0,0.00019861464,0.038591824
4972,5.9749503,0.0,11.079555,3.1850352,3.7453032e-05,0.0,0.00017062019,0.03859188
4973,0.18778996,0.0,3.538446,3.1850288,5.29566e-05,0.0,0.003083507,0.03859189
4974,0.33345547,0.0,0.39339933,3.185025,2.3460987e-05,0.0,0.00022525863,0.03859214
4975,11.061772,0.0,0.23104438,3.1850228,0.0012435066,0.0,0.0027528342,0.038592216
4976,0.34054527,0.0,0.20861542,3.185019,0.000100464305,0.0,0.00043321203,0.03859224
4977,2.734412,0.0,2.7472332,3.1850154,6.018385e-05,0.0,5.7771227e-05,0.03859219
4978,1.744995,0.0,1.8669472,3.1850123,0.00011305457,0.0,0.000951421,0.03859208
4979,0.42111424,0.0,0.035813965,3.1850123,0.00015499607,0.0,0.00015971443,0.038592007
4980,3.1660423,0.0,2.5476644,3.185012,3.012048e-05,0.0,0.0027962974,0.038591865
4981,0.35404912,0.0,0.10185077,3.1850114,0.0023639898,0.0,0.0007667051,0.038591705
4982,0.54312474,0.0,8.477622,3.1850116,0.00023682255,0.0,0.00013454242,0.038591485
4983,10.278705,0.0,0.09634441,3.1850076,0.00013019807,0.0,0.00023825487,0.03859144
4984,13.838445,0.0,0.16682942,3.1850038,0.00084115117,0.0,0.00021760399,0.03859129
4985,1.8049102,0.0,0.08106877,3.185001,4.5839784e-05,0.0,0.00026262272,0.038591094
4986,8.271159,0.0,0.4153481,3.1849983,0.00095419795,0.0,6.176008e-05,0.03859098
4987,1.2038251,0.0,1.6801529,3.1849992,0.0034798943,0.0,0.00060267013,0.038590804
4988,1.2000637,0.0,0.01905306,3.1850038,8.2924875e-05,0.0,0.00028503462,0.038590807
4989,0.47145212,0.0,0.07046748,3.185007,6.184176e-05,0.0,0.0059081395,0.03859078
4990,3.6913383,0.0,0.69330335,3.185011,0.0016655059,0.0,0.0012490121,0.038590923
4991,0.39923197,0.0,14.863683,3.1850152,0.0002766554,0.0,0.00038233027,0.038590774
4992,0.4924593,0.0,1.0412883,3.1850188,2.7237946e-05,0.0,0.0006990097,0.03859044
4993,4.328537,0.0,0.05519503,3.1850228,1.9583811e-05,0.0,0.0006872605,0.038590495
4994,0.2948327,0.0,6.7340355,3.185026,0.0003411221,0.0,0.0014133434,0.03859083
4995,1.0318656,0.0,0.02163009,3.1850262,6.538724e-05,0.0,0.00012229028,0.038591374
4996,3.7771232,0.0,0.22131483,3.1850262,3.9656934e-05,0.0,0.0030109116,0.038591836
4997,0.37404612,0.0,4.592759,3.1850274,0.0037159056,0.0,9.423847e-05,0.038592026
4998,0.40046987,0.0,0.11195465,3.1850307,0.0020695846,0.0,0.00011151335,0.038592152
4999,0.1010891,0.0,0.42608878,3.1850336,5.068617e-05,0.0,0.00025826797,0.038592167
5000,1.4015977,0.0,0.92832804,3.1850355,8.055163e-05,0.0,0.0020758726,0.03859213
5001,0.053145107,0.0,0.05817331,3.1850371,0.0005989457,0.0,8.102172e-05,0.03859214
5002,3.141465,0.0,10.978053,3.1850383,6.7737485e-05,0.0,0.00031054442,0.03859203
5003,0.080183186,0.0,0.67162263,3.1850395,5.636681e-05,0.0,0.00015723606,0.03859189
5004,7.933847,0.0,0.42159048,3.1850393,0.00011711914,0.0,0.00015092368,0.03859186
5005,0.23550461,0.0,2.9979897,3.1850398,0.0030692916,0.0,0.00023949794,0.038591757
5006,5.297748,0.0,0.22356251,3.1850414,8.759202e-05,0.0,0.0040330845,0.03859164
5007,6.8619213,0.0,0.024677603,3.1850421,4.5630077e-05,0.0,0.00016706676,0.03859144
5008,2.9475944,0.0,0.056051552,3.1850433,0.00028430132,0.0,0.002456957,0.038591247
5009,3.078005,0.0,0.702227,3.1850445,9.0287285e-05,0.0,0.002929032,0.03859105
5010,1.8273975,0.0,11.659574,3.1850474,0.00013623075,0.0,0.0023214025,0.03859122
5011,2.2559636,0.0,13.160732,3.1850433,0.0005039543,0.0,0.00029442005,0.03859117
5012,1.1673949,0.0,0.19198874,3.1850388,0.000108208435,0.0,0.00031933867,0.038591094
5013,1.1745692,0.0,0.15571035,3.1850338,0.0001269436,0.0,0.00015581591,0.038590856
5014,0.6522516,0.0,3.7502751,3.1850338,8.5194566e-05,0.0,0.0004942297,0.038590576
5015,3.9627538,0.0,0.07022431,3.1850364,0.00036697168,0.0,0.002801799,0.03859041
5016,8.8228445,0.0,13.671355,3.1850393,0.00018539492,0.0,0.00880948,0.038590204
5017,0.4255732,0.0,0.02710648,3.1850393,5.222065e-06,0.0,0.001031881,0.038589947
5018,0.9413091,0.0,0.1855288,3.1850395,3.4759607e-05,0.0,0.0022604305,0.038589675
5019,0.13584393,0.0,2.0656343,3.1850388,8.638939e-05,0.0,0.00039186337,0.038589258
5020,0.42479277,0.0,3.4259336,3.1850362,8.54686e-05,0.0,9.461123e-05,0.038589098
5021,0.5998356,0.0,0.020757115,3.185037,5.1406627e-05,0.0,0.00014298894,0.038588926
5022,0.3850839,0.0,0.42301363,3.185037,0.00048123073,0.0,0.0011794977,0.038588725
5023,7.6531286,0.0,1.5247145,3.1850393,8.291573e-05,0.0,0.00066417793,0.03858844
5024,10.324851,0.0,3.9998884,3.1850405,4.5422363e-05,0.0,8.933863e-05,0.038588274
5025,11.161064,0.0,1.7685424,3.1850395,2.5170673e-05,0.0,0.00028135686,0.038588118
5026,2.1175065,0.0,0.5162616,3.1850393,3.172226e-05,0.0,0.0003783068,0.038587917
5027,0.032978203,0.0,2.2402906,3.1850388,3.0083816e-05,0.0,0.00033015932,0.03858773
5028,0.12640204,0.0,0.06707765,3.185043,0.00048675327,0.0,0.0028733406,0.038587406
5029,2.6698465,0.0,0.92894334,3.1850474,0.0028945096,0.0,0.00017344928,0.038586978
5030,2.0282986,0.0,0.42237434,3.1850517,7.281779e-06,0.0,0.00079815765,0.03858643
5031,0.77761126,0.0,0.21314491,3.1850553,8.848435e-06,0.0,9.490403e-05,0.038585804
5032,5.0035596,0.0,13.106328,3.1850584,2.438616e-05,0.0,0.00020673638,0.038585223
5033,0.26022616,0.0,13.43276,3.1850626,0.0017309746,0.0,0.00027318348,0.038584724
5034,8.50928,0.0,0.21219924,3.185066,1.9115645e-05,0.0,0.00012720376,0.03858435
5035,28.173332,0.0,0.029649178,3.1850688,0.0020839858,0.0,0.000117786076,0.038583975
5036,8.747917,0.0,0.21022546,3.185072,3.2972377e-05,0.0,0.0036393916,0.038583588
5037,0.08690026,0.0,0.16329345,3.1850748,1.18426615e-05,0.0,0.00072756526,0.038583096
5038,1.1043516,0.0,3.630625,3.1850789,9.392135e-06,0.0,0.0017078946,0.038582694
5039,0.66028184,0.0,4.7887726,3.185081,7.9638514e-05,0.0,0.00036298658,0.038582295
5040,17.089642,0.0,0.21508357,3.1850815,1.3185486e-06,0.0,0.00020074286,0.038581826
5041,12.347753,0.0,3.8308277,3.1850824,7.081517e-06,0.0,0.00032798297,0.038581457
5042,0.5479538,0.0,3.6271977,3.185083,2.1446242e-05,0.0,0.00018819906,0.038581084
5043,2.8263454,0.0,0.57030445,3.185084,0.0016622414,0.0,0.00025564473,0.038580704
5044,0.57837975,0.0,0.87417024,3.1850855,0.0020517693,0.0,0.00013594914,0.038580194
5045,0.11433038,0.0,0.99330646,3.18509,3.839361e-05,0.0,0.0024271621,0.038579665
5046,10.890612,0.0,0.015436582,3.1850939,2.465239e-06,0.0,0.00013448772,0.03857905
5047,2.879662,0.0,1.7697792,3.1850977,0.00035829746,0.0,0.000115871764,0.03857844
5048,6.259288,0.0,0.022127692,3.1851022,0.0014995704,0.0,9.7682445e-05,0.038577743
5049,10.276318,0.0,1.169837,3.1851056,7.878519e-05,0.0,0.00044799465,0.038577072
5050,1.0467005,0.0,0.018059954,3.18511,0.0029630386,0.0,0.00096844014,0.038576405
5051,0.4068738,0.0,0.29352063,3.1851144,3.2908101e-06,0.0,0.00016672745,0.03857585
5052,2.3180897,0.0,0.62334347,3.1851192,3.8336057e-06,0.0,0.0006374539,0.03857538
5053,2.6211588,0.0,7.6637783,3.1851215,4.5109928e-06,0.0,0.0017507855,0.038575105
5054,0.4191281,0.0,2.337104,3.1851258,4.906937e-05,0.0,0.0007455832,0.038574807
5055,0.18286853,0.0,0.14404249,3.1851327,0.0002564808,0.0,0.00048440447,0.038574405
5056,0.66432285,0.0,0.02176107,3.1851392,0.0009490318,0.0,9.8287375e-05,0.038574066
5057,0.34841648,0.0,9.959722,3.1851447,2.7339385e-05,0.0,0.00019219832,0.03857374
5058,0.07694435,0.0,0.027222572,3.185145,1.3156124e-05,0.0,0.0008833384,0.03857335
5059,6.263125,0.0,0.09563927,3.185145,5.8266596e-06,0.0,0.00021098684,0.038572934
5060,3.3821387,0.0,1.9450953,3.185145,0.0024005398,0.0,0.0008039945,0.038572893
5061,4.996461,0.0,0.20722497,3.18514,4.1810425e-05,0.0,0.00014041195,0.038572773
5062,2.2243867,0.0,2.2803826,3.1851354,0.00016780708,0.0,0.00016515655,0.038572654
5063,0.2843245,0.0,0.033523973,3.1851313,0.003486938,0.0,0.00017943193,0.038572572
5064,0.0666394,0.0,1.1004459,3.1851282,5.683328e-06,0.0,0.0011518549,0.038572576
5065,10.248772,0.0,5.648937,3.1851265,0.0013851054,0.0,0.0032357068,0.038572714
5066,0.36127472,0.0,0.1433884,3.185124,6.046327e-06,0.0,0.0001809784,0.038572863
5067,3.4372442,0.0,0.30546528,3.1851223,0.00010919516,0.0,0.0008605307,0.038572956
5068,0.31199247,0.0,1.0700403,3.1851213,3.1225907e-05,0.0,8.85073e-05,0.038573053
5069,0.256783,0.0,0.060412377,3.1851199,0.00042989242,0.0,2.0287793e-05,0.03857305
5070,0.9852039,0.0,1.6634948,3.185119,8.21839e-06,0.0,0.0031047673,0.038572982
5071,1.7450905,0.0,3.195865,3.185119,0.0021665501,0.0,0.00018514742,0.038572956
5072,0.46412036,0.0,7.7862225,3.185121,4.5476118e-05,0.0,0.0002523914,0.038572863
5073,1.6392572,0.0,3.947171,3.1851199,0.0021572837,0.0,0.0026938487,0.038572755
5074,4.730419,0.0,11.17887,3.1851165,0.0014617014,0.0,0.00013007774,0.038572606
5075,2.434575,0.0,0.5522651,3.1851087,0.0016080927,0.0,0.00023261734,0.0385724
5076,0.6529401,0.0,0.16317886,3.185104,2.4141053e-05,0.0,0.00013395908,0.0385721
5077,0.8720937,0.0,0.7467798,3.185099,0.000110215755,0.0,0.00028475013,0.038571775
5078,3.11491,0.0,1.7605722,3.1850932,1.6373724e-05,0.0,0.000107662454,0.03857146
5079,0.62914014,0.0,1.4877669,3.1850955,3.163235e-05,0.0,5.6026707e-05,0.03857109
5080,0.31814542,0.0,6.59494,3.1850991,7.763691e-05,0.0,3.6907077e-05,0.038570683
5081,9.178431,0.0,0.2406052,3.1851048,4.6350222e-05,0.0,0.000111427915,0.03857022
5082,1.2354534,0.0,0.018584609,3.1851096,1.0748256e-05,0.0,0.00039722258,0.038570073
5083,1.1817169,0.0,5.259196,3.1851141,2.3800718e-05,0.0,0.00014786325,0.03857
5084,0.17053688,0.0,4.1806684,3.1851153,4.9379552e-05,0.0,0.000103236234,0.038569964
5085,2.5670934,0.0,4.7121916,3.1851163,2.631507e-05,0.0,0.00021120596,0.03856988
5086,0.83203113,0.0,0.49246567,3.1851192,1.6263737e-05,0.0,0.0012050583,0.03856971
5087,0.05780422,0.0,1.9454197,3.1851215,2.080346e-05,0.0,0.00021975435,0.0385683
5088,0.07364136,0.0,2.2576835,3.1851256,0.0011586844,0.0,0.00016071256,0.03856694
5089,0.5324529,0.0,1.0506742,3.1851306,1.6516668e-05,0.0,7.3500894e-05,0.038565565
5090,0.09110913,0.0,6.1717525,3.185136,7.420033e-05,0.0,0.0019254757,0.03856432
5091,5.974045,0.0,0.14780557,3.185144,4.7471352e-05,0.0,0.00010223346,0.03856304
5092,0.10973905,0.0,1.3437711,3.1851513,9.9473575e-05,0.0,0.00030889284,0.03856188
5093,1.362567,0.0,0.5945828,3.1851575,0.0010443435,0.0,0.000108840235,0.03856085
5094,0.02846538,0.0,0.44807953,3.1851635,0.00074349414,0.0,0.001220744,0.038559828
5095,3.1369267,0.0,0.017059302,3.1851692,3.7431502e-05,0.0,0.0001688072,0.03855938
5096,0.3075343,0.0,13.592287,3.1851745,5.386612e-06,0.0,0.0028734347,0.038559068
5097,0.06079986,0.0,0.12258707,3.1851792,8.1587685e-05,0.0,0.0016756721,0.038558774
5098,0.65733796,0.0,12.68554,3.1851835,0.0003051211,0.0,0.000106642074,0.038558505
5099,0.07151716,0.0,2.844377,3.1851852,2.8484277e-05,0.0,0.000114905924,0.038558226
5100,0.041073464,0.0,3.6008537,3.1851869,0.002355772,0.0,0.00018356921,0.03855799
5101,1.5022556,0.0,0.19614656,3.1851904,5.0964976e-05,0.0,0.00021472035,0.038557686
5102,7.0039425,0.0,0.14987817,3.1851926,4.79772e-05,0.0,0.00313021,0.038557343
5103,3.53906,0.0,0.10986621,3.185194,7.0736045e-05,0.0,0.0015931334,0.038557
5104,1.4619341,0.0,1.9892882,3.185196,8.154713e-05,0.0,0.00011413233,0.03855654
5105,0.17214651,0.0,0.608552,3.1851993,8.624301e-05,0.0,0.00024603645,0.038556032
5106,0.054641824,0.0,4.8068285,3.1852047,8.88287e-06,0.0,0.00012613018,0.03855562
5107,1.6672688,0.0,0.38922402,3.1852086,4.872407e-05,0.0,0.00033245442,0.038555156
5108,0.11211364,0.0,7.889643,3.1852121,0.003041941,0.0,0.002078161,0.038554683
5109,6.3659906,0.0,0.6956293,3.1852186,0.0021998545,0.0,4.8112845e-05,0.038554233
5110,1.352541,0.0,12.433974,3.1852248,0.0024755432,0.0,0.0026285336,0.038553733
5111,0.3326634,0.0,8.523717,3.1852243,0.0019633377,0.0,0.00021713467,0.038553823
5112,0.6385073,0.0,0.08876006,3.185226,5.5066113e-05,0.0,0.0032587633,0.038553905
5113,9.460287,0.0,1.4489735,3.1852274,0.0013754204,0.0,0.00029938004,0.03855598
5114,13.657257,0.0,0.119028226,3.185231,0.00014124817,0.0,0.00013592138,0.038558036
5115,0.26714322,0.0,3.2726204,3.1852343,1.9184592e-05,0.0,0.00029175667,0.038559902
5116,0.9966294,0.0,3.867485,3.1852367,8.719878e-05,0.0,0.00013982123,0.038561504
5117,0.12422603,0.0,13.124782,3.1852427,1.2918208e-05,0.0,0.0023282578,0.038563006
5118,0.22375073,0.0,0.36548278,3.185241,0.00012868298,0.0,9.664406e-05,0.038564365
5119,14.442736,0.0,0.07846544,3.1852405,9.455351e-05,0.0,0.00046351837,0.03856562
5120,0.36686257,0.0,0.86026466,3.1852403,3.807153e-05,0.0,0.00024058095,0.038566604
5121,0.10848242,0.0,0.28259993,3.1852398,6.407951e-05,0.0,5.6067216e-05,0.03856744
5122,3.0426865,0.0,0.08558052,3.1852403,4.2332744e-05,0.0,0.004018896,0.038568143
5123,3.5807111,0.0,5.129608,3.1852412,0.00018484012,0.0,0.0028068346,0.038568813
5124,1.0403796,0.0,1.6417522,3.1852455,0.00030230754,0.0,0.00038072333,0.03856954
5125,2.4885075,0.0,2.6396682,3.1852522,0.0004391101,0.0,3.3647648e-05,0.038570147
5126,0.1948345,0.0,0.74854714,3.185256,0.0015565837,0.0,0.0044388743,0.038570605
5127,0.25387457,0.0,0.30787984,3.1852596,0.00011495287,0.0,0.0010558056,0.038571946
5128,3.998283,0.0,5.5930095,3.185262,4.7271606e-05,0.0,0.0011105436,0.038573176
5129,1.5961899,0.0,1.2175313,3.1852672,0.010527265,0.0,0.00022489186,0.038574252
5130,0.6867721,0.0,4.6061373,3.1852732,7.775451e-05,0.0,0.00078254374,0.03857517
5131,3.9001021,0.0,3.8779912,3.1852825,0.0013277321,0.0,0.00012628325,0.038576
5132,2.3971658,0.0,1.2853934,3.1852913,7.348639e-05,0.0,0.0015735155,0.038576696
5133,0.30179405,0.0,3.6724148,3.1853015,7.977765e-06,0.0,0.002581512,0.038577236
5134,3.8570385,0.0,0.22400975,3.185312,8.423827e-05,0.0,0.00014125775,0.03857795
5135,0.3816839,0.0,0.51798946,3.1853223,1.0431212e-05,0.0,0.0023511339,0.038578555
5136,0.7177604,0.0,0.34656048,3.1853318,9.664068e-05,0.0,0.0010006925,0.038579073
5137,12.214361,0.0,0.85418653,3.1853404,9.38435e-05,0.0,9.370595e-05,0.038579427
5138,0.16345504,0.0,0.14666137,3.18535,0.002276631,0.0,4.0351733e-05,0.03857968
5139,8.796588,0.0,1.8587737,3.1853583,3.2588618e-05,0.0,0.00013450274,0.03857984
5140,11.820371,0.0,3.121992,3.1853652,9.962984e-05,0.0,6.615251e-05,0.03857991
5141,1.823617,0.0,0.9347741,3.1853704,4.3684384e-05,0.0,0.0031553702,0.03857991
5142,3.3310013,0.0,11.645015,3.1853743,2.5127254e-05,0.0,0.0002998297,0.0385816
5143,0.7436924,0.0,1.2234874,3.185364,8.733157e-05,0.0,0.0001824839,0.03858304
5144,0.17140758,0.0,16.227407,3.1853585,0.00026428967,0.0,0.0018006307,0.038584344
5145,10.732219,0.0,1.6605021,3.185347,7.643103e-06,0.0,0.00015370887,0.038585454
5146,1.3735627,0.0,0.024344638,3.1853416,1.0142292e-05,0.0,0.00047080044,0.038586404
5147,5.525084,0.0,0.537216,3.1853359,4.8521524e-05,0.0,0.0021923615,0.038588047
5148,1.0762043,0.0,4.541835,3.185332,2.0972224e-05,0.0,0.0001036184,0.038589366
5149,0.31890264,0.0,0.47614002,3.1853306,2.5253219e-05,0.0,0.00020807926,0.038590487
5150,2.027352,0.0,0.040960345,3.185328,0.0028907042,0.0,0.0030096187,0.038591515
5151,2.513591,0.0,1.3160102,3.185325,2.9612074e-05,0.0,0.000987588,0.0385925
5152,11.169024,0.0,0.41414684,3.1853142,0.0029251252,0.0,9.3694754e-05,0.038593356
5153,3.6760917,0.0,1.3061872,3.1853044,3.6402213e-05,0.0,0.00019857255,0.03859406
5154,0.88214165,0.0,1.1252418,3.1852953,0.0025423048,0.0,0.00011796984,0.03859476
5155,6.8010235,0.0,9.531027,3.185287,3.713854e-05,0.0,0.004568657,0.03859531
5156,10.170848,0.0,0.04851441,3.1852777,0.0021381667,0.0,6.384207e-05,0.038595755
5157,9.656265,0.0,0.3135759,3.185268,0.0025555363,0.0,0.00029845472,0.038596064
5158,7.9436407,0.0,0.34383368,3.1852603,0.0015797291,0.0,0.0001674194,0.03859648
5159,9.368082,0.0,0.9371705,3.1852524,7.1963485e-05,0.0,4.8366892e-05,0.038596824
5160,1.7486362,0.0,11.191486,3.1852453,1.547713e-05,0.0,9.805369e-05,0.038597096
5161,1.1177611,0.0,0.51039416,3.1852386,0.0026956957,0.0,0.00014577541,0.038597286
5162,10.557582,0.0,7.241021,3.1852357,2.1926004e-05,0.0,0.0026788362,0.038597398
5163,0.68742216,0.0,1.5191399,3.1852348,2.3242796e-05,0.0,0.0026068336,0.03859746
5164,0.7583946,0.0,8.650621,3.185236,0.0016798833,0.0,0.0033572454,0.038597323
5165,1.2374169,0.0,0.20653343,3.1852398,6.1908277e-06,0.0,2.1321914e-05,0.038597133
5166,0.512825,0.0,0.07448745,3.185244,0.0010750236,0.0,0.00016048798,0.03859689
5167,1.0291861,0.0,0.20597848,3.1852477,0.00030292908,0.0,0.00025534662,0.038596626
5168,17.169756,0.0,4.6131983,3.1852503,1.6097269e-05,0.0,0.006867897,0.038596608
5169,0.79236203,0.0,1.7529379,3.1852562,1.8523358e-05,0.0,0.00023232837,0.038596813
5170,0.8142591,0.0,0.4251933,3.1852612,4.481254e-05,0.0,0.0007500402,0.038597014
5171,0.21683876,0.0,0.027276384,3.1852653,1.02767335e-05,0.0,0.00017383046,0.03859718
5172,1.2605507,0.0,0.651625,3.1852689,0.0025452715,0.0,0.0004062849,0.03859739
5173,0.631529,0.0,0.19433989,3.185272,4.184374e-06,0.0,0.00019005446,0.038597528
5174,0.3435457,0.0,2.445849,3.185275,0.0016159767,0.0,8.950911e-05,0.03859758
5175,0.509926,0.0,13.181497,3.1852772,2.9817926e-05,0.0,0.0007215905,0.03859757
5176,1.1746316,0.0,1.4143152,3.1852777,1.1129446e-05,0.0,0.0001473519,0.03859782
5177,0.7201638,0.0,0.12136295,3.1852794,9.345915e-06,0.0,0.00033100904,0.038598023
5178,0.3259485,0.0,2.3615055,3.1852806,1.0231228e-05,0.0,0.00017391572,0.038598076
5179,6.1452923,0.0,0.34700498,3.1852849,8.4057165e-06,0.0,0.003910763,0.038598083
5180,3.680233,0.0,1.3743114,3.185289,9.9270066e-05,0.0,0.0006603856,0.03859819
5181,0.15460007,0.0,0.51364565,3.1852949,7.068125e-05,0.0,0.00038112394,0.03859811
5182,0.11879031,0.0,0.4008227,3.1853015,0.003080017,0.0,0.0018142349,0.03859824
5183,0.36426684,0.0,2.1884766,3.185308,2.923238e-05,0.0,0.0041063586,0.038598344
5184,0.25796,0.0,0.1548511,3.185314,1.4067261e-05,0.0,0.00010599855,0.038598455
5185,0.29481697,0.0,0.14619657,3.1853192,6.015726e-05,0.0,0.003874924,0.03859853
5186,0.8066434,0.0,9.266974,3.1853187,1.3795118e-05,0.0,7.122857e-05,0.038598523
5187,0.05831297,0.0,0.2754882,3.1853137,0.00014319766,0.0,3.809463e-05,0.038598526
5188,8.056584,0.0,0.4701516,3.1853092,8.954702e-05,0.0,0.00012699829,0.038598437
5189,0.6078516,0.0,1.1135875,3.1853049,0.0010065959,0.0,0.0008005852,0.038598344
5190,1.2923099,0.0,0.025150172,3.1853049,0.0003456015,0.0,0.00045429188,0.038598195
5191,11.012934,0.0,3.6189191,3.1853042,1.4303116e-05,0.0,0.0033270197,0.03859802
5192,0.08286934,0.0,0.6705621,3.185304,0.002151738,0.0,0.0021317883,0.03859782
5193,0.2971437,0.0,0.34576258,3.1853049,5.0724346e-05,0.0,5.9886646e-05,0.03859758
5194,0.42796788,0.0,0.47494826,3.1853049,1.3855082e-06,0.0,0.00015666075,0.038597256
5195,6.598459,0.0,2.6159618,3.185304,0.0011731263,0.0,0.003001616,0.03859713
5196,0.21445358,0.0,1.8724722,3.1853034,3.8172067e-05,0.0,0.0032386612,0.03859692
5197,2.4377518,0.0,0.13952771,3.185306,0.0035413615,0.0,0.00023756191,0.0385967
5198,1.1270244,0.0,3.57083,3.185309,0.00025591528,0.0,0.001294974,0.038596556
5199,0.26453233,0.0,15.0352745,3.1853127,0.0024243682,0.0,7.491287e-05,0.03859632
5200,12.545214,0.0,3.567683,3.1853065,0.00010380642,0.0,0.002457353,0.0385961
5201,0.3452727,0.0,0.01603856,3.1852996,1.3081099e-05,0.0,0.00072239793,0.038595892
5202,2.6518955,0.0,0.9726962,3.1852937,0.0017975415,0.0,9.911222e-05,0.03859579
5203,2.185257,0.0,1.8595407,3.185288,5.0529634e-05,0.0,0.0018230713,0.03859563
5204,4.201805,0.0,0.023471102,3.1852841,0.0024922104,0.0,8.38071e-05,0.038595527
5205,6.6976995,0.0,0.03851526,3.1852806,2.196895e-05,0.0,0.005751998,0.038595326
5206,4.3937974,0.0,2.6898959,3.185277,8.0949656e-05,0.0,0.00010209607,0.03859527
5207,1.0128634,0.0,2.7313216,3.1852748,0.0001055685,0.0,0.0006247399,0.038595233
5208,3.2691014,0.0,0.064259775,3.185272,0.00031861052,0.0,0.0031465325,0.03859524
5209,11.603198,0.0,0.08051434,3.18527,0.00012682246,0.0,0.0017636823,0.03859525
5210,1.2463428,0.0,0.036255244,3.1852682,1.0750311e-05,0.0,0.00043193577,0.038595174
5211,0.2629683,0.0,0.01825668,3.1852665,0.0011142278,0.0,3.396973e-05,0.038595617
5212,2.9318633,0.0,15.146382,3.1852646,0.00011064019,0.0,9.066722e-05,0.03859595
5213,3.303043,0.0,0.35286948,3.1852627,0.00063825067,0.0,0.0003725179,0.038596258
5214,0.43333325,0.0,10.4772005,3.1852608,0.0026289418,0.0,0.00051886245,0.038596217
5215,0.6509132,0.0,0.5632101,3.1852593,0.0017849857,0.0,0.00012911428,0.03859718
5216,4.253848,0.0,1.4174312,3.1852589,6.307091e-05,0.0,0.00019075742,0.03859811
5217,0.54922307,0.0,15.05318,3.1852608,6.603559e-05,0.0,0.00012799284,0.038598895
5218,0.98576355,0.0,1.5290397,3.1852617,0.00018103675,0.0,0.00029568246,0.038599648
5219,0.256521,0.0,0.119638726,3.1852653,0.00020441294,0.0,0.00010880983,0.038600303
5220,1.2949698,0.0,9.824526,3.185268,0.00013000038,0.0,0.002747066,0.038600847
5221,11.2178755,0.0,0.57090837,3.1852696,0.0032230753,0.0,0.00017001721,0.038601406
5222,0.36181644,0.0,7.300915,3.1852715,0.0042742104,0.0,8.996362e-05,0.038601812
5223,0.18466114,0.0,0.3771919,3.185274,0.00311667,0.0,6.277019e-05,0.038602054
5224,0.98096275,0.0,0.027622184,3.1852746,5.8281286e-05,0.0,0.00014359682,0.038602233
5225,3.0900602,0.0,5.114218,3.1852748,0.00010858677,0.0,6.849061e-05,0.03860255
5226,0.6615957,0.0,0.117340796,3.1852765,0.00023296208,0.0,0.00018359478,0.038602788
5227,3.0600226,0.0,1.2530184,3.185278,0.0023205527,0.0,0.0030239106,0.038602933
5228,0.6668682,0.0,0.032898467,3.1852796,0.0001923725,0.0,0.0026608102,0.038602907
5229,1.7297745,0.0,12.906368,3.185281,0.0021648472,0.0,0.00010347663,0.03860285
5230,0.21875657,0.0,0.017231178,3.1852832,0.0007627708,0.0,9.157955e-05,0.038602766
5231,1.8772662,0.0,19.01825,3.185285,0.00010445391,0.0,0.0029258735,0.03860262
5232,1.5113689,0.0,1.0670781,3.1852822,3.4906152e-05,0.0,9.298483e-05,0.038602397
5233,12.439717,0.0,0.03678907,3.1852782,4.432792e-05,0.0,0.00053248345,0.03860207
5234,2.4852948,0.0,16.000694,3.1852748,6.608857e-05,0.0,0.004487416,0.038601805
5235,2.1450324,0.0,4.0501456,3.1852708,4.0513925e-05,0.0,9.178945e-05,0.03860131
5236,0.23163398,0.0,0.28176537,3.1852715,0.00087756384,0.0,0.0013546828,0.03860081
5237,0.46301103,0.0,0.10471608,3.1852708,0.00024426595,0.0,2.6864796e-05,0.03860019
5238,0.31462076,0.0,12.853728,3.1852698,0.00012977608,0.0,0.0001947387,0.038599562
5239,3.4205012,0.0,0.10842106,3.1852732,4.3234108e-05,0.0,0.00010835907,0.038598835
5240,27.938646,0.0,0.51272774,3.1852765,0.00022675574,0.0,8.8021545e-05,0.038598042
5241,4.424088,0.0,0.10960135,3.1852806,0.0027732458,0.0,0.00016733482,0.038597204
5242,1.1116835,0.0,3.3053348,3.1852853,7.874723e-05,0.0,0.00014064655,0.038596347
5243,5.1582227,0.0,0.104765594,3.1852915,3.7540667e-05,0.0,0.002652363,0.038595486
5244,1.707043,0.0,1.5580009,3.1852968,0.0026825482,0.0,0.00043865468,0.038594678
5245,2.06229,0.0,3.0254362,3.1853032,0.00012331305,0.0,0.00014118699,0.038593974
5246,3.6636398,0.0,0.25607952,3.185309,4.0472878e-05,0.0,0.00016509043,0.038593277
5247,1.0255485,0.0,0.55016553,3.1853151,6.3819934e-05,0.0,0.0001261243,0.038592607
5248,0.80771327,0.0,5.840786,3.18532,0.0021587492,0.0,0.0033594256,0.038591888
5249,1.6882716,0.0,8.320521,3.1853242,5.055697e-05,0.0,7.789197e-05,0.0385913
5250,0.4851851,0.0,1.7640362,3.1853244,0.0010276429,0.0,0.0002377831,0.038590733
5251,2.8363578,0.0,0.03102893,3.1853259,6.69443e-05,0.0,0.002744959,0.03859014
5252,1.9102352,0.0,1.7978805,3.1853266,1.5044812e-05,0.0,0.00011094127,0.038589366
5253,8.26177,0.0,0.1836138,3.185328,0.001641829,0.0,0.00058267434,0.038588572
5254,3.2493885,0.0,0.056555055,3.1853292,0.0017994149,0.0,0.00013943319,0.038587913
5255,0.6721833,0.0,16.205484,3.1853304,2.8703418e-05,0.0,0.004050433,0.038587328
5256,1.7307136,0.0,5.852886,3.1853292,0.0002200832,0.0,8.535011e-05,0.038586766
5257,2.5513804,0.0,2.170392,3.1853256,0.0020887952,0.0,0.0017099236,0.03858624
5258,0.38260436,0.0,0.04323407,3.1853218,0.0005705146,0.0,0.0015633013,0.03858699
5259,5.599733,0.0,3.7920952,3.1853185,3.995846e-05,0.0,9.437183e-05,0.038587548
5260,1.8693613,0.0,0.7643334,3.1853147,4.8638824e-05,0.0,3.988655e-05,0.03858803
5261,3.1789906,0.0,12.020798,3.185311,0.00014805533,0.0,0.0001460681,0.038588487
5262,2.7174475,0.0,6.1867976,3.185308,0.002188814,0.0,0.0024831777,0.038588863
5263,0.4622338,0.0,0.027573029,3.185307,0.0037651255,0.0,0.0024433604,0.038589202
5264,1.8005308,0.0,0.36216187,3.1853063,0.001100238,0.0,0.006133891,0.038589485
5265,5.9508877,0.0,3.2091627,3.1853049,8.116721e-05,0.0,0.0044514425,0.038589805
5266,12.748171,0.0,0.8780887,3.1853092,0.0009889705,0.0,0.00020067443,0.03859014
5267,0.38464823,0.0,0.4139231,3.1853178,0.0048165955,0.0,0.00079949124,0.03859049
5268,0.22926569,0.0,0.22613618,3.1853275,0.00012680663,0.0,0.0006335927,0.038590748
5269,0.178911,0.0,0.037855882,3.1853368,4.2032854e-05,0.0,0.00026935022,0.038590442
5270,1.8190395,0.0,0.027439173,3.1853447,0.0028457139,0.0,0.00017664426,0.03859012
5271,0.06897546,0.0,2.3813667,3.1853514,0.00025593862,0.0,0.0035639002,0.038589846
5272,9.585373,0.0,1.6902148,3.1853585,0.00010439838,0.0,0.00023421989,0.03858954
5273,3.6876686,0.0,4.4646306,3.1853743,0.00023187078,0.0,0.00032637294,0.03858918
5274,0.119946666,0.0,0.4326903,3.1853886,2.6604575e-05,0.0,0.003250489,0.03858897
5275,1.7876375,0.0,1.1151946,3.1853974,0.00023260953,0.0,0.00027288325,0.038588837
5276,1.0614847,0.0,1.3518348,3.1854079,0.00015493901,0.0,0.0008035552,0.038589057
5277,0.049175534,0.0,1.8647318,3.1854181,0.0045687584,0.0,0.0014534419,0.03858916
5278,0.414365,0.0,0.22847661,3.1854255,0.00031012134,0.0,0.0003218298,0.038589254
5279,1.9130758,0.0,6.0557795,3.185433,0.00016665031,0.0,1.8813449e-05,0.03858925
5280,20.655191,0.0,1.4336494,3.185439,0.00015979855,0.0,0.00012364838,0.038589187
5281,7.565652,0.0,23.475164,3.1854465,0.00029271172,0.0,0.00014908715,0.038589083
5282,2.9918463,0.0,3.170018,3.1854405,0.0011507157,0.0,0.000118377524,0.0385889
5283,9.3191395,0.0,7.899174,3.1854315,0.00018140444,0.0,0.00042265898,0.038588677
5284,0.15702052,0.0,0.04488414,3.18542,0.0019946806,0.0,0.002381265,0.038588468
5285,12.907605,0.0,0.07416882,3.1854093,0.0005287919,0.0,0.0007935731,0.038588326
5286,3.3485248,0.0,2.050992,3.185401,0.00043367088,0.0,0.000169216,0.038588107
5287,0.20073013,0.0,3.3780324,3.1853929,5.1452298e-05,0.0,0.00026365972,0.03858789
5288,1.7026508,0.0,0.048819862,3.1853857,3.257802e-05,0.0,0.00012194278,0.038587365
5289,3.021602,0.0,4.073209,3.1853793,0.00011883525,0.0,0.00012453024,0.0385868
5290,0.43628517,0.0,5.479029,3.1853771,0.00016543851,0.0,0.0016834395,0.038586184
5291,0.28471088,0.0,0.088691235,3.1853752,0.00018825106,0.0,0.00032619637,0.038585544
5292,10.741347,0.0,0.32347763,3.1853745,4.3574102e-05,0.0,0.00071175303,0.0385849
5293,6.3788924,0.0,5.0423837,3.185375,0.00012121212,0.0,0.006959811,0.03858505
5294,0.37750816,0.0,1.5081923,3.1853762,0.0019041261,0.0,0.0001209648,0.03858532
5295,0.18866713,0.0,0.6156844,3.1853824,4.538397e-06,0.0,0.0013712863,0.03858559
5296,0.92580694,0.0,12.874362,3.1853898,4.6309204e-05,0.0,0.00015707244,0.038585775
5297,7.9408107,0.0,1.7528801,3.1853943,0.00031872158,0.0,5.2579562e-05,0.038586088
5298,0.0827438,0.0,12.016481,3.1853986,6.855344e-05,0.0,0.003797478,0.0385863
5299,0.18053035,0.0,2.9168692,3.1854,0.00048685848,0.0,0.0025728259,0.038586278
5300,0.19298548,0.0,3.6125941,3.1854005,2.028743e-05,0.0,0.00018039749,0.038586285
5301,0.14383912,0.0,0.058688305,3.1853995,2.4699366e-06,0.0,0.00031054256,0.03858625
5302,0.63597697,0.0,0.47161615,3.1853986,4.1940635e-05,0.0,0.00039571937,0.038586207
5303,0.12633118,0.0,21.281317,3.1853993,2.7618742e-05,0.0,0.002093236,0.038586076
5304,10.338346,0.0,0.054961354,3.1853878,8.466476e-05,0.0,0.00020488631,0.038585994
5305,5.232344,0.0,0.2756528,3.1853774,2.270552e-05,0.0,0.0033109891,0.03858583
5306,1.3244976,0.0,0.41318098,3.1853683,2.9973111e-05,0.0,0.0004285611,0.038585648
5307,8.292353,0.0,5.895128,3.1853602,3.5491663e-05,0.0,0.0001970169,0.03858545
5308,6.1560817,0.0,0.7570703,3.1853538,7.540023e-06,0.0,0.00016635252,0.038585212
5309,3.2899785,0.0,3.0970867,3.185348,1.488452e-05,0.0,0.0004068218,0.03858505
5310,0.70149016,0.0,8.938568,3.1853435,0.00019749044,0.0,2.0357606e-05,0.03858488
5311,0.74222994,0.0,2.3189511,3.185339,4.5781064e-05,0.0,6.586132e-05,0.038584664
5312,0.44709802,0.0,1.3146151,3.1853347,7.882084e-06,0.0,0.00016746191,0.038584396
5313,0.81283665,0.0,12.872674,3.185331,0.000113291215,0.0,0.001022543,0.038583815
5314,0.1049942,0.0,1.6431041,3.185326,7.8002624e-05,0.0,0.00038576205,0.038583547
5315,0.32038334,0.0,0.35931435,3.18532,0.00029582361,0.0,0.0006669941,0.03858333
5316,0.07987702,0.0,1.3754032,3.1853163,0.0031709394,0.0,0.00011142716,0.03858323
5317,0.18930261,0.0,0.22481897,3.1853156,4.099102e-06,0.0,0.00020427573,0.038583126
5318,1.8334284,0.0,0.25713995,3.1853154,0.0034456654,0.0,0.00026668026,0.038583025
5319,7.269343,0.0,3.0658004,3.185315,1.274963e-05,0.0,0.0025421584,0.038583066
5320,13.936199,0.0,0.07943527,3.185313,2.501102e-05,0.0,0.007410176,0.038583066
5321,0.5108987,0.0,0.8999826,3.1853106,2.2353897e-06,0.0,0.0003262625,0.038583122
5322,0.2829877,0.0,0.80564946,3.1853132,3.660104e-05,0.0,0.0016901331,0.03858322
5323,0.66557723,0.0,2.4290657,3.1853144,1.6466913e-05,0.0,0.002681427,0.038583275
5324,2.315041,0.0,0.5175167,3.1853158,3.4329998e-05,0.0,0.00010731195,0.038583178
5325,0.6215327,0.0,1.9278568,3.185316,2.2369442e-05,0.0,0.00012399621,0.038583007
5326,0.5299041,0.0,1.1871248,3.1853194,0.0011797199,0.0,0.00016029667,0.038582783
5327,1.5790312,0.0,2.7833576,3.1853225,0.00011479949,0.0,0.0013803416,0.038582344
5328,0.20133632,0.0,10.62752,3.1853237,0.0005902824,0.0,0.003628928,0.038581993
5329,0.18712707,0.0,0.11712484,3.1853242,2.8067363e-05,0.0,0.00010179584,0.038581885
5330,0.21546821,0.0,16.06424,3.1853251,8.8652756e-05,0.0,0.00071082206,0.038581736
5331,2.0186005,0.0,7.0586295,3.1853232,0.00046704843,0.0,0.006166563,0.03858161
5332,1.4004816,0.0,0.113469236,3.185318,4.613554e-05,0.0,0.0030085729,0.038581323
5333,0.2830729,0.0,1.0243659,3.185312,2.2444141e-05,0.0,0.00019364603,0.038581003
5334,2.5930686,0.0,0.8097286,3.1853087,1.4817467e-05,0.0,0.00014679781,0.03858069
5335,0.5428322,0.0,0.31997895,3.1853085,7.98039e-06,0.0,0.0015873009,0.038580406
5336,6.3405147,0.0,1.6965591,3.1853085,0.00022905349,0.0,0.0033825573,0.03858009
5337,0.17620824,0.0,1.1502285,3.1853082,5.0022114e-05,0.0,0.00022235548,0.038579796
5338,2.0521424,0.0,4.661154,3.1853073,7.076005e-05,0.0,0.0004918604,0.03857944
5339,0.20206706,0.0,2.8644876,3.1853073,0.00017027895,0.0,0.0007094917,0.038579118
5340,0.96971697,0.0,0.022021368,3.1853049,6.174544e-05,0.0,6.850857e-05,0.038578797
5341,0.9286002,0.0,5.482344,3.1853023,0.0045719696,0.0,9.571786e-05,0.038578454
5342,0.063121736,0.0,0.39671582,3.1853054,4.7457717e-05,0.0,0.00018555482,0.038578074
5343,0.4142956,0.0,12.988817,3.1853082,6.0463215e-05,0.0,0.00033819518,0.038577728
5344,0.06392858,0.0,0.9778715,3.1853113,1.9578818e-05,0.0,0.0027374823,0.03857745
5345,1.1590525,0.0,0.75712204,3.1853151,0.0022919734,0.0,0.00022447084,0.03857708
5346,0.07963986,0.0,2.6029897,3.1853185,0.0002219126,0.0,0.0031972262,0.038576696
5347,0.48824614,0.0,7.515805,3.185321,0.0014899782,0.0,0.0006432606,0.038576376
5348,13.40153,0.0,0.022754269,3.1853218,0.007659129,0.0,0.00076616934,0.038580514
5349,0.4395412,0.0,1.5355978,3.1853216,0.000114448405,0.0,0.00010648943,0.038584597
5350,0.23633908,0.0,0.2235597,3.1853218,0.0017981576,0.0,0.0006118871,0.038588338
5351,0.31699497,0.0,0.18383235,3.185322,3.6051485e-06,0.0,0.0015772467,0.038591858
5352,0.11562528,0.0,1.1150004,3.1853216,0.00013105173,0.0,0.00015118677,0.038594827
5353,0.12093393,0.0,0.4098933,3.1853235,0.00016891713,0.0,0.00051746005,0.038597513
5354,0.09940018,0.0,0.01760012,3.1853256,4.964825e-05,0.0,0.0047656456,0.03860014
5355,4.2658362,0.0,0.17779845,3.1853273,0.00020446561,0.0,0.0001815299,0.03860235
5356,5.210282,0.0,0.19005632,3.185329,0.0001212667,0.0,0.001787827,0.038604315
5357,11.853591,0.0,0.063824095,3.1853294,0.00010370067,0.0,8.992235e-05,0.03860598
5358,0.05119155,0.0,4.4483833,3.1853306,0.00023574149,0.0,0.00012242624,0.038607404
5359,0.87492454,0.0,1.5373071,3.1853316,1.9031933e-05,0.0,9.023778e-05,0.0386087
5360,0.9993639,0.0,0.1806964,3.1853333,0.00015904318,0.0,0.0016848303,0.03860981
5361,0.1468722,0.0,0.025250817,3.1853347,0.00029998584,0.0,0.0006610233,0.03861081
5362,0.072727755,0.0,1.1317207,3.1853359,0.00043086096,0.0,0.00022162423,0.038611416
5363,1.435311,0.0,0.31081554,3.1853397,0.0002301984,0.0,0.00029332188,0.038612463
5364,6.5947886,0.0,0.6589464,3.185343,0.00018685799,0.0,0.00016170641,0.03861338
5365,1.154682,0.0,1.0042282,3.1853464,0.0014893258,0.0,0.00010472632,0.03861413
5366,0.03319461,0.0,0.02784592,3.1853507,2.7094175e-05,0.0,0.00030286334,0.038614746
5367,0.61464274,0.0,0.8890279,3.1853552,0.00016182354,0.0,0.0022193796,0.038615193
5368,4.6693993,0.0,8.592693,3.1853597,2.8377344e-05,0.0,0.0026437985,0.038615555
5369,0.35713372,0.0,0.97253466,3.1853597,0.00011940053,0.0,0.0008580409,0.038615745
5370,14.806466,0.0,13.02694,3.1853602,7.363525e-05,0.0,0.00015260381,0.03861582
5371,5.5441847,0.0,3.046778,3.1853611,0.000108683395,0.0,0.00011849485,0.038615867
5372,4.21695,0.0,0.29229113,3.1853614,3.651984e-05,0.0,0.0007454874,0.03861591
5373,0.09636435,0.0,0.7428693,3.185363,0.00014669509,0.0,0.0033973542,0.038615845
5374,8.659979,0.0,0.6478159,3.1853633,0.00023978949,0.0,0.0026967975,0.03861605
5375,2.0043824,0.0,3.041104,3.1853638,0.00024072619,0.0,7.320753e-05,0.038616285
5376,0.6420611,0.0,1.998199,3.1853647,5.8284924e-05,0.0,0.000105594474,0.038616426
5377,9.511411,0.0,2.188559,3.185364,0.008236443,0.0,0.006498766,0.038616516
5378,0.5702947,0.0,1.1367724,3.185365,0.00015877749,0.0,0.00017273474,0.03861646
5379,5.555561,0.0,0.61225164,3.1853664,0.00052160915,0.0,0.0015317281,0.03861644
5380,1.3757089,0.0,0.08721926,3.1853733,0.003444779,0.0,9.281951e-05,0.038616385
5381,0.68748647,0.0,0.58757555,3.1853793,2.0787324e-05,0.0,0.00044450455,0.038616303
5382,10.585939,0.0,1.6643462,3.1853828,0.00011967873,0.0,0.0023418718,0.038616225
5383,0.20466678,0.0,2.228385,3.185393,2.1664824e-05,0.0,0.0002632542,0.03861671
5384,1.5275679,0.0,12.497711,3.185406,0.00016621276,0.0,0.00024194038,0.03861716
5385,0.23401994,0.0,2.2539926,3.1854131,7.119455e-05,0.0,0.00012638899,0.038617462
5386,0.19244242,0.0,0.02259733,3.1854234,4.235533e-05,0.0,0.0002457684,0.038617667
5387,0.47961205,0.0,0.074216105,3.185433,0.00020817242,0.0,0.0012676367,0.038617756
5388,12.810003,0.0,17.048872,3.1854417,0.00012561215,0.0,0.00013987425,0.038618337
5389,0.30183032,0.0,0.17968813,3.1854484,2.5174202e-05,0.0,0.0009952341,0.038618825
5390,6.3274627,0.0,0.04757987,3.1854541,0.0029316526,0.0,2.1070915e-05,0.038619217
5391,3.8176413,0.0,0.23835877,3.1854596,4.324384e-05,0.0,8.411941e-05,0.038619485
5392,1.1146036,0.0,0.726204,3.1854646,0.000110784786,0.0,5.6824185e-05,0.038619682
5393,2.9354758,0.0,2.905841,3.1854703,0.0001103754,0.0,0.002745862,0.038619805
5394,0.5767096,0.0,0.15648292,3.1854756,2.4485385e-05,0.0,0.0016878587,0.038619917
5395,0.51775515,0.0,8.81291,3.1854804,7.8421595e-05,0.0,0.00033143227,0.03861991
5396,0.83063215,0.0,0.60703206,3.1854775,0.00011295645,0.0,0.0012461385,0.03862003
5397,0.15624602,0.0,10.655187,3.185475,7.878209e-05,0.0,0.0028609668,0.038620155
5398,0.64294213,0.0,3.7674236,3.185466,4.924127e-06,0.0,0.00012083423,0.038620304
5399,4.3183575,0.0,0.60815513,3.1854634,2.6562673e-05,0.0,0.0021111395,0.03862032
5400,14.77075,0.0,0.39965543,3.1854618,4.3116048e-05,0.0,0.002182275,0.038620245
5401,0.11154584,0.0,14.078734,3.18546,2.3266224e-05,0.0,0.00063106295,0.038620114
5402,0.50609016,0.0,0.7283762,3.1854582,2.1053751e-05,0.0,9.9763754e-05,0.03861988
5403,17.359116,0.0,0.08840429,3.1854563,0.0047249366,0.0,0.00012378416,0.03861959
5404,1.9481295,0.0,1.7678359,3.1854553,0.0016747138,0.0,0.00030705993,0.03861927
5405,0.6489122,0.0,5.9879975,3.1854534,2.0692582e-05,0.0,0.0029255818,0.038618915
5406,0.18579057,0.0,18.057047,3.1854467,1.4309249e-05,0.0,0.0035864955,0.03861855
5407,1.1418711,0.0,2.117355,3.1854436,3.5166217e-05,0.0,0.00038546586,0.038618118
5408,0.19617681,0.0,0.60108244,3.1854386,3.268136e-05,0.0,0.004031367,0.03861777
5409,0.08216903,0.0,7.962526,3.1854353,5.1679177e-05,0.0,0.0005588145,0.038616884
5410,0.07800737,0.0,0.022532992,3.1854293,1.2240837e-05,0.0,5.3687105e-05,0.038615987
5411,1.8706303,0.0,0.81830555,3.185424,2.5057745e-05,0.0,0.00010314838,0.038615104
5412,0.13121054,0.0,2.2174778,3.1854212,0.0024184855,0.0,9.711951e-05,0.038614262
5413,2.3437016,0.0,2.5405028,3.1854188,5.854003e-05,0.0,0.000354813,0.038613424
5414,0.6740057,0.0,3.7666235,3.1854208,4.2781357e-05,0.0,9.104725e-05,0.038612626
5415,10.989843,0.0,0.13320698,3.1854205,0.000603352,0.0,0.00094291556,0.038611833
5416,4.910918,0.0,0.32327107,3.18542,0.0012823509,0.0,0.0031909016,0.038610972
5417,0.622915,0.0,0.5341688,3.1854188,3.3378128e-05,0.0,0.0051201424,0.0386102
5418,0.11688892,0.0,0.13368163,3.185419,0.0018907452,0.0,8.028352e-05,0.038609646
5419,0.27973726,0.0,12.809621,3.1854196,8.040819e-05,0.0,0.00028252596,0.0386091
5420,1.5822505,0.0,1.2720653,3.1854196,9.306324e-05,0.0,0.00014568021,0.03860855
5421,5.541072,0.0,0.044715904,3.1854231,0.0017232706,0.0,0.0053750286,0.03860807
5422,0.11326736,0.0,0.46697348,3.1854265,5.8899575e-05,0.0,0.0033955562,0.038608056
5423,2.6136472,0.0,0.30779964,3.1854298,0.00014678299,0.0,0.0046507907,0.03860808
5424,9.165978,0.0,0.7917682,3.1854334,0.00015112775,0.0,0.00017857122,0.03860804
5425,0.052372746,0.0,3.8168402,3.1854372,0.0021534497,0.0,0.00020625506,0.03860793
5426,0.41620573,0.0,1.2592033,3.185439,0.00035390182,0.0,0.00010116928,0.038607776
5427,1.68188,0.0,0.09005456,3.1854382,0.00028632805,0.0,0.0022485412,0.038607564
5428,0.539936,0.0,2.5385792,3.1854362,0.00048408727,0.0,0.00054207904,0.038607385
5429,13.373608,0.0,5.920613,3.185437,0.0030700231,0.0,0.00010699325,0.03860716
5430,15.648461,0.0,0.572249,3.1854367,0.0020089056,0.0,0.0023641288,0.03860695
5431,19.49962,0.0,0.526746,3.185437,0.00024673197,0.0,0.00022619645,0.038606726
5432,0.2270574,0.0,0.44455203,3.1854367,0.0005543657,0.0,0.0028733718,0.038606416
5433,2.2315316,0.0,0.022753343,3.1854377,7.106524e-05,0.0,0.00030716293,0.038606033
5434,1.4527377,0.0,3.133854,3.1854382,5.01112e-05,0.0,0.0040921713,0.03860567
5435,0.4452063,0.0,5.934378,3.1854424,3.486473e-05,0.0,0.0008065445,0.03860496
5436,0.5249956,0.0,0.56307966,3.1854477,0.00036644665,0.0,0.002422093,0.0386043
5437,5.411756,0.0,0.11197242,3.1854527,7.557924e-05,0.0,0.00016287695,0.038603812
5438,0.23788866,0.0,6.692753,3.185456,0.00012759861,0.0,0.0005842749,0.038603406
5439,0.29735902,0.0,6.2082977,3.1854572,0.00017019385,0.0,3.8727674e-05,0.038602967
5440,1.0518928,0.0,0.7676326,3.1854575,0.00012714654,0.0,0.0026882077,0.038602516
5441,1.9436316,0.0,0.53799343,3.1854587,5.3751297e-05,0.0,7.849492e-05,0.038602024
5442,1.3571273,0.0,10.301439,3.1854608,9.15939e-05,0.0,0.00021344614,0.038601518
5443,0.6987084,0.0,0.0547162,3.1854634,7.007163e-05,0.0,0.00024700473,0.038601317
5444,0.29233637,0.0,0.052569322,3.1854649,0.00024447782,0.0,0.00062135904,0.038601086
5445,9.50072,0.0,0.040247887,3.185467,0.0024602807,0.0,0.000744562,0.038600706
5446,4.712495,0.0,2.9982498,3.1854682,4.07625e-05,0.0,4.0594663e-05,0.038600262
5447,0.11687023,0.0,2.2820387,3.1854715,0.0019943938,0.0,0.0060408176,0.038599826
5448,1.4353325,0.0,2.6935072,3.1854742,2.948381e-05,0.0,0.0031112134,0.038599405
5449,1.5603805,0.0,0.33880654,3.185482,5.0777515e-05,0.0,0.002597064,0.038599268
5450,2.4212983,0.0,1.837794,3.1854897,0.0010254901,0.0,9.3192095e-05,0.038599122
5451,0.4309099,0.0,0.044490647,3.185498,0.00011018724,0.0,0.00040866755,0.038599
5452,1.3580307,0.0,0.5802677,3.1855059,8.073346e-05,0.0,8.714908e-05,0.03859882
5453,0.3775157,0.0,0.215507,3.1855137,1.1320636e-05,0.0,6.631999e-05,0.038598597
5454,5.0190496,0.0,6.3195853,3.1855223,0.00015054655,0.0,0.00014374184,0.03859834
5455,12.311671,0.0,0.11773994,3.185525,1.7030568e-05,0.0,3.6864076e-05,0.03859807
5456,0.8408823,0.0,2.4922376,3.185527,8.592876e-05,0.0,0.0001533383,0.038597725
5457,0.30263337,0.0,1.2574028,3.1855278,6.292886e-06,0.0,0.00017264849,0.038597394
5458,8.174949,0.0,0.1490788,3.1855295,0.0041831825,0.0,0.0012401245,0.038597073
5459,0.83219045,0.0,0.12582119,3.1855314,2.1425501e-05,0.0,0.00014879325,0.038596775
5460,0.12399475,0.0,9.169236,3.1855323,2.5479207e-05,0.0,0.0013932241,0.038596433
5461,9.040604,0.0,9.466697,3.185528,9.141936e-06,0.0,0.00015883424,0.03859612
5462,0.18760428,0.0,2.4054642,3.1855254,7.815029e-05,0.0,0.00018703449,0.03859588
5463,0.3863817,0.0,0.03673923,3.1855233,5.480666e-05,0.0,8.866377e-05,0.038595613
5464,0.8991965,0.0,0.03218071,3.1855214,0.0033574062,0.0,9.734815e-05,0.038595263
5465,10.667729,0.0,9.503491,3.1855192,4.517558e-05,0.0,0.0001005317,0.038594894
5466,2.478837,0.0,2.4026647,3.185509,0.000102323276,0.0,0.00019654544,0.038594473
5467,0.71077776,0.0,0.76200575,3.185498,4.6785095e-05,0.0,0.0001466632,0.038594022
5468,1.3560264,0.0,4.3326335,3.185488,7.814155e-05,0.0,0.00023731448,0.038593583
5469,0.06535985,0.0,1.7436167,3.185481,0.0024200666,0.0,0.00035150893,0.038593143
5470,0.15129443,0.0,0.5193401,3.185476,0.00010613816,0.0,0.00011934455,0.038592797
5471,3.7506,0.0,8.900294,3.185473,1.3584229e-05,0.0,0.00013695362,0.038592387
5472,0.3399699,0.0,7.312256,3.1854663,1.6432168e-05,0.0,0.0007306575,0.03859195
5473,0.6565517,0.0,1.3016111,3.1854603,2.3634291e-05,0.0,0.0026660939,0.038591497
5474,1.6720384,0.0,0.15867992,3.1854541,0.00028492208,0.0,0.00013722922,0.03859088
5475,0.14988776,0.0,4.0599446,3.1854494,5.3492433e-05,0.0,0.0012490386,0.038590375
5476,10.317205,0.0,0.8929408,3.185448,0.00063398055,0.0,0.00044977473,0.03858969
5477,0.5080303,0.0,0.029821938,3.1854472,0.0008040185,0.0,7.632846e-05,0.03858899
5478,2.2469082,0.0,0.030646916,3.1854463,3.3646e-05,0.0,0.005144119,0.038588297
5479,0.53959054,0.0,4.08276,3.1854453,0.00019037594,0.0,0.0022748169,0.03858886
5480,0.11109465,0.0,0.03371628,3.1854427,4.0353592e-05,0.0,9.9865036e-05,0.038589388
5481,0.32127082,0.0,11.668737,3.1854398,0.00025713726,0.0,0.00092129444,0.038589835
5482,0.15824366,0.0,0.2697451,3.1854348,6.053624e-06,0.0,0.0001286573,0.038590346
5483,0.13725987,0.0,13.286019,3.1854303,0.0001377211,0.0,0.0025335827,0.038590714
5484,1.359232,0.0,0.08077631,3.1854258,2.7975253e-05,0.0,0.00010323756,0.038591105
5485,1.2792584,0.0,0.7490783,3.1854205,0.0026765533,0.0,0.00022423783,0.038591444
5486,2.2120488,0.0,12.189321,3.1854157,3.7219703e-05,0.0,0.0025496178,0.038591683
5487,0.5641193,0.0,0.2803333,3.185404,2.0295627e-05,0.0,0.0010682782,0.038591985
5488,0.31127888,0.0,2.317198,3.1853938,0.00015713484,0.0,0.00016472966,0.03859229
5489,0.096101046,0.0,3.3152256,3.1853855,0.0009629874,0.0,0.0002473208,0.03859251
5490,0.13102864,0.0,0.15779604,3.1853771,0.0005868994,0.0,0.0002500075,0.03859198
5491,0.07333395,0.0,3.0971334,3.1853697,5.3337513e-05,0.0,0.00015461199,0.038591456
5492,0.6538251,0.0,0.06668107,3.185362,0.0005315277,0.0,4.9562273e-05,0.03859107
5493,9.644928,0.0,13.241934,3.1853557,0.00071113656,0.0,0.0011562244,0.03859068
5494,0.048800536,0.0,7.1514173,3.1853464,1.7274397e-05,0.0,0.0040562637,0.038590338
5495,1.6557975,0.0,3.6626172,3.1853383,0.002581534,0.0,0.0006495868,0.03859
5496,15.1679535,0.0,0.022398865,3.185332,3.495689e-05,0.0,0.0002169224,0.03858981
5497,2.9720478,0.0,5.813867,3.1853266,4.8503443e-06,0.0,0.00043066387,0.038589634
5498,0.17812231,0.0,2.0871701,3.1853151,0.0006471821,0.0,0.0027846075,0.03858961
5499,0.21947391,0.0,0.021673614,3.185304,0.00027601406,0.0,0.00020612444,0.038589485
5500,0.063025475,0.0,0.11574776,3.1852942,4.8748816e-06,0.0,0.0046308227,0.038589373
5501,7.7084823,0.0,0.31692073,3.1852858,3.884553e-05,0.0,0.00031793382,0.038589213
5502,28.06005,0.0,0.15405771,3.185279,3.717692e-05,0.0,0.0020832154,0.038589068
5503,6.107264,0.0,0.21794976,3.1852727,0.002366127,0.0,0.00046897956,0.038588844
5504,1.0919845,0.0,0.16516598,3.1852677,2.9972693e-05,0.0,0.006697074,0.03858858
5505,1.3913755,0.0,0.19887498,3.1852646,0.0033270465,0.0,0.00015789468,0.038588297
5506,8.215233,0.0,0.033219945,3.1852617,0.000106181775,0.0,4.6495577e-05,0.03858798
5507,11.895367,0.0,0.025902364,3.1852586,1.0204303e-05,0.0,0.000134587,0.038587667
5508,0.49295935,0.0,0.18984856,3.1852558,5.5003056e-05,0.0,0.0021078598,0.038587347
5509,0.7985039,0.0,0.047409352,3.1852546,0.00011237355,0.0,0.0027066867,0.03858695
5510,1.907405,0.0,9.748149,3.1852539,0.0029420424,0.0,0.001014431,0.038586523
5511,9.897002,0.0,0.030324172,3.1852548,6.3868924e-06,0.0,5.683797e-05,0.038586304
5512,4.4172835,0.0,3.072829,3.1852555,0.0017913306,0.0,0.00058154215,0.038586024
5513,2.2330413,0.0,0.9568935,3.1852562,0.004255264,0.0,0.00040640944,0.03858584
5514,1.2646681,0.0,14.722178,3.1852572,0.001988327,0.0,0.00020438159,0.038585704
5515,6.873351,0.0,5.0770283,3.1852603,5.9458416e-05,0.0,0.0032121544,0.038585503
5516,1.3280227,0.0,1.035497,3.1852615,2.027759e-05,0.0,9.313012e-05,0.03858532
5517,2.6162503,0.0,0.22398166,3.1852627,0.0019518741,0.0,0.0010337535,0.038585056
5518,0.70928776,0.0,1.045705,3.1852639,1.7999813e-05,0.0,0.001565212,0.038584854
5519,1.242223,0.0,0.55756676,3.1852636,0.00014010741,0.0,0.003132641,0.03858461
5520,2.300161,0.0,0.549194,3.185263,7.3086985e-06,0.0,0.0010194806,0.03858436
5521,2.4736137,0.0,0.39879137,3.1852632,6.907352e-05,0.0,0.0003879522,0.038584527
5522,0.7928432,0.0,1.3251172,3.185266,2.9124833e-05,0.0,0.0006124325,0.03858465
5523,9.509719,0.0,0.3614055,3.1852727,0.0021893394,0.0,0.001832876,0.03858488
5524,1.9293387,0.0,0.07730431,3.1852796,0.00250474,0.0,9.790328e-05,0.03858551
5525,0.32584178,0.0,0.09645641,3.1852856,2.4600467e-05,0.0,0.00046318778,0.03858607
5526,0.32333457,0.0,0.18556127,3.1852913,0.0035370046,0.0,0.0001923235,0.03858688
5527,5.5637693,0.0,0.5091036,3.185297,0.0013387884,0.0,0.00014589562,0.03858765
5528,7.9323225,0.0,0.05278493,3.1853015,5.1627976e-05,0.0,0.00016665336,0.038588118
5529,6.9646664,0.0,2.535213,3.1853058,0.0025235729,0.0,0.0024319508,0.038588475
5530,0.39800993,0.0,0.21488973,3.1853085,2.0767573e-05,0.0,0.0011720747,0.03858872
5531,1.6023684,0.0,2.8990395,3.1853104,0.00013049727,0.0,0.0052491003,0.038588867
5532,0.45410728,0.0,9.072637,3.1853135,5.389425e-06,0.0,0.0013570581,0.03858896
5533,0.1983056,0.0,1.4344429,3.185318,0.0001893531,0.0,8.2689774e-05,0.038588766
5534,3.907417,0.0,0.21059154,3.1853235,0.0025250863,0.0,0.00017833177,0.03858859
5535,3.6629333,0.0,1.8293918,3.1853287,4.9333314e-05,0.0,6.2846455e-05,0.038588364
5536,0.19233434,0.0,1.773672,3.1853344,0.0001888339,0.0,0.00043100858,0.038588077
5537,0.69882625,0.0,6.0802946,3.185341,0.00043490017,0.0,0.00025545564,0.03858774
5538,1.4280418,0.0,11.940837,3.1853447,0.0018100531,0.0,0.00036624336,0.03858749
5539,0.14228863,0.0,0.029313104,3.1853483,0.00020236967,0.0,0.0002126286,0.03858723
5540,0.36832577,0.0,0.05494232,3.185351,0.0033529024,0.0,0.0032245324,0.03858689
5541,2.386489,0.0,3.3114362,3.185353,7.000226e-05,0.0,0.0009771821,0.038586874
5542,4.6464095,0.0,3.5577698,3.1853573,0.00034205156,0.0,0.0002521723,0.038586725
5543,0.15779088,0.0,0.027067456,3.1853626,7.749581e-05,0.0,0.0004245083,0.038586464
5544,2.060102,0.0,0.19093536,3.1853676,0.00013922343,0.0,0.0015209346,0.03858614
5545,1.4337935,0.0,12.530468,3.185372,0.0002036407,0.0,0.00012156001,0.0385856
5546,10.381879,0.0,0.49935025,3.1853747,0.00024176661,0.0,0.00025193862,0.03858515
5547,8.661964,0.0,9.533116,3.1853797,0.00027598985,0.0,0.00036018837,0.038584825
5548,3.2388127,0.0,11.973529,3.185382,0.00010656922,0.0,0.00011012562,0.03858441
5549,1.7085329,0.0,0.82321674,3.1853836,0.00030517898,0.0,0.0003084067,0.038583998
5550,0.10871457,0.0,1.7494171,3.1853817,2.4693278e-05,0.0,0.00019522212,0.038583674
5551,0.3597325,0.0,0.7987046,3.1853824,6.355031e-05,0.0,0.00027864584,0.03858335
5552,5.860768,0.0,0.2854704,3.1853848,4.6981564e-05,0.0,0.00014376668,0.038583215
5553,0.23154105,0.0,19.113972,3.1853855,0.00014049638,0.0,0.0025517081,0.038582966
5554,0.2903121,0.0,3.3527784,3.185386,9.804973e-05,0.0,0.00024160916,0.03858262
5555,1.1803445,0.0,2.1823616,3.1853886,0.00033126696,0.0,0.0046595708,0.03858225
5556,0.082533784,0.0,0.18090865,3.1853917,6.2004176e-05,0.0,0.003524454,0.038581856
5557,0.2407609,0.0,0.026524357,3.1853945,0.003154258,0.0,0.00019546461,0.038581546
5558,3.3580875,0.0,0.08872564,3.1853971,0.0020759995,0.0,0.0006694238,0.038581077
5559,7.5414457,0.0,1.20466,3.1853998,5.8186633e-05,0.0,0.00018762633,0.0385801
5560,0.20465574,0.0,0.14770463,3.1854014,0.0023323782,0.0,0.0016438272,0.038579274
5561,3.3114285,0.0,2.2345543,3.1854033,3.1167572e-05,0.0,0.0006138247,0.03857859
5562,0.11630379,0.0,0.20591688,3.1854076,1.8542822e-05,0.0,7.579762e-05,0.038578656
5563,10.850169,0.0,10.239874,3.1854126,2.4353594e-05,0.0,0.0001270364,0.038578797
5564,1.9029726,0.0,0.047314096,3.185412,1.304402e-05,0.0,0.0003819305,0.03857885
5565,7.170246,0.0,0.026818743,3.1854107,0.00091856153,0.0,0.0026764201,0.038579103
5566,11.085135,0.0,9.356354,3.18541,7.646746e-05,0.0,0.00010641472,0.038579382
5567,6.142652,0.0,0.48255077,3.185411,4.710464e-05,0.0,9.312853e-05,0.03857961
5568,0.0550917,0.0,9.854844,3.1854117,0.0022937458,0.0,0.0006155561,0.038579844
5569,5.8568187,0.0,4.8804345,3.1854088,0.00015185257,0.0,9.982602e-05,0.038580764
5570,0.15471847,0.0,2.9098577,3.1854072,0.00014552311,0.0,0.0003758056,0.038581584
5571,0.16281264,0.0,0.31997013,3.185409,9.152701e-06,0.0,0.000189248,0.03858237
5572,0.27876425,0.0,0.77745277,3.185412,4.1362888e-05,0.0,0.0032147148,0.038583145
5573,0.2695132,0.0,0.3254899,3.185416,4.5187702e-05,0.0,0.0025133938,0.03858391
5574,5.119991,0.0,0.38154492,3.1854205,2.7370817e-05,0.0,0.002454446,0.038584735
5575,0.07678142,0.0,6.596046,3.1854258,7.5721146e-05,0.0,0.0020505912,0.03858543
5576,0.8359083,0.0,1.5480464,3.18543,0.0002141526,0.0,0.0025948368,0.038586285
5577,0.40913558,0.0,1.1307445,3.1854334,3.8005666e-05,0.0,0.00071444135,0.038587354
5578,0.30311203,0.0,1.6205615,3.1854372,0.0036406205,0.0,0.0001358087,0.03858829
5579,1.5935664,0.0,0.05100878,3.1854413,9.6325064e-05,0.0,8.458414e-05,0.03858909
5580,13.973837,0.0,0.41805762,3.1854446,3.4181712e-06,0.0,0.0015484622,0.038589742
5581,0.11540352,0.0,5.73177,3.185449,3.7311387e-05,0.0,0.00032350258,0.03859076
5582,6.617198,0.0,0.376685,3.1854558,9.94701e-05,0.0,0.005791549,0.038591675
5583,0.08843783,0.0,3.6465688,3.1854615,0.0022734497,0.0,0.000116484545,0.038592298
5584,3.0181077,0.0,9.582682,3.1854696,8.865388e-05,0.0,0.00070248276,0.038592786
5585,0.6240828,0.0,0.04035654,3.1854749,0.0016081843,0.0,4.7917136e-05,0.03859303
5586,15.359442,0.0,0.90283334,3.185479,3.852209e-05,0.0,0.00046145232,0.038593188
5587,10.891926,0.0,0.22969225,3.1854851,4.133351e-05,0.0,0.004825812,0.03859317
5588,0.2862469,0.0,0.59555227,3.1854916,0.00014261146,0.0,0.0028279077,0.038593218
5589,0.7056709,0.0,3.0670063,3.185501,2.3224611e-06,0.0,0.0001595562,0.03859325
5590,0.5443067,0.0,0.0337233,3.1855109,0.0006024397,0.0,0.0014815907,0.038593233
5591,5.142039,0.0,0.17685702,3.18552,3.5501107e-05,0.0,0.00050563103,0.03859314
5592,0.2090781,0.0,0.41867518,3.1855268,0.0021208744,0.0,0.00015646542,0.038592905
5593,1.7500521,0.0,9.793452,3.185534,0.0028082074,0.0,0.0030836037,0.038592644
5594,0.24672925,0.0,0.10624963,3.185538,0.00047158555,0.0,0.003258006,0.038592387
5595,5.681156,0.0,4.517644,3.1855416,0.0016848426,0.0,0.0001844741,0.038592312
5596,0.9264823,0.0,1.2818758,3.1855466,0.00033463005,0.0,0.001767987,0.03859221
5597,0.25617272,0.0,4.2704573,3.1855514,8.115564e-05,0.0,0.000995558,0.03859208
5598,6.408634,0.0,4.8179474,3.1855593,0.00016715575,0.0,0.00059816334,0.038591985
5599,7.6737137,0.0,2.8611052,3.1855626,0.0001373888,0.0,0.00020046266,0.038591824
5600,0.8746692,0.0,2.9595106,3.1855652,9.344141e-05,0.0,4.6365858e-05,0.038591594
5601,1.9025768,0.0,0.6066625,3.1855638,7.3366773e-06,0.0,0.0002840059,0.03859132
5602,2.3738601,0.0,0.53704387,3.1855621,0.00044920703,0.0,0.00033412635,0.038591
5603,1.4718093,0.0,4.1980057,3.1855607,0.00010433427,0.0,0.0010182472,0.038590584
5604,0.64173585,0.0,0.23549423,3.1855583,8.320632e-05,0.0,0.0002105739,0.038590025
5605,0.40394196,0.0,0.7085315,3.1855571,2.04922e-05,0.0,0.00017892531,0.03858949
5606,5.90743,0.0,1.16368,3.1855562,0.00028993835,0.0,0.00020345367,0.03858892
5607,2.3487747,0.0,2.7407756,3.1855645,0.0028726729,0.0,0.00091911736,0.038588353
5608,11.770221,0.0,0.03503097,3.1855721,3.3501125e-05,0.0,0.00061004824,0.038587764
5609,8.338524,0.0,0.11617571,3.1855793,7.706927e-05,0.0,0.00016273916,0.038587384
5610,0.24094257,0.0,0.028819323,3.1855855,5.883015e-05,0.0,0.00012228392,0.03858698
5611,0.42101073,0.0,4.368021,3.1855907,0.00013140925,0.0,0.0025906467,0.0385865
5612,0.20165162,0.0,0.29628795,3.1855934,0.00019663628,0.0,0.004320704,0.038586043
5613,0.28431702,0.0,0.1224768,3.185596,0.002610496,0.0,0.0029995916,0.038585644
5614,18.441608,0.0,3.4064674,3.185599,0.003227847,0.0,0.00019847741,0.038585257
5615,4.168252,0.0,0.12825134,3.1856017,0.0032506702,0.0,0.0001279563,0.03858488
5616,15.376494,0.0,0.015769485,3.1856039,6.0298255e-05,0.0,0.00016493569,0.038584743
5617,2.5290685,0.0,0.07453411,3.1856053,3.2334054e-05,0.0,0.00011625461,0.038584586
5618,4.960383,0.0,1.3175231,3.1856072,1.5362095e-05,0.0,0.00017812986,0.038584363
5619,3.6718678,0.0,0.21909775,3.185611,3.2698503e-05,0.0,0.0020952334,0.03858399
5620,9.641896,0.0,0.6959876,3.1856143,0.00044720742,0.0,0.00014972869,0.038583543
5621,0.64213073,0.0,3.0759323,3.1856174,1.679208e-05,0.0,0.00012292771,0.03858309
5622,1.8470927,0.0,1.0850134,3.1856203,0.002924439,0.0,0.00014999983,0.038582616
5623,1.4019104,0.0,0.08161504,3.1856232,8.335169e-05,0.0,0.00019413464,0.038582183
5624,19.923439,0.0,2.7138474,3.185625,8.61711e-05,0.0,0.00014118887,0.038581736
5625,4.1812234,0.0,0.298983,3.1856287,2.3065595e-06,0.0,0.0017797034,0.038581215
5626,0.30539626,0.0,0.51799196,3.1856313,2.0181029e-05,0.0,0.0019944739,0.038579717
5627,0.17293927,0.0,1.7269267,3.1856325,1.462007e-05,0.0,0.0028653431,0.03857841
5628,5.246644,0.0,0.04179287,3.1856353,2.4185716e-05,0.0,6.921879e-05,0.03857723
5629,0.41577888,0.0,8.729509,3.185638,0.0022402632,0.0,0.0001415553,0.038576182
5630,2.2101445,0.0,0.14209631,3.185641,0.0029433845,0.0,0.00063080003,0.038575355
5631,0.68294907,0.0,3.6471972,3.1856446,0.005817207,0.0,0.00014660117,0.038574547
5632,1.0020895,0.0,0.6878479,3.1856487,0.0029116315,0.0,5.21166e-05,0.038573813
5633,1.459523,0.0,0.6029431,3.185652,2.3584555e-05,0.0,0.0021227282,0.03857314
5634,0.056509204,0.0,3.4757342,3.185656,5.320795e-05,0.0,0.00013851843,0.038572367
5635,0.07501259,0.0,0.13300836,3.1856608,5.9350004e-05,0.0,0.00012527965,0.038571596
5636,1.1666011,0.0,9.79234,3.1856654,3.1021773e-05,0.0,0.00034522594,0.03857088
5637,12.054989,0.0,0.54678816,3.1856697,0.0001882906,0.0,0.0001140053,0.038570534
5638,1.3074172,0.0,7.0195417,3.1856728,2.1548229e-05,0.0,0.00030679203,0.038570154
5639,2.1907542,0.0,1.1712863,3.1856754,0.00081383367,0.0,0.002288206,0.03856975
5640,0.19075148,0.0,0.25192377,3.1856768,0.00015333491,0.0,0.00031148473,0.03856947
5641,0.8383247,0.0,0.03382606,3.1856756,0.00039753632,0.0,0.00019116567,0.038569234
5642,0.85430443,0.0,1.8450042,3.1856747,0.00011661857,0.0,0.0035013799,0.038568996
5643,0.1451829,0.0,7.904042,3.1856763,5.981497e-05,0.0,0.0023835006,0.038568784
5644,0.46934247,0.0,3.4710789,3.1856768,0.00016542431,0.0,0.0005504655,0.03856881
5645,1.1195107,0.0,0.17140292,3.1856782,7.4114278e-06,0.0,0.0027372127,0.038568832
5646,0.34738776,0.0,0.09059531,3.1856794,7.502462e-05,0.0,3.301206e-05,0.038568806
5647,11.690551,0.0,0.15507694,3.1856797,0.00020308275,0.0,0.0041245343,0.038568713
5648,0.3317982,0.0,5.5428762,3.1856794,0.0006056587,0.0,8.2735234e-05,0.03856857
5649,0.031147858,0.0,2.0558896,3.1856775,0.00040638135,0.0,0.0009042031,0.03856839
5650,0.08052179,0.0,0.44831318,3.1856754,0.001758848,0.0,0.00030334402,0.038568325
5651,0.07746692,0.0,0.113098845,3.1856737,5.723522e-06,0.0,0.00050319126,0.038568303
5652,7.5846634,0.0,12.40927,3.1856723,0.00013084206,0.0,0.00020808559,0.038568195
5653,0.029030519,0.0,7.892048,3.1856692,0.00014166597,0.0,0.0025307867,0.038568094
5654,0.76375,0.0,0.058646552,3.1856635,0.0007095095,0.0,0.00012292291,0.038568065
5655,0.5236738,0.0,1.1210518,3.185659,6.848102e-05,0.0,0.00021711586,0.03856799
5656,1.2323766,0.0,0.045229945,3.1856556,0.000588822,0.0,0.00030136906,0.03856795
5657,1.1835573,0.0,5.063302,3.1856527,9.738177e-05,0.0,9.002133e-05,0.038568135
5658,0.048951887,0.0,0.7779199,3.1856441,4.7789363e-05,0.0,0.00017907078,0.038568284
5659,0.05271731,0.0,0.020422468,3.185637,9.0062174e-05,0.0,0.000103320424,0.038568437
5660,2.697028,0.0,2.4174588,3.1856308,4.00129e-05,0.0,0.00076610927,0.03856851
5661,4.0844336,0.0,0.019558866,3.1856246,0.00020053679,0.0,0.0020118274,0.03856852
5662,7.2489767,0.0,0.84064937,3.1856189,0.0006445263,0.0,0.00017956842,0.038568415
5663,0.16539076,0.0,0.6479891,3.1856134,0.0023620839,0.0,0.0013803861,0.038568325
5664,2.9456267,0.0,0.06566215,3.1856086,0.000119772274,0.0,0.00049624813,0.03856818
5665,0.11107077,0.0,4.2643805,3.185604,0.00040292135,0.0,0.0001446252,0.038568113
5666,0.27583438,0.0,0.16993429,3.1855996,6.191461e-05,0.0,0.002738152,0.038567882
5667,11.297983,0.0,1.3685374,3.1855948,2.91993e-05,0.0,0.00011995832,0.03856758
5668,0.14682391,0.0,0.67698306,3.1855912,1.0592401e-05,0.0,6.970468e-05,0.038567435
5669,3.3341527,0.0,0.08253139,3.1855884,0.0020635366,0.0,0.0047009774,0.03856724
5670,3.3297298,0.0,1.9000152,3.1855853,2.6624024e-05,0.0,9.760869e-05,0.038567506
5671,4.8230786,0.0,11.0149975,3.185582,0.00023415888,0.0,8.95868e-05,0.038567726
5672,2.7127187,0.0,3.409647,3.1855803,2.5046716e-05,0.0,0.00084482355,0.03856786
5673,3.6253543,0.0,1.611444,3.1855793,0.00010646899,0.0,7.59728e-05,0.038568165
5674,3.3679516,0.0,0.090418756,3.185577,0.00011667865,0.0,0.0001079972,0.038568437
5675,0.62392455,0.0,3.585321,3.1855743,7.9223435e-05,0.0,7.7729856e-05,0.038569063
5676,4.3509154,0.0,0.17016524,3.1855757,6.928427e-05,0.0,9.9752884e-05,0.03856975
5677,16.024874,0.0,1.2171131,3.1855764,0.0025735612,0.0,0.004149425,0.038570397
5678,9.757898,0.0,0.1294223,3.1855805,0.0021655203,0.0,0.0037642727,0.038570996
5679,0.22026815,0.0,4.968399,3.1855855,0.0029184506,0.0,0.0049353675,0.038571566
5680,7.082666,0.0,4.8112373,3.1855905,3.9192317e-05,0.0,0.00047733219,0.038572066
5681,2.1679306,0.0,2.80238,3.1855938,0.0017658471,0.0,0.002281552,0.03857208
5682,7.1216307,0.0,13.145984,3.1855974,0.0021842879,0.0,0.00018965652,0.03857208
5683,0.430867,0.0,14.876582,3.1855993,9.032908e-05,0.0,0.00027492252,0.0385719
5684,6.1271477,0.0,0.14121759,3.1856,2.0402837e-05,0.0,8.0809754e-05,0.038571686
5685,2.0726714,0.0,2.2068994,3.1856005,5.4352924e-05,0.0,0.00017917276,0.038571447
5686,0.34961304,0.0,5.261766,3.185598,0.0015846335,0.0,0.0021435036,0.03857119
5687,0.44009623,0.0,0.15505712,3.1855931,3.7074067e-05,0.0,0.0034650394,0.038570873
5688,3.6183987,0.0,0.088111825,3.185589,0.00017359343,0.0,0.0027930874,0.038571287
5689,9.25519,0.0,0.39379784,3.1855853,0.0014458159,0.0,9.275142e-05,0.038571678
5690,1.8014575,0.0,0.34647432,3.1855822,0.0013798344,0.0,0.007458938,0.038571965
5691,1.0654885,0.0,0.1658214,3.1855793,1.8116816e-06,0.0,0.0001839603,0.038572192
5692,0.85506666,0.0,3.0966728,3.1855772,0.00034449756,0.0,9.024858e-05,0.038572352
5693,3.4567115,0.0,4.4151845,3.1855786,0.00044391514,0.0,0.00020626308,0.038572434
5694,0.5294532,0.0,1.3183123,3.1855824,0.0003004197,0.0,7.691211e-05,0.038572434
5695,0.8360862,0.0,0.61037403,3.1855867,0.00025882988,0.0,0.00021494376,0.038572434
5696,9.930745,0.0,7.733424,3.185591,2.0381132e-05,0.0,0.0021175253,0.038572464
5697,1.2297522,0.0,1.8450205,3.1855946,2.9967068e-05,0.0,0.00019376547,0.038572464
5698,3.9853287,0.0,1.3407565,3.1855993,0.00018678028,0.0,0.0027440218,0.038572393
5699,12.578278,0.0,0.18881166,3.1856043,0.0007884743,0.0,0.00028007728,0.03857224
5700,1.3265191,0.0,1.2811619,3.185609,0.00045815727,0.0,0.0039491663,0.038572
5701,3.3780105,0.0,0.07291239,3.1856134,7.316528e-05,0.0,0.0010601288,0.038571488
5702,0.11487351,0.0,6.40949,3.185618,3.3782322e-05,0.0,0.0015666423,0.038571075
5703,5.4653463,0.0,0.21314028,3.1856217,1.1237666e-05,0.0,8.252207e-05,0.038570933
5704,2.4220803,0.0,8.899234,3.1856272,4.5128814e-05,0.0,0.00012338808,0.038570758
5705,6.9100294,0.0,0.16195953,3.1856318,3.211865e-05,0.0,0.0019468007,0.038570598
5706,0.7445589,0.0,11.032604,3.1856363,0.0016091517,0.0,0.00061790564,0.038571827
5707,0.8742626,0.0,0.021552967,3.1856418,0.0006933792,0.0,0.0026641926,0.038572945
5708,11.236931,0.0,4.509185,3.1856468,0.00013400102,0.0,0.0008855361,0.038573835
5709,6.6672587,0.0,2.5023232,3.185653,7.291332e-05,0.0,9.186794e-05,0.03857463
5710,2.3042607,0.0,0.7756651,3.1856637,0.0046931044,0.0,0.003222962,0.0385753
5711,0.2734219,0.0,4.3210206,3.1856744,0.0018180565,0.0,0.00019827593,0.038575977
5712,0.07250435,0.0,0.04079475,3.185679,2.17985e-05,0.0,0.0006859036,0.03857656
5713,0.10540926,0.0,0.14125922,3.1856828,0.00012414412,0.0,8.971401e-05,0.038577214
5714,3.4319258,0.0,5.9585137,3.185686,0.00038302314,0.0,0.00024917937,0.03857777
5715,1.1645702,0.0,1.7435913,3.1856887,0.000106448664,0.0,0.0017568789,0.03857826
5716,0.17536244,0.0,2.3567264,3.1856925,1.2352839e-06,0.0,0.0002526194,0.038578607
5717,0.9106594,0.0,1.1076071,3.1856952,0.00021261556,0.0,0.00027463978,0.038578812
5718,2.3580213,0.0,0.5943033,3.1857002,0.00017020474,0.0,0.0030216537,0.038578987
5719,1.7272968,0.0,0.8429037,3.1857064,0.0013655348,0.0,0.00027317752,0.03857904
5720,0.21392578,0.0,0.24504298,3.1857119,2.0635815e-05,0.0,0.00017494582,0.038579054
5721,0.23369606,0.0,0.1098394,3.1857176,5.4900807e-05,0.0,0.0032205668,0.03857906
5722,1.0537163,0.0,0.08285264,3.185723,6.617329e-05,0.0,0.0024275319,0.038579155
5723,4.9036255,0.0,4.3465195,3.1857266,0.000106312305,0.0,0.00030714716,0.03857952
5724,0.3531874,0.0,6.5924253,3.185728,0.00016491002,0.0,0.00018741481,0.038579863
5725,0.8865648,0.0,0.32054067,3.1857247,0.00026739037,0.0,0.00020366648,0.038580146
5726,0.33240154,0.0,0.058791034,3.1857214,0.00015244936,0.0,0.0025213065,0.038580414
5727,0.076146945,0.0,0.21199468,3.185719,0.0047779335,0.0,0.00014285094,0.038580604
5728,5.573246,0.0,0.24876106,3.185716,0.00018706276,0.0,0.0003071333,0.038580712
5729,0.21855387,0.0,2.2257469,3.1857145,7.333956e-05,0.0,0.0007164809,0.03858079
5730,0.7407253,0.0,1.9560454,3.1857119,0.001305499,0.0,0.00096064724,0.03858105
5731,0.28034317,0.0,0.2567258,3.1857107,8.154804e-05,0.0,0.0001691806,0.038581237
5732,1.9530387,0.0,2.7958357,3.1857097,3.5975565e-05,0.0,0.0001225153,0.038581338
5733,18.575933,0.0,17.405535,3.1857107,0.00073649536,0.0,0.00089446956,0.038581397
5734,2.1917806,0.0,10.464637,3.1857111,0.0021666933,0.0,0.00024498857,0.038581535
5735,0.6609974,0.0,0.03517068,3.1857061,0.00013029449,0.0,6.973659e-05,0.038581673
5736,0.29700974,0.0,27.390642,3.1857016,1.1799069e-05,0.0,0.0033411474,0.03858173
5737,0.078053586,0.0,0.8179488,3.1856916,0.0020747762,0.0,0.0034935863,0.03858174
5738,0.051810797,0.0,0.055066936,3.185684,0.0004474537,0.0,0.0030750236,0.038581654
5739,3.0953481,0.0,4.1450086,3.1856773,0.00015554077,0.0,5.7793564e-05,0.038581684
5740,0.36818302,0.0,0.8166912,3.1856723,0.00031315978,0.0,0.0001345519,0.038581662
5741,12.577227,0.0,1.9577479,3.1856675,0.0012006675,0.0,0.003243303,0.038581647
5742,5.9115105,0.0,1.1593436,3.1856656,1.0654535e-05,0.0,0.0028391965,0.03858152
5743,6.269731,0.0,0.14279428,3.185668,0.00017245776,0.0,0.0006984133,0.038581327
5744,4.2811704,0.0,9.6554985,3.1856697,5.315495e-05,0.0,0.00017086088,0.03858105
5745,4.137633,0.0,1.2057654,3.1856694,7.872212e-05,0.0,3.7743215e-05,0.03858088
5746,0.12951082,0.0,7.61694,3.1856704,0.0011219889,0.0,0.00026981995,0.038580682
5747,3.154782,0.0,0.97541404,3.1856744,8.3768944e-05,0.0,0.00029499427,0.03858036
5748,0.09503628,0.0,18.936974,3.1856763,0.00058088306,0.0,0.002552822,0.038580097
5749,1.8099974,0.0,3.6387768,3.1856697,1.5490212e-05,0.0,0.0032029736,0.038580358
5750,1.6231683,0.0,9.855483,3.1856642,7.638559e-05,0.0,0.00077468064,0.03858058
5751,4.9268575,0.0,0.047824394,3.1856568,0.003304527,0.0,0.0004118638,0.038580526
5752,0.19854373,0.0,10.891338,3.1856499,0.00041938655,0.0,0.00011968165,0.0385803
5753,1.3407751,0.0,4.682044,3.1856458,0.004200445,0.0,0.0033116532,0.038580123
5754,0.6144851,0.0,2.6142006,3.1856468,7.61189e-05,0.0,0.0055261613,0.03857997
5755,2.1700451,0.0,1.7127473,3.1856472,0.0007567898,0.0,0.00046119696,0.038579684
5756,0.49011847,0.0,0.37390488,3.1856477,0.0004909956,0.0,0.000107417865,0.038579356
5757,0.5200426,0.0,3.3882208,3.1856484,5.8657013e-05,0.0,0.00023592723,0.038579002
5758,0.06928893,0.0,0.63428426,3.18565,2.3271317e-05,0.0,0.0005548777,0.03857871
5759,1.4100065,0.0,1.0669043,3.1856506,0.00013351828,0.0,5.664322e-05,0.03857789
5760,1.2927014,0.0,0.060709946,3.1856525,0.00043455305,0.0,0.000122010526,0.03857709
5761,0.4767516,0.0,1.5360897,3.185654,5.4261225e-05,0.0,0.0006102794,0.03857644
5762,6.6688094,0.0,0.12253535,3.1856556,9.594677e-05,0.0,0.000363522,0.03857579
5763,0.8363956,0.0,0.77648,3.1856573,0.00029063225,0.0,0.0004499638,0.038575243
5764,1.75931,0.0,14.22745,3.185657,0.0030065204,0.0,0.0024648602,0.038574718
5765,7.6516337,0.0,0.039062425,3.1856546,0.000101982645,0.0,0.00024608924,0.038574293
5766,0.5676728,0.0,0.44335517,3.185652,5.7080677e-05,0.0,0.004785688,0.03857397
5767,0.4930352,0.0,0.031547572,3.1856513,1.8460312e-05,0.0,0.0002928512,0.038573794
5768,0.6448371,0.0,0.05233192,3.1856508,0.00069636526,0.0,0.0006894498,0.038573597
5769,0.08195982,0.0,0.1276917,3.1856499,0.0002221153,0.0,0.0030065055,0.038573373
5770,0.15808573,0.0,14.189853,3.1856492,0.0014891892,0.0,0.00064041326,0.03857312
5771,2.263373,0.0,0.016690046,3.1856477,5.0245602e-05,0.0,0.00013616223,0.03857284
5772,11.005252,0.0,3.1944678,3.1856468,4.750744e-05,0.0,0.0009866294,0.038572665
5773,4.7092156,0.0,0.032831706,3.1856492,0.00010893121,0.0,0.0002649217,0.038572863
5774,0.23489393,0.0,2.3985717,3.1856508,1.2390361e-05,0.0,0.002074217,0.03857301
5775,0.8962406,0.0,0.45419386,3.1856525,0.00012003284,0.0,0.00010876498,0.038573083
5776,14.332015,0.0,0.09579905,3.1856549,0.00020714005,0.0,0.0003653978,0.038573112
5777,0.52701896,0.0,1.9641966,3.185658,4.268838e-05,0.0,0.0002470742,0.038573097
5778,0.8306356,0.0,0.7947095,3.1856613,5.257545e-05,0.0,0.0020702558,0.03857307
5779,1.7960058,0.0,1.7649502,3.185665,0.0005435573,0.0,0.00799548,0.038572934
5780,0.6060629,0.0,0.64666915,3.1856654,3.2214437e-05,0.0,0.00310367,0.038572837
5781,0.861779,0.0,0.12063148,3.1856678,4.2445652e-05,0.0,6.379625e-05,0.038572468
5782,0.35290113,0.0,8.179723,3.1856701,4.031788e-05,0.0,0.0010960415,0.038572054
5783,2.7348022,0.0,2.5174901,3.1856744,5.3679654e-05,0.0,0.0050392365,0.03857222
5784,0.3782424,0.0,2.4024112,3.1856797,2.4192537e-05,0.0,7.8495505e-05,0.03857239
5785,0.5694042,0.0,2.2430043,3.1856859,7.973125e-05,0.0,0.0003207286,0.038572486
5786,0.85044056,0.0,7.754976,3.1856897,8.750983e-05,0.0,0.0029724934,0.03857257
5787,11.242459,0.0,0.5691615,3.185687,3.5139827e-05,0.0,0.0001291635,0.03857255
5788,0.319414,0.0,0.14623311,3.1856854,0.0016617574,0.0,0.0003653235,0.03857242
5789,1.6515006,0.0,3.51739,3.1856847,5.1049934e-05,0.0,7.0307935e-05,0.038572263
5790,0.06084775,0.0,0.17841713,3.185682,2.045447e-05,0.0,0.0002465868,0.03857209
5791,7.552957,0.0,0.019209383,3.1856797,0.003292038,0.0,0.000116813586,0.038572006
5792,0.50828016,0.0,0.39328074,3.1856775,0.0019588403,0.0,0.005472297,0.03857186
5793,3.8319817,0.0,0.3056395,3.1856756,6.845247e-05,0.0,0.0030875604,0.038571395
5794,0.5290103,0.0,1.0072322,3.1856754,4.0483555e-05,0.0,0.0031119008,0.038570892
5795,4.345188,0.0,0.3308595,3.1856756,8.227674e-05,0.0,0.0031062607,0.038570367
5796,0.10399653,0.0,11.142613,3.1856775,6.71726e-06,0.0,0.0029252283,0.038569685
5797,0.58708835,0.0,0.34873185,3.1856809,0.0015059315,0.0,0.00012771167,0.03856899
5798,0.6576067,0.0,5.1631827,3.1856842,0.0001070455,0.0,0.00022218339,0.038568284
5799,0.045311403,0.0,12.659811,3.1856866,5.021917e-05,0.0,4.3784752e-05,0.038567565
5800,5.2690415,0.0,0.1478691,3.1856885,8.0827864e-05,0.0,0.000112250884,0.03856683
5801,0.06823003,0.0,0.8694814,3.1856909,6.745924e-05,0.0,0.003032858,0.03856608
5802,0.3510778,0.0,7.9501214,3.18569,7.047244e-05,0.0,6.320287e-05,0.03856538
5803,0.16965,0.0,0.040840387,3.185693,5.3423464e-05,0.0,0.0020920734,0.038564757
5804,1.881123,0.0,0.2673102,3.185696,0.0005615637,0.0,0.0032158585,0.038564134
5805,14.199585,0.0,13.790805,3.1856985,0.000110359964,0.0,0.0030948743,0.038563542
5806,17.66839,0.0,0.44768304,3.1857085,0.00035916423,0.0,0.0031964902,0.038563002
5807,0.5592691,0.0,0.03654734,3.1857178,0.00012570823,0.0,0.0012672251,0.038562804
5808,0.60180473,0.0,0.49591386,3.1857266,0.0022484881,0.0,0.0016745611,0.038562573
5809,1.1681321,0.0,4.7085686,3.1857347,1.3481077e-05,0.0,2.5685455e-05,0.038562298
5810,0.24542525,0.0,3.2973418,3.1857445,0.00020012743,0.0,0.0038631489,0.038562004
5811,0.5176932,0.0,0.15250102,3.1857538,5.8696796e-06,0.0,0.00054032035,0.038562693
5812,0.23655966,0.0,1.709326,3.1857634,6.984841e-05,0.0,0.002689288,0.038563386
5813,1.779084,0.0,0.053624757,3.1857748,2.5254009e-05,0.0,0.001330945,0.03856405
5814,0.49813575,0.0,0.44690347,3.1857855,4.264619e-05,0.0,0.00025772033,0.03856455
5815,15.4093275,0.0,2.0331624,3.1857955,3.596038e-05,0.0,7.885806e-05,0.038564924
5816,0.7536413,0.0,4.149957,3.1858037,0.0017632863,0.0,0.0021898097,0.038565252
5817,0.85429144,0.0,0.053598773,3.1858175,1.2983059e-05,0.0,0.00037839892,0.038565844
5818,1.655323,0.0,0.15034528,3.18583,0.0023441508,0.0,0.004792694,0.03856643
5819,6.1393876,0.0,9.32177,3.1858416,1.239474e-05,0.0,0.00028746307,0.038566988
5820,0.27073446,0.0,0.17625129,3.185848,0.0026911602,0.0,0.0034639016,0.03856757
5821,0.87274015,0.0,0.07153328,3.1858544,9.911948e-05,0.0,0.000182828,0.038567852
5822,0.36332813,0.0,0.061996818,3.185859,3.7907965e-05,0.0,0.0037280163,0.038568005
5823,3.3041778,0.0,12.137242,3.185863,0.00011796859,0.0,0.005103627,0.038568243
5824,0.23860168,0.0,0.07200426,3.1858633,1.6210523e-05,0.0,0.00010447906,0.038568497
5825,1.347086,0.0,0.25353515,3.185863,0.00011100287,0.0,4.24359e-05,0.038568724
5826,1.1846869,0.0,0.11433644,3.1858644,0.00038333746,0.0,0.005493858,0.038568884
5827,0.22621873,0.0,7.964854,3.1858656,0.00311548,0.0,0.0030158341,0.03856915
5828,0.9537633,0.0,0.06591524,3.1858714,0.00016089989,0.0,0.00052556465,0.038569234
5829,0.09515574,0.0,0.5281696,3.1858764,1.7975784e-06,0.0,0.00017753767,0.038569603
5830,2.0326078,0.0,13.157833,3.1858811,0.002592353,0.0,0.000114266215,0.03856994
5831,2.6233246,0.0,1.9723028,3.1858845,0.00016363389,0.0,0.0026134462,0.03857017
5832,1.600263,0.0,0.04359542,3.1858876,0.0023029884,0.0,0.0032601464,0.03857032
5833,0.6310709,0.0,0.14479479,3.1858907,2.5000649e-05,0.0,0.0001672,0.03857065
5834,0.53817564,0.0,9.687774,3.1858938,9.146338e-05,0.0,0.00013996015,0.038570892
5835,12.765105,0.0,0.24827126,3.1858928,0.003031144,0.0,7.822389e-05,0.038571037
5836,3.9470768,0.0,1.9506643,3.1858928,0.0023465618,0.0,0.0007820421,0.03857112
5837,0.37890998,0.0,0.22065668,3.1858964,0.0019711312,0.0,0.00012637902,0.038571943
5838,0.5343677,0.0,3.4932365,3.1858997,2.6025376e-05,0.0,0.0014514049,0.03857273
5839,0.08666787,0.0,0.4287128,3.1859026,0.00067400566,0.0,0.0001249771,0.038573388
5840,0.300169,0.0,0.14032263,3.1859052,0.002990692,0.0,0.000121039324,0.038573887
5841,0.115139864,0.0,3.0095077,3.1859083,0.0009748961,0.0,7.256684e-05,0.038574267
5842,0.9896882,0.0,0.06885678,3.1859114,0.0013199964,0.0,0.00019007953,0.03857453
5843,0.30517617,0.0,0.2548886,3.185914,0.0021910386,0.0,0.0012637151,0.0385748
5844,0.51894236,0.0,1.6844753,3.185917,0.0010996561,0.0,0.0001833796,0.038575113
5845,0.1562661,0.0,0.16705993,3.1859186,0.0008323974,0.0,0.00020783687,0.038575348
5846,2.3954606,0.0,0.13388433,3.1859202,7.497442e-05,0.0,0.00035835512,0.038575552
5847,0.07348954,0.0,3.7445793,3.185922,0.0004980053,0.0,0.0025533861,0.038575724
5848,7.917885,0.0,4.1943703,3.1859236,0.0004178567,0.0,0.004844582,0.038575806
5849,11.126536,0.0,6.7193646,3.1859257,7.715581e-05,0.0,0.0025841894,0.038575985
5850,4.7271814,0.0,1.6279048,3.1859238,0.00023528413,0.0,0.0028155132,0.038576186
5851,0.12091534,0.0,2.1767602,3.1859233,0.00021989434,0.0,0.00025057627,0.03857627
5852,1.2278621,0.0,5.984965,3.185926,0.0005021665,0.0,0.0030238375,0.03857638
5853,0.23626454,0.0,12.311657,3.185915,0.00013774207,0.0,0.0007682516,0.03857674
5854,8.227703,0.0,0.22012715,3.1859035,0.0009364594,0.0,0.003191124,0.038576953
5855,0.56314033,0.0,0.093943045,3.185894,0.0009578186,0.0,0.0016496858,0.038577296
5856,4.018918,0.0,0.035828125,3.1858852,0.00013292127,0.0,0.0031557018,0.038577612
5857,0.21115968,0.0,0.09248585,3.1858773,0.002061139,0.0,0.0028160918,0.038577836
5858,0.29393005,0.0,0.8728744,3.1858706,9.505039e-05,0.0,0.0063847248,0.038578022
5859,0.6827467,0.0,6.2122025,3.1858644,0.0010442395,0.0,0.0036490238,0.03857884
5860,2.016312,0.0,0.07685366,3.1858587,0.00013341682,0.0,0.006070163,0.038579725
5861,5.751969,0.0,3.2120647,3.1858542,7.649941e-05,0.0,0.00012721747,0.038580462
5862,9.704432,0.0,0.21508601,3.1858523,0.00024706428,0.0,0.0029176953,0.03858104
5863,5.801719,0.0,0.13051465,3.185852,3.463661e-05,0.0,0.006512131,0.038581625
5864,0.2649385,0.0,0.2679203,3.1858509,0.0031571356,0.0,0.0060815876,0.038582243
5865,0.5191278,0.0,14.116732,3.1858501,0.00015117005,0.0,0.00011376969,0.03858285
5866,0.30122802,0.0,0.13899615,3.1858463,0.000368829,0.0,0.005987061,0.038583346
5867,2.693649,0.0,3.436122,3.185847,9.964558e-05,0.0,0.0059178425,0.038583927
5868,0.6106329,0.0,0.9147666,3.1858482,0.0004066365,0.0,0.000707492,0.03858441
5869,0.16903737,0.0,0.62935555,3.1858532,0.002970897,0.0,0.00024391338,0.038584813
5870,1.2041734,0.0,4.4807153,3.1858587,0.0007937757,0.0,0.00083487376,0.038585227
5871,1.1111754,0.0,0.6899862,3.1858623,8.850207e-06,0.0,0.0003055511,0.038585562
5872,0.93297195,0.0,0.019188229,3.185865,0.00017826617,0.0,0.00039113886,0.03858582
5873,3.5552883,0.0,0.09357224,3.1858668,7.645769e-05,0.0,0.003054765,0.03858588
5874,9.0293,0.0,0.5519351,3.185869,7.761231e-05,0.0,9.865357e-05,0.03858596
5875,0.37459227,0.0,1.3489636,3.1858728,1.167383e-05,0.0,0.0015401469,0.038586114
5876,0.30949828,0.0,0.34540188,3.185876,2.5769552e-06,0.0,0.0033977206,0.038586132
5877,0.47981098,0.0,0.5340482,3.1858797,1.4379573e-05,0.0,0.0028864336,0.038586315
5878,0.45258325,0.0,0.31607673,3.1858816,0.0023168419,0.0,0.0037374976,0.038586486
5879,4.8105164,0.0,0.024330175,3.1858842,0.002972206,0.0,0.00024458248,0.03858683
5880,0.3054902,0.0,5.9212427,3.1858861,5.6759505e-05,0.0,0.00029161677,0.038587067
5881,0.9206408,0.0,0.89649636,3.185887,3.8406197e-06,0.0,0.0032518678,0.038587306
5882,1.0103922,0.0,14.258035,3.1858883,1.5616823e-06,0.0,0.00012605192,0.038587544
5883,3.1540432,0.0,2.1178062,3.1858902,2.435039e-05,0.0,0.003308567,0.038587354
5884,2.0386777,0.0,0.46817824,3.1858938,1.6801763e-05,0.0,0.00020055547,0.038587235
5885,0.57196397,0.0,0.39775982,3.1858969,5.5783847e-05,0.0,0.002915748,0.038587164
5886,0.30822825,0.0,0.017156664,3.1859028,3.6025463e-05,0.0,0.0029787715,0.038587082
5887,1.3556521,0.0,0.07073345,3.1859078,9.442436e-06,0.0,6.260472e-05,0.03858703
5888,0.32540888,0.0,13.399306,3.1859126,0.0005394382,0.0,0.00014044251,0.038586963
5889,0.88379514,0.0,9.334273,3.1859164,8.313327e-05,0.0,0.00020490497,0.038586855
5890,0.16574565,0.0,0.38577223,3.1859188,0.00012505671,0.0,0.00013471552,0.038586657
5891,0.23391728,0.0,0.29335895,3.185921,1.9523432e-05,0.0,0.00018279889,0.038586497
5892,0.47110468,0.0,6.170164,3.1859226,1.3610381e-05,0.0,0.0005694387,0.038586285
5893,3.6035604,0.0,3.3515906,3.1859195,2.4569737e-05,0.0,2.1723321e-05,0.038586088
5894,0.13880429,0.0,0.028655335,3.185918,4.7982656e-05,0.0,0.0009868318,0.03858584
5895,1.437929,0.0,4.499591,3.1859155,1.0475748e-05,0.0,0.00469907,0.03858557
5896,0.13364856,0.0,0.22705872,3.1859143,0.0005610954,0.0,0.00020718963,0.038585242
5897,0.73061943,0.0,1.050819,3.1859128,0.0026888014,0.0,0.0007079828,0.038584854
5898,10.841848,0.0,1.4917926,3.1859136,0.0023184149,0.0,0.00020842509,0.038584452
5899,1.8968904,0.0,8.491038,3.1859145,1.0649391e-05,0.0,0.0012927165,0.03858403
5900,0.17754059,0.0,1.0583146,3.1859171,5.5696324e-05,0.0,0.0006620601,0.038583927
5901,0.42260155,0.0,0.9654903,3.1859202,0.0013067586,0.0,8.085383e-05,0.03858377
5902,3.2056186,0.0,0.14392023,3.1859233,0.00013419564,0.0,0.0002505719,0.038583558
5903,0.15146935,0.0,0.16173007,3.1859257,0.0010931559,0.0,0.0004439272,0.03858336
5904,0.038372,0.0,0.037614007,3.1859283,0.0006320773,0.0,0.0002840378,0.038583316
5905,0.7517956,0.0,0.3900767,3.1859305,7.697562e-06,0.0,0.004164945,0.03858323
5906,8.29879,0.0,0.08667456,3.1859334,6.351471e-05,0.0,2.9284947e-05,0.038583122
5907,0.10798409,0.0,0.06073591,3.1859362,0.00023885547,0.0,0.00027930795,0.03858299
5908,0.0774677,0.0,0.6202156,3.1859388,4.7871636e-05,0.0,0.0001821384,0.03858354
5909,4.281377,0.0,0.029711217,3.1859386,0.00023200529,0.0,0.000111322006,0.038583975
5910,2.3720076,0.0,0.020148806,3.1859376,5.561807e-05,0.0,0.0018793454,0.038584366
5911,0.026476964,0.0,0.046555743,3.185937,5.281234e-05,0.0,0.0015446233,0.038584594
5912,1.6388935,0.0,1.5473083,3.1859357,0.0028561591,0.0,0.0011903864,0.038584743
5913,1.6377276,0.0,1.5188423,3.1859367,2.9511606e-05,0.0,0.0004042466,0.038585093
5914,0.17750047,0.0,0.044065163,3.1859393,0.000178077,0.0,0.00013603,0.038585458
5915,2.4194877,0.0,0.3463764,3.185942,0.000120099554,0.0,0.00051412167,0.038585722
5916,11.716243,0.0,1.9517038,3.1859457,0.00058110367,0.0,0.0011792092,0.03858624
5917,0.52253854,0.0,14.894988,3.1859515,0.00030818803,0.0,0.00024993194,0.038586315
5918,3.97719,0.0,5.5890718,3.1859508,0.0003124978,0.0,0.00062557973,0.038586393
5919,2.734793,0.0,12.922404,3.18595,0.00013181356,0.0,0.00049236504,0.038586523
5920,0.12545365,0.0,0.01846555,3.1859472,0.00093740004,0.0,0.00015499271,0.038586684
5921,18.224771,0.0,0.04594377,3.1859446,0.00020232127,0.0,0.00021360265,0.038586773
5922,5.8758903,0.0,12.718582,3.1859424,0.00037732336,0.0,0.00041321007,0.038586978
5923,0.073284745,0.0,12.746387,3.1859536,0.0002514827,0.0,0.001207221,0.03858719
5924,1.3602421,0.0,2.4221363,3.1859634,0.0002446816,0.0,0.0008367437,0.038587406
5925,0.08741647,0.0,0.017655354,3.1859744,3.4977962e-05,0.0,0.0029293061,0.038587607
5926,0.36656275,0.0,5.2916226,3.1859837,4.834213e-05,0.0,0.00040028847,0.03858802
5927,4.1236634,0.0,0.032459613,3.1859915,6.1498004e-06,0.0,0.00013620366,0.03858861
5928,0.11436316,0.0,9.297078,3.1859982,0.00010124959,0.0,0.00016248258,0.03858907
5929,2.9614995,0.0,1.5254126,3.1860027,0.0002137145,0.0,0.00040226034,0.0385894
5930,1.4815766,0.0,0.05825817,3.1860065,0.000107611864,0.0,0.00018716935,0.03858973
5931,1.0788084,0.0,0.5544927,3.18601,2.0738724e-05,0.0,0.00016867713,0.03858989
5932,0.55998844,0.0,1.4209641,3.1860125,1.1276712e-05,0.0,0.00027414874,0.038589947
5933,4.158124,0.0,0.48790336,3.1860158,0.00038631627,0.0,0.0006808432,0.038589895
5934,14.345308,0.0,0.13525546,3.1860197,0.0003572904,0.0,0.0044979705,0.03858981
5935,0.2539083,0.0,0.58412457,3.1860235,1.245523e-05,0.0,0.0003324576,0.03858968
5936,0.46468475,0.0,3.8935506,3.186029,5.0046187e-06,0.0,0.0020531286,0.03858949
5937,5.7295895,0.0,0.20483859,3.1860337,0.0020828918,0.0,0.00071920746,0.03858931
5938,2.7492836,0.0,0.06385589,3.1860383,4.474787e-05,0.0,0.00023832162,0.03858906
5939,4.5904946,0.0,0.658588,3.1860428,5.829031e-06,0.0,6.286302e-05,0.038588807
5940,0.09719566,0.0,0.9200791,3.1860492,0.00011353323,0.0,0.00039070248,0.038588505
5941,15.767332,0.0,0.020028757,3.186054,1.2394517e-05,0.0,0.0028900437,0.038588226
5942,1.3823519,0.0,1.7279043,3.1860588,1.1924738e-05,0.0,0.0014807789,0.03858847
5943,0.120139025,0.0,0.9553296,3.1860673,0.0021341606,0.0,0.00011364494,0.038588654
5944,2.638076,0.0,0.02998444,3.1860769,0.0001443276,0.0,0.00025382944,0.038588792
5945,0.37810764,0.0,4.1826253,3.186085,0.0028018737,0.0,0.00016625941,0.038588807
5946,9.024457,0.0,3.1497664,3.1860907,1.770553e-05,0.0,0.00043703133,0.038588744
5947,0.5395871,0.0,0.37409034,3.186095,6.0747498e-06,0.0,0.0006652521,0.038588822
5948,0.49986833,0.0,9.1705675,3.186101,3.3861445e-05,0.0,0.0003582578,0.038588822
5949,0.3640317,0.0,3.6816401,3.1861017,5.348969e-05,0.0,0.003280422,0.03858881
5950,2.145977,0.0,4.7432575,3.1861055,5.5617875e-06,0.0,0.0029900377,0.038588822
5951,0.8997399,0.0,0.1656561,3.1861103,2.1040785e-05,0.0,0.0001285458,0.038588773
5952,0.17759724,0.0,0.089425854,3.186115,0.0022373453,0.0,2.2815486e-05,0.038588755
5953,2.075639,0.0,0.058492,3.1861193,0.0036717397,0.0,0.00019535389,0.038588684
5954,2.877294,0.0,0.062524915,3.1861236,0.009454575,0.0,0.0002195932,0.038588498
5955,0.67776865,0.0,0.4982613,3.1861274,2.8566807e-05,0.0,0.0008685858,0.038588267
5956,1.8942121,0.0,0.25219503,3.1861305,0.0028100144,0.0,0.00010426932,0.03858794
5957,0.4734079,0.0,0.5921844,3.1861348,0.00013080443,0.0,5.0100287e-05,0.03858756
5958,2.4403315,0.0,13.335824,3.18614,0.0011729749,0.0,0.00083426706,0.03858716
5959,0.14679015,0.0,0.35367393,3.1861439,2.4693825e-05,0.0,0.0023353887,0.038586706
5960,1.972288,0.0,0.039819825,3.186146,0.0029674633,0.0,0.0032954677,0.038586263
5961,5.924984,0.0,5.36092,3.1861472,3.033278e-06,0.0,0.00025167095,0.038585737
5962,6.386682,0.0,1.3734347,3.186151,0.0017387845,0.0,0.00012232113,0.038585212
5963,1.2544634,0.0,0.54751235,3.1861546,0.0035213586,0.0,0.0011336679,0.038584605
5964,0.084080696,0.0,4.361229,3.1861577,0.0015340705,0.0,0.0016542486,0.038583953
5965,2.869299,0.0,0.99590254,3.1861591,0.0005954775,0.0,0.006521263,0.038583327
5966,6.3406444,0.0,1.9694602,3.1861627,0.0013450166,0.0,0.0022108715,0.038582824
5967,0.058703803,0.0,0.35764328,3.186163,0.00062526093,0.0,0.00012084219,0.038582277
5968,1.5499738,0.0,0.0940363,3.186163,0.0008927395,0.0,0.00018491346,0.038581684
5969,0.22641328,0.0,0.085680075,3.186164,3.0423558e-05,0.0,0.00023765932,0.03858106
5970,0.124581404,0.0,0.22986817,3.1861618,0.000196899,0.0,0.0004921042,0.038580418
5971,1.9099344,0.0,0.08518631,3.1861598,1.9398217e-06,0.0,4.747605e-05,0.038579978
5972,1.6214617,0.0,7.7601953,3.1861577,0.00028384136,0.0,0.00012756593,0.038579572
5973,0.044893883,0.0,1.0186813,3.186156,1.08396625e-05,0.0,0.0004368944,0.03857916
5974,8.194556,0.0,9.61017,3.1861534,0.0006717691,0.0,0.0003535084,0.03857877
5975,13.6960535,0.0,3.3719623,3.1861496,2.0671105e-06,0.0,0.0023812158,0.038578484
5976,1.8752995,0.0,2.7901013,3.1861467,2.2631346e-05,0.0,0.0024466573,0.03857798
5977,1.5391937,0.0,1.3240949,3.186147,0.0021509035,0.0,0.00028531055,0.038577534
5978,8.213192,0.0,12.162927,3.186147,0.002693227,0.0,0.00017228356,0.03857704
5979,0.12463176,0.0,2.276397,3.1861475,9.594076e-05,0.0,0.00085335114,0.038576562
5980,0.25090864,0.0,8.849092,3.1861482,0.0001991899,0.0,6.1014176e-05,0.038576256
5981,1.314407,0.0,3.3594017,3.1861444,0.0015916965,0.0,0.00022601202,0.03857592
5982,0.13596012,0.0,12.450454,3.18614,4.501616e-05,0.0,0.00016139592,0.03857561
5983,12.51001,0.0,1.1163656,3.1861339,0.0015957255,0.0,0.0032139174,0.038575254
5984,8.770073,0.0,1.7478709,3.1861336,6.366011e-05,0.0,0.00032725593,0.03857489
5985,9.834706,0.0,0.0322264,3.1861336,0.0027541374,0.0,0.0018290617,0.038574237
5986,0.7526209,0.0,12.790612,3.186133,4.439598e-05,0.0,0.00019620731,0.038573638
5987,0.16496174,0.0,0.10864554,3.1861312,5.043386e-05,0.0,0.0050948025,0.038573097
5988,0.11667785,0.0,0.98147917,3.1861296,6.7527464e-05,0.0,0.00011173315,0.03857257
5989,0.18188159,0.0,1.7954154,3.1861293,0.0026199364,0.0,0.00012970348,0.038572017
5990,0.1150875,0.0,1.9104713,3.18613,2.3403976e-05,0.0,0.0032497784,0.03857147
5991,3.749812,0.0,2.2899673,3.186132,6.2311938e-06,0.0,8.692287e-05,0.038571015
5992,1.8809516,0.0,0.07718219,3.1861296,0.00017558636,0.0,0.00014250251,0.038570557
5993,0.06518158,0.0,1.4938198,3.186128,3.3602162e-06,0.0,0.00013255587,0.03857006
5994,0.298676,0.0,0.096103154,3.1861238,7.035699e-05,0.0,0.00021460626,0.03856955
5995,0.3071621,0.0,1.0474408,3.1861203,0.0002831273,0.0,0.0024007754,0.038569037
5996,0.4402678,0.0,9.567379,3.1861172,0.00055377645,0.0,0.003383258,0.038568508
5997,0.07664567,0.0,0.07898058,3.1861115,0.0003725278,0.0,0.00022932666,0.03856787
5998,4.031945,0.0,0.031803425,3.1861067,0.002186004,0.0,0.00011799289,0.0385673
5999,0.29902926,0.0,1.2725667,3.1861022,5.7725207e-05,0.0,0.003781831,0.038566742
6000,7.0785165,0.0,4.2145143,3.1860962,1.4100399e-05,0.0,0.00023228841,0.038566403
6001,0.14272586,0.0,0.21928695,3.1860926,0.00011589935,0.0,0.00016554174,0.038566057
6002,0.10649131,0.0,1.4683211,3.18609,3.61822e-05,0.0,0.00022964715,0.038565736
6003,0.11296386,0.0,14.231161,3.186087,0.0001419404,0.0,0.000116631774,0.03856529
6004,6.9384003,0.0,0.5954082,3.1860843,3.5035664e-06,0.0,0.00028072996,0.038564846
6005,4.130269,0.0,3.2592542,3.186085,3.7841044e-05,0.0,0.0003220998,0.038564656
6006,0.47666678,0.0,0.50135505,3.186086,0.00015245835,0.0,0.00013342763,0.038564242
6007,0.0700855,0.0,0.37126064,3.186087,0.0001718916,0.0,0.0019413253,0.03856384
6008,2.3936124,0.0,1.7531104,3.1860878,0.002505465,0.0,0.0042552506,0.038563542
6009,1.535277,0.0,0.026347926,3.1860907,1.2252807e-05,0.0,0.00019714436,0.038563084
6010,0.5648686,0.0,0.44674593,3.1860924,2.0885816e-05,0.0,0.00039379217,0.03856263
6011,12.730395,0.0,3.069196,3.1860955,3.422231e-05,0.0,0.00022404004,0.038562167
6012,0.042912744,0.0,0.02667602,3.1861012,3.8142756e-05,0.0,0.0016589614,0.038561866
6013,0.72705907,0.0,0.97874504,3.186107,0.00012361116,0.0,0.0010624607,0.03856164
6014,0.06323419,0.0,4.6040125,3.186111,5.2697047e-05,0.0,0.00020899,0.038561944
6015,0.23625919,0.0,0.12647025,3.1861157,1.9688383e-05,0.0,0.0003552821,0.038562056
6016,0.24663757,0.0,2.5212386,3.1861207,6.845936e-05,0.0,0.00032622973,0.038562153
6017,3.9261677,0.0,0.0346505,3.186123,0.0034798896,0.0,0.0021774503,0.038562197
6018,0.6009693,0.0,4.040817,3.1861248,3.674194e-05,0.0,0.0022166779,0.038562745
6019,0.9562246,0.0,0.021299371,3.1861258,0.00016000798,0.0,0.0034229031,0.038563196
6020,0.3277155,0.0,4.4792767,3.1861258,6.058724e-06,0.0,0.00012354618,0.03856338
6021,11.32204,0.0,0.16645117,3.1861258,6.79662e-05,0.0,0.00011542058,0.03856344
6022,0.22589669,0.0,2.5342572,3.1861253,0.0007282483,0.0,0.0026211669,0.038563557
6023,0.095529795,0.0,0.1474225,3.1861243,3.353695e-05,0.0,0.00026639068,0.038564034
6024,7.987544,0.0,3.5301452,3.186124,5.0416395e-05,0.0,0.00027416123,0.03856466
6025,0.7426999,0.0,0.028542867,3.1861231,0.00017023881,0.0,5.1085502e-05,0.038565163
6026,14.800984,0.0,0.17555983,3.1861217,6.1194e-05,0.0,0.00018885324,0.038565617
6027,0.6108141,0.0,0.27749744,3.1861207,7.4904033e-06,0.0,0.00021453606,0.03856599
6028,9.122035,0.0,6.9779296,3.1861207,3.2117598e-05,0.0,0.00060708873,0.038566556
6029,0.48360237,0.0,1.5338614,3.1861174,0.002753763,0.0,0.00029203462,0.03856722
6030,2.0964706,0.0,0.7904531,3.1861134,3.701006e-05,0.0,0.0001757456,0.03856784
6031,0.28898007,0.0,1.3908046,3.1861117,0.00014544143,0.0,0.0008075582,0.038568366
6032,0.4179093,0.0,13.074745,3.1861122,6.7338835e-05,0.0,0.002093648,0.03856909
6033,0.12865323,0.0,0.57893455,3.186109,1.6406462e-05,0.0,0.00020929877,0.038569555
6034,7.857046,0.0,0.050072275,3.1861072,0.0036240194,0.0,0.00016659434,0.038569927
6035,0.18981054,0.0,0.1456642,3.1861057,9.637951e-05,0.0,0.0024064668,0.038570266
6036,0.19040592,0.0,1.6076605,3.186105,6.737762e-05,0.0,0.00038905832,0.03857059
6037,0.16363199,0.0,1.8987025,3.1861079,5.7863865e-05,0.0,0.0002188232,0.038570747
6038,2.3119938,0.0,2.2856798,3.1861095,0.002597341,0.0,0.0037097593,0.03857095
6039,7.4334564,0.0,0.046521373,3.1861084,0.0010577425,0.0,0.00037936808,0.038571216
6040,1.1107047,0.0,0.059733033,3.186107,6.327895e-05,0.0,0.0023375147,0.038571667
6041,0.47825617,0.0,5.6631055,3.1861045,1.0183896e-05,0.0,0.002225204,0.038572054
6042,3.2613976,0.0,10.8694315,3.1860986,5.818145e-05,0.0,0.00017162407,0.038572405
6043,1.079004,0.0,1.7554662,3.186091,3.5499255e-05,0.0,0.00030819135,0.038572624
6044,3.9121063,0.0,0.037600964,3.1860847,7.868053e-05,0.0,0.00027234835,0.038572915
6045,0.42484596,0.0,13.533153,3.1860795,2.9704071e-05,0.0,0.0001613032,0.03857317
6046,0.5970851,0.0,11.292279,3.186073,0.00010441373,0.0,0.00023303548,0.038573343
6047,0.20870674,0.0,0.06501873,3.1860712,8.837065e-05,0.0,0.00011579656,0.038573425
6048,0.5357498,0.0,0.01863952,3.1860697,9.641171e-06,0.0,0.000601899,0.038573407
6049,10.503507,0.0,9.737439,3.186068,6.223032e-05,0.0,0.0018066098,0.038573515
6050,0.17473057,0.0,1.5941458,3.1860662,0.0031970202,0.0,0.00087239326,0.03857347
6051,0.3740723,0.0,4.08794,3.1860657,9.156094e-05,0.0,0.00011462311,0.038573325
6052,0.07955875,0.0,3.3877838,3.1860685,1.8424578e-05,0.0,0.00022832387,0.038573105
6053,0.49070024,0.0,3.3318677,3.186067,1.3603486e-05,0.0,0.003862599,0.038572803
6054,1.4709463,0.0,0.6984774,3.186064,0.00057002937,0.0,0.00018908228,0.038572583
6055,1.1950699,0.0,3.888291,3.1860628,9.842757e-05,0.0,0.003211712,0.03857247
6056,10.48381,0.0,16.628428,3.186061,3.979954e-05,0.0,0.001765004,0.038572244
6057,14.96451,0.0,0.4401266,3.186064,0.0006938759,0.0,0.0031598755,0.038571954
6058,0.36095247,0.0,0.16419458,3.1860676,0.0019077777,0.0,0.00035723596,0.038571745
6059,2.5374703,0.0,0.047198992,3.1860716,0.0030860591,0.0,0.00017767344,0.038571395
6060,0.16344391,0.0,9.132222,3.186075,7.314223e-06,0.0,0.0004887398,0.038571052
6061,0.02691394,0.0,0.072558515,3.1860776,4.9674156e-05,0.0,0.0011146058,0.0385704
6062,0.49724945,0.0,0.18662342,3.18608,9.9294404e-05,0.0,0.00036634703,0.03856961
6063,2.2362008,0.0,0.89612424,3.1860821,0.003166099,0.0,0.00019932706,0.038568657
6064,0.047426343,0.0,0.027770147,3.1860855,3.474699e-05,0.0,0.0012428792,0.038567785
6065,1.3882502,0.0,0.096991055,3.1860883,0.0019369344,0.0,0.00012081652,0.038566977
6066,17.831863,0.0,9.452118,3.186091,0.0014678431,0.0,0.00043783197,0.038566187
6067,1.4603513,0.0,0.028081493,3.1860926,0.0022767272,0.0,0.00016076723,0.03856552
6068,0.32935256,0.0,2.5413601,3.186095,5.959342e-06,0.0,0.00023652066,0.038564812
6069,2.2371337,0.0,0.358914,3.1860976,0.00024162562,0.0,0.00027778407,0.038564228
6070,3.7562666,0.0,10.360001,3.1861,9.9218785e-05,0.0,0.00025620815,0.03856363
6071,0.07553033,0.0,0.17617826,3.186103,0.0028274588,0.0,0.00022847255,0.03856303
6072,0.3607866,0.0,4.15882,3.186106,0.00046978268,0.0,0.00041089527,0.038562477
6073,5.004382,0.0,4.323709,3.1861079,9.68415e-05,0.0,0.0014646573,0.038561944
6074,14.362048,0.0,1.2320347,3.1861122,1.9915227e-05,0.0,0.0031826627,0.03856147
6075,0.74098563,0.0,0.13690709,3.1861148,0.00027652385,0.0,0.0006673759,0.038560957
6076,2.1717656,0.0,0.3319067,3.186117,4.7304828e-05,0.0,0.00010842414,0.03856063
6077,1.4888252,0.0,7.7124763,3.1861196,9.418625e-05,0.0,0.00043665763,0.038560234
6078,0.20674223,0.0,1.8332084,3.1861243,0.00011810375,0.0,9.792244e-05,0.038559835
6079,0.029158682,0.0,0.32312384,3.1861248,0.00014022786,0.0,9.0191854e-05,0.038559422
6080,0.058468506,0.0,0.30440664,3.186127,0.000119692995,0.0,0.000551847,0.038558923
6081,0.30529267,0.0,0.026971873,3.186129,6.245093e-05,0.0,0.0017674518,0.038558412
6082,0.116264604,0.0,0.057783455,3.1861312,2.4504985e-05,0.0,0.00010514633,0.038557846
6083,0.092882246,0.0,4.7653008,3.1861324,8.167363e-05,0.0,0.00022116178,0.038557228
6084,12.769939,0.0,2.1488156,3.1861331,0.000115351824,0.0,8.130653e-05,0.03855665
6085,0.0698196,0.0,0.18683352,3.1861327,5.135767e-05,0.0,0.00208749,0.038555995
6086,0.13996765,0.0,3.1551366,3.1861336,0.0017943475,0.0,0.00011835605,0.03855552
6087,0.4733937,0.0,0.104083166,3.1861358,0.0019763221,0.0,0.004738451,0.038555015
6088,0.3091112,0.0,0.043637622,3.1861382,0.00028134952,0.0,0.00012177706,0.0385545
6089,0.37931994,0.0,13.3281555,3.1861398,0.00011443819,0.0,0.00053031754,0.03855396
6090,3.1691482,0.0,11.88403,3.186128,2.6119305e-05,0.0,9.531842e-05,0.03855357
6091,6.963841,0.0,0.16498935,3.1861174,4.7243353e-05,0.0,0.0006263515,0.03855315
6092,0.2249264,0.0,3.35878,3.1861079,0.004628384,0.0,0.00023093542,0.038552903
6093,0.5174189,0.0,1.5427253,3.1861002,0.00043302507,0.0,0.003175226,0.03855267
6094,2.027404,0.0,0.4463825,3.1860952,6.276267e-05,0.0,0.0002287735,0.038552433
6095,0.05921107,0.0,4.140979,3.1860914,2.6341859e-05,0.0,0.0007678351,0.038552444
6096,0.08386406,0.0,1.7143843,3.1860871,3.540247e-05,0.0,0.00020368204,0.03855231
6097,2.5656517,0.0,1.3957852,3.186084,0.002142944,0.0,0.0060352366,0.038552187
6098,1.5671812,0.0,0.6001806,3.1860802,0.00014887848,0.0,0.0024652348,0.038552117
6099,0.09065683,0.0,0.7664151,3.1860764,0.0002481283,0.0,0.00038317387,0.038552076
6100,0.22617695,0.0,1.1590449,3.1860728,2.777809e-05,0.0,0.0001471234,0.038551923
6101,1.544451,0.0,0.055174105,3.1860697,0.00022114391,0.0,0.0045183855,0.038551714
6102,0.080063105,0.0,0.029896805,3.1860666,3.128813e-05,0.0,0.00013683447,0.038551442
6103,0.23049472,0.0,0.0745934,3.1860633,6.0313112e-05,0.0,0.00054972747,0.038551092
6104,0.075728774,0.0,13.830151,3.18606,0.0026606647,0.0,0.0023175294,0.038550653
6105,0.08071082,0.0,2.109366,3.186054,0.0028071653,0.0,0.0027438323,0.038550165
6106,7.03352,0.0,0.10158524,3.1860476,0.0028498753,0.0,0.0015095869,0.038549643
6107,10.312155,0.0,5.4236875,3.1860416,4.8953203e-05,0.0,0.00021533071,0.03854909
6108,0.86417705,0.0,0.1706598,3.1860375,2.5059413e-05,0.0,0.00013732976,0.03854854
6109,0.1379742,0.0,0.70530415,3.1860342,2.0989582e-05,0.0,0.0022685903,0.038547944
6110,0.100374915,0.0,0.29510772,3.1860328,0.0019902538,0.0,0.00035440002,0.03854738
6111,0.9004687,0.0,0.18715493,3.186031,7.415337e-05,0.0,0.00011580634,0.038546845
6112,0.17209089,0.0,0.066333674,3.186029,2.2551681e-05,0.0,0.0026569439,0.03854629
6113,0.192494,0.0,0.28952375,3.1860273,0.00021844344,0.0,0.0011601592,0.038545907
6114,0.26717758,0.0,2.4701695,3.1860266,0.00012173531,0.0,0.000196487,0.038545955
6115,0.068001345,0.0,6.5452237,3.1860297,0.0013637732,0.0,0.001311208,0.038546015
6116,4.439778,0.0,0.025260655,3.1860301,1.9765062e-05,0.0,8.83295e-05,0.038546413
6117,0.85469073,0.0,4.1348934,3.1860301,0.000142037,0.0,0.0033994394,0.038546816
6118,0.15091337,0.0,0.0938552,3.186028,0.00013170518,0.0,0.0026547029,0.03854741
6119,0.86466724,0.0,0.05854156,3.186027,1.9344159e-06,0.0,0.0029349423,0.038547974
6120,10.887596,0.0,0.8473077,3.1860263,0.0004894715,0.0,0.00047782087,0.038548138
6121,0.39120474,0.0,0.15052271,3.1860263,0.002388341,0.0,0.000112908994,0.03854826
6122,0.3994703,0.0,0.025961634,3.1860263,0.00067713484,0.0,0.00011487712,0.038548347
6123,1.4756584,0.0,0.03279241,3.1860259,2.7050239e-05,0.0,0.00021516465,0.038548373
6124,2.5929227,0.0,0.021921406,3.1860254,0.0010552682,0.0,0.0015885201,0.038548347
6125,1.3116487,0.0,12.809417,3.1860247,0.004708871,0.0,0.00016097893,0.03854828
6126,1.0787235,0.0,14.343312,3.1860228,0.0032297731,0.0,0.00014601852,0.038548157
6127,0.9202366,0.0,0.18353689,3.1860187,0.003767887,0.0,0.00016193023,0.038547963
6128,0.48024622,0.0,0.048189305,3.1860154,0.00033692067,0.0,0.0015239364,0.038547695
6129,6.5692625,0.0,2.0147595,3.1860125,0.0005085919,0.0,0.00024843667,0.038548045
6130,0.72003293,0.0,15.428054,3.1860087,0.004357162,0.0,0.003301288,0.038548265
6131,1.433074,0.0,5.7337775,3.1860042,0.00016591533,0.0,0.00022974864,0.03854829
6132,0.5715726,0.0,0.24410534,3.1860025,0.00048513265,0.0,0.00028150453,0.038548198
6133,0.91812867,0.0,0.37429512,3.1860008,0.0007044997,0.0,0.0022926396,0.038548104
6134,0.28451416,0.0,0.03877906,3.1860006,0.0019469712,0.0,0.00025903367,0.038547996
6135,10.047499,0.0,0.10878925,3.1859999,0.0005842317,0.0,0.00014567308,0.038547818
6136,0.84663856,0.0,1.2800928,3.185998,1.750618e-05,0.0,0.00095557,0.038547613
6137,0.14841673,0.0,0.11042081,3.1859994,0.0002460849,0.0,0.004097291,0.03854728
6138,0.22417882,0.0,0.15065773,3.1860003,0.005138595,0.0,0.0008170535,0.038546897
6139,3.778189,0.0,0.050321113,3.186002,0.0007355944,0.0,0.00014430971,0.038546484
6140,1.8605942,0.0,0.3770003,3.1860034,0.00015608818,0.0,0.00014436136,0.038546044
6141,0.52423775,0.0,0.5501047,3.186005,7.880884e-05,0.0,9.571412e-05,0.038545616
6142,1.4362439,0.0,0.06231243,3.186007,0.00013098416,0.0,0.0023684222,0.038545173
6143,0.061932467,0.0,11.89755,3.1860092,3.1128864e-05,0.0,0.00043708252,0.038544655
6144,0.110093914,0.0,0.51135355,3.186008,2.5204063e-05,0.0,0.00038382312,0.03854408
6145,2.5962677,0.0,0.5014303,3.1860077,0.0036159372,0.0,9.7027056e-05,0.038543444
6146,0.08967464,0.0,4.742865,3.1860073,0.00010422582,0.0,0.0007947183,0.038542885
6147,1.7704935,0.0,10.451436,3.186009,0.0031410381,0.0,0.00020739938,0.03854236
6148,0.23846297,0.0,2.349104,3.1860104,0.0002792419,0.0,0.0024041936,0.038541805
6149,0.0763005,0.0,1.67522,3.1860147,0.0015489445,0.0,0.0013047449,0.038541816
6150,15.093825,0.0,2.1117866,3.1860204,0.00020430337,0.0,0.00014968948,0.038541604
6151,0.5490988,0.0,0.31480655,3.1860266,0.0011693798,0.0,0.0004059336,0.03854154
6152,0.10730568,0.0,0.33646023,3.1860335,6.4005275e-05,0.0,0.0002177098,0.03854189
6153,2.5952728,0.0,8.156722,3.1860425,0.0023558096,0.0,0.0030992578,0.038542297
6154,0.58707666,0.0,0.7775369,3.1860495,8.014832e-05,0.0,0.000139469,0.038542595
6155,0.04573841,0.0,1.3282824,3.1860573,0.0028767488,0.0,0.00028016188,0.03854279
6156,6.3807216,0.0,0.104092404,3.1860657,0.00091056357,0.0,0.00022626124,0.038543086
6157,0.4520054,0.0,1.6165732,3.1860735,0.00016774304,0.0,0.00017471424,0.038543306
6158,2.383432,0.0,0.36406726,3.186081,0.00022937714,0.0,0.0001997092,0.03854351
6159,6.5227065,0.0,0.82474816,3.1860878,5.0647595e-05,0.0,0.0033915385,0.038543615
6160,0.12589224,0.0,0.8355472,3.1860948,5.5604818e-05,0.0,0.00043290772,0.038543947
6161,0.2682433,0.0,0.4670241,3.1861095,3.438065e-05,0.0,0.003920208,0.038544204
6162,3.9161015,0.0,0.10525513,3.1861236,9.773539e-05,0.0,0.00021472696,0.038544346
6163,5.035615,0.0,0.9379592,3.1861396,0.0012735818,0.0,0.0026579832,0.038544506
6164,0.05854567,0.0,0.14091744,3.1861556,0.0028823416,0.0,0.0003275478,0.03854461
6165,0.5502055,0.0,0.0749917,3.1861696,0.004729479,0.0,9.806341e-05,0.038544673
6166,0.08759703,0.0,8.65597,3.1861818,0.00012517125,0.0,0.00011825526,0.03854467
6167,1.830241,0.0,0.11341896,3.1861925,9.035673e-05,0.0,0.0005540363,0.038544573
6168,0.0710879,0.0,3.8487098,3.1862023,1.1156631e-05,0.0,0.0027045421,0.038544618
6169,2.5760672,0.0,0.3395771,3.186209,5.917803e-05,0.0,0.0002355126,0.03854458
6170,0.6781812,0.0,0.23297767,3.186216,1.4122374e-05,0.0,0.002966942,0.03854437
6171,0.8676361,0.0,0.048538864,3.1862233,0.0011261558,0.0,0.00015054137,0.038544167
6172,0.25215054,0.0,0.37987515,3.1862297,5.689275e-05,0.0,0.00012303001,0.038543876
6173,0.41031778,0.0,2.3736846,3.186234,0.00014528501,0.0,0.00021677218,0.038543534
6174,3.7675662,0.0,0.029226664,3.186238,7.6948054e-05,0.0,0.00095060386,0.03854316
6175,3.266101,0.0,0.07820833,3.1862419,0.00033992593,0.0,0.0014693807,0.03854293
6176,4.1299424,0.0,3.4360418,3.186246,6.793904e-05,0.0,0.0025165882,0.038542684
6177,1.1588486,0.0,10.540886,3.18625,0.00019755634,0.0,0.00029888574,0.03854262
6178,0.28029352,0.0,5.0066113,3.1862588,0.00071008503,0.0,0.0028430382,0.03854251
6179,0.58998585,0.0,4.4822135,3.186267,0.0015886732,0.0,0.003068491,0.03854237
6180,0.31351355,0.0,0.07741423,3.186274,0.00031182246,0.0,0.00014906016,0.038542222
6181,1.9762168,0.0,0.05691429,3.1862795,0.00016967613,0.0,0.0030458977,0.038542036
6182,4.9908223,0.0,2.6341932,3.1862853,5.7609614e-05,0.0,5.2576426e-05,0.03854187
6183,0.11765868,0.0,10.947052,3.1862903,2.4583009e-05,0.0,0.00029178296,0.03854167
6184,11.092796,0.0,0.18428774,3.1862922,0.002531281,0.0,0.00019847517,0.038541436
6185,0.39742056,0.0,0.042682886,3.1862936,0.0014494418,0.0,0.0003767742,0.038541134
6186,0.6855119,0.0,0.026978854,3.1862955,0.0026009332,0.0,0.0011422156,0.03854073
6187,0.925337,0.0,0.64851505,3.1862962,5.936619e-05,0.0,0.00043208682,0.038540523
6188,11.97878,0.0,4.5756617,3.1862996,0.0020727194,0.0,0.00032724038,0.038540244
6189,0.12291845,0.0,0.5504768,3.186302,2.4678397e-06,0.0,0.00078189943,0.03853989
6190,0.21228059,0.0,1.4411653,3.1863043,1.6310672e-05,0.0,0.000117973825,0.03853952
6191,0.15443625,0.0,1.6834984,3.1863084,0.0007259203,0.0,0.0026762076,0.038539153
6192,0.31840193,0.0,2.3018157,3.1863134,0.0060056043,0.0,0.0018985479,0.038539167
6193,0.8914962,0.0,0.15456502,3.1863194,5.1318082e-05,0.0,0.0020611908,0.038539287
6194,0.13566661,0.0,0.62551445,3.1863258,0.0009814949,0.0,0.00022063796,0.038539395
6195,0.61804277,0.0,0.2855768,3.1863317,5.0657e-06,0.0,0.0005044816,0.038539622
6196,0.40874135,0.0,2.1681218,3.186337,0.00018657948,0.0,6.301549e-05,0.038539965
6197,12.296951,0.0,0.8146684,3.1863437,3.6660796e-05,0.0,0.0022311935,0.038540237
6198,0.20392388,0.0,0.04759727,3.186349,9.0697446e-05,0.0,0.0002071253,0.038540408
6199,19.775263,0.0,0.051885456,3.1863537,0.0034386916,0.0,0.00069591554,0.038540527
6200,0.2692621,0.0,0.0901999,3.1863573,0.0007401083,0.0,8.720793e-05,0.038540818
6201,0.15996249,0.0,8.802725,3.1863608,1.913785e-05,0.0,0.00026914277,0.03854104
6202,5.1517425,0.0,0.26033542,3.1863587,1.7133629e-05,0.0,0.004429549,0.03854116
6203,4.614711,0.0,0.10195984,3.1863587,7.755968e-05,0.0,0.0001857103,0.038541365
6204,2.079897,0.0,0.7082151,3.1863585,2.6688775e-05,0.0,0.00014147471,0.03854153
6205,7.001612,0.0,0.889109,3.186359,0.0025604083,0.0,0.00021942901,0.038541663
6206,0.3318069,0.0,6.53816,3.1863594,9.783253e-06,0.0,0.00035593883,0.03854174
6207,0.6882692,0.0,0.2038676,3.1863596,2.6864076e-05,0.0,0.003109994,0.03854176
6208,0.44405752,0.0,9.540316,3.18636,4.5397314e-06,0.0,0.00017915238,0.03854172
6209,0.45656785,0.0,0.18169093,3.1863623,4.0669584e-05,0.0,0.0004039234,0.038541622
6210,0.6454853,0.0,0.048655592,3.1863635,0.00019298214,0.0,0.00066190737,0.038541477
6211,0.62130994,0.0,0.023918008,3.186365,1.0863154e-05,0.0,0.00012978986,0.038541317
6212,0.7891803,0.0,2.4542801,3.1863663,3.3850592e-05,0.0,0.0020546287,0.038541146
6213,1.3803664,0.0,7.0091515,3.186367,0.0019328969,0.0,0.0017470298,0.03854104
6214,2.8784852,0.0,2.3874218,3.1863673,0.00018391176,0.0,0.0027879467,0.03854099
6215,4.181519,0.0,4.6184015,3.1863673,4.444991e-05,0.0,0.001545827,0.03854103
6216,3.949375,0.0,22.2452,3.1863663,0.0034247974,0.0,0.0006981002,0.038541466
6217,13.578433,0.0,1.3328869,3.18636,1.3733744e-05,0.0,0.0022496032,0.038541887
6218,3.8457646,0.0,0.042132612,3.1863565,3.6799203e-05,0.0,0.0034005353,0.038542196
6219,3.9248786,0.0,0.06810205,3.1863532,4.2279346e-05,0.0,6.1008413e-05,0.03854257
6220,3.8683355,0.0,0.08384941,3.18635,1.9955361e-05,0.0,0.000286007,0.03854287
6221,10.280467,0.0,0.08854345,3.1863477,0.0005069482,0.0,0.0004410051,0.038543027
6222,8.083849,0.0,0.54923975,3.1863453,1.3240761e-05,0.0,0.0012986355,0.038543463
6223,0.05280703,0.0,0.033165257,3.1863432,7.6092074e-05,0.0,0.00016528415,0.038543884
6224,11.813677,0.0,2.682473,3.186341,0.0013300524,0.0,6.133397e-05,0.03854444
6225,1.1956351,0.0,0.20179553,3.1863408,2.7776372e-05,0.0,0.00023087149,0.038544882
6226,8.023769,0.0,6.470243,3.1863403,3.7941823e-05,0.0,0.00015955743,0.03854524
6227,1.711119,0.0,0.382852,3.1863399,0.00023978269,0.0,0.0038371729,0.038545575
6228,1.891072,0.0,0.037589885,3.1863394,0.00022947873,0.0,0.00023017805,0.03854598
6229,0.32875514,0.0,0.6136818,3.1863387,5.2000178e-05,0.0,6.674057e-05,0.038546164
6230,0.83491504,0.0,0.02723734,3.1863387,0.0027499744,0.0,0.0005113016,0.03854627
6231,0.59029275,0.0,0.67837447,3.1863384,0.0003916284,0.0,0.00582344,0.038546525
6232,7.528117,0.0,0.037048083,3.1863396,0.0046278103,0.0,0.00017869758,0.038546775
6233,0.28881153,0.0,3.1508706,3.1863403,6.177662e-05,0.0,0.0018412143,0.03854683
6234,1.0556761,0.0,0.030777382,3.1863425,0.0024162,0.0,0.0001917702,0.03854672
6235,2.1557667,0.0,0.123486914,3.1863444,0.00013965942,0.0,0.00019829079,0.038546603
6236,1.3567,0.0,1.4969143,3.186345,6.689076e-05,0.0,0.0010228829,0.038546406
6237,14.889853,0.0,2.406661,3.1863477,8.659103e-05,0.0,0.00011352461,0.03854615
6238,0.9521724,0.0,10.357961,3.1863513,0.00019468083,0.0,0.00014571098,0.038545813
6239,4.469874,0.0,13.284094,3.186357,2.1133368e-05,0.0,8.447175e-05,0.03854545
6240,0.56768596,0.0,0.027827589,3.186354,3.0719748e-05,0.0,0.00041091267,0.038545005
6241,0.62328184,0.0,1.7555311,3.186351,9.566278e-06,0.0,0.0003623927,0.038544502
6242,0.42343116,0.0,11.058015,3.1863494,0.0012328533,0.0,0.0034818999,0.038544014
6243,2.3174741,0.0,2.308505,3.1863472,5.9160302e-05,0.0,0.00044071185,0.038543515
6244,7.4242854,0.0,20.023785,3.1863487,0.00013120609,0.0,0.00018508872,0.038543493
6245,1.7386737,0.0,0.1025048,3.1863413,0.00015453705,0.0,0.00010906228,0.038543288
6246,5.089796,0.0,0.040888652,3.1863348,8.3689316e-05,0.0,0.0006322554,0.03854298
6247,0.10632442,0.0,0.13571481,3.1863286,0.00010748539,0.0,0.0029819563,0.03854264
6248,0.50333565,0.0,4.3920465,3.1863246,7.457096e-05,0.0,0.0002377509,0.038542233
6249,1.5928072,0.0,0.33788982,3.1863291,0.00039138808,0.0,0.00017530977,0.038541835
6250,12.343921,0.0,0.78465116,3.1863337,6.223446e-05,0.0,0.0009357317,0.03854139
6251,0.7745616,0.0,0.9897357,3.186338,7.8710975e-05,0.0,5.5681023e-05,0.03854089
6252,1.1837298,0.0,10.096316,3.186342,0.0008686662,0.0,0.00043600198,0.03854039
6253,11.066585,0.0,0.48819396,3.1863463,0.00019100682,0.0,0.0026062564,0.038539857
6254,2.3980012,0.0,0.10510094,3.1863496,8.900108e-06,0.0,0.0010111129,0.03853927
6255,0.55457973,0.0,6.3189864,3.1863542,3.865397e-05,0.0,0.0025431816,0.038538665
6256,0.50090027,0.0,1.5029948,3.1863596,0.0010326734,0.0,0.0003779128,0.038537994
6257,0.20294754,0.0,0.41533095,3.1863668,5.957256e-05,0.0,5.8759448e-05,0.038537305
6258,0.89647293,0.0,1.2607051,3.1863732,0.0023449434,0.0,2.2316433e-05,0.038536716
6259,0.15690039,0.0,10.146059,3.186382,4.4748638e-05,0.0,6.465237e-05,0.038536128
6260,4.940762,0.0,0.28672972,3.186394,5.189625e-05,0.0,0.0027337251,0.038535535
6261,0.7560916,0.0,1.3356164,3.1864066,4.1037052e-05,0.0,0.00066320226,0.038534958
6262,4.06374,0.0,0.24436907,3.186417,0.001177622,0.0,0.00033142377,0.0385343
6263,0.095171414,0.0,0.23555653,3.186429,1.329995e-05,0.0,8.016859e-05,0.03853358
6264,2.0767066,0.0,7.75518,3.1864393,4.6660465e-05,0.0,0.002601412,0.038532775
6265,17.680414,0.0,2.3481872,3.186443,1.7657817e-06,0.0,0.000108143984,0.03853206
6266,1.442492,0.0,0.09218785,3.1864467,1.6588127e-05,0.0,0.00013002675,0.038531393
6267,11.766995,0.0,0.47295433,3.186449,0.00018274918,0.0,0.0011503468,0.038530726
6268,0.6903759,0.0,1.9672623,3.186453,1.1156647e-05,0.0,0.00016001315,0.03853017
6269,5.653505,0.0,1.802706,3.1864572,4.0922932e-05,0.0,0.001724611,0.038529575
6270,0.34421054,0.0,0.54270405,3.1864617,2.1527181e-05,0.0,8.312235e-05,0.038528897
6271,0.21054949,0.0,3.4902542,3.1864672,3.0692165e-05,0.0,0.0030225448,0.038528234
6272,1.5759288,0.0,10.520031,3.186475,8.936672e-06,0.0,0.00022090167,0.038527668
6273,4.513351,0.0,0.45290953,3.1864755,8.114936e-06,0.0,9.1652386e-05,0.03852711
6274,1.3040725,0.0,0.21388824,3.186476,1.2760427e-05,0.0,0.00016009956,0.038526524
6275,0.09884069,0.0,1.8852915,3.1864767,6.749352e-06,0.0,0.0011902897,0.03852599
6276,0.21290073,0.0,0.561952,3.1864805,1.9813617e-05,0.0,0.00011345767,0.038525548
6277,2.0079856,0.0,0.04514243,3.186484,0.00064053334,0.0,0.0017685603,0.038525134
6278,0.26714936,0.0,1.1655066,3.1864867,0.00047997737,0.0,0.00043649046,0.03852482
6279,0.034011442,0.0,0.11593806,3.1864922,0.0021261906,0.0,0.0019795187,0.03852449
6280,0.88265985,0.0,0.02400009,3.1864972,0.004391659,0.0,0.00030541318,0.038524076
6281,8.575458,0.0,2.4588895,3.186502,4.7475196e-06,0.0,0.00016928646,0.038523573
6282,10.449407,0.0,0.026597993,3.1865058,0.00021671185,0.0,0.00013291143,0.038523104
6283,11.128217,0.0,0.74364597,3.1865087,0.00051031023,0.0,2.1678741e-05,0.03852273
6284,8.360743,0.0,0.051404927,3.186511,1.1997262e-05,0.0,0.0011025097,0.038522337
6285,8.310745,0.0,2.0179017,3.1865127,2.623269e-05,0.0,8.066952e-05,0.038522292
6286,0.20802774,0.0,2.745979,3.1865137,6.808479e-05,0.0,0.00010779251,0.038522176
6287,0.6031525,0.0,0.20734514,3.1865156,2.7613874e-05,0.0,0.00046952095,0.038522087
6288,2.6264234,0.0,0.5034408,3.1865175,2.5345744e-05,0.0,0.0005411151,0.038521923
6289,13.918371,0.0,0.09265503,3.1865191,3.7466292e-05,0.0,5.4070504e-05,0.038521755
6290,2.56398,0.0,0.6839652,3.1865206,4.6295165e-05,0.0,0.001274769,0.03852152
6291,11.013569,0.0,0.24277385,3.1865196,1.0856175e-05,0.0,7.045804e-05,0.038521223
6292,8.754571,0.0,0.5203515,3.186519,0.001641109,0.0,0.004316762,0.03852084
6293,17.181522,0.0,7.529467,3.1865208,6.3166655e-05,0.0,0.00013037286,0.038520675
6294,1.2098368,0.0,0.11541365,3.1865215,9.9705634e-05,0.0,0.00029812753,0.038520563
6295,12.047304,0.0,3.1766365,3.1865218,8.3889034e-05,0.0,9.420024e-05,0.038520433
6296,0.68327755,0.0,0.19779795,3.186521,2.2861183e-05,0.0,5.1922576e-05,0.03852025
6297,5.186537,0.0,6.567907,3.1865194,3.2484942e-05,0.0,3.343443e-05,0.03852001
6298,1.47378,0.0,0.048604686,3.186518,4.3092798e-05,0.0,8.1573395e-05,0.038519774
6299,2.608169,0.0,0.21776994,3.186517,1.970303e-05,0.0,0.0006000933,0.03851954
6300,0.5395228,0.0,0.106056735,3.1865158,5.2648365e-06,0.0,8.515369e-05,0.038519245
6301,2.7589707,0.0,0.06269866,3.1865163,0.00020555125,0.0,0.0058431635,0.038518872
6302,0.15012597,0.0,2.6682096,3.1865163,8.285133e-05,0.0,0.0011146918,0.03851834
6303,0.2846874,0.0,0.054777276,3.186517,2.0345571e-05,0.0,0.00021643865,0.038517784
6304,3.0681813,0.0,1.2662528,3.186517,5.7519203e-05,0.0,0.0004683917,0.038517226
6305,0.97812355,0.0,0.022566525,3.186518,4.646615e-05,0.0,0.00051691505,0.038517017
6306,0.658158,0.0,0.030754242,3.1865196,1.1245347e-05,0.0,0.000405651,0.03851663
6307,5.2036858,0.0,0.14998856,3.1865206,6.0075374e-05,0.0,0.00018218564,0.03851653
6308,0.17750973,0.0,5.1525803,3.1865196,4.3039974e-05,0.0,0.00012530606,0.038516454
6309,1.6233492,0.0,0.12212151,3.186518,0.0028990337,0.0,0.00031904638,0.038516365
6310,0.14133553,0.0,0.049526025,3.186517,1.0616281e-05,0.0,0.00025510706,0.03851633
6311,0.6264036,0.0,0.35851017,3.1865156,0.0026072683,0.0,0.0024681678,0.038516127
6312,2.9969459,0.0,0.090601504,3.1865141,2.7337088e-05,0.0,7.516909e-05,0.038515903
6313,0.19093874,0.0,0.6863179,3.186514,0.000108879016,0.0,0.0055012205,0.03851566
6314,0.060309954,0.0,0.07279666,3.1865141,2.2115972e-05,0.0,0.0028216122,0.038514793
6315,0.6806905,0.0,0.17680359,3.1865153,8.764754e-05,0.0,0.0002644427,0.038514923
6316,1.4092708,0.0,2.0385113,3.186516,0.002639301,0.0,7.9286314e-05,0.03851508
6317,0.0327445,0.0,0.10980169,3.1865184,0.00017118233,0.0,4.2706986e-05,0.03851519
6318,1.4245762,0.0,3.6944647,3.1865208,2.4213576e-05,0.0,0.00035960335,0.03851524
6319,0.82316035,0.0,9.539056,3.1865282,3.7212147e-05,0.0,0.005798804,0.038515083
6320,0.1750664,0.0,9.106259,3.186537,5.764906e-05,0.0,0.0033558973,0.038514916
6321,0.58423173,0.0,3.1185787,3.186543,1.7744434e-05,0.0,5.5493358e-05,0.038514886
6322,8.608875,0.0,0.6913933,3.1865458,0.002518147,0.0,0.00018483587,0.038514834
6323,0.06290537,0.0,0.29693627,3.1865468,5.051785e-05,0.0,0.0013119493,0.038514815
6324,0.8369667,0.0,0.52671945,3.1865482,2.8010857e-06,0.0,0.00020989303,0.038514722
6325,0.024126425,0.0,0.10898437,3.1865494,0.0001230086,0.0,0.000109401386,0.038514614
6326,1.2546155,0.0,0.276019,3.1865513,3.1423162e-05,0.0,0.000304324,0.0385145
6327,12.124481,0.0,0.039530486,3.186555,2.5268007e-06,0.0,0.00020840862,0.03851433
6328,1.0501235,0.0,1.5404501,3.1865573,5.5561784e-05,0.0,7.185188e-05,0.038514208
6329,0.10822496,0.0,0.17965028,3.186562,2.382676e-05,0.0,0.0016984753,0.038514026
6330,15.222076,0.0,8.670969,3.186566,1.710907e-05,0.0,0.0007038141,0.03851391
6331,0.07174305,0.0,0.27730584,3.186571,2.1601878e-05,0.0,8.263212e-05,0.038513746
6332,9.428836,0.0,8.301092,3.1865745,0.0053175464,0.0,0.003429028,0.038513567
6333,0.052090824,0.0,24.924278,3.1865692,0.00044061616,0.0,0.0003486872,0.038512867
6334,0.030784683,0.0,0.7243843,3.186563,0.002449363,0.0,0.0002946317,0.038512204
6335,0.20218705,0.0,0.13125598,3.1865573,2.7025022e-05,0.0,0.00032260508,0.03851164
6336,0.18310626,0.0,0.4435493,3.1865518,9.1073445e-05,0.0,0.00012357462,0.038511034
6337,14.359062,0.0,0.18255465,3.186547,3.1986892e-05,0.0,0.0032376274,0.038510405
6338,0.32344684,0.0,0.06683428,3.1865427,0.0003093514,0.0,0.0029060692,0.03850982
6339,0.52017784,0.0,0.48485276,3.186539,8.793303e-06,0.0,0.00015555177,0.03850915
6340,0.08973131,0.0,8.565946,3.186536,0.002229585,0.0,0.0010500776,0.038508646
6341,7.077853,0.0,0.2956606,3.186532,9.693579e-05,0.0,0.00073745626,0.038507894
6342,0.21964976,0.0,0.5439519,3.1865273,3.934032e-05,0.0,0.0002547285,0.038507048
6343,1.0594072,0.0,1.7878776,3.1865234,0.00011104415,0.0,0.00017463081,0.038506206
6344,0.043297563,0.0,3.0170028,3.1865227,0.0016974576,0.0,0.00050399755,0.038505305
6345,0.15717982,0.0,2.10416,3.186525,8.280209e-05,0.0,0.0027595782,0.038504627
6346,1.8846738,0.0,14.601272,3.186529,0.00017387506,0.0,0.0001755474,0.038503878
6347,1.1362163,0.0,0.1685162,3.186532,0.0018909263,0.0,0.00051147136,0.038503096
6348,1.7442126,0.0,0.11351926,3.1865354,5.3479016e-05,0.0,0.0003076617,0.038502373
6349,0.18223971,0.0,0.064095885,3.1865382,2.7535227e-05,0.0,0.00030760647,0.038501754
6350,0.277237,0.0,8.623037,3.1865413,0.00020875796,0.0,0.00036359514,0.038501173
6351,0.036563117,0.0,0.1495776,3.1865418,5.7685866e-05,0.0,0.00013563114,0.03850055
6352,0.35682872,0.0,3.2034185,3.1865423,0.00015093439,0.0,0.00025444102,0.038499936
6353,0.1518652,0.0,0.035657268,3.1865478,3.088949e-05,0.0,0.000168804,0.03849933
6354,1.2022405,0.0,4.717207,3.1865532,7.474741e-05,0.0,0.00015460972,0.038498852
6355,0.5478865,0.0,1.8545432,3.186557,3.118282e-05,0.0,0.00034820195,0.03849835
6356,0.25323838,0.0,0.10962975,3.1865628,0.0032263743,0.0,0.00034607138,0.038497847
6357,5.739116,0.0,0.09220631,3.186568,2.3064187e-05,0.0,0.00016785902,0.038497437
6358,9.832968,0.0,0.023048082,3.1865723,0.00013843954,0.0,0.00198384,0.03849702
6359,0.07733847,0.0,0.70738834,3.186576,0.00014869228,0.0,0.002546924,0.038496625
6360,1.8422512,0.0,0.80469966,3.1865795,0.00010597563,0.0,0.0002158565,0.03849655
6361,2.511898,0.0,5.460935,3.1865861,0.000113240894,0.0,5.383074e-05,0.03849641
6362,0.37374696,0.0,6.80035,3.1865907,0.0018385975,0.0,0.003330967,0.03849621
6363,0.10068447,0.0,1.2727704,3.1865902,0.00015436539,0.0,0.0029769833,0.03849593
6364,0.15623535,0.0,0.017783353,3.186591,5.8045774e-05,0.0,0.00021165816,0.038495705
6365,0.76289344,0.0,0.7463207,3.186591,0.00018576949,0.0,0.0031364276,0.03849547
6366,2.0380063,0.0,0.07671518,3.186592,5.8589765e-05,0.0,0.00028583923,0.03849529
6367,0.27550521,0.0,0.07461749,3.1865919,4.1254614e-05,0.0,7.5516684e-05,0.038495112
6368,2.4022646,0.0,11.554997,3.1865904,0.00012741744,0.0,0.004302242,0.038494855
6369,5.729021,0.0,0.5763772,3.1865952,6.508828e-05,0.0,0.00080970814,0.038494673
6370,0.04724587,0.0,0.14486694,3.1866,9.669959e-05,0.0,9.165231e-05,0.038494423
6371,0.060823914,0.0,0.93083185,3.186605,0.002256422,0.0,0.0030639768,0.038494147
6372,11.732867,0.0,2.8997982,3.1866107,3.6933645e-05,0.0,5.4598488e-05,0.038493868
6373,17.511286,0.0,0.08733836,3.186616,3.6457808e-05,0.0,0.0002383535,0.03849354
6374,1.1483074,0.0,0.46647573,3.1866205,8.8121145e-05,0.0,0.00016142103,0.038493138
6375,2.0902717,0.0,0.4798232,3.1866252,4.3535903e-05,0.0,0.00026485324,0.038492717
6376,1.9751391,0.0,0.9428815,3.1866305,0.0020805532,0.0,0.0011198053,0.038492255
6377,0.36533156,0.0,0.027287364,3.186639,0.0020095946,0.0,0.00029283226,0.0384917
6378,0.2235599,0.0,0.2373885,3.186647,0.00022625356,0.0,0.00019256637,0.03849125
6379,0.5530917,0.0,0.36879078,3.1866539,8.042718e-06,0.0,0.0022135957,0.038490754
6380,0.5909792,0.0,1.240392,3.186661,0.0025415854,0.0,0.0031410833,0.038490485
6381,8.898734,0.0,0.01809927,3.1866753,7.6182505e-06,0.0,0.00033611388,0.038489923
6382,0.0763726,0.0,0.046546537,3.1866875,6.1280414e-05,0.0,0.0010042671,0.038488906
6383,0.22191092,0.0,1.1562331,3.1866999,0.002439942,0.0,0.00014420306,0.038487926
6384,1.4259673,0.0,2.0966632,3.1867125,0.0022619597,0.0,0.0002947355,0.038487084
6385,3.2093365,0.0,0.49436805,3.1867268,7.1139366e-05,0.0,0.0003123174,0.038486212
6386,0.4156534,0.0,2.221098,3.1867409,7.101122e-05,0.0,0.0037226528,0.038485218
6387,0.15551972,0.0,3.4275844,3.186755,9.0935486e-05,0.0,0.00059216504,0.03848419
6388,3.5430362,0.0,0.4097927,3.186767,7.863592e-05,0.0,9.1476264e-05,0.03848319
6389,0.22340244,0.0,0.18630384,3.186777,0.0009056268,0.0,0.00010281122,0.038482275
6390,0.639914,0.0,0.43568826,3.186786,0.0001559639,0.0,0.00011973818,0.03848153
6391,0.2825809,0.0,4.1999063,3.186795,0.0020298548,0.0,0.00018758222,0.03848086
6392,2.5950172,0.0,0.034478396,3.186806,0.00016565935,0.0,0.00022998167,0.038480323
6393,12.176293,0.0,4.6046777,3.1868155,1.7370271e-06,0.0,0.0010758019,0.038479924
6394,12.510201,0.0,0.11514539,3.1868227,5.86343e-06,0.0,0.0009139792,0.038479555
6395,0.21328592,0.0,0.7157027,3.18683,5.6826324e-05,0.0,0.00029017063,0.03847918
6396,8.935186,0.0,0.026105806,3.1868372,7.366566e-05,0.0,0.0031152428,0.038478862
6397,2.296032,0.0,2.6604478,3.1868436,9.2603725e-05,0.0,0.00012626633,0.038478483
6398,3.9607284,0.0,1.9535362,3.1868505,0.0009785362,0.0,7.81555e-05,0.03847832
6399,0.7235285,0.0,0.07903499,3.1868556,0.000113424074,0.0,0.0022880936,0.038478136
6400,0.88949823,0.0,0.06515932,3.186861,9.96165e-05,0.0,0.00026797742,0.0384781
6401,4.3890705,0.0,0.8804183,3.1868656,0.00025161065,0.0,0.0003017346,0.038477883
6402,2.0778973,0.0,0.024949918,3.1868703,0.0003062149,0.0,0.0008425825,0.038477693
6403,3.052131,0.0,2.4717455,3.1868746,4.0700037e-05,0.0,0.00049941865,0.03847745
6404,0.30089304,0.0,0.04541834,3.1868815,7.067977e-05,0.0,0.0027941912,0.03847724
6405,10.752059,0.0,0.8499549,3.1868875,3.1423406e-05,0.0,0.00028907997,0.03847696
6406,0.16893683,0.0,0.03658374,3.186897,0.0025888784,0.0,0.00012669827,0.038476627
6407,0.31675115,0.0,3.2416043,3.1869059,0.0019287326,0.0,0.0013897263,0.038476236
6408,0.2648368,0.0,0.12845287,3.1869144,0.0034547357,0.0,7.806187e-05,0.03847576
6409,0.38933635,0.0,3.0469182,3.1869218,4.9271992e-05,0.0,0.00016451879,0.03847521
6410,0.6467301,0.0,1.6438253,3.1869292,5.6069253e-05,0.0,0.0029588554,0.03847468
6411,1.3848022,0.0,0.83967113,3.1869323,3.8770395e-05,0.0,0.00056286546,0.038474154
6412,0.23581085,0.0,15.967574,3.1869364,7.108445e-05,0.0,9.908563e-05,0.03847353
6413,7.093153,0.0,10.860254,3.1869383,8.361455e-06,0.0,0.0018495112,0.03847291
6414,11.134173,0.0,0.31064156,3.18694,5.034297e-05,0.0,0.00048656776,0.03847226
6415,22.589567,0.0,0.61547136,3.1869411,9.776599e-06,0.0,0.000103795326,0.03847163
6416,6.5533667,0.0,0.12951826,3.1869416,0.003284053,0.0,0.0028686519,0.03847095
6417,0.3977325,0.0,9.608376,3.1869426,7.7933306e-05,0.0,0.0007646843,0.03847031
6418,1.1696533,0.0,0.16558349,3.1869445,9.6433796e-05,0.0,0.00047718541,0.03847031
6419,12.746617,0.0,0.023348067,3.1869473,0.0020701657,0.0,0.00011314465,0.03847006
6420,4.7890635,0.0,1.555685,3.1869495,8.97491e-05,0.0,0.0036111826,0.038469736
6421,1.5091349,0.0,0.5245514,3.1869504,1.8470731e-05,0.0,0.00071622117,0.038469426
6422,0.8411159,0.0,0.11645286,3.1869514,0.0027297728,0.0,0.00013189828,0.03846932
6423,12.878944,0.0,0.11079377,3.186952,4.1270785e-05,0.0,0.00029132504,0.038469255
6424,0.3001263,0.0,4.01151,3.1869533,0.00015292592,0.0,0.00045581916,0.038469214
6425,15.453912,0.0,0.023434214,3.1869552,6.936719e-05,0.0,0.0030073137,0.03846918
6426,1.3984159,0.0,0.03227188,3.1869571,4.5929766e-05,0.0,0.0011317147,0.038469125
6427,0.43536195,0.0,2.5495524,3.1869586,0.003057819,0.0,0.00031353295,0.038468946
6428,0.64536893,0.0,0.09619933,3.1869621,0.0001370335,0.0,0.00022138705,0.038468894
6429,9.175618,0.0,1.8062755,3.1869652,4.5730972e-05,0.0,0.00092530256,0.03846878
6430,0.96139324,0.0,0.0851316,3.1869695,0.00026515184,0.0,9.059803e-05,0.038468726
6431,1.4832008,0.0,0.039472174,3.1869724,2.9074607e-05,0.0,0.0002456901,0.038468577
6432,2.6764534,0.0,1.8992975,3.1869745,0.0002315961,0.0,0.0049559595,0.03846851
6433,1.8886268,0.0,8.252649,3.1869783,0.00012513288,0.0,0.00030231487,0.038468562
6434,0.14302635,0.0,12.488011,3.1869788,0.00010065278,0.0,7.929954e-05,0.038468517
6435,0.28968525,0.0,0.17003985,3.1869771,0.0013828005,0.0,0.0019217344,0.038468417
6436,8.819783,0.0,0.12536342,3.186975,7.2568386e-05,0.0,9.730663e-05,0.038468838
6437,15.007823,0.0,5.263699,3.1869726,1.1043081e-05,0.0,0.0031262862,0.038469154
6438,0.23285383,0.0,1.0532206,3.1869729,8.267841e-05,0.0,0.00053956127,0.03846944
6439,0.40147486,0.0,0.092943214,3.186973,6.682038e-05,0.0,0.0002216539,0.038469795
6440,13.951156,0.0,1.2425362,3.186973,2.5712401e-05,0.0,0.00017635236,0.038470097
6441,1.2690449,0.0,0.10668163,3.1869726,1.724674e-05,0.0,0.0015164718,0.03847031
6442,0.4573777,0.0,0.17375529,3.1869721,0.0063680266,0.0,0.0002681592,0.03847038
6443,7.4668865,0.0,8.962468,3.1869714,0.00011804895,0.0,9.822102e-05,0.03847036
6444,0.7874008,0.0,2.917912,3.1869738,8.671924e-05,0.0,0.0010040135,0.038470287
6445,1.8708948,0.0,0.06425935,3.1869774,8.808343e-06,0.0,0.00011465384,0.0384702
6446,1.3507736,0.0,0.036661025,3.1869807,0.0023123978,0.0,0.00012216695,0.038470082
6447,0.81100094,0.0,6.5837293,3.1869838,0.00010383662,0.0,0.003473004,0.038469896
6448,0.7355752,0.0,10.551458,3.1869867,0.0003962592,0.0,0.005143884,0.038470034
6449,9.994823,0.0,1.420481,3.186987,0.0003064181,0.0,0.00034424645,0.038470086
6450,0.2311538,0.0,0.06851422,3.1869898,8.550404e-06,0.0,8.104542e-05,0.03847007
6451,0.714063,0.0,9.80679,3.1869934,4.3276454e-05,0.0,0.00080271106,0.03847001
6452,0.55396247,0.0,0.42054954,3.186993,0.001780027,0.0,0.003089896,0.03846993
6453,11.695613,0.0,5.3057594,3.186995,0.00039526922,0.0,0.0010525938,0.038469773
6454,2.9667404,0.0,5.6653805,3.1869926,2.944876e-06,0.0,0.00023836043,0.038469717
6455,3.8360069,0.0,5.668102,3.186989,5.5865835e-06,0.0,0.00023556239,0.038469907
6456,0.28859282,0.0,0.22493242,3.186985,3.0214658e-05,0.0,3.2633907e-05,0.0384701
6457,4.7619505,0.0,0.7383379,3.1869826,0.0011754242,0.0,9.298211e-05,0.03847032
6458,4.9248796,0.0,0.25991052,3.1869802,0.0005657851,0.0,0.0016583179,0.03847042
6459,4.9779882,0.0,0.9468389,3.186978,0.00055913284,0.0,0.00026564542,0.038470484
6460,0.3812409,0.0,6.261023,3.1869767,1.6309995e-06,0.0,9.409525e-05,0.038470466
6461,2.5722883,0.0,0.022371873,3.1869721,9.937489e-05,0.0,0.00090336974,0.03847037
6462,0.33206978,0.0,9.976427,3.1869678,6.569944e-05,0.0,0.00021366723,0.0384705
6463,2.7965596,0.0,5.3309903,3.1869595,3.2124455e-05,0.0,0.00047693728,0.038470656
6464,2.0486348,0.0,0.09084312,3.1869524,4.481705e-05,0.0,0.00023623304,0.038470697
6465,2.0065277,0.0,10.71594,3.1869457,1.6875543e-05,0.0,7.667016e-05,0.03847063
6466,0.85086644,0.0,13.556527,3.1869438,0.0043205656,0.0,0.0030379277,0.038470518
6467,0.40915087,0.0,11.759057,3.1869404,7.99581e-05,0.0,0.00026283856,0.03847048
6468,1.4834075,0.0,0.8508548,3.186934,6.916852e-05,0.0,0.000110028996,0.038470376
6469,0.7601026,0.0,16.182999,3.1869297,1.769338e-05,0.0,0.0007907574,0.038470306
6470,1.8883147,0.0,0.6722681,3.1869273,0.0025796595,0.0,0.00036749084,0.038469657
6471,0.36637282,0.0,0.72130483,3.1869268,4.8811897e-05,0.0,6.867473e-05,0.038469233
6472,0.25290066,0.0,9.892511,3.1869287,1.751835e-05,0.0,9.255879e-05,0.038468834
6473,12.630386,0.0,0.03800391,3.1869314,0.0001373943,0.0,0.00011399322,0.038468465
6474,5.3512483,0.0,3.265277,3.186934,9.271796e-05,0.0,0.00015313759,0.03846805
6475,0.14066854,0.0,0.05116595,3.1869364,4.0914674e-05,0.0,0.0021609648,0.038467582
6476,0.31642663,0.0,0.8412427,3.186939,0.00017681939,0.0,0.0026158541,0.038467176
6477,0.59523463,0.0,1.7418627,3.186945,0.00017030461,0.0,0.0012412796,0.038466766
6478,0.99770325,0.0,0.35890248,3.1869516,0.0036625364,0.0,0.00029000413,0.038466267
6479,0.24253178,0.0,0.15815559,3.1869574,5.5118562e-05,0.0,0.00031787902,0.038465783
6480,3.830615,0.0,0.95140356,3.186963,0.0014776231,0.0,0.00036387114,0.03846518
6481,0.04074996,0.0,1.3419914,3.1869695,0.0003893276,0.0,9.378722e-05,0.038464576
6482,0.049032997,0.0,1.2600849,3.186978,0.0021062305,0.0,0.0006688606,0.038464006
6483,0.16597144,0.0,3.4162102,3.1869857,6.193963e-05,0.0,0.0010497952,0.038463335
6484,0.22958347,0.0,4.20698,3.1869953,5.923587e-05,0.0,7.2221155e-05,0.038462643
6485,3.97309,0.0,0.19201435,3.1870034,0.0056554093,0.0,0.0023886235,0.038461994
6486,2.653418,0.0,0.54730463,3.1870115,6.7136443e-06,0.0,0.00010546702,0.03846145
6487,0.62444377,0.0,0.16738842,3.1870186,2.0839638e-05,0.0,0.0012980723,0.03846093
6488,0.33014807,0.0,1.3394573,3.187025,8.736641e-05,0.0,0.0020697657,0.038461965
6489,0.8322633,0.0,2.827063,3.187033,6.2490566e-05,0.0,0.002747238,0.038462944
6490,0.6642494,0.0,0.94904,3.1870425,8.964271e-05,0.0,0.0022371963,0.03846385
6491,1.49865,0.0,3.47604,3.1870503,0.00015928554,0.0,0.0002073257,0.03846458
6492,1.0775315,0.0,0.9841512,3.1870596,0.0026809813,0.0,0.0032380621,0.038465247
6493,8.170895,0.0,0.038328987,3.1870663,0.0020456286,0.0,0.00012273838,0.038465794
6494,0.14146455,0.0,12.394049,3.187072,2.3518138e-05,0.0,0.00029096383,0.038466223
6495,9.302176,0.0,0.5621505,3.1870759,5.2519932e-05,0.0,0.00011174856,0.038466495
6496,11.227085,0.0,0.19318776,3.1870797,0.00011446407,0.0,0.00608592,0.038466703
6497,0.71203923,0.0,0.0873538,3.1870854,5.189165e-05,0.0,0.00020472932,0.038466953
6498,0.21860088,0.0,1.3754787,3.1870916,2.2662753e-05,0.0,0.0027842748,0.038467117
6499,0.29280266,0.0,0.839397,3.1870997,1.7682163e-05,0.0,5.327459e-05,0.03846717
6500,0.54063565,0.0,10.120752,3.1871245,0.00014397167,0.0,0.003934271,0.03846715
6501,0.3917753,0.0,1.9436557,3.1871502,2.8144637e-05,0.0,0.00028774512,0.03846722
6502,0.30518115,0.0,3.3677952,3.1871731,0.00023075352,0.0,0.0032741898,0.038467422
6503,13.579824,0.0,0.42608353,3.1871953,6.096886e-05,0.0,0.00014769679,0.038467605
6504,0.36247644,0.0,2.3725216,3.187215,0.0016088953,0.0,0.0002035002,0.038467728
6505,1.1304307,0.0,0.45530763,3.1872318,0.0035961303,0.0,0.005036,0.038467787
6506,1.5607811,0.0,0.0655813,3.1872485,7.1059467e-06,0.0,0.0010922633,0.03846795
6507,2.0945916,0.0,8.563846,3.1872633,8.243692e-05,0.0,0.00016422417,0.038468324
6508,1.0125504,0.0,4.0695324,3.1872768,0.0019276716,0.0,8.0127065e-05,0.038468584
6509,1.3198746,0.0,2.688505,3.187291,1.3711224e-05,0.0,0.003272031,0.038468797
6510,1.3781309,0.0,0.48505545,3.187305,2.3162678e-05,0.0,0.00012540721,0.03846892
6511,5.367307,0.0,0.06020972,3.187318,6.8857216e-06,0.0,0.00013367302,0.038468987
6512,0.48153523,0.0,1.4108095,3.1873302,0.0032859803,0.0,0.00014851606,0.038469028
6513,0.276961,0.0,0.096437946,3.1873426,0.00023674541,0.0,7.318455e-05,0.038469035
6514,0.84320885,0.0,1.290652,3.1873534,1.818879e-05,0.0,0.00010438716,0.038469054
6515,0.0863534,0.0,0.0500893,3.1873665,0.0012418164,0.0,0.00063147064,0.03846904
6516,0.16393813,0.0,0.078652,3.187378,7.4249336e-05,0.0,0.0028240308,0.038469113
6517,0.16318332,0.0,0.49149698,3.1873872,0.00010219665,0.0,0.000113958165,0.038469173
6518,6.528581,0.0,0.4292237,3.1873968,0.0001193308,0.0,0.00010613776,0.038469166
6519,0.12294489,0.0,3.0276127,3.1874068,1.9557334e-05,0.0,0.0006539231,0.038469147
6520,15.22683,0.0,12.524108,3.1874132,0.00012807558,0.0,0.00011623117,0.03846896
6521,0.5059339,0.0,0.6369048,3.1874175,4.391373e-06,0.0,0.0011327126,0.03846861
6522,0.6040039,0.0,0.06202385,3.1874216,5.6518413e-05,0.0,0.00014625871,0.038468346
6523,0.6911151,0.0,1.0098462,3.1874247,2.2062432e-05,0.0,0.00011468009,0.03846806
6524,9.137875,0.0,0.09934844,3.1874273,0.00010271588,0.0,0.00090896006,0.038467813
6525,9.737691,0.0,0.9618434,3.1874297,4.2703014e-05,0.0,0.00016245853,0.03846757
6526,0.81778735,0.0,1.607387,3.1874325,9.532126e-06,0.0,0.0006280251,0.03846731
6527,0.25315648,0.0,0.019196117,3.1874354,1.4079408e-05,0.0,0.0024578979,0.038467698
6528,0.8799524,0.0,0.3458833,3.1874375,0.0006967009,0.0,0.0002742579,0.038468108
6529,0.6985804,0.0,0.16417025,3.18744,2.074623e-05,0.0,0.0001452679,0.038468443
6530,2.0423298,0.0,1.7393851,3.1874418,0.000217325,0.0,0.00016752875,0.038468707
6531,2.0320907,0.0,1.6038135,3.1874468,0.00036784305,0.0,0.00010627731,0.0384689
6532,5.5744348,0.0,0.20854968,3.1874535,0.0026767247,0.0,0.0002383809,0.03846909
6533,1.2684033,0.0,0.056339476,3.1874588,8.758117e-05,0.0,0.0005929817,0.03846923
6534,2.4116745,0.0,1.4960403,3.1874635,9.701094e-05,0.0,0.0022548418,0.03846922
6535,2.2358527,0.0,6.2747498,3.1874678,0.00011995564,0.0,0.00036902018,0.038469132
6536,0.49727568,0.0,0.69404554,3.1874716,0.0033329779,0.0,0.00020475397,0.03846894
6537,0.7910247,0.0,0.07317374,3.1874762,3.7301666e-05,0.0,0.00058198214,0.03846871
6538,6.1807594,0.0,0.5743874,3.1874788,0.004796937,0.0,0.00018173257,0.03846845
6539,0.33998245,0.0,16.855108,3.1874783,0.0022067325,0.0,0.005196103,0.038468193
6540,0.38346934,0.0,11.040161,3.1874754,0.0021350305,0.0,0.00030520218,0.038467936
6541,0.18458991,0.0,0.0522421,3.187469,0.00014824377,0.0,8.72918e-05,0.03846862
6542,0.030592259,0.0,0.027217386,3.1874628,0.000222117,0.0,0.00027934165,0.038469218
6543,1.1546413,0.0,11.740841,3.1874566,9.274327e-05,0.0,7.989414e-05,0.038469747
6544,10.322778,0.0,0.82696563,3.1874464,1.4204568e-06,0.0,0.0018572733,0.038470168
6545,0.30170265,0.0,0.47145307,3.1874435,2.1908521e-05,0.0,0.0031484815,0.03847047
6546,1.4678869,0.0,9.737064,3.1874406,0.00015056689,0.0,0.0016441555,0.038470764
6547,10.75957,0.0,1.5139679,3.1874368,3.8184306e-05,0.0,0.00028809582,0.038470984
6548,0.9446779,0.0,0.68935806,3.1874352,1.9360596e-05,0.0,0.00019222058,0.038471166
6549,1.7998748,0.0,0.1934015,3.1874363,9.163698e-05,0.0,0.0010505065,0.03847121
6550,12.347445,0.0,4.690039,3.1874375,3.915295e-05,0.0,0.0022790388,0.03847133
6551,6.904795,0.0,11.181579,3.1874392,4.5865105e-05,0.0,0.000974537,0.038471382
6552,0.3074639,0.0,1.1621062,3.1874416,0.00012495878,0.0,0.0001557856,0.038471468
6553,1.7690983,0.0,0.8165594,3.1874435,2.827889e-05,0.0,6.9027774e-05,0.038471457
6554,0.58835965,0.0,0.7664112,3.1874447,7.849107e-05,0.0,0.0003456364,0.0384714
6555,0.37338263,0.0,2.1770072,3.1874464,1.701347e-05,0.0,0.002299659,0.038471133
6556,0.9060182,0.0,0.21208704,3.1874495,0.00078485283,0.0,0.00015239068,0.038470846
6557,2.643836,0.0,6.512812,3.1874516,1.0985091e-05,0.0,0.00011927287,0.038470484
6558,1.0553918,0.0,2.141575,3.1874526,9.277492e-05,0.0,0.0020365575,0.03847005
6559,0.6162181,0.0,0.040100165,3.1874528,0.00013199906,0.0,0.001282002,0.03846965
6560,0.81468296,0.0,3.496759,3.187453,0.0012511117,0.0,0.00044493133,0.03846931
6561,1.3609978,0.0,14.116928,3.1874552,1.6070018e-05,0.0,0.00048573228,0.03846926
6562,2.2130873,0.0,3.2530963,3.1874561,1.8349545e-05,0.0,0.00074625097,0.038469482
6563,0.66428816,0.0,1.6599132,3.1874568,2.1420481e-05,0.0,8.64895e-05,0.038469598
6564,6.9111614,0.0,1.9077594,3.187458,2.333655e-05,0.0,6.745398e-05,0.03846966
6565,0.84043133,0.0,0.06376451,3.1874602,2.770839e-05,0.0,0.0005147699,0.03846958
6566,0.22079672,0.0,0.31963348,3.1874626,6.600939e-06,0.0,0.0004065501,0.038469836
6567,1.628828,0.0,1.1638441,3.187465,3.614888e-05,0.0,0.000835102,0.03846994
6568,1.7739619,0.0,6.4769316,3.1874688,6.0102928e-05,0.0,0.0001597597,0.0384702
6569,0.36378026,0.0,4.4770885,3.187467,7.165311e-05,0.0,0.000114082904,0.038470507
6570,3.2937198,0.0,0.52706575,3.1874633,4.395778e-05,0.0,0.0030231313,0.038470734
6571,9.882802,0.0,0.42173067,3.187457,6.526784e-05,0.0,0.0009060543,0.038471997
6572,1.3821102,0.0,3.0213156,3.1874523,0.00049087434,0.0,0.0025663476,0.03847316
6573,0.22726433,0.0,2.1662133,3.1874483,0.0021749143,0.0,0.00018043318,0.038474075
6574,0.0973107,0.0,0.18739502,3.187446,7.415441e-05,0.0,0.0027138062,0.038474884
6575,0.2241218,0.0,2.5130205,3.1874435,2.6708874e-05,0.0,0.0051085376,0.03847576
6576,2.000101,0.0,0.02424818,3.1874413,3.3653728e-06,0.0,0.0005340248,0.038476437
6577,12.216527,0.0,12.052986,3.1874394,0.0022753784,0.0,0.00017252867,0.038477022
6578,0.559449,0.0,0.52268404,3.1874363,3.0180865e-05,0.0,0.00030631924,0.038477473
6579,1.3988787,0.0,0.91864777,3.1874335,0.00011062433,0.0,0.00013724904,0.03847778
6580,0.1090058,0.0,11.169871,3.187432,1.413071e-05,0.0,0.0028601626,0.038477957
6581,9.171434,0.0,1.7059553,3.1874282,1.0859154e-06,0.0,0.00017768369,0.038478043
6582,1.5447775,0.0,12.502414,3.1874287,0.0023552256,0.0,0.00042323166,0.03847814
6583,2.9953835,0.0,0.23311226,3.1874185,5.3970558e-05,0.0,0.00019009288,0.038478464
6584,3.6318648,0.0,0.075888984,3.1874137,3.681588e-05,0.0,0.0014237819,0.038478673
6585,0.09541151,0.0,0.3535737,3.1874099,3.344951e-05,0.0,0.0001444876,0.038478903
6586,2.145795,0.0,11.196689,3.1874073,0.0005174761,0.0,0.00010286522,0.03847905
6587,3.1595554,0.0,9.319138,3.187403,3.7369937e-05,0.0,0.00015818785,0.038479097
6588,2.07611,0.0,2.8071258,3.1874,0.002382765,0.0,0.00010520319,0.038479086
6589,9.573361,0.0,1.813002,3.1873968,0.00092788594,0.0,9.157132e-05,0.03847903
6590,13.404256,0.0,0.77161574,3.1873953,0.0032750638,0.0,0.0014964007,0.038478922
6591,0.12909229,0.0,8.585306,3.1873965,8.77994e-05,0.0,0.00022149412,0.038478784
6592,0.082504,0.0,0.10426942,3.1873953,5.0671657e-05,0.0,0.00030120506,0.03847865
6593,0.88658684,0.0,0.113807574,3.1873946,3.670094e-05,0.0,0.00029901887,0.0384785
6594,8.684034,0.0,8.671806,3.1873927,0.0017688792,0.0,0.0027580624,0.038478393
6595,0.44395852,0.0,0.122891426,3.1873899,0.00015191025,0.0,0.00015056615,0.038478225
6596,0.28420684,0.0,2.4937806,3.1873882,0.0040842546,0.0,0.0021044905,0.038478196
6597,0.22988075,0.0,0.13532582,3.1873863,0.0012764011,0.0,0.00019494438,0.038477927
6598,0.39146346,0.0,0.021485886,3.187386,6.417881e-05,0.0,6.1423125e-05,0.038477704
6599,0.38824415,0.0,7.421615,3.187385,1.5999256e-05,0.0,0.00015228461,0.03847744
6600,0.19741029,0.0,0.25117356,3.187386,0.0028948865,0.0,0.0034581558,0.03847715
6601,0.100264,0.0,0.038572136,3.1873882,0.0006201677,0.0,0.00028205293,0.038476925
6602,0.09279951,0.0,0.9601941,3.1873894,0.0023897158,0.0,0.00016410318,0.038476896
6603,0.15212329,0.0,8.271257,3.1873922,2.6231308e-05,0.0,0.00053036417,0.0384768
6604,0.09418268,0.0,1.4468137,3.1873956,3.0668182e-06,0.0,0.001965767,0.038476598
6605,2.0361702,0.0,4.5047045,3.1874,7.236314e-05,0.0,0.0016794901,0.03847647
6606,1.2112621,0.0,2.7148218,3.1874037,0.00034064538,0.0,0.00037790637,0.038476273
6607,2.7330275,0.0,1.5452002,3.1874042,0.00011266416,0.0,0.004073231,0.038476042
6608,0.06485651,0.0,0.38938355,3.1874049,6.218186e-06,0.0,0.0009892406,0.038475692
6609,15.4788265,0.0,1.7287608,3.187405,0.0026774304,0.0,0.0007533691,0.03847532
6610,0.1270532,0.0,0.23676738,3.187406,8.045126e-05,0.0,0.00015508718,0.038475126
6611,11.50439,0.0,0.059131682,3.1873987,0.00016004285,0.0,0.0011056686,0.038474858
6612,0.18663934,0.0,8.509754,3.1873922,2.8835091e-05,0.0,0.00037430957,0.038474564
6613,3.2015653,0.0,0.05327191,3.1873906,0.0019072943,0.0,0.0001101244,0.038474377
6614,0.38774335,0.0,1.2080083,3.1873899,7.1387665e-05,0.0,4.3681124e-05,0.03847425
6615,11.254444,0.0,0.94481784,3.1873915,4.9628266e-05,0.0,0.00013454551,0.03847407
6616,0.421158,0.0,0.028165832,3.1873934,0.00017797653,0.0,0.0015125345,0.0384739
6617,7.5300956,0.0,2.1268694,3.1873946,2.266528e-05,0.0,0.0019612543,0.038473673
6618,0.24512002,0.0,0.18713856,3.1873953,0.00051223306,0.0,0.0009757908,0.03847348
6619,3.6821868,0.0,0.92194176,3.1873977,8.0289996e-05,0.0,0.0032239775,0.038473193
6620,13.796767,0.0,0.033830695,3.1874,0.00039767686,0.0,0.00030670155,0.03847295
6621,10.498677,0.0,2.0104623,3.187403,0.00096614467,0.0,0.0005954082,0.038472828
6622,2.277041,0.0,6.1786466,3.1874087,4.0551506e-05,0.0,0.00014654122,0.038472645
6623,0.6947803,0.0,0.15523589,3.1874132,0.00045547917,0.0,0.00014113891,0.03847244
6624,1.8403286,0.0,2.6133056,3.1874177,5.0585463e-06,0.0,0.0029132403,0.03847217
6625,11.705134,0.0,0.9766284,3.187423,0.004764295,0.0,0.00020242749,0.038471863
6626,2.8872619,0.0,0.064849816,3.1874297,0.0032819633,0.0,7.513127e-05,0.038471747
6627,11.018669,0.0,3.280014,3.1874352,3.122148e-05,0.0,0.00068894104,0.038471587
6628,2.7049959,0.0,0.80555487,3.1874413,5.4727057e-06,0.0,0.003233192,0.038471345
6629,2.2007136,0.0,0.03655681,3.1874485,0.00014024916,0.0,5.9993108e-05,0.038471095
6630,1.1146923,0.0,0.09037179,3.1874545,7.620295e-05,0.0,0.003363673,0.038470782
6631,5.699885,0.0,2.0686588,3.1874595,0.0025885152,0.0,0.00028728356,0.038470354
6632,0.15329795,0.0,0.6049754,3.187467,0.00010356815,0.0,0.00018858486,0.03846995
6633,0.86915386,0.0,0.06579324,3.187475,0.0005783871,0.0,0.0016639349,0.03846951
6634,4.941186,0.0,0.51126957,3.187481,0.00064804463,0.0,0.000120982535,0.038469113
6635,1.0948241,0.0,1.7316132,3.1874871,0.00014558306,0.0,0.00018080042,0.038468663
6636,0.56891036,0.0,0.08653337,3.1874866,0.0042324355,0.0,8.861417e-05,0.03846827
6637,0.5068851,0.0,1.3955301,3.1874866,2.7974862e-05,0.0,0.0019951947,0.038467873
6638,0.7278863,0.0,1.2512622,3.1874847,6.9817805e-05,0.0,0.00011572628,0.038467523
6639,0.3271059,0.0,0.0945855,3.1874852,6.490087e-05,0.0,0.0013972754,0.03846716
6640,3.9929233,0.0,0.31773725,3.187485,5.8676284e-05,0.0,0.0003921145,0.038467173
6641,0.58182985,0.0,0.03511201,3.1874862,3.1954896e-05,0.0,0.00066084677,0.03846707
6642,0.57271063,0.0,11.893242,3.1874871,0.00415707,0.0,0.00017240882,0.0384671
6643,0.22734669,0.0,0.5775789,3.187486,0.00012306985,0.0,0.0009242052,0.038467076
6644,1.322656,0.0,1.5720446,3.1874833,2.2814189e-05,0.0,0.002070201,0.038466923
6645,1.9938933,0.0,3.702071,3.1874802,4.623674e-05,0.0,0.0011569444,0.0384667
6646,4.495631,0.0,1.066041,3.1874776,0.0004170153,0.0,0.00010650758,0.03846644
6647,1.8806967,0.0,0.01809557,3.1874743,0.00011971261,0.0,0.0024290094,0.03846615
6648,0.8000503,0.0,0.092337266,3.187471,0.00030807775,0.0,0.00019272606,0.03846581
6649,1.9238715,0.0,1.610599,3.187468,0.0025162022,0.0,7.2499315e-05,0.038465418
6650,2.820604,0.0,0.016142184,3.187467,0.00014305115,0.0,0.00017932487,0.038465038
6651,3.0013397,0.0,0.027356068,3.187465,1.991516e-05,0.0,0.0005373748,0.038464613
6652,0.5399845,0.0,0.07439536,3.1874642,3.2231677e-05,0.0,0.00032968738,0.038463887
6653,0.83348864,0.0,2.034565,3.187463,0.0020388055,0.0,0.0022359134,0.038463324
6654,0.37790352,0.0,0.5110764,3.1874614,0.0019262237,0.0,0.00014819478,0.038462702
6655,0.30409998,0.0,1.3097616,3.1874614,0.0007145311,0.0,9.669682e-05,0.038462136
6656,0.38947487,0.0,0.46464008,3.1874626,0.0011613725,0.0,0.00030723592,0.038461536
6657,0.17460032,0.0,0.094578065,3.1874647,0.0021821642,0.0,0.00014063048,0.038460393
6658,12.515993,0.0,1.1845843,3.1874666,1.6390648e-05,0.0,8.779812e-05,0.038459297
6659,1.0356536,0.0,1.4403439,3.18747,5.771929e-05,0.0,0.0002673379,0.03845828
6660,0.44759107,0.0,5.463145,3.1874743,0.00013128298,0.0,0.0028458312,0.038457263
6661,4.783854,0.0,0.38281846,3.1874793,5.083317e-05,0.0,0.00012512793,0.038456425
6662,0.06780027,0.0,1.1123644,3.1874845,0.0002158845,0.0,0.0021421514,0.038455665
6663,10.277362,0.0,7.2223353,3.1874902,0.0002752475,0.0,0.00020861372,0.038454957
6664,9.960622,0.0,0.06672172,3.1874988,0.0001581716,0.0,0.002512849,0.038454305
6665,11.870572,0.0,0.599379,3.1875067,0.0005032419,0.0,0.0060096933,0.038453702
6666,10.3099985,0.0,0.09065982,3.187514,0.00042624783,0.0,8.37543e-05,0.038453255
6667,1.9311632,0.0,4.2674875,3.1875205,0.00012706975,0.0,0.00042198267,0.03845278
6668,0.07541213,0.0,0.36533403,3.1875267,3.249241e-05,0.0,8.833749e-05,0.038452446
6669,7.9586744,0.0,2.8281538,3.1875181,0.0003810582,0.0,0.0022929295,0.038452096
6670,1.536533,0.0,4.715197,3.1875112,0.0029452026,0.0,0.0005004875,0.03845172
6671,1.446789,0.0,0.03528018,3.1875055,0.00027617865,0.0,0.0021661927,0.038451355
6672,0.21765506,0.0,2.8216329,3.1875002,0.0002567542,0.0,0.00020437714,0.03845101
6673,2.811884,0.0,0.5485189,3.187494,0.00027836295,0.0,0.0027481306,0.038450576
6674,0.2906473,0.0,0.3827063,3.1874883,2.927156e-05,0.0,8.8442925e-05,0.038450073
6675,0.29313198,0.0,12.001671,3.1874835,0.0054350197,0.0,0.0018104082,0.038449496
6676,0.58239424,0.0,2.7503424,3.1874812,8.1637365e-05,0.0,0.001852801,0.03844895
6677,0.9442907,0.0,0.07578288,3.1874816,0.00016700072,0.0,0.0001497815,0.038448453
6678,1.6544225,0.0,10.572843,3.1874826,0.00013156876,0.0,0.0030169555,0.038447857
6679,2.4217155,0.0,3.6892135,3.187478,5.35817e-05,0.0,0.00091162213,0.03844735
6680,2.1959243,0.0,0.36661422,3.1874733,1.992384e-05,0.0,0.00020562227,0.038446825
6681,14.274983,0.0,0.37770543,3.18747,0.0030285253,0.0,0.00013618209,0.038446333
6682,5.5039115,0.0,0.096793026,3.1874669,0.0027495828,0.0,9.958056e-05,0.038445886
6683,4.7095504,0.0,5.49449,3.1874635,4.3691307e-05,0.0,0.0025149921,0.038445383
6684,0.50776565,0.0,1.0417923,3.1874585,9.036261e-06,0.0,0.0010765812,0.03844491
6685,0.24529716,0.0,0.18849395,3.1874557,1.8958423e-05,0.0,0.0025253776,0.038444854
6686,0.20553009,0.0,0.455162,3.1874533,1.15070325e-05,0.0,0.00017705074,0.03844494
6687,4.0908403,0.0,3.589607,3.1874516,0.0017976181,0.0,8.2758444e-05,0.038444944
6688,0.14496298,0.0,10.367616,3.1874547,0.0005549125,0.0,0.00013576582,0.038444865
6689,2.7547522,0.0,0.44343603,3.1874583,7.262107e-05,0.0,9.607375e-05,0.038444847
6690,0.2962656,0.0,0.6539887,3.1874619,0.00014456476,0.0,0.00090970844,0.0384448
6691,0.47047365,0.0,0.14674321,3.1874652,2.2962267e-05,0.0,0.0017742986,0.038444728
6692,2.574002,0.0,1.1333364,3.187469,9.267384e-05,0.0,0.00012376312,0.038444582
6693,11.919617,0.0,0.07989397,3.1874707,0.00012206006,0.0,0.0015456139,0.038444426
6694,4.413389,0.0,0.17506573,3.1874726,2.8057595e-05,0.0,0.0031834997,0.038444046
6695,6.2093596,0.0,0.5249633,3.1874745,7.995126e-05,0.0,0.0005403085,0.03844368
6696,12.577988,0.0,0.25307742,3.1874776,3.7385245e-05,0.0,0.0049421103,0.038443435
6697,2.792567,0.0,0.80688715,3.1874814,8.9979156e-05,0.0,0.00022387394,0.038444165
6698,0.50706136,0.0,0.28067696,3.187485,0.0041140695,0.0,0.000117063755,0.03844508
6699,1.6510905,0.0,0.40155354,3.1874883,4.777992e-05,0.0,0.00038020985,0.038445927
6700,1.218002,0.0,0.046845198,3.1874921,0.00014124755,0.0,0.00030774387,0.038446344
6701,4.0905595,0.0,1.815533,3.1874955,0.0011717797,0.0,0.005081422,0.038446654
6702,5.4657817,0.0,5.3283443,3.187499,3.3913282e-05,0.0,0.00012271978,0.038446996
6703,12.276082,0.0,3.75681,3.1875062,3.1516982e-05,0.0,0.00014263012,0.038447324
6704,1.1153009,0.0,0.02449401,3.1875126,3.6146816e-05,0.0,8.441476e-05,0.038447656
6705,0.9348287,0.0,0.5055073,3.1875184,0.00091501256,0.0,0.0041236477,0.038448017
6706,4.775402,0.0,0.034505293,3.1875262,1.1770011e-05,0.0,0.00096004,0.038448293
6707,1.0518143,0.0,0.20504716,3.187533,2.735112e-05,0.0,0.00036328752,0.038448516
6708,12.374905,0.0,0.01975947,3.1875398,1.6408685e-05,0.0,0.00033145264,0.038448617
6709,0.81101114,0.0,6.655427,3.1875455,7.902548e-05,0.0,0.0003028391,0.03844869
6710,7.104901,0.0,0.13683647,3.1875446,0.00019645318,0.0,0.0056660306,0.038448706
6711,0.57667804,0.0,0.43307406,3.1875432,0.0016765308,0.0,0.002682901,0.038448587
6712,3.3089004,0.0,0.12508304,3.1875417,7.222008e-05,0.0,0.00011118516,0.038448423
6713,2.584634,0.0,0.064571634,3.1875412,5.8538308e-06,0.0,0.006207198,0.03844817
6714,0.6819742,0.0,20.452908,3.1875417,0.00017860331,0.0,0.002471914,0.038447935
6715,0.39392963,0.0,13.332061,3.1875396,7.0998416e-05,0.0,7.102056e-05,0.038447786
6716,8.326614,0.0,11.169343,3.1875324,0.00022180476,0.0,6.953885e-05,0.038447622
6717,0.39674783,0.0,0.2955089,3.187527,0.00016851418,0.0,0.0040032757,0.038447384
6718,1.347551,0.0,4.4957867,3.1875224,1.8036306e-05,0.0,0.00028170215,0.038447082
6719,9.797103,0.0,0.07512464,3.1875236,7.349929e-05,0.0,5.424462e-05,0.038446777
6720,7.462109,0.0,3.4481611,3.1875246,0.002380927,0.0,0.0001343879,0.03844645
6721,0.09430941,0.0,0.050059635,3.1875274,0.00028982642,0.0,0.0019337118,0.0384461
6722,0.038883068,0.0,3.7590437,3.1875305,8.246725e-05,0.0,0.0030875434,0.03844543
6723,0.84333473,0.0,1.4946986,3.187538,5.9443944e-05,0.0,0.00025841926,0.038444735
6724,0.53658074,0.0,3.1230032,3.1875455,4.8520005e-06,0.0,0.00057395914,0.038444225
6725,0.6937016,0.0,0.16907094,3.1875556,0.0033218313,0.0,0.0020231537,0.03844377
6726,1.0735127,0.0,0.09267799,3.1875653,0.0021096757,0.0,0.00031988314,0.038443312
6727,1.6667197,0.0,2.0214963,3.187574,4.7357265e-05,0.0,8.920934e-05,0.03844287
6728,1.5705482,0.0,0.3854698,3.1875856,6.965146e-05,0.0,0.0002702701,0.038442425
6729,0.17385356,0.0,13.064226,3.187596,7.528211e-05,0.0,0.00230075,0.038441923
6730,9.281387,0.0,0.156124,3.1876092,6.326944e-06,0.0,0.00016077893,0.0384412
6731,0.27440977,0.0,0.4216912,3.18762,0.00010468622,0.0,3.8873786e-05,0.0384406
6732,5.930621,0.0,0.42750803,3.187629,1.0077785e-05,0.0,8.9923255e-05,0.03844
6733,5.5662007,0.0,1.9554468,3.187638,5.1526044e-05,0.0,0.00047460402,0.038439408
6734,23.08723,0.0,0.018947355,3.1876476,4.2019245e-05,0.0,0.00018838588,0.038438648
6735,9.812479,0.0,0.024548506,3.1876564,0.00019287276,0.0,0.0036611366,0.03843797
6736,5.0738945,0.0,0.07021724,3.1876638,1.2356892e-05,0.0,0.0041201822,0.03843737
6737,3.461513,0.0,0.037270833,3.187671,0.00016009559,0.0,0.00013989133,0.038436837
6738,1.2160152,0.0,0.5274074,3.1876771,5.567963e-05,0.0,9.306717e-05,0.038436286
6739,2.2128181,0.0,0.18404464,3.1876857,0.0010647136,0.0,0.00011831365,0.03843571
6740,0.514796,0.0,12.479602,3.1876934,7.866124e-05,0.0,0.00023339267,0.038435128
6741,12.858987,0.0,9.80373,3.1876926,7.8488745e-05,0.0,0.0024854587,0.03843472
6742,1.1045057,0.0,0.34357104,3.1876943,0.0003226048,0.0,0.0010454817,0.03843431
6743,1.0379466,0.0,0.16003482,3.1876953,0.00049480173,0.0,0.0004037239,0.038433827
6744,0.75672054,0.0,0.061196685,3.1876993,3.2023803e-05,0.0,0.00040366413,0.03843331
6745,5.7373476,0.0,1.1832434,3.1877024,2.1486483e-06,0.0,0.00011925695,0.038432978
6746,3.0122554,0.0,13.631911,3.1877065,0.0008030471,0.0,0.00022806,0.038432673
6747,1.9088701,0.0,0.087121576,3.187712,0.0022157629,0.0,0.00020749765,0.038432356
6748,1.8588687,0.0,1.8940847,3.1877167,9.892672e-06,0.0,0.00023551931,0.03843196
6749,3.3869603,0.0,12.0548,3.1877208,8.479237e-06,0.0,0.00011919608,0.038431734
6750,1.1433465,0.0,0.39434233,3.187722,2.2294553e-05,0.0,0.0035803823,0.038431495
6751,0.37919974,0.0,4.7249875,3.1877246,0.00012467227,0.0,0.00015517263,0.038431253
6752,2.703288,0.0,0.10109567,3.187727,0.00050903216,0.0,0.00032096315,0.03843098
6753,8.4261265,0.0,2.7614384,3.1877286,8.515111e-06,0.0,0.00044196902,0.03843113
6754,0.26614198,0.0,0.45352417,3.1877313,0.0024115897,0.0,0.00014590943,0.038431246
6755,2.7236397,0.0,0.055757612,3.187734,7.401394e-05,0.0,0.00013749217,0.038431417
6756,0.19896777,0.0,0.15118143,3.1877353,0.00020070712,0.0,0.00015187402,0.038431503
6757,0.46963334,0.0,0.6512111,3.1877363,0.0027696495,0.0,0.00015468552,0.038431708
6758,9.793796,0.0,5.8935714,3.1877432,2.9926528e-05,0.0,0.000944234,0.038432166
6759,6.5640163,0.0,5.7283287,3.187751,0.0018658664,0.0,0.0034896214,0.03843253
6760,6.9981885,0.0,1.5890448,3.1877587,0.00250009,0.0,0.00014080193,0.03843282
6761,7.7347527,0.0,0.09493529,3.1877673,0.0018390648,0.0,0.00031251478,0.038433027
6762,2.1764247,0.0,0.20196638,3.1877756,4.3401647e-05,0.0,0.0001632075,0.03843349
6763,0.5146866,0.0,0.1687674,3.1877835,0.0001574815,0.0,0.0005585958,0.038433816
6764,1.0799562,0.0,0.040827643,3.187791,0.0009264381,0.0,0.003064526,0.038434166
6765,0.16074371,0.0,14.703802,3.187797,3.0342733e-05,0.0,0.00011631838,0.038434546
6766,0.0961318,0.0,0.16346836,3.1878052,0.0025323466,0.0,0.00014832005,0.03843489
6767,0.1551677,0.0,0.18701337,3.1878135,0.0015282049,0.0,0.0015038156,0.038435165
6768,0.63496566,0.0,0.059276097,3.1878207,0.00016126009,0.0,0.0009332606,0.038435396
6769,4.8888297,0.0,7.1204753,3.187827,0.00041076436,0.0,0.002716367,0.038435493
6770,0.26440874,0.0,3.9522345,3.187836,0.00094814453,0.0,0.00026528325,0.03843566
6771,0.102648936,0.0,13.913899,3.1878433,2.3107727e-05,0.0,0.00055663707,0.03843587
6772,0.9101809,0.0,0.63105243,3.1878479,0.00013255954,0.0,7.397696e-05,0.03843549
6773,3.0179327,0.0,1.1600515,3.187852,0.0029652843,0.0,0.00018156844,0.038435154
6774,7.9417105,0.0,2.606807,3.187854,6.299076e-05,0.0,0.0032207875,0.038434867
6775,0.44633555,0.0,9.34482,3.1878562,4.843984e-05,0.0,0.0024564457,0.038434576
6776,7.289383,0.0,0.03273712,3.1878605,0.00081907574,0.0,6.511517e-05,0.038434338
6777,10.135843,0.0,1.5213641,3.1878648,0.0003401962,0.0,5.831324e-05,0.038434062
6778,0.5580285,0.0,0.2086564,3.187869,8.420533e-05,0.0,0.0007040085,0.038433794
6779,14.787334,0.0,2.6330316,3.1878724,0.0015000647,0.0,4.8045757e-05,0.03843345
6780,0.17210007,0.0,0.032555375,3.1878762,0.0005210771,0.0,0.0031097478,0.0384331
6781,0.9406681,0.0,0.83102316,3.1878796,0.00012180963,0.0,4.549815e-05,0.038432788
6782,0.8675548,0.0,14.985247,3.187883,0.0001619046,0.0,0.00022545012,0.038432483
6783,1.0011301,0.0,1.2792484,3.187885,0.0016185669,0.0,0.0005070665,0.038432468
6784,4.4239635,0.0,9.455162,3.1878896,0.0021639674,0.0,0.0001367346,0.038432606
6785,11.2734995,0.0,0.15850154,3.1878889,0.0026485673,0.0,0.00040840346,0.038432747
6786,13.414381,0.0,0.18682957,3.1878893,7.084797e-05,0.0,7.0351365e-05,0.038432766
6787,0.3546042,0.0,0.35316563,3.187889,3.49956e-05,0.0,0.00018155316,0.038432702
6788,0.51960874,0.0,0.32180074,3.1878867,4.5313725e-05,0.0,0.0005726549,0.038432628
6789,9.590214,0.0,0.017939001,3.1878853,0.00027812828,0.0,0.00020369317,0.038432475
6790,7.964215,0.0,0.21226025,3.1878839,0.00020353802,0.0,0.00045547925,0.038432322
6791,0.36914125,0.0,6.5313535,3.1878827,4.701748e-05,0.0,0.00012419005,0.03843209
6792,13.609896,0.0,1.7861102,3.1878798,7.016506e-05,0.0,0.0028546315,0.03843191
6793,13.956456,0.0,1.9015481,3.1878767,0.00025799277,0.0,0.0001502457,0.038431633
6794,4.7699747,0.0,3.8784208,3.1878734,4.3932587e-06,0.0,0.00017106746,0.038431406
6795,0.8304453,0.0,0.6700588,3.1878712,1.8826513e-05,0.0,0.00016319957,0.038431104
6796,3.2979724,0.0,3.962396,3.1878684,0.0016899195,0.0,0.00036601815,0.038430817
6797,11.116342,0.0,0.4382515,3.1878662,0.00012362876,0.0,0.00013530704,0.03843035
6798,0.34654298,0.0,0.060689613,3.1878598,4.7017573e-05,0.0,0.00092312176,0.038429935
6799,0.2814392,0.0,0.22540559,3.1878538,0.0019657002,0.0,0.00033420624,0.038429435
6800,0.28804427,0.0,0.060653895,3.1878498,0.0037969418,0.0,0.0028157162,0.03842914
6801,3.0894368,0.0,1.1613859,3.1878455,0.00017900002,0.0,0.0023839592,0.038428742
6802,0.19239864,0.0,0.03850834,3.1878417,1.7807448e-05,0.0,0.0015523087,0.038428374
6803,0.53034735,0.0,2.1901667,3.1878376,7.112998e-05,0.0,0.00012946638,0.038428143
6804,1.5385958,0.0,0.037839282,3.187837,1.0410338e-05,0.0,0.00080119283,0.038427833
6805,1.4663237,0.0,0.060940497,3.187836,0.00022646088,0.0,9.584596e-05,0.038427755
6806,12.019778,0.0,9.935902,3.187835,0.0014637192,0.0,0.00025777917,0.038427647
6807,0.9939533,0.0,0.19005546,3.187827,1.45743e-05,0.0,0.00013177839,0.038427465
6808,0.33080825,0.0,3.962562,3.18782,0.000531207,0.0,0.00033023924,0.038427252
6809,0.20426807,0.0,0.3032121,3.1878147,0.0028035487,0.0,0.00015748799,0.0384269
6810,0.74073446,0.0,19.37472,3.1878119,0.000115136776,0.0,0.0028429835,0.038426645
6811,11.643188,0.0,1.465617,3.1878064,0.0015990937,0.0,0.0004339803,0.038426496
6812,0.0994944,0.0,4.5916715,3.1878033,8.505502e-05,0.0,0.0012013196,0.03842653
6813,0.2162309,0.0,0.027611783,3.187801,8.9409095e-06,0.0,0.0025550344,0.038426485
6814,1.3036846,0.0,0.45542485,3.1877983,3.817268e-05,0.0,0.00022254171,0.038427703
6815,5.037781,0.0,4.2978086,3.1877968,0.00039857678,0.0,0.00012572626,0.038428724
6816,12.875191,0.0,15.5765705,3.1878133,2.7373022e-05,0.0,0.0031541428,0.038429603
6817,0.36040324,0.0,0.02671921,3.1878262,0.000111042194,0.0,0.002561994,0.038430437
6818,1.2826647,0.0,0.59921134,3.1878378,0.00017164239,0.0,0.00037990263,0.038431082
6819,5.532327,0.0,0.096462436,3.1878493,1.8470789e-06,0.0,0.00015166242,0.038431715
6820,0.1244436,0.0,2.5580404,3.18786,0.00018522517,0.0,9.137417e-05,0.038432296
6821,0.13930556,0.0,0.3244485,3.1878724,0.000186148,0.0,0.00014736073,0.038432807
6822,0.42280945,0.0,2.4359639,3.187884,0.00011750424,0.0,0.00012232244,0.038433246
6823,11.080016,0.0,0.41898832,3.1878955,0.0027600331,0.0,0.0026092282,0.038433593
6824,0.07097551,0.0,0.4112758,3.1879091,0.00014976751,0.0,0.002182237,0.038433857
6825,1.0106597,0.0,1.2516811,3.1879234,0.00010529148,0.0,0.00022714035,0.038434047
6826,2.0231702,0.0,0.56869566,3.187936,0.00031783496,0.0,0.00014275174,0.038434204
6827,0.68661016,0.0,0.24353477,3.1879473,0.0018777809,0.0,0.0012203923,0.038434308
6828,1.07649,0.0,0.12962627,3.1879587,0.0029468928,0.0,0.00032121665,0.038434498
6829,1.5827204,0.0,4.3405304,3.18797,2.7275677e-05,0.0,0.0025487207,0.038434613
6830,9.149002,0.0,2.7849753,3.1879845,1.9304305e-05,0.0,0.00013052396,0.038434673
6831,0.56631696,0.0,1.444639,3.1879997,8.38361e-06,0.0,0.00034574597,0.038434643
6832,1.7558242,0.0,8.676231,3.18802,0.0012867909,0.0,0.0011754292,0.03843461
6833,5.883429,0.0,0.23989987,3.1880398,3.1448017e-05,0.0,0.00017855284,0.038433354
6834,2.324458,0.0,5.22613,3.1880581,4.000858e-05,0.0,0.0011950494,0.038432207
6835,0.15703124,0.0,0.66391724,3.1880717,9.058493e-05,0.0,0.0030302238,0.038431153
6836,1.0231414,0.0,4.557922,3.188083,2.9099301e-05,0.0,0.0019491493,0.038430568
6837,0.09073854,0.0,11.616438,3.1880922,0.0014358775,0.0,0.003993843,0.038429987
6838,0.029950062,0.0,0.5147398,3.1880982,0.0021995655,0.0,0.00017206359,0.038429383
6839,9.955135,0.0,12.16998,3.188103,0.00010692491,0.0,0.0004331494,0.038428772
6840,7.7169995,0.0,0.58019596,3.1881063,0.0025140678,0.0,0.0001378792,0.03842826
6841,0.24866411,0.0,0.06908196,3.1881135,1.4394354e-05,0.0,0.00031366077,0.038427796
6842,0.123372406,0.0,0.54388696,3.1881201,0.0012901088,0.0,0.00018411741,0.038427312
6843,9.044534,0.0,0.24104522,3.1881258,0.0001675617,0.0,7.821623e-05,0.03842691
6844,9.123362,0.0,10.686432,3.1881318,3.4780856e-05,0.0,8.166011e-05,0.03842651
6845,0.30381468,0.0,0.17278934,3.1881363,7.493409e-05,0.0,0.0018025949,0.038426135
6846,6.983733,0.0,2.3706892,3.18814,0.00086247746,0.0,0.00017871315,0.03842578
6847,2.536247,0.0,5.5797887,3.188141,0.00010881774,0.0,0.00025031398,0.03842543
6848,17.029709,0.0,0.12358107,3.188144,3.9829927e-05,0.0,0.00016304872,0.03842502
6849,1.2545631,0.0,0.12772886,3.188145,0.002252139,0.0,0.00033643204,0.03842459
6850,1.489453,0.0,2.669218,3.1881459,0.0035931873,0.0,0.00015270416,0.03842418
6851,1.9285711,0.0,0.17575149,3.1881468,0.0012315935,0.0,0.004182174,0.038423963
6852,7.869308,0.0,0.027052317,3.1881483,0.000102196944,0.0,0.002666646,0.038423974
6853,0.6650688,0.0,7.14887,3.1881492,0.0020210166,0.0,0.0033677388,0.03842401
6854,1.5269717,0.0,0.30364347,3.1881528,0.00017151979,0.0,0.00092926994,0.03842416
6855,0.99526024,0.0,7.5129967,3.1881564,1.617692e-05,0.0,0.0007138476,0.03842409
6856,6.477266,0.0,7.943778,3.1881576,3.192096e-05,0.0,0.00076268706,0.03842418
6857,15.551287,0.0,0.36413696,3.1881578,5.5821518e-05,0.0,0.00015981932,0.038424257
6858,0.2882979,0.0,0.90804076,3.1881595,0.0003036046,0.0,2.5947666e-05,0.038424224
6859,2.5592916,0.0,0.92214614,3.1881611,0.0015386516,0.0,0.000286408,0.0384241
6860,12.111008,0.0,0.02950422,3.188164,0.00010115422,0.0,0.002170275,0.038424097
6861,1.0167255,0.0,0.020830834,3.1881669,0.000110198926,0.0,3.911143e-05,0.038424045
6862,3.6316738,0.0,1.5936602,3.1881692,0.00014420526,0.0,0.0014594286,0.038423933
6863,0.18122391,0.0,0.060043555,3.1881719,0.001803706,0.0,0.0034212372,0.03842392
6864,3.1979454,0.0,3.0019705,3.1881738,6.0707207e-05,0.0,0.00035269186,0.03842377
6865,0.19784117,0.0,9.715451,3.1881778,0.0001940552,0.0,0.0004423318,0.038423713
6866,0.73632604,0.0,10.395721,3.188181,2.6220187e-05,0.0,0.000336704,0.03842358
6867,2.0987124,0.0,1.6716118,3.1881833,8.3149076e-05,0.0,0.00043406148,0.03842346
6868,5.6743393,0.0,1.6423633,3.1881852,0.0010689095,0.0,0.00012733735,0.038423475
6869,1.8342139,0.0,1.3242129,3.188189,0.000116939176,0.0,0.00031884268,0.03842352
6870,0.8304204,0.0,0.10146951,3.1881933,0.00023475285,0.0,0.0046492703,0.038423657
6871,11.300137,0.0,0.7126979,3.1881976,0.00021490318,0.0,0.003158783,0.038423806
6872,10.443279,0.0,1.0536892,3.1882017,3.2368433e-05,0.0,0.0056212563,0.038423788
6873,0.51066065,0.0,0.02340232,3.1882055,6.0961785e-05,0.0,0.0022246512,0.038423683
6874,0.7582326,0.0,0.578103,3.1882095,0.00016426363,0.0,0.00010133874,0.0384236
6875,0.6164266,0.0,0.08961785,3.1882117,0.00017323339,0.0,6.788332e-05,0.0384235
6876,0.9814531,0.0,12.289123,3.1882148,9.514224e-05,0.0,0.0003983646,0.038423438
6877,0.74836856,0.0,0.24985017,3.1882157,0.00028446445,0.0,0.0050351983,0.038423304
6878,0.8617334,0.0,8.080233,3.1882172,5.7147325e-05,0.0,0.00010330456,0.038423255
6879,16.797132,0.0,0.39029583,3.1882136,1.7015482e-05,0.0,0.0027924113,0.038423162
6880,0.6226335,0.0,0.8625099,3.1882102,5.8248763e-05,0.0,0.002474951,0.03842311
6881,1.4878776,0.0,0.87737435,3.1882079,0.0025671353,0.0,0.00012376285,0.03842286
6882,2.1101136,0.0,3.344817,3.188208,6.57177e-05,0.0,0.0030928678,0.038422704
6883,1.1754856,0.0,1.0243282,3.1882114,0.0001691665,0.0,0.002164693,0.038422722
6884,0.68440187,0.0,1.0105518,3.1882157,1.1109646e-05,0.0,0.00013578571,0.038422644
6885,0.40645817,0.0,2.8592148,3.1882215,5.966451e-05,0.0,0.00040875748,0.038422573
6886,3.4912581,0.0,0.4265369,3.1882331,0.0024879528,0.0,0.0017583476,0.038422864
6887,0.29114103,0.0,0.3535217,3.1882422,4.3410335e-05,0.0,0.0034524123,0.038423214
6888,4.7168927,0.0,0.520429,3.1882513,5.250852e-07,0.0,5.9203107e-05,0.03842348
6889,0.4250563,0.0,8.415016,3.1882622,5.359875e-06,0.0,0.0002973415,0.038423672
6890,1.1353527,0.0,9.78557,3.188273,6.155348e-05,0.0,0.002220057,0.038423646
6891,1.5065154,0.0,0.35046312,3.188278,7.192368e-05,0.0,3.5354715e-05,0.038423497
6892,0.35978985,0.0,0.047079902,3.1882832,9.145591e-06,0.0,7.3507865e-05,0.03842331
6893,11.462598,0.0,4.020123,3.1882875,1.5795942e-05,0.0,0.0017269878,0.03842313
6894,2.4644108,0.0,0.8532306,3.1882882,0.0033072848,0.0,0.00014198732,0.038422894
6895,0.22421874,0.0,9.844447,3.1882896,0.002966639,0.0,3.065036e-05,0.038422707
6896,11.599386,0.0,0.34194472,3.1882868,1.9575258e-05,0.0,0.0006885181,0.038422506
6897,2.8082225,0.0,0.054735772,3.1882854,7.230596e-06,0.0,0.0025254935,0.038422275
6898,0.3460019,0.0,0.14535512,3.1882825,3.670231e-05,0.0,9.154926e-05,0.038422074
6899,0.08905761,0.0,0.040391408,3.1882803,6.4399625e-05,0.0,0.00017725318,0.038421854
6900,2.483127,0.0,0.49287838,3.1882787,4.0000134e-05,0.0,0.000249677,0.038421523
6901,0.6820376,0.0,1.981761,3.188276,3.0026344e-05,0.0,0.00011733691,0.03842081
6902,5.784616,0.0,1.6329304,3.188284,0.0016173685,0.0,0.003227268,0.038420092
6903,0.11207303,0.0,0.0928851,3.1882913,0.00014007524,0.0,6.206394e-05,0.038419433
6904,0.5572881,0.0,4.0906496,3.1882987,1.6346425e-05,0.0,6.12157e-05,0.038418755
6905,0.4183999,0.0,0.08750777,3.1883037,0.003030909,0.0,0.00012484903,0.038418084
6906,8.875866,0.0,0.093954146,3.1883075,0.00264666,0.0,0.0022568828,0.038417403
6907,1.7166731,0.0,7.494862,3.1883106,3.0691306e-05,0.0,0.00013173034,0.03841669
6908,3.6674278,0.0,0.20069398,3.1883056,3.3808734e-05,0.0,0.00019012942,0.038416065
6909,9.31014,0.0,0.3141788,3.1883013,0.00019004819,0.0,1.46354205e-05,0.038415454
6910,0.12270424,0.0,0.22280268,3.1882977,0.00018098539,0.0,0.0003975218,0.038414814
6911,2.9320426,0.0,4.8034773,3.1882951,5.5312987e-05,0.0,0.00025643565,0.038414054
6912,0.13459004,0.0,0.20269889,3.188294,1.147693e-05,0.0,0.00020219001,0.03841327
6913,0.066447504,0.0,7.605316,3.188294,0.00017924138,0.0,0.00012598312,0.038412455
6914,7.263099,0.0,3.8022597,3.1882946,0.0017885569,0.0,0.0051637795,0.03841167
6915,0.10502343,0.0,1.5792216,3.1882963,0.00026628937,0.0,7.177481e-05,0.03841092
6916,1.1077331,0.0,0.18433884,3.188299,0.0006500561,0.0,0.00023919648,0.038410213
6917,6.3213553,0.0,10.435674,3.1883008,7.6850905e-05,0.0,0.0025728322,0.03840953
6918,6.082638,0.0,1.5853748,3.1883035,2.7113603e-05,0.0,0.0020936814,0.038408987
6919,1.5248524,0.0,0.037171196,3.188307,2.0671549e-05,0.0,0.0019002259,0.038408592
6920,2.3430793,0.0,0.057472818,3.1883097,0.0025422901,0.0,0.003141171,0.0384081
6921,0.13231075,0.0,11.412017,3.1883128,0.00041360865,0.0,0.0029254432,0.038407836
6922,3.24633,0.0,0.23336717,3.1883156,2.7707063e-05,0.0,0.00019212846,0.03840953
6923,0.2459433,0.0,1.4689498,3.188318,0.0019116576,0.0,0.003037503,0.038411286
6924,0.29550472,0.0,0.03457889,3.1883202,4.504599e-06,0.0,0.0001144033,0.038413025
6925,1.2231495,0.0,2.5585697,3.1883225,0.0013182564,0.0,0.004037293,0.03841473
6926,0.5243722,0.0,0.08767229,3.1883297,0.0012629578,0.0,0.0002200421,0.038417745
6927,1.0389056,0.0,5.505316,3.1883364,4.7354126e-05,0.0,0.00030168213,0.038420536
6928,3.9338324,0.0,2.4187815,3.1883507,2.4451576e-05,0.0,0.00017381426,0.038423166
6929,0.7867002,0.0,3.262448,3.1883647,1.1122866e-05,0.0,0.00020718854,0.038425695
6930,0.101169825,0.0,0.25012684,3.1883814,8.8809786e-05,0.0,0.003091747,0.038428057
6931,0.82567424,0.0,10.497111,3.188397,0.00010700686,0.0,0.0040159803,0.038430184
6932,0.37898386,0.0,0.17412539,3.18841,1.5757481e-06,0.0,0.003332952,0.03843225
6933,0.1562533,0.0,1.8294855,3.1884222,4.9782207e-05,0.0,0.00041750947,0.03843405
6934,0.1381896,0.0,5.9673996,3.1884353,0.000107259584,0.0,7.485101e-05,0.0384359
6935,0.3344476,0.0,10.038304,3.188444,0.00033836067,0.0,0.00034510472,0.03843749
6936,4.1841116,0.0,7.410444,3.1884534,0.0041014543,0.0,0.00031048394,0.03843895
6937,0.16343603,0.0,3.1448643,3.1884646,6.8679387e-06,0.0,0.003524851,0.03844032
6938,1.6070852,0.0,0.039091747,3.1884785,8.458024e-05,0.0,0.0009297548,0.03844264
6939,1.0984962,0.0,0.7673458,3.1884909,4.1149626e-05,0.0,3.7238962e-05,0.038444676
6940,0.19033474,0.0,0.07300069,3.1885066,4.644263e-05,0.0,4.6790417e-05,0.038446464
6941,2.2207649,0.0,0.023793584,3.1885207,0.0037310326,0.0,0.00080944924,0.038448032
6942,0.44890323,0.0,6.7874613,3.1885335,4.099068e-05,0.0,0.0009484826,0.03844949
6943,1.9601623,0.0,1.7657306,3.1885457,0.00018579252,0.0,0.00021273756,0.038450748
6944,3.7509391,0.0,1.6084094,3.188557,5.901496e-05,0.0,0.00013678151,0.038451828
6945,7.4680233,0.0,0.07088442,3.1885684,0.000100116726,0.0,0.0003805779,0.03845281
6946,10.253632,0.0,6.363973,3.1885784,7.9555444e-05,0.0,0.005811682,0.038453672
6947,0.33198816,0.0,2.133342,3.1885903,0.0005602504,0.0,0.0016516704,0.03845453
6948,0.16476034,0.0,0.97318095,3.1886039,0.0016508363,0.0,0.0030967845,0.038455285
6949,6.025961,0.0,0.92716575,3.1886163,0.00017200108,0.0,0.0027484288,0.03845591
6950,2.214686,0.0,7.6393366,3.1886272,7.663869e-05,0.0,7.86069e-05,0.038456384
6951,3.5072937,0.0,1.9268179,3.188642,4.218995e-05,0.0,4.977957e-05,0.038456757
6952,7.2646065,0.0,0.50151175,3.188657,1.7051749e-05,0.0,5.5135926e-05,0.038457002
6953,12.591982,0.0,7.0940304,3.18867,3.7132654e-06,0.0,0.00039770163,0.038457192
6954,0.14082569,0.0,0.41903418,3.188674,5.2579526e-07,0.0,0.0006666224,0.038457405
6955,8.942047,0.0,8.538261,3.1886775,9.7341335e-06,0.0,0.0060583735,0.03845751
6956,23.535446,0.0,0.6961202,3.1886816,0.00015546125,0.0,0.00016467841,0.038458
6957,1.1969811,0.0,0.12385889,3.1886847,0.00010228954,0.0,0.00049043854,0.038458377
6958,14.251577,0.0,0.084504016,3.1886883,5.757941e-05,0.0,0.00019345758,0.03845879
6959,2.2034647,0.0,0.085303895,3.1886904,1.0570305e-05,0.0,0.00023233505,0.038458932
6960,3.4377265,0.0,0.038167793,3.1886928,2.3329838e-05,0.0,0.0007481254,0.038459025
6961,2.5698402,0.0,3.2811942,3.1886954,0.00019302526,0.0,0.0068510976,0.038459137
6962,4.4023304,0.0,0.05968701,3.1886976,0.0026693111,0.0,0.0002020033,0.03845901
6963,0.57025963,0.0,0.25375652,3.1886997,2.9222134e-05,0.0,0.00019107618,0.038458817
6964,1.177614,0.0,4.182561,3.1887023,7.643074e-05,0.0,0.00051564525,0.038458668
6965,14.20166,0.0,0.022489076,3.1887043,8.451335e-05,0.0,0.00010974685,0.038458306
6966,1.4692134,0.0,0.03197462,3.1887062,3.5074274e-05,0.0,0.00013442207,0.0384579
6967,1.3096107,0.0,0.14438331,3.1887078,1.7086062e-05,0.0,0.003218177,0.038457416
6968,5.479833,0.0,0.2694799,3.188709,4.2661522e-05,0.0,0.0032345974,0.038457263
6969,0.1876408,0.0,0.07134248,3.1887116,8.0321304e-05,0.0,0.002950324,0.03845716
6970,0.5407837,0.0,0.29550123,3.188714,6.544974e-05,0.0,0.0031363196,0.038457002
6971,0.37476042,0.0,0.6971201,3.1887174,6.725275e-05,0.0,0.0018374613,0.038456887
6972,0.42595968,0.0,0.37207916,3.188723,0.0018185774,0.0,8.856656e-05,0.03845668
6973,0.82537526,0.0,1.4249129,3.188726,2.9717871e-06,0.0,0.0031856613,0.03845643
6974,4.0664353,0.0,1.6708862,3.1887276,4.8736416e-05,0.0,0.00031969315,0.0384561
6975,4.3583856,0.0,1.4403986,3.188728,8.098562e-07,0.0,0.0006235731,0.03845584
6976,3.64859,0.0,13.101552,3.18873,0.0022120788,0.0,0.0008910243,0.038455777
6977,1.9249648,0.0,2.820203,3.188724,9.668546e-05,0.0,0.00014159261,0.038456105
6978,0.3331922,0.0,0.43418548,3.1887176,2.7275739e-05,0.0,0.000105801664,0.03845631
6979,3.487017,0.0,0.8905797,3.1887088,3.747779e-05,0.0,0.00047836808,0.038456526
6980,0.09934825,0.0,0.06319809,3.188703,2.4916297e-05,0.0,0.00035955137,0.03845662
6981,0.20819168,0.0,0.5166269,3.1886976,2.9302277e-05,0.0,0.00011872374,0.038456872
6982,0.20078902,0.0,11.959435,3.1886938,4.090337e-06,0.0,0.00018146943,0.038457066
6983,10.784036,0.0,0.9141874,3.1886895,0.00028020816,0.0,0.0013494965,0.038457274
6984,8.226202,0.0,0.041725893,3.188685,2.41632e-05,0.0,0.0005674517,0.038457483
6985,0.33291712,0.0,1.3739144,3.1886804,2.146738e-06,0.0,0.0009289057,0.038457625
6986,21.19697,0.0,0.77729815,3.1886764,4.868097e-05,0.0,0.000170689,0.03845818
6987,9.288579,0.0,0.68572044,3.1886728,5.9229875e-05,0.0,0.00018564134,0.038458705
6988,0.4701416,0.0,0.1401999,3.1886704,2.5254876e-05,0.0,0.00018179949,0.038459145
6989,0.22014368,0.0,0.84967804,3.188669,3.347562e-05,0.0,0.00020027313,0.03845954
6990,2.1991224,0.0,0.7669904,3.1886709,1.9343155e-05,0.0,0.00010964993,0.038459763
6991,4.0369782,0.0,1.2135848,3.188671,2.4586207e-05,0.0,0.00016357232,0.038459893
6992,5.1957893,0.0,0.040290397,3.1886673,5.3651784e-05,0.0,0.003270625,0.038459983
6993,2.7023726,0.0,0.016498167,3.1886644,0.0017374749,0.0,9.8678625e-05,0.03846014
6994,0.6285977,0.0,0.08129759,3.1886613,2.513911e-05,0.0,9.1902475e-05,0.03846021
6995,0.40100798,0.0,0.118034884,3.188659,8.0046164e-05,0.0,0.0002364569,0.038460154
6996,1.0468403,0.0,0.07248366,3.1886559,0.00018635641,0.0,0.003057354,0.038460176
6997,0.73207664,0.0,0.10303308,3.1886547,0.002158644,0.0,0.0005331781,0.038460642
6998,12.958099,0.0,0.10455383,3.1886523,3.326562e-05,0.0,0.00030382877,0.038461003
6999,1.260435,0.0,5.234102,3.1886506,0.0014423083,0.0,0.0034319926,0.038461484
7000,0.6350274,0.0,1.7802906,3.1886876,2.0515014e-05,0.0,0.00038783206,0.038461894
7001,0.37004393,0.0,0.7792719,3.1887236,1.8294986e-05,0.0,0.00019461117,0.03846229
7002,1.6198469,0.0,0.05770378,3.188757,0.0002453585,0.0,8.7856475e-05,0.03846262
7003,3.8166378,0.0,0.8657213,3.188787,1.783089e-05,0.0,0.00096841325,0.038462766
7004,4.52416,0.0,0.415128,3.188817,2.7461836e-05,0.0,0.0016708706,0.038462814
7005,4.260902,0.0,0.74687463,3.188845,5.6580433e-05,0.0,0.00029686524,0.0384628
7006,10.931035,0.0,10.004956,3.1888702,1.9335017e-05,0.0,0.00035271962,0.03846254
7007,0.54012907,0.0,0.2926217,3.1888885,8.401498e-06,0.0,0.00013482395,0.03846233
7008,11.725184,0.0,0.046758242,3.1889043,0.0020060458,0.0,0.0010322448,0.03846207
7009,1.7697666,0.0,0.53233826,3.1889188,2.8767958e-05,0.0,0.00089993776,0.038461447
7010,4.75267,0.0,9.332874,3.188932,0.00010878904,0.0,0.0011763969,0.03846085
7011,0.28426084,0.0,0.13015151,3.1889439,0.0035178396,0.0,0.00022078792,0.03846035
7012,1.97769,0.0,8.10366,3.188954,2.1119391e-05,0.0,0.0005969404,0.038459882
7013,0.26972854,0.0,0.5373571,3.1889656,1.6165262e-05,0.0,5.659702e-05,0.038459368
7014,0.3144473,0.0,0.13460456,3.1889775,0.00013890813,0.0,0.00070574513,0.038458824
7015,0.26400524,0.0,3.12767,3.188989,4.7824033e-05,0.0,0.00016572143,0.038458064
7016,1.2077118,0.0,0.16320148,3.1890008,0.0020526475,0.0,0.00013995312,0.038457386
7017,0.20519929,0.0,0.052218806,3.1890118,3.8746773e-05,0.0,0.001375897,0.03845669
7018,0.4356087,0.0,0.13473782,3.1890213,7.127074e-05,0.0,0.0017708129,0.038456548
7019,1.8280561,0.0,6.471228,3.1890304,6.291532e-05,0.0,0.002942061,0.038456514
7020,8.921832,0.0,0.04515602,3.189044,8.9675945e-05,0.0,0.0004324306,0.038456317
7021,0.16818099,0.0,4.7274084,3.1890564,9.044897e-06,0.0,0.00017077089,0.038455967
7022,0.5825255,0.0,0.38062176,3.1890664,2.5929035e-05,0.0,7.110974e-05,0.038456164
7023,0.8039085,0.0,13.468728,3.1890745,0.00019460714,0.0,0.0026848179,0.038456354
7024,0.040496916,0.0,13.860243,3.1890805,0.0030669298,0.0,0.0002391795,0.038456537
7025,0.032873977,0.0,0.049028624,3.1890845,3.288804e-05,0.0,0.0020592574,0.03845678
7026,9.8118305,0.0,0.044866726,3.189088,1.0979294e-05,0.0,0.00018090641,0.038456965
7027,2.061099,0.0,0.6870076,3.1890914,0.0030244633,0.0,5.5295222e-05,0.038457084
7028,2.1149127,0.0,0.18839711,3.1890943,2.977601e-05,0.0,4.927162e-05,0.038457133
7029,0.4114312,0.0,14.089335,3.1890974,7.1992086e-05,0.0,0.0001732193,0.038457118
7030,0.030225608,0.0,2.5006354,3.189096,7.072507e-05,0.0,0.00015855095,0.038457043
7031,0.08143274,0.0,0.29560652,3.1890943,6.37018e-05,0.0,0.00028447068,0.0384569
7032,0.14993402,0.0,0.92105424,3.1890924,0.00022157237,0.0,0.00010436161,0.038456842
7033,0.032233674,0.0,1.2377012,3.1890876,0.0012764711,0.0,9.755757e-05,0.038456667
7034,14.079561,0.0,2.8606791,3.1890857,0.00019754791,0.0,0.00038678004,0.038456503
7035,0.4246294,0.0,0.020365303,3.1890848,5.4212138e-05,0.0,0.00042287388,0.038456336
7036,0.54071164,0.0,0.07618314,3.1890838,5.497158e-05,0.0,0.0010955969,0.03845613
7037,3.4248905,0.0,0.6058317,3.1890833,0.00346877,0.0,0.00034710142,0.038455624
7038,0.25225636,0.0,0.639879,3.1890829,0.002031209,0.0,0.00010394128,0.03845511
7039,0.20215015,0.0,1.8090949,3.189084,1.2116027e-06,0.0,0.0032352298,0.038454626
7040,0.03170557,0.0,11.017857,3.1890836,4.245141e-05,0.0,0.00010170103,0.03845422
7041,4.808301,0.0,0.6972144,3.1890833,0.0013011944,0.0,0.00022619354,0.038453806
7042,0.12935813,0.0,0.72360355,3.189085,0.0027734935,0.0,0.00044235052,0.03845332
7043,0.20806888,0.0,0.23869371,3.1890855,0.001121931,0.0,0.0006307656,0.038452886
7044,0.04195863,0.0,0.67515486,3.1890879,7.715771e-05,0.0,0.0002028622,0.038452525
7045,0.18302274,0.0,0.1799905,3.1890912,0.00065705786,0.0,0.0026763282,0.03845216
7046,4.394724,0.0,1.1860181,3.189095,2.444156e-05,0.0,0.00012645274,0.038451843
7047,2.5956123,0.0,0.37898988,3.1891,0.00012827372,0.0,0.0054077087,0.03845153
7048,1.0773315,0.0,3.9576528,3.1891046,7.029533e-05,0.0,0.00045346888,0.038451247
7049,0.1834157,0.0,0.23884293,3.18911,0.0005098402,0.0,3.3800097e-05,0.038450982
7050,5.6352477,0.0,2.6470885,3.1891153,8.8871646e-05,0.0,0.0021599513,0.03845075
7051,0.22292706,0.0,0.23610751,3.1891222,0.0006605753,0.0,0.00030596415,0.038450535
7052,5.837992,0.0,1.5737666,3.189128,1.44048545e-05,0.0,7.354056e-05,0.038450345
7053,7.8360453,0.0,6.4476147,3.1891341,8.0556136e-05,0.0,0.0005325281,0.03845013
7054,3.5397482,0.0,0.15133867,3.1891367,9.401894e-05,0.0,0.0014785891,0.03844993
7055,0.28080192,0.0,0.04373555,3.1891387,8.48991e-05,0.0,0.00050888234,0.038449906
7056,0.049603187,0.0,0.111334026,3.1891408,1.3022313e-05,0.0,0.003174619,0.038449887
7057,0.54275846,0.0,1.926548,3.1891427,0.0010721253,0.0,0.002030083,0.03844991
7058,7.5469985,0.0,1.4430546,3.1891458,0.0015984835,0.0,0.003319948,0.038449954
7059,0.6669132,0.0,10.28663,3.1891499,5.4488293e-05,0.0,0.00014528105,0.03845062
7060,0.25305194,0.0,1.1162287,3.1891448,2.205362e-05,0.0,0.00023182515,0.038451146
7061,12.107079,0.0,0.27453282,3.1891382,0.002051708,0.0,5.3783602e-05,0.03845178
7062,1.2676375,0.0,0.09577672,3.1891325,0.0001429662,0.0,0.00013832895,0.038452324
7063,0.30602702,0.0,1.2111282,3.189128,0.0019415045,0.0,0.0011911946,0.03845285
7064,16.299074,0.0,0.09201142,3.189124,5.8084294e-07,0.0,0.0003482816,0.038453244
7065,0.1396324,0.0,0.8579776,3.1891193,0.0049815597,0.0,0.0009817377,0.03845336
7066,0.1133989,0.0,0.489407,3.1891181,4.264284e-05,0.0,0.0014933462,0.03845342
7067,3.498631,0.0,0.5561099,3.1891155,0.0015576369,0.0,0.0024714952,0.03845426
7068,0.20321354,0.0,1.5262562,3.1891139,6.758629e-05,0.0,9.497427e-05,0.038455077
7069,0.90982544,0.0,0.020506019,3.189112,0.0010159784,0.0,0.0027337195,0.03845584
7070,7.3436227,0.0,0.14434512,3.1891103,0.00267748,0.0,8.3927516e-05,0.038456716
7071,0.52186185,0.0,12.694409,3.1891086,0.0002503971,0.0,0.0012066328,0.038457483
7072,4.634919,0.0,0.67430407,3.189105,0.00020078791,0.0,6.777367e-05,0.03845785
7073,3.220732,0.0,0.0743936,3.1891022,0.0019738066,0.0,0.0006704951,0.03845807
7074,0.7038896,0.0,0.3126066,3.1890996,0.0009881898,0.0,9.422644e-05,0.038458347
7075,0.19515017,0.0,0.24107827,3.189097,0.0025290614,0.0,0.00020069994,0.03845857
7076,0.39708373,0.0,9.603452,3.1890948,0.0020508764,0.0,9.108528e-05,0.038458828
7077,0.589736,0.0,0.34933746,3.1890883,1.2454113e-05,0.0,0.00011164738,0.038459014
7078,0.2327948,0.0,0.029609166,3.189084,0.00033241318,0.0,0.00013537414,0.038459156
7079,0.7753582,0.0,1.3795705,3.1890805,0.0018170453,0.0,2.258458e-05,0.038459186
7080,0.56152743,0.0,0.14765528,3.1890767,0.0013986501,0.0,0.00025033712,0.03845915
7081,5.14386,0.0,0.026163092,3.189073,0.002013281,0.0,0.0031785823,0.038459085
7082,0.4006125,0.0,0.14510794,3.1890707,2.6492775e-05,0.0,0.00014354663,0.03845901
7083,3.1455047,0.0,3.7144508,3.189068,1.9600095e-06,0.0,0.000655335,0.038458873
7084,0.4832716,0.0,4.8804884,3.189065,0.0003571973,0.0,0.00031983084,0.038458675
7085,0.051931962,0.0,0.07464562,3.1890633,0.00065264764,0.0,0.0024715122,0.038458493
7086,0.15849097,0.0,0.59613657,3.189062,0.00028215477,0.0,0.003196954,0.038458202
7087,0.182982,0.0,2.9975142,3.1890616,0.00019479115,0.0,0.0002088396,0.03845787
7088,0.17896752,0.0,0.97027063,3.189063,0.00014124892,0.0,0.00010660193,0.03845758
7089,0.124679744,0.0,13.73566,3.1890652,0.00030912983,0.0,0.0002868416,0.038457222
7090,0.36971936,0.0,0.038625054,3.1890655,0.00019986278,0.0,0.00012462123,0.03845706
7091,10.717947,0.0,0.25356165,3.189066,0.0022847566,0.0,0.00030253024,0.03845685
7092,0.05664739,0.0,9.667574,3.1890662,6.4377455e-05,0.0,0.00055264094,0.03845669
7093,5.6086426,0.0,0.1324146,3.189062,7.009633e-05,0.0,0.00024998805,0.038456563
7094,1.9750557,0.0,0.30289063,3.1890583,0.00029782153,0.0,8.44067e-05,0.03845637
7095,2.2697248,0.0,15.102753,3.1890545,1.6424237e-05,0.0,0.00033896102,0.038456112
7096,0.28236386,0.0,0.09485568,3.1890404,0.0002239166,0.0,0.00025848066,0.038455904
7097,10.7185335,0.0,1.7362919,3.1890268,2.3527362e-05,0.0,0.0039190287,0.038455743
7098,1.0085413,0.0,1.0032107,3.189022,3.0530126e-05,0.0,0.00018071354,0.03845546
7099,7.9819393,0.0,1.1210009,3.1890192,1.0879126e-05,0.0,0.000569262,0.038455177
7100,0.063685246,0.0,4.8134847,3.1890137,0.0006617206,0.0,6.158951e-05,0.0384553
7101,0.88256025,0.0,0.073748745,3.1890075,0.00012748376,0.0,0.0015988315,0.03845542
7102,0.40032348,0.0,0.20853925,3.1890028,0.00010937427,0.0,0.0003771271,0.03845549
7103,0.13675144,0.0,0.23642753,3.1889987,4.4090404e-05,0.0,0.000786517,0.03845561
7104,0.36062828,0.0,0.01754776,3.1889954,9.732779e-05,0.0,0.0029641115,0.03845551
7105,0.2439815,0.0,0.15507962,3.1889918,2.6764743e-05,0.0,0.00035541225,0.038455456
7106,0.97191536,0.0,11.831267,3.1889884,0.0004033733,0.0,0.00020024099,0.038455434
7107,0.2984251,0.0,0.53842884,3.1889837,3.735519e-05,0.0,0.00034503665,0.03845537
7108,7.4883323,0.0,0.15583816,3.188979,0.0019042987,0.0,4.5190423e-05,0.038455173
7109,0.33658847,0.0,0.7203639,3.1889741,0.00047192475,0.0,8.1624334e-05,0.038454957
7110,2.7728653,0.0,0.1448369,3.1889708,0.0056977305,0.0,8.0336584e-05,0.03845475
7111,0.35809958,0.0,3.344712,3.1889682,7.5071507e-06,0.0,0.0001378975,0.03845455
7112,1.6642855,0.0,1.5971637,3.1889675,0.00010183049,0.0,0.0014502974,0.038454313
7113,0.16481198,0.0,0.5343481,3.1889675,2.664487e-05,0.0,0.005509704,0.03845341
7114,3.0594661,0.0,0.5662087,3.1889727,3.6890294e-06,0.0,8.8402325e-05,0.03845314
7115,0.21858548,0.0,0.13974875,3.1889796,0.0013567015,0.0,0.0034002657,0.038452897
7116,0.086747214,0.0,0.65602857,3.1889865,6.2862223e-06,0.0,0.00013099179,0.03845256
7117,0.08796966,0.0,0.41227898,3.1889994,2.7250839e-05,0.0,0.00034189646,0.038452182
7118,0.09461936,0.0,9.283077,3.1890132,9.682667e-06,0.0,0.003351349,0.038451854
7119,4.238061,0.0,0.6393274,3.1890285,6.5471446e-05,0.0,0.00043438844,0.038451582
7120,0.17817509,0.0,13.582983,3.1890428,2.5933303e-05,0.0,4.9847135e-05,0.038451698
7121,0.09554183,0.0,0.77527726,3.1890543,7.330153e-05,0.0,0.00032012604,0.038451742
7122,1.5944331,0.0,4.3043337,3.189066,1.1756958e-05,0.0,0.00027415025,0.038451746
7123,0.22032446,0.0,0.096348226,3.189077,1.7685092e-05,0.0,0.00023741461,0.038451787
7124,8.401441,0.0,6.7807183,3.1890867,4.109933e-06,0.0,0.0051108627,0.038451742
7125,1.8415493,0.0,0.03907288,3.189096,4.191756e-06,0.0,0.00047891593,0.03845166
7126,0.725602,0.0,2.7609735,3.1891038,0.00079780887,0.0,0.00012202706,0.038451638
7127,9.076143,0.0,0.0141943805,3.1891098,0.0031046427,0.0,0.0001438163,0.038451787
7128,13.304283,0.0,1.233481,3.189115,0.00016786008,0.0,0.00042469468,0.038451847
7129,0.35643408,0.0,0.10873801,3.1891215,0.001387083,0.0,0.00076384185,0.03845183
7130,0.32739672,0.0,0.025104424,3.1891282,0.0008381545,0.0,0.0011408146,0.038451623
7131,2.4638855,0.0,0.044697873,3.189134,0.0031113508,0.0,0.00014787544,0.038451374
7132,1.816048,0.0,1.6423271,3.1891391,1.6491316e-05,0.0,0.00024916176,0.038451176
7133,0.97491014,0.0,4.0950794,3.1891475,3.0534276e-05,0.0,8.62629e-05,0.038451176
7134,1.306441,0.0,0.20481698,3.1891553,3.238091e-05,0.0,0.00017453692,0.03845117
7135,12.13168,0.0,7.010519,3.1891627,2.4098352e-05,0.0,6.018329e-05,0.03845111
7136,0.16405419,0.0,0.25361553,3.1891727,1.7192045e-06,0.0,0.000117063806,0.038450975
7137,1.0310626,0.0,1.8754992,3.1891823,5.9951894e-06,0.0,0.00038722507,0.038450915
7138,5.1771817,0.0,2.698423,3.1891932,1.665692e-05,0.0,0.00015612382,0.03845079
7139,0.14986533,0.0,0.040870696,3.1892028,2.6055648e-05,0.0,0.0003590508,0.038450487
7140,1.3032672,0.0,0.8254193,3.1892111,1.034903e-05,0.0,0.00018691538,0.038450073
7141,0.06810204,0.0,4.775428,3.1892219,5.128941e-05,0.0,5.1788542e-05,0.038449656
7142,0.3613399,0.0,0.27688718,3.1892304,3.7039354e-05,0.0,0.00017221621,0.038449228
7143,1.0692536,0.0,10.913522,3.1892393,0.00069940387,0.0,4.192828e-05,0.03844878
7144,16.599052,0.0,1.1257045,3.189248,0.0020486733,0.0,0.00024393959,0.038448296
7145,0.67024565,0.0,1.0877056,3.1892564,9.8639335e-05,0.0,0.00023965415,0.0384479
7146,0.113169834,0.0,0.07120019,3.189266,0.0023132449,0.0,0.003567406,0.038447462
7147,0.81155753,0.0,0.8248078,3.1892753,0.00012419587,0.0,0.001234976,0.038447015
7148,5.2107844,0.0,0.43657804,3.1892855,0.00029763108,0.0,8.715107e-05,0.038446482
7149,0.4665032,0.0,0.16814363,3.1892953,8.891205e-06,0.0,0.00034789782,0.038445923
7150,1.8576037,0.0,0.24555044,3.1893039,1.7744644e-05,0.0,7.145805e-05,0.038445324
7151,0.41427717,0.0,0.23480213,3.189313,0.0026992657,0.0,0.00013479043,0.038444698
7152,0.070999146,0.0,4.689181,3.189321,4.7400623e-05,0.0,0.00016752233,0.038444083
7153,16.787363,0.0,13.544668,3.1893346,0.00012179039,0.0,0.00028085383,0.038443528
7154,1.6256183,0.0,8.634923,3.1893382,4.3101325e-05,0.0,5.0075025e-05,0.03844296
7155,11.2478075,0.0,0.63518983,3.189343,1.2935376e-05,0.0,0.0021107304,0.038442362
7156,0.7532909,0.0,0.15278459,3.189346,1.0681928e-05,0.0,0.0034260743,0.038441584
7157,0.19988084,0.0,0.3609445,3.1893492,5.013169e-05,0.0,0.00016092297,0.038440637
7158,2.0884988,0.0,1.0498803,3.1893535,5.7818495e-05,0.0,0.0021190322,0.03843975
7159,0.84268665,0.0,2.9324753,3.1893575,0.0014130054,0.0,0.0025512318,0.03843889
7160,1.0553668,0.0,0.2653597,3.1893616,3.5209443e-05,0.0,0.00027152276,0.03843811
7161,3.8266456,0.0,6.2052546,3.189368,5.198143e-05,0.0,7.905328e-05,0.038438454
7162,7.609359,0.0,0.33407882,3.1893795,0.0019392299,0.0,0.00016553876,0.038438756
7163,2.6633976,0.0,0.08616711,3.1893904,0.003161126,0.0,3.7342856e-05,0.038438972
7164,2.2556472,0.0,3.6325755,3.1894007,0.00011639252,0.0,0.00019551537,0.038439132
7165,1.7916387,0.0,1.9009932,3.1894128,0.00330335,0.0,0.00017780403,0.038439278
7166,1.1430466,0.0,2.4352446,3.1894233,0.00010084974,0.0,0.00025535867,0.038439587
7167,2.4907541,0.0,0.08554139,3.1894274,0.0010375676,0.0,0.0031112914,0.038439725
7168,0.61960804,0.0,3.9913893,3.1894312,3.9385803e-05,0.0,0.0029648996,0.038439862
7169,3.1300168,0.0,0.44144648,3.189437,4.2245818e-05,0.0,0.000110649984,0.038439862
7170,10.118252,0.0,3.7812543,3.189443,6.9918406e-06,0.0,0.00048708188,0.03843997
7171,4.734413,0.0,9.602033,3.1894476,0.00013308202,0.0,0.0012405596,0.0384401
7172,7.2698555,0.0,0.07831317,3.1894495,0.0007160582,0.0,0.0025882535,0.038440164
7173,0.27096415,0.0,0.070264235,3.1894512,0.0001392124,0.0,0.0031979901,0.03844016
7174,0.35499156,0.0,4.7468667,3.1894522,0.00018628342,0.0,0.00023695847,0.038440246
7175,0.3582964,0.0,0.1875261,3.1894538,0.00015626513,0.0,0.00021548182,0.038440246
7176,0.15317711,0.0,1.7132227,3.1894548,2.541835e-05,0.0,0.00028651822,0.038440242
7177,0.1771836,0.0,0.12768915,3.189457,0.0010214171,0.0,0.00029037776,0.038440257
7178,0.47291717,0.0,0.093582556,3.1894603,5.9316695e-05,0.0,0.0006986408,0.03844028
7179,0.7688816,0.0,4.260604,3.189462,0.0049959724,0.0,0.00015146298,0.038440526
7180,1.2809016,0.0,0.19241942,3.1894617,4.01e-05,0.0,0.00010459866,0.03844065
7181,8.9493,0.0,12.8871975,3.1894608,0.0031071824,0.0,0.00029226585,0.038440667
7182,0.43108472,0.0,0.048078984,3.1894593,7.074593e-05,0.0,0.0031272757,0.038440675
7183,0.61361027,0.0,5.6577516,3.1894574,8.695921e-06,0.0,0.00029647956,0.038440637
7184,2.2605755,0.0,0.06833301,3.1894562,0.0005910188,0.0,0.002387864,0.03844057
7185,0.14362055,0.0,0.080305696,3.1894553,1.097876e-05,0.0,0.00018724495,0.038440436
7186,0.66449904,0.0,0.0656864,3.1894538,9.073578e-06,0.0,0.00014179065,0.03844015
7187,0.21802346,0.0,0.028836241,3.1894526,9.990996e-05,0.0,0.00037351457,0.038439818
7188,14.201888,0.0,0.058601793,3.1894517,3.221551e-05,0.0,6.7829475e-05,0.0384396
7189,1.3815752,0.0,0.07780635,3.1894503,5.5059587e-05,0.0,5.2246956e-05,0.038439363
7190,0.46819624,0.0,1.2007872,3.1894498,1.858191e-05,0.0,0.00012019664,0.038439073
7191,1.149788,0.0,0.02210001,3.1894512,3.2351425e-05,0.0,0.0020389867,0.03843875
7192,0.2149579,0.0,0.091629334,3.1894522,1.2303861e-05,0.0,0.0005476002,0.038438216
7193,0.69164324,0.0,4.91658,3.1894534,0.00042920606,0.0,3.439797e-05,0.038438056
7194,4.256308,0.0,0.018302321,3.18945,1.8078139e-05,0.0,0.0032853922,0.03843783
7195,0.82992417,0.0,10.530372,3.189447,3.2502106e-05,0.0,9.766047e-05,0.038437493
7196,0.25722834,0.0,0.119508386,3.1894429,0.003916636,0.0,8.586499e-05,0.038437113
7197,4.2859344,0.0,1.4551562,3.1894383,3.0828458e-05,0.0,0.00029535027,0.038436744
7198,0.09554395,0.0,0.051944893,3.1894374,1.2872479e-05,0.0,4.7314777e-05,0.0384366
7199,0.6764929,0.0,0.8763364,3.1894374,1.3054579e-05,0.0,0.0035143658,0.0384364
7200,5.355868,0.0,0.06807049,3.1894405,0.0055583757,0.0,8.274584e-05,0.038436558
7201,24.767979,0.0,1.2043629,3.1894438,3.1796853e-06,0.0,0.00092643383,0.038436618
7202,0.34754804,0.0,0.12180671,3.1894464,1.6352713e-05,0.0,0.0001511586,0.038436297
7203,0.4925721,0.0,3.5448146,3.189449,4.544901e-05,0.0,0.0004642285,0.038436007
7204,0.73229045,0.0,2.2023199,3.1894505,9.423659e-06,0.0,0.0022897623,0.038435772
7205,7.5428762,0.0,1.3851678,3.1894574,2.4796282e-05,0.0,0.0028390524,0.038436167
7206,0.28625622,0.0,5.697791,3.189466,8.353431e-05,0.0,0.00013860376,0.03843668
7207,0.36466843,0.0,13.407552,3.189472,0.00028055575,0.0,0.0013450135,0.038437158
7208,0.6435321,0.0,0.05141071,3.1894758,0.0001827239,0.0,0.00061889464,0.038437676
7209,5.0910974,0.0,9.256787,3.1894789,4.7507645e-05,0.0,2.068589e-05,0.038438067
7210,11.257582,0.0,1.7834055,3.1894765,0.0031380006,0.0,0.00043249014,0.038438365
7211,5.2483563,0.0,2.2774441,3.189475,4.8720314e-05,0.0,0.00067422836,0.038438536
7212,0.12559023,0.0,0.057125743,3.1894734,0.00013020146,0.0,0.00015195299,0.038438644
7213,5.5058866,0.0,1.2374935,3.1894717,0.00036934434,0.0,0.0035155097,0.038438693
7214,1.1627411,0.0,0.10926034,3.1894717,0.00046053683,0.0,9.789893e-05,0.038438737
7215,0.21149138,0.0,0.026804583,3.189465,4.9434602e-05,0.0,0.0002843261,0.038438693
7216,1.00316,0.0,3.8877287,3.189459,0.00050720223,0.0,0.0001750213,0.03843871
7217,0.9651259,0.0,0.284489,3.1894555,3.536943e-05,0.0,0.0027826366,0.03843866
7218,0.9822164,0.0,1.6837308,3.1894526,4.2517902e-05,0.0,0.005049505,0.038438674
7219,2.9366264,0.0,0.20616801,3.1894553,0.00018929492,0.0,4.905573e-05,0.03843868
7220,0.6621423,0.0,6.0862303,3.189459,0.0003787838,0.0,0.004930508,0.038438626
7221,1.2940865,0.0,6.3722453,3.189462,0.005558686,0.0,2.0728961e-05,0.038439192
7222,3.7734306,0.0,1.0866534,3.189461,0.00053011865,0.0,0.0031341112,0.038439635
7223,1.2053425,0.0,0.081175394,3.1894624,6.0642844e-05,0.0,0.002378242,0.038440116
7224,0.9947397,0.0,0.62801313,3.1894648,2.707227e-05,0.0,0.003069938,0.038440365
7225,2.1325145,0.0,8.696367,3.1894653,9.861154e-05,0.0,0.00016452432,0.03844079
7226,0.6977412,0.0,0.66012037,3.1894636,0.0036141307,0.0,0.00011037835,0.03844119
7227,0.24909648,0.0,3.0778236,3.1894631,0.00031011514,0.0,0.00041430295,0.038441468
7228,4.0353875,0.0,6.256091,3.189465,2.437934e-05,0.0,0.00079304294,0.038441792
7229,0.10407015,0.0,1.5335522,3.1894639,4.0315557e-05,0.0,0.00020048732,0.038442094
7230,0.65915734,0.0,0.5198401,3.1894622,4.3843473e-05,0.0,0.00029607376,0.038442284
7231,1.9559295,0.0,0.054234594,3.1894612,0.0001910204,0.0,0.0053641004,0.03844232
7232,0.7825954,0.0,2.18876,3.1894596,0.0004515432,0.0,0.0026709803,0.038442366
7233,0.36903253,0.0,0.63482046,3.1894586,3.7756992e-05,0.0,9.1832946e-05,0.03844242
7234,7.0517774,0.0,0.027106326,3.1894572,0.0006816026,0.0,0.000105600084,0.03844241
7235,0.04903069,0.0,0.10686073,3.1894555,0.0012989459,0.0,0.00062098244,0.038442366
7236,0.089911535,0.0,3.3132236,3.1894538,0.0026994487,0.0,0.0023010024,0.03844248
7237,0.13197832,0.0,0.65903825,3.1894515,3.5270782e-06,0.0,0.0022028082,0.038441937
7238,0.06115032,0.0,0.2991613,3.1894467,0.00015486641,0.0,0.00016083369,0.038441487
7239,1.2543635,0.0,0.5768803,3.1894429,0.0020639196,0.0,0.00011558878,0.038441002
7240,1.1516138,0.0,6.9559994,3.189441,8.082199e-05,0.0,0.0006033241,0.038440607
7241,0.5784774,0.0,0.6002645,3.1894386,0.00017877626,0.0,0.0004903595,0.038440254
7242,0.7312416,0.0,4.823901,3.1894388,9.624438e-05,0.0,3.599213e-05,0.03844003
7243,6.7697005,0.0,2.700983,3.1894386,0.0009108787,0.0,9.256393e-05,0.03843979
7244,0.40465724,0.0,0.5480952,3.18944,0.00020151219,0.0,0.0032625257,0.038439535
7245,0.30692533,0.0,2.0607932,3.189442,2.0846535e-05,0.0,0.00018223369,0.038439423
7246,8.601705,0.0,0.41110876,3.1894457,2.7069573e-05,0.0,0.0020466927,0.03843938
7247,1.6621132,0.0,10.706037,3.1894493,0.0035752486,0.0,0.00012114646,0.038439285
7248,13.276886,0.0,3.81517,3.1894467,0.0035054858,0.0,5.97597e-05,0.038439147
7249,0.6432226,0.0,0.0866023,3.1894438,0.0012265919,0.0,0.0004184497,0.038438965
7250,0.07944933,0.0,0.86997384,3.1894414,7.511776e-05,0.0,0.00012411072,0.03843938
7251,0.51733613,0.0,0.14728126,3.1894395,5.299815e-07,0.0,0.000115470444,0.03843979
7252,1.086846,0.0,0.24163482,3.1894379,1.7580807e-05,0.0,0.00016308369,0.038440306
7253,0.25065628,0.0,15.759749,3.1894364,3.101043e-05,0.0,0.0050629755,0.038440734
7254,0.71429795,0.0,0.87627876,3.1894352,0.00010111196,0.0,0.0005294309,0.038440995
7255,5.342007,0.0,0.19282942,3.1894343,0.005969251,0.0,0.0039903857,0.038441297
7256,0.27542987,0.0,0.10933687,3.189434,0.0031870033,0.0,0.0031077005,0.03844157
7257,3.7479932,0.0,1.3736572,3.1894338,0.0019796516,0.0,0.000118254145,0.038441814
7258,8.258974,0.0,5.1632533,3.1894343,0.0007102466,0.0,0.00025558381,0.038441993
7259,0.19706792,0.0,0.46868065,3.1894336,0.00036730783,0.0,0.0013723054,0.038442113
7260,0.15229475,0.0,7.77093,3.1894336,2.9883775e-05,0.0,0.0021796527,0.03844278
7261,2.067288,0.0,0.028724698,3.1894321,0.00015343675,0.0,0.00021927115,0.038443327
7262,0.25270727,0.0,0.2055846,3.1894302,4.00929e-05,0.0,0.00013355512,0.038443856
7263,1.7417536,0.0,2.3281777,3.1894293,0.00013405345,0.0,3.4946977e-05,0.038444243
7264,0.77086383,0.0,2.2180903,3.1894288,6.9675225e-05,0.0,0.000115018214,0.0384445
7265,9.333783,0.0,0.35799584,3.189433,0.0003756698,0.0,9.612764e-05,0.03844472
7266,9.473554,0.0,1.8607674,3.189438,1.3488816e-05,0.0,9.581889e-05,0.03844493
7267,0.2199117,0.0,4.3491535,3.1894429,0.0036342405,0.0,0.0015044702,0.038445063
7268,6.808566,0.0,0.66857755,3.1894395,0.00030559392,0.0,8.090908e-05,0.038445126
7269,0.83987516,0.0,1.128002,3.1894374,8.1545484e-05,0.0,0.0058191693,0.038445096
7270,1.3759359,0.0,1.0958778,3.1894348,4.1588275e-05,0.0,0.00026913828,0.038444716
7271,0.32880026,0.0,0.13617931,3.189435,0.0005223161,0.0,0.00015121349,0.03844421
7272,0.9046844,0.0,15.683434,3.1894355,0.0026318452,0.0,0.00014504434,0.03844373
7273,13.086575,0.0,0.30676442,3.1894343,0.00010583934,0.0,0.00014141186,0.038443286
7274,0.80346787,0.0,0.15057833,3.1894348,2.5117397e-05,0.0,9.2247166e-05,0.038442884
7275,3.1059568,0.0,12.581655,3.1894357,9.9235214e-05,0.0,0.0009353099,0.038442418
7276,0.6951658,0.0,0.72668874,3.1894345,0.003455622,0.0,0.00022633137,0.0384419
7277,0.3959825,0.0,1.4123712,3.1894364,4.4431334e-05,0.0,0.00018105286,0.038441353
7278,0.10324403,0.0,1.6472869,3.18944,4.5720422e-05,0.0,0.000106563086,0.038440872
7279,15.813973,0.0,0.61837095,3.1894422,5.8078906e-05,0.0,0.0009033755,0.038440432
7280,1.2849169,0.0,1.9154835,3.1894453,0.00142908,0.0,0.0016492299,0.038439956
7281,2.6796772,0.0,0.17253335,3.1894495,0.00011869811,0.0,0.00028838884,0.03843891
7282,0.0898191,0.0,3.1579201,3.1894531,0.004577975,0.0,0.0020628432,0.03843811
7283,0.75732857,0.0,0.026039805,3.1894572,0.00026666847,0.0,0.00049283763,0.038437463
7284,3.9127777,0.0,0.0672574,3.1894605,8.3077466e-05,0.0,0.00030807796,0.03843677
7285,1.8740393,0.0,14.920154,3.1894634,0.0035709643,0.0,5.0643772e-05,0.038436063
7286,1.308124,0.0,0.024635434,3.1894608,0.0025875538,0.0,0.0006935294,0.038435347
7287,0.27322704,0.0,0.96678877,3.189458,0.000105940955,0.0,0.0027728078,0.038434617
7288,1.1208183,0.0,2.4095912,3.1894538,1.17892e-05,0.0,0.0034969044,0.038433973
7289,8.284646,0.0,0.06867595,3.1894512,7.850823e-06,0.0,0.0022732064,0.038433462
7290,0.7913217,0.0,0.2294076,3.189449,5.8011443e-05,0.0,0.00041378563,0.03843269
7291,0.25562474,0.0,1.1815253,3.189448,0.00018198867,0.0,9.129165e-05,0.038431887
7292,0.06835835,0.0,0.059011146,3.1894472,5.8256395e-05,0.0,0.0004138447,0.038431108
7293,0.08263054,0.0,3.373703,3.1894462,0.0027072036,0.0,0.00020777111,0.038430188
7294,0.25181207,0.0,0.35376525,3.1894457,1.06213765e-05,0.0,0.00012445365,0.038429357
7295,2.307069,0.0,9.956931,3.1894453,8.570985e-05,0.0,0.0031713906,0.0384285
7296,0.08455958,0.0,5.178727,3.1894464,0.0023955263,0.0,0.0013121156,0.038427643
7297,0.11866948,0.0,0.07492475,3.1894476,5.4001095e-05,0.0,0.000115194285,0.03842681
7298,3.3526454,0.0,0.7829189,3.1894488,4.783291e-05,0.0,0.00010007416,0.03842601
7299,1.4896792,0.0,0.029509485,3.1894479,0.0019491726,0.0,0.00026773295,0.038425308
7300,0.79812366,0.0,18.753407,3.1894472,1.1970326e-06,0.0,0.00015100752,0.038424816
7301,0.12458067,0.0,0.043120977,3.1894386,0.0016127287,0.0,9.6287375e-05,0.038424328
7302,0.093389295,0.0,0.063266575,3.1894307,0.00019148669,0.0,0.00022581773,0.038423892
7303,0.44618365,0.0,0.08972058,3.189423,0.00010528414,0.0,0.00020617199,0.038423445
7304,7.359932,0.0,1.1395917,3.189416,3.443681e-05,0.0,0.0036196043,0.038423054
7305,0.18997025,0.0,10.911328,3.1894145,0.0039444957,0.0,0.0004240897,0.03842212
7306,0.31743255,0.0,0.08547989,3.1894135,5.6374993e-06,0.0,9.9699886e-05,0.038421195
7307,7.5776052,0.0,0.671153,3.189413,4.300519e-05,0.0,0.00018709419,0.038420327
7308,1.6804873,0.0,0.3088974,3.189413,4.6982786e-05,0.0,0.0026323886,0.0384195
7309,0.6449995,0.0,4.7739625,3.1894133,7.568742e-05,0.0,0.00049042044,0.038418643
7310,3.3668692,0.0,1.8496008,3.189412,0.00011299886,0.0,0.00016617551,0.0384178
7311,0.37126482,0.0,0.37329385,3.1894124,4.283457e-05,0.0,0.00021314685,0.038417008
7312,17.810516,0.0,1.0007477,3.1894126,0.00014525928,0.0,0.00041649898,0.038416423
7313,1.080335,0.0,0.032270957,3.1894145,5.5992194e-05,0.0,0.0002983719,0.038416136
7314,0.90915024,0.0,0.9590263,3.1894157,8.049343e-05,0.0,0.00017628216,0.03841585
7315,0.28840986,0.0,0.07405295,3.1894193,0.00090875826,0.0,0.00011393175,0.038415615
7316,0.103610225,0.0,13.126839,3.1894228,3.1368323e-05,0.0,0.00015661694,0.03841544
7317,2.549403,0.0,2.986221,3.189428,0.00014509312,0.0,0.0001309302,0.03841516
7318,3.297582,0.0,0.81256276,3.1894343,0.00031269772,0.0,0.00029365008,0.038414944
7319,1.3142159,0.0,14.755354,3.1894395,0.00024436074,0.0,0.0026673165,0.03841473
7320,0.10144145,0.0,1.8446032,3.1894429,0.00028241632,0.0,0.00068880734,0.03841438
7321,0.6996806,0.0,0.022475258,3.1894464,4.190936e-06,0.0,0.00015014116,0.038414072
7322,0.48187292,0.0,0.043581784,3.1894498,2.9851044e-05,0.0,0.001520796,0.038413823
7323,10.880252,0.0,0.22623067,3.1894524,4.1618696e-05,0.0,0.0056917267,0.038413517
7324,8.718401,0.0,0.06832504,3.1894538,7.665615e-05,0.0,0.0013464141,0.03841314
7325,0.20910972,0.0,5.2114244,3.1894553,2.1933729e-05,0.0,0.00016096435,0.03841275
7326,2.1675417,0.0,1.1312505,3.1894586,0.00045989975,0.0,4.5447072e-05,0.03841238
7327,10.813758,0.0,2.7986565,3.1894615,6.823179e-05,0.0,0.0006768598,0.03841194
7328,0.28573018,0.0,2.7729683,3.1894639,4.5466157e-05,0.0,0.0031598865,0.038411714
7329,2.6115208,0.0,1.945676,3.1894639,2.4200994e-05,0.0,0.004602852,0.0384114
7330,6.5778656,0.0,0.19199546,3.1894639,3.7996615e-06,0.0,0.00018176663,0.038410652
7331,0.34750485,0.0,0.65173537,3.1894646,0.000511537,0.0,0.0045076916,0.03841
7332,0.51056206,0.0,2.4106686,3.1894662,0.00031403996,0.0,0.0034252345,0.038409453
7333,0.3874453,0.0,0.4235925,3.1894696,0.00010513873,0.0,0.006184548,0.038408864
7334,6.3811355,0.0,0.1065709,3.1894736,0.0012871036,0.0,0.0011401911,0.038408373
7335,2.4472964,0.0,0.09052083,3.1894765,2.7051196e-05,0.0,2.4671785e-05,0.038407866
7336,6.286172,0.0,3.004626,3.1894789,0.00011358943,0.0,3.08713e-05,0.038407344
7337,0.820505,0.0,3.5579627,3.1894827,7.448178e-05,0.0,5.7740242e-05,0.0384068
7338,0.52623844,0.0,0.031265676,3.1894863,6.8795016e-05,0.0,0.00014489554,0.038406268
7339,1.9519638,0.0,0.021082817,3.1894898,0.00011704412,0.0,0.001833507,0.038405698
7340,3.9858165,0.0,21.931906,3.1894934,0.00012238213,0.0,8.2048115e-05,0.038405135
7341,6.1267166,0.0,7.787946,3.1894932,8.694734e-05,0.0,0.0013105359,0.03840461
7342,0.06744335,0.0,6.2924285,3.1894894,0.00013682422,0.0,5.7292607e-05,0.03840408
7343,0.49879932,0.0,0.04525473,3.1894915,0.0047355997,0.0,0.0052821888,0.038403597
7344,0.89702404,0.0,0.028454432,3.1894934,8.40565e-06,0.0,0.00019709625,0.03840324
7345,2.3142023,0.0,0.017707113,3.1894946,9.3389586e-05,0.0,0.00012758149,0.038402844
7346,0.29627302,0.0,1.3335975,3.189496,0.000114573755,0.0,0.00018730952,0.038402416
7347,1.5802436,0.0,0.2681593,3.1894982,0.0001381667,0.0,0.00016651269,0.038401973
7348,1.887023,0.0,17.825052,3.1895008,4.3278324e-05,0.0,0.004155768,0.03840157
7349,1.7042689,0.0,8.36457,3.1895025,0.00020553239,0.0,0.00066329894,0.038401216
7350,12.584435,0.0,0.9151683,3.189505,2.9877492e-05,0.0,0.0028517824,0.038401227
7351,4.225718,0.0,0.06825776,3.189507,0.003348132,0.0,8.624018e-05,0.03840133
7352,0.28314066,0.0,12.110287,3.1895092,0.00024575618,0.0,0.00027174718,0.03840137
7353,6.08273,0.0,3.8239286,3.1895118,0.00018832457,0.0,7.037079e-05,0.038401406
7354,0.11108657,0.0,4.0465565,3.1895146,0.00016443159,0.0,0.00034360265,0.03840142
7355,10.090491,0.0,0.6016123,3.1895194,0.00019529373,0.0,4.540882e-05,0.03840165
7356,20.238144,0.0,2.5362082,3.1895266,0.00010828469,0.0,0.0015488784,0.038401783
7357,18.62351,0.0,0.077979065,3.1895342,2.6990223e-05,0.0,0.0018031962,0.038401823
7358,12.119743,0.0,0.7081305,3.1895401,0.0019340497,0.0,0.0018363463,0.038401898
7359,0.86318487,0.0,11.621152,3.189548,0.0001700441,0.0,0.00015780039,0.038402203
7360,0.8265781,0.0,3.5828083,3.189558,5.7492638e-05,0.0,0.0007124856,0.0384025
7361,0.36579853,0.0,1.382664,3.1895683,0.0028702067,0.0,8.3622e-05,0.038402613
7362,1.1866306,0.0,15.887454,3.1895797,0.00018397669,0.0,0.00010495924,0.03840263
7363,3.095609,0.0,0.9950815,3.1895895,0.0017839173,0.0,0.00025149205,0.038402602
7364,1.4365759,0.0,5.0517297,3.1896024,0.0024075084,0.0,0.00043545198,0.038402557
7365,2.6153145,0.0,9.657873,3.1896145,0.00013189089,0.0,7.814681e-05,0.038402572
7366,1.0910517,0.0,0.5485085,3.1896257,2.925157e-05,0.0,0.00010181216,0.03840251
7367,1.193863,0.0,0.2513082,3.1896362,0.0028653536,0.0,0.00015074553,0.0384024
7368,10.12709,0.0,0.084209375,3.1896467,0.000168101,0.0,0.0044994615,0.038402386
7369,0.49912715,0.0,0.19876784,3.1896565,0.00014458298,0.0,7.1321156e-05,0.038402244
7370,1.1635056,0.0,13.162166,3.1896653,0.00013624076,0.0,0.00017600556,0.03840204
7371,0.32687345,0.0,0.8060068,3.189672,0.00018469137,0.0,0.0003461761,0.03840177
7372,7.0813704,0.0,1.9570223,3.189679,0.00021865059,0.0,0.002262898,0.03840154
7373,6.792472,0.0,0.14581452,3.1896863,0.00010056007,0.0,0.0029605979,0.038401254
7374,0.81782186,0.0,10.819542,3.189693,4.4446715e-06,0.0,0.00024308143,0.038400758
7375,0.6228337,0.0,0.89162856,3.1896985,3.2159976e-05,0.0,0.0017604601,0.038400456
7376,0.7231449,0.0,0.49434537,3.1897032,7.284894e-05,0.0,0.00012085494,0.03840133
7377,0.6746847,0.0,1.631747,3.1897082,6.0132006e-05,0.0,5.4765333e-05,0.038402025
7378,5.729061,0.0,1.1086594,3.1897123,0.00011060221,0.0,0.0004221322,0.03840262
7379,1.4059589,0.0,0.10220151,3.189716,6.695883e-05,0.0,0.00016854078,0.038403556
7380,0.58407736,0.0,0.6702987,3.1897194,0.0020865388,0.0,0.0016551828,0.038404416
7381,12.082039,0.0,0.13273084,3.1897228,3.026082e-05,0.0,0.00010991692,0.038405024
7382,0.11042797,0.0,0.79952276,3.1897244,0.0008133217,0.0,4.867901e-05,0.038405515
7383,1.3047098,0.0,0.066642,3.1897287,7.170041e-06,0.0,0.00041882604,0.038405906
7384,0.0924596,0.0,10.09308,3.1897323,0.003113706,0.0,5.901978e-05,0.038405936
7385,1.3332931,0.0,3.5169513,3.1897407,4.727897e-05,0.0,0.0006350147,0.038405884
7386,9.666916,0.0,0.40875852,3.1897478,9.052673e-05,0.0,7.1411385e-05,0.038405783
7387,5.9343095,0.0,1.3116621,3.1897552,5.1539642e-05,0.0,6.348737e-05,0.038405634
7388,1.0300963,0.0,1.1047986,3.189762,3.371572e-05,0.0,0.00013838327,0.038405437
7389,0.044365454,0.0,0.28854367,3.1897664,2.2827642e-05,0.0,0.00363001,0.038405187
7390,0.060298674,0.0,0.066928305,3.1897707,3.0942807e-05,0.0,0.0008617538,0.038404748
7391,0.13032176,0.0,0.030479377,3.1897745,0.0025406484,0.0,0.00035969808,0.038404383
7392,5.2558813,0.0,2.5816276,3.1897776,1.9857398e-06,0.0,0.0007017015,0.038404033
7393,9.340195,0.0,4.7858768,3.189782,0.0025246665,0.0,0.0013453013,0.038404208
7394,0.701411,0.0,1.4011791,3.1897864,0.001253522,0.0,0.0018683192,0.0384043
7395,0.77675086,0.0,12.833,3.189792,7.5648546e-05,0.0,0.004785762,0.03840431
7396,5.3905807,0.0,0.42780605,3.189795,6.17433e-05,0.0,0.00012832294,0.038404338
7397,0.19714507,0.0,1.4569713,3.1897974,3.908537e-05,0.0,0.00049375265,0.03840437
7398,0.2498081,0.0,0.123674475,3.1898003,1.5202425e-05,0.0,0.0061358744,0.038404528
7399,0.092088096,0.0,0.4644434,3.1898031,5.23591e-05,0.0,0.00011607367,0.03840444
7400,0.593891,0.0,0.0399053,3.1898088,0.0001530727,0.0,0.00026728207,0.038404357
7401,7.1656275,0.0,5.7353873,3.1898146,5.1175666e-05,0.0,0.0060289837,0.038404286
7402,0.9259332,0.0,0.08810005,3.189818,0.00020098838,0.0,0.004810586,0.038404107
7403,1.4360065,0.0,2.5182076,3.1898208,0.0030036021,0.0,0.0018434352,0.038404267
7404,0.1561402,0.0,0.15238535,3.1898034,0.0033247143,0.0,0.00039598928,0.03840422
7405,1.875469,0.0,0.08503091,3.1897876,0.0020022073,0.0,0.00010185893,0.038403958
7406,8.476804,0.0,0.25984895,3.1897748,0.0007369566,0.0,0.00046310623,0.03840369
7407,0.77711177,0.0,0.047973454,3.189763,1.5493672e-05,0.0,0.0002960677,0.03840339
7408,3.4790885,0.0,2.6800187,3.189752,0.00021454452,0.0,0.00029484776,0.03840315
7409,2.4670284,0.0,7.206847,3.1897433,0.00066219666,0.0,2.376243e-05,0.03840281
7410,2.846379,0.0,4.2288785,3.189732,0.002266677,0.0,8.48795e-05,0.038402442
7411,4.218204,0.0,0.14894821,3.1897194,0.00031150604,0.0,0.00013019261,0.0384021
7412,9.346406,0.0,0.16712517,3.1897085,0.0022055737,0.0,0.0003036294,0.038401738
7413,0.98152435,0.0,11.879915,3.1896975,6.147195e-05,0.0,0.00023308795,0.038401324
7414,5.382731,0.0,0.15444653,3.189685,0.00028329375,0.0,0.00011442319,0.038400788
7415,1.5045676,0.0,0.022128798,3.1896737,0.00064512796,0.0,0.0003098952,0.03840022
7416,11.359749,0.0,0.051781327,3.189663,3.199655e-05,0.0,7.574937e-05,0.038399693
7417,6.047376,0.0,0.028938124,3.1896532,2.3432485e-05,0.0,9.212421e-05,0.038399223
7418,0.54946214,0.0,0.27665573,3.1896446,5.955262e-05,0.0,0.00021221547,0.03839873
7419,0.15926886,0.0,2.4465024,3.1896417,0.001439456,0.0,0.0012811379,0.038398314
7420,0.3794295,0.0,0.0370324,3.1896405,3.314765e-06,0.0,0.00015316634,0.038397945
7421,7.6470923,0.0,0.06668435,3.1896398,0.00013585562,0.0,0.009815244,0.03839753
7422,0.7672784,0.0,0.194458,3.1896386,9.2684306e-05,0.0,6.624302e-05,0.038396727
7423,0.50225794,0.0,0.15705408,3.1896367,5.5466255e-05,0.0,0.0026118162,0.038395938
7424,0.27378225,0.0,0.0368086,3.1896343,0.0015619218,0.0,2.0531155e-05,0.03839524
7425,3.5446103,0.0,3.0095618,3.1896322,4.508852e-05,0.0,7.028969e-05,0.038394544
7426,0.36732462,0.0,2.916525,3.1896312,0.0017534324,0.0,6.9001006e-05,0.03839383
7427,1.6781986,0.0,4.660658,3.1896303,1.86863e-05,0.0,0.00015096639,0.038393114
7428,0.0600061,0.0,0.07516617,3.1896293,3.337321e-05,0.0,0.000112165275,0.03839234
7429,0.31766888,0.0,0.84616536,3.1896288,0.00015383196,0.0,6.5275766e-05,0.03839161
7430,0.49154758,0.0,3.2228298,3.1896305,0.00014789915,0.0,0.00017723333,0.03839092
7431,0.4987739,0.0,3.5564268,3.189637,0.00030658138,0.0,0.00022250244,0.03839033
7432,1.0469329,0.0,0.35286364,3.1896417,0.00022819615,0.0,0.00036903968,0.038390543
7433,1.4249166,0.0,16.614124,3.1896455,0.00022886822,0.0,0.0003188135,0.038390733
7434,0.10602726,0.0,4.1432037,3.189648,0.00010434725,0.0,0.00021139871,0.03839081
7435,0.3288163,0.0,0.2030168,3.1896489,9.907197e-05,0.0,7.773087e-05,0.03839088
7436,1.0649236,0.0,0.05616784,3.189649,0.00010590842,0.0,3.745755e-05,0.03839089
7437,9.642927,0.0,10.677812,3.18965,4.6874287e-05,0.0,0.002995233,0.03839087
7438,0.689575,0.0,4.2130346,3.189645,0.003396917,0.0,0.00019582853,0.0383911
7439,1.4428941,0.0,5.0019226,3.1896384,9.77293e-05,0.0,0.0032971958,0.038391266
7440,3.3462203,0.0,0.013163822,3.1896348,0.0017328436,0.0,0.00021023324,0.038391355
7441,0.14207892,0.0,0.04553492,3.189631,4.5225646e-05,0.0,0.00046594228,0.038391497
7442,0.21122144,0.0,0.23954543,3.189628,3.590594e-05,0.0,0.0001142357,0.038391653
7443,0.6166415,0.0,0.1407527,3.1896253,0.00011491394,0.0,0.00028142115,0.03839184
7444,1.6337465,0.0,0.06865388,3.189624,0.0020438656,0.0,0.00020757098,0.038392
7445,0.112631336,0.0,1.3769758,3.1896226,1.0196524e-05,0.0,9.691296e-05,0.03839211
7446,0.03453376,0.0,0.33652732,3.1896226,0.00022857393,0.0,0.0008368413,0.0383921
7447,0.4854641,0.0,0.45884252,3.1896234,6.762678e-05,0.0,6.543642e-05,0.038392007
7448,0.18578808,0.0,1.7657703,3.1896253,8.976777e-05,0.0,4.1191954e-05,0.03839191
7449,0.20150094,0.0,11.34192,3.1896262,0.0011500476,0.0,0.00020549036,0.038391724
7450,6.9116683,0.0,13.689575,3.189628,6.825338e-05,0.0,0.0034505425,0.038391426
7451,0.0715942,0.0,8.758315,3.1896286,9.000036e-05,0.0,0.002949853,0.03839124
7452,0.20738694,0.0,1.3955234,3.189632,1.3404235e-05,0.0,0.0010059039,0.03839102
7453,0.024348995,0.0,0.15767153,3.1896343,0.0012388828,0.0,4.5378205e-05,0.038390808
7454,0.5256631,0.0,0.70632476,3.1896362,2.9104674e-05,0.0,0.00013890919,0.038390584
7455,11.176747,0.0,0.30041388,3.1896381,0.00012322213,0.0,0.0021214427,0.038390256
7456,3.3228855,0.0,0.20101869,3.1896396,8.477122e-05,0.0,9.028129e-05,0.038390394
7457,0.052532535,0.0,0.016167732,3.1896412,0.00010150665,0.0,0.00013510353,0.038390614
7458,9.7977085,0.0,13.185657,3.189643,3.8953855e-05,0.0,0.00054641045,0.038390722
7459,0.033378083,0.0,18.549442,3.1896422,5.686954e-06,0.0,0.00019371278,0.038390793
7460,3.8617427,0.0,0.19130224,3.1896377,0.0011514584,0.0,0.0001136266,0.038390785
7461,2.3117032,0.0,2.4287724,3.1896334,0.0021545035,0.0,3.6688714e-05,0.038390737
7462,0.08922261,0.0,1.9564047,3.1896288,1.4204294e-05,0.0,7.1785194e-05,0.038390644
7463,0.5377391,0.0,0.31842038,3.1896245,1.994877e-05,0.0,0.00044635092,0.03839058
7464,0.68974286,0.0,4.822863,3.1896195,4.0796986e-05,0.0,9.2855546e-05,0.038390417
7465,0.29683298,0.0,3.707971,3.1896117,0.00010489179,0.0,0.002645757,0.0383903
7466,0.58970493,0.0,0.048848055,3.1896067,2.9750636e-05,0.0,0.00023810453,0.038390245
7467,0.07662927,0.0,0.01728038,3.1896007,3.1476295e-05,0.0,0.0037633907,0.03838989
7468,21.843973,0.0,0.13558277,3.1895957,0.0016562513,0.0,0.00020161347,0.038389526
7469,0.7199461,0.0,0.29404402,3.1895907,0.000213155,0.0,0.00027573228,0.038389273
7470,0.4456477,0.0,0.09797335,3.1895876,0.0001105353,0.0,0.0006649,0.03838902
7471,1.382919,0.0,0.27596527,3.1895835,0.004297164,0.0,0.00017530413,0.038389545
7472,0.12669332,0.0,0.9150554,3.189581,0.003092952,0.0,0.0023328727,0.038389992
7473,5.941343,0.0,0.84667486,3.1895783,1.721776e-05,0.0,0.004988058,0.03839031
7474,0.40102318,0.0,8.062235,3.1895752,2.479532e-05,0.0,0.0004776435,0.038390595
7475,0.15831755,0.0,0.045094937,3.1895697,0.00012451227,0.0,0.00011500508,0.038390696
7476,0.38519973,0.0,0.77109426,3.1895647,4.2032552e-05,0.0,0.006083388,0.03839072
7477,4.282656,0.0,0.9272222,3.1895611,5.9550788e-05,0.0,0.00030883262,0.03839059
7478,1.7648659,0.0,0.7049953,3.1895576,1.6166045e-05,0.0,0.00031913488,0.038390446
7479,0.14271641,0.0,0.0968485,3.1895564,5.0137296e-05,0.0,0.0032762547,0.038390465
7480,0.11775552,0.0,0.1847348,3.1895552,2.8586688e-05,0.0,0.00072530564,0.03839028
7481,0.46266502,0.0,0.97341186,3.1895556,1.8884104e-05,0.0,0.00030300277,0.03839009
7482,0.07287449,0.0,8.966261,3.189559,2.1798998e-05,0.0,8.408794e-05,0.038389858
7483,1.6243812,0.0,0.3057825,3.1895604,5.7572543e-05,0.0,0.0042624124,0.038389627
7484,13.032747,0.0,11.3398075,3.1895616,2.9526127e-05,0.0,0.00024175743,0.038389478
7485,0.6184539,0.0,6.2030544,3.1895618,0.00024602158,0.0,0.00010141152,0.03838931
7486,2.6017723,0.0,0.024966413,3.1895611,0.0009918896,0.0,6.9487534e-05,0.038389076
7487,9.493935,0.0,1.0737009,3.1895611,0.0001763925,0.0,0.002686469,0.03838883
7488,2.4906647,0.0,5.9824443,3.1895597,1.0619048e-05,0.0,0.00017109825,0.038388517
7489,4.092431,0.0,0.23557822,3.1895585,8.3443054e-05,0.0,0.00068622886,0.038388155
7490,0.36816403,0.0,1.5035697,3.1895561,1.996287e-05,0.0,0.00054532394,0.03838753
7491,0.49396247,0.0,1.1259955,3.189555,0.002044472,0.0,0.0018739267,0.038386848
7492,0.89412546,0.0,0.53060573,3.189555,2.231447e-06,0.0,0.00015733381,0.038386103
7493,1.584441,0.0,13.4694605,3.1895561,1.786512e-05,0.0,0.00013607403,0.03838546
7494,0.4294542,0.0,0.11063926,3.189556,4.0020637e-05,0.0,0.00020427059,0.038384896
7495,0.58830553,0.0,0.104117036,3.189556,5.6722325e-05,0.0,0.00036556573,0.038384356
7496,12.35365,0.0,0.29158923,3.189556,4.7405676e-05,0.0,7.9144134e-05,0.038383644
7497,8.478471,0.0,0.32554993,3.1895564,0.0009321723,0.0,6.4727006e-05,0.03838292
7498,0.13920583,0.0,2.0424495,3.189556,2.9268373e-05,0.0,7.806833e-05,0.038382124
7499,2.782294,0.0,0.18573523,3.1895564,0.0016663029,0.0,7.107509e-05,0.038381353
7500,1.7143339,0.0,6.458816,3.1895576,1.0983869e-05,0.0,4.252291e-05,0.038380634
7501,6.3005805,0.0,5.78549,3.1895568,0.00017837968,0.0,0.00014375789,0.038379923
7502,15.541077,0.0,1.483102,3.1895554,0.00021282985,0.0,0.00032510233,0.03837923
7503,0.22919753,0.0,4.14035,3.1895542,0.00052747974,0.0,0.00030788415,0.038378563
7504,0.71869534,0.0,0.11266373,3.1895525,1.7330545e-05,0.0,7.903254e-05,0.038377974
7505,7.6372695,0.0,0.4676089,3.1895518,0.0014596581,0.0,7.850771e-05,0.03837739
7506,0.2244552,0.0,1.2473589,3.189551,1.4708817e-05,0.0,0.0001978287,0.038376812
7507,3.7179134,0.0,0.3600979,3.1895554,0.0008115915,0.0,0.00017726561,0.03837622
7508,0.38179883,0.0,0.039175604,3.1895595,3.927435e-05,0.0,0.00010735649,0.038375497
7509,1.3791193,0.0,0.101732016,3.1895626,3.061698e-05,0.0,0.00074428413,0.038374748
7510,0.12435363,0.0,0.4763126,3.1895661,0.003321004,0.0,0.002948029,0.038374387
7511,0.7413781,0.0,7.3626585,3.1895695,0.0022192362,0.0,0.00021703109,0.03837427
7512,11.79299,0.0,0.44297084,3.1895716,4.772184e-05,0.0,0.0026306668,0.038374107
7513,5.50951,0.0,0.029128961,3.1895738,1.7308354e-05,0.0,0.0033730953,0.038373712
7514,2.077721,0.0,2.9320526,3.1895754,0.0010896488,0.0,0.005407316,0.038373314
7515,0.16823263,0.0,3.7765179,3.1895776,3.4335942e-05,0.0,0.00012134656,0.038373403
7516,4.1252604,0.0,0.24704537,3.1895769,0.0015737365,0.0,9.027697e-05,0.038373563
7517,1.8756629,0.0,0.51780295,3.1895766,0.0032246981,0.0,0.00010159348,0.03837376
7518,2.4137216,0.0,4.282889,3.1895764,1.8067325e-05,0.0,0.0001216636,0.0383739
7519,0.15506786,0.0,1.137567,3.189578,0.0004365232,0.0,0.0026994182,0.038373988
7520,1.848582,0.0,0.018051077,3.1895788,0.000731164,0.0,4.5218098e-05,0.03837422
7521,0.51636726,0.0,0.08635042,3.18958,2.4693676e-05,0.0,0.000112453214,0.03837438
7522,10.347097,0.0,0.13061188,3.1895804,0.0001448772,0.0,0.0033480227,0.038374458
7523,6.0143814,0.0,0.18207362,3.1895812,0.0018151985,0.0,8.800679e-05,0.03837444
7524,0.16726123,0.0,1.9283957,3.1895814,6.6864122e-06,0.0,4.5324035e-05,0.03837438
7525,2.8948855,0.0,0.019622803,3.1895843,2.5292822e-05,0.0,0.0002171245,0.038374335
7526,0.14015935,0.0,0.014504759,3.1895866,0.0005790523,0.0,0.00023265585,0.03837443
7527,0.53717595,0.0,2.9344857,3.1895885,3.3009837e-05,0.0,0.00024478725,0.038374417
7528,1.4142678,0.0,0.08089167,3.1895912,2.5237548e-05,0.0,0.003494725,0.03837431
7529,2.479384,0.0,2.0554047,3.1895952,5.6149212e-05,0.0,0.0008814391,0.03837445
7530,1.1460997,0.0,0.024055956,3.1895986,0.00063256116,0.0,0.00050344074,0.038374454
7531,0.42361382,0.0,0.03598384,3.1896017,0.00016047084,0.0,0.00011192663,0.038373686
7532,0.17010403,0.0,0.20397298,3.1896036,1.3968083e-05,0.0,0.0013792723,0.038373012
7533,2.8372066,0.0,0.02018259,3.1896062,5.3683052e-05,0.0,5.2892425e-05,0.038372442
7534,9.389758,0.0,0.04118812,3.1896079,1.943822e-05,0.0,0.00016734721,0.038371906
7535,0.6263469,0.0,17.010153,3.1896093,0.0012737653,0.0,0.00025343915,0.038371477
7536,0.17152013,0.0,0.3209455,3.1896021,0.00021457189,0.0,0.0007106057,0.038370956
7537,0.5085989,0.0,0.04080698,3.1895947,0.0017717318,0.0,0.00047633756,0.038370397
7538,1.2722843,0.0,0.051742535,3.1895878,5.2949345e-06,0.0,0.002904064,0.038369976
7539,0.24552767,0.0,0.018639544,3.1895816,0.00011701886,0.0,0.0005488324,0.03836965
7540,14.641158,0.0,0.12017956,3.1895754,3.2544303e-05,0.0,0.00023646755,0.03836929
7541,11.907138,0.0,0.77533245,3.1895704,0.0019284454,0.0,0.0028256606,0.038368862
7542,0.48472857,0.0,1.7109026,3.1895688,0.008428436,0.0,1.727066e-05,0.038368512
7543,1.2220595,0.0,15.19991,3.1895676,4.8978673e-05,0.0,0.00030061454,0.038368125
7544,11.2562275,0.0,1.1765457,3.189558,0.0020579933,0.0,0.00049319677,0.03836781
7545,1.8354719,0.0,0.7975047,3.189552,4.3411055e-06,0.0,0.00014067853,0.038368255
7546,0.28816104,0.0,0.5109526,3.1895475,0.002638386,0.0,0.00011455609,0.038368694
7547,0.05089022,0.0,7.6359673,3.1895454,3.7054884e-05,0.0,0.0005214616,0.038369127
7548,0.3550422,0.0,0.70940614,3.189548,5.121734e-05,0.0,0.00017500189,0.03836932
7549,0.1062555,0.0,12.0915,3.1895497,2.0972966e-05,0.0,0.00012643749,0.03836953
7550,2.295417,0.0,10.3429985,3.189551,0.0018233685,0.0,0.001762147,0.038369738
7551,1.5672939,0.0,0.05005128,3.189538,0.0027104607,0.0,0.0006806578,0.038369767
7552,2.0305219,0.0,0.018484551,3.189526,0.0016259276,0.0,0.00053583307,0.03836974
7553,0.06400668,0.0,1.2266276,3.1895149,0.0003442146,0.0,0.0016080646,0.038369782
7554,4.6202645,0.0,1.5073608,3.1895106,0.0003286587,0.0,0.00012878852,0.03836963
7555,0.42138752,0.0,4.0471706,3.1895065,0.002718247,0.0,0.0027634327,0.03836954
7556,0.20295541,0.0,0.5005934,3.1895013,0.0012555593,0.0,5.8430618e-05,0.03836948
7557,8.46563,0.0,7.1049876,3.189498,0.0029004298,0.0,0.00019721122,0.038369358
7558,1.4553119,0.0,4.9252634,3.1894937,0.0007531032,0.0,0.00016949711,0.03836932
7559,0.14014472,0.0,6.9427466,3.1894906,0.0015172815,0.0,0.00013929392,0.038369246
7560,0.2290728,0.0,0.22492845,3.1894867,0.0004096601,0.0,0.00025643595,0.038369153
7561,0.14381212,0.0,0.2288862,3.189482,0.00021457895,0.0,7.877714e-05,0.03836902
7562,24.492216,0.0,2.6225827,3.1894784,0.000687167,0.0,0.0001242134,0.038368855
7563,1.1844097,0.0,0.62892795,3.1894743,0.00027228,0.0,0.0040158364,0.038368613
7564,0.067728356,0.0,0.10174045,3.1894696,0.0015821079,0.0,0.00013876421,0.038368464
7565,0.6474635,0.0,0.027235823,3.1894653,7.03245e-05,0.0,0.0015373947,0.03836838
7566,0.07944791,0.0,1.1889383,3.189462,0.0005705971,0.0,0.0010259473,0.038368247
7567,10.770786,0.0,0.7677908,3.1894593,0.0006003361,0.0,0.00026723268,0.038368184
7568,3.1764379,0.0,0.34919167,3.189459,1.021063e-05,0.0,0.00034612493,0.03836812
7569,5.558665,0.0,1.7492559,3.1894608,0.00032837733,0.0,0.00010825194,0.038368277
7570,0.3523917,0.0,0.3513232,3.1894665,0.0009997126,0.0,0.00021880645,0.038368333
7571,0.34322596,0.0,0.02349177,3.1894717,3.6772606e-05,0.0,0.0004625639,0.03836867
7572,2.3115673,0.0,0.07380828,3.1894763,4.7409616e-05,0.0,0.00021026054,0.038368795
7573,6.7243094,0.0,0.5442097,3.18948,4.740047e-05,0.0,0.0001310909,0.0383689
7574,2.4752827,0.0,13.571874,3.189485,0.00014448926,0.0,0.00027012784,0.038368914
7575,0.3874277,0.0,0.18827495,3.1894898,0.0028755916,0.0,0.0020861877,0.03836902
7576,1.2416945,0.0,0.110033795,3.1894944,5.426903e-06,0.0,0.0026821652,0.03836912
7577,0.90898794,0.0,3.0349028,3.1894987,6.2383e-05,0.0,0.00017317684,0.038369212
7578,2.6597214,0.0,0.07207663,3.1895022,9.779213e-05,0.0,0.00037270505,0.038369287
7579,0.21314028,0.0,7.5188537,3.1895056,0.00014816395,0.0,7.530548e-05,0.038369827
7580,0.095980905,0.0,0.64355505,3.1895096,4.4869208e-05,0.0,9.726644e-05,0.038370296
7581,23.652466,0.0,5.520794,3.1895156,0.004606907,0.0,0.00014038227,0.038370755
7582,9.683721,0.0,0.057979982,3.1895223,7.535789e-05,0.0,0.000102826976,0.038371142
7583,0.5483383,0.0,0.19278936,3.1895285,0.00010479785,0.0,0.00019994708,0.038371433
7584,8.069483,0.0,4.7660356,3.1895351,8.1450366e-05,0.0,0.00066362636,0.038371727
7585,2.7443237,0.0,0.017917152,3.1895401,0.0002103329,0.0,0.0031596285,0.038371984
7586,4.7180653,0.0,2.7263453,3.189544,2.8199125e-05,0.0,0.0027514326,0.038372282
7587,3.2974036,0.0,0.12241483,3.189549,0.0018259989,0.0,0.0024505467,0.038372703
7588,0.33219156,0.0,0.9409524,3.1895528,3.938426e-05,0.0,5.267132e-05,0.038373034
7589,9.048159,0.0,0.01894926,3.1895564,6.77382e-05,0.0,0.00059994636,0.03837326
7590,10.226522,0.0,1.5825316,3.1895597,1.6623444e-06,0.0,4.754959e-05,0.038373344
7591,3.1360145,0.0,0.3907056,3.1895647,0.0034760297,0.0,0.0008978934,0.03837352
7592,1.4644085,0.0,7.100489,3.1895704,0.0031451068,0.0,0.0022297904,0.038373582
7593,1.7733638,0.0,1.3601991,3.1895745,8.155612e-05,0.0,0.0007892379,0.038373455
7594,0.17039278,0.0,2.574553,3.1895807,9.379144e-05,0.0,0.0014501541,0.038373303
7595,0.3741893,0.0,2.662104,3.1895876,5.8821963e-05,0.0,0.0028596576,0.038373295
7596,2.124886,0.0,0.06902603,3.189593,7.420938e-05,0.0,0.001058137,0.038372852
7597,0.81771386,0.0,0.21872275,3.189598,0.00021038545,0.0,0.0006873373,0.038374014
7598,0.19153512,0.0,0.27961046,3.1896026,0.005128307,0.0,7.70311e-05,0.038375057
7599,5.3880134,0.0,0.08292115,3.1896071,4.67296e-05,0.0,5.1208037e-05,0.038376015
7600,2.4600003,0.0,10.544692,3.1896114,0.00057921995,0.0,0.0029812101,0.038376827
7601,0.641345,0.0,2.6413863,3.1896133,2.2194412e-05,0.0,0.0033933644,0.038377598
7602,8.5964,0.0,14.054605,3.189618,0.00014435212,0.0,0.00012667853,0.03837834
7603,5.085622,0.0,2.6201496,3.1896188,8.201731e-05,0.0,0.00043685155,0.038379032
7604,0.7085933,0.0,0.32773757,3.189619,0.00023721493,0.0,0.001658771,0.038379587
7605,1.9664516,0.0,0.8157995,3.1896198,0.0001939691,0.0,0.00012039667,0.038380016
7606,3.5866385,0.0,0.124855794,3.189621,0.0027653384,0.0,0.00018281625,0.038380336
7607,6.9444637,0.0,0.27466947,3.1896222,0.003598806,0.0,0.0020879987,0.038380485
7608,0.23632783,0.0,0.14916775,3.189623,1.5147077e-05,0.0,4.4559856e-05,0.03838047
7609,10.769735,0.0,1.082781,3.189625,0.002206429,0.0,0.004659759,0.038380407
7610,0.7710639,0.0,9.299701,3.1896288,0.0024547747,0.0,8.768382e-05,0.03838013
7611,0.6767714,0.0,2.4466481,3.1896303,0.0016089806,0.0,0.00041313306,0.03837986
7612,0.71502113,0.0,1.0079055,3.1896336,9.607184e-05,0.0,5.8282705e-05,0.038379546
7613,2.8422203,0.0,0.7158302,3.1896393,1.1668434e-05,0.0,0.0022979537,0.03837922
7614,0.84173524,0.0,4.2881746,3.1896486,0.00016410131,0.0,0.0009752431,0.03837879
7615,0.52613735,0.0,0.62522066,3.1896589,2.8209683e-05,0.0,0.00046055976,0.03837834
7616,5.9716597,0.0,0.0837251,3.1896694,4.2592554e-05,0.0,0.0045515625,0.038377892
7617,2.5094004,0.0,0.6127359,3.1896791,0.0018944695,0.0,0.0036618896,0.03837748
7618,1.3051564,0.0,0.20396985,3.1896884,0.00015264895,0.0,0.00024111787,0.03837706
7619,1.1371546,0.0,0.17316319,3.189697,6.644205e-05,0.0,0.002137553,0.03837701
7620,1.362278,0.0,0.77470905,3.1897054,0.00022883063,0.0,5.725628e-05,0.03837691
7621,0.18448648,0.0,0.5029565,3.1897123,0.0010472357,0.0,3.2658514e-05,0.038376793
7622,0.24238226,0.0,7.267758,3.1897194,0.0008993479,0.0,0.0016943065,0.038376633
7623,0.95588297,0.0,4.7848964,3.1897306,0.00012294092,0.0,4.572712e-05,0.03837672
7624,0.35114044,0.0,10.9592085,3.189745,0.00014564832,0.0,0.0021736855,0.038376726
7625,0.097390786,0.0,0.7503036,3.1897578,0.00047314822,0.0,0.00084117026,0.038376763
7626,5.568045,0.0,0.7585637,3.18977,8.2690196e-05,0.0,0.00019915175,0.038376752
7627,1.5260016,0.0,0.17566323,3.1897802,0.002351043,0.0,0.0005242422,0.038376898
7628,0.10727805,0.0,4.3298283,3.1897888,0.0002575229,0.0,0.0031264187,0.038376793
7629,3.3215816,0.0,0.3032866,3.189801,8.774567e-05,0.0,9.19821e-05,0.038376622
7630,0.8802776,0.0,9.078356,3.189812,5.6957822e-05,0.0,2.2107533e-05,0.038376458
7631,12.081261,0.0,0.09491938,3.189819,0.0001040125,0.0,4.450712e-05,0.03837624
7632,3.3088796,0.0,0.08761725,3.189826,0.00093996106,0.0,0.0048914887,0.038375955
7633,0.11061274,0.0,0.5668802,3.189832,2.1602797e-05,0.0,0.0021978437,0.038375687
7634,0.24771574,0.0,5.0158286,3.1898398,7.6600394e-05,0.0,0.00030999188,0.038375396
7635,1.2873783,0.0,14.230351,3.1898484,0.00017271082,0.0,0.00025734233,0.038374983
7636,15.330826,0.0,2.4732282,3.189856,0.00026907682,0.0,9.389691e-05,0.038374603
7637,0.2627181,0.0,1.3494459,3.1898618,2.1258315e-05,0.0,0.0001173549,0.03837423
7638,15.553395,0.0,2.0950723,3.1898682,5.7486923e-05,0.0,0.0032098303,0.03837385
7639,9.791292,0.0,2.4927814,3.189875,3.1197484e-05,0.0,0.00030995754,0.038373467
7640,0.5302251,0.0,0.0549761,3.1898816,0.00023109789,0.0,0.000169879,0.03837311
7641,3.861888,0.0,13.15838,3.189887,3.1472886e-05,0.0,0.0033455703,0.03837273
7642,7.742146,0.0,1.835935,3.1898897,6.208635e-05,0.0,0.0006599471,0.038372356
7643,0.09301767,0.0,0.5541213,3.1898937,0.0018200595,0.0,0.00024158097,0.038372133
7644,8.547264,0.0,0.15816264,3.1898983,3.4637284e-05,0.0,0.0001448283,0.038371917
7645,10.186838,0.0,1.7313659,3.1899028,2.8446213e-05,0.0,0.001031009,0.038371634
7646,0.47069708,0.0,0.35295907,3.189906,3.6997328e-05,0.0,8.9973015e-05,0.03837164
7647,1.6366427,0.0,0.6733036,3.189909,3.7852784e-05,0.0,0.0003172171,0.038371593
7648,0.15694244,0.0,0.38152003,3.1899128,3.6199257e-05,0.0,0.0003235264,0.03837137
7649,0.26132894,0.0,3.6767585,3.1899135,6.555869e-05,0.0,0.00016007254,0.038371045
7650,0.701958,0.0,1.0076306,3.189917,4.665978e-06,0.0,5.9934588e-05,0.03837078
7651,12.153707,0.0,4.40834,3.1899202,0.00051387097,0.0,0.001750856,0.038370468
7652,1.1790487,0.0,10.980816,3.189927,4.5128618e-05,0.0,8.226742e-05,0.038370084
7653,0.74809045,0.0,0.030020747,3.1899364,9.725751e-05,0.0,0.00024040353,0.038369663
7654,0.91692686,0.0,0.028962933,3.1899447,7.034753e-06,0.0,0.0011963882,0.038369313
7655,0.21923612,0.0,7.1432548,3.1899514,1.0238981e-05,0.0,0.00013541686,0.03836894
7656,2.1768043,0.0,0.26426846,3.1899564,0.00012300609,0.0,0.005601778,0.03836853
7657,0.2392761,0.0,1.5000609,3.1899607,0.0017426424,0.0,0.0033278617,0.03836812
7658,0.41064963,0.0,0.016107416,3.189965,1.0064455e-05,0.0,9.432695e-05,0.03836769
7659,2.5175924,0.0,0.15935367,3.1899693,7.239135e-06,0.0,0.0019347584,0.038367204
7660,1.3773466,0.0,0.044267904,3.189972,0.0030729251,0.0,0.0004612987,0.0383667
7661,2.488126,0.0,3.7039182,3.189974,3.146526e-05,0.0,0.0028041368,0.03836621
7662,0.34831893,0.0,0.24414733,3.189977,0.0016813283,0.0,0.00013880106,0.038365785
7663,6.3017974,0.0,0.2705659,3.189979,0.0033191785,0.0,0.00015219214,0.038365398
7664,0.15954912,0.0,0.102219604,3.1899822,6.1464725e-06,0.0,0.0002656926,0.038364973
7665,0.9990545,0.0,1.6376395,3.1899862,0.000118098185,0.0,9.3304014e-05,0.038364705
7666,0.100778386,0.0,0.08254936,3.18999,3.9832503e-05,0.0,0.00012624501,0.038364355
7667,0.30975145,0.0,0.4613492,3.1899934,1.6561538e-05,0.0,0.005310431,0.038363975
7668,0.09231047,0.0,7.789922,3.1899958,5.1351846e-05,0.0,0.0028775546,0.03836371
7669,0.5118149,0.0,0.9719068,3.1899977,5.7186724e-05,0.0,0.0003128113,0.038363338
7670,14.331141,0.0,2.3052485,3.1899998,0.0008353207,0.0,8.4548126e-05,0.03836305
7671,0.07475933,0.0,0.9237708,3.190004,6.528287e-05,0.0,0.0061714156,0.038362756
7672,0.4015869,0.0,0.41644907,3.1900086,7.02757e-06,0.0,0.00017587523,0.038362954
7673,5.8894954,0.0,0.84802467,3.1900144,5.2538482e-05,0.0,7.1528746e-05,0.038363013
7674,4.8227277,0.0,0.35362136,3.1900196,2.9413863e-05,0.0,0.00047226084,0.038362965
7675,0.52669406,0.0,3.5503974,3.1900246,3.076351e-05,0.0,0.0112912785,0.038362723
7676,0.746133,0.0,0.6749671,3.1900299,0.00012745966,0.0,0.002263762,0.03836262
7677,3.9544547,0.0,11.354881,3.1900363,3.106838e-05,0.0,0.00013592702,0.03836238
7678,0.8652471,0.0,22.257538,3.1900425,2.5747344e-05,0.0,0.00013733718,0.03836225
7679,0.86695933,0.0,0.017973024,3.1900446,0.0018661125,0.0,8.3680985e-05,0.038362145
7680,0.83583534,0.0,0.89269084,3.190047,0.0020553675,0.0,0.00025255064,0.038362127
7681,0.10477871,0.0,2.444179,3.1900473,0.003261781,0.0,0.00016155666,0.038362283
7682,2.4487891,0.0,5.033982,3.1900487,1.0589075e-05,0.0,0.0003624842,0.038362574
7683,3.7625358,0.0,0.6411352,3.19005,0.0035059021,0.0,7.636299e-05,0.038362946
7684,0.27982354,0.0,1.6978384,3.1900501,0.004501078,0.0,9.973982e-05,0.038363196
7685,0.30973658,0.0,0.04543384,3.1900523,2.2391845e-05,0.0,0.00012470037,0.038363464
7686,1.5256,0.0,6.2082376,3.1900542,6.466479e-05,0.0,0.00016201983,0.038363654
7687,0.4171297,0.0,0.14700463,3.1900554,2.270528e-05,0.0,0.00076182507,0.0383634
7688,1.000807,0.0,4.9820733,3.190056,8.072367e-05,0.0,5.923811e-05,0.03836337
7689,0.1439188,0.0,0.026104942,3.190056,0.0015565093,0.0,0.00021590563,0.038363285
7690,0.3003519,0.0,0.13359451,3.1900558,7.7558914e-05,0.0,5.7581656e-05,0.03836314
7691,22.568823,0.0,0.03799638,3.1900563,8.564883e-05,0.0,0.00060488196,0.03836294
7692,2.2749703,0.0,0.5895534,3.1900563,2.047803e-05,0.0,0.0040898854,0.038362585
7693,0.17987432,0.0,0.56638366,3.1900568,1.1869349e-05,0.0,0.00010112085,0.038362145
7694,4.935959,0.0,0.037874587,3.1900582,9.561851e-05,0.0,0.0003417991,0.038361765
7695,1.5139405,0.0,0.060180437,3.1900601,0.00017832535,0.0,0.0028454885,0.038361397
7696,0.1107794,0.0,0.5872489,3.1900616,3.7377285e-05,0.0,6.0077487e-05,0.038360834
7697,0.73056084,0.0,0.056894056,3.190063,6.3989726e-05,0.0,0.0019710863,0.03836034
7698,3.9195633,0.0,0.38074243,3.1900644,2.8107675e-05,0.0,0.00018629464,0.038359977
7699,0.69584775,0.0,0.2003592,3.1900678,8.141396e-05,0.0,0.0051380773,0.038359623
7700,0.9446231,0.0,0.17425698,3.1900709,0.00017863745,0.0,0.00013193133,0.03835928
7701,0.056333166,0.0,1.1225121,3.1900737,7.859705e-06,0.0,4.1128544e-05,0.038359024
7702,3.164024,0.0,0.79223585,3.1900775,0.00059039483,0.0,8.289561e-05,0.038358707
7703,0.48060966,0.0,9.586496,3.1900804,0.000447434,0.0,0.0014419102,0.038358428
7704,3.8108382,0.0,0.47548255,3.1900766,4.596888e-05,0.0,4.3540662e-05,0.03835824
7705,10.520778,0.0,3.1969998,3.1900735,4.2239248e-05,0.0,0.00010037178,0.038358055
7706,0.18986519,0.0,1.4484751,3.1900718,1.9338922e-05,0.0,0.0032057734,0.03835777
7707,0.26885134,0.0,0.220601,3.1900697,5.1497474e-05,0.0,0.0072052227,0.03835758
7708,3.2100818,0.0,2.9630954,3.1900673,0.00017387189,0.0,1.9025409e-05,0.038357414
7709,1.7063822,0.0,0.018960778,3.1900656,1.5363126e-05,0.0,0.0010987059,0.038357187
7710,1.7332159,0.0,0.036207546,3.1900635,2.1653354e-05,0.0,0.0014573593,0.038356908
7711,5.233568,0.0,0.6955191,3.190062,6.216587e-05,0.0,0.0001428302,0.038356684
7712,0.16203082,0.0,0.31809115,3.1900601,1.50913365e-05,0.0,0.00028487126,0.038356412
7713,0.41417703,0.0,0.31079972,3.190062,4.3397897e-05,0.0,0.0028134042,0.038356
7714,0.46611786,0.0,2.053087,3.1900642,0.0033320582,0.0,0.00011871748,0.0383557
7715,0.526936,0.0,0.02399373,3.1900675,0.0011493854,0.0,0.0010023654,0.03835538
7716,0.96683663,0.0,4.678604,3.1900704,9.029752e-05,0.0,0.0001913998,0.038354963
7717,0.10824321,0.0,0.12090434,3.190065,4.39141e-05,0.0,8.463633e-05,0.038354922
7718,0.7641832,0.0,11.369638,3.1900601,0.00013832007,0.0,0.000165863,0.038354944
7719,0.16579632,0.0,0.23728736,3.1900535,2.1937256e-05,0.0,0.0027565188,0.038354933
7720,0.7739198,0.0,0.015149962,3.190047,0.0015404884,0.0,0.0002546203,0.03835487
7721,5.7682257,0.0,0.4283566,3.1900408,0.0022141892,0.0,0.00022362814,0.038354803
7722,3.6336517,0.0,6.2111354,3.1900346,0.0003842213,0.0,5.6915007e-05,0.03835474
7723,9.308888,0.0,0.07994596,3.190021,1.12443995e-05,0.0,0.0002369326,0.03835465
7724,1.3793037,0.0,0.9115095,3.1900094,8.249952e-05,0.0,0.0006378225,0.03835444
7725,3.5009046,0.0,5.038408,3.189997,0.00356099,0.0,2.9430017e-05,0.038354654
7726,3.9252765,0.0,2.203714,3.1899889,0.00025171405,0.0,0.005504255,0.038354766
7727,0.03016622,0.0,0.43601492,3.1899855,0.0016216423,0.0,0.0016972888,0.03835476
7728,4.606125,0.0,0.69817543,3.1899843,0.0035636458,0.0,0.0016779033,0.038354695
7729,3.2795744,0.0,1.4739214,3.1899803,0.00013050911,0.0,0.00047590837,0.03835457
7730,6.9009013,0.0,0.082352124,3.189976,1.6421578e-05,0.0,0.0011551391,0.038355015
7731,0.6944949,0.0,0.12659518,3.189972,0.00014521749,0.0,8.624219e-05,0.03835554
7732,0.503583,0.0,0.06807963,3.1899679,6.684149e-05,0.0,0.0023251416,0.038356043
7733,0.23700309,0.0,0.101224154,3.1899648,0.00043598504,0.0,0.0004092424,0.038356584
7734,2.5026307,0.0,0.07615786,3.1899617,0.00013209689,0.0,0.00021163246,0.038357053
7735,3.6312263,0.0,4.162876,3.1899612,9.484707e-05,0.0,0.0016931174,0.03835753
7736,0.8785898,0.0,7.294998,3.1899686,3.54071e-05,0.0,0.004348817,0.038357854
7737,10.913481,0.0,13.443227,3.1899743,0.000105973355,0.0,0.0057974365,0.038359415
7738,0.42216003,0.0,5.55219,3.1899788,3.3163655e-05,0.0,0.0014190112,0.038360707
7739,1.0827881,0.0,5.585945,3.1899817,0.0002053666,0.0,0.00015456109,0.038361836
7740,8.071263,0.0,0.82818556,3.1899824,0.00073682325,0.0,0.0039360863,0.03836279
7741,0.9569327,0.0,0.06743925,3.1899848,7.636655e-05,0.0,0.021162633,0.038364187
7742,0.39985576,0.0,3.122947,3.189986,1.9865674e-05,0.0,0.00017280542,0.038365476
7743,8.346528,0.0,0.018065933,3.1899855,0.0008384532,0.0,0.00021039924,0.038366806
7744,0.169011,0.0,0.17134093,3.1899853,5.401084e-05,0.0,0.00011217719,0.038368057
7745,1.688436,0.0,3.041418,3.1899848,0.00070458185,0.0,0.0043447153,0.038368978
7746,0.41248855,0.0,0.5453634,3.1899855,7.3290366e-06,0.0,0.00014945357,0.038369775
7747,8.724601,0.0,0.7415921,3.189989,5.106966e-05,0.0,0.0032859747,0.038370416
7748,12.366478,0.0,0.017946366,3.189998,0.00010067742,0.0,0.00023570552,0.038370945
7749,1.1332042,0.0,14.485876,3.1900058,1.809144e-05,0.0,0.0031050923,0.038371596
7750,1.2987314,0.0,0.034646247,3.1900036,0.00028407393,0.0,0.000482909,0.03837212
7751,0.9897024,0.0,9.627497,3.190001,7.1084025e-05,0.0,0.00037073315,0.038372274
7752,3.5226889,0.0,3.1919096,3.1899977,0.0011646935,0.0,1.742446e-05,0.03837213
7753,0.5613068,0.0,0.0647055,3.1899939,5.760204e-05,0.0,0.00022365781,0.038371906
7754,0.22537172,0.0,0.07526504,3.1899903,2.1612988e-05,0.0,0.00033987226,0.038371585
7755,3.322401,0.0,1.9984038,3.1899874,0.0007087525,0.0,7.745627e-05,0.038371272
7756,0.18470047,0.0,0.038005784,3.1899867,0.00018809088,0.0,0.00025661025,0.038370885
7757,0.07146883,0.0,6.3462663,3.1899853,0.00019955894,0.0,8.669826e-05,0.038370453
7758,0.3132421,0.0,2.9820836,3.1899822,2.6654223e-05,0.0,0.00066591427,0.038370006
7759,8.96598,0.0,0.059665315,3.1899793,0.0022513245,0.0,0.00034968762,0.038369983
7760,13.151336,0.0,2.2036438,3.189976,1.5374539e-05,0.0,0.00030299462,0.03836994
7761,0.06908817,0.0,0.2889125,3.189969,7.100444e-05,0.0,0.0039653135,0.038369685
7762,0.2596287,0.0,2.8759913,3.1899626,0.00068110396,0.0,7.949448e-05,0.038369205
7763,3.7605648,0.0,0.025150517,3.189959,9.454004e-06,0.0,0.00026303882,0.038368806
7764,0.15524434,0.0,0.27548724,3.1899555,0.00043837223,0.0,8.073111e-05,0.0383684
7765,0.2563296,0.0,0.079656444,3.1899524,0.00041031634,0.0,0.00012496121,0.03836796
7766,0.495007,0.0,3.1105635,3.1899486,0.00039166163,0.0,0.0020931007,0.03836753
7767,6.030543,0.0,1.5600888,3.189949,0.00045809924,0.0,0.00027199066,0.03836745
7768,7.789035,0.0,1.0377157,3.1899512,0.0033189699,0.0,0.00014616986,0.03836788
7769,2.724508,0.0,0.8483409,3.1899533,0.00075301505,0.0,0.00010832856,0.038368262
7770,1.821991,0.0,0.17014435,3.1899552,3.2682583e-05,0.0,0.00011103965,0.038368616
7771,3.9967105,0.0,0.0319028,3.189957,4.107382e-05,0.0,0.002499518,0.03836886
7772,0.093729205,0.0,0.12154518,3.1899583,0.0019942771,0.0,0.0026615458,0.038369127
7773,0.30236903,0.0,0.578757,3.1899588,0.0028530466,0.0,0.003244762,0.03836935
7774,0.4257645,0.0,3.6569684,3.189958,0.00063511345,0.0,6.198326e-05,0.038369708
7775,13.9759,0.0,0.037221707,3.1899579,0.001603241,0.0,0.0035529076,0.03837
7776,0.49638432,0.0,0.1519334,3.1899583,0.0029139784,0.0,0.0013997008,0.038370285
7777,0.36217204,0.0,0.9035096,3.1899583,0.00017716552,0.0,0.00852476,0.03837057
7778,2.4123015,0.0,0.3279025,3.1899579,0.000102485574,0.0,9.585723e-05,0.03837098
7779,11.575362,0.0,1.1785849,3.1899574,0.00015725858,0.0,0.0057181204,0.0383713
7780,0.78204113,0.0,0.119005196,3.1899571,3.8128677e-05,0.0,0.0002479097,0.038371358
7781,0.14227732,0.0,0.032294787,3.189957,1.9649593e-05,0.0,5.3992575e-05,0.038371395
7782,0.28641692,0.0,0.06407869,3.1899557,0.00043408287,0.0,5.380012e-05,0.038371388
7783,0.4610854,0.0,1.5534927,3.1899552,6.3418294e-05,0.0,0.00027499234,0.0383713
7784,7.959015,0.0,0.2277101,3.1899548,0.00019581622,0.0,0.0018753831,0.038371183
7785,0.17129783,0.0,3.999095,3.1899552,0.00013973325,0.0,0.00021366136,0.038370784
7786,1.8204726,0.0,9.99868,3.1899571,2.9331239e-05,0.0,0.00017365557,0.03837036
7787,0.15495239,0.0,0.3282872,3.1899636,1.3829722e-05,0.0,0.002706008,0.03836998
7788,0.17176117,0.0,2.5775099,3.1899712,2.9215298e-05,0.0,7.396193e-05,0.03836954
7789,0.1817637,0.0,1.0617313,3.1899688,0.00011185626,0.0,0.00019902775,0.038369104
7790,0.18519062,0.0,1.9020232,3.1899672,0.0047613652,0.0,0.0024742181,0.03836878
7791,4.1069994,0.0,14.787634,3.1899655,0.000112836475,0.0,0.00016880581,0.03836866
7792,6.567544,0.0,3.1425178,3.1899567,0.00015732826,0.0,0.00092682237,0.038368545
7793,0.33941364,0.0,0.15403636,3.1899471,2.7560878e-05,0.0,0.00013407868,0.03836896
7794,0.6686273,0.0,0.40096155,3.1899378,3.9818267e-05,0.0,0.00012403427,0.038369298
7795,0.3619277,0.0,13.040115,3.1899304,2.4462188e-05,0.0,5.6509012e-05,0.038369555
7796,0.35825205,0.0,0.039600573,3.1899257,5.2100713e-06,0.0,0.0031696856,0.03836976
7797,0.053889625,0.0,0.0433398,3.1899207,0.002708763,0.0,0.00017507465,0.038369853
7798,1.7376994,0.0,0.1571036,3.1899164,7.127458e-05,0.0,0.001056617,0.03837007
7799,9.293827,0.0,6.3417053,3.1899126,1.2589613e-05,0.0,0.0010585643,0.0383706
7800,11.13945,0.0,7.1633096,3.189906,9.4246825e-05,0.0,0.0030044445,0.03837121
7801,3.529674,0.0,0.036634557,3.1898983,2.550955e-06,0.0,0.00053730304,0.038371887
7802,4.214595,0.0,1.7165793,3.1898916,1.9514802e-05,0.0,0.00016811425,0.03837258
7803,0.054622777,0.0,0.52964,3.1898863,3.4272383e-05,0.0,7.331183e-05,0.03837321
7804,1.1673743,0.0,27.14977,3.1898808,1.4183282e-05,0.0,0.0031478172,0.038373765
7805,0.7233324,0.0,0.2030553,3.1898758,4.4651242e-05,0.0,3.7414782e-05,0.03837409
7806,0.4725944,0.0,0.3833758,3.1898718,9.112992e-05,0.0,0.0026383433,0.038374286
7807,0.18364191,0.0,0.3554108,3.1898654,1.2171128e-05,0.0,4.8726957e-05,0.038374472
7808,3.566071,0.0,0.30869246,3.18986,0.0014834984,0.0,0.0006588251,0.0383746
7809,5.8201456,0.0,0.5115587,3.1898565,2.7131804e-05,0.0,0.0024114738,0.03837465
7810,0.57549757,0.0,1.4380946,3.1898553,0.0015865442,0.0,0.00033441972,0.038374666
7811,0.7688274,0.0,0.027035138,3.1898575,1.5829777e-05,0.0,0.00026118828,0.038374614
7812,0.26703823,0.0,2.9522498,3.1898594,2.441343e-06,0.0,8.497448e-05,0.038374573
7813,1.5270587,0.0,2.5268402,3.1898606,9.029264e-06,0.0,0.0028580313,0.038374458
7814,0.49217018,0.0,0.8897557,3.1898644,2.4564239e-05,0.0,0.00023907072,0.038374398
7815,0.1780911,0.0,0.21837255,3.1898677,1.1899029e-05,0.0,0.00012785231,0.038374223
7816,2.2480247,0.0,5.2480927,3.1898713,1.4713011e-05,0.0,0.00012979306,0.03837407
7817,2.890567,0.0,0.028532267,3.1898746,0.0022114718,0.0,9.1663635e-05,0.038373906
7818,6.2121024,0.0,2.4737382,3.189877,0.00034506287,0.0,0.00012834207,0.03837366
7819,0.3907838,0.0,1.357921,3.1898785,0.0043200217,0.0,6.852097e-05,0.038373347
7820,2.477503,0.0,9.243545,3.1898794,1.306134e-05,0.0,0.00045831865,0.038373012
7821,3.1227393,0.0,0.21946669,3.1898825,5.9202546e-05,0.0,0.0026315316,0.038372613
7822,0.18084791,0.0,8.673204,3.1898859,0.001999342,0.0,0.00028259042,0.038372375
7823,1.9110609,0.0,0.036489673,3.189888,0.00197922,0.0,0.002568891,0.038372133
7824,0.42547154,0.0,5.804601,3.1898894,0.0001929124,0.0,0.003152782,0.038372025
7825,13.154122,0.0,16.431192,3.1898892,8.101709e-07,0.0,0.00012183888,0.038371876
7826,0.07887451,0.0,0.8665723,3.1898859,1.9627623e-05,0.0,7.5147196e-05,0.038371716
7827,0.2571961,0.0,0.068410866,3.1898835,0.0002940584,0.0,0.00031074067,0.038371515
7828,0.057747673,0.0,3.671034,3.1898818,0.0016062444,0.0,0.0030572866,0.03837131
7829,0.05114071,0.0,0.44696298,3.1898842,0.0031465332,0.0,0.00012127132,0.03837081
7830,3.021646,0.0,0.016274035,3.1898885,3.0619194e-05,0.0,0.00014697928,0.038370267
7831,0.51729286,0.0,0.112327,3.1898925,2.498469e-05,0.0,0.00014675659,0.038369782
7832,1.2779908,0.0,1.5000247,3.1898956,9.235591e-05,0.0,7.723556e-05,0.038369283
7833,0.7162649,0.0,0.92693895,3.1898985,1.40331895e-05,0.0,0.00033564758,0.03836875
7834,1.9088291,0.0,0.8122609,3.1899054,2.3847082e-05,0.0,0.002370266,0.03836818
7835,0.119866155,0.0,1.5113214,3.189912,3.218744e-05,0.0,0.00037600563,0.038368367
7836,0.5194492,0.0,2.574445,3.1899188,0.0007517468,0.0,0.0045922752,0.03836845
7837,0.3734847,0.0,3.751949,3.1899233,1.2603632e-06,0.0,0.00021050664,0.038367487
7838,7.4174795,0.0,0.16630907,3.1899283,0.0028368055,0.0,0.00011037233,0.0383667
7839,17.724892,0.0,0.40446097,3.189934,0.0014026723,0.0,0.00011632644,0.038366035
7840,5.973967,0.0,1.0214062,3.1899374,0.00015374017,0.0,0.00015641421,0.038365506
7841,5.2841516,0.0,3.0476904,3.1899476,1.8600364e-05,0.0,0.00010306998,0.038364988
7842,0.73610705,0.0,0.07086867,3.1899605,0.0006539984,0.0,0.0027677317,0.03836453
7843,0.23320875,0.0,0.034891773,3.1899724,0.00016182021,0.0,5.7330166e-05,0.03836421
7844,2.4790537,0.0,7.6355023,3.1899824,0.0035280492,0.0,7.67897e-05,0.038363855
7845,9.127179,0.0,0.15815812,3.1899934,7.875325e-05,0.0,0.0001918812,0.038363505
7846,1.5722171,0.0,3.1040268,3.1900027,0.002792424,0.0,0.0001346359,0.038363148
7847,0.48550153,0.0,0.19471978,3.1900146,2.7292299e-05,0.0,7.913309e-05,0.03836279
7848,0.6898317,0.0,10.086773,3.1900256,0.0038489678,0.0,0.00011895156,0.038362537
7849,0.2237223,0.0,7.2999854,3.1900375,7.312035e-07,0.0,4.880168e-05,0.038362183
7850,0.65851927,0.0,0.09007027,3.1900454,2.0138928e-05,0.0,0.00022431053,0.038361814
7851,2.5506072,0.0,0.7374244,3.190053,1.4064535e-05,0.0,0.00046126178,0.0383614
7852,0.76806784,0.0,0.3121613,3.1900618,0.0019795282,0.0,0.0003817746,0.03836104
7853,0.06419711,0.0,5.8510094,3.1900704,0.00011682493,0.0,0.000104380706,0.038360655
7854,7.4053917,0.0,0.04414391,3.1900787,0.000120300916,0.0,0.00019108565,0.038360227
7855,1.6561538,0.0,4.314026,3.190086,8.7017244e-05,0.0,7.843753e-05,0.03835986
7856,0.09338751,0.0,0.03788522,3.1900945,5.5057513e-05,0.0,0.00016911619,0.038359605
7857,0.32587746,0.0,0.94474715,3.1901016,0.0024392335,0.0,9.2056755e-05,0.03835923
7858,1.1350024,0.0,1.3142954,3.1901085,8.345295e-05,0.0,0.00047570062,0.038358822
7859,3.6708958,0.0,0.35851756,3.1901164,1.8875715e-05,0.0,0.00274737,0.038358297
7860,0.082352914,0.0,0.029299764,3.1901238,0.0002491567,0.0,0.0004991797,0.03835773
7861,6.7398005,0.0,25.942312,3.1901302,8.678973e-05,0.0,0.00011831203,0.0383574
7862,0.81499356,0.0,0.023860399,3.1901298,2.8268685e-05,0.0,0.00032447663,0.038357116
7863,4.11623,0.0,0.81201106,3.1901286,0.0021177363,0.0,0.00019885872,0.038356736
7864,0.06765979,0.0,0.024415271,3.1901307,0.00016164489,0.0,0.003053778,0.038356137
7865,3.9160635,0.0,7.7607985,3.1901324,4.4720677e-05,0.0,0.00018651356,0.03835565
7866,0.06981751,0.0,0.04689319,3.1901333,8.606908e-05,0.0,0.0010178756,0.03835515
7867,0.094246365,0.0,0.0722845,3.1901348,0.00019093529,0.0,3.378163e-05,0.03835463
7868,0.387575,0.0,1.5186348,3.1901357,0.00033969374,0.0,6.432948e-05,0.038354114
7869,0.09500102,0.0,7.0981317,3.1901362,2.3025761e-05,0.0,0.004599563,0.03835362
7870,0.116955586,0.0,0.65198946,3.1901367,0.0001757017,0.0,0.0004563435,0.038353123
7871,0.10509588,0.0,8.681958,3.19014,0.0001986876,0.0,0.00037574742,0.038352955
7872,0.13053516,0.0,7.74257,3.1901414,0.00010608812,0.0,0.00019181689,0.038352743
7873,0.5080407,0.0,1.7209369,3.1901453,0.00022246018,0.0,0.00034045975,0.03835263
7874,0.2735901,0.0,0.06499867,3.1901493,8.8001434e-05,0.0,0.00062992,0.038352523
7875,0.04334006,0.0,3.0545645,3.1901526,0.00017709957,0.0,0.002850803,0.038352385
7876,0.28613687,0.0,3.3084927,3.1901581,0.00015801752,0.0,0.0021957362,0.038352154
7877,1.2359374,0.0,0.1322644,3.1901634,0.0006343818,0.0,6.929251e-05,0.03835201
7878,0.15732105,0.0,12.693704,3.1901681,0.00015660713,0.0,0.00071851956,0.038351834
7879,0.06826781,0.0,3.093717,3.1901677,2.360285e-05,0.0,0.00043368715,0.038351607
7880,0.092757024,0.0,12.219821,3.1901693,0.00020124346,0.0,0.0015092248,0.038351495
7881,5.8020077,0.0,1.7631556,3.1901705,7.84966e-06,0.0,5.2439536e-05,0.03835129
7882,5.056625,0.0,3.8999343,3.1901724,8.761933e-05,0.0,0.0001686519,0.038351014
7883,1.5281534,0.0,0.6127939,3.1901784,1.7702661e-05,0.0,0.0005401366,0.038350716
7884,0.118834175,0.0,1.9906256,3.190185,0.0027692995,0.0,0.00037938185,0.038350314
7885,1.8542112,0.0,0.28025874,3.190197,0.005947522,0.0,0.0012321136,0.038349904
7886,2.6477795,0.0,0.102905914,3.1902084,0.000105828825,0.0,0.00018870947,0.03834956
7887,0.061966214,0.0,17.860855,3.190219,4.5834964e-05,0.0,0.0022833687,0.038349263
7888,7.3029456,0.0,0.66608846,3.190227,0.0018216158,0.0,0.0006374138,0.03834884
7889,3.496439,0.0,0.7946518,3.1902335,5.291026e-05,0.0,6.571488e-05,0.038348358
7890,0.113189116,0.0,0.1567297,3.1902416,0.0021083253,0.0,0.00016254,0.03834785
7891,0.061701495,0.0,2.9003155,3.1902494,0.00010239589,0.0,0.0003840863,0.03834726
7892,0.27118003,0.0,0.019228587,3.190258,0.0029209352,0.0,0.00096914463,0.03834706
7893,0.7300901,0.0,3.2642934,3.1902652,6.44618e-05,0.0,0.00015770382,0.038346805
7894,0.13611491,0.0,14.329574,3.1902745,9.6589465e-05,0.0,0.00043746713,0.038346715
7895,0.70956135,0.0,0.3603054,3.1902819,5.0187864e-06,0.0,0.00027943568,0.038345873
7896,0.17449367,0.0,0.067746446,3.19029,0.00010574848,0.0,0.0004669748,0.038345084
7897,0.3937476,0.0,0.47578132,3.1902966,5.5178525e-06,0.0,0.0005045545,0.038344823
7898,0.15615632,0.0,0.3058659,3.1903021,0.001077404,0.0,0.00013066753,0.038344577
7899,0.9075739,0.0,0.043536503,3.1903083,0.0023291754,0.0,0.0005802632,0.038344357
7900,11.32734,0.0,0.095601045,3.190313,4.9778737e-05,0.0,0.00045382584,0.03834414
7901,6.880348,0.0,0.26497895,3.1903157,9.12463e-05,0.0,0.00017062092,0.038343977
7902,9.393491,0.0,4.3406463,3.1903172,1.4880275e-05,0.0,0.00029362863,0.03834377
7903,6.3623,0.0,0.048147697,3.19032,1.5273774e-05,0.0,0.002681762,0.038343616
7904,0.95897156,0.0,0.895231,3.1903222,0.00015959359,0.0,0.0013503553,0.0383435
7905,10.81285,0.0,0.36391506,3.190324,0.0011899106,0.0,0.0013031357,0.038343374
7906,0.24078263,0.0,0.12067046,3.1903257,0.001031871,0.0,0.00041939397,0.038343284
7907,0.24866128,0.0,0.13416064,3.1903262,0.0009914201,0.0,0.00014301452,0.038343195
7908,3.0699768,0.0,8.188829,3.1903265,0.00020395499,0.0,0.002643825,0.038343105
7909,1.7339268,0.0,0.099801935,3.1903272,0.0034701042,0.0,0.00058725127,0.03834289
7910,0.15040763,0.0,0.019304734,3.1903284,0.0028525055,0.0,6.246946e-05,0.038342524
7911,5.737223,0.0,0.07287146,3.1903288,2.3676206e-05,0.0,5.5850018e-05,0.03834216
7912,0.9172095,0.0,0.017323334,3.1903293,0.0014649666,0.0,0.00013385058,0.038341768
7913,0.47642496,0.0,3.2811446,3.1903288,9.831873e-07,0.0,0.00011965678,0.03834135
7914,0.2244695,0.0,0.13087328,3.190328,0.0021705946,0.0,9.026426e-05,0.038340952
7915,0.3146366,0.0,4.39108,3.1903272,0.00010131647,0.0,0.00019531627,0.03834056
7916,2.54755,0.0,1.1709429,3.1903284,0.00027512712,0.0,0.0001328989,0.038340144
7917,0.83058536,0.0,2.6937733,3.1903324,0.0008495662,0.0,0.000114477465,0.038339663
7918,0.6913394,0.0,0.7900047,3.190337,0.0022955732,0.0,0.0032533351,0.038339075
7919,0.28685817,0.0,0.19953203,3.190343,0.002347446,0.0,0.0001561874,0.038338583
7920,0.40181288,0.0,0.08935678,3.1903489,0.002902017,0.0,0.0025675367,0.038338047
7921,12.394157,0.0,2.4199367,3.1903548,0.00017549735,0.0,0.00017419699,0.038337644
7922,1.5725962,0.0,1.5417242,3.1903615,0.00028074326,0.0,0.00012795512,0.038337346
7923,0.10460447,0.0,0.7256382,3.1903589,0.00025571324,0.0,0.00012776813,0.038337044
7924,0.9771584,0.0,5.8763366,3.190355,0.0050139604,0.0,0.0023110667,0.0383367
7925,1.4419757,0.0,0.118823275,3.19035,0.00020487537,0.0,0.0022385337,0.038336348
7926,2.3739781,0.0,0.05403825,3.1903455,0.00010545786,0.0,0.0019568834,0.038335968
7927,17.208017,0.0,0.600962,3.1903415,0.000261854,0.0,0.0024110042,0.038335964
7928,0.5186282,0.0,15.979577,3.1903374,9.2876464e-05,0.0,5.5428434e-05,0.038335748
7929,0.09628513,0.0,1.5914222,3.1903338,0.0002878207,0.0,0.00010501391,0.03833546
7930,6.569857,0.0,0.6212846,3.190331,0.00058987114,0.0,0.00045137198,0.03833516
7931,2.9697104,0.0,4.54158,3.19033,0.002741809,0.0,0.00034230924,0.038334668
7932,0.55205375,0.0,1.778157,3.1903274,0.0001506623,0.0,0.00040509034,0.038334217
7933,0.50244784,0.0,1.8906759,3.190326,2.6319009e-05,0.0,0.0013348018,0.03833372
7934,3.3106282,0.0,6.5520744,3.1903372,0.0006572183,0.0,0.00010819418,0.03833379
7935,0.34536415,0.0,6.927999,3.190344,0.00027092258,0.0,0.0023331237,0.03833391
7936,0.7607995,0.0,0.025782036,3.190348,0.00039243652,0.0,9.796169e-05,0.03833408
7937,7.985259,0.0,0.40135312,3.190352,0.0018585069,0.0,0.00025727123,0.0383343
7938,0.9928161,0.0,0.24068968,3.190355,3.8840158e-06,0.0,0.00022023977,0.03833451
7939,2.4740803,0.0,0.053720336,3.1903567,0.00024258933,0.0,0.00015774483,0.03833473
7940,9.760602,0.0,0.48483896,3.1903577,0.0030093738,0.0,0.00087406655,0.03833497
7941,0.55625075,0.0,0.2852808,3.1903598,0.00018343734,0.0,0.0002539162,0.038335327
7942,8.327321,0.0,1.1164527,3.1903617,0.00020499618,0.0,0.00050010066,0.0383357
7943,0.60504794,0.0,1.0559809,3.1903641,0.00016448788,0.0,0.00020430324,0.03833604
7944,1.2465035,0.0,12.59306,3.1903663,0.00014248675,0.0,0.002356737,0.03833632
7945,1.0020186,0.0,0.099159785,3.1903667,6.339524e-05,0.0,0.00013629129,0.03833661
7946,5.4724884,0.0,2.3629835,3.1903677,0.001986568,0.0,0.00017544592,0.038336866
7947,3.2450957,0.0,8.443913,3.190371,0.00013132747,0.0,0.0027457823,0.038337085
7948,0.14156556,0.0,0.062039375,3.190371,7.8725025e-05,0.0,9.336644e-05,0.038337167
7949,0.28963953,0.0,0.11101769,3.1903713,4.1561383e-05,0.0,0.00044466538,0.038337186
7950,0.3523852,0.0,0.98846436,3.1903706,0.00011521336,0.0,0.0013353962,0.03833717
7951,4.946551,0.0,0.72068805,3.190369,0.00017229373,0.0,0.00013034722,0.03833712
7952,8.418477,0.0,0.7661849,3.1903675,2.4803521e-05,0.0,0.0008926851,0.038336903
7953,5.8909364,0.0,0.2408586,3.190368,1.3539015e-05,0.0,0.0011314834,0.038336746
7954,0.38493037,0.0,3.418195,3.1903667,0.0033740895,0.0,0.0033780392,0.038336847
7955,1.669857,0.0,9.907446,3.1903656,0.0025562583,0.0,0.0006341201,0.038336843
7956,6.0849833,0.0,3.785989,3.190357,3.1481228e-05,0.0,0.00037137774,0.038336977
7957,1.2344933,0.0,5.5011654,3.1903508,0.0024349187,0.0,0.0001408984,0.03833717
7958,5.3844924,0.0,1.2419865,3.1903458,4.68962e-05,0.0,0.0008975889,0.03833724
7959,1.5952007,0.0,2.3215556,3.1903443,0.0006114705,0.0,0.000115606985,0.038337223
7960,5.5978775,0.0,0.45067888,3.1903448,2.5875723e-05,0.0,0.0008979409,0.03833746
7961,0.8424921,0.0,1.5708504,3.1903455,3.072811e-05,0.0,0.0002273045,0.03833762
7962,1.5030997,0.0,4.022135,3.190346,1.4463927e-05,0.0,0.0042318096,0.03833772
7963,0.66333604,0.0,0.70395344,3.1903439,4.430915e-05,0.0,0.0030083423,0.03833769
7964,5.181232,0.0,2.1534889,3.190343,0.0014087309,0.0,0.0006834577,0.038337696
7965,0.14653708,0.0,0.052800484,3.190342,0.0022028014,0.0,0.002061201,0.03833809
7966,11.192224,0.0,0.23926935,3.1903415,5.166216e-06,0.0,0.0029108496,0.03833839
7967,7.8387747,0.0,3.2090209,3.1903412,4.056062e-05,0.0,7.0726026e-05,0.038338713
7968,7.9712043,0.0,0.064229086,3.190336,0.002097973,0.0,0.00043129807,0.038338955
7969,0.41311783,0.0,0.105628334,3.1903315,2.5583535e-05,0.0,0.0005789152,0.0383391
7970,0.25298113,0.0,0.02091725,3.1903276,9.76495e-06,0.0,0.00033181597,0.038339324
7971,0.51723224,0.0,1.4786129,3.1903236,0.00075901905,0.0,0.017762018,0.038339686
7972,0.80273163,0.0,6.379858,3.1903155,2.5270589e-05,0.0,0.00012754061,0.038340032
7973,0.43920335,0.0,6.479477,3.1903038,0.0013517432,0.0,0.00016258971,0.038340267
7974,4.271643,0.0,7.84763,3.1902962,0.0005113513,0.0,0.000119265846,0.03834039
7975,2.211174,0.0,6.153566,3.1902945,0.0006213459,0.0,9.7385186e-05,0.03834045
7976,0.17942703,0.0,1.8839605,3.1902943,0.0002510689,0.0,0.00017090839,0.038340468
7977,0.22167581,0.0,0.88505447,3.1902938,2.4791838e-05,0.0,0.00047502847,0.038340423
7978,0.29962492,0.0,4.616928,3.190294,1.6746588e-05,0.0,0.00015995087,0.03834062
7979,0.6626598,0.0,0.21760096,3.190295,0.00013878834,0.0,6.430153e-05,0.038340718
7980,0.13694727,0.0,0.27472103,3.1902943,5.0065e-05,0.0,0.00033299325,0.038340833
7981,13.714446,0.0,19.128727,3.1902933,4.1991232e-05,0.0,0.00029700957,0.03834089
7982,0.1256769,0.0,0.45073494,3.1902912,3.1527255e-05,0.0,9.057993e-05,0.038340673
7983,1.1185836,0.0,0.06581171,3.190299,2.882456e-06,0.0,0.0050768186,0.0383404
7984,1.8568217,0.0,0.048766464,3.190306,4.769161e-05,0.0,0.0045257406,0.0383402
7985,6.3938093,0.0,0.031001715,3.190312,3.4978805e-06,0.0,0.0002699918,0.038339872
7986,0.41959196,0.0,0.09704339,3.1903176,0.00014309032,0.0,8.599032e-05,0.038339507
7987,1.886075,0.0,14.727416,3.1903245,0.0025983544,0.0,3.529779e-05,0.03833912
7988,0.09898666,0.0,0.023582593,3.190333,7.577493e-05,0.0,0.00021675442,0.038338695
7989,3.5376468,0.0,0.5727143,3.1903403,0.0015749275,0.0,0.00012503704,0.038338244
7990,11.184908,0.0,0.64659077,3.190346,2.6339672e-05,0.0,6.94725e-05,0.038337752
7991,0.19063635,0.0,0.04865418,3.1903522,1.818215e-05,0.0,5.0195205e-05,0.038337264
7992,5.031765,0.0,0.026165335,3.190357,0.0001039811,0.0,8.9545865e-05,0.03833676
7993,1.8213332,0.0,3.7895153,3.1903598,6.394679e-05,0.0,0.00015592482,0.038336206
7994,2.2055037,0.0,0.26664945,3.1903641,0.0024882113,0.0,0.0013814477,0.038335774
7995,9.8183975,0.0,7.9800286,3.1903615,2.7021524e-05,0.0,0.0005064126,0.038335416
7996,0.1608767,0.0,0.42442822,3.1903577,3.4402365e-05,0.0,0.0024927717,0.038335156
7997,0.14166197,0.0,0.04746331,3.1903543,6.614958e-06,0.0,0.00653671,0.038335066
7998,0.6003484,0.0,6.3484006,3.1903512,0.0005760746,0.0,0.00012819908,0.038334772
7999,4.130179,0.0,0.18114999,3.1903446,0.0025599531,0.0,5.0997423e-05,0.038334407
8000,1.0328032,0.0,1.7296528,3.190337,4.7446083e-05,0.0,7.1646806e-05,0.038334012
8001,0.073692486,0.0,1.2128587,3.1903212,6.611919e-05,0.0,0.00011911222,0.038333565
8002,9.808461,0.0,0.055695347,3.1903083,0.00024753567,0.0,0.00035441638,0.0383332
8003,2.3779426,0.0,1.9439365,3.1902964,0.0023884561,0.0,0.00032065032,0.03833297
8004,0.37781158,0.0,1.0982002,3.1902864,6.031507e-05,0.0,8.250193e-05,0.03833287
8005,0.82624793,0.0,0.77162904,3.1902785,1.9685882e-05,0.0,0.0024880106,0.03833275
8006,0.31155926,0.0,4.1199503,3.190275,0.0024579575,0.0,0.0024063713,0.038332526
8007,6.2499647,0.0,1.2280437,3.1902702,0.000495118,0.0,0.00018866251,0.03833211
8008,1.8367563,0.0,2.325112,3.190266,2.9683004e-05,0.0,0.003011871,0.038331877
8009,0.121720664,0.0,0.014130419,3.1902626,0.00267722,0.0,0.0005900617,0.038331628
8010,1.7380472,0.0,10.220116,3.1902592,1.7076567e-05,0.0,0.00016412247,0.03833159
8011,2.4421353,0.0,7.324946,3.1902652,0.0004292461,0.0,0.00015215413,0.03833158
8012,0.62287813,0.0,0.48703343,3.1902657,3.732822e-05,0.0,0.00022677983,0.0383317
8013,5.7468057,0.0,0.16270797,3.1902676,5.638488e-05,0.0,0.00035365787,0.038331714
8014,0.03884633,0.0,0.033697568,3.1902685,4.409945e-05,0.0,4.549078e-05,0.038331863
8015,1.4877688,0.0,2.7631757,3.1902697,3.8057115e-05,0.0,0.00020230224,0.038331944
8016,13.960857,0.0,4.200522,3.1902719,0.0027761864,0.0,5.250345e-05,0.038331926
8017,2.9397993,0.0,0.6337476,3.190275,0.0035767907,0.0,0.0005807148,0.03833186
8018,3.3082104,0.0,0.14812773,3.190277,0.001245851,0.0,0.0005845306,0.038331676
8019,1.2716944,0.0,0.40483254,3.1902795,0.003271163,0.0,0.0033452748,0.038331393
8020,3.3338637,0.0,0.9447601,3.1902833,0.001948827,0.0,0.0023093964,0.038331468
8021,12.988645,0.0,0.016138272,3.1902874,0.00019933365,0.0,0.00030974176,0.038331494
8022,4.0867133,0.0,0.17621103,3.1902912,4.323529e-05,0.0,0.0029117626,0.038331583
8023,0.114672646,0.0,3.7190855,3.1902933,0.00014325113,0.0,0.004162462,0.038331773
8024,0.12448918,0.0,4.469715,3.1902947,5.8755504e-05,0.0,0.0025432347,0.038331624
8025,0.21609788,0.0,0.21798646,3.1902976,2.2215976e-05,0.0,0.0001075238,0.038331397
8026,11.668361,0.0,6.345811,3.1903012,0.001895405,0.0,5.4980366e-05,0.03833119
8027,0.28622222,0.0,0.08916855,3.1903007,0.00018631174,0.0,0.0008293594,0.03833091
8028,2.334572,0.0,0.04133248,3.1903005,5.1366434e-05,0.0,0.00033394175,0.038330577
8029,11.549484,0.0,0.06131565,3.1903002,4.9645656e-05,0.0,0.0033323425,0.03833029
8030,0.10687059,0.0,8.076383,3.1903005,0.00024422872,0.0,0.00031767949,0.03833019
8031,0.31415433,0.0,18.514095,3.1902997,0.0043110102,0.0,0.0019539567,0.038330052
8032,3.0655599,0.0,0.02315158,3.1903002,3.9484297e-05,0.0,0.00015903858,0.038329933
8033,0.99645126,0.0,1.5377326,3.1903007,0.0020174524,0.0,0.0015566236,0.03832981
8034,1.9695388,0.0,0.9865324,3.190301,6.5639615e-05,0.0,0.00011745195,0.038329583
8035,10.295368,0.0,2.2504354,3.1903024,2.8051745e-05,0.0,0.00027345977,0.038329225
8036,1.8346953,0.0,0.020141797,3.1903062,7.151941e-05,0.0,0.00017332399,0.038328853
8037,0.5836426,0.0,2.0336378,3.1903098,0.002571669,0.0,0.000111525056,0.038328465
8038,0.51996124,0.0,2.450496,3.190314,6.860517e-05,0.0,8.8261644e-05,0.038328093
8039,0.07042142,0.0,0.32708696,3.190321,0.000116098636,0.0,0.0028545333,0.03832768
8040,0.7092827,0.0,0.07866998,3.1903281,0.00016256009,0.0,6.212381e-05,0.038327143
8041,0.09171388,0.0,0.15045741,3.190334,0.002684982,0.0,0.0019060835,0.038326595
8042,0.6640106,0.0,0.78067243,3.19034,0.00018234696,0.0,0.00037487605,0.038326032
8043,0.35336348,0.0,0.063203156,3.1903462,0.0018720671,0.0,0.0029531177,0.038325425
8044,11.901778,0.0,0.16066067,3.1903512,0.0032776177,0.0,0.0001406777,0.03832485
8045,2.0708885,0.0,0.83140653,3.1903543,7.5007934e-05,0.0,7.542377e-05,0.038324114
8046,0.27776402,0.0,0.16869654,3.1903794,0.00020018307,0.0,0.0028537516,0.038323376
8047,0.23917294,0.0,0.6586304,3.1904016,0.00088460866,0.0,0.00027795747,0.03832355
8048,0.1739569,0.0,0.024679761,3.190422,0.00014922082,0.0,0.00029977475,0.038323622
8049,2.9049633,0.0,0.1982992,3.1904411,0.00015091,0.0,0.00019694678,0.03832346
8050,3.3415365,0.0,0.42350796,3.1904569,0.002694127,0.0,0.00025958417,0.038323287
8051,0.68135166,0.0,4.9307976,3.190473,0.001688678,0.0,0.004671092,0.038323328
8052,1.3367884,0.0,0.12358586,3.190486,0.0014555169,0.0,0.00010277321,0.038323373
8053,0.22642338,0.0,0.6005604,3.190497,0.0014787231,0.0,0.0037107319,0.03832341
8054,0.06597749,0.0,2.0436158,3.190507,0.000109029315,0.0,0.0022729205,0.0383236
8055,0.17880519,0.0,0.027176892,3.1905177,0.00036480848,0.0,0.006254809,0.03832377
8056,0.7550758,0.0,0.35856837,3.1905265,2.7859729e-05,0.0,0.00014176684,0.038323835
8057,1.685858,0.0,1.2594653,3.1905382,2.1740514e-05,0.0,0.00028234447,0.038323823
8058,0.3445429,0.0,6.3230114,3.19055,0.00021491779,0.0,0.0065478543,0.03832378
8059,1.0532936,0.0,0.26176044,3.1905622,0.000101989346,0.0,0.0001839008,0.03832363
8060,0.5254384,0.0,2.672348,3.190573,0.00016657914,0.0,0.00019349912,0.038323466
8061,0.30224258,0.0,0.16873372,3.1905825,5.148367e-05,0.0,7.720529e-05,0.038323324
8062,3.4224257,0.0,1.054072,3.1905923,0.00013946832,0.0,0.0009331751,0.03832311
8063,5.782861,0.0,0.6725923,3.1906044,0.004336526,0.0,0.00035370036,0.038322818
8064,0.19077633,0.0,0.047916215,3.190615,0.00020909986,0.0,0.001344004,0.038322706
8065,0.8607423,0.0,9.754921,3.190625,0.0030094364,0.0,0.0009314311,0.038322568
8066,7.7656856,0.0,0.6402016,3.1906347,0.00053593697,0.0,0.00031045912,0.038322415
8067,0.43329552,0.0,0.022954857,3.1906445,0.00032398693,0.0,3.54616e-05,0.038322307
8068,0.45971188,0.0,8.57605,3.1906524,0.00017527206,0.0,0.0022658904,0.03832215
8069,11.95184,0.0,0.0600184,3.190656,0.00015210125,0.0,0.0040189615,0.0383221
8070,7.2113094,0.0,0.68004715,3.190659,0.00018460971,0.0,4.806964e-05,0.038322963
8071,12.128057,0.0,0.70110005,3.1906621,0.002295735,0.0,0.0039796163,0.038323727
8072,8.107866,0.0,3.9895382,3.1906648,0.0017102011,0.0,0.0002815911,0.038325097
8073,5.08262,0.0,0.23566602,3.1906722,0.00040056848,0.0,0.00016517978,0.038326316
8074,6.723565,0.0,0.07951987,3.1906793,0.00027000727,0.0,9.0661044e-05,0.038327433
8075,7.139066,0.0,0.05602829,3.1906857,0.00011689044,0.0,0.0002958611,0.038328428
8076,1.9863516,0.0,16.750477,3.1906908,0.00013663448,0.0,0.00029070565,0.038329337
8077,0.67136794,0.0,0.1209017,3.1906936,0.0018492532,0.0,0.0019732297,0.038330052
8078,0.92976546,0.0,0.018399285,3.1906965,7.442711e-05,0.0,0.0008535273,0.03833085
8079,0.9698951,0.0,0.02082175,3.1906986,0.00024747517,0.0,0.0002582317,0.03833157
8080,3.5487213,0.0,0.39909464,3.1907008,4.934345e-05,0.0,0.0002597832,0.03833225
8081,0.8379998,0.0,1.6048714,3.1907024,0.00036915654,0.0,0.0001086456,0.0383326
8082,5.4621644,0.0,3.9405706,3.1907055,2.9690798e-06,0.0,0.0001359953,0.038332686
8083,0.6218627,0.0,2.935358,3.190708,0.0020487965,0.0,0.00066113716,0.038332753
8084,4.072145,0.0,0.50497687,3.1907098,0.00013675218,0.0,0.0013177454,0.038332775
8085,0.72021425,0.0,7.3049374,3.1907108,0.00085898465,0.0,0.0031003782,0.038332786
8086,3.3682628,0.0,0.066062726,3.1907132,7.502732e-05,0.0,9.7710355e-05,0.03833294
8087,1.4409553,0.0,0.031943247,3.1907163,6.327096e-05,0.0,0.001968996,0.038332973
8088,3.4632778,0.0,0.40328014,3.1907182,0.00017260936,0.0,0.0005241418,0.03833298
8089,0.88618714,0.0,2.4789257,3.1907215,7.769454e-05,0.0,0.00028220794,0.038332943
8090,0.8848638,0.0,5.405821,3.1907253,2.1407028e-05,0.0,0.002140556,0.038332917
8091,0.19754499,0.0,0.07063285,3.1907263,0.0028580138,0.0,0.0050611766,0.038332876
8092,0.9860391,0.0,0.030376803,3.1907272,0.00015844655,0.0,0.00012322009,0.038332734
8093,0.19190806,0.0,1.3767908,3.1907282,0.0031477362,0.0,0.003208971,0.03833255
8094,0.57928556,0.0,1.8204384,3.1907282,0.000118070326,0.0,0.000102365375,0.03833243
8095,1.8122158,0.0,1.1949433,3.1907308,0.0029990587,0.0,0.00029350905,0.03833225
8096,12.418803,0.0,0.39396477,3.1907346,2.491878e-05,0.0,2.830617e-05,0.03833213
8097,2.6398785,0.0,10.687041,3.190738,3.1912066e-05,0.0,0.003259567,0.03833196
8098,0.1966587,0.0,11.1108,3.1907377,4.569735e-05,0.0,0.00016366487,0.03833175
8099,0.6178985,0.0,0.066131905,3.1907377,0.0031097592,0.0,0.003575619,0.038331456
8100,0.19026287,0.0,14.370387,3.1907375,0.000120753975,0.0,0.0016044044,0.038331065
8101,0.48940036,0.0,2.7677033,3.190734,0.000306668,0.0,2.6019374e-05,0.03833055
8102,0.19626722,0.0,1.15112,3.1907272,0.0005452516,0.0,0.001583813,0.038330045
8103,0.2193675,0.0,2.4300647,3.1907208,0.00217961,0.0,0.00010172803,0.03832948
8104,5.7001295,0.0,0.070001006,3.1907144,0.0018827459,0.0,0.002586758,0.03832889
8105,0.4343646,0.0,0.91308135,3.1907096,0.00021688303,0.0,0.0024241619,0.038328245
8106,16.382591,0.0,0.44562232,3.1907094,4.8618887e-05,0.0,0.00059464725,0.038327668
8107,0.12776732,0.0,0.012558171,3.1907115,8.843862e-05,0.0,8.912316e-05,0.038327307
8108,3.420084,0.0,0.5686474,3.190713,0.00039435702,0.0,5.3483727e-05,0.03832689
8109,1.5530524,0.0,0.45827177,3.1907134,6.607704e-05,0.0,0.0003983059,0.038326386
8110,4.107712,0.0,3.494836,3.1907146,4.9432587e-05,0.0,4.3618755e-05,0.038325876
8111,0.6788912,0.0,0.33390212,3.1907158,0.00015392905,0.0,7.6725766e-05,0.038325373
8112,0.85894585,0.0,6.0074096,3.1907182,0.00023528625,0.0,0.00016297956,0.03832489
8113,9.342364,0.0,0.054517552,3.1907225,0.002050783,0.0,0.0040250784,0.03832437
8114,3.267176,0.0,0.032821976,3.1907258,0.00011210803,0.0,0.0001820847,0.038323797
8115,0.59342533,0.0,16.834454,3.1907287,2.0726566e-05,0.0,0.0024166247,0.038323246
8116,2.9615269,0.0,0.043672953,3.1907299,0.00058903726,0.0,0.0002333373,0.03832271
8117,0.26317424,0.0,0.2738862,3.1907296,0.00068415806,0.0,0.00013596535,0.038322195
8118,2.2454748,0.0,0.055340312,3.190731,0.0011471416,0.0,0.00016741676,0.03832167
8119,0.38015047,0.0,0.12709263,3.1907308,0.00026566803,0.0,0.00011330052,0.03832109
8120,3.2564385,0.0,14.8609295,3.1907322,0.0003184134,0.0,0.00010525345,0.038320493
8121,0.22792928,0.0,0.060720928,3.1907322,0.00018017765,0.0,0.0016958972,0.038319886
8122,0.95917946,0.0,4.4965377,3.190732,2.2373126e-05,0.0,0.00026953517,0.038319815
8123,0.09697618,0.0,0.46518755,3.1907318,0.00010502789,0.0,0.00031057783,0.038319696
8124,1.6616971,0.0,2.8890216,3.1907318,9.609357e-05,0.0,0.0044491985,0.038319916
8125,11.048061,0.0,0.16862102,3.1907341,4.2685835e-05,0.0,0.00061130367,0.03832004
8126,4.1097665,0.0,1.3913883,3.1907365,0.00014175015,0.0,0.00012242937,0.03832159
8127,0.14870216,0.0,8.537936,3.1907387,3.671481e-05,0.0,0.00022989468,0.0383232
8128,2.5967722,0.0,2.0851564,3.190738,9.252141e-05,0.0,0.0044273995,0.03832464
8129,1.0350158,0.0,5.272728,3.190739,5.9749378e-05,0.0,5.7971374e-05,0.03832674
8130,0.27947718,0.0,1.4412272,3.190739,1.5948926e-05,0.0,0.0003296875,0.038328808
8131,2.102446,0.0,0.3777892,3.1907399,0.0019941858,0.0,0.00013410009,0.038330726
8132,0.14420459,0.0,4.88525,3.1907413,3.2671822e-05,0.0,0.002332565,0.038332466
8133,0.13643391,0.0,0.40022326,3.1907465,5.4279815e-05,0.0,0.00011793751,0.038333967
8134,13.5153,0.0,0.15734366,3.1907518,1.96679e-05,0.0,0.0015781174,0.038335297
8135,0.16054548,0.0,0.8409783,3.1907568,6.919481e-05,0.0,0.00025554618,0.038336527
8136,4.3344026,0.0,0.28424367,3.1907625,1.3388981e-05,0.0,0.00020255055,0.038337644
8137,0.08394816,0.0,1.1625234,3.1907675,0.004306598,0.0,0.00039709633,0.038338736
8138,0.69762397,0.0,0.14354137,3.1907718,7.743425e-06,0.0,0.00010919038,0.038339686
8139,2.54962,0.0,1.3783655,3.1907763,5.0656352e-05,0.0,9.0187874e-05,0.038340505
8140,0.5521208,0.0,1.277973,3.1907787,0.000118563,0.0,0.00031020923,0.038341217
8141,0.2096311,0.0,0.061628792,3.1907809,8.462134e-05,0.0,0.0008110909,0.038341846
8142,5.949388,0.0,9.2745075,3.1907825,5.5136486e-05,0.0,0.003719385,0.03834235
8143,0.11471018,0.0,0.019568086,3.1907835,5.214245e-05,0.0,0.007999643,0.03834275
8144,1.7229625,0.0,0.34043878,3.1907842,6.2437924e-05,0.0,0.0015464623,0.03834321
8145,2.6065693,0.0,0.05104369,3.1907835,3.650723e-05,0.0,0.004681371,0.038343724
8146,0.8271077,0.0,0.03522846,3.1907825,0.0034155988,0.0,0.00029653154,0.038344122
8147,0.1384806,0.0,1.8210242,3.190781,9.730882e-05,0.0,7.741852e-05,0.03834437
8148,8.570791,0.0,1.6737685,3.1907785,4.4911703e-06,0.0,0.004766341,0.0383445
8149,0.7957078,0.0,2.6452198,3.190775,0.0004824625,0.0,0.0011072054,0.038344603
8150,13.06956,0.0,0.026105069,3.19077,8.2586e-06,0.0,0.0030953297,0.03834539
8151,5.2387447,0.0,3.797839,3.1907654,2.1631531e-05,0.0,8.654036e-05,0.038346153
8152,0.35895717,0.0,0.3397775,3.1907628,8.7853925e-07,0.0,4.4696375e-05,0.038346786
8153,0.64590865,0.0,0.044759136,3.1907594,2.95916e-05,0.0,8.654217e-05,0.038347308
8154,2.9638448,0.0,0.49017662,3.1907544,1.342068e-05,0.0,7.7865465e-05,0.038347695
8155,0.16144454,0.0,0.08304733,3.1907506,6.3216554e-05,0.0,0.00065197644,0.038347952
8156,10.238984,0.0,0.11121738,3.1907473,2.658846e-05,0.0,0.00012431515,0.0383481
8157,0.3761834,0.0,3.90131,3.1907446,3.3632463e-05,0.0,0.0017939504,0.038348194
8158,18.955368,0.0,1.1066229,3.1907423,0.00027594686,0.0,0.0038098826,0.0383482
8159,0.34128293,0.0,2.0847473,3.1907442,0.00013322583,0.0,0.0013913069,0.038348153
8160,0.6085949,0.0,0.031028012,3.190746,6.029643e-05,0.0,0.00028301866,0.03834795
8161,2.899966,0.0,1.6572107,3.1907475,4.77311e-06,0.0,0.003918412,0.03834783
8162,7.9832788,0.0,3.2281308,3.1907506,9.8109726e-05,0.0,0.00015687525,0.038347892
8163,3.220697,0.0,0.07379875,3.1907547,0.00014332224,0.0,0.00018981102,0.03834795
8164,0.7552749,0.0,9.750997,3.190758,2.0872367e-05,0.0,0.0039903503,0.03834845
8165,0.37950978,0.0,9.044495,3.19076,1.3466873e-05,0.0,0.002143762,0.038352232
8166,1.3946309,0.0,0.62057364,3.1907601,3.1266893e-05,0.0,0.00015166051,0.03835581
8167,0.16358136,0.0,5.0055475,3.1907623,0.00021095702,0.0,0.007976512,0.038359
8168,1.4785903,0.0,0.71292734,3.1907659,3.801463e-05,0.0,0.00013324898,0.03836206
8169,1.3346661,0.0,10.211421,3.1907737,0.00011772398,0.0,0.00030027487,0.038364798
8170,20.658615,0.0,11.533456,3.1907787,6.498861e-05,0.0,0.00013450111,0.038367245
8171,0.23306899,0.0,0.5157472,3.1907818,5.9095666e-05,0.0,0.0034524812,0.03836946
8172,3.4227674,0.0,0.3001961,3.190785,2.1611973e-05,0.0,0.0012816917,0.03837133
8173,1.0083687,0.0,0.025929693,3.190789,6.333878e-05,0.0,6.4175176e-05,0.038373422
8174,2.902279,0.0,7.22743,3.1907926,4.823154e-06,0.0,0.00013666424,0.038375307
8175,1.3074313,0.0,0.8818296,3.1907933,0.0017191432,0.0,8.834779e-05,0.038376905
8176,2.2098577,0.0,0.43651557,3.1907952,0.002107499,0.0,0.00012135372,0.03837843
8177,0.45092726,0.0,11.172475,3.190798,1.8096382e-05,0.0,0.00012175137,0.038379926
8178,4.29085,0.0,1.6810092,3.1908,0.010109262,0.0,0.0027223297,0.03838122
8179,1.5883932,0.0,3.3072453,3.1908007,8.6011685e-05,0.0,0.00024337965,0.038382336
8180,0.8758763,0.0,0.061475895,3.1908004,9.322125e-06,0.0,0.00026761368,0.038383383
8181,0.27466723,0.0,3.763679,3.1908004,6.243285e-05,0.0,0.00028723647,0.038384292
8182,1.4782115,0.0,0.08734481,3.1908007,1.1307661e-05,0.0,0.00051029184,0.03838506
8183,1.5123088,0.0,0.035487767,3.1908016,6.797617e-05,0.0,0.0043780403,0.038386
8184,6.9210386,0.0,2.9055429,3.190802,3.5499346e-05,0.0,0.00010129552,0.038386814
8185,1.3084962,0.0,0.09599227,3.190805,9.472905e-06,0.0,0.00018387847,0.0383875
8186,0.6409835,0.0,3.2732184,3.190808,0.00014982552,0.0,0.0007328611,0.038388178
8187,0.24538586,0.0,0.25977963,3.1908107,2.0935073e-05,0.0,0.00018691298,0.038388986
8188,2.0566807,0.0,6.5645704,3.1908135,0.0023252491,0.0,0.0022162816,0.03838975
8189,7.8192115,0.0,11.706438,3.1908128,6.1874875e-05,0.0,0.000117176416,0.0383904
8190,0.45596164,0.0,0.039611015,3.1908104,6.962238e-05,0.0,0.0001467793,0.03839087
8191,1.5354599,0.0,0.05830689,3.1908078,0.00011304133,0.0,0.0006925628,0.03839125
8192,0.17797609,0.0,0.24273413,3.190806,0.0006477339,0.0,8.8173445e-05,0.038391586
8193,0.14219983,0.0,6.618049,3.1908052,0.0004898597,0.0,0.00060766627,0.03839183
8194,0.053440005,0.0,0.8961152,3.1908057,3.2061045e-05,0.0,0.00026650852,0.038392
8195,5.247908,0.0,11.151598,3.1908062,0.0021366093,0.0,0.0034501352,0.038392223
8196,0.23160623,0.0,2.0935917,3.1907976,1.1481952e-05,0.0,0.00017531119,0.038392458
8197,0.96368057,0.0,0.9388334,3.19079,3.0643365e-05,0.0,0.00022437958,0.03839268
8198,1.8385253,0.0,4.308448,3.1907804,3.9074934e-05,0.0,0.00010727543,0.038392823
8199,0.31344303,0.0,1.4488407,3.1907756,0.0019270821,0.0,0.0021148764,0.038392868
8200,0.043376297,0.0,0.08295371,3.1907778,0.0048966072,0.0,0.00061943353,0.038392812
8201,3.2846289,0.0,2.1917453,3.1907794,5.980952e-05,0.0,0.00016356328,0.03839297
8202,7.1084695,0.0,33.15047,3.190782,9.593221e-05,0.0,0.0026492358,0.03839316
8203,8.157661,0.0,5.7243695,3.190763,6.3806845e-05,0.0,0.00014200367,0.038393266
8204,5.2046266,0.0,2.8628345,3.1907473,0.0021817428,0.0,0.0010432408,0.03839322
8205,2.5227196,0.0,0.062430553,3.190734,0.0009352032,0.0,0.00040684294,0.038393147
8206,7.6234107,0.0,2.4001665,3.190722,0.00036537155,0.0,0.00011039051,0.038392346
8207,0.33529454,0.0,0.47300395,3.1907098,0.00062521716,0.0,0.00010749405,0.03839167
8208,12.245797,0.0,2.3999753,3.1906998,0.00012287835,0.0,6.5475404e-05,0.038390987
8209,5.9592433,0.0,0.75711477,3.1906931,9.562921e-05,0.0,0.004294787,0.03839037
8210,0.35589328,0.0,0.12930158,3.190687,9.097675e-05,0.0,0.000969799,0.038389783
8211,13.477756,0.0,0.19063409,3.1906807,3.0121551e-05,0.0,3.621426e-05,0.038389422
8212,0.4730461,0.0,1.8682283,3.1906757,0.0007451775,0.0,0.0013331869,0.038389094
8213,8.966183,0.0,4.1622796,3.1906703,0.000108537686,0.0,0.000157209,0.038389266
8214,2.1582055,0.0,0.8369348,3.1906662,1.9390029e-05,0.0,0.0024944076,0.03838941
8215,0.44475,0.0,0.06422259,3.1906652,0.0019516085,0.0,0.00014078539,0.038389433
8216,4.39327,0.0,0.0143071795,3.1906638,0.0028285321,0.0,0.00013632048,0.038389392
8217,5.5269923,0.0,1.4862487,3.1906621,8.332496e-05,0.0,0.0016273371,0.03838928
8218,1.6896133,0.0,0.07593874,3.1906626,0.0014033793,0.0,8.808727e-05,0.038389202
8219,2.4781904,0.0,0.111192964,3.1906621,0.00021842534,0.0,0.00015984714,0.03838907
8220,8.436233,0.0,0.118459724,3.190662,3.6813275e-05,0.0,0.0002527194,0.03838891
8221,9.275848,0.0,0.20595257,3.190662,5.759304e-05,0.0,0.0024074116,0.03838859
8222,3.014249,0.0,0.030320019,3.1906617,6.495251e-05,0.0,0.00032646034,0.038388222
8223,5.3522706,0.0,7.221417,3.1906614,0.00020656116,0.0,6.522202e-05,0.038387854
8224,0.289295,0.0,0.028399186,3.1906593,2.5854257e-05,0.0,0.00010510528,0.038387477
8225,1.014971,0.0,2.482631,3.1906567,8.714388e-05,0.0,0.00097081414,0.03838705
8226,10.5427065,0.0,4.2386994,3.1906488,8.8164896e-05,0.0,7.0542854e-05,0.03838655
8227,5.236573,0.0,0.8911624,3.1906521,0.00020627594,0.0,0.0027086802,0.038386043
8228,1.1578038,0.0,8.080844,3.1906548,0.0013987201,0.0,0.00044286292,0.038385388
8229,0.7145031,0.0,6.443321,3.190668,1.544416e-05,0.0,0.001343914,0.038384713
8230,1.3131195,0.0,0.041449092,3.1906753,5.3342947e-06,0.0,0.00014568525,0.038383804
8231,8.275064,0.0,2.5595443,3.1906807,6.193023e-05,0.0,0.00015664249,0.038382914
8232,0.2743786,0.0,0.10776532,3.1906807,0.004297477,0.0,0.00018296496,0.038382143
8233,3.2940855,0.0,1.2088143,3.1906807,4.284407e-05,0.0,0.00019927329,0.038381483
8234,2.9766707,0.0,1.843401,3.1906798,4.8255133e-06,0.0,0.00011956243,0.038381122
8235,3.2144194,0.0,0.983958,3.1906798,0.0026988317,0.0,0.0013856827,0.038380783
8236,1.3921556,0.0,3.9780226,3.1906798,0.00019768791,0.0,0.00024888164,0.038380522
8237,8.251485,0.0,0.959507,3.190678,1.7577311e-05,0.0,0.00027341518,0.03838038
8238,1.3557118,0.0,0.099816695,3.1906774,8.9848705e-05,0.0,0.00011829992,0.038380276
8239,4.216208,0.0,13.531762,3.1906765,0.0027887006,0.0,0.0002786801,0.038380217
8240,0.72096175,0.0,0.19072293,3.1906738,2.6478243e-05,0.0,0.000319823,0.038380235
8241,0.72041655,0.0,1.2844688,3.1906714,0.00040202608,0.0,0.00023424269,0.0383801
8242,1.3832873,0.0,0.5284349,3.1906714,0.000120794444,0.0,0.0006602161,0.038380075
8243,2.4104967,0.0,13.832705,3.1906714,0.00020370618,0.0,8.924318e-05,0.038379893
8244,2.6567855,0.0,1.1323373,3.190672,0.0001642703,0.0,0.00057096547,0.038379736
8245,0.26916656,0.0,0.27828732,3.190673,7.5389435e-05,0.0,0.0037575464,0.03837948
8246,0.3702798,0.0,0.022679532,3.1906765,0.00060448435,0.0,0.0005060153,0.038379192
8247,1.5538752,0.0,2.6650176,3.1906793,0.0031271398,0.0,0.0031426484,0.038378935
8248,0.65596956,0.0,12.555171,3.1906817,2.7552771e-05,0.0,0.00010472331,0.038378708
8249,0.67411053,0.0,0.016336272,3.1906748,7.161234e-05,0.0,0.00041079317,0.038378503
8250,0.5024195,0.0,0.6562798,3.190668,0.000506804,0.0,0.00015329108,0.038378198
8251,9.980422,0.0,0.029744135,3.1906652,4.3762873e-05,0.0,0.00035076094,0.03837788
8252,3.2463553,0.0,0.11511065,3.1906617,2.6334366e-05,0.0,0.00079833,0.038378127
8253,1.1319169,0.0,11.542871,3.19066,1.672078e-05,0.0,0.0011292138,0.038378168
8254,10.557263,0.0,0.082821965,3.1906598,0.0026642585,0.0,0.0003666457,0.038378354
8255,0.5648201,0.0,3.336936,3.19066,5.8799113e-05,0.0,0.00015163224,0.038378675
8256,0.78178954,0.0,0.47734183,3.1906626,6.7175715e-05,0.0,0.002103168,0.038378883
8257,23.180002,0.0,0.84567577,3.1906621,1.8451385e-05,0.0,0.0028500047,0.038379125
8258,0.07928905,0.0,0.9346793,3.1906624,0.00026400044,0.0,0.0025498555,0.038379412
8259,0.4269451,0.0,3.6210265,3.1906636,8.13685e-05,0.0,0.0029233969,0.038379777
8260,4.817194,0.0,11.850326,3.190665,3.7874495e-05,0.0,0.000779988,0.038380064
8261,1.100677,0.0,0.3144888,3.1906517,0.00011514101,0.0,0.0002404995,0.038380295
8262,1.1191164,0.0,0.12508209,3.1906412,2.6349957e-05,0.0,0.00020329535,0.038380425
8263,0.37341094,0.0,0.30442563,3.1906319,0.00075365487,0.0,0.0011678304,0.038380507
8264,2.2102299,0.0,0.5014184,3.190624,4.130778e-05,0.0,0.00013315878,0.03838064
8265,1.6871933,0.0,0.77543634,3.1906178,2.473672e-05,0.0,0.00042949422,0.038380746
8266,1.4870027,0.0,0.0146668805,3.1906111,9.137849e-05,0.0,0.00023591174,0.03838075
8267,1.0635372,0.0,10.654215,3.190605,1.6966616e-05,0.0,0.00013024325,0.038380705
8268,0.73790467,0.0,1.9514209,3.1906016,4.0990446e-05,0.0,0.0013758956,0.038380545
8269,0.44033715,0.0,0.064793445,3.190599,0.003170161,0.0,0.00021385931,0.038380645
8270,2.8325338,0.0,10.55269,3.1905963,0.0036159607,0.0,0.003219339,0.038380783
8271,3.9361782,0.0,0.6663684,3.1905925,1.1239782e-05,0.0,0.003671575,0.03838082
8272,0.36055946,0.0,14.126404,3.1905909,9.4830895e-05,0.0,0.005337688,0.038380902
8273,5.834739,0.0,0.8049236,3.1905885,0.0014925122,0.0,0.0025829596,0.038381085
8274,0.08789925,0.0,0.941315,3.1905866,6.350687e-05,0.0,0.0038828347,0.038381275
8275,0.14941405,0.0,5.0736766,3.190584,4.0112096e-05,0.0,0.002012706,0.038381338
8276,0.1842118,0.0,2.230215,3.1905818,4.1137384e-05,0.0,5.8114387e-05,0.038381834
8277,9.929491,0.0,1.9970195,3.1905801,4.1576986e-06,0.0,0.00021908083,0.03838227
8278,8.793183,0.0,0.94621503,3.1905794,3.424182e-05,0.0,3.1975804e-05,0.038382605
8279,1.2044749,0.0,8.618878,3.190579,5.507177e-06,0.0,0.00023365344,0.038382877
8280,8.758302,0.0,0.20365857,3.1905794,0.00010860949,0.0,0.00021427886,0.03838326
8281,7.03368,0.0,1.7659063,3.1905806,4.8451722e-05,0.0,0.00018450328,0.038383637
8282,0.3596429,0.0,1.1696144,3.1905828,0.00028043287,0.0,0.00024849063,0.038384054
8283,0.38273463,0.0,0.730849,3.190584,0.0030007856,0.0,5.158556e-05,0.038384452
8284,11.159362,0.0,3.72309,3.1905856,0.0027994225,0.0,0.00014990277,0.038384795
8285,6.826568,0.0,9.022681,3.1905882,2.4626723e-05,0.0,0.0013523218,0.03838503
8286,2.6934285,0.0,1.8936157,3.1905959,1.2798499e-05,0.0,0.00031847495,0.03838519
8287,3.2545078,0.0,12.834213,3.190604,1.4870929e-05,0.0,0.0026997845,0.03838542
8288,3.539546,0.0,0.085878536,3.190607,4.8509995e-05,0.0,0.00016515216,0.03838552
8289,1.8409873,0.0,2.0197887,3.19061,0.00064278755,0.0,0.0040499074,0.03838541
8290,3.1409981,0.0,0.35448214,3.1906123,1.2168683e-05,0.0,0.00023039602,0.038385306
8291,2.461734,0.0,8.173139,3.1906176,0.000120491815,0.0,0.00016459348,0.038385153
8292,7.3177757,0.0,3.175182,3.1906261,0.0033419041,0.0,0.00035726663,0.038384996
8293,0.6971782,0.0,0.18609755,3.1906354,0.00011246609,0.0,0.0037990578,0.038385
8294,8.506073,0.0,0.59616375,3.1906445,2.5656525e-05,0.0,0.00019669722,0.038385
8295,4.3000607,0.0,6.888693,3.1906526,9.316757e-05,0.0,0.0031466999,0.03838549
8296,1.199894,0.0,0.041659378,3.1906586,1.3798681e-05,0.0,6.3742154e-05,0.03838595
8297,0.18077616,0.0,2.5127537,3.1906633,3.1730233e-05,0.0,0.00017164822,0.038386308
8298,0.25621548,0.0,0.09492172,3.1906712,0.00021758101,0.0,0.0004103037,0.038386572
8299,0.14944656,0.0,0.179988,3.190679,3.2861484e-05,0.0,0.0027205925,0.038387112
8300,6.121099,0.0,0.15419395,3.1906857,2.7135273e-05,0.0,0.00015434517,0.0383875
8301,3.3648772,0.0,1.2263498,3.1906917,0.00011362546,0.0,0.0028844306,0.03838778
8302,0.34897792,0.0,0.04966252,3.1906998,0.0043246383,0.0,0.0030263122,0.038388163
8303,0.5955349,0.0,1.2474244,3.1907072,1.3548656e-05,0.0,0.0030879104,0.03838853
8304,11.505066,0.0,0.10453965,3.190713,1.2637964e-05,0.0,0.00043066742,0.038389
8305,0.057535104,0.0,0.026744854,3.1907172,0.005391932,0.0,0.00017392656,0.03838957
8306,2.9021626,0.0,3.6348255,3.1907215,0.0011116011,0.0,0.00024237359,0.038390003
8307,0.8530811,0.0,0.9997743,3.190724,1.3656327e-05,0.0,0.0013235302,0.038390417
8308,0.06900388,0.0,0.097394146,3.1907253,7.282014e-05,0.0,0.0007821093,0.038390767
8309,0.35065755,0.0,1.4369527,3.190727,8.250841e-05,0.0,6.723679e-05,0.03839115
8310,3.636626,0.0,0.05147937,3.1907308,0.00016267627,0.0,0.0011243949,0.038391497
8311,0.10666904,0.0,3.594969,3.1907341,3.5718003e-05,0.0,0.0018593062,0.03839165
8312,1.0919657,0.0,0.23942833,3.190736,3.6788264e-05,0.0,0.00017897601,0.038391776
8313,0.32317922,0.0,0.2670428,3.190737,8.859917e-05,0.0,0.0008188223,0.03839202
8314,11.839483,0.0,0.018026117,3.1907392,1.8119666e-05,0.0,0.0034718907,0.038392108
8315,0.16801564,0.0,0.111293316,3.1907406,0.0009921262,0.0,0.0004423647,0.038392216
8316,2.7412972,0.0,1.0030434,3.1907427,0.0010827575,0.0,0.00034820166,0.03839244
8317,1.4550492,0.0,0.026049625,3.1907449,2.9172144e-05,0.0,0.00012500104,0.03839273
8318,2.8269799,0.0,0.034003194,3.1907468,0.000121066376,0.0,0.0002410307,0.038392954
8319,0.89776987,0.0,0.15432288,3.1907487,5.5554447e-05,0.0,0.00015891597,0.038393173
8320,0.3172723,0.0,0.29325935,3.1907506,0.0001342243,0.0,0.0001621049,0.03839338
8321,1.9145167,0.0,11.789169,3.1907518,8.186879e-05,0.0,0.0023516144,0.038393587
8322,0.23139104,0.0,0.021567807,3.1907535,0.0001994987,0.0,0.0001877213,0.03839379
8323,0.22289646,0.0,3.8372772,3.190756,8.391102e-06,0.0,0.00024266815,0.03839391
8324,2.271687,0.0,0.032313462,3.19076,0.00022695829,0.0,0.00016861242,0.038393967
8325,0.22461212,0.0,0.10235797,3.1907635,0.0024813393,0.0,8.080322e-05,0.038394045
8326,13.798782,0.0,1.9384273,3.1907668,8.4404914e-05,0.0,0.00015676013,0.038394053
8327,2.1108174,0.0,0.48239654,3.1907704,0.000115307026,0.0,0.00054198067,0.038393926
8328,0.06121227,0.0,0.016347816,3.1907728,0.00032319513,0.0,0.00015999399,0.038393565
8329,5.7041535,0.0,0.035487995,3.190774,8.436564e-06,0.0,0.0012302396,0.038393103
8330,0.13369508,0.0,0.55707896,3.1907754,8.342602e-06,0.0,0.0002558456,0.038393784
8331,0.17361279,0.0,0.5439912,3.1907773,0.00011487583,0.0,9.3450166e-05,0.038394313
8332,0.12161449,0.0,0.04960388,3.1907783,0.00028762972,0.0,0.000521651,0.038394794
8333,0.29330337,0.0,0.063831836,3.190779,6.66341e-05,0.0,0.00019298898,0.03839526
8334,1.1550639,0.0,0.28097287,3.1907792,0.0013123427,0.0,0.00015930465,0.038395636
8335,0.33388782,0.0,0.24063575,3.1907794,8.0330385e-05,0.0,0.0003198114,0.038395915
8336,0.56135476,0.0,1.4043982,3.1907809,0.0015364451,0.0,0.00042909977,0.038396325
8337,1.1827898,0.0,7.458407,3.1907823,0.001594105,0.0,0.0002099954,0.03839651
8338,0.9292753,0.0,0.052454703,3.1907802,0.0011104122,0.0,0.004239792,0.038396556
8339,0.12628697,0.0,0.25182587,3.1907787,4.9521997e-05,0.0,0.0040108543,0.038396675
8340,0.2476114,0.0,0.83166957,3.1907785,0.000367649,0.0,0.003394362,0.038396742
8341,0.08949196,0.0,1.0396371,3.1907725,0.000264295,0.0,0.00017091668,0.03839694
8342,26.505455,0.0,0.3761294,3.1907668,0.00072654244,0.0,0.0002610461,0.038397122
8343,6.814842,0.0,3.3772411,3.1907623,0.0033235461,0.0,0.00023120319,0.038397305
8344,0.7078884,0.0,0.018251333,3.1907582,0.00031630968,0.0,0.002860814,0.038397327
8345,0.34013334,0.0,0.6067586,3.1907544,7.70879e-05,0.0,0.00021825689,0.038397238
8346,2.2436705,0.0,0.09183332,3.1907508,0.00029780148,0.0,0.00010925708,0.038397096
8347,0.14806844,0.0,5.335665,3.1907475,5.9327573e-05,0.0,0.0030546112,0.038397197
8348,0.38670897,0.0,0.1721802,3.1907403,0.0028039475,0.0,0.00040160175,0.038397122
8349,0.48659128,0.0,3.5273895,3.190734,1.6632535e-05,0.0,6.134607e-05,0.038397346
8350,1.9724878,0.0,0.15776868,3.1907272,0.000110448855,0.0,0.00012659791,0.0383974
8351,0.19145775,0.0,0.023288205,3.1907241,0.00011071313,0.0,0.0002057533,0.03839748
8352,16.816713,0.0,2.8231306,3.1907218,4.3034063e-07,0.0,0.00033332902,0.03839757
8353,8.73858,0.0,0.020847375,3.1907182,0.0013296449,0.0,0.0033451046,0.038397633
8354,0.18452735,0.0,0.3715357,3.1907146,1.0968188e-05,0.0,9.590432e-05,0.03839771
8355,4.534889,0.0,0.5573546,3.1907127,0.00011495012,0.0,0.00023838218,0.038397707
8356,0.2960598,0.0,0.025962297,3.1907125,3.267563e-05,0.0,0.00017184211,0.038397595
8357,0.4709886,0.0,0.781834,3.1907122,0.0001259188,0.0,4.7746835e-05,0.038397714
8358,0.48233995,0.0,0.051664203,3.1907127,6.510363e-05,0.0,0.00014631194,0.038397804
8359,0.41361102,0.0,0.6234885,3.1907132,6.372891e-05,0.0,0.0007093639,0.03839791
8360,0.23761915,0.0,1.6548415,3.190714,1.0212229e-05,0.0,0.00017751058,0.03839794
8361,0.10632812,0.0,0.21854281,3.1907167,4.5121662e-05,0.0,0.0001410245,0.03839791
8362,0.69967806,0.0,0.3068634,3.190719,0.0017515953,0.0,0.00035473675,0.0383978
8363,0.42169365,0.0,0.017400991,3.190722,0.00010282932,0.0,0.000129675,0.038397588
8364,0.18514027,0.0,11.494624,3.190724,9.3599025e-05,0.0,0.0044074403,0.038397394
8365,3.9356697,0.0,12.805491,3.1907244,1.1134722e-05,0.0,0.0002564832,0.038396988
8366,8.572245,0.0,0.013890381,3.1907172,0.0022512597,0.0,0.00019944464,0.038396567
8367,0.09216894,0.0,0.10436599,3.1907096,0.00019922294,0.0,8.358175e-05,0.038396142
8368,2.5565562,0.0,0.03000314,3.1907036,0.0020744624,0.0,0.0001255901,0.03839568
8369,0.73736644,0.0,5.1653743,3.1906981,7.187571e-05,0.0,0.004839714,0.038395215
8370,0.64701736,0.0,2.0634022,3.1906931,0.00015017287,0.0,9.3238385e-05,0.038394917
8371,1.0248457,0.0,0.09230031,3.1906898,9.405901e-05,0.0,0.0002647416,0.038394615
8372,6.1790414,0.0,0.09862277,3.1906865,8.898346e-05,0.0,0.0002242157,0.038394257
8373,5.5860753,0.0,0.15620098,3.1906836,0.00043161036,0.0,0.0001024699,0.038393993
8374,1.8963093,0.0,0.015752116,3.190681,1.5280939e-06,0.0,0.00018143213,0.038393732
8375,0.16147834,0.0,0.08442285,3.1906788,0.00015350271,0.0,0.003310058,0.03839349
8376,3.2630384,0.0,0.051539525,3.190676,0.00012794093,0.0,0.00017310314,0.038393244
8377,0.9397067,0.0,3.269225,3.1906729,0.00030180562,0.0,0.00015824613,0.038393147
8378,4.327467,0.0,0.18461406,3.1906712,0.00026928532,0.0,0.0062174783,0.038393077
8379,0.53289986,0.0,13.506853,3.1906693,4.547596e-05,0.0,0.00042480475,0.038393382
8380,0.17193554,0.0,0.038214315,3.1906662,0.0025933594,0.0,0.002012525,0.038393598
8381,3.849847,0.0,0.02972125,3.190664,3.36282e-05,0.0,0.00016963232,0.03839369
8382,0.08931238,0.0,1.2270657,3.1906617,7.4953314e-05,0.0,0.0023646904,0.038393743
8383,1.2690439,0.0,0.3312017,3.190655,0.0027301284,0.0,0.0001915966,0.03839374
8384,6.3717613,0.0,0.49329832,3.1906507,5.6557797e-06,0.0,0.0006145625,0.0383938
8385,0.32512805,0.0,8.9887295,3.190647,0.00028135505,0.0,0.00016610761,0.038394295
8386,2.267477,0.0,3.3520572,3.1906424,0.0031368607,0.0,0.00015291973,0.038394723
8387,5.0126534,0.0,11.8728,3.1906388,8.489323e-05,0.0,0.000116531926,0.03839508
8388,2.6467566,0.0,0.11511885,3.1906273,3.1165514e-06,0.0,0.00046851553,0.038395364
8389,0.68805283,0.0,4.3585973,3.1906178,0.00021086744,0.0,0.0014393935,0.03839535
8390,0.37570867,0.0,0.12409009,3.1906078,3.8253696e-05,0.0,0.00079008495,0.03839532
8391,0.6624835,0.0,0.033082694,3.1905994,0.00014237195,0.0,8.976129e-05,0.038395293
8392,7.610449,0.0,12.409271,3.1905916,0.001387316,0.0,0.0030409906,0.03839521
8393,0.15835686,0.0,0.16665687,3.1905773,0.000111791654,0.0,0.0003498578,0.038394995
8394,10.809068,0.0,0.19456533,3.1905637,8.5640764e-05,0.0,0.00010015875,0.03839472
8395,0.18409427,0.0,0.03559359,3.1905537,0.00018294141,0.0,0.00021894558,0.038394377
8396,4.892358,0.0,0.4665157,3.190545,0.00031642593,0.0,0.00019518973,0.038394075
8397,0.17942779,0.0,14.280073,3.1905365,1.0948861e-05,0.0,0.00011862654,0.0383938
8398,0.040991336,0.0,0.047083814,3.1905289,0.0013265015,0.0,0.0029963814,0.03839351
8399,6.718371,0.0,4.918749,3.1905212,5.009099e-05,0.0,0.00213768,0.03839303
8400,0.34363914,0.0,0.11610402,3.1905189,2.1752725e-05,0.0,0.00011583429,0.038392633
8401,12.961392,0.0,0.2578942,3.1905162,6.8777417e-06,0.0,0.00458179,0.038392227
8402,0.121288076,0.0,0.08634796,3.1905134,0.00012112202,0.0,0.0013089116,0.03839185
8403,0.09286354,0.0,19.582214,3.1905107,0.00097172585,0.0,8.705734e-05,0.038391523
8404,1.0428002,0.0,0.3867035,3.1905057,0.00015109668,0.0,0.0019119645,0.038391184
8405,5.67401,0.0,0.2188342,3.1905007,0.000769514,0.0,0.0003415335,0.038390767
8406,1.581739,0.0,1.1241583,3.1904964,4.6973062e-05,0.0,0.0003725685,0.03839044
8407,11.258436,0.0,0.22431001,3.190493,0.0002437637,0.0,0.0031100137,0.03839015
8408,0.04693439,0.0,2.1075027,3.1904898,4.59819e-05,0.0,0.0029160108,0.038389906
8409,1.2764168,0.0,12.853914,3.1904933,7.239284e-05,0.0,0.00032796766,0.038389638
8410,16.420511,0.0,0.29470348,3.1904929,0.00013065111,0.0,0.0025980903,0.038389374
8411,0.10211909,0.0,2.5934088,3.1904953,0.0019293216,0.0,3.1319392e-05,0.038389128
8412,0.17201477,0.0,1.7105799,3.1904972,2.511383e-05,0.0,4.1029085e-05,0.038388796
8413,0.66732925,0.0,2.1681027,3.1905,5.4018514e-05,0.0,0.0005620945,0.038388427
8414,0.4009917,0.0,0.8841381,3.1905022,0.00039289193,0.0,0.0005783679,0.03838795
8415,2.2435963,0.0,0.08685506,3.1905072,4.607841e-05,0.0,0.0021188438,0.038387448
8416,1.8935462,0.0,2.8771782,3.1905124,0.00027926321,0.0,0.00021331677,0.038387008
8417,2.594481,0.0,10.022201,3.1905181,0.0009641277,0.0,7.492329e-05,0.038386773
8418,0.37564492,0.0,3.2243452,3.190522,6.9967056e-05,0.0,0.00014209723,0.038386457
8419,0.5932364,0.0,0.7714348,3.190528,3.555316e-05,0.0,0.00032225205,0.03838615
8420,0.31019732,0.0,0.5889745,3.190534,2.7641223e-05,0.0,0.0012036425,0.0383858
8421,0.07875916,0.0,10.485275,3.1905458,0.0035570767,0.0,0.0003773315,0.038386136
8422,5.331562,0.0,0.95559645,3.1905577,8.684635e-05,0.0,0.00014054953,0.038386524
8423,0.95070744,0.0,0.24645445,3.19057,3.2940094e-05,0.0,5.222383e-05,0.038386866
8424,0.7962486,0.0,7.7443404,3.190582,2.7174408e-05,0.0,8.8445144e-05,0.03838707
8425,3.7676868,0.0,0.64224935,3.190588,8.660783e-05,0.0,0.00012707985,0.038387153
8426,0.40156016,0.0,0.020734496,3.1905918,6.1011633e-05,0.0,0.0029411844,0.038387183
8427,8.8699465,0.0,0.1084901,3.1905951,0.00020528713,0.0,0.0032709558,0.038387123
8428,7.6804733,0.0,6.734249,3.190598,5.601021e-05,0.0,0.0001353421,0.038387086
8429,3.833348,0.0,0.059943564,3.1906009,7.7249126e-05,0.0,0.0017433079,0.03838707
8430,4.687303,0.0,0.54245937,3.190602,7.302797e-05,0.0,0.00024432872,0.038387086
8431,0.122119606,0.0,2.3502216,3.1906037,0.00044979746,0.0,0.00023872007,0.038387105
8432,6.783213,0.0,2.808447,3.190606,0.00021831517,0.0,2.976185e-05,0.038387153
8433,0.13805532,0.0,0.1106922,3.1906075,4.8524387e-05,0.0,0.00025144411,0.038387157
8434,0.3386618,0.0,0.11480703,3.190609,0.0023464863,0.0,0.0026540658,0.0383871
8435,0.89550114,0.0,0.07143094,3.1906111,1.173583e-05,0.0,0.00023244912,0.038386945
8436,0.22150077,0.0,1.9093813,3.1906135,0.0004633454,0.0,0.0032213824,0.03838674
8437,0.047340672,0.0,2.9553547,3.190615,3.17208e-05,0.0,0.004228202,0.038386483
8438,7.4483604,0.0,0.57169914,3.190619,0.0033897534,0.0,0.00020761907,0.03838606
8439,0.061234806,0.0,0.2832724,3.1906223,0.0030597257,0.0,0.0009286887,0.038385674
8440,20.684738,0.0,4.873651,3.190626,9.515707e-05,0.0,5.9372745e-05,0.03838483
8441,0.14076576,0.0,13.629553,3.1906278,2.599043e-05,0.0,8.884068e-05,0.03838401
8442,9.7169695,0.0,0.07913956,3.190626,8.279149e-05,0.0,0.0013411125,0.038383223
8443,0.38198662,0.0,0.042466056,3.1906242,0.0022082964,0.0,6.9985435e-05,0.03838253
8444,6.7405863,0.0,7.013116,3.1906223,3.107457e-05,0.0,0.00020438411,0.0383819
8445,0.10911322,0.0,0.02568004,3.1906116,1.8685541e-05,0.0,0.00019376093,0.03838128
8446,9.178288,0.0,1.7261581,3.1906016,0.0001380929,0.0,5.898776e-05,0.038380623
8447,2.408091,0.0,19.213148,3.1905932,0.004406821,0.0,0.0056731603,0.038379997
8448,8.576383,0.0,0.027572582,3.1905818,9.839887e-05,0.0,0.00011586881,0.03837932
8449,0.1151816,0.0,0.04800356,3.190572,1.8500328e-05,0.0,7.465778e-05,0.038378663
8450,3.1287537,0.0,1.1949344,3.1905625,0.00022814458,0.0,0.002252417,0.038378038
8451,1.5425571,0.0,0.51156354,3.190554,0.00015087139,0.0,9.816726e-05,0.038377423
8452,0.4659215,0.0,0.4461941,3.190547,0.00027398497,0.0,0.0031273756,0.03837683
8453,19.873682,0.0,0.08626597,3.1905434,0.00016856838,0.0,0.00080687547,0.038376134
8454,0.24748415,0.0,2.1177137,3.1905391,9.16381e-05,0.0,9.3512994e-05,0.038375743
8455,1.3512721,0.0,3.673435,3.190535,0.00010728552,0.0,0.00042038294,0.038375366
8456,2.1952105,0.0,1.5685072,3.190539,0.0023528258,0.0,0.004093214,0.038374905
8457,0.23866706,0.0,7.7954507,3.190543,4.2114738e-05,0.0,0.0027365938,0.038374417
8458,2.2139158,0.0,0.14134176,3.190545,0.00057421264,0.0,5.3218457e-05,0.038373873
8459,2.4232702,0.0,0.17328219,3.1905472,6.0554907e-05,0.0,0.00060881604,0.038373303
8460,0.5316659,0.0,3.6041775,3.1905499,0.00012462396,0.0,0.0058685234,0.03837276
8461,3.95353,0.0,0.025157742,3.1905525,0.0023756332,0.0,0.00011894152,0.03837225
8462,0.82873034,0.0,2.6430988,3.1905544,0.00016053379,0.0,8.605567e-05,0.03837172
8463,6.7157326,0.0,0.02577531,3.1905599,3.4211138e-05,0.0,0.0031020474,0.03837114
8464,0.22869977,0.0,2.855353,3.1905642,4.042549e-05,0.0,0.00051273976,0.038370796
8465,0.93861485,0.0,4.1461205,3.190571,0.0018434785,0.0,7.282506e-05,0.038370423
8466,0.81716835,0.0,0.3614153,3.1905785,0.00021292533,0.0,9.4094576e-05,0.03837008
8467,0.20351213,0.0,0.22065902,3.1905854,0.00026393333,0.0,0.00016795383,0.03836969
8468,0.07856626,0.0,0.48919475,3.1905913,0.00014820328,0.0,0.00026094067,0.03836928
8469,6.5821295,0.0,1.7003592,3.1905973,2.5155048e-05,0.0,0.0016688659,0.03836893
8470,0.2365485,0.0,0.39373294,3.1906044,0.0005247755,0.0,6.1049104e-05,0.03836909
8471,7.667501,0.0,0.5088499,3.1906104,0.00039270075,0.0,0.00019915157,0.038369175
8472,0.09866043,0.0,0.24624395,3.1906173,3.0591407e-05,0.0,0.0011404785,0.03836911
8473,0.46545967,0.0,0.26890892,3.190623,1.7599912e-05,0.0,0.00081809505,0.03836895
8474,0.78781444,0.0,0.40677592,3.190628,0.000666725,0.0,0.003195207,0.038368512
8475,2.798816,0.0,0.11630663,3.1906335,3.2634027e-06,0.0,0.004085329,0.03836819
8476,1.6647677,0.0,0.34588963,3.1906393,0.00037948086,0.0,0.00019906707,0.03836785
8477,0.6476054,0.0,0.40251517,3.1906447,0.00010162764,0.0,0.00019561473,0.038367424
8478,0.60702115,0.0,1.4029644,3.1906502,0.00010594247,0.0,0.000103571496,0.03836703
8479,0.65226066,0.0,0.4378284,3.1906564,1.6475933e-05,0.0,0.0028010781,0.03836659
8480,2.7026546,0.0,5.723683,3.1906617,3.2159456e-05,0.0,0.0002620364,0.038366076
8481,0.047394644,0.0,5.6119437,3.190667,0.0016899124,0.0,3.6880756e-05,0.03836561
8482,2.4287221,0.0,0.18771638,3.190671,0.0036033976,0.0,0.0025580474,0.03836513
8483,0.11150235,0.0,4.2883472,3.1906753,5.5028708e-05,0.0,0.0022200134,0.038364634
8484,0.30540794,0.0,1.4511228,3.1906803,2.5407293e-05,0.0,0.0006970501,0.038363904
8485,11.090527,0.0,0.084248506,3.1906862,5.652032e-05,0.0,0.00027065683,0.03836319
8486,1.0440505,0.0,11.963559,3.1906912,3.7630627e-05,0.0,0.0031734607,0.038362477
8487,0.21737804,0.0,0.078261435,3.190695,0.00015999778,0.0,0.00021666245,0.038361713
8488,11.711922,0.0,0.0161502,3.1906981,8.273612e-05,0.0,0.00012365505,0.03836101
8489,0.10198122,0.0,0.04148823,3.1907008,9.373218e-05,0.0,0.0008387989,0.038360335
8490,23.092808,0.0,0.204713,3.1907024,2.2389815e-05,0.0,6.06711e-05,0.038359877
8491,0.2539756,0.0,17.147688,3.1907034,9.941794e-06,0.0,0.0004945907,0.038359378
8492,0.58351254,0.0,2.4583187,3.1907046,0.00042419627,0.0,0.00015102673,0.03835886
8493,0.11739253,0.0,0.022853432,3.1907063,4.6371857e-05,0.0,0.00014508497,0.038358316
8494,2.0310676,0.0,0.2749465,3.1907082,1.8640925e-05,0.0,0.000643563,0.038357798
8495,0.10432486,0.0,3.5432837,3.1907103,4.6357287e-05,0.0,0.0033172867,0.038357284
8496,1.352932,0.0,0.6751774,3.1907125,0.00011198129,0.0,0.00094007695,0.03835669
8497,0.23259628,0.0,0.05806578,3.1907153,3.18725e-05,0.0,0.0027004085,0.03835624
8498,1.0548414,0.0,0.37084565,3.190718,1.9356787e-05,0.0,0.0042298413,0.038356222
8499,0.13826887,0.0,0.7878427,3.1907206,1.9317558e-05,0.0,0.0026157652,0.03835623
8500,0.20741947,0.0,5.2938066,3.1907234,2.1365673e-05,0.0,0.0026358156,0.038356286
8501,0.4247337,0.0,0.98189235,3.1907265,0.0022243608,0.0,9.671167e-05,0.038356353
8502,0.6577535,0.0,2.3767107,3.1907277,0.0019195679,0.0,0.00316653,0.0383564
8503,1.0990212,0.0,0.015701529,3.19073,1.9280471e-05,0.0,0.0007944526,0.038356487
8504,1.2242689,0.0,1.0439434,3.1907318,5.434506e-05,0.0,0.0026591287,0.038356353
8505,2.9678,0.0,0.13014226,3.1907337,0.00025936784,0.0,0.0002050614,0.038356222
8506,0.5934539,0.0,0.044556506,3.1907353,4.1049634e-06,0.0,0.00029541348,0.038356047
8507,0.19714987,0.0,0.17480251,3.190736,2.6219497e-05,0.0,0.0012149944,0.038355865
8508,9.103258,0.0,0.041526023,3.190737,1.3844092e-05,0.0,0.00030372338,0.038355652
8509,0.16174868,0.0,9.634885,3.1907384,2.7918468e-06,0.0,0.0034575968,0.03835537
8510,4.4050584,0.0,0.10281119,3.1907334,0.0026142213,0.0,0.0030998974,0.038355332
8511,11.632194,0.0,0.22097108,3.1907296,5.0936094e-05,0.0,0.003051218,0.0383553
8512,4.651561,0.0,0.44482422,3.190727,2.075462e-05,0.0,0.002927627,0.038355146
8513,7.253465,0.0,0.6532134,3.1907256,0.0027726737,0.0,0.000152847,0.038354926
8514,2.5300045,0.0,0.022471013,3.190724,6.0757655e-05,0.0,0.00017603926,0.038354658
8515,1.3064142,0.0,0.17422761,3.1907227,2.3205477e-05,0.0,0.00022316075,0.038354456
8516,0.33331433,0.0,3.5373487,3.1907218,0.0013775593,0.0,3.2701493e-05,0.03835419
8517,0.3202361,0.0,0.5488756,3.190722,6.711897e-05,0.0,0.0004862677,0.038353853
8518,0.24985984,0.0,0.54714596,3.1907225,4.844868e-05,0.0,2.6332369e-05,0.038353536
8519,0.40142003,0.0,0.04289906,3.1907234,6.170328e-05,0.0,0.00020402909,0.038353167
8520,0.5411419,0.0,13.611556,3.1907244,1.0292673e-06,0.0,0.00014245592,0.03835275
8521,0.5720811,0.0,0.5943587,3.190723,0.00011338572,0.0,0.00015944918,0.03835222
8522,0.09825334,0.0,0.09654377,3.1907208,0.00023282676,0.0,0.0028563756,0.03835167
8523,2.196652,0.0,0.029189333,3.1907191,1.9791083e-05,0.0,0.00022849799,0.038351133
8524,10.426319,0.0,0.12623562,3.1907175,9.7526376e-05,0.0,0.00025211918,0.03835053
8525,3.0253632,0.0,0.6335974,3.1907146,6.0830163e-05,0.0,0.0026008724,0.038349923
8526,0.19089,0.0,0.1909995,3.1907132,5.6992394e-05,0.0,0.00046382105,0.03834923
8527,5.35747,0.0,0.027883999,3.1907117,0.0031151802,0.0,0.0035900965,0.038348373
8528,0.08053272,0.0,0.023125175,3.1907105,0.0021123872,0.0,0.00283879,0.038347766
8529,0.17346068,0.0,8.819503,3.190709,8.4407766e-05,0.0,0.000739637,0.038347133
8530,0.23918179,0.0,0.50259316,3.1907067,0.0031043035,0.0,0.0005520106,0.03834662
8531,0.24501905,0.0,5.953329,3.1907036,0.0002937855,0.0,0.0022986033,0.038346097
8532,2.374723,0.0,0.28717,3.190698,0.003853596,0.0,0.00014656738,0.038345605
8533,2.498674,0.0,2.199287,3.1906924,0.0041087433,0.0,0.001971693,0.038345113
8534,0.524282,0.0,9.872084,3.1906917,0.00022491966,0.0,9.6463e-05,0.038344692
8535,8.803965,0.0,2.3339357,3.190685,0.00019723858,0.0,0.00037649812,0.038344257
8536,7.1454616,0.0,4.289041,3.1906803,2.8568553e-05,0.0,0.00013875407,0.038343813
8537,0.321473,0.0,0.5547279,3.1906738,0.0030448511,0.0,0.0030705424,0.038343303
8538,0.18354762,0.0,0.8818286,3.190668,1.0511329e-05,0.0,0.0019425208,0.03834273
8539,12.354092,0.0,5.9992704,3.1906643,0.0012508621,0.0,0.0021217205,0.038342234
8540,0.20260991,0.0,0.53682137,3.1906605,4.3517874e-05,0.0,0.00043917523,0.03834177
8541,0.15902017,0.0,0.2154069,3.190657,0.0024343291,0.0,0.00022146922,0.038341396
8542,2.2334013,0.0,0.44330415,3.1906543,2.1249067e-05,0.0,0.00026196323,0.03834104
8543,2.5658233,0.0,0.037621316,3.1906548,0.0002005586,0.0,0.00031449538,0.038340684
8544,0.22478104,0.0,0.2940532,3.1906552,3.0031959e-05,0.0,6.446326e-05,0.038340256
8545,0.09075401,0.0,5.26399,3.190656,0.000103669045,0.0,0.0038526724,0.03833976
8546,0.6675947,0.0,6.9029202,3.1906538,0.00015338032,0.0,6.886942e-05,0.03834017
8547,0.4717368,0.0,0.017823618,3.1906567,8.969882e-05,0.0,0.0001543201,0.038340494
8548,0.31475234,0.0,6.589586,3.1906588,1.28097145e-05,0.0,0.0004880206,0.038340714
8549,5.823773,0.0,9.029551,3.1906605,0.0005359251,0.0,0.00017531202,0.03834079
8550,0.5437719,0.0,0.049159106,3.1906579,0.0016971112,0.0,0.0006630609,0.03834078
8551,0.39124182,0.0,0.031286463,3.1906557,0.0019593297,0.0,0.00018235383,0.038340818
8552,1.8104284,0.0,0.33013555,3.1906533,0.00019361958,0.0,0.0020956965,0.038340818
8553,1.5981474,0.0,0.16194633,3.190649,4.3059496e-05,0.0,0.00013968875,0.038340796
8554,2.0245876,0.0,0.28312492,3.1906462,0.00081269536,0.0,0.0020475632,0.038340732
8555,6.5080137,0.0,0.019924853,3.1906428,0.00011961624,0.0,8.815668e-05,0.038340744
8556,6.138232,0.0,0.14490098,3.1906397,0.0021733602,0.0,0.0036535496,0.0383406
8557,0.34400973,0.0,0.7825714,3.1906364,3.949474e-05,0.0,6.641265e-05,0.03834097
8558,0.16524467,0.0,0.992129,3.1906333,6.0519174e-05,0.0,2.7473376e-05,0.038341276
8559,11.857836,0.0,3.3928332,3.19063,0.00048901234,0.0,0.002880863,0.038341448
8560,0.17717165,0.0,1.1788232,3.1906273,4.182317e-05,0.0,0.005931277,0.038341522
8561,1.0621277,0.0,6.7439938,3.1906245,0.00015470346,0.0,7.6900906e-05,0.03834178
8562,8.894137,0.0,0.03995202,3.1906183,0.0001022842,0.0,8.8878514e-05,0.038342014
8563,2.3943937,0.0,5.900395,3.1906128,0.0013881028,0.0,0.0007155837,0.038342223
8564,0.5328627,0.0,0.23598394,3.1906023,5.873786e-05,0.0,0.00018936791,0.038342338
8565,0.1156937,0.0,0.039345484,3.1905925,2.798914e-05,0.0,0.0040266444,0.038342446
8566,0.15433301,0.0,0.114313945,3.190584,0.0009698999,0.0,0.00054280134,0.038342573
8567,1.3072748,0.0,32.885395,3.1905754,0.00029565353,0.0,0.0048760157,0.038342673
8568,0.19977082,0.0,0.031131968,3.1905563,0.0013331026,0.0,0.006438109,0.03834472
8569,0.19822648,0.0,0.050160106,3.1905391,0.0005745669,0.0,0.00054200145,0.038346928
8570,0.23945493,0.0,14.301712,3.190523,0.0002914822,0.0,0.0021837333,0.03834894
8571,4.3649187,0.0,5.279997,3.1905036,0.00014121938,0.0,4.9548347e-05,0.038350865
8572,0.3800358,0.0,0.5244338,3.1904883,0.0024547167,0.0,0.003336313,0.038352545
8573,10.130984,0.0,12.52554,3.1904771,8.7055945e-05,0.0,0.00085819454,0.038356338
8574,0.06398162,0.0,0.054622587,3.1904693,2.823068e-06,0.0,0.00025625696,0.038359962
8575,0.291549,0.0,0.0316475,3.1904635,0.0010856806,0.0,0.00016610986,0.03836324
8576,0.7843088,0.0,5.926811,3.1904583,1.4260133e-05,0.0,0.00015475875,0.03836634
8577,0.06713331,0.0,0.10918592,3.1904514,0.0028931035,0.0,0.0001031774,0.038369186
8578,0.062272906,0.0,1.5599308,3.1904447,1.8557435e-05,0.0,0.00011762448,0.038371827
8579,0.73266345,0.0,1.1926737,3.1904387,6.929833e-05,0.0,0.0034870468,0.03837416
8580,0.06462887,0.0,0.12624443,3.1904323,0.00051404163,0.0,0.0012590191,0.03837659
8581,9.693412,0.0,0.060371418,3.1904273,0.000117265765,0.0,0.0022139063,0.03837872
8582,2.2298775,0.0,0.038526315,3.1904225,7.37807e-05,0.0,7.829224e-05,0.03838067
8583,0.2917282,0.0,6.2829537,3.1904178,2.1738208e-05,0.0,0.0022845163,0.03838238
8584,3.2852855,0.0,0.68612957,3.1904132,0.0024116903,0.0,0.0001849472,0.038384154
8585,0.074357614,0.0,0.06069384,3.1904113,7.932097e-05,0.0,0.0021390105,0.038385756
8586,0.48742357,0.0,0.20277627,3.1904092,7.949303e-06,0.0,0.003174502,0.03838716
8587,12.2387495,0.0,2.7815945,3.1904058,0.0016804058,0.0,0.0005487747,0.038388643
8588,0.14623792,0.0,0.4759995,3.1904037,0.00046210486,0.0,7.035523e-05,0.038390003
8589,0.07315787,0.0,0.24690722,3.1904023,7.3013995e-05,0.0,0.000108762484,0.03839117
8590,6.217033,0.0,0.039826516,3.1904023,0.0009705228,0.0,0.00022136394,0.038392134
8591,0.6446708,0.0,3.249883,3.1904023,4.8236958e-05,0.0,0.0029781123,0.03839292
8592,0.6550753,0.0,1.8367152,3.190404,0.00044436313,0.0,0.00015157115,0.038393587
8593,0.49449962,0.0,0.09934846,3.1904056,4.0396466e-05,0.0,0.0002702685,0.038394127
8594,0.825994,0.0,4.873398,3.1904075,3.688957e-06,0.0,8.500887e-05,0.038394485
8595,4.0958304,0.0,0.034505025,3.1904128,0.0004591677,0.0,0.0004556885,0.03839474
8596,1.4294523,0.0,1.4876815,3.1904173,5.4948843e-05,0.0,7.46117e-05,0.03839488
8597,0.78027934,0.0,0.057752013,3.1904225,0.0034212144,0.0,0.00050853525,0.038394894
8598,1.3557711,0.0,0.30337542,3.1904273,4.868597e-05,0.0,0.0032168701,0.0383947
8599,1.3347367,0.0,0.26072422,3.1904316,6.000278e-06,0.0,4.7866037e-05,0.038394127
8600,10.972059,0.0,0.6624462,3.1904366,0.0033502094,0.0,0.0017076078,0.038393527
8601,5.7868333,0.0,0.07478768,3.190444,2.082848e-05,0.0,0.0002757464,0.038392827
8602,0.84003437,0.0,0.027479175,3.1904502,0.0030866652,0.0,0.00013597982,0.03839213
8603,0.059924167,0.0,0.10434098,3.1904552,4.86189e-05,0.0,0.00037253456,0.038391497
8604,0.5353999,0.0,1.2663454,3.1904602,5.1262126e-05,0.0,0.0004348887,0.038390808
8605,2.00295,0.0,1.6450326,3.190465,0.00013185768,0.0,5.296198e-05,0.038390838
8606,0.5738573,0.0,5.6311507,3.1904716,6.0835097e-05,0.0,0.00022765118,0.038390793
8607,0.5444258,0.0,0.5369425,3.1904767,0.0001315705,0.0,0.0062572965,0.038390774
8608,4.911981,0.0,6.1611595,3.1904864,0.0037341428,0.0,0.00010151832,0.038390666
8609,3.6553364,0.0,0.046359178,3.1904938,0.00018057607,0.0,0.002427897,0.038390554
8610,11.116675,0.0,0.016791455,3.1905,0.00017244605,0.0,0.0031411601,0.03839036
8611,7.374099,0.0,0.12675504,3.1905055,3.8433882e-05,0.0,0.0012852089,0.03839007
8612,0.924504,0.0,0.12890027,3.1905088,3.193759e-05,0.0,0.00032585755,0.038389724
8613,0.38728958,0.0,1.150374,3.1905117,0.00022932547,0.0,0.00028667838,0.03838954
8614,4.0637894,0.0,1.5065008,3.1905143,0.00027491662,0.0,0.00303809,0.038389552
8615,11.819728,0.0,10.308833,3.190517,6.8107393e-06,0.0,9.163577e-05,0.038389776
8616,0.7038125,0.0,14.346849,3.190519,4.326255e-05,0.0,0.00012039147,0.0383899
8617,1.1190658,0.0,0.019760214,3.1905184,0.00013533824,0.0,0.00013534426,0.038389955
8618,13.113397,0.0,2.8187459,3.1905177,8.338708e-05,0.0,0.00024798623,0.038389917
8619,1.2361648,0.0,0.018430473,3.1905189,2.306661e-05,0.0,6.680987e-05,0.03838992
8620,0.6110173,0.0,0.14089288,3.1905196,6.806566e-05,0.0,0.002895806,0.038389817
8621,0.700219,0.0,1.0485035,3.1905196,0.00014207767,0.0,0.0020193302,0.038389694
8622,0.25311077,0.0,0.3831372,3.1905224,9.082175e-05,0.0,0.004068888,0.03838949
8623,0.42077598,0.0,2.9395194,3.1905258,7.7265955e-05,0.0,4.6682955e-05,0.038389206
8624,1.4340613,0.0,0.16967762,3.1905274,9.5585776e-05,0.0,0.003267633,0.038388867
8625,0.4247191,0.0,0.019344099,3.1905284,6.1195344e-05,0.0,0.0032338311,0.03838832
8626,0.19413212,0.0,0.0890046,3.1905293,0.0026356424,0.0,0.0002068926,0.038387854
8627,7.4669876,0.0,0.111389704,3.1905303,0.0030232277,0.0,0.00025614974,0.03838742
8628,11.25838,0.0,12.500035,3.1905303,2.2888767e-05,0.0,0.0002713985,0.03838699
8629,1.5164313,0.0,0.11076788,3.1905289,4.7568037e-06,0.0,9.179926e-05,0.038386617
8630,9.798047,0.0,0.026414523,3.1905274,2.3622086e-05,0.0,0.0021448543,0.03838619
8631,0.30599192,0.0,0.030201863,3.1905255,0.00018870799,0.0,0.0041484474,0.038385678
8632,0.95220846,0.0,0.45397586,3.1905246,0.00014575859,0.0,3.691159e-05,0.038385008
8633,0.16499709,0.0,0.13151032,3.1905231,9.3359544e-05,0.0,0.0007330205,0.038384363
8634,0.09747851,0.0,9.351231,3.1905224,4.028286e-05,0.0,0.000107866625,0.038384125
8635,2.5148642,0.0,6.567768,3.1905253,0.0029259797,0.0,0.00015168266,0.03838376
8636,5.574365,0.0,0.05192656,3.1905255,0.00064377603,0.0,0.00091435184,0.038383435
8637,7.407096,0.0,3.1715536,3.1905255,7.1933464e-05,0.0,0.00029838883,0.038383227
8638,2.9818068,0.0,4.9878807,3.1905253,0.00019067571,0.0,0.00040668558,0.038383015
8639,0.1685563,0.0,3.3640416,3.1905253,6.148848e-05,0.0,9.824127e-05,0.038382888
8640,0.99633014,0.0,8.149098,3.1905255,2.2375554e-05,0.0,0.00016289315,0.038382668
8641,1.6322261,0.0,2.8199253,3.1905239,9.4131254e-05,0.0,0.0005931064,0.03838248
8642,9.267407,0.0,2.4696617,3.1905243,5.6790654e-05,0.0,0.0032135784,0.038382266
8643,0.5707947,0.0,0.024266249,3.190524,9.679429e-05,0.0,0.00022501936,0.03838202
8644,10.729387,0.0,2.0973237,3.1905236,4.7343834e-05,0.0,0.000963995,0.038381726
8645,2.6716688,0.0,1.4681838,3.190525,4.131843e-05,0.0,0.0013488848,0.038381495
8646,0.6270725,0.0,0.3723279,3.1905255,7.160028e-05,0.0,0.000112449095,0.038381267
8647,0.33559227,0.0,0.22858267,3.1905267,6.1494706e-05,0.0,0.00020366599,0.038381018
8648,13.112322,0.0,1.2562497,3.1905305,0.000118603355,0.0,0.00021604454,0.038380668
8649,3.8750114,0.0,0.13276947,3.1905324,5.405292e-05,0.0,0.00011902845,0.03838032
8650,5.439389,0.0,0.02567849,3.1905334,0.00019231306,0.0,9.6187316e-05,0.03837994
8651,2.918166,0.0,0.8894536,3.1905344,5.7175956e-05,0.0,0.002065153,0.03837957
8652,0.86965936,0.0,0.96600914,3.1905336,3.700413e-05,0.0,0.0020957456,0.038379204
8653,2.2129586,0.0,0.024135724,3.1905353,2.6618332e-06,0.0,0.0004472761,0.038378805
8654,3.0634558,0.0,6.2983956,3.1905367,6.3799416e-05,0.0,0.00020789955,0.038378116
8655,3.3759754,0.0,0.033407412,3.1905386,0.00012357604,0.0,8.678138e-05,0.038377445
8656,7.1005216,0.0,13.552704,3.1905398,2.907354e-05,0.0,0.00010682697,0.03837679
8657,2.442199,0.0,1.7346611,3.1905415,0.0021609298,0.0,0.00034770256,0.038376115
8658,0.5132778,0.0,0.09639106,3.1905448,1.2488197e-05,0.0,0.00088104006,0.038375445
8659,0.73724896,0.0,0.89165676,3.1905475,4.4359396e-05,0.0,0.00013389465,0.0383749
8660,9.236532,0.0,0.0841469,3.1905494,2.0110045e-05,0.0,0.00016101912,0.038374435
8661,4.864201,0.0,1.8584651,3.1905518,0.00033700612,0.0,0.0005667254,0.038373936
8662,0.49929523,0.0,0.12312831,3.1905584,3.1792253e-05,0.0,0.00047496991,0.038373657
8663,2.3898757,0.0,0.23442072,3.1905646,2.6532889e-05,0.0,0.00020097871,0.03837354
8664,1.5325075,0.0,14.21224,3.1905715,0.001017287,0.0,0.00016372323,0.038373373
8665,0.07463427,0.0,2.4239686,3.1905735,0.0012375519,0.0,0.00032448623,0.03837313
8666,0.594194,0.0,0.176416,3.1905751,0.0008689815,0.0,4.77549e-05,0.03837298
8667,3.712595,0.0,0.06509817,3.1905758,4.2759562e-05,0.0,0.004587527,0.03837278
8668,0.45277107,0.0,0.6174945,3.1905768,0.0010581625,0.0,0.00010586916,0.038373563
8669,1.2858146,0.0,0.8433305,3.1905787,3.5512683e-05,0.0,0.0014979709,0.03837433
8670,10.948545,0.0,0.66996336,3.1905813,6.997572e-05,0.0,0.00064964686,0.03837501
8671,2.901155,0.0,3.4984586,3.190583,2.9111194e-05,0.0,5.4171738e-05,0.038375404
8672,0.7951475,0.0,0.07793192,3.1905878,4.754869e-05,0.0,0.00011431123,0.0383757
8673,0.7450796,0.0,0.44481704,3.190592,0.00077972317,0.0,0.00031941288,0.03837591
8674,3.1193182,0.0,0.039326806,3.1905954,0.00092358305,0.0,0.00011756451,0.0383762
8675,0.6711177,0.0,0.0939578,3.1905992,8.800989e-05,0.0,0.00030039047,0.03837636
8676,1.1755182,0.0,8.345828,3.1906009,2.497771e-05,0.0,0.00017607759,0.03837628
8677,0.61807173,0.0,0.06508334,3.1905978,4.4600283e-06,0.0,0.00043579165,0.038376033
8678,0.34527135,0.0,0.19802092,3.1905951,0.000116857445,0.0,0.0012317433,0.03837574
8679,0.10781179,0.0,0.029296463,3.1905928,4.0116458e-05,0.0,0.00020728432,0.03837538
8680,0.92376745,0.0,12.208621,3.1905904,0.00011979884,0.0,0.0009856345,0.038374986
8681,0.3433941,0.0,1.4027622,3.1905873,7.2800714e-05,0.0,0.0017123214,0.038374443
8682,0.6575222,0.0,0.38544035,3.1905856,6.765337e-05,0.0,0.0047828727,0.03837376
8683,0.57248765,0.0,0.99497885,3.1905844,8.0301324e-05,0.0,0.0016141096,0.03837307
8684,5.743225,0.0,3.331925,3.1905837,8.217743e-05,0.0,0.00076254696,0.038372397
8685,0.29501045,0.0,0.4910273,3.1905813,1.3144832e-05,0.0,0.000100170124,0.038371995
8686,1.487072,0.0,1.0980197,3.1905797,9.595647e-05,0.0,0.0026297695,0.03837158
8687,1.2779746,0.0,3.179524,3.190578,7.034862e-05,0.0,0.000138701,0.03837116
8688,3.1318805,0.0,0.02169914,3.190578,0.00017776586,0.0,0.00035042653,0.038370755
8689,1.5168796,0.0,0.034654934,3.1905773,5.837058e-05,0.0,0.00033195148,0.03837039
8690,0.026591001,0.0,0.077846885,3.1905766,7.5161995e-05,0.0,0.0009323227,0.038369983
8691,0.28183022,0.0,1.3797932,3.1905768,0.0011350621,0.0,0.00096364017,0.038369823
8692,0.07648802,0.0,0.27507627,3.1905792,7.142689e-06,0.0,0.00027074668,0.038369652
8693,0.58136445,0.0,16.509895,3.1905818,6.463575e-05,0.0,0.000340232,0.038369633
8694,17.471882,0.0,7.9710336,3.1905773,0.0005382811,0.0,0.00039508738,0.038369633
8695,1.9383091,0.0,9.475069,3.1905687,5.4627594e-06,0.0,0.0021354465,0.038369797
8696,1.9830549,0.0,0.15282896,3.1905622,0.0004241217,0.0,0.00505302,0.03836997
8697,2.970586,0.0,3.5053115,3.1905558,3.9083025e-05,0.0,0.00046041602,0.038371097
8698,1.9606452,0.0,6.955911,3.1905487,5.6474193e-05,0.0,8.280268e-05,0.038372394
8699,0.061466523,0.0,12.555221,3.1905375,0.0035235386,0.0,5.9032896e-05,0.038373612
8700,5.8427134,0.0,2.0523782,3.1905212,7.823554e-05,0.0,0.002823539,0.038374696
8701,0.20562701,0.0,9.781029,3.190506,0.00012855788,0.0,6.90499e-05,0.03837564
8702,26.823404,0.0,1.9196913,3.1904938,0.00012361376,0.0,6.299573e-05,0.038377404
8703,0.3245871,0.0,2.1981695,3.190485,0.00068604754,0.0,0.00014449772,0.038378954
8704,0.43360555,0.0,0.027553445,3.1904788,0.0026840498,0.0,0.00037249448,0.038380295
8705,1.5845096,0.0,0.24170959,3.1904728,9.312739e-05,0.0,0.0014539255,0.03838158
8706,0.6903989,0.0,8.564916,3.190467,4.481248e-05,0.0,0.000120479366,0.038382716
8707,12.378967,0.0,13.250999,3.19046,3.712692e-05,0.0,0.000116115785,0.03838374
8708,0.3326203,0.0,0.08802716,3.190455,0.0035268932,0.0,0.0004554918,0.038384624
8709,0.9557062,0.0,0.06264483,3.1904502,0.00202838,0.0,0.00027794656,0.038385596
8710,0.026573865,0.0,0.083355844,3.190446,0.00078603695,0.0,0.0008728117,0.038386457
8711,0.04841746,0.0,0.15346077,3.190442,1.0464257e-05,0.0,0.0030452982,0.038387515
8712,0.12857218,0.0,0.075080104,3.1904383,0.0030584082,0.0,0.0006697083,0.038388398
8713,0.2594097,0.0,0.29847184,3.1904347,0.0001074319,0.0,0.00019715005,0.03839
8714,4.0766263,0.0,0.053391557,3.1904318,3.3097178e-05,0.0,0.0049826633,0.038391415
8715,0.060427733,0.0,0.5086074,3.1904278,0.00010108588,0.0,0.00055837573,0.038392797
8716,0.30779678,0.0,0.30631417,3.1904259,0.001353301,0.0,0.00040451792,0.038393702
8717,10.499736,0.0,0.020299109,3.1904254,0.0027386176,0.0,0.006944575,0.038394496
8718,1.5971636,0.0,0.023775494,3.1904252,8.211662e-05,0.0,0.0033893439,0.03839521
8719,18.70417,0.0,0.10348184,3.1904247,0.0028547982,0.0,0.00011327975,0.038395762
8720,0.64256436,0.0,0.2387927,3.190423,0.00022246547,0.0,0.0001619902,0.03839621
8721,0.30629435,0.0,0.6306232,3.1904209,6.8014495e-05,0.0,0.0025714575,0.038396586
8722,6.638903,0.0,9.943014,3.1904209,9.7485594e-05,0.0,4.1215426e-05,0.0383968
8723,9.866717,0.0,0.056558177,3.1904175,0.0016677757,0.0,0.00015213694,0.038396962
8724,0.7851514,0.0,2.6992278,3.190415,1.7970717e-05,0.0,6.86221e-05,0.038397055
8725,0.45877752,0.0,0.021209002,3.190412,3.6226254e-05,0.0,0.0031460738,0.038397085
8726,1.3851329,0.0,9.680666,3.1904087,6.566074e-05,0.0,0.00077699224,0.03839721
8727,1.2738397,0.0,0.6835565,3.190392,0.00020734545,0.0,0.00019390283,0.038397368
8728,6.3954177,0.0,0.20394187,3.190377,1.2717801e-05,0.0,0.00034941488,0.038397573
8729,0.24428225,0.0,10.635479,3.1903632,6.732324e-05,0.0,0.002707549,0.038397703
8730,2.4728947,0.0,1.0622479,3.1903474,1.3607329e-05,0.0,0.0001475129,0.038397793
8731,3.52045,0.0,0.13009991,3.1903362,0.0017125539,0.0,0.00023417301,0.03839789
8732,7.7097006,0.0,0.108459234,3.190326,2.9638422e-05,0.0,0.00036179065,0.038397938
8733,0.5615846,0.0,2.5645447,3.1903172,4.7011228e-05,0.0,0.00076201477,0.038397983
8734,1.3758696,0.0,1.8854742,3.19031,1.4999619e-05,0.0,9.831984e-05,0.03839794
8735,0.26665178,0.0,1.4016981,3.1903048,1.1422457e-05,0.0,0.0033184623,0.03839781
8736,1.7786291,0.0,0.12831545,3.190299,0.0029534812,0.0,0.00011039617,0.03839717
8737,28.686394,0.0,2.5479314,3.190298,0.0008220254,0.0,0.0023016157,0.038396526
8738,0.061962478,0.0,2.5789886,3.19031,3.4678065e-05,0.0,0.00020406631,0.038395863
8739,2.104767,0.0,3.6902678,3.190325,5.5783094e-05,0.0,0.00034032442,0.038395308
8740,1.23359,0.0,0.23857638,3.190341,0.00028754064,0.0,0.0024617198,0.03839495
8741,1.1078026,0.0,2.9304924,3.190357,0.001281853,0.0,0.00012211305,0.03839467
8742,3.6149023,0.0,0.02354072,3.1903734,0.0035720107,0.0,0.00010025695,0.038394406
8743,2.143149,0.0,0.18877499,3.190388,0.00017958648,0.0,0.00016138074,0.038393922
8744,5.848776,0.0,0.27126962,3.1904001,0.00012687543,0.0,0.0016026954,0.038393654
8745,4.238587,0.0,9.506917,3.1904104,4.143322e-05,0.0,0.0013173963,0.038393363
8746,2.0012994,0.0,0.112457074,3.1904202,0.00010036065,0.0,0.001388767,0.03839244
8747,3.7325249,0.0,0.025824973,3.1904285,3.361489e-05,0.0,1.4849603e-05,0.038391642
8748,3.0552886,0.0,0.05448391,3.1904366,0.005331913,0.0,0.0009885858,0.038390897
8749,6.4133544,0.0,0.20975196,3.1904438,1.3983359e-05,0.0,0.0029070668,0.038390156
8750,10.784757,0.0,26.760324,3.1904495,4.6440357e-05,0.0,0.0002977526,0.03838942
8751,0.62156576,0.0,0.100996725,3.190452,4.3943553e-05,0.0,0.00020539513,0.038388696
8752,0.36064726,0.0,14.107479,3.1904542,6.553532e-05,0.0,0.0028040141,0.03838799
8753,0.32247776,0.0,0.050971113,3.1904538,0.0010516928,0.0,9.0723755e-05,0.03838704
8754,0.29319888,0.0,8.14143,3.190453,5.2168456e-05,0.0,0.00019833914,0.038386095
8755,4.8167067,0.0,0.01424151,3.1904652,3.4213965e-05,0.0,0.00015679491,0.038385186
8756,15.443642,0.0,0.4802322,3.190476,2.5819365e-05,0.0,0.00012377871,0.038384356
8757,0.97916865,0.0,7.301767,3.1904857,0.000118774,0.0,0.0001721592,0.038383592
8758,2.6701953,0.0,3.415354,3.1904972,0.0023260564,0.0,0.00025027822,0.03838282
8759,0.3137528,0.0,5.52784,3.1905062,7.779997e-06,0.0,0.0028337978,0.038382463
8760,0.36179394,0.0,4.5050654,3.190512,6.523039e-05,0.0,0.0012700699,0.03838224
8761,0.17131257,0.0,1.8170745,3.190521,1.917963e-05,0.0,0.000107531436,0.03838195
8762,1.0573123,0.0,3.228121,3.1905322,8.572237e-05,0.0,0.00271481,0.038381707
8763,10.698457,0.0,0.13953283,3.1905432,2.0118565e-05,0.0,0.005645572,0.038381416
8764,1.7228277,0.0,0.019401878,3.190553,1.2083499e-06,0.0,8.55055e-05,0.038381044
8765,3.7823195,0.0,6.274537,3.1905618,7.6508506e-05,0.0,0.0031646355,0.038380653
8766,6.3750725,0.0,0.025949804,3.1905677,7.077149e-05,0.0,0.00011679939,0.038380194
8767,2.3383317,0.0,1.919987,3.1905725,1.8505232e-06,0.0,0.002132501,0.03837988
8768,0.36244082,0.0,1.2327614,3.1905773,3.7001184e-05,0.0,0.0006961655,0.038379543
8769,0.14240912,0.0,0.608914,3.190583,1.2339098e-05,0.0,0.002538611,0.038380533
8770,1.3055245,0.0,0.23224115,3.190589,7.0639006e-05,0.0,0.00017160796,0.038381495
8771,0.10766851,0.0,0.10551524,3.1905947,5.1945375e-05,0.0,6.148919e-05,0.038382445
8772,0.5769314,0.0,1.7656215,3.1905987,0.001759173,0.0,0.0013270742,0.038383342
8773,5.1714997,0.0,0.19941175,3.1906004,4.90596e-05,0.0,8.6774366e-05,0.038384072
8774,2.29359,0.0,0.039983623,3.1906009,0.000121312856,0.0,0.001247372,0.038384736
8775,13.525909,0.0,0.2636587,3.1906013,0.0027990683,0.0,0.0013632239,0.038385376
8776,3.413978,0.0,0.086580984,3.1906025,0.0022535825,0.0,0.00024658386,0.038385887
8777,0.9711315,0.0,5.5305696,3.1906035,0.0011990863,0.0,0.0067475894,0.038386337
8778,0.11179473,0.0,13.966957,3.1906044,1.5340614e-05,0.0,0.0026674941,0.038386166
8779,0.15318254,0.0,0.06726574,3.1906042,3.5374203e-05,0.0,0.0018299421,0.03838583
8780,0.5743822,0.0,2.9962225,3.1906047,4.5303867e-05,0.0,0.00027107974,0.03838563
8781,1.2119362,0.0,0.02203689,3.1906056,1.1776034e-05,0.0,0.0040897,0.038385436
8782,0.48689345,0.0,0.15415643,3.1906064,0.0018160105,0.0,0.00046032201,0.0383853
8783,1.0482988,0.0,0.13303035,3.190608,3.0257765e-05,0.0,0.000107264845,0.038385116
8784,0.56283164,0.0,0.6644617,3.1906092,1.6787926e-05,0.0,0.0029144476,0.03838489
8785,0.13985327,0.0,14.311123,3.1906104,0.00053000223,0.0,8.280938e-05,0.038384616
8786,8.483858,0.0,3.4973106,3.1906087,0.00085339113,0.0,0.0036834322,0.038384356
8787,13.962957,0.0,0.19904493,3.1906064,4.8260757e-05,0.0,0.00013681341,0.03838488
8788,0.09436983,0.0,1.3701391,3.190605,0.0021550695,0.0,0.007409701,0.038385283
8789,0.033163056,0.0,0.3433354,3.1906025,4.67724e-05,0.0,0.00026417,0.038385604
8790,7.636865,0.0,0.068045594,3.1906018,0.0003022243,0.0,0.00017547468,0.03838584
8791,2.9515424,0.0,13.405212,3.1906006,0.00017132272,0.0,0.00059306755,0.03838608
8792,0.060915276,0.0,0.36301756,3.1906004,3.808397e-05,0.0,0.00015255543,0.0383863
8793,1.3643038,0.0,0.075194106,3.1905985,0.00013662745,0.0,9.761999e-05,0.038386527
8794,8.041303,0.0,0.36009067,3.1905975,0.00012872931,0.0,0.0005648336,0.03838666
8795,0.7465269,0.0,0.14056404,3.1905932,0.00012684282,0.0,0.00015858916,0.03838671
8796,1.471366,0.0,0.55761445,3.1905913,0.002463125,0.0,0.0001706802,0.038386725
8797,1.6988113,0.0,0.04932289,3.1905892,3.6067784e-05,0.0,0.0015926228,0.038386643
8798,0.6112143,0.0,0.16517015,3.1905873,0.00015304575,0.0,9.644336e-05,0.03838649
8799,0.10348596,0.0,3.8544972,3.1905873,0.0016154629,0.0,0.0016818235,0.03838629
8800,3.1851454,0.0,3.6538548,3.1905901,0.00015012642,0.0,0.00012699299,0.03838602
8801,14.150317,0.0,0.33457687,3.1905935,5.054044e-05,0.0,0.001202665,0.038385905
8802,0.43858513,0.0,1.0293272,3.1905956,1.5888016e-05,0.0,0.000681919,0.038385697
8803,0.13568215,0.0,0.39585677,3.1905944,4.6727826e-05,0.0,0.00016521159,0.038385555
8804,0.09144429,0.0,0.71141875,3.1905954,1.8109968e-05,0.0,0.00033970768,0.03838534
8805,1.2688372,0.0,0.6859471,3.190596,0.001758744,0.0,0.00037809327,0.038385134
8806,1.7010734,0.0,11.031392,3.1905966,0.0059722713,0.0,0.00024269724,0.038385104
8807,2.056439,0.0,0.18956646,3.190592,3.499657e-05,0.0,0.0003706979,0.038385034
8808,0.5925914,0.0,0.47766417,3.190588,0.0020703736,0.0,6.926662e-05,0.038384885
8809,5.5086513,0.0,0.03188599,3.1905854,0.00032007977,0.0,9.483888e-05,0.038384635
8810,0.119130455,0.0,10.262968,3.1905823,0.002530673,0.0,0.0031367666,0.03838435
8811,6.3058834,0.0,0.41250312,3.190584,0.0021884253,0.0,0.0025711716,0.038384125
8812,2.38717,0.0,0.502063,3.1905866,3.8024632e-06,0.0,8.4806576e-05,0.03838382
8813,11.97958,0.0,6.2823267,3.1905897,0.00011823267,0.0,0.0030182088,0.038383465
8814,12.473279,0.0,0.52287114,3.1905909,0.00052810076,0.0,0.000107743035,0.038384985
8815,2.6388347,0.0,2.5509915,3.190595,0.002835587,0.0,0.00014209087,0.038386427
8816,2.7407167,0.0,5.2295437,3.1906002,9.222723e-05,0.0,0.00043016783,0.038388036
8817,0.37802714,0.0,0.065047,3.1906054,0.0025680931,0.0,0.0025445593,0.03838974
8818,11.692685,0.0,13.19366,3.19061,0.0051628016,0.0,0.0035822643,0.038391437
8819,0.44779897,0.0,5.5212774,3.1906111,0.00014196904,0.0,0.00016443759,0.038393088
8820,0.16907246,0.0,1.3064085,3.190614,0.00077942444,0.0,7.982011e-05,0.038394626
8821,6.10827,0.0,0.05832518,3.1906161,4.2711137e-05,0.0,0.0014570239,0.03839606
8822,1.3071526,0.0,0.11224407,3.190618,0.0015069623,0.0,0.0002935414,0.038397297
8823,0.8860072,0.0,0.12730503,3.1906202,0.00044894504,0.0,9.258135e-05,0.038398355
8824,0.5020836,0.0,0.026645092,3.190623,0.0036099872,0.0,0.00019814553,0.038399372
8825,3.2571945,0.0,0.22704795,3.1906252,1.3711541e-06,0.0,0.0020437704,0.03840026
8826,0.23866487,0.0,0.06257924,3.1906261,0.0014066929,0.0,0.00026480592,0.03840097
8827,0.2487816,0.0,0.18746594,3.190627,0.001409905,0.0,0.0002626995,0.038401555
8828,0.13487948,0.0,0.7937513,3.1906276,0.0005130963,0.0,0.00026680806,0.038402293
8829,0.5351058,0.0,0.30127522,3.1906269,0.00054903456,0.0,0.0032714575,0.03840286
8830,12.602657,0.0,0.70537823,3.1906266,0.00021079424,0.0,5.08961e-05,0.03840341
8831,1.4694567,0.0,0.014394167,3.1906269,0.0031297812,0.0,0.00021507023,0.038403828
8832,0.48189172,0.0,1.9139835,3.1906273,8.15136e-05,0.0,0.00014690016,0.038404066
8833,1.7424861,0.0,1.5991137,3.1906326,6.471269e-05,0.0,0.00017195674,0.038404174
8834,5.7735014,0.0,6.367596,3.1906374,0.00017306456,0.0,0.0028286292,0.03840423
8835,1.7085986,0.0,13.859146,3.1906412,2.937672e-05,0.0,0.0029398326,0.03840405
8836,0.73040277,0.0,0.6858614,3.1906445,0.000100808014,0.0,0.0032398752,0.03840383
8837,6.723675,0.0,3.6411216,3.1906514,0.0010779422,0.0,0.0007336261,0.03840373
8838,0.5246137,0.0,13.255425,3.1906564,0.00015479575,0.0,0.0012036398,0.038403563
8839,3.1661901,0.0,0.89667624,3.1906612,1.342326e-06,0.0,0.0023872387,0.038403325
8840,0.19239047,0.0,2.2098255,3.1906662,5.4306445e-05,0.0,0.00023629804,0.03840304
8841,0.054537695,0.0,6.714135,3.190673,5.425451e-07,0.0,0.0022641658,0.038402747
8842,5.758841,0.0,0.17254157,3.1906781,1.3537247e-05,0.0,0.00011908188,0.038402718
8843,0.14600511,0.0,2.203612,3.1906822,0.0048690215,0.0,0.0002177105,0.038402718
8844,2.6492813,0.0,12.60718,3.1906805,0.0018170339,0.0,0.0005513179,0.03840264
8845,2.383192,0.0,0.43575704,3.1906817,2.922142e-05,0.0,5.845017e-05,0.038402535
8846,1.0436543,0.0,18.47562,3.190683,0.0032972554,0.0,0.008393439,0.038402375
8847,0.06274781,0.0,0.33267012,3.1906815,1.766902e-05,0.0,0.00038653094,0.038402304
8848,1.5230862,0.0,0.11214494,3.1906803,6.1547595e-05,0.0,0.0013328766,0.038402285
8849,0.33400288,0.0,1.5662558,3.1906798,3.1475283e-05,0.0,0.00010007061,0.038402703
8850,9.663496,0.0,0.50937885,3.190684,0.00032809703,0.0,9.186482e-05,0.038403064
8851,8.965374,0.0,0.41726232,3.1906884,0.0022142236,0.0,9.573136e-05,0.038403336
8852,0.60096645,0.0,0.28016526,3.1906924,4.3754473e-05,0.0,0.00031098502,0.03840346
8853,0.353798,0.0,0.15158409,3.190697,7.091536e-05,0.0,0.0010265271,0.03840344
8854,0.48000902,0.0,0.83334744,3.1907012,0.00013298902,0.0,4.6319823e-05,0.03840418
8855,7.3463616,0.0,3.449677,3.190708,2.089326e-05,0.0,8.7291264e-05,0.038404774
8856,0.07080998,0.0,8.031487,3.1907132,4.38668e-05,0.0,0.0003878962,0.038405225
8857,1.5587305,0.0,4.475162,3.1907208,0.00011490546,0.0,0.0044047446,0.038405545
8858,0.09499215,0.0,0.0771667,3.1907284,0.0027593505,0.0,0.0003933052,0.03840554
8859,11.899841,0.0,6.1549873,3.1907356,0.0024082349,0.0,0.00021970014,0.038405802
8860,1.8099363,0.0,8.961319,3.1907334,0.0017842718,0.0,0.00011807666,0.038405903
8861,7.867996,0.0,2.342511,3.1907315,0.00093231216,0.0,0.00013767733,0.038405932
8862,0.67787063,0.0,7.177047,3.1907349,0.001698803,0.0,0.00074603327,0.03840597
8863,7.2584395,0.0,0.022642871,3.1907377,4.6633817e-05,0.0,0.0034685154,0.038406227
8864,1.0136709,0.0,1.5692812,3.190741,9.702805e-05,0.0,4.9916824e-05,0.03840692
8865,0.124007806,0.0,5.1607943,3.190744,2.1206644e-05,0.0,0.004828755,0.03840755
8866,0.77978945,0.0,0.19833548,3.1907465,0.000116380994,0.0,0.0002356126,0.038408663
8867,1.5807922,0.0,0.6231502,3.1907494,0.000120006094,0.0,0.00088248885,0.03840975
8868,0.39330328,0.0,0.12345347,3.190753,0.00046695574,0.0,0.003471878,0.038410705
8869,0.50533915,0.0,9.441894,3.1907563,1.2735417e-05,0.0,0.0010733465,0.03841153
8870,0.11667359,0.0,0.030555746,3.1907551,0.0017650378,0.0,0.00044629676,0.038411994
8871,1.172527,0.0,8.586133,3.1907542,0.00012757986,0.0,0.00010877753,0.03841246
8872,5.3282304,0.0,0.14667109,3.1907513,1.1158275e-05,0.0,0.00012867842,0.03841285
8873,2.3922186,0.0,9.751138,3.1907496,3.3539654e-06,0.0,0.00029452512,0.038413126
8874,4.1074915,0.0,2.7122867,3.1907418,0.0017430496,0.0,0.00012314934,0.038413472
8875,0.14312519,0.0,17.639017,3.1907363,5.2641008e-05,0.0,0.00030038133,0.03841379
8876,0.4907476,0.0,0.68111545,3.190715,3.755095e-05,0.0,0.0052158143,0.038414143
8877,7.147766,0.0,9.433659,3.1906972,2.3266863e-05,0.0,0.00023451197,0.038414583
8878,6.0716014,0.0,1.1963562,3.1906834,0.0027004087,0.0,0.0039527304,0.038414992
8879,1.8292507,0.0,4.0792146,3.1906705,0.0006976248,0.0,0.000116786134,0.03841518
8880,0.3564525,0.0,0.3122789,3.1906605,0.00017265385,0.0,0.0009922166,0.03841526
8881,0.121239655,0.0,9.217153,3.1906507,0.00022005948,0.0,8.06198e-05,0.03841547
8882,9.077848,0.0,0.19015925,3.1906476,0.00021049821,0.0,0.0006033288,0.03841567
8883,5.563455,0.0,1.4696472,3.1906452,0.00015584345,0.0,0.0001120792,0.038416114
8884,0.60310584,0.0,1.432832,3.1906438,0.00021631722,0.0,0.0025410827,0.038416393
8885,0.8352887,0.0,3.0366156,3.1906383,0.00018667112,0.0,0.0052036038,0.038416628
8886,0.110297576,0.0,2.2021973,3.1906347,7.5600474e-05,0.0,0.005330429,0.03841685
8887,0.3120675,0.0,9.163906,3.1906352,0.0011360818,0.0,0.00044969548,0.038417194
8888,0.1840895,0.0,0.024509072,3.1906168,2.0651383e-05,0.0,0.00040239704,0.038417585
8889,5.0982165,0.0,0.050042033,3.1906006,0.000736781,0.0,0.00014254365,0.038417682
8890,0.22279903,0.0,0.68257785,3.1905856,0.00035687542,0.0,0.0005611498,0.038417723
8891,1.1923435,0.0,3.416624,3.1905754,0.00019660512,0.0,0.00021381432,0.038417824
8892,1.4040323,0.0,6.503369,3.1905653,0.00018747282,0.0,0.0019054646,0.03841778
8893,17.851212,0.0,0.94114304,3.1905584,0.0002866878,0.0,0.0019260683,0.038417727
8894,0.33217964,0.0,4.371372,3.1905527,1.0025371e-05,0.0,0.0007191256,0.03841769
8895,2.3629098,0.0,0.303984,3.1905403,7.808757e-05,0.0,0.0019645388,0.038417537
8896,0.12620096,0.0,1.4872456,3.1905303,0.0033669346,0.0,0.00055490126,0.038417317
8897,0.09836569,0.0,0.10595288,3.1905248,0.00012597164,0.0,0.0012443766,0.03841713
8898,0.17455138,0.0,0.034493648,3.1905205,0.0021116917,0.0,0.00088590995,0.03841706
8899,0.251763,0.0,0.15746863,3.1905162,2.727881e-05,0.0,9.919124e-05,0.03841727
8900,6.444812,0.0,2.9788098,3.1905134,1.99217e-06,0.0,0.00020387063,0.038417414
8901,3.3450508,0.0,0.9828107,3.1905131,0.0002502697,0.0,0.00030957995,0.03841753
8902,0.08656284,0.0,5.3825736,3.1905124,0.0007819253,0.0,0.00018046258,0.038417686
8903,0.7592693,0.0,0.05774508,3.1905146,4.811375e-05,0.0,0.0001568909,0.03841803
8904,3.1036575,0.0,0.2736016,3.1905162,0.00025940692,0.0,0.003612652,0.03841833
8905,0.97530395,0.0,1.1179092,3.1905189,3.5061086e-05,0.0,9.179037e-05,0.03841894
8906,2.1991265,0.0,0.028015934,3.1905212,2.5659127e-05,0.0,5.1770756e-05,0.03841946
8907,0.57280123,0.0,0.9366689,3.190524,0.00016535708,0.0,0.0041835206,0.03841991
8908,11.484271,0.0,0.37749708,3.1905258,0.001314936,0.0,0.0013287917,0.038420245
8909,9.448732,0.0,0.08095538,3.1905267,4.5537356e-05,0.0,0.0009309,0.038420722
8910,0.38374457,0.0,1.9069192,3.190528,4.893001e-05,0.0,0.0031436689,0.038421143
8911,1.5283453,0.0,0.9436578,3.190529,0.0023866165,0.0,0.0003144325,0.03842154
8912,0.30804372,0.0,1.6118011,3.190532,8.946734e-06,0.0,0.00025363633,0.038421858
8913,1.1344557,0.0,0.69433904,3.1905303,8.882711e-06,0.0,0.00047014403,0.0384222
8914,0.07380857,0.0,6.0647125,3.1905282,4.0544437e-05,0.0,6.2772604e-05,0.03842259
8915,0.567492,0.0,0.045860514,3.1905262,0.002896041,0.0,0.0029498101,0.038422883
8916,0.46333748,0.0,0.06783168,3.190525,0.0023553525,0.0,0.0008107991,0.038423155
8917,2.8958817,0.0,7.163093,3.1905234,3.671309e-05,0.0,0.00014069708,0.038423367
8918,15.227798,0.0,0.4086741,3.1905184,9.695858e-06,0.0,0.0013937119,0.038423598
8919,4.5036182,0.0,1.6394889,3.190515,6.4928754e-05,0.0,0.00046878535,0.038423873
8920,2.4382071,0.0,0.09224216,3.1905205,0.0002285414,0.0,0.0048193457,0.038424317
8921,0.6209943,0.0,1.1828781,3.1905248,0.00045575885,0.0,0.0007242949,0.038424917
8922,0.49937752,0.0,0.32817712,3.190531,3.291834e-05,0.0,0.00090510934,0.038425453
8923,0.27693385,0.0,1.0230535,3.190538,7.563898e-05,0.0,0.00037033978,0.03842558
8924,3.1548796,0.0,0.15908077,3.1905434,3.69762e-05,0.0,0.0012717234,0.038426057
8925,0.14417219,0.0,0.15450743,3.1905472,3.6273763e-05,0.0,0.00037428696,0.0384269
8926,5.092979,0.0,3.2638462,3.1905506,3.5582467e-05,0.0,0.00013784641,0.038427647
8927,3.0369701,0.0,0.15133575,3.1905537,5.0180694e-05,0.0,0.00012063209,0.03842836
8928,0.46391332,0.0,3.1905546,3.1905572,0.0027861928,0.0,0.0018430325,0.03842895
8929,1.7279327,0.0,0.10240332,3.1905637,1.6249835e-05,0.0,0.0006692621,0.038429413
8930,2.54352,0.0,3.357859,3.190577,0.0025691704,0.0,0.00028409285,0.03842982
8931,17.192379,0.0,0.37551373,3.1905909,0.000107664666,0.0,0.0056994427,0.038430218
8932,0.47785872,0.0,0.13000108,3.190604,2.2226417e-05,0.0,0.00018304099,0.038430642
8933,6.764066,0.0,1.4563487,3.1906161,0.0029306791,0.0,0.005727246,0.038430877
8934,2.3914974,0.0,0.14779003,3.1906366,3.32149e-05,0.0,0.00029407936,0.038429357
8935,0.14264102,0.0,0.9050015,3.1906552,7.504793e-05,0.0,0.00018367212,0.03842816
8936,0.29805496,0.0,0.96990573,3.1906784,0.0010339682,0.0,0.00090779027,0.038427047
8937,0.8513801,0.0,0.07670058,3.1907024,7.203898e-05,0.0,0.0001671993,0.0384261
8938,0.18893178,0.0,6.681694,3.1907232,0.0008929606,0.0,0.00080318935,0.0384253
8939,0.5395141,0.0,0.053106863,3.1907454,1.1686852e-05,0.0,0.00012037279,0.038424492
8940,0.18274193,0.0,0.026099062,3.1907647,0.00010834728,0.0,0.00014262527,0.03842379
8941,1.7641472,0.0,0.3176913,3.190782,6.91766e-05,0.0,0.00020211992,0.03842316
8942,2.9448612,0.0,2.3089812,3.1907983,0.00027290807,0.0,0.0002040155,0.03842251
8943,0.64793605,0.0,0.05102435,3.1908176,0.00011484215,0.0,0.0058372943,0.038421847
8944,0.16856651,0.0,0.23133868,3.1908343,4.270561e-05,0.0,4.667567e-05,0.03842116
8945,0.51210845,0.0,4.639539,3.1908488,0.0023027027,0.0,0.00018786255,0.038420465
8946,0.25242624,0.0,0.2332792,3.1908634,8.451782e-06,0.0,0.0024670395,0.038419772
8947,0.7804239,0.0,0.068944156,3.1908767,0.0010027835,0.0,0.00010721791,0.03841912
8948,8.641202,0.0,0.11007621,3.1908884,0.00036606443,0.0,0.00016574096,0.038419012
8949,1.7083963,0.0,0.021475347,3.1908996,0.0010614912,0.0,4.1457715e-05,0.038418856
8950,5.677406,0.0,0.8551898,3.1909087,3.0679315e-05,0.0,0.00021195831,0.038418673
8951,6.382029,0.0,0.700743,3.1909175,0.0005081679,0.0,0.00040211048,0.038418498
8952,0.42964914,0.0,0.083680294,3.190925,0.0026974967,0.0,0.00014533792,0.0384185
8953,8.864507,0.0,7.310794,3.1909308,0.0009737538,0.0,0.00042121974,0.038418464
8954,1.3977902,0.0,0.20993485,3.1909363,2.9511117e-05,0.0,0.0029828043,0.038418707
8955,4.826829,0.0,0.018644704,3.190941,0.00012779191,0.0,0.0029208162,0.038418904
8956,0.51495266,0.0,0.23534545,3.1909451,1.29518585e-05,0.0,6.982016e-05,0.038418997
8957,6.7111063,0.0,7.2255063,3.19095,5.322956e-06,0.0,0.00042827133,0.038419005
8958,0.1982561,0.0,0.03636228,3.1909475,3.1759577e-05,0.0,0.002321463,0.038419034
8959,0.80509615,0.0,4.5745387,3.190946,0.000113776594,0.0,0.0003056578,0.03841924
8960,0.3820527,0.0,0.6937623,3.1909468,2.073995e-05,0.0,0.00058335275,0.038419876
8961,5.666987,0.0,10.838225,3.1909509,3.1761047e-05,0.0,0.003001587,0.038420837
8962,0.8325942,0.0,0.022804033,3.1909518,0.0025029774,0.0,0.00071375235,0.03842161
8963,7.1928267,0.0,0.10177509,3.1909523,2.2622728e-05,0.0,2.5265686e-05,0.038422268
8964,11.004266,0.0,0.2681252,3.190953,0.00011968285,0.0,0.0006626277,0.0384228
8965,0.3401023,0.0,2.7978745,3.1909544,6.810855e-05,0.0,0.0031266506,0.038423233
8966,2.3857055,0.0,0.31615382,3.1909595,5.7513236e-05,0.0,0.0002626071,0.038423568
8967,0.27984938,0.0,0.1492588,3.1909635,2.8329643e-05,0.0,0.00032477482,0.03842387
8968,1.1327744,0.0,9.088005,3.190969,9.327726e-06,0.0,0.00058180146,0.038424235
8969,8.635672,0.0,0.20643783,3.1909597,0.00023143325,0.0,5.3830354e-05,0.03842457
8970,0.19423346,0.0,17.065248,3.1909533,0.0008358234,0.0,0.00013704637,0.038424842
8971,9.939084,0.0,8.601546,3.190949,8.807309e-05,0.0,7.448565e-05,0.038425025
8972,11.9400625,0.0,6.1248245,3.1909342,0.000105165076,0.0,7.770172e-05,0.038425118
8973,5.73909,0.0,4.622423,3.1909184,5.0160106e-05,0.0,0.00010464364,0.038425136
8974,0.15842329,0.0,0.076269194,3.1909027,0.00013388763,0.0,0.00039664557,0.03842509
8975,0.7085687,0.0,1.3173025,3.1908886,0.0017275985,0.0,0.00045951866,0.038425
8976,1.786548,0.0,5.5098596,3.190881,0.003499352,0.0,0.00051315955,0.038424846
8977,0.22595419,0.0,0.6648843,3.190875,0.0001386082,0.0,0.00019630567,0.038424775
8978,12.108795,0.0,0.31471574,3.1908705,7.247195e-05,0.0,0.002147534,0.038424738
8979,0.82699126,0.0,16.942497,3.1908665,0.0013945188,0.0,7.9636244e-05,0.038424578
8980,2.6268044,0.0,0.1169382,3.1908605,3.4333877e-06,0.0,7.666101e-05,0.038424447
8981,0.36466283,0.0,0.15627776,3.1908553,4.7074004e-06,0.0,0.0020560138,0.03842421
8982,2.1082106,0.0,0.020620609,3.1908505,9.297755e-06,0.0,0.0008966587,0.03842422
8983,1.4016815,0.0,0.024015574,3.1908467,1.0265706e-05,0.0,0.00019905082,0.03842422
8984,0.43528762,0.0,0.03191383,3.190843,6.578002e-05,0.0,0.0027643498,0.03842418
8985,0.27518782,0.0,0.34049028,3.1908398,0.00047095737,0.0,0.003137724,0.03842419
8986,0.25716266,0.0,0.079383366,3.1908371,0.005177582,0.0,0.000102565595,0.038423903
8987,0.1500684,0.0,0.761326,3.190835,0.003218825,0.0,0.00023939264,0.03842353
8988,0.39036423,0.0,0.1785362,3.1908333,0.00065336644,0.0,5.511129e-05,0.038423073
8989,8.190009,0.0,1.4543139,3.190833,8.250193e-05,0.0,0.00060761493,0.03842257
8990,0.11540264,0.0,0.09482932,3.1908329,3.988523e-05,0.0,0.00014112495,0.038421884
8991,1.202145,0.0,5.6521745,3.190834,0.002299038,0.0,0.0008481062,0.03842122
8992,1.0212348,0.0,0.13549379,3.1908426,4.7173402e-05,0.0,0.00017549639,0.038420558
8993,0.6203514,0.0,2.695383,3.1908512,0.00034387165,0.0,0.0004575341,0.038419876
8994,0.5765071,0.0,0.28637448,3.190861,3.7018035e-05,0.0,0.0003190521,0.03841903
8995,0.19925372,0.0,0.37297237,3.1908717,9.593843e-05,0.0,0.0018668007,0.03841818
8996,0.04869494,0.0,8.888868,3.19088,0.0020093438,0.0,0.004650032,0.03841731
8997,1.4367467,0.0,0.82553643,3.190887,0.00080462644,0.0,0.003043963,0.03841655
8998,0.044793412,0.0,0.013209823,3.1908953,0.00048238062,0.0,0.002220058,0.03841599
8999,10.996158,0.0,0.8673438,3.1909025,1.222547e-05,0.0,8.657881e-05,0.038415436
9000,0.092036046,0.0,0.043661736,3.1909122,9.550553e-05,0.0,0.00011995595,0.038414903
9001,7.359314,0.0,3.2108688,3.1909204,0.0023480393,0.0,0.00046509702,0.03841434
9002,2.312603,0.0,3.594415,3.1909263,0.0002712239,0.0,0.00030592832,0.038413715
9003,0.29259124,0.0,0.06686838,3.1909313,0.001350048,0.0,0.0042919028,0.038413037
9004,1.1533022,0.0,0.7097648,3.190935,0.005683953,0.0,5.594623e-05,0.03841282
9005,9.327288,0.0,0.09627789,3.1909387,0.00082821306,0.0,0.0046323286,0.03841261
9006,1.810094,0.0,0.03516949,3.190943,0.0025579815,0.0,7.537778e-05,0.038412288
9007,1.1565572,0.0,0.11377365,3.1909456,4.8407965e-05,0.0,0.00046834347,0.038412
9008,0.0771628,0.0,15.683331,3.1909475,0.0006277316,0.0,7.539461e-05,0.038411714
9009,0.78045994,0.0,0.14217599,3.1909454,0.00019969633,0.0,0.0033909304,0.038411442
9010,0.4398712,0.0,1.5761799,3.1909444,0.0007277462,0.0,0.002265952,0.038411144
9011,6.315608,0.0,5.3730173,3.1909442,6.6957575e-05,0.0,0.00016312193,0.038410883
9012,0.64534044,0.0,0.4540077,3.19095,0.00029118708,0.0,0.005766319,0.038410638
9013,0.5159679,0.0,0.05337944,3.1909556,0.00011022879,0.0,0.0027104544,0.038410254
9014,3.2931142,0.0,1.6866233,3.1909602,0.00012495805,0.0,0.000360635,0.038409833
9015,0.7431999,0.0,0.6800729,3.1909707,0.00022705912,0.0,9.331462e-05,0.0384094
9016,0.31343684,0.0,0.31027156,3.1909811,7.387351e-05,0.0,0.00010401396,0.038409002
9017,1.4315912,0.0,0.16054419,3.190989,4.9043592e-06,0.0,0.0013365326,0.038408592
9018,2.6202195,0.0,0.5664636,3.1909962,6.317341e-05,0.0,0.00014301899,0.038408153
9019,6.591049,0.0,0.021786222,3.191006,8.39765e-05,0.0,0.00015542947,0.03840773
9020,1.3102487,0.0,0.024006775,3.1910145,1.1902816e-05,0.0,0.00010479445,0.03840734
9021,2.4643967,0.0,0.02539722,3.1910222,2.5571235e-06,0.0,0.00012211064,0.03840696
9022,4.3474865,0.0,10.043461,3.1910284,0.001344651,0.0,0.0005491583,0.038406562
9023,10.838346,0.0,0.19069728,3.1910365,0.000348944,0.0,0.0030272333,0.03840605
9024,0.18453917,0.0,1.0613886,3.1910453,1.5329973e-05,0.0,0.00017586927,0.038405582
9025,0.18768398,0.0,2.7150073,3.1910522,7.548748e-05,0.0,0.00023039294,0.038405035
9026,12.2509365,0.0,12.405563,3.191058,1.1008886e-05,0.0,0.00021126187,0.038404454
9027,0.2970879,0.0,0.9327148,3.1910615,0.00026419968,0.0,0.00026801578,0.03840411
9028,3.0664425,0.0,0.07793754,3.1910646,0.0015152452,0.0,0.00074024743,0.038403776
9029,0.87867135,0.0,0.38187557,3.1910672,1.719279e-05,0.0,0.00048680406,0.038403448
9030,1.5421673,0.0,0.13534755,3.191071,4.8311565e-05,0.0,0.0028976835,0.03840297
9031,0.42182225,0.0,0.07689235,3.1910741,5.9503483e-05,0.0,0.0024244075,0.038402475
9032,2.9289932,0.0,8.679384,3.1910763,6.495545e-05,0.0,0.0025398263,0.038401917
9033,5.416861,0.0,0.14652675,3.1910715,0.00013522556,0.0,0.00050870265,0.038401373
9034,0.1572916,0.0,0.07538334,3.191067,1.637357e-05,0.0,0.0022346575,0.03840104
9035,0.3786007,0.0,0.021793392,3.1910634,0.00045339562,0.0,0.00023851442,0.03840083
9036,0.45481718,0.0,0.31271774,3.1910598,0.002916266,0.0,0.0001547684,0.038400535
9037,0.20314734,0.0,0.36635673,3.1910582,6.8065936e-05,0.0,0.0002565615,0.03840031
9038,0.34338376,0.0,0.5589555,3.191057,0.0033289634,0.0,0.0002569623,0.03840007
9039,0.23022935,0.0,1.2473086,3.1910567,4.0689858e-05,0.0,0.002293466,0.038399808
9040,0.48723266,0.0,6.137037,3.1910584,4.9216575e-05,0.0,0.00024355187,0.03839966
9041,0.24690644,0.0,0.4449522,3.19106,3.736224e-05,0.0,0.00074054516,0.038399417
9042,0.6551269,0.0,0.64034814,3.191062,0.0006118031,0.0,0.00013173517,0.038398948
9043,8.314877,0.0,0.32644686,3.1910653,1.1487758e-05,0.0,0.00013235552,0.038398445
9044,1.923742,0.0,1.9265003,3.1910682,4.9860646e-05,0.0,0.00030300446,0.03839792
9045,12.494919,0.0,6.3871884,3.191073,6.701366e-05,0.0,0.00029124867,0.03839746
9046,0.25558192,0.0,7.6979027,3.1910753,4.4718392e-05,0.0,0.00215382,0.038397044
9047,0.365836,0.0,16.0209,3.1910732,1.36319995e-05,0.0,0.00020772907,0.038396608
9048,8.622624,0.0,1.5209516,3.1910713,2.8229446e-05,0.0,0.00014434484,0.038396172
9049,0.19366302,0.0,6.6360803,3.1910708,2.1832371e-05,0.0,0.00094142876,0.038395725
9050,2.4714024,0.0,5.2811003,3.191067,5.413981e-05,0.0,0.00020935106,0.038395405
9051,1.7346878,0.0,0.049568675,3.1910653,1.3240417e-05,0.0,0.00011108282,0.038395
9052,0.21404694,0.0,7.812138,3.1910636,2.3273016e-05,0.0,0.0011639507,0.03839454
9053,0.56237364,0.0,0.80652493,3.1910648,0.003461183,0.0,0.001402747,0.03839394
9054,1.7838749,0.0,0.019596593,3.1910655,0.00056440296,0.0,0.0001484439,0.03839349
9055,10.038948,0.0,1.1026167,3.1910663,0.0019327118,0.0,0.00013171246,0.038393192
9056,0.9307754,0.0,2.0548477,3.1910646,0.0010220705,0.0,0.00013586602,0.038392935
9057,0.7426219,0.0,0.041770805,3.191066,1.7246317e-05,0.0,0.00033526807,0.038392663
9058,5.313928,0.0,6.591014,3.1910663,8.297536e-05,0.0,0.0002540467,0.03839235
9059,2.9863575,0.0,0.68764436,3.1910648,0.004734669,0.0,0.00010505103,0.038392097
9060,0.09437689,0.0,1.9600139,3.191064,2.4488421e-05,0.0,0.00028737506,0.038391616
9061,0.27605858,0.0,6.117137,3.1910646,1.5142777e-05,0.0,0.00011770562,0.03839111
9062,3.6355238,0.0,0.39504707,3.1910636,7.246207e-06,0.0,0.00048613193,0.038390703
9063,6.0719504,0.0,0.66779506,3.1910636,1.4822492e-06,0.0,5.1476214e-05,0.038390443
9064,0.5113252,0.0,0.040272202,3.191064,1.2610391e-05,0.0,0.00014115263,0.03839016
9065,0.12850054,0.0,0.049572904,3.191064,2.4085017e-05,0.0,0.0029508222,0.038389858
9066,0.3631399,0.0,0.13157171,3.1910634,2.2486762e-05,0.0,0.0046791825,0.038389653
9067,1.2575026,0.0,1.0677178,3.1910634,1.7936426e-06,0.0,0.00049043214,0.03838928
9068,0.45328653,0.0,0.022228127,3.1910634,7.574761e-06,0.0,0.0004443974,0.03838845
9069,1.9093481,0.0,2.0519772,3.191063,2.562464e-05,0.0,0.0010957444,0.038387705
9070,10.2168455,0.0,0.34637862,3.1910625,0.00023202795,0.0,0.00011405232,0.038387276
9071,0.7283964,0.0,0.8902738,3.1910622,6.15945e-05,0.0,0.0010747344,0.03838688
9072,8.479181,0.0,0.0158756,3.1910622,4.5092143e-05,0.0,0.00017644721,0.038386494
9073,1.2459134,0.0,0.2743321,3.191062,9.410278e-05,0.0,0.0025799426,0.03838606
9074,0.33993283,0.0,0.21860293,3.1910615,6.750507e-05,0.0,0.0030908806,0.038385674
9075,2.0910017,0.0,0.24801779,3.1910605,4.0396528e-05,0.0,3.5828103e-05,0.038385235
9076,0.24180163,0.0,4.231769,3.19106,6.0961724e-05,0.0,0.00022213205,0.038384777
9077,10.088174,0.0,0.69759774,3.1910594,6.6240646e-06,0.0,0.0033774646,0.0383846
9078,2.1253712,0.0,0.07927673,3.1910598,3.3645752e-05,0.0,0.0001893402,0.038384445
9079,1.0891212,0.0,0.0502166,3.1910598,1.52031735e-05,0.0,0.00021408193,0.038384274
9080,7.4924097,0.0,0.04855735,3.1910598,0.00014251242,0.0,0.00010376025,0.038384095
9081,3.7166333,0.0,4.1183295,3.1910596,0.00032805587,0.0,0.003379305,0.038383868
9082,0.33252674,0.0,0.037746813,3.1910598,8.015919e-06,0.0,0.00023894498,0.038383827
9083,2.147988,0.0,8.143642,3.19106,0.00015247361,0.0,6.2074054e-05,0.03838381
9084,2.5661383,0.0,1.1042818,3.1910524,0.003253929,0.0,0.0014662425,0.038383733
9085,0.96889275,0.0,12.00796,3.191046,3.0118394e-05,0.0,0.00023651576,0.03838358
9086,3.1035633,0.0,11.091784,3.1910448,0.0002996329,0.0,0.00017079827,0.038383298
9087,0.63375384,0.0,0.48816314,3.1910403,6.7892695e-05,0.0,0.00010513009,0.038383048
9088,0.08679959,0.0,0.094292276,3.1910357,1.18945545e-05,0.0,0.00069647556,0.0383827
9089,9.458364,0.0,0.12426232,3.191032,1.5135871e-05,0.0,0.0027413825,0.038382303
9090,12.260056,0.0,3.1803298,3.1910288,2.5262783e-05,0.0,0.0037252593,0.03838177
9091,4.4618235,0.0,0.36972272,3.1910255,1.6032049e-05,0.0,0.0046371594,0.038381223
9092,2.304052,0.0,0.3939553,3.1910233,0.0029362522,0.0,0.00017459095,0.038380645
9093,0.30249286,0.0,0.9169395,3.1910233,6.832376e-06,0.0,0.0049424185,0.038380135
9094,0.3299406,0.0,0.40842807,3.1910243,4.6997124e-05,0.0,0.0009434824,0.038379624
9095,0.2785073,0.0,3.0549674,3.1910248,3.985175e-06,0.0,0.0022354014,0.038379252
9096,3.5683594,0.0,0.10840498,3.1910255,0.00046396602,0.0,0.00088846456,0.038378894
9097,7.7297616,0.0,3.4854054,3.191026,1.4399287e-05,0.0,0.00023913366,0.03837851
9098,0.3839092,0.0,0.055481046,3.1910288,4.7766378e-05,0.0,0.00023415708,0.03837818
9099,2.0150023,0.0,0.6829538,3.1910322,0.001670205,0.0,4.2769232e-05,0.03837797
9100,1.8166258,0.0,0.04440325,3.1910348,9.852847e-05,0.0,0.00022886801,0.038377725
9101,0.3081324,0.0,0.071945325,3.191037,0.0030306205,0.0,0.002138545,0.038377475
9102,0.23304357,0.0,0.28480202,3.1910398,7.109763e-05,0.0,0.00021349615,0.03837721
9103,0.22478446,0.0,2.9222062,3.1910415,4.2591877e-05,0.0,0.00089071586,0.03837685
9104,1.1165955,0.0,0.0220725,3.1910448,0.0020993594,0.0,0.0013718829,0.038375683
9105,2.397177,0.0,0.02065072,3.1910472,4.861962e-05,0.0,0.00018276647,0.038374554
9106,1.6600908,0.0,0.29487115,3.1910498,9.051301e-05,0.0,0.0025395982,0.038373582
9107,0.44620243,0.0,2.2129786,3.1910515,2.5590583e-05,0.0,0.0001308781,0.038372748
9108,2.744861,0.0,0.09502849,3.1910536,0.0012818277,0.0,0.0004030204,0.038371943
9109,0.04129209,0.0,0.2826099,3.191055,0.0003382852,0.0,0.00015206778,0.038371168
9110,0.8643243,0.0,0.05202962,3.1910555,0.0025690994,0.0,0.00021276023,0.03837041
9111,0.18837836,0.0,2.322104,3.1910558,0.002588277,0.0,0.00029240124,0.03836966
9112,0.23350811,0.0,0.09049935,3.1910553,0.0015272711,0.0,9.966514e-05,0.0383691
9113,6.262104,0.0,0.11575544,3.1910553,9.3295894e-05,0.0,0.0031691885,0.03836854
9114,2.231844,0.0,3.9978187,3.1910558,0.00017581067,0.0,0.00011526421,0.03836792
9115,12.113702,0.0,10.410391,3.1910553,0.0020818566,0.0,0.0027768526,0.038367283
9116,7.461793,0.0,0.058613144,3.1910565,0.0005833355,0.0,0.0001398583,0.03836656
9117,0.48013195,0.0,0.58957875,3.1910574,0.00026793883,0.0,0.00036624924,0.03836587
9118,2.8698597,0.0,0.035227656,3.1910589,0.003539186,0.0,0.00011881178,0.03836518
9119,0.33056292,0.0,7.227664,3.19106,0.00018201598,0.0,0.0016745361,0.038364526
9120,4.2456746,0.0,0.07606991,3.1910634,0.00016529628,0.0,0.0002410226,0.038363878
9121,5.5812874,0.0,0.020849386,3.1910663,0.0003009309,0.0,0.00011197872,0.038363542
9122,0.08170506,0.0,2.6461494,3.191069,6.657059e-05,0.0,0.0005638791,0.03836309
9123,5.4586325,0.0,3.7816505,3.1910706,0.0017196224,0.0,0.00016308467,0.038362723
9124,2.0274575,0.0,0.7422065,3.1910741,0.00014007109,0.0,0.00070985174,0.03836244
9125,0.1105355,0.0,0.5467167,3.1910787,0.0002909983,0.0,0.00077717425,0.038362198
9126,0.6998123,0.0,2.7565715,3.191084,9.337048e-05,0.0,0.00022317498,0.03836193
9127,11.031794,0.0,2.161395,3.1910884,7.4225616e-05,0.0,0.00028976193,0.038361967
9128,0.32916456,0.0,2.8506908,3.1910934,0.00013874599,0.0,0.0020919952,0.038361926
9129,0.21048415,0.0,0.015684858,3.1910973,0.00022736468,0.0,0.00014472759,0.038361922
9130,0.36258397,0.0,0.883555,3.1911006,5.1422918e-05,0.0,0.0017520214,0.03836201
9131,1.614616,0.0,0.03085355,3.1911042,3.7515903e-05,0.0,0.002266025,0.03836286
9132,0.1578791,0.0,0.045226414,3.1911068,0.0002733466,0.0,0.0031720328,0.038363583
9133,3.2842865,0.0,1.8011837,3.1911101,7.422091e-05,0.0,0.00095635274,0.038364276
9134,0.9533429,0.0,0.30310154,3.1911118,0.00016224312,0.0,0.0012695907,0.038364846
9135,1.0327473,0.0,8.366839,3.1911147,0.00262985,0.0,0.0015220293,0.03836531
9136,0.21972921,0.0,6.1031723,3.191113,6.435103e-05,0.0,5.949315e-05,0.038365483
9137,0.16885662,0.0,12.093425,3.1911106,0.00011381018,0.0,8.927844e-05,0.03836557
9138,4.6882477,0.0,5.3307514,3.1911001,9.799396e-05,0.0,0.00019969071,0.038365636
9139,0.28953788,0.0,0.11569842,3.1910906,0.000121672274,0.0,0.0007658689,0.038365606
9140,8.690621,0.0,0.12750201,3.1910815,0.0023985025,0.0,0.00041104708,0.03836562
9141,0.86220676,0.0,0.14852579,3.191074,2.8873212e-05,0.0,0.00013668774,0.038365617
9142,3.2040153,0.0,0.16538437,3.1910682,8.408053e-06,0.0,6.0755232e-05,0.03836559
9143,0.3765332,0.0,0.15579267,3.1910632,0.00025002394,0.0,0.00040783093,0.03836549
9144,0.42786965,0.0,0.020674199,3.1910582,0.0011027881,0.0,0.0017273136,0.03836548
9145,1.3367399,0.0,0.31722888,3.191053,2.2825288e-05,0.0,0.0044474415,0.038365327
9146,10.729774,0.0,1.640893,3.1910515,0.0022994678,0.0,0.0012345935,0.03836521
9147,2.454632,0.0,0.020130435,3.1910539,3.1420954e-05,0.0,9.714179e-05,0.03836532
9148,0.66820556,0.0,14.248153,3.191056,0.002504163,0.0,0.0019055393,0.038365353
9149,0.7435672,0.0,11.745388,3.1910565,8.937139e-05,0.0,0.00026321632,0.038365282
9150,2.405245,0.0,0.09517977,3.1910553,0.0011747546,0.0,9.108375e-05,0.038365096
9151,1.0010281,0.0,0.06156841,3.191055,0.0023745606,0.0,7.6677956e-05,0.03836485
9152,1.6460402,0.0,10.348821,3.191055,1.6731301e-05,0.0,0.00022733104,0.03836458
9153,1.1283389,0.0,0.110222235,3.1910527,1.2237128e-05,0.0,0.0004883207,0.038364336
9154,3.5682964,0.0,26.970097,3.191049,0.0028313452,0.0,3.764236e-05,0.038364403
9155,0.362762,0.0,0.93394256,3.191045,0.0003454069,0.0,0.00071068114,0.038364477
9156,3.2228384,0.0,0.4288057,3.1910455,7.5355274e-05,0.0,2.2405327e-05,0.03836474
9157,12.168864,0.0,0.021612324,3.191046,0.00048000572,0.0,0.00012623848,0.038364924
9158,1.999631,0.0,0.23433344,3.191046,0.00027303724,0.0,0.0067984625,0.03836508
9159,0.07431743,0.0,0.054548103,3.1910477,0.00022838385,0.0,0.00015287736,0.038365487
9160,0.29206017,0.0,3.7304225,3.1910489,0.0014171775,0.0,9.868849e-05,0.038365796
9161,0.216223,0.0,0.60217476,3.1910467,1.2714552e-05,0.0,0.0009223731,0.03836603
9162,0.18500727,0.0,0.4178317,3.1910455,0.0023209054,0.0,0.00010579683,0.038366143
9163,0.14675084,0.0,1.2153933,3.1910446,9.818071e-05,0.0,0.0027610168,0.03836622
9164,0.61507255,0.0,0.23686694,3.1910431,1.8109868e-05,0.0,0.00013669909,0.03836629
9165,0.3685654,0.0,0.049465604,3.1910422,0.001073887,0.0,0.002575252,0.038366314
9166,0.88434,0.0,1.2611823,3.1910405,7.666963e-05,0.0,6.2931176e-05,0.03836633
9167,2.8380857,0.0,2.4378188,3.19104,4.105288e-05,0.0,0.0052280147,0.03836627
9168,0.8729347,0.0,0.02052473,3.1910415,7.1240815e-05,0.0,0.00039093374,0.03836634
9169,2.7970123,0.0,0.017381951,3.1910431,0.00013925022,0.0,0.002404809,0.03836664
9170,1.8045797,0.0,0.021634728,3.1910436,0.00016092983,0.0,9.403428e-05,0.038366824
9171,0.32787812,0.0,1.9656729,3.1910446,5.6627767e-05,0.0,0.0001716304,0.038366914
9172,0.3922391,0.0,0.92987776,3.1910465,3.73032e-05,0.0,0.000300675,0.03836694
9173,0.048194945,0.0,0.26307225,3.1910489,4.845581e-05,0.0,0.00015818216,0.038366918
9174,1.121231,0.0,9.659359,3.1910465,0.0016103154,0.0,0.00041482883,0.03836684
9175,0.057202633,0.0,0.5427821,3.191049,3.707098e-05,0.0,9.680036e-05,0.03836711
9176,11.29069,0.0,0.054683454,3.1910524,0.00016356011,0.0,0.003069842,0.038367286
9177,1.8837767,0.0,0.041767906,3.1910548,5.1950494e-05,0.0,0.0019504686,0.038367268
9178,0.09486339,0.0,0.1106689,3.1910574,9.987126e-05,0.0,0.0026552014,0.03836718
9179,6.3718257,0.0,0.40798748,3.1910598,6.331179e-05,0.0,0.00013913766,0.038367264
9180,0.51010454,0.0,1.259573,3.191062,0.0001545789,0.0,0.00036890886,0.038367275
9181,3.0230994,0.0,0.40688854,3.191068,3.7734042e-06,0.0,0.0018248209,0.03836734
9182,0.22262001,0.0,0.49720144,3.1910737,2.604032e-05,0.0,0.00016543556,0.03836722
9183,0.3795409,0.0,21.575024,3.1910796,0.00015660946,0.0,0.0003024817,0.038367093
9184,0.82729447,0.0,0.4258314,3.1910832,6.487809e-05,0.0,0.000984956,0.03836701
9185,0.14021331,0.0,9.599812,3.1910856,1.3066876e-05,0.0,0.00016193154,0.03836695
9186,0.20188726,0.0,1.0772871,3.191088,1.0585873e-05,0.0,0.0019133523,0.038366843
9187,0.264683,0.0,0.76580495,3.191094,2.0750029e-05,0.0,0.00039442332,0.038366903
9188,0.1171542,0.0,12.418014,3.1911,0.0030142774,0.0,0.004846006,0.038367
9189,0.48779854,0.0,0.17062977,3.1911018,0.002242278,0.0,0.00023433765,0.03836651
9190,1.8999842,0.0,0.13754334,3.1911037,6.6561706e-06,0.0,0.0001572207,0.038365997
9191,0.45753083,0.0,0.26521856,3.1911056,1.9884586e-05,0.0,0.00011855077,0.03836549
9192,0.11300518,0.0,0.3728291,3.191107,2.5999685e-05,0.0,0.0010769208,0.038365003
9193,1.6446929,0.0,1.5188268,3.1911085,2.04294e-05,0.0,0.0023940871,0.038364526
9194,0.6609145,0.0,0.042632073,3.191104,6.109861e-05,0.0,0.00033677684,0.038364056
9195,0.05828811,0.0,0.41222292,3.1911006,9.872813e-06,0.0,0.00015064758,0.03836363
9196,0.039281033,0.0,0.08649522,3.1910977,0.0013524462,0.0,0.002692411,0.038363263
9197,4.311321,0.0,0.023863696,3.191095,7.166645e-05,0.0,0.00032050055,0.03836301
9198,0.05892863,0.0,4.9587374,3.1910932,0.0024520177,0.0,0.00016841403,0.038362782
9199,0.08057885,0.0,0.16749361,3.1910899,3.5394116e-06,0.0,0.0006191099,0.038362533
9200,0.05556253,0.0,23.641016,3.1910858,3.75306e-05,0.0,0.0006673055,0.038362227
9201,0.61008275,0.0,0.78010017,3.1910787,0.00019107162,0.0,0.00024491464,0.03836202
9202,7.419192,0.0,0.037126966,3.1910646,0.0002069829,0.0,0.0011635025,0.038361773
9203,15.344656,0.0,0.39176497,3.191052,0.0026075041,0.0,0.0004634583,0.038361605
9204,0.18766148,0.0,13.319212,3.191041,7.580847e-06,0.0,9.755867e-05,0.038361818
9205,0.30712643,0.0,0.23401363,3.1910326,1.5016653e-05,0.0,0.00018780763,0.038362015
9206,0.29251853,0.0,3.1879964,3.1910262,6.1450664e-05,0.0,0.0016731061,0.038362116
9207,1.6037403,0.0,0.092567794,3.1910212,3.9746217e-05,0.0,0.0034990497,0.038362212
9208,1.5196464,0.0,0.07297956,3.191016,3.21265e-05,0.0,0.0011587708,0.038362205
9209,0.40660152,0.0,0.38086423,3.1910114,4.2200612e-05,0.0,0.0001309157,0.03836213
9210,0.2725749,0.0,12.713321,3.1910048,4.0467923e-05,0.0,8.015554e-05,0.03836206
9211,1.4196148,0.0,0.5646231,3.191002,0.0024914797,0.0,0.00024028175,0.038361896
9212,4.783994,0.0,0.07597269,3.1909983,0.0024063801,0.0,0.0068752896,0.038361736
9213,0.04767079,0.0,1.4457313,3.1909952,6.266282e-05,0.0,0.0002836913,0.038361244
9214,0.0427803,0.0,0.39353853,3.190992,9.521823e-05,0.0,0.0012565819,0.03836068
9215,0.062860295,0.0,10.77634,3.19099,2.6365766e-05,0.0,9.493243e-05,0.038360134
9216,0.43345895,0.0,0.10339095,3.1909876,2.7545102e-05,0.0,0.0025122724,0.03835963
9217,0.04948276,0.0,1.2632979,3.1909862,1.1014562e-05,0.0,0.00015002071,0.03835946
9218,18.765488,0.0,1.9280126,3.1909854,0.004438391,0.0,0.00013870992,0.03835928
9219,0.93669844,0.0,0.15236545,3.190985,0.00010126106,0.0,0.00010038685,0.03835909
9220,0.19002052,0.0,5.7506533,3.190985,0.0025097833,0.0,8.9600646e-05,0.038358893
9221,2.2273765,0.0,0.50520647,3.1909864,1.7190157e-05,0.0,0.00042072788,0.038358632
9222,5.7265635,0.0,0.20322835,3.1909888,0.00010021994,0.0,0.0002721025,0.038358286
9223,0.112594366,0.0,0.27456647,3.1909907,0.00023698826,0.0,0.00027067465,0.03835803
9224,5.9180665,0.0,0.15341662,3.190993,1.7854814e-05,0.0,0.005607752,0.03835769
9225,13.392311,0.0,5.8081656,3.1909943,0.0014969488,0.0,0.00018706727,0.038357154
9226,1.4919192,0.0,1.1413512,3.1909947,0.00010481441,0.0,0.00024474104,0.03835701
9227,0.65842646,0.0,2.861015,3.1909974,1.3274247e-06,0.0,0.00018924454,0.03835684
9228,0.9797281,0.0,6.856143,3.1910007,2.441987e-05,0.0,0.00016506249,0.038356666
9229,1.5102973,0.0,0.4627236,3.1910038,0.00010453919,0.0,0.00043925643,0.03835651
9230,8.373499,0.0,0.19412999,3.1910064,2.1645412e-05,0.0,0.007560332,0.03835644
9231,0.060774975,0.0,0.76991016,3.1910095,6.1261664e-05,0.0,0.00011708124,0.03835679
9232,0.3600289,0.0,0.032702453,3.191011,6.756519e-05,0.0,8.767824e-05,0.038357448
9233,1.9231554,0.0,7.5798025,3.1910126,0.0007111003,0.0,0.00020726015,0.038357962
9234,0.16436844,0.0,5.3930583,3.1910174,5.9404818e-05,0.0,7.733289e-05,0.03835836
9235,0.08977161,0.0,5.632657,3.1910236,0.0007510776,0.0,0.00024700287,0.038358662
9236,0.4094987,0.0,0.41569555,3.1910288,1.6862308e-05,0.0,0.00025895366,0.038359128
9237,3.313457,0.0,6.662988,3.1910324,0.00036978122,0.0,0.00029656815,0.038359515
9238,5.5316095,0.0,1.2836394,3.191038,2.6838934e-05,0.0,0.00087259687,0.038359806
9239,0.08860378,0.0,1.9348776,3.1910446,8.20908e-06,0.0,0.00050402817,0.038359974
9240,0.47235507,0.0,7.446044,3.191052,4.3466578e-05,0.0,0.00027597012,0.038360327
9241,3.4391894,0.0,1.4366034,3.1910584,0.00011540647,0.0,0.002353461,0.038360693
9242,0.06331445,0.0,0.19842966,3.1910658,0.0029963925,0.0,0.00012086208,0.03836098
9243,0.13519186,0.0,1.0617019,3.1910737,4.80068e-06,0.0,0.00016745027,0.038361218
9244,0.15276688,0.0,1.7501509,3.1910849,9.831224e-07,0.0,0.00041807527,0.038361024
9245,0.021901915,0.0,1.014198,3.1910927,2.3648492e-05,0.0,0.00013137487,0.03836106
9246,0.02333592,0.0,12.883126,3.1911035,0.0021414638,0.0,0.0011578116,0.03836113
9247,0.2047003,0.0,0.20110178,3.1911108,0.0028793744,0.0,0.000104351086,0.038361043
9248,0.044536553,0.0,14.509512,3.1911178,0.0038331866,0.0,0.0018228211,0.038360927
9249,3.0783117,0.0,0.112100445,3.191126,8.745306e-05,0.0,0.00016844782,0.038360756
9250,10.805244,0.0,2.8156066,3.191133,7.4275404e-06,0.0,0.002638143,0.038360648
9251,0.88338935,0.0,2.034605,3.1911397,0.0005021779,0.0,0.00014459813,0.0383606
9252,24.371832,0.0,0.024711778,3.1911464,2.4242894e-05,0.0,0.0012868722,0.038360607
9253,1.2087053,0.0,0.20153187,3.1911523,2.4435685e-05,0.0,0.0029179926,0.038360894
9254,8.836132,0.0,0.22709815,3.191158,9.183375e-05,0.0,0.00029040218,0.038361188
9255,6.873097,0.0,4.25266,3.1911647,7.8370525e-05,0.0,0.00049699825,0.03836131
9256,12.02749,0.0,10.541986,3.191168,4.3926742e-05,0.0,0.000358717,0.038361374
9257,0.19568685,0.0,8.14063,3.1911736,9.819331e-06,0.0,0.0006163833,0.038361426
9258,3.2213483,0.0,10.589632,3.1911771,0.00015066555,0.0,0.0003397771,0.03836149
9259,0.3745331,0.0,0.16687804,3.1911788,3.1524345e-05,0.0,0.0041422234,0.038361717
9260,0.5081827,0.0,0.13297983,3.1911812,8.64164e-05,0.0,0.0025152273,0.038362354
9261,1.1856737,0.0,0.03460625,3.1911821,0.0019269797,0.0,0.00045400413,0.038362976
9262,3.6352506,0.0,2.1908002,3.1911826,3.2311153e-05,0.0,0.0030831043,0.0383635
9263,0.325164,0.0,0.20633377,3.1911845,0.004530734,0.0,0.00018152942,0.038363826
9264,4.7120485,0.0,0.7146844,3.191187,4.103331e-05,0.0,0.00016072084,0.03836409
9265,0.36160654,0.0,13.994116,3.1911886,2.393266e-05,0.0,0.00010065407,0.03836431
9266,3.5978127,0.0,0.9524557,3.191189,0.00013597448,0.0,0.0005371853,0.038364403
9267,0.28768134,0.0,0.5356451,3.191187,1.6501324e-05,0.0,0.0023538843,0.03836322
9268,0.44742554,0.0,3.2196844,3.1911852,3.8678216e-05,0.0,0.00038523864,0.03836213
9269,0.8926704,0.0,4.73239,3.1911912,8.194472e-05,0.0,0.00032748326,0.03836105
9270,0.59852135,0.0,12.929547,3.1911952,1.4995089e-06,0.0,0.00061115087,0.03836008
9271,0.784395,0.0,0.030312208,3.1911962,0.00011371803,0.0,0.00263648,0.03835896
9272,0.13949147,0.0,1.8507862,3.1911972,0.0015311542,0.0,0.00024202674,0.038358442
9273,0.3439059,0.0,10.254384,3.1912017,0.002592508,0.0,0.0022224763,0.03835799
9274,3.969176,0.0,0.7355392,3.1912053,0.00029377622,0.0,0.00012415406,0.038357187
9275,0.87467664,0.0,0.034232877,3.19121,0.0023437762,0.0,0.006354135,0.038356464
9276,0.33343115,0.0,1.2186397,3.191214,0.0013153377,0.0,7.739048e-05,0.038355835
9277,0.06759981,0.0,0.02490075,3.1912193,0.00058224675,0.0,0.0029169002,0.03835525
9278,0.49817443,0.0,0.18034944,3.1912236,2.027083e-05,0.0,0.000326999,0.038354855
9279,0.15339793,0.0,1.9526088,3.191228,0.00017675226,0.0,9.8203156e-05,0.03835438
9280,3.4032843,0.0,0.21077177,3.191233,6.2744984e-05,0.0,0.00034773935,0.038353886
9281,3.5740483,0.0,0.17387538,3.1912367,0.002248261,0.0,0.0025906996,0.038353562
9282,0.048997212,0.0,19.472301,3.1912389,0.0018629931,0.0,0.0003740635,0.038353343
9283,0.07039895,0.0,0.2259104,3.1912386,5.584036e-05,0.0,0.0023990478,0.03835325
9284,0.4223431,0.0,3.448866,3.1912384,4.866806e-05,0.0,0.0028508774,0.038353223
9285,6.274298,0.0,4.4424305,3.191241,2.75788e-05,0.0,0.00017523984,0.03835312
9286,6.090008,0.0,3.060983,3.1912446,8.2469196e-05,0.0,0.00023747659,0.03835294
9287,4.4651227,0.0,12.1731825,3.1912477,0.00015318717,0.0,0.00030246115,0.038352642
9288,0.24878125,0.0,1.602634,3.1912508,0.00023556298,0.0,0.00026496727,0.038352277
9289,2.699241,0.0,4.6301956,3.1912549,0.00020122979,0.0,0.000565676,0.038351856
9290,0.20724122,0.0,4.457646,3.191255,0.0011626888,0.0,9.9390054e-05,0.038351756
9291,4.6172276,0.0,11.387233,3.191255,0.001877059,0.0,0.00015900846,0.03835159
9292,0.07467209,0.0,0.24042651,3.1912541,0.00016423015,0.0,0.00089371635,0.03835143
9293,0.15515369,0.0,2.9546883,3.191253,0.00021978182,0.0,0.00021696831,0.038351204
9294,8.056847,0.0,0.31064233,3.1912508,0.00030261342,0.0,0.0015815094,0.038351215
9295,3.13644,0.0,2.0537636,3.1912503,3.0834217e-05,0.0,2.582791e-05,0.03835135
9296,0.7098599,0.0,0.63521886,3.1912525,0.00249836,0.0,0.0033710802,0.038351398
9297,11.804692,0.0,13.212158,3.1912553,0.00013618339,0.0,0.0001815754,0.03835128
9298,1.5619955,0.0,0.069437936,3.1912594,0.0001512297,0.0,0.0019549085,0.03835131
9299,0.39017582,0.0,0.027865812,3.1912632,0.0002341543,0.0,0.00072142633,0.03835137
9300,0.42930922,0.0,14.520892,3.1912665,2.003232e-05,0.0,0.000894297,0.038351797
9301,0.77607244,0.0,0.026838718,3.1912704,0.00017046335,0.0,0.00017857457,0.038352117
9302,5.739508,0.0,2.1126237,3.1912732,0.0050399937,0.0,0.0004210745,0.038352378
9303,1.9672521,0.0,0.5251514,3.191279,0.00011597626,0.0,0.00022747887,0.038352728
9304,1.162376,0.0,0.11069788,3.191285,0.0015186176,0.0,0.00338479,0.038352955
9305,3.8980827,0.0,0.12102846,3.191291,9.416126e-07,0.0,0.000114717506,0.03835318
9306,4.33537,0.0,3.4833822,3.1912963,3.2955604e-06,0.0,0.00016919253,0.03835327
9307,0.48812798,0.0,0.24612564,3.1912994,2.82554e-05,0.0,0.0003112772,0.03835333
9308,1.576383,0.0,0.32107276,3.191303,1.6232087e-05,0.0,8.367219e-05,0.038353477
9309,0.21810836,0.0,1.3291683,3.1913054,0.005793143,0.0,0.0012928545,0.03835357
9310,1.9273882,0.0,22.14742,3.191308,0.0027625936,0.0,0.00022128229,0.038353637
9311,0.6330305,0.0,0.82392347,3.1913083,5.614797e-05,0.0,8.1771046e-05,0.038353696
9312,0.06524557,0.0,0.049098,3.1913095,9.61981e-05,0.0,0.002225264,0.03835369
9313,22.169296,0.0,5.472158,3.1913106,0.00019931517,0.0,0.00013952047,0.03835363
9314,0.44803637,0.0,0.90371126,3.1913173,0.00032550166,0.0,8.996227e-05,0.03835351
9315,1.7971144,0.0,4.009972,3.1913252,0.00026406182,0.0,0.002760753,0.038353346
9316,0.38564667,0.0,0.24832046,3.191333,5.986815e-05,0.0,0.0004373292,0.03835321
9317,0.15824719,0.0,1.2316458,3.1913402,0.0020262925,0.0,7.046162e-05,0.038352907
9318,3.6981442,0.0,1.3486037,3.191346,2.8482755e-05,0.0,0.002906135,0.038352568
9319,0.41828617,0.0,0.023585007,3.191351,6.562652e-05,0.0,0.0003977158,0.0383522
9320,0.5196989,0.0,0.8546806,3.191356,8.306979e-06,0.0,0.0037589772,0.038352873
9321,2.3373814,0.0,4.5554957,3.1913593,0.0001998197,0.0,0.00025060982,0.038353596
9322,0.3873031,0.0,3.2597046,3.1913617,4.916364e-05,0.0,0.000102395585,0.03835428
9323,0.051248305,0.0,0.20420289,3.1913633,0.004517993,0.0,0.00021968428,0.03835487
9324,4.8282094,0.0,2.6835148,3.1913645,3.3908345e-05,0.0,8.834504e-05,0.038355827
9325,0.554966,0.0,1.3499672,3.1913862,0.00020404861,0.0,0.00016454761,0.038356643
9326,2.4899094,0.0,0.2468756,3.1914074,1.8375933e-05,0.0,6.8199166e-05,0.03835744
9327,2.1624703,0.0,0.17754038,3.1914272,0.0006763521,0.0,0.00022809977,0.038358077
9328,13.059862,0.0,0.28531438,3.191446,0.0013560735,0.0,0.00272498,0.03835863
9329,4.3766923,0.0,1.8560882,3.1914628,0.001627093,0.0,0.0016694029,0.03835909
9330,0.74109393,0.0,0.28643066,3.1914778,0.00012493476,0.0,0.0010076128,0.038360853
9331,0.561313,0.0,4.466264,3.1914911,0.00011706852,0.0,0.0028972276,0.038362443
9332,0.68754417,0.0,0.4977289,3.1915047,3.369987e-05,0.0,0.0032517116,0.038364038
9333,0.21213472,0.0,0.1594884,3.1915164,0.00011181184,0.0,0.00024610432,0.03836548
9334,2.2476509,0.0,2.2706816,3.1915276,0.0010392051,0.0,0.0024104333,0.03836683
9335,0.21346614,0.0,2.3923051,3.191538,9.406892e-05,0.0,0.0015190761,0.038367994
9336,0.12402006,0.0,2.4708796,3.1915474,0.00017400192,0.0,0.0032798618,0.038369
9337,0.5309974,0.0,0.037683114,3.1915581,0.002206718,0.0,0.0039832187,0.038369957
9338,12.918877,0.0,0.06619356,3.1915681,7.3431656e-05,0.0,0.0025971113,0.03837072
9339,0.08113257,0.0,0.14711821,3.191577,1.7329536e-05,0.0,0.005040684,0.038371347
9340,0.13543952,0.0,5.204889,3.1915834,3.0130816e-06,0.0,0.0006012289,0.03837218
9341,0.12803249,0.0,0.017529855,3.1915913,0.00022772892,0.0,0.00023432878,0.038372453
9342,0.081859246,0.0,9.901532,3.1915977,6.444682e-05,0.0,0.003915331,0.03837279
9343,0.89073896,0.0,0.08598372,3.1916056,0.0003594129,0.0,0.0014291649,0.038373023
9344,0.50079983,0.0,0.068088524,3.1916134,1.1010328e-06,0.0,0.00010575872,0.03837323
9345,0.6902987,0.0,8.984934,3.1916206,0.0006290701,0.0,0.0013812135,0.038373448
9346,0.094807856,0.0,0.30241063,3.191627,0.002681856,0.0,0.0001390666,0.03837424
9347,0.41886115,0.0,0.15058887,3.191633,3.5609093e-05,0.0,0.0031233674,0.038375057
9348,0.18969564,0.0,8.634574,3.1916375,1.1335354e-05,0.0,0.0025415905,0.038375743
9349,0.43790913,0.0,3.8920195,3.191644,2.0440559e-05,0.0,0.00010836004,0.038376227
9350,11.36689,0.0,0.19984074,3.1916497,8.1381026e-05,0.0,9.0257636e-05,0.038376655
9351,0.72378933,0.0,0.039337117,3.1916547,4.848225e-07,0.0,0.00062185596,0.03837696
9352,7.0486655,0.0,0.056509744,3.1916595,5.3947835e-05,0.0,0.005925903,0.03837721
9353,8.213405,0.0,0.32914415,3.1916637,0.0003220447,0.0,0.0007405349,0.038377248
9354,0.09165486,0.0,0.0830466,3.1916687,3.5099103e-05,0.0,0.0017033115,0.038377468
9355,2.2376769,0.0,6.8244224,3.1916733,4.0562827e-05,0.0,0.00016251561,0.03837695
9356,0.45618847,0.0,2.4379826,3.1916769,0.00022028432,0.0,0.0041071977,0.03837653
9357,0.14794195,0.0,1.3162123,3.1916814,0.00014663997,0.0,0.00022402263,0.03837631
9358,5.754807,0.0,2.7881715,3.1916854,0.002494294,0.0,0.00021002052,0.03837612
9359,0.5170302,0.0,0.08468755,3.1916873,7.313688e-05,0.0,0.00016916535,0.038376056
9360,0.5564683,0.0,9.97914,3.1916895,0.0001042165,0.0,0.0001951004,0.038376
9361,1.3857813,0.0,3.241854,3.1916878,8.716021e-06,0.0,0.00015853041,0.038375944
9362,7.6369443,0.0,0.07266701,3.191687,4.1627176e-05,0.0,0.0001602147,0.03837594
9363,0.48679224,0.0,1.0074807,3.1916864,0.002225489,0.0,0.0002732156,0.038375888
9364,11.916125,0.0,0.5859974,3.1916869,0.00011902448,0.0,6.54066e-05,0.03837583
9365,4.743624,0.0,0.073543206,3.1916878,7.6810655e-05,0.0,0.00024718815,0.038375698
9366,0.46948305,0.0,12.91219,3.1916883,0.0030962615,0.0,0.0024411026,0.038375497
9367,12.18237,0.0,5.1034102,3.1916857,6.0303246e-05,0.0,0.00062362466,0.038375337
9368,0.05651563,0.0,25.166807,3.191684,0.0026609255,0.0,0.0002378927,0.038374905
9369,0.20521896,0.0,5.136538,3.1916676,4.1505555e-05,0.0,0.00089463167,0.038374607
9370,8.779443,0.0,0.041074503,3.1916528,8.567302e-05,0.0,0.00019462257,0.038374335
9371,0.14030863,0.0,12.82459,3.1916392,0.00012286556,0.0,0.00037744903,0.038374085
9372,1.2219731,0.0,0.46089268,3.1916234,0.0015343401,0.0,0.0033968182,0.038374435
9373,3.2114103,0.0,0.08985943,3.1916115,2.894316e-05,0.0,0.00014151895,0.038374826
9374,0.3955405,0.0,0.015812108,3.1916,0.000920755,0.0,0.0028066668,0.038375203
9375,0.10287007,0.0,0.5442507,3.1915896,3.738691e-05,0.0,0.0014042723,0.03837549
9376,0.1694341,0.0,11.651788,3.1915822,0.00060769904,0.0,9.22704e-05,0.038375653
9377,0.30520302,0.0,0.20135759,3.1915772,0.0033309855,0.0,0.004099617,0.038375746
9378,11.89696,0.0,2.8370478,3.1915715,0.00014795404,0.0,0.00014439957,0.038376216
9379,1.3713793,0.0,11.686395,3.1915698,0.00275828,0.0,5.652016e-05,0.03837658
9380,0.027628466,0.0,0.37444827,3.1915727,0.00012936254,0.0,0.0003568338,0.03837688
9381,11.542091,0.0,0.20562193,3.1915767,0.002583486,0.0,0.00048802578,0.038377143
9382,3.3188045,0.0,1.7717321,3.1915812,0.0017678775,0.0,0.001925973,0.03837725
9383,0.03735262,0.0,2.1404357,3.191586,0.00045904718,0.0,0.0036359741,0.03837744
9384,0.13006154,0.0,6.7293577,3.1915874,0.00021563863,0.0,0.00065171515,0.038377456
9385,0.6998014,0.0,1.6232487,3.1915908,0.00028075612,0.0,3.2876043e-05,0.038377367
9386,1.4428611,0.0,0.07808693,3.1915953,5.017707e-06,0.0,0.00023589586,0.0383772
9387,0.13531317,0.0,0.06555656,3.1915996,0.0021385243,0.0,0.00010398129,0.03837693
9388,12.283331,0.0,2.552805,3.1916044,4.5112305e-05,0.0,0.0028859435,0.038376626
9389,0.12200739,0.0,0.16401222,3.1916075,0.0003589805,0.0,0.00024740043,0.038376182
9390,0.1970561,0.0,0.05985405,3.1916108,0.0004894342,0.0,0.0029031825,0.03837563
9391,0.3242676,0.0,0.05681736,3.191613,0.00018250073,0.0,0.000282217,0.038375095
9392,0.20114297,0.0,3.973114,3.191615,0.0006159807,0.0,0.00010302408,0.03837451
9393,7.9228573,0.0,0.20238283,3.1916177,0.00017958118,0.0,0.003076376,0.038373902
9394,1.8346148,0.0,7.1406975,3.1916206,2.6728899e-06,0.0,0.005517254,0.038373306
9395,4.8219047,0.0,3.301176,3.19162,0.00022345233,0.0,0.0023909768,0.038373124
9396,0.13622494,0.0,0.23867944,3.1916206,0.00010735759,0.0,0.00012361792,0.038372893
9397,0.01425178,0.0,0.35782617,3.191619,7.961884e-05,0.0,0.00065208285,0.038372714
9398,4.878779,0.0,5.349231,3.1916187,0.00045345034,0.0,7.8566394e-05,0.03837248
9399,0.12669684,0.0,1.5436255,3.1916158,0.0029893692,0.0,0.00021730979,0.038372282
9400,1.3353786,0.0,0.059740577,3.1916163,0.0022413107,0.0,0.0024620178,0.038372036
9401,10.646602,0.0,5.7660255,3.1916165,0.00011767398,0.0,0.00031114666,0.038371705
9402,3.421378,0.0,11.972984,3.191618,3.77504e-05,0.0,0.00070429523,0.03837135
9403,0.84204596,0.0,0.10098895,3.19161,0.0023540608,0.0,0.00014836494,0.038371015
9404,0.71405965,0.0,1.3975229,3.1916037,6.1984625e-05,0.0,0.0006334082,0.03837062
9405,0.8415167,0.0,0.6987178,3.1915975,0.001176963,0.0,0.0002126006,0.038370315
9406,14.754058,0.0,0.4864228,3.1915936,0.000106422114,0.0,4.2604646e-05,0.038370013
9407,0.5228433,0.0,0.0404942,3.1915877,0.00018807367,0.0,0.0023802926,0.038369674
9408,2.0969453,0.0,0.19537672,3.1915822,0.0001221117,0.0,8.2714265e-05,0.038369276
9409,7.324075,0.0,7.390327,3.1915777,1.6443765e-06,0.0,6.950757e-05,0.038368803
9410,2.033872,0.0,0.040237572,3.1915731,8.9695715e-07,0.0,0.0003979523,0.038368315
9411,2.6474261,0.0,8.187071,3.1915686,8.744335e-05,0.0,0.00022127762,0.038367875
9412,3.2858722,0.0,0.038870055,3.191566,0.004079131,0.0,0.0002837549,0.03836743
9413,1.4178852,0.0,0.5508971,3.191563,6.487596e-05,0.0,0.0032844483,0.038367037
9414,0.6816581,0.0,0.013353356,3.191561,0.0028777742,0.0,0.00023826036,0.038366698
9415,1.6744319,0.0,2.7259367,3.1915588,0.0002595608,0.0,0.001926255,0.03836635
9416,1.2659128,0.0,11.809883,3.191557,5.544356e-05,0.0,0.0001335149,0.03836608
9417,0.72921574,0.0,1.2678227,3.1915479,0.00022854636,0.0,0.0025699644,0.038365774
9418,0.20340818,0.0,4.7050834,3.1915405,0.002008646,0.0,0.0016905036,0.038365394
9419,0.91077995,0.0,1.4399688,3.1915336,1.6012898e-05,0.0,0.0004524521,0.03836507
9420,2.9305358,0.0,0.058167093,3.1915321,8.791844e-05,0.0,0.00024471508,0.038365204
9421,1.1961036,0.0,0.03846454,3.1915302,6.5769505e-05,0.0,0.003593912,0.038365297
9422,3.303025,0.0,0.068809584,3.1915293,0.0024022036,0.0,0.00010294098,0.038365364
9423,1.340963,0.0,0.13352808,3.1915283,0.00018728407,0.0,0.0001644246,0.038365286
9424,0.7141009,0.0,0.02424174,3.1915274,9.004367e-05,0.0,0.00028913212,0.03836519
9425,0.14403893,0.0,1.4495064,3.1915264,0.00012343652,0.0,0.00066877366,0.038365014
9426,0.20092416,0.0,0.4174425,3.191525,7.715045e-06,0.0,0.005198607,0.038365126
9427,0.40580067,0.0,0.07795234,3.1915216,0.006111033,0.0,0.0002448338,0.03836514
9428,0.057995874,0.0,0.036633946,3.1915188,0.0077448813,0.0,0.00028290728,0.03836516
9429,10.622835,0.0,0.08682364,3.1915164,0.00018901969,0.0,0.0019934347,0.03836522
9430,0.10184485,0.0,1.1409365,3.1915135,0.00011907368,0.0,0.0020445727,0.03836521
9431,0.21994357,0.0,0.036225464,3.1915126,3.1958593e-06,0.0,0.0003398208,0.038365077
9432,0.4651777,0.0,0.35456476,3.1915114,0.00043231237,0.0,0.00019603726,0.03836488
9433,0.55906355,0.0,4.0581045,3.191512,0.0010229372,0.0,0.002128295,0.038364615
9434,27.794548,0.0,13.781826,3.1915202,0.00018249649,0.0,0.0001312355,0.03836426
9435,1.6153888,0.0,5.016476,3.1915207,5.7220033e-05,0.0,0.0011206002,0.03836405
9436,0.89204574,0.0,0.4177173,3.1915197,7.645645e-05,0.0,0.0023271986,0.03836393
9437,0.4398525,0.0,0.25664186,3.1915236,0.00010912911,0.0,0.0001963229,0.038363617
9438,1.1944441,0.0,0.04383869,3.1915264,3.6158126e-05,0.0,0.0028452354,0.03836333
9439,0.10390982,0.0,3.3546047,3.191529,0.0012280489,0.0,0.00018824516,0.03836297
9440,0.06861244,0.0,0.71736145,3.191534,0.00010386446,0.0,0.00040773296,0.03836256
9441,1.1477305,0.0,4.815249,3.1915405,0.00028183137,0.0,0.00011623207,0.038362153
9442,0.40583763,0.0,3.2244625,3.1915472,8.0008445e-05,0.0,3.517808e-05,0.038361687
9443,0.9892163,0.0,3.2471716,3.1915529,5.0229533e-05,0.0,0.0014922889,0.038361195
9444,9.201485,0.0,3.1554723,3.191558,0.00016045965,0.0,0.00013460472,0.038361903
9445,0.19641595,0.0,1.2112548,3.191563,0.00020476549,0.0,0.00016149753,0.038362537
9446,8.995961,0.0,0.11245303,3.1915586,0.00092263235,0.0,0.0040732613,0.038363148
9447,0.36809736,0.0,0.79067814,3.1915557,0.00015951028,0.0,0.00043864368,0.03836381
9448,12.619365,0.0,3.4884672,3.191552,1.9830777e-06,0.0,0.00027488326,0.0383644
9449,3.9349866,0.0,0.63570607,3.1915486,0.00013633259,0.0,0.002290932,0.038364965
9450,2.5075777,0.0,1.1131258,3.1915467,0.00013542952,0.0,7.411833e-05,0.038365413
9451,0.2663826,0.0,0.1200562,3.1915429,0.00234933,0.0,0.00022472651,0.03836576
9452,2.6778426,0.0,3.6609802,3.1915388,0.00010950372,0.0,0.00015947077,0.038366046
9453,3.8334491,0.0,2.932146,3.1915288,2.5810381e-05,0.0,9.156598e-05,0.03836629
9454,0.19890054,0.0,1.2938781,3.19152,0.0031051598,0.0,8.891552e-05,0.038366463
9455,0.24809407,0.0,0.04362862,3.191514,2.2761127e-05,0.0,0.002207756,0.038366593
9456,31.55211,0.0,0.9672446,3.191508,0.00015702103,0.0,0.0012643775,0.03836668
9457,0.9392579,0.0,0.094455115,3.191504,9.548839e-05,0.0,0.0012585074,0.03836679
9458,0.8969137,0.0,0.13857946,3.1915002,2.8160553e-05,0.0,0.0001551329,0.038366776
9459,5.426099,0.0,0.0627516,3.1914964,0.0014258807,0.0,6.871823e-05,0.03836677
9460,3.0070968,0.0,5.119799,3.1914926,8.467654e-06,0.0,0.0006258373,0.03836669
9461,0.17800401,0.0,1.1343971,3.1914887,1.8816669e-05,0.0,6.069482e-05,0.03836664
9462,2.0011728,0.0,10.7209835,3.1914861,2.9730916e-05,0.0,3.572641e-05,0.03836651
9463,1.3135334,0.0,1.7594913,3.1914828,0.0026249897,0.0,0.0050096293,0.038366333
9464,0.4499315,0.0,13.108641,3.1914823,0.000107135784,0.0,0.00017353409,0.038366165
9465,1.3517677,0.0,0.34209284,3.1914809,0.00029242845,0.0,0.0022503284,0.03836596
9466,0.6850282,0.0,1.220038,3.1914816,0.0020976155,0.0,0.00082757906,0.0383658
9467,0.2618513,0.0,2.8808763,3.1914825,0.0025518956,0.0,0.000163013,0.03836565
9468,4.3047295,0.0,0.02538245,3.1914854,8.7679466e-05,0.0,0.00061742647,0.038365457
9469,0.24839608,0.0,0.031012625,3.1914873,0.0001699329,0.0,0.0030918745,0.038365223
9470,5.862576,0.0,1.1745833,3.1914892,1.7476781e-05,0.0,6.336607e-05,0.03836487
9471,1.4657309,0.0,13.870809,3.1914895,0.00013525848,0.0,0.003999784,0.038364477
9472,1.2146685,0.0,1.0198631,3.1914845,0.00024826644,0.0,0.0002692554,0.038364105
9473,3.0996244,0.0,0.29262647,3.1914809,0.000988253,0.0,0.0016580949,0.038364004
9474,0.29941636,0.0,11.562561,3.1914773,8.087686e-05,0.0,0.0016240797,0.038363867
9475,0.71910465,0.0,0.07135673,3.1914692,8.846847e-05,0.0,0.00010311068,0.038363673
9476,0.17482151,0.0,0.41839975,3.1914625,0.00016069371,0.0,0.00020747454,0.038363446
9477,1.6763891,0.0,11.655188,3.191455,0.00018863218,0.0,0.00019067497,0.038363107
9478,13.618579,0.0,0.64887106,3.191444,0.00035485075,0.0,9.1601454e-05,0.038362697
9479,2.9356143,0.0,11.20784,3.1914337,0.00092958286,0.0,0.0031333591,0.03836215
9480,7.1803374,0.0,0.2415168,3.1914196,7.9196616e-05,0.0,0.00011353517,0.0383616
9481,8.726898,0.0,0.13833234,3.1914077,3.3153436e-05,0.0,0.0022262412,0.038361087
9482,0.48890495,0.0,0.19531064,3.191397,2.3732362e-05,0.0,0.0030058036,0.038360495
9483,14.683121,0.0,0.48495176,3.191387,4.6808138e-05,0.0,0.00016372462,0.038359903
9484,0.6040245,0.0,2.679183,3.1913786,0.00010042114,0.0,0.0016727756,0.03835932
9485,4.0974236,0.0,3.3466601,3.1913702,4.6319874e-05,0.0,0.00026725951,0.038358737
9486,4.8942175,0.0,0.40438667,3.191364,8.609403e-07,0.0,0.0008622233,0.038358223
9487,2.319976,0.0,0.62806475,3.1913571,4.3476848e-05,0.0,0.00011473715,0.038357724
9488,0.36595848,0.0,8.008691,3.191351,0.0018424364,0.0,0.0036382582,0.038357165
9489,0.3962996,0.0,1.9652374,3.1913464,0.00040726454,0.0,0.0039633694,0.038356565
9490,1.758366,0.0,1.2677777,3.191343,2.9952334e-05,0.0,0.0006655197,0.038355976
9491,10.949046,0.0,0.23082669,3.1913414,0.0028541267,0.0,0.003357031,0.038355567
9492,0.5465053,0.0,1.0798833,3.1913426,0.00020632618,0.0,0.00017742626,0.038355205
9493,8.220061,0.0,0.5738037,3.191344,0.004190886,0.0,9.2326285e-05,0.038354814
9494,8.091057,0.0,7.541639,3.1913476,0.00071511406,0.0,0.003269738,0.038354397
9495,7.727737,0.0,8.43118,3.191353,2.18225e-05,0.0,0.00041193227,0.038354002
9496,1.5508868,0.0,0.0460275,3.191357,0.00028660978,0.0,0.0007507184,0.03835357
9497,0.44579777,0.0,0.3562829,3.19136,5.35706e-06,0.0,6.369476e-05,0.038353145
9498,13.555355,0.0,0.08211683,3.19136,0.00029143476,0.0,0.00022209912,0.038352735
9499,3.9878032,0.0,0.053493902,3.1913602,1.3655152e-05,0.0,0.0001431152,0.038352363
9500,7.4846444,0.0,0.1649425,3.19136,0.00011612851,0.0,0.0003671167,0.038352016
9501,8.996943,0.0,5.428453,3.1913593,4.2552587e-05,0.0,0.000114873365,0.038351633
9502,0.72901136,0.0,0.032161858,3.191353,0.0031064278,0.0,0.000261006,0.038351193
9503,11.002835,0.0,1.1167891,3.1913476,0.00011018285,0.0,0.00045219713,0.038350694
9504,2.0679722,0.0,1.2042894,3.1913426,6.0799422e-05,0.0,0.0021962728,0.03835018
9505,2.3619812,0.0,13.769558,3.19134,7.3179224e-05,0.0,0.0003062548,0.03834964
9506,1.1395617,0.0,0.07911674,3.1913388,0.00018709638,0.0,0.00030504444,0.038348995
9507,0.6535982,0.0,2.5738993,3.1913376,8.6838016e-05,0.0,0.0029342815,0.038348492
9508,1.139839,0.0,0.17082977,3.1913452,0.0020127874,0.0,0.00015630385,0.03834803
9509,0.7494769,0.0,0.6284831,3.1913517,0.002772011,0.0,0.00018063355,0.038347542
9510,1.661412,0.0,1.7975998,3.1913576,4.6279725e-05,0.0,9.474209e-05,0.03834708
9511,0.33379963,0.0,1.4058323,3.1913671,4.136663e-06,0.0,0.0026617376,0.038346566
9512,5.731729,0.0,0.5311606,3.1913779,0.00049254746,0.0,0.0009772998,0.03834605
9513,0.030439124,0.0,1.6801208,3.1913862,0.001057691,0.0,0.0027213749,0.038346715
9514,0.090167366,0.0,0.17339936,3.1913922,0.000112142436,0.0,3.913402e-05,0.038347382
9515,3.0780323,0.0,6.3904953,3.1913967,0.0007391681,0.0,0.00015998953,0.038348112
9516,3.9985766,0.0,8.437555,3.1913998,9.707158e-05,0.0,0.0032329054,0.038348746
9517,1.9893411,0.0,0.2611419,3.1914053,0.0059461044,0.0,0.00069657556,0.038349383
9518,1.5807761,0.0,0.04058914,3.1914115,3.7689853e-05,0.0,0.00021165828,0.038349926
9519,0.4794278,0.0,10.0351305,3.1914158,0.0021484292,0.0,0.00038153448,0.038350362
9520,0.17010371,0.0,0.04274719,3.1914222,0.003025023,0.0,0.0040245894,0.03835084
9521,0.7503125,0.0,0.26732716,3.1914282,9.654156e-05,0.0,0.0054276506,0.03835119
9522,1.6164461,0.0,0.4447948,3.1914344,3.1684765e-05,0.0,0.0031604618,0.03835144
9523,0.5942631,0.0,4.474064,3.1914446,3.603274e-05,0.0,0.0054352125,0.038351618
9524,0.19349931,0.0,1.9597585,3.1914515,0.00071333547,0.0,0.00011832031,0.038352013
9525,14.427941,0.0,2.0013087,3.1914582,5.5756784e-05,0.0,0.00024699201,0.038352367
9526,0.16097036,0.0,0.046191692,3.1914637,0.00028007256,0.0,0.0005875573,0.038352564
9527,2.5162334,0.0,0.20542943,3.1914694,0.00014825008,0.0,0.0002501576,0.03835265
9528,0.5931993,0.0,0.38280943,3.1914766,0.0010500439,0.0,0.0026325174,0.038352657
9529,14.568367,0.0,0.062064014,3.191482,0.00292025,0.0,0.00013942318,0.03835275
9530,11.174303,0.0,1.0465267,3.191487,0.002857539,0.0,6.11736e-05,0.038352743
9531,22.130392,0.0,0.27903324,3.1914976,4.100524e-05,0.0,0.0003044251,0.038352653
9532,3.542293,0.0,0.060565364,3.1915085,7.432262e-05,0.0,0.000109174376,0.038352575
9533,1.7244529,0.0,0.022286095,3.1915152,0.00022111075,0.0,0.000100162986,0.038352508
9534,9.035351,0.0,3.809783,3.1915212,5.6061454e-05,0.0,0.00020325801,0.038352385
9535,4.4762793,0.0,0.089453936,3.191524,7.597188e-05,0.0,0.00032862468,0.03835222
9536,0.60983086,0.0,1.341206,3.1915267,0.0031527923,0.0,8.07715e-05,0.03835211
9537,0.36140612,0.0,0.26546794,3.1915293,0.0024989287,0.0,0.00012848225,0.038351994
9538,18.330765,0.0,0.1220504,3.191532,0.002040769,0.0,0.0004241334,0.038351893
9539,0.36189076,0.0,0.05350736,3.1915333,0.00065143046,0.0,0.0001296477,0.038351826
9540,8.754549,0.0,0.18971308,3.191535,0.0024070935,0.0,0.0036807167,0.038351733
9541,2.9510465,0.0,1.6798965,3.1915374,2.2560944e-05,0.0,0.000115537376,0.038351707
9542,4.7592998,0.0,1.0138615,3.1915364,0.0001656294,0.0,0.0014409599,0.038351603
9543,0.88038445,0.0,0.7167035,3.191536,7.5428914e-05,0.0,5.2714993e-05,0.038351703
9544,0.42838418,0.0,9.402161,3.1915398,0.00021275823,0.0,0.00019416456,0.03835168
9545,3.5802124,0.0,0.08848125,3.1915412,0.00012535651,0.0,0.00020397447,0.038351562
9546,0.61528075,0.0,1.8444133,3.1915429,5.6575245e-06,0.0,0.00023696417,0.038351472
9547,3.6977336,0.0,0.45713297,3.191543,8.815538e-05,0.0,0.004402835,0.03835142
9548,5.641266,0.0,11.943787,3.191544,0.00018700805,0.0,0.0004385992,0.038351297
9549,1.550383,0.0,2.5358906,3.1915433,0.00020411506,0.0,9.831396e-05,0.038351122
9550,2.3423333,0.0,0.39586607,3.1915436,0.0022764169,0.0,6.376415e-05,0.038350902
9551,3.2625167,0.0,0.039404042,3.1915438,0.00035251642,0.0,0.00092471257,0.038350638
9552,0.5403024,0.0,0.2027102,3.191544,0.0029620212,0.0,8.717244e-05,0.03834997
9553,0.5777465,0.0,0.25306824,3.1915429,0.00013920834,0.0,0.010534065,0.038349353
9554,0.51816773,0.0,0.9985156,3.1915424,5.814663e-05,0.0,0.0015448877,0.03834895
9555,3.2834935,0.0,3.512244,3.191544,9.790361e-05,0.0,0.00014809579,0.038348515
9556,1.5489941,0.0,0.08056524,3.1915474,0.0001412085,0.0,0.00051680935,0.03834809
9557,0.8452903,0.0,2.1523085,3.19155,0.00013366724,0.0,7.127218e-05,0.03834793
9558,1.4922278,0.0,9.657459,3.1915526,8.550075e-05,0.0,0.00012541183,0.038347736
9559,0.2856256,0.0,0.0360947,3.1915536,0.00022930693,0.0,0.0008153925,0.038347535
9560,15.544979,0.0,5.383928,3.1915548,0.0026363,0.0,0.0011284465,0.03834731
9561,4.8426404,0.0,0.45977974,3.191553,0.00014562231,0.0,0.00039337893,0.038347572
9562,0.6879684,0.0,0.6725704,3.1915526,3.8333665e-06,0.0,0.00011023611,0.038348183
9563,0.6212134,0.0,1.2021323,3.1915524,0.00012842231,0.0,0.000102241866,0.03834869
9564,0.281405,0.0,0.06373347,3.191553,0.0001282611,0.0,0.0002974534,0.038349148
9565,5.176754,0.0,10.272102,3.1915538,0.003361441,0.0,0.0022648536,0.0383496
9566,0.1928546,0.0,12.865862,3.1915417,0.00022765533,0.0,0.0018734055,0.038349878
9567,1.7607142,0.0,5.150578,3.1915317,5.5133136e-05,0.0,5.5601107e-05,0.03835032
9568,0.74081594,0.0,11.343283,3.1915195,0.00019374763,0.0,0.0036477838,0.0383506
9569,0.85282815,0.0,2.2125592,3.1914988,0.0001013125,0.0,0.0014822317,0.03835074
9570,0.7775712,0.0,0.08986348,3.1914792,0.0013148629,0.0,0.00039380844,0.03835079
9571,0.095271826,0.0,1.126122,3.1914608,0.002216891,0.0,0.0029868803,0.03835064
9572,0.19626896,0.0,13.196342,3.191445,1.30749295e-05,0.0,0.0022770953,0.038350657
9573,0.17430668,0.0,0.06613921,3.1914318,9.513957e-05,0.0,0.00020425962,0.03835063
9574,0.03516694,0.0,5.9973793,3.1914194,0.00012147407,0.0,0.000118549215,0.03835045
9575,4.483883,0.0,0.21887271,3.1914074,6.692771e-05,0.0,4.9433795e-05,0.038350232
9576,0.056409046,0.0,4.045014,3.1913958,5.3537115e-05,0.0,0.00027213703,0.038349967
9577,0.13381119,0.0,1.6838626,3.191388,5.953084e-05,0.0,0.0031413645,0.038349926
9578,0.48178926,0.0,11.498028,3.1913805,0.0002453074,0.0,0.00034238532,0.038349617
9579,1.1199604,0.0,0.058720443,3.1913738,4.5751316e-05,0.0,0.00014274688,0.03834915
9580,11.95192,0.0,1.7535684,3.1913676,9.876126e-05,0.0,0.0070122695,0.038348738
9581,0.08104525,0.0,6.021147,3.1913686,7.4204645e-06,0.0,0.0027687314,0.03834857
9582,0.036680516,0.0,12.355487,3.1913612,9.5634976e-05,0.0,0.0030749254,0.038348366
9583,0.3716978,0.0,11.857986,3.1913521,0.00014503826,0.0,0.0022894277,0.038347907
9584,0.72677964,0.0,0.16871922,3.1913443,7.336175e-05,0.0,0.00019922145,0.038347453
9585,0.6660722,0.0,5.0052667,3.1913373,0.0014527455,0.0,7.756884e-05,0.038346972
9586,0.18827853,0.0,0.42162094,3.1913319,4.1325125e-05,0.0,0.0005533381,0.038346402
9587,14.75895,0.0,0.118830144,3.1913285,0.0022175247,0.0,8.047522e-05,0.03834585
9588,0.19733308,0.0,9.927515,3.1913257,5.3694484e-06,0.0,0.0024288727,0.03834533
9589,0.13270433,0.0,0.17218,3.1913245,0.0001806874,0.0,0.00097596576,0.038344048
9590,1.6801113,0.0,1.8861674,3.1913233,4.8157664e-05,0.0,0.0019822079,0.038342927
9591,0.06059882,0.0,1.2375977,3.1913223,9.830688e-05,0.0,0.00024612944,0.03834196
9592,0.02450709,0.0,1.4756106,3.1913261,0.0005462474,0.0,0.00013354715,0.038341284
9593,0.21669686,0.0,0.33539444,3.1913304,2.0048516e-05,0.0,0.0005921501,0.038340665
9594,0.16626942,0.0,2.6130333,3.1913338,0.0034237918,0.0,0.0001403624,0.03834002
9595,0.15008953,0.0,4.580828,3.1913426,0.00044886972,0.0,0.00038108736,0.038339384
9596,0.047292195,0.0,0.15665984,3.1913505,1.8216684e-05,0.0,0.00031596373,0.03833884
9597,0.111128844,0.0,22.283869,3.191356,4.0339743e-05,0.0,0.0026052275,0.038338423
9598,10.571501,0.0,5.329221,3.1913595,0.003373154,0.0,0.00029733824,0.03833803
9599,1.6672187,0.0,1.3032856,3.1913657,0.0004917985,0.0,0.0026925695,0.03833772
9600,0.07978795,0.0,0.27717984,3.191374,0.00026994073,0.0,4.1674386e-05,0.038337607
9601,0.121929444,0.0,0.027013307,3.1913815,1.8772898e-05,0.0,0.0001363453,0.0383374
9602,4.8754234,0.0,3.424878,3.1913881,1.38135365e-05,0.0,0.0021033264,0.038337182
9603,0.08043142,0.0,11.501613,3.1913955,2.6703474e-05,0.0,0.00030714343,0.03833688
9604,6.0748734,0.0,0.11987325,3.1914022,3.935781e-05,0.0,0.0030866785,0.038336515
9605,1.5660702,0.0,0.062051818,3.191408,0.00029683713,0.0,0.00014590072,0.038336124
9606,1.3191041,0.0,1.8685758,3.1914134,4.2293814e-05,0.0,0.0007160745,0.038335733
9607,2.6330645,0.0,0.019754052,3.191423,0.00014930242,0.0,0.00012354515,0.038335294
9608,0.7810588,0.0,8.579006,3.1914315,3.9054146e-05,0.0,9.605376e-05,0.038334783
9609,0.4636049,0.0,0.059187274,3.1914349,0.00010470764,0.0,0.00020738182,0.03833433
9610,20.210648,0.0,0.21824154,3.1914377,3.44426e-05,0.0,0.0002610382,0.038333897
9611,1.764791,0.0,0.6730358,3.1914408,3.298833e-05,0.0,0.00010056632,0.038333446
9612,11.125124,0.0,0.26238084,3.191444,0.001912483,0.0,0.00013121375,0.03833295
9613,0.1584154,0.0,0.022594623,3.1914468,0.002907035,0.0,0.00022426152,0.038332425
9614,3.3793302,0.0,0.76330155,3.1914492,1.9060777e-05,0.0,0.00013865899,0.03833202
9615,0.47047228,0.0,0.5576847,3.191452,2.3099748e-05,0.0,0.004033117,0.038331635
9616,0.9228438,0.0,1.324431,3.1914535,3.7999147e-05,0.0,0.00014657658,0.0383314
9617,0.322506,0.0,0.8914938,3.1914563,0.0017145541,0.0,0.0001599761,0.03833112
9618,0.14965676,0.0,2.0129368,3.1914592,0.001412712,0.0,0.00034519268,0.038330764
9619,14.956954,0.0,0.5927062,3.1914616,0.00016572294,0.0,0.0032010411,0.03833053
9620,0.3403224,0.0,0.22942583,3.1914632,0.0021110615,0.0,0.0028583193,0.03833046
9621,0.09325232,0.0,0.8623788,3.1914651,0.00105987,0.0,0.00024795992,0.038330372
9622,0.19927539,0.0,0.26496646,3.1914656,2.8189508e-05,0.0,0.00024638,0.038330257
9623,0.58409125,0.0,0.40007353,3.1914666,2.8333307e-05,0.0,9.160004e-05,0.038330074
9624,2.998977,0.0,0.36739913,3.191467,4.1556912e-05,0.0,0.0023029181,0.038329814
9625,4.367631,0.0,0.6498916,3.1914682,0.00029386417,0.0,0.00024245384,0.038330063
9626,0.106500685,0.0,10.214132,3.1914723,0.0023231986,0.0,0.00018173426,0.03833031
9627,0.6790174,0.0,3.2904227,3.1914651,0.0002221758,0.0,0.0017854312,0.038330477
9628,0.095480576,0.0,0.31189504,3.191458,5.4607117e-05,0.0,4.12172e-05,0.038330663
9629,0.48272395,0.0,0.032290585,3.191451,6.407826e-05,0.0,0.0005305729,0.038330756
9630,0.08447846,0.0,0.38396528,3.1914449,0.00023017821,0.0,0.0025110906,0.038330797
9631,0.2197799,0.0,3.0675528,3.191439,4.0511808e-05,0.0,4.7704743e-05,0.038330823
9632,2.3292916,0.0,0.76730776,3.1914349,0.00020896534,0.0,4.1771917e-05,0.03833081
9633,6.3949885,0.0,6.380047,3.1914308,0.00017757638,0.0,0.000816293,0.038330723
9634,15.281909,0.0,3.5507581,3.1914287,0.00012667976,0.0,0.00079880696,0.038330372
9635,0.32990876,0.0,8.776375,3.1914277,0.00021232813,0.0,0.0033156225,0.038329944
9636,0.20202307,0.0,0.123791635,3.1914225,0.0029258176,0.0,0.004328614,0.038329564
9637,24.42918,0.0,8.108,3.1914186,0.0011108917,0.0,0.00016087541,0.038329244
9638,0.25868803,0.0,0.099748746,3.1914124,8.4945044e-05,0.0,9.490747e-05,0.038328856
9639,0.25123882,0.0,0.15234582,3.1914067,0.00010216008,0.0,0.0025091001,0.038328435
9640,4.0666,0.0,5.426306,3.1914027,0.0017634106,0.0,0.00019920987,0.038328156
9641,0.6870198,0.0,0.09090712,3.191401,0.00010856024,0.0,0.003496467,0.038327843
9642,3.8647864,0.0,0.8652717,3.1913989,0.00012369313,0.0,0.00024062442,0.038327556
9643,0.2959911,0.0,9.088536,3.1913981,9.8147735e-05,0.0,0.0017378742,0.038327154
9644,1.7280788,0.0,0.11889374,3.1913986,4.0257168e-05,0.0,0.0002457808,0.038327236
9645,1.9142807,0.0,10.236596,3.1913986,6.0327482e-05,0.0,0.00017232969,0.038327295
9646,0.046238814,0.0,9.065341,3.1913974,2.616896e-06,0.0,0.0028800024,0.038327504
9647,4.8615274,0.0,2.1489372,3.191397,0.0026761426,0.0,0.0002456411,0.03832784
9648,0.21306017,0.0,0.05515612,3.191398,3.335965e-05,0.0,0.00011384325,0.038328055
9649,0.072634555,0.0,0.15990323,3.1913993,2.3491531e-05,0.0,0.00010655073,0.038328156
9650,0.54919374,0.0,0.6382599,3.191401,7.1361654e-05,0.0,0.0008687532,0.03832818
9651,3.8175986,0.0,0.8030189,3.191403,0.0023227527,0.0,8.610877e-05,0.038328093
9652,0.39038038,0.0,0.69760466,3.1914055,1.9689222e-05,0.0,0.0004243402,0.03832801
9653,0.95241576,0.0,1.9257327,3.1914082,0.0018702318,0.0,5.4341363e-05,0.038327876
9654,0.62937766,0.0,0.25675225,3.191413,3.0733772e-05,0.0,0.00028833147,0.038327675
9655,0.18145014,0.0,1.7468879,3.191417,8.2345505e-06,0.0,0.00053286983,0.038327225
9656,0.14636458,0.0,0.15120819,3.1914217,0.0032591894,0.0,0.00011009685,0.038326744
9657,0.44235834,0.0,0.5198302,3.1914256,9.480625e-06,0.0,0.00045368046,0.03832631
9658,12.51712,0.0,0.05046287,3.1914294,0.0022426187,0.0,0.004405218,0.038325895
9659,8.076201,0.0,0.88666886,3.191433,1.6058983e-05,0.0,0.00012273254,0.03832612
9660,3.1064575,0.0,3.401619,3.1914349,0.001531431,0.0,0.00020081215,0.03832638
9661,0.26775748,0.0,0.06830839,3.1914375,0.0033256041,0.0,0.0030657216,0.03832656
9662,10.395426,0.0,8.035202,3.1914396,5.5013963e-05,0.0,0.00018761001,0.0383265
9663,1.2267352,0.0,0.93222606,3.1914463,6.123087e-05,0.0,0.000375552,0.038326398
9664,0.12555103,0.0,0.21463716,3.1914546,0.00013722427,0.0,0.0021251934,0.03832629
9665,0.12050462,0.0,0.12132406,3.1914632,1.401242e-05,0.0,7.8919795e-05,0.038326286
9666,0.36206108,0.0,6.852574,3.191471,0.002610442,0.0,0.0001990014,0.038326208
9667,2.271108,0.0,2.139344,3.191477,0.0003141612,0.0,0.00046541594,0.038326032
9668,14.776736,0.0,10.094628,3.191481,0.00025975873,0.0,0.0029516006,0.03832571
9669,5.11266,0.0,0.91435635,3.1914833,1.8571689e-05,0.0,0.0005508745,0.038325332
9670,0.84818566,0.0,7.7670403,3.1914866,0.0021597906,0.0,0.0012840688,0.03832487
9671,0.2343925,0.0,1.2722958,3.1914911,0.00042531374,0.0,0.0031315163,0.038324304
9672,9.583101,0.0,12.387439,3.191497,0.001493899,0.0,0.002127182,0.0383238
9673,0.7902704,0.0,0.08750687,3.1915019,0.00012686539,0.0,0.00013753417,0.03832338
9674,0.7992533,0.0,0.07441274,3.1915064,0.002002326,0.0,5.1790754e-05,0.038323034
9675,2.8201623,0.0,5.5580316,3.1915107,0.00037631657,0.0,0.0023097533,0.038322654
9676,1.7379398,0.0,3.1250799,3.1915126,6.2371444e-05,0.0,0.0027274308,0.038322184
9677,12.969948,0.0,6.096774,3.191515,0.00017078673,0.0,0.00020078548,0.038321797
9678,2.761795,0.0,0.061385654,3.1915154,0.0014053509,0.0,0.00014241043,0.038321238
9679,0.79389966,0.0,0.15442616,3.1915152,0.002530132,0.0,0.0028722347,0.038320616
9680,0.25445458,0.0,9.714539,3.1915147,0.00052504434,0.0,0.00014700845,0.038320128
9681,0.19167127,0.0,1.2641528,3.1915073,0.0030019437,0.0,0.0049940078,0.03831969
9682,8.063756,0.0,1.1173155,3.1915038,0.00034337328,0.0,0.0025214925,0.038319238
9683,0.26422983,0.0,0.30488318,3.191501,0.0027691203,0.0,0.0028468566,0.03832001
9684,1.0970885,0.0,7.617085,3.1914995,0.00010619377,0.0,0.00017464007,0.038320806
9685,2.021628,0.0,0.107364796,3.1914997,2.4176918e-05,0.0,0.00056434644,0.038321644
9686,2.167515,0.0,2.3400946,3.1915,0.00016276423,0.0,0.00012537274,0.0383225
9687,1.5641887,0.0,0.3927117,3.1915004,0.00028076913,0.0,6.359615e-05,0.03832333
9688,0.7492139,0.0,2.2465236,3.191497,0.00017178201,0.0,0.0004268186,0.03832407
9689,0.6419189,0.0,7.008728,3.1914978,0.0003101332,0.0,0.0033081805,0.038324703
9690,10.948777,0.0,2.7373495,3.1915002,0.0005840316,0.0,0.00019503587,0.03832557
9691,0.2845108,0.0,5.21295,3.191501,0.00030583842,0.0,0.0004610615,0.03832628
9692,12.102063,0.0,13.909637,3.1915064,0.00013546844,0.0,0.0003923464,0.038326923
9693,7.563868,0.0,0.10096385,3.1915145,0.00096336403,0.0,0.00019380302,0.03832763
9694,0.095781416,0.0,10.433335,3.1915216,3.9941977e-05,0.0,0.0004249478,0.038328134
9695,11.351569,0.0,0.10724805,3.1915226,0.0001591601,0.0,0.0005983802,0.03832861
9696,3.9874616,0.0,2.6134148,3.191524,7.6335346e-05,0.0,0.00024290562,0.03832899
9697,0.15972543,0.0,10.870649,3.1915276,0.003369742,0.0,0.00011653442,0.038329363
9698,3.9468956,0.0,0.021383688,3.191533,0.0002407901,0.0,0.00018908991,0.038329642
9699,0.2614103,0.0,0.17561452,3.191538,1.1022223e-06,0.0,0.00011414949,0.038329896
9700,0.95298094,0.0,0.74131805,3.1915429,5.7267214e-05,0.0,0.00020723179,0.038330063
9701,1.4495,0.0,0.07459277,3.1915474,0.00026702203,0.0,0.00021222493,0.03833021
9702,6.9135437,0.0,6.849209,3.1915522,2.7990567e-05,0.0,9.117946e-05,0.03833027
9703,1.7560316,0.0,2.769879,3.1915548,0.00040190353,0.0,0.00027364944,0.03833038
9704,0.76127607,0.0,8.016676,3.1915612,0.002205483,0.0,0.0023347824,0.038330603
9705,0.13544495,0.0,8.379567,3.1915693,0.00014431453,0.0,0.00015035812,0.038331024
9706,0.09481478,0.0,1.7712798,3.1915743,4.885072e-05,0.0,0.00048168693,0.038331334
9707,1.5394275,0.0,6.121316,3.1915839,1.8069097e-05,0.0,0.0014332024,0.038331743
9708,6.510311,0.0,2.9544094,3.1915946,1.5950372e-05,0.0,0.00021139956,0.03833204
9709,0.28705937,0.0,1.9568695,3.1916049,1.777598e-05,0.0,0.0032438545,0.03833245
9710,0.1460458,0.0,0.06624362,3.191617,0.00015687196,0.0,7.253168e-05,0.0383326
9711,1.1795776,0.0,0.25963676,3.191628,0.00052513735,0.0,0.003313126,0.038332712
9712,2.6716902,0.0,0.6696388,3.191639,6.0663246e-05,0.0,0.00040112442,0.03833389
9713,0.13012013,0.0,9.319967,3.1916482,4.5517092e-05,0.0,0.0033344752,0.038334522
9714,3.9406996,0.0,7.46833,3.1916556,4.062084e-05,0.0,0.0001626639,0.038335256
9715,1.6609862,0.0,0.6616161,3.191664,5.7318626e-05,0.0,0.0033581622,0.03833599
9716,10.45176,0.0,1.309736,3.1916728,0.0030211408,0.0,0.00011681079,0.03833666
9717,0.13430879,0.0,0.94521606,3.1916835,0.00030860136,0.0,0.00072504085,0.038337238
9718,3.0563138,0.0,1.0756737,3.1916947,3.707808e-05,0.0,0.0020610197,0.03833793
9719,1.2392023,0.0,0.030719092,3.191704,0.0051990403,0.0,0.0013133634,0.038338438
9720,0.332741,0.0,0.7108619,3.191712,1.2369685e-05,0.0,0.00022970913,0.03833888
9721,0.3041978,0.0,8.701581,3.1917193,0.00019455703,0.0,0.00022882721,0.03833928
9722,0.16680238,0.0,1.6447245,3.191725,2.353376e-05,0.0,0.0002690265,0.038339864
9723,0.83752567,0.0,0.11725652,3.1917298,0.002287152,0.0,0.000104665145,0.038340442
9724,1.6147361,0.0,5.82373,3.1917355,0.0019896864,0.0,0.0031715347,0.038340915
9725,8.055695,0.0,0.8719997,3.191738,0.0010388398,0.0,0.000107518004,0.0383415
9726,1.6992776,0.0,0.5575882,3.1917417,1.2324697e-05,0.0,0.0002595411,0.038341973
9727,1.095277,0.0,0.36700726,3.1917462,0.0011736603,0.0,0.00212935,0.038342353
9728,0.293294,0.0,0.101201296,3.1917531,0.00017615857,0.0,0.00059777754,0.038342685
9729,0.62094337,0.0,1.2327563,3.1917589,3.625865e-05,0.0,0.0019454273,0.038343105
9730,0.15995486,0.0,1.2561524,3.1917632,0.0018594937,0.0,0.0001617647,0.038343478
9731,0.5002519,0.0,1.8559966,3.1917682,0.0002058935,0.0,0.00095276395,0.03834376
9732,0.4260534,0.0,11.418494,3.1917806,0.00021371774,0.0,0.00019939817,0.038344793
9733,0.74885434,0.0,2.8923116,3.1917934,0.0027685333,0.0,0.00020307874,0.03834571
9734,19.310083,0.0,1.6635925,3.1918051,3.427408e-05,0.0,0.00025794288,0.038346466
9735,5.994953,0.0,1.1053492,3.1918147,0.0013475347,0.0,0.0012098509,0.038347095
9736,0.24410652,0.0,2.4558778,3.1918259,0.00030825922,0.0,0.0014310987,0.038347628
9737,0.23233601,0.0,6.9146156,3.191838,0.00013691453,0.0,0.00050228665,0.038348075
9738,0.09141634,0.0,0.080048986,3.1918406,2.3731442e-05,0.0,5.2510397e-05,0.038349204
9739,6.9081717,0.0,0.030560568,3.1918435,0.0006380665,0.0,0.0018374287,0.03835018
9740,0.15629338,0.0,0.05667847,3.1918461,4.5434288e-05,0.0,0.00021221643,0.038351126
9741,0.050078295,0.0,0.10362424,3.1918483,4.0896022e-05,0.0,3.9281753e-05,0.03835197
9742,2.0990129,0.0,2.8161817,3.1918502,7.958336e-05,0.0,0.00016991956,0.038352683
9743,1.3223195,0.0,0.0585726,3.1918533,9.007064e-05,0.0,0.003468752,0.038353235
9744,0.5583566,0.0,0.62129366,3.1918554,7.6161676e-05,0.0,0.0001237754,0.038353767
9745,0.24475907,0.0,0.04478848,3.191861,0.001356498,0.0,5.664752e-05,0.038354266
9746,1.0120585,0.0,0.03396573,3.1918654,3.688807e-05,0.0,0.00013049638,0.038354628
9747,0.265363,0.0,0.027102992,3.1918695,0.00016815058,0.0,0.00021800627,0.0383549
9748,3.7558582,0.0,0.1562488,3.1918721,7.4791125e-05,0.0,0.0012574592,0.038355168
9749,0.15033549,0.0,0.0735486,3.191875,9.043384e-05,0.0,0.0047279024,0.03835566
9750,2.3334706,0.0,5.041277,3.191877,0.0026086995,0.0,0.00045814752,0.038356047
9751,1.6926,0.0,0.54433835,3.1918778,8.7904686e-05,0.0,0.0020668888,0.0383561
9752,2.8372726,0.0,0.04778557,3.1918797,0.0001880362,0.0,5.2960502e-05,0.03835605
9753,1.8473098,0.0,4.842715,3.1918812,4.1052135e-05,0.0,0.00062189566,0.038355935
9754,0.285488,0.0,0.032921776,3.1918817,0.00013689141,0.0,0.00012571248,0.0383556
9755,0.0970546,0.0,1.1010338,3.1918812,5.491137e-06,0.0,6.6600405e-05,0.038355216
9756,0.78444344,0.0,0.74098605,3.191879,6.126165e-05,0.0,0.0017234938,0.03835479
9757,9.084677,0.0,0.07099962,3.1918771,6.452241e-05,0.0,0.0033915825,0.038355738
9758,0.31644323,0.0,0.61929524,3.1918755,0.00024723657,0.0,0.00034868091,0.038356554
9759,8.193641,0.0,0.11808838,3.191872,2.7930346e-05,0.0,0.00016691635,0.038357303
9760,1.4134407,0.0,0.01955257,3.1918688,0.0001046079,0.0,0.0023308066,0.03835788
9761,9.197173,0.0,0.11273257,3.1918654,0.00047944847,0.0,0.0007089567,0.03835837
9762,2.5469854,0.0,1.3134049,3.1918619,2.9995897e-05,0.0,0.00010745098,0.038358822
9763,0.53465235,0.0,3.4334464,3.1918604,4.187544e-05,0.0,0.0033121482,0.038359188
9764,0.18950494,0.0,0.48586327,3.1918602,1.3701105e-05,0.0,0.00039366173,0.03835939
9765,0.29037896,0.0,0.01028066,3.191859,0.0059921374,0.0,4.0128172e-05,0.038359787
9766,0.25486922,0.0,0.016773067,3.1918583,0.0028247433,0.0,0.0008133165,0.038360085
9767,0.50186205,0.0,11.730281,3.1918569,2.3927294e-05,0.0,0.0045109326,0.03836029
9768,1.058832,0.0,1.9966071,3.1918569,0.002510745,0.0,0.0017032602,0.03836039
9769,0.39954898,0.0,1.0865307,3.1918616,0.0014897687,0.0,0.000465622,0.038360536
9770,0.22428796,0.0,0.0443285,3.1918666,2.2238732e-05,0.0,0.00020427248,0.03836051
9771,7.783931,0.0,0.42793137,3.191871,0.00029686186,0.0,0.0028034057,0.03836043
9772,13.756655,0.0,3.0038903,3.1918695,0.00014429813,0.0,9.790083e-05,0.038360555
9773,1.2112861,0.0,21.155289,3.191869,1.3533516e-05,0.0,0.0022670059,0.03836059
9774,0.50686073,0.0,7.3744564,3.1918666,0.0012677351,0.0,0.00015818013,0.038360342
9775,0.70675886,0.0,13.124575,3.191865,6.932253e-05,0.0,0.00046906306,0.038360007
9776,3.1632462,0.0,4.561955,3.1918635,4.714207e-05,0.0,4.3992863e-05,0.03835964
9777,0.71711683,0.0,0.19301985,3.1918602,0.0007848664,0.0,0.00017149904,0.03835924
9778,0.21413821,0.0,0.022445071,3.1918564,2.1906171e-05,0.0,0.00034118976,0.038358808
9779,1.9910129,0.0,2.883373,3.1918533,0.0004289434,0.0,0.00020061943,0.03835834
9780,0.06739885,0.0,0.026026478,3.1918502,8.562095e-05,0.0,0.00011374569,0.038357854
9781,1.4229414,0.0,1.67369,3.1918473,5.548515e-05,0.0,0.00012602906,0.038357385
9782,0.20153078,0.0,6.6672664,3.1918473,7.900687e-05,0.0,6.5018015e-05,0.038356923
9783,0.4936298,0.0,0.69301665,3.191852,7.2691495e-05,0.0,0.0017790464,0.03835641
9784,3.3943496,0.0,0.053424843,3.1918583,5.9648213e-05,0.0,0.0003184428,0.038355887
9785,0.7414192,0.0,2.2772589,3.1918643,9.8785524e-05,0.0,0.00011595462,0.03835532
9786,1.2730124,0.0,0.09926804,3.1918702,4.4495297e-05,0.0,0.0019212731,0.03835484
9787,0.7648189,0.0,3.4326537,3.1918752,0.00031577342,0.0,0.001887634,0.038354337
9788,0.18384752,0.0,0.928439,3.1918802,3.1118245e-05,0.0,0.00229334,0.038353916
9789,0.1636785,0.0,0.60184556,3.1918867,6.830827e-05,0.0,9.787435e-05,0.038353473
9790,0.26324502,0.0,0.24153155,3.1918907,2.7358892e-05,0.0,0.00029110227,0.038352963
9791,1.2434425,0.0,1.7229233,3.1918952,0.0011974578,0.0,0.0001263052,0.038352378
9792,0.2693325,0.0,10.060882,3.1919029,2.7102233e-05,0.0,0.0050393557,0.0383518
9793,0.16272211,0.0,0.31869787,3.1919098,4.8701445e-06,0.0,0.00011641481,0.038351286
9794,0.35411444,0.0,2.1471033,3.191915,0.0025015122,0.0,0.000139301,0.038350776
9795,8.280418,0.0,2.8229656,3.1919198,0.0012674235,0.0,0.0022650403,0.038350195
9796,0.7744588,0.0,13.244869,3.191925,0.0019982173,0.0,0.0031185644,0.038349602
9797,0.51794684,0.0,1.0107487,3.1919274,5.313768e-05,0.0,0.00012500274,0.03834903
9798,1.2888721,0.0,2.9522529,3.1919324,0.000103669074,0.0,0.00017069952,0.03834848
9799,0.6855138,0.0,3.9030964,3.1919413,3.9640036e-05,0.0,0.00014389635,0.03834793
9800,3.8362358,0.0,0.52879965,3.1919463,0.00012350711,0.0,0.0006516002,0.03834735
9801,0.26854128,0.0,2.4632733,3.1919513,0.00012924214,0.0,0.003295037,0.03834675
9802,2.6779037,0.0,1.7439189,3.1919556,0.0014266892,0.0,5.671004e-05,0.038346183
9803,3.3186858,0.0,1.1878964,3.191958,0.00018856364,0.0,6.538664e-05,0.03834558
9804,4.9422097,0.0,1.2771164,3.1919625,0.0002864851,0.0,8.733505e-05,0.03834496
9805,0.1561319,0.0,0.51883215,3.1919677,9.425146e-05,0.0,0.003521272,0.0383443
9806,1.7433113,0.0,1.2275473,3.191974,0.00012962086,0.0,0.00071748137,0.03834365
9807,0.8683885,0.0,0.6851272,3.1919801,0.0016826957,0.0,0.00074194017,0.03834304
9808,3.3557935,0.0,0.1106255,3.1919856,5.1989355e-06,0.0,0.0032171872,0.03834252
9809,0.111115895,0.0,0.30295795,3.1919897,2.8915732e-05,0.0,0.00018261767,0.038341857
9810,15.895381,0.0,0.028355382,3.1919937,2.4362598e-06,0.0,0.0001136451,0.03834127
9811,0.15668233,0.0,0.4028265,3.1919973,5.5982677e-05,0.0,0.00035387554,0.03834084
9812,8.347992,0.0,3.0920475,3.1920006,2.5989873e-05,0.0,0.00229064,0.038340274
9813,4.349718,0.0,0.6026732,3.1920047,0.0017678798,0.0,0.0003369528,0.038339686
9814,0.2537418,0.0,0.31339636,3.1920078,0.003000665,0.0,0.0031475823,0.038339045
9815,2.1273193,0.0,0.028301511,3.1920118,6.531083e-05,0.0,0.0018512306,0.038338393
9816,0.5669605,0.0,1.936935,3.1920154,0.00048141571,0.0,0.0020936332,0.038337898
9817,0.47990644,0.0,0.6400203,3.1920178,0.0001330854,0.0,0.0050123455,0.038337406
9818,1.1219208,0.0,3.5522542,3.1920197,0.0003792565,0.0,0.00030495191,0.03833712
9819,3.7061687,0.0,0.029290488,3.1920204,0.00033882537,0.0,0.00018555995,0.03833678
9820,0.31520355,0.0,1.7721888,3.1920202,7.353014e-05,0.0,0.003323198,0.038336452
9821,3.6627011,0.0,0.05837267,3.192022,0.00012890204,0.0,0.0035228892,0.038336042
9822,0.6479635,0.0,1.5662116,3.1920242,0.00024793655,0.0,0.0023109014,0.038335886
9823,2.5234272,0.0,0.086266756,3.1920285,0.0001477575,0.0,0.00023913721,0.0383357
9824,12.49644,0.0,0.054774247,3.1920316,2.9977668e-05,0.0,7.271154e-05,0.038335413
9825,5.677722,0.0,0.06801704,3.192035,1.4560188e-05,0.0,0.0017818972,0.038335048
9826,1.6665763,0.0,0.066664934,3.1920376,2.214695e-05,0.0,0.000127669,0.038334705
9827,1.3926075,0.0,3.7066276,3.1920393,2.808959e-05,0.0,0.00015305186,0.038334414
9828,0.2268032,0.0,1.033962,3.1920419,1.7053926e-05,0.0,0.0038147185,0.03833412
9829,0.10928558,0.0,11.425146,3.1920443,0.0020688132,0.0,0.00011177943,0.03833399
9830,7.654151,0.0,0.028278172,3.1920452,0.00030004405,0.0,0.00014557177,0.038333803
9831,0.07723458,0.0,0.706395,3.192047,0.0030497008,0.0,0.00014941877,0.038333546
9832,0.17296629,0.0,1.6568549,3.1920476,2.5314426e-05,0.0,0.0028727807,0.03833319
9833,0.7035198,0.0,3.2877173,3.1920502,3.091699e-05,0.0,3.9685645e-05,0.038332786
9834,2.4701376,0.0,1.300073,3.1920545,0.0038073515,0.0,0.00031766755,0.038332343
9835,3.6218762,0.0,0.043639895,3.1920586,0.002877495,0.0,7.427853e-05,0.03833198
9836,8.899918,0.0,3.9501684,3.1920617,0.0029258016,0.0,0.00033039233,0.038331587
9837,1.5412052,0.0,0.724487,3.1920636,7.3838615e-05,0.0,8.077965e-05,0.038331214
9838,1.5003666,0.0,0.041760188,3.1920664,6.407918e-05,0.0,0.0016647745,0.038330834
9839,0.8340795,0.0,0.51503986,3.19207,1.962543e-05,0.0,6.672098e-05,0.038330957
9840,6.2711334,0.0,1.2132015,3.192075,4.286335e-06,0.0,0.0011692189,0.038331077
9841,3.265901,0.0,5.74888,3.1920795,3.3071974e-05,0.0,0.007285852,0.038331397
9842,2.2289913,0.0,0.84526557,3.1920824,3.6846113e-06,0.0,0.00064152526,0.038331766
9843,0.122447245,0.0,0.019254863,3.1920877,2.3143682e-05,0.0,8.731565e-05,0.03833215
9844,0.44386944,0.0,0.0629058,3.1920915,0.0001028297,0.0,0.004796688,0.038332496
9845,2.6589777,0.0,2.3859284,3.1920955,0.0011432142,0.0,0.00021012433,0.038332827
9846,1.0421721,0.0,9.397008,3.1920989,0.0001941614,0.0,0.00026874946,0.038333017
9847,1.2586199,0.0,1.5060484,3.1921015,6.254157e-05,0.0,0.0009030104,0.038333047
9848,2.6844084,0.0,2.9572399,3.1921046,0.001969859,0.0,0.00026815647,0.038332988
9849,11.627858,0.0,0.030596517,3.1921096,3.5008734e-06,0.0,0.0010513606,0.03833285
9850,0.19835314,0.0,2.9057243,3.1921136,0.00013838464,0.0,0.00010565575,0.03833263
9851,0.5809941,0.0,0.42898965,3.1921206,7.8989426e-05,0.0,0.0006234083,0.03833234
9852,5.5720696,0.0,0.6641315,3.192128,0.0017043924,0.0,0.0021172164,0.038332023
9853,0.16871633,0.0,0.2159726,3.192137,0.00014041076,0.0,0.002498721,0.038331743
9854,5.2736483,0.0,0.15312666,3.1921442,9.241994e-05,0.0,0.0015385331,0.03833266
9855,0.6627104,0.0,0.9142793,3.1921515,0.00026664248,0.0,8.5823776e-05,0.038333487
9856,0.5351364,0.0,0.18015568,3.1921585,0.00014688936,0.0,0.0002201905,0.038334146
9857,0.22473197,0.0,5.075934,3.1921654,5.2753e-05,0.0,0.0002669921,0.03833471
9858,0.2212619,0.0,0.61884403,3.1921694,8.773184e-05,0.0,0.0027913447,0.038335085
9859,0.7285055,0.0,0.094038725,3.1921744,0.0026456686,0.0,0.0002147236,0.038335375
9860,3.667558,0.0,0.073414855,3.192179,0.000115308576,0.0,0.0013193614,0.038335565
9861,0.05755902,0.0,4.2044535,3.1921823,0.0028632511,0.0,0.0003588714,0.038335875
9862,1.4780601,0.0,0.17693116,3.1921873,5.781732e-05,0.0,0.00010464329,0.038336236
9863,2.8874874,0.0,3.2217214,3.1921916,3.0109768e-05,0.0,0.00010514032,0.038336664
9864,0.5339329,0.0,0.18429874,3.1921952,0.00024368387,0.0,0.00040080512,0.038337044
9865,4.283924,0.0,1.2845712,3.1921978,1.5741516e-05,0.0,0.0051394836,0.038337283
9866,8.552831,0.0,0.4067028,3.192201,7.161768e-05,0.0,0.00017747105,0.038337465
9867,0.0900619,0.0,4.2653503,3.1922035,0.00010155226,0.0,0.00066297123,0.038337767
9868,2.0897367,0.0,5.4190345,3.1922069,0.0010540502,0.0,0.00026534687,0.03833809
9869,0.06488497,0.0,0.16661221,3.1922076,7.54397e-06,0.0,6.117829e-05,0.0383385
9870,0.24651194,0.0,0.01963899,3.1922083,0.00013626798,0.0,0.00041265064,0.038338885
9871,0.16681372,0.0,0.41301724,3.1922095,9.912412e-05,0.0,9.9374556e-05,0.038339317
9872,0.09631116,0.0,0.050991613,3.1922097,8.683205e-05,0.0,0.00027944028,0.03833963
9873,0.27380985,0.0,0.03366885,3.1922102,1.246505e-05,0.0,0.0036815726,0.038339842
9874,16.533678,0.0,0.06717068,3.1922104,0.0017252349,0.0,0.00451231,0.038339958
9875,0.037248045,0.0,0.31169203,3.1922107,0.002064968,0.0,0.00047771342,0.03834048
9876,9.199608,0.0,0.21651661,3.1922107,8.158941e-05,0.0,9.57938e-05,0.038340885
9877,0.24790214,0.0,0.269198,3.1922104,9.051488e-05,0.0,0.0033432054,0.03834119
9878,0.31600145,0.0,0.027635079,3.1922114,0.0023391095,0.0,9.564848e-05,0.03834216
9879,0.92199606,0.0,0.21994323,3.1922119,5.7868954e-05,0.0,0.0010805648,0.038343016
9880,0.05750614,0.0,0.08737049,3.192213,0.00054162886,0.0,0.006025167,0.03834471
9881,0.6071,0.0,2.4921446,3.1922147,0.00020092787,0.0,0.00015103573,0.038346257
9882,10.931506,0.0,0.3312232,3.1922157,5.0206967e-05,0.0,0.00061887805,0.038347613
9883,9.70443,0.0,2.1879122,3.1922183,1.6400503e-05,0.0,0.00022928687,0.038348638
9884,0.30871007,0.0,0.30781,3.1922233,5.666284e-05,0.0,0.0004387302,0.03834964
9885,3.485877,0.0,2.040577,3.1922286,0.0029769868,0.0,0.0045017707,0.03835041
9886,0.2934187,0.0,0.07966286,3.1922338,0.0025436948,0.0,0.00022751771,0.038351055
9887,3.2261925,0.0,0.4476366,3.1922379,0.00017081448,0.0,7.409269e-05,0.038351618
9888,0.57677794,0.0,11.657544,3.1922412,0.001897568,0.0,0.000120473065,0.038352124
9889,2.7141387,0.0,12.269551,3.1922312,5.8025435e-05,0.0,0.0019431877,0.03835249
9890,0.14450665,0.0,0.12009544,3.192222,2.5222898e-05,0.0,0.00024510114,0.038352933
9891,27.755093,0.0,4.4178843,3.1922164,0.0018192846,0.0,0.005207178,0.038353298
9892,0.10383398,0.0,0.019230815,3.1922119,0.00013725125,0.0,0.00020144707,0.038353574
9893,0.6819815,0.0,6.075744,3.1922078,0.00016204127,0.0,0.00022131015,0.038353868
9894,5.406893,0.0,3.2539985,3.192204,2.290431e-05,0.0,9.898399e-05,0.038354166
9895,7.3486843,0.0,1.5657572,3.1921995,8.189988e-05,0.0,0.00019359324,0.03835433
9896,0.16241364,0.0,1.9085119,3.1921983,6.072985e-05,0.0,0.00058889977,0.038354415
9897,1.9731021,0.0,0.87597764,3.192199,0.00017806803,0.0,0.00020817375,0.03835445
9898,7.086801,0.0,0.017915357,3.1922002,0.0021490182,0.0,0.0025834066,0.038354475
9899,6.2642345,0.0,0.16920431,3.192201,0.0012063531,0.0,3.5867037e-05,0.038354468
9900,1.3837433,0.0,0.19170198,3.192201,0.00021819226,0.0,0.00017180623,0.0383544
9901,3.65811,0.0,0.04949654,3.1922007,0.00012879782,0.0,0.00023510042,0.038354285
9902,3.2778716,0.0,1.0189044,3.1921985,0.0018738405,0.0,0.0049786447,0.03835426
9903,0.7493968,0.0,8.72393,3.1921985,4.686349e-05,0.0,0.0032614556,0.038354125
9904,1.9603815,0.0,0.7119417,3.1921988,8.1241335e-05,0.0,0.0029282207,0.038354035
9905,9.664548,0.0,0.31129208,3.1922007,0.00012520235,0.0,0.0001966666,0.03835393
9906,1.5988482,0.0,0.15750355,3.1922038,0.000100006044,0.0,0.00023162611,0.03835378
9907,1.8733081,0.0,0.12574288,3.1922047,0.0007102817,0.0,0.0001871337,0.03835361
9908,0.91265255,0.0,1.4815181,3.1922054,0.00012576726,0.0,0.0001387484,0.038353357
9909,2.3445263,0.0,0.80282193,3.1922057,0.0004409586,0.0,5.3109536e-05,0.038353108
9910,5.42556,0.0,1.0175257,3.1922023,5.556694e-05,0.0,0.0003083176,0.03835288
9911,0.26361042,0.0,0.15331024,3.1922,2.366123e-05,0.0,0.00011464572,0.038352598
9912,13.736248,0.0,1.3277912,3.1921966,0.0020705874,0.0,0.00010709803,0.03835225
9913,1.2267323,0.0,8.13367,3.1921957,0.0029050747,0.0,0.0013460253,0.038351897
9914,20.631287,0.0,1.5908121,3.1921914,0.00012703324,0.0,0.021620248,0.038351376
9915,0.58301485,0.0,0.021437138,3.1921906,0.0036528506,0.0,0.0017839732,0.038352065
9916,0.5864641,0.0,0.02830713,3.1921904,1.7496033e-05,0.0,0.00082069036,0.038352527
9917,1.6214901,0.0,0.7886677,3.1921897,8.3363615e-05,0.0,0.00095282076,0.038352758
9918,0.05738604,0.0,2.5978086,3.1921897,0.00017278659,0.0,0.007852528,0.038353093
9919,0.5480304,0.0,0.5906007,3.1921902,2.246815e-05,0.0,0.0047890693,0.0383535
9920,0.791797,0.0,3.7448592,3.1921914,2.0497271e-05,0.0,0.0037865434,0.038353913
9921,1.6220634,0.0,11.288974,3.1921918,0.0006655338,0.0,0.00017130587,0.038354356
9922,0.40917554,0.0,5.307553,3.1921928,0.00011334977,0.0,0.00025303895,0.038354807
9923,0.5871053,0.0,0.022688583,3.1921923,3.0084018e-05,0.0,0.00021626547,0.038355276
9924,5.890164,0.0,0.08744456,3.1921916,0.0022793468,0.0,0.0031265926,0.03835533
9925,0.5275747,0.0,0.02708232,3.1921911,0.003977143,0.0,0.0004263099,0.03835579
9926,13.002011,0.0,0.761076,3.1921902,7.583347e-05,0.0,0.0008739468,0.03835619
9927,0.4884993,0.0,0.50549275,3.1921904,0.000693767,0.0,0.0006465457,0.038356412
9928,4.269353,0.0,1.095604,3.192192,5.4584038e-05,0.0,7.117817e-05,0.03835673
9929,11.424578,0.0,0.028747836,3.1921945,0.00015283213,0.0,0.00036598527,0.038356993
9930,3.143122,0.0,2.8508785,3.192197,0.0026031458,0.0,7.444694e-05,0.03835727
9931,0.121689245,0.0,0.6444623,3.1922004,8.4104846e-05,0.0,0.00079955294,0.038357437
9932,2.4957316,0.0,7.407186,3.192196,1.11257705e-05,0.0,0.00019646966,0.038357556
9933,0.212309,0.0,1.1655381,3.1921914,0.0027464435,0.0,0.00010338174,0.038357608
9934,1.5533961,0.0,0.090478145,3.1921883,0.0001284214,0.0,0.0001511103,0.038357608
9935,5.7131143,0.0,4.8751283,3.1921852,0.00011030416,0.0,0.0022095589,0.03835753
9936,0.28796092,0.0,1.1900342,3.1921813,0.00011194094,0.0,0.0025848271,0.03835729
9937,12.178103,0.0,0.013853227,3.192178,0.0034418313,0.0,9.72133e-05,0.03835704
9938,3.676933,0.0,0.06567869,3.192175,0.00032815457,0.0,0.0011930971,0.03835676
9939,1.4313723,0.0,0.027329654,3.1921723,3.839313e-05,0.0,0.00013599863,0.038357064
9940,0.50605917,0.0,2.2676373,3.19217,0.00035496286,0.0,0.0011681421,0.03835738
9941,0.8452644,0.0,1.0818064,3.1921675,2.1855241e-05,0.0,0.00018079115,0.038357712
9942,1.4506063,0.0,0.02249817,3.1921678,0.0011769332,0.0,0.0038825772,0.038358122
9943,0.4918506,0.0,0.40901926,3.192168,0.00034875833,0.0,5.8744532e-05,0.03835853
9944,1.3053457,0.0,0.033309456,3.1921713,0.00064215495,0.0,0.0041941036,0.03835889
9945,0.233968,0.0,0.1280704,3.1921744,0.00035176965,0.0,3.9293274e-05,0.0383593
9946,7.4512405,0.0,0.027436605,3.1921773,0.00028841174,0.0,0.00020580416,0.03835964
9947,0.1852467,0.0,1.444685,3.19218,1.251329e-05,0.0,0.001060361,0.038360078
9948,0.24210685,0.0,0.058952805,3.1921864,1.3266579e-05,0.0,0.00014939674,0.03836095
9949,11.157428,0.0,13.988424,3.1921918,0.002475839,0.0,0.00016598823,0.03836169
9950,2.6858652,0.0,4.676721,3.1921957,0.0015571245,0.0,7.803907e-05,0.03836238
9951,0.51101017,0.0,0.023445772,3.1922042,0.0002763415,0.0,0.0001528898,0.038362984
9952,1.9484179,0.0,0.88422745,3.1922123,2.7587466e-05,0.0,0.0001266214,0.03836345
9953,4.0489435,0.0,1.1363835,3.1922174,0.0014732035,0.0,0.00080879783,0.038363904
9954,3.2134159,0.0,0.5739277,3.1922224,0.00172374,0.0,7.55722e-05,0.0383644
9955,0.46672302,0.0,0.025806883,3.1922286,0.0020320097,0.0,0.00028353094,0.03836476
9956,0.580458,0.0,0.14446488,3.1922348,6.44248e-05,0.0,0.0021700533,0.038365003
9957,0.20808598,0.0,0.7882045,3.1922405,2.275228e-05,0.0,0.0001370003,0.038365074
9958,0.4146896,0.0,0.07027004,3.1922457,0.00014551877,0.0,0.00011672907,0.038365055
9959,0.1308722,0.0,0.63037604,3.1922503,0.00017181532,0.0,0.0004849883,0.03836496
9960,0.43876606,0.0,0.36180767,3.1922543,3.8427905e-05,0.0,0.00014831527,0.03836509
9961,0.4951485,0.0,1.2410967,3.1922584,1.2698418e-05,0.0,0.00024140984,0.038365178
9962,0.17805563,0.0,0.41300058,3.192261,0.00011413796,0.0,0.00011919132,0.038365334
9963,3.751903,0.0,0.14324382,3.192264,3.070063e-05,0.0,0.0036017043,0.038365506
9964,6.0353913,0.0,12.703643,3.1922662,0.0006386557,0.0,0.00044771022,0.03836551
9965,0.60962915,0.0,0.036514662,3.1922646,0.00010960254,0.0,0.00050643564,0.038365375
9966,0.25668097,0.0,0.024527365,3.1922634,0.0005549018,0.0,0.0029889932,0.038365122
9967,0.18326294,0.0,0.03585841,3.192262,0.00011472203,0.0,0.00070496637,0.038365062
9968,3.7856603,0.0,0.1350225,3.1922603,0.00031991696,0.0,0.00027841746,0.038364723
9969,2.8649023,0.0,0.55582905,3.1922586,9.010508e-05,0.0,0.0023839734,0.038364384
9970,1.3371677,0.0,0.027356815,3.1922565,0.00079650065,0.0,8.210815e-05,0.038364075
9971,1.454266,0.0,0.24618238,3.1922553,0.0013796423,0.0,0.00014585731,0.038363695
9972,3.6908727,0.0,8.828341,3.1922543,0.00016536778,0.0,0.00018657278,0.038363323
9973,2.9272492,0.0,0.049632106,3.1922522,1.3999403e-05,0.0,0.00025664316,0.03836297
9974,1.5522108,0.0,0.019059226,3.1922503,0.00015140449,0.0,0.00014799686,0.038362525
9975,2.9942296,0.0,0.031515278,3.192248,0.0014495282,0.0,0.003920476,0.038362086
9976,0.12413665,0.0,0.05387646,3.1922467,7.672394e-05,0.0,0.0030823285,0.038361657
9977,2.4548173,0.0,0.058222275,3.1922448,0.0036485274,0.0,0.0004026282,0.038361225
9978,0.3117527,0.0,0.22439468,3.1922429,0.0016934284,0.0,0.0003733054,0.038360786
9979,0.16799197,0.0,0.9694089,3.1922412,0.00010928804,0.0,8.292078e-05,0.038360253
9980,5.3215756,0.0,0.3507904,3.1922426,3.288019e-05,0.0,0.00019989387,0.038359746
9981,0.24695367,0.0,0.19967432,3.192243,0.0021989678,0.0,0.00015314805,0.0383592
9982,9.038426,0.0,0.05170543,3.1922438,0.0018534464,0.0,0.00017133863,0.03835869
9983,3.4913197,0.0,0.030418223,3.1922443,0.0006786928,0.0,0.0016761386,0.038358204
9984,0.16553934,0.0,0.10016467,3.1922443,0.0003498672,0.0,0.00024242926,0.03835766
9985,0.50785667,0.0,0.053923935,3.192245,0.00019454319,0.0,0.000271187,0.038357098
9986,4.5909896,0.0,1.0435479,3.1922455,0.0022698385,0.0,0.00025861946,0.03835653
9987,6.82153,0.0,0.76719224,3.192247,1.7414794e-05,0.0,0.0001312633,0.03835583
9988,6.7365026,0.0,0.015689837,3.192248,0.0005809483,0.0,0.0021214944,0.038355127
9989,0.27472344,0.0,0.08210787,3.1922493,6.14641e-05,0.0,0.0022111128,0.03835443
9990,0.47031903,0.0,3.3876538,3.19225,0.00074177154,0.0,0.00015338082,0.03835818
9991,0.5653511,0.0,0.10059604,3.1922503,0.0042913863,0.0,0.0005460566,0.03836161
9992,7.9905987,0.0,0.07212795,3.1922505,0.0025827545,0.0,0.0030952995,0.038364988
9993,0.24408358,0.0,1.0113767,3.1922505,0.0038380371,0.0,3.925049e-05,0.038368188
9994,0.07290838,0.0,2.74292,3.192253,0.00021345838,0.0,0.00037139378,0.038371142
9995,0.19774239,0.0,12.198882,3.1922548,0.00014604443,0.0,0.00013934007,0.0383739
9996,5.5414624,0.0,6.8153305,3.1922567,0.00032272327,0.0,0.00049202767,0.038376413
9997,0.35991505,0.0,1.3971099,3.192258,0.00030412932,0.0,0.00040107235,0.038378984
9998,0.26619223,0.0,4.12603,3.1922584,0.002688039,0.0,0.0030324357,0.038381435
9999,0.9914747,0.0,9.55606,3.192256,0.00015931301,0.0,0.00012470604,0.038383584
