,0,1,2,3
0,0.31488153,0.64328766,0.3088832,0.77096146
1,0.3703478,0.5204382,0.66933525,0.8543825
2,0.463577,0.61400187,0.4122506,0.6217023
3,0.37026593,0.54205257,0.5602368,0.6652549
4,0.4018355,0.5143073,0.66050076,0.89222854
5,0.3742971,0.63800424,0.5306681,0.78425884
6,0.38697213,0.5826114,0.3924294,0.71722317
7,0.36505738,0.49974594,0.7012453,0.71390426
8,0.2736259,0.5281555,0.38398996,0.6395879
9,0.3862721,0.66600794,0.6678275,0.94641143
10,0.3120172,0.5359298,0.4917824,0.76239645
11,0.57673055,0.5785847,0.30179155,0.8040307
12,0.36725295,0.5315852,0.236429,0.91195405
13,0.49464267,0.53149676,0.534969,0.87820655
14,0.37927222,0.44565466,0.3726279,0.92099744
15,0.4559725,0.5794874,0.668058,0.9689004
16,0.46065563,0.63217264,0.47931677,0.9122011
17,0.38260457,0.5928599,0.59339976,0.9703218
18,0.4684325,0.6244343,0.82694346,0.7270701
19,0.33283502,0.5936239,0.8363252,1.0169781
20,0.4334948,0.59707385,0.6419589,0.84438366
21,0.35141045,0.5847087,0.41760203,0.8193183
22,0.46088573,0.60996944,0.6258938,0.5715622
23,0.32924163,0.512272,0.45378193,0.624867
24,0.28623515,0.37065947,0.2792057,0.30918935
25,0.3014766,0.4814648,0.2752042,0.40267372
26,0.3610903,0.43016106,0.52425814,0.53723395
27,0.30982128,0.32649347,0.43218228,0.42013913
28,0.31042147,0.5446183,0.2695993,0.39044842
29,0.3168294,0.3697141,0.41680998,0.32343644
30,0.33027762,0.5001775,0.60226846,0.54538107
31,0.40462357,0.48948967,0.30838048,0.60894245
32,0.2503523,0.39691398,0.54534936,0.66912556
33,0.32933983,0.40732002,0.39178225,0.5842524
34,0.36338264,0.27662846,0.28505638,0.38636777
35,0.18626931,0.17149867,0.31624517,0.2877856
36,0.1565834,0.09466104,0.3614924,0.31741726
37,0.17822674,0.055530697,0.3773732,0.3072377
38,0.18370794,0.052949842,0.42252627,0.28152606
39,0.18586884,0.041027196,0.46286497,0.37091967
40,0.18823355,0.06109127,0.43563196,0.5515655
41,0.1738393,0.04133414,0.5276015,0.68029594
42,0.15465131,0.0472147,0.5932148,0.73922694
43,0.16897783,0.05102412,0.6284369,0.74852365
44,0.18629311,0.054383885,0.64427733,0.66455203
45,0.1642227,0.07194386,0.5425782,0.38353002
46,0.30054533,0.50044835,0.30356967,0.42497832
47,0.20623237,0.29235685,0.39162913,0.36418462
48,0.39775503,0.51461095,0.4062497,0.411268
49,0.40409303,0.5296801,0.40878555,0.8908293
50,0.39231887,0.38954413,0.6977128,0.9556205
51,0.48149097,0.6634162,0.5458903,1.0066278
52,0.57646215,0.48137122,0.40080774,1.0111506
53,0.43817818,0.31084234,0.44958138,1.0042268
54,0.22398807,0.08775413,0.4064002,0.9719472
55,0.15392157,0.075474605,0.40403745,0.9651658
56,0.14702584,0.06621081,0.40483546,0.9378562
57,0.12969193,0.07566506,0.3191691,0.92194355
58,0.12375769,0.09830164,0.28397954,0.9031792
59,0.13434167,0.12301767,0.2495347,0.83038306
60,0.13643897,0.112722546,0.23419237,0.78743696
61,0.13853906,0.107547075,0.23146126,0.7931056
62,0.13682322,0.092991166,0.23652163,0.7554398
63,0.13723728,0.08255801,0.27847221,0.86263895
64,0.13944943,0.08431048,0.3339074,0.7536133
65,0.13995762,0.06876549,0.36962643,0.7807438
66,0.13804103,0.08077685,0.39135218,0.78442794
67,0.13100559,0.08294986,0.38711724,0.7872903
68,0.12228817,0.2681282,0.35267702,0.7390923
69,0.23311839,0.069334306,0.30713126,0.8071631
70,0.1260549,0.051659063,0.27445623,0.762328
71,0.09449111,0.08025576,0.2638727,0.75695866
72,0.097127244,0.24717905,0.30776638,0.7296306
73,0.1332928,0.06690084,0.256818,0.6694995
74,0.12153079,0.07394479,0.24377161,0.6992591
75,0.10783269,0.06939924,0.26517808,0.69742227
76,0.08993637,0.10520868,0.28396243,0.61588526
77,0.12300557,0.12816902,0.2895739,0.5036491
78,0.12852733,0.10265866,0.36616617,0.47732773
79,0.4628725,0.59217083,0.31007865,0.60614014
80,0.3155324,0.50498044,0.37274128,0.5176654
81,0.2660939,0.5748493,0.30149257,0.7104875
82,0.19374946,0.39354545,0.262568,0.58462167
83,0.2250529,0.5000043,0.29779756,0.6528174
84,0.28864238,0.5507033,0.118207276,0.6595813
85,0.35542524,0.30745924,0.29259586,0.31524813
86,0.27945817,0.19204678,0.26771218,0.3254893
87,0.2933675,0.51593566,0.39916158,0.33285442
88,0.4315381,0.6432701,0.391786,0.59395456
89,0.17310177,0.19812004,0.48197955,0.68430007
90,0.14364067,0.21413414,0.3726515,0.35294607
91,0.46111688,0.6181521,0.33636194,0.53780955
92,0.48383033,0.46308652,0.20278749,0.4661049
93,0.39917472,0.45245877,0.48159933,0.46833736
94,0.22336224,0.528925,0.25518188,0.551957
95,0.27079642,0.30236784,0.43621925,0.7013166
96,0.27242506,0.5193298,0.4543777,0.23577517
97,0.39489958,0.5912882,0.27244663,0.58442813
98,0.43124992,0.49721652,0.60574025,0.535869
99,0.4044601,0.3743962,0.4977217,0.7264293
100,0.32577163,0.23744118,0.3427286,0.8078531
101,0.29567108,0.18079582,0.32561707,0.78134465
102,0.263071,0.13738638,0.39594403,0.7647624
103,0.2331634,0.103364624,0.377816,0.7413182
104,0.2090932,0.075641036,0.31639883,0.7143843
105,0.19459215,0.077592075,0.2938959,0.7874458
106,0.18573481,0.08166084,0.31259716,0.7619364
107,0.1784929,0.06449503,0.32075012,0.6842011
108,0.16311839,0.2131402,0.3638568,0.6929467
109,0.14697637,0.18231757,0.29433727,0.71248245
110,0.26941943,0.20529702,0.3596258,0.6702845
111,0.1278122,0.16600052,0.23067051,0.52890784
112,0.18304294,0.24884479,0.1753388,0.4836529
113,0.26488307,0.2140474,0.24952286,0.54568744
114,0.22394411,0.09789306,0.33473733,0.6733764
115,0.21472594,0.14104222,0.38860488,0.719496
116,0.21220061,0.077231474,0.35828713,0.6333036
117,0.2020573,0.060768962,0.38918367,0.59683156
118,0.19743536,0.25269592,0.27196127,0.5826933
119,0.20983188,0.119145155,0.22450441,0.66682637
120,0.21437179,0.43180895,0.33363116,0.6759597
121,0.31684965,0.49510726,0.38121995,0.69772923
122,0.23540218,0.2346996,0.30262724,0.63849
123,0.25206152,0.12611043,0.33117554,0.64848566
124,0.24249174,0.07667334,0.2884912,0.67416936
125,0.29208106,0.33640853,0.37001127,0.6434574
126,0.31110907,0.51574266,0.35064816,0.7665345
127,0.4110379,0.4643003,0.37416962,0.6511802
128,0.45042437,0.65000784,0.25855714,0.71016395
129,0.37901333,0.63305855,0.7713905,0.8039599
130,0.4247459,0.5978208,0.49952757,0.6929674
131,0.29667932,0.39173156,0.3864216,0.699571
132,0.39453885,0.55753016,0.3946836,0.65525603
133,0.19936846,0.33895543,0.32186538,0.6780983
134,0.30215222,0.48659638,0.310256,0.60495955
135,0.13401277,0.129616,0.25497848,0.7043499
136,0.19282322,0.08338151,0.27977198,0.6706435
137,0.19319403,0.18218516,0.3601709,0.67556614
138,0.31288397,0.3439848,0.46403372,0.72951686
139,0.28085902,0.53327346,0.5667706,0.78262043
140,0.37981114,0.5511594,0.6491212,0.7681844
141,0.33175263,0.65321565,0.56816995,0.7817404
142,0.3133146,0.59167975,0.44738543,0.7588928
143,0.47112823,0.58114874,0.4587109,0.8147548
144,0.18168999,0.24036041,0.35851404,0.75775135
145,0.41608655,0.46658966,0.6315442,0.69610584
146,0.3285011,0.45388225,0.66123843,0.7252988
147,0.34444022,0.6200599,0.4597178,0.83082366
148,0.34966785,0.56561136,0.49021718,0.8574184
149,0.16869736,0.30690145,0.6055435,0.8263437
150,0.13595822,0.09765288,0.52749884,0.8307353
151,0.14987926,0.075924434,0.45366192,0.79603076
152,0.15029754,0.09279931,0.38790274,0.76941717
153,0.12933293,0.10361971,0.36707258,0.6318272
154,0.10238003,0.10117436,0.38142705,0.62213266
155,0.20937201,0.19352631,0.4247182,0.6299802
156,0.1665657,0.16036475,0.48413527,0.68160427
157,0.18676165,0.36408138,0.7271805,0.74479806
158,0.24439949,0.23420075,0.77681005,0.7462882
159,0.29463014,0.202104,0.4775979,0.8426192
160,0.2781539,0.49073425,0.71454966,0.63987863
161,0.4144953,0.5341329,0.5428072,0.7115841
162,0.31982416,0.30566525,0.47639823,0.66730314
163,0.5185313,0.5179154,0.4147395,0.8658151
164,0.27529424,0.4447467,0.5503727,0.7329313
165,0.43681198,0.49913418,0.4690186,0.6264766
166,0.24832156,0.24963956,0.4382934,0.6566055
167,0.14876702,0.17458722,0.32356066,0.6424297
168,0.16969089,0.34694216,0.31341052,0.70519084
169,0.34322357,0.6034541,0.3665827,0.63127565
170,0.13227181,0.25818,0.52777696,0.7425647
171,0.12697603,0.15526533,0.6240052,0.82120013
172,0.26506543,0.28471026,0.47546935,0.8237466
173,0.27409825,0.3214564,0.648002,0.8146117
174,0.5319143,0.7377407,0.5712646,0.9524172
175,0.5538526,0.6013209,0.7213657,1.0201169
176,0.3792187,0.29772893,0.5059521,0.97494453
177,0.23040202,0.1870445,0.40986913,0.85414344
178,0.31025314,0.32041198,0.41187894,0.8988225
179,0.21182093,0.24787779,0.31086755,0.82733285
180,0.19452894,0.21882859,0.2885974,0.73035634
181,0.31454098,0.3292127,0.43248236,0.7982837
182,0.15728898,0.18290174,0.3803517,0.75242805
183,0.18265635,0.22183278,0.360544,0.77282876
184,0.1789692,0.19635217,0.2891197,0.7756012
185,0.16732179,0.16156155,0.22314554,0.73218817
186,0.39249572,0.40041593,0.24669993,0.8599333
187,0.16462138,0.14462465,0.20148864,0.7058544
188,0.089739084,0.080086574,0.3214805,0.8732239
189,0.08110698,0.093830995,0.27553275,0.8077131
190,0.07678422,0.14046727,0.4184301,0.8699843
191,0.21936072,0.3283826,0.37076318,0.75341004
192,0.22373164,0.50924367,0.47198516,0.8389705
193,0.43536246,0.5383354,0.35307795,0.7960904
194,0.43451345,0.39223945,0.43919003,0.7592489
195,0.34850082,0.26996505,0.5957927,0.78320867
196,0.26116884,0.17136875,0.52800614,0.7176214
197,0.20760396,0.12439499,0.47435808,0.7003097
198,0.18462929,0.0833337,0.43284383,0.65561724
199,0.17318541,0.060500495,0.38182,0.6142318
200,0.18247816,0.030219417,0.32338032,0.71607566
201,0.21151128,0.44975156,0.32633692,0.6869804
202,0.31845072,0.5240568,0.32618237,0.7239756
203,0.37086552,0.5335241,0.49440235,0.982996
204,0.3835397,0.42844042,0.60752,0.73375726
205,0.21486813,0.23542787,0.612993,0.81975806
206,0.3733796,0.6085864,0.6257604,0.7970346
207,0.19834176,0.35540423,0.4353944,0.76703125
208,0.4367847,0.5034979,0.43254802,0.7175056
209,0.15038016,0.10180756,0.24260151,0.67744744
210,0.2315173,0.17657618,0.29169625,0.7069235
211,0.2692428,0.20087226,0.33947504,0.6788509
212,0.26561487,0.21308498,0.30263916,0.6716407
213,0.2256896,0.1693428,0.36449662,0.65627396
214,0.23585474,0.25925463,0.42589954,0.6654493
215,0.3016066,0.31632575,0.2992925,0.666957
216,0.31328773,0.15334839,0.3224805,0.7139163
217,0.3420289,0.67000324,0.41509545,0.74015605
218,0.4025609,0.6030692,0.57875514,0.85604215
219,0.27504763,0.4591341,0.54532635,0.85417074
220,0.17408262,0.109840944,0.26922,0.80943704
221,0.17214409,0.16216174,0.3232444,0.752669
222,0.3453055,0.31112593,0.4121682,0.69934225
223,0.24280868,0.13794789,0.36732447,0.7898496
224,0.41920346,0.41525972,0.39337343,0.7530702
225,0.33385795,0.5910227,0.3691457,0.7429558
226,0.21188253,0.4211366,0.5343088,0.78857416
227,0.23415111,0.14931107,0.4949013,0.84324616
228,0.2306941,0.10109202,0.5399229,0.7739178
229,0.22562325,0.09289876,0.5367148,0.7697314
230,0.21552873,0.10464751,0.4343087,0.75791323
231,0.18578874,0.12561816,0.42728,0.68050444
232,0.15232208,0.16659626,0.4459846,0.7300459
233,0.28919226,0.24929208,0.4413033,0.69162476
234,0.30958155,0.46373907,0.6001599,0.7078625
235,0.32810065,0.58456427,0.5236643,0.69005966
236,0.31025738,0.5098369,0.602262,0.746791
237,0.13817056,0.26974356,0.46749216,0.65790564
238,0.11174754,0.11352646,0.57641935,0.6374249
239,0.22446938,0.26052445,0.5068499,0.5786375
240,0.25651163,0.24761534,0.66481805,0.5568483
241,0.18781096,0.11295737,0.7904407,0.73160976
242,0.17971632,0.114041574,0.84050983,0.87678707
243,0.14807865,0.11619031,0.7804414,0.7724309
244,0.13653268,0.12248359,0.61639714,0.74924344
245,0.09701541,0.11309764,0.50097716,0.61998713
246,0.14868306,0.07409279,0.38820612,0.618973
247,0.18362164,0.069572404,0.2889466,0.64069235
248,0.18247598,0.08797633,0.29705736,0.5610751
249,0.16149594,0.042033773,0.31851262,0.59140044
250,0.110718004,0.16533746,0.3537243,0.60324633
251,0.44267237,0.64474165,0.3389886,0.64283985
252,0.2731676,0.4254028,0.39437258,0.7763292
253,0.18883298,0.3886408,0.42401809,0.8124675
254,0.28347117,0.3448027,0.35991287,0.7596095
255,0.14975554,0.15751715,0.35521942,0.7548699
256,0.43880177,0.5110251,0.37092668,0.7193997
257,0.46399274,0.55278367,0.24230349,0.65376025
258,0.4238144,0.4057109,0.45854178,0.7300426
259,0.28888,0.29841763,0.4415988,0.83168405
260,0.42780066,0.50722814,0.60852075,0.89972603
261,0.39478374,0.40618128,0.5912334,0.8976681
262,0.3808607,0.37547228,0.53019243,0.77917624
263,0.15750442,0.20886639,0.4305922,0.8551172
264,0.24306336,0.34969813,0.37779653,0.78724223
265,0.47806695,0.5128058,0.4504338,0.8419053
266,0.35397854,0.33031037,0.3949057,0.80691016
267,0.3589238,0.40975708,0.3303813,0.7247603
268,0.35688388,0.41850388,0.48922193,0.678632
269,0.15512206,0.13080701,0.41174185,0.7707336
270,0.086373284,0.057309207,0.33337933,0.77905774
271,0.23940723,0.32058275,0.2924381,0.74981016
272,0.096534155,0.07172546,0.43950424,0.7937686
273,0.10164112,0.099240065,0.49986738,0.87501776
274,0.12515898,0.1396348,0.55418026,0.9486941
275,0.17300428,0.12105221,0.62680393,0.963397
276,0.20288852,0.17048056,0.8184478,1.0492306
277,0.37472892,0.4979951,0.60443777,0.862262
278,0.29579735,0.53990066,0.41455436,0.8825028
279,0.480875,0.52125084,0.31610873,0.63724875
280,0.5095452,0.43741187,0.5340769,0.9018008
281,0.4019427,0.29741463,0.4973861,0.77243257
282,0.32735777,0.2817234,0.41254354,0.74236494
283,0.25631642,0.17877829,0.4259603,0.78250635
284,0.198403,0.11338371,0.3301577,0.74452
285,0.17297143,0.07052329,0.31220183,0.7381681
286,0.1754218,0.051698454,0.30573368,0.6308787
287,0.1735471,0.05161649,0.29074892,0.7367367
288,0.17221716,0.059403315,0.2804924,0.6690885
289,0.17482646,0.049403187,0.2582481,0.7159991
290,0.18052305,0.06679463,0.24979168,0.6750704
291,0.1873196,0.06422895,0.25123876,0.600003
292,0.19806181,0.067002535,0.24518839,0.53822863
293,0.24142401,0.068313286,0.2800055,0.48091477
294,0.22824472,0.47856173,0.2753423,0.49661884
295,0.26386452,0.5034734,0.3762792,0.5893316
296,0.14077397,0.12672505,0.47932684,0.81999755
297,0.104167126,0.14122066,0.4477688,0.6256523
298,0.24283805,0.27808276,0.24559641,0.59479976
299,0.3203732,0.5245727,0.22128579,0.60908926
300,0.35050863,0.50938374,0.14422308,0.5720288
301,0.45800632,0.64928293,0.15938938,0.7369309
302,0.09036505,0.27424872,0.22032024,0.51061517
303,0.39023906,0.3235443,0.39472187,0.3774646
304,0.1936141,0.40914807,0.34686783,0.38641092
305,0.4679761,0.5817833,0.28885517,0.5076345
306,0.31789103,0.5387318,0.19300024,0.55432916
307,0.45180357,0.6457717,0.43333948,0.5806298
308,0.21728386,0.23179069,0.34483418,0.6332288
309,0.15647995,0.17432788,0.19962537,0.60638404
310,0.20149858,0.12721004,0.17225337,0.61339986
311,0.18897644,0.2048655,0.21511072,0.65421796
312,0.27868402,0.3244256,0.28017813,0.73279464
313,0.20543213,0.42987487,0.6110226,0.71377915
314,0.34250906,0.54559475,0.42664087,0.7125515
315,0.32429942,0.6830661,0.45126855,0.83873147
316,0.35782298,0.61654806,0.48781022,0.86221087
317,0.2533064,0.37944874,0.26080114,0.81437653
318,0.30628926,0.38421342,0.4516516,0.6755711
319,0.31856093,0.29813936,0.44888914,0.6912582
320,0.23305723,0.17181036,0.48820674,0.75594395
321,0.33105266,0.32206902,0.5226207,0.78316057
322,0.2996444,0.57701945,0.5603929,0.8294636
323,0.3201861,0.5901419,0.5660887,0.80805933
324,0.30452374,0.49896768,0.55179083,0.7908702
325,0.106678925,0.19964233,0.41131806,0.74999547
326,0.1755227,0.117785655,0.39985633,0.6751311
327,0.21572702,0.101395436,0.37553984,0.6419612
328,0.19601247,0.1328458,0.42298025,0.6276798
329,0.14881714,0.108302094,0.481901,0.6274213
330,0.13612202,0.11927225,0.56859636,0.6580137
331,0.14241356,0.10424298,0.65213543,0.7781447
332,0.12178254,0.104947776,0.62724364,0.83849514
333,0.09646496,0.11296603,0.4695634,0.78534126
334,0.116186135,0.112475656,0.55447865,0.7587112
335,0.18761443,0.14521876,0.7654947,0.81545866
336,0.19215596,0.15132432,0.87318933,0.7856854
337,0.18139341,0.1083834,0.86318773,0.8037802
338,0.21442999,0.19265816,0.7135375,0.6698409
339,0.11152916,0.10689068,0.2074129,0.5938194
340,0.09681149,0.072359,0.269579,0.56132364
341,0.09160942,0.053650733,0.3192963,0.54174346
342,0.063106716,0.050127383,0.32156003,0.5139358
343,0.06566827,0.034918025,0.33004344,0.5360513
344,0.06256188,0.03664972,0.39124805,0.5787913
345,0.058623195,0.03265821,0.44185227,0.6301889
346,0.05950979,0.030793015,0.42144117,0.6243125
347,0.06333315,0.024435502,0.37112397,0.624051
348,0.064605445,0.027255422,0.3823328,0.62167597
349,0.3652796,0.47613168,0.41931164,0.68464446
350,0.3707484,0.60621655,0.4781185,0.74130875
351,0.36690158,0.38336703,0.77631545,0.84559757
352,0.28929657,0.29257524,0.44934437,0.7120303
353,0.25716588,0.30081397,0.5874344,0.8885727
354,0.41010833,0.5982956,0.38056475,0.91831917
355,0.36167955,0.527424,0.34466815,0.8884869
356,0.3260581,0.2520403,0.24864155,0.91802675
357,0.14695294,0.093216285,0.28979754,0.8057587
358,0.135036,0.15527683,0.29458252,0.7335019
359,0.13201667,0.22181937,0.3217274,0.7174582
360,0.13372903,0.2379673,0.337735,0.7480022
361,0.14487742,0.23152506,0.3332398,0.6931881
362,0.16476947,0.21488217,0.25883147,0.7446092
363,0.17082149,0.19102341,0.2792449,0.7386079
364,0.1380814,0.18886656,0.32586128,0.76299274
365,0.1252402,0.20788595,0.27342096,0.72392774
366,0.1257935,0.0525419,0.38276374,0.71920276
367,0.12069704,0.07431286,0.38614863,0.733495
368,0.09449992,0.124229774,0.35132444,0.7240031
369,0.111313775,0.13112539,0.3994876,0.74207604
370,0.17507756,0.24085295,0.59180117,0.6715702
371,0.4311921,0.6400044,0.6608765,0.8151769
372,0.40481386,0.47505167,0.31867522,0.70366186
373,0.48073477,0.35650453,0.41324905,0.75443894
374,0.36571282,0.21871978,0.392411,0.7694885
375,0.25600347,0.08927865,0.3474155,0.76280755
376,0.20980658,0.05128523,0.29569316,0.7658193
377,0.19749448,0.053484105,0.2565025,0.7847557
378,0.19552016,0.039345093,0.22596467,0.7453932
379,0.19619244,0.054085605,0.20479667,0.70371735
380,0.1967775,0.055364028,0.18964756,0.69098365
381,0.19607446,0.06255348,0.18318188,0.71212375
382,0.2005565,0.0651318,0.1866908,0.74932736
383,0.20320411,0.07517367,0.19373488,0.6964953
384,0.20407689,0.07129552,0.19887877,0.7318746
385,0.20337787,0.08287352,0.20123398,0.7301451
386,0.19852419,0.070741355,0.21246299,0.64080966
387,0.19682273,0.074894734,0.25011212,0.65458703
388,0.19786982,0.071292095,0.30207092,0.64192724
389,0.19889753,0.062346432,0.30790493,0.5787605
390,0.20005411,0.07847518,0.31149286,0.51237506
391,0.20172451,0.086118266,0.2996636,0.41405505
392,0.20744842,0.11003188,0.29901838,0.46497002
393,0.2069125,0.12287936,0.28859016,0.47448477
394,0.19949962,0.10806869,0.26578552,0.41312206
395,0.1932778,0.10297163,0.25939807,0.39941883
396,0.19025911,0.10547496,0.24843836,0.39391142
397,0.22191773,0.10066883,0.28129956,0.39154172
398,0.3103005,0.59580636,0.35152888,0.48855057
399,0.2960658,0.46418467,0.48304868,0.742853
400,0.21961279,0.23528777,0.44829917,0.60007113
401,0.25578037,0.21135877,0.56141114,0.65278894
402,0.23338585,0.15187323,0.38063613,0.7029911
403,0.24237981,0.08756115,0.22390133,0.68552685
404,0.22032383,0.10292389,0.175515,0.6459203
405,0.41535527,0.5220971,0.18335775,0.6293634
406,0.33664495,0.44061142,0.26787335,0.63410383
407,0.5065227,0.64461946,0.47700295,0.75761706
408,0.3075339,0.52994984,0.3584833,0.6078157
409,0.54016745,0.65035284,0.3562198,0.7147793
410,0.35978505,0.36219928,0.20190653,0.57068527
411,0.42400256,0.4510063,0.37901938,0.6740483
412,0.3086216,0.3656931,0.4759994,0.6340109
413,0.29722834,0.31415072,0.7061028,0.8978008
414,0.23172787,0.16741712,0.64483404,0.9231308
415,0.20859492,0.17686188,0.6105312,0.9333613
416,0.2743238,0.29084066,0.6927855,0.9841513
417,0.3710552,0.36911917,0.74510413,0.7979783
418,0.23670788,0.43023133,0.6042281,0.69791377
419,0.39546376,0.61967665,0.62019384,0.8276076
420,0.3667358,0.62523544,0.52562976,0.72924155
421,0.33475873,0.57718164,0.6493589,0.87472624
422,0.26770127,0.31455806,0.4563356,0.740473
423,0.17328654,0.15045108,0.49748445,0.73442376
424,0.27288714,0.25007004,0.51622087,0.85058963
425,0.35203058,0.63791996,0.5174967,0.7516984
426,0.3670348,0.5671246,0.5889584,0.85384023
427,0.2699494,0.45658168,0.47473395,0.7339208
428,0.143346,0.15270458,0.41764453,0.6460596
429,0.14648691,0.09289224,0.4298034,0.55854726
430,0.17452626,0.15609173,0.49073297,0.5021689
431,0.15356678,0.11075019,0.35877162,0.6453233
432,0.12151063,0.09171413,0.36291122,0.5866332
433,0.12461184,0.116947085,0.4782674,0.67869025
434,0.11649715,0.124898806,0.51473355,0.6873428
435,0.11430657,0.1270997,0.5919719,0.6644364
436,0.17201215,0.11321925,0.6226074,0.64281535
437,0.10853198,0.11303573,0.5340856,0.6688484
438,0.44164044,0.68990237,0.4766928,0.7860699
439,0.2285867,0.2852575,0.33942914,0.66506064
440,0.24246886,0.3780561,0.36293137,0.6631979
441,0.19020313,0.2597302,0.6769366,0.63126767
442,0.32481045,0.44919318,0.59962523,0.73817664
443,0.24715355,0.31423703,0.32062456,0.6606504
444,0.2875681,0.22203802,0.50433075,0.72472405
445,0.16118445,0.23542258,0.23516865,0.7609544
446,0.31050742,0.5131665,0.39474204,0.6882391
447,0.37728482,0.5688112,0.28999752,0.66363084
448,0.20903133,0.40018764,0.44093493,0.7861477
449,0.2897015,0.37768278,0.27943528,0.7033235
450,0.27543056,0.4199074,0.37360275,0.79017276
451,0.43070012,0.6055615,0.18991226,0.7584021
452,0.4737421,0.45833695,0.38668683,0.7634151
453,0.42328873,0.49531543,0.22272569,0.6746229
454,0.22755647,0.21113871,0.31484425,0.7925356
455,0.24720378,0.40516374,0.11850713,0.7077134
456,0.31431928,0.31551304,0.27394462,0.7097502
457,0.19774804,0.22157127,0.20037049,0.7282322
458,0.11683109,0.19938792,0.16519791,0.77787745
459,0.08053755,0.18352532,0.16539931,0.7424716
460,0.07932243,0.1838541,0.1704449,0.7415681
461,0.068581074,0.19399902,0.17375207,0.80396956
462,0.068165466,0.20180199,0.20349303,0.71495056
463,0.22763869,0.3467935,0.39103782,0.6832597
464,0.06638576,0.08788257,0.4497144,0.76638997
465,0.21029636,0.086232334,0.59055805,0.7217287
466,0.23770227,0.09644358,0.63479775,0.719821
467,0.23456454,0.09280252,0.629079,0.6760173
468,0.22810218,0.36655387,0.60077155,0.88805777
469,0.31538498,0.49513662,0.66623104,0.85012376
470,0.41397494,0.5452156,0.25432843,0.62622964
471,0.4289729,0.41666746,0.5226015,0.893707
472,0.44790107,0.29576293,0.39182776,0.8822402
473,0.33287463,0.16120254,0.34626007,0.7839583
474,0.2552588,0.1035888,0.3643527,0.71742946
475,0.22814354,0.13096982,0.35834783,0.7584318
476,0.22069094,0.1656559,0.40809667,0.7519533
477,0.21031228,0.09723374,0.43044966,0.73449445
478,0.20968252,0.053659342,0.41911542,0.7186513
479,0.20212479,0.048542853,0.42044902,0.70503485
480,0.1959118,0.0693733,0.39087918,0.7171501
481,0.18893926,0.06957659,0.36186698,0.680435
482,0.18969655,0.071502745,0.30316067,0.7072406
483,0.18891622,0.06926363,0.26964718,0.70705825
484,0.18970892,0.079973765,0.36322927,0.7390782
485,0.19024761,0.08538611,0.44554093,0.73625845
486,0.19096334,0.070295006,0.5002594,0.7323816
487,0.1928097,0.055855904,0.53284186,0.6708847
488,0.19333592,0.07117624,0.5704713,0.6905183
489,0.1929535,0.046243124,0.59981924,0.65411377
490,0.19391392,0.059999652,0.61639476,0.66933763
491,0.196656,0.071974054,0.5780647,0.73105043
492,0.19759285,0.06834297,0.5202256,0.649619
493,0.19317225,0.092582166,0.42440024,0.6502917
494,0.17936054,0.11441088,0.3460679,0.647297
495,0.16923535,0.12006153,0.37791705,0.6294693
496,0.1642075,0.04946607,0.3804416,0.5958241
497,0.207099,0.14019522,0.35565585,0.6348909
498,0.30135933,0.2250083,0.44045627,0.5429891
499,0.4532447,0.51156145,0.5890286,0.57716954
500,0.3092626,0.32130846,0.47007695,0.65131795
501,0.35457578,0.6536777,0.40117347,0.75430185
502,0.14859681,0.11197415,0.7186355,0.8242141
503,0.19025443,0.13920149,0.44091254,0.801224
504,0.13713583,0.1755233,0.21332812,0.6513164
505,0.20187104,0.19950928,0.18158352,0.62791944
506,0.474401,0.6428928,0.19245172,0.62120557
507,0.39013606,0.5050149,0.30141842,0.34230828
508,0.5251992,0.61581993,0.22304696,0.7140619
509,0.19505039,0.34362617,0.1663653,0.73765373
510,0.33614242,0.24636857,0.19849198,0.47784775
511,0.11368398,0.2876609,0.24551356,0.4012837
512,0.27176085,0.21365708,0.38191572,0.209831
513,0.22717388,0.24185589,0.3487234,0.25730622
514,0.42986172,0.40689585,0.3728597,0.36824462
515,0.30910552,0.5431078,0.44466949,0.43409806
516,0.44996047,0.5484126,0.2377606,0.5777368
517,0.33449727,0.52687854,0.5722499,0.52939904
518,0.4531657,0.6106144,0.24805886,0.532249
519,0.35951635,0.40007028,0.52811086,0.5782434
520,0.27218717,0.4742201,0.37793368,0.62554926
521,0.15614049,0.17846191,0.39715183,0.6871929
522,0.20047167,0.12674749,0.43210274,0.74065316
523,0.1868107,0.23220082,0.54000807,0.7587461
524,0.30480957,0.54350483,0.7049857,0.7168095
525,0.28955716,0.5526408,0.50699544,0.7432753
526,0.17000689,0.4698425,0.56768185,0.8656446
527,0.3391057,0.5963306,0.6784631,0.97052044
528,0.38830528,0.5574907,0.512369,0.7877321
529,0.27086323,0.28944522,0.44997206,0.80418706
530,0.29542425,0.23597121,0.57405865,0.7072853
531,0.31896478,0.24420077,0.5171685,0.70687413
532,0.36116716,0.6730525,0.4959435,0.8536926
533,0.3526122,0.6387355,0.4916488,0.84554255
534,0.2181133,0.41653383,0.441436,0.8119798
535,0.13484481,0.12884285,0.39388362,0.71688545
536,0.17534687,0.09757178,0.4315636,0.65623754
537,0.18896917,0.10810145,0.37753528,0.62905943
538,0.20239522,0.1205327,0.5563159,0.6698761
539,0.14285263,0.103178,0.4513553,0.59481233
540,0.1010505,0.096895814,0.4562176,0.55371636
541,0.10323091,0.11358073,0.56967014,0.6295848
542,0.10099657,0.10823637,0.6253311,0.6135076
543,0.11016704,0.120888576,0.6745621,0.769724
544,0.119078346,0.11214992,0.7172258,0.76926947
545,0.14476186,0.08791832,0.64438945,0.6934205
546,0.1540875,0.0913871,0.57795525,0.5850641
547,0.14776981,0.05871263,0.479216,0.5735452
548,0.10461161,0.06735161,0.435985,0.54163826
549,0.085621215,0.042794384,0.47383282,0.5766587
550,0.07278283,0.057241216,0.47462016,0.5654565
551,0.06574562,0.09612549,0.3918261,0.59922814
552,0.18223183,0.40136713,0.28489798,0.6523436
553,0.25121287,0.4910198,0.39719123,0.6929246
554,0.2762214,0.4390249,0.45490348,0.7723073
555,0.18266155,0.4015779,0.57102966,0.8459347
556,0.31889337,0.36896446,0.5814086,0.78770775
557,0.3523017,0.5321721,0.59294,0.8654026
558,0.47686952,0.6741062,0.5544373,0.93944025
559,0.54267895,0.55576843,0.5816923,0.955693
560,0.29753745,0.26017,0.5501665,0.9868236
561,0.16612662,0.20561229,0.5548607,0.93523836
562,0.20668057,0.26247972,0.3933938,0.9363501
563,0.1519324,0.14631128,0.34600878,0.8673479
564,0.11474826,0.12676625,0.4132947,0.8656316
565,0.25638098,0.22557987,0.4115916,0.85322547
566,0.2331683,0.18796538,0.53278273,0.9308065
567,0.20429046,0.2820122,0.43093616,0.8046115
568,0.20307402,0.23047765,0.41843557,0.8312102
569,0.19086856,0.14668106,0.33273065,0.84804714
570,0.4164793,0.36335796,0.34985954,0.85928
571,0.16725093,0.10242569,0.28313124,0.9166739
572,0.15993208,0.05350133,0.21806127,0.8853464
573,0.4134674,0.36698514,0.23803258,0.8387882
574,0.14247552,0.12813212,0.19625527,0.83765054
575,0.18238533,0.17175129,0.17528385,0.79933244
576,0.10553268,0.0879692,0.21040803,0.8514703
577,0.08145029,0.06151656,0.22506547,0.83724725
578,0.07685817,0.12779546,0.25618964,0.8029082
579,0.18069738,0.18996787,0.5146961,0.83694035
580,0.4389076,0.43180788,0.8435403,0.84862757
581,0.24264863,0.52982956,0.5191144,0.96772933
582,0.43954885,0.55346584,0.37152135,0.85881394
583,0.478548,0.3930432,0.37122566,0.8030746
584,0.34842065,0.3532436,0.49962893,0.89335126
585,0.32496157,0.23209321,0.3743353,0.9425945
586,0.2556588,0.15072623,0.43881583,0.8245336
587,0.20673338,0.09700717,0.5303767,0.758752
588,0.18151411,0.064533286,0.52283317,0.7441358
589,0.15931852,0.047497917,0.47691694,0.7182239
590,0.15888582,0.041539192,0.4183234,0.6950479
591,0.18011457,0.05351975,0.4732929,0.59823567
592,0.20772897,0.07414767,0.41677037,0.6079598
593,0.24312788,0.36162707,0.33386612,0.5986187
594,0.33070555,0.56159973,0.2508993,0.75408137
595,0.31846458,0.4460295,0.67591584,0.9077273
596,0.43953407,0.56764174,0.6642103,0.74890405
597,0.21708733,0.4107954,0.64586794,0.8586424
598,0.32391083,0.5223191,0.6207638,0.8534911
599,0.31003729,0.2404705,0.52710354,0.82231605
600,0.25575036,0.2845987,0.3975169,0.74891114
601,0.23182398,0.14093629,0.2743259,0.7072617
602,0.2806644,0.19301358,0.28202027,0.72837543
603,0.3011253,0.2207996,0.28713268,0.6947549
604,0.29219526,0.2016375,0.32249576,0.6612655
605,0.23957011,0.18074344,0.3514334,0.6558496
606,0.28713778,0.30490145,0.41637787,0.7080375
607,0.23862202,0.13560197,0.3534868,0.7191013
608,0.28077483,0.5750518,0.3050421,0.7513981
609,0.3423773,0.60900253,0.584808,0.87220705
610,0.40099528,0.49714056,0.46420118,0.8146368
611,0.1463641,0.26059243,0.57159865,0.8068124
612,0.11803764,0.30504206,0.343885,0.76544017
613,0.1354785,0.14076428,0.29842377,0.80349183
614,0.30994612,0.3134916,0.41335085,0.7870326
615,0.271877,0.20660077,0.49541074,0.80401826
616,0.22446948,0.1522016,0.5032786,0.7958925
617,0.34541243,0.3926957,0.6368029,0.8549076
618,0.358833,0.3959417,0.5566139,0.79580665
619,0.36496142,0.6579648,0.43308616,0.7711698
620,0.22714198,0.18655579,0.51965994,0.80885446
621,0.25948474,0.10956053,0.6001268,0.79767174
622,0.25258705,0.07137518,0.59493357,0.7819753
623,0.22599292,0.08446931,0.514616,0.7762333
624,0.17911871,0.12340112,0.47489062,0.6658248
625,0.16039863,0.15081894,0.460801,0.68261313
626,0.29485276,0.25018018,0.45551103,0.6552263
627,0.3198591,0.4935376,0.68456024,0.7570786
628,0.32227394,0.5800861,0.50234973,0.72223026
629,0.31808475,0.5127372,0.59962857,0.69685435
630,0.14058635,0.29321617,0.4636331,0.6136294
631,0.2006113,0.29948884,0.5078823,0.56149656
632,0.34316978,0.35048935,0.61608315,0.4956381
633,0.3815459,0.37961873,0.69491696,0.58363914
634,0.2421549,0.17904691,0.72667694,0.6198003
635,0.2504356,0.28918788,0.37071627,0.70677716
636,0.2017966,0.21389386,0.3822924,0.6373286
637,0.334674,0.28584024,0.39768904,0.68739235
638,0.32473078,0.31721142,0.30901146,0.711624
639,0.56379783,0.60219175,0.4555628,0.73471373
640,0.40527186,0.5867417,0.38923743,0.62535256
641,0.20487581,0.42783806,0.41363728,0.7819896
642,0.10473913,0.12279366,0.22432846,0.71774685
643,0.15805535,0.13292748,0.33105695,0.75506836
644,0.1191517,0.07747956,0.3544767,0.71290237
645,0.42827326,0.49695852,0.29934037,0.7654031
646,0.48765126,0.535605,0.18391049,0.6887964
647,0.4299742,0.40601623,0.24741012,0.72938234
648,0.19371575,0.21018597,0.30499113,0.752466
649,0.1162211,0.06953967,0.30792445,0.69870245
650,0.12254953,0.0809971,0.35278988,0.75440025
651,0.12799054,0.07645345,0.41906428,0.69321215
652,0.20243508,0.3003912,0.5827224,0.760392
653,0.4718168,0.53386265,0.7002576,0.85607755
654,0.43564793,0.54593056,0.49310687,0.8221798
655,0.22299442,0.2980705,0.57222867,0.82153344
656,0.16726491,0.23144773,0.44342408,0.7431783
657,0.20292917,0.18256296,0.47972324,0.7863859
658,0.3066927,0.33698025,0.30593902,0.6844193
659,0.31079462,0.30185604,0.42240477,0.7675616
660,0.22985011,0.1661519,0.33589572,0.77248317
661,0.13556276,0.14245316,0.2557577,0.7595217
662,0.24724463,0.3914747,0.30867928,0.7815499
663,0.18520129,0.087143846,0.54353577,0.7864829
664,0.25080183,0.2273985,0.6637583,0.7410989
665,0.24427997,0.27875996,0.631281,0.74160135
666,0.08753224,0.21012229,0.49794883,0.8535302
667,0.30196688,0.15560947,0.516147,0.66092736
668,0.35943037,0.1999013,0.57807136,0.63151747
669,0.0696224,0.18469289,0.25847977,0.5870484
670,0.28198475,0.43291262,0.117455035,0.24857286
671,0.42607278,0.559195,0.2258217,0.5253275
672,0.4235078,0.4125669,0.56989616,0.89974755
673,0.40269417,0.4063106,0.48998407,0.8420507
674,0.3399819,0.39570218,0.4466111,0.8600745
675,0.26575595,0.092704386,0.25505286,0.712417
676,0.2172316,0.18005288,0.27346185,0.62874436
677,0.24138063,0.29692695,0.17973326,0.47168612
678,0.3192094,0.2959013,0.3475672,0.659269
679,0.25401676,0.1670086,0.32471225,0.6097586
680,0.17415275,0.098539956,0.30613625,0.64492524
681,0.15382738,0.063659854,0.28565612,0.67726266
682,0.15700042,0.065903604,0.28856227,0.57430595
683,0.17371917,0.073730946,0.27795577,0.53508586
684,0.187208,0.061933253,0.2695018,0.4675492
685,0.40461913,0.45684215,0.18206821,0.39644605
686,0.37576586,0.57758355,0.43280008,0.66589266
687,0.31628788,0.42403975,0.4600298,0.7080452
688,0.27240503,0.3406756,0.38448504,0.6180589
689,0.3433266,0.3788502,0.4051911,0.7920684
690,0.26133013,0.2697572,0.3496286,0.76841563
691,0.217516,0.17776628,0.25517517,0.69367546
692,0.15580395,0.16179352,0.36019278,0.6152574
693,0.4446131,0.62403774,0.3108331,0.5281761
694,0.31137544,0.40544644,0.34824905,0.6293325
695,0.51011455,0.45222148,0.5519757,0.73351026
696,0.5272969,0.5938936,0.38019317,0.69347996
697,0.16511649,0.36432192,0.22297394,0.5377654
698,0.2732554,0.2544464,0.38860655,0.47056285
699,0.2908514,0.2343221,0.43477994,0.51341033
700,0.30299073,0.35052922,0.4860791,0.5282103
701,0.35595113,0.44199544,0.33718884,0.5799959
702,0.16936928,0.22089222,0.20907836,0.6455941
703,0.2359175,0.29321468,0.1507904,0.61988986
704,0.23010515,0.13259336,0.22483599,0.592865
705,0.19899188,0.22010301,0.21959454,0.6535959
706,0.29677954,0.3220272,0.3878128,0.74871886
707,0.19731301,0.40265706,0.6872227,0.7215128
708,0.42781502,0.6594908,0.5053607,0.8832562
709,0.34094197,0.6852208,0.53733945,0.89857054
710,0.34626725,0.6582737,0.44373566,0.7863391
711,0.27240336,0.423562,0.5847985,0.7965239
712,0.24639784,0.17605172,0.43144596,0.78541744
713,0.20030826,0.21291186,0.39380914,0.7801364
714,0.14343457,0.099556945,0.54181945,0.8270664
715,0.2793399,0.2494534,0.5170152,0.7744716
716,0.3844081,0.6768641,0.47515512,0.79894227
717,0.35617375,0.62716454,0.5347359,0.81037205
718,0.20356087,0.36684644,0.52393866,0.80999434
719,0.1094204,0.14463396,0.4038946,0.7672428
720,0.19032288,0.1258683,0.36862493,0.67036366
721,0.19428101,0.121112175,0.36397398,0.6985185
722,0.16425973,0.116956405,0.35212773,0.6699773
723,0.12992188,0.09507073,0.35289544,0.69833034
724,0.1114837,0.0969286,0.35452777,0.66837955
725,0.091356486,0.095219195,0.32881224,0.6584954
726,0.06665169,0.10379746,0.3563788,0.67725974
727,0.061444685,0.10489938,0.37980276,0.6662156
728,0.121312395,0.17257401,0.5107378,0.657367
729,0.1599461,0.3485127,0.5300833,0.70946836
730,0.21449484,0.26774988,0.5807365,0.6849071
731,0.35718116,0.27610418,0.71231806,0.6979755
732,0.19655226,0.38872448,0.6546664,0.6829481
733,0.3236065,0.3848072,0.32833466,0.5032602
734,0.15780605,0.08045916,0.4426573,0.61140335
735,0.38209736,0.5776192,0.5161377,0.5803723
736,0.094663285,0.049302448,0.60963655,0.8577919
737,0.1814971,0.2716801,0.6472757,0.8133499
738,0.36532375,0.4187065,0.6318223,0.81902015
739,0.26756856,0.3552784,0.9600136,1.0063503
740,0.4022674,0.61543506,0.7820651,0.668169
741,0.45603967,0.5305439,0.61701447,0.80837744
742,0.3831907,0.6115152,0.30961394,0.5613606
743,0.4711132,0.5539908,0.3696331,0.7754464
744,0.3671739,0.3549846,0.73970383,0.866036
745,0.4054173,0.45708692,0.5324874,0.8981004
746,0.43033203,0.5215035,0.49228498,0.902184
747,0.16163048,0.25406057,0.47686526,0.8352168
748,0.26155964,0.24646159,0.50197023,0.7953436
749,0.46309102,0.5125249,0.6594981,0.76701266
750,0.33982462,0.32436112,0.6481326,0.7418217
751,0.28705978,0.5986454,0.6859014,0.83021355
752,0.16994923,0.18573092,0.61942255,0.98483914
753,0.34377027,0.44301668,0.5023029,0.8697312
754,0.30718905,0.29004002,0.43146682,0.7368106
755,0.29686242,0.40993246,0.46760118,0.74148524
756,0.43789774,0.747235,0.5351249,0.93785256
757,0.39049053,0.6273453,0.39811975,0.9174949
758,0.23359564,0.39891315,0.45224768,0.90741587
759,0.18908876,0.178299,0.42386135,0.90942645
760,0.2748682,0.12305939,0.40920478,0.8837707
761,0.2591101,0.173474,0.32227537,0.8598359
762,0.24055225,0.17989181,0.28402513,0.9081811
763,0.22039504,0.18449374,0.2933799,0.80633587
764,0.28435665,0.29946455,0.20563757,0.756378
765,0.22327957,0.20346197,0.30771413,0.7577383
766,0.35240412,0.31900874,0.5378564,0.68332374
767,0.2839525,0.37644234,0.37368065,0.6933747
768,0.33504078,0.61715084,0.34209698,0.8664724
769,0.31717527,0.5135013,0.46283707,0.91361415
770,0.22755869,0.33689806,0.49130696,0.95480704
771,0.10066035,0.11125056,0.37994462,0.8670962
772,0.10877989,0.082954586,0.31260246,0.84001654
773,0.13242432,0.0712757,0.27475667,0.79616356
774,0.22470723,0.08335975,0.34720522,0.81298757
775,0.23295255,0.088290766,0.28336748,0.78523034
776,0.23089862,0.40068543,0.24791312,0.78549707
777,0.39006746,0.4486751,0.21106419,0.76097727
778,0.36701187,0.2706078,0.3779822,0.74744165
779,0.33712882,0.37222365,0.51792276,0.7591059
780,0.35410592,0.6422577,0.4014355,0.706999
781,0.188375,0.34104213,0.4428611,0.7399652
782,0.17196298,0.103555955,0.48607355,0.7619488
783,0.1971177,0.09462356,0.4894132,0.76678234
784,0.22523557,0.09250554,0.517804,0.7906332
785,0.22675419,0.09758215,0.52912116,0.7773943
786,0.21764337,0.10076479,0.5077435,0.7024563
787,0.20692264,0.12026908,0.520683,0.68873036
788,0.16906443,0.112663426,0.4771622,0.6375812
789,0.31597865,0.2501904,0.6720865,0.6650493
790,0.3860625,0.5556596,0.688796,0.7190226
791,0.33199212,0.5587871,0.68809825,0.76635987
792,0.31151205,0.47167864,0.50488526,0.6304073
793,0.11826581,0.19532812,0.46905872,0.61587256
794,0.112748966,0.120662875,0.5025869,0.6030866
795,0.24503727,0.25364625,0.65071267,0.5938394
796,0.13216428,0.11651014,0.70978785,0.6873529
797,0.12229239,0.102513395,0.70187783,0.84662414
798,0.21259367,0.13941215,0.8520464,0.82263184
799,0.21170273,0.14001857,0.8721484,0.7794377
800,0.21205743,0.14461215,0.8534063,0.7388191
801,0.117807694,0.08521597,0.5530735,0.5749213
802,0.09480602,0.06631988,0.31383958,0.5536656
803,0.11989823,0.07016838,0.34675014,0.5958091
804,0.088742666,0.12450904,0.39608413,0.5421318
805,0.13726078,0.36932418,0.41522476,0.6322024
806,0.23786697,0.48515853,0.4083261,0.6613925
807,0.27787995,0.4779688,0.47881758,0.7528078
808,0.22436634,0.36327845,0.51815724,0.84224904
809,0.27463305,0.33008587,0.357486,0.7130625
810,0.15999791,0.2055223,0.44700897,0.6891842
811,0.5260495,0.64057755,0.40364194,0.7108794
812,0.4773928,0.4924668,0.30407834,0.76115423
813,0.41252047,0.4014599,0.42209345,0.7854981
814,0.44054234,0.47566232,0.6233325,0.8638882
815,0.43277878,0.4395531,0.47100538,0.8427721
816,0.3715719,0.3026681,0.5706791,0.78865814
817,0.4052282,0.5933966,0.62329537,0.8058919
818,0.3685875,0.3308812,0.39476603,0.8549116
819,0.118446976,0.21766004,0.35559827,0.8052678
820,0.3813816,0.41156048,0.3546403,0.74737364
821,0.17914444,0.16463101,0.3888489,0.7625191
822,0.15594903,0.16407406,0.36879975,0.7082226
823,0.3740296,0.376697,0.2453179,0.77149093
824,0.13065548,0.1285608,0.22980237,0.8179006
825,0.22978488,0.2591103,0.26608112,0.742732
826,0.0893299,0.042918198,0.3571953,0.7679022
827,0.093403764,0.06784743,0.36868423,0.7719953
828,0.10825634,0.079997316,0.40524843,0.8398999
829,0.115429774,0.08842732,0.4652267,0.9392415
830,0.081346005,0.118374966,0.5701271,0.9709021
831,0.38093418,0.49993166,0.5504091,0.9744028
832,0.2695879,0.55149776,0.44215703,0.830136
833,0.47049263,0.5473056,0.38378143,0.6695845
834,0.49899065,0.40963835,0.4931779,0.84088576
835,0.3804382,0.30839172,0.45507607,0.8241983
836,0.32737315,0.25571218,0.35744035,0.7466603
837,0.24851263,0.16723199,0.42828006,0.70246136
838,0.19276927,0.105203144,0.3744293,0.71750474
839,0.1705115,0.07163642,0.34805316,0.79779494
840,0.17498608,0.061040424,0.30486208,0.7167464
841,0.17279135,0.038439475,0.28718823,0.71330833
842,0.17486677,0.05047079,0.2751223,0.67769206
843,0.18307304,0.06223692,0.24946633,0.6034136
844,0.18739343,0.06571612,0.24277669,0.64587486
845,0.19389589,0.06656907,0.26122284,0.57836854
846,0.20389444,0.07210707,0.28405967,0.5204822
847,0.25668088,0.4370849,0.33353922,0.47944912
848,0.31045106,0.5415117,0.40286094,0.6590718
849,0.19190685,0.17995828,0.7047453,0.92902815
850,0.14180118,0.163996,0.520003,0.6303134
851,0.34817222,0.41190523,0.27653885,0.66495144
852,0.23350312,0.44833118,0.21208379,0.6185622
853,0.35086435,0.52340287,0.18909544,0.68694395
854,0.4886008,0.61686397,0.2177574,0.7339535
855,0.20678616,0.39490053,0.27496704,0.6087272
856,0.47599748,0.5119551,0.25023717,0.5492447
857,0.23922673,0.45561537,0.37658498,0.4585191
858,0.47434407,0.5822926,0.31084728,0.43393296
859,0.25487724,0.44632155,0.320943,0.6018021
860,0.44322893,0.5893783,0.43866095,0.6826273
861,0.23370625,0.25252652,0.2652246,0.52064574
862,0.18479389,0.20393093,0.17154014,0.54874253
863,0.19853145,0.1281128,0.18013066,0.53933024
864,0.18402082,0.1977611,0.14698619,0.6329797
865,0.2798183,0.32052067,0.2606458,0.6911224
866,0.21457659,0.29046217,0.5289813,0.6957663
867,0.14515884,0.28222948,0.358856,0.6915741
868,0.28005302,0.65084267,0.35856152,0.88274145
869,0.36826253,0.5902649,0.3152608,0.8409118
870,0.25522423,0.36472297,0.3254122,0.79936075
871,0.13328081,0.12952045,0.41774553,0.79413974
872,0.2802609,0.37277755,0.6181616,0.7378644
873,0.31230915,0.33339015,0.5338969,0.6715685
874,0.24883807,0.22111365,0.60478854,0.67326
875,0.24891992,0.16419038,0.536533,0.7090577
876,0.24015246,0.12934858,0.4836457,0.71698
877,0.20656204,0.12079715,0.45281184,0.7288098
878,0.14428802,0.15665093,0.51618946,0.74121773
879,0.1556422,0.107554205,0.38782507,0.757504
880,0.26117092,0.28547275,0.40850306,0.7534675
881,0.36587626,0.6197537,0.5234046,0.7641527
882,0.36076134,0.58593684,0.6240492,0.73687494
883,0.19577788,0.32543057,0.48353088,0.7477723
884,0.12413525,0.11909363,0.36554974,0.6573596
885,0.14632197,0.104683116,0.48112103,0.656592
886,0.1451643,0.14021598,0.3970496,0.58480126
887,0.112422094,0.097895294,0.4821105,0.5790458
888,0.11431147,0.09795028,0.6490854,0.66967535
889,0.11060984,0.112250075,0.70797455,0.725297
890,0.12338728,0.11228719,0.7964376,0.77661574
891,0.10135045,0.08816999,0.7143848,0.7241488
892,0.16855043,0.09216962,0.63606936,0.636479
893,0.1605545,0.077293746,0.5534632,0.52817214
894,0.13848637,0.08082111,0.4364067,0.48057914
895,0.12689032,0.06839678,0.29131684,0.5336846
896,0.07766491,0.07210536,0.28255513,0.53316283
897,0.073635936,0.0567204,0.3304662,0.5329255
898,0.06153658,0.04138664,0.3972249,0.543918
899,0.06151129,0.050956726,0.44717225,0.58902407
900,0.06704234,0.042513113,0.4420546,0.57026166
901,0.077407755,0.01863164,0.42479476,0.6262282
902,0.4184949,0.4104771,0.49499774,0.6753485
903,0.33759123,0.57896364,0.3982926,0.7246662
904,0.24945356,0.44314104,0.41970468,0.7613155
905,0.3238686,0.36146134,0.35816476,0.6990256
906,0.284535,0.2705485,0.6029196,0.7501563
907,0.5418594,0.49638596,0.44016272,0.66078293
908,0.38580108,0.54670894,0.6999855,0.92566186
909,0.43949392,0.5307357,0.21507168,0.8243269
910,0.35605934,0.41822162,0.25423354,0.8135277
911,0.109717935,0.073397666,0.26062202,0.87044233
912,0.12512743,0.11505351,0.29973626,0.8153345
913,0.12807225,0.18212421,0.33071607,0.76577467
914,0.13072756,0.20669678,0.345726,0.7218717
915,0.1293212,0.20054807,0.33512127,0.7118858
916,0.13424473,0.20126852,0.33279037,0.7092176
917,0.13440898,0.17747425,0.34565777,0.70777065
918,0.13045117,0.18139619,0.37551248,0.7475701
919,0.24492148,0.33060464,0.34390333,0.6673195
920,0.13227479,0.07774539,0.4778349,0.80726695
921,0.13595586,0.03196783,0.5100844,0.8149111
922,0.12700088,0.046396114,0.49041295,0.7986518
923,0.09927228,0.070041925,0.5081834,0.830727
924,0.09927125,0.16949463,0.35165858,0.76696306
925,0.22058435,0.2655584,0.585976,0.81073576
926,0.41048893,0.59298706,0.41072902,0.72757524
927,0.41839746,0.51542103,0.47579154,0.79404265
928,0.46839803,0.3492065,0.4179814,0.84838194
929,0.36068267,0.18009835,0.33790004,0.7725895
930,0.26654634,0.13643128,0.31497312,0.78659314
931,0.22287707,0.091567814,0.2707163,0.7968766
932,0.20897007,0.049886398,0.23675281,0.7408339
933,0.20122656,0.049614206,0.23235945,0.71652746
934,0.19553536,0.053412296,0.23080538,0.68384457
935,0.1936955,0.05137698,0.21201923,0.7363891
936,0.1917351,0.059492208,0.18808943,0.7783642
937,0.19257727,0.074447796,0.1939432,0.68559515
938,0.19518557,0.07225116,0.197608,0.7494796
939,0.19435313,0.06400495,0.19194072,0.67359555
940,0.19182612,0.059848335,0.23618582,0.72592753
941,0.19252512,0.06904303,0.29754695,0.63860476
942,0.19322369,0.08683149,0.3315805,0.6214917
943,0.19370238,0.08485528,0.31446114,0.57007384
944,0.19380496,0.08208251,0.30030984,0.50577784
945,0.19558261,0.08627254,0.2922996,0.46707118
946,0.20083292,0.096681625,0.2935288,0.39671403
947,0.20569281,0.11459118,0.29062846,0.39441836
948,0.19614884,0.110877946,0.26590285,0.40114275
949,0.19238281,0.10380032,0.25332835,0.34485358
950,0.19027098,0.09658517,0.24465352,0.3258749
951,0.2233535,0.10076606,0.30217895,0.42593923
952,0.37086478,0.64410263,0.42587188,0.4576671
953,0.20109461,0.24976982,0.36686197,0.6972443
954,0.25730762,0.24301001,0.53409904,0.6671982
955,0.22929738,0.17547382,0.51760155,0.5881446
956,0.23384668,0.121368,0.3729058,0.6420272
957,0.24068479,0.07793466,0.2652369,0.6869084
958,0.22621495,0.12557352,0.17746443,0.6680231
959,0.41653466,0.5355419,0.1887898,0.57659817
960,0.34425014,0.44840497,0.31650072,0.6187873
961,0.5364127,0.6080835,0.44641846,0.755014
962,0.2663185,0.5147446,0.26993155,0.54427516
963,0.5714974,0.63211817,0.23560762,0.6566613
964,0.35114226,0.35637966,0.22069928,0.5787194
965,0.38861614,0.35709497,0.2869867,0.59847987
966,0.3272821,0.39560413,0.49106482,0.6016176
967,0.3161037,0.32061628,0.62751144,0.8554398
968,0.2537084,0.20985168,0.6566535,0.9575957
969,0.20429194,0.1653769,0.62902087,0.9775052
970,0.27154922,0.29753992,0.7439292,0.94626325
971,0.37479025,0.3954556,0.8315438,0.8245733
972,0.31266588,0.51451576,0.71481633,0.723328
973,0.34062132,0.598881,0.65239143,0.7375618
974,0.28309575,0.6338035,0.6189381,0.7714787
975,0.34280556,0.5667546,0.6550013,0.8349688
976,0.25835875,0.32322282,0.49404746,0.78068066
977,0.29537538,0.21578792,0.5662806,0.7866181
978,0.22935927,0.16717406,0.58132446,0.8433071
979,0.38415852,0.6710659,0.5364008,0.7573205
980,0.34301952,0.6062706,0.5054702,0.8746302
981,0.21796988,0.3738106,0.44632483,0.6899171
982,0.13693538,0.117069595,0.50118285,0.6087201
983,0.14465293,0.0862465,0.49520913,0.59771794
984,0.14343446,0.09964358,0.4443402,0.5596566
985,0.13071576,0.09074068,0.38785562,0.6235464
986,0.117490366,0.11013201,0.4880381,0.6507862
987,0.11328345,0.11668084,0.51736677,0.70123136
988,0.11524234,0.11404378,0.6221564,0.69433033
989,0.1235522,0.11888031,0.6682342,0.68880856
990,0.14940172,0.11312273,0.69034684,0.80865407
991,0.1831019,0.10454249,0.737602,0.8178787
992,0.37391877,0.5952556,0.5175723,0.7849238
993,0.38815868,0.5373796,0.35935214,0.71859837
994,0.17841527,0.3240766,0.6547523,0.74159133
995,0.27396423,0.40436265,0.65134513,0.68426275
996,0.19572777,0.2666339,0.2933125,0.62686867
997,0.28807542,0.28020835,0.44659147,0.69791245
998,0.11349836,0.07840517,0.42835566,0.6835052
999,0.123724386,0.21143636,0.42210913,0.65366346
1000,0.3187373,0.65068793,0.16969275,0.74486613
1001,0.36650804,0.5474515,0.7107261,0.90197134
1002,0.42100865,0.58196723,0.19806796,0.7227316
1003,0.49040458,0.54418397,0.45193937,0.8573459
1004,0.40758312,0.58395636,0.5974607,0.7213427
1005,0.31372333,0.46591106,0.5361731,0.7949877
1006,0.38748324,0.5955249,0.5876641,0.828865
1007,0.33200356,0.5086637,0.5655338,0.67326415
1008,0.20185894,0.5143495,0.34019762,0.6282531
1009,0.39668623,0.5590526,0.29999548,0.6624665
1010,0.51866156,0.58948195,0.50132835,0.6938229
1011,0.39074272,0.4293033,0.519161,0.89410853
1012,0.42006275,0.4656191,0.42342433,0.79314333
1013,0.37173456,0.5325045,0.61502796,0.90060997
1014,0.246818,0.38524574,0.6517323,0.9225724
1015,0.41726086,0.59648263,0.67747164,0.9026913
1016,0.2890719,0.54652435,0.81920797,0.919417
1017,0.32372007,0.6217318,0.73418826,0.9682461
1018,0.41416514,0.60504246,0.6411571,0.68532246
1019,0.35719582,0.61035776,0.49527115,0.8550488
1020,0.43645546,0.6367159,0.6860496,0.49642962
1021,0.29805946,0.43421468,0.59165406,0.67997086
1022,0.25862235,0.42092508,0.4384404,0.48681998
1023,0.15774179,0.29497802,0.48894012,0.4179157
1024,0.21497038,0.33027238,0.36966282,0.50173575
1025,0.2265616,0.20488964,0.40125638,0.3601582
1026,0.30766463,0.54183394,0.40838075,0.41426855
1027,0.3213458,0.42025527,0.37173402,0.5014476
1028,0.18651298,0.16179448,0.40100962,0.6036442
1029,0.20576362,0.333603,0.4283307,0.5982094
1030,0.28312445,0.34053943,0.23392655,0.4109143
1031,0.37537867,0.21919835,0.35958925,0.39062387
1032,0.2823168,0.20577566,0.19048315,0.49068943
1033,0.21757366,0.15772489,0.18690997,0.52065736
1034,0.16841795,0.19106925,0.17808378,0.43542248
1035,0.13700908,0.10269053,0.43868303,0.50236297
1036,0.13474448,0.058433384,0.5076076,0.41260064
1037,0.13801202,0.047099352,0.4880296,0.43015146
1038,0.14604652,0.050935924,0.43481827,0.4330956
1039,0.15370458,0.037044104,0.37884104,0.50667113
1040,0.13459851,0.04518571,0.23733431,0.56145364
1041,0.15316446,0.12645227,0.7971858,0.5340276
1042,0.101089306,0.06761745,0.3090159,0.30768114
1043,0.086247824,0.0449544,0.3139872,0.28415418
1044,0.101175874,0.04359769,0.38145554,0.39040652
1045,0.12779558,0.04256827,0.4175568,0.42577818
1046,0.14750704,0.04470621,0.3995636,0.41212133
1047,0.10437923,0.07592206,0.43280354,0.42223457
1048,0.119510464,0.108015835,0.4524954,0.42015547
1049,0.13001567,0.061172284,0.48647815,0.4840656
1050,0.13138807,0.06306829,0.49440718,0.41877973
1051,0.13410059,0.05101301,0.47818744,0.37478322
1052,0.13809781,0.079971954,0.45942134,0.37780574
1053,0.16074337,0.11602445,0.4289183,0.31979182
1054,0.116705835,0.3004454,0.32977325,0.42101026
1055,0.22990328,0.34291044,0.20317775,0.22426721
1056,0.38723838,0.62182444,0.094389886,0.6357085
1057,0.1648077,0.04542114,0.3249973,0.39510837
1058,0.1244841,0.03364749,0.1794362,0.5354933
1059,0.13751456,0.16336578,0.20940894,0.7085665
1060,0.48902196,0.65460396,0.30916834,0.82910085
1061,0.49364832,0.45538577,0.37516496,0.9251162
1062,0.37841892,0.27027875,0.35594675,0.9393901
1063,0.19990757,0.08007285,0.28092572,0.92131215
1064,0.12706101,0.054033447,0.23662092,0.9283854
1065,0.112325914,0.06383564,0.189284,0.7858353
1066,0.12068097,0.10810679,0.17274773,0.815698
1067,0.11973844,0.12839326,0.18929487,0.8248635
1068,0.11790197,0.09364045,0.19719526,0.803617
1069,0.11712523,0.108461715,0.21758033,0.77147293
1070,0.1153824,0.10251109,0.24830975,0.81331205
1071,0.11497976,0.08881033,0.30142972,0.7790431
1072,0.11404434,0.11236775,0.35318965,0.7561667
1073,0.11278013,0.08719087,0.36884683,0.76688325
1074,0.111017294,0.08056544,0.38209772,0.78192186
1075,0.10447074,0.10094093,0.374247,0.7099038
1076,0.1350188,0.29569,0.3161993,0.65849876
1077,0.23135157,0.09254919,0.30378821,0.7536607
1078,0.09743777,0.06018504,0.27668384,0.7532448
1079,0.08799242,0.13660459,0.28120285,0.6612202
1080,0.08569485,0.09809157,0.3019439,0.6618361
1081,0.14589407,0.06355683,0.29615378,0.7014185
1082,0.09989602,0.07124567,0.2322492,0.5630572
1083,0.0609262,0.0691883,0.20632124,0.46504942
1084,0.10375003,0.06646615,0.21598458,0.39492178
1085,0.4144152,0.5482571,0.46811476,0.52884024
1086,0.31889567,0.556769,0.29879588,0.47558194
1087,0.23275349,0.54694617,0.3292902,0.7710313
1088,0.28724232,0.09249845,0.2468319,0.35877994
1089,0.12998623,0.37440056,0.29157054,0.3884325
1090,0.16804299,0.43341258,0.27708912,0.85537195
1091,0.34528157,0.11129208,0.18924856,0.49003437
1092,0.13899417,0.2575104,0.22058105,0.37653095
1093,0.4851885,0.41315383,0.24152869,0.33448055
1094,0.13556734,0.35004556,0.34378773,0.58059394
1095,0.38297573,0.48928073,0.22309554,0.336915
1096,0.24599738,0.09089375,0.2250765,0.47763458
1097,0.16973715,0.0845977,0.22207564,0.56800306
1098,0.10770017,0.0753176,0.2109605,0.59496784
1099,0.106949046,0.09317166,0.24062365,0.695873
1100,0.1227418,0.14424087,0.29184002,0.59202385
1101,0.10520744,0.12888299,0.29727924,0.6170968
1102,0.18660973,0.10585618,0.44281062,0.6673189
1103,0.40588373,0.61342,0.47317007,0.7086847
1104,0.37821913,0.4913176,0.4668251,0.8550167
1105,0.31314853,0.39452785,0.523291,0.86193216
1106,0.16097578,0.17648871,0.3893323,0.82988095
1107,0.06121394,0.057345312,0.45712525,0.80475354
1108,0.06739887,0.04827557,0.4315731,0.8122909
1109,0.114650816,0.043398067,0.51923317,0.8148928
1110,0.18803255,0.20034873,0.41046688,0.7597948
1111,0.106496386,0.16695598,0.28620166,0.77624273
1112,0.08701767,0.07912237,0.2828279,0.6974441
1113,0.09926821,0.04918376,0.2954992,0.5913635
1114,0.10216327,0.048159618,0.30212116,0.54449236
1115,0.103286795,0.08336659,0.29933196,0.52433026
1116,0.102044396,0.073514074,0.29221505,0.49994683
1117,0.111557424,0.11281608,0.27683598,0.4914306
1118,0.12994088,0.14009178,0.31831315,0.46689725
1119,0.12659375,0.11851221,0.3633184,0.44228002
1120,0.12341246,0.15212093,0.3256734,0.45012057
1121,0.11023456,0.15371725,0.27840203,0.43496957
1122,0.12465356,0.19001184,0.25964355,0.47115785
1123,0.120210275,0.17584325,0.2653907,0.5856128
1124,0.19649746,0.2357714,0.5750824,0.721708
1125,0.2720539,0.3132915,0.9008185,0.8453961
1126,0.2316315,0.31700355,0.34526843,0.70516616
1127,0.1960033,0.23452428,0.6131995,0.534624
1128,0.14111115,0.10726695,0.36710745,0.59442973
1129,0.21370396,0.44157898,0.4768254,0.68745166
1130,0.38953304,0.58509505,0.641185,0.7606331
1131,0.14983639,0.10733808,0.66469866,0.9207053
1132,0.14395374,0.08226975,0.6840501,0.8800461
1133,0.18376747,0.13860446,0.58422023,0.85645866
1134,0.20010501,0.2971934,0.4625434,0.81767
1135,0.5023498,0.55880356,0.26214248,0.81066877
1136,0.3652438,0.28443882,0.16781348,0.7178381
1137,0.12905297,0.043712594,0.19928432,0.70810425
1138,0.11699994,0.16009125,0.1878931,0.6270963
1139,0.12457288,0.21636093,0.16848433,0.6495024
1140,0.12447662,0.23561005,0.15131325,0.62948906
1141,0.14589272,0.21316439,0.10539943,0.6465074
1142,0.15688056,0.24132833,0.077297926,0.59516346
1143,0.15646261,0.22558016,0.07450831,0.69401824
1144,0.11805348,0.20017509,0.13725561,0.6343849
1145,0.073013715,0.11040796,0.20352578,0.7682762
1146,0.09189879,0.1364521,0.2637986,0.6939779
1147,0.08287833,0.13831668,0.23615082,0.5959597
1148,0.13107873,0.1010717,0.30446255,0.37483513
1149,0.44546145,0.61469,0.58877563,0.5875094
1150,0.3222733,0.616415,0.31651503,0.7830875
1151,0.15253465,0.2940496,0.37953308,0.59240115
1152,0.12902,0.40218624,0.22617748,0.63065904
1153,0.29268667,0.08114059,0.2857715,0.49231276
1154,0.13684206,0.038074244,0.16372132,0.40190765
1155,0.1948662,0.065708324,0.10894312,0.33904046
1156,0.14169651,0.26242554,0.3015394,0.3054495
1157,0.20749542,0.109923154,0.2292242,0.356332
1158,0.33803818,0.57621646,0.32576022,0.32843137
1159,0.39565155,0.6457085,0.3012251,0.5367563
1160,0.1280295,0.1580011,0.3907165,0.6560701
1161,0.25113893,0.24907583,0.45242402,0.6332561
1162,0.22043793,0.29402858,0.49035412,0.44559196
1163,0.37266928,0.5725342,0.5761291,0.848177
1164,0.4526277,0.56931645,0.31699494,0.6268496
1165,0.5030291,0.48119855,0.39165634,0.51549876
1166,0.38066617,0.41076642,0.35490268,0.6087527
1167,0.11546257,0.10298204,0.16449934,0.40270928
1168,0.32007855,0.2748817,0.16786647,0.35141763
1169,0.26672283,0.18539758,0.16482031,0.6061546
1170,0.20134747,0.10787754,0.23937726,0.6672904
1171,0.1689314,0.053879242,0.2648579,0.72835153
1172,0.13905336,0.07221961,0.26146406,0.7148473
1173,0.13278696,0.043741703,0.32028225,0.6850022
1174,0.13985169,0.061346393,0.33193755,0.7258018
1175,0.14763068,0.072885826,0.3359362,0.71274954
1176,0.1470966,0.06934667,0.32506543,0.64049447
1177,0.14317112,0.06776799,0.2877276,0.70085746
1178,0.14948347,0.083700195,0.24575302,0.564132
1179,0.1583006,0.10313134,0.25632638,0.60931945
1180,0.17018288,0.10475401,0.25637126,0.517084
1181,0.17635441,0.11618231,0.25577408,0.5670147
1182,0.17721255,0.11050208,0.25482845,0.5462453
1183,0.17818978,0.11379432,0.25051624,0.5958731
1184,0.17999268,0.1213017,0.24838477,0.5188146
1185,0.18076448,0.11305061,0.24663293,0.5369221
1186,0.18334275,0.10568255,0.2479468,0.55158514
1187,0.18517618,0.11263287,0.25330353,0.55568427
1188,0.1880482,0.099643916,0.26403517,0.5004012
1189,0.33782077,0.42642182,0.42563277,0.6352148
1190,0.3545995,0.5223233,0.30798542,0.6678127
1191,0.27214226,0.47347316,0.46648663,0.8390793
1192,0.24545917,0.31923848,0.30724436,0.6019956
1193,0.20089233,0.177252,0.19834536,0.5383262
1194,0.2349515,0.20591791,0.20749262,0.37802613
1195,0.29616487,0.33552504,0.21149194,0.3693008
1196,0.32462493,0.46165305,0.39792445,0.51988757
1197,0.43933967,0.478964,0.45502657,0.6658194
1198,0.3957767,0.53446275,0.49707168,0.6021092
1199,0.31232634,0.26250905,0.46685988,0.54575056
1200,0.32044128,0.36036426,0.36530602,0.6518126
1201,0.30376226,0.35759118,0.22524804,0.6154227
1202,0.43648854,0.49640456,0.2703832,0.7122187
1203,0.38825813,0.65199417,0.42446002,0.6820488
1204,0.4258463,0.6561016,0.52446437,0.8149103
1205,0.35110223,0.62686056,0.540545,0.72886175
1206,0.45545068,0.5979606,0.36424655,0.81421393
1207,0.3267454,0.5899214,0.8062282,0.6513402
1208,0.4099366,0.60992706,0.36221144,0.78209704
1209,0.21011703,0.41980827,0.695961,0.7178282
1210,0.3989125,0.52520144,0.6341434,0.7389414
1211,0.37091288,0.37724486,0.4809219,0.74176633
1212,0.23739435,0.2597062,0.49796054,0.7404622
1213,0.19234611,0.15880075,0.51339424,0.753427
1214,0.1762873,0.19738066,0.59133446,0.738703
1215,0.3786269,0.5788982,0.7813486,0.7392169
1216,0.3571001,0.60550666,0.5980407,0.7705616
1217,0.2884219,0.4438384,0.510433,0.9854041
1218,0.32581797,0.68076605,0.5245724,0.7571786
1219,0.44629458,0.6215185,0.37520328,0.7950989
1220,0.33203962,0.35061184,0.53656554,0.83136225
1221,0.23922546,0.23962483,0.61559856,0.7696419
1222,0.2146787,0.44927433,0.6348363,0.7519102
1223,0.36129636,0.6203567,0.5408875,0.81435865
1224,0.3503136,0.57920474,0.54168886,0.8525417
1225,0.1341511,0.28984708,0.5046052,0.83546555
1226,0.12470555,0.11227822,0.43553823,0.8417596
1227,0.17687483,0.101099364,0.40482438,0.77677655
1228,0.17239882,0.11796175,0.44073588,0.7695258
1229,0.14173937,0.10313385,0.36787605,0.77156055
1230,0.11655843,0.109628685,0.336523,0.7006092
1231,0.15932359,0.11142757,0.4491046,0.6713021
1232,0.096190676,0.10402337,0.4038142,0.79656315
1233,0.10380885,0.31217223,0.44616067,0.7596513
1234,0.32241917,0.36832005,0.6527705,0.57925457
1235,0.38603222,0.4856513,0.43251702,0.6767353
1236,0.34335443,0.5568775,0.7921102,0.71135795
1237,0.39641628,0.42057046,0.34852654,0.62804365
1238,0.5239897,0.5964883,0.3402756,0.8051294
1239,0.26321265,0.477042,0.45821124,0.74360883
1240,0.41715324,0.5379917,0.34677327,0.6095497
1241,0.34804145,0.5296496,0.49110234,0.7268323
1242,0.30242148,0.48712605,0.34719023,0.7248592
1243,0.2669535,0.4545157,0.34700212,0.55331707
1244,0.4207105,0.4545573,0.34268862,0.6291261
1245,0.07554188,0.11879148,0.35469186,0.6575507
1246,0.082900524,0.040852632,0.42792168,0.6476486
1247,0.077263445,0.23263575,0.25009698,0.662407
1248,0.28044966,0.53820497,0.37021464,0.6785784
1249,0.33171207,0.5016119,0.5355755,0.7093468
1250,0.3143853,0.30300218,0.6329509,0.85750484
1251,0.4055523,0.40566882,0.38627714,0.77653325
1252,0.37085855,0.3912359,0.7839832,0.95790255
1253,0.4788978,0.62481457,0.4798214,0.9236374
1254,0.40090147,0.4139935,0.28406876,0.96014977
1255,0.38943672,0.4844927,0.30135915,0.90360147
1256,0.114391536,0.051996253,0.2748972,0.9099124
1257,0.1265725,0.12794521,0.29990572,0.808498
1258,0.16158234,0.20972693,0.34303266,0.7457626
1259,0.1922721,0.23088393,0.36228883,0.7828104
1260,0.1630244,0.17736778,0.31123763,0.73646414
1261,0.17297024,0.20147933,0.28626233,0.7038641
1262,0.17042947,0.17588592,0.2532556,0.71220684
1263,0.1635322,0.17349258,0.17364675,0.6979122
1264,0.3495256,0.3615514,0.1335699,0.776475
1265,0.094894044,0.09163751,0.26919162,0.7573313
1266,0.08783277,0.08127722,0.2825419,0.78211623
1267,0.11017851,0.092860594,0.31848693,0.91884625
1268,0.12174054,0.11897969,0.40119374,0.9336252
1269,0.09815446,0.13149703,0.39974803,0.85152495
1270,0.20317109,0.25565317,0.43511838,0.86723787
1271,0.22636694,0.4110822,0.49247602,0.89379185
1272,0.39604908,0.5681921,0.24672174,0.9214579
1273,0.46281862,0.4592868,0.37334207,0.72187364
1274,0.42989683,0.28942746,0.38443384,0.72050774
1275,0.26753926,0.17659374,0.3450452,0.7439665
1276,0.19476429,0.10908624,0.29074544,0.76523626
1277,0.17331466,0.05963781,0.26123416,0.72191834
1278,0.17355153,0.04208361,0.23869824,0.77289367
1279,0.17936704,0.044355407,0.21969694,0.73895735
1280,0.18296672,0.035801046,0.20473373,0.79773134
1281,0.18887919,0.036277413,0.2019735,0.71927667
1282,0.19744286,0.057186846,0.19687545,0.72645384
1283,0.2066313,0.045670345,0.19000983,0.719922
1284,0.21059178,0.07411107,0.17173266,0.68905324
1285,0.20855519,0.06739145,0.16640797,0.6889722
1286,0.20527036,0.057078507,0.18415725,0.54869795
1287,0.21073386,0.07688708,0.23073646,0.4786187
1288,0.21932179,0.08380232,0.28979695,0.41182348
1289,0.2162261,0.09428188,0.30267042,0.53332067
1290,0.20455563,0.10701167,0.30498984,0.58769375
1291,0.38088912,0.48613885,0.30677125,0.52707356
1292,0.31061986,0.564379,0.27448136,0.36332443
1293,0.32637802,0.40321636,0.21493644,0.558581
1294,0.3292078,0.26672658,0.23234859,0.75627655
1295,0.2497665,0.1894655,0.352402,0.645278
1296,0.32973054,0.5014945,0.17362861,0.57839763
1297,0.32564503,0.48347816,0.18695365,0.5935544
1298,0.4997524,0.63100123,0.24093091,0.6149231
1299,0.25334546,0.4736144,0.30621544,0.5042602
1300,0.5219354,0.5842057,0.2914622,0.5099143
1301,0.27879888,0.5306429,0.3247531,0.44624537
1302,0.49301618,0.6361722,0.3411019,0.4811089
1303,0.25388104,0.47478396,0.3053698,0.5653099
1304,0.4679869,0.6256687,0.3817007,0.64515024
1305,0.2253805,0.26556262,0.2880389,0.61231875
1306,0.30173627,0.4067901,0.32452336,0.51523983
1307,0.16031492,0.15020277,0.14695174,0.5371042
1308,0.18997906,0.12468238,0.17534167,0.584746
1309,0.1778326,0.21948187,0.19290537,0.62027293
1310,0.29901034,0.3265927,0.30084056,0.68921643
1311,0.24966383,0.4652574,0.5243126,0.7037611
1312,0.31654394,0.54310685,0.47396994,0.8111287
1313,0.3015606,0.6396384,0.5212225,0.85684526
1314,0.34772503,0.56789815,0.5445168,0.8439426
1315,0.16981003,0.31351453,0.2673055,0.80526185
1316,0.28991133,0.36632553,0.33561683,0.73457193
1317,0.32898393,0.2569899,0.3816945,0.697909
1318,0.23456427,0.20223321,0.5452433,0.8044374
1319,0.30689627,0.3000275,0.48559085,0.74072945
1320,0.36946294,0.6535077,0.5177474,0.7896961
1321,0.34521383,0.607514,0.5608001,0.8019787
1322,0.21019517,0.37131834,0.52066565,0.8116283
1323,0.10762807,0.11866367,0.36658323,0.71794885
1324,0.17101085,0.11857852,0.37968707,0.62566864
1325,0.17557652,0.12790003,0.35935742,0.6884692
1326,0.13933396,0.10838914,0.34232044,0.6044848
1327,0.09848936,0.11317047,0.29994166,0.637552
1328,0.08409751,0.10391615,0.24526995,0.68427104
1329,0.077926606,0.09708705,0.23567998,0.6979423
1330,0.14642239,0.12851411,0.2595201,0.6747745
1331,0.15202312,0.12605043,0.4224216,0.69492286
1332,0.07263003,0.112112775,0.5816612,0.6550864
1333,0.121713735,0.094038315,0.55737716,0.637779
1334,0.1811069,0.08812675,0.52934796,0.5590025
1335,0.15531784,0.094691046,0.555889,0.55128837
1336,0.13220626,0.08681204,0.48988807,0.4996669
1337,0.10286688,0.06477878,0.3458625,0.43728092
1338,0.07072909,0.05003933,0.2392968,0.47979388
1339,0.07155048,0.06302802,0.29205066,0.49259296
1340,0.08216535,0.05747693,0.35205877,0.516353
1341,0.082853936,0.038642578,0.42501113,0.5315366
1342,0.3709373,0.3379683,0.39588824,0.6033093
1343,0.3186429,0.4331832,0.37027127,0.6232189
1344,0.20087,0.38533399,0.34804565,0.74215996
1345,0.13699788,0.13855988,0.4969821,0.727201
1346,0.10291797,0.19539618,0.42887396,0.7401948
1347,0.23522615,0.37555775,0.43130785,0.71305424
1348,0.35042262,0.4226236,0.80041003,0.8362639
1349,0.4334278,0.37414512,0.5646919,0.58721757
1350,0.22190872,0.1902869,0.4256795,0.8187243
1351,0.36274463,0.4725729,0.4111925,0.83103037
1352,0.40860686,0.5366003,0.416684,0.8249585
1353,0.31353474,0.27918327,0.30260274,0.8295381
1354,0.11966266,0.065050684,0.3022378,0.76519716
1355,0.12946668,0.12810111,0.31290627,0.74504656
1356,0.13163184,0.18339883,0.32683092,0.7123247
1357,0.13282338,0.19739677,0.32892942,0.693642
1358,0.13016076,0.17091319,0.3364488,0.6549183
1359,0.13723674,0.18340461,0.24565709,0.5976529
1360,0.14441854,0.19481274,0.292696,0.6891744
1361,0.11372193,0.17898382,0.26691756,0.6599283
1362,0.16469237,0.26955298,0.23070878,0.6986575
1363,0.11597669,0.07072613,0.35684323,0.73707324
1364,0.110167466,0.08044151,0.3310248,0.69966483
1365,0.07687252,0.085822344,0.27183124,0.7367823
1366,0.08727717,0.09590285,0.31695443,0.7219646
1367,0.12897182,0.17609608,0.4955816,0.64724636
1368,0.40645522,0.6127005,0.6721835,0.71613127
1369,0.40916774,0.49854004,0.23598394,0.5858383
1370,0.46745932,0.38888806,0.38609803,0.7068173
1371,0.36995077,0.21452396,0.37557316,0.6913529
1372,0.26289052,0.10490133,0.3363834,0.7561132
1373,0.21442194,0.041999295,0.28422093,0.80128515
1374,0.1993883,0.036591467,0.2509539,0.7479559
1375,0.2004311,0.036282763,0.22755009,0.6638442
1376,0.2033099,0.039993603,0.20778012,0.75627244
1377,0.20462126,0.058338746,0.21975216,0.67199165
1378,0.20229916,0.078710705,0.20383942,0.78762335
1379,0.20007785,0.069601476,0.17928158,0.7035347
1380,0.20055796,0.06826663,0.16919672,0.73386014
1381,0.2012348,0.04554808,0.17530954,0.690171
1382,0.203302,0.06889397,0.17900032,0.66384387
1383,0.20323716,0.06771435,0.17848855,0.7275387
1384,0.20386823,0.081645995,0.1910823,0.74951077
1385,0.20344968,0.06859302,0.2550754,0.660486
1386,0.2006226,0.07388979,0.29333282,0.62956244
1387,0.19841637,0.07866948,0.30440736,0.5642147
1388,0.19306976,0.08465707,0.30030465,0.5118923
1389,0.19239643,0.08199519,0.30334234,0.48345518
1390,0.19600023,0.10194049,0.30818677,0.40109044
1391,0.20071758,0.10693169,0.3272046,0.35115227
1392,0.19841398,0.10649804,0.3347832,0.38032556
1393,0.19240609,0.11353132,0.33390838,0.35968232
1394,0.18832581,0.1168662,0.31548727,0.36056945
1395,0.18589823,0.10624012,0.29785374,0.35504332
1396,0.18194734,0.09698752,0.2775663,0.32039744
1397,0.18194656,0.09642964,0.26641494,0.3257828
1398,0.18815926,0.08952547,0.32091442,0.4130165
1399,0.41164753,0.68618107,0.42742702,0.56212234
1400,0.18272448,0.2529132,0.44700214,0.7367503
1401,0.25140175,0.45832893,0.5344771,0.7961528
1402,0.35903555,0.5745253,0.3072601,0.6492555
1403,0.23394056,0.36197484,0.54452634,0.68576455
1404,0.43324488,0.5872143,0.3552245,0.71696824
1405,0.25898615,0.2008023,0.52998775,0.6662729
1406,0.25065595,0.22573985,0.33542705,0.68555164
1407,0.24962088,0.08220818,0.30628574,0.608687
1408,0.31487146,0.40259865,0.21079874,0.4608483
1409,0.38431317,0.5030542,0.30334955,0.64108706
1410,0.50348735,0.60602474,0.5572957,0.73501396
1411,0.17234989,0.22665443,0.5802728,0.7277874
1412,0.28629392,0.32876244,0.44212404,0.67324424
1413,0.3877117,0.3975133,0.33353162,0.7475318
1414,0.46625593,0.582112,0.33489954,0.6547239
1415,0.32647893,0.43495664,0.20465457,0.6621109
1416,0.39524877,0.6022934,0.28034943,0.73919976
1417,0.23076703,0.20296478,0.2670848,0.69231
1418,0.21079367,0.16021311,0.27336136,0.6990104
1419,0.20175557,0.19210263,0.31533855,0.67853135
1420,0.29481325,0.36130846,0.41366172,0.6493346
1421,0.23403223,0.2550388,0.3708302,0.6201983
1422,0.20025441,0.18056485,0.2971999,0.6386088
1423,0.28997588,0.3168991,0.35293266,0.6712164
1424,0.20670938,0.09356277,0.5758821,0.6862317
1425,0.39420053,0.6414735,0.54537165,0.8246262
1426,0.286726,0.65932596,0.48956683,0.79619235
1427,0.332753,0.60992104,0.61731464,0.77621615
1428,0.23586266,0.40327564,0.48701757,0.73625314
1429,0.21567647,0.14105582,0.35485712,0.7735182
1430,0.19537653,0.11861954,0.35740244,0.7529027
1431,0.184209,0.20557484,0.4821862,0.74831915
1432,0.28699434,0.28291082,0.5225198,0.6949124
1433,0.2475042,0.5038794,0.578444,0.74204016
1434,0.34271637,0.6426022,0.47718066,0.7823961
1435,0.34191683,0.5478803,0.550048,0.8279332
1436,0.12116869,0.26970524,0.49741685,0.74094176
1437,0.12695813,0.12827882,0.372949,0.68681043
1438,0.18611261,0.10561138,0.3781981,0.70363617
1439,0.17451522,0.14673857,0.38218635,0.67122114
1440,0.14477912,0.11855372,0.3613475,0.6182382
1441,0.11264697,0.09689133,0.36422038,0.5892181
1442,0.100932166,0.07830931,0.3427034,0.6035164
1443,0.07482512,0.08540399,0.32584924,0.73611504
1444,0.06071824,0.090024605,0.367328,0.70619094
1445,0.09667041,0.12170164,0.48180896,0.7150882
1446,0.14729354,0.11544139,0.5115828,0.7478475
1447,0.2026409,0.41257977,0.5386315,0.7197775
1448,0.27989277,0.3322517,0.45991346,0.5904984
1449,0.38288787,0.42744905,0.53580886,0.5261909
1450,0.3414055,0.41781002,0.40261897,0.49239296
1451,0.47957808,0.5576962,0.51749045,0.788991
1452,0.36910266,0.5334901,0.5252247,0.6598547
1453,0.45056263,0.6004683,0.6922083,0.87081856
1454,0.39847836,0.6290356,0.52800345,0.6460552
1455,0.31430733,0.3713177,0.6990953,0.79743767
1456,0.3128541,0.3476147,0.62116015,0.8107174
1457,0.31150022,0.48220754,0.74845624,0.7438272
1458,0.34443593,0.56915534,0.70844764,0.8049892
1459,0.26767373,0.21980023,0.82064474,0.85062736
1460,0.19174343,0.13850415,0.59171444,0.85622394
1461,0.2140637,0.20137274,0.5205288,0.81876105
1462,0.20282413,0.2877839,0.620782,0.84293437
1463,0.5472173,0.6826088,0.40491664,0.7581084
1464,0.49778435,0.5072293,0.5023373,0.86066157
1465,0.18155546,0.06680539,0.29627874,0.77926743
1466,0.094358616,0.14752953,0.294374,0.8106355
1467,0.1108308,0.21834944,0.32702547,0.7082155
1468,0.11572206,0.3326629,0.3648615,0.6688645
1469,0.13115081,0.30972776,0.3287522,0.63799614
1470,0.15904377,0.2965919,0.3078483,0.6479817
1471,0.18587163,0.29423028,0.28315115,0.64877963
1472,0.23525095,0.30760384,0.24660578,0.6007111
1473,0.097047985,0.066377,0.41907853,0.6744436
1474,0.12594686,0.23517771,0.26286846,0.55857867
1475,0.3275862,0.4099766,0.1791524,0.3266276
1476,0.42506158,0.5386578,0.27885494,0.5402122
1477,0.4325474,0.46422958,0.4395154,0.89007366
1478,0.4065714,0.44871396,0.4522252,0.84923404
1479,0.35258055,0.37179446,0.33392763,0.740986
1480,0.34044474,0.25350446,0.5086494,0.7730262
1481,0.2663406,0.16713934,0.45453835,0.7179482
1482,0.20515229,0.09230616,0.41877007,0.70746535
1483,0.1651336,0.061416663,0.35053897,0.74079037
1484,0.15165043,0.057398174,0.31908616,0.6612777
1485,0.1536212,0.05506971,0.29981887,0.65693134
1486,0.46386075,0.6126694,0.3964298,0.7276333
1487,0.33140278,0.4366563,0.4501983,0.5366576
1488,0.196267,0.14752449,0.24774545,0.6561258
1489,0.28092653,0.23691913,0.3070691,0.722528
1490,0.3331881,0.35042056,0.25616783,0.6264715
1491,0.27668107,0.48069963,0.36073333,0.65050644
1492,0.37012643,0.5457597,0.21037014,0.5016507
1493,0.5018983,0.64094615,0.26950222,0.7365489
1494,0.1379737,0.29611534,0.17157334,0.46789664
1495,0.40272874,0.36896515,0.43739012,0.6001792
1496,0.22110493,0.22191744,0.3845206,0.7016998
1497,0.27749205,0.24964136,0.47991806,0.71561605
1498,0.2981883,0.25647855,0.5172701,0.6615359
1499,0.19593269,0.22681986,0.5311266,0.561404
1500,0.26739,0.3603662,0.31327116,0.5829073
1501,0.22423387,0.24539357,0.22065318,0.62040186
1502,0.21775943,0.25095975,0.2518388,0.6549029
1503,0.30884013,0.33268568,0.31447792,0.70837444
1504,0.21648751,0.40390313,0.61290306,0.7749753
1505,0.34620047,0.64515287,0.40557173,0.8040956
1506,0.2842398,0.64786124,0.5448079,0.9403765
1507,0.35371143,0.61116236,0.4519716,0.8120216
1508,0.39896163,0.37974527,0.73272896,0.7730479
1509,0.2590565,0.20717378,0.47860047,0.70141333
1510,0.20097668,0.19915193,0.41891187,0.71546483
1511,0.30427542,0.2879383,0.56931806,0.7899574
1512,0.26504606,0.49144068,0.59684896,0.78771913
1513,0.3411913,0.65046716,0.5490216,0.8064086
1514,0.34069687,0.5707164,0.5702211,0.79209614
1515,0.12790024,0.27822366,0.47579992,0.73149717
1516,0.1475007,0.13323781,0.4128353,0.81773823
1517,0.21465854,0.17970167,0.38421333,0.7203016
1518,0.20506941,0.13828829,0.34898192,0.6361176
1519,0.19051096,0.17905885,0.35666865,0.5894067
1520,0.15520659,0.15355344,0.33292407,0.6167699
1521,0.105751805,0.098348804,0.32412994,0.7710055
1522,0.08986771,0.112082385,0.3994608,0.8161231
1523,0.07522729,0.10408257,0.41882324,0.74920756
1524,0.06464593,0.1039582,0.4148301,0.7182634
1525,0.1422393,0.20081455,0.48280394,0.7230317
1526,0.15226817,0.20400828,0.47095108,0.7730513
1527,0.122389294,0.1250301,0.5104617,0.75237
1528,0.13300887,0.11783232,0.61545324,0.74486434
1529,0.16253182,0.13800533,0.7059398,0.70212
1530,0.27105856,0.25312006,0.6602209,0.67533284
1531,0.40351668,0.4229953,0.3675573,0.5317818
1532,0.49998906,0.5184646,0.563357,0.80492944
1533,0.22182953,0.27559605,0.56477237,0.74801195
1534,0.27622756,0.24346247,0.5648831,0.8545102
1535,0.31744087,0.2727218,0.554214,0.71956635
1536,0.2488831,0.39153135,0.56266046,0.8235332
1537,0.3916072,0.6485607,0.5377355,0.7570532
1538,0.34021086,0.34702167,0.70175165,0.84576094
1539,0.25652,0.41943863,0.73640555,0.9022824
1540,0.2775893,0.30690777,0.67560893,0.8880009
1541,0.23833832,0.28388762,0.46214342,0.71297485
1542,0.39859974,0.59432995,0.49252024,0.8579982
1543,0.43858296,0.6681545,0.55410135,0.8745208
1544,0.49827957,0.4680936,0.45942512,0.77385503
1545,0.47873282,0.5576128,0.3151065,0.8171187
1546,0.24393158,0.35323584,0.27225518,0.87481153
1547,0.2590662,0.2817444,0.33156872,0.7841605
1548,0.17332871,0.207085,0.32693958,0.7682119
1549,0.09103534,0.260058,0.38098466,0.7407297
1550,0.08842577,0.25445652,0.35245326,0.6985612
1551,0.10151619,0.25373518,0.22027844,0.74943435
1552,0.11428031,0.2293846,0.22696012,0.6975118
1553,0.12845004,0.24132648,0.23663819,0.69719434
1554,0.23664671,0.3079029,0.42814416,0.7152835
1555,0.0752095,0.112258874,0.4814488,0.8058075
1556,0.28635186,0.1274786,0.61045146,0.8157808
1557,0.19947806,0.10265808,0.42019588,0.6300843
1558,0.34700146,0.5047685,0.5096369,0.66694003
1559,0.42093593,0.55852306,0.13046879,0.29979214
1560,0.43591836,0.43591785,0.499354,0.62423503
1561,0.4399818,0.44053364,0.59265196,0.9153208
1562,0.35069865,0.4143394,0.5049732,0.8095306
1563,0.25950435,0.26704594,0.42071438,0.801599
1564,0.22184059,0.06736743,0.24485356,0.7217769
1565,0.21452224,0.17964537,0.24409986,0.576435
1566,0.25855076,0.34008262,0.18480112,0.48904318
1567,0.32392293,0.27410838,0.34685844,0.6297187
1568,0.25284192,0.17267856,0.32246214,0.6467706
1569,0.17410088,0.10137339,0.31696004,0.6296581
1570,0.14775267,0.056997996,0.2798955,0.63352674
1571,0.15961848,0.08107897,0.2731332,0.5702338
1572,0.17260773,0.057159055,0.27217877,0.54069924
1573,0.18349378,0.06660758,0.26737314,0.42427784
1574,0.19623482,0.08420865,0.26715466,0.3277189
1575,0.30316418,0.4179761,0.20933065,0.3908876
1576,0.4184107,0.6648413,0.2582249,0.5906526
1577,0.217781,0.3036201,0.40529177,0.66580725
1578,0.19775575,0.10720451,0.40671518,0.66999286
1579,0.22232239,0.0876008,0.39376926,0.6805027
1580,0.23107325,0.06777227,0.2950561,0.65932035
1581,0.21331838,0.15605858,0.17201404,0.6455772
1582,0.30615422,0.44305056,0.24854898,0.5666851
1583,0.3916645,0.5499291,0.24664,0.58671606
1584,0.41357586,0.5307181,0.46493626,0.7096964
1585,0.3323119,0.39316744,0.38383615,0.66649336
1586,0.43715295,0.40001088,0.2916142,0.75928724
1587,0.20221822,0.19681646,0.274283,0.5749277
1588,0.26477438,0.31650954,0.32651612,0.596058
1589,0.28733045,0.24955222,0.3315435,0.55616
1590,0.28133333,0.27244985,0.29592872,0.5649734
1591,0.4229389,0.5256516,0.22897151,0.6222154
1592,0.18866001,0.1897394,0.14964724,0.61125624
1593,0.15951258,0.16202278,0.16656435,0.6384431
1594,0.232379,0.2458476,0.16962317,0.6475372
1595,0.22359851,0.16792138,0.24030274,0.6389011
1596,0.19549033,0.23051287,0.24343127,0.6562706
1597,0.32230932,0.36050585,0.38591608,0.73020256
1598,0.26968947,0.46909082,0.6504469,0.8066827
1599,0.31388915,0.6370634,0.44146872,0.8098816
1600,0.33563238,0.6267362,0.5029894,0.864698
1601,0.31807983,0.58469474,0.46768427,0.7384751
1602,0.25929022,0.32883406,0.5222715,0.705423
1603,0.21961014,0.1537277,0.3894346,0.7357662
1604,0.1891474,0.22001697,0.44668886,0.7292137
1605,0.23558249,0.22980632,0.5916493,0.733792
1606,0.25774765,0.37480155,0.63012576,0.72005117
1607,0.3584012,0.64426017,0.4845688,0.86151063
1608,0.35438645,0.57878137,0.5486249,0.81225693
1609,0.1639106,0.3091056,0.49149892,0.78627807
1610,0.10974527,0.1231791,0.3693909,0.75569427
1611,0.18482791,0.1209235,0.36088318,0.72785366
1612,0.17874193,0.11059937,0.36786896,0.68832934
1613,0.15062343,0.10277497,0.3535794,0.682024
1614,0.13200468,0.103201166,0.3599671,0.62947416
1615,0.11827503,0.09647304,0.35543966,0.6650964
1616,0.08974211,0.0878952,0.3632333,0.80108523
1617,0.0966106,0.15155934,0.36717004,0.672922
1618,0.105065115,0.09608813,0.43609136,0.7605984
1619,0.15033893,0.22263831,0.4310685,0.60929835
1620,0.09210313,0.27454183,0.5243492,0.6660458
1621,0.13996452,0.1572665,0.5693872,0.65869653
1622,0.2268098,0.121556684,0.6661691,0.67374873
1623,0.22479689,0.26115745,0.5771425,0.63354564
1624,0.32043052,0.2665236,0.33879012,0.5163223
1625,0.29707745,0.35327968,0.4862569,0.61653674
1626,0.23299316,0.17173387,0.6190587,0.8125555
1627,0.39029768,0.6520723,0.60365134,0.6746619
1628,0.25343227,0.31906182,0.94879615,0.88922113
1629,0.15545778,0.22407945,0.7641837,0.8404608
1630,0.18454343,0.16954975,0.78423023,0.84672964
1631,0.5050109,0.45749325,0.8318525,0.84329873
1632,0.44638392,0.6198908,1.0501854,1.002642
1633,0.4135144,0.35001045,0.36884737,0.7285321
1634,0.41575873,0.58711743,0.27747732,0.5760009
1635,0.46636537,0.4853165,0.2301057,0.63671285
1636,0.38093197,0.40431353,0.49843842,0.7884129
1637,0.34562647,0.3570455,0.5064906,0.8796119
1638,0.27306622,0.2549047,0.454717,0.8383108
1639,0.24887481,0.14943981,0.36906135,0.78693306
1640,0.18237238,0.09947803,0.41227555,0.73547584
1641,0.121503904,0.07521787,0.45507458,0.7115556
1642,0.10622339,0.08073571,0.5062846,0.7388929
1643,0.17193276,0.10551773,0.44413102,0.81902945
1644,0.20579228,0.5258825,0.4833687,0.8046273
1645,0.25913313,0.4651224,0.64202845,0.8681654
1646,0.36864606,0.5272632,0.53639555,0.89320654
1647,0.18472749,0.08577339,0.46367854,0.85764146
1648,0.3672598,0.49873018,0.43636125,0.7159812
1649,0.2552798,0.5438162,0.5582346,0.7780416
1650,0.3403864,0.6314525,0.30360937,0.88381
1651,0.37900332,0.6013229,0.21814117,0.8700766
1652,0.107886165,0.18543132,0.2938273,0.82229304
1653,0.19250973,0.07240534,0.2843722,0.81608176
1654,0.2031695,0.15967081,0.23357934,0.77230644
1655,0.18100709,0.19980362,0.26081276,0.6810218
1656,0.24623653,0.26244056,0.3048645,0.65762734
1657,0.32540753,0.38013548,0.2693506,0.5899409
1658,0.38169637,0.43381193,0.44709438,0.6567664
1659,0.43929094,0.5119269,0.6665375,0.63752747
1660,0.3621099,0.47575998,0.5623181,0.75155956
1661,0.32448658,0.60036457,0.5358459,0.86987203
1662,0.380168,0.5230946,0.5849167,0.8345678
1663,0.25660497,0.30317065,0.4407884,0.8501303
1664,0.089882456,0.27394134,0.32532117,0.8537428
1665,0.099328876,0.2506038,0.42295155,0.7415491
1666,0.24487117,0.4986557,0.4539749,0.76822186
1667,0.32490897,0.53443855,0.33985797,0.7711224
1668,0.2623866,0.556482,0.4712021,0.74356735
1669,0.31217244,0.3790803,0.49648792,0.66725236
1670,0.2778958,0.2676358,0.5092871,0.6727104
1671,0.23199748,0.19362518,0.50190103,0.7999344
1672,0.23194371,0.13749902,0.45544901,0.7141193
1673,0.21211497,0.12550457,0.48619297,0.72414494
1674,0.16065371,0.16161633,0.5732386,0.7778445
1675,0.15014908,0.103433445,0.39409834,0.7226328
1676,0.2598916,0.24681501,0.46063757,0.71457386
1677,0.37703732,0.632588,0.5327525,0.82178706
1678,0.34598684,0.59921575,0.7272766,0.7918336
1679,0.21723844,0.35344332,0.60347223,0.7465133
1680,0.12837833,0.13208853,0.4558676,0.6720701
1681,0.14833955,0.16537303,0.44068664,0.6821501
1682,0.20452103,0.23170328,0.39521968,0.5593827
1683,0.18037139,0.16357249,0.46477187,0.5757518
1684,0.09073171,0.078319624,0.3465473,0.77056146
1685,0.08141518,0.08417431,0.36271524,0.7102978
1686,0.06927202,0.09677841,0.40065458,0.8151269
1687,0.12406579,0.10161364,0.47945148,0.73125285
1688,0.16976812,0.18982139,0.6515697,0.69744897
1689,0.24789742,0.24771649,0.7006042,0.69661963
1690,0.2992228,0.3074749,0.5707775,0.5550717
1691,0.41678995,0.45624042,0.2838773,0.59134245
1692,0.3545247,0.336324,0.47514278,0.7571343
1693,0.26719165,0.39633712,0.5246303,0.85448617
1694,0.27508178,0.30523652,0.5075406,0.7095081
1695,0.2662998,0.34851593,0.4463024,0.5914144
1696,0.28446937,0.5554394,0.60405016,0.6710195
1697,0.2016836,0.39371565,0.60673594,0.6823317
1698,0.1299086,0.23876247,0.6287093,0.77352357
1699,0.15105376,0.30464333,0.64146566,0.8212892
1700,0.21802022,0.20745108,0.67493516,0.7475679
1701,0.3966347,0.68871784,0.70536274,0.96949476
1702,0.4105422,0.61293125,0.51035047,0.9103388
1703,0.4779113,0.46575513,0.40485358,0.8948593
1704,0.20399293,0.33577663,0.42147464,0.8879647
1705,0.42482033,0.40644667,0.49167147,0.9303357
1706,0.18778011,0.21269071,0.5129061,0.9564616
1707,0.18247128,0.24900597,0.3180964,0.8687775
1708,0.14562261,0.14595906,0.31857538,0.84239084
1709,0.2751899,0.25340313,0.43697417,0.81504107
1710,0.15222012,0.18954322,0.3760271,0.81601447
1711,0.17962825,0.16721173,0.41702622,0.8390018
1712,0.19458073,0.16844267,0.38346475,0.78674996
1713,0.30163527,0.23021445,0.35558355,0.8100556
1714,0.3068525,0.23848458,0.2808879,0.8739397
1715,0.1530122,0.0802364,0.24674416,0.9028324
1716,0.3469436,0.27849537,0.22509784,0.78463596
1717,0.12937762,0.07756624,0.20249122,0.7630751
1718,0.106172495,0.08177503,0.24744219,0.80645597
1719,0.08701206,0.093106784,0.28852504,0.82077193
1720,0.08092006,0.17751107,0.3545159,0.8087776
1721,0.16348952,0.1824355,0.28842324,0.6739914
1722,0.20538622,0.3483963,0.7340201,0.7926957
1723,0.46578777,0.52805233,0.20362616,0.8423929
1724,0.45057735,0.38018963,0.40602133,0.879145
1725,0.37028766,0.27378383,0.4266484,0.8078879
1726,0.24707597,0.1124583,0.46544218,0.758718
1727,0.18254575,0.056078203,0.4846456,0.7332535
1728,0.16237769,0.05143528,0.46842274,0.7619113
1729,0.15930374,0.059030898,0.4459796,0.76419896
1730,0.16524568,0.065068334,0.46661624,0.7054025
1731,0.17397517,0.04642962,0.45587403,0.6993911
1732,0.18480194,0.05118147,0.42647582,0.6353445
1733,0.21737632,0.45040876,0.32448915,0.65552384
1734,0.2955568,0.51767397,0.32950395,0.7278979
1735,0.35250777,0.47013366,0.54847616,0.9317283
1736,0.4322543,0.5420314,0.6346667,0.8466048
1737,0.19507234,0.22142142,0.6236948,0.8023525
1738,0.34944206,0.599033,0.69090724,0.8427713
1739,0.20812984,0.38828388,0.5478475,0.80198336
1740,0.07898559,0.09362405,0.38677657,0.7742718
1741,0.2221902,0.12049793,0.37663722,0.76215005
1742,0.2880246,0.17365438,0.34999305,0.84193635
1743,0.31123865,0.1840413,0.3082769,0.72135466
1744,0.28924268,0.24616899,0.34238642,0.6622728
1745,0.3669293,0.38689795,0.39370334,0.69525516
1746,0.30808863,0.2239325,0.4300351,0.7195232
1747,0.354281,0.71666324,0.34338322,0.8579788
1748,0.38382724,0.6078767,0.49869448,0.87258226
1749,0.29539648,0.4150526,0.39165097,0.7987129
1750,0.2684833,0.13180916,0.5465188,0.91566455
1751,0.15807177,0.18465629,0.5917391,0.96621734
1752,0.31774026,0.47147518,0.6331896,0.89491534
1753,0.36863422,0.37964323,0.6618187,0.90035605
1754,0.30439967,0.27300596,0.75113434,0.91591674
1755,0.25494736,0.18294224,0.7343989,0.9216691
1756,0.20670757,0.16851886,0.711454,0.8478306
1757,0.3306522,0.37903723,0.7042469,0.9445692
1758,0.33153647,0.39056012,0.6124493,0.8903536
1759,0.40795574,0.67782325,0.4926513,0.8447723
1760,0.18301038,0.19040091,0.6171328,0.85933167
1761,0.20389627,0.14003837,0.5875197,0.85844105
1762,0.22719,0.056143463,0.56937087,0.793682
1763,0.22094794,0.074558936,0.52667797,0.7756492
1764,0.19687513,0.07819476,0.47043982,0.77852136
1765,0.16729745,0.11676665,0.43882823,0.68536377
1766,0.19390517,0.13929726,0.3034562,0.6944894
1767,0.31306645,0.26160935,0.80023557,0.73583156
1768,0.40060604,0.6146797,0.4442488,0.7432664
1769,0.3228172,0.51879424,0.42671865,0.5630372
1770,0.24858782,0.40019846,0.40481824,0.4267851
1771,0.34136084,0.6255834,0.3440547,0.54392624
1772,0.17142974,0.3352814,0.17191261,0.605051
1773,0.12768559,0.08909252,0.24535125,0.89529294
1774,0.1614194,0.119385734,0.30040625,0.96985096
1775,0.4152659,0.34152776,0.740014,0.9128361
1776,0.36636633,0.45787773,0.5150602,0.8408001
1777,0.4732659,0.62332207,0.35465842,0.8641206
1778,0.3551204,0.3380033,0.25527388,0.7613627
1779,0.14660507,0.0842592,0.16582298,0.6563369
1780,0.15220475,0.21608014,0.14836937,0.65559375
1781,0.14977747,0.28069004,0.17605788,0.70397305
1782,0.14021581,0.25775576,0.23925006,0.5997555
1783,0.24328838,0.25381953,0.42672768,0.5794595
1784,0.38150734,0.4247638,0.61512935,0.6487753
1785,0.3039704,0.38716334,0.612313,0.8135206
1786,0.33461183,0.49412492,0.6393013,0.92063445
1787,0.2907564,0.40709496,0.75978345,0.77141625
1788,0.2129563,0.36675808,0.7562481,0.55172634
1789,0.39280856,0.56639266,0.456975,0.5546786
1790,0.4338825,0.5458333,0.47846702,0.59412944
1791,0.332871,0.43608573,0.590638,0.619861
1792,0.38322017,0.57533514,0.4093324,0.6321994
1793,0.48421955,0.643283,0.34722096,0.8728509
1794,0.28721648,0.533324,0.62763226,0.65421855
1795,0.39958814,0.50204337,0.5240005,0.5701042
1796,0.23792613,0.21373059,0.6489039,0.7369406
1797,0.24434152,0.16787055,0.4413685,0.69133323
1798,0.22628061,0.11592248,0.4387806,0.6774856
1799,0.19614586,0.07708135,0.3565268,0.709072
1800,0.18550207,0.061767284,0.33718473,0.7221653
1801,0.18203838,0.0888332,0.31966382,0.6358248
1802,0.19413334,0.08800961,0.36399126,0.60400844
1803,0.2034577,0.09297858,0.41190326,0.6349051
1804,0.19163394,0.10766941,0.33599782,0.78236353
1805,0.22314613,0.23701592,0.39709824,0.74072397
1806,0.49420837,0.44847998,0.3926871,0.74538445
1807,0.30977103,0.62459844,0.36484668,0.40965167
1808,0.30754513,0.42175594,0.21455094,0.5182309
1809,0.4693888,0.54880077,0.26318783,0.5383589
1810,0.28446633,0.38875926,0.505363,0.7538352
1811,0.3437619,0.37721768,0.31941,0.7579029
1812,0.40227562,0.52400285,0.29257083,0.7136227
1813,0.44725496,0.47971308,0.6032713,0.64131284
1814,0.4248407,0.33764276,0.46739748,0.49254045
1815,0.23116541,0.08661839,0.35192245,0.42894164
1816,0.2437683,0.1654974,0.31064925,0.36219242
1817,0.31590992,0.21926653,0.32506928,0.39766598
1818,0.14948428,0.18897715,0.35124755,0.58948034
1819,0.47075284,0.44201142,0.38055265,0.6201794
1820,0.22333395,0.37676474,0.39361215,0.7447937
1821,0.43177003,0.5880828,0.42240807,0.55944806
1822,0.15308444,0.14816824,0.3418954,0.6596343
1823,0.13080707,0.10502173,0.13259014,0.60402346
1824,0.19242154,0.122322544,0.1748231,0.63032126
1825,0.18944268,0.19965452,0.2963264,0.6621816
1826,0.3272622,0.4695893,0.52270824,0.7208528
1827,0.22174892,0.41021755,0.53874874,0.72195613
1828,0.3755725,0.6330154,0.5261911,0.8458554
1829,0.3258439,0.6883479,0.6654691,0.937964
1830,0.34953412,0.62554,0.59327173,0.78400934
1831,0.4026631,0.39722162,0.6317191,0.71983373
1832,0.28379127,0.22480202,0.32968444,0.7819519
1833,0.24288517,0.24422279,0.5997827,0.78161246
1834,0.23465422,0.41498557,0.6201875,0.7364743
1835,0.35539427,0.63951135,0.5245877,0.79185486
1836,0.3339104,0.5749285,0.5144011,0.8289062
1837,0.13415769,0.284519,0.44646823,0.7960788
1838,0.11835597,0.11472384,0.36752462,0.7182884
1839,0.18045251,0.14206804,0.3525257,0.6186524
1840,0.17539842,0.10813812,0.37402987,0.67910117
1841,0.13715546,0.11695955,0.4177752,0.68321586
1842,0.10328159,0.0874415,0.28742522,0.69665533
1843,0.097753815,0.10949951,0.35869828,0.7041817
1844,0.09441907,0.116248146,0.4735229,0.6804325
1845,0.15570447,0.1094121,0.62547976,0.7160375
1846,0.18322918,0.11397284,0.74169075,0.8402765
1847,0.09995619,0.14801477,0.7688887,0.8256468
1848,0.0961733,0.13858452,0.65165746,0.6407431
1849,0.16949175,0.07628405,0.48457107,0.5205393
1850,0.36985517,0.22359242,0.39735213,0.5498942
1851,0.17577176,0.080795035,0.39368483,0.5576471
1852,0.34792918,0.2123881,0.30353227,0.48259738
1853,0.29015493,0.19634297,0.27371502,0.52421284
1854,0.056908026,0.07902349,0.33425134,0.46388647
1855,0.08085747,0.0845651,0.38514334,0.515314
1856,0.083787724,0.04883234,0.42755687,0.60384536
1857,0.31919217,0.27703172,0.40145722,0.5835209
1858,0.2582424,0.34707576,0.35612074,0.66574854
1859,0.18880987,0.41542366,0.32180855,0.7214611
1860,0.09332626,0.11097266,0.45216942,0.71214825
1861,0.09513603,0.2378648,0.3729347,0.7152075
1862,0.22665647,0.38566318,0.46035162,0.72576207
1863,0.4623705,0.5126491,0.63649166,0.7659997
1864,0.27145275,0.24193156,0.32777593,0.6135366
1865,0.17874363,0.20877022,0.34147874,0.7731
1866,0.33470008,0.41611132,0.46429175,0.815365
1867,0.41396528,0.56736386,0.37890726,0.82630503
1868,0.35046887,0.31906223,0.30980587,0.81280017
1869,0.13704698,0.08994808,0.27568406,0.73434544
1870,0.1318101,0.13985768,0.2979557,0.77773154
1871,0.13191175,0.22058359,0.30890918,0.7392342
1872,0.13149124,0.19519445,0.31442368,0.71885467
1873,0.1279445,0.17052993,0.26390147,0.68529934
1874,0.13811286,0.21419029,0.24196404,0.61935794
1875,0.1256705,0.19177707,0.19016746,0.6498233
1876,0.10846691,0.2067839,0.14277595,0.6753155
1877,0.14366554,0.23494306,0.23464146,0.68914455
1878,0.10514557,0.07346845,0.26291174,0.6951729
1879,0.09592728,0.10390036,0.21860567,0.6680763
1880,0.0749229,0.1424826,0.26353353,0.66733253
1881,0.0759641,0.08588436,0.32699645,0.65429354
1882,0.17189488,0.33040655,0.6684501,0.6399225
1883,0.4363307,0.6007451,0.6340692,0.77769834
1884,0.4164562,0.40280914,0.18727419,0.5804137
1885,0.42865807,0.3140805,0.32506803,0.60855544
1886,0.31169662,0.17364575,0.3675028,0.7523285
1887,0.23180585,0.050936643,0.31899428,0.7688284
1888,0.20030598,0.04137783,0.27555323,0.79555804
1889,0.19381022,0.03322189,0.23627228,0.7837309
1890,0.19526353,0.050709922,0.21344161,0.76495224
1891,0.20029832,0.05711882,0.19546556,0.6873273
1892,0.20207974,0.05821754,0.18475059,0.67831576
1893,0.20152862,0.07085781,0.18437286,0.71925366
1894,0.20527577,0.06556154,0.16790223,0.7546861
1895,0.20669492,0.06873853,0.16788483,0.7307725
1896,0.2073412,0.06865849,0.17185426,0.7194221
1897,0.20722619,0.058341794,0.17651922,0.69885755
1898,0.20574163,0.06886786,0.17680436,0.7613006
1899,0.20632668,0.0639895,0.20000693,0.6707876
1900,0.20525451,0.06941266,0.2162647,0.6099439
1901,0.20281774,0.08116019,0.25425872,0.63614774
1902,0.20058997,0.072714195,0.2937068,0.58319604
1903,0.19445679,0.077968694,0.28591213,0.613209
1904,0.19280304,0.08230425,0.27855602,0.56074536
1905,0.1933145,0.09487072,0.27953827,0.45531154
1906,0.19732657,0.09777081,0.29704696,0.37761694
1907,0.19724068,0.096791126,0.30976918,0.42090216
1908,0.19115931,0.11083428,0.31113106,0.36244306
1909,0.18978639,0.11289465,0.30478334,0.34624624
1910,0.18874912,0.11511586,0.30220854,0.33895585
1911,0.18638605,0.1037997,0.29510924,0.3685832
1912,0.18413147,0.1115908,0.257235,0.38026145
1913,0.18189128,0.10988119,0.2536443,0.37120277
1914,0.28889632,0.42604277,0.36245152,0.50886583
1915,0.46084687,0.60231256,0.35797042,0.6256832
1916,0.22749868,0.43103778,0.5183877,0.8891293
1917,0.2051682,0.22613522,0.40889886,0.647305
1918,0.22702183,0.3438731,0.35099342,0.6487752
1919,0.19863038,0.08610636,0.45579273,0.6317986
1920,0.3379256,0.49700743,0.30527985,0.7047013
1921,0.2674579,0.18026567,0.521845,0.6538599
1922,0.2503124,0.3168031,0.37516367,0.7031527
1923,0.25740156,0.10807232,0.3172019,0.6356504
1924,0.25242853,0.12031128,0.19372837,0.49842435
1925,0.5279345,0.57971275,0.54494584,0.7343778
1926,0.3342499,0.39638066,0.515669,0.73713654
1927,0.22877167,0.23132752,0.5412479,0.7327076
1928,0.32534716,0.32852453,0.44752756,0.7409122
1929,0.37168682,0.37440863,0.3224548,0.73118377
1930,0.48852187,0.61808544,0.35316312,0.7419083
1931,0.3294623,0.53168213,0.18443447,0.62635446
1932,0.39469755,0.59577405,0.2844361,0.7458491
1933,0.24404047,0.2669128,0.41031855,0.74755996
1934,0.21171674,0.20689616,0.38105416,0.7255294
1935,0.3362865,0.4232038,0.46718782,0.7387365
1936,0.28141078,0.31181517,0.34718612,0.6912786
1937,0.20202617,0.19661815,0.3256166,0.72623247
1938,0.19515237,0.1731168,0.34800392,0.67089987
1939,0.24223065,0.28418773,0.3832042,0.69383496
1940,0.20295429,0.20440434,0.36260813,0.70560336
1941,0.3672956,0.5943625,0.5160644,0.7642498
1942,0.31707212,0.6520381,0.45835686,0.8587114
1943,0.3178918,0.58007526,0.57970005,0.7548766
1944,0.24500972,0.4746478,0.54615116,0.74295473
1945,0.21778612,0.18399033,0.36878464,0.71067524
1946,0.19733098,0.13774239,0.33430272,0.7344762
1947,0.17351624,0.20535305,0.45160818,0.7654846
1948,0.26838264,0.24450043,0.56243813,0.76153773
1949,0.23913941,0.5113143,0.6059294,0.7417368
1950,0.3406639,0.6105008,0.48311052,0.82242554
1951,0.3435564,0.53692424,0.5298998,0.7989743
1952,0.13441615,0.2789406,0.4829879,0.77617943
1953,0.11131848,0.13006064,0.38097483,0.6903653
1954,0.16765158,0.090288065,0.37267947,0.7262883
1955,0.16090988,0.09087451,0.3656997,0.64689755
1956,0.13336891,0.10870254,0.36703497,0.64193606
1957,0.11616058,0.09053645,0.3761577,0.68167377
1958,0.10303464,0.085464686,0.3593983,0.67022413
1959,0.06833876,0.08454996,0.34349132,0.66700345
1960,0.05628135,0.10158861,0.4168067,0.74317044
1961,0.1298104,0.16739017,0.5365983,0.6590977
1962,0.12949163,0.09821178,0.4840675,0.73630226
1963,0.22959393,0.4469236,0.5503284,0.6635678
1964,0.3055236,0.36516598,0.43429297,0.5719577
1965,0.4009925,0.4746147,0.5162526,0.57315075
1966,0.33131963,0.40253684,0.4402442,0.53313726
1967,0.4803357,0.5124833,0.39685065,0.8317387
1968,0.344948,0.38899776,0.47066116,0.6443521
1969,0.43847287,0.55640435,0.579323,0.86057884
1970,0.3691327,0.44050545,0.5289265,0.63179547
1971,0.17172045,0.31358227,0.60631084,0.8131219
1972,0.319215,0.4952188,0.71655905,0.76301134
1973,0.31877464,0.54718316,0.66209286,0.776841
1974,0.23859015,0.1601161,0.7484113,0.88808995
1975,0.2367535,0.19446619,0.6197067,0.91354334
1976,0.17393836,0.13512714,0.43580753,0.7558804
1977,0.22664979,0.34442398,0.6457498,0.80853325
1978,0.490533,0.6156246,0.4067801,0.76463526
1979,0.5514566,0.5209483,0.4611224,0.9066224
1980,0.29535332,0.20183045,0.33719987,0.9086237
1981,0.0928804,0.13533494,0.280824,0.70742667
1982,0.09474662,0.21539332,0.3127352,0.676311
1983,0.12754755,0.31960276,0.3405027,0.621511
1984,0.16221929,0.34381855,0.30509466,0.68993485
1985,0.21384804,0.31144038,0.21821672,0.6147759
1986,0.27888238,0.32897806,0.27264386,0.67901194
1987,0.15779103,0.11668593,0.5443129,0.7421415
1988,0.20778486,0.33799815,0.49749434,0.77356035
1989,0.42307281,0.53975207,0.28979945,0.5231619
1990,0.3798595,0.45197806,0.4533872,0.7722662
1991,0.39676115,0.3075505,0.34969127,0.8168633
1992,0.33433968,0.28298312,0.4678284,0.75138587
1993,0.27087906,0.17462039,0.526379,0.7613043
1994,0.2312049,0.09673312,0.43591976,0.72477025
1995,0.19888535,0.07837725,0.35637003,0.73976195
1996,0.18350337,0.06722981,0.3015819,0.73317784
1997,0.1739581,0.073794946,0.25714445,0.73804307
1998,0.17044842,0.070583105,0.2212762,0.77354753
1999,0.16834164,0.061684433,0.22562525,0.7264528
2000,0.31785464,0.6542167,0.23242825,0.7631244
2001,0.36840907,0.5349129,0.68814564,0.86466503
2002,0.43632734,0.5887339,0.37738752,0.7817601
2003,0.34835404,0.57968587,0.28838027,0.78234726
2004,0.34874362,0.6093527,0.49429682,0.6916832
2005,0.30798525,0.5007458,0.45076805,0.7552784
2006,0.37900466,0.5859388,0.6883542,0.833298
2007,0.3510382,0.5875967,0.6079559,0.6633689
2008,0.1989485,0.51108694,0.37692446,0.59219253
2009,0.36402887,0.5207667,0.5791296,0.8622571
2010,0.553876,0.5598171,0.4991137,0.7564888
2011,0.37065077,0.5440971,0.4735541,0.9073926
2012,0.39721328,0.44285557,0.47399703,0.83092797
2013,0.18364222,0.31040275,0.46085095,0.93059504
2014,0.437043,0.58212626,0.5896715,0.8657638
2015,0.46483463,0.6008193,0.48550147,0.9203993
2016,0.25399297,0.4992572,0.518767,0.69710565
2017,0.35381803,0.61923003,0.7808015,0.8218027
2018,0.4583322,0.6418323,0.35094884,0.71861434
2019,0.3400561,0.6377016,0.6028254,0.9177786
2020,0.43563423,0.6024715,0.6371175,0.54968673
2021,0.3781006,0.5988461,0.42973223,0.67785096
2022,0.40719128,0.5737709,0.5405981,0.50892997
2023,0.29706305,0.47585392,0.4846102,0.5669031
2024,0.3332803,0.50989616,0.36646515,0.2802242
2025,0.26199913,0.19095781,0.50544643,0.5609704
2026,0.38904893,0.6006128,0.5094824,0.37850702
2027,0.2070215,0.2537378,0.36082378,0.5282635
2028,0.1408722,0.11803013,0.3447694,0.4485708
2029,0.29203376,0.41618592,0.27038893,0.47705585
2030,0.36750197,0.28519338,0.42630234,0.4208659
2031,0.33058214,0.19013017,0.21580906,0.38464895
2032,0.19990624,0.12636392,0.26851702,0.38832572
2033,0.1565526,0.09040039,0.3881249,0.40954772
2034,0.15176201,0.051995378,0.4620381,0.44790548
2035,0.14383295,0.041747395,0.49976277,0.5023863
2036,0.14415058,0.03931742,0.49402392,0.49474266
2037,0.14707702,0.039487332,0.45150775,0.4103014
2038,0.14933765,0.053172283,0.3975734,0.41704902
2039,0.15109155,0.03518834,0.3728701,0.49845365
2040,0.15368666,0.034676895,0.42968863,0.6817662
2041,0.15887526,0.065837964,0.4942289,0.73595107
2042,0.15115479,0.116858415,0.9780991,0.7441511
2043,0.14541483,0.06586502,0.511124,0.51327145
2044,0.12655911,0.10495693,0.45246747,0.3978028
2045,0.114825845,0.050060354,0.49962512,0.40056747
2046,0.10477026,0.10174164,0.50753754,0.3803076
2047,0.11921376,0.045435924,0.51589435,0.4108087
2048,0.12659812,0.098679826,0.48545378,0.32793865
2049,0.13195391,0.0714535,0.46820182,0.37689963
2050,0.134279,0.06235908,0.46285516,0.3451138
2051,0.11845356,0.2718785,0.2909775,0.34172702
2052,0.11029538,0.045045126,0.24922031,0.23662147
2053,0.24586304,0.4557117,0.19840577,0.44494432
2054,0.33473018,0.44101512,0.2624036,0.43160278
2055,0.29071185,0.35371312,0.22855479,0.4472961
2056,0.11008897,0.03741931,0.1940077,0.7655143
2057,0.44638604,0.5895063,0.3735007,0.8424575
2058,0.46016136,0.53578204,0.28916225,0.8956004
2059,0.43483275,0.34321633,0.3182409,0.9726928
2060,0.24633363,0.12866725,0.2698444,0.8992836
2061,0.12716083,0.058240227,0.22892076,0.89319986
2062,0.12576425,0.0691638,0.19054797,0.83239126
2063,0.12848689,0.116336174,0.17177233,0.7792469
2064,0.12469269,0.11368447,0.19278646,0.77918833
2065,0.121145494,0.12212239,0.21074274,0.77944255
2066,0.121002644,0.123761356,0.23299478,0.80554616
2067,0.12028317,0.11089376,0.2688583,0.7658284
2068,0.119258,0.10324338,0.32292712,0.77583975
2069,0.117733285,0.08583599,0.36084116,0.7248287
2070,0.11576688,0.100412406,0.37947816,0.73473984
2071,0.113854535,0.09129887,0.3998568,0.74620855
2072,0.10566273,0.130428,0.3727043,0.7358717
2073,0.0990596,0.2468487,0.32188767,0.6894851
2074,0.17006789,0.036253173,0.26299334,0.73854977
2075,0.08450907,0.081832744,0.2528996,0.74005914
2076,0.082345694,0.1411685,0.2815808,0.6926702
2077,0.14424412,0.043407205,0.29058033,0.7092401
2078,0.12973332,0.0761513,0.25886285,0.6289257
2079,0.072609186,0.069534004,0.23713654,0.49774256
2080,0.09341015,0.10795474,0.2290675,0.52645457
2081,0.13485868,0.21622893,0.30462706,0.43294182
2082,0.45202905,0.5679229,0.18896669,0.34584633
2083,0.35162398,0.6136719,0.31911582,0.60995424
2084,0.13632114,0.22751224,0.41902685,0.4685589
2085,0.19351234,0.41434216,0.28772217,0.7221543
2086,0.3453253,0.11516129,0.23014319,0.39053056
2087,0.31236473,0.58370495,0.3679842,0.38984394
2088,0.3291646,0.6197115,0.33821708,0.90913886
2089,0.13419221,0.3597395,0.25956887,0.5189868
2090,0.24218245,0.4762014,0.19432604,0.7447478
2091,0.1307731,0.30438375,0.20038056,0.55078644
2092,0.37506154,0.26588246,0.18307698,0.21417153
2093,0.12764151,0.3519468,0.29829153,0.46941826
2094,0.43423364,0.6077584,0.15998876,0.3875692
2095,0.25128308,0.54542726,0.19030535,0.5657178
2096,0.3792431,0.64660156,0.58075607,0.716782
2097,0.44479483,0.598325,0.413132,0.9176532
2098,0.42773756,0.6035351,0.73597664,0.82967293
2099,0.4266271,0.57283586,0.5054095,0.93544465
2100,0.42510298,0.64933765,0.751508,0.8131922
2101,0.4083229,0.55531126,0.6606796,0.9566508
2102,0.4221734,0.6550644,0.6939751,0.7512112
2103,0.38888168,0.5289379,0.77154195,0.8471604
2104,0.45718306,0.6360272,0.3310773,0.5649256
2105,0.42342612,0.5398817,0.5239848,0.7028085
2106,0.37808973,0.45545873,0.39322644,0.8429881
2107,0.3222334,0.60527736,0.5648697,0.7696931
2108,0.31659567,0.5104311,0.5888894,0.9595724
2109,0.35157996,0.40144423,0.57753503,0.7856284
2110,0.29353586,0.26506853,0.69701284,0.80211323
2111,0.15967631,0.14516254,0.6690878,0.7068751
2112,0.10275762,0.06868692,0.57863337,0.71982884
2113,0.10764636,0.041281722,0.523346,0.61807626
2114,0.10849105,0.03983935,0.48702404,0.55992985
2115,0.102419704,0.046283916,0.4557838,0.50602424
2116,0.09523828,0.054272026,0.4185986,0.509148
2117,0.07998665,0.06379922,0.37952656,0.47305763
2118,0.092813626,0.103121534,0.44907406,0.5535124
2119,0.07776913,0.08234081,0.269315,0.42522803
2120,0.0876121,0.066633016,0.34541813,0.46615902
2121,0.40099582,0.53519946,0.54301214,0.496569
2122,0.42103818,0.5834292,0.4853297,0.7388714
2123,0.24145615,0.38165414,0.71432054,0.6362734
2124,0.33438674,0.4852809,0.56696254,0.6653487
2125,0.22467183,0.24557771,0.6367714,0.9043532
2126,0.1452391,0.1410869,0.56418085,0.90010434
2127,0.21537405,0.20826663,0.53717,0.92031115
2128,0.4101665,0.5562602,0.59887433,0.94735634
2129,0.4402689,0.4653964,0.51410097,0.79384756
2130,0.34612584,0.20396747,0.4314134,0.76909435
2131,0.14729789,0.082097374,0.2702719,0.7114737
2132,0.1297837,0.15898083,0.23676616,0.6409266
2133,0.12769063,0.19705768,0.19890565,0.62698126
2134,0.12896414,0.19925454,0.16636884,0.60857403
2135,0.12271845,0.20364471,0.1353212,0.5943378
2136,0.12811688,0.20176685,0.09375024,0.6285162
2137,0.13263571,0.19646695,0.077474535,0.66762334
2138,0.12595415,0.20186079,0.07852587,0.65798706
2139,0.116801746,0.16704449,0.17757085,0.6689264
2140,0.08171633,0.103055514,0.23178089,0.6692953
2141,0.078093186,0.11661096,0.22760963,0.7532401
2142,0.06509833,0.10311089,0.22651398,0.6878766
2143,0.078334674,0.05339276,0.24933821,0.41234666
2144,0.35567027,0.46773306,0.3607754,0.40727684
2145,0.27510056,0.5012091,0.43405914,0.5397802
2146,0.29437795,0.60215646,0.32967913,0.8296872
2147,0.12589094,0.064245634,0.19064635,0.45505118
2148,0.1341041,0.042712133,0.20696455,0.42852077
2149,0.13883421,0.05204442,0.21949434,0.4254124
2150,0.14126375,0.058290742,0.2357108,0.35206896
2151,0.26193196,0.088697195,0.2542867,0.40854037
2152,0.30466467,0.11930485,0.22356486,0.40197906
2153,0.30093926,0.09596891,0.15913473,0.410637
2154,0.16471267,0.37688297,0.27513903,0.45582023
2155,0.33764467,0.5652092,0.20382503,0.4167539
2156,0.34406564,0.59724706,0.23582515,0.4704377
2157,0.19068456,0.057611115,0.37880284,0.44838843
2158,0.18666402,0.07303209,0.40623015,0.39866632
2159,0.16246657,0.11745487,0.2764123,0.40345168
2160,0.21566007,0.28171384,0.40328228,0.3580232
2161,0.34288573,0.3977651,0.54033524,0.6014228
2162,0.22384258,0.38721457,0.64589983,0.9199341
2163,0.3896261,0.6052196,0.4314838,0.9344283
2164,0.43816173,0.5165821,0.32132453,0.535221
2165,0.27185586,0.37213665,0.3823514,0.63579494
2166,0.43728077,0.4720097,0.47079292,0.4812715
2167,0.16465974,0.15353943,0.39625287,0.5574861
2168,0.4243033,0.41175914,0.3725615,0.47766116
2169,0.33824235,0.28178683,0.35419542,0.5856875
2170,0.2400266,0.16740935,0.32701126,0.70574343
2171,0.1932627,0.10353097,0.3700619,0.72609377
2172,0.15866642,0.052397348,0.38141143,0.7207278
2173,0.1683128,0.04740386,0.37715158,0.7179312
2174,0.13262174,0.0666672,0.28819114,0.74188995
2175,0.21381256,0.07723949,0.34734112,0.67764556
2176,0.22360373,0.12126357,0.38743287,0.70858777
2177,0.12540421,0.06734905,0.29056934,0.6943752
2178,0.12609716,0.07473442,0.2520585,0.6104555
2179,0.13174184,0.10870221,0.24235559,0.65080106
2180,0.13992177,0.096156694,0.23637688,0.6626312
2181,0.15031223,0.12371873,0.23717022,0.6068728
2182,0.15976626,0.12557071,0.24219984,0.68608135
2183,0.16427213,0.10783237,0.24511415,0.6710361
2184,0.16994238,0.12602974,0.24853843,0.64909285
2185,0.17574172,0.12543836,0.25020033,0.61150897
2186,0.18178834,0.116895586,0.24442947,0.63721
2187,0.21855378,0.30688673,0.4204431,0.6372016
2188,0.34685028,0.5882057,0.3772579,0.6624747
2189,0.26163357,0.46437752,0.4455849,0.82704836
2190,0.2264063,0.1863598,0.3325246,0.63770926
2191,0.327698,0.52898073,0.38544643,0.56620806
2192,0.33129248,0.41597512,0.3973487,0.56611276
2193,0.2521545,0.3059764,0.45792598,0.51409197
2194,0.28346387,0.34731448,0.42464504,0.56885225
2195,0.3743083,0.46836936,0.33914787,0.5691626
2196,0.34470445,0.3530039,0.26283902,0.7383064
2197,0.13977167,0.08601353,0.27431065,0.6850281
2198,0.15550469,0.080453046,0.21290016,0.69698596
2199,0.2124746,0.3786019,0.3042298,0.6273566
2200,0.40238014,0.49269667,0.31195655,0.69211817
2201,0.40438986,0.40742692,0.2885399,0.7819829
2202,0.3467067,0.28263062,0.5459855,0.7506402
2203,0.2560023,0.23511142,0.650771,0.63618547
2204,0.42249268,0.41698503,0.50561357,0.670938
2205,0.40280646,0.48091877,0.6076802,0.64290524
2206,0.44594723,0.5357012,0.54064065,0.6518456
2207,0.2155225,0.233083,0.53783417,0.67161447
2208,0.33417395,0.34463733,0.52757025,0.7212123
2209,0.07635828,0.09907624,0.43882358,0.7133604
2210,0.17914258,0.07733995,0.42942017,0.6694566
2211,0.19929898,0.16654095,0.4868783,0.7622386
2212,0.33131844,0.52352595,0.70616835,0.72813153
2213,0.27278227,0.5018916,0.85156095,0.69683534
2214,0.35399604,0.5144459,0.628322,0.7780856
2215,0.31905848,0.58081865,0.5506386,0.87964725
2216,0.31927204,0.60258627,0.51435447,0.78562057
2217,0.4611656,0.519722,0.49943674,0.81573987
2218,0.35345197,0.32775408,0.62489474,0.77638084
2219,0.29838464,0.23598725,0.5355658,0.7948301
2220,0.35781702,0.6618378,0.5027478,0.8261039
2221,0.3796219,0.6509332,0.50268996,0.8510941
2222,0.26821318,0.43899712,0.6087545,0.8044891
2223,0.1341545,0.12340614,0.51241547,0.84197295
2224,0.17453474,0.084179774,0.4755221,0.76703894
2225,0.19546099,0.12691726,0.38967872,0.7343834
2226,0.1673576,0.12738082,0.45266587,0.7131855
2227,0.12499254,0.10213192,0.35805357,0.77674043
2228,0.22792754,0.20973304,0.6462355,0.6910319
2229,0.13252388,0.17980856,0.7748587,0.8431555
2230,0.10373201,0.20972075,0.74911237,0.8590132
2231,0.2722789,0.26676312,0.7554518,0.6421925
2232,0.4428387,0.5099475,0.59130037,0.66933846
2233,0.33795476,0.5397785,0.5166465,0.6570956
2234,0.44418353,0.5569513,0.4198298,0.61376315
2235,0.4130882,0.6254637,0.4549597,0.774924
2236,0.34598297,0.56670964,0.37623686,0.6835783
2237,0.40276217,0.5774695,0.35349643,0.678649
2238,0.41654155,0.61295784,0.29631972,0.74155927
2239,0.29288414,0.4806665,0.35490435,0.7512494
2240,0.34101507,0.5494244,0.27200294,0.606765
2241,0.43447864,0.5544531,0.3216635,0.74657637
2242,0.23285538,0.20263483,0.27412263,0.67370665
2243,0.0831483,0.09489454,0.22925884,0.67901325
2244,0.24787547,0.2399385,0.24183345,0.6074362
2245,0.26844954,0.33275908,0.36781603,0.6712882
2246,0.34197715,0.6369421,0.47214326,0.6733409
2247,0.3828012,0.4310659,0.71746385,0.8083859
2248,0.22922565,0.2321577,0.5153634,0.84474367
2249,0.1429592,0.13219725,0.50414777,0.8632525
2250,0.24386942,0.3402284,0.37927485,0.87825
2251,0.4693464,0.6463923,0.57709855,0.85040677
2252,0.4069919,0.4006712,0.2797286,0.86358684
2253,0.21412495,0.14402488,0.27484047,0.8446625
2254,0.12209462,0.0782054,0.23130985,0.78481376
2255,0.19440341,0.29452243,0.28999692,0.81111443
2256,0.16190067,0.21729115,0.29998404,0.7111001
2257,0.14014241,0.22578229,0.27778822,0.7064574
2258,0.1571362,0.20781973,0.24792123,0.6811545
2259,0.16201466,0.1993319,0.16836715,0.72826517
2260,0.14700821,0.19769397,0.0659343,0.694324
2261,0.1195375,0.19280376,0.16253191,0.7109284
2262,0.086484134,0.18601434,0.25337505,0.83134335
2263,0.112677336,0.07917673,0.29253772,0.77677673
2264,0.10465071,0.081158035,0.27596977,0.6843374
2265,0.087441586,0.12177913,0.30017114,0.6869776
2266,0.07847486,0.09323373,0.30041105,0.65009594
2267,0.14601295,0.29729104,0.65669,0.64318883
2268,0.45195013,0.60436356,0.4802746,0.73704445
2269,0.40927252,0.46091393,0.224592,0.7167515
2270,0.4233833,0.3380718,0.2551326,0.61697745
2271,0.28828675,0.13276948,0.341235,0.7252505
2272,0.20802528,0.04723876,0.31545383,0.71469104
2273,0.18490402,0.044294372,0.28160274,0.71412313
2274,0.18303129,0.031676047,0.24128753,0.7235565
2275,0.18845022,0.033277098,0.21312052,0.7633178
2276,0.1944112,0.040470436,0.19301844,0.7798359
2277,0.19718117,0.05105351,0.17845076,0.7144113
2278,0.19858156,0.059939604,0.17182761,0.71934044
2279,0.20632455,0.086416066,0.17133343,0.7353913
2280,0.21267919,0.07283306,0.17953628,0.67971355
2281,0.21604498,0.063762695,0.1861918,0.72892916
2282,0.21813475,0.06023031,0.1902653,0.6973393
2283,0.21519677,0.069443285,0.18755043,0.6837707
2284,0.20989576,0.07394672,0.16950509,0.6334951
2285,0.2069104,0.08438242,0.23678136,0.6089171
2286,0.20754233,0.0851977,0.30067626,0.5168555
2287,0.20732838,0.086317085,0.3134993,0.48162287
2288,0.21183492,0.108473875,0.3367321,0.37238926
2289,0.21305424,0.10791865,0.35098875,0.48038575
2290,0.19850159,0.1042065,0.34503505,0.4966753
2291,0.19176959,0.12096356,0.3260979,0.4700951
2292,0.18941301,0.105378695,0.31492656,0.4740357
2293,0.18645984,0.12086979,0.2940124,0.35730487
2294,0.24646406,0.36296895,0.26529485,0.51068544
2295,0.37557846,0.64703995,0.29940045,0.45074347
2296,0.2507399,0.29399717,0.5976591,0.7107954
2297,0.16591237,0.30774102,0.456051,0.649114
2298,0.20211236,0.1952979,0.44508567,0.64421254
2299,0.4226746,0.52365804,0.26707378,0.71498215
2300,0.2435617,0.09211398,0.27015227,0.6847726
2301,0.23490328,0.059472956,0.18066835,0.6680188
2302,0.21949187,0.3103295,0.14938557,0.5569644
2303,0.41253287,0.524187,0.20036161,0.5810462
2304,0.4580144,0.5387238,0.4395685,0.69798857
2305,0.20924047,0.2589157,0.60126764,0.54555786
2306,0.5350798,0.58241725,0.51877475,0.6209755
2307,0.104813874,0.12638754,0.32540485,0.5458511
2308,0.43136483,0.3513412,0.30477807,0.6194921
2309,0.14805973,0.14288224,0.48822945,0.6754869
2310,0.13471931,0.11002591,0.61217064,0.84740055
2311,0.13736871,0.08472069,0.63789654,0.94228506
2312,0.15843341,0.14833373,0.6061142,0.8454771
2313,0.23670655,0.2269618,0.66813725,0.85126954
2314,0.36973843,0.3677563,0.53448,0.69959074
2315,0.18471543,0.29715225,0.62609965,0.70568585
2316,0.40300667,0.626111,0.6173069,0.82595104
2317,0.31815958,0.64502716,0.5416093,0.809549
2318,0.30335513,0.5992782,0.64048016,0.7725661
2319,0.28953063,0.34878936,0.42726398,0.80741376
2320,0.16803437,0.14187673,0.3980984,0.8321661
2321,0.27078372,0.26685652,0.55942345,0.8761846
2322,0.31332132,0.584924,0.5901966,0.7724675
2323,0.3311026,0.5952112,0.5813272,0.8940804
2324,0.30821055,0.4827865,0.48491538,0.780161
2325,0.14378998,0.2052502,0.5751366,0.65994036
2326,0.14198759,0.110898025,0.54078066,0.6065618
2327,0.1511095,0.09365624,0.4395677,0.6188536
2328,0.13842693,0.10347158,0.26741204,0.6323037
2329,0.16868308,0.097146615,0.32947612,0.63906205
2330,0.15388794,0.09394333,0.33640033,0.70608276
2331,0.1315377,0.09214943,0.27520174,0.6629782
2332,0.16856942,0.11301792,0.37654975,0.6799196
2333,0.10052455,0.116391286,0.37835672,0.5876603
2334,0.45112917,0.68467295,0.42186838,0.69614935
2335,0.27382755,0.31796727,0.4296461,0.6534936
2336,0.22117546,0.36704183,0.30285865,0.68547183
2337,0.15763605,0.23065308,0.48448294,0.6877434
2338,0.2988832,0.40163398,0.50078154,0.63491166
2339,0.3171019,0.28977787,0.32815003,0.72860694
2340,0.17238335,0.2775857,0.3719293,0.578021
2341,0.20761858,0.38543394,0.29915103,0.6754524
2342,0.32720566,0.551219,0.23435473,0.7198495
2343,0.28056246,0.39601445,0.31942147,0.6808262
2344,0.14810485,0.2787959,0.35563785,0.71605104
2345,0.24379809,0.31663302,0.36692727,0.66961116
2346,0.45493627,0.61678004,0.35325754,0.81634295
2347,0.44877294,0.5026733,0.35915017,0.76753163
2348,0.4474951,0.49073303,0.40431163,0.7979941
2349,0.4040093,0.42603672,0.23058024,0.743067
2350,0.19645953,0.26649788,0.2167548,0.655141
2351,0.2994125,0.40914056,0.13652122,0.68459696
2352,0.2654463,0.24106725,0.25891387,0.82178706
2353,0.17597802,0.1803756,0.17962918,0.76839566
2354,0.106403716,0.16973403,0.1728462,0.77361053
2355,0.07821787,0.1805561,0.17070967,0.7544904
2356,0.074967034,0.14200737,0.17540574,0.77394533
2357,0.06331248,0.17132467,0.17659062,0.7289369
2358,0.2989111,0.47333416,0.21650785,0.77197117
2359,0.19207032,0.13492718,0.46314645,0.84111166
2360,0.21612592,0.11361982,0.62932396,0.73478943
2361,0.14968787,0.05916596,0.49092662,0.7142389
2362,0.2553711,0.117521405,0.6541569,0.7757757
2363,0.3098902,0.17710808,0.77124083,0.7182172
2364,0.23067975,0.33916184,0.5631113,0.7901453
2365,0.34286475,0.5329422,0.69681126,0.86974156
2366,0.40182757,0.5372374,0.32058862,0.6508916
2367,0.43609497,0.3853289,0.4805631,0.8389291
2368,0.4294278,0.2766922,0.41720325,0.7968674
2369,0.31930357,0.23740782,0.44221312,0.7444476
2370,0.25755206,0.14281577,0.3585127,0.77598333
2371,0.23055908,0.15117653,0.41139212,0.788682
2372,0.22096226,0.093031466,0.43361592,0.741388
2373,0.21401367,0.050493833,0.42413592,0.7021349
2374,0.21163958,0.0486751,0.42466566,0.69522023
2375,0.20574263,0.05909794,0.42538127,0.7556626
2376,0.19952913,0.0651198,0.40649277,0.6759331
2377,0.19421867,0.06468791,0.3632983,0.7278132
2378,0.196557,0.0663761,0.29765022,0.669345
2379,0.1940807,0.06360854,0.27757496,0.6982406
2380,0.19522223,0.080067694,0.37072614,0.70886797
2381,0.19490917,0.062245406,0.43638194,0.6815985
2382,0.19406135,0.07749231,0.48566565,0.6609388
2383,0.19385347,0.054006767,0.51278675,0.6931404
2384,0.19623803,0.061609667,0.5319589,0.7439027
2385,0.1972888,0.06922506,0.55521894,0.70746374
2386,0.19803526,0.06308468,0.5633022,0.6075405
2387,0.19651937,0.08349244,0.5344405,0.7287242
2388,0.19139218,0.08055902,0.4726972,0.71502256
2389,0.18507086,0.07936631,0.39736366,0.6619626
2390,0.1787255,0.087248825,0.33560264,0.6392796
2391,0.17345779,0.09848595,0.35779428,0.65191513
2392,0.16424502,0.055328358,0.36737698,0.6145364
2393,0.21379896,0.09867965,0.38987377,0.610793
2394,0.32549357,0.25433698,0.3870362,0.52920234
2395,0.25348598,0.23070699,0.49317005,0.5438733
2396,0.24141721,0.23966193,0.52193034,0.7765213
2397,0.44900453,0.6884594,0.49727488,0.7093433
2398,0.21688633,0.10000864,0.42410338,0.69753724
2399,0.21407835,0.2296065,0.37331545,0.7602045
2400,0.19741058,0.056196768,0.39779466,0.7084898
2401,0.16048379,0.1756031,0.1398794,0.625844
2402,0.32660812,0.48557258,0.16412304,0.6547284
2403,0.36414394,0.54360676,0.3758822,0.656374
2404,0.4117365,0.54867655,0.16753611,0.6541979
2405,0.35010234,0.2774068,0.16260463,0.7281948
2406,0.101354204,0.2317794,0.10567552,0.6289966
2407,0.18463671,0.11021607,0.21363154,0.4536488
2408,0.18996131,0.14111264,0.29255405,0.41359016
2409,0.24784964,0.22202979,0.35399944,0.31653887
2410,0.29410762,0.27804822,0.33792308,0.35441014
2411,0.32443678,0.29123595,0.31292537,0.43874145
2412,0.33760577,0.321861,0.293825,0.47379947
2413,0.20388316,0.17368545,0.41277462,0.45590937
2414,0.5160729,0.6295345,0.45015013,0.55459195
2415,0.2984961,0.42960754,0.44144115,0.76542664
2416,0.37620062,0.54715306,0.4683608,0.5931902
2417,0.08963725,0.12526092,0.39152235,0.65666795
2418,0.17192762,0.0832874,0.3671443,0.67184126
2419,0.20221487,0.1557768,0.406712,0.72281724
2420,0.24863265,0.3450929,0.5402401,0.7498709
2421,0.24949422,0.48733345,0.6007055,0.7596268
2422,0.3742507,0.65520734,0.44238868,0.7022827
2423,0.346077,0.58009493,0.63613033,1.0710967
2424,0.32713732,0.5870869,0.6418656,0.87298095
2425,0.43820623,0.48399246,0.41808665,0.7585927
2426,0.34189898,0.31710842,0.44441926,0.7336053
2427,0.29210657,0.2492812,0.63941526,0.7932811
2428,0.22665353,0.43697065,0.6485181,0.7684412
2429,0.34398994,0.6198167,0.49275926,0.88584536
2430,0.3407764,0.5806078,0.5896686,0.79649043
2431,0.13048002,0.29712343,0.4685929,0.81902146
2432,0.13383937,0.11899033,0.44356278,0.7151708
2433,0.18359481,0.10938032,0.42021066,0.6316494
2434,0.1778305,0.112038404,0.39578968,0.65603375
2435,0.26011902,0.22805873,0.5561085,0.6221962
2436,0.2815239,0.23782209,0.7527544,0.6699088
2437,0.14815286,0.09998441,0.80591536,0.72049785
2438,0.119068824,0.110945284,0.6252438,0.7566657
2439,0.110654965,0.11696674,0.53226244,0.79007655
2440,0.114624865,0.11945942,0.5789683,0.8465202
2441,0.18312864,0.121608645,0.7782446,0.82827705
2442,0.20349617,0.14315312,0.871575,0.77361697
2443,0.2644657,0.21917894,0.8038044,0.7321504
2444,0.093021765,0.08626516,0.54480946,0.60045147
2445,0.09820654,0.09050685,0.4542575,0.614231
2446,0.07670153,0.05210319,0.48575822,0.6086991
2447,0.077757165,0.10967613,0.46247533,0.6249809
2448,0.19014905,0.42266816,0.3814429,0.5905221
2449,0.2622371,0.510183,0.35847652,0.67660844
2450,0.26072836,0.4307174,0.42811435,0.70392966
2451,0.18380038,0.38695854,0.523448,0.85164356
2452,0.28794238,0.3063907,0.5723777,0.75170696
2453,0.2616954,0.26835322,0.6321206,0.7512361
2454,0.44616243,0.69706017,0.61914885,0.89776325
2455,0.4092319,0.59205264,0.41974944,0.88148785
2456,0.4643548,0.47136745,0.3043989,0.8344838
2457,0.19310349,0.17080873,0.3014331,0.8438326
2458,0.42577267,0.48464763,0.3967759,0.93415445
2459,0.24827646,0.27173477,0.39610606,0.90597653
2460,0.16800553,0.23158857,0.31478173,0.8335502
2461,0.15664904,0.1662798,0.2737862,0.7521403
2462,0.12818965,0.17246598,0.35983545,0.7870714
2463,0.13918573,0.18942297,0.34907848,0.73845005
2464,0.15734032,0.16880573,0.33264154,0.74389595
2465,0.1737735,0.1610516,0.31068677,0.76789147
2466,0.18397966,0.1678069,0.26329327,0.7801666
2467,0.36654744,0.34214815,0.23412675,0.836833
2468,0.13807024,0.053584784,0.2070511,0.8836106
2469,0.3123045,0.28696412,0.21438718,0.79308826
2470,0.09924675,0.04905328,0.27479807,0.84666747
2471,0.075835854,0.058740817,0.27616078,0.8351273
2472,0.070117034,0.06569404,0.27637294,0.867166
2473,0.11427026,0.19384018,0.4542444,0.93547285
2474,0.27876592,0.35590133,0.49037486,0.8990173
2475,0.21700653,0.4881676,0.4314196,0.9683938
2476,0.42890066,0.5406885,0.35293013,0.7841251
2477,0.45716798,0.42384648,0.4296486,0.733185
2478,0.37356114,0.3622361,0.48961836,0.822177
2479,0.30667293,0.24510266,0.42197952,0.8019737
2480,0.2531905,0.14539036,0.54947484,0.7154716
2481,0.20419075,0.10339978,0.5430485,0.72969806
2482,0.1754971,0.07499766,0.46915117,0.7205608
2483,0.15866476,0.037191547,0.3985931,0.69144136
2484,0.16840512,0.0386004,0.35958374,0.65788525
2485,0.17712703,0.049005352,0.30458096,0.6421691
2486,0.20043261,0.3476747,0.27632278,0.6539209
2487,0.3387384,0.5878138,0.3167963,0.6656284
2488,0.33434176,0.41105074,0.5724362,0.81508636
2489,0.34272435,0.37192568,0.5754649,0.77973795
2490,0.39035565,0.43714485,0.65388954,0.7639033
2491,0.32608593,0.56442076,0.59960485,0.8106171
2492,0.23650342,0.4331317,0.43629164,0.7585686
2493,0.4829449,0.5540104,0.3776065,0.7744067
2494,0.17904708,0.1298882,0.2013663,0.7508492
2495,0.22561891,0.1847011,0.25457507,0.62797344
2496,0.27888772,0.21455456,0.34706694,0.652369
2497,0.29027003,0.21554568,0.3350824,0.6319566
2498,0.26537433,0.21394315,0.29851767,0.624441
2499,0.23138762,0.19663242,0.35822684,0.636631
2500,0.25683367,0.2773672,0.38111603,0.71127844
2501,0.16391876,0.15692903,0.1767655,0.70795196
2502,0.16047806,0.16464986,0.3024038,0.7193456
2503,0.35893357,0.6815429,0.52363867,0.8467188
2504,0.40859216,0.61452603,0.56636655,0.8416859
2505,0.24072298,0.5352727,0.4829383,0.76239955
2506,0.42216855,0.37089565,0.32312632,0.76038504
2507,0.1906354,0.27775908,0.22939134,0.74364734
2508,0.22475848,0.17646945,0.213318,0.720847
2509,0.2276035,0.122907095,0.34032184,0.743207
2510,0.40370697,0.41341674,0.5994705,0.7596931
2511,0.34035274,0.50828487,0.56698525,0.79555887
2512,0.25227755,0.46056527,0.4347036,0.7349475
2513,0.24629597,0.15368623,0.5943893,0.7928272
2514,0.24576321,0.10599651,0.6334123,0.7628889
2515,0.23327723,0.10707582,0.56919825,0.8160559
2516,0.21945348,0.12725204,0.48297247,0.71734256
2517,0.1757103,0.1280202,0.46439752,0.73700505
2518,0.15391085,0.104260154,0.4432159,0.6966715
2519,0.29635462,0.25429362,0.4925564,0.7041662
2520,0.3833732,0.55550724,0.39972824,0.73697174
2521,0.32540894,0.5735831,0.6376537,0.74317026
2522,0.2769414,0.46087697,0.47316986,0.6681136
2523,0.12663966,0.17374356,0.5013314,0.7002518
2524,0.20139952,0.22448993,0.5041979,0.6254562
2525,0.22310226,0.21928301,0.6905817,0.5466621
2526,0.2867474,0.2586546,0.73363745,0.5902581
2527,0.13579719,0.12618688,0.7290395,0.7199015
2528,0.1373081,0.10861333,0.5804418,0.64780647
2529,0.11448394,0.112799,0.46914548,0.57577384
2530,0.09560004,0.093373634,0.46493495,0.6283859
2531,0.11796979,0.08717232,0.47105047,0.6665121
2532,0.15085544,0.084629856,0.47361624,0.5671238
2533,0.15082614,0.07349917,0.4841303,0.60362303
2534,0.14197388,0.055025756,0.52629876,0.5815971
2535,0.14790176,0.055889137,0.37344307,0.5499761
2536,0.14021493,0.05734855,0.30269834,0.4901967
2537,0.07885457,0.07180363,0.2734407,0.48845047
2538,0.5246336,0.5647911,0.4133863,0.60559773
2539,0.32641804,0.37964126,0.35998026,0.77515846
2540,0.27149338,0.3637706,0.32575312,0.7919545
2541,0.16386835,0.282892,0.28494298,0.7308468
2542,0.26859096,0.24919261,0.28942093,0.76204365
2543,0.21277055,0.23971906,0.32601953,0.7837481
2544,0.24437588,0.326453,0.39932936,0.84036005
2545,0.09206174,0.07482372,0.4770669,0.7326783
2546,0.41011003,0.47667465,0.73572284,0.74084806
2547,0.5066358,0.5375282,0.6418429,0.73552215
2548,0.5108568,0.5911135,0.21612656,0.7571678
2549,0.40570503,0.48254174,0.3962307,0.82416224
2550,0.46997622,0.4039237,0.4212752,0.89937234
2551,0.19612418,0.13701367,0.29352552,0.7534225
2552,0.25423124,0.3285887,0.3372755,0.78143907
2553,0.20357332,0.22053082,0.3999672,0.71816844
2554,0.14397284,0.17022806,0.39940047,0.78815055
2555,0.15516272,0.17071259,0.37728292,0.7625254
2556,0.1564093,0.15931717,0.3770975,0.73724437
2557,0.3709958,0.36959124,0.3409219,0.7946839
2558,0.12969616,0.08961423,0.2996389,0.82335335
2559,0.2067423,0.23769465,0.29829696,0.87567216
2560,0.10296208,0.052974857,0.49782932,0.8302582
2561,0.075395204,0.061650746,0.4955377,0.8726795
2562,0.09969423,0.052034162,0.4595792,0.86465305
2563,0.10398543,0.06271379,0.49378875,0.91597104
2564,0.19824207,0.26040855,0.60242486,0.9129197
2565,0.29188347,0.39655834,0.5299599,0.8624988
2566,0.40045834,0.5657637,0.22092535,0.71618396
2567,0.4440716,0.5470699,0.53524685,0.77478313
2568,0.46615392,0.33766562,0.37919396,0.75684637
2569,0.33106792,0.25760582,0.38940632,0.78029
2570,0.28072062,0.20763847,0.35102436,0.7622912
2571,0.20452285,0.12842095,0.38410214,0.72111917
2572,0.18406498,0.07384246,0.3406693,0.7150753
2573,0.18045065,0.0517312,0.31231168,0.802493
2574,0.17697811,0.043122992,0.28585652,0.7133839
2575,0.17514631,0.048671335,0.26833782,0.71051943
2576,0.1797517,0.052922457,0.26046914,0.7905824
2577,0.18709041,0.060638364,0.244438,0.7659238
2578,0.19197279,0.05140748,0.22896597,0.64431864
2579,0.19068281,0.06429268,0.24457186,0.62344897
2580,0.19317289,0.06624993,0.2523455,0.6118957
2581,0.20323375,0.07127655,0.23366934,0.5613541
2582,0.21527074,0.07466215,0.26814508,0.47897965
2583,0.2254412,0.099474005,0.30464074,0.48775864
2584,0.22714566,0.10553517,0.37491754,0.5649929
2585,0.24106175,0.45771953,0.34981278,0.622155
2586,0.3095325,0.5547234,0.3302559,0.63276106
2587,0.1630943,0.14782938,0.46638453,0.808123
2588,0.10496333,0.14398058,0.40723044,0.6143984
2589,0.18601051,0.28726888,0.34180883,0.6107803
2590,0.33848608,0.5078432,0.15438682,0.54209805
2591,0.3640635,0.5172316,0.2121762,0.59980124
2592,0.45224172,0.61189735,0.2888973,0.70549697
2593,0.07846235,0.18988654,0.18148234,0.6113506
2594,0.24680626,0.13598427,0.2014878,0.3682733
2595,0.1654383,0.19909862,0.24937534,0.3031351
2596,0.4546111,0.41751266,0.244952,0.38089603
2597,0.2658666,0.47071874,0.17853731,0.42531884
2598,0.42943436,0.6206896,0.22709838,0.5179292
2599,0.2981708,0.39555326,0.52231944,0.5380292
2600,0.2599067,0.28080538,0.3399103,0.62741506
2601,0.20044918,0.17892766,0.24002284,0.6352242
2602,0.19325222,0.1901797,0.25681305,0.6661001
2603,0.270458,0.30584198,0.33532196,0.7138579
2604,0.23389435,0.45999572,0.581592,0.7430038
2605,0.3650435,0.5400257,0.5403583,0.7604391
2606,0.28874117,0.67038316,0.5595839,0.85805875
2607,0.36210287,0.63348126,0.5797864,0.82430506
2608,0.27113327,0.43250772,0.2885577,0.85736
2609,0.2944057,0.37394917,0.41351113,0.72311914
2610,0.30878377,0.26911783,0.38449106,0.6837307
2611,0.33873585,0.31807816,0.5830377,0.722026
2612,0.28691745,0.43942177,0.61144906,0.82847315
2613,0.3385994,0.6350561,0.5689839,0.87385833
2614,0.3534385,0.5564729,0.59421015,0.8260315
2615,0.119546145,0.29229185,0.46467942,0.8166499
2616,0.12681071,0.114516966,0.37684697,0.6678902
2617,0.1973104,0.1172653,0.38235113,0.583895
2618,0.19276507,0.124469675,0.42491645,0.56360596
2619,0.15109539,0.11002522,0.34112865,0.5781881
2620,0.10453214,0.1065247,0.27382535,0.6708942
2621,0.09408179,0.10969734,0.26230657,0.72866076
2622,0.09377243,0.1191241,0.2677437,0.73431444
2623,0.108702295,0.13154207,0.3647796,0.64521635
2624,0.09828878,0.11933783,0.5247387,0.6180195
2625,0.099681154,0.12269144,0.6258068,0.71709085
2626,0.12030798,0.11075395,0.6789772,0.73830926
2627,0.18107525,0.10575035,0.68687284,0.8044482
2628,0.16430625,0.08856934,0.6685209,0.72396374
2629,0.22810474,0.085013136,0.6062232,0.57312834
2630,0.18871018,0.07594576,0.5106219,0.5130415
2631,0.15474579,0.05128808,0.3735503,0.5093955
2632,0.093231335,0.063350365,0.28358996,0.4886344
2633,0.080557905,0.045980234,0.33819008,0.53621864
2634,0.08042675,0.06550549,0.3989181,0.5179172
2635,0.24661842,0.20447583,0.41750425,0.5585001
2636,0.42093107,0.44154388,0.42139667,0.64512277
2637,0.24980769,0.4190162,0.33029345,0.740369
2638,0.11674472,0.056181714,0.4878436,0.6871748
2639,0.12186029,0.044099167,0.45011896,0.7077898
2640,0.10605879,0.11378372,0.45540252,0.718243
2641,0.2273633,0.40977335,0.41143417,0.71418095
2642,0.29731968,0.42832503,0.66873497,0.8458638
2643,0.50399536,0.47227797,0.51558363,0.6532812
2644,0.26043487,0.21130905,0.45530853,0.7514553
2645,0.21216074,0.3320706,0.40052885,0.8656753
2646,0.4687575,0.59836775,0.42992118,0.88955724
2647,0.35799778,0.35652432,0.325547,0.82209706
2648,0.15679368,0.061903685,0.33807617,0.7808998
2649,0.12921308,0.12092607,0.31084847,0.7487511
2650,0.12855777,0.18990874,0.33853245,0.75097394
2651,0.12837224,0.21359019,0.35848027,0.68875504
2652,0.12670378,0.21234432,0.37587124,0.704723
2653,0.12804918,0.19509369,0.3780235,0.6288364
2654,0.13843068,0.20165189,0.37882304,0.62580836
2655,0.13687807,0.18473244,0.39875132,0.70860326
2656,0.20406258,0.28217927,0.40719616,0.66446304
2657,0.08471025,0.06331578,0.44218886,0.78240216
2658,0.1112985,0.045118146,0.4067304,0.7349568
2659,0.09084209,0.088291414,0.3565201,0.686306
2660,0.070489965,0.104165874,0.26619178,0.69054425
2661,0.18152556,0.21976495,0.44660494,0.61976314
2662,0.38064027,0.5912747,0.6501106,0.7665026
2663,0.3841213,0.49535677,0.27866498,0.5885034
2664,0.4605255,0.35959455,0.4033803,0.7440274
2665,0.3936501,0.24357978,0.39908624,0.7747474
2666,0.28415066,0.123107225,0.34939796,0.72818416
2667,0.22686335,0.07461512,0.29166877,0.7515002
2668,0.20805895,0.05328366,0.2537551,0.7888324
2669,0.20377973,0.058414817,0.22762758,0.7172842
2670,0.20261642,0.04123164,0.247922,0.7900424
2671,0.20247151,0.056388766,0.25760838,0.7183306
2672,0.1989894,0.06162066,0.23543666,0.7182376
2673,0.19793816,0.057524305,0.20935914,0.73542964
2674,0.19848403,0.07589505,0.1722629,0.7368398
2675,0.20001282,0.08177014,0.17901486,0.7104666
2676,0.19895571,0.06976148,0.1803593,0.66226685
2677,0.19840908,0.0768936,0.17874652,0.64333105
2678,0.19937122,0.07024189,0.21647501,0.6308334
2679,0.20016545,0.06632692,0.28924808,0.6626402
2680,0.19783051,0.07475789,0.31719837,0.59516776
2681,0.19529037,0.07545676,0.3108689,0.5881814
2682,0.19097847,0.08083016,0.30899966,0.61007226
2683,0.18974139,0.08970241,0.31384492,0.5220911
2684,0.19309452,0.07857239,0.32337755,0.4458915
2685,0.19830781,0.102723695,0.34536177,0.41096342
2686,0.19853173,0.12086223,0.355011,0.43213385
2687,0.19175549,0.12004899,0.35174173,0.3605374
2688,0.18711738,0.10471764,0.33829302,0.3804963
2689,0.18444598,0.113299854,0.32313582,0.42942235
2690,0.18313113,0.11153641,0.3095679,0.34616
2691,0.1863471,0.09147525,0.2803337,0.38325995
2692,0.21471485,0.084409654,0.36177036,0.34265265
2693,0.36838433,0.6357976,0.49627817,0.49177307
2694,0.31607443,0.28716868,0.47540125,0.7512438
2695,0.21910235,0.4210149,0.5183998,0.7606149
2696,0.21228504,0.30692482,0.4025314,0.70627356
2697,0.22805887,0.16447602,0.4340625,0.66490436
2698,0.32607147,0.42746282,0.36091635,0.6890397
2699,0.24163906,0.23415895,0.4305624,0.6461346
2700,0.2454161,0.04520271,0.4168961,0.66360533
2701,0.24351186,0.07374302,0.31046438,0.5918257
2702,0.4140215,0.5000939,0.3456586,0.55307823
2703,0.4996934,0.6112835,0.5016078,0.7123762
2704,0.17553622,0.277418,0.5444718,0.7420867
2705,0.28923655,0.34105408,0.46299362,0.77542883
2706,0.38494217,0.39690638,0.3492915,0.71564853
2707,0.44339114,0.46680456,0.3104269,0.77349895
2708,0.2710558,0.2989142,0.29412925,0.6841914
2709,0.47279269,0.5832477,0.28307515,0.6764742
2710,0.22388427,0.27104035,0.20669988,0.65776837
2711,0.33102706,0.3138197,0.17643672,0.65627086
2712,0.19971646,0.14882623,0.25615636,0.6571926
2713,0.32050171,0.41542223,0.3843444,0.73898697
2714,0.24139535,0.28763965,0.34829003,0.658033
2715,0.20437543,0.18741816,0.30653355,0.70869094
2716,0.19148941,0.22239359,0.3424043,0.65071523
2717,0.30319718,0.324357,0.3856567,0.7013065
2718,0.22261925,0.27559796,0.5267353,0.6807572
2719,0.33437338,0.659599,0.46506506,0.79214776
2720,0.29133943,0.6662092,0.50911766,0.7924697
2721,0.31326288,0.6061955,0.61230886,0.7185323
2722,0.22888947,0.37491775,0.43373045,0.7769109
2723,0.21418288,0.15225112,0.33631676,0.68714476
2724,0.1899115,0.13243341,0.42040282,0.67997515
2725,0.13161452,0.10378055,0.53602505,0.7830981
2726,0.27698144,0.2745124,0.51452273,0.7380097
2727,0.36373872,0.6609166,0.45911825,0.81190485
2728,0.33961785,0.59141225,0.51938355,0.8014475
2729,0.25423926,0.42147171,0.5285319,0.7760748
2730,0.106734365,0.14826736,0.4224987,0.74221456
2731,0.15911816,0.10483699,0.38111794,0.738433
2732,0.19562551,0.17080158,0.38411492,0.7250353
2733,0.15343428,0.09858454,0.36219484,0.62860847
2734,0.12459512,0.09391946,0.37131864,0.6522516
2735,0.11461898,0.078838475,0.37649494,0.62278706
2736,0.09531686,0.096629374,0.3636363,0.71412337
2737,0.10593011,0.1554841,0.32677114,0.77035975
2738,0.13091862,0.11595482,0.4461473,0.75269276
2739,0.17389926,0.30604398,0.42210475,0.63635325
2740,0.17715824,0.15020356,0.46757874,0.6507988
2741,0.09732164,0.25468817,0.5457923,0.6504032
2742,0.2231532,0.24627483,0.5280611,0.5907535
2743,0.33051825,0.26277417,0.50988454,0.5758193
2744,0.3290664,0.36432636,0.35911292,0.55612206
2745,0.3083581,0.35826752,0.50988436,0.6745055
2746,0.49405497,0.5482048,0.6519475,0.86504406
2747,0.38233906,0.5610538,0.5403656,0.64338773
2748,0.451141,0.5801884,0.8227091,0.86120033
2749,0.3311034,0.48170662,0.48060137,0.63165903
2750,0.06982842,0.13145275,0.55202055,0.7125269
2751,0.28913975,0.36785454,0.762339,0.8124223
2752,0.37084904,0.6518349,0.67674696,0.659441
2753,0.24033114,0.15130457,0.7115896,0.9074136
2754,0.16107978,0.099441074,0.49958485,0.9382438
2755,0.20153256,0.100926384,0.5986323,0.8288796
2756,0.25739983,0.3542792,0.7308725,0.8385328
2757,0.46552965,0.6429308,0.4529933,0.8013419
2758,0.5634749,0.60571575,0.74204797,0.95450884
2759,0.4356116,0.3636967,0.49472326,0.8394571
2760,0.11182557,0.079145096,0.43940115,0.80544674
2761,0.10807817,0.19678442,0.34854597,0.7493949
2762,0.11464901,0.21443732,0.34280038,0.6908213
2763,0.10927872,0.26274598,0.38883188,0.6824851
2764,0.10677013,0.28808942,0.403034,0.6721941
2765,0.11745761,0.26933014,0.43096262,0.65617836
2766,0.13427562,0.25323272,0.42514074,0.60880065
2767,0.13666917,0.24381727,0.38202497,0.6158062
2768,0.15113062,0.24319963,0.3139023,0.5337547
2769,0.07526472,0.08506709,0.31807894,0.5842355
2770,0.12564462,0.058475114,0.29511142,0.4544271
2771,0.26534495,0.4254353,0.15570042,0.2799923
2772,0.42452168,0.5370643,0.13208258,0.2316036
2773,0.45312184,0.46769962,0.4162832,0.69402486
2774,0.41439128,0.49384055,0.4586987,0.91871095
2775,0.3627817,0.20708913,0.28819865,0.72980225
2776,0.36898595,0.3883406,0.4688325,0.6574843
2777,0.49911818,0.5489852,0.5160941,0.7920898
2778,0.273762,0.5472983,0.36898252,0.7682207
2779,0.16430329,0.1878983,0.26612902,0.66304684
2780,0.17939803,0.1367658,0.2782972,0.74485356
2781,0.40317872,0.4254631,0.22860706,0.6720269
2782,0.21395265,0.21609184,0.2613102,0.71073973
2783,0.38508523,0.5495266,0.19713533,0.6049411
2784,0.43836874,0.4114968,0.297192,0.5688293
2785,0.45714596,0.449135,0.4840157,0.47963926
2786,0.0981185,0.2254918,0.22002208,0.4928956
2787,0.29346454,0.2652197,0.5420437,0.73752666
2788,0.2302134,0.30164775,0.4482519,0.64495265
2789,0.36780244,0.43184537,0.51775396,0.66430056
2790,0.22881417,0.2725679,0.4164561,0.5874362
2791,0.21103282,0.16781645,0.299255,0.6442128
2792,0.22263084,0.18302825,0.1806621,0.62286836
2793,0.23881152,0.2156382,0.19921893,0.65558016
2794,0.30095822,0.32512885,0.2950986,0.7278955
2795,0.24043567,0.35588968,0.59357953,0.74477315
2796,0.34608564,0.65346926,0.4498778,0.77031153
2797,0.29072332,0.6852549,0.47727036,0.8018621
2798,0.34218702,0.63520175,0.33996886,0.8749861
2799,0.28717527,0.3745246,0.3434224,0.80651873
2800,0.31799865,0.34564215,0.5911964,0.71115166
2801,0.24776247,0.2073572,0.40586284,0.76467097
2802,0.19197175,0.13347459,0.46593198,0.7412257
2803,0.29439226,0.29337382,0.55090916,0.74035954
2804,0.28235593,0.56444365,0.5875788,0.809052
2805,0.32421166,0.5940824,0.57649285,0.82129014
2806,0.30981904,0.51291066,0.58085805,0.78790116
2807,0.11408981,0.2145122,0.43943983,0.82628495
2808,0.14543718,0.13196802,0.39877194,0.7381835
2809,0.19028312,0.14503515,0.39317137,0.6621181
2810,0.17840853,0.15259606,0.37615716,0.63481927
2811,0.14751527,0.1053312,0.36201817,0.61133754
2812,0.12607828,0.08801391,0.3599965,0.64592946
2813,0.115010455,0.0910116,0.33560473,0.691359
2814,0.09390241,0.10274968,0.36673194,0.7572313
2815,0.05955398,0.1034897,0.3957129,0.71876776
2816,0.07953379,0.1268235,0.4322012,0.681107
2817,0.14268467,0.20605245,0.5284706,0.6624499
2818,0.13810153,0.08902162,0.47600466,0.73151684
2819,0.103978775,0.24116127,0.5584017,0.7373144
2820,0.21202976,0.20420325,0.63383114,0.67988044
2821,0.32973337,0.2687365,0.64511955,0.62195385
2822,0.39594585,0.4389604,0.37959415,0.52275395
2823,0.51103413,0.56387323,0.6319492,0.7895613
2824,0.31282502,0.45555896,0.530334,0.6486
2825,0.38972777,0.42523843,0.57377446,0.8041969
2826,0.40775967,0.5611188,0.4734128,0.6277456
2827,0.32329544,0.38594747,0.84689534,0.8845258
2828,0.27835208,0.41830283,0.89379394,0.89518946
2829,0.39967757,0.59145504,0.76752466,0.7218231
2830,0.29054746,0.19977951,0.7678814,0.96895796
2831,0.19733793,0.12810043,0.65952146,0.9542351
2832,0.1870756,0.18713745,0.47029424,0.81474787
2833,0.2711876,0.35699105,0.5931061,0.80728465
2834,0.39195764,0.5803692,0.33892453,0.78471667
2835,0.46546242,0.5598937,0.37435436,0.8521758
2836,0.28285566,0.21776795,0.2231198,0.7965755
2837,0.08322586,0.12230617,0.21630251,0.69958997
2838,0.11559722,0.25402248,0.29117554,0.62486064
2839,0.17183356,0.34298316,0.34528062,0.629884
2840,0.22258733,0.37058145,0.33023593,0.6893748
2841,0.29987463,0.36038864,0.21712106,0.62984455
2842,0.3263507,0.27137572,0.24527496,0.6381018
2843,0.42807063,0.5388311,0.67759633,0.8646673
2844,0.38124454,0.45276612,0.5025563,0.71378684
2845,0.40584853,0.36786583,0.40429604,0.7679833
2846,0.36269662,0.24485035,0.5117876,0.7741549
2847,0.29409015,0.18026692,0.518244,0.77349305
2848,0.23990744,0.110439725,0.41558245,0.81706107
2849,0.19965932,0.09110892,0.34345138,0.74618125
2850,0.18346873,0.07271479,0.29756647,0.70673233
2851,0.17217968,0.06724651,0.26312873,0.7617217
2852,0.1652883,0.07415268,0.23668459,0.76052034
2853,0.16129057,0.07141338,0.24590138,0.7027037
2854,0.15836549,0.08171636,0.2871449,0.6491674
2855,0.15826276,0.060901538,0.2664245,0.7206439
2856,0.1615467,0.06132709,0.25644463,0.6399268
2857,0.16275278,0.08567608,0.24946412,0.60042423
2858,0.17394342,0.08740211,0.25336245,0.50850576
2859,0.18970934,0.0845225,0.25577062,0.42504847
2860,0.20165895,0.10834476,0.2431458,0.48218343
2861,0.19511084,0.09787499,0.23864345,0.5527079
2862,0.3997125,0.58392245,0.3802903,0.54025114
2863,0.2931344,0.492131,0.53805774,0.74812645
2864,0.20043193,0.2184054,0.34213427,0.63024765
2865,0.22295879,0.1576815,0.33562735,0.65627134
2866,0.23244053,0.091689505,0.25181937,0.65447795
2867,0.20897251,0.18388437,0.15655798,0.6828566
2868,0.33041817,0.47010618,0.24021424,0.5869303
2869,0.3964588,0.5431798,0.21080858,0.6134275
2870,0.479178,0.6504301,0.40249163,0.7973686
2871,0.28324488,0.48951116,0.20015877,0.4337968
2872,0.5202239,0.620006,0.41253567,0.6258732
2873,0.23069257,0.16869721,0.41508037,0.55907524
2874,0.37942022,0.31287897,0.57812554,0.7446589
2875,0.37738833,0.41374925,0.5129206,0.66616434
2876,0.39794913,0.4077025,0.37046716,0.6818589
2877,0.22510996,0.2669971,0.5514345,0.6181445
2878,0.376019,0.45620897,0.4920769,0.6586633
2879,0.33184397,0.32322887,0.56386447,0.7435709
2880,0.2625606,0.2494928,0.64332175,0.70981705
2881,0.34001312,0.34612757,0.7714039,0.7219544
2882,0.31999594,0.50336397,0.69138825,0.7447345
2883,0.33433124,0.63476676,0.62532496,0.92298084
2884,0.29027453,0.61155164,0.5938649,0.74943334
2885,0.31101698,0.55795515,0.66502345,0.79215336
2886,0.44001228,0.5565248,0.63737583,0.84244573
2887,0.39416534,0.36250338,0.4912545,0.75828165
2888,0.32323113,0.30623502,0.5548105,0.8132348
2889,0.32064945,0.60595715,0.5311849,0.8215274
2890,0.34710532,0.57861656,0.5540079,0.81828356
2891,0.30706787,0.49095064,0.5086089,0.7842661
2892,0.14212203,0.21228251,0.48073542,0.7206323
2893,0.14536747,0.101904936,0.3823446,0.6027875
2894,0.21708958,0.20917441,0.41912204,0.5797364
2895,0.20828767,0.1890708,0.4180768,0.64861894
2896,0.23631364,0.22541752,0.52966475,0.6174185
2897,0.113048635,0.09583767,0.42423218,0.73520535
2898,0.105349354,0.09848604,0.38626614,0.7788892
2899,0.093819596,0.10205284,0.36155725,0.78188753
2900,0.11593647,0.111258335,0.47034025,0.84936845
2901,0.09701733,0.23516025,0.48548463,0.77042055
2902,0.28937128,0.33662504,0.6658219,0.65298724
2903,0.4588752,0.4783267,0.6507352,0.6274202
2904,0.13701439,0.099657945,0.6954228,0.6504762
2905,0.32263952,0.31531626,0.47958076,0.57477266
2906,0.3717544,0.3677649,0.3762248,0.6435311
2907,0.3209462,0.4223425,0.4984009,0.84347445
2908,0.24853703,0.28669682,0.38146982,0.66648906
2909,0.44549304,0.5617081,0.3279632,0.6172364
2910,0.13484362,0.14425692,0.33987632,0.63988805
2911,0.09573485,0.15836343,0.18471456,0.69585824
2912,0.14359024,0.12797403,0.3356497,0.70418656
2913,0.08526688,0.04615169,0.28165483,0.64562535
2914,0.06666832,0.14266846,0.24950632,0.70208687
2915,0.3732296,0.5262461,0.34248787,0.68901956
2916,0.13882995,0.23951088,0.448506,0.65034914
2917,0.23150054,0.28632006,0.40250847,0.5354601
2918,0.43729165,0.46299925,0.5746686,0.59547895
2919,0.49732426,0.57801557,0.24512753,0.5475549
2920,0.43273774,0.45210493,0.2768507,0.7539964
2921,0.4501599,0.5804876,0.44483873,0.74989307
2922,0.28917712,0.29395494,0.3116567,0.8556781
2923,0.38239077,0.42209277,0.28638232,0.68949074
2924,0.12214609,0.19889113,0.43183708,0.71345544
2925,0.12288413,0.20039645,0.47070915,0.73841983
2926,0.11998412,0.18181756,0.5248345,0.66598856
2927,0.11651441,0.17971058,0.4471138,0.6999055
2928,0.11324227,0.16855747,0.32860327,0.69557893
2929,0.1833463,0.25914282,0.38728914,0.6971805
2930,0.16852388,0.2447716,0.24607855,0.69091105
2931,0.08494001,0.090432405,0.4546017,0.79943633
2932,0.119679846,0.11263929,0.523521,0.82002026
2933,0.15230629,0.14267509,0.5663179,0.84726477
2934,0.20933773,0.19486192,0.6153051,0.8498715
2935,0.1138702,0.16223723,0.45718896,0.76007664
2936,0.2695811,0.37126964,0.5810822,0.70987123
2937,0.42611355,0.6302598,0.5188024,0.72772866
2938,0.41745692,0.52254856,0.47006196,0.8658894
2939,0.48008135,0.36850527,0.4242558,0.8774757
2940,0.37725738,0.22061293,0.3797437,0.741421
2941,0.2684229,0.11210159,0.33798498,0.8275158
2942,0.21972604,0.07624797,0.2852553,0.73271406
2943,0.20485404,0.045454584,0.2516824,0.7666101
2944,0.19926083,0.041360326,0.22436702,0.670583
2945,0.19388843,0.04755362,0.2070722,0.7305401
2946,0.19116113,0.062213127,0.19660264,0.7093271
2947,0.18697521,0.06632847,0.19479126,0.7522963
2948,0.1880371,0.060465463,0.19785166,0.6824793
2949,0.19129455,0.07638552,0.19539553,0.7268708
2950,0.19209911,0.076063246,0.20124677,0.69677556
2951,0.18999699,0.06980391,0.24571845,0.6646639
2952,0.19403285,0.06968858,0.30077946,0.63423073
2953,0.1956526,0.062054463,0.31678602,0.6019453
2954,0.19535476,0.07607419,0.30750945,0.5445907
2955,0.19700125,0.08087924,0.29965448,0.46920297
2956,0.20058909,0.09023499,0.29803216,0.42939338
2957,0.20720536,0.10071355,0.3029444,0.38891524
2958,0.20088089,0.11254761,0.28648937,0.3898
2959,0.19421504,0.12200686,0.27257437,0.36767572
2960,0.18931322,0.11459176,0.27409378,0.40471977
2961,0.19196145,0.10093984,0.25835854,0.31760952
2962,0.19274423,0.43254736,0.37991717,0.45883182
2963,0.39232922,0.6143791,0.38067394,0.570341
2964,0.17997211,0.23035897,0.37736467,0.6742828
2965,0.26291814,0.20959277,0.5678953,0.66290116
2966,0.22239596,0.13569802,0.42356783,0.63452315
2967,0.24004643,0.081232,0.30809522,0.68109703
2968,0.23770548,0.06870847,0.20040989,0.6709529
2969,0.23365524,0.31183237,0.17312527,0.64445853
2970,0.43085316,0.53642344,0.1877352,0.6140263
2971,0.46500337,0.5567943,0.48317245,0.73808056
2972,0.24918342,0.46460107,0.513435,0.5691507
2973,0.54655194,0.6248532,0.3859892,0.708026
2974,0.34958258,0.3534338,0.16605932,0.530689
2975,0.46720576,0.50949466,0.3556894,0.5781971
2976,0.28242487,0.29817122,0.46743315,0.5872005
2977,0.25560218,0.27717474,0.69177216,0.90826917
2978,0.19997478,0.17055643,0.66001457,0.9598636
2979,0.17409378,0.13521618,0.6446245,0.954103
2980,0.24342763,0.27475384,0.6604196,0.91484606
2981,0.33662775,0.35476157,0.78382033,0.82975316
2982,0.16157892,0.34051228,0.6917324,0.714839
2983,0.39926758,0.60684437,0.5772673,0.84314334
2984,0.34383583,0.67468977,0.51296747,0.687431
2985,0.32677978,0.632371,0.6286886,0.828878
2986,0.37298372,0.39810932,0.46352828,0.8659729
2987,0.23040774,0.13460751,0.5505452,0.8055323
2988,0.25737277,0.23728862,0.54218173,0.7746882
2989,0.34725827,0.60958564,0.5545685,0.75210184
2990,0.34421128,0.54411817,0.571614,0.8189538
2991,0.2737772,0.4479148,0.46812263,0.7959933
2992,0.13841741,0.1822769,0.52902985,0.62269455
2993,0.13834028,0.10372422,0.5207753,0.6076274
2994,0.14363858,0.09804454,0.43574896,0.6201972
2995,0.13121969,0.10175621,0.3356961,0.65952224
2996,0.11536028,0.11220672,0.35389534,0.6618741
2997,0.10992811,0.107046224,0.41988668,0.67600787
2998,0.10881629,0.11888105,0.5128476,0.6068207
2999,0.10835919,0.10835913,0.5918365,0.6605759
3000,0.31963044,0.6465694,0.29215634,0.762597
3001,0.34762374,0.5059806,0.67696875,0.8726569
3002,0.44050366,0.57611835,0.39569625,0.62919736
3003,0.3714528,0.58717513,0.41180095,0.706491
3004,0.33919752,0.49916136,0.67874765,0.86240906
3005,0.3896869,0.61092883,0.49512446,0.86652815
3006,0.38015795,0.58730245,0.47199702,0.7442614
3007,0.38007778,0.5248342,0.68225086,0.74073756
3008,0.24844459,0.46671587,0.4839611,0.6090615
3009,0.3831963,0.59033746,0.66148275,0.79878646
3010,0.5007678,0.59717214,0.37152246,0.8708121
3011,0.44609925,0.521337,0.6418053,0.8809047
3012,0.4326436,0.5241498,0.5287377,0.93047386
3013,0.38421828,0.44279844,0.65205747,0.8452743
3014,0.1984867,0.42379597,0.4728471,0.86265695
3015,0.42664853,0.54299706,0.3265306,0.90727556
3016,0.3981563,0.5290065,0.37247223,0.89202607
3017,0.39425468,0.5659954,0.54792285,0.816895
3018,0.34277102,0.5971242,0.51338637,0.57102853
3019,0.23835629,0.43246558,0.703708,0.8665424
3020,0.3529837,0.599569,0.62850213,0.75256646
3021,0.43533128,0.57701224,0.7162702,0.50524676
3022,0.3853308,0.5767341,0.5050349,0.5445096
3023,0.42771602,0.6374295,0.47265738,0.49115524
3024,0.3600909,0.54012334,0.4665222,0.5131053
3025,0.40006733,0.5754414,0.26821283,0.34752962
3026,0.32922506,0.39524627,0.39961863,0.24694535
3027,0.5065745,0.6744816,0.519979,0.49667054
3028,0.23763981,0.4318719,0.4526502,0.6803749
3029,0.28283405,0.36503214,0.2503502,0.2511316
3030,0.32859063,0.20609464,0.24055927,0.3916294
3031,0.21021524,0.14334995,0.37367523,0.40485668
3032,0.1749515,0.096385464,0.41756722,0.4240012
3033,0.18314268,0.06744032,0.31203067,0.4200589
3034,0.18382873,0.036967598,0.36256683,0.50650126
3035,0.17377396,0.04331371,0.43242782,0.4551862
3036,0.16511126,0.032791667,0.42938292,0.45217597
3037,0.16452888,0.04864133,0.38679525,0.4194673
3038,0.16420121,0.046664946,0.35021248,0.5529974
3039,0.14471841,0.043631893,0.28245938,0.62043303
3040,0.15709057,0.121273085,0.9391773,0.67360127
3041,0.13906348,0.07670267,0.46811473,0.53181064
3042,0.11973541,0.0578068,0.43031377,0.37521675
3043,0.12422034,0.046656355,0.48176393,0.4353645
3044,0.10077533,0.092320815,0.49818975,0.4282578
3045,0.115464576,0.06287771,0.5108398,0.46387422
3046,0.12583268,0.0993817,0.51355916,0.41605312
3047,0.1353994,0.08143674,0.49906927,0.4109505
3048,0.14093448,0.05114834,0.49309593,0.3684618
3049,0.1369813,0.067964464,0.46960273,0.38575804
3050,0.12769869,0.155936,0.35215625,0.35368103
3051,0.11536489,0.29208127,0.20079844,0.26886225
3052,0.11887537,0.2851419,0.2616982,0.3307102
3053,0.22889039,0.3668218,0.25603312,0.49989682
3054,0.23400924,0.27261835,0.3505302,0.426821
3055,0.30566984,0.33420944,0.22580332,0.5021712
3056,0.343969,0.4149493,0.37689644,0.8757785
3057,0.4672131,0.5721455,0.29221523,0.8233384
3058,0.46303213,0.35154173,0.37359005,0.8778748
3059,0.30684298,0.16251317,0.3074528,0.89771986
3060,0.16583908,0.049585328,0.22557704,0.8274852
3061,0.11747925,0.08144269,0.18782622,0.831756
3062,0.12248921,0.112701654,0.17704299,0.80367464
3063,0.119970925,0.11591432,0.18800083,0.836871
3064,0.11855261,0.11924741,0.2038889,0.7789991
3065,0.11825282,0.11416114,0.23836605,0.7616944
3066,0.11705151,0.110577345,0.27269462,0.78178513
3067,0.115447246,0.10283981,0.32102248,0.7840646
3068,0.11420134,0.08570762,0.361464,0.77553993
3069,0.11183553,0.09816775,0.37983236,0.7785167
3070,0.10786074,0.10999907,0.38681123,0.71669763
3071,0.09827881,0.09947938,0.35763097,0.7735558
3072,0.09897597,0.25789568,0.3045213,0.69310486
3073,0.16684406,0.03828278,0.267825,0.6696402
3074,0.08451826,0.08681734,0.25437278,0.665812
3075,0.08419255,0.12789594,0.2810765,0.7172299
3076,0.1498202,0.056048185,0.29654753,0.6713517
3077,0.1321802,0.07367366,0.25792158,0.6860362
3078,0.06915495,0.06946373,0.22856307,0.46915695
3079,0.08693781,0.112639055,0.20935082,0.41495958
3080,0.14994645,0.24189305,0.33062932,0.48301232
3081,0.43992078,0.5651888,0.17729747,0.36546722
3082,0.34217745,0.6090633,0.31250685,0.6288899
3083,0.117179796,0.19980845,0.33701417,0.4353791
3084,0.18775856,0.30371332,0.26337653,0.44177514
3085,0.12381478,0.26405922,0.268241,0.4421091
3086,0.16953397,0.3327404,0.341033,0.79401165
3087,0.26076588,0.09017424,0.2117585,0.5451953
3088,0.34947133,0.09766097,0.22417146,0.49365526
3089,0.13669425,0.19943863,0.26852053,0.49672562
3090,0.3988048,0.36244184,0.27164656,0.44822952
3091,0.2264844,0.074657924,0.2449857,0.5140325
3092,0.1693906,0.09042405,0.23643565,0.50038195
3093,0.10863127,0.065686464,0.2237618,0.59770274
3094,0.10827097,0.08959796,0.24741971,0.49032602
3095,0.113525555,0.12946895,0.29828435,0.65656054
3096,0.16662736,0.17873594,0.360471,0.5890641
3097,0.15819545,0.111642815,0.4473121,0.61816716
3098,0.36193627,0.5885225,0.47388625,0.69491374
3099,0.36716145,0.53880405,0.40411592,0.8322508
3100,0.341489,0.44690984,0.51059246,0.8690274
3101,0.19798146,0.2308118,0.41963524,0.8010756
3102,0.060528606,0.05626817,0.42144832,0.8413377
3103,0.06434107,0.048895217,0.46273708,0.861134
3104,0.08049815,0.04637368,0.43994346,0.82599634
3105,0.11345004,0.12224383,0.32487857,0.80634904
3106,0.14191486,0.17398942,0.3501832,0.8101974
3107,0.08469894,0.12897547,0.2662202,0.7816453
3108,0.09881417,0.08972057,0.29386324,0.69296724
3109,0.10376185,0.07187222,0.3045475,0.5485372
3110,0.103756614,0.056874804,0.30507952,0.4931021
3111,0.10154269,0.09033132,0.30210143,0.5066062
3112,0.109396376,0.08860373,0.29140067,0.53894746
3113,0.12391024,0.1375706,0.30450675,0.4654989
3114,0.12806837,0.11952814,0.33670503,0.45346949
3115,0.13537267,0.13719642,0.35715976,0.47072554
3116,0.119161226,0.14000541,0.3181625,0.46255285
3117,0.114940725,0.1667808,0.26599044,0.47051543
3118,0.12597239,0.18641567,0.25871414,0.45525068
3119,0.11399911,0.16254681,0.26820374,0.6054396
3120,0.24595131,0.25930947,0.6986287,0.77611876
3121,0.33764225,0.43505228,0.5582949,0.76951045
3122,0.2732542,0.45457757,0.33133918,0.69412696
3123,0.40358436,0.5140279,0.7095351,0.68595874
3124,0.22364388,0.28325754,0.41832894,0.7861037
3125,0.1981782,0.2856466,0.22912948,0.6252225
3126,0.30003467,0.5550812,0.54540074,0.75231093
3127,0.3699072,0.44979393,0.83583325,0.95010346
3128,0.123155326,0.10171336,0.7964361,1.0590516
3129,0.08801211,0.10389702,0.62476945,0.95638937
3130,0.11179837,0.12891845,0.40735346,0.78601277
3131,0.4001409,0.52438325,0.35508558,0.82161736
3132,0.41646183,0.47590986,0.13997829,0.7147285
3133,0.30685073,0.17014398,0.1686126,0.73549914
3134,0.12018846,0.09921898,0.16963339,0.64465064
3135,0.122707635,0.19490653,0.17609626,0.623366
3136,0.12848221,0.22454621,0.16834694,0.6382846
3137,0.1315371,0.23161268,0.14764947,0.604094
3138,0.15257461,0.22693317,0.10086274,0.6006329
3139,0.15812817,0.23384738,0.07217133,0.68266857
3140,0.15740716,0.2323526,0.08875245,0.6732621
3141,0.09444641,0.15304355,0.13876054,0.66429293
3142,0.07545419,0.12023276,0.21664095,0.6882489
3143,0.090023436,0.13210648,0.26686513,0.71859634
3144,0.08947464,0.13675229,0.3257854,0.6933553
3145,0.1522737,0.19787392,0.43907052,0.42753977
3146,0.44242954,0.5906941,0.4050524,0.61961067
3147,0.3168792,0.60103595,0.29732305,0.8006171
3148,0.13326758,0.29842904,0.41311586,0.5457162
3149,0.123589516,0.38245633,0.28001192,0.6562682
3150,0.31452528,0.09212189,0.35541832,0.48213032
3151,0.13371478,0.07256775,0.1523357,0.3664341
3152,0.14125927,0.14078498,0.29635525,0.3137985
3153,0.15429412,0.04073283,0.29427,0.39117038
3154,0.3197511,0.58048123,0.36535317,0.3072217
3155,0.3972676,0.62456274,0.31069505,0.60631657
3156,0.13555531,0.17759168,0.40319175,0.67842126
3157,0.24465641,0.24525476,0.4793984,0.69151944
3158,0.16904898,0.21212086,0.6373016,0.6254036
3159,0.4107579,0.6180638,0.54177684,0.8678057
3160,0.48536515,0.548903,0.4058349,0.5654251
3161,0.50969946,0.44547224,0.35864633,0.4961158
3162,0.3471715,0.3476384,0.35333222,0.5070026
3163,0.1285744,0.027749756,0.15845829,0.47265258
3164,0.33525386,0.31784835,0.17906314,0.41343212
3165,0.27684146,0.18711868,0.18346047,0.5889346
3166,0.20868722,0.10433848,0.2404285,0.66123843
3167,0.17255932,0.06825743,0.25717604,0.71447265
3168,0.14186773,0.07923673,0.2506296,0.68366843
3169,0.13389334,0.06354673,0.30920237,0.73346907
3170,0.13844892,0.06974596,0.3421495,0.76459265
3171,0.14580153,0.08376663,0.34510678,0.6899687
3172,0.1456849,0.08113849,0.33129156,0.6517104
3173,0.14839764,0.08611877,0.2954039,0.62833
3174,0.15443268,0.09653883,0.25297952,0.57497203
3175,0.16294564,0.09440376,0.25336206,0.5366521
3176,0.17293267,0.10401756,0.2519241,0.5600538
3177,0.1787319,0.12065879,0.24979186,0.53131807
3178,0.17949311,0.11273842,0.24905014,0.4916808
3179,0.18079598,0.106436454,0.24398649,0.54470825
3180,0.18243787,0.12011482,0.2428559,0.5381053
3181,0.18301444,0.10595592,0.2417323,0.49807847
3182,0.1841385,0.107869685,0.24935013,0.5464915
3183,0.18303446,0.105390675,0.27647004,0.48277786
3184,0.30359107,0.4091403,0.371527,0.606223
3185,0.36024684,0.57602,0.27241677,0.6499008
3186,0.28328323,0.49689993,0.49291894,0.9403325
3187,0.24695756,0.27368096,0.3211762,0.63682747
3188,0.20880377,0.18545853,0.2477178,0.5415704
3189,0.19051157,0.25186998,0.17294249,0.465652
3190,0.2924211,0.30410457,0.22498673,0.39672935
3191,0.30501103,0.28489888,0.2761476,0.3746064
3192,0.37462482,0.49214345,0.4473921,0.46743712
3193,0.4370017,0.444797,0.59211636,0.6614076
3194,0.2990117,0.34471375,0.3526587,0.6174413
3195,0.306618,0.24237293,0.53047055,0.51485646
3196,0.42378396,0.5399384,0.3219914,0.61752653
3197,0.3338707,0.5352729,0.26036897,0.73392403
3198,0.38768262,0.5196595,0.3369119,0.6617336
3199,0.32254052,0.49256805,0.3306694,0.7091296
3200,0.49036855,0.5624548,0.29228294,0.7635313
3201,0.34199604,0.5941732,0.5680033,0.7398284
3202,0.4461431,0.58261544,0.31341714,0.7657092
3203,0.31794026,0.5629728,0.7551576,0.70915914
3204,0.40144995,0.6106071,0.3801759,0.80273134
3205,0.29247886,0.3097551,0.5445529,0.7292875
3206,0.37131304,0.4536597,0.51964676,0.7248872
3207,0.2836381,0.31968182,0.4718564,0.6416887
3208,0.19482347,0.19242223,0.45817393,0.7076892
3209,0.19382198,0.17143975,0.5305208,0.80900824
3210,0.24559553,0.27036914,0.6459821,0.6926829
3211,0.30218804,0.5680974,0.68869257,0.7605646
3212,0.3492145,0.57455146,0.7124465,0.77683777
3213,0.33980295,0.5779852,0.576434,0.8893577
3214,0.301295,0.5887259,0.48183918,0.7715921
3215,0.4048111,0.51254743,0.38373235,0.8483643
3216,0.3573455,0.3196525,0.5892905,0.8231948
3217,0.28613997,0.21461317,0.61014766,0.8271122
3218,0.27216563,0.5436426,0.5873544,0.8119297
3219,0.34947997,0.61899066,0.5206722,0.83055234
3220,0.33371297,0.52739245,0.5373736,0.8088575
3221,0.12106426,0.23355111,0.53087294,0.8520768
3222,0.1445702,0.089607544,0.49546278,0.7624907
3223,0.20245898,0.099182196,0.4257769,0.7455894
3224,0.18809526,0.10584189,0.42983833,0.70632046
3225,0.14828327,0.115392946,0.35102978,0.70579946
3226,0.10809251,0.09266051,0.33759314,0.68625975
3227,0.19151597,0.15474391,0.48957628,0.66891235
3228,0.11407018,0.111729,0.43476456,0.8185593
3229,0.13553599,0.36621886,0.53475,0.7553508
3230,0.32986784,0.3649273,0.66725093,0.6139916
3231,0.3460623,0.4028744,0.49352962,0.81958055
3232,0.3096501,0.5289716,0.790282,0.70348746
3233,0.41853982,0.5382959,0.524709,0.64463377
3234,0.12161502,0.19756776,0.29407516,0.673458
3235,0.15823613,0.15087134,0.26762182,0.6370209
3236,0.10500306,0.08169249,0.3738274,0.5499915
3237,0.0820655,0.04230946,0.41739878,0.5781933
3238,0.08843803,0.043924116,0.41111648,0.572682
3239,0.07023791,0.037724927,0.37593746,0.6268792
3240,0.06622778,0.035177473,0.33520532,0.61918634
3241,0.06558503,0.041706417,0.40912,0.6527259
3242,0.063985646,0.065913975,0.36502457,0.6637735
3243,0.2154405,0.46038428,0.35585338,0.6730726
3244,0.37391204,0.60784674,0.5355247,0.71198547
3245,0.2388036,0.32748407,0.73594224,0.8942075
3246,0.3291011,0.31512797,0.45667127,0.90329695
3247,0.35790223,0.3826598,0.6485183,0.9186329
3248,0.5395439,0.7306988,0.84498787,1.0007309
3249,0.4613878,0.55495733,0.49244964,0.9592883
3250,0.36855894,0.304736,0.32238066,0.9706136
3251,0.13054433,0.14181611,0.3240872,0.94386566
3252,0.18310456,0.16926241,0.43094653,0.9311481
3253,0.22838807,0.1835984,0.5050534,0.8772212
3254,0.28221005,0.24082781,0.51480097,0.89633405
3255,0.18291456,0.16953379,0.61626136,0.9348896
3256,0.26306373,0.3474515,0.47772536,0.7978193
3257,0.19949628,0.21450299,0.40314138,0.80016863
3258,0.20543392,0.18254605,0.31932896,0.7402136
3259,0.19898152,0.16384289,0.31042224,0.7759045
3260,0.416105,0.37097812,0.30608147,0.83845025
3261,0.15371653,0.08571603,0.17366642,0.8341059
3262,0.30566454,0.24983475,0.16559714,0.7822507
3263,0.12268256,0.07193267,0.17618936,0.8526212
3264,0.09889168,0.05494396,0.2053284,0.8301725
3265,0.07565064,0.073889896,0.217534,0.85014063
3266,0.088106215,0.12598759,0.2973891,0.89263815
3267,0.16108699,0.19020452,0.5111946,0.9308127
3268,0.35675985,0.3810481,0.4803759,0.8772431
3269,0.24772659,0.51862794,0.46477526,0.9114087
3270,0.4290995,0.53128767,0.3705036,0.78113765
3271,0.4820482,0.38425297,0.3862305,0.749712
3272,0.3328523,0.2745274,0.4601234,0.8701233
3273,0.27417848,0.17406017,0.289904,0.8265868
3274,0.21163401,0.115173,0.39337406,0.7839009
3275,0.18067096,0.08584556,0.4556331,0.75435555
3276,0.16296144,0.056564424,0.44708955,0.79527926
3277,0.1613791,0.047428064,0.42301425,0.66379476
3278,0.16847432,0.039598465,0.335446,0.67916846
3279,0.18335685,0.06424585,0.3797814,0.6943383
3280,0.19643395,0.06390569,0.34895414,0.6552729
3281,0.21853578,0.07753731,0.33790192,0.6211027
3282,0.2565475,0.43507454,0.31519672,0.5957189
3283,0.31514546,0.5302939,0.31787497,0.6880224
3284,0.29487795,0.37452793,0.6772939,0.90359646
3285,0.42144117,0.5410168,0.6287335,0.8174516
3286,0.2105528,0.3199294,0.61379373,0.7659597
3287,0.34236258,0.5699669,0.588944,0.85304874
3288,0.2537241,0.2754696,0.4323762,0.76569295
3289,0.4166919,0.45642897,0.34856278,0.67974395
3290,0.20907068,0.16096713,0.2184974,0.71861553
3291,0.2719364,0.19995879,0.2603045,0.68723387
3292,0.30383155,0.22442922,0.3268782,0.6229675
3293,0.29247537,0.23283696,0.2769361,0.6310538
3294,0.26915812,0.18929361,0.32707223,0.6859508
3295,0.23785053,0.20077382,0.35251838,0.7042252
3296,0.27631792,0.29013768,0.34502482,0.7483655
3297,0.22466306,0.14240193,0.28047663,0.7318806
3298,0.2277863,0.5192123,0.4109813,0.7545359
3299,0.34562626,0.6347172,0.5979457,0.9045215
3300,0.38525996,0.52759486,0.50237876,0.80562496
3301,0.2805043,0.5782551,0.43299478,0.7854649
3302,0.25572503,0.28186524,0.17697272,0.7751179
3303,0.17705145,0.22646971,0.15500891,0.72654593
3304,0.20230757,0.17109829,0.28177282,0.7600767
3305,0.2083819,0.118107595,0.35741317,0.75339377
3306,0.38705954,0.4085224,0.6065514,0.7804872
3307,0.37316874,0.52781725,0.54553473,0.7229447
3308,0.27773243,0.4696598,0.4887186,0.7439056
3309,0.26238504,0.17639887,0.66753256,0.7302642
3310,0.26388073,0.12963215,0.6766007,0.7416942
3311,0.24266143,0.11877915,0.57069623,0.7891553
3312,0.20487534,0.090434395,0.492037,0.67931557
3313,0.15869361,0.16652197,0.4787114,0.6928085
3314,0.15968582,0.108869694,0.38309777,0.7027642
3315,0.29764867,0.2582791,0.51687694,0.7762766
3316,0.40622404,0.6307467,0.41920817,0.7631623
3317,0.33613312,0.60443634,0.59152377,0.6506909
3318,0.23426263,0.3908882,0.62160933,0.70900047
3319,0.13567212,0.3376052,0.35857502,0.65978146
3320,0.2638219,0.29552653,0.5705775,0.5627595
3321,0.40865564,0.32455772,0.71671575,0.60452724
3322,0.2464788,0.14771459,0.77639675,0.7049183
3323,0.3856935,0.35021985,0.50336856,0.6577708
3324,0.17306902,0.14611182,0.34392658,0.6630765
3325,0.25191548,0.17703338,0.28400123,0.6187947
3326,0.21522693,0.18222192,0.3835377,0.6759947
3327,0.084882684,0.097883135,0.4267661,0.6451919
3328,0.08299568,0.09299624,0.48939878,0.6688753
3329,0.10440917,0.06324758,0.54800653,0.6553689
3330,0.09914435,0.068329506,0.5957698,0.6020344
3331,0.08448318,0.093188435,0.49712732,0.59039706
3332,0.49317536,0.6294087,0.43571344,0.55977815
3333,0.39105734,0.5258553,0.3626551,0.66196454
3334,0.20743379,0.44252455,0.5156255,0.773676
3335,0.33379698,0.33483985,0.33458346,0.66029406
3336,0.18012017,0.26553655,0.56225115,0.74484193
3337,0.22503647,0.2084275,0.5541676,0.7374609
3338,0.16226763,0.23560731,0.28166384,0.8044046
3339,0.28287053,0.48148444,0.2893942,0.7745141
3340,0.38845795,0.5162159,0.4764257,0.79821074
3341,0.18271732,0.29542518,0.4690539,0.7852666
3342,0.12993476,0.15182102,0.58769035,0.7101563
3343,0.4767502,0.6270683,0.7228245,0.74873525
3344,0.43947726,0.52870995,0.28226864,0.7224444
3345,0.4200905,0.48811466,0.33382994,0.74762654
3346,0.19867784,0.20881037,0.53978115,0.7970406
3347,0.42887956,0.61225414,0.74090254,0.8632159
3348,0.31115732,0.26360902,0.3446707,0.8950974
3349,0.25867692,0.34581128,0.34748417,0.75050926
3350,0.2438247,0.27622586,0.36623412,0.74186665
3351,0.12566766,0.18051226,0.48923552,0.7587092
3352,0.12945317,0.18024842,0.49285346,0.7131055
3353,0.12981275,0.16150819,0.46449468,0.6897563
3354,0.30658814,0.33702585,0.32677084,0.6261492
3355,0.09593128,0.07229187,0.29272488,0.78396547
3356,0.12593254,0.19251554,0.27558154,0.7255951
3357,0.09197209,0.09945309,0.505163,0.90199673
3358,0.13878012,0.13946877,0.5647903,0.9870393
3359,0.2043367,0.1925415,0.6562867,1.0500429
3360,0.22897571,0.1854794,0.80061144,0.9582526
3361,0.32732978,0.39066648,0.7623192,0.9593353
3362,0.44252878,0.56973225,0.45949635,0.8682981
3363,0.44258448,0.53196836,0.3522812,0.7413128
3364,0.47883523,0.39462334,0.37777936,0.81979346
3365,0.3983341,0.32486907,0.48833522,0.82595724
3366,0.28302777,0.21109644,0.3662824,0.74552876
3367,0.20513424,0.11627596,0.39201194,0.7852759
3368,0.18811852,0.088540986,0.36781168,0.7218535
3369,0.18241158,0.056743383,0.3294673,0.7747402
3370,0.18010047,0.057944257,0.3073955,0.7086711
3371,0.17780969,0.0523834,0.28441748,0.6992759
3372,0.17650677,0.06353857,0.26258826,0.7399958
3373,0.18004927,0.039340448,0.24773097,0.75826097
3374,0.18407534,0.058126573,0.22449401,0.69483656
3375,0.1854066,0.062012903,0.20609808,0.58893394
3376,0.18974867,0.06944372,0.21873957,0.6487748
3377,0.1950023,0.0784301,0.23655501,0.5616498
3378,0.2033685,0.09088525,0.2601559,0.42667988
3379,0.21081667,0.082229376,0.28524095,0.44921932
3380,0.21584196,0.086377345,0.31499884,0.5275826
3381,0.20731243,0.09821448,0.28932938,0.5116055
3382,0.39941683,0.6532675,0.3083532,0.516554
3383,0.20040807,0.22819346,0.29907054,0.5507147
3384,0.19375303,0.13427402,0.13294107,0.6204841
3385,0.15770707,0.11339936,0.22449744,0.6419755
3386,0.14740787,0.24781251,0.25376737,0.56142867
3387,0.39446068,0.55180496,0.16201735,0.54472303
3388,0.42247513,0.5030763,0.32286936,0.6442003
3389,0.5037934,0.549837,0.3804856,0.6796755
3390,0.22048411,0.4052256,0.24190184,0.52803755
3391,0.4681644,0.57574934,0.2453593,0.49594715
3392,0.20848581,0.459579,0.33274496,0.43109462
3393,0.46435142,0.5928542,0.25821978,0.49188614
3394,0.32000613,0.55615586,0.32631996,0.5773902
3395,0.4495988,0.64484113,0.45299923,0.59496737
3396,0.2159488,0.25762692,0.47391248,0.7627341
3397,0.1619878,0.16591139,0.3182996,0.60696185
3398,0.18781506,0.09219635,0.19864559,0.65885204
3399,0.19782633,0.18426132,0.2550183,0.5864901
3400,0.25901943,0.30456644,0.36143738,0.6839541
3401,0.2650509,0.45779085,0.49865574,0.7180084
3402,0.36533928,0.52790827,0.50647223,0.7328972
3403,0.27794504,0.64593744,0.5065712,0.87978536
3404,0.33498698,0.57670945,0.57509136,0.83425206
3405,0.3012488,0.46084294,0.43632975,0.7542795
3406,0.35655206,0.35315537,0.47289878,0.7387252
3407,0.25781718,0.22960776,0.46280313,0.68788993
3408,0.33442593,0.32589075,0.5572618,0.7474378
3409,0.28214273,0.57702523,0.582723,0.81826854
3410,0.32458177,0.61976147,0.6279006,0.826012
3411,0.32307798,0.517355,0.61420876,0.78557044
3412,0.12729216,0.2221091,0.43691385,0.77851343
3413,0.16610155,0.12970611,0.41062462,0.6178371
3414,0.21270686,0.12556323,0.5083824,0.672719
3415,0.19770597,0.121011406,0.53222215,0.67682445
3416,0.15274806,0.12669733,0.39426357,0.6465372
3417,0.107172705,0.109568916,0.2671823,0.69091725
3418,0.09971414,0.10695399,0.35545206,0.6556307
3419,0.09857512,0.10632033,0.44125244,0.7052108
3420,0.10024319,0.12793449,0.55349785,0.66039383
3421,0.10437164,0.13239828,0.6461078,0.78742605
3422,0.13070697,0.12252588,0.74755645,0.8104849
3423,0.1333326,0.121608965,0.78428805,0.85798645
3424,0.19293588,0.09915514,0.7350546,0.72242
3425,0.08029859,0.23379071,0.6680776,0.59113526
3426,0.3147712,0.16289309,0.5159347,0.4958104
3427,0.32321614,0.16935353,0.46020317,0.48859456
3428,0.10376065,0.057168208,0.3276469,0.47483206
3429,0.07597625,0.06439573,0.3327396,0.47151327
3430,0.0717662,0.046855986,0.37643346,0.552153
3431,0.062834665,0.041757695,0.3985219,0.5516648
3432,0.36739218,0.36154443,0.37782332,0.6538267
3433,0.3436745,0.47836274,0.34975275,0.60063803
3434,0.18414596,0.29186124,0.33836728,0.7322452
3435,0.20108673,0.13804561,0.4904728,0.7681443
3436,0.11767414,0.043873064,0.49752873,0.7589252
3437,0.16696683,0.2942995,0.38660505,0.7057072
3438,0.3200897,0.45538324,0.38824958,0.75435567
3439,0.3346861,0.3959438,0.7516996,0.7889878
3440,0.49248323,0.50506556,0.3449328,0.5645063
3441,0.21635216,0.31815922,0.5443486,0.86623365
3442,0.48086846,0.5972675,0.45496073,0.8744096
3443,0.4134136,0.4765261,0.27578646,0.8400294
3444,0.18316504,0.10904452,0.33051497,0.7945943
3445,0.12304255,0.06030134,0.29789028,0.72547424
3446,0.12872687,0.17786871,0.3121184,0.72026676
3447,0.13346091,0.17654607,0.32717383,0.70855653
3448,0.13255745,0.20635428,0.35531908,0.7207022
3449,0.12795128,0.18948159,0.36232975,0.69059086
3450,0.12953869,0.17171468,0.36180025,0.652091
3451,0.13555653,0.16830094,0.36350405,0.619457
3452,0.21919504,0.27913317,0.35885975,0.67303383
3453,0.14193149,0.20970587,0.35010663,0.74044526
3454,0.12176571,0.045410343,0.45410228,0.83427846
3455,0.11868812,0.041829333,0.43737966,0.83529735
3456,0.098432824,0.071868256,0.4109093,0.6928314
3457,0.053926528,0.096657716,0.3374378,0.68223095
3458,0.21511233,0.26968616,0.4390188,0.7064432
3459,0.31575686,0.51390094,0.63865733,0.75988495
3460,0.38938063,0.5514956,0.44006225,0.65202194
3461,0.48554137,0.41511342,0.33709544,0.73237854
3462,0.438918,0.30062956,0.419142,0.77109706
3463,0.31048915,0.13721114,0.38610095,0.7526784
3464,0.23193428,0.058086503,0.32813668,0.72881496
3465,0.20220712,0.054194234,0.28612447,0.7287897
3466,0.19646984,0.03673821,0.2520153,0.7366706
3467,0.19616917,0.043071657,0.22458875,0.74599344
3468,0.19382715,0.038158596,0.20291603,0.81544256
3469,0.19377972,0.067280725,0.18855697,0.70806694
3470,0.19114468,0.06732586,0.18357539,0.74796265
3471,0.19290948,0.070362285,0.18785149,0.72285444
3472,0.19602218,0.06849629,0.19017476,0.7676275
3473,0.19719602,0.06390993,0.1827501,0.67024654
3474,0.19666025,0.06384819,0.19308916,0.67817056
3475,0.19864942,0.06734971,0.25880525,0.6791012
3476,0.19815744,0.06499591,0.30602318,0.60956776
3477,0.1968686,0.08668984,0.32020217,0.51562256
3478,0.19413577,0.0703861,0.31071115,0.5146918
3479,0.1937271,0.08499309,0.31235743,0.4472706
3480,0.19800049,0.08983583,0.32635018,0.4444571
3481,0.20366831,0.110119164,0.339801,0.38413173
3482,0.19673754,0.11287003,0.31902516,0.38053352
3483,0.19115642,0.08896628,0.29744053,0.3664642
3484,0.18523102,0.11496356,0.29333147,0.37499428
3485,0.1833246,0.12674409,0.28241017,0.3469539
3486,0.18317626,0.105842374,0.25708798,0.37048665
3487,0.32607943,0.51342714,0.39232704,0.46671247
3488,0.4419788,0.6087099,0.57410467,0.76049787
3489,0.14522958,0.31803077,0.48562285,0.75617105
3490,0.24490252,0.4231045,0.5271176,0.72954744
3491,0.40786815,0.6561479,0.3011436,0.6983007
3492,0.179103,0.20705326,0.49068153,0.6610705
3493,0.28651705,0.34411442,0.34388247,0.7161037
3494,0.2388049,0.042125307,0.36478817,0.6970093
3495,0.23856203,0.09286373,0.23750067,0.65782595
3496,0.39747447,0.48011726,0.14778921,0.57752025
3497,0.36317495,0.43663695,0.26845348,0.5970645
3498,0.48497283,0.568951,0.45591822,0.76163864
3499,0.26882836,0.34758827,0.21214154,0.63236845
3500,0.7683801,0.6866692,0.6571999,0.70015335
3501,0.39198902,0.4465461,0.6604439,0.8892334
3502,0.4816395,0.6297569,0.5184179,0.7075659
3503,0.4252752,0.5974275,0.43074423,0.85414946
3504,0.3686291,0.524076,0.43981245,0.6278713
3505,0.36944288,0.61659443,0.3386786,0.7911327
3506,0.2505469,0.17067495,0.14113766,0.66842234
3507,0.21423066,0.14083932,0.15694213,0.6868917
3508,0.21464026,0.15844502,0.27517205,0.7521414
3509,0.21519126,0.20862043,0.37498322,0.67470545
3510,0.2002053,0.20575091,0.29556406,0.6929544
3511,0.3093458,0.34455028,0.38982162,0.7806123
3512,0.21080871,0.09619135,0.50675553,0.7292074
3513,0.308726,0.6312269,0.5937998,0.93556625
3514,0.29413643,0.6833929,0.31319922,0.83526295
3515,0.290701,0.61457634,0.6039227,0.84883094
3516,0.17605561,0.35312116,0.63709354,0.7746784
3517,0.18921398,0.19967718,0.5474911,0.7557105
3518,0.2316822,0.14512698,0.40241265,0.76558834
3519,0.1919052,0.12901881,0.4081087,0.779546
3520,0.18783091,0.09917076,0.41595995,0.8003153
3521,0.16058083,0.17572664,0.4780299,0.7451788
3522,0.2437661,0.22734094,0.46812952,0.7382381
3523,0.23530601,0.45463884,0.5646852,0.7565245
3524,0.34021553,0.60436624,0.4678833,0.877197
3525,0.31872743,0.5443815,0.59988856,0.8599726
3526,0.15748177,0.27383536,0.5164459,0.7457261
3527,0.1960108,0.19362897,0.3788492,0.6755768
3528,0.13661157,0.12794791,0.37599635,0.71016514
3529,0.17277981,0.21839875,0.39088,0.55136496
3530,0.12246144,0.09620079,0.35827506,0.631611
3531,0.11572515,0.075280674,0.33425707,0.628156
3532,0.10246796,0.07094243,0.30806112,0.5513412
3533,0.08396861,0.09736205,0.29446518,0.6041676
3534,0.11645484,0.18049166,0.30920023,0.699576
3535,0.16689259,0.20594749,0.36146355,0.6248797
3536,0.13437517,0.12347391,0.49723658,0.71678835
3537,0.16059428,0.13518903,0.5515944,0.7893897
3538,0.2980304,0.5383996,0.59703386,0.7159552
3539,0.375307,0.5547371,0.35153788,0.7076613
3540,0.13925755,0.0636528,0.542488,0.7427379
3541,0.1386576,0.1953563,0.55232966,0.8145913
3542,0.42562348,0.45979828,0.6091882,0.8335668
3543,0.36973473,0.3068787,0.9447277,1.081472
3544,0.423097,0.5921437,0.9598004,0.8904834
3545,0.43750328,0.50418854,0.6995857,0.818422
3546,0.3607679,0.6596068,0.49935883,0.66623247
3547,0.40124494,0.5952378,0.69290245,0.8790262
3548,0.49048203,0.46403235,0.66395336,0.8213799
3549,0.30841506,0.35809892,0.71268576,0.7542755
3550,0.32035255,0.26783195,0.4603812,0.8127284
3551,0.20782624,0.14205474,0.4048409,0.78066796
3552,0.13315971,0.15117435,0.43540668,0.82417834
3553,0.13564011,0.21896078,0.4181805,0.7311851
3554,0.14049238,0.18276297,0.3665648,0.67377335
3555,0.13014147,0.064814664,0.2176016,0.6259174
3556,0.13512915,0.05636679,0.3364812,0.589234
3557,0.1786983,0.47291702,0.560912,0.64319897
3558,0.23673871,0.4957334,0.52759945,0.8295019
3559,0.28829992,0.38975403,0.6889187,0.88735986
3560,0.17716692,0.28474107,0.58465034,0.8636931
3561,0.39625806,0.55533224,0.5326835,0.8284834
3562,0.44000095,0.70133173,0.49082068,0.8853292
3563,0.37972534,0.5403484,0.3852808,0.9867196
3564,0.36876306,0.41564524,0.29539752,0.8817631
3565,0.13499337,0.13880973,0.38127512,0.9377058
3566,0.22685614,0.10661267,0.34306824,0.9100226
3567,0.23345265,0.13700481,0.24858794,0.8399545
3568,0.21973678,0.19279882,0.35968304,0.74566585
3569,0.23785242,0.22668563,0.3731785,0.72252667
3570,0.2628959,0.1991406,0.25068834,0.6855389
3571,0.20780857,0.21808192,0.44463816,0.7331061
3572,0.28117368,0.30567956,0.41691202,0.65955174
3573,0.19652137,0.29215404,0.31586522,0.72363806
3574,0.34755236,0.6756605,0.34783208,0.8907732
3575,0.3430841,0.559171,0.53529596,0.8718721
3576,0.22070457,0.36157542,0.43367314,0.87660646
3577,0.11509484,0.09594002,0.24311733,0.7950204
3578,0.24483585,0.11245115,0.466245,0.78660154
3579,0.2062928,0.14334205,0.35042453,0.7880266
3580,0.19347213,0.10664012,0.30618155,0.7657691
3581,0.19925676,0.13698652,0.31333116,0.7356086
3582,0.4140488,0.5182526,0.36565185,0.7878141
3583,0.4395948,0.39042807,0.43890142,0.7243728
3584,0.41111314,0.41258186,0.62499464,0.78161186
3585,0.30603346,0.30658218,0.51528883,0.84317696
3586,0.3328934,0.6755569,0.38744596,0.7442907
3587,0.16662009,0.12697549,0.5325836,0.8190828
3588,0.19852757,0.10699147,0.53291154,0.8381938
3589,0.21769857,0.07491839,0.53812814,0.77942157
3590,0.22076182,0.08488551,0.52484024,0.74539286
3591,0.20995453,0.08803689,0.48740318,0.7680414
3592,0.17391495,0.11782859,0.47493786,0.69605064
3593,0.17423375,0.1284875,0.41890985,0.67772615
3594,0.32964242,0.27104652,0.59152985,0.75409037
3595,0.3931266,0.5754321,0.7350483,0.7495506
3596,0.33963585,0.54228294,0.5411237,0.67239094
3597,0.27401307,0.4299024,0.5214561,0.6433105
3598,0.12716816,0.339034,0.46857402,0.61735356
3599,0.2135504,0.41028258,0.6037932,0.60581493
3600,0.16698925,0.12938873,0.7918319,0.6606599
3601,0.31310847,0.25979608,0.76869655,0.6587749
3602,0.3888721,0.3918309,0.57783306,0.6407169
3603,0.3071946,0.3041354,0.50367665,0.6654154
3604,0.25583166,0.2581004,0.34299153,0.6504756
3605,0.16424887,0.116099626,0.28023073,0.66218174
3606,0.15250148,0.07507866,0.2731729,0.67937154
3607,0.41617328,0.53357685,0.42544228,0.6829926
3608,0.36064845,0.61497074,0.42361072,0.5901389
3609,0.16508378,0.3507837,0.35290244,0.7700434
3610,0.122076295,0.22847903,0.3846572,0.7609464
3611,0.19671333,0.2206107,0.3666433,0.7175184
3612,0.32321504,0.3856418,0.31548053,0.7197212
3613,0.49663123,0.57248384,0.2678542,0.6922386
3614,0.40175095,0.3683237,0.19572693,0.73897
3615,0.23050354,0.2411571,0.35278952,0.7885611
3616,0.11878231,0.055288207,0.33074123,0.71377915
3617,0.12293035,0.07221685,0.37243438,0.6973606
3618,0.12459613,0.09767084,0.45835036,0.68673074
3619,0.41851908,0.5185546,0.5648798,0.6454476
3620,0.45754814,0.48826072,0.6701529,0.8808462
3621,0.3689944,0.36772412,0.6179277,0.87532663
3622,0.18177761,0.25751722,0.4636218,0.8424257
3623,0.24796475,0.31713188,0.3805149,0.6797259
3624,0.30820972,0.34176898,0.45229846,0.69854593
3625,0.26944765,0.3999421,0.43750688,0.7934412
3626,0.25551653,0.14466451,0.38801932,0.8429233
3627,0.13118303,0.08505704,0.29186267,0.8458614
3628,0.48527023,0.4618939,0.57585984,0.8626857
3629,0.36945447,0.4087082,0.39079666,0.7198169
3630,0.36394745,0.4273216,0.7239891,0.7850409
3631,0.14553522,0.13900703,0.5819797,0.7153826
3632,0.1427433,0.06601778,0.639667,0.8846097
3633,0.13372147,0.06124676,0.6930409,0.97503227
3634,0.1582655,0.07338507,0.66606563,1.0040979
3635,0.27261144,0.42761618,0.58809674,0.78384554
3636,0.27258262,0.45532915,0.22021759,0.5380479
3637,0.41467375,0.51473343,0.19327474,0.3337177
3638,0.47613087,0.4839812,0.5244473,0.8473797
3639,0.41276866,0.40986377,0.5072664,0.83320767
3640,0.3081819,0.15694954,0.34308916,0.82573366
3641,0.22816509,0.15240276,0.29736865,0.74377346
3642,0.32697704,0.3615117,0.261878,0.6305009
3643,0.32089272,0.25981674,0.44883,0.7494609
3644,0.23960327,0.14185457,0.407373,0.7347359
3645,0.18686937,0.093370944,0.3748099,0.692548
3646,0.16181567,0.04432194,0.30870488,0.6506777
3647,0.16051398,0.049833234,0.26700208,0.64717704
3648,0.168658,0.06525162,0.2979003,0.5987625
3649,0.2205199,0.30809394,0.28329855,0.6116502
3650,0.41479117,0.6649689,0.30807558,0.61568826
3651,0.36028117,0.47138616,0.36333644,0.46495977
3652,0.21014322,0.113327466,0.15535766,0.6786438
3653,0.2860471,0.2504475,0.22437222,0.72396976
3654,0.21535663,0.21210997,0.29446343,0.66687506
3655,0.31841663,0.48715153,0.2990972,0.6189395
3656,0.34993002,0.5081397,0.21417344,0.5292494
3657,0.50601405,0.6437167,0.24585924,0.7119824
3658,0.27040663,0.47309715,0.2002815,0.43442684
3659,0.4853584,0.60217935,0.2567734,0.5552691
3660,0.24179891,0.4562837,0.3653282,0.44638255
3661,0.4593645,0.595903,0.410712,0.61417335
3662,0.19538227,0.28265676,0.44790238,0.79017776
3663,0.34791964,0.4156812,0.5854933,0.8040155
3664,0.18126616,0.18715402,0.4470503,0.64790314
3665,0.17953269,0.15329468,0.2645698,0.6280928
3666,0.2009288,0.14838417,0.19236094,0.62778264
3667,0.21766394,0.25248817,0.2607656,0.65018654
3668,0.31653136,0.32210487,0.37435257,0.73327154
3669,0.31686565,0.5064109,0.40929022,0.72577775
3670,0.34609836,0.6014075,0.34961882,0.8923104
3671,0.3347809,0.6157565,0.56038785,0.9330186
3672,0.34747556,0.53150046,0.5178994,0.80550694
3673,0.39547375,0.33168045,0.6815119,0.75131065
3674,0.2718451,0.22336847,0.35414892,0.7171397
3675,0.19633934,0.12807788,0.5734511,0.7243242
3676,0.3071081,0.28186762,0.509446,0.7639336
3677,0.3540184,0.6535742,0.4982431,0.79688513
3678,0.35285458,0.6455985,0.52896917,0.81807137
3679,0.23935422,0.43359846,0.49084222,0.812146
3680,0.1183681,0.14343786,0.37136167,0.75975275
3681,0.20279613,0.12537228,0.42527145,0.6521404
3682,0.22434604,0.14451286,0.38398063,0.668998
3683,0.19866106,0.1227782,0.35927662,0.66422474
3684,0.21480066,0.17230587,0.48412985,0.73982495
3685,0.11848825,0.10761026,0.38452753,0.7225156
3686,0.10379368,0.11830563,0.32050544,0.71807367
3687,0.09754791,0.112175025,0.3934247,0.8321054
3688,0.07925856,0.109877445,0.4088242,0.776916
3689,0.13275331,0.16147497,0.5282845,0.6974832
3690,0.1297568,0.26368564,0.48547,0.71208185
3691,0.24838921,0.25027263,0.7070223,0.69885564
3692,0.33620107,0.21179204,0.5920673,0.7991091
3693,0.12908131,0.25744355,0.75425184,0.84198
3694,0.35183376,0.37504077,0.50800467,0.5915526
3695,0.5050245,0.4764572,0.2574339,0.72299004
3696,0.40133667,0.3919347,0.5217544,0.75410354
3697,0.39682359,0.41294622,0.6572521,0.8468827
3698,0.2854205,0.34368017,0.46798748,0.7381707
3699,0.23240028,0.21293879,0.4417778,0.5928697
3700,0.15765567,0.3269858,0.4659165,0.5859079
3701,0.23088494,0.49371248,0.56741977,0.6406687
3702,0.29582646,0.53190744,0.61411834,0.7261692
3703,0.13092479,0.27415216,0.7097791,0.826938
3704,0.100976795,0.17098317,0.6832251,0.8178501
3705,0.33163252,0.3658004,0.56518686,0.72781456
3706,0.38689163,0.65260875,0.7435533,0.8206826
3707,0.40746975,0.6733785,0.68666005,0.8514846
3708,0.5275135,0.53378606,0.61180687,0.9853146
3709,0.19213513,0.25280792,0.62519103,0.94792354
3710,0.26792315,0.25494096,0.62076735,0.93356484
3711,0.27776074,0.2980635,0.6413392,0.8920477
3712,0.42827088,0.6488015,0.6360481,0.9025509
3713,0.48359883,0.6235105,0.7007314,0.98076177
3714,0.30666935,0.38543004,0.5677769,0.94003946
3715,0.45660105,0.6149244,0.59983397,0.89572495
3716,0.38186342,0.53191286,0.72753143,0.80590737
3717,0.44976783,0.5706759,0.6531921,0.9187626
3718,0.31269863,0.48927668,0.5160378,0.83997947
3719,0.13517591,0.13969189,0.5246403,0.808911
3720,0.10211018,0.14539479,0.52936804,0.72789556
3721,0.20913468,0.25211778,0.5632677,0.74001896
3722,0.34427866,0.36000344,0.6679692,0.8623803
3723,0.2729495,0.6591019,0.7288841,0.91047037
3724,0.21662393,0.5559974,0.61434466,1.0008608
3725,0.26612708,0.43125463,0.6071899,0.9920549
3726,0.14752814,0.35439855,0.520313,0.87754184
3727,0.33984333,0.31371266,0.7182823,0.8593734
3728,0.12239802,0.20135841,0.5749061,0.84450275
3729,0.3024649,0.4802531,0.5324048,0.8648616
3730,0.3151584,0.31314632,0.64071,0.81643856
3731,0.5649423,0.7023414,0.8619135,0.8671827
3732,0.53757143,0.5435294,0.7555031,0.9368015
3733,0.44541156,0.3903453,0.542485,0.76564574
3734,0.38044858,0.4395951,0.6465033,0.8509644
3735,0.48501736,0.5214478,0.6963674,0.9038134
3736,0.38080022,0.6860156,0.48329726,0.8392505
3737,0.35699618,0.4546283,0.6862426,0.89491224
3738,0.26967335,0.3036514,0.67715454,0.85570437
3739,0.20798922,0.15293406,0.644397,0.84068924
3740,0.21708384,0.108914204,0.5758681,0.7547151
3741,0.21226059,0.11988799,0.5477843,0.8046484
3742,0.15572453,0.19773862,0.5381874,0.6974688
3743,0.343904,0.25941092,0.45487562,0.67603016
3744,0.2983932,0.4963985,0.41319752,0.805491
3745,0.33717284,0.6258989,0.54022384,0.78084207
3746,0.36371246,0.5399791,0.60455847,0.79008716
3747,0.3610301,0.54904187,0.40869457,0.8777181
3748,0.13611555,0.08767457,0.33765513,0.99745744
3749,0.23846981,0.16954961,0.3567049,0.9877086
3750,0.34326398,0.3209636,0.45784807,0.86752266
3751,0.29750884,0.41688922,0.77600616,0.88387245
3752,0.4142592,0.6315262,0.6671437,1.0373995
3753,0.45950478,0.67534184,0.77983546,1.0286095
3754,0.4890982,0.6167272,1.0176294,0.86189353
3755,0.34894106,0.5102873,0.9455584,0.89383286
3756,0.28929824,0.28291965,0.8537587,0.897637
3757,0.348394,0.50522166,0.81637156,0.9086824
3758,0.25953344,0.32027534,0.8415663,0.95058376
3759,0.23499098,0.18103135,0.89323056,0.8702339
3760,0.26204664,0.36575353,0.9743152,0.8715454
3761,0.2525641,0.34106362,0.8671283,0.96269053
3762,0.55096656,0.37178436,0.83769304,0.8234289
3763,0.43848425,0.5946612,0.8770934,0.8510816
3764,0.32013682,0.49760184,0.88165784,0.92903715
3765,0.32664078,0.5916943,0.8872183,0.9512086
3766,0.5677774,0.58749425,0.9726711,0.9891416
3767,0.46553135,0.6429245,1.257621,1.0617708
3768,0.4473528,0.5148291,1.0134019,1.0393529
3769,0.68248856,0.6358095,1.1265135,1.0243338
3770,0.65112716,0.5996932,1.1428283,0.97932285
3771,0.5798699,0.49854293,1.2751452,0.9708651
3772,0.40734246,0.5749584,0.86407566,0.93146104
3773,0.2696116,0.4700934,0.7413594,0.9094842
3774,0.4966798,0.57471067,0.70521146,0.9160522
3775,0.54659426,0.59586215,0.87679857,0.9953573
3776,0.5105233,0.4979142,0.9677644,0.94157976
3777,0.43538204,0.6848405,1.0783248,0.9592103
3778,0.61252576,0.61611235,1.0078166,0.9124405
3779,0.44941986,0.446224,0.90845335,0.9769897
3780,0.36120304,0.56869113,0.8820673,0.9686978
3781,0.32770333,0.49542114,0.86264175,0.9508503
3782,0.22115372,0.36490422,0.8488342,0.95901585
3783,0.22934474,0.34599152,0.8890757,0.9590835
3784,0.27957183,0.41694647,0.8449626,0.95736897
3785,0.26328936,0.37822294,0.8434334,0.9849482
3786,0.2340113,0.2355218,0.8725268,0.94665164
3787,0.3154117,0.2630986,0.9281426,0.947578
3788,0.30985367,0.4605652,0.85980016,0.95194626
3789,0.36909336,0.5147808,0.91479635,0.981213
3790,0.29348645,0.4504878,0.8469733,0.98438865
3791,0.24820557,0.2225039,1.1512301,1.0251637
3792,0.6515655,0.64800006,1.0876781,0.9654331
3793,0.35080498,0.5872956,1.0425904,0.98087597
3794,0.30592674,0.5982649,0.6976148,0.9961538
3795,0.60895,0.6903137,0.92522293,1.0184915
3796,0.38881823,0.52246475,1.06467,1.0596238
3797,0.31644365,0.33308962,1.0472342,1.0420321
3798,0.33198056,0.19591561,1.3081952,1.0587246
3799,0.34411636,0.17775048,1.3418905,0.9590483
3800,0.40084848,0.62283015,1.2023282,0.96236247
3801,0.3212873,0.654817,0.18376017,0.7617117
3802,0.34355915,0.5278096,0.71175677,0.8655552
3803,0.439529,0.57224095,0.37746522,0.68907815
3804,0.3699048,0.5578213,0.38256967,0.69101346
3805,0.3172282,0.45183873,0.6598326,0.8294273
3806,0.36366233,0.6387402,0.4505319,0.84717965
3807,0.37151855,0.55778694,0.45417577,0.7036668
3808,0.3548186,0.52731925,0.6748479,0.6986875
3809,0.20349696,0.47951925,0.38418564,0.6362405
3810,0.31036222,0.51926005,0.35452443,0.6553304
3811,0.49145442,0.56765115,0.14302099,0.7153524
3812,0.4994134,0.57156515,0.49710023,0.84249216
3813,0.51791245,0.5091842,0.623084,0.91150844
3814,0.3816647,0.39987513,0.5268364,0.8679084
3815,0.42852426,0.5837639,0.60529757,0.96450067
3816,0.41937166,0.54538083,0.6866697,0.9635644
3817,0.27683678,0.5125924,0.50325394,0.77127457
3818,0.3884226,0.5170411,0.7742248,0.8620213
3819,0.29325137,0.6012256,0.6580527,1.0057261
3820,0.4329546,0.6230972,0.4445771,0.7361826
3821,0.36864847,0.5970167,0.4976217,0.8438206
3822,0.3887139,0.5867235,0.67999554,0.46201238
3823,0.39867824,0.47615397,0.49079806,0.65113986
3824,0.3574245,0.49171543,0.47265357,0.51582634
3825,0.31504965,0.35994023,0.42392507,0.52704656
3826,0.2687118,0.4189166,0.35053867,0.48198918
3827,0.21337315,0.14616282,0.48550525,0.46939087
3828,0.28715798,0.50840086,0.3081505,0.48041123
3829,0.38628024,0.52322245,0.35647884,0.49795914
3830,0.23066491,0.36738753,0.5442787,0.6936542
3831,0.25839487,0.2556732,0.19424729,0.3966241
3832,0.39609587,0.282327,0.35011554,0.3335108
3833,0.35461992,0.20471066,0.17358442,0.44062138
3834,0.25230923,0.124356344,0.12934577,0.51677114
3835,0.19100355,0.099767484,0.29130235,0.55492413
3836,0.15519722,0.061128363,0.4373873,0.5079581
3837,0.1483682,0.049840625,0.5096614,0.5271418
3838,0.14382483,0.043168094,0.5269535,0.5005357
3839,0.14538774,0.034094576,0.50425303,0.534427
3840,0.14760758,0.04540466,0.4625395,0.4888551
3841,0.1523212,0.04207428,0.406208,0.4897669
3842,0.15437245,0.05266914,0.38083288,0.5713996
3843,0.14283605,0.08850879,0.58280903,0.62932867
3844,0.15401872,0.10706904,0.74715465,0.6113344
3845,0.09723458,0.0604693,0.32896665,0.26105753
3846,0.08215743,0.055418227,0.33725178,0.3732491
3847,0.095513135,0.044823162,0.3958289,0.37585607
3848,0.10425913,0.03995725,0.43205434,0.36485395
3849,0.13179506,0.039690014,0.4586396,0.4154123
3850,0.10453676,0.06799892,0.48224756,0.39191726
3851,0.11610433,0.06009647,0.4767368,0.4331604
3852,0.12536773,0.089223415,0.47129425,0.39372838
3853,0.21056268,0.06952026,0.43232226,0.42368075
3854,0.14565338,0.3769716,0.36101288,0.36310798
3855,0.3735096,0.5055897,0.29946843,0.34246597
3856,0.3170116,0.5439752,0.27203906,0.7209597
3857,0.4061064,0.5829942,0.1909959,0.60627186
3858,0.36156744,0.61010003,0.32188419,0.8335132
3859,0.3127503,0.49967384,0.20492974,0.4872106
3860,0.4067589,0.6246343,0.19454402,0.5617721
3861,0.10673,0.025598334,0.26052397,0.6155176
3862,0.117850475,0.031958215,0.20309287,0.6975243
3863,0.47677726,0.6298062,0.33134693,0.92385155
3864,0.4631135,0.4807786,0.33465654,0.83446175
3865,0.38313264,0.2558356,0.2805463,0.95107716
3866,0.20581809,0.09449121,0.21195385,0.87310314
3867,0.11548503,0.05303395,0.17081736,0.7941105
3868,0.12296068,0.08515312,0.14507711,0.7954318
3869,0.1203743,0.1187326,0.16382825,0.7579492
3870,0.11423897,0.12009246,0.18904969,0.7707286
3871,0.11524254,0.12607054,0.2274647,0.73379755
3872,0.114626445,0.115861714,0.2638401,0.8005703
3873,0.11461327,0.1093401,0.31101224,0.74414986
3874,0.11371325,0.10616228,0.3638944,0.7316219
3875,0.11220585,0.09001498,0.37766728,0.7598502
3876,0.109513685,0.09833315,0.38401157,0.72791594
3877,0.10192933,0.1339227,0.37245664,0.73842084
3878,0.0922191,0.2160102,0.33554175,0.6374933
3879,0.081948705,0.19321097,0.28568506,0.68624496
3880,0.15962929,0.043902498,0.29087937,0.7244071
3881,0.08730114,0.114638604,0.27909678,0.6748139
3882,0.08755949,0.074075975,0.3014325,0.68708557
3883,0.14152697,0.08421443,0.2888509,0.7052121
3884,0.09377979,0.06886249,0.2224586,0.5712674
3885,0.068429254,0.093251556,0.20548141,0.4551956
3886,0.10951078,0.06732491,0.22007364,0.48875245
3887,0.4169317,0.5545119,0.46817887,0.49873337
3888,0.32033312,0.5569068,0.29761863,0.5331446
3889,0.22113356,0.5429181,0.32674825,0.7922394
3890,0.26951697,0.09281331,0.23768759,0.3256662
3891,0.12516217,0.22072916,0.23413748,0.44037196
3892,0.14823472,0.32153997,0.2645343,0.60521877
3893,0.2989453,0.07408788,0.17757559,0.46691388
3894,0.32830867,0.07578263,0.22993493,0.3293978
3895,0.13615306,0.26876202,0.36963275,0.5334692
3896,0.2760113,0.3877896,0.24348688,0.53825784
3897,0.1478359,0.08013213,0.22603017,0.44163603
3898,0.106673345,0.07449218,0.21048594,0.6178882
3899,0.10064855,0.067196675,0.2375831,0.5865398
3900,0.104097545,0.13111708,0.29684478,0.6192197
3901,0.18184613,0.20419815,0.36264902,0.6726312
3902,0.11252534,0.05720185,0.4329484,0.57597935
3903,0.25514567,0.46824676,0.47767508,0.65155774
3904,0.37304044,0.589231,0.33993262,0.7590986
3905,0.3807742,0.5152738,0.48920277,0.8091932
3906,0.25048465,0.2850325,0.45303386,0.841467
3907,0.065542296,0.07288533,0.39620253,0.8312251
3908,0.062245477,0.046491265,0.43528748,0.7952771
3909,0.0688671,0.04341363,0.4568544,0.7897332
3910,0.098949134,0.07411835,0.2970692,0.80083776
3911,0.15562047,0.17939572,0.36750817,0.78400576
3912,0.07971224,0.09923642,0.26799732,0.8050902
3913,0.088459395,0.09319648,0.3182172,0.80454445
3914,0.10263649,0.089426816,0.31443527,0.7549317
3915,0.10346441,0.07521268,0.31115738,0.6329931
3916,0.10345585,0.08472667,0.31380668,0.59179914
3917,0.10109092,0.064778395,0.31905538,0.49494708
3918,0.11327368,0.11203857,0.30158782,0.46491152
3919,0.12704574,0.12213677,0.27851367,0.48704827
3920,0.1291869,0.11589839,0.36360234,0.48840132
3921,0.14554897,0.13508981,0.37966764,0.4722707
3922,0.13042812,0.14721087,0.3397297,0.43311632
3923,0.1178553,0.15306202,0.28946555,0.4501017
3924,0.12898012,0.17737027,0.25738853,0.5054157
3925,0.12179894,0.15506767,0.2608044,0.5661641
3926,0.13444462,0.15277389,0.31177106,0.67264736
3927,0.19862589,0.17935291,0.86534274,0.88729244
3928,0.33253294,0.44447264,0.43808848,0.5966602
3929,0.20518649,0.35911724,0.29009813,0.60031223
3930,0.29588047,0.31255856,0.7632128,0.6728964
3931,0.12252939,0.30713314,0.4131076,0.677272
3932,0.35725862,0.5992308,0.5532368,0.737462
3933,0.20918562,0.31676662,0.6902093,0.81849486
3934,0.13494015,0.09176552,0.6917419,0.93259406
3935,0.15047485,0.10567727,0.6367493,0.93003815
3936,0.1920109,0.1562243,0.5888718,0.82726175
3937,0.519808,0.58426815,0.42203596,0.7880935
3938,0.40230572,0.39822674,0.16169047,0.7771295
3939,0.22567579,0.09322322,0.20328587,0.65467376
3940,0.11840356,0.11488363,0.19488174,0.62665594
3941,0.12574854,0.21105601,0.18996751,0.66273975
3942,0.12887506,0.21918175,0.16831595,0.6138679
3943,0.13896471,0.23858976,0.13247788,0.6290388
3944,0.15216365,0.22398922,0.09298158,0.64071524
3945,0.15610076,0.22147319,0.06384334,0.6219789
3946,0.15577024,0.22046974,0.08476734,0.6483244
3947,0.07442491,0.12791993,0.14523011,0.6167493
3948,0.08257083,0.1261649,0.23948926,0.6892501
3949,0.07564486,0.11842335,0.25846833,0.6551169
3950,0.07114916,0.10144287,0.30146044,0.5595341
3951,0.29176176,0.4009651,0.48649272,0.5325559
3952,0.3508956,0.50543875,0.35394368,0.66242135
3953,0.30656424,0.60043573,0.31194097,0.9010469
3954,0.2450052,0.092470616,0.28108805,0.50787044
3955,0.23436049,0.40496093,0.37909508,0.4914307
3956,0.15537813,0.43288288,0.3298995,0.945441
3957,0.31535193,0.08926114,0.26381937,0.32762992
3958,0.31155133,0.09261853,0.15240031,0.3207899
3959,0.32043907,0.5532184,0.3423616,0.39994064
3960,0.4210801,0.6382527,0.34703436,0.4208296
3961,0.12011929,0.14231193,0.3601818,0.6800604
3962,0.22675838,0.22844768,0.36892158,0.71817166
3963,0.2177947,0.28584167,0.49906906,0.42619786
3964,0.2694993,0.46685323,0.7430164,0.8047043
3965,0.38614747,0.5711619,0.29825455,0.72327745
3966,0.32734323,0.49056718,0.38888523,0.57991874
3967,0.3614691,0.52291965,0.43912148,0.5990424
3968,0.23823033,0.28677142,0.21881843,0.43991676
3969,0.22654729,0.23410952,0.3429447,0.40558586
3970,0.21053858,0.17666659,0.17048797,0.5590554
3971,0.1737559,0.106817745,0.22105664,0.71736175
3972,0.14878786,0.05508738,0.2377221,0.7063137
3973,0.14707938,0.05356827,0.24149102,0.68857205
3974,0.1502303,0.052357886,0.23570502,0.732813
3975,0.1603933,0.07316505,0.23081234,0.72683907
3976,0.15951115,0.060459636,0.25210086,0.6949572
3977,0.15195699,0.06592183,0.2818277,0.6763958
3978,0.14816684,0.065920755,0.27526483,0.6783923
3979,0.14910972,0.081434354,0.26197267,0.63786304
3980,0.15349461,0.09671612,0.24002057,0.5980532
3981,0.16256537,0.096713684,0.25283617,0.60507846
3982,0.17277822,0.0932122,0.25352567,0.5665478
3983,0.18042658,0.11265543,0.2501859,0.54431254
3984,0.18001482,0.10822087,0.24746597,0.5509382
3985,0.18036792,0.1085146,0.24468213,0.5526649
3986,0.18190646,0.11445136,0.24103636,0.5382172
3987,0.18216886,0.11020986,0.23991293,0.5403629
3988,0.18342054,0.110341616,0.23908824,0.48400563
3989,0.18433547,0.11436401,0.24782735,0.4821878
3990,0.18648428,0.112781554,0.26422825,0.49029744
3991,0.3231402,0.41956487,0.4050612,0.6112679
3992,0.35838145,0.5308508,0.2869061,0.61777675
3993,0.27134544,0.48839828,0.47275484,0.8263807
3994,0.24960276,0.3006221,0.30657086,0.62255716
3995,0.2185971,0.1701066,0.24832952,0.4985119
3996,0.18647483,0.25985542,0.17623901,0.39483
3997,0.28004444,0.30504814,0.22282958,0.37388974
3998,0.3004192,0.27667195,0.28050345,0.38547084
3999,0.5122743,0.617231,0.4439824,0.5203714
4000,0.33587953,0.46708277,0.40140083,0.61179936
4001,0.32204106,0.24589661,0.3115949,0.5686789
4002,0.3054235,0.23145166,0.38953057,0.5550984
4003,0.47408104,0.55161387,0.279621,0.70980453
4004,0.35613167,0.5916403,0.26233298,0.7268003
4005,0.43580297,0.52646786,0.39878768,0.7195584
4006,0.35043615,0.5608948,0.34192854,0.7360702
4007,0.46101108,0.5875262,0.35256165,0.795868
4008,0.35844228,0.6104409,0.61962503,0.73808855
4009,0.44613847,0.60288817,0.34544837,0.79291415
4010,0.32359508,0.58339477,0.79715407,0.7254478
4011,0.39043745,0.630555,0.3661428,0.7941912
4012,0.41239822,0.48145524,0.5852499,0.76335734
4013,0.3712456,0.3820522,0.47331825,0.6786548
4014,0.23679878,0.26495442,0.49384552,0.67612624
4015,0.18636258,0.14593348,0.47690704,0.6855756
4016,0.19381705,0.15633398,0.5334151,0.78841925
4017,0.28097618,0.41817993,0.6624444,0.7317563
4018,0.32612106,0.51818615,0.6744973,0.7477093
4019,0.36050653,0.5727192,0.6680751,0.79690397
4020,0.33969057,0.5833721,0.54621047,0.85224664
4021,0.3140848,0.59663117,0.46870098,0.734948
4022,0.4313291,0.51745486,0.405185,0.8361836
4023,0.34978387,0.31586665,0.6573884,0.7068777
4024,0.28363404,0.21107829,0.5838075,0.75439125
4025,0.3361691,0.6061402,0.55590165,0.76065445
4026,0.35569543,0.58452845,0.5269613,0.8643164
4027,0.28604916,0.4826575,0.52775514,0.7966934
4028,0.13132805,0.16324076,0.4684591,0.9034753
4029,0.13943379,0.09525694,0.45438278,0.8154937
4030,0.16961196,0.09809664,0.39085168,0.73745084
4031,0.14668809,0.09838464,0.3548257,0.7058331
4032,0.1138315,0.1200574,0.36405843,0.7330142
4033,0.13085036,0.104187645,0.37938267,0.66455644
4034,0.12850428,0.10313148,0.4371429,0.67400956
4035,0.114340395,0.32862318,0.51451844,0.7054044
4036,0.3004736,0.3389097,0.6873194,0.63127327
4037,0.42913783,0.5093726,0.43988413,0.7435175
4038,0.35345045,0.55131257,0.6230469,0.6315228
4039,0.33132753,0.39534977,0.4729854,0.70113105
4040,0.46547168,0.64256245,0.4669063,0.811622
4041,0.29869398,0.49909455,0.4747509,0.67014915
4042,0.3980093,0.54720205,0.32293147,0.60715264
4043,0.12573266,0.31024942,0.33756223,0.791111
4044,0.2705578,0.37866324,0.43932506,0.7152764
4045,0.08239618,0.13525045,0.3593266,0.5741365
4046,0.06494006,0.076582626,0.37538612,0.5985376
4047,0.057104267,0.044172652,0.36739153,0.566491
4048,0.10462387,0.035274025,0.432489,0.6506915
4049,0.04821807,0.22570828,0.27633172,0.65491974
4050,0.23935495,0.47736058,0.37969202,0.6451138
4051,0.35223264,0.53510123,0.5150913,0.7289376
4052,0.24611853,0.29893214,0.7996551,0.9526249
4053,0.32856786,0.31198654,0.4756234,0.872609
4054,0.23905027,0.27807,0.75017625,0.93723893
4055,0.49315777,0.6551647,0.5339747,0.93107724
4056,0.40130144,0.4511097,0.295016,1.0153711
4057,0.37963948,0.43112877,0.39311117,0.89345306
4058,0.18569961,0.07828286,0.43745732,0.94579756
4059,0.13213362,0.12937543,0.39233148,0.90343654
4060,0.19929665,0.30453607,0.3562863,0.76888406
4061,0.18784136,0.20308377,0.32467198,0.7230962
4062,0.16463546,0.20708415,0.28840286,0.7439351
4063,0.16680676,0.21361285,0.3037436,0.69210494
4064,0.17752023,0.18181203,0.28933555,0.7213476
4065,0.17617002,0.1533984,0.24603158,0.6749284
4066,0.17448872,0.15536913,0.16361445,0.6908826
4067,0.31388012,0.34112126,0.1305157,0.7706184
4068,0.106990315,0.07455263,0.21931982,0.7978751
4069,0.07834088,0.0891276,0.23029381,0.79325205
4070,0.09256184,0.07379474,0.25974184,0.8467957
4071,0.10002066,0.06217309,0.33404827,0.81206805
4072,0.15968989,0.16509654,0.5221782,0.9038277
4073,0.18074605,0.25401115,0.482793,0.8618206
4074,0.3215596,0.508263,0.3652029,0.93929243
4075,0.3891819,0.5156165,0.38906226,0.7943373
4076,0.5044849,0.47227392,0.31220552,0.7319142
4077,0.3594563,0.24315618,0.39533088,0.81920666
4078,0.22477491,0.11394575,0.31570303,0.8162034
4079,0.16510245,0.07751879,0.26556128,0.71718967
4080,0.15047053,0.050511003,0.25554758,0.78588414
4081,0.15521081,0.041972876,0.23825282,0.7575588
4082,0.16669998,0.04337493,0.22034281,0.76194495
4083,0.17409575,0.037777957,0.21149296,0.7260729
4084,0.18592784,0.042447053,0.20415854,0.66350245
4085,0.19914778,0.040807217,0.19313312,0.76551276
4086,0.20726272,0.060252424,0.1786586,0.6530823
4087,0.2100322,0.07179259,0.19519359,0.60092795
4088,0.21100897,0.07020547,0.23910525,0.60449517
4089,0.21063828,0.07291053,0.26578006,0.56044424
4090,0.22117968,0.08914456,0.27520117,0.45952928
4091,0.22754829,0.08536906,0.30051565,0.5773477
4092,0.21974881,0.09739178,0.31366462,0.60786355
4093,0.38148326,0.5472749,0.35723254,0.59347
4094,0.29986018,0.50032103,0.37688404,0.51584136
4095,0.15941319,0.09584442,0.4496516,0.7431142
4096,0.16922677,0.15926774,0.50274134,0.6093743
4097,0.17230155,0.2106966,0.34919894,0.5816014
4098,0.3678748,0.6051467,0.27770767,0.6923115
4099,0.3722068,0.43801913,0.14679027,0.6923782
4100,0.5030449,0.61516464,0.20870364,0.72383726
4101,0.21643835,0.42145038,0.20301941,0.50432897
4102,0.521169,0.54949254,0.30538398,0.5470549
4103,0.2411944,0.4830275,0.2014336,0.36946982
4104,0.46903396,0.5754988,0.39782426,0.5541779
4105,0.2472633,0.36173624,0.28982773,0.5530685
4106,0.45413712,0.50188655,0.3360696,0.5733852
4107,0.22612253,0.22166553,0.19521615,0.5015779
4108,0.17780988,0.1371473,0.15377891,0.5111587
4109,0.19077483,0.14357951,0.20317549,0.5308295
4110,0.17644988,0.210778,0.1643855,0.70464057
4111,0.28409606,0.3348494,0.24447978,0.7338167
4112,0.2338082,0.3817975,0.5592935,0.7381011
4113,0.22345543,0.4298652,0.43304208,0.7318289
4114,0.381948,0.6830098,0.5252034,0.91310096
4115,0.31918573,0.625439,0.45263895,0.8301484
4116,0.13094437,0.35104212,0.46859658,0.78508013
4117,0.16166145,0.1263135,0.6055545,0.76374793
4118,0.31304196,0.37307122,0.5152136,0.7045604
4119,0.29493845,0.28129816,0.55359703,0.72463846
4120,0.227849,0.17907038,0.35954952,0.72597814
4121,0.18950544,0.13067652,0.4247973,0.76813763
4122,0.27984113,0.26659992,0.48601088,0.77935463
4123,0.32039407,0.58989036,0.54763865,0.75229824
4124,0.31029084,0.5519026,0.5569216,0.87232155
4125,0.28531176,0.45010996,0.53798515,0.8182641
4126,0.12881945,0.1939305,0.40818423,0.7226714
4127,0.123029605,0.09845555,0.36688298,0.63535666
4128,0.13894376,0.12221932,0.35899282,0.5985696
4129,0.1132425,0.09458489,0.3410439,0.5986905
4130,0.08716536,0.101518825,0.28448755,0.6278846
4131,0.069654144,0.10774993,0.2329104,0.7113261
4132,0.072852,0.116254374,0.3259287,0.6884452
4133,0.07285056,0.12072185,0.4703384,0.6477524
4134,0.081584945,0.10956017,0.57228744,0.63381886
4135,0.12069896,0.09484264,0.56407505,0.6457727
4136,0.16853584,0.09368943,0.53032976,0.56999636
4137,0.12973604,0.09465217,0.5167493,0.5252861
4138,0.09611671,0.082020454,0.4092755,0.5145447
4139,0.058341276,0.054228775,0.28982672,0.4916739
4140,0.05456305,0.050904606,0.22704965,0.51556796
4141,0.06554382,0.040583093,0.29774028,0.50734866
4142,0.08150058,0.040836956,0.36773777,0.52013737
4143,0.08936947,0.03684013,0.41766357,0.5149586
4144,0.089248985,0.02844679,0.46243316,0.5744976
4145,0.10379572,0.067730606,0.52877367,0.5341269
4146,0.3493929,0.3003867,0.5506464,0.66128635
4147,0.28732166,0.55102813,0.3170575,0.69793177
4148,0.23110694,0.42741907,0.4406559,0.6931293
4149,0.2624908,0.40548682,0.4677509,0.75084573
4150,0.5225185,0.45918247,0.610966,0.6915049
4151,0.29131845,0.269752,0.4407341,0.82088923
4152,0.22642145,0.291889,0.33978137,0.7734073
4153,0.38331395,0.45996144,0.51402664,0.8687265
4154,0.4414739,0.59358823,0.2986109,0.8430829
4155,0.37120175,0.31776342,0.31414467,0.82875925
4156,0.12684304,0.09093109,0.295073,0.8043377
4157,0.1295864,0.15997748,0.3120097,0.7014506
4158,0.12725753,0.20522796,0.33227038,0.70041716
4159,0.12849084,0.2275582,0.34734303,0.67625594
4160,0.13451385,0.23552671,0.33629593,0.59812284
4161,0.15371656,0.22322059,0.29889673,0.6879077
4162,0.14813976,0.21338587,0.333077,0.6487351
4163,0.10933525,0.17431763,0.2773473,0.6696506
4164,0.067432754,0.15459199,0.26226887,0.69467187
4165,0.102799974,0.07452793,0.25803345,0.6799664
4166,0.07319887,0.069326505,0.18693608,0.6740029
4167,0.10182034,0.14305016,0.31003135,0.68992406
4168,0.11275697,0.17808478,0.5093429,0.5965028
4169,0.39823353,0.60775566,0.64701486,0.71081054
4170,0.41123843,0.49392265,0.24542144,0.57822764
4171,0.46661717,0.39345357,0.35361126,0.6686701
4172,0.37398732,0.23098932,0.37820512,0.7003799
4173,0.2628173,0.0898125,0.34425515,0.7461797
4174,0.21398643,0.04201211,0.2890163,0.7282456
4175,0.19850777,0.037408948,0.2525686,0.7523868
4176,0.19792362,0.034428824,0.22872591,0.7750883
4177,0.20089033,0.042780876,0.21846172,0.75821066
4178,0.20388766,0.0527305,0.23938963,0.6904782
4179,0.20389794,0.053348586,0.25090748,0.76252687
4180,0.20183715,0.0720108,0.22398072,0.72301435
4181,0.20357049,0.07112916,0.19858009,0.69966215
4182,0.20258011,0.06437874,0.17177808,0.7294696
4183,0.2039949,0.08122531,0.17870289,0.72183836
4184,0.2025101,0.06467809,0.18310595,0.70971596
4185,0.20136192,0.072137296,0.18268639,0.72985196
4186,0.20183319,0.07304694,0.22114453,0.7041901
4187,0.20226899,0.06113912,0.2835159,0.6585837
4188,0.1997568,0.086257875,0.31087065,0.5723212
4189,0.19678408,0.08500162,0.31117517,0.56593204
4190,0.19196467,0.08797069,0.30835065,0.5671941
4191,0.19136155,0.08962809,0.31359962,0.52142006
4192,0.19526522,0.09274891,0.3189529,0.4136398
4193,0.1993432,0.09625478,0.33948272,0.37424475
4194,0.1990716,0.11050541,0.34812468,0.35470682
4195,0.19262004,0.10678168,0.34704512,0.41216424
4196,0.18817732,0.10672933,0.33310422,0.37512112
4197,0.18546163,0.107814014,0.3162048,0.4412373
4198,0.18354116,0.1059271,0.30200145,0.44358727
4199,0.18511532,0.113532595,0.27833724,0.3405752
4200,0.1969766,0.089396626,0.32225785,0.43470272
4201,0.2077334,0.18122569,0.39521718,0.4558471
4202,0.34076118,0.58447695,0.24968368,0.55703306
4203,0.53167504,0.44585788,0.52074564,0.7263
4204,0.18582696,0.3837253,0.5075133,0.76747805
4205,0.1871356,0.17637582,0.47723424,0.69816715
4206,0.31925237,0.46933857,0.32693818,0.6849045
4207,0.23118722,0.09300164,0.49971175,0.6513435
4208,0.31721073,0.3943955,0.36978027,0.70250046
4209,0.24603778,0.047522813,0.4389992,0.6544728
4210,0.24544437,0.050562058,0.32476157,0.61801434
4211,0.4012482,0.4915472,0.26583487,0.55220103
4212,0.49908793,0.67190117,0.5107112,0.6622083
4213,0.15156582,0.30949697,0.5368367,0.70966476
4214,0.23787613,0.30533648,0.54434466,0.7865832
4215,0.37202957,0.39836538,0.39220688,0.70956135
4216,0.34191748,0.33146408,0.29259926,0.7322844
4217,0.49478853,0.6188548,0.35441655,0.65929246
4218,0.29827064,0.40019542,0.16071934,0.6204664
4219,0.4127718,0.5680736,0.23922324,0.7603727
4220,0.23216343,0.19610682,0.24802935,0.69815886
4221,0.21285163,0.16412012,0.24043602,0.7655946
4222,0.19158764,0.17762464,0.30438334,0.74960446
4223,0.333125,0.4305385,0.4812807,0.70432234
4224,0.2631033,0.30603737,0.45906726,0.66716135
4225,0.2222901,0.18517718,0.33175063,0.64777994
4226,0.27342477,0.30069336,0.3780221,0.70131165
4227,0.1723181,0.14338742,0.35335875,0.67434573
4228,0.38314632,0.6260345,0.51916826,0.8228773
4229,0.29699665,0.6244908,0.5490957,0.8456511
4230,0.32297927,0.5718365,0.58829993,0.71182215
4231,0.26131743,0.44645965,0.52886206,0.72124755
4232,0.25607312,0.16647953,0.3783525,0.75737894
4233,0.21570158,0.13507402,0.36097425,0.7412839
4234,0.15141538,0.16734108,0.4411268,0.77696043
4235,0.26858282,0.22463901,0.47622156,0.78609306
4236,0.29360154,0.56081975,0.55453926,0.7632275
4237,0.33665124,0.5663463,0.466599,0.7724828
4238,0.31004807,0.48807463,0.500523,0.8391891
4239,0.10358537,0.23159915,0.45958215,0.7878244
4240,0.118020646,0.12721615,0.37630308,0.72562546
4241,0.17252044,0.12632367,0.36837918,0.67531264
4242,0.1589083,0.10341229,0.3576678,0.6343783
4243,0.1289891,0.09563195,0.3619852,0.6316832
4244,0.114088565,0.0898954,0.37070072,0.6474982
4245,0.10057869,0.09446054,0.35914087,0.6726961
4246,0.06884046,0.1146135,0.33550328,0.6351695
4247,0.05906012,0.09181361,0.39850688,0.6741078
4248,0.1208536,0.09411932,0.5301819,0.7335517
4249,0.08390258,0.2517581,0.4480097,0.66721296
4250,0.23049977,0.46891978,0.55881536,0.6636677
4251,0.42872822,0.42944846,0.5625147,0.5515583
4252,0.2135044,0.107318625,0.5524406,0.67372
4253,0.32592183,0.35813388,0.35243624,0.42968416
4254,0.3888619,0.33076724,0.4227227,0.67602473
4255,0.44470853,0.42380506,0.5515896,0.8057799
4256,0.2626266,0.37291226,0.548574,0.7126535
4257,0.44645655,0.5048617,0.66366553,0.84645313
4258,0.35146755,0.4945045,0.50899005,0.65555835
4259,0.40133005,0.41055483,0.6933507,0.8660339
4260,0.2419703,0.32443362,0.58600974,0.7507849
4261,0.3949267,0.57801473,0.6422715,0.67353857
4262,0.22093625,0.35708705,0.6397673,0.83919823
4263,0.15862747,0.10428397,0.5332966,0.9577461
4264,0.17220193,0.13283457,0.481847,0.9438821
4265,0.2003657,0.30801386,0.65858877,0.86344135
4266,0.33779198,0.5112303,0.5242027,0.89359736
4267,0.5324934,0.6696339,0.7321042,0.96678615
4268,0.5249825,0.48196912,0.5063783,0.8315102
4269,0.11459732,0.04018661,0.4565103,0.76537526
4270,0.109923184,0.16679336,0.33420187,0.809791
4271,0.10559778,0.20952044,0.33170196,0.7154826
4272,0.10929623,0.24725737,0.38752383,0.6749523
4273,0.108389735,0.31663942,0.39067137,0.6654191
4274,0.12088655,0.28900185,0.4178679,0.627396
4275,0.14155169,0.27168554,0.41289347,0.6000333
4276,0.14462471,0.27488238,0.36775038,0.5313605
4277,0.1619816,0.27010345,0.3071502,0.46158066
4278,0.081861995,0.09747572,0.2996946,0.5063721
4279,0.042819854,0.15399966,0.2572398,0.38119757
4280,0.3169769,0.38063866,0.25916958,0.27016464
4281,0.43293926,0.5311996,0.2554433,0.50887114
4282,0.42631173,0.49556005,0.38899875,0.86525625
4283,0.40365648,0.31310162,0.3585794,0.829812
4284,0.33890402,0.30497584,0.54928684,0.79615414
4285,0.3545645,0.35777092,0.5222831,0.77660453
4286,0.47774947,0.62539095,0.5426794,0.80417764
4287,0.37085146,0.49273694,0.5606861,0.65366423
4288,0.32871148,0.3405738,0.36778527,0.75929314
4289,0.33685243,0.31155503,0.31907564,0.72703177
4290,0.39724818,0.37066188,0.21457544,0.66928387
4291,0.26968884,0.45664063,0.25202638,0.6793753
4292,0.33028585,0.46765077,0.20993885,0.45617285
4293,0.4948374,0.6538929,0.37544635,0.63874567
4294,0.17061767,0.32705146,0.26744068,0.6754014
4295,0.2482715,0.18309121,0.45287332,0.7059705
4296,0.23480065,0.26981485,0.4427996,0.66577154
4297,0.24538082,0.2828439,0.42346507,0.64649105
4298,0.24100432,0.39481145,0.41716915,0.5430243
4299,0.2053862,0.2232478,0.20395535,0.6481641
4300,0.22159605,0.1701547,0.19360971,0.60248184
4301,0.27002698,0.31720984,0.14547753,0.6638783
4302,0.32390854,0.3506677,0.41015127,0.7504413
4303,0.26006255,0.17726241,0.49371535,0.7324296
4304,0.4111693,0.55684936,0.43289346,0.7085588
4305,0.3470123,0.6690725,0.31798565,0.85838294
4306,0.31600064,0.6215892,0.44783887,0.79382485
4307,0.14436561,0.39122203,0.25965428,0.80683625
4308,0.24359162,0.37191337,0.29695514,0.7676623
4309,0.30903956,0.32476616,0.606735,0.68004787
4310,0.24503145,0.23835704,0.47157776,0.7301905
4311,0.19579208,0.14747077,0.43287915,0.7429606
4312,0.15903832,0.12486214,0.5541644,0.7540741
4313,0.25382125,0.2613727,0.6110035,0.85009015
4314,0.3654019,0.64306355,0.54386914,0.81332105
4315,0.3378998,0.59498096,0.6136713,0.81355244
4316,0.18840688,0.35692164,0.54714245,0.80631447
4317,0.13311794,0.15572803,0.42974114,0.7349193
4318,0.14845009,0.13128176,0.39459097,0.65912616
4319,0.18584466,0.17258926,0.4084155,0.5847732
4320,0.13786702,0.10233924,0.3777268,0.6100521
4321,0.12624781,0.09008919,0.3662567,0.6196085
4322,0.114968866,0.10769369,0.32621205,0.6581892
4323,0.09188711,0.09908317,0.36802322,0.686525
4324,0.067227766,0.10144468,0.39379734,0.77260846
4325,0.109245084,0.16437419,0.40394956,0.7086958
4326,0.10016107,0.15449904,0.40017664,0.6979529
4327,0.11081327,0.1340938,0.4602265,0.74306273
4328,0.09412442,0.10075683,0.55756485,0.7266626
4329,0.12429729,0.112813465,0.6607233,0.7316357
4330,0.2780629,0.2602561,0.60461044,0.7185223
4331,0.43928617,0.557896,0.36797974,0.50929576
4332,0.46296883,0.59161407,0.49173373,0.85694975
4333,0.20769852,0.25331193,0.54529136,0.7389177
4334,0.24715452,0.3133591,0.5586316,0.7422222
4335,0.41113284,0.6721709,0.56480646,0.7012105
4336,0.29267976,0.4190148,0.9653499,0.952031
4337,0.21013764,0.17956088,0.8264531,0.9201897
4338,0.31175655,0.2656473,0.73307014,0.85347587
4339,0.2650593,0.18847263,0.43526512,0.87266225
4340,0.5103754,0.6454817,0.6500473,0.7635623
4341,0.41027462,0.55270225,0.34726423,0.7637246
4342,0.4974064,0.5310644,0.53451145,0.58523464
4343,0.41629532,0.50179374,0.22726977,0.49681512
4344,0.4114256,0.5104128,0.49333984,0.6049822
4345,0.15292561,0.113387115,0.37394476,0.614129
4346,0.33101746,0.38543066,0.35516617,0.72401655
4347,0.18063147,0.23736441,0.4022145,0.7259245
4348,0.15636519,0.16353394,0.45515472,0.7211164
4349,0.13557835,0.07303226,0.41708153,0.76532304
4350,0.13835083,0.06797184,0.39870256,0.77370214
4351,0.13089228,0.06678135,0.39622968,0.75525546
4352,0.12659876,0.059220403,0.37053275,0.730445
4353,0.123302884,0.07429727,0.36207324,0.7535068
4354,0.12171398,0.07135771,0.3479731,0.7281357
4355,0.12167943,0.07161725,0.32131904,0.76983255
4356,0.12566106,0.07489879,0.31545943,0.7659285
4357,0.14915702,0.1364245,0.35694575,0.7523094
4358,0.28937417,0.5848208,0.45807064,0.7222971
4359,0.196857,0.23021592,0.43526292,0.9403527
4360,0.28227657,0.37604305,0.55161214,0.9196991
4361,0.24359134,0.28324127,0.3456942,0.6643231
4362,0.24681185,0.26569524,0.34041756,0.6379914
4363,0.37193266,0.6115069,0.259768,0.6560815
4364,0.39875257,0.52137667,0.49517465,0.78163016
4365,0.4308439,0.59907466,0.16296703,0.83950305
4366,0.08788511,0.26384,0.20099136,0.75790215
4367,0.3546669,0.30448085,0.23405409,0.6347857
4368,0.23748684,0.31309763,0.22513957,0.47928384
4369,0.34496334,0.38510898,0.2618354,0.5797509
4370,0.3599925,0.34467465,0.40100923,0.5414922
4371,0.37974423,0.58630866,0.4111214,0.6617196
4372,0.3261189,0.33812648,0.40398356,0.6497599
4373,0.23249115,0.21398059,0.29753524,0.65566945
4374,0.1972308,0.1718771,0.33946556,0.6535022
4375,0.24092075,0.27422166,0.4223075,0.6537347
4376,0.26357377,0.41942888,0.525547,0.72829694
4377,0.35121772,0.5822789,0.39310896,0.7683014
4378,0.25449824,0.6122833,0.45271987,0.89195836
4379,0.3354613,0.5638863,0.5804862,0.8833157
4380,0.28057453,0.45619792,0.3993818,0.72434944
4381,0.28534204,0.24496517,0.38472837,0.74177825
4382,0.21887514,0.17737553,0.58202016,0.6872254
4383,0.3138314,0.28731406,0.5438154,0.7958814
4384,0.3429592,0.63951147,0.49174762,0.76301014
4385,0.35236996,0.61580676,0.5812223,0.84098023
4386,0.2614128,0.42441198,0.52445775,0.83324385
4387,0.12820478,0.13927433,0.4465105,0.7784686
4388,0.17171133,0.11958679,0.392658,0.8208406
4389,0.19320767,0.14985469,0.36504936,0.7235882
4390,0.17355506,0.11715977,0.3826917,0.67061937
4391,0.19832374,0.16302711,0.44201523,0.6236459
4392,0.1171361,0.106721096,0.3517969,0.6911324
4393,0.10595931,0.09274967,0.31373364,0.7322939
4394,0.09948913,0.095017314,0.35541564,0.75027215
4395,0.0854878,0.10863139,0.3955211,0.75948906
4396,0.14800964,0.15797812,0.45742148,0.7042507
4397,0.11975636,0.13853303,0.45200843,0.80297637
4398,0.14653791,0.11370731,0.47401822,0.7489015
4399,0.13368678,0.11873753,0.53758824,0.75162876
4400,0.23173295,0.21056497,0.71713734,0.68814695
4401,0.28808892,0.26531577,0.6326592,0.6145601
4402,0.39628226,0.42650858,0.40335178,0.6391296
4403,0.3855977,0.3922316,0.44744495,0.6610862
4404,0.19725126,0.28720352,0.4975038,0.8376664
4405,0.27432394,0.35717875,0.4749014,0.74115884
4406,0.30419517,0.49648544,0.46155065,0.723656
4407,0.32758868,0.535031,0.57026315,0.6739633
4408,0.15625866,0.08608277,0.58349013,0.8629241
4409,0.21905774,0.38882878,0.6733829,0.8751164
4410,0.19888246,0.20554663,0.55877364,0.8128663
4411,0.30293515,0.29230562,0.49295592,0.7702261
4412,0.42896953,0.69152683,0.44838688,0.9269646
4413,0.4183156,0.58965516,0.35825837,0.8793605
4414,0.4725352,0.5621043,0.29654974,0.79861677
4415,0.17582902,0.17852306,0.3639517,0.77459216
4416,0.2690767,0.42431813,0.33659506,0.8222932
4417,0.27955842,0.24612808,0.31270483,0.7939104
4418,0.16379577,0.17096278,0.32266885,0.8124329
4419,0.091472216,0.22026381,0.34289813,0.82154673
4420,0.08458897,0.22503187,0.29576075,0.7722891
4421,0.09371844,0.1979147,0.23119712,0.72335434
4422,0.08352695,0.19904958,0.23413599,0.7746189
4423,0.07719217,0.20301099,0.24084765,0.71743
4424,0.29208052,0.4017901,0.34391373,0.6996989
4425,0.057759732,0.19034168,0.4623335,0.8061795
4426,0.25911576,0.12146767,0.62176394,0.8358275
4427,0.21585454,0.060862266,0.5581267,0.8710587
4428,0.37820897,0.2111024,0.71658295,0.8449296
4429,0.3124516,0.47395933,0.6120235,0.681284
4430,0.3504726,0.5346557,0.20806757,0.52364445
4431,0.4230488,0.47524598,0.37720793,0.46949518
4432,0.45861894,0.4386729,0.57903934,0.88363904
4433,0.37997663,0.39543116,0.5065181,0.9105259
4434,0.2823937,0.27605835,0.42598936,0.7852137
4435,0.23450653,0.06852993,0.24289644,0.653888
4436,0.22409405,0.21825305,0.2363401,0.68187153
4437,0.2035137,0.24735112,0.19159321,0.44298893
4438,0.33353764,0.30784962,0.35351834,0.5743606
4439,0.27525717,0.20380206,0.27711326,0.62251824
4440,0.18894549,0.11392042,0.27998364,0.6446803
4441,0.15917858,0.20911215,0.27368432,0.642784
4442,0.40625963,0.46206588,0.41421235,0.6803643
4443,0.36653215,0.5802689,0.50523883,0.79630625
4444,0.3641796,0.47148865,0.40747777,0.68350744
4445,0.34666988,0.4080306,0.3810618,0.6272926
4446,0.37667224,0.42944837,0.4120395,0.75913066
4447,0.2887299,0.32048732,0.34038624,0.784686
4448,0.21984848,0.21162125,0.4514262,0.65834475
4449,0.41459984,0.5832585,0.31988,0.61408204
4450,0.48543054,0.6249661,0.35431427,0.6342039
4451,0.24866009,0.30648538,0.15267022,0.5408375
4452,0.39404166,0.5425266,0.26785603,0.52664447
4453,0.09292158,0.1987614,0.34488449,0.475761
4454,0.21911627,0.23390159,0.49740016,0.7646472
4455,0.14321762,0.23719633,0.5610358,0.8310249
4456,0.13189338,0.15877773,0.5727004,0.868325
4457,0.17180423,0.1421811,0.4749298,0.7127107
4458,0.20266323,0.20714426,0.36478275,0.7039515
4459,0.28418556,0.32555568,0.4174813,0.7218305
4460,0.23222005,0.48650447,0.43518853,0.71877736
4461,0.39384398,0.6468522,0.39787373,0.85121244
4462,0.31409767,0.65062517,0.6438128,1.0035272
4463,0.33520773,0.57281697,0.54840076,0.76114655
4464,0.41162091,0.4703422,0.4548089,0.8022809
4465,0.18120307,0.21625209,0.39649028,0.7989049
4466,0.33699125,0.3469552,0.6181253,0.7511557
4467,0.27031714,0.46681532,0.63350904,0.7227025
4468,0.33701214,0.63810784,0.46150333,0.8627406
4469,0.34222335,0.57596123,0.5773839,0.83631694
4470,0.13151202,0.28223288,0.42263588,0.75251865
4471,0.13910657,0.19999376,0.38459897,0.6661395
4472,0.20458604,0.10376062,0.38610983,0.66332674
4473,0.19673742,0.11279308,0.39719486,0.6451334
4474,0.2573188,0.25769192,0.4034209,0.57748175
4475,0.22212486,0.21106875,0.45285136,0.6366551
4476,0.10454154,0.07978375,0.3552716,0.77647364
4477,0.09722115,0.11961736,0.40500963,0.77740943
4478,0.08585887,0.10325675,0.431863,0.76653874
4479,0.10098912,0.10581227,0.44111246,0.73856306
4480,0.13879804,0.14925358,0.49732977,0.7421623
4481,0.12209532,0.12584493,0.4281537,0.7459991
4482,0.13858424,0.10712374,0.54290915,0.7357507
4483,0.16688068,0.13401343,0.69839966,0.7752235
4484,0.25644913,0.23320824,0.7051003,0.74068636
4485,0.31803113,0.33653384,0.53899735,0.59592134
4486,0.40511084,0.45930323,0.26200932,0.6956742
4487,0.10223892,0.092746146,0.47345525,0.8251018
4488,0.25576767,0.18774967,0.5199338,0.7524351
4489,0.24458547,0.3925092,0.5424601,0.80781454
4490,0.39607525,0.60713696,0.5117985,0.7649225
4491,0.29120606,0.2746951,0.633231,0.78271616
4492,0.2272439,0.395212,0.6997175,0.9215055
4493,0.21535957,0.21262045,0.5732464,0.75373566
4494,0.24748987,0.256928,0.5284264,0.72383916
4495,0.44038182,0.7042983,0.5071044,0.99277455
4496,0.5137883,0.64660835,0.51210195,0.92321116
4497,0.41863984,0.43076593,0.45653132,0.8589618
4498,0.41345215,0.391922,0.3574159,0.84026426
4499,0.32071963,0.23878834,0.3208897,0.8358806
4500,0.20367278,0.31740838,0.33293355,0.86000735
4501,0.44090948,0.43482804,0.43707106,0.8875545
4502,0.25234577,0.26970795,0.35484067,0.7262761
4503,0.11527228,0.22440067,0.37583935,0.7604776
4504,0.13490313,0.20245552,0.3824647,0.78162307
4505,0.14603552,0.17865595,0.3471613,0.73494864
4506,0.1498064,0.1802664,0.30166233,0.6921034
4507,0.15105452,0.17570582,0.3110783,0.6855463
4508,0.33525282,0.34621033,0.253336,0.63343704
4509,0.10613186,0.06430107,0.3015854,0.7296921
4510,0.18573436,0.25899395,0.27112454,0.74153316
4511,0.08281364,0.07033317,0.37937447,0.7500891
4512,0.09970293,0.054014556,0.38649127,0.7957045
4513,0.1145386,0.03832735,0.44806638,0.9548133
4514,0.07822571,0.14132765,0.55242246,0.95816904
4515,0.37129915,0.47806716,0.52351135,0.8682221
4516,0.24604681,0.5133178,0.4978211,0.83240014
4517,0.46182528,0.5418535,0.26317966,0.6890538
4518,0.47241402,0.448674,0.52295995,0.89197856
4519,0.38874203,0.3454739,0.4132791,0.7311311
4520,0.34553674,0.29538012,0.3716027,0.86955595
4521,0.2709291,0.19459653,0.4330245,0.73965126
4522,0.20651361,0.12427591,0.39994317,0.69759345
4523,0.17973691,0.079260975,0.34844622,0.7379904
4524,0.17485087,0.05138139,0.30641213,0.7174093
4525,0.17365405,0.043767765,0.29161677,0.7473198
4526,0.17686862,0.06702424,0.25751367,0.7389699
4527,0.18577632,0.04665881,0.24294108,0.6222819
4528,0.18857567,0.07957049,0.26093137,0.5924872
4529,0.22280599,0.4267158,0.2634827,0.5966749
4530,0.31031337,0.5463526,0.32060742,0.68971753
4531,0.19492039,0.22646175,0.63003284,0.86698496
4532,0.32780182,0.37676546,0.35688978,0.7442265
4533,0.29301134,0.2578488,0.38895908,0.7103628
4534,0.33420002,0.5673971,0.3116567,0.62711287
4535,0.26031452,0.4347801,0.28086075,0.6198759
4536,0.46530217,0.63768333,0.29478395,0.73915815
4537,0.16162977,0.27959156,0.30120656,0.6200429
4538,0.360651,0.28933018,0.27739555,0.5358739
4539,0.26782835,0.23812307,0.2469796,0.45883653
4540,0.33942714,0.26811028,0.32163644,0.5800549
4541,0.28635427,0.26827922,0.234788,0.53094304
4542,0.31126812,0.329557,0.24074939,0.5427204
4543,0.20362122,0.18291633,0.11737448,0.5279927
4544,0.19237824,0.1273074,0.16651863,0.61959153
4545,0.18049671,0.21460451,0.17430711,0.6681142
4546,0.2845684,0.31698903,0.28244895,0.7006957
4547,0.22260652,0.09786579,0.57996875,0.69038475
4548,0.14947662,0.31600446,0.36611092,0.7412783
4549,0.2740013,0.6620269,0.41524115,0.90411943
4550,0.28410912,0.61070234,0.37897506,0.82071614
4551,0.35833555,0.592232,0.3737604,0.7979694
4552,0.17794916,0.2590763,0.24877143,0.77155626
4553,0.26133484,0.32148463,0.5111178,0.70667565
4554,0.32194498,0.36735964,0.50293094,0.6925837
4555,0.2588114,0.24729511,0.6045195,0.73454297
4556,0.21246126,0.1862408,0.58334404,0.7122667
4557,0.24126215,0.12346135,0.603758,0.7353773
4558,0.23608795,0.110638365,0.5286292,0.73371863
4559,0.20655154,0.098811366,0.46897283,0.6924281
4560,0.1514415,0.16653574,0.5114349,0.70704603
4561,0.15401104,0.1213039,0.37490624,0.74348605
4562,0.2537528,0.23609078,0.4375223,0.72943664
4563,0.37419924,0.6411868,0.5017186,0.7912885
4564,0.3370835,0.57995754,0.67838395,0.79419905
4565,0.20670961,0.34186602,0.43693417,0.6647668
4566,0.11388765,0.11345078,0.36520898,0.6991515
4567,0.22081834,0.1969441,0.5342714,0.65116537
4568,0.24100778,0.20537683,0.71791095,0.6999115
4569,0.12372927,0.12519988,0.5296898,0.7638938
4570,0.18112764,0.11851033,0.79392743,0.78917366
4571,0.11354411,0.102664925,0.6132097,0.73922884
4572,0.09490491,0.101656474,0.65227115,0.80663013
4573,0.20245875,0.17570336,0.8443127,0.8330692
4574,0.24214947,0.20062098,0.79763985,0.7239421
4575,0.27689734,0.28107834,0.62849677,0.5554605
4576,0.2055251,0.17733562,0.26102245,0.6368046
4577,0.10989397,0.10640147,0.21910119,0.51996255
4578,0.0810121,0.054005567,0.2644283,0.53462946
4579,0.07536498,0.03951478,0.30143455,0.5334146
4580,0.07107561,0.034707062,0.3480571,0.555617
4581,0.06632431,0.042522494,0.40196216,0.5929073
4582,0.062529586,0.03856108,0.43482172,0.571282
4583,0.08290155,0.033674486,0.41599238,0.613702
4584,0.089224085,0.023554849,0.38101572,0.6045038
4585,0.2668922,0.28069237,0.37077987,0.67489076
4586,0.3888722,0.60768425,0.44087902,0.7144338
4587,0.27196622,0.46943772,0.5245607,0.76960474
4588,0.2945598,0.29923686,0.42252332,0.65929985
4589,0.39007205,0.49016437,0.63410354,0.7604586
4590,0.2839268,0.21815047,0.5531344,0.75501174
4591,0.39355242,0.5720769,0.5361871,0.91547704
4592,0.42377195,0.51492655,0.38156304,0.8822546
4593,0.29766265,0.2575926,0.2422468,0.9073481
4594,0.12078049,0.0369911,0.284234,0.82261693
4595,0.12918288,0.14543362,0.30751407,0.7475969
4596,0.12669247,0.21203242,0.3434165,0.7329762
4597,0.12713547,0.24293177,0.35519665,0.70485497
4598,0.13499677,0.22787414,0.33295733,0.7276644
4599,0.1416885,0.19676983,0.34488678,0.68382883
4600,0.14128458,0.18757877,0.36563718,0.668113
4601,0.12471793,0.19280227,0.35640407,0.6670086
4602,0.12937956,0.22800887,0.39647046,0.6416104
4603,0.15245827,0.10596162,0.5132816,0.7681023
4604,0.18740591,0.14863893,0.51963747,0.7708889
4605,0.103440575,0.07719967,0.51212865,0.7687026
4606,0.13331136,0.1449289,0.47550756,0.6952493
4607,0.30530974,0.39330822,0.5205443,0.7021279
4608,0.40095937,0.59907407,0.5129037,0.68326944
4609,0.40711218,0.5125352,0.42539266,0.7006042
4610,0.523994,0.41928372,0.3746277,0.830557
4611,0.41920114,0.25598773,0.3820848,0.8181046
4612,0.28912905,0.13443398,0.36067736,0.8077396
4613,0.22250779,0.06644832,0.30840987,0.7058511
4614,0.20069507,0.03795184,0.27158242,0.78087854
4615,0.1971178,0.04928283,0.24233615,0.7803649
4616,0.19647624,0.046607465,0.24772981,0.760974
4617,0.19168845,0.048711024,0.24267635,0.7105298
4618,0.19050917,0.04728816,0.21739694,0.7438381
4619,0.18686241,0.07429774,0.19267297,0.7076961
4620,0.1881851,0.049372934,0.19731098,0.7464065
4621,0.19187157,0.07562982,0.19747883,0.71830297
4622,0.19145653,0.06889745,0.21373263,0.6894871
4623,0.19069557,0.070521355,0.27667245,0.6564092
4624,0.19159794,0.076201186,0.32211944,0.62977374
4625,0.19268489,0.069574445,0.3141502,0.57262003
4626,0.1928839,0.07975924,0.29552114,0.56876093
4627,0.19574815,0.093435,0.28909308,0.510848
4628,0.1999414,0.09925567,0.2842086,0.38191068
4629,0.20434834,0.10294826,0.27452883,0.4412365
4630,0.19563654,0.104687676,0.25050914,0.3997361
4631,0.19187284,0.084336646,0.22662374,0.36404926
4632,0.18806304,0.10171552,0.22375852,0.40553778
4633,0.18990092,0.10292186,0.23457962,0.3172292
4634,0.22842154,0.094814345,0.3307348,0.37740284
4635,0.19613026,0.4795388,0.38326922,0.4231927
4636,0.38451347,0.6031705,0.4658341,0.752607
4637,0.23300834,0.24715477,0.44858307,0.6981457
4638,0.197889,0.2169443,0.538311,0.70537794
4639,0.2100231,0.1835534,0.48932338,0.65371346
4640,0.30596912,0.34925592,0.33648065,0.69341946
4641,0.2431528,0.046161696,0.29897976,0.65875983
4642,0.2300786,0.14137954,0.16541374,0.6693959
4643,0.467417,0.58018464,0.18823722,0.63735545
4644,0.36522752,0.4127931,0.42901286,0.71187764
4645,0.45616657,0.39365262,0.44165105,0.7661562
4646,0.2594241,0.19450325,0.30451557,0.54091835
4647,0.51111627,0.4628674,0.26922548,0.6284442
4648,0.36630794,0.33702597,0.2804628,0.6076356
4649,0.5748346,0.5570519,0.54663837,0.65249985
4650,0.35184282,0.39703596,0.5611813,0.60296464
4651,0.2973541,0.221409,0.34347552,0.5887048
4652,0.5127914,0.53731316,0.555971,0.6265384
4653,0.41914782,0.42890283,0.7512841,0.6324303
4654,0.21372852,0.15583856,0.5885049,0.6362052
4655,0.16958788,0.10835687,0.40136358,0.68019927
4656,0.20278966,0.090513095,0.17786023,0.58784544
4657,0.19790064,0.18436396,0.18169498,0.65634
4658,0.27363884,0.30047143,0.36056775,0.7526816
4659,0.16980122,0.092579104,0.5974533,0.7060841
4660,0.39524934,0.6287004,0.55212355,0.980282
4661,0.28313413,0.65788436,0.31317744,0.77197075
4662,0.26237738,0.582541,0.62012744,0.8252213
4663,0.15281573,0.3681607,0.5384233,0.7707185
4664,0.15998882,0.13563114,0.38338012,0.6925185
4665,0.14885578,0.07385135,0.36466312,0.7607943
4666,0.20808601,0.07984628,0.4100892,0.74403596
4667,0.12651277,0.13111264,0.47545105,0.7279905
4668,0.24526474,0.22090638,0.5120706,0.8864152
4669,0.28856647,0.5565783,0.5968914,0.80963695
4670,0.32959807,0.5695977,0.51177907,0.82933885
4671,0.29440978,0.50119096,0.60844296,0.81272894
4672,0.12847722,0.22660878,0.50623035,0.76679015
4673,0.26540563,0.2733313,0.38731933,0.69974697
4674,0.1376546,0.09352212,0.33783853,0.70823705
4675,0.12781022,0.114701696,0.34479415,0.6536794
4676,0.12996921,0.08021079,0.34363747,0.6635874
4677,0.12423602,0.08637031,0.3428321,0.62377787
4678,0.114136286,0.08847654,0.31693828,0.5872741
4679,0.09924974,0.08570871,0.2774843,0.6038761
4680,0.15216018,0.21006,0.30037272,0.682321
4681,0.16627872,0.19649288,0.4104342,0.7136093
4682,0.1933114,0.17530444,0.5502335,0.73614526
4683,0.2597468,0.49596086,0.5770997,0.7628665
4684,0.3850749,0.5970615,0.5056205,0.6249701
4685,0.15430097,0.21746889,0.47684112,0.7515279
4686,0.092272975,0.14474022,0.5172224,0.886749
4687,0.50412065,0.5270017,0.5238977,0.8437793
4688,0.38857144,0.3557228,0.94142246,1.1328495
4689,0.44157687,0.56725967,0.96731293,0.9101988
4690,0.45303527,0.5145188,0.8602,0.8601984
4691,0.3222573,0.6399641,0.6792165,0.76528543
4692,0.31595483,0.5928211,0.7056387,0.8581898
4693,0.44930488,0.48362005,0.77138585,0.87112135
4694,0.28176796,0.1954684,0.6795916,0.8722853
4695,0.33390838,0.36081666,0.77850616,0.8744202
4696,0.23304221,0.24036986,0.48033738,0.8167736
4697,0.2627478,0.15743214,0.44597095,0.8148647
4698,0.14050011,0.093387984,0.5177682,0.7013174
4699,0.13764744,0.15466706,0.57396233,0.65080273
4700,0.15008378,0.12648475,0.46397087,0.60582316
4701,0.13759732,0.051794406,0.28987318,0.5706177
4702,0.12740108,0.16223675,0.30254194,0.5365975
4703,0.22267237,0.53672963,0.48506665,0.60227025
4704,0.2614591,0.39388263,0.2993021,0.792743
4705,0.37852874,0.55161583,0.8213936,0.8995925
4706,0.20160049,0.29607806,0.5306635,0.7869369
4707,0.43606982,0.66992146,0.6069055,0.8164409
4708,0.39291117,0.5401548,0.2990384,1.0380558
4709,0.28967488,0.4456644,0.46313325,0.959492
4710,0.17034984,0.21790254,0.43029466,0.9349246
4711,0.121288724,0.1233169,0.3672104,0.9146309
4712,0.18089244,0.14315689,0.3905071,0.84282994
4713,0.19375268,0.18932761,0.4162709,0.79365176
4714,0.2576636,0.20347652,0.42559072,0.7438037
4715,0.28108612,0.22565715,0.43773523,0.71204054
4716,0.32224762,0.32159537,0.3901944,0.7510605
4717,0.2584506,0.5535735,0.3197366,0.80659515
4718,0.33963373,0.64187485,0.5296756,0.94955486
4719,0.35317528,0.5628684,0.5436752,0.94617206
4720,0.1557788,0.26743448,0.36682492,0.868685
4721,0.092796914,0.08178179,0.36602777,0.8695247
4722,0.12229253,0.05626277,0.47296962,0.82328534
4723,0.0929112,0.06892582,0.5528172,0.8768199
4724,0.34756914,0.14158803,0.6575115,0.9742503
4725,0.29271495,0.21717511,0.54202276,0.94263136
4726,0.45086032,0.5829044,0.6327378,0.7578096
4727,0.42539638,0.4511441,0.67518485,0.8145978
4728,0.37316653,0.30842775,0.727512,0.87664634
4729,0.31338084,0.36079472,0.6847187,0.90079844
4730,0.3122229,0.36420217,0.6037506,0.90540755
4731,0.3886858,0.67347115,0.49177575,0.8749509
4732,0.16291556,0.1878021,0.6079284,0.9082268
4733,0.17107284,0.11725715,0.59031427,0.89700985
4734,0.19475125,0.07066189,0.5845344,0.85550654
4735,0.20171936,0.0726048,0.565639,0.7986467
4736,0.20239778,0.09804335,0.5098773,0.7385205
4737,0.18006906,0.1067257,0.47165266,0.7018018
4738,0.18338826,0.11873053,0.43594402,0.68907917
4739,0.2247254,0.15040587,0.44304824,0.64753807
4740,0.28792295,0.37492347,0.8272674,0.71858037
4741,0.37004024,0.5803425,0.42173243,0.7573246
4742,0.3006062,0.5441605,0.41437954,0.63159764
4743,0.29384112,0.5286884,0.46243608,0.50207525
4744,0.32537097,0.52473485,0.13446197,0.6913471
4745,0.13154371,0.08901113,0.3253941,0.95318073
4746,0.13597028,0.09581055,0.27850455,0.9850025
4747,0.2513205,0.28330088,0.66826415,0.8014833
4748,0.25586835,0.37940818,0.49799436,0.841654
4749,0.43357196,0.5954309,0.2586158,0.84172285
4750,0.31589168,0.31754985,0.29895508,0.7119786
4751,0.11648269,0.05160124,0.32034323,0.6200798
4752,0.13298862,0.18499365,0.24111581,0.70415545
4753,0.13803841,0.27815357,0.19230872,0.6601588
4754,0.13187376,0.2544207,0.22949606,0.6018088
4755,0.121621855,0.19589138,0.32165337,0.5146948
4756,0.19882482,0.23564853,0.6086855,0.6179667
4757,0.2862769,0.44520432,0.7936942,0.6177957
4758,0.07746773,0.07933067,0.7094447,0.63841295
4759,0.29576752,0.36255834,0.67956674,0.6904633
4760,0.33010814,0.5106741,0.5231999,0.66322005
4761,0.46960616,0.5781941,0.26417118,0.54084206
4762,0.39159817,0.45041987,0.8141631,0.82878506
4763,0.4843839,0.580851,0.5318992,0.55608994
4764,0.44139558,0.6435002,0.5135221,0.78927374
4765,0.3531133,0.59200436,0.30478323,0.6444982
4766,0.49198988,0.6486474,0.46699798,0.6948581
4767,0.21456185,0.3958137,0.39443502,0.51421064
4768,0.4158762,0.514169,0.27902848,0.41195777
4769,0.40535638,0.5112586,0.31026998,0.4943175
4770,0.4338148,0.33165905,0.4632778,0.7451463
4771,0.37774152,0.23137203,0.6510769,0.818556
4772,0.3151362,0.23842186,0.5903166,0.8378465
4773,0.2478163,0.14348577,0.4009108,0.73539144
4774,0.19038352,0.113797106,0.3858238,0.7288162
4775,0.16449776,0.11155859,0.38544986,0.77570283
4776,0.4345135,0.5023213,0.4890415,0.7404262
4777,0.33403778,0.56095386,0.16847256,0.46033603
4778,0.3711037,0.4808661,0.2002646,0.36897776
4779,0.4852793,0.57368386,0.25672305,0.5862744
4780,0.16589507,0.21238802,0.51989007,0.6918541
4781,0.38502166,0.43164983,0.37090433,0.8070256
4782,0.4272172,0.5853674,0.3637938,0.68891406
4783,0.27992237,0.42118087,0.42660204,0.6609827
4784,0.5309578,0.6436176,0.41624457,0.67499876
4785,0.3015941,0.5634704,0.3206162,0.4648783
4786,0.50258076,0.6482902,0.38599432,0.57709205
4787,0.29327267,0.53471243,0.12306064,0.57983184
4788,0.5239817,0.6672038,0.36196843,0.5510608
4789,0.31733644,0.546065,0.34216258,0.7436793
4790,0.4821813,0.6554088,0.31227306,0.55604756
4791,0.17563474,0.2132506,0.3560484,0.627071
4792,0.24968967,0.35843503,0.3175645,0.60470974
4793,0.120021544,0.1214742,0.13841403,0.5784532
4794,0.18896489,0.12128001,0.16225779,0.6966423
4795,0.19196372,0.18359067,0.2781883,0.5876517
4796,0.3335557,0.4045125,0.5143888,0.7143872
4797,0.25251007,0.49097508,0.53654593,0.7562795
4798,0.37233946,0.62742996,0.50238305,0.6796267
4799,0.3268779,0.65002656,0.6034765,0.9121472
4800,0.3686614,0.5914839,0.57558036,0.8457819
